s2parent,s2token_15,date,hour,Type,SubType,N_Alerts,Road_Type,Reliability
2e68c263,2e68c2624,2020-09-29,17,{'JAM'},{'JAM_STAND_STILL_TRAFFIC'},32,{2},5.90625
2e68c263,2e68c2624,2020-10-08,16,{'JAM'},{'JAM_HEAVY_TRAFFIC'},18,{2},5.0
2e68c263,2e68c2624,2020-10-20,16,{'JAM'},{'JAM_HEAVY_TRAFFIC'},31,{2},5.0
2e68c263,2e68c2624,2020-11-09,17,{'JAM'},{'JAM_HEAVY_TRAFFIC'},31,{2},5.0
2e68c263,2e68c2624,2020-11-13,17,{'JAM'},{'JAM_HEAVY_TRAFFIC'},42,{2},5.380952380952381
2e68c263,2e68c262c,2020-10-27,15,{'WEATHERHAZARD'},{'HAZARD_WEATHER_HAIL'},33,{4},5.0
2e68c281,2e68c2814,2020-09-03,7,{'JAM'},{'JAM'},30,{2},5.0
2e68c281,2e68c2814,2020-09-05,18,{'JAM'},"{'JAM_MODERATE_TRAFFIC', 'JAM_HEAVY_TRAFFIC'}",117,{2},5.239316239316239
2e68c283,2e68c2824,2020-09-12,16,{'JAM'},{'JAM_STAND_STILL_TRAFFIC'},31,{2},5.0
2e68c285,2e68c284c,2020-09-11,19,{'JAM'},{'JAM'},8,{2},5.0
2e68c287,2e68c2874,2020-11-02,22,{'JAM'},{'JAM'},31,{1},5.0
2e68c28b,2e68c28a4,2020-09-29,17,{'JAM'},{'JAM_HEAVY_TRAFFIC'},31,{2},5.0
2e68c28b,2e68c28b4,2020-10-30,12,{'JAM'},{'JAM'},32,{1},5.0
2e68c28b,2e68c28bc,2020-10-17,13,{'JAM'},{'JAM_HEAVY_TRAFFIC'},32,{2},5.0
2e68c28b,2e68c28bc,2020-10-30,17,{'JAM'},{'JAM_STAND_STILL_TRAFFIC'},5,{2},5.0
2e68c28f,2e68c28fc,2020-09-01,14,{'JAM'},{'JAM_HEAVY_TRAFFIC'},32,{1},5.0
2e68c291,2e68c2914,2020-10-22,0,{'JAM'},{'JAM'},32,{1},5.0
2e68c291,2e68c291c,2020-10-20,17,{'JAM'},{'JAM'},6,{2},5.0
2e68c295,2e68c295c,2020-10-02,11,{'JAM'},{'JAM_HEAVY_TRAFFIC'},30,{2},5.0
2e68c295,2e68c295c,2020-11-07,14,{'JAM'},{'JAM_STAND_STILL_TRAFFIC'},27,{2},5.0
2e68c29b,2e68c29a4,2020-10-30,22,{'JAM'},{'JAM_HEAVY_TRAFFIC'},32,{1},5.0
2e68c29b,2e68c29ac,2020-11-04,20,{'WEATHERHAZARD'},{'WEATHERHAZARD'},30,{1},5.0
2e68c29d,2e68c29d4,2020-10-03,21,{'JAM'},{'JAM'},31,{1},5.0
2e68c29f,2e68c29e4,2020-09-06,19,{'JAM'},{'JAM_MODERATE_TRAFFIC'},33,{1},5.0
2e68c2a5,2e68c2a44,2020-10-21,18,{'JAM'},{'JAM'},6,{2},5.0
2e68c2a5,2e68c2a5c,2020-09-28,17,{'JAM'},{'JAM_HEAVY_TRAFFIC'},30,{6},7.0
2e68c2a5,2e68c2a5c,2020-10-24,17,{'JAM'},{'JAM_HEAVY_TRAFFIC'},11,{2},5.0
2e68c2a5,2e68c2a5c,2020-10-27,17,{'JAM'},{'JAM_MODERATE_TRAFFIC'},34,{6},5.0
2e68c2a5,2e68c2a5c,2020-11-02,17,{'JAM'},{'JAM_HEAVY_TRAFFIC'},31,{7},5.967741935483871
2e68c2a7,2e68c2a64,2020-09-01,17,{'JAM'},{'JAM_STAND_STILL_TRAFFIC'},34,{6},5.0
2e68c2a7,2e68c2a64,2020-09-05,13,{'JAM'},{'JAM_HEAVY_TRAFFIC'},28,{6},5.0
2e68c2a7,2e68c2a64,2020-09-07,16,{'JAM'},{'JAM_STAND_STILL_TRAFFIC'},30,{6},5.0
2e68c2a7,2e68c2a64,2020-09-15,17,{'JAM'},{'JAM_STAND_STILL_TRAFFIC'},30,{6},5.966666666666667
2e68c2a7,2e68c2a64,2020-09-23,13,{'JAM'},{'JAM_STAND_STILL_TRAFFIC'},33,{6},5.0
2e68c2a7,2e68c2a64,2020-09-28,17,{'JAM'},{'JAM_STAND_STILL_TRAFFIC'},32,{6},5.0
2e68c2a7,2e68c2a64,2020-10-01,17,{'JAM'},{'JAM_STAND_STILL_TRAFFIC'},31,{6},5.0
2e68c2a7,2e68c2a64,2020-10-05,16,{'JAM'},"{'JAM_STAND_STILL_TRAFFIC', 'JAM_HEAVY_TRAFFIC'}",60,{6},5.0
2e68c2a7,2e68c2a64,2020-10-07,7,{'JAM'},{'JAM_MODERATE_TRAFFIC'},33,{6},5.0
2e68c2a7,2e68c2a64,2020-10-09,14,{'JAM'},{'JAM_STAND_STILL_TRAFFIC'},31,{6},5.0
2e68c2a7,2e68c2a64,2020-10-10,16,{'JAM'},{'JAM_HEAVY_TRAFFIC'},32,{22},5.0
2e68c2a7,2e68c2a64,2020-10-11,17,{'WEATHERHAZARD'},{'HAZARD_ON_ROAD_OBJECT'},60,{7},5.0
2e68c2a7,2e68c2a64,2020-10-16,17,{'JAM'},{'JAM_STAND_STILL_TRAFFIC'},30,{6},5.966666666666667
2e68c2a7,2e68c2a64,2020-10-19,16,{'JAM'},{'JAM_STAND_STILL_TRAFFIC'},60,{6},7.016666666666667
2e68c2a7,2e68c2a64,2020-10-20,16,{'JAM'},{'JAM_STAND_STILL_TRAFFIC'},35,{6},5.0
2e68c2a7,2e68c2a64,2020-10-20,18,{'JAM'},{'JAM_STAND_STILL_TRAFFIC'},31,{6},5.0
2e68c2a7,2e68c2a64,2020-10-30,17,{'JAM'},{'JAM_STAND_STILL_TRAFFIC'},30,{6},5.0
2e68c2a7,2e68c2a64,2020-11-02,17,{'JAM'},{'JAM_STAND_STILL_TRAFFIC'},30,{6},5.0
2e68c2a7,2e68c2a64,2020-11-13,16,{'JAM'},{'JAM_STAND_STILL_TRAFFIC'},30,{6},5.0
2e68c2a7,2e68c2a6c,2020-09-19,17,{'JAM'},{'JAM'},34,{1},5.0
2e68c2a7,2e68c2a7c,2020-09-09,17,{'JAM'},{'JAM_HEAVY_TRAFFIC'},29,{6},5.0
2e68c2a7,2e68c2a7c,2020-09-22,19,{'JAM'},{'JAM_STAND_STILL_TRAFFIC'},30,{6},5.766666666666667
2e68c2a7,2e68c2a7c,2020-09-28,6,{'JAM'},{'JAM_HEAVY_TRAFFIC'},30,{6},5.0
2e68c2a7,2e68c2a7c,2020-09-28,7,"{'JAM', 'WEATHERHAZARD'}","{'HAZARD_ON_ROAD_CAR_STOPPED', 'JAM_HEAVY_TRAFFIC'}",61,{6},5.295081967213115
2e68c2a7,2e68c2a7c,2020-09-28,8,{'WEATHERHAZARD'},{'HAZARD_ON_ROAD_CAR_STOPPED'},36,{6},5.916666666666667
2e68c2a7,2e68c2a7c,2020-10-05,18,{'JAM'},{'JAM_MODERATE_TRAFFIC'},40,{6},5.425
2e68c2a7,2e68c2a7c,2020-10-07,11,{'WEATHERHAZARD'},{'HAZARD_ON_ROAD_CAR_STOPPED'},30,{7},5.9
2e68c2a7,2e68c2a7c,2020-10-19,18,{'JAM'},{'JAM_STAND_STILL_TRAFFIC'},47,{6},6.1063829787234045
2e68c2a7,2e68c2a7c,2020-10-22,19,{'JAM'},{'JAM_STAND_STILL_TRAFFIC'},36,{6},5.444444444444445
2e68c2a7,2e68c2a7c,2020-11-02,17,{'JAM'},{'JAM_HEAVY_TRAFFIC'},34,{6},5.5
2e68c2a7,2e68c2a7c,2020-11-02,18,{'JAM'},{'JAM_HEAVY_TRAFFIC'},32,{6},5.0
2e68c2a7,2e68c2a7c,2020-11-03,17,{'JAM'},{'JAM_STAND_STILL_TRAFFIC'},21,{7},5.0
2e68c2a7,2e68c2a7c,2020-11-05,6,{'JAM'},{'JAM_STAND_STILL_TRAFFIC'},43,{6},5.395348837209302
2e68c2a7,2e68c2a7c,2020-11-09,10,{'JAM'},{'JAM_STAND_STILL_TRAFFIC'},9,{6},5.0
2e68c2a9,2e68c2a84,2020-09-19,9,{'ACCIDENT'},{'ACCIDENT_MINOR'},118,{1},5.0
2e68c2ad,2e68c2ac4,2020-10-30,18,{'JAM'},"{'JAM_STAND_STILL_TRAFFIC', 'JAM_HEAVY_TRAFFIC'}",64,{2},5.5
2e68c2ad,2e68c2ac4,2020-11-12,11,{'JAM'},{'JAM_HEAVY_TRAFFIC'},5,{2},5.0
2e68c2ad,2e68c2adc,2020-10-24,14,{'JAM'},{'JAM_STAND_STILL_TRAFFIC'},6,{2},5.0
2e68c2ad,2e68c2adc,2020-10-30,18,{'JAM'},{'JAM_HEAVY_TRAFFIC'},61,{2},5.0
2e68c2af,2e68c2ae4,2020-10-14,15,{'JAM'},{'JAM_STAND_STILL_TRAFFIC'},31,{17},5.0
2e68c2af,2e68c2ae4,2020-10-24,11,{'JAM'},{'JAM_HEAVY_TRAFFIC'},32,{2},5.0
2e68c2b1,2e68c2b14,2020-10-11,17,{'WEATHERHAZARD'},{'HAZARD_ON_ROAD_CONSTRUCTION'},722,{1},5.0
2e68c2b3,2e68c2b24,2020-10-03,11,{'JAM'},{'JAM_STAND_STILL_TRAFFIC'},30,{2},5.0
2e68c2b3,2e68c2b2c,2020-10-12,9,{'JAM'},{'JAM'},30,{1},5.0
2e68c2b3,2e68c2b2c,2020-10-25,16,{'JAM'},{'JAM'},31,{1},5.0
2e68c2b5,2e68c2b4c,2020-10-20,7,{'JAM'},{'JAM_MODERATE_TRAFFIC'},30,{2},5.0
2e68c2b9,2e68c2b84,2020-09-22,18,"{'JAM', 'WEATHERHAZARD'}","{'HAZARD_WEATHER_FLOOD', 'JAM_HEAVY_TRAFFIC'}",62,{6},7.096774193548387
2e68c2b9,2e68c2b84,2020-10-02,7,"{'JAM', 'WEATHERHAZARD'}","{'HAZARD_ON_ROAD_CAR_STOPPED', 'JAM_STAND_STILL_TRAFFIC'}",37,{6},5.0
2e68c2b9,2e68c2b84,2020-10-09,14,{'JAM'},{'JAM_HEAVY_TRAFFIC'},30,{2},5.0
2e68c2b9,2e68c2b84,2020-10-16,17,{'JAM'},{'JAM_STAND_STILL_TRAFFIC'},31,{6},5.0
2e68c2b9,2e68c2b84,2020-11-03,8,{'JAM'},{'JAM_MODERATE_TRAFFIC'},6,{6},6.666666666666667
2e68c2b9,2e68c2b84,2020-11-18,10,{'JAM'},{'JAM_STAND_STILL_TRAFFIC'},32,{2},5.53125
2e68c2b9,2e68c2b8c,2020-10-12,8,{'JAM'},{'JAM_HEAVY_TRAFFIC'},30,{2},5.0
2e68c2b9,2e68c2b8c,2020-10-17,14,{'JAM'},{'JAM_MODERATE_TRAFFIC'},30,{2},5.0
2e68c2b9,2e68c2b8c,2020-10-31,12,{'JAM'},{'JAM_STAND_STILL_TRAFFIC'},14,{2},5.0
2e68c2b9,2e68c2b8c,2020-11-18,10,{'WEATHERHAZARD'},{'HAZARD_ON_SHOULDER_ANIMALS'},30,{2},5.0
2e68c2b9,2e68c2b9c,2020-09-01,13,{'JAM'},{'JAM_STAND_STILL_TRAFFIC'},32,{6},5.0
2e68c2b9,2e68c2b9c,2020-09-15,7,{'WEATHERHAZARD'},{'HAZARD_ON_ROAD_CONSTRUCTION'},319,{6},7.445141065830721
2e68c2b9,2e68c2b9c,2020-09-20,17,{'JAM'},{'JAM_HEAVY_TRAFFIC'},31,{6},5.967741935483871
2e68c2b9,2e68c2b9c,2020-09-22,17,{'JAM'},{'JAM_STAND_STILL_TRAFFIC'},30,{6},7.833333333333333
2e68c2b9,2e68c2b9c,2020-09-22,18,{'JAM'},{'JAM_STAND_STILL_TRAFFIC'},32,{6},7.0
2e68c2b9,2e68c2b9c,2020-09-24,7,{'JAM'},{'JAM_HEAVY_TRAFFIC'},30,{6},5.0
2e68c2b9,2e68c2b9c,2020-09-28,10,{'JAM'},{'JAM_HEAVY_TRAFFIC'},9,{6},5.0
2e68c2b9,2e68c2b9c,2020-11-02,7,{'JAM'},{'JAM_HEAVY_TRAFFIC'},31,{6},5.0
2e68c2bb,2e68c2ba4,2020-09-01,12,{'JAM'},{'JAM_STAND_STILL_TRAFFIC'},31,{6},5.0
2e68c2bb,2e68c2ba4,2020-09-04,9,{'WEATHERHAZARD'},{'HAZARD_ON_ROAD_CONSTRUCTION'},139,{6},8.568345323741006
2e68c2bb,2e68c2ba4,2020-09-15,19,{'JAM'},{'JAM_STAND_STILL_TRAFFIC'},30,{6},5.0
2e68c2bb,2e68c2ba4,2020-09-15,20,{'JAM'},"{'JAM_STAND_STILL_TRAFFIC', 'JAM_HEAVY_TRAFFIC'}",62,{6},5.5
2e68c2bb,2e68c2ba4,2020-09-17,12,{'JAM'},{'JAM'},35,{17},5.0
2e68c2bb,2e68c2ba4,2020-09-20,17,{'JAM'},{'JAM_STAND_STILL_TRAFFIC'},30,{6},5.0
2e68c2bb,2e68c2ba4,2020-09-20,18,{'JAM'},{'JAM_HEAVY_TRAFFIC'},61,"{6, 7}",5.0
2e68c2bb,2e68c2ba4,2020-09-22,17,{'JAM'},{'JAM_STAND_STILL_TRAFFIC'},26,{6},5.0
2e68c2bb,2e68c2ba4,2020-10-01,0,{'ROAD_CLOSED'},{'ROAD_CLOSED_EVENT'},1,{7},6.0
2e68c2bb,2e68c2ba4,2020-10-05,8,{'JAM'},{'JAM_STAND_STILL_TRAFFIC'},32,{6},5.0
2e68c2bb,2e68c2ba4,2020-10-22,15,{'WEATHERHAZARD'},{'HAZARD_ON_ROAD_CONSTRUCTION'},308,{7},5.422077922077922
2e68c2bb,2e68c2ba4,2020-11-02,14,{'WEATHERHAZARD'},{'HAZARD_ON_ROAD_CONSTRUCTION'},51,{6},5.313725490196078
2e68c2bb,2e68c2bac,2020-09-02,0,{'WEATHERHAZARD'},{'HAZARD_ON_ROAD_CONSTRUCTION'},842,{6},6.701900237529691
2e68c2bb,2e68c2bac,2020-09-03,17,{'JAM'},{'JAM_STAND_STILL_TRAFFIC'},30,{6},5.933333333333334
2e68c2bb,2e68c2bac,2020-09-05,7,{'WEATHERHAZARD'},{'HAZARD_ON_ROAD_CONSTRUCTION'},281,{6},7.661921708185053
2e68c2bb,2e68c2bac,2020-09-22,17,{'WEATHERHAZARD'},{'HAZARD_ON_ROAD_CONSTRUCTION'},124,{6},8.71774193548387
2e68c2bb,2e68c2bac,2020-10-01,14,{'JAM'},{'JAM_HEAVY_TRAFFIC'},31,{7},6.0
2e68c2bb,2e68c2bac,2020-11-02,14,{'JAM'},{'JAM_STAND_STILL_TRAFFIC'},18,{6},5.0
2e68c2bd,2e68c2bcc,2020-09-20,6,"{'JAM', 'ACCIDENT'}","{'JAM', 'ACCIDENT'}",154,{1},6.0
2e68c2bd,2e68c2bdc,2020-11-08,13,{'JAM'},{'JAM_MODERATE_TRAFFIC'},32,{1},5.0
2e68c2bf,2e68c2be4,2020-09-09,7,{'JAM'},{'JAM_MODERATE_TRAFFIC'},8,{2},5.0
2e68c2bf,2e68c2be4,2020-11-21,14,{'JAM'},{'JAM_STAND_STILL_TRAFFIC'},10,{2},5.0
2e68c2bf,2e68c2be4,2020-11-22,10,{'JAM'},{'JAM_STAND_STILL_TRAFFIC'},17,{2},5.0
2e68c2bf,2e68c2bec,2020-11-04,12,{'JAM'},{'JAM_STAND_STILL_TRAFFIC'},33,{2},5.0
2e68c2bf,2e68c2bec,2020-11-18,14,{'JAM'},{'JAM_MODERATE_TRAFFIC'},5,{2},5.0
2e68c2bf,2e68c2bf4,2020-09-03,19,{'JAM'},{'JAM_STAND_STILL_TRAFFIC'},18,{2},5.0
2e68c2bf,2e68c2bf4,2020-09-04,13,{'JAM'},{'JAM_STAND_STILL_TRAFFIC'},33,{2},5.0
2e68c2bf,2e68c2bf4,2020-09-05,13,{'JAM'},{'JAM_HEAVY_TRAFFIC'},31,{2},5.0
2e68c2bf,2e68c2bf4,2020-09-06,7,{'JAM'},{'JAM_STAND_STILL_TRAFFIC'},13,{2},5.0
2e68c2bf,2e68c2bf4,2020-10-12,8,{'JAM'},{'JAM_HEAVY_TRAFFIC'},30,{2},5.0
2e68c2bf,2e68c2bf4,2020-10-17,14,{'JAM'},{'JAM_HEAVY_TRAFFIC'},30,{2},5.0
2e68c2bf,2e68c2bf4,2020-10-21,8,{'JAM'},{'JAM_HEAVY_TRAFFIC'},30,{2},5.7
2e68c2bf,2e68c2bf4,2020-11-02,18,{'JAM'},{'JAM_HEAVY_TRAFFIC'},30,{2},5.0
2e68c2c5,2e68c2c5c,2020-09-04,8,{'JAM'},{'JAM_MODERATE_TRAFFIC'},24,{6},5.0
2e68c2c5,2e68c2c5c,2020-09-11,13,{'JAM'},{'JAM_HEAVY_TRAFFIC'},6,{6},5.0
2e68c2c5,2e68c2c5c,2020-09-11,14,{'JAM'},{'JAM_HEAVY_TRAFFIC'},31,{7},6.387096774193548
2e68c2c7,2e68c2c64,2020-09-11,14,{'JAM'},{'JAM_STAND_STILL_TRAFFIC'},5,{6},5.0
2e68c2c7,2e68c2c64,2020-10-22,14,{'WEATHERHAZARD'},{'HAZARD_WEATHER_FLOOD'},35,{7},5.0
2e68c2c7,2e68c2c7c,2020-09-02,17,{'JAM'},{'JAM_STAND_STILL_TRAFFIC'},31,{6},6.0
2e68c2c7,2e68c2c7c,2020-10-18,14,{'JAM'},{'JAM_STAND_STILL_TRAFFIC'},6,{4},5.0
2e68c2c7,2e68c2c7c,2020-10-19,21,{'JAM'},{'JAM_STAND_STILL_TRAFFIC'},30,{20},5.0
2e68c2c7,2e68c2c7c,2020-10-26,12,{'JAM'},{'JAM_STAND_STILL_TRAFFIC'},31,{4},5.903225806451613
2e68c2c7,2e68c2c7c,2020-10-27,16,{'WEATHERHAZARD'},{'HAZARD_WEATHER_FLOOD'},31,{4},5.612903225806452
2e68c2c7,2e68c2c7c,2020-11-12,7,{'JAM'},{'JAM_MODERATE_TRAFFIC'},31,{6},5.0
2e68c2c7,2e68c2c7c,2020-11-12,19,{'JAM'},{'JAM_STAND_STILL_TRAFFIC'},30,{6},5.0
2e68c2c9,2e68c2c84,2020-09-27,12,{'ACCIDENT'},{'ACCIDENT'},120,{2},5.0
2e68c2c9,2e68c2c84,2020-10-16,15,{'JAM'},{'JAM_STAND_STILL_TRAFFIC'},30,{2},5.0
2e68c2c9,2e68c2c84,2020-10-27,16,{'JAM'},{'JAM_STAND_STILL_TRAFFIC'},32,{2},5.71875
2e68c2c9,2e68c2c84,2020-11-03,17,{'JAM'},{'JAM_STAND_STILL_TRAFFIC'},32,{2},5.0
2e68c2c9,2e68c2c9c,2020-09-12,9,{'JAM'},{'JAM_HEAVY_TRAFFIC'},30,{2},5.0
2e68c2c9,2e68c2c9c,2020-10-03,14,{'JAM'},{'JAM_STAND_STILL_TRAFFIC'},33,{2},5.454545454545454
2e68c2c9,2e68c2c9c,2020-10-27,16,{'JAM'},{'JAM_STAND_STILL_TRAFFIC'},34,{2},5.852941176470588
2e68c2c9,2e68c2c9c,2020-11-01,9,{'ACCIDENT'},{'ACCIDENT_MINOR'},123,{2},5.0
2e68c2cb,2e68c2ca4,2020-09-27,12,{'JAM'},{'JAM_MODERATE_TRAFFIC'},24,{2},5.0
2e68c2cb,2e68c2ca4,2020-10-10,16,{'JAM'},{'JAM_STAND_STILL_TRAFFIC'},30,{2},5.0
2e68c2cb,2e68c2ca4,2020-11-06,18,{'JAM'},{'JAM_HEAVY_TRAFFIC'},26,{2},5.0
2e68c2cb,2e68c2ca4,2020-11-07,16,{'JAM'},{'JAM_HEAVY_TRAFFIC'},30,{2},5.0
2e68c2cb,2e68c2ca4,2020-11-12,17,{'JAM'},{'JAM_STAND_STILL_TRAFFIC'},31,{2},5.0
2e68c2cb,2e68c2ca4,2020-11-17,17,{'JAM'},{'JAM_STAND_STILL_TRAFFIC'},31,{2},5.0
2e68c2cb,2e68c2cac,2020-09-09,17,{'JAM'},{'JAM_STAND_STILL_TRAFFIC'},23,{2},5.0
2e68c2cb,2e68c2cac,2020-09-16,16,{'JAM'},{'JAM_STAND_STILL_TRAFFIC'},29,{2},5.0
2e68c2cb,2e68c2cac,2020-10-01,17,{'JAM'},{'JAM_STAND_STILL_TRAFFIC'},31,{2},6.709677419354839
2e68c2cb,2e68c2cac,2020-10-02,16,{'JAM'},{'JAM_MODERATE_TRAFFIC'},25,{2},5.0
2e68c2cb,2e68c2cac,2020-10-10,19,{'JAM'},{'JAM_HEAVY_TRAFFIC'},32,{2},5.0
2e68c2cb,2e68c2cac,2020-11-03,17,{'JAM'},{'JAM_STAND_STILL_TRAFFIC'},30,{2},5.0
2e68c2cb,2e68c2cac,2020-11-06,18,{'JAM'},{'JAM_MODERATE_TRAFFIC'},3,{2},5.0
2e68c2cb,2e68c2cb4,2020-09-03,17,{'JAM'},{'JAM_STAND_STILL_TRAFFIC'},34,{2},5.0
2e68c2cb,2e68c2cb4,2020-09-25,17,{'JAM'},{'JAM_HEAVY_TRAFFIC'},32,{2},5.0
2e68c2cb,2e68c2cb4,2020-11-06,18,{'JAM'},{'JAM_MODERATE_TRAFFIC'},28,{2},6.0
2e68c2cd,2e68c2ccc,2020-09-26,14,{'ACCIDENT'},{'ACCIDENT'},121,{1},6.0
2e68c2d1,2e68c2d1c,2020-10-17,8,{'JAM'},{'JAM'},30,{2},5.0
2e68c2d5,2e68c2d44,2020-11-01,13,{'ACCIDENT'},{'ACCIDENT_MINOR'},59,{6},5.11864406779661
2e68c2d5,2e68c2d54,2020-10-09,23,{'ACCIDENT'},{'ACCIDENT_MINOR'},121,{1},5.0
2e68c2d7,2e68c2d64,2020-10-28,13,{'JAM'},{'JAM_MODERATE_TRAFFIC'},37,{6},5.0
2e68c2d7,2e68c2d6c,2020-09-25,19,{'JAM'},{'JAM_MODERATE_TRAFFIC'},32,{6},5.0
2e68c2d7,2e68c2d7c,2020-10-02,16,{'JAM'},{'JAM_STAND_STILL_TRAFFIC'},3,{6},6.0
2e68c2d7,2e68c2d7c,2020-10-18,7,{'WEATHERHAZARD'},{'HAZARD_ON_ROAD_POT_HOLE'},317,{6},5.694006309148265
2e68c2d9,2e68c2d84,2020-10-09,17,{'JAM'},{'JAM_HEAVY_TRAFFIC'},31,{7},5.0
2e68c2d9,2e68c2d84,2020-10-10,13,{'JAM'},{'JAM_HEAVY_TRAFFIC'},32,{6},5.0
2e68c2d9,2e68c2d84,2020-10-10,15,{'JAM'},{'JAM_STAND_STILL_TRAFFIC'},29,{6},5.482758620689655
2e68c2d9,2e68c2d84,2020-10-10,17,{'JAM'},{'JAM_STAND_STILL_TRAFFIC'},8,{6},6.0
2e68c2d9,2e68c2d84,2020-10-10,18,{'JAM'},{'JAM_MODERATE_TRAFFIC'},30,{6},5.0
2e68c2d9,2e68c2d84,2020-10-10,19,{'JAM'},{'JAM_STAND_STILL_TRAFFIC'},30,{6},5.533333333333333
2e68c2d9,2e68c2d84,2020-10-19,16,{'JAM'},{'JAM_STAND_STILL_TRAFFIC'},31,{6},5.0
2e68c2d9,2e68c2d84,2020-10-19,17,{'JAM'},{'JAM_HEAVY_TRAFFIC'},31,{6},5.0
2e68c2d9,2e68c2d84,2020-11-12,17,{'JAM'},{'JAM'},31,{6},5.0
2e68c2d9,2e68c2d84,2020-11-12,19,{'JAM'},{'JAM_STAND_STILL_TRAFFIC'},35,{6},8.428571428571429
2e68c2d9,2e68c2d9c,2020-09-03,10,{'WEATHERHAZARD'},{'HAZARD_ON_ROAD_CAR_STOPPED'},31,{6},5.0
2e68c2d9,2e68c2d9c,2020-09-28,6,{'WEATHERHAZARD'},{'HAZARD_ON_ROAD_CAR_STOPPED'},33,{6},5.0
2e68c2d9,2e68c2d9c,2020-10-09,17,{'JAM'},{'JAM_STAND_STILL_TRAFFIC'},35,{6},6.457142857142857
2e68c2db,2e68c2da4,2020-10-22,12,{'WEATHERHAZARD'},{'HAZARD_ON_ROAD_CAR_STOPPED'},39,{6},6.256410256410256
2e68c2db,2e68c2dac,2020-09-10,7,{'JAM'},{'JAM_MODERATE_TRAFFIC'},19,{7},5.0
2e68c2db,2e68c2dac,2020-11-03,7,{'ACCIDENT'},{'ACCIDENT_MINOR'},122,{6},6.934426229508197
2e68c2dd,2e68c2dc4,2020-09-22,13,{'WEATHERHAZARD'},{'WEATHERHAZARD'},6,{1},5.0
2e68c2e5,2e68c2e4c,2020-09-19,19,{'WEATHERHAZARD'},{'HAZARD_WEATHER'},32,{1},5.0
2e68c2e5,2e68c2e5c,2020-10-16,10,{'WEATHERHAZARD'},{'WEATHERHAZARD'},31,{2},5.0
2e68c2e7,2e68c2e74,2020-11-03,21,{'JAM'},{'JAM_STAND_STILL_TRAFFIC'},31,{1},6.0
2e68c2e7,2e68c2e74,2020-11-15,13,{'JAM'},{'JAM_STAND_STILL_TRAFFIC'},26,{1},5.0
2e68c2f5,2e68c2f4c,2020-09-03,13,{'WEATHERHAZARD'},{'HAZARD_WEATHER'},32,{1},5.0
2e68c2fb,2e68c2fb4,2020-10-02,14,{'JAM'},{'JAM_MODERATE_TRAFFIC'},32,{1},5.0
2e68c2fb,2e68c2fb4,2020-11-19,16,{'JAM'},{'JAM'},32,{1},5.0
2e68c327,2e68c3264,2020-09-05,20,{'JAM'},{'JAM_STAND_STILL_TRAFFIC'},29,{6},5.0
2e68c327,2e68c3264,2020-09-06,17,{'JAM'},{'JAM_HEAVY_TRAFFIC'},30,{6},5.6
2e68c327,2e68c3264,2020-09-12,18,{'JAM'},{'JAM_STAND_STILL_TRAFFIC'},31,{6},5.0
2e68c327,2e68c3264,2020-09-15,17,{'JAM'},{'JAM_HEAVY_TRAFFIC'},30,{6},5.0
2e68c327,2e68c3264,2020-10-02,17,{'JAM'},"{'JAM_STAND_STILL_TRAFFIC', 'JAM_HEAVY_TRAFFIC'}",65,{6},5.0
2e68c327,2e68c3264,2020-10-04,20,{'JAM'},{'JAM_STAND_STILL_TRAFFIC'},32,{6},5.0
2e68c327,2e68c3264,2020-10-09,17,{'JAM'},{'JAM_STAND_STILL_TRAFFIC'},80,{6},7.8
2e68c327,2e68c3264,2020-10-10,15,{'JAM'},{'JAM_STAND_STILL_TRAFFIC'},34,{6},5.0
2e68c327,2e68c3264,2020-10-11,17,{'JAM'},"{'JAM_STAND_STILL_TRAFFIC', 'JAM_HEAVY_TRAFFIC'}",60,{6},5.0
2e68c327,2e68c3264,2020-10-11,19,{'JAM'},{'JAM_HEAVY_TRAFFIC'},31,{6},5.0
2e68c327,2e68c3264,2020-10-11,20,{'JAM'},{'JAM_MODERATE_TRAFFIC'},30,{6},5.0
2e68c327,2e68c3264,2020-10-12,10,{'JAM'},{'JAM_HEAVY_TRAFFIC'},1,{6},5.0
2e68c327,2e68c3264,2020-10-12,18,{'JAM'},{'JAM_MODERATE_TRAFFIC'},31,{6},5.0
2e68c327,2e68c3264,2020-10-16,16,{'JAM'},{'JAM_MODERATE_TRAFFIC'},31,{6},5.0
2e68c327,2e68c3264,2020-10-17,10,{'JAM'},{'JAM_MODERATE_TRAFFIC'},31,{6},5.0
2e68c327,2e68c3264,2020-10-17,19,{'JAM'},{'JAM_STAND_STILL_TRAFFIC'},34,{6},5.0
2e68c327,2e68c3264,2020-10-18,13,{'JAM'},{'JAM_HEAVY_TRAFFIC'},30,{6},5.0
2e68c327,2e68c3264,2020-10-21,17,{'JAM'},{'JAM_HEAVY_TRAFFIC'},34,{6},5.0
2e68c327,2e68c3264,2020-10-29,17,{'JAM'},{'JAM'},31,{6},6.0
2e68c327,2e68c3264,2020-10-31,17,{'JAM'},{'JAM_STAND_STILL_TRAFFIC'},30,{6},5.0
2e68c327,2e68c3264,2020-10-31,18,{'JAM'},{'JAM_STAND_STILL_TRAFFIC'},31,{6},5.0
2e68c327,2e68c3264,2020-11-01,13,{'JAM'},{'JAM_HEAVY_TRAFFIC'},30,{6},5.0
2e68c327,2e68c3264,2020-11-07,13,{'JAM'},{'JAM_HEAVY_TRAFFIC'},33,{6},5.0
2e68c327,2e68c3264,2020-11-07,19,{'JAM'},{'JAM_STAND_STILL_TRAFFIC'},31,{6},5.0
2e68c327,2e68c3264,2020-11-09,16,{'JAM'},{'JAM_HEAVY_TRAFFIC'},43,{6},5.4186046511627906
2e68c327,2e68c3264,2020-11-12,18,{'JAM'},{'JAM_STAND_STILL_TRAFFIC'},30,{6},5.0
2e68c327,2e68c3264,2020-11-21,16,{'JAM'},{'JAM_HEAVY_TRAFFIC'},36,{6},5.444444444444445
2e68c327,2e68c3264,2020-11-21,17,{'JAM'},{'JAM_STAND_STILL_TRAFFIC'},17,{6},5.0
2e68c327,2e68c327c,2020-09-04,18,{'JAM'},{'JAM_STAND_STILL_TRAFFIC'},10,{6},5.0
2e68c327,2e68c327c,2020-09-05,18,{'JAM'},{'JAM_MODERATE_TRAFFIC'},32,{6},5.0
2e68c327,2e68c327c,2020-09-07,17,{'JAM'},{'JAM_HEAVY_TRAFFIC'},6,{6},5.0
2e68c327,2e68c327c,2020-09-10,7,{'JAM'},{'JAM_MODERATE_TRAFFIC'},22,{6},5.0
2e68c327,2e68c327c,2020-09-11,16,{'JAM'},{'JAM_STAND_STILL_TRAFFIC'},33,{6},5.9393939393939394
2e68c327,2e68c327c,2020-09-17,7,{'JAM'},{'JAM_HEAVY_TRAFFIC'},32,{6},5.0
2e68c327,2e68c327c,2020-09-18,18,{'JAM'},{'JAM'},33,{6},5.0
2e68c327,2e68c327c,2020-09-22,19,{'JAM'},"{'JAM_STAND_STILL_TRAFFIC', 'JAM_HEAVY_TRAFFIC'}",62,{6},5.0
2e68c327,2e68c327c,2020-09-26,17,{'JAM'},{'JAM_STAND_STILL_TRAFFIC'},31,{6},5.0
2e68c327,2e68c327c,2020-09-30,17,{'JAM'},{'JAM_MODERATE_TRAFFIC'},31,{6},5.0
2e68c327,2e68c327c,2020-10-02,18,{'JAM'},{'JAM_STAND_STILL_TRAFFIC'},30,{6},5.0
2e68c327,2e68c327c,2020-10-04,20,{'JAM'},{'JAM_STAND_STILL_TRAFFIC'},31,{6},5.870967741935484
2e68c327,2e68c327c,2020-10-09,16,{'JAM'},{'JAM_STAND_STILL_TRAFFIC'},62,{6},5.0
2e68c327,2e68c327c,2020-10-09,17,{'JAM'},{'JAM_STAND_STILL_TRAFFIC'},64,{6},5.0
2e68c327,2e68c327c,2020-10-09,19,{'JAM'},{'JAM_STAND_STILL_TRAFFIC'},30,{6},5.966666666666667
2e68c327,2e68c327c,2020-10-10,9,{'JAM'},{'JAM_HEAVY_TRAFFIC'},9,{6},5.0
2e68c327,2e68c327c,2020-10-10,11,{'JAM'},{'JAM_HEAVY_TRAFFIC'},31,{6},5.0
2e68c327,2e68c327c,2020-10-10,13,{'JAM'},{'JAM_STAND_STILL_TRAFFIC'},5,{6},5.0
2e68c327,2e68c327c,2020-10-10,15,{'JAM'},{'JAM_STAND_STILL_TRAFFIC'},76,{6},5.421052631578948
2e68c327,2e68c327c,2020-10-10,16,{'JAM'},{'JAM_HEAVY_TRAFFIC'},31,{6},5.0
2e68c327,2e68c327c,2020-10-10,17,{'JAM'},{'JAM_STAND_STILL_TRAFFIC'},53,{6},5.867924528301887
2e68c327,2e68c327c,2020-10-10,18,{'JAM'},{'JAM_HEAVY_TRAFFIC'},34,{6},5.470588235294118
2e68c327,2e68c327c,2020-10-10,19,{'JAM'},{'JAM_HEAVY_TRAFFIC'},33,{6},5.0
2e68c327,2e68c327c,2020-10-11,14,{'WEATHERHAZARD'},{'HAZARD_ON_SHOULDER_CAR_STOPPED'},31,{6},5.0
2e68c327,2e68c327c,2020-10-13,16,{'JAM'},{'JAM_STAND_STILL_TRAFFIC'},31,{6},5.0
2e68c327,2e68c327c,2020-10-13,17,{'JAM'},{'JAM_STAND_STILL_TRAFFIC'},33,{6},5.0
2e68c327,2e68c327c,2020-10-17,11,{'JAM'},{'JAM_HEAVY_TRAFFIC'},30,{6},5.0
2e68c327,2e68c327c,2020-10-17,17,{'JAM'},{'JAM_STAND_STILL_TRAFFIC'},30,{6},5.0
2e68c327,2e68c327c,2020-10-17,19,{'JAM'},{'JAM_STAND_STILL_TRAFFIC'},30,{6},5.966666666666667
2e68c327,2e68c327c,2020-10-20,17,{'JAM'},{'JAM_HEAVY_TRAFFIC'},32,{6},5.0
2e68c327,2e68c327c,2020-10-26,17,{'JAM'},{'JAM_HEAVY_TRAFFIC'},38,{6},5.447368421052632
2e68c327,2e68c327c,2020-10-27,16,{'JAM'},{'JAM'},32,{6},6.5625
2e68c327,2e68c327c,2020-10-29,17,{'JAM'},{'JAM_HEAVY_TRAFFIC'},35,{6},5.0
2e68c327,2e68c327c,2020-11-02,17,{'JAM'},{'JAM_HEAVY_TRAFFIC'},33,{6},5.0
2e68c327,2e68c327c,2020-11-05,17,{'JAM'},{'JAM_HEAVY_TRAFFIC'},31,{6},5.0
2e68c327,2e68c327c,2020-11-06,7,{'JAM'},{'JAM_STAND_STILL_TRAFFIC'},31,{6},5.870967741935484
2e68c327,2e68c327c,2020-11-12,19,{'JAM'},"{'JAM', 'JAM_STAND_STILL_TRAFFIC'}",118,{6},5.677966101694915
2e68c327,2e68c327c,2020-11-19,7,{'JAM'},{'JAM'},14,{6},5.0
2e68c327,2e68c327c,2020-11-21,11,{'JAM'},{'JAM_MODERATE_TRAFFIC'},26,{6},5.0
2e68c329,2e68c3284,2020-09-07,17,{'JAM'},{'JAM_HEAVY_TRAFFIC'},32,{6},5.0
2e68c329,2e68c3284,2020-09-12,18,{'JAM'},{'JAM_STAND_STILL_TRAFFIC'},31,{6},5.0
2e68c329,2e68c3284,2020-10-02,16,{'JAM'},{'JAM_STAND_STILL_TRAFFIC'},2,{6},8.0
2e68c329,2e68c3284,2020-10-10,16,{'JAM'},{'JAM_HEAVY_TRAFFIC'},31,{6},5.0
2e68c329,2e68c3284,2020-11-05,13,{'JAM'},{'JAM_HEAVY_TRAFFIC'},31,{6},5.0
2e68c329,2e68c328c,2020-09-06,16,{'JAM'},{'JAM_HEAVY_TRAFFIC'},30,{6},5.0
2e68c329,2e68c328c,2020-10-12,10,{'JAM'},{'JAM_HEAVY_TRAFFIC'},29,{6},6.0
2e68c329,2e68c328c,2020-10-17,16,{'ACCIDENT'},{'ACCIDENT'},111,{8},5.0
2e68c329,2e68c3294,2020-10-17,11,{'JAM'},{'JAM_HEAVY_TRAFFIC'},30,{22},5.0
2e68c329,2e68c3294,2020-11-04,9,{'JAM'},{'JAM_HEAVY_TRAFFIC'},33,{22},5.0
2e68c329,2e68c3294,2020-11-06,9,{'JAM'},{'JAM'},31,{22},5.0
2e68c32b,2e68c32bc,2020-10-01,0,"{'JAM', 'ACCIDENT'}","{'JAM_STAND_STILL_TRAFFIC', 'ACCIDENT_MAJOR'}",150,{1},5.0
2e68c32d,2e68c32c4,2020-10-11,16,{'JAM'},{'JAM'},20,{1},5.0
2e68c32d,2e68c32c4,2020-11-09,11,{'ACCIDENT'},{'ACCIDENT'},120,{1},5.0
2e68dcd1,2e68dcd1c,2020-11-07,16,{'JAM'},{'JAM_MODERATE_TRAFFIC'},31,{1},5.0
2e68dcd5,2e68dcd5c,2020-11-08,8,{'JAM'},{'JAM'},32,{1},5.0
2e68dd1f,2e68dd1ec,2020-11-02,20,"{'JAM', 'ACCIDENT'}","{'ACCIDENT', 'JAM_HEAVY_TRAFFIC'}",151,{1},5.0
2e68dd1f,2e68dd1ec,2020-11-14,18,"{'JAM', 'WEATHERHAZARD', 'ACCIDENT'}","{'JAM_HEAVY_TRAFFIC', 'HAZARD_WEATHER_FLOOD', 'ACCIDENT_MINOR'}",184,{1},5.0
2e68dd23,2e68dd224,2020-09-02,15,{'JAM'},{'JAM'},31,{1},5.0
2e68dd25,2e68dd24c,2020-11-07,18,{'WEATHERHAZARD'},{'HAZARD_ON_ROAD'},31,{1},5.0
2e68dd29,2e68dd29c,2020-11-07,13,{'JAM'},{'JAM'},25,{1},5.0
2e68dd29,2e68dd29c,2020-11-19,18,{'JAM'},{'JAM'},30,{1},5.0
2e68dd2d,2e68dd2d4,2020-10-12,20,{'ACCIDENT'},{'ACCIDENT_MAJOR'},121,{2},5.0
2e68dd2f,2e68dd2e4,2020-09-19,16,{'JAM'},{'JAM_MODERATE_TRAFFIC'},34,{6},5.0
2e68dd2f,2e68dd2ec,2020-09-02,20,{'JAM'},{'JAM'},31,{6},5.0
2e68dd2f,2e68dd2f4,2020-09-21,17,{'JAM'},{'JAM_STAND_STILL_TRAFFIC'},32,{1},5.0
2e68dd2f,2e68dd2fc,2020-09-26,15,{'JAM'},{'JAM_MODERATE_TRAFFIC'},23,{6},5.0
2e68dd2f,2e68dd2fc,2020-10-02,0,{'JAM'},{'JAM_STAND_STILL_TRAFFIC'},30,{6},5.0
2e68dd31,2e68dd304,2020-11-14,7,"{'JAM', 'ACCIDENT'}","{'JAM_STAND_STILL_TRAFFIC', 'ACCIDENT'}",154,{22},5.785714285714286
2e68dd31,2e68dd30c,2020-09-05,14,{'JAM'},{'JAM_HEAVY_TRAFFIC'},17,{2},5.0
2e68dd31,2e68dd314,2020-09-03,17,{'JAM'},{'JAM_STAND_STILL_TRAFFIC'},31,{2},5.0
2e68dd33,2e68dd32c,2020-10-30,9,{'JAM'},{'JAM_STAND_STILL_TRAFFIC'},30,{1},5.0
2e68dd35,2e68dd34c,2020-10-25,14,{'JAM'},{'JAM_HEAVY_TRAFFIC'},32,{2},5.0
2e68dd35,2e68dd34c,2020-10-28,11,{'JAM'},{'JAM_STAND_STILL_TRAFFIC'},6,{2},5.0
2e68dd35,2e68dd34c,2020-10-30,10,{'JAM'},{'JAM_STAND_STILL_TRAFFIC'},30,{2},5.0
2e68dd37,2e68dd36c,2020-10-26,11,{'JAM'},{'JAM_STAND_STILL_TRAFFIC'},30,{2},6.0
2e68dd37,2e68dd36c,2020-10-26,12,{'JAM'},{'JAM_STAND_STILL_TRAFFIC'},32,{2},5.96875
2e68dd39,2e68dd384,2020-09-01,17,{'JAM'},{'JAM_STAND_STILL_TRAFFIC'},41,{6},5.390243902439025
2e68dd39,2e68dd384,2020-09-01,18,{'JAM'},"{'JAM', 'JAM_HEAVY_TRAFFIC'}",68,{6},5.6911764705882355
2e68dd39,2e68dd384,2020-09-01,19,{'JAM'},{'JAM_STAND_STILL_TRAFFIC'},31,{6},5.0
2e68dd39,2e68dd384,2020-10-16,13,{'JAM'},"{'JAM_STAND_STILL_TRAFFIC', 'JAM_HEAVY_TRAFFIC'}",61,{6},5.0
2e68dd39,2e68dd384,2020-11-03,16,{'JAM'},{'JAM_MODERATE_TRAFFIC'},63,{6},5.968253968253968
2e68dd39,2e68dd384,2020-11-10,16,{'JAM'},{'JAM_HEAVY_TRAFFIC'},71,{6},5.492957746478873
2e68dd39,2e68dd384,2020-11-20,14,{'JAM'},{'JAM_STAND_STILL_TRAFFIC'},31,{6},5.67741935483871
2e68dd39,2e68dd384,2020-11-21,11,{'JAM'},{'JAM_HEAVY_TRAFFIC'},14,{6},5.0
2e68dd39,2e68dd384,2020-11-21,14,{'JAM'},{'JAM_STAND_STILL_TRAFFIC'},19,{6},5.0
2e68dd39,2e68dd38c,2020-10-24,14,{'JAM'},{'JAM'},33,{1},5.0
2e68dd39,2e68dd39c,2020-09-01,17,"{'JAM', 'ACCIDENT'}","{'JAM_STAND_STILL_TRAFFIC', 'ACCIDENT'}",185,{6},6.756756756756757
2e68dd39,2e68dd39c,2020-09-01,18,"{'JAM', 'WEATHERHAZARD'}","{'HAZARD_ON_ROAD_CAR_STOPPED', 'JAM_HEAVY_TRAFFIC'}",55,"{1, 6}",5.290909090909091
2e68dd39,2e68dd39c,2020-09-01,19,{'JAM'},{'JAM_STAND_STILL_TRAFFIC'},29,{6},5.0
2e68dd39,2e68dd39c,2020-09-03,10,{'JAM'},{'JAM'},30,{6},5.0
2e68dd39,2e68dd39c,2020-09-04,14,{'JAM'},{'JAM_HEAVY_TRAFFIC'},33,{6},5.0
2e68dd39,2e68dd39c,2020-09-18,14,{'JAM'},{'JAM_STAND_STILL_TRAFFIC'},29,{6},5.0
2e68dd39,2e68dd39c,2020-09-24,10,{'JAM'},{'JAM_HEAVY_TRAFFIC'},33,{6},5.0
2e68dd39,2e68dd39c,2020-09-25,8,{'JAM'},{'JAM_HEAVY_TRAFFIC'},61,{6},5.0
2e68dd39,2e68dd39c,2020-09-26,17,{'JAM'},{'JAM_STAND_STILL_TRAFFIC'},30,{6},5.0
2e68dd39,2e68dd39c,2020-10-23,14,{'JAM'},{'JAM_MODERATE_TRAFFIC'},62,{6},5.0
2e68dd39,2e68dd39c,2020-10-27,14,{'JAM'},{'JAM_STAND_STILL_TRAFFIC'},31,{6},5.0
2e68dd39,2e68dd39c,2020-11-03,16,{'JAM'},{'JAM_MODERATE_TRAFFIC'},31,{6},5.0
2e68dd39,2e68dd39c,2020-11-10,16,{'JAM'},"{'JAM_MODERATE_TRAFFIC', 'JAM_HEAVY_TRAFFIC'}",107,{6},5.5233644859813085
2e68dd39,2e68dd39c,2020-11-13,20,{'JAM'},{'JAM_STAND_STILL_TRAFFIC'},65,{6},6.969230769230769
2e68dd39,2e68dd39c,2020-11-19,13,{'JAM'},{'JAM_STAND_STILL_TRAFFIC'},31,{6},5.0
2e68dd3b,2e68dd3a4,2020-09-01,17,{'JAM'},{'JAM_STAND_STILL_TRAFFIC'},42,{6},6.357142857142857
2e68dd3b,2e68dd3a4,2020-09-17,19,{'JAM'},{'JAM_MODERATE_TRAFFIC'},6,{6},5.0
2e68dd3b,2e68dd3a4,2020-09-18,15,{'JAM'},{'JAM_STAND_STILL_TRAFFIC'},29,{2},5.0
2e68dd3b,2e68dd3a4,2020-09-25,8,{'JAM'},{'JAM_HEAVY_TRAFFIC'},32,{6},5.0
2e68dd3b,2e68dd3a4,2020-10-05,18,{'JAM'},{'JAM_STAND_STILL_TRAFFIC'},33,{6},5.515151515151516
2e68dd3b,2e68dd3a4,2020-10-06,6,{'JAM'},{'JAM_HEAVY_TRAFFIC'},5,{6},5.0
2e68dd3b,2e68dd3a4,2020-10-19,17,{'JAM'},{'JAM_STAND_STILL_TRAFFIC'},33,{6},5.0
2e68dd3b,2e68dd3a4,2020-10-25,10,{'JAM'},{'JAM_STAND_STILL_TRAFFIC'},16,{6},5.0
2e68dd3b,2e68dd3a4,2020-10-26,12,{'JAM'},{'JAM_STAND_STILL_TRAFFIC'},30,{6},5.0
2e68dd3b,2e68dd3a4,2020-11-02,14,{'JAM'},{'JAM_STAND_STILL_TRAFFIC'},30,{6},5.933333333333334
2e68dd3b,2e68dd3a4,2020-11-03,16,{'JAM'},"{'JAM_STAND_STILL_TRAFFIC', 'JAM_MODERATE_TRAFFIC'}",63,{6},5.476190476190476
2e68dd3b,2e68dd3a4,2020-11-04,16,{'JAM'},{'JAM_HEAVY_TRAFFIC'},31,{6},5.0
2e68dd3b,2e68dd3a4,2020-11-06,10,{'JAM'},{'JAM_STAND_STILL_TRAFFIC'},30,{6},5.0
2e68dd3b,2e68dd3a4,2020-11-21,13,{'JAM'},{'JAM_HEAVY_TRAFFIC'},2,{6},5.0
2e68dd3b,2e68dd3ac,2020-09-18,15,{'JAM'},{'JAM_STAND_STILL_TRAFFIC'},30,{2},5.0
2e68dd3b,2e68dd3ac,2020-09-19,16,{'JAM'},{'JAM_MODERATE_TRAFFIC'},31,{6},5.0
2e68dd3b,2e68dd3ac,2020-09-25,6,{'JAM'},{'JAM_MODERATE_TRAFFIC'},5,{6},5.0
2e68dd3b,2e68dd3ac,2020-10-03,19,{'JAM'},{'JAM_STAND_STILL_TRAFFIC'},33,{2},5.0
2e68dd3b,2e68dd3ac,2020-10-04,16,{'JAM'},{'JAM_MODERATE_TRAFFIC'},6,{6},5.0
2e68dd3b,2e68dd3ac,2020-10-31,5,{'JAM'},{'JAM_MODERATE_TRAFFIC'},32,{6},5.0
2e68dd3b,2e68dd3b4,2020-09-01,18,{'JAM'},{'JAM_HEAVY_TRAFFIC'},69,{2},5.231884057971015
2e68dd3b,2e68dd3b4,2020-11-21,12,{'JAM'},{'JAM_HEAVY_TRAFFIC'},14,{1},5.0
2e68dd41,2e68dd404,2020-10-12,14,{'JAM'},{'JAM'},32,{1},5.0
2e68dd41,2e68dd404,2020-10-31,12,{'JAM'},{'JAM_STAND_STILL_TRAFFIC'},8,{1},5.0
2e68dd41,2e68dd40c,2020-09-07,17,{'JAM'},{'JAM_STAND_STILL_TRAFFIC'},30,{1},5.0
2e68dd41,2e68dd40c,2020-11-01,13,{'JAM'},{'JAM_HEAVY_TRAFFIC'},31,{1},5.0
2e68dd41,2e68dd40c,2020-11-03,18,{'JAM'},{'JAM_MODERATE_TRAFFIC'},7,{1},5.0
2e68dd41,2e68dd40c,2020-11-08,10,"{'JAM', 'WEATHERHAZARD'}","{'HAZARD_ON_ROAD_CAR_STOPPED', 'JAM_HEAVY_TRAFFIC'}",91,{1},5.0
2e68dd41,2e68dd40c,2020-11-08,11,{'JAM'},{'JAM_HEAVY_TRAFFIC'},63,{1},5.0
2e68dd41,2e68dd40c,2020-11-09,17,{'JAM'},{'JAM_STAND_STILL_TRAFFIC'},31,{1},5.0
2e68dd41,2e68dd414,2020-09-01,18,{'JAM'},{'JAM_HEAVY_TRAFFIC'},31,{6},5.0
2e68dd41,2e68dd414,2020-09-05,12,{'JAM'},{'JAM_MODERATE_TRAFFIC'},10,{6},5.0
2e68dd41,2e68dd414,2020-10-03,17,{'JAM'},{'JAM_HEAVY_TRAFFIC'},32,{6},5.0
2e68dd41,2e68dd414,2020-10-13,18,{'JAM'},{'JAM_STAND_STILL_TRAFFIC'},30,{6},5.0
2e68dd41,2e68dd414,2020-10-14,7,{'JAM'},{'JAM_STAND_STILL_TRAFFIC'},44,{6},5.363636363636363
2e68dd41,2e68dd414,2020-10-14,16,{'JAM'},{'JAM_STAND_STILL_TRAFFIC'},30,{6},5.0
2e68dd41,2e68dd414,2020-10-14,17,{'JAM'},{'JAM_STAND_STILL_TRAFFIC'},31,{6},5.0
2e68dd41,2e68dd414,2020-10-14,18,{'JAM'},{'JAM_STAND_STILL_TRAFFIC'},31,{6},5.0
2e68dd41,2e68dd414,2020-10-19,17,{'JAM'},{'JAM_HEAVY_TRAFFIC'},30,{6},5.0
2e68dd41,2e68dd414,2020-11-21,16,{'JAM'},{'JAM_STAND_STILL_TRAFFIC'},61,{6},5.0
2e68dd41,2e68dd414,2020-11-21,17,{'JAM'},{'JAM_STAND_STILL_TRAFFIC'},15,{6},5.0
2e68dd43,2e68dd424,2020-10-14,7,{'JAM'},{'JAM_STAND_STILL_TRAFFIC'},31,{6},5.483870967741935
2e68dd43,2e68dd424,2020-10-14,8,{'WEATHERHAZARD'},{'HAZARD_ON_ROAD_CAR_STOPPED'},7,{6},5.0
2e68dd43,2e68dd424,2020-10-27,17,{'JAM'},{'JAM_STAND_STILL_TRAFFIC'},30,{6},5.0
2e68dd43,2e68dd424,2020-10-30,14,{'JAM'},{'JAM_HEAVY_TRAFFIC'},33,{6},5.0
2e68dd43,2e68dd424,2020-11-07,11,{'JAM'},{'JAM_MODERATE_TRAFFIC'},33,{6},5.0
2e68dd43,2e68dd424,2020-11-21,17,{'JAM'},{'JAM_STAND_STILL_TRAFFIC'},17,{6},5.0
2e68dd43,2e68dd42c,2020-09-05,10,{'JAM'},{'JAM_STAND_STILL_TRAFFIC'},7,{6},5.0
2e68dd43,2e68dd42c,2020-09-05,23,{'JAM'},{'JAM_HEAVY_TRAFFIC'},7,{6},5.0
2e68dd43,2e68dd42c,2020-10-03,10,{'JAM'},{'JAM_STAND_STILL_TRAFFIC'},32,{6},5.0
2e68dd43,2e68dd42c,2020-10-30,13,{'JAM'},"{'JAM_STAND_STILL_TRAFFIC', 'JAM_HEAVY_TRAFFIC'}",61,{6},5.0
2e68dd43,2e68dd42c,2020-11-02,7,{'JAM'},{'JAM_HEAVY_TRAFFIC'},40,{6},5.4
2e68dd43,2e68dd42c,2020-11-07,14,{'JAM'},{'JAM_STAND_STILL_TRAFFIC'},31,{6},5.0
2e68dd43,2e68dd42c,2020-11-11,7,{'JAM'},{'JAM_MODERATE_TRAFFIC'},32,{6},5.46875
2e68dd43,2e68dd42c,2020-11-17,18,{'JAM'},{'JAM_HEAVY_TRAFFIC'},24,{6},5.0
2e68dd47,2e68dd46c,2020-09-01,19,{'JAM'},{'JAM_HEAVY_TRAFFIC'},30,{6},5.0
2e68dd47,2e68dd46c,2020-10-23,14,{'JAM'},{'JAM_MODERATE_TRAFFIC'},31,{6},5.0
2e68dd47,2e68dd46c,2020-10-26,7,{'JAM'},{'JAM_STAND_STILL_TRAFFIC'},32,{1},5.0
2e68dd47,2e68dd46c,2020-11-06,20,{'JAM'},{'JAM_MODERATE_TRAFFIC'},31,{6},5.0
2e68dd47,2e68dd46c,2020-11-21,16,{'JAM'},{'JAM_STAND_STILL_TRAFFIC'},33,{6},5.0
2e68dd47,2e68dd474,2020-09-01,17,{'JAM'},{'JAM_STAND_STILL_TRAFFIC'},31,{6},5.0
2e68dd47,2e68dd474,2020-09-01,18,{'JAM'},{'JAM_STAND_STILL_TRAFFIC'},29,{6},5.0
2e68dd47,2e68dd474,2020-09-05,10,{'JAM'},{'JAM_STAND_STILL_TRAFFIC'},5,{1},6.0
2e68dd47,2e68dd474,2020-10-23,14,{'JAM'},{'JAM_MODERATE_TRAFFIC'},30,{6},5.0
2e68dd47,2e68dd47c,2020-09-01,17,{'JAM'},"{'JAM_STAND_STILL_TRAFFIC', 'JAM_HEAVY_TRAFFIC'}",53,"{2, 6}",5.056603773584905
2e68dd47,2e68dd47c,2020-09-01,18,{'JAM'},"{'JAM_STAND_STILL_TRAFFIC', 'JAM_HEAVY_TRAFFIC'}",62,"{2, 6}",5.5
2e68dd47,2e68dd47c,2020-09-26,12,{'JAM'},{'JAM_STAND_STILL_TRAFFIC'},31,{6},5.0
2e68dd47,2e68dd47c,2020-10-14,18,{'JAM'},{'JAM_STAND_STILL_TRAFFIC'},31,{6},5.0
2e68dd47,2e68dd47c,2020-11-02,12,{'JAM'},{'JAM'},36,{6},5.0
2e68dd47,2e68dd47c,2020-11-21,11,{'JAM'},{'JAM_HEAVY_TRAFFIC'},15,{6},5.0
2e68dd49,2e68dd48c,2020-10-24,11,{'JAM'},{'JAM'},31,{1},5.0
2e68dd49,2e68dd48c,2020-11-02,16,{'JAM'},{'JAM'},34,{1},5.0
2e68dd4d,2e68dd4cc,2020-09-15,18,{'WEATHERHAZARD'},{'WEATHERHAZARD'},31,{2},5.0
2e68dd4d,2e68dd4cc,2020-09-26,13,{'JAM'},{'JAM'},11,{2},5.0
2e68dd4f,2e68dd4e4,2020-09-13,11,"{'JAM', 'WEATHERHAZARD', 'ACCIDENT'}","{'HAZARD_WEATHER_HAIL', 'JAM_STAND_STILL_TRAFFIC', 'ACCIDENT_MAJOR'}",220,{1},5.722727272727273
2e68dd4f,2e68dd4e4,2020-09-17,17,{'JAM'},{'JAM_STAND_STILL_TRAFFIC'},31,{1},5.0
2e68dd4f,2e68dd4e4,2020-10-04,9,{'JAM'},{'JAM_STAND_STILL_TRAFFIC'},34,{1},5.0
2e68dd4f,2e68dd4e4,2020-11-21,20,"{'JAM', 'ACCIDENT'}","{'JAM_STAND_STILL_TRAFFIC', 'ACCIDENT_MAJOR'}",151,{1},5.231788079470198
2e68dd4f,2e68dd4ec,2020-09-17,17,{'WEATHERHAZARD'},{'WEATHERHAZARD'},30,{2},5.0
2e68dd4f,2e68dd4f4,2020-10-27,11,"{'JAM', 'WEATHERHAZARD'}","{'JAM_MODERATE_TRAFFIC', 'HAZARD_ON_ROAD'}",61,{2},5.0
2e68dd51,2e68dd504,2020-09-26,16,{'JAM'},{'JAM_STAND_STILL_TRAFFIC'},27,{2},5.0
2e68dd55,2e68dd554,2020-09-20,9,{'JAM'},{'JAM'},31,{1},5.0
2e68dd57,2e68dd56c,2020-10-19,18,{'JAM'},{'JAM_HEAVY_TRAFFIC'},79,{7},5.89873417721519
2e68dd57,2e68dd56c,2020-10-27,19,{'JAM'},{'JAM_HEAVY_TRAFFIC'},63,{7},5.0
2e68dd57,2e68dd574,2020-09-11,18,{'JAM'},{'JAM_STAND_STILL_TRAFFIC'},31,{7},5.0
2e68dd57,2e68dd574,2020-10-22,19,{'JAM'},{'JAM_HEAVY_TRAFFIC'},37,{7},5.405405405405405
2e68dd57,2e68dd574,2020-10-27,18,{'JAM'},{'JAM_STAND_STILL_TRAFFIC'},32,{7},5.0
2e68dd57,2e68dd574,2020-10-27,19,{'JAM'},{'JAM_HEAVY_TRAFFIC'},30,{7},5.0
2e68dd57,2e68dd57c,2020-09-22,17,{'JAM'},{'JAM_HEAVY_TRAFFIC'},32,{7},5.0
2e68dd57,2e68dd57c,2020-09-22,18,{'JAM'},{'JAM_STAND_STILL_TRAFFIC'},32,{7},5.96875
2e68dd57,2e68dd57c,2020-10-19,17,{'JAM'},{'JAM_STAND_STILL_TRAFFIC'},7,{7},5.0
2e68dd57,2e68dd57c,2020-10-19,18,{'JAM'},{'JAM_HEAVY_TRAFFIC'},33,{7},6.0
2e68dd57,2e68dd57c,2020-10-21,18,{'JAM'},{'JAM_STAND_STILL_TRAFFIC'},31,{7},5.0
2e68dd57,2e68dd57c,2020-10-27,19,{'JAM'},{'JAM_STAND_STILL_TRAFFIC'},33,{7},6.818181818181818
2e68dd57,2e68dd57c,2020-11-02,18,{'JAM'},{'JAM_HEAVY_TRAFFIC'},31,{7},5.0
2e68dd57,2e68dd57c,2020-11-05,17,{'JAM'},{'JAM'},29,{7},5.0
2e68dd57,2e68dd57c,2020-11-06,17,{'JAM'},{'JAM_HEAVY_TRAFFIC'},9,{7},5.0
2e68dd5b,2e68dd5a4,2020-10-27,16,{'JAM'},{'JAM_HEAVY_TRAFFIC'},24,{7},5.0
2e68dd5b,2e68dd5a4,2020-10-27,17,{'JAM'},{'JAM_STAND_STILL_TRAFFIC'},30,{7},5.0
2e68dd5b,2e68dd5ac,2020-11-08,15,{'WEATHERHAZARD'},{'HAZARD_ON_ROAD'},32,{2},7.0
2e68dd5b,2e68dd5b4,2020-10-27,17,{'JAM'},{'JAM_STAND_STILL_TRAFFIC'},31,{7},5.0
2e68dd5b,2e68dd5bc,2020-10-27,17,{'JAM'},{'JAM_STAND_STILL_TRAFFIC'},8,{7},5.0
2e68dd5d,2e68dd5c4,2020-11-14,15,{'JAM'},{'JAM_STAND_STILL_TRAFFIC'},31,{7},5.0
2e68dd5d,2e68dd5d4,2020-10-13,16,{'JAM'},{'JAM_STAND_STILL_TRAFFIC'},32,{6},5.0
2e68dd5d,2e68dd5d4,2020-10-25,11,{'JAM'},{'JAM'},30,{6},5.0
2e68dd5d,2e68dd5d4,2020-11-02,7,{'JAM'},{'JAM_HEAVY_TRAFFIC'},78,{6},5.410256410256411
2e68dd5d,2e68dd5d4,2020-11-02,18,{'JAM'},{'JAM_HEAVY_TRAFFIC'},30,{6},5.0
2e68dd5d,2e68dd5d4,2020-11-07,13,{'JAM'},{'JAM_STAND_STILL_TRAFFIC'},30,{6},5.0
2e68dd5d,2e68dd5d4,2020-11-11,7,{'JAM'},{'JAM_MODERATE_TRAFFIC'},30,{6},5.0
2e68dd5d,2e68dd5d4,2020-11-19,17,{'JAM'},{'JAM_STAND_STILL_TRAFFIC'},44,{6},5.386363636363637
2e68dd5d,2e68dd5d4,2020-11-21,17,{'JAM'},{'JAM_HEAVY_TRAFFIC'},6,{6},5.0
2e68dd5f,2e68dd5e4,2020-10-24,8,{'JAM'},{'JAM_MODERATE_TRAFFIC'},21,{7},5.0
2e68dd61,2e68dd604,2020-09-04,18,{'JAM'},{'JAM'},30,{6},5.0
2e68dd61,2e68dd604,2020-09-05,20,{'JAM'},{'JAM_STAND_STILL_TRAFFIC'},29,{6},5.0
2e68dd61,2e68dd604,2020-09-22,17,{'JAM'},{'JAM_STAND_STILL_TRAFFIC'},31,{6},5.612903225806452
2e68dd61,2e68dd604,2020-09-24,18,{'JAM'},{'JAM_STAND_STILL_TRAFFIC'},31,{6},6.0
2e68dd61,2e68dd604,2020-09-26,16,{'JAM'},{'JAM_STAND_STILL_TRAFFIC'},32,{6},5.0
2e68dd61,2e68dd604,2020-10-03,14,{'JAM'},{'JAM_HEAVY_TRAFFIC'},33,{6},5.0
2e68dd61,2e68dd604,2020-10-14,7,{'JAM'},{'JAM_STAND_STILL_TRAFFIC'},61,{6},5.901639344262295
2e68dd61,2e68dd604,2020-10-21,16,{'JAM'},{'JAM_STAND_STILL_TRAFFIC'},36,{6},6.388888888888889
2e68dd61,2e68dd604,2020-10-23,12,{'JAM'},{'JAM_STAND_STILL_TRAFFIC'},100,{6},5.62
2e68dd61,2e68dd604,2020-10-23,13,{'JAM'},{'JAM_STAND_STILL_TRAFFIC'},31,{6},5.0
2e68dd61,2e68dd604,2020-10-27,16,{'JAM'},{'JAM_STAND_STILL_TRAFFIC'},43,{6},6.069767441860465
2e68dd61,2e68dd604,2020-10-27,18,{'JAM'},{'JAM_HEAVY_TRAFFIC'},62,{6},5.0
2e68dd61,2e68dd604,2020-11-02,17,{'JAM'},{'JAM_HEAVY_TRAFFIC'},46,{6},5.8478260869565215
2e68dd61,2e68dd604,2020-11-07,14,{'JAM'},{'JAM_HEAVY_TRAFFIC'},31,{6},5.0
2e68dd61,2e68dd604,2020-11-07,15,{'JAM'},{'JAM_HEAVY_TRAFFIC'},34,{6},5.4411764705882355
2e68dd61,2e68dd604,2020-11-07,18,{'JAM'},{'JAM_STAND_STILL_TRAFFIC'},29,{6},5.655172413793103
2e68dd61,2e68dd604,2020-11-07,20,{'JAM'},{'JAM_STAND_STILL_TRAFFIC'},34,{6},5.0
2e68dd61,2e68dd604,2020-11-12,17,{'JAM'},{'JAM_STAND_STILL_TRAFFIC'},34,{6},6.911764705882353
2e68dd61,2e68dd604,2020-11-12,18,{'JAM'},{'JAM_STAND_STILL_TRAFFIC'},34,{6},5.735294117647059
2e68dd61,2e68dd604,2020-11-19,21,{'JAM'},{'JAM'},31,{6},5.0
2e68dd61,2e68dd60c,2020-09-05,17,{'JAM'},{'JAM_STAND_STILL_TRAFFIC'},30,{6},5.0
2e68dd61,2e68dd60c,2020-10-03,14,{'JAM'},{'JAM_STAND_STILL_TRAFFIC'},31,{6},5.0
2e68dd61,2e68dd60c,2020-10-06,17,{'JAM'},{'JAM_STAND_STILL_TRAFFIC'},6,{6},5.0
2e68dd61,2e68dd60c,2020-10-10,12,{'JAM'},{'JAM_MODERATE_TRAFFIC'},20,{6},5.0
2e68dd61,2e68dd60c,2020-10-14,7,{'JAM'},{'JAM_HEAVY_TRAFFIC'},63,"{22, 6}",5.492063492063492
2e68dd61,2e68dd60c,2020-10-19,17,{'JAM'},{'JAM_HEAVY_TRAFFIC'},30,{6},5.0
2e68dd61,2e68dd60c,2020-10-27,17,{'JAM'},{'JAM_STAND_STILL_TRAFFIC'},32,{6},5.0
2e68dd61,2e68dd60c,2020-11-02,17,{'JAM'},{'JAM_STAND_STILL_TRAFFIC'},31,{6},5.0
2e68dd61,2e68dd60c,2020-11-02,18,{'JAM'},{'JAM_MODERATE_TRAFFIC'},31,{6},5.0
2e68dd61,2e68dd60c,2020-11-05,19,{'JAM'},{'JAM_STAND_STILL_TRAFFIC'},32,{6},5.0
2e68dd61,2e68dd60c,2020-11-07,18,{'JAM'},{'JAM_STAND_STILL_TRAFFIC'},32,{6},5.0
2e68dd61,2e68dd60c,2020-11-09,19,{'JAM'},{'JAM_STAND_STILL_TRAFFIC'},11,{6},5.0
2e68dd61,2e68dd60c,2020-11-12,17,{'JAM'},{'JAM_HEAVY_TRAFFIC'},63,{6},5.0
2e68dd61,2e68dd60c,2020-11-13,20,{'JAM'},{'JAM_STAND_STILL_TRAFFIC'},32,{6},5.0
2e68dd61,2e68dd60c,2020-11-21,11,{'JAM'},{'JAM_HEAVY_TRAFFIC'},8,{6},5.0
2e68dd61,2e68dd60c,2020-11-21,17,{'JAM'},{'JAM_STAND_STILL_TRAFFIC'},11,{6},5.0
2e68dd63,2e68dd634,2020-11-15,13,{'ACCIDENT'},{'ACCIDENT'},110,{1},5.0
2e68dd65,2e68dd64c,2020-09-23,11,{'JAM'},{'JAM'},33,{1},5.0
2e68dd67,2e68dd664,2020-10-18,8,{'WEATHERHAZARD'},{'HAZARD_WEATHER'},30,{22},6.0
2e68dd67,2e68dd66c,2020-10-14,0,{'WEATHERHAZARD'},{'HAZARD_ON_ROAD_CONSTRUCTION'},722,{1},5.0
2e68dd67,2e68dd674,2020-09-01,17,{'JAM'},{'JAM_STAND_STILL_TRAFFIC'},36,{6},5.0
2e68dd67,2e68dd674,2020-09-01,19,{'JAM'},{'JAM_HEAVY_TRAFFIC'},33,{6},5.0
2e68dd67,2e68dd674,2020-09-04,16,{'JAM'},{'JAM_HEAVY_TRAFFIC'},6,{6},5.0
2e68dd67,2e68dd674,2020-09-05,17,{'JAM'},{'JAM_STAND_STILL_TRAFFIC'},31,{6},5.0
2e68dd67,2e68dd674,2020-09-11,18,{'JAM'},{'JAM_STAND_STILL_TRAFFIC'},34,{6},5.0
2e68dd67,2e68dd674,2020-09-15,18,{'JAM'},{'JAM_MODERATE_TRAFFIC'},30,{6},5.0
2e68dd67,2e68dd674,2020-09-21,19,{'JAM'},{'JAM_MODERATE_TRAFFIC'},32,{6},5.96875
2e68dd67,2e68dd674,2020-09-22,19,{'JAM'},{'JAM_HEAVY_TRAFFIC'},60,{6},5.35
2e68dd67,2e68dd674,2020-09-28,11,{'WEATHERHAZARD'},{'WEATHERHAZARD'},31,{6},5.0
2e68dd67,2e68dd674,2020-09-28,17,{'JAM'},{'JAM_STAND_STILL_TRAFFIC'},34,{6},5.0
2e68dd67,2e68dd674,2020-09-30,11,{'JAM'},"{'JAM', 'JAM_STAND_STILL_TRAFFIC'}",63,{6},6.428571428571429
2e68dd67,2e68dd674,2020-10-01,17,{'JAM'},{'JAM_STAND_STILL_TRAFFIC'},31,{6},5.0
2e68dd67,2e68dd674,2020-10-02,16,{'JAM'},{'JAM_STAND_STILL_TRAFFIC'},31,{6},5.0
2e68dd67,2e68dd674,2020-10-03,20,{'JAM'},{'JAM_STAND_STILL_TRAFFIC'},31,{6},5.0
2e68dd67,2e68dd674,2020-10-10,12,{'JAM'},{'JAM_MODERATE_TRAFFIC'},20,{6},5.0
2e68dd67,2e68dd674,2020-10-13,16,{'JAM'},{'JAM_STAND_STILL_TRAFFIC'},37,{6},5.45945945945946
2e68dd67,2e68dd674,2020-10-14,7,{'JAM'},{'JAM_STAND_STILL_TRAFFIC'},26,{6},5.6923076923076925
2e68dd67,2e68dd674,2020-10-19,17,{'JAM'},{'JAM_HEAVY_TRAFFIC'},38,{6},5.421052631578948
2e68dd67,2e68dd674,2020-10-23,13,{'JAM'},"{'JAM_MODERATE_TRAFFIC', 'JAM_HEAVY_TRAFFIC'}",61,{6},5.0
2e68dd67,2e68dd674,2020-10-26,17,{'JAM'},{'JAM_STAND_STILL_TRAFFIC'},54,{6},5.0
2e68dd67,2e68dd674,2020-10-26,19,{'JAM'},{'JAM_HEAVY_TRAFFIC'},35,{6},5.0
2e68dd67,2e68dd674,2020-10-27,19,{'JAM'},{'JAM_HEAVY_TRAFFIC'},30,{6},5.0
2e68dd67,2e68dd674,2020-11-01,13,{'JAM'},{'JAM_STAND_STILL_TRAFFIC'},30,{6},5.0
2e68dd67,2e68dd674,2020-11-02,17,{'JAM'},{'JAM_STAND_STILL_TRAFFIC'},34,{6},5.0
2e68dd67,2e68dd674,2020-11-02,18,{'JAM'},{'JAM_MODERATE_TRAFFIC'},31,{6},5.0
2e68dd67,2e68dd674,2020-11-05,19,{'JAM'},{'JAM_STAND_STILL_TRAFFIC'},31,{6},5.0
2e68dd67,2e68dd674,2020-11-07,16,{'JAM'},{'JAM_HEAVY_TRAFFIC'},29,{6},5.0
2e68dd67,2e68dd674,2020-11-12,17,{'JAM'},"{'JAM_STAND_STILL_TRAFFIC', 'JAM_HEAVY_TRAFFIC'}",62,{6},5.483870967741935
2e68dd67,2e68dd674,2020-11-13,20,{'JAM'},{'JAM_STAND_STILL_TRAFFIC'},62,{6},5.483870967741935
2e68dd67,2e68dd674,2020-11-14,16,{'JAM'},{'JAM_STAND_STILL_TRAFFIC'},47,{6},5.0
2e68dd67,2e68dd674,2020-11-20,16,{'JAM'},{'JAM_STAND_STILL_TRAFFIC'},31,{6},5.0
2e68dd67,2e68dd674,2020-11-21,17,{'JAM'},{'JAM_STAND_STILL_TRAFFIC'},22,{6},5.0
2e68dd67,2e68dd67c,2020-09-04,16,{'JAM'},{'JAM_HEAVY_TRAFFIC'},30,{6},5.0
2e68dd67,2e68dd67c,2020-09-05,10,{'JAM'},{'JAM_STAND_STILL_TRAFFIC'},30,{6},5.0
2e68dd67,2e68dd67c,2020-09-05,15,{'JAM'},{'JAM_HEAVY_TRAFFIC'},31,{6},5.0
2e68dd67,2e68dd67c,2020-09-19,19,{'JAM'},{'JAM_HEAVY_TRAFFIC'},32,{6},5.0
2e68dd67,2e68dd67c,2020-10-09,18,{'JAM'},{'JAM_STAND_STILL_TRAFFIC'},30,{6},5.0
2e68dd67,2e68dd67c,2020-10-26,16,{'JAM'},{'JAM_STAND_STILL_TRAFFIC'},30,{6},5.0
2e68dd67,2e68dd67c,2020-10-26,17,{'JAM'},{'JAM_STAND_STILL_TRAFFIC'},27,{6},5.0
2e68dd67,2e68dd67c,2020-11-07,13,{'JAM'},{'JAM_MODERATE_TRAFFIC'},31,{6},5.0
2e68dd6b,2e68dd6bc,2020-09-05,19,{'WEATHERHAZARD'},"{'WEATHERHAZARD', 'HAZARD_ON_ROAD_CONSTRUCTION'}",746,{1},5.0
2e68dd6f,2e68dd6ec,2020-10-29,5,{'JAM'},{'JAM'},30,{22},5.0
2e68dd6f,2e68dd6fc,2020-09-18,18,{'ACCIDENT'},{'ACCIDENT'},122,{17},5.0
2e68dd6f,2e68dd6fc,2020-10-20,16,{'JAM'},{'JAM_STAND_STILL_TRAFFIC'},30,{1},5.0
2e68e135,2e68e1354,2020-09-01,19,{'JAM'},{'JAM_HEAVY_TRAFFIC'},13,{7},5.0
2e68e135,2e68e1354,2020-09-04,16,{'JAM'},{'JAM_STAND_STILL_TRAFFIC'},6,{7},5.0
2e68e135,2e68e1354,2020-09-05,19,{'JAM'},{'JAM_STAND_STILL_TRAFFIC'},34,{7},5.9411764705882355
2e68e135,2e68e1354,2020-09-06,14,{'JAM'},{'JAM_HEAVY_TRAFFIC'},41,{7},6.121951219512195
2e68e135,2e68e1354,2020-09-06,17,{'JAM'},{'JAM'},31,{7},5.0
2e68e135,2e68e1354,2020-09-12,11,{'JAM'},{'JAM_STAND_STILL_TRAFFIC'},30,{7},5.0
2e68e135,2e68e1354,2020-09-13,15,{'JAM'},{'JAM_STAND_STILL_TRAFFIC'},30,{7},5.966666666666667
2e68e135,2e68e1354,2020-09-13,16,{'JAM'},{'JAM_STAND_STILL_TRAFFIC'},42,{7},5.380952380952381
2e68e135,2e68e1354,2020-09-20,14,{'JAM'},{'JAM_HEAVY_TRAFFIC'},31,{7},5.0
2e68e135,2e68e1354,2020-09-27,13,{'JAM'},{'JAM_STAND_STILL_TRAFFIC'},61,{7},5.278688524590164
2e68e135,2e68e1354,2020-09-27,15,{'JAM'},{'JAM_HEAVY_TRAFFIC'},42,{7},5.666666666666667
2e68e135,2e68e1354,2020-10-10,11,{'JAM'},{'JAM_HEAVY_TRAFFIC'},6,{7},5.0
2e68e135,2e68e1354,2020-10-10,14,{'JAM'},{'JAM_STAND_STILL_TRAFFIC'},30,{7},5.0
2e68e135,2e68e1354,2020-10-11,14,{'JAM'},{'JAM_HEAVY_TRAFFIC'},30,{7},5.0
2e68e135,2e68e1354,2020-10-11,17,{'JAM'},{'JAM_STAND_STILL_TRAFFIC'},30,{7},5.0
2e68e135,2e68e1354,2020-10-17,17,{'JAM'},{'JAM_HEAVY_TRAFFIC'},84,"{1, 7}",5.857142857142857
2e68e135,2e68e1354,2020-10-18,10,{'JAM'},{'JAM_HEAVY_TRAFFIC'},26,{7},5.0
2e68e135,2e68e1354,2020-10-18,14,{'JAM'},{'JAM_STAND_STILL_TRAFFIC'},61,{7},5.327868852459017
2e68e135,2e68e1354,2020-10-18,16,"{'JAM', 'WEATHERHAZARD', 'ACCIDENT'}","{'JAM_HEAVY_TRAFFIC', 'HAZARD_ON_ROAD_POT_HOLE', 'ACCIDENT_MAJOR'}",263,{7},5.733840304182509
2e68e135,2e68e1354,2020-10-18,18,{'JAM'},{'JAM_STAND_STILL_TRAFFIC'},30,{7},5.0
2e68e135,2e68e1354,2020-10-25,12,{'JAM'},{'JAM_STAND_STILL_TRAFFIC'},62,{7},5.82258064516129
2e68e135,2e68e1354,2020-10-25,13,{'JAM'},{'JAM_STAND_STILL_TRAFFIC'},30,{7},6.0
2e68e135,2e68e1354,2020-10-25,15,{'JAM'},"{'JAM_STAND_STILL_TRAFFIC', 'JAM_HEAVY_TRAFFIC'}",64,{7},5.234375
2e68e135,2e68e1354,2020-10-25,16,{'JAM'},{'JAM_STAND_STILL_TRAFFIC'},73,{7},5.438356164383562
2e68e135,2e68e1354,2020-10-25,17,{'JAM'},{'JAM_HEAVY_TRAFFIC'},33,{7},5.0
2e68e135,2e68e1354,2020-10-28,13,{'JAM'},{'JAM_HEAVY_TRAFFIC'},7,{7},5.0
2e68e135,2e68e1354,2020-10-28,17,{'JAM'},{'JAM_MODERATE_TRAFFIC'},30,{7},5.966666666666667
2e68e135,2e68e1354,2020-10-29,8,{'JAM'},{'JAM_STAND_STILL_TRAFFIC'},30,{7},5.0
2e68e135,2e68e1354,2020-10-29,10,{'JAM'},{'JAM_STAND_STILL_TRAFFIC'},25,{7},6.0
2e68e135,2e68e1354,2020-10-29,13,{'JAM'},{'JAM_STAND_STILL_TRAFFIC'},12,{7},5.0
2e68e135,2e68e1354,2020-10-29,18,{'JAM'},{'JAM_STAND_STILL_TRAFFIC'},31,{7},5.0
2e68e135,2e68e1354,2020-10-29,19,{'JAM'},{'JAM_STAND_STILL_TRAFFIC'},42,{7},5.357142857142857
2e68e135,2e68e1354,2020-10-30,8,{'JAM'},{'JAM_HEAVY_TRAFFIC'},31,{7},5.774193548387097
2e68e135,2e68e1354,2020-10-30,9,{'JAM'},{'JAM_HEAVY_TRAFFIC'},31,{7},5.709677419354839
2e68e135,2e68e1354,2020-10-30,10,{'JAM'},{'JAM_MODERATE_TRAFFIC'},15,{7},5.0
2e68e135,2e68e1354,2020-10-30,13,{'JAM'},{'JAM_STAND_STILL_TRAFFIC'},12,{7},5.5
2e68e135,2e68e1354,2020-10-30,14,{'JAM'},{'JAM_STAND_STILL_TRAFFIC'},30,{7},5.0
2e68e135,2e68e1354,2020-10-30,15,{'JAM'},{'JAM_STAND_STILL_TRAFFIC'},26,{7},5.961538461538462
2e68e135,2e68e1354,2020-10-31,9,{'JAM'},{'JAM_MODERATE_TRAFFIC'},32,{7},5.5625
2e68e135,2e68e1354,2020-10-31,11,{'JAM'},{'JAM_STAND_STILL_TRAFFIC'},31,{7},5.903225806451613
2e68e135,2e68e1354,2020-10-31,13,{'JAM'},{'JAM_STAND_STILL_TRAFFIC'},39,{7},6.076923076923077
2e68e135,2e68e1354,2020-11-07,13,{'JAM'},{'JAM_STAND_STILL_TRAFFIC'},33,{7},5.0
2e68e135,2e68e1354,2020-11-07,19,{'JAM'},{'JAM_STAND_STILL_TRAFFIC'},31,{7},5.0
2e68e135,2e68e1354,2020-11-08,13,{'JAM'},{'JAM_STAND_STILL_TRAFFIC'},63,{7},6.253968253968254
2e68e135,2e68e1354,2020-11-14,11,{'JAM'},{'JAM_STAND_STILL_TRAFFIC'},34,{7},5.0
2e68e135,2e68e1354,2020-11-14,17,{'JAM'},{'JAM_STAND_STILL_TRAFFIC'},33,{7},5.0
2e68e135,2e68e1354,2020-11-15,13,{'JAM'},{'JAM_STAND_STILL_TRAFFIC'},29,{7},5.0
2e68e135,2e68e1354,2020-11-15,18,{'JAM'},{'JAM_HEAVY_TRAFFIC'},17,{7},5.0
2e68e135,2e68e1354,2020-11-20,16,{'JAM'},{'JAM_STAND_STILL_TRAFFIC'},34,{7},5.0
2e68e135,2e68e1354,2020-11-21,11,{'JAM'},{'JAM_STAND_STILL_TRAFFIC'},32,{7},5.0
2e68e135,2e68e1354,2020-11-21,15,{'JAM'},{'JAM_STAND_STILL_TRAFFIC'},31,{7},5.0
2e68e135,2e68e1354,2020-11-22,11,{'JAM'},{'JAM_STAND_STILL_TRAFFIC'},13,{7},5.0
2e68e135,2e68e1354,2020-11-22,16,{'JAM'},{'JAM_STAND_STILL_TRAFFIC'},19,{7},5.947368421052632
2e68e135,2e68e135c,2020-09-13,15,"{'JAM', 'ACCIDENT'}","{'JAM_STAND_STILL_TRAFFIC', 'ACCIDENT_MINOR'}",73,{7},5.8493150684931505
2e68e135,2e68e135c,2020-09-13,16,{'JAM'},{'JAM_MODERATE_TRAFFIC'},31,{7},5.935483870967742
2e68e135,2e68e135c,2020-09-27,15,{'JAM'},{'JAM_STAND_STILL_TRAFFIC'},39,{7},5.384615384615385
2e68e135,2e68e135c,2020-09-27,16,{'JAM'},{'JAM_STAND_STILL_TRAFFIC'},30,{7},5.0
2e68e135,2e68e135c,2020-10-10,17,{'JAM'},{'JAM_STAND_STILL_TRAFFIC'},31,{7},5.0
2e68e135,2e68e135c,2020-10-10,18,{'JAM'},{'JAM_STAND_STILL_TRAFFIC'},31,{7},5.0
2e68e135,2e68e135c,2020-10-11,13,{'JAM'},{'JAM_STAND_STILL_TRAFFIC'},30,{7},5.0
2e68e135,2e68e135c,2020-10-11,15,{'JAM'},{'JAM_STAND_STILL_TRAFFIC'},32,{7},5.0
2e68e135,2e68e135c,2020-10-17,17,{'JAM'},{'JAM_HEAVY_TRAFFIC'},3,{7},5.0
2e68e135,2e68e135c,2020-10-22,15,{'JAM'},{'JAM_MODERATE_TRAFFIC'},31,{7},6.0
2e68e135,2e68e135c,2020-10-24,17,{'JAM'},{'JAM_MODERATE_TRAFFIC'},31,{7},5.0
2e68e135,2e68e135c,2020-10-25,11,{'JAM'},{'JAM_STAND_STILL_TRAFFIC'},30,{7},5.0
2e68e135,2e68e135c,2020-10-25,16,{'JAM'},{'JAM_STAND_STILL_TRAFFIC'},1,{7},6.0
2e68e135,2e68e135c,2020-10-29,8,{'JAM'},{'JAM_HEAVY_TRAFFIC'},32,{7},5.0
2e68e135,2e68e135c,2020-10-29,10,{'JAM'},{'JAM_STAND_STILL_TRAFFIC'},20,{7},9.9
2e68e135,2e68e135c,2020-10-29,11,{'JAM'},{'JAM_STAND_STILL_TRAFFIC'},31,{7},5.483870967741935
2e68e135,2e68e135c,2020-10-29,13,{'JAM'},{'JAM_STAND_STILL_TRAFFIC'},31,{7},5.0
2e68e135,2e68e135c,2020-10-29,15,{'JAM'},{'JAM_MODERATE_TRAFFIC'},40,{7},5.45
2e68e135,2e68e135c,2020-10-29,16,{'JAM'},{'JAM_STAND_STILL_TRAFFIC'},31,{7},5.0
2e68e135,2e68e135c,2020-11-02,11,{'JAM'},{'JAM_MODERATE_TRAFFIC'},5,{7},5.0
2e68e135,2e68e135c,2020-11-07,12,{'JAM'},{'JAM'},30,{7},5.0
2e68e135,2e68e135c,2020-11-07,18,{'JAM'},{'JAM_STAND_STILL_TRAFFIC'},32,{7},5.0
2e68e135,2e68e135c,2020-11-14,19,{'JAM'},{'JAM_HEAVY_TRAFFIC'},30,{7},5.0
2e68e135,2e68e135c,2020-11-15,9,{'JAM'},{'JAM_STAND_STILL_TRAFFIC'},33,{7},5.0
2e68e135,2e68e135c,2020-11-15,14,{'JAM'},{'JAM_MODERATE_TRAFFIC'},6,{7},5.0
2e68e135,2e68e135c,2020-11-15,20,{'JAM'},{'JAM_HEAVY_TRAFFIC'},31,{7},5.0
2e68e135,2e68e135c,2020-11-21,9,{'JAM'},{'JAM_MODERATE_TRAFFIC'},31,{7},5.0
2e68e135,2e68e135c,2020-11-22,10,{'JAM'},{'JAM_STAND_STILL_TRAFFIC'},31,{7},7.225806451612903
2e68e147,2e68e147c,2020-09-06,12,{'JAM'},{'JAM_STAND_STILL_TRAFFIC'},10,{2},6.0
2e68e147,2e68e147c,2020-10-04,8,{'JAM'},{'JAM_STAND_STILL_TRAFFIC'},32,{2},6.125
2e68e147,2e68e147c,2020-10-04,11,{'JAM'},{'JAM_HEAVY_TRAFFIC'},30,{2},5.0
2e68e147,2e68e147c,2020-10-04,15,{'JAM'},{'JAM_STAND_STILL_TRAFFIC'},32,{2},5.0
2e68e147,2e68e147c,2020-10-10,11,{'JAM'},{'JAM_STAND_STILL_TRAFFIC'},30,{2},5.0
2e68e147,2e68e147c,2020-10-10,12,{'JAM'},{'JAM_STAND_STILL_TRAFFIC'},30,{2},5.0
2e68e147,2e68e147c,2020-10-10,13,{'JAM'},{'JAM_HEAVY_TRAFFIC'},39,{2},6.256410256410256
2e68e147,2e68e147c,2020-10-10,17,{'JAM'},{'JAM_STAND_STILL_TRAFFIC'},28,{2},6.535714285714286
2e68e147,2e68e147c,2020-10-11,9,{'JAM'},{'JAM_STAND_STILL_TRAFFIC'},45,{2},5.4222222222222225
2e68e147,2e68e147c,2020-10-11,11,{'JAM'},{'JAM_STAND_STILL_TRAFFIC'},15,{2},8.0
2e68e147,2e68e147c,2020-10-17,13,{'JAM'},{'JAM_MODERATE_TRAFFIC'},5,{2},6.0
2e68e147,2e68e147c,2020-10-17,15,{'JAM'},{'JAM'},12,{2},5.0
2e68e147,2e68e147c,2020-10-17,18,{'JAM'},{'JAM_STAND_STILL_TRAFFIC'},32,{2},5.0
2e68e147,2e68e147c,2020-10-18,8,{'JAM'},{'JAM_MODERATE_TRAFFIC'},19,{2},5.0
2e68e147,2e68e147c,2020-10-18,13,{'JAM'},{'JAM_STAND_STILL_TRAFFIC'},21,{2},6.0476190476190474
2e68e147,2e68e147c,2020-10-20,10,{'JAM'},{'JAM_HEAVY_TRAFFIC'},31,{2},5.0
2e68e147,2e68e147c,2020-10-21,12,{'JAM'},{'JAM_STAND_STILL_TRAFFIC'},34,{2},5.0
2e68e147,2e68e147c,2020-10-22,14,{'JAM'},{'JAM_HEAVY_TRAFFIC'},37,{2},8.27027027027027
2e68e147,2e68e147c,2020-10-22,18,{'JAM'},{'JAM_STAND_STILL_TRAFFIC'},30,{2},5.0
2e68e147,2e68e147c,2020-10-22,19,{'JAM'},{'JAM_STAND_STILL_TRAFFIC'},19,{2},5.0
2e68e147,2e68e147c,2020-10-23,9,{'JAM'},{'JAM_STAND_STILL_TRAFFIC'},7,{2},5.0
2e68e147,2e68e147c,2020-10-23,14,{'WEATHERHAZARD'},{'HAZARD_ON_ROAD_CONSTRUCTION'},346,{2},8.283236994219653
2e68e147,2e68e147c,2020-10-23,16,{'JAM'},{'JAM_STAND_STILL_TRAFFIC'},31,{2},5.0
2e68e147,2e68e147c,2020-10-23,20,{'JAM'},{'JAM_STAND_STILL_TRAFFIC'},7,{2},5.0
2e68e147,2e68e147c,2020-10-24,13,{'JAM'},{'JAM_STAND_STILL_TRAFFIC'},17,{2},5.176470588235294
2e68e147,2e68e147c,2020-10-24,17,{'JAM'},{'JAM_HEAVY_TRAFFIC'},30,{2},5.0
2e68e147,2e68e147c,2020-10-25,11,{'JAM'},{'JAM_STAND_STILL_TRAFFIC'},16,{2},6.0
2e68e147,2e68e147c,2020-10-25,18,{'JAM'},{'JAM_STAND_STILL_TRAFFIC'},32,{2},5.6875
2e68e147,2e68e147c,2020-10-26,12,{'JAM'},{'JAM_HEAVY_TRAFFIC'},31,{2},5.0
2e68e147,2e68e147c,2020-10-27,18,{'JAM'},{'JAM_STAND_STILL_TRAFFIC'},30,{2},5.0
2e68e147,2e68e147c,2020-10-27,19,{'JAM'},{'JAM_STAND_STILL_TRAFFIC'},23,{2},5.0
2e68e147,2e68e147c,2020-10-28,9,{'JAM'},{'JAM_STAND_STILL_TRAFFIC'},34,{2},5.0
2e68e147,2e68e147c,2020-10-28,10,"{'JAM', 'WEATHERHAZARD'}","{'JAM_STAND_STILL_TRAFFIC', 'HAZARD_ON_ROAD_CONSTRUCTION'}",311,{2},9.128617363344052
2e68e147,2e68e147c,2020-10-28,11,{'JAM'},{'JAM_MODERATE_TRAFFIC'},30,{2},5.0
2e68e147,2e68e147c,2020-10-28,15,{'JAM'},{'JAM_STAND_STILL_TRAFFIC'},59,{2},5.966101694915254
2e68e147,2e68e147c,2020-10-29,9,{'WEATHERHAZARD'},{'HAZARD_ON_ROAD_CONSTRUCTION'},30,{2},8.1
2e68e147,2e68e147c,2020-10-29,10,{'WEATHERHAZARD'},{'HAZARD_ON_ROAD_CONSTRUCTION'},101,{2},9.603960396039604
2e68e147,2e68e147c,2020-10-29,12,{'JAM'},{'JAM_HEAVY_TRAFFIC'},41,{2},9.21951219512195
2e68e147,2e68e147c,2020-10-29,15,{'WEATHERHAZARD'},{'HAZARD_ON_ROAD_CONSTRUCTION'},121,{2},8.148760330578513
2e68e147,2e68e147c,2020-10-30,8,"{'JAM', 'WEATHERHAZARD'}","{'HAZARD_ON_ROAD_CONSTRUCTION', 'JAM_MODERATE_TRAFFIC'}",123,{2},8.373983739837398
2e68e147,2e68e147c,2020-10-30,13,{'WEATHERHAZARD'},{'HAZARD_ON_ROAD_CONSTRUCTION'},26,{2},6.423076923076923
2e68e147,2e68e147c,2020-10-30,15,{'WEATHERHAZARD'},{'HAZARD_ON_ROAD_CONSTRUCTION'},721,{2},9.876560332871012
2e68e147,2e68e147c,2020-10-31,8,{'WEATHERHAZARD'},{'HAZARD_ON_ROAD_CONSTRUCTION'},139,{2},8.654676258992806
2e68e147,2e68e147c,2020-11-03,16,{'JAM'},{'JAM_STAND_STILL_TRAFFIC'},31,{2},5.0
2e68e147,2e68e147c,2020-11-03,17,{'JAM'},{'JAM_STAND_STILL_TRAFFIC'},25,{2},5.6
2e68e147,2e68e147c,2020-11-06,14,{'JAM'},{'JAM_HEAVY_TRAFFIC'},31,{2},5.0
2e68e147,2e68e147c,2020-11-07,10,"{'JAM', 'WEATHERHAZARD'}","{'JAM_STAND_STILL_TRAFFIC', 'HAZARD_ON_ROAD_CONSTRUCTION'}",438,{2},9.018264840182649
2e68e147,2e68e147c,2020-11-07,12,{'JAM'},{'JAM_STAND_STILL_TRAFFIC'},45,{2},8.844444444444445
2e68e147,2e68e147c,2020-11-07,16,{'JAM'},{'JAM_STAND_STILL_TRAFFIC'},30,{2},5.0
2e68e147,2e68e147c,2020-11-07,19,{'JAM'},{'JAM_STAND_STILL_TRAFFIC'},32,{2},5.0
2e68e147,2e68e147c,2020-11-08,13,{'JAM'},{'JAM_STAND_STILL_TRAFFIC'},44,{2},6.931818181818182
2e68e147,2e68e147c,2020-11-08,14,"{'JAM', 'WEATHERHAZARD'}","{'JAM_STAND_STILL_TRAFFIC', 'HAZARD_ON_ROAD_CONSTRUCTION'}",80,{2},5.7125
2e68e147,2e68e147c,2020-11-08,18,{'WEATHERHAZARD'},{'HAZARD_ON_ROAD_CONSTRUCTION'},720,{2},5.972222222222222
2e68e147,2e68e147c,2020-11-10,14,{'WEATHERHAZARD'},{'HAZARD_ON_ROAD_CONSTRUCTION'},385,{2},7.875324675324675
2e68e149,2e68e1484,2020-10-04,9,{'JAM'},{'JAM_HEAVY_TRAFFIC'},35,{2},9.314285714285715
2e68e149,2e68e1484,2020-10-04,10,{'JAM'},{'JAM_STAND_STILL_TRAFFIC'},32,{2},5.0
2e68e149,2e68e1484,2020-10-04,14,{'JAM'},{'JAM_STAND_STILL_TRAFFIC'},27,{2},8.074074074074074
2e68e149,2e68e1484,2020-10-10,14,{'JAM'},{'JAM_HEAVY_TRAFFIC'},27,{2},5.0
2e68e149,2e68e1484,2020-10-11,10,{'JAM'},{'JAM_STAND_STILL_TRAFFIC'},39,{2},5.410256410256411
2e68e149,2e68e1484,2020-10-11,11,{'JAM'},{'JAM_STAND_STILL_TRAFFIC'},49,{2},6.326530612244898
2e68e149,2e68e1484,2020-10-17,9,{'JAM'},{'JAM_MODERATE_TRAFFIC'},1,{2},5.0
2e68e149,2e68e1484,2020-10-17,11,{'JAM'},{'JAM_MODERATE_TRAFFIC'},31,{2},5.903225806451613
2e68e149,2e68e1484,2020-10-18,9,{'JAM'},{'JAM_STAND_STILL_TRAFFIC'},42,{2},5.904761904761905
2e68e149,2e68e1484,2020-10-18,12,{'JAM'},{'JAM_STAND_STILL_TRAFFIC'},69,{2},5.188405797101449
2e68e149,2e68e1484,2020-10-23,14,{'JAM'},{'JAM_STAND_STILL_TRAFFIC'},13,{2},5.0
2e68e149,2e68e1484,2020-10-24,8,{'JAM'},{'JAM_STAND_STILL_TRAFFIC'},30,{2},7.7
2e68e149,2e68e1484,2020-10-24,9,{'JAM'},{'JAM_STAND_STILL_TRAFFIC'},24,{2},6.875
2e68e149,2e68e1484,2020-10-25,8,{'JAM'},{'JAM_HEAVY_TRAFFIC'},25,{2},6.64
2e68e149,2e68e1484,2020-10-25,9,{'JAM'},{'JAM_STAND_STILL_TRAFFIC'},33,{2},5.0
2e68e149,2e68e1484,2020-10-25,10,{'WEATHERHAZARD'},{'HAZARD_ON_ROAD_POT_HOLE'},186,{2},8.67741935483871
2e68e149,2e68e1484,2020-10-25,13,{'JAM'},{'JAM_STAND_STILL_TRAFFIC'},15,{2},6.0
2e68e149,2e68e1484,2020-10-27,15,{'JAM'},{'JAM_STAND_STILL_TRAFFIC'},32,{2},5.65625
2e68e149,2e68e1484,2020-10-28,14,{'JAM'},{'JAM_STAND_STILL_TRAFFIC'},31,{2},5.0
2e68e149,2e68e1484,2020-10-28,15,{'JAM'},{'JAM_STAND_STILL_TRAFFIC'},2,{2},5.0
2e68e149,2e68e1484,2020-10-29,8,{'JAM'},{'JAM_HEAVY_TRAFFIC'},31,{2},7.806451612903226
2e68e149,2e68e1484,2020-10-29,9,{'JAM'},{'JAM_STAND_STILL_TRAFFIC'},43,{2},7.767441860465116
2e68e149,2e68e1484,2020-10-30,15,{'JAM'},{'JAM_STAND_STILL_TRAFFIC'},9,{2},5.888888888888889
2e68e149,2e68e1484,2020-10-31,8,{'JAM'},{'JAM_MODERATE_TRAFFIC'},31,{2},6.064516129032258
2e68e149,2e68e1484,2020-10-31,13,{'JAM'},{'JAM_STAND_STILL_TRAFFIC'},44,{2},5.75
2e68e149,2e68e1484,2020-11-03,11,{'WEATHERHAZARD'},{'HAZARD_ON_ROAD_CONSTRUCTION'},138,{2},7.615942028985507
2e68e149,2e68e1484,2020-11-04,20,{'JAM'},{'JAM_STAND_STILL_TRAFFIC'},31,{2},5.0
2e68e149,2e68e1484,2020-11-06,11,{'WEATHERHAZARD'},{'HAZARD_ON_ROAD_CONSTRUCTION'},79,{2},7.2784810126582276
2e68e149,2e68e1484,2020-11-07,7,{'JAM'},{'JAM_HEAVY_TRAFFIC'},30,{2},5.0
2e68e149,2e68e1484,2020-11-08,12,{'WEATHERHAZARD'},{'HAZARD_ON_ROAD_CONSTRUCTION'},125,{2},7.712
2e68e149,2e68e1484,2020-11-08,16,{'JAM'},{'JAM_STAND_STILL_TRAFFIC'},30,{2},5.0
2e68e149,2e68e1484,2020-11-10,13,{'JAM'},{'JAM'},30,{2},5.0
2e68e149,2e68e1484,2020-11-10,15,{'JAM'},{'JAM_STAND_STILL_TRAFFIC'},31,{2},5.0
2e68e149,2e68e148c,2020-09-27,11,{'JAM'},{'JAM_STAND_STILL_TRAFFIC'},30,{2},5.0
2e68e149,2e68e148c,2020-10-04,9,{'JAM'},{'JAM_HEAVY_TRAFFIC'},1,{2},5.0
2e68e149,2e68e148c,2020-10-10,15,{'JAM'},{'JAM_STAND_STILL_TRAFFIC'},31,{2},5.0
2e68e149,2e68e148c,2020-10-11,11,{'JAM'},{'JAM_STAND_STILL_TRAFFIC'},4,{2},6.0
2e68e149,2e68e148c,2020-10-17,13,{'JAM'},"{'JAM_STAND_STILL_TRAFFIC', 'JAM_MODERATE_TRAFFIC'}",71,{2},7.619718309859155
2e68e149,2e68e148c,2020-10-18,11,{'JAM'},{'JAM_STAND_STILL_TRAFFIC'},31,{2},5.516129032258065
2e68e149,2e68e148c,2020-10-18,12,{'JAM'},{'JAM_STAND_STILL_TRAFFIC'},40,{2},8.1
2e68e149,2e68e148c,2020-10-23,14,{'JAM'},{'JAM_STAND_STILL_TRAFFIC'},18,{2},6.0
2e68e149,2e68e148c,2020-10-24,10,{'JAM'},{'JAM_STAND_STILL_TRAFFIC'},9,{2},5.0
2e68e149,2e68e148c,2020-10-24,13,{'JAM'},{'JAM_STAND_STILL_TRAFFIC'},26,{2},8.576923076923077
2e68e149,2e68e148c,2020-10-24,14,{'JAM'},{'JAM_STAND_STILL_TRAFFIC'},22,{2},6.954545454545454
2e68e149,2e68e148c,2020-10-24,17,{'JAM'},{'JAM_STAND_STILL_TRAFFIC'},32,{2},5.0
2e68e149,2e68e148c,2020-10-25,8,{'JAM'},{'JAM_HEAVY_TRAFFIC'},37,{2},9.91891891891892
2e68e149,2e68e148c,2020-10-25,9,{'JAM'},{'JAM_STAND_STILL_TRAFFIC'},33,{2},6.909090909090909
2e68e149,2e68e148c,2020-10-25,10,{'JAM'},{'JAM_STAND_STILL_TRAFFIC'},31,{2},5.903225806451613
2e68e149,2e68e148c,2020-10-25,11,{'JAM'},{'JAM_STAND_STILL_TRAFFIC'},24,{2},5.0
2e68e149,2e68e148c,2020-10-25,13,{'JAM'},{'JAM_STAND_STILL_TRAFFIC'},30,{2},5.0
2e68e149,2e68e148c,2020-10-25,16,{'JAM'},{'JAM_STAND_STILL_TRAFFIC'},7,{2},5.428571428571429
2e68e149,2e68e148c,2020-10-28,13,{'JAM'},{'JAM'},31,{2},5.0
2e68e149,2e68e148c,2020-10-29,9,{'JAM'},{'JAM_STAND_STILL_TRAFFIC'},10,{2},10.0
2e68e149,2e68e148c,2020-10-29,11,{'JAM'},{'JAM_STAND_STILL_TRAFFIC'},30,{2},5.8
2e68e149,2e68e148c,2020-10-29,13,{'JAM'},{'JAM_STAND_STILL_TRAFFIC'},31,{2},5.967741935483871
2e68e149,2e68e148c,2020-10-30,12,{'JAM'},{'JAM_STAND_STILL_TRAFFIC'},30,{2},5.7
2e68e149,2e68e148c,2020-10-31,11,{'JAM'},{'JAM_STAND_STILL_TRAFFIC'},8,{2},5.0
2e68e149,2e68e148c,2020-10-31,13,{'JAM'},{'JAM_STAND_STILL_TRAFFIC'},39,{2},6.717948717948718
2e68e149,2e68e148c,2020-10-31,16,{'JAM'},{'JAM_STAND_STILL_TRAFFIC'},48,{2},5.354166666666667
2e68e149,2e68e148c,2020-11-01,9,{'JAM'},{'JAM_STAND_STILL_TRAFFIC'},60,{2},5.5
2e68e149,2e68e148c,2020-11-01,11,{'JAM'},{'JAM_STAND_STILL_TRAFFIC'},31,{2},5.0
2e68e149,2e68e148c,2020-11-01,12,{'JAM'},{'JAM_STAND_STILL_TRAFFIC'},5,{2},5.0
2e68e149,2e68e148c,2020-11-02,12,{'WEATHERHAZARD'},{'HAZARD_ON_ROAD_CONSTRUCTION'},720,{2},8.441666666666666
2e68e149,2e68e148c,2020-11-03,11,{'JAM'},{'JAM_STAND_STILL_TRAFFIC'},33,{2},5.0
2e68e149,2e68e148c,2020-11-03,14,{'JAM'},{'JAM_STAND_STILL_TRAFFIC'},17,{2},5.0
2e68e149,2e68e148c,2020-11-04,8,{'JAM'},{'JAM_STAND_STILL_TRAFFIC'},36,{2},5.0
2e68e149,2e68e148c,2020-11-04,9,{'JAM'},{'JAM_STAND_STILL_TRAFFIC'},30,{2},5.0
2e68e149,2e68e148c,2020-11-04,13,{'JAM'},{'JAM_STAND_STILL_TRAFFIC'},24,{2},7.0
2e68e149,2e68e148c,2020-11-04,18,{'JAM'},{'JAM_STAND_STILL_TRAFFIC'},65,{2},6.015384615384615
2e68e149,2e68e148c,2020-11-05,12,{'JAM'},{'JAM_HEAVY_TRAFFIC'},31,{2},5.0
2e68e149,2e68e148c,2020-11-05,13,{'JAM'},{'JAM_STAND_STILL_TRAFFIC'},32,{2},5.0
2e68e149,2e68e148c,2020-11-05,19,{'JAM'},{'JAM'},9,{2},5.0
2e68e149,2e68e148c,2020-11-06,8,{'JAM'},{'JAM_STAND_STILL_TRAFFIC'},5,{2},5.0
2e68e149,2e68e148c,2020-11-06,9,{'JAM'},{'JAM_STAND_STILL_TRAFFIC'},18,{2},5.0
2e68e149,2e68e148c,2020-11-07,9,{'JAM'},{'JAM_STAND_STILL_TRAFFIC'},44,{2},5.75
2e68e149,2e68e148c,2020-11-07,11,{'JAM'},{'JAM_STAND_STILL_TRAFFIC'},42,{2},6.0476190476190474
2e68e149,2e68e148c,2020-11-07,13,{'JAM'},{'JAM_STAND_STILL_TRAFFIC'},30,{2},5.0
2e68e149,2e68e148c,2020-11-07,14,{'JAM'},{'JAM_STAND_STILL_TRAFFIC'},30,{2},5.0
2e68e149,2e68e148c,2020-11-07,17,{'JAM'},{'JAM_STAND_STILL_TRAFFIC'},33,{2},5.0
2e68e149,2e68e148c,2020-11-07,19,{'JAM'},{'JAM_STAND_STILL_TRAFFIC'},5,{2},5.0
2e68e149,2e68e148c,2020-11-08,12,{'JAM'},{'JAM_STAND_STILL_TRAFFIC'},29,{2},6.689655172413793
2e68e149,2e68e1494,2020-09-06,12,{'JAM'},{'JAM_STAND_STILL_TRAFFIC'},8,{2},5.0
2e68e149,2e68e1494,2020-10-03,14,{'JAM'},{'JAM_STAND_STILL_TRAFFIC'},33,{2},5.0
2e68e149,2e68e1494,2020-10-04,10,{'JAM'},{'JAM_STAND_STILL_TRAFFIC'},30,{1},5.0
2e68e149,2e68e1494,2020-10-04,13,{'JAM'},{'JAM_HEAVY_TRAFFIC'},43,{2},7.162790697674419
2e68e149,2e68e1494,2020-10-04,14,{'JAM'},"{'JAM_STAND_STILL_TRAFFIC', 'JAM_HEAVY_TRAFFIC'}",57,{2},5.0
2e68e149,2e68e1494,2020-10-11,12,{'JAM'},{'JAM_HEAVY_TRAFFIC'},30,{2},5.966666666666667
2e68e149,2e68e1494,2020-10-15,21,{'JAM'},{'JAM_MODERATE_TRAFFIC'},19,{2},5.0
2e68e149,2e68e1494,2020-10-17,13,{'JAM'},{'JAM_STAND_STILL_TRAFFIC'},10,{2},5.0
2e68e149,2e68e1494,2020-10-17,14,{'JAM'},{'JAM_STAND_STILL_TRAFFIC'},30,{2},5.0
2e68e149,2e68e1494,2020-10-18,10,{'JAM'},{'JAM_STAND_STILL_TRAFFIC'},31,{2},5.0
2e68e149,2e68e1494,2020-10-24,9,{'JAM'},{'JAM_STAND_STILL_TRAFFIC'},9,{2},7.0
2e68e149,2e68e1494,2020-10-24,10,{'JAM'},{'JAM_STAND_STILL_TRAFFIC'},67,{2},7.149253731343284
2e68e149,2e68e1494,2020-10-24,13,{'JAM'},{'JAM_STAND_STILL_TRAFFIC'},36,{2},7.388888888888889
2e68e149,2e68e1494,2020-10-24,15,{'JAM'},{'JAM_STAND_STILL_TRAFFIC'},6,{2},5.0
2e68e149,2e68e1494,2020-10-26,9,{'JAM'},{'JAM'},30,{2},5.633333333333334
2e68e149,2e68e1494,2020-10-29,9,{'JAM'},{'JAM_STAND_STILL_TRAFFIC'},53,{2},8.924528301886792
2e68e149,2e68e1494,2020-10-29,12,{'JAM'},{'JAM_STAND_STILL_TRAFFIC'},50,{2},7.06
2e68e149,2e68e1494,2020-10-29,17,{'JAM'},{'JAM_MODERATE_TRAFFIC'},32,{2},5.0
2e68e149,2e68e1494,2020-10-30,8,{'WEATHERHAZARD'},{'HAZARD_ON_ROAD_CONSTRUCTION'},40,{2},10.0
2e68e149,2e68e1494,2020-10-30,10,{'JAM'},{'JAM'},33,{2},5.0
2e68e149,2e68e1494,2020-10-30,13,{'JAM'},{'JAM_STAND_STILL_TRAFFIC'},63,{2},6.26984126984127
2e68e149,2e68e1494,2020-10-31,11,{'JAM'},{'JAM_STAND_STILL_TRAFFIC'},69,{2},8.91304347826087
2e68e149,2e68e1494,2020-10-31,15,{'JAM'},{'JAM_STAND_STILL_TRAFFIC'},20,{2},7.75
2e68e149,2e68e1494,2020-11-01,12,{'JAM'},{'JAM_STAND_STILL_TRAFFIC'},25,{2},6.84
2e68e149,2e68e1494,2020-11-01,13,{'JAM'},{'JAM_STAND_STILL_TRAFFIC'},30,{2},5.0
2e68e149,2e68e1494,2020-11-01,15,{'WEATHERHAZARD'},{'HAZARD_ON_ROAD_CONSTRUCTION'},721,{2},6.611650485436893
2e68e149,2e68e1494,2020-11-04,10,{'JAM'},{'JAM_STAND_STILL_TRAFFIC'},49,{2},5.6938775510204085
2e68e149,2e68e1494,2020-11-04,12,{'JAM'},{'JAM_STAND_STILL_TRAFFIC'},31,{2},5.0
2e68e149,2e68e1494,2020-11-04,13,{'JAM'},{'JAM_STAND_STILL_TRAFFIC'},8,{2},5.0
2e68e149,2e68e1494,2020-11-04,16,{'JAM'},{'JAM_STAND_STILL_TRAFFIC'},5,{2},5.0
2e68e149,2e68e1494,2020-11-05,10,{'JAM'},{'JAM_STAND_STILL_TRAFFIC'},32,{2},5.0
2e68e149,2e68e1494,2020-11-05,14,{'JAM'},{'JAM_STAND_STILL_TRAFFIC'},33,{2},6.545454545454546
2e68e149,2e68e1494,2020-11-06,10,{'JAM'},{'JAM_HEAVY_TRAFFIC'},37,{2},6.405405405405405
2e68e149,2e68e1494,2020-11-06,11,{'JAM'},{'JAM_STAND_STILL_TRAFFIC'},40,{2},9.0
2e68e149,2e68e1494,2020-11-07,8,{'JAM'},{'JAM_HEAVY_TRAFFIC'},44,{2},5.818181818181818
2e68e149,2e68e1494,2020-11-07,10,{'JAM'},{'JAM_STAND_STILL_TRAFFIC'},31,{2},5.0
2e68e149,2e68e1494,2020-11-07,12,{'JAM'},{'JAM_STAND_STILL_TRAFFIC'},11,{2},10.0
2e68e149,2e68e1494,2020-11-07,16,{'JAM'},{'JAM_STAND_STILL_TRAFFIC'},52,{2},8.903846153846153
2e68e149,2e68e1494,2020-11-07,17,{'JAM'},{'JAM_STAND_STILL_TRAFFIC'},22,{2},7.863636363636363
2e68e149,2e68e1494,2020-11-07,18,{'JAM'},{'JAM_STAND_STILL_TRAFFIC'},31,{2},5.0
2e68e149,2e68e1494,2020-11-08,10,{'JAM'},{'JAM_STAND_STILL_TRAFFIC'},50,{2},7.44
2e68e149,2e68e1494,2020-11-08,12,{'JAM'},{'JAM'},31,{2},6.193548387096774
2e68e149,2e68e1494,2020-11-08,13,{'JAM'},{'JAM_STAND_STILL_TRAFFIC'},30,{2},5.0
2e68e149,2e68e1494,2020-11-21,14,{'JAM'},{'JAM_MODERATE_TRAFFIC'},32,{2},5.0
2e68e149,2e68e1494,2020-11-22,9,{'JAM'},{'JAM_MODERATE_TRAFFIC'},6,{2},5.0
2e68e149,2e68e149c,2020-09-18,18,{'JAM'},{'JAM_MODERATE_TRAFFIC'},7,{7},5.0
2e68e149,2e68e149c,2020-10-18,13,{'JAM'},{'JAM_STAND_STILL_TRAFFIC'},31,{7},5.0
2e68e149,2e68e149c,2020-10-18,14,{'JAM'},{'JAM_STAND_STILL_TRAFFIC'},31,{7},5.935483870967742
2e68e149,2e68e149c,2020-10-18,18,{'JAM'},{'JAM_STAND_STILL_TRAFFIC'},31,{7},5.0
2e68e149,2e68e149c,2020-10-25,10,{'JAM'},{'JAM'},6,{7},5.0
2e68e149,2e68e149c,2020-10-25,13,{'JAM'},{'JAM_HEAVY_TRAFFIC'},34,{7},5.0
2e68e149,2e68e149c,2020-10-25,16,{'JAM'},{'JAM_STAND_STILL_TRAFFIC'},47,{7},5.361702127659575
2e68e149,2e68e149c,2020-10-30,13,{'JAM'},{'JAM_HEAVY_TRAFFIC'},31,{7},5.0
2e68e149,2e68e149c,2020-11-08,17,{'JAM'},{'JAM_STAND_STILL_TRAFFIC'},31,{7},5.0
2e68e149,2e68e149c,2020-11-14,13,{'JAM'},{'JAM_STAND_STILL_TRAFFIC'},29,{7},5.0
2e68e149,2e68e149c,2020-11-14,18,{'JAM'},{'JAM_STAND_STILL_TRAFFIC'},31,{7},5.967741935483871
2e68e149,2e68e149c,2020-11-15,18,{'JAM'},{'JAM_MODERATE_TRAFFIC'},1,{7},5.0
2e68e149,2e68e149c,2020-11-21,9,{'JAM'},{'JAM_HEAVY_TRAFFIC'},31,{7},5.0
2e68e149,2e68e149c,2020-11-21,11,{'JAM'},{'JAM_STAND_STILL_TRAFFIC'},7,{7},5.0
2e68e14b,2e68e14a4,2020-09-05,19,{'JAM'},{'JAM_STAND_STILL_TRAFFIC'},18,{7},5.0
2e68e14b,2e68e14a4,2020-09-06,12,{'JAM'},{'JAM_STAND_STILL_TRAFFIC'},21,{7},5.0
2e68e14b,2e68e14a4,2020-09-13,15,{'JAM'},{'JAM_HEAVY_TRAFFIC'},36,{7},6.694444444444445
2e68e14b,2e68e14a4,2020-09-20,14,{'JAM'},{'JAM_STAND_STILL_TRAFFIC'},8,{7},5.0
2e68e14b,2e68e14a4,2020-09-28,16,{'JAM'},{'JAM'},24,{7},6.0
2e68e14b,2e68e14a4,2020-10-04,10,{'JAM'},{'JAM_STAND_STILL_TRAFFIC'},11,{7},5.0
2e68e14b,2e68e14a4,2020-10-10,14,{'JAM'},{'JAM_STAND_STILL_TRAFFIC'},32,{7},5.0
2e68e14b,2e68e14a4,2020-10-10,18,{'JAM'},{'JAM_HEAVY_TRAFFIC'},31,{7},5.0
2e68e14b,2e68e14a4,2020-10-11,13,{'JAM'},{'JAM_STAND_STILL_TRAFFIC'},31,{7},5.0
2e68e14b,2e68e14a4,2020-10-11,15,{'JAM'},{'JAM_STAND_STILL_TRAFFIC'},66,{7},5.7272727272727275
2e68e14b,2e68e14a4,2020-10-11,18,{'JAM'},{'JAM_HEAVY_TRAFFIC'},65,{7},5.0
2e68e14b,2e68e14a4,2020-10-18,14,{'JAM'},{'JAM_STAND_STILL_TRAFFIC'},31,{7},6.612903225806452
2e68e14b,2e68e14a4,2020-10-18,15,{'JAM'},{'JAM_STAND_STILL_TRAFFIC'},30,{7},5.0
2e68e14b,2e68e14a4,2020-10-24,15,{'JAM'},{'JAM_HEAVY_TRAFFIC'},30,{7},7.333333333333333
2e68e14b,2e68e14a4,2020-10-24,17,{'JAM'},{'JAM_STAND_STILL_TRAFFIC'},30,{7},5.0
2e68e14b,2e68e14a4,2020-10-28,10,{'JAM'},{'JAM'},24,{7},5.791666666666667
2e68e14b,2e68e14a4,2020-10-28,11,{'JAM'},{'JAM_STAND_STILL_TRAFFIC'},32,{7},5.0
2e68e14b,2e68e14a4,2020-10-28,17,{'JAM'},{'JAM_MODERATE_TRAFFIC'},30,{7},5.966666666666667
2e68e14b,2e68e14a4,2020-10-29,10,{'JAM'},{'JAM_STAND_STILL_TRAFFIC'},30,{7},5.0
2e68e14b,2e68e14a4,2020-10-29,13,{'JAM'},{'JAM_STAND_STILL_TRAFFIC'},31,{7},5.0
2e68e14b,2e68e14a4,2020-10-29,15,{'JAM'},"{'JAM_STAND_STILL_TRAFFIC', 'JAM_HEAVY_TRAFFIC'}",71,{7},5.211267605633803
2e68e14b,2e68e14a4,2020-10-29,17,{'JAM'},{'JAM_HEAVY_TRAFFIC'},45,{7},5.4222222222222225
2e68e14b,2e68e14a4,2020-10-30,9,{'JAM'},{'JAM_STAND_STILL_TRAFFIC'},33,{7},6.636363636363637
2e68e14b,2e68e14a4,2020-10-30,13,{'JAM'},{'JAM_STAND_STILL_TRAFFIC'},31,{7},5.806451612903226
2e68e14b,2e68e14a4,2020-10-31,8,{'JAM'},{'JAM_HEAVY_TRAFFIC'},86,{7},5.558139534883721
2e68e14b,2e68e14a4,2020-10-31,11,{'JAM'},{'JAM_STAND_STILL_TRAFFIC'},31,{7},5.870967741935484
2e68e14b,2e68e14a4,2020-10-31,14,{'JAM'},{'JAM_STAND_STILL_TRAFFIC'},39,{7},6.384615384615385
2e68e14b,2e68e14a4,2020-11-01,11,{'JAM'},{'JAM_HEAVY_TRAFFIC'},18,{7},5.944444444444445
2e68e14b,2e68e14a4,2020-11-07,10,{'JAM'},{'JAM_HEAVY_TRAFFIC'},33,{7},5.848484848484849
2e68e14b,2e68e14a4,2020-11-07,11,{'JAM'},{'JAM'},32,{7},5.0
2e68e14b,2e68e14a4,2020-11-07,12,{'JAM'},{'JAM'},31,{7},5.0
2e68e14b,2e68e14a4,2020-11-07,18,{'JAM'},"{'JAM_STAND_STILL_TRAFFIC', 'JAM_HEAVY_TRAFFIC'}",63,{7},5.0
2e68e14b,2e68e14a4,2020-11-08,15,{'JAM'},"{'JAM_STAND_STILL_TRAFFIC', 'JAM_HEAVY_TRAFFIC'}",61,{7},5.0
2e68e14b,2e68e14a4,2020-11-14,11,{'JAM'},{'JAM_STAND_STILL_TRAFFIC'},63,{7},5.0
2e68e14b,2e68e14a4,2020-11-14,14,{'JAM'},{'JAM_STAND_STILL_TRAFFIC'},26,{7},5.0
2e68e14b,2e68e14a4,2020-11-14,16,{'JAM'},{'JAM_HEAVY_TRAFFIC'},22,{7},5.0
2e68e14b,2e68e14a4,2020-11-15,9,{'JAM'},{'JAM_HEAVY_TRAFFIC'},30,{7},5.0
2e68e14b,2e68e14a4,2020-11-15,11,{'JAM'},{'JAM_STAND_STILL_TRAFFIC'},30,{7},5.0
2e68e14b,2e68e14a4,2020-11-15,18,{'JAM'},{'JAM_MODERATE_TRAFFIC'},18,{7},6.0
2e68e14b,2e68e14a4,2020-11-15,20,{'JAM'},"{'JAM_MODERATE_TRAFFIC', 'JAM_HEAVY_TRAFFIC'}",63,{7},5.0
2e68e14b,2e68e14a4,2020-11-21,12,{'JAM'},{'JAM_STAND_STILL_TRAFFIC'},15,{7},5.0
2e68e14b,2e68e14a4,2020-11-21,15,{'JAM'},{'JAM_STAND_STILL_TRAFFIC'},30,{7},6.8
2e68e14b,2e68e14a4,2020-11-22,10,{'JAM'},{'JAM_STAND_STILL_TRAFFIC'},30,{7},5.0
2e68e14b,2e68e14b4,2020-09-27,11,{'JAM'},{'JAM_HEAVY_TRAFFIC'},31,{2},5.838709677419355
2e68e14b,2e68e14b4,2020-10-18,11,{'JAM'},{'JAM_HEAVY_TRAFFIC'},30,{2},5.0
2e68e14b,2e68e14b4,2020-10-24,13,{'JAM'},{'JAM_STAND_STILL_TRAFFIC'},29,{2},5.862068965517241
2e68e14b,2e68e14b4,2020-10-29,11,{'JAM'},{'JAM_STAND_STILL_TRAFFIC'},30,{2},5.266666666666667
2e68e14b,2e68e14b4,2020-10-31,15,{'JAM'},{'JAM_HEAVY_TRAFFIC'},30,{2},5.0
2e68e14b,2e68e14b4,2020-11-06,14,{'WEATHERHAZARD'},{'HAZARD_ON_ROAD_CONSTRUCTION'},682,{2},5.771260997067449
2e68e14b,2e68e14b4,2020-11-07,10,{'JAM'},{'JAM_STAND_STILL_TRAFFIC'},30,{2},5.0
2e68e14b,2e68e14b4,2020-11-07,12,{'JAM'},{'JAM_STAND_STILL_TRAFFIC'},81,{2},7.518518518518518
2e68e14b,2e68e14b4,2020-11-07,13,{'JAM'},{'JAM_STAND_STILL_TRAFFIC'},32,{2},5.84375
2e68e14b,2e68e14bc,2020-09-27,11,{'JAM'},{'JAM_HEAVY_TRAFFIC'},30,{2},5.0
2e68e14b,2e68e14bc,2020-10-03,11,{'JAM'},{'JAM_HEAVY_TRAFFIC'},21,{2},5.0
2e68e14b,2e68e14bc,2020-10-04,17,{'JAM'},{'JAM_STAND_STILL_TRAFFIC'},39,{2},5.384615384615385
2e68e14b,2e68e14bc,2020-10-10,11,{'JAM'},{'JAM_HEAVY_TRAFFIC'},14,{2},5.0
2e68e14b,2e68e14bc,2020-10-17,13,{'JAM'},{'JAM_MODERATE_TRAFFIC'},30,{2},5.0
2e68e14b,2e68e14bc,2020-10-18,12,{'JAM'},{'JAM_HEAVY_TRAFFIC'},30,{2},5.966666666666667
2e68e14b,2e68e14bc,2020-10-24,11,{'JAM'},{'JAM_STAND_STILL_TRAFFIC'},102,{2},7.6568627450980395
2e68e14b,2e68e14bc,2020-10-25,10,{'JAM'},{'JAM_STAND_STILL_TRAFFIC'},31,{2},5.0
2e68e14b,2e68e14bc,2020-10-25,13,{'JAM'},{'JAM_LIGHT_TRAFFIC'},14,{2},5.0
2e68e14b,2e68e14bc,2020-10-29,12,{'JAM'},{'JAM_STAND_STILL_TRAFFIC'},41,{2},8.341463414634147
2e68e14b,2e68e14bc,2020-10-29,13,{'JAM'},{'JAM_STAND_STILL_TRAFFIC'},11,{2},5.0
2e68e14b,2e68e14bc,2020-10-30,13,{'JAM'},"{'JAM_STAND_STILL_TRAFFIC', 'JAM_HEAVY_TRAFFIC'}",63,{2},5.888888888888889
2e68e14b,2e68e14bc,2020-10-31,10,{'JAM'},{'JAM_MODERATE_TRAFFIC'},30,{2},5.0
2e68e14b,2e68e14bc,2020-10-31,11,{'JAM'},{'JAM_STAND_STILL_TRAFFIC'},55,{2},5.927272727272728
2e68e14b,2e68e14bc,2020-10-31,13,{'JAM'},{'JAM_STAND_STILL_TRAFFIC'},21,{2},6.285714285714286
2e68e14b,2e68e14bc,2020-10-31,15,{'JAM'},{'JAM_STAND_STILL_TRAFFIC'},11,{2},5.090909090909091
2e68e14b,2e68e14bc,2020-11-04,10,{'JAM'},{'JAM_STAND_STILL_TRAFFIC'},24,{2},5.5
2e68e14b,2e68e14bc,2020-11-06,14,{'JAM'},{'JAM'},40,{2},6.425
2e68e14b,2e68e14bc,2020-11-07,9,{'JAM'},{'JAM_STAND_STILL_TRAFFIC'},54,{2},5.851851851851852
2e68e14b,2e68e14bc,2020-11-07,12,{'JAM'},{'JAM_STAND_STILL_TRAFFIC'},55,{2},7.381818181818182
2e68e14b,2e68e14bc,2020-11-15,14,{'JAM'},{'JAM_STAND_STILL_TRAFFIC'},32,{2},5.84375
2e68e41f,2e68e41e4,2020-11-05,9,{'JAM'},{'JAM_STAND_STILL_TRAFFIC'},30,{2},5.0
2e68e41f,2e68e41f4,2020-10-27,17,{'JAM'},{'JAM_STAND_STILL_TRAFFIC'},20,{2},5.0
2e68e41f,2e68e41f4,2020-11-20,16,{'WEATHERHAZARD'},{'WEATHERHAZARD'},31,{2},5.0
2e68e421,2e68e421c,2020-10-30,18,{'ACCIDENT'},{'ACCIDENT_MAJOR'},120,{2},5.0
2e68e421,2e68e421c,2020-11-07,18,{'JAM'},{'JAM_HEAVY_TRAFFIC'},5,{2},5.0
2e68e423,2e68e423c,2020-09-08,11,{'WEATHERHAZARD'},{'HAZARD_WEATHER_FLOOD'},30,{1},5.0
2e68e425,2e68e425c,2020-11-02,11,{'JAM'},{'JAM_STAND_STILL_TRAFFIC'},6,{1},5.0
2e68e427,2e68e4274,2020-10-11,2,{'WEATHERHAZARD'},{'WEATHERHAZARD'},32,{1},5.0
2e68e429,2e68e4294,2020-09-16,13,{'WEATHERHAZARD'},{'HAZARD_ON_ROAD_POT_HOLE'},5315,{1},5.321354656632173
2e68e429,2e68e4294,2020-09-29,13,{'WEATHERHAZARD'},{'HAZARD_ON_ROAD_POT_HOLE'},14411,{1},5.491985289015336
2e68e429,2e68e4294,2020-10-02,15,{'WEATHERHAZARD'},{'HAZARD_ON_ROAD_POT_HOLE'},6146,{1},5.098926130816792
2e68e429,2e68e4294,2020-10-07,12,{'ACCIDENT'},{'ACCIDENT_MAJOR'},120,{1},5.0
2e68e429,2e68e4294,2020-10-16,13,{'WEATHERHAZARD'},{'HAZARD_ON_ROAD_POT_HOLE'},9995,{1},9.33696848424212
2e68e429,2e68e4294,2020-11-05,16,{'WEATHERHAZARD'},{'HAZARD_ON_ROAD_POT_HOLE'},20001,{1},6.391630418479076
2e68e429,2e68e4294,2020-11-11,13,{'WEATHERHAZARD'},"{'HAZARD_ON_ROAD_CONSTRUCTION', 'HAZARD_ON_ROAD_POT_HOLE'}",6640,{1},7.37710843373494
2e68e429,2e68e429c,2020-10-28,8,{'WEATHERHAZARD'},{'WEATHERHAZARD'},31,{2},5.0
2e68e42b,2e68e42a4,2020-11-07,5,"{'WEATHERHAZARD', 'ACCIDENT'}","{'WEATHERHAZARD', 'ACCIDENT'}",150,{22},5.773333333333333
2e68e42b,2e68e42a4,2020-11-12,16,"{'WEATHERHAZARD', 'ACCIDENT'}","{'HAZARD_ON_SHOULDER_CAR_STOPPED', 'ACCIDENT'}",157,{22},5.0
2e68e42d,2e68e42c4,2020-10-29,16,{'JAM'},{'JAM'},33,{1},5.0
2e68e42d,2e68e42cc,2020-09-15,16,{'JAM'},{'JAM_MODERATE_TRAFFIC'},18,{1},5.0
2e68e42d,2e68e42cc,2020-10-25,16,{'JAM'},{'JAM_HEAVY_TRAFFIC'},32,{1},5.0
2e68e42d,2e68e42cc,2020-10-25,17,{'JAM'},{'JAM_MODERATE_TRAFFIC'},31,{1},5.0
2e68e435,2e68e4344,2020-09-28,20,{'JAM'},{'JAM_STAND_STILL_TRAFFIC'},30,{6},5.0
2e68e435,2e68e4344,2020-10-12,9,{'JAM'},{'JAM_MODERATE_TRAFFIC'},30,{6},5.0
2e68e435,2e68e4344,2020-11-07,8,{'JAM'},{'JAM_HEAVY_TRAFFIC'},61,{6},5.0
2e68e435,2e68e4344,2020-11-10,16,{'JAM'},{'JAM_STAND_STILL_TRAFFIC'},30,{6},5.0
2e68e435,2e68e4344,2020-11-19,10,{'JAM'},{'JAM_STAND_STILL_TRAFFIC'},30,{6},5.0
2e68e435,2e68e4344,2020-11-21,20,{'JAM'},{'JAM_MODERATE_TRAFFIC'},4,{6},5.0
2e68e435,2e68e434c,2020-10-09,9,{'JAM'},{'JAM_STAND_STILL_TRAFFIC'},116,"{2, 6}",5.387931034482759
2e68e435,2e68e434c,2020-10-09,13,{'JAM'},{'JAM_STAND_STILL_TRAFFIC'},33,{2},5.818181818181818
2e68e435,2e68e434c,2020-10-16,19,{'JAM'},{'JAM_HEAVY_TRAFFIC'},21,{6},5.428571428571429
2e68e435,2e68e434c,2020-11-10,16,{'JAM'},{'JAM_HEAVY_TRAFFIC'},31,{6},5.0
2e68e435,2e68e4354,2020-10-06,8,{'JAM'},{'JAM'},31,{1},5.0
2e68e58b,2e68e58ac,2020-11-21,13,{'JAM'},{'JAM_STAND_STILL_TRAFFIC'},10,{1},7.1
2e68e58b,2e68e58b4,2020-09-11,17,{'JAM'},{'JAM_STAND_STILL_TRAFFIC'},32,{1},5.90625
2e68e58b,2e68e58b4,2020-10-31,17,{'JAM'},{'JAM_HEAVY_TRAFFIC'},31,{1},5.741935483870968
2e68e58b,2e68e58b4,2020-11-14,14,{'JAM'},{'JAM_MODERATE_TRAFFIC'},9,{1},5.0
2e68e58d,2e68e58c4,2020-09-22,16,{'ROAD_CLOSED'},{'ROAD_CLOSED_EVENT'},17640,{2},6.045181405895692
2e68e58d,2e68e58c4,2020-10-05,0,{'ROAD_CLOSED'},{'ROAD_CLOSED_EVENT'},2,{2},6.0
2e68e58d,2e68e58cc,2020-11-06,18,{'JAM'},{'JAM_HEAVY_TRAFFIC'},31,{2},5.0
2e68e58d,2e68e58cc,2020-11-09,16,{'JAM'},{'JAM_STAND_STILL_TRAFFIC'},31,{2},5.0
2e68e5c3,2e68e5c34,2020-10-22,21,{'JAM'},{'JAM'},32,{1},5.0
2e68e5c5,2e68e5c54,2020-11-21,12,{'JAM'},{'JAM_HEAVY_TRAFFIC'},6,{6},6.0
2e68e5c9,2e68e5c8c,2020-10-02,16,{'JAM'},{'JAM_HEAVY_TRAFFIC'},67,{7},5.0
2e68e5c9,2e68e5c8c,2020-10-23,17,{'JAM'},{'JAM_HEAVY_TRAFFIC'},30,{2},5.633333333333334
2e68e5cb,2e68e5ca4,2020-11-21,7,{'ACCIDENT'},{'ACCIDENT'},120,{22},5.941666666666666
2e68e5cb,2e68e5cb4,2020-09-22,11,{'JAM'},{'JAM_STAND_STILL_TRAFFIC'},30,{6},5.0
2e68e5cb,2e68e5cb4,2020-10-30,14,{'JAM'},{'JAM_HEAVY_TRAFFIC'},7,{6},5.0
2e68e5cd,2e68e5cc4,2020-09-25,12,{'JAM'},{'JAM_HEAVY_TRAFFIC'},17,{6},5.0
2e68e5cd,2e68e5cc4,2020-09-28,17,{'JAM'},"{'JAM_STAND_STILL_TRAFFIC', 'JAM_HEAVY_TRAFFIC'}",86,{6},5.116279069767442
2e68e5cd,2e68e5cc4,2020-09-28,19,{'JAM'},{'JAM'},31,{6},5.0
2e68e5cd,2e68e5cc4,2020-10-07,14,{'JAM'},{'JAM_MODERATE_TRAFFIC'},17,{7},5.0
2e68e5cd,2e68e5cc4,2020-10-29,15,{'JAM'},{'JAM_HEAVY_TRAFFIC'},30,{6},5.0
2e68e5cd,2e68e5cc4,2020-10-30,14,{'JAM'},{'JAM_STAND_STILL_TRAFFIC'},24,{6},5.0
2e68e5cd,2e68e5cc4,2020-11-10,15,{'JAM'},{'JAM_STAND_STILL_TRAFFIC'},38,{6},5.947368421052632
2e68e5cd,2e68e5cc4,2020-11-11,8,{'JAM'},"{'JAM_STAND_STILL_TRAFFIC', 'JAM_MODERATE_TRAFFIC'}",52,"{6, 7}",5.0
2e68e5cd,2e68e5ccc,2020-09-23,17,{'JAM'},{'JAM_STAND_STILL_TRAFFIC'},33,{6},5.0
2e68e5cd,2e68e5ccc,2020-09-28,17,{'JAM'},{'JAM_HEAVY_TRAFFIC'},64,{6},7.1875
2e68e5cd,2e68e5ccc,2020-10-09,9,{'JAM'},{'JAM_HEAVY_TRAFFIC'},34,{6},5.4411764705882355
2e68e5cd,2e68e5ccc,2020-10-20,17,{'JAM'},{'JAM_HEAVY_TRAFFIC'},34,{6},5.0
2e68e5cd,2e68e5ccc,2020-10-24,13,{'JAM'},{'JAM_STAND_STILL_TRAFFIC'},101,{6},5.356435643564357
2e68e5cd,2e68e5ccc,2020-10-25,15,{'JAM'},{'JAM_MODERATE_TRAFFIC'},30,{6},5.0
2e68e5cd,2e68e5ccc,2020-11-10,17,{'JAM'},{'JAM_STAND_STILL_TRAFFIC'},31,{6},5.0
2e68e5cd,2e68e5cdc,2020-09-30,15,{'JAM'},"{'JAM', 'JAM_HEAVY_TRAFFIC'}",62,{2},5.0
2e68e5cd,2e68e5cdc,2020-10-06,14,{'JAM'},{'JAM_HEAVY_TRAFFIC'},31,{2},5.0
2e68e5cd,2e68e5cdc,2020-10-17,8,{'JAM'},{'JAM_MODERATE_TRAFFIC'},30,{2},5.0
2e68e5cd,2e68e5cdc,2020-10-21,15,{'WEATHERHAZARD'},{'HAZARD_ON_ROAD_OBJECT'},62,{2},5.0
2e68e5cd,2e68e5cdc,2020-10-24,13,{'JAM'},{'JAM_STAND_STILL_TRAFFIC'},30,{2},7.9
2e68e5cd,2e68e5cdc,2020-10-26,17,{'JAM'},{'JAM_HEAVY_TRAFFIC'},26,{2},5.0
2e68e5cd,2e68e5cdc,2020-10-27,10,{'JAM'},{'JAM_HEAVY_TRAFFIC'},32,{2},5.0
2e68e5cd,2e68e5cdc,2020-11-01,16,{'JAM'},{'JAM_STAND_STILL_TRAFFIC'},30,{2},5.0
2e68e5cd,2e68e5cdc,2020-11-10,11,{'JAM'},{'JAM_HEAVY_TRAFFIC'},32,{2},5.0
2e68e5cd,2e68e5cdc,2020-11-11,14,{'JAM'},{'JAM_HEAVY_TRAFFIC'},30,{2},5.0
2e68e5cd,2e68e5cdc,2020-11-15,15,{'JAM'},{'JAM_STAND_STILL_TRAFFIC'},33,{2},5.0
2e68e5cd,2e68e5cdc,2020-11-17,14,{'JAM'},{'JAM_HEAVY_TRAFFIC'},61,{2},5.0
2e68e5cf,2e68e5ce4,2020-09-01,9,{'JAM'},{'JAM'},31,{7},5.0
2e68e5cf,2e68e5ce4,2020-09-23,16,{'JAM'},{'JAM_HEAVY_TRAFFIC'},33,{2},5.0
2e68e5cf,2e68e5ce4,2020-09-23,17,{'JAM'},"{'JAM_MODERATE_TRAFFIC', 'JAM_HEAVY_TRAFFIC'}",62,{7},5.5
2e68e5cf,2e68e5ce4,2020-09-28,12,{'JAM'},{'JAM_HEAVY_TRAFFIC'},7,{2},5.0
2e68e5cf,2e68e5ce4,2020-09-28,18,{'JAM'},{'JAM_STAND_STILL_TRAFFIC'},66,"{6, 7}",5.0
2e68e5cf,2e68e5ce4,2020-09-28,19,{'JAM'},{'JAM_HEAVY_TRAFFIC'},6,{7},5.0
2e68e5cf,2e68e5ce4,2020-10-03,11,{'JAM'},{'JAM_HEAVY_TRAFFIC'},32,{2},5.0
2e68e5cf,2e68e5ce4,2020-10-03,15,{'JAM'},{'JAM_HEAVY_TRAFFIC'},13,{2},5.0
2e68e5cf,2e68e5ce4,2020-10-05,19,{'JAM'},{'JAM_HEAVY_TRAFFIC'},45,{2},5.355555555555555
2e68e5cf,2e68e5ce4,2020-10-07,7,{'JAM'},{'JAM_STAND_STILL_TRAFFIC'},30,{2},5.0
2e68e5cf,2e68e5ce4,2020-10-08,15,{'JAM'},{'JAM_STAND_STILL_TRAFFIC'},31,{2},5.0
2e68e5cf,2e68e5ce4,2020-10-09,9,{'WEATHERHAZARD'},{'WEATHERHAZARD'},30,{7},5.0
2e68e5cf,2e68e5ce4,2020-10-10,8,{'JAM'},{'JAM_HEAVY_TRAFFIC'},32,{2},5.65625
2e68e5cf,2e68e5ce4,2020-10-10,10,{'JAM'},{'JAM_MODERATE_TRAFFIC'},27,{2},5.0
2e68e5cf,2e68e5ce4,2020-10-10,14,{'JAM'},{'JAM_STAND_STILL_TRAFFIC'},8,{2},5.0
2e68e5cf,2e68e5ce4,2020-10-11,16,{'JAM'},{'JAM_STAND_STILL_TRAFFIC'},31,{2},5.0
2e68e5cf,2e68e5ce4,2020-10-17,14,{'JAM'},{'JAM_STAND_STILL_TRAFFIC'},30,{7},5.0
2e68e5cf,2e68e5ce4,2020-10-17,15,{'JAM'},{'JAM_HEAVY_TRAFFIC'},30,{2},5.0
2e68e5cf,2e68e5ce4,2020-10-24,13,{'JAM'},{'JAM_HEAVY_TRAFFIC'},37,{2},5.45945945945946
2e68e5cf,2e68e5ce4,2020-10-24,18,{'JAM'},{'JAM_MODERATE_TRAFFIC'},34,{7},5.0
2e68e5cf,2e68e5ce4,2020-10-25,12,{'JAM'},{'JAM_MODERATE_TRAFFIC'},30,{7},5.0
2e68e5cf,2e68e5ce4,2020-10-25,17,{'JAM'},{'JAM_STAND_STILL_TRAFFIC'},30,{7},5.0
2e68e5cf,2e68e5ce4,2020-10-26,7,{'JAM'},{'JAM_HEAVY_TRAFFIC'},30,{2},5.0
2e68e5cf,2e68e5ce4,2020-10-26,13,{'JAM'},"{'JAM', 'JAM_STAND_STILL_TRAFFIC'}",39,"{2, 7}",5.0
2e68e5cf,2e68e5ce4,2020-10-27,10,{'JAM'},{'JAM_STAND_STILL_TRAFFIC'},30,{7},5.566666666666666
2e68e5cf,2e68e5ce4,2020-10-31,11,{'JAM'},{'JAM_STAND_STILL_TRAFFIC'},31,{7},5.0
2e68e5cf,2e68e5ce4,2020-11-01,10,{'JAM'},"{'JAM_MODERATE_TRAFFIC', 'JAM_HEAVY_TRAFFIC'}",39,"{2, 7}",5.769230769230769
2e68e5cf,2e68e5ce4,2020-11-02,8,{'JAM'},{'JAM_HEAVY_TRAFFIC'},31,{2},5.0
2e68e5cf,2e68e5ce4,2020-11-03,11,{'JAM'},{'JAM_STAND_STILL_TRAFFIC'},34,{6},5.0
2e68e5cf,2e68e5ce4,2020-11-04,13,{'JAM'},{'JAM_STAND_STILL_TRAFFIC'},31,{2},5.0
2e68e5cf,2e68e5ce4,2020-11-09,15,{'JAM'},{'JAM_STAND_STILL_TRAFFIC'},33,{2},5.0
2e68e5cf,2e68e5ce4,2020-11-10,17,{'JAM'},{'JAM_HEAVY_TRAFFIC'},33,{7},5.484848484848484
2e68e5cf,2e68e5ce4,2020-11-11,8,{'JAM'},{'JAM_HEAVY_TRAFFIC'},31,{6},5.0
2e68e5cf,2e68e5ce4,2020-11-11,14,{'JAM'},{'JAM_HEAVY_TRAFFIC'},30,{7},5.0
2e68e5cf,2e68e5ce4,2020-11-12,12,{'JAM'},{'JAM_STAND_STILL_TRAFFIC'},44,{2},5.363636363636363
2e68e5cf,2e68e5ce4,2020-11-18,9,{'JAM'},{'JAM_STAND_STILL_TRAFFIC'},30,{2},5.733333333333333
2e68e5cf,2e68e5ce4,2020-11-18,16,{'JAM'},{'JAM_STAND_STILL_TRAFFIC'},42,{2},5.380952380952381
2e68e5cf,2e68e5ce4,2020-11-19,7,{'JAM'},{'JAM_HEAVY_TRAFFIC'},5,{7},5.0
2e68e5cf,2e68e5cec,2020-10-02,18,{'JAM'},{'JAM_HEAVY_TRAFFIC'},31,{22},5.0
2e68e5cf,2e68e5cec,2020-10-03,14,{'JAM'},{'JAM_STAND_STILL_TRAFFIC'},32,{7},5.0
2e68e5cf,2e68e5cec,2020-10-15,11,{'JAM'},{'JAM_HEAVY_TRAFFIC'},43,{22},5.348837209302325
2e68e5cf,2e68e5cec,2020-11-02,9,{'JAM'},{'JAM_STAND_STILL_TRAFFIC'},30,{7},5.0
2e68e5cf,2e68e5cf4,2020-09-17,11,{'JAM'},{'JAM_MODERATE_TRAFFIC'},32,{7},5.0
2e68e5cf,2e68e5cf4,2020-10-03,15,{'JAM'},{'JAM_HEAVY_TRAFFIC'},30,{7},5.933333333333334
2e68e5cf,2e68e5cf4,2020-10-12,17,{'JAM'},{'JAM_MODERATE_TRAFFIC'},30,{7},5.0
2e68e5cf,2e68e5cf4,2020-10-19,8,{'JAM'},{'JAM_STAND_STILL_TRAFFIC'},31,{7},5.709677419354839
2e68e5cf,2e68e5cf4,2020-10-24,10,{'JAM'},{'JAM_STAND_STILL_TRAFFIC'},30,{7},5.0
2e68e5cf,2e68e5cf4,2020-10-24,13,{'JAM'},{'JAM_HEAVY_TRAFFIC'},31,{7},5.0
2e68e5cf,2e68e5cf4,2020-10-24,14,{'JAM'},{'JAM'},31,{7},5.0
2e68e5cf,2e68e5cf4,2020-10-25,17,{'JAM'},{'JAM_STAND_STILL_TRAFFIC'},61,{7},5.80327868852459
2e68e5cf,2e68e5cf4,2020-10-30,15,{'JAM'},{'JAM_MODERATE_TRAFFIC'},31,{7},5.0
2e68e5cf,2e68e5cf4,2020-11-07,18,{'JAM'},{'JAM_HEAVY_TRAFFIC'},31,{7},5.0
2e68e5cf,2e68e5cf4,2020-11-09,13,{'JAM'},{'JAM_HEAVY_TRAFFIC'},32,{7},5.0
2e68e5cf,2e68e5cf4,2020-11-12,15,{'JAM'},{'JAM_HEAVY_TRAFFIC'},31,{7},5.0
2e68e5cf,2e68e5cf4,2020-11-17,18,{'JAM'},{'JAM_HEAVY_TRAFFIC'},30,{7},5.0
2e68e5cf,2e68e5cf4,2020-11-18,9,{'JAM'},{'JAM_MODERATE_TRAFFIC'},31,{7},5.903225806451613
2e68e5cf,2e68e5cfc,2020-09-05,15,{'JAM'},{'JAM_MODERATE_TRAFFIC'},31,{7},5.0
2e68e5cf,2e68e5cfc,2020-09-05,19,{'JAM'},{'JAM_HEAVY_TRAFFIC'},29,{7},5.0
2e68e5cf,2e68e5cfc,2020-09-10,14,{'JAM'},{'JAM_MODERATE_TRAFFIC'},32,{6},5.0
2e68e5cf,2e68e5cfc,2020-09-11,16,{'JAM'},{'JAM_STAND_STILL_TRAFFIC'},31,{7},5.0
2e68e5cf,2e68e5cfc,2020-09-11,18,{'JAM'},{'JAM'},32,{6},5.0
2e68e5cf,2e68e5cfc,2020-09-12,16,{'JAM'},{'JAM_HEAVY_TRAFFIC'},31,{7},5.0
2e68e5cf,2e68e5cfc,2020-09-14,14,{'JAM'},{'JAM_HEAVY_TRAFFIC'},30,{7},5.0
2e68e5cf,2e68e5cfc,2020-09-28,17,{'JAM'},{'JAM_HEAVY_TRAFFIC'},31,{6},5.0
2e68e5cf,2e68e5cfc,2020-09-28,18,{'JAM'},{'JAM_STAND_STILL_TRAFFIC'},30,{6},5.666666666666667
2e68e5cf,2e68e5cfc,2020-10-05,16,{'JAM'},{'JAM_MODERATE_TRAFFIC'},30,{7},5.0
2e68e5cf,2e68e5cfc,2020-10-08,12,{'JAM'},"{'JAM', 'JAM_STAND_STILL_TRAFFIC'}",64,"{6, 7}",5.0
2e68e5cf,2e68e5cfc,2020-10-17,18,{'JAM'},{'JAM_HEAVY_TRAFFIC'},31,{7},5.838709677419355
2e68e5cf,2e68e5cfc,2020-10-19,8,{'JAM'},{'JAM_STAND_STILL_TRAFFIC'},30,{7},5.733333333333333
2e68e5cf,2e68e5cfc,2020-10-19,11,{'JAM'},{'JAM_MODERATE_TRAFFIC'},30,{6},6.0
2e68e5cf,2e68e5cfc,2020-10-19,13,{'JAM'},{'JAM_MODERATE_TRAFFIC'},30,{6},5.0
2e68e5cf,2e68e5cfc,2020-10-21,7,{'JAM'},{'JAM_HEAVY_TRAFFIC'},31,{6},5.645161290322581
2e68e5cf,2e68e5cfc,2020-10-25,12,{'JAM'},{'JAM_HEAVY_TRAFFIC'},31,{7},5.0
2e68e5cf,2e68e5cfc,2020-10-26,13,{'JAM'},{'JAM_HEAVY_TRAFFIC'},31,{7},5.580645161290323
2e68e5cf,2e68e5cfc,2020-10-27,10,{'JAM'},{'JAM_STAND_STILL_TRAFFIC'},30,{7},5.633333333333334
2e68e5cf,2e68e5cfc,2020-11-01,10,{'JAM'},{'JAM_HEAVY_TRAFFIC'},30,{7},5.0
2e68e5cf,2e68e5cfc,2020-11-02,11,{'JAM'},{'JAM_HEAVY_TRAFFIC'},33,{7},5.0
2e68e5cf,2e68e5cfc,2020-11-11,7,{'JAM'},{'JAM_STAND_STILL_TRAFFIC'},32,{7},5.46875
2e68e5cf,2e68e5cfc,2020-11-11,8,{'JAM'},{'JAM_STAND_STILL_TRAFFIC'},33,{6},5.0
2e68e5cf,2e68e5cfc,2020-11-11,14,{'JAM'},{'JAM_HEAVY_TRAFFIC'},49,{7},5.326530612244898
2e68e5cf,2e68e5cfc,2020-11-18,16,{'JAM'},{'JAM_STAND_STILL_TRAFFIC'},35,{7},5.457142857142857
2e68e5cf,2e68e5cfc,2020-11-22,15,{'JAM'},{'JAM_STAND_STILL_TRAFFIC'},31,{7},5.0
2e68e5d3,2e68e5d24,2020-09-05,6,{'JAM'},{'JAM_MODERATE_TRAFFIC'},29,{17},5.0
2e68e5d3,2e68e5d24,2020-10-09,14,{'JAM'},{'JAM_MODERATE_TRAFFIC'},38,{2},5.473684210526316
2e68e5d3,2e68e5d24,2020-10-24,13,{'JAM'},{'JAM_STAND_STILL_TRAFFIC'},34,{2},5.0
2e68e5d3,2e68e5d24,2020-10-24,14,{'JAM'},{'JAM_STAND_STILL_TRAFFIC'},96,"{2, 22}",5.677083333333333
2e68e5d3,2e68e5d2c,2020-10-24,13,{'JAM'},{'JAM_HEAVY_TRAFFIC'},42,{2},6.357142857142857
2e68e5d3,2e68e5d2c,2020-10-24,14,{'JAM'},{'JAM_STAND_STILL_TRAFFIC'},122,{2},5.237704918032787
2e68e5d3,2e68e5d2c,2020-10-25,17,{'JAM'},"{'JAM_STAND_STILL_TRAFFIC', 'JAM_HEAVY_TRAFFIC'}",63,{2},5.0
2e68e5d3,2e68e5d2c,2020-10-27,10,{'JAM'},{'JAM_STAND_STILL_TRAFFIC'},18,{2},5.5
2e68e5d3,2e68e5d34,2020-09-11,8,{'JAM'},{'JAM_STAND_STILL_TRAFFIC'},30,{2},5.0
2e68e5d3,2e68e5d34,2020-10-24,13,{'JAM'},{'JAM_STAND_STILL_TRAFFIC'},31,{2},5.0
2e68e5d3,2e68e5d34,2020-10-24,14,{'JAM'},{'JAM_HEAVY_TRAFFIC'},31,{2},5.0
2e68e5d3,2e68e5d34,2020-10-30,10,{'ACCIDENT'},{'ACCIDENT'},121,{1},5.0
2e68e5d3,2e68e5d34,2020-10-30,18,"{'JAM', 'WEATHERHAZARD', 'ACCIDENT'}","{'WEATHERHAZARD', 'JAM_STAND_STILL_TRAFFIC', 'ACCIDENT', 'HAZARD_ON_ROAD_ROAD_KILL'}",251,"{1, 2, 17}",5.450199203187251
2e68e5d3,2e68e5d34,2020-10-31,21,{'JAM'},{'JAM_HEAVY_TRAFFIC'},27,{2},5.0
2e68e5d3,2e68e5d34,2020-11-01,12,{'JAM'},{'JAM_HEAVY_TRAFFIC'},32,{17},5.0
2e68e5d3,2e68e5d34,2020-11-01,18,{'ACCIDENT'},{'ACCIDENT_MAJOR'},127,{1},5.251968503937008
2e68e5d5,2e68e5d4c,2020-09-09,20,{'JAM'},{'JAM_MODERATE_TRAFFIC'},31,{2},5.0
2e68e5d5,2e68e5d4c,2020-09-20,0,{'ACCIDENT'},{'ACCIDENT_MAJOR'},121,{2},5.0
2e68e5d5,2e68e5d4c,2020-10-03,15,{'JAM'},{'JAM_HEAVY_TRAFFIC'},30,{2},5.0
2e68e5d5,2e68e5d4c,2020-10-12,9,{'JAM'},{'JAM_MODERATE_TRAFFIC'},7,{2},5.0
2e68e5d5,2e68e5d4c,2020-10-12,15,{'JAM'},{'JAM_MODERATE_TRAFFIC'},32,{2},5.0
2e68e5d5,2e68e5d4c,2020-10-24,13,{'JAM'},{'JAM_STAND_STILL_TRAFFIC'},81,{2},7.074074074074074
2e68e5d5,2e68e5d4c,2020-10-25,17,{'JAM'},{'JAM'},30,{2},5.0
2e68e5d5,2e68e5d54,2020-09-04,15,{'JAM'},{'JAM_HEAVY_TRAFFIC'},30,{2},5.0
2e68e5d5,2e68e5d54,2020-09-08,17,{'JAM'},{'JAM_HEAVY_TRAFFIC'},30,{1},5.0
2e68e5d5,2e68e5d54,2020-09-12,14,{'JAM'},"{'JAM_STAND_STILL_TRAFFIC', 'JAM_HEAVY_TRAFFIC'}",38,"{1, 2}",5.842105263157895
2e68e5d5,2e68e5d54,2020-09-26,14,{'JAM'},{'JAM_STAND_STILL_TRAFFIC'},30,{1},5.9
2e68e5d5,2e68e5d54,2020-10-02,19,{'JAM'},{'JAM_HEAVY_TRAFFIC'},31,{1},5.0
2e68e5d5,2e68e5d54,2020-10-03,18,{'JAM'},{'JAM_HEAVY_TRAFFIC'},32,{2},5.0
2e68e5d5,2e68e5d54,2020-10-04,13,{'JAM'},{'JAM_MODERATE_TRAFFIC'},31,{1},5.0
2e68e5d5,2e68e5d54,2020-10-10,16,{'JAM'},{'JAM_STAND_STILL_TRAFFIC'},40,{1},5.0
2e68e5d5,2e68e5d54,2020-10-16,17,{'JAM'},{'JAM_STAND_STILL_TRAFFIC'},31,{1},5.0
2e68e5d5,2e68e5d54,2020-10-17,14,{'JAM'},{'JAM_STAND_STILL_TRAFFIC'},13,{1},5.0
2e68e5d5,2e68e5d54,2020-10-17,15,{'JAM'},{'JAM_HEAVY_TRAFFIC'},11,{1},5.0
2e68e5d5,2e68e5d54,2020-10-27,11,{'JAM'},{'JAM_STAND_STILL_TRAFFIC'},31,{1},5.0
2e68e5d5,2e68e5d54,2020-10-28,13,{'JAM'},{'JAM_HEAVY_TRAFFIC'},36,{1},5.0
2e68e5d5,2e68e5d54,2020-10-29,12,{'JAM'},{'JAM_STAND_STILL_TRAFFIC'},21,{1},6.571428571428571
2e68e5d5,2e68e5d54,2020-10-29,16,{'JAM'},{'JAM_STAND_STILL_TRAFFIC'},29,{1},5.0
2e68e5d5,2e68e5d54,2020-10-30,13,{'JAM'},{'JAM_STAND_STILL_TRAFFIC'},32,{1},8.53125
2e68e5d5,2e68e5d54,2020-10-30,17,{'JAM'},{'JAM_STAND_STILL_TRAFFIC'},10,{1},5.0
2e68e5d5,2e68e5d54,2020-10-31,14,{'JAM'},{'JAM_STAND_STILL_TRAFFIC'},5,{1},5.0
2e68e5d5,2e68e5d54,2020-11-01,14,{'JAM'},{'JAM_STAND_STILL_TRAFFIC'},30,{1},5.0
2e68e5d5,2e68e5d54,2020-11-01,16,{'JAM'},{'JAM_HEAVY_TRAFFIC'},5,{1},5.0
2e68e5d5,2e68e5d54,2020-11-01,17,{'JAM'},{'JAM_STAND_STILL_TRAFFIC'},5,{1},5.0
2e68e5d5,2e68e5d54,2020-11-04,16,{'JAM'},{'JAM_HEAVY_TRAFFIC'},30,{1},5.0
2e68e5d5,2e68e5d54,2020-11-04,17,{'JAM'},{'JAM_STAND_STILL_TRAFFIC'},30,{1},5.0
2e68e5d5,2e68e5d54,2020-11-09,16,{'JAM'},{'JAM_STAND_STILL_TRAFFIC'},37,{1},6.486486486486487
2e68e5d5,2e68e5d54,2020-11-13,17,{'JAM'},{'JAM_HEAVY_TRAFFIC'},4,{1},5.0
2e68e5d5,2e68e5d54,2020-11-14,12,{'JAM'},{'JAM_STAND_STILL_TRAFFIC'},45,{1},5.0
2e68e5d5,2e68e5d54,2020-11-14,16,{'JAM'},{'JAM_STAND_STILL_TRAFFIC'},6,{1},5.666666666666667
2e68e5d5,2e68e5d54,2020-11-14,17,{'JAM'},{'JAM_STAND_STILL_TRAFFIC'},7,{1},5.0
2e68e5d5,2e68e5d54,2020-11-22,17,{'JAM'},{'JAM_STAND_STILL_TRAFFIC'},6,{1},5.666666666666667
2e68e5d5,2e68e5d5c,2020-10-02,15,{'JAM'},{'JAM_HEAVY_TRAFFIC'},30,{2},6.0
2e68e5d5,2e68e5d5c,2020-10-03,17,{'JAM'},{'JAM_HEAVY_TRAFFIC'},30,{2},5.0
2e68e5d5,2e68e5d5c,2020-10-10,14,{'JAM'},{'JAM_STAND_STILL_TRAFFIC'},25,{2},5.0
2e68e5d5,2e68e5d5c,2020-10-10,16,{'JAM'},{'JAM_STAND_STILL_TRAFFIC'},30,{2},5.833333333333333
2e68e5d5,2e68e5d5c,2020-10-23,15,{'JAM'},{'JAM_HEAVY_TRAFFIC'},31,{2},5.67741935483871
2e68e5d5,2e68e5d5c,2020-11-01,13,{'JAM'},{'JAM_HEAVY_TRAFFIC'},6,{2},6.0
2e68e5d5,2e68e5d5c,2020-11-13,20,{'JAM'},{'JAM_MODERATE_TRAFFIC'},32,{20},5.0
2e68e5d5,2e68e5d5c,2020-11-15,17,{'JAM'},{'JAM_MODERATE_TRAFFIC'},30,{2},5.0
2e68e5d7,2e68e5d64,2020-09-25,12,{'WEATHERHAZARD'},{'WEATHERHAZARD'},30,{1},5.0
2e68e5d7,2e68e5d64,2020-10-10,14,{'JAM'},{'JAM_STAND_STILL_TRAFFIC'},27,{2},5.0
2e68e5d7,2e68e5d64,2020-10-31,21,{'JAM'},{'JAM_HEAVY_TRAFFIC'},33,{2},5.909090909090909
2e68e5d7,2e68e5d64,2020-11-13,10,{'JAM'},{'JAM_MODERATE_TRAFFIC'},31,{2},5.0
2e68e5d7,2e68e5d64,2020-11-14,17,{'JAM'},{'JAM_STAND_STILL_TRAFFIC'},21,{2},7.0
2e68e5d7,2e68e5d64,2020-11-15,14,{'JAM'},{'JAM'},5,{2},5.0
2e68e5d9,2e68e5d94,2020-09-17,12,{'ACCIDENT'},{'ACCIDENT_MAJOR'},120,{22},5.0
2e68e5db,2e68e5dac,2020-10-17,18,{'JAM'},{'JAM_HEAVY_TRAFFIC'},32,{6},5.96875
2e68e5db,2e68e5dac,2020-10-25,17,{'JAM'},{'JAM_MODERATE_TRAFFIC'},5,{6},6.0
2e68e5db,2e68e5dac,2020-10-31,15,{'JAM'},{'JAM_MODERATE_TRAFFIC'},12,{6},5.0
2e68e5db,2e68e5dac,2020-11-13,7,{'JAM'},{'JAM_MODERATE_TRAFFIC'},15,{6},5.933333333333334
2e68e5db,2e68e5dac,2020-11-21,14,{'JAM'},{'JAM_STAND_STILL_TRAFFIC'},40,{6},5.375
2e68e5db,2e68e5db4,2020-09-04,17,{'JAM'},{'JAM_MODERATE_TRAFFIC'},17,{6},5.0
2e68e5db,2e68e5db4,2020-09-17,13,{'WEATHERHAZARD'},{'WEATHERHAZARD'},31,{6},5.580645161290323
2e68e5db,2e68e5db4,2020-10-15,19,{'JAM'},{'JAM'},30,{1},5.0
2e68e5db,2e68e5db4,2020-10-19,11,{'JAM'},{'JAM_HEAVY_TRAFFIC'},29,{6},5.9655172413793105
2e68e5db,2e68e5db4,2020-10-23,15,{'JAM'},{'JAM_HEAVY_TRAFFIC'},30,{6},5.0
2e68e5db,2e68e5db4,2020-10-24,10,{'JAM'},{'JAM_STAND_STILL_TRAFFIC'},29,{6},7.0
2e68e5db,2e68e5db4,2020-10-25,17,{'JAM'},{'JAM_STAND_STILL_TRAFFIC'},62,{6},5.483870967741935
2e68e5db,2e68e5db4,2020-11-11,7,{'JAM'},"{'JAM_STAND_STILL_TRAFFIC', 'JAM_HEAVY_TRAFFIC'}",67,{6},5.611940298507463
2e68e5db,2e68e5db4,2020-11-19,9,{'JAM'},{'JAM_MODERATE_TRAFFIC'},47,{6},5.319148936170213
2e68e5db,2e68e5dbc,2020-11-19,9,{'WEATHERHAZARD'},{'WEATHERHAZARD'},30,{1},5.0
2e68e5dd,2e68e5dc4,2020-09-05,16,{'JAM'},{'JAM_HEAVY_TRAFFIC'},31,{6},5.0
2e68e5dd,2e68e5dc4,2020-09-11,16,{'JAM'},{'JAM_STAND_STILL_TRAFFIC'},34,{6},5.0
2e68e5dd,2e68e5dc4,2020-09-16,16,{'JAM'},{'JAM_MODERATE_TRAFFIC'},33,{6},5.545454545454546
2e68e5dd,2e68e5dc4,2020-09-18,18,{'JAM'},{'JAM_HEAVY_TRAFFIC'},33,{6},5.0
2e68e5dd,2e68e5dc4,2020-09-21,18,{'JAM'},{'JAM_HEAVY_TRAFFIC'},35,{6},5.0
2e68e5dd,2e68e5dc4,2020-10-09,18,{'JAM'},{'JAM_HEAVY_TRAFFIC'},32,{6},5.0
2e68e5dd,2e68e5dc4,2020-11-02,12,{'JAM'},{'JAM_STAND_STILL_TRAFFIC'},23,{6},5.695652173913044
2e68e5dd,2e68e5dc4,2020-11-11,7,{'JAM'},{'JAM_STAND_STILL_TRAFFIC'},33,{6},5.0
2e68e5dd,2e68e5dc4,2020-11-13,16,{'JAM'},{'JAM_MODERATE_TRAFFIC'},32,{6},5.0
2e68e5dd,2e68e5dc4,2020-11-16,16,{'JAM'},{'JAM_HEAVY_TRAFFIC'},30,{6},5.0
2e68e5dd,2e68e5dc4,2020-11-19,10,{'JAM'},{'JAM_HEAVY_TRAFFIC'},31,{6},5.870967741935484
2e68e5dd,2e68e5dcc,2020-10-24,10,{'JAM'},{'JAM_STAND_STILL_TRAFFIC'},1,{6},5.0
2e68e5dd,2e68e5dd4,2020-11-01,19,{'JAM'},{'JAM_HEAVY_TRAFFIC'},8,{2},5.0
2e68e5dd,2e68e5ddc,2020-09-23,17,{'JAM'},{'JAM_STAND_STILL_TRAFFIC'},31,{6},5.0
2e68e5dd,2e68e5ddc,2020-10-09,11,{'JAM'},{'JAM_HEAVY_TRAFFIC'},5,{6},5.0
2e68e5dd,2e68e5ddc,2020-10-15,19,{'WEATHERHAZARD'},{'HAZARD_ON_ROAD_TRAFFIC_LIGHT_FAULT'},31,{6},5.0
2e68e5dd,2e68e5ddc,2020-10-21,7,{'JAM'},{'JAM_MODERATE_TRAFFIC'},32,{6},5.75
2e68e5dd,2e68e5ddc,2020-11-11,7,"{'JAM', 'ACCIDENT'}","{'JAM_STAND_STILL_TRAFFIC', 'ACCIDENT_MINOR', 'JAM_HEAVY_TRAFFIC'}",232,{6},7.146551724137931
2e68e5dd,2e68e5ddc,2020-11-12,17,{'JAM'},{'JAM_HEAVY_TRAFFIC'},40,{6},6.35
2e68e5df,2e68e5dec,2020-10-30,6,{'JAM'},{'JAM'},30,{22},5.0
2e68e5df,2e68e5df4,2020-10-20,14,{'JAM'},{'JAM'},31,{1},5.0
2e68e5e1,2e68e5e04,2020-09-10,13,{'JAM'},{'JAM_MODERATE_TRAFFIC'},32,{1},5.0
2e68e5e1,2e68e5e04,2020-10-28,21,{'JAM'},{'JAM_MODERATE_TRAFFIC'},31,{1},5.0
2e68e5e1,2e68e5e0c,2020-09-16,17,{'JAM'},{'JAM_STAND_STILL_TRAFFIC'},32,{6},5.0
2e68e5e1,2e68e5e0c,2020-10-12,7,"{'JAM', 'WEATHERHAZARD'}","{'JAM', 'WEATHERHAZARD'}",64,{6},5.359375
2e68e5e1,2e68e5e0c,2020-10-18,12,{'JAM'},{'JAM_STAND_STILL_TRAFFIC'},27,{6},5.814814814814815
2e68e5e1,2e68e5e0c,2020-10-19,17,{'JAM'},{'JAM_MODERATE_TRAFFIC'},31,{6},5.0
2e68e5e1,2e68e5e0c,2020-10-30,15,{'JAM'},{'JAM_HEAVY_TRAFFIC'},31,{6},5.0
2e68e5e1,2e68e5e0c,2020-10-31,17,{'JAM'},{'JAM_STAND_STILL_TRAFFIC'},46,{6},6.217391304347826
2e68e5e1,2e68e5e0c,2020-11-10,16,{'JAM'},{'JAM'},31,{6},5.0
2e68e5e1,2e68e5e0c,2020-11-12,17,{'JAM'},{'JAM_STAND_STILL_TRAFFIC'},43,{6},5.348837209302325
2e68e5e1,2e68e5e14,2020-09-10,13,{'JAM'},{'JAM_MODERATE_TRAFFIC'},30,{6},5.0
2e68e5e1,2e68e5e14,2020-10-23,18,{'JAM'},{'JAM_HEAVY_TRAFFIC'},18,{6},6.888888888888889
2e68e5e1,2e68e5e14,2020-10-23,19,{'JAM'},{'JAM_STAND_STILL_TRAFFIC'},56,{6},5.0
2e68e5e1,2e68e5e14,2020-11-11,17,{'JAM'},{'JAM_MODERATE_TRAFFIC'},31,{6},5.580645161290323
2e68e5e1,2e68e5e14,2020-11-12,17,{'JAM'},{'JAM_STAND_STILL_TRAFFIC'},16,{6},5.0
2e68e5e1,2e68e5e1c,2020-10-17,11,{'JAM'},{'JAM_STAND_STILL_TRAFFIC'},30,{6},5.0
2e68e5e3,2e68e5e24,2020-09-01,17,{'JAM'},{'JAM_STAND_STILL_TRAFFIC'},29,{6},5.0
2e68e5e3,2e68e5e24,2020-09-09,17,{'JAM'},{'JAM_STAND_STILL_TRAFFIC'},31,{6},5.0
2e68e5e3,2e68e5e24,2020-09-12,17,{'JAM'},{'JAM_STAND_STILL_TRAFFIC'},31,{6},6.0
2e68e5e3,2e68e5e24,2020-09-21,13,{'JAM'},{'JAM_STAND_STILL_TRAFFIC'},31,{6},5.0
2e68e5e3,2e68e5e24,2020-09-21,17,{'JAM'},{'JAM_HEAVY_TRAFFIC'},31,{2},5.0
2e68e5e3,2e68e5e24,2020-09-22,18,{'JAM'},{'JAM_MODERATE_TRAFFIC'},31,{6},5.0
2e68e5e3,2e68e5e24,2020-10-28,14,{'JAM'},{'JAM_HEAVY_TRAFFIC'},30,{6},5.733333333333333
2e68e5e3,2e68e5e24,2020-11-01,11,{'JAM'},{'JAM_STAND_STILL_TRAFFIC'},33,{6},5.0
2e68e5e3,2e68e5e24,2020-11-09,17,{'JAM'},{'JAM_HEAVY_TRAFFIC'},31,{6},5.0
2e68e5e3,2e68e5e24,2020-11-10,18,{'JAM'},{'JAM_HEAVY_TRAFFIC'},19,{6},5.0
2e68e5e3,2e68e5e24,2020-11-13,17,{'JAM'},{'JAM_HEAVY_TRAFFIC'},7,{2},5.0
2e68e5e3,2e68e5e2c,2020-10-30,15,{'JAM'},{'JAM_HEAVY_TRAFFIC'},7,{6},5.0
2e68e5e3,2e68e5e2c,2020-11-08,12,{'JAM'},{'JAM_MODERATE_TRAFFIC'},6,{6},5.5
2e68e5e3,2e68e5e2c,2020-11-15,16,{'JAM'},{'JAM_MODERATE_TRAFFIC'},10,{6},5.0
2e68e5e3,2e68e5e34,2020-09-03,17,{'JAM'},{'JAM_HEAVY_TRAFFIC'},32,{2},5.96875
2e68e5e3,2e68e5e34,2020-09-17,17,{'JAM'},{'JAM_STAND_STILL_TRAFFIC'},39,{2},5.384615384615385
2e68e5e3,2e68e5e34,2020-09-18,17,{'JAM'},{'JAM_HEAVY_TRAFFIC'},31,{2},5.0
2e68e5e3,2e68e5e34,2020-09-25,17,{'JAM'},{'JAM_HEAVY_TRAFFIC'},31,{2},5.0
2e68e5e3,2e68e5e34,2020-10-07,17,{'JAM'},{'JAM_STAND_STILL_TRAFFIC'},31,{2},5.0
2e68e5e3,2e68e5e34,2020-10-14,17,{'JAM'},{'JAM_STAND_STILL_TRAFFIC'},30,{2},5.0
2e68e5e3,2e68e5e34,2020-10-23,17,{'JAM'},{'JAM_HEAVY_TRAFFIC'},31,{2},6.354838709677419
2e68e5e3,2e68e5e34,2020-10-26,17,{'JAM'},{'JAM_STAND_STILL_TRAFFIC'},27,{2},5.888888888888889
2e68e5e3,2e68e5e34,2020-11-17,17,{'JAM'},{'JAM_HEAVY_TRAFFIC'},32,{2},5.0
2e68e5e3,2e68e5e34,2020-11-19,17,{'JAM'},{'JAM_HEAVY_TRAFFIC'},37,{2},6.324324324324325
2e68e5e3,2e68e5e3c,2020-09-01,17,{'JAM'},{'JAM_HEAVY_TRAFFIC'},35,{2},5.0
2e68e5e3,2e68e5e3c,2020-09-14,17,{'JAM'},{'JAM_HEAVY_TRAFFIC'},31,{2},5.0
2e68e5e3,2e68e5e3c,2020-10-14,12,{'JAM'},"{'JAM_STAND_STILL_TRAFFIC', 'JAM_MODERATE_TRAFFIC'}",43,{2},5.441860465116279
2e68e5e3,2e68e5e3c,2020-11-01,11,{'JAM'},{'JAM_HEAVY_TRAFFIC'},30,{7},5.0
2e68e5e3,2e68e5e3c,2020-11-12,11,{'JAM'},{'JAM_MODERATE_TRAFFIC'},31,{20},5.0
2e68e5e3,2e68e5e3c,2020-11-15,16,{'JAM'},{'JAM_MODERATE_TRAFFIC'},16,{2},5.0
2e68e5e5,2e68e5e4c,2020-09-03,16,{'JAM'},{'JAM_STAND_STILL_TRAFFIC'},30,{2},5.0
2e68e5e5,2e68e5e4c,2020-11-14,10,{'JAM'},{'JAM_STAND_STILL_TRAFFIC'},13,{2},5.923076923076923
2e68e5e5,2e68e5e4c,2020-11-20,15,{'JAM'},{'JAM_STAND_STILL_TRAFFIC'},32,{2},5.53125
2e68e5e5,2e68e5e54,2020-09-02,7,{'JAM'},{'JAM_MODERATE_TRAFFIC'},33,{2},5.0
2e68e5e5,2e68e5e54,2020-09-11,14,{'JAM'},{'JAM_MODERATE_TRAFFIC'},21,{2},5.0
2e68e5e5,2e68e5e54,2020-10-24,11,{'JAM'},{'JAM_STAND_STILL_TRAFFIC'},31,{2},5.0
2e68e5e5,2e68e5e54,2020-11-01,9,{'JAM'},{'JAM'},17,{2},5.0
2e68e5e5,2e68e5e54,2020-11-14,7,{'JAM'},{'JAM_HEAVY_TRAFFIC'},29,{2},5.0
2e68e5e5,2e68e5e54,2020-11-14,10,{'JAM'},{'JAM_HEAVY_TRAFFIC'},32,{2},5.0
2e68e5e5,2e68e5e54,2020-11-14,14,"{'JAM', 'ACCIDENT'}","{'JAM', 'ACCIDENT'}",132,{2},5.643939393939394
2e68e5e9,2e68e5e84,2020-10-03,12,{'WEATHERHAZARD'},{'HAZARD_ON_SHOULDER_MISSING_SIGN'},30,{2},5.0
2e68e5e9,2e68e5e84,2020-10-14,14,{'JAM'},{'JAM_STAND_STILL_TRAFFIC'},30,{2},5.0
2e68e5ef,2e68e5ef4,2020-09-09,11,{'JAM'},"{'JAM', 'JAM_STAND_STILL_TRAFFIC'}",62,{1},5.451612903225806
2e68e5f5,2e68e5f44,2020-09-02,16,{'JAM'},{'JAM_MODERATE_TRAFFIC'},7,{2},5.0
2e68e5f5,2e68e5f44,2020-10-03,12,{'JAM'},{'JAM_HEAVY_TRAFFIC'},32,{2},5.0
2e68e5f5,2e68e5f44,2020-11-09,16,{'JAM'},{'JAM_STAND_STILL_TRAFFIC'},62,{2},5.0
2e68e5f5,2e68e5f4c,2020-09-02,16,{'JAM'},{'JAM_MODERATE_TRAFFIC'},31,{2},5.0
2e68e5f5,2e68e5f4c,2020-09-12,14,{'JAM'},{'JAM_HEAVY_TRAFFIC'},6,{2},5.0
2e68e5f5,2e68e5f4c,2020-09-17,18,{'JAM'},{'JAM_STAND_STILL_TRAFFIC'},30,{1},5.0
2e68e5f5,2e68e5f4c,2020-09-21,14,{'JAM'},{'JAM_MODERATE_TRAFFIC'},31,{2},5.0
2e68e5f5,2e68e5f4c,2020-09-26,16,{'JAM'},{'JAM_STAND_STILL_TRAFFIC'},32,{2},5.0
2e68e5f5,2e68e5f4c,2020-10-03,13,{'JAM'},{'JAM_STAND_STILL_TRAFFIC'},31,{2},5.0
2e68e5f5,2e68e5f4c,2020-10-10,16,{'JAM'},{'JAM_STAND_STILL_TRAFFIC'},69,{2},5.739130434782608
2e68e5f5,2e68e5f4c,2020-10-10,17,{'JAM'},{'JAM_STAND_STILL_TRAFFIC'},49,"{1, 2}",5.183673469387755
2e68e5f5,2e68e5f4c,2020-10-16,15,{'JAM'},{'JAM_STAND_STILL_TRAFFIC'},30,{2},5.0
2e68e5f5,2e68e5f4c,2020-10-16,16,{'JAM'},{'JAM_STAND_STILL_TRAFFIC'},31,{2},5.0
2e68e5f5,2e68e5f4c,2020-10-31,17,{'JAM'},{'JAM_MODERATE_TRAFFIC'},35,{2},5.0
2e68e5f5,2e68e5f4c,2020-11-09,16,{'JAM'},{'JAM_STAND_STILL_TRAFFIC'},30,{2},5.0
2e68e5f5,2e68e5f4c,2020-11-21,19,{'JAM'},{'JAM_STAND_STILL_TRAFFIC'},31,{2},5.0
2e68e5f5,2e68e5f54,2020-10-15,22,{'JAM'},{'JAM'},24,{1},5.0
2e68e5f5,2e68e5f5c,2020-10-10,14,{'JAM'},{'JAM'},23,{2},6.0
2e68e5f5,2e68e5f5c,2020-10-10,16,{'JAM'},{'JAM_STAND_STILL_TRAFFIC'},32,{2},5.0
2e68e5f5,2e68e5f5c,2020-11-06,17,{'JAM'},{'JAM_HEAVY_TRAFFIC'},8,{2},5.0
2e68e5f5,2e68e5f5c,2020-11-09,16,{'JAM'},{'JAM_STAND_STILL_TRAFFIC'},30,{2},5.0
2e68e5f5,2e68e5f5c,2020-11-21,19,{'JAM'},{'JAM_HEAVY_TRAFFIC'},31,{2},5.967741935483871
2e68e5f7,2e68e5f64,2020-09-11,15,{'JAM'},{'JAM_STAND_STILL_TRAFFIC'},33,{2},5.0
2e68e5f7,2e68e5f64,2020-09-15,15,{'JAM'},{'JAM_STAND_STILL_TRAFFIC'},33,{2},5.96969696969697
2e68e5f7,2e68e5f64,2020-09-23,15,{'JAM'},{'JAM_HEAVY_TRAFFIC'},47,{2},5.0
2e68e5f7,2e68e5f64,2020-09-25,13,{'JAM'},{'JAM_HEAVY_TRAFFIC'},29,{2},5.0
2e68e5f7,2e68e5f64,2020-10-03,15,{'JAM'},{'JAM_HEAVY_TRAFFIC'},30,{2},5.0
2e68e5f7,2e68e5f64,2020-11-09,14,{'JAM'},{'JAM_STAND_STILL_TRAFFIC'},62,{2},5.354838709677419
2e68e5f7,2e68e5f64,2020-11-22,8,{'JAM'},{'JAM_HEAVY_TRAFFIC'},30,{2},5.0
2e68e5f9,2e68e5f8c,2020-09-24,15,{'JAM'},{'JAM_STAND_STILL_TRAFFIC'},31,{2},5.0
2e68e5f9,2e68e5f8c,2020-10-27,10,{'JAM'},{'JAM_HEAVY_TRAFFIC'},32,{2},5.8125
2e68e5f9,2e68e5f8c,2020-10-27,11,{'JAM'},{'JAM_HEAVY_TRAFFIC'},15,{2},5.733333333333333
2e68e5f9,2e68e5f94,2020-09-01,10,{'JAM'},{'JAM_HEAVY_TRAFFIC'},30,{2},5.0
2e68e5f9,2e68e5f94,2020-09-02,12,{'JAM'},{'JAM_MODERATE_TRAFFIC'},28,{2},5.0
2e68e5f9,2e68e5f94,2020-09-12,11,{'JAM'},{'JAM_HEAVY_TRAFFIC'},7,{2},5.0
2e68e5f9,2e68e5f94,2020-10-08,17,{'JAM'},{'JAM_STAND_STILL_TRAFFIC'},30,{2},6.0
2e68e5f9,2e68e5f94,2020-11-22,0,{'ACCIDENT'},{'ACCIDENT_MAJOR'},121,{2},5.991735537190083
2e68e5f9,2e68e5f9c,2020-10-02,10,{'JAM'},{'JAM'},31,{22},5.0
2e68e5f9,2e68e5f9c,2020-10-08,7,{'JAM'},{'JAM_STAND_STILL_TRAFFIC'},32,{2},5.0
2e68e5f9,2e68e5f9c,2020-10-11,9,{'JAM'},{'JAM_HEAVY_TRAFFIC'},31,{2},5.0
2e68e5fb,2e68e5fb4,2020-10-12,18,{'JAM'},{'JAM_STAND_STILL_TRAFFIC'},33,{2},5.0
2e68e5fb,2e68e5fb4,2020-10-29,16,{'JAM'},{'JAM_STAND_STILL_TRAFFIC'},40,{2},5.4
2e68e5fb,2e68e5fbc,2020-11-15,18,{'JAM'},{'JAM_STAND_STILL_TRAFFIC'},25,{22},5.0
2e68e5fd,2e68e5fcc,2020-10-16,17,{'JAM'},{'JAM_MODERATE_TRAFFIC'},30,{2},5.0
2e68e5fd,2e68e5fcc,2020-11-04,13,{'WEATHERHAZARD'},{'WEATHERHAZARD'},30,{2},5.0
2e68e5fd,2e68e5fcc,2020-11-05,8,{'JAM'},{'JAM'},32,{2},5.0
2e68e5fd,2e68e5fcc,2020-11-21,16,{'JAM'},{'JAM_MODERATE_TRAFFIC'},33,{2},5.0
2e68e5ff,2e68e5ff4,2020-09-22,11,{'JAM'},{'JAM_STAND_STILL_TRAFFIC'},12,{2},5.0
2e68e5ff,2e68e5ff4,2020-10-27,12,{'JAM'},{'JAM_STAND_STILL_TRAFFIC'},31,{2},5.0
2e68e5ff,2e68e5ff4,2020-11-02,17,{'JAM'},{'JAM_STAND_STILL_TRAFFIC'},43,{2},5.3023255813953485
2e68e5ff,2e68e5ffc,2020-09-14,17,{'JAM'},{'JAM_STAND_STILL_TRAFFIC'},30,{2},6.733333333333333
2e68e5ff,2e68e5ffc,2020-09-22,11,"{'JAM', 'ACCIDENT'}","{'JAM_STAND_STILL_TRAFFIC', 'ACCIDENT_MAJOR'}",47,{2},5.617021276595745
2e68e5ff,2e68e5ffc,2020-09-26,20,{'JAM'},{'JAM_MODERATE_TRAFFIC'},32,{2},5.0
2e68e5ff,2e68e5ffc,2020-10-02,17,{'JAM'},{'JAM_HEAVY_TRAFFIC'},32,{2},5.0
2e68e5ff,2e68e5ffc,2020-10-10,11,{'JAM'},{'JAM_STAND_STILL_TRAFFIC'},31,{2},5.0
2e68e5ff,2e68e5ffc,2020-10-10,20,{'JAM'},{'JAM_MODERATE_TRAFFIC'},30,{2},5.0
2e68e5ff,2e68e5ffc,2020-10-19,7,{'JAM'},{'JAM_MODERATE_TRAFFIC'},31,{2},5.0
2e68e5ff,2e68e5ffc,2020-11-02,17,{'JAM'},{'JAM_STAND_STILL_TRAFFIC'},32,{2},5.0
2e68e5ff,2e68e5ffc,2020-11-16,12,{'JAM'},{'JAM_MODERATE_TRAFFIC'},5,{2},5.0
2e68e5ff,2e68e5ffc,2020-11-21,10,{'JAM'},{'JAM_MODERATE_TRAFFIC'},28,{2},5.0
2e68e601,2e68e6004,2020-09-02,17,{'JAM'},{'JAM_MODERATE_TRAFFIC'},7,{6},5.0
2e68e601,2e68e6004,2020-09-03,11,{'JAM'},{'JAM_STAND_STILL_TRAFFIC'},33,{2},5.0
2e68e601,2e68e6004,2020-09-03,18,{'JAM'},{'JAM_MODERATE_TRAFFIC'},19,{6},5.0
2e68e601,2e68e6004,2020-09-05,14,{'JAM'},{'JAM_STAND_STILL_TRAFFIC'},28,{6},5.0
2e68e601,2e68e6004,2020-09-11,15,{'JAM'},{'JAM_STAND_STILL_TRAFFIC'},32,{6},5.0
2e68e601,2e68e6004,2020-09-11,16,{'JAM'},{'JAM_HEAVY_TRAFFIC'},16,{6},5.0
2e68e601,2e68e6004,2020-09-26,20,{'JAM'},{'JAM_MODERATE_TRAFFIC'},32,{2},5.0
2e68e601,2e68e6004,2020-09-30,11,{'JAM'},{'JAM_HEAVY_TRAFFIC'},23,{6},5.0
2e68e601,2e68e6004,2020-10-01,20,{'JAM'},{'JAM_MODERATE_TRAFFIC'},8,{6},5.0
2e68e601,2e68e6004,2020-10-04,11,{'JAM'},{'JAM_MODERATE_TRAFFIC'},6,{6},5.0
2e68e601,2e68e6004,2020-10-04,12,{'JAM'},{'JAM_MODERATE_TRAFFIC'},6,{6},5.0
2e68e601,2e68e6004,2020-10-10,13,{'JAM'},{'JAM_MODERATE_TRAFFIC'},31,{6},5.0
2e68e601,2e68e6004,2020-10-10,17,{'JAM'},{'JAM_MODERATE_TRAFFIC'},32,{6},5.0
2e68e601,2e68e6004,2020-10-17,11,{'JAM'},{'JAM_MODERATE_TRAFFIC'},30,{6},5.0
2e68e601,2e68e6004,2020-10-17,16,{'JAM'},{'JAM_HEAVY_TRAFFIC'},3,{2},5.0
2e68e601,2e68e6004,2020-10-18,12,{'JAM'},{'JAM_MODERATE_TRAFFIC'},8,{6},5.0
2e68e601,2e68e6004,2020-10-21,17,{'JAM'},{'JAM_HEAVY_TRAFFIC'},32,{6},5.0
2e68e601,2e68e6004,2020-10-23,17,{'JAM'},{'JAM_HEAVY_TRAFFIC'},44,{6},6.204545454545454
2e68e601,2e68e6004,2020-10-24,9,{'JAM'},{'JAM_HEAVY_TRAFFIC'},30,{2},5.0
2e68e601,2e68e6004,2020-10-24,17,{'JAM'},{'JAM_STAND_STILL_TRAFFIC'},31,{6},5.0
2e68e601,2e68e6004,2020-10-24,18,{'JAM'},{'JAM_MODERATE_TRAFFIC'},31,{6},5.0
2e68e601,2e68e6004,2020-10-25,17,{'JAM'},{'JAM_MODERATE_TRAFFIC'},5,{6},5.0
2e68e601,2e68e6004,2020-10-26,12,{'JAM'},{'JAM_MODERATE_TRAFFIC'},31,{6},5.0
2e68e601,2e68e6004,2020-10-27,10,{'JAM'},{'JAM_MODERATE_TRAFFIC'},33,{6},5.787878787878788
2e68e601,2e68e6004,2020-10-27,12,{'JAM'},{'JAM_HEAVY_TRAFFIC'},30,{6},5.0
2e68e601,2e68e6004,2020-10-28,8,{'JAM'},{'JAM_HEAVY_TRAFFIC'},20,{6},5.8
2e68e601,2e68e6004,2020-10-29,15,{'JAM'},{'JAM'},30,{6},5.0
2e68e601,2e68e6004,2020-10-31,9,{'JAM'},{'JAM_HEAVY_TRAFFIC'},32,{6},5.0
2e68e601,2e68e6004,2020-10-31,12,{'JAM'},"{'JAM_STAND_STILL_TRAFFIC', 'JAM_HEAVY_TRAFFIC'}",61,{6},5.0
2e68e601,2e68e6004,2020-10-31,17,{'JAM'},{'JAM_MODERATE_TRAFFIC'},15,{6},5.0
2e68e601,2e68e6004,2020-11-01,12,{'JAM'},{'JAM_MODERATE_TRAFFIC'},22,{6},5.0
2e68e601,2e68e6004,2020-11-03,17,{'JAM'},{'JAM_MODERATE_TRAFFIC'},12,{6},5.0
2e68e601,2e68e6004,2020-11-04,10,{'JAM'},{'JAM_HEAVY_TRAFFIC'},30,{6},5.0
2e68e601,2e68e6004,2020-11-04,21,{'JAM'},{'JAM_MODERATE_TRAFFIC'},6,{6},5.0
2e68e601,2e68e6004,2020-11-07,12,{'JAM'},{'JAM_MODERATE_TRAFFIC'},32,{6},5.875
2e68e601,2e68e6004,2020-11-07,15,{'JAM'},{'JAM_MODERATE_TRAFFIC'},14,{6},5.0
2e68e601,2e68e6004,2020-11-08,10,{'JAM'},{'JAM_MODERATE_TRAFFIC'},7,{6},5.0
2e68e601,2e68e6004,2020-11-09,9,{'JAM'},{'JAM_MODERATE_TRAFFIC'},13,{6},5.0
2e68e601,2e68e6004,2020-11-09,17,{'JAM'},{'JAM_STAND_STILL_TRAFFIC'},25,{6},6.6
2e68e601,2e68e6004,2020-11-10,15,{'JAM'},{'JAM_STAND_STILL_TRAFFIC'},33,{6},6.818181818181818
2e68e601,2e68e6004,2020-11-11,10,{'JAM'},{'JAM_MODERATE_TRAFFIC'},30,{6},5.0
2e68e601,2e68e6004,2020-11-11,17,{'JAM'},{'JAM_MODERATE_TRAFFIC'},5,{6},5.0
2e68e601,2e68e6004,2020-11-11,18,{'JAM'},{'JAM_MODERATE_TRAFFIC'},30,{6},5.866666666666666
2e68e601,2e68e6004,2020-11-11,19,{'JAM'},{'JAM_HEAVY_TRAFFIC'},34,{6},5.970588235294118
2e68e601,2e68e6004,2020-11-12,17,{'JAM'},{'JAM'},30,{6},5.0
2e68e601,2e68e6004,2020-11-12,19,{'JAM'},{'JAM_MODERATE_TRAFFIC'},6,{6},5.0
2e68e601,2e68e6004,2020-11-13,10,{'JAM'},{'JAM_MODERATE_TRAFFIC'},30,{6},5.0
2e68e601,2e68e6004,2020-11-13,17,{'JAM'},{'JAM_HEAVY_TRAFFIC'},40,{6},5.375
2e68e601,2e68e6004,2020-11-14,12,{'JAM'},{'JAM_STAND_STILL_TRAFFIC'},32,{6},5.6875
2e68e601,2e68e6004,2020-11-14,18,{'JAM'},{'JAM_STAND_STILL_TRAFFIC'},20,{6},5.0
2e68e601,2e68e6004,2020-11-15,11,{'JAM'},{'JAM_MODERATE_TRAFFIC'},30,{6},5.0
2e68e601,2e68e6004,2020-11-16,12,{'JAM'},"{'JAM_MODERATE_TRAFFIC', 'JAM_HEAVY_TRAFFIC'}",35,"{2, 6}",6.628571428571429
2e68e601,2e68e6004,2020-11-16,17,{'JAM'},{'JAM_MODERATE_TRAFFIC'},33,{2},5.0
2e68e601,2e68e6004,2020-11-20,18,{'JAM'},{'JAM_STAND_STILL_TRAFFIC'},31,{6},5.0
2e68e601,2e68e6004,2020-11-21,15,{'JAM'},{'JAM_HEAVY_TRAFFIC'},30,{2},5.0
2e68e601,2e68e600c,2020-09-03,17,{'JAM'},{'JAM_STAND_STILL_TRAFFIC'},73,{2},5.0
2e68e601,2e68e600c,2020-09-04,12,{'JAM'},{'JAM_STAND_STILL_TRAFFIC'},31,{6},5.0
2e68e601,2e68e600c,2020-09-05,18,{'JAM'},{'JAM_STAND_STILL_TRAFFIC'},28,{2},5.0
2e68e601,2e68e600c,2020-09-08,8,{'JAM'},{'JAM_MODERATE_TRAFFIC'},20,{6},5.0
2e68e601,2e68e600c,2020-09-08,16,{'JAM'},{'JAM_MODERATE_TRAFFIC'},6,{6},5.0
2e68e601,2e68e600c,2020-09-10,13,{'JAM'},{'JAM_STAND_STILL_TRAFFIC'},42,{2},6.095238095238095
2e68e601,2e68e600c,2020-09-11,20,{'JAM'},{'JAM_MODERATE_TRAFFIC'},30,{6},5.0
2e68e601,2e68e600c,2020-09-12,16,{'JAM'},{'JAM_STAND_STILL_TRAFFIC'},62,{2},5.0
2e68e601,2e68e600c,2020-09-13,11,{'JAM'},{'JAM_MODERATE_TRAFFIC'},17,{6},5.0
2e68e601,2e68e600c,2020-09-13,17,{'JAM'},{'JAM_MODERATE_TRAFFIC'},28,{6},5.0
2e68e601,2e68e600c,2020-09-19,16,{'JAM'},{'JAM_MODERATE_TRAFFIC'},5,{6},5.0
2e68e601,2e68e600c,2020-09-20,15,{'JAM'},{'JAM_MODERATE_TRAFFIC'},6,{6},5.0
2e68e601,2e68e600c,2020-09-20,16,{'JAM'},{'JAM_HEAVY_TRAFFIC'},32,{2},5.0
2e68e601,2e68e600c,2020-09-22,16,{'JAM'},{'JAM_STAND_STILL_TRAFFIC'},30,{2},5.0
2e68e601,2e68e600c,2020-09-25,16,{'JAM'},{'JAM_STAND_STILL_TRAFFIC'},15,{2},5.0
2e68e601,2e68e600c,2020-09-26,17,{'JAM'},{'JAM_MODERATE_TRAFFIC'},29,{6},5.0
2e68e601,2e68e600c,2020-10-02,16,{'JAM'},{'JAM_STAND_STILL_TRAFFIC'},95,"{2, 6}",6.0
2e68e601,2e68e600c,2020-10-02,17,{'JAM'},{'JAM_HEAVY_TRAFFIC'},31,{2},5.0
2e68e601,2e68e600c,2020-10-03,11,{'JAM'},{'JAM_STAND_STILL_TRAFFIC'},61,{2},5.0
2e68e601,2e68e600c,2020-10-03,16,{'JAM'},{'JAM_MODERATE_TRAFFIC'},32,{2},5.0
2e68e601,2e68e600c,2020-10-04,11,{'JAM'},{'JAM_MODERATE_TRAFFIC'},6,{6},5.0
2e68e601,2e68e600c,2020-10-08,9,{'JAM'},{'JAM_STAND_STILL_TRAFFIC'},30,{6},7.733333333333333
2e68e601,2e68e600c,2020-10-08,17,{'JAM'},{'JAM_STAND_STILL_TRAFFIC'},33,{2},5.0
2e68e601,2e68e600c,2020-10-10,20,{'JAM'},{'JAM_MODERATE_TRAFFIC'},32,{2},5.0
2e68e601,2e68e600c,2020-10-12,7,{'JAM'},{'JAM_MODERATE_TRAFFIC'},31,{2},5.0
2e68e601,2e68e600c,2020-10-14,15,{'JAM'},{'JAM_STAND_STILL_TRAFFIC'},63,{2},5.0
2e68e601,2e68e600c,2020-10-16,17,{'JAM'},{'JAM_STAND_STILL_TRAFFIC'},123,"{2, 6}",5.211382113821138
2e68e601,2e68e600c,2020-10-17,16,{'JAM'},{'JAM_HEAVY_TRAFFIC'},6,{2},5.0
2e68e601,2e68e600c,2020-10-18,14,{'JAM'},{'JAM_STAND_STILL_TRAFFIC'},20,{6},5.0
2e68e601,2e68e600c,2020-10-18,18,{'JAM'},{'JAM_MODERATE_TRAFFIC'},5,{6},5.0
2e68e601,2e68e600c,2020-10-23,17,{'JAM'},"{'JAM', 'JAM_STAND_STILL_TRAFFIC'}",61,{6},5.836065573770492
2e68e601,2e68e600c,2020-10-23,18,{'JAM'},{'JAM_HEAVY_TRAFFIC'},29,{2},5.0
2e68e601,2e68e600c,2020-10-24,9,{'JAM'},"{'JAM_MODERATE_TRAFFIC', 'JAM_HEAVY_TRAFFIC'}",55,"{2, 6}",5.363636363636363
2e68e601,2e68e600c,2020-10-24,11,{'JAM'},{'JAM_MODERATE_TRAFFIC'},31,{6},5.0
2e68e601,2e68e600c,2020-10-24,16,{'JAM'},"{'JAM_STAND_STILL_TRAFFIC', 'JAM_MODERATE_TRAFFIC'}",62,"{2, 6}",5.0
2e68e601,2e68e600c,2020-10-25,17,{'JAM'},{'JAM_MODERATE_TRAFFIC'},7,{6},5.0
2e68e601,2e68e600c,2020-10-26,7,{'JAM'},{'JAM_HEAVY_TRAFFIC'},34,{2},5.0
2e68e601,2e68e600c,2020-10-26,17,{'JAM'},{'JAM_HEAVY_TRAFFIC'},27,{2},5.0
2e68e601,2e68e600c,2020-10-27,18,{'JAM'},{'JAM_STAND_STILL_TRAFFIC'},33,{2},5.0
2e68e601,2e68e600c,2020-10-28,8,{'WEATHERHAZARD'},{'HAZARD_ON_ROAD_OBJECT'},63,{6},6.158730158730159
2e68e601,2e68e600c,2020-10-31,9,{'JAM'},"{'JAM_MODERATE_TRAFFIC', 'JAM_HEAVY_TRAFFIC'}",68,{6},5.0
2e68e601,2e68e600c,2020-10-31,21,{'JAM'},{'JAM_MODERATE_TRAFFIC'},8,{6},5.0
2e68e601,2e68e600c,2020-11-01,16,{'JAM'},{'JAM_MODERATE_TRAFFIC'},31,{6},5.0
2e68e601,2e68e600c,2020-11-02,12,{'JAM'},{'JAM_STAND_STILL_TRAFFIC'},30,{6},5.0
2e68e601,2e68e600c,2020-11-02,17,{'JAM'},{'JAM_STAND_STILL_TRAFFIC'},63,"{2, 6}",5.0
2e68e601,2e68e600c,2020-11-02,18,{'JAM'},{'JAM_STAND_STILL_TRAFFIC'},31,{6},5.0
2e68e601,2e68e600c,2020-11-03,7,{'JAM'},{'JAM_HEAVY_TRAFFIC'},32,{2},5.0
2e68e601,2e68e600c,2020-11-03,14,{'JAM'},{'JAM_MODERATE_TRAFFIC'},32,{6},5.0
2e68e601,2e68e600c,2020-11-08,6,{'JAM'},{'JAM'},6,{6},5.0
2e68e601,2e68e600c,2020-11-09,9,{'JAM'},{'JAM_MODERATE_TRAFFIC'},31,{6},5.0
2e68e601,2e68e600c,2020-11-09,15,{'JAM'},{'JAM_STAND_STILL_TRAFFIC'},62,{6},5.725806451612903
2e68e601,2e68e600c,2020-11-09,17,{'JAM'},"{'JAM_STAND_STILL_TRAFFIC', 'JAM_HEAVY_TRAFFIC'}",189,"{2, 6}",5.751322751322752
2e68e601,2e68e600c,2020-11-10,18,{'JAM'},{'JAM_STAND_STILL_TRAFFIC'},34,{2},5.0
2e68e601,2e68e600c,2020-11-11,17,{'JAM'},{'JAM_MODERATE_TRAFFIC'},45,{6},5.4
2e68e601,2e68e600c,2020-11-11,18,{'JAM'},{'JAM_MODERATE_TRAFFIC'},6,{6},5.0
2e68e601,2e68e600c,2020-11-15,17,{'JAM'},{'JAM_MODERATE_TRAFFIC'},12,{6},5.0
2e68e601,2e68e600c,2020-11-18,7,{'JAM'},{'JAM_HEAVY_TRAFFIC'},33,{6},5.0
2e68e601,2e68e600c,2020-11-19,17,{'JAM'},"{'JAM_STAND_STILL_TRAFFIC', 'JAM_HEAVY_TRAFFIC'}",69,{2},6.101449275362318
2e68e601,2e68e600c,2020-11-21,14,{'JAM'},{'JAM_STAND_STILL_TRAFFIC'},31,{6},5.0
2e68e601,2e68e600c,2020-11-21,15,{'JAM'},{'JAM_HEAVY_TRAFFIC'},31,{2},5.0
2e68e601,2e68e601c,2020-10-08,17,{'JAM'},{'JAM_MODERATE_TRAFFIC'},9,{7},5.0
2e68e601,2e68e601c,2020-10-18,14,{'JAM'},{'JAM_STAND_STILL_TRAFFIC'},30,{7},6.0
2e68e601,2e68e601c,2020-10-27,18,{'JAM'},{'JAM_HEAVY_TRAFFIC'},30,{7},5.0
2e68e601,2e68e601c,2020-10-30,16,{'JAM'},{'JAM_HEAVY_TRAFFIC'},44,{7},5.340909090909091
2e68e601,2e68e601c,2020-11-03,10,{'JAM'},{'JAM_MODERATE_TRAFFIC'},61,{7},5.491803278688525
2e68e601,2e68e601c,2020-11-13,17,{'JAM'},{'JAM_STAND_STILL_TRAFFIC'},32,{7},5.46875
2e68e601,2e68e601c,2020-11-13,18,{'JAM'},{'JAM_STAND_STILL_TRAFFIC'},38,{7},5.421052631578948
2e68e601,2e68e601c,2020-11-14,15,{'JAM'},{'JAM_STAND_STILL_TRAFFIC'},3,{7},5.0
2e68e601,2e68e601c,2020-11-14,16,{'JAM'},{'JAM_STAND_STILL_TRAFFIC'},56,{7},5.0
2e68e601,2e68e601c,2020-11-19,17,{'JAM'},{'JAM_HEAVY_TRAFFIC'},33,{7},5.484848484848484
2e68e603,2e68e6024,2020-09-07,17,{'JAM'},{'JAM'},34,{7},5.0
2e68e603,2e68e6024,2020-10-03,14,{'JAM'},{'JAM'},39,{7},5.410256410256411
2e68e603,2e68e6024,2020-10-16,11,{'JAM'},{'JAM_STAND_STILL_TRAFFIC'},30,{7},5.0
2e68e603,2e68e6024,2020-10-17,11,{'JAM'},{'JAM_HEAVY_TRAFFIC'},44,{7},5.340909090909091
2e68e603,2e68e6024,2020-10-17,13,{'JAM'},{'JAM_HEAVY_TRAFFIC'},5,{7},5.0
2e68e603,2e68e6024,2020-10-23,15,{'JAM'},{'JAM_HEAVY_TRAFFIC'},31,{7},5.0
2e68e603,2e68e6024,2020-10-24,11,{'JAM'},{'JAM_HEAVY_TRAFFIC'},30,{7},5.0
2e68e603,2e68e6024,2020-10-24,13,{'JAM'},{'JAM_STAND_STILL_TRAFFIC'},31,{7},5.838709677419355
2e68e603,2e68e6024,2020-10-27,16,{'JAM'},{'JAM_MODERATE_TRAFFIC'},30,{7},5.0
2e68e603,2e68e6024,2020-10-30,10,{'JAM'},{'JAM_HEAVY_TRAFFIC'},15,{7},7.0
2e68e603,2e68e6024,2020-11-05,12,{'JAM'},{'JAM'},30,{7},5.0
2e68e603,2e68e6024,2020-11-07,12,{'JAM'},"{'JAM_STAND_STILL_TRAFFIC', 'JAM_MODERATE_TRAFFIC'}",31,{7},5.0
2e68e603,2e68e6024,2020-11-07,14,{'JAM'},{'JAM_STAND_STILL_TRAFFIC'},32,{7},5.0
2e68e603,2e68e6024,2020-11-13,18,{'JAM'},{'JAM_STAND_STILL_TRAFFIC'},42,{7},5.380952380952381
2e68e603,2e68e6024,2020-11-14,16,{'JAM'},{'JAM_STAND_STILL_TRAFFIC'},30,{7},5.0
2e68e603,2e68e6024,2020-11-20,17,{'JAM'},"{'JAM_MODERATE_TRAFFIC', 'JAM_HEAVY_TRAFFIC'}",41,{7},5.829268292682927
2e68e603,2e68e6024,2020-11-21,11,{'JAM'},{'JAM_HEAVY_TRAFFIC'},9,{7},5.0
2e68e603,2e68e602c,2020-09-05,11,{'JAM'},{'JAM_HEAVY_TRAFFIC'},30,{7},5.0
2e68e603,2e68e602c,2020-09-12,10,{'JAM'},{'JAM'},31,{7},5.0
2e68e603,2e68e602c,2020-09-12,17,{'JAM'},{'JAM_MODERATE_TRAFFIC'},21,{7},5.0
2e68e603,2e68e602c,2020-09-16,10,{'JAM'},{'JAM_HEAVY_TRAFFIC'},32,{2},5.0
2e68e603,2e68e602c,2020-09-16,13,{'JAM'},{'JAM_HEAVY_TRAFFIC'},32,{7},5.0
2e68e603,2e68e602c,2020-09-26,14,{'JAM'},{'JAM_HEAVY_TRAFFIC'},33,{7},5.0
2e68e603,2e68e602c,2020-10-01,14,{'JAM'},{'JAM_MODERATE_TRAFFIC'},31,{7},5.0
2e68e603,2e68e602c,2020-10-01,15,{'JAM'},{'JAM_HEAVY_TRAFFIC'},33,{7},5.0
2e68e603,2e68e602c,2020-10-07,15,{'JAM'},{'JAM_MODERATE_TRAFFIC'},6,{7},5.0
2e68e603,2e68e602c,2020-10-10,16,{'JAM'},{'JAM_MODERATE_TRAFFIC'},5,{2},5.0
2e68e603,2e68e602c,2020-10-12,7,{'JAM'},{'JAM_MODERATE_TRAFFIC'},30,{7},5.0
2e68e603,2e68e602c,2020-10-16,16,{'JAM'},{'JAM_HEAVY_TRAFFIC'},6,{7},5.0
2e68e603,2e68e602c,2020-10-17,16,{'JAM'},{'JAM_MODERATE_TRAFFIC'},1,{7},5.0
2e68e603,2e68e602c,2020-10-24,15,{'JAM'},{'JAM_HEAVY_TRAFFIC'},5,{7},5.8
2e68e603,2e68e602c,2020-10-24,17,{'JAM'},{'JAM_STAND_STILL_TRAFFIC'},71,{7},5.0
2e68e603,2e68e602c,2020-10-26,12,{'JAM'},{'JAM_HEAVY_TRAFFIC'},7,{7},5.0
2e68e603,2e68e602c,2020-10-30,10,{'JAM'},{'JAM_HEAVY_TRAFFIC'},29,{7},5.0344827586206895
2e68e603,2e68e602c,2020-10-31,14,{'JAM'},"{'JAM_STAND_STILL_TRAFFIC', 'JAM_MODERATE_TRAFFIC'}",77,"{1, 7}",5.0
2e68e603,2e68e602c,2020-11-07,12,{'JAM'},{'JAM_MODERATE_TRAFFIC'},29,{7},6.0
2e68e603,2e68e602c,2020-11-07,13,{'JAM'},{'JAM_STAND_STILL_TRAFFIC'},33,{7},5.0
2e68e603,2e68e602c,2020-11-07,14,{'JAM'},{'JAM_STAND_STILL_TRAFFIC'},31,{7},5.0
2e68e603,2e68e602c,2020-11-13,17,{'JAM'},{'JAM_MODERATE_TRAFFIC'},8,{7},5.0
2e68e603,2e68e602c,2020-11-16,10,{'JAM'},{'JAM_MODERATE_TRAFFIC'},19,{7},5.0
2e68e603,2e68e602c,2020-11-20,16,{'JAM'},{'JAM_STAND_STILL_TRAFFIC'},32,{7},5.9375
2e68e603,2e68e602c,2020-11-22,9,{'JAM'},{'JAM_MODERATE_TRAFFIC'},30,{7},5.0
2e68e603,2e68e6034,2020-09-15,14,{'JAM'},{'JAM_STAND_STILL_TRAFFIC'},12,{7},5.666666666666667
2e68e603,2e68e6034,2020-10-05,17,{'JAM'},"{'JAM_MODERATE_TRAFFIC', 'JAM_HEAVY_TRAFFIC'}",67,{7},5.0
2e68e603,2e68e6034,2020-10-07,15,{'JAM'},{'JAM_STAND_STILL_TRAFFIC'},22,{7},5.0
2e68e605,2e68e604c,2020-10-05,17,{'JAM'},{'JAM_MODERATE_TRAFFIC'},34,{7},5.0
2e68e605,2e68e604c,2020-10-07,15,{'JAM'},{'JAM_MODERATE_TRAFFIC'},7,{7},5.0
2e68e605,2e68e604c,2020-10-08,13,{'JAM'},{'JAM_MODERATE_TRAFFIC'},33,{1},5.0
2e68e605,2e68e604c,2020-10-10,10,{'WEATHERHAZARD'},{'WEATHERHAZARD'},31,{7},5.0
2e68e605,2e68e604c,2020-10-31,17,{'ACCIDENT'},{'ACCIDENT'},121,{1},5.0
2e68e605,2e68e604c,2020-11-08,22,{'ACCIDENT'},{'ACCIDENT'},1,{7},5.0
2e68e605,2e68e604c,2020-11-13,17,{'JAM'},{'JAM_MODERATE_TRAFFIC'},31,{7},5.612903225806452
2e68e605,2e68e6054,2020-10-07,15,{'JAM'},{'JAM_MODERATE_TRAFFIC'},32,{1},5.0
2e68e605,2e68e6054,2020-11-02,17,{'JAM'},{'JAM_MODERATE_TRAFFIC'},7,{1},5.0
2e68e605,2e68e605c,2020-11-03,9,{'JAM'},{'JAM'},30,{1},5.0
2e68e605,2e68e605c,2020-11-13,10,{'JAM'},{'JAM_MODERATE_TRAFFIC'},30,{1},5.0
2e68e605,2e68e605c,2020-11-13,17,{'JAM'},{'JAM_MODERATE_TRAFFIC'},6,{1},5.0
2e68e607,2e68e6074,2020-09-02,17,{'JAM'},{'JAM_MODERATE_TRAFFIC'},31,{6},5.0
2e68e607,2e68e6074,2020-09-03,18,{'JAM'},{'JAM_MODERATE_TRAFFIC'},31,{6},5.0
2e68e607,2e68e6074,2020-09-06,20,{'JAM'},{'JAM_MODERATE_TRAFFIC'},24,{6},5.0
2e68e607,2e68e6074,2020-09-11,13,{'JAM'},{'JAM_MODERATE_TRAFFIC'},28,{6},5.0
2e68e607,2e68e6074,2020-09-18,17,{'JAM'},{'JAM_STAND_STILL_TRAFFIC'},31,{6},5.0
2e68e607,2e68e6074,2020-09-20,15,{'JAM'},{'JAM_MODERATE_TRAFFIC'},6,{6},5.0
2e68e607,2e68e6074,2020-10-04,18,{'JAM'},{'JAM_MODERATE_TRAFFIC'},14,{6},5.0
2e68e607,2e68e6074,2020-10-10,14,{'JAM'},{'JAM_MODERATE_TRAFFIC'},18,{1},5.0
2e68e607,2e68e6074,2020-10-17,17,{'JAM'},{'JAM_MODERATE_TRAFFIC'},7,{6},5.0
2e68e607,2e68e6074,2020-10-23,7,{'JAM'},{'JAM_MODERATE_TRAFFIC'},30,{6},5.0
2e68e607,2e68e6074,2020-10-24,10,{'JAM'},{'JAM_MODERATE_TRAFFIC'},31,{6},5.483870967741935
2e68e607,2e68e6074,2020-10-28,7,{'JAM'},{'JAM_STAND_STILL_TRAFFIC'},14,{6},5.571428571428571
2e68e607,2e68e6074,2020-10-28,8,{'JAM'},{'JAM_HEAVY_TRAFFIC'},30,{6},5.0
2e68e607,2e68e6074,2020-10-31,17,{'JAM'},{'JAM_MODERATE_TRAFFIC'},16,{6},5.0
2e68e607,2e68e6074,2020-11-03,17,{'JAM'},{'JAM_MODERATE_TRAFFIC'},5,{6},5.0
2e68e607,2e68e6074,2020-11-04,21,{'JAM'},{'JAM_MODERATE_TRAFFIC'},31,{1},5.0
2e68e607,2e68e6074,2020-11-05,17,{'JAM'},{'JAM_MODERATE_TRAFFIC'},31,{6},5.0
2e68e607,2e68e6074,2020-11-07,15,{'JAM'},{'JAM_MODERATE_TRAFFIC'},31,{6},5.0
2e68e607,2e68e6074,2020-11-09,15,{'JAM'},{'JAM_STAND_STILL_TRAFFIC'},31,{6},6.419354838709677
2e68e607,2e68e6074,2020-11-09,17,{'JAM'},{'JAM_STAND_STILL_TRAFFIC'},7,{1},5.0
2e68e607,2e68e6074,2020-11-11,19,{'JAM'},{'JAM_MODERATE_TRAFFIC'},6,{6},5.0
2e68e607,2e68e6074,2020-11-13,10,{'JAM'},{'JAM_MODERATE_TRAFFIC'},30,{1},5.0
2e68e607,2e68e6074,2020-11-15,11,{'JAM'},{'JAM_MODERATE_TRAFFIC'},32,{6},5.0
2e68e607,2e68e6074,2020-11-16,17,{'JAM'},{'JAM_MODERATE_TRAFFIC'},32,{6},5.0
2e68e607,2e68e6074,2020-11-22,18,{'JAM'},{'JAM_MODERATE_TRAFFIC'},31,{6},5.0
2e68e607,2e68e607c,2020-09-06,12,{'JAM'},{'JAM_MODERATE_TRAFFIC'},7,{6},5.0
2e68e607,2e68e607c,2020-09-08,8,{'JAM'},{'JAM_MODERATE_TRAFFIC'},30,{6},5.0
2e68e607,2e68e607c,2020-09-11,13,{'JAM'},{'JAM_MODERATE_TRAFFIC'},32,{20},5.0
2e68e607,2e68e607c,2020-09-25,9,{'JAM'},{'JAM_MODERATE_TRAFFIC'},32,{6},5.0
2e68e607,2e68e607c,2020-10-03,9,{'JAM'},{'JAM_MODERATE_TRAFFIC'},1,{6},5.0
2e68e607,2e68e607c,2020-10-14,16,{'JAM'},{'JAM_MODERATE_TRAFFIC'},12,{6},5.0
2e68e607,2e68e607c,2020-10-17,17,{'JAM'},{'JAM_MODERATE_TRAFFIC'},20,{6},5.0
2e68e607,2e68e607c,2020-10-18,12,{'JAM'},{'JAM_MODERATE_TRAFFIC'},9,{6},5.0
2e68e607,2e68e607c,2020-10-24,9,{'JAM'},{'JAM_MODERATE_TRAFFIC'},31,{20},5.612903225806452
2e68e607,2e68e607c,2020-10-24,11,{'JAM'},{'JAM_MODERATE_TRAFFIC'},14,{6},5.0
2e68e607,2e68e607c,2020-10-25,12,{'JAM'},{'JAM_MODERATE_TRAFFIC'},6,{6},5.0
2e68e607,2e68e607c,2020-11-01,16,{'JAM'},{'JAM_MODERATE_TRAFFIC'},8,{6},5.0
2e68e607,2e68e607c,2020-11-04,10,{'JAM'},{'JAM_MODERATE_TRAFFIC'},6,{6},5.0
2e68e607,2e68e607c,2020-11-08,10,{'JAM'},{'JAM_MODERATE_TRAFFIC'},30,{6},5.0
2e68e607,2e68e607c,2020-11-10,18,{'JAM'},{'JAM_MODERATE_TRAFFIC'},23,{6},5.0
2e68e607,2e68e607c,2020-11-15,17,{'JAM'},{'JAM_MODERATE_TRAFFIC'},7,{1},5.0
2e68e607,2e68e607c,2020-11-18,13,{'JAM'},{'JAM_MODERATE_TRAFFIC'},17,{6},5.0
2e68e609,2e68e6084,2020-09-02,13,{'JAM'},{'JAM_MODERATE_TRAFFIC'},37,"{6, 7}",5.0
2e68e609,2e68e6084,2020-09-02,16,{'JAM'},{'JAM'},35,{6},5.0
2e68e609,2e68e6084,2020-09-02,17,{'JAM'},{'JAM_MODERATE_TRAFFIC'},26,{6},5.0
2e68e609,2e68e6084,2020-09-03,11,{'JAM'},{'JAM_MODERATE_TRAFFIC'},35,{6},5.0
2e68e609,2e68e6084,2020-09-03,18,{'JAM'},{'JAM_MODERATE_TRAFFIC'},23,{6},5.0
2e68e609,2e68e6084,2020-09-04,12,{'JAM'},{'JAM_MODERATE_TRAFFIC'},31,{6},5.0
2e68e609,2e68e6084,2020-09-06,12,{'JAM'},{'JAM_MODERATE_TRAFFIC'},20,{6},5.0
2e68e609,2e68e6084,2020-09-06,20,{'JAM'},{'JAM_MODERATE_TRAFFIC'},6,{6},5.0
2e68e609,2e68e6084,2020-09-08,16,{'JAM'},{'JAM_MODERATE_TRAFFIC'},31,"{6, 7}",5.0
2e68e609,2e68e6084,2020-09-10,13,{'JAM'},{'JAM_MODERATE_TRAFFIC'},17,{6},5.0
2e68e609,2e68e6084,2020-09-10,16,{'JAM'},{'JAM_MODERATE_TRAFFIC'},31,{7},5.0
2e68e609,2e68e6084,2020-09-11,13,{'JAM'},{'JAM_HEAVY_TRAFFIC'},30,{6},5.0
2e68e609,2e68e6084,2020-09-11,20,{'JAM'},{'JAM_MODERATE_TRAFFIC'},36,{6},5.0
2e68e609,2e68e6084,2020-09-13,11,{'JAM'},{'JAM_MODERATE_TRAFFIC'},12,{6},5.0
2e68e609,2e68e6084,2020-09-13,17,{'JAM'},{'JAM_MODERATE_TRAFFIC'},13,{6},5.0
2e68e609,2e68e6084,2020-09-13,18,{'JAM'},{'JAM_MODERATE_TRAFFIC'},6,{6},5.0
2e68e609,2e68e6084,2020-09-15,17,{'JAM'},{'JAM_HEAVY_TRAFFIC'},31,{6},5.0
2e68e609,2e68e6084,2020-09-18,19,{'JAM'},{'JAM_MODERATE_TRAFFIC'},5,{6},5.0
2e68e609,2e68e6084,2020-09-19,11,{'JAM'},{'JAM_MODERATE_TRAFFIC'},35,{6},5.428571428571429
2e68e609,2e68e6084,2020-09-19,16,{'JAM'},{'JAM_MODERATE_TRAFFIC'},5,{6},5.0
2e68e609,2e68e6084,2020-09-20,11,{'JAM'},{'JAM_MODERATE_TRAFFIC'},36,"{6, 7}",5.0
2e68e609,2e68e6084,2020-09-20,15,{'JAM'},{'JAM_MODERATE_TRAFFIC'},6,{6},5.0
2e68e609,2e68e6084,2020-09-24,12,{'JAM'},{'JAM_MODERATE_TRAFFIC'},31,{6},5.0
2e68e609,2e68e6084,2020-09-24,14,{'JAM'},{'JAM_MODERATE_TRAFFIC'},40,"{1, 7}",5.0
2e68e609,2e68e6084,2020-09-25,9,{'JAM'},{'JAM_MODERATE_TRAFFIC'},7,{6},5.0
2e68e609,2e68e6084,2020-09-26,17,{'JAM'},{'JAM_MODERATE_TRAFFIC'},31,{6},5.0
2e68e609,2e68e6084,2020-09-26,20,{'JAM'},{'JAM_MODERATE_TRAFFIC'},5,{6},5.0
2e68e609,2e68e6084,2020-10-04,11,{'JAM'},{'JAM_MODERATE_TRAFFIC'},30,{6},5.0
2e68e609,2e68e6084,2020-10-04,18,{'JAM'},{'JAM_MODERATE_TRAFFIC'},7,{7},5.0
2e68e609,2e68e6084,2020-10-08,13,{'JAM'},{'JAM_MODERATE_TRAFFIC'},41,"{1, 7}",5.0
2e68e609,2e68e6084,2020-10-10,16,{'JAM'},{'JAM_MODERATE_TRAFFIC'},6,{6},5.0
2e68e609,2e68e6084,2020-10-10,17,{'JAM'},{'JAM_MODERATE_TRAFFIC'},11,{6},5.0
2e68e609,2e68e6084,2020-10-10,20,{'JAM'},{'JAM_MODERATE_TRAFFIC'},12,"{6, 7}",5.0
2e68e609,2e68e6084,2020-10-14,11,{'JAM'},{'JAM_MODERATE_TRAFFIC'},32,{6},5.0
2e68e609,2e68e6084,2020-10-14,16,{'JAM'},{'JAM_MODERATE_TRAFFIC'},11,{6},5.0
2e68e609,2e68e6084,2020-10-16,18,{'JAM'},{'JAM_HEAVY_TRAFFIC'},38,{6},5.447368421052632
2e68e609,2e68e6084,2020-10-17,11,{'JAM'},{'JAM_MODERATE_TRAFFIC'},22,{6},5.0
2e68e609,2e68e6084,2020-10-18,12,{'JAM'},{'JAM_MODERATE_TRAFFIC'},5,{6},5.0
2e68e609,2e68e6084,2020-10-18,18,{'JAM'},{'JAM_MODERATE_TRAFFIC'},13,{6},5.0
2e68e609,2e68e6084,2020-10-19,17,{'JAM'},{'JAM_MODERATE_TRAFFIC'},28,{6},5.0
2e68e609,2e68e6084,2020-10-20,13,{'JAM'},{'JAM_MODERATE_TRAFFIC'},32,{6},5.625
2e68e609,2e68e6084,2020-10-21,11,{'JAM'},{'JAM_MODERATE_TRAFFIC'},61,{6},5.0
2e68e609,2e68e6084,2020-10-21,13,{'JAM'},{'JAM_MODERATE_TRAFFIC'},7,{6},5.0
2e68e609,2e68e6084,2020-10-24,8,{'JAM'},{'JAM_MODERATE_TRAFFIC'},37,"{6, 7}",5.405405405405405
2e68e609,2e68e6084,2020-10-24,10,{'JAM'},{'JAM_MODERATE_TRAFFIC'},6,{6},5.0
2e68e609,2e68e6084,2020-10-24,11,{'JAM'},{'JAM_MODERATE_TRAFFIC'},37,{6},5.0
2e68e609,2e68e6084,2020-10-24,16,{'JAM'},{'JAM_HEAVY_TRAFFIC'},27,{6},5.0
2e68e609,2e68e6084,2020-10-24,18,{'JAM'},{'JAM_MODERATE_TRAFFIC'},11,{6},5.0
2e68e609,2e68e6084,2020-10-25,12,{'JAM'},{'JAM_MODERATE_TRAFFIC'},32,{6},5.0
2e68e609,2e68e6084,2020-10-25,17,{'JAM'},{'JAM_MODERATE_TRAFFIC'},15,{6},5.0
2e68e609,2e68e6084,2020-10-26,17,{'JAM'},{'JAM_MODERATE_TRAFFIC'},6,{6},5.0
2e68e609,2e68e6084,2020-10-27,10,{'JAM'},{'JAM_MODERATE_TRAFFIC'},5,{6},5.0
2e68e609,2e68e6084,2020-10-28,12,{'JAM'},{'JAM_MODERATE_TRAFFIC'},6,{6},5.0
2e68e609,2e68e6084,2020-10-28,20,{'JAM'},{'JAM_MODERATE_TRAFFIC'},31,{6},5.0
2e68e609,2e68e6084,2020-10-30,13,{'JAM'},{'JAM_HEAVY_TRAFFIC'},32,{6},5.46875
2e68e609,2e68e6084,2020-10-31,17,{'JAM'},"{'JAM_MODERATE_TRAFFIC', 'JAM_HEAVY_TRAFFIC'}",47,"{6, 7}",5.0
2e68e609,2e68e6084,2020-10-31,21,{'JAM'},{'JAM_MODERATE_TRAFFIC'},13,"{6, 7}",5.0
2e68e609,2e68e6084,2020-11-01,12,{'JAM'},{'JAM_MODERATE_TRAFFIC'},38,"{6, 7}",5.0
2e68e609,2e68e6084,2020-11-02,16,{'JAM'},{'JAM_HEAVY_TRAFFIC'},38,{6},6.2894736842105265
2e68e609,2e68e6084,2020-11-03,14,{'JAM'},{'JAM_MODERATE_TRAFFIC'},60,{6},5.0
2e68e609,2e68e6084,2020-11-03,17,{'JAM'},{'JAM_MODERATE_TRAFFIC'},11,{6},5.0
2e68e609,2e68e6084,2020-11-04,10,{'JAM'},{'JAM_MODERATE_TRAFFIC'},33,{6},5.0
2e68e609,2e68e6084,2020-11-04,17,{'JAM'},{'JAM_HEAVY_TRAFFIC'},62,{6},5.67741935483871
2e68e609,2e68e6084,2020-11-04,21,{'JAM'},{'JAM_MODERATE_TRAFFIC'},36,{6},5.0
2e68e609,2e68e6084,2020-11-05,11,{'JAM'},{'JAM_MODERATE_TRAFFIC'},32,{6},5.0
2e68e609,2e68e6084,2020-11-05,17,{'JAM'},{'JAM_MODERATE_TRAFFIC'},31,{6},5.0
2e68e609,2e68e6084,2020-11-07,12,{'JAM'},{'JAM_MODERATE_TRAFFIC'},32,{6},5.0
2e68e609,2e68e6084,2020-11-07,15,{'JAM'},{'JAM_MODERATE_TRAFFIC'},7,{6},5.0
2e68e609,2e68e6084,2020-11-08,22,{'JAM'},{'JAM_MODERATE_TRAFFIC'},24,{6},5.0
2e68e609,2e68e6084,2020-11-09,9,{'JAM'},{'JAM_MODERATE_TRAFFIC'},5,{6},5.0
2e68e609,2e68e6084,2020-11-09,15,{'JAM'},"{'JAM_STAND_STILL_TRAFFIC', 'JAM_MODERATE_TRAFFIC'}",84,{6},5.321428571428571
2e68e609,2e68e6084,2020-11-09,16,{'JAM'},{'JAM_STAND_STILL_TRAFFIC'},32,{6},5.0
2e68e609,2e68e6084,2020-11-10,18,{'JAM'},{'JAM_MODERATE_TRAFFIC'},30,{6},5.0
2e68e609,2e68e6084,2020-11-10,20,{'JAM'},{'JAM_MODERATE_TRAFFIC'},5,{6},5.0
2e68e609,2e68e6084,2020-11-11,10,{'JAM'},{'JAM_MODERATE_TRAFFIC'},30,{6},5.0
2e68e609,2e68e6084,2020-11-11,17,{'JAM'},{'JAM_MODERATE_TRAFFIC'},40,{6},5.375
2e68e609,2e68e6084,2020-11-11,18,{'JAM'},{'JAM_MODERATE_TRAFFIC'},46,"{6, 7}",5.608695652173913
2e68e609,2e68e6084,2020-11-11,20,{'JAM'},{'JAM_MODERATE_TRAFFIC'},28,{6},5.0
2e68e609,2e68e6084,2020-11-12,19,{'JAM'},{'JAM_MODERATE_TRAFFIC'},9,{6},5.0
2e68e609,2e68e6084,2020-11-12,20,{'JAM'},{'JAM_MODERATE_TRAFFIC'},13,{6},5.0
2e68e609,2e68e6084,2020-11-14,12,{'JAM'},{'JAM_HEAVY_TRAFFIC'},31,{6},5.548387096774194
2e68e609,2e68e6084,2020-11-15,11,{'JAM'},{'JAM_MODERATE_TRAFFIC'},32,{7},5.0
2e68e609,2e68e6084,2020-11-15,16,{'JAM'},{'JAM_MODERATE_TRAFFIC'},14,{6},5.0
2e68e609,2e68e6084,2020-11-15,17,{'JAM'},{'JAM_MODERATE_TRAFFIC'},11,"{1, 6}",5.0
2e68e609,2e68e6084,2020-11-16,12,{'JAM'},{'JAM_MODERATE_TRAFFIC'},32,{6},5.5
2e68e609,2e68e6084,2020-11-16,17,{'JAM'},{'JAM_MODERATE_TRAFFIC'},30,{6},5.0
2e68e609,2e68e6084,2020-11-17,3,{'JAM'},{'JAM_MODERATE_TRAFFIC'},31,{6},5.0
2e68e609,2e68e6084,2020-11-19,17,{'JAM'},{'JAM_HEAVY_TRAFFIC'},31,{7},5.838709677419355
2e68e609,2e68e6084,2020-11-22,13,{'JAM'},{'JAM_MODERATE_TRAFFIC'},32,{1},5.0
2e68e609,2e68e6084,2020-11-22,14,{'JAM'},{'JAM_STAND_STILL_TRAFFIC'},15,{6},5.4
2e68e609,2e68e6084,2020-11-22,18,{'JAM'},{'JAM_MODERATE_TRAFFIC'},30,{6},5.0
2e68e609,2e68e608c,2020-09-02,13,{'JAM'},{'JAM_MODERATE_TRAFFIC'},32,{22},5.0
2e68e609,2e68e608c,2020-09-02,18,{'JAM'},{'JAM_MODERATE_TRAFFIC'},33,{22},5.0
2e68e609,2e68e608c,2020-09-03,11,{'JAM'},{'JAM_MODERATE_TRAFFIC'},43,"{22, 7}",5.0
2e68e609,2e68e608c,2020-09-03,18,{'JAM'},{'JAM_MODERATE_TRAFFIC'},31,{22},5.0
2e68e609,2e68e608c,2020-09-04,12,{'JAM'},{'JAM_MODERATE_TRAFFIC'},31,{22},5.0
2e68e609,2e68e608c,2020-09-04,17,{'JAM'},{'JAM_MODERATE_TRAFFIC'},30,{22},5.0
2e68e609,2e68e608c,2020-09-06,12,{'JAM'},{'JAM_MODERATE_TRAFFIC'},26,"{22, 7}",5.0
2e68e609,2e68e608c,2020-09-06,20,{'JAM'},{'JAM_MODERATE_TRAFFIC'},31,{22},5.0
2e68e609,2e68e608c,2020-09-08,8,{'JAM'},{'JAM_MODERATE_TRAFFIC'},38,"{22, 7}",5.0
2e68e609,2e68e608c,2020-09-08,16,{'JAM'},{'JAM_MODERATE_TRAFFIC'},32,{22},5.0
2e68e609,2e68e608c,2020-09-10,13,{'JAM'},{'JAM_MODERATE_TRAFFIC'},38,"{22, 7}",5.0
2e68e609,2e68e608c,2020-09-10,16,{'JAM'},{'JAM_MODERATE_TRAFFIC'},29,{22},5.0
2e68e609,2e68e608c,2020-09-11,13,{'JAM'},{'JAM_MODERATE_TRAFFIC'},38,"{22, 7}",5.0
2e68e609,2e68e608c,2020-09-11,20,{'JAM'},{'JAM_MODERATE_TRAFFIC'},32,{22},5.0
2e68e609,2e68e608c,2020-09-13,11,{'JAM'},{'JAM_MODERATE_TRAFFIC'},37,"{22, 7}",5.0
2e68e609,2e68e608c,2020-09-13,18,{'JAM'},{'JAM_MODERATE_TRAFFIC'},31,{22},5.0
2e68e609,2e68e608c,2020-09-18,19,{'JAM'},{'JAM_MODERATE_TRAFFIC'},35,{22},5.0
2e68e609,2e68e608c,2020-09-19,16,{'JAM'},{'JAM_MODERATE_TRAFFIC'},31,{22},5.0
2e68e609,2e68e608c,2020-09-20,11,{'JAM'},{'JAM_MODERATE_TRAFFIC'},31,{22},5.0
2e68e609,2e68e608c,2020-09-20,15,{'JAM'},{'JAM_MODERATE_TRAFFIC'},31,{22},5.0
2e68e609,2e68e608c,2020-09-24,12,{'JAM'},{'JAM_MODERATE_TRAFFIC'},23,{7},5.0
2e68e609,2e68e608c,2020-09-25,9,{'JAM'},{'JAM_MODERATE_TRAFFIC'},31,{22},5.0
2e68e609,2e68e608c,2020-09-25,21,{'JAM'},{'JAM_MODERATE_TRAFFIC'},7,{22},5.0
2e68e609,2e68e608c,2020-09-26,17,{'JAM'},{'JAM_MODERATE_TRAFFIC'},64,"{22, 7}",5.0
2e68e609,2e68e608c,2020-09-26,20,{'JAM'},{'JAM_MODERATE_TRAFFIC'},31,{22},5.0
2e68e609,2e68e608c,2020-09-27,11,{'JAM'},{'JAM_MODERATE_TRAFFIC'},38,"{22, 7}",5.0
2e68e609,2e68e608c,2020-09-27,14,{'JAM'},{'JAM_MODERATE_TRAFFIC'},32,{22},5.0
2e68e609,2e68e608c,2020-10-04,11,{'JAM'},{'JAM_MODERATE_TRAFFIC'},56,"{22, 7}",5.0
2e68e609,2e68e608c,2020-10-07,15,{'JAM'},{'JAM_MODERATE_TRAFFIC'},39,"{22, 7}",5.0
2e68e609,2e68e608c,2020-10-07,17,{'JAM'},{'JAM_MODERATE_TRAFFIC'},30,{22},5.6
2e68e609,2e68e608c,2020-10-08,13,{'JAM'},{'JAM_MODERATE_TRAFFIC'},32,{22},5.0
2e68e609,2e68e608c,2020-10-10,11,{'JAM'},{'JAM_MODERATE_TRAFFIC'},32,{22},5.0
2e68e609,2e68e608c,2020-10-10,14,{'JAM'},{'JAM_MODERATE_TRAFFIC'},37,{22},5.405405405405405
2e68e609,2e68e608c,2020-10-10,17,{'JAM'},{'JAM_MODERATE_TRAFFIC'},33,{22},5.0
2e68e609,2e68e608c,2020-10-10,20,{'JAM'},{'JAM_MODERATE_TRAFFIC'},31,{22},5.0
2e68e609,2e68e608c,2020-10-13,10,{'JAM'},{'JAM_MODERATE_TRAFFIC'},31,{22},5.0
2e68e609,2e68e608c,2020-10-14,11,{'JAM'},{'JAM_MODERATE_TRAFFIC'},33,{22},5.0
2e68e609,2e68e608c,2020-10-14,16,{'JAM'},{'JAM_MODERATE_TRAFFIC'},30,{22},5.0
2e68e609,2e68e608c,2020-10-16,17,{'JAM'},"{'JAM_MODERATE_TRAFFIC', 'JAM_HEAVY_TRAFFIC'}",55,"{22, 7}",5.036363636363636
2e68e609,2e68e608c,2020-10-16,20,{'JAM'},{'JAM_MODERATE_TRAFFIC'},29,{22},5.0
2e68e609,2e68e608c,2020-10-17,11,{'JAM'},{'JAM_MODERATE_TRAFFIC'},40,"{22, 7}",5.0
2e68e609,2e68e608c,2020-10-17,17,{'JAM'},{'JAM_MODERATE_TRAFFIC'},31,{22},5.645161290322581
2e68e609,2e68e608c,2020-10-18,11,{'JAM'},{'JAM_MODERATE_TRAFFIC'},30,{22},6.0
2e68e609,2e68e608c,2020-10-18,18,{'JAM'},{'JAM_MODERATE_TRAFFIC'},30,{22},5.0
2e68e609,2e68e608c,2020-10-20,13,{'JAM'},{'JAM_MODERATE_TRAFFIC'},32,{22},5.0
2e68e609,2e68e608c,2020-10-20,18,{'JAM'},{'JAM_MODERATE_TRAFFIC'},33,{22},5.0
2e68e609,2e68e608c,2020-10-21,11,{'JAM'},{'JAM_MODERATE_TRAFFIC'},30,{22},5.0
2e68e609,2e68e608c,2020-10-23,17,{'JAM'},{'JAM_HEAVY_TRAFFIC'},32,{7},6.59375
2e68e609,2e68e608c,2020-10-24,10,{'JAM'},{'JAM_MODERATE_TRAFFIC'},30,{22},5.666666666666667
2e68e609,2e68e608c,2020-10-24,18,{'JAM'},{'JAM_MODERATE_TRAFFIC'},31,{22},5.0
2e68e609,2e68e608c,2020-10-25,12,{'JAM'},{'JAM_MODERATE_TRAFFIC'},62,"{22, 7}",5.0
2e68e609,2e68e608c,2020-10-25,17,{'JAM'},{'JAM_MODERATE_TRAFFIC'},31,{22},5.0
2e68e609,2e68e608c,2020-10-27,10,{'JAM'},{'JAM_MODERATE_TRAFFIC'},35,"{22, 7}",5.514285714285714
2e68e609,2e68e608c,2020-10-28,18,{'JAM'},{'JAM_MODERATE_TRAFFIC'},30,{22},5.0
2e68e609,2e68e608c,2020-10-28,20,{'JAM'},{'JAM_MODERATE_TRAFFIC'},32,{7},5.0
2e68e609,2e68e608c,2020-10-28,21,{'JAM'},{'JAM_MODERATE_TRAFFIC'},31,{22},5.0
2e68e609,2e68e608c,2020-10-30,16,{'JAM'},{'JAM_STAND_STILL_TRAFFIC'},32,{7},5.0
2e68e609,2e68e608c,2020-10-30,17,{'JAM'},{'JAM_MODERATE_TRAFFIC'},18,{7},5.0
2e68e609,2e68e608c,2020-10-31,17,{'JAM'},{'JAM_MODERATE_TRAFFIC'},30,{22},5.0
2e68e609,2e68e608c,2020-10-31,21,{'JAM'},{'JAM_MODERATE_TRAFFIC'},31,{22},5.0
2e68e609,2e68e608c,2020-11-01,12,{'JAM'},{'JAM_MODERATE_TRAFFIC'},30,{22},5.0
2e68e609,2e68e608c,2020-11-01,16,{'JAM'},{'JAM_MODERATE_TRAFFIC'},30,{22},5.0
2e68e609,2e68e608c,2020-11-02,17,{'JAM'},{'JAM_MODERATE_TRAFFIC'},67,"{22, 7}",5.507462686567164
2e68e609,2e68e608c,2020-11-03,14,{'JAM'},{'JAM_MODERATE_TRAFFIC'},31,{22},5.0
2e68e609,2e68e608c,2020-11-03,17,{'JAM'},{'JAM_MODERATE_TRAFFIC'},31,{22},5.0
2e68e609,2e68e608c,2020-11-04,10,{'JAM'},{'JAM_MODERATE_TRAFFIC'},45,"{22, 7}",5.0
2e68e609,2e68e608c,2020-11-04,17,{'JAM'},{'JAM_HEAVY_TRAFFIC'},31,{7},5.612903225806452
2e68e609,2e68e608c,2020-11-04,21,{'JAM'},{'JAM_MODERATE_TRAFFIC'},31,{22},5.0
2e68e609,2e68e608c,2020-11-05,11,{'JAM'},{'JAM_MODERATE_TRAFFIC'},64,"{22, 7}",5.0
2e68e609,2e68e608c,2020-11-05,17,{'JAM'},{'JAM_MODERATE_TRAFFIC'},32,{22},5.0
2e68e609,2e68e608c,2020-11-07,12,{'JAM'},{'JAM_MODERATE_TRAFFIC'},55,"{22, 7}",5.0
2e68e609,2e68e608c,2020-11-07,15,{'JAM'},{'JAM_MODERATE_TRAFFIC'},31,{22},5.0
2e68e609,2e68e608c,2020-11-07,16,{'JAM'},{'JAM_MODERATE_TRAFFIC'},30,{22},5.933333333333334
2e68e609,2e68e608c,2020-11-07,17,{'JAM'},{'JAM_MODERATE_TRAFFIC'},64,"{22, 7}",5.0
2e68e609,2e68e608c,2020-11-09,15,{'JAM'},{'JAM_MODERATE_TRAFFIC'},32,{22},5.9375
2e68e609,2e68e608c,2020-11-10,18,{'JAM'},{'JAM_MODERATE_TRAFFIC'},31,{22},5.0
2e68e609,2e68e608c,2020-11-10,20,{'JAM'},{'JAM_MODERATE_TRAFFIC'},31,{22},5.0
2e68e609,2e68e608c,2020-11-11,10,{'JAM'},{'JAM_MODERATE_TRAFFIC'},31,{22},5.967741935483871
2e68e609,2e68e608c,2020-11-11,17,{'JAM'},{'JAM_MODERATE_TRAFFIC'},30,{22},5.0
2e68e609,2e68e608c,2020-11-11,18,{'JAM'},{'JAM_MODERATE_TRAFFIC'},33,{1},5.7272727272727275
2e68e609,2e68e608c,2020-11-11,20,{'JAM'},{'JAM_MODERATE_TRAFFIC'},32,{22},5.0
2e68e609,2e68e608c,2020-11-12,19,{'JAM'},{'JAM_MODERATE_TRAFFIC'},32,{22},5.0
2e68e609,2e68e608c,2020-11-12,21,{'JAM'},{'JAM_MODERATE_TRAFFIC'},30,{22},5.0
2e68e609,2e68e608c,2020-11-13,17,{'JAM'},{'JAM_MODERATE_TRAFFIC'},57,"{22, 7}",5.684210526315789
2e68e609,2e68e608c,2020-11-14,18,{'JAM'},{'JAM_MODERATE_TRAFFIC'},35,"{22, 7}",5.0
2e68e609,2e68e608c,2020-11-14,21,{'JAM'},{'JAM_MODERATE_TRAFFIC'},32,{22},5.0
2e68e609,2e68e608c,2020-11-15,11,{'JAM'},{'JAM_MODERATE_TRAFFIC'},31,{22},5.0
2e68e609,2e68e608c,2020-11-15,17,{'JAM'},{'JAM_MODERATE_TRAFFIC'},32,{22},5.0
2e68e609,2e68e608c,2020-11-16,12,{'JAM'},{'JAM_MODERATE_TRAFFIC'},67,"{22, 7}",5.477611940298507
2e68e609,2e68e608c,2020-11-16,17,{'JAM'},{'JAM_MODERATE_TRAFFIC'},24,{22},5.0
2e68e609,2e68e608c,2020-11-17,3,{'JAM'},{'JAM_MODERATE_TRAFFIC'},31,{22},5.0
2e68e609,2e68e608c,2020-11-22,12,{'JAM'},{'JAM_MODERATE_TRAFFIC'},41,"{22, 7}",5.0
2e68e609,2e68e608c,2020-11-22,18,{'JAM'},{'JAM_MODERATE_TRAFFIC'},30,{22},5.0
2e68e609,2e68e6094,2020-11-19,18,{'WEATHERHAZARD'},{'HAZARD_ON_SHOULDER_CAR_STOPPED'},19,{2},5.631578947368421
2e68e609,2e68e609c,2020-09-02,17,{'JAM'},{'JAM_MODERATE_TRAFFIC'},6,{1},5.0
2e68e609,2e68e609c,2020-09-03,18,{'JAM'},{'JAM_MODERATE_TRAFFIC'},31,{1},5.0
2e68e609,2e68e609c,2020-09-04,17,{'JAM'},{'JAM_MODERATE_TRAFFIC'},29,{6},5.0
2e68e609,2e68e609c,2020-09-13,17,{'JAM'},{'JAM_MODERATE_TRAFFIC'},6,{7},5.0
2e68e609,2e68e609c,2020-09-19,16,{'JAM'},{'JAM_MODERATE_TRAFFIC'},18,{7},5.0
2e68e609,2e68e609c,2020-10-09,13,{'JAM'},{'JAM_STAND_STILL_TRAFFIC'},30,{7},5.0
2e68e609,2e68e609c,2020-10-10,16,{'JAM'},{'JAM_MODERATE_TRAFFIC'},29,{7},5.0
2e68e609,2e68e609c,2020-10-16,17,{'JAM'},{'JAM_MODERATE_TRAFFIC'},5,{7},5.0
2e68e609,2e68e609c,2020-10-20,13,{'JAM'},{'JAM_MODERATE_TRAFFIC'},32,{7},5.375
2e68e609,2e68e609c,2020-10-20,18,{'JAM'},{'JAM_MODERATE_TRAFFIC'},31,{6},5.0
2e68e609,2e68e609c,2020-10-24,15,{'JAM'},{'JAM_HEAVY_TRAFFIC'},21,{7},5.0
2e68e609,2e68e609c,2020-10-25,17,{'JAM'},{'JAM_MODERATE_TRAFFIC'},30,{6},5.0
2e68e609,2e68e609c,2020-10-28,12,{'JAM'},{'JAM_MODERATE_TRAFFIC'},30,{7},5.0
2e68e609,2e68e609c,2020-10-31,21,{'JAM'},{'JAM_MODERATE_TRAFFIC'},31,{1},5.0
2e68e609,2e68e609c,2020-11-09,15,{'JAM'},{'JAM_MODERATE_TRAFFIC'},31,{7},5.0
2e68e609,2e68e609c,2020-11-14,12,{'JAM'},{'JAM'},8,{7},5.0
2e68e609,2e68e609c,2020-11-19,18,{'WEATHERHAZARD'},{'HAZARD_ON_SHOULDER_CAR_STOPPED'},8,{7},7.25
2e68e609,2e68e609c,2020-11-22,14,{'JAM'},{'JAM_MODERATE_TRAFFIC'},25,{7},5.64
2e68e609,2e68e609c,2020-11-22,18,{'JAM'},{'JAM_MODERATE_TRAFFIC'},31,{1},5.0
2e68e60b,2e68e60a4,2020-09-10,13,{'JAM'},{'JAM_MODERATE_TRAFFIC'},12,{6},5.0
2e68e60b,2e68e60a4,2020-09-24,12,{'JAM'},{'JAM_MODERATE_TRAFFIC'},24,{6},5.0
2e68e60b,2e68e60a4,2020-10-14,20,{'JAM'},{'JAM'},17,{6},5.0
2e68e60b,2e68e60a4,2020-10-16,16,{'JAM'},{'JAM_STAND_STILL_TRAFFIC'},32,{7},5.5
2e68e60b,2e68e60a4,2020-10-16,19,{'JAM'},{'JAM_HEAVY_TRAFFIC'},6,{6},5.333333333333333
2e68e60b,2e68e60a4,2020-10-17,11,{'JAM'},{'JAM_STAND_STILL_TRAFFIC'},70,"{6, 7}",5.214285714285714
2e68e60b,2e68e60a4,2020-10-20,13,{'JAM'},{'JAM_MODERATE_TRAFFIC'},14,{6},5.0
2e68e60b,2e68e60a4,2020-10-22,11,{'JAM'},"{'JAM_MODERATE_TRAFFIC', 'JAM_HEAVY_TRAFFIC'}",91,{6},5.0
2e68e60b,2e68e60a4,2020-10-28,20,{'JAM'},{'JAM_MODERATE_TRAFFIC'},8,{6},5.0
2e68e60b,2e68e60a4,2020-10-28,21,{'JAM'},{'JAM_MODERATE_TRAFFIC'},6,{6},5.0
2e68e60b,2e68e60a4,2020-11-14,19,{'JAM'},{'JAM_STAND_STILL_TRAFFIC'},6,{6},5.0
2e68e60b,2e68e60a4,2020-11-18,13,{'JAM'},{'JAM_MODERATE_TRAFFIC'},15,{7},5.0
2e68e60b,2e68e60b4,2020-09-04,12,{'JAM'},{'JAM_MODERATE_TRAFFIC'},31,{7},5.0
2e68e60b,2e68e60b4,2020-09-04,17,{'JAM'},{'JAM_HEAVY_TRAFFIC'},30,{7},5.0
2e68e60b,2e68e60b4,2020-09-10,16,{'JAM'},{'JAM_HEAVY_TRAFFIC'},60,{7},5.0
2e68e60b,2e68e60b4,2020-09-18,19,{'JAM'},{'JAM_MODERATE_TRAFFIC'},32,{7},5.0
2e68e60b,2e68e60b4,2020-09-24,14,{'JAM'},{'JAM_HEAVY_TRAFFIC'},29,{7},5.0
2e68e60b,2e68e60b4,2020-09-27,14,{'JAM'},{'JAM_MODERATE_TRAFFIC'},30,{7},5.0
2e68e60b,2e68e60b4,2020-09-28,13,{'JAM'},{'JAM_HEAVY_TRAFFIC'},6,{7},6.0
2e68e60b,2e68e60b4,2020-10-07,14,{'JAM'},{'JAM_STAND_STILL_TRAFFIC'},31,{7},5.0
2e68e60b,2e68e60b4,2020-10-09,18,{'JAM'},{'JAM_MODERATE_TRAFFIC'},33,{7},5.0
2e68e60b,2e68e60b4,2020-10-10,11,{'JAM'},{'JAM_HEAVY_TRAFFIC'},32,{7},6.0
2e68e60b,2e68e60b4,2020-10-17,12,{'JAM'},{'JAM_MODERATE_TRAFFIC'},32,{7},5.0
2e68e60b,2e68e60b4,2020-10-20,18,{'JAM'},{'JAM_MODERATE_TRAFFIC'},6,{7},5.0
2e68e60b,2e68e60b4,2020-10-23,16,{'JAM'},"{'JAM_STAND_STILL_TRAFFIC', 'JAM_MODERATE_TRAFFIC'}",86,{7},5.8023255813953485
2e68e60b,2e68e60b4,2020-10-24,18,{'JAM'},{'JAM_MODERATE_TRAFFIC'},30,{7},5.0
2e68e60b,2e68e60b4,2020-10-27,16,{'JAM'},{'JAM_STAND_STILL_TRAFFIC'},19,{7},5.368421052631579
2e68e60b,2e68e60b4,2020-10-28,18,{'JAM'},{'JAM_HEAVY_TRAFFIC'},31,{7},5.0
2e68e60b,2e68e60b4,2020-10-29,14,{'JAM'},{'JAM_HEAVY_TRAFFIC'},42,{7},5.761904761904762
2e68e60b,2e68e60b4,2020-11-07,16,{'JAM'},{'JAM_STAND_STILL_TRAFFIC'},31,{7},5.0
2e68e60b,2e68e60b4,2020-11-14,19,{'JAM'},{'JAM_STAND_STILL_TRAFFIC'},31,{7},5.0
2e68e60b,2e68e60b4,2020-11-16,13,{'JAM'},{'JAM_MODERATE_TRAFFIC'},31,{7},5.0
2e68e60b,2e68e60b4,2020-11-18,14,{'JAM'},{'JAM_MODERATE_TRAFFIC'},31,{7},5.0
2e68e60b,2e68e60b4,2020-11-19,17,{'JAM'},{'JAM_HEAVY_TRAFFIC'},31,{7},5.483870967741935
2e68e60b,2e68e60bc,2020-09-04,12,{'JAM'},{'JAM_MODERATE_TRAFFIC'},4,{7},5.0
2e68e60b,2e68e60bc,2020-09-04,17,{'JAM'},{'JAM_MODERATE_TRAFFIC'},32,{7},5.0
2e68e60b,2e68e60bc,2020-09-10,13,{'JAM'},{'JAM_MODERATE_TRAFFIC'},32,{7},5.0
2e68e60b,2e68e60bc,2020-09-18,19,{'JAM'},{'JAM_MODERATE_TRAFFIC'},31,{7},5.0
2e68e60b,2e68e60bc,2020-09-24,14,{'JAM'},{'JAM_MODERATE_TRAFFIC'},30,{7},5.0
2e68e60b,2e68e60bc,2020-09-27,14,{'JAM'},{'JAM_MODERATE_TRAFFIC'},30,{7},5.0
2e68e60b,2e68e60bc,2020-10-01,16,{'JAM'},{'JAM_MODERATE_TRAFFIC'},30,{7},5.0
2e68e60b,2e68e60bc,2020-10-10,10,{'JAM'},{'JAM_STAND_STILL_TRAFFIC'},30,{7},5.0
2e68e60b,2e68e60bc,2020-10-17,12,{'ACCIDENT'},{'ACCIDENT'},11,{7},6.363636363636363
2e68e60b,2e68e60bc,2020-10-20,13,{'JAM'},{'JAM_MODERATE_TRAFFIC'},31,{7},5.0
2e68e60b,2e68e60bc,2020-10-20,18,{'JAM'},{'JAM_MODERATE_TRAFFIC'},30,{7},5.0
2e68e60b,2e68e60bc,2020-10-22,16,{'JAM'},{'JAM'},31,{7},5.0
2e68e60b,2e68e60bc,2020-10-28,12,{'JAM'},{'JAM_MODERATE_TRAFFIC'},20,{7},5.0
2e68e60b,2e68e60bc,2020-10-28,18,{'JAM'},{'JAM_MODERATE_TRAFFIC'},33,{7},5.0
2e68e60b,2e68e60bc,2020-11-06,20,{'JAM'},{'JAM_MODERATE_TRAFFIC'},14,{7},5.0
2e68e60b,2e68e60bc,2020-11-09,15,{'JAM'},{'JAM_STAND_STILL_TRAFFIC'},6,{7},5.0
2e68e60b,2e68e60bc,2020-11-12,13,{'JAM'},{'JAM_STAND_STILL_TRAFFIC'},31,{7},5.0
2e68e60b,2e68e60bc,2020-11-14,21,{'JAM'},{'JAM_MODERATE_TRAFFIC'},30,{7},5.0
2e68e60b,2e68e60bc,2020-11-16,13,{'JAM'},{'JAM_MODERATE_TRAFFIC'},31,{7},5.0
2e68e60d,2e68e60cc,2020-11-05,7,{'JAM'},{'JAM'},31,{1},5.0
2e68e60d,2e68e60dc,2020-09-13,8,{'JAM'},{'JAM_MODERATE_TRAFFIC'},30,{1},5.0
2e68e60d,2e68e60dc,2020-09-13,9,{'JAM'},{'JAM_MODERATE_TRAFFIC'},31,{1},5.0
2e68e60f,2e68e60e4,2020-09-04,7,"{'JAM', 'WEATHERHAZARD'}","{'HAZARD_ON_ROAD_CAR_STOPPED', 'JAM_HEAVY_TRAFFIC'}",63,{2},5.0
2e68e60f,2e68e60e4,2020-09-08,7,{'JAM'},{'JAM_MODERATE_TRAFFIC'},30,{2},5.0
2e68e60f,2e68e60e4,2020-09-25,7,{'JAM'},{'JAM_MODERATE_TRAFFIC'},22,{2},5.0
2e68e60f,2e68e60e4,2020-09-27,11,{'JAM'},{'JAM_MODERATE_TRAFFIC'},11,{1},5.0
2e68e60f,2e68e60e4,2020-10-03,16,{'JAM'},{'JAM_MODERATE_TRAFFIC'},14,{2},5.0
2e68e60f,2e68e60e4,2020-10-06,7,{'JAM'},{'JAM_MODERATE_TRAFFIC'},70,{2},5.0
2e68e60f,2e68e60e4,2020-10-08,7,{'JAM'},{'JAM_MODERATE_TRAFFIC'},30,{2},5.0
2e68e60f,2e68e60e4,2020-10-15,7,"{'JAM', 'WEATHERHAZARD'}","{'HAZARD_ON_SHOULDER_CAR_STOPPED', 'JAM_MODERATE_TRAFFIC', 'JAM_HEAVY_TRAFFIC'}",98,"{1, 2}",5.36734693877551
2e68e60f,2e68e60e4,2020-10-21,7,{'JAM'},{'JAM_HEAVY_TRAFFIC'},31,{2},5.645161290322581
2e68e60f,2e68e60e4,2020-10-23,7,{'JAM'},{'JAM_HEAVY_TRAFFIC'},89,"{1, 2}",6.089887640449438
2e68e60f,2e68e60e4,2020-10-24,7,"{'JAM', 'WEATHERHAZARD'}","{'HAZARD_ON_SHOULDER_CAR_STOPPED', 'JAM_MODERATE_TRAFFIC'}",60,{2},5.0
2e68e60f,2e68e60e4,2020-11-03,16,{'JAM'},{'JAM_HEAVY_TRAFFIC'},22,{2},5.0
2e68e60f,2e68e60e4,2020-11-04,18,{'JAM'},{'JAM_HEAVY_TRAFFIC'},39,{2},5.384615384615385
2e68e60f,2e68e60e4,2020-11-10,7,{'JAM'},{'JAM_HEAVY_TRAFFIC'},61,"{1, 2}",5.459016393442623
2e68e60f,2e68e60e4,2020-11-12,7,"{'JAM', 'WEATHERHAZARD'}","{'HAZARD_ON_ROAD_CAR_STOPPED', 'JAM_STAND_STILL_TRAFFIC'}",62,{2},5.451612903225806
2e68e60f,2e68e60e4,2020-11-13,7,{'JAM'},{'JAM_MODERATE_TRAFFIC'},4,{2},5.0
2e68e60f,2e68e60e4,2020-11-19,7,"{'JAM', 'WEATHERHAZARD'}","{'HAZARD_ON_ROAD_CAR_STOPPED', 'JAM_MODERATE_TRAFFIC'}",94,"{1, 2}",5.170212765957447
2e68e60f,2e68e60ec,2020-11-19,18,{'WEATHERHAZARD'},{'HAZARD_ON_SHOULDER_CAR_STOPPED'},48,{2},5.9375
2e68e60f,2e68e60f4,2020-10-07,17,{'JAM'},{'JAM_MODERATE_TRAFFIC'},32,{7},5.53125
2e68e60f,2e68e60f4,2020-10-16,17,{'JAM'},{'JAM_MODERATE_TRAFFIC'},34,{7},5.0
2e68e60f,2e68e60f4,2020-10-18,11,{'JAM'},{'JAM'},5,{7},5.0
2e68e60f,2e68e60f4,2020-10-30,16,{'JAM'},{'JAM_HEAVY_TRAFFIC'},30,{7},5.0
2e68e60f,2e68e60f4,2020-11-02,17,{'JAM'},{'JAM_MODERATE_TRAFFIC'},1,{7},5.0
2e68e60f,2e68e60f4,2020-11-07,17,{'JAM'},{'JAM_MODERATE_TRAFFIC'},31,{7},5.0
2e68e60f,2e68e60fc,2020-09-04,7,{'JAM'},{'JAM_MODERATE_TRAFFIC'},30,{1},5.0
2e68e60f,2e68e60fc,2020-09-16,11,{'JAM'},{'JAM_MODERATE_TRAFFIC'},32,{1},5.0
2e68e60f,2e68e60fc,2020-09-27,11,{'JAM'},{'JAM_MODERATE_TRAFFIC'},7,{7},5.0
2e68e60f,2e68e60fc,2020-10-16,17,{'JAM'},{'JAM_MODERATE_TRAFFIC'},33,{7},5.0
2e68e60f,2e68e60fc,2020-10-16,19,{'JAM'},{'JAM_HEAVY_TRAFFIC'},23,{7},5.0
2e68e60f,2e68e60fc,2020-10-23,7,{'JAM'},{'JAM_HEAVY_TRAFFIC'},3,{1},5.0
2e68e60f,2e68e60fc,2020-10-23,17,{'JAM'},{'JAM_HEAVY_TRAFFIC'},34,{7},6.147058823529412
2e68e60f,2e68e60fc,2020-10-27,7,{'JAM'},{'JAM_HEAVY_TRAFFIC'},30,{1},5.0
2e68e60f,2e68e60fc,2020-10-30,17,{'JAM'},{'JAM_MODERATE_TRAFFIC'},31,{7},5.0
2e68e60f,2e68e60fc,2020-11-07,16,{'JAM'},{'JAM_MODERATE_TRAFFIC'},39,"{1, 7}",5.0
2e68e60f,2e68e60fc,2020-11-07,17,{'JAM'},{'JAM_MODERATE_TRAFFIC'},32,{7},5.0
2e68e60f,2e68e60fc,2020-11-12,7,{'JAM'},{'JAM_HEAVY_TRAFFIC'},70,{1},6.3428571428571425
2e68e60f,2e68e60fc,2020-11-14,18,{'JAM'},{'JAM_MODERATE_TRAFFIC'},9,{1},5.0
2e68e60f,2e68e60fc,2020-11-19,8,{'JAM'},{'JAM_HEAVY_TRAFFIC'},30,{1},6.0
2e68e611,2e68e6104,2020-09-01,17,{'JAM'},{'JAM_HEAVY_TRAFFIC'},29,{2},5.0
2e68e611,2e68e6104,2020-09-04,20,{'JAM'},{'JAM_STAND_STILL_TRAFFIC'},31,{2},5.0
2e68e611,2e68e6104,2020-09-05,10,{'JAM'},{'JAM_HEAVY_TRAFFIC'},13,{2},6.0
2e68e611,2e68e6104,2020-09-05,20,{'JAM'},{'JAM_HEAVY_TRAFFIC'},33,{2},5.0
2e68e611,2e68e6104,2020-09-07,15,{'JAM'},{'JAM_HEAVY_TRAFFIC'},31,{2},5.0
2e68e611,2e68e6104,2020-09-08,18,{'JAM'},{'JAM_STAND_STILL_TRAFFIC'},14,{7},6.0
2e68e611,2e68e6104,2020-09-15,17,{'JAM'},{'JAM_STAND_STILL_TRAFFIC'},7,{2},5.0
2e68e611,2e68e6104,2020-09-21,22,{'WEATHERHAZARD'},{'HAZARD_ON_ROAD_OBJECT'},62,{1},5.0
2e68e611,2e68e6104,2020-10-06,10,{'JAM'},{'JAM_STAND_STILL_TRAFFIC'},16,{2},5.0
2e68e611,2e68e6104,2020-10-09,14,{'JAM'},{'JAM_HEAVY_TRAFFIC'},2,{2},5.0
2e68e611,2e68e6104,2020-10-10,10,{'JAM'},{'JAM_HEAVY_TRAFFIC'},30,{2},5.0
2e68e611,2e68e6104,2020-10-16,17,{'JAM'},{'JAM_STAND_STILL_TRAFFIC'},31,{2},5.645161290322581
2e68e611,2e68e6104,2020-10-17,18,{'JAM'},{'JAM'},30,{2},5.0
2e68e611,2e68e6104,2020-10-18,14,{'JAM'},{'JAM_HEAVY_TRAFFIC'},35,{2},5.2
2e68e611,2e68e6104,2020-10-22,12,{'JAM'},{'JAM_STAND_STILL_TRAFFIC'},32,{2},5.0
2e68e611,2e68e6104,2020-10-30,9,{'JAM'},{'JAM_STAND_STILL_TRAFFIC'},30,{2},5.533333333333333
2e68e611,2e68e6104,2020-10-30,15,{'JAM'},{'JAM_STAND_STILL_TRAFFIC'},34,{2},5.0
2e68e611,2e68e6104,2020-10-30,16,{'JAM'},{'JAM_HEAVY_TRAFFIC'},42,{2},6.0
2e68e611,2e68e6104,2020-10-30,19,{'JAM'},"{'JAM', 'JAM_STAND_STILL_TRAFFIC'}",20,"{2, 7}",5.7
2e68e611,2e68e6104,2020-10-31,15,{'JAM'},{'JAM_STAND_STILL_TRAFFIC'},38,{2},6.578947368421052
2e68e611,2e68e6104,2020-11-02,14,{'JAM'},{'JAM_STAND_STILL_TRAFFIC'},31,{2},5.0
2e68e611,2e68e6104,2020-11-04,18,{'JAM'},{'JAM_HEAVY_TRAFFIC'},46,{2},6.760869565217392
2e68e611,2e68e6104,2020-11-06,14,{'JAM'},{'JAM_HEAVY_TRAFFIC'},35,{2},5.0
2e68e611,2e68e6104,2020-11-06,15,{'JAM'},{'JAM_HEAVY_TRAFFIC'},15,{2},5.0
2e68e611,2e68e6104,2020-11-06,20,{'JAM'},{'JAM_STAND_STILL_TRAFFIC'},31,{2},5.0
2e68e611,2e68e6104,2020-11-07,11,{'JAM'},{'JAM_STAND_STILL_TRAFFIC'},34,{2},5.0
2e68e611,2e68e6104,2020-11-07,17,{'JAM'},{'JAM_MODERATE_TRAFFIC'},30,{7},5.0
2e68e611,2e68e6104,2020-11-09,16,{'JAM'},{'JAM_STAND_STILL_TRAFFIC'},32,{2},5.0
2e68e611,2e68e6104,2020-11-13,10,{'JAM'},{'JAM_MODERATE_TRAFFIC'},15,{7},5.0
2e68e611,2e68e6104,2020-11-14,13,{'JAM'},{'JAM_STAND_STILL_TRAFFIC'},5,{2},5.0
2e68e611,2e68e6104,2020-11-14,15,{'JAM'},{'JAM_STAND_STILL_TRAFFIC'},30,{2},5.0
2e68e611,2e68e6104,2020-11-21,15,{'JAM'},{'JAM_STAND_STILL_TRAFFIC'},32,{2},5.0
2e68e611,2e68e610c,2020-09-01,9,{'JAM'},{'JAM_STAND_STILL_TRAFFIC'},46,{2},5.369565217391305
2e68e611,2e68e610c,2020-09-02,17,{'JAM'},{'JAM_STAND_STILL_TRAFFIC'},22,{2},5.0
2e68e611,2e68e610c,2020-09-02,18,{'JAM'},{'JAM_STAND_STILL_TRAFFIC'},25,{2},5.0
2e68e611,2e68e610c,2020-09-03,9,{'JAM'},{'JAM_MODERATE_TRAFFIC'},30,{2},5.0
2e68e611,2e68e610c,2020-09-03,20,{'JAM'},{'JAM_HEAVY_TRAFFIC'},7,{2},5.0
2e68e611,2e68e610c,2020-09-04,17,{'JAM'},{'JAM_STAND_STILL_TRAFFIC'},30,{2},5.0
2e68e611,2e68e610c,2020-09-05,10,{'WEATHERHAZARD'},{'HAZARD_ON_ROAD_CAR_STOPPED'},29,{2},6.379310344827586
2e68e611,2e68e610c,2020-09-07,17,{'JAM'},{'JAM_HEAVY_TRAFFIC'},31,{2},5.0
2e68e611,2e68e610c,2020-09-09,11,{'JAM'},{'JAM_STAND_STILL_TRAFFIC'},8,{2},5.0
2e68e611,2e68e610c,2020-09-09,18,{'JAM'},{'JAM_STAND_STILL_TRAFFIC'},1,{2},5.0
2e68e611,2e68e610c,2020-09-10,8,{'JAM'},{'JAM_HEAVY_TRAFFIC'},11,{2},5.0
2e68e611,2e68e610c,2020-09-10,19,{'ACCIDENT'},{'ACCIDENT_MAJOR'},120,{1},5.0
2e68e611,2e68e610c,2020-09-11,15,{'JAM'},{'JAM_MODERATE_TRAFFIC'},31,{2},5.935483870967742
2e68e611,2e68e610c,2020-09-14,19,{'JAM'},{'JAM_STAND_STILL_TRAFFIC'},35,{1},5.0
2e68e611,2e68e610c,2020-09-15,17,{'JAM'},{'JAM_STAND_STILL_TRAFFIC'},38,{2},5.2105263157894735
2e68e611,2e68e610c,2020-09-17,13,{'JAM'},{'JAM_STAND_STILL_TRAFFIC'},16,{2},5.0
2e68e611,2e68e610c,2020-09-18,19,{'JAM'},{'JAM_STAND_STILL_TRAFFIC'},19,{2},5.0
2e68e611,2e68e610c,2020-09-21,18,{'JAM'},{'JAM_STAND_STILL_TRAFFIC'},10,{2},5.0
2e68e611,2e68e610c,2020-09-23,21,{'JAM'},{'JAM_HEAVY_TRAFFIC'},15,{2},5.0
2e68e611,2e68e610c,2020-09-25,16,{'JAM'},{'JAM_HEAVY_TRAFFIC'},30,{2},5.0
2e68e611,2e68e610c,2020-09-26,8,{'JAM'},{'JAM_HEAVY_TRAFFIC'},30,{2},5.0
2e68e611,2e68e610c,2020-09-26,18,{'JAM'},{'JAM_HEAVY_TRAFFIC'},31,{2},5.0
2e68e611,2e68e610c,2020-09-27,20,{'JAM'},{'JAM_HEAVY_TRAFFIC'},5,{2},5.0
2e68e611,2e68e610c,2020-09-28,20,{'JAM'},{'JAM_HEAVY_TRAFFIC'},31,{2},5.741935483870968
2e68e611,2e68e610c,2020-09-29,16,{'JAM'},{'JAM_HEAVY_TRAFFIC'},13,{2},5.0
2e68e611,2e68e610c,2020-09-29,18,{'JAM'},{'JAM_HEAVY_TRAFFIC'},22,{2},5.0
2e68e611,2e68e610c,2020-10-01,14,{'JAM'},{'JAM_HEAVY_TRAFFIC'},33,{2},5.0
2e68e611,2e68e610c,2020-10-03,14,{'JAM'},{'JAM_MODERATE_TRAFFIC'},34,{2},5.0
2e68e611,2e68e610c,2020-10-05,19,{'JAM'},{'JAM_HEAVY_TRAFFIC'},34,{2},5.0
2e68e611,2e68e610c,2020-10-06,10,{'JAM'},{'JAM_STAND_STILL_TRAFFIC'},32,{2},5.0
2e68e611,2e68e610c,2020-10-09,14,{'JAM'},{'JAM_HEAVY_TRAFFIC'},15,{2},6.0
2e68e611,2e68e610c,2020-10-10,12,{'JAM'},{'JAM_HEAVY_TRAFFIC'},12,{2},5.0
2e68e611,2e68e610c,2020-10-12,18,{'JAM'},{'JAM_HEAVY_TRAFFIC'},19,{2},5.0
2e68e611,2e68e610c,2020-10-12,19,{'JAM'},{'JAM_HEAVY_TRAFFIC'},31,{2},5.0
2e68e611,2e68e610c,2020-10-13,17,{'JAM'},{'JAM_STAND_STILL_TRAFFIC'},35,{2},5.0
2e68e611,2e68e610c,2020-10-15,19,{'JAM'},{'JAM_MODERATE_TRAFFIC'},12,{2},5.0
2e68e611,2e68e610c,2020-10-16,17,{'JAM'},"{'JAM_STAND_STILL_TRAFFIC', 'JAM_HEAVY_TRAFFIC'}",39,{2},5.0
2e68e611,2e68e610c,2020-10-17,17,{'JAM'},{'JAM_HEAVY_TRAFFIC'},26,{2},5.1923076923076925
2e68e611,2e68e610c,2020-10-18,19,{'JAM'},{'JAM_STAND_STILL_TRAFFIC'},30,{2},5.833333333333333
2e68e611,2e68e610c,2020-10-19,19,{'JAM'},{'JAM_STAND_STILL_TRAFFIC'},7,{2},5.0
2e68e611,2e68e610c,2020-10-19,20,{'JAM'},{'JAM_STAND_STILL_TRAFFIC'},30,{2},6.0
2e68e611,2e68e610c,2020-10-21,13,{'JAM'},{'JAM_HEAVY_TRAFFIC'},40,{2},5.5
2e68e611,2e68e610c,2020-10-21,14,{'JAM'},{'JAM_MODERATE_TRAFFIC'},31,{2},5.0
2e68e611,2e68e610c,2020-10-21,17,{'JAM'},{'JAM_HEAVY_TRAFFIC'},47,{2},5.361702127659575
2e68e611,2e68e610c,2020-10-22,8,{'JAM'},{'JAM_MODERATE_TRAFFIC'},31,{2},5.0
2e68e611,2e68e610c,2020-10-22,12,{'JAM'},{'JAM_STAND_STILL_TRAFFIC'},30,{2},5.0
2e68e611,2e68e610c,2020-10-23,15,{'JAM'},{'JAM'},31,{2},5.0
2e68e611,2e68e610c,2020-10-24,12,{'JAM'},{'JAM_STAND_STILL_TRAFFIC'},24,{2},5.0
2e68e611,2e68e610c,2020-10-24,17,{'JAM'},{'JAM_HEAVY_TRAFFIC'},32,{2},5.5
2e68e611,2e68e610c,2020-10-25,21,{'JAM'},{'JAM_STAND_STILL_TRAFFIC'},13,{2},5.384615384615385
2e68e611,2e68e610c,2020-10-28,9,{'JAM'},{'JAM_HEAVY_TRAFFIC'},29,{2},5.0
2e68e611,2e68e610c,2020-10-28,10,{'JAM'},{'JAM_HEAVY_TRAFFIC'},22,{2},5.0
2e68e611,2e68e610c,2020-10-28,14,{'JAM'},{'JAM_HEAVY_TRAFFIC'},31,{2},7.0
2e68e611,2e68e610c,2020-10-28,16,{'JAM'},{'JAM_HEAVY_TRAFFIC'},32,{2},5.0
2e68e611,2e68e610c,2020-10-29,15,{'JAM'},{'JAM_STAND_STILL_TRAFFIC'},19,{2},5.0
2e68e611,2e68e610c,2020-10-29,16,{'JAM'},{'JAM_MODERATE_TRAFFIC'},6,{2},5.0
2e68e611,2e68e610c,2020-10-29,18,{'JAM'},{'JAM_HEAVY_TRAFFIC'},49,{2},5.938775510204081
2e68e611,2e68e610c,2020-10-30,11,{'JAM'},{'JAM_STAND_STILL_TRAFFIC'},30,{2},5.0
2e68e611,2e68e610c,2020-10-30,15,{'JAM'},{'JAM_STAND_STILL_TRAFFIC'},44,{2},8.25
2e68e611,2e68e610c,2020-10-30,16,{'JAM'},{'JAM_HEAVY_TRAFFIC'},20,{2},10.0
2e68e611,2e68e610c,2020-10-30,17,{'JAM'},{'JAM_MODERATE_TRAFFIC'},13,{2},5.0
2e68e611,2e68e610c,2020-10-30,18,{'JAM'},{'JAM_HEAVY_TRAFFIC'},34,{2},5.588235294117647
2e68e611,2e68e610c,2020-10-30,19,{'JAM'},{'JAM_HEAVY_TRAFFIC'},60,{2},6.866666666666666
2e68e611,2e68e610c,2020-10-30,20,{'JAM'},{'JAM_HEAVY_TRAFFIC'},7,{2},5.0
2e68e611,2e68e610c,2020-11-02,14,{'JAM'},{'JAM_STAND_STILL_TRAFFIC'},31,{2},5.0
2e68e611,2e68e610c,2020-11-02,18,{'JAM'},"{'JAM', 'JAM_HEAVY_TRAFFIC'}",59,{2},5.4576271186440675
2e68e611,2e68e610c,2020-11-02,19,{'JAM'},{'JAM_STAND_STILL_TRAFFIC'},16,{2},5.0
2e68e611,2e68e610c,2020-11-03,11,{'JAM'},{'JAM_STAND_STILL_TRAFFIC'},43,{2},6.72093023255814
2e68e611,2e68e610c,2020-11-03,18,{'JAM'},{'JAM_STAND_STILL_TRAFFIC'},6,{2},5.0
2e68e611,2e68e610c,2020-11-04,20,{'JAM'},{'JAM'},40,{2},5.45
2e68e611,2e68e610c,2020-11-05,9,{'JAM'},{'JAM_HEAVY_TRAFFIC'},7,{2},5.0
2e68e611,2e68e610c,2020-11-06,20,{'JAM'},{'JAM_HEAVY_TRAFFIC'},6,{2},5.0
2e68e611,2e68e610c,2020-11-07,16,{'JAM'},"{'JAM_STAND_STILL_TRAFFIC', 'JAM_MODERATE_TRAFFIC'}",42,{2},6.0
2e68e611,2e68e610c,2020-11-07,17,{'JAM'},{'JAM_STAND_STILL_TRAFFIC'},27,{2},6.111111111111111
2e68e611,2e68e610c,2020-11-07,21,{'JAM'},{'JAM_HEAVY_TRAFFIC'},9,{2},5.0
2e68e611,2e68e610c,2020-11-09,11,{'JAM'},{'JAM_MODERATE_TRAFFIC'},32,{2},5.0
2e68e611,2e68e610c,2020-11-09,15,{'JAM'},{'JAM_MODERATE_TRAFFIC'},33,{2},5.0
2e68e611,2e68e610c,2020-11-10,11,{'JAM'},{'JAM_STAND_STILL_TRAFFIC'},46,{2},5.3478260869565215
2e68e611,2e68e610c,2020-11-11,18,{'JAM'},{'JAM_STAND_STILL_TRAFFIC'},23,{2},5.0
2e68e611,2e68e610c,2020-11-12,21,{'JAM'},{'JAM_HEAVY_TRAFFIC'},36,{2},6.0
2e68e611,2e68e610c,2020-11-14,18,{'JAM'},{'JAM_MODERATE_TRAFFIC'},7,{2},5.0
2e68e611,2e68e610c,2020-11-18,10,{'JAM'},{'JAM_HEAVY_TRAFFIC'},16,{2},6.0
2e68e611,2e68e610c,2020-11-19,18,{'JAM'},{'JAM_STAND_STILL_TRAFFIC'},7,{2},5.0
2e68e611,2e68e610c,2020-11-21,16,{'JAM'},{'JAM_HEAVY_TRAFFIC'},47,{2},6.51063829787234
2e68e611,2e68e610c,2020-11-21,19,{'JAM'},{'JAM_STAND_STILL_TRAFFIC'},31,{2},5.806451612903226
2e68e611,2e68e610c,2020-11-21,21,{'JAM'},{'JAM_STAND_STILL_TRAFFIC'},8,{2},5.0
2e68e611,2e68e610c,2020-11-22,20,{'JAM'},{'JAM_HEAVY_TRAFFIC'},31,{2},5.0
2e68e611,2e68e611c,2020-09-04,7,{'JAM'},{'JAM_MODERATE_TRAFFIC'},5,{2},5.0
2e68e611,2e68e611c,2020-09-05,7,{'JAM'},{'JAM_MODERATE_TRAFFIC'},10,{2},5.0
2e68e611,2e68e611c,2020-09-08,7,{'JAM'},{'JAM_MODERATE_TRAFFIC'},30,{2},5.0
2e68e611,2e68e611c,2020-09-16,9,{'JAM'},{'JAM_HEAVY_TRAFFIC'},14,{2},6.0
2e68e611,2e68e611c,2020-10-06,10,{'JAM'},{'JAM_HEAVY_TRAFFIC'},4,{2},5.0
2e68e611,2e68e611c,2020-10-06,15,{'JAM'},{'JAM_STAND_STILL_TRAFFIC'},31,{1},5.0
2e68e611,2e68e611c,2020-10-10,11,{'JAM'},{'JAM_STAND_STILL_TRAFFIC'},22,{2},5.454545454545454
2e68e611,2e68e611c,2020-10-15,7,{'JAM'},{'JAM_MODERATE_TRAFFIC'},30,{2},5.0
2e68e611,2e68e611c,2020-10-22,12,{'JAM'},{'JAM_STAND_STILL_TRAFFIC'},31,{2},5.0
2e68e611,2e68e611c,2020-10-23,7,{'WEATHERHAZARD'},{'HAZARD_ON_SHOULDER_CAR_STOPPED'},31,{2},5.516129032258065
2e68e611,2e68e611c,2020-10-28,7,"{'JAM', 'WEATHERHAZARD'}","{'HAZARD_ON_SHOULDER_CAR_STOPPED', 'JAM_MODERATE_TRAFFIC'}",51,{2},5.294117647058823
2e68e611,2e68e611c,2020-11-06,18,{'JAM'},{'JAM_STAND_STILL_TRAFFIC'},9,{2},5.0
2e68e611,2e68e611c,2020-11-10,7,"{'JAM', 'WEATHERHAZARD'}","{'HAZARD_ON_ROAD_CAR_STOPPED', 'JAM_STAND_STILL_TRAFFIC'}",65,{2},5.0
2e68e611,2e68e611c,2020-11-12,12,{'JAM'},{'JAM'},7,{2},5.0
2e68e611,2e68e611c,2020-11-18,13,{'JAM'},{'JAM_MODERATE_TRAFFIC'},11,{2},5.0
2e68e611,2e68e611c,2020-11-21,7,{'JAM'},{'JAM_HEAVY_TRAFFIC'},33,{2},5.0
2e68e611,2e68e611c,2020-11-21,19,{'JAM'},{'JAM_HEAVY_TRAFFIC'},10,{17},5.0
2e68e613,2e68e612c,2020-11-09,16,{'JAM'},{'JAM_HEAVY_TRAFFIC'},5,{2},5.0
2e68e615,2e68e6144,2020-10-27,17,{'JAM'},{'JAM_MODERATE_TRAFFIC'},30,{1},5.0
2e68e615,2e68e6154,2020-09-06,13,{'JAM'},"{'JAM_STAND_STILL_TRAFFIC', 'JAM_MODERATE_TRAFFIC'}",60,{2},5.35
2e68e615,2e68e6154,2020-09-11,18,{'JAM'},{'JAM_STAND_STILL_TRAFFIC'},31,{2},6.0
2e68e615,2e68e6154,2020-11-19,15,"{'JAM', 'ACCIDENT'}","{'JAM_STAND_STILL_TRAFFIC', 'ACCIDENT_MINOR'}",77,"{17, 2}",5.857142857142857
2e68e615,2e68e6154,2020-11-21,13,{'WEATHERHAZARD'},{'HAZARD_ON_SHOULDER_CAR_STOPPED'},14,{2},6.285714285714286
2e68e617,2e68e6164,2020-09-04,14,{'JAM'},{'JAM_STAND_STILL_TRAFFIC'},45,{1},5.4
2e68e617,2e68e6164,2020-09-04,17,{'JAM'},{'JAM_STAND_STILL_TRAFFIC'},22,{1},5.0
2e68e617,2e68e6164,2020-09-22,23,{'JAM'},{'JAM_MODERATE_TRAFFIC'},38,{1},5.0
2e68e617,2e68e6164,2020-10-03,20,{'JAM'},{'JAM_HEAVY_TRAFFIC'},30,{1},5.0
2e68e617,2e68e6164,2020-10-16,17,{'JAM'},{'JAM_STAND_STILL_TRAFFIC'},8,{17},5.0
2e68e617,2e68e6164,2020-10-22,14,{'JAM'},{'JAM_STAND_STILL_TRAFFIC'},44,{1},6.9772727272727275
2e68e617,2e68e6164,2020-10-26,20,{'JAM'},{'JAM'},5,{1},5.0
2e68e617,2e68e6164,2020-10-28,15,{'JAM'},{'JAM'},5,{1},5.0
2e68e617,2e68e6164,2020-11-16,15,{'JAM'},{'JAM_STAND_STILL_TRAFFIC'},5,{1},6.0
2e68e617,2e68e6174,2020-10-03,20,{'JAM'},{'JAM_STAND_STILL_TRAFFIC'},61,"{17, 1}",5.0
2e68e617,2e68e6174,2020-11-19,18,{'WEATHERHAZARD'},{'HAZARD_ON_SHOULDER_CAR_STOPPED'},8,{2},6.125
2e68e617,2e68e617c,2020-09-03,13,{'JAM'},{'JAM'},8,{2},5.0
2e68e617,2e68e617c,2020-10-16,17,{'JAM'},{'JAM_MODERATE_TRAFFIC'},5,{2},5.0
2e68e617,2e68e617c,2020-11-14,18,{'JAM'},{'JAM_MODERATE_TRAFFIC'},6,{2},5.0
2e68e619,2e68e6184,2020-09-17,13,{'JAM'},{'JAM_MODERATE_TRAFFIC'},13,{7},5.0
2e68e619,2e68e6184,2020-10-10,18,{'JAM'},{'JAM_STAND_STILL_TRAFFIC'},32,{7},5.0
2e68e619,2e68e6184,2020-10-18,13,{'JAM'},{'JAM_STAND_STILL_TRAFFIC'},94,{7},6.351063829787234
2e68e619,2e68e618c,2020-09-18,18,{'JAM'},{'JAM_HEAVY_TRAFFIC'},30,{2},5.0
2e68e619,2e68e618c,2020-10-08,13,{'JAM'},{'JAM_MODERATE_TRAFFIC'},30,{2},5.0
2e68e619,2e68e618c,2020-10-10,11,{'JAM'},{'JAM_STAND_STILL_TRAFFIC'},30,{2},5.966666666666667
2e68e619,2e68e618c,2020-10-13,16,{'JAM'},{'JAM_HEAVY_TRAFFIC'},31,{2},5.548387096774194
2e68e619,2e68e618c,2020-10-17,10,{'JAM'},{'JAM_STAND_STILL_TRAFFIC'},32,{2},5.0
2e68e619,2e68e618c,2020-10-30,14,{'JAM'},{'JAM_HEAVY_TRAFFIC'},42,{2},5.380952380952381
2e68e619,2e68e618c,2020-11-02,14,{'JAM'},{'JAM_HEAVY_TRAFFIC'},32,{2},5.0
2e68e619,2e68e618c,2020-11-08,12,{'ACCIDENT'},{'ACCIDENT'},122,{2},5.0
2e68e619,2e68e6194,2020-09-02,13,{'JAM'},{'JAM_HEAVY_TRAFFIC'},19,{2},5.0
2e68e619,2e68e6194,2020-10-10,11,{'JAM'},{'JAM_MODERATE_TRAFFIC'},30,{2},5.0
2e68e619,2e68e6194,2020-11-02,17,{'JAM'},{'JAM_MODERATE_TRAFFIC'},25,{2},5.0
2e68e619,2e68e619c,2020-10-07,17,{'JAM'},{'JAM_MODERATE_TRAFFIC'},6,{1},5.0
2e68e619,2e68e619c,2020-10-16,20,{'JAM'},{'JAM_MODERATE_TRAFFIC'},17,{7},5.0
2e68e619,2e68e619c,2020-10-18,14,"{'JAM', 'WEATHERHAZARD'}","{'HAZARD_WEATHER_FLOOD', 'JAM_STAND_STILL_TRAFFIC'}",35,{7},5.228571428571429
2e68e619,2e68e619c,2020-10-24,16,{'JAM'},{'JAM_MODERATE_TRAFFIC'},31,{7},5.0
2e68e619,2e68e619c,2020-11-07,17,{'JAM'},{'JAM_MODERATE_TRAFFIC'},22,{7},5.909090909090909
2e68e61b,2e68e61a4,2020-09-26,18,{'JAM'},{'JAM_HEAVY_TRAFFIC'},30,{7},5.0
2e68e61b,2e68e61a4,2020-10-16,20,{'JAM'},{'JAM_HEAVY_TRAFFIC'},31,{7},5.0
2e68e61b,2e68e61a4,2020-11-07,17,{'JAM'},{'JAM_MODERATE_TRAFFIC'},9,{7},5.888888888888889
2e68e61b,2e68e61a4,2020-11-09,18,{'JAM'},{'JAM_HEAVY_TRAFFIC'},31,{7},5.0
2e68e61b,2e68e61a4,2020-11-13,17,{'JAM'},{'JAM_HEAVY_TRAFFIC'},31,{7},5.0
2e68e61b,2e68e61a4,2020-11-14,20,{'JAM'},{'JAM_STAND_STILL_TRAFFIC'},31,{7},5.0
2e68e61b,2e68e61ac,2020-09-02,17,{'JAM'},{'JAM_MODERATE_TRAFFIC'},5,{7},5.0
2e68e61b,2e68e61ac,2020-09-12,15,{'JAM'},{'JAM_HEAVY_TRAFFIC'},14,{7},5.0
2e68e61b,2e68e61ac,2020-09-29,0,{'JAM'},{'JAM_STAND_STILL_TRAFFIC'},31,{7},5.0
2e68e61b,2e68e61ac,2020-10-07,17,{'JAM'},"{'JAM_MODERATE_TRAFFIC', 'JAM_HEAVY_TRAFFIC'}",54,{7},5.314814814814815
2e68e61b,2e68e61ac,2020-10-16,20,{'JAM'},{'JAM_MODERATE_TRAFFIC'},7,{7},5.0
2e68e61b,2e68e61ac,2020-11-04,17,{'JAM'},{'JAM_HEAVY_TRAFFIC'},21,{7},5.476190476190476
2e68e61b,2e68e61ac,2020-11-13,10,{'JAM'},{'JAM_MODERATE_TRAFFIC'},9,{7},5.0
2e68e61b,2e68e61ac,2020-11-19,17,{'JAM'},{'JAM_STAND_STILL_TRAFFIC'},35,{7},6.2
2e68e61b,2e68e61ac,2020-11-22,18,{'JAM'},{'JAM_STAND_STILL_TRAFFIC'},32,{7},5.78125
2e68e61b,2e68e61b4,2020-09-02,13,{'JAM'},{'JAM_STAND_STILL_TRAFFIC'},18,{2},6.0
2e68e61b,2e68e61b4,2020-10-05,17,{'JAM'},{'JAM_MODERATE_TRAFFIC'},30,{7},5.0
2e68e61b,2e68e61b4,2020-10-17,15,{'JAM'},{'JAM'},30,{2},5.0
2e68e61b,2e68e61b4,2020-10-24,11,{'JAM'},{'JAM_HEAVY_TRAFFIC'},31,{2},5.0
2e68e61b,2e68e61b4,2020-11-02,17,{'JAM'},{'JAM_MODERATE_TRAFFIC'},36,{2},5.0
2e68e61b,2e68e61b4,2020-11-15,10,{'WEATHERHAZARD'},{'HAZARD_ON_ROAD_CONSTRUCTION'},133,{7},7.022556390977444
2e68e61b,2e68e61bc,2020-09-02,13,{'JAM'},{'JAM_STAND_STILL_TRAFFIC'},18,{2},5.0
2e68e61b,2e68e61bc,2020-09-03,7,{'JAM'},{'JAM_MODERATE_TRAFFIC'},12,{2},5.0
2e68e61b,2e68e61bc,2020-10-08,13,{'JAM'},{'JAM_MODERATE_TRAFFIC'},31,{2},5.0
2e68e61b,2e68e61bc,2020-10-08,15,{'JAM'},{'JAM_MODERATE_TRAFFIC'},31,{2},5.0
2e68e61b,2e68e61bc,2020-10-17,18,{'WEATHERHAZARD'},{'WEATHERHAZARD'},22,{2},5.363636363636363
2e68e61d,2e68e61cc,2020-09-05,13,{'JAM'},{'JAM_STAND_STILL_TRAFFIC'},16,{2},5.0
2e68e61d,2e68e61cc,2020-09-26,14,{'JAM'},{'JAM_MODERATE_TRAFFIC'},31,{2},5.0
2e68e61d,2e68e61cc,2020-10-02,16,{'JAM'},{'JAM_HEAVY_TRAFFIC'},33,{2},5.0
2e68e61d,2e68e61cc,2020-10-27,12,{'JAM'},{'JAM_STAND_STILL_TRAFFIC'},32,{2},5.0
2e68e61d,2e68e61cc,2020-11-21,9,{'JAM'},{'JAM'},8,{2},5.0
2e68e61d,2e68e61d4,2020-09-08,9,{'JAM'},{'JAM_MODERATE_TRAFFIC'},21,{7},5.0
2e68e61d,2e68e61d4,2020-10-26,0,{'WEATHERHAZARD'},{'HAZARD_ON_SHOULDER_CAR_STOPPED'},30,{1},5.0
2e68e61d,2e68e61d4,2020-10-31,17,{'JAM'},"{'JAM_STAND_STILL_TRAFFIC', 'JAM_HEAVY_TRAFFIC'}",60,{7},6.266666666666667
2e68e61d,2e68e61d4,2020-11-07,14,{'JAM'},{'JAM_STAND_STILL_TRAFFIC'},32,{7},5.0
2e68e61f,2e68e61e4,2020-09-19,17,{'JAM'},{'JAM_STAND_STILL_TRAFFIC'},30,{1},5.0
2e68e61f,2e68e61e4,2020-11-10,10,{'JAM'},{'JAM_HEAVY_TRAFFIC'},31,{22},5.0
2e68e61f,2e68e61ec,2020-09-28,10,{'JAM'},{'JAM'},30,{2},5.0
2e68e61f,2e68e61fc,2020-09-25,13,{'JAM'},{'JAM_HEAVY_TRAFFIC'},31,{2},5.0
2e68e61f,2e68e61fc,2020-09-26,14,{'JAM'},{'JAM_HEAVY_TRAFFIC'},7,{2},5.0
2e68e61f,2e68e61fc,2020-10-03,15,{'JAM'},{'JAM_HEAVY_TRAFFIC'},36,{2},5.916666666666667
2e68e61f,2e68e61fc,2020-10-31,10,{'JAM'},{'JAM_STAND_STILL_TRAFFIC'},31,{2},5.0
2e68e61f,2e68e61fc,2020-11-14,15,{'JAM'},{'JAM_STAND_STILL_TRAFFIC'},30,{2},5.0
2e68e621,2e68e6204,2020-10-03,10,{'JAM'},{'JAM_STAND_STILL_TRAFFIC'},34,{2},5.0
2e68e621,2e68e6204,2020-10-03,13,{'JAM'},{'JAM_STAND_STILL_TRAFFIC'},15,{2},5.0
2e68e621,2e68e6204,2020-10-06,10,{'JAM'},{'JAM_HEAVY_TRAFFIC'},65,{2},5.323076923076923
2e68e621,2e68e6204,2020-10-07,11,{'JAM'},{'JAM_STAND_STILL_TRAFFIC'},32,{2},5.0
2e68e621,2e68e6204,2020-10-18,13,{'WEATHERHAZARD'},{'HAZARD_WEATHER_FLOOD'},30,{2},6.666666666666667
2e68e621,2e68e6204,2020-10-21,14,{'JAM'},{'JAM_STAND_STILL_TRAFFIC'},29,{2},5.0
2e68e621,2e68e6204,2020-10-23,15,{'JAM'},{'JAM_STAND_STILL_TRAFFIC'},7,{2},5.0
2e68e621,2e68e6204,2020-10-26,11,{'JAM'},{'JAM_HEAVY_TRAFFIC'},34,{2},5.823529411764706
2e68e621,2e68e6204,2020-10-26,15,{'JAM'},{'JAM_STAND_STILL_TRAFFIC'},30,{2},5.0
2e68e621,2e68e6204,2020-10-28,14,{'JAM'},{'JAM_HEAVY_TRAFFIC'},31,{2},5.0
2e68e621,2e68e6204,2020-11-03,10,{'JAM'},{'JAM_MODERATE_TRAFFIC'},31,{2},5.0
2e68e621,2e68e6204,2020-11-03,16,{'JAM'},{'JAM'},30,{1},5.0
2e68e621,2e68e6204,2020-11-07,13,{'JAM'},"{'JAM_MODERATE_TRAFFIC', 'JAM_HEAVY_TRAFFIC'}",58,{2},5.0
2e68e621,2e68e620c,2020-09-25,13,{'JAM'},{'JAM_HEAVY_TRAFFIC'},32,{2},5.78125
2e68e621,2e68e620c,2020-10-03,12,{'JAM'},{'JAM_STAND_STILL_TRAFFIC'},30,{2},7.766666666666667
2e68e621,2e68e620c,2020-10-03,13,{'JAM'},{'JAM_HEAVY_TRAFFIC'},30,{2},5.0
2e68e621,2e68e620c,2020-10-12,10,{'JAM'},{'JAM_STAND_STILL_TRAFFIC'},30,{2},5.0
2e68e621,2e68e620c,2020-10-23,11,{'JAM'},{'JAM_HEAVY_TRAFFIC'},37,{2},5.405405405405405
2e68e621,2e68e6214,2020-09-02,13,{'JAM'},{'JAM_STAND_STILL_TRAFFIC'},15,{1},5.6
2e68e621,2e68e6214,2020-10-03,16,{'JAM'},{'JAM_HEAVY_TRAFFIC'},30,{1},5.0
2e68e621,2e68e6214,2020-10-07,16,{'JAM'},{'JAM_MODERATE_TRAFFIC'},32,{1},5.0
2e68e621,2e68e6214,2020-10-10,10,{'JAM'},{'JAM_HEAVY_TRAFFIC'},31,{1},6.161290322580645
2e68e621,2e68e6214,2020-10-22,14,{'JAM'},{'JAM_STAND_STILL_TRAFFIC'},31,{1},5.0
2e68e621,2e68e6214,2020-11-02,17,{'JAM'},{'JAM_MODERATE_TRAFFIC'},13,{1},5.0
2e68e621,2e68e6214,2020-11-03,16,{'JAM'},{'JAM_MODERATE_TRAFFIC'},33,{1},5.0
2e68e621,2e68e621c,2020-09-11,20,{'JAM'},{'JAM'},30,{1},5.0
2e68e621,2e68e621c,2020-09-15,13,{'JAM'},{'JAM_STAND_STILL_TRAFFIC'},6,{2},5.0
2e68e621,2e68e621c,2020-10-01,9,{'JAM'},{'JAM_HEAVY_TRAFFIC'},31,{2},5.0
2e68e621,2e68e621c,2020-10-03,10,{'JAM'},{'JAM_STAND_STILL_TRAFFIC'},32,{2},5.0
2e68e621,2e68e621c,2020-10-03,16,{'JAM'},{'JAM_STAND_STILL_TRAFFIC'},31,{2},6.0
2e68e621,2e68e621c,2020-10-06,10,{'JAM'},{'JAM_HEAVY_TRAFFIC'},29,{2},5.0
2e68e621,2e68e621c,2020-10-07,16,{'JAM'},{'JAM_MODERATE_TRAFFIC'},46,{1},5.326086956521739
2e68e621,2e68e621c,2020-10-10,11,{'JAM'},{'JAM_STAND_STILL_TRAFFIC'},31,{2},5.0
2e68e621,2e68e621c,2020-10-21,14,{'JAM'},{'JAM_STAND_STILL_TRAFFIC'},30,{2},5.0
2e68e621,2e68e621c,2020-10-26,11,{'JAM'},{'JAM_HEAVY_TRAFFIC'},30,{2},5.933333333333334
2e68e621,2e68e621c,2020-10-28,10,{'JAM'},{'JAM_STAND_STILL_TRAFFIC'},5,{1},5.0
2e68e621,2e68e621c,2020-11-02,17,{'JAM'},{'JAM_MODERATE_TRAFFIC'},31,{1},5.0
2e68e621,2e68e621c,2020-11-03,10,{'JAM'},{'JAM_MODERATE_TRAFFIC'},30,{2},5.0
2e68e621,2e68e621c,2020-11-11,16,{'JAM'},{'JAM_STAND_STILL_TRAFFIC'},30,{1},5.9
2e68e621,2e68e621c,2020-11-20,15,{'JAM'},{'JAM_STAND_STILL_TRAFFIC'},54,{2},6.5
2e68e621,2e68e621c,2020-11-21,14,{'JAM'},{'JAM_MODERATE_TRAFFIC'},30,{2},5.966666666666667
2e68e623,2e68e6224,2020-09-02,13,{'JAM'},{'JAM_STAND_STILL_TRAFFIC'},12,{1},5.0
2e68e623,2e68e6224,2020-09-04,11,{'JAM'},{'JAM_STAND_STILL_TRAFFIC'},35,"{1, 2}",5.0
2e68e623,2e68e6224,2020-09-14,10,{'JAM'},{'JAM_STAND_STILL_TRAFFIC'},5,{2},5.0
2e68e623,2e68e6224,2020-09-15,13,{'JAM'},{'JAM_STAND_STILL_TRAFFIC'},12,{2},5.0
2e68e623,2e68e6224,2020-09-20,15,{'JAM'},{'JAM_HEAVY_TRAFFIC'},31,{2},5.967741935483871
2e68e623,2e68e6224,2020-09-25,14,{'JAM'},{'JAM_HEAVY_TRAFFIC'},61,"{1, 2}",5.360655737704918
2e68e623,2e68e6224,2020-09-25,16,{'JAM'},{'JAM_STAND_STILL_TRAFFIC'},26,{2},5.0
2e68e623,2e68e6224,2020-10-03,16,{'JAM'},{'JAM_MODERATE_TRAFFIC'},32,{1},5.0
2e68e623,2e68e6224,2020-10-08,13,{'JAM'},{'JAM_MODERATE_TRAFFIC'},35,{2},5.0
2e68e623,2e68e6224,2020-10-09,15,{'JAM'},{'JAM_HEAVY_TRAFFIC'},31,{1},6.0
2e68e623,2e68e6224,2020-10-10,11,{'JAM'},{'JAM_MODERATE_TRAFFIC'},32,{1},5.0
2e68e623,2e68e6224,2020-10-10,13,{'JAM'},{'JAM_STAND_STILL_TRAFFIC'},32,{2},5.0
2e68e623,2e68e6224,2020-10-12,15,{'JAM'},{'JAM_STAND_STILL_TRAFFIC'},31,{2},5.741935483870968
2e68e623,2e68e6224,2020-10-13,14,{'JAM'},{'JAM'},6,{1},5.0
2e68e623,2e68e6224,2020-10-16,18,{'WEATHERHAZARD'},{'WEATHERHAZARD'},7,{2},5.285714285714286
2e68e623,2e68e6224,2020-10-17,10,{'JAM'},{'JAM_STAND_STILL_TRAFFIC'},34,{1},5.0
2e68e623,2e68e6224,2020-10-17,13,{'JAM'},{'JAM'},30,{2},5.0
2e68e623,2e68e6224,2020-10-18,15,{'JAM'},{'JAM_HEAVY_TRAFFIC'},32,{2},5.0
2e68e623,2e68e6224,2020-10-20,15,{'JAM'},{'JAM_STAND_STILL_TRAFFIC'},26,{2},5.0
2e68e623,2e68e6224,2020-10-21,15,{'JAM'},"{'JAM_STAND_STILL_TRAFFIC', 'JAM_HEAVY_TRAFFIC'}",61,"{1, 2}",5.426229508196721
2e68e623,2e68e6224,2020-10-23,11,{'JAM'},{'JAM_STAND_STILL_TRAFFIC'},30,{1},5.0
2e68e623,2e68e6224,2020-10-24,11,{'JAM'},{'JAM_STAND_STILL_TRAFFIC'},30,{2},5.0
2e68e623,2e68e6224,2020-10-26,15,{'JAM'},{'JAM_STAND_STILL_TRAFFIC'},31,{2},5.580645161290323
2e68e623,2e68e6224,2020-10-27,10,{'JAM'},{'JAM_HEAVY_TRAFFIC'},38,{2},5.447368421052632
2e68e623,2e68e6224,2020-10-28,15,{'JAM'},{'JAM_STAND_STILL_TRAFFIC'},31,{2},5.0
2e68e623,2e68e6224,2020-10-29,16,"{'JAM', 'ACCIDENT'}","{'JAM_HEAVY_TRAFFIC', 'ACCIDENT_MINOR'}",67,{1},6.014925373134329
2e68e623,2e68e6224,2020-10-29,19,{'JAM'},{'JAM_STAND_STILL_TRAFFIC'},37,{2},5.756756756756757
2e68e623,2e68e6224,2020-10-30,10,{'JAM'},{'JAM_HEAVY_TRAFFIC'},5,{1},5.0
2e68e623,2e68e6224,2020-10-30,14,{'JAM'},{'JAM_STAND_STILL_TRAFFIC'},31,{2},5.903225806451613
2e68e623,2e68e6224,2020-10-30,15,{'JAM'},"{'JAM_STAND_STILL_TRAFFIC', 'JAM_HEAVY_TRAFFIC'}",127,{2},5.858267716535433
2e68e623,2e68e6224,2020-10-30,16,{'JAM'},{'JAM_MODERATE_TRAFFIC'},30,{2},5.0
2e68e623,2e68e6224,2020-10-31,10,{'JAM'},"{'JAM_STAND_STILL_TRAFFIC', 'JAM_HEAVY_TRAFFIC'}",63,{2},5.4603174603174605
2e68e623,2e68e6224,2020-10-31,17,{'JAM'},{'JAM_HEAVY_TRAFFIC'},44,{1},6.204545454545454
2e68e623,2e68e6224,2020-11-02,14,{'JAM'},{'JAM_HEAVY_TRAFFIC'},31,{2},6.129032258064516
2e68e623,2e68e6224,2020-11-02,17,{'JAM'},{'JAM_MODERATE_TRAFFIC'},54,"{1, 2}",5.0
2e68e623,2e68e6224,2020-11-07,10,{'JAM'},{'JAM_STAND_STILL_TRAFFIC'},44,{2},7.75
2e68e623,2e68e6224,2020-11-07,13,{'JAM'},{'JAM_STAND_STILL_TRAFFIC'},62,{2},5.5
2e68e623,2e68e6224,2020-11-07,14,{'JAM'},{'JAM_STAND_STILL_TRAFFIC'},32,{2},5.0
2e68e623,2e68e6224,2020-11-07,16,{'JAM'},{'JAM_STAND_STILL_TRAFFIC'},31,{2},5.0
2e68e623,2e68e6224,2020-11-10,16,{'JAM'},{'JAM_MODERATE_TRAFFIC'},30,{1},5.0
2e68e623,2e68e6224,2020-11-14,15,{'JAM'},{'JAM_HEAVY_TRAFFIC'},19,{2},5.473684210526316
2e68e623,2e68e6224,2020-11-14,16,{'JAM'},{'JAM_STAND_STILL_TRAFFIC'},27,{2},5.0
2e68e623,2e68e6224,2020-11-20,15,{'JAM'},{'JAM_STAND_STILL_TRAFFIC'},31,{2},5.935483870967742
2e68e623,2e68e622c,2020-09-01,13,{'JAM'},{'JAM_HEAVY_TRAFFIC'},31,{7},5.903225806451613
2e68e623,2e68e622c,2020-09-02,11,{'JAM'},{'JAM_STAND_STILL_TRAFFIC'},40,{7},5.175
2e68e623,2e68e622c,2020-09-03,12,{'JAM'},{'JAM_HEAVY_TRAFFIC'},11,{2},5.0
2e68e623,2e68e622c,2020-09-03,13,{'JAM'},{'JAM_HEAVY_TRAFFIC'},6,{7},5.0
2e68e623,2e68e622c,2020-09-05,20,{'JAM'},{'JAM_STAND_STILL_TRAFFIC'},8,{7},5.0
2e68e623,2e68e622c,2020-09-08,18,{'JAM'},{'JAM_STAND_STILL_TRAFFIC'},19,{7},5.0
2e68e623,2e68e622c,2020-09-09,12,{'JAM'},{'JAM_STAND_STILL_TRAFFIC'},31,{7},5.0
2e68e623,2e68e622c,2020-09-10,14,{'JAM'},{'JAM_STAND_STILL_TRAFFIC'},30,{7},5.0
2e68e623,2e68e622c,2020-09-12,20,{'JAM'},{'JAM_STAND_STILL_TRAFFIC'},30,{2},5.0
2e68e623,2e68e622c,2020-09-15,11,{'JAM'},{'JAM_STAND_STILL_TRAFFIC'},11,{7},5.0
2e68e623,2e68e622c,2020-09-15,13,{'JAM'},{'JAM_STAND_STILL_TRAFFIC'},6,{7},5.0
2e68e623,2e68e622c,2020-09-15,16,{'JAM'},{'JAM_STAND_STILL_TRAFFIC'},21,{7},5.0
2e68e623,2e68e622c,2020-09-17,11,{'JAM'},{'JAM_STAND_STILL_TRAFFIC'},23,{2},5.304347826086956
2e68e623,2e68e622c,2020-09-17,13,{'JAM'},{'JAM_STAND_STILL_TRAFFIC'},7,{1},5.0
2e68e623,2e68e622c,2020-09-20,15,{'JAM'},{'JAM_HEAVY_TRAFFIC'},5,{2},5.0
2e68e623,2e68e622c,2020-09-21,15,{'JAM'},{'JAM_STAND_STILL_TRAFFIC'},31,{2},5.0
2e68e623,2e68e622c,2020-09-22,16,{'JAM'},{'JAM_STAND_STILL_TRAFFIC'},31,{7},5.0
2e68e623,2e68e622c,2020-09-26,12,{'JAM'},{'JAM_STAND_STILL_TRAFFIC'},30,{7},5.0
2e68e623,2e68e622c,2020-09-28,12,{'JAM'},{'JAM_STAND_STILL_TRAFFIC'},33,{7},5.0
2e68e623,2e68e622c,2020-09-30,12,{'JAM'},{'JAM_HEAVY_TRAFFIC'},31,{7},5.0
2e68e623,2e68e622c,2020-10-03,15,"{'JAM', 'WEATHERHAZARD', 'ACCIDENT'}","{'ACCIDENT', 'JAM_STAND_STILL_TRAFFIC', 'HAZARD_WEATHER_FOG'}",59,{7},5.576271186440678
2e68e623,2e68e622c,2020-10-03,21,{'JAM'},{'JAM_MODERATE_TRAFFIC'},14,{2},5.0
2e68e623,2e68e622c,2020-10-04,17,{'JAM'},{'JAM_MODERATE_TRAFFIC'},30,{2},5.0
2e68e623,2e68e622c,2020-10-07,17,{'JAM'},{'JAM_HEAVY_TRAFFIC'},31,{7},5.870967741935484
2e68e623,2e68e622c,2020-10-08,16,{'JAM'},{'JAM_MODERATE_TRAFFIC'},6,{7},5.0
2e68e623,2e68e622c,2020-10-09,11,{'JAM'},{'JAM_STAND_STILL_TRAFFIC'},30,{7},5.0
2e68e623,2e68e622c,2020-10-09,18,{'JAM'},{'JAM_STAND_STILL_TRAFFIC'},12,{7},5.333333333333333
2e68e623,2e68e622c,2020-10-10,11,{'JAM'},{'JAM_STAND_STILL_TRAFFIC'},33,{7},5.0
2e68e623,2e68e622c,2020-10-10,12,{'JAM'},{'JAM_HEAVY_TRAFFIC'},51,{7},6.372549019607843
2e68e623,2e68e622c,2020-10-10,13,{'JAM'},{'JAM_HEAVY_TRAFFIC'},43,{7},5.395348837209302
2e68e623,2e68e622c,2020-10-10,14,{'JAM'},{'JAM_MODERATE_TRAFFIC'},5,{7},5.0
2e68e623,2e68e622c,2020-10-12,14,{'JAM'},{'JAM_MODERATE_TRAFFIC'},23,{7},5.0
2e68e623,2e68e622c,2020-10-12,16,{'JAM'},{'JAM_STAND_STILL_TRAFFIC'},32,{7},6.65625
2e68e623,2e68e622c,2020-10-12,17,{'JAM'},{'JAM_STAND_STILL_TRAFFIC'},36,{7},5.0
2e68e623,2e68e622c,2020-10-16,13,{'JAM'},{'JAM_MODERATE_TRAFFIC'},30,{7},5.0
2e68e623,2e68e622c,2020-10-16,18,{'JAM'},"{'JAM', 'JAM_STAND_STILL_TRAFFIC'}",45,{2},6.066666666666666
2e68e623,2e68e622c,2020-10-16,20,{'JAM'},{'JAM_MODERATE_TRAFFIC'},11,{7},5.636363636363637
2e68e623,2e68e622c,2020-10-17,13,{'JAM'},{'JAM_STAND_STILL_TRAFFIC'},30,{7},5.0
2e68e623,2e68e622c,2020-10-17,17,{'JAM'},{'JAM_STAND_STILL_TRAFFIC'},32,{7},5.65625
2e68e623,2e68e622c,2020-10-19,20,{'JAM'},{'JAM_MODERATE_TRAFFIC'},5,{7},5.0
2e68e623,2e68e622c,2020-10-21,14,{'JAM'},{'JAM_STAND_STILL_TRAFFIC'},31,{7},5.838709677419355
2e68e623,2e68e622c,2020-10-22,18,{'JAM'},{'JAM_MODERATE_TRAFFIC'},9,{7},5.0
2e68e623,2e68e622c,2020-10-23,18,{'JAM'},{'JAM_MODERATE_TRAFFIC'},33,{7},5.0
2e68e623,2e68e622c,2020-10-24,11,{'JAM'},{'JAM_STAND_STILL_TRAFFIC'},63,{7},5.0
2e68e623,2e68e622c,2020-10-24,12,{'JAM'},"{'JAM_STAND_STILL_TRAFFIC', 'JAM_HEAVY_TRAFFIC'}",65,{7},5.2
2e68e623,2e68e622c,2020-10-24,16,{'JAM'},{'JAM_STAND_STILL_TRAFFIC'},19,{7},5.0
2e68e623,2e68e622c,2020-10-26,10,{'JAM'},{'JAM_STAND_STILL_TRAFFIC'},5,{2},5.0
2e68e623,2e68e622c,2020-10-26,16,{'JAM'},{'JAM_STAND_STILL_TRAFFIC'},33,{2},5.0
2e68e623,2e68e622c,2020-10-28,16,{'JAM'},{'JAM_STAND_STILL_TRAFFIC'},6,{2},6.666666666666667
2e68e623,2e68e622c,2020-10-28,19,{'JAM'},{'JAM_HEAVY_TRAFFIC'},30,{7},5.0
2e68e623,2e68e622c,2020-10-29,16,{'JAM'},{'JAM_STAND_STILL_TRAFFIC'},25,{7},7.16
2e68e623,2e68e622c,2020-10-29,19,{'JAM'},{'JAM_HEAVY_TRAFFIC'},42,{2},7.380952380952381
2e68e623,2e68e622c,2020-10-30,9,{'JAM'},{'JAM_STAND_STILL_TRAFFIC'},33,{2},5.0
2e68e623,2e68e622c,2020-10-30,13,{'JAM'},{'JAM_HEAVY_TRAFFIC'},34,{7},5.0
2e68e623,2e68e622c,2020-10-30,16,{'JAM'},{'JAM_STAND_STILL_TRAFFIC'},40,{7},5.35
2e68e623,2e68e622c,2020-10-31,20,{'JAM'},{'JAM_STAND_STILL_TRAFFIC'},31,{2},5.0
2e68e623,2e68e622c,2020-11-02,15,{'JAM'},"{'JAM_STAND_STILL_TRAFFIC', 'JAM_HEAVY_TRAFFIC'}",107,"{2, 7}",5.373831775700935
2e68e623,2e68e622c,2020-11-05,16,"{'JAM', 'WEATHERHAZARD'}","{'JAM_STAND_STILL_TRAFFIC', 'HAZARD_ON_ROAD_TRAFFIC_LIGHT_FAULT'}",106,{7},5.443396226415095
2e68e623,2e68e622c,2020-11-06,21,{'JAM'},{'JAM_STAND_STILL_TRAFFIC'},33,{2},5.878787878787879
2e68e623,2e68e622c,2020-11-07,11,{'JAM'},{'JAM_STAND_STILL_TRAFFIC'},31,{7},5.0
2e68e623,2e68e622c,2020-11-07,14,{'JAM'},{'JAM_STAND_STILL_TRAFFIC'},32,{2},5.0
2e68e623,2e68e622c,2020-11-07,15,{'JAM'},{'JAM_STAND_STILL_TRAFFIC'},35,{7},5.0
2e68e623,2e68e622c,2020-11-07,17,{'JAM'},{'JAM_STAND_STILL_TRAFFIC'},7,{7},5.857142857142857
2e68e623,2e68e622c,2020-11-08,12,{'JAM'},{'JAM_HEAVY_TRAFFIC'},15,{2},5.0
2e68e623,2e68e622c,2020-11-12,12,{'JAM'},{'JAM'},12,{7},5.0
2e68e623,2e68e622c,2020-11-12,17,{'JAM'},"{'JAM', 'JAM_STAND_STILL_TRAFFIC'}",54,{7},5.0
2e68e623,2e68e622c,2020-11-12,18,{'JAM'},{'JAM'},31,{7},5.0
2e68e623,2e68e622c,2020-11-12,21,{'JAM'},{'JAM_STAND_STILL_TRAFFIC'},41,{2},5.390243902439025
2e68e623,2e68e622c,2020-11-13,16,{'JAM'},{'JAM_STAND_STILL_TRAFFIC'},51,"{1, 7}",7.0
2e68e623,2e68e622c,2020-11-13,20,{'JAM'},{'JAM_STAND_STILL_TRAFFIC'},31,{2},5.0
2e68e623,2e68e622c,2020-11-14,16,{'JAM'},{'JAM_MODERATE_TRAFFIC'},6,{2},5.0
2e68e623,2e68e622c,2020-11-18,14,{'JAM'},{'JAM_STAND_STILL_TRAFFIC'},33,{2},5.0
2e68e623,2e68e622c,2020-11-21,11,{'JAM'},{'JAM_STAND_STILL_TRAFFIC'},13,{7},5.923076923076923
2e68e623,2e68e622c,2020-11-21,14,{'JAM'},{'JAM_HEAVY_TRAFFIC'},4,{2},5.0
2e68e623,2e68e6234,2020-09-01,14,{'JAM'},{'JAM_STAND_STILL_TRAFFIC'},46,{7},5.326086956521739
2e68e623,2e68e6234,2020-09-02,11,{'JAM'},{'JAM_STAND_STILL_TRAFFIC'},30,{7},5.0
2e68e623,2e68e6234,2020-09-04,15,{'JAM'},{'JAM_STAND_STILL_TRAFFIC'},18,{7},5.222222222222222
2e68e623,2e68e6234,2020-09-05,14,{'JAM'},{'JAM_HEAVY_TRAFFIC'},30,{7},6.1
2e68e623,2e68e6234,2020-09-12,11,{'JAM'},{'JAM_MODERATE_TRAFFIC'},31,{7},5.0
2e68e623,2e68e6234,2020-09-12,17,{'JAM'},{'JAM_STAND_STILL_TRAFFIC'},34,{7},5.235294117647059
2e68e623,2e68e6234,2020-09-15,13,{'JAM'},{'JAM_MODERATE_TRAFFIC'},7,{7},5.0
2e68e623,2e68e6234,2020-09-15,14,{'JAM'},{'JAM_HEAVY_TRAFFIC'},33,{7},7.0
2e68e623,2e68e6234,2020-09-15,16,{'JAM'},{'JAM_STAND_STILL_TRAFFIC'},30,{7},5.533333333333333
2e68e623,2e68e6234,2020-09-17,13,{'JAM'},"{'JAM_STAND_STILL_TRAFFIC', 'JAM_HEAVY_TRAFFIC'}",99,{7},5.383838383838384
2e68e623,2e68e6234,2020-09-19,13,{'JAM'},{'JAM_HEAVY_TRAFFIC'},32,{7},5.0
2e68e623,2e68e6234,2020-09-25,16,{'JAM'},{'JAM_HEAVY_TRAFFIC'},62,{7},5.0
2e68e623,2e68e6234,2020-09-26,12,{'JAM'},{'JAM_STAND_STILL_TRAFFIC'},45,{7},5.7555555555555555
2e68e623,2e68e6234,2020-09-28,16,{'JAM'},{'JAM_STAND_STILL_TRAFFIC'},60,{7},5.0
2e68e623,2e68e6234,2020-10-05,15,{'JAM'},{'JAM_HEAVY_TRAFFIC'},31,{1},5.838709677419355
2e68e623,2e68e6234,2020-10-07,17,{'JAM'},{'JAM_HEAVY_TRAFFIC'},31,{7},5.806451612903226
2e68e623,2e68e6234,2020-10-12,16,{'JAM'},{'JAM_MODERATE_TRAFFIC'},31,{7},5.0
2e68e623,2e68e6234,2020-10-12,17,{'JAM'},{'JAM_STAND_STILL_TRAFFIC'},31,{7},5.967741935483871
2e68e623,2e68e6234,2020-10-16,20,{'JAM'},{'JAM_MODERATE_TRAFFIC'},15,{7},5.666666666666667
2e68e623,2e68e6234,2020-10-17,17,{'JAM'},{'JAM_STAND_STILL_TRAFFIC'},31,{7},5.612903225806452
2e68e623,2e68e6234,2020-10-20,16,{'JAM'},{'JAM_HEAVY_TRAFFIC'},30,{1},5.666666666666667
2e68e623,2e68e6234,2020-10-21,17,{'JAM'},{'JAM_HEAVY_TRAFFIC'},31,{7},5.0
2e68e623,2e68e6234,2020-10-22,11,{'JAM'},{'JAM_STAND_STILL_TRAFFIC'},31,{7},5.516129032258065
2e68e623,2e68e6234,2020-10-22,18,{'JAM'},{'JAM_MODERATE_TRAFFIC'},5,{7},5.0
2e68e623,2e68e6234,2020-10-23,13,{'JAM'},{'JAM_HEAVY_TRAFFIC'},31,{7},5.870967741935484
2e68e623,2e68e6234,2020-10-23,16,{'JAM'},{'JAM_STAND_STILL_TRAFFIC'},31,{1},5.0
2e68e623,2e68e6234,2020-10-23,17,{'JAM'},"{'JAM_STAND_STILL_TRAFFIC', 'JAM_HEAVY_TRAFFIC'}",60,{7},6.25
2e68e623,2e68e6234,2020-10-24,11,{'JAM'},{'JAM_HEAVY_TRAFFIC'},32,{7},5.0
2e68e623,2e68e6234,2020-10-24,12,{'JAM'},"{'JAM_STAND_STILL_TRAFFIC', 'JAM_HEAVY_TRAFFIC'}",122,{7},5.0
2e68e623,2e68e6234,2020-10-24,16,{'JAM'},{'JAM_STAND_STILL_TRAFFIC'},31,{7},5.0
2e68e623,2e68e6234,2020-10-24,17,{'JAM'},{'JAM_STAND_STILL_TRAFFIC'},33,{7},5.0
2e68e623,2e68e6234,2020-10-26,17,{'JAM'},{'JAM_HEAVY_TRAFFIC'},36,{7},5.444444444444445
2e68e623,2e68e6234,2020-10-27,11,{'JAM'},{'JAM_STAND_STILL_TRAFFIC'},30,{7},5.933333333333334
2e68e623,2e68e6234,2020-10-27,13,{'JAM'},{'JAM_HEAVY_TRAFFIC'},63,{7},5.825396825396825
2e68e623,2e68e6234,2020-10-27,17,{'JAM'},{'JAM_MODERATE_TRAFFIC'},32,{7},5.0
2e68e623,2e68e6234,2020-10-28,14,{'JAM'},{'JAM_HEAVY_TRAFFIC'},30,{7},5.0
2e68e623,2e68e6234,2020-10-29,18,{'JAM'},{'JAM_STAND_STILL_TRAFFIC'},43,{7},5.4186046511627906
2e68e623,2e68e6234,2020-10-29,19,{'JAM'},{'JAM_STAND_STILL_TRAFFIC'},40,{7},5.45
2e68e623,2e68e6234,2020-10-30,16,{'JAM'},"{'JAM_STAND_STILL_TRAFFIC', 'JAM_HEAVY_TRAFFIC'}",62,"{1, 7}",5.774193548387097
2e68e623,2e68e6234,2020-10-30,18,{'JAM'},{'JAM_HEAVY_TRAFFIC'},32,{7},5.0
2e68e623,2e68e6234,2020-10-31,14,{'JAM'},{'JAM_STAND_STILL_TRAFFIC'},38,{7},6.368421052631579
2e68e623,2e68e6234,2020-10-31,16,{'JAM'},{'JAM_STAND_STILL_TRAFFIC'},72,{7},5.25
2e68e623,2e68e6234,2020-11-02,12,{'JAM'},{'JAM_HEAVY_TRAFFIC'},60,"{1, 7}",5.333333333333333
2e68e623,2e68e6234,2020-11-02,15,{'JAM'},{'JAM_STAND_STILL_TRAFFIC'},61,{7},5.491803278688525
2e68e623,2e68e6234,2020-11-03,14,{'JAM'},{'JAM_STAND_STILL_TRAFFIC'},33,{1},6.242424242424242
2e68e623,2e68e6234,2020-11-04,17,{'JAM'},{'JAM_HEAVY_TRAFFIC'},32,{7},5.0
2e68e623,2e68e6234,2020-11-05,14,{'JAM'},{'JAM_HEAVY_TRAFFIC'},31,{1},5.0
2e68e623,2e68e6234,2020-11-07,13,{'JAM'},{'JAM_STAND_STILL_TRAFFIC'},31,{7},7.451612903225806
2e68e623,2e68e6234,2020-11-07,17,{'JAM'},{'JAM_STAND_STILL_TRAFFIC'},34,{7},6.176470588235294
2e68e623,2e68e6234,2020-11-09,15,{'JAM'},"{'JAM_STAND_STILL_TRAFFIC', 'JAM_HEAVY_TRAFFIC'}",57,{7},5.4035087719298245
2e68e623,2e68e6234,2020-11-10,17,{'JAM'},{'JAM_HEAVY_TRAFFIC'},62,{7},5.483870967741935
2e68e623,2e68e6234,2020-11-11,14,{'JAM'},{'JAM_STAND_STILL_TRAFFIC'},32,{1},5.5
2e68e623,2e68e6234,2020-11-13,15,{'JAM'},{'JAM_HEAVY_TRAFFIC'},32,{7},5.9375
2e68e623,2e68e6234,2020-11-13,16,{'JAM'},{'JAM_STAND_STILL_TRAFFIC'},53,{7},5.943396226415095
2e68e623,2e68e6234,2020-11-14,16,{'JAM'},{'JAM_STAND_STILL_TRAFFIC'},22,{7},5.636363636363637
2e68e623,2e68e6234,2020-11-19,17,{'JAM'},{'JAM_STAND_STILL_TRAFFIC'},28,{7},5.321428571428571
2e68e623,2e68e6234,2020-11-20,15,{'JAM'},{'JAM_STAND_STILL_TRAFFIC'},33,{7},5.666666666666667
2e68e623,2e68e6234,2020-11-21,11,{'JAM'},{'JAM_STAND_STILL_TRAFFIC'},13,{7},5.0
2e68e623,2e68e6234,2020-11-21,13,{'JAM'},{'JAM_STAND_STILL_TRAFFIC'},13,{7},5.0
2e68e623,2e68e623c,2020-09-14,13,{'JAM'},{'JAM'},30,{22},5.0
2e68e623,2e68e623c,2020-10-08,13,{'JAM'},{'JAM_MODERATE_TRAFFIC'},19,{1},5.0
2e68e623,2e68e623c,2020-10-10,13,{'JAM'},{'JAM_HEAVY_TRAFFIC'},31,{1},5.0
2e68e623,2e68e623c,2020-10-28,12,{'JAM'},{'JAM_HEAVY_TRAFFIC'},32,{1},5.0
2e68e623,2e68e623c,2020-10-28,19,{'JAM'},{'JAM_HEAVY_TRAFFIC'},31,{22},5.0
2e68e623,2e68e623c,2020-10-29,19,{'JAM'},{'JAM_STAND_STILL_TRAFFIC'},32,{1},5.65625
2e68e623,2e68e623c,2020-10-29,20,{'JAM'},{'JAM_HEAVY_TRAFFIC'},31,{1},5.0
2e68e623,2e68e623c,2020-10-30,17,{'JAM'},{'JAM_STAND_STILL_TRAFFIC'},37,{7},7.351351351351352
2e68e623,2e68e623c,2020-10-30,18,{'JAM'},{'JAM_STAND_STILL_TRAFFIC'},42,{1},5.833333333333333
2e68e623,2e68e623c,2020-10-30,19,{'JAM'},{'JAM_STAND_STILL_TRAFFIC'},32,{1},5.875
2e68e623,2e68e623c,2020-10-31,17,{'JAM'},{'JAM_MODERATE_TRAFFIC'},11,{1},5.909090909090909
2e68e625,2e68e6244,2020-09-02,13,{'JAM'},{'JAM_STAND_STILL_TRAFFIC'},30,{7},5.0
2e68e625,2e68e6244,2020-09-19,10,{'JAM'},{'JAM_STAND_STILL_TRAFFIC'},31,"{1, 2}",5.548387096774194
2e68e625,2e68e6244,2020-10-01,13,{'WEATHERHAZARD'},{'WEATHERHAZARD'},30,{7},5.066666666666666
2e68e625,2e68e6244,2020-10-20,13,{'JAM'},{'JAM'},16,{7},5.0
2e68e625,2e68e6244,2020-10-21,15,{'JAM'},{'JAM_STAND_STILL_TRAFFIC'},25,{2},7.64
2e68e625,2e68e6244,2020-10-24,16,{'JAM'},{'JAM_HEAVY_TRAFFIC'},21,{7},5.0
2e68e625,2e68e6244,2020-10-26,10,{'JAM'},{'JAM_MODERATE_TRAFFIC'},39,{2},5.410256410256411
2e68e625,2e68e6244,2020-10-28,12,{'JAM'},{'JAM_STAND_STILL_TRAFFIC'},30,{7},5.933333333333334
2e68e625,2e68e6244,2020-10-30,12,{'JAM'},{'JAM_STAND_STILL_TRAFFIC'},22,{2},5.818181818181818
2e68e625,2e68e6244,2020-10-30,15,{'JAM'},{'JAM'},5,{7},5.0
2e68e625,2e68e6244,2020-11-01,14,{'JAM'},{'JAM_HEAVY_TRAFFIC'},13,{7},5.0
2e68e625,2e68e6244,2020-11-02,12,{'JAM'},{'JAM'},27,{7},5.0
2e68e625,2e68e6244,2020-11-02,15,{'JAM'},{'JAM_STAND_STILL_TRAFFIC'},23,{7},5.782608695652174
2e68e625,2e68e6244,2020-11-02,17,{'JAM'},{'JAM_MODERATE_TRAFFIC'},26,{7},5.0
2e68e625,2e68e6244,2020-11-07,15,{'JAM'},{'JAM_STAND_STILL_TRAFFIC'},32,{7},5.75
2e68e625,2e68e6244,2020-11-07,16,{'JAM'},"{'JAM_STAND_STILL_TRAFFIC', 'JAM_MODERATE_TRAFFIC'}",22,{7},5.0
2e68e625,2e68e6244,2020-11-11,16,{'WEATHERHAZARD'},{'HAZARD_ON_ROAD_ICE'},44,{7},7.090909090909091
2e68e625,2e68e6244,2020-11-14,6,{'JAM'},{'JAM'},6,{7},5.0
2e68e625,2e68e6244,2020-11-14,12,{'JAM'},{'JAM_STAND_STILL_TRAFFIC'},44,{7},5.363636363636363
2e68e625,2e68e624c,2020-09-01,9,{'ROAD_CLOSED'},{'ROAD_CLOSED_EVENT'},2159,{2},6.0
2e68e625,2e68e624c,2020-09-01,14,{'JAM'},{'JAM_MODERATE_TRAFFIC'},30,{2},5.0
2e68e625,2e68e624c,2020-09-02,9,{'ROAD_CLOSED'},{'ROAD_CLOSED_EVENT'},2165,{2},6.0
2e68e625,2e68e624c,2020-09-03,9,{'ROAD_CLOSED'},{'ROAD_CLOSED_EVENT'},2160,{2},6.0
2e68e625,2e68e624c,2020-09-03,10,{'JAM'},{'JAM_STAND_STILL_TRAFFIC'},29,{2},5.0
2e68e625,2e68e624c,2020-09-04,9,{'ROAD_CLOSED'},{'ROAD_CLOSED_EVENT'},2152,{2},6.0
2e68e625,2e68e624c,2020-09-05,9,{'ROAD_CLOSED'},{'ROAD_CLOSED_EVENT'},2163,{2},6.0
2e68e625,2e68e624c,2020-09-05,12,{'JAM'},{'JAM_HEAVY_TRAFFIC'},31,{2},5.967741935483871
2e68e625,2e68e624c,2020-09-06,6,{'ROAD_CLOSED'},{'ROAD_CLOSED_EVENT'},4,{2},6.0
2e68e625,2e68e624c,2020-09-06,9,{'ROAD_CLOSED'},{'ROAD_CLOSED_EVENT'},304,{2},6.0
2e68e625,2e68e624c,2020-09-07,9,{'ROAD_CLOSED'},{'ROAD_CLOSED_EVENT'},2156,{2},6.0
2e68e625,2e68e624c,2020-09-08,9,{'ROAD_CLOSED'},{'ROAD_CLOSED_EVENT'},2164,{2},6.0
2e68e625,2e68e624c,2020-09-09,6,{'ROAD_CLOSED'},{'ROAD_CLOSED_EVENT'},1,{2},6.0
2e68e625,2e68e624c,2020-09-09,9,{'ROAD_CLOSED'},{'ROAD_CLOSED_EVENT'},11,{2},6.0
2e68e625,2e68e624c,2020-09-09,17,{'ROAD_CLOSED'},{'ROAD_CLOSED_EVENT'},110,{2},6.0
2e68e625,2e68e624c,2020-09-09,21,{'ROAD_CLOSED'},{'ROAD_CLOSED_EVENT'},542,{2},6.0
2e68e625,2e68e624c,2020-09-09,22,{'ROAD_CLOSED'},{'ROAD_CLOSED_EVENT'},1434,{2},6.0
2e68e625,2e68e624c,2020-09-10,9,{'ROAD_CLOSED'},{'ROAD_CLOSED_EVENT'},673,{2},6.0
2e68e625,2e68e624c,2020-09-10,22,{'ROAD_CLOSED'},{'ROAD_CLOSED_EVENT'},1434,{2},6.0
2e68e625,2e68e624c,2020-09-11,6,{'ROAD_CLOSED'},{'ROAD_CLOSED_EVENT'},1,{2},6.0
2e68e625,2e68e624c,2020-09-11,9,{'ROAD_CLOSED'},{'ROAD_CLOSED_EVENT'},126,{2},6.0
2e68e625,2e68e624c,2020-09-11,21,{'ROAD_CLOSED'},{'ROAD_CLOSED_EVENT'},1078,{2},6.0
2e68e625,2e68e624c,2020-09-11,22,{'ROAD_CLOSED'},{'ROAD_CLOSED_EVENT'},959,{2},6.0
2e68e625,2e68e624c,2020-09-12,9,{'ROAD_CLOSED'},{'ROAD_CLOSED_EVENT'},32,{2},6.0
2e68e625,2e68e624c,2020-09-12,23,{'ROAD_CLOSED'},{'ROAD_CLOSED_EVENT'},814,{2},6.0
2e68e625,2e68e624c,2020-09-13,0,{'ROAD_CLOSED'},{'ROAD_CLOSED_EVENT'},716,{2},6.0
2e68e625,2e68e624c,2020-09-13,6,{'ROAD_CLOSED'},{'ROAD_CLOSED_EVENT'},11,{2},6.0
2e68e625,2e68e624c,2020-09-13,9,{'ROAD_CLOSED'},{'ROAD_CLOSED_EVENT'},2281,{2},6.0
2e68e625,2e68e624c,2020-09-14,9,{'ROAD_CLOSED'},{'ROAD_CLOSED_EVENT'},2288,{2},6.0
2e68e625,2e68e624c,2020-09-15,9,{'ROAD_CLOSED'},{'ROAD_CLOSED_EVENT'},2282,{2},6.0
2e68e625,2e68e624c,2020-09-16,9,{'ROAD_CLOSED'},{'ROAD_CLOSED_EVENT'},2284,{2},6.0
2e68e625,2e68e624c,2020-09-16,12,{'JAM'},{'JAM_STAND_STILL_TRAFFIC'},31,{2},5.0
2e68e625,2e68e624c,2020-09-17,9,{'ROAD_CLOSED'},{'ROAD_CLOSED_EVENT'},1578,{2},6.0
2e68e625,2e68e624c,2020-09-18,9,{'ROAD_CLOSED'},{'ROAD_CLOSED_EVENT'},2286,{2},6.0
2e68e625,2e68e624c,2020-09-18,18,{'JAM'},{'JAM_STAND_STILL_TRAFFIC'},32,{2},5.0
2e68e625,2e68e624c,2020-09-18,21,{'ROAD_CLOSED'},{'ROAD_CLOSED_EVENT'},480,{2},6.0
2e68e625,2e68e624c,2020-09-19,2,{'ROAD_CLOSED'},{'ROAD_CLOSED_EVENT'},372,{2},6.0
2e68e625,2e68e624c,2020-09-19,6,{'ROAD_CLOSED'},{'ROAD_CLOSED_EVENT'},1,{2},6.0
2e68e625,2e68e624c,2020-09-19,9,{'ROAD_CLOSED'},{'ROAD_CLOSED_EVENT'},2296,{2},6.0
2e68e625,2e68e624c,2020-09-19,11,{'ROAD_CLOSED'},{'ROAD_CLOSED_EVENT'},2,{2},6.0
2e68e625,2e68e624c,2020-09-19,21,{'ROAD_CLOSED'},{'ROAD_CLOSED_EVENT'},494,{2},6.0
2e68e625,2e68e624c,2020-09-20,2,{'ROAD_CLOSED'},{'ROAD_CLOSED_EVENT'},363,{2},6.0
2e68e625,2e68e624c,2020-09-20,9,{'ROAD_CLOSED'},{'ROAD_CLOSED_EVENT'},2277,{2},6.0
2e68e625,2e68e624c,2020-09-20,21,{'ROAD_CLOSED'},{'ROAD_CLOSED_EVENT'},488,{2},6.0
2e68e625,2e68e624c,2020-09-21,2,{'ROAD_CLOSED'},{'ROAD_CLOSED_EVENT'},358,{2},6.0
2e68e625,2e68e624c,2020-09-21,6,{'ROAD_CLOSED'},{'ROAD_CLOSED_EVENT'},4,{2},6.0
2e68e625,2e68e624c,2020-09-21,9,{'ROAD_CLOSED'},{'ROAD_CLOSED_EVENT'},2282,{2},6.0
2e68e625,2e68e624c,2020-09-21,11,{'ROAD_CLOSED'},{'ROAD_CLOSED_EVENT'},1,{2},6.0
2e68e625,2e68e624c,2020-09-21,16,{'ROAD_CLOSED'},{'ROAD_CLOSED_EVENT'},7,{2},6.0
2e68e625,2e68e624c,2020-09-21,21,{'ROAD_CLOSED'},{'ROAD_CLOSED_EVENT'},492,{2},6.0
2e68e625,2e68e624c,2020-09-22,2,{'ROAD_CLOSED'},{'ROAD_CLOSED_EVENT'},355,{2},6.0
2e68e625,2e68e624c,2020-09-22,9,{'ROAD_CLOSED'},{'ROAD_CLOSED_EVENT'},2290,{2},6.0
2e68e625,2e68e624c,2020-09-22,16,{'ROAD_CLOSED'},{'ROAD_CLOSED_EVENT'},2,{2},6.0
2e68e625,2e68e624c,2020-09-22,21,{'ROAD_CLOSED'},{'ROAD_CLOSED_EVENT'},496,{2},6.0
2e68e625,2e68e624c,2020-09-23,2,{'ROAD_CLOSED'},{'ROAD_CLOSED_EVENT'},363,{2},6.0
2e68e625,2e68e624c,2020-09-23,6,{'ROAD_CLOSED'},{'ROAD_CLOSED_EVENT'},2,{2},6.0
2e68e625,2e68e624c,2020-09-23,9,{'ROAD_CLOSED'},{'ROAD_CLOSED_EVENT'},2280,{2},6.0
2e68e625,2e68e624c,2020-09-23,16,{'ROAD_CLOSED'},{'ROAD_CLOSED_EVENT'},1,{2},6.0
2e68e625,2e68e624c,2020-09-23,21,{'ROAD_CLOSED'},{'ROAD_CLOSED_EVENT'},492,{2},6.0
2e68e625,2e68e624c,2020-09-24,2,{'ROAD_CLOSED'},{'ROAD_CLOSED_EVENT'},372,{2},6.0
2e68e625,2e68e624c,2020-09-24,6,{'ROAD_CLOSED'},{'ROAD_CLOSED_EVENT'},1,{2},6.0
2e68e625,2e68e624c,2020-09-24,9,{'ROAD_CLOSED'},{'ROAD_CLOSED_EVENT'},2298,{2},6.0
2e68e625,2e68e624c,2020-09-24,11,{'ROAD_CLOSED'},{'ROAD_CLOSED_EVENT'},4,{2},6.0
2e68e625,2e68e624c,2020-09-24,21,{'ROAD_CLOSED'},{'ROAD_CLOSED_EVENT'},488,{2},6.0
2e68e625,2e68e624c,2020-09-25,2,{'ROAD_CLOSED'},{'ROAD_CLOSED_EVENT'},367,{2},6.0
2e68e625,2e68e624c,2020-09-25,9,{'ROAD_CLOSED'},{'ROAD_CLOSED_EVENT'},1747,{2},6.0
2e68e625,2e68e624c,2020-09-25,11,{'ROAD_CLOSED'},{'ROAD_CLOSED_EVENT'},2,{2},6.0
2e68e625,2e68e624c,2020-09-25,21,{'ROAD_CLOSED'},{'ROAD_CLOSED_EVENT'},547,{2},6.0
2e68e625,2e68e624c,2020-09-25,22,{'ROAD_CLOSED'},{'ROAD_CLOSED_EVENT'},60,{2},6.0
2e68e625,2e68e624c,2020-09-25,23,{'ROAD_CLOSED'},{'ROAD_CLOSED_EVENT'},59,{2},6.0
2e68e625,2e68e624c,2020-09-26,0,{'ROAD_CLOSED'},{'ROAD_CLOSED_EVENT'},59,{2},6.0
2e68e625,2e68e624c,2020-09-26,1,{'ROAD_CLOSED'},{'ROAD_CLOSED_EVENT'},60,{2},6.0
2e68e625,2e68e624c,2020-09-26,2,{'ROAD_CLOSED'},{'ROAD_CLOSED_EVENT'},425,{2},6.0
2e68e625,2e68e624c,2020-09-26,3,{'ROAD_CLOSED'},{'ROAD_CLOSED_EVENT'},59,{2},6.0
2e68e625,2e68e624c,2020-09-26,4,{'ROAD_CLOSED'},{'ROAD_CLOSED_EVENT'},59,{2},6.0
2e68e625,2e68e624c,2020-09-26,5,{'ROAD_CLOSED'},{'ROAD_CLOSED_EVENT'},58,{2},6.0
2e68e625,2e68e624c,2020-09-26,6,{'ROAD_CLOSED'},{'ROAD_CLOSED_EVENT'},2,{2},6.0
2e68e625,2e68e624c,2020-09-26,11,{'ROAD_CLOSED'},{'ROAD_CLOSED_EVENT'},4,{2},6.0
2e68e625,2e68e624c,2020-09-26,21,{'ROAD_CLOSED'},{'ROAD_CLOSED_EVENT'},432,{2},6.0
2e68e625,2e68e624c,2020-09-27,2,{'ROAD_CLOSED'},{'ROAD_CLOSED_EVENT'},377,{2},6.0
2e68e625,2e68e624c,2020-09-27,21,{'ROAD_CLOSED'},{'ROAD_CLOSED_EVENT'},486,{2},6.0
2e68e625,2e68e624c,2020-09-28,2,{'ROAD_CLOSED'},{'ROAD_CLOSED_EVENT'},372,{2},6.0
2e68e625,2e68e624c,2020-09-28,9,{'ROAD_CLOSED'},{'ROAD_CLOSED_EVENT'},2168,{2},6.0
2e68e625,2e68e624c,2020-09-28,21,{'ROAD_CLOSED'},{'ROAD_CLOSED_EVENT'},492,{2},6.0
2e68e625,2e68e624c,2020-09-29,2,{'ROAD_CLOSED'},{'ROAD_CLOSED_EVENT'},369,{2},6.0
2e68e625,2e68e624c,2020-09-29,9,{'ROAD_CLOSED'},{'ROAD_CLOSED_EVENT'},2167,{2},6.0
2e68e625,2e68e624c,2020-09-29,11,{'ROAD_CLOSED'},{'ROAD_CLOSED_EVENT'},2,{2},6.0
2e68e625,2e68e624c,2020-09-29,16,{'ROAD_CLOSED'},{'ROAD_CLOSED_EVENT'},1,{2},6.0
2e68e625,2e68e624c,2020-09-29,21,{'ROAD_CLOSED'},{'ROAD_CLOSED_EVENT'},492,{2},6.0
2e68e625,2e68e624c,2020-09-30,2,{'ROAD_CLOSED'},{'ROAD_CLOSED_EVENT'},338,{2},6.0
2e68e625,2e68e624c,2020-09-30,9,{'ROAD_CLOSED'},{'ROAD_CLOSED_EVENT'},2155,{2},6.0
2e68e625,2e68e624c,2020-09-30,21,{'ROAD_CLOSED'},{'ROAD_CLOSED_EVENT'},480,{2},6.0
2e68e625,2e68e624c,2020-10-01,6,{'ROAD_CLOSED'},{'ROAD_CLOSED_EVENT'},8,{2},6.0
2e68e625,2e68e624c,2020-10-01,9,{'ROAD_CLOSED'},{'ROAD_CLOSED_EVENT'},2161,{2},6.0
2e68e625,2e68e624c,2020-10-02,6,{'ROAD_CLOSED'},{'ROAD_CLOSED_EVENT'},4,{2},6.0
2e68e625,2e68e624c,2020-10-02,9,{'ROAD_CLOSED'},{'ROAD_CLOSED_EVENT'},2160,{2},6.0
2e68e625,2e68e624c,2020-10-03,6,{'ROAD_CLOSED'},{'ROAD_CLOSED_EVENT'},1,{2},6.0
2e68e625,2e68e624c,2020-10-03,9,{'ROAD_CLOSED'},{'ROAD_CLOSED_EVENT'},2168,{2},6.0
2e68e625,2e68e624c,2020-10-04,9,{'ROAD_CLOSED'},{'ROAD_CLOSED_EVENT'},2152,{2},6.0
2e68e625,2e68e624c,2020-10-04,12,{'ROAD_CLOSED'},{'ROAD_CLOSED_EVENT'},369,{2},6.0
2e68e625,2e68e624c,2020-10-04,21,{'ROAD_CLOSED'},{'ROAD_CLOSED_EVENT'},249,{2},6.0
2e68e625,2e68e624c,2020-10-05,2,{'ROAD_CLOSED'},{'ROAD_CLOSED_EVENT'},362,{2},6.0
2e68e625,2e68e624c,2020-10-05,9,{'ROAD_CLOSED'},{'ROAD_CLOSED_EVENT'},2158,{2},6.0
2e68e625,2e68e624c,2020-10-05,16,{'ROAD_CLOSED'},{'ROAD_CLOSED_EVENT'},4,{2},6.0
2e68e625,2e68e624c,2020-10-06,2,{'ROAD_CLOSED'},{'ROAD_CLOSED_EVENT'},357,{2},6.0
2e68e625,2e68e624c,2020-10-06,6,{'ROAD_CLOSED'},{'ROAD_CLOSED_EVENT'},1,{2},6.0
2e68e625,2e68e624c,2020-10-06,9,{'ROAD_CLOSED'},{'ROAD_CLOSED_EVENT'},2155,{2},6.0
2e68e625,2e68e624c,2020-10-06,16,{'ROAD_CLOSED'},{'ROAD_CLOSED_EVENT'},8,{2},6.0
2e68e625,2e68e624c,2020-10-07,2,{'ROAD_CLOSED'},{'ROAD_CLOSED_EVENT'},370,{2},6.0
2e68e625,2e68e624c,2020-10-07,6,{'ROAD_CLOSED'},{'ROAD_CLOSED_EVENT'},3,{2},6.0
2e68e625,2e68e624c,2020-10-07,9,{'ROAD_CLOSED'},{'ROAD_CLOSED_EVENT'},2148,{2},6.0
2e68e625,2e68e624c,2020-10-07,13,{'JAM'},{'JAM_STAND_STILL_TRAFFIC'},31,{2},6.935483870967742
2e68e625,2e68e624c,2020-10-08,2,{'ROAD_CLOSED'},{'ROAD_CLOSED_EVENT'},355,{2},6.0
2e68e625,2e68e624c,2020-10-08,9,{'ROAD_CLOSED'},{'ROAD_CLOSED_EVENT'},2172,{2},6.0
2e68e625,2e68e624c,2020-10-09,2,{'ROAD_CLOSED'},{'ROAD_CLOSED_EVENT'},364,{2},6.0
2e68e625,2e68e624c,2020-10-09,9,{'ROAD_CLOSED'},{'ROAD_CLOSED_EVENT'},2158,{2},6.0
2e68e625,2e68e624c,2020-10-09,16,{'ROAD_CLOSED'},{'ROAD_CLOSED_EVENT'},11,{2},6.0
2e68e625,2e68e624c,2020-10-10,2,{'ROAD_CLOSED'},{'ROAD_CLOSED_EVENT'},333,{2},6.0
2e68e625,2e68e624c,2020-10-10,6,{'ROAD_CLOSED'},{'ROAD_CLOSED_EVENT'},2,{2},6.0
2e68e625,2e68e624c,2020-10-10,9,{'ROAD_CLOSED'},{'ROAD_CLOSED_EVENT'},2152,{2},6.0
2e68e625,2e68e624c,2020-10-10,12,{'JAM'},{'JAM_HEAVY_TRAFFIC'},20,{2},6.0
2e68e625,2e68e624c,2020-10-10,16,{'ROAD_CLOSED'},{'ROAD_CLOSED_EVENT'},2,{2},6.0
2e68e625,2e68e624c,2020-10-11,2,{'ROAD_CLOSED'},{'ROAD_CLOSED_EVENT'},366,{2},6.0
2e68e625,2e68e624c,2020-10-11,10,{'ROAD_CLOSED'},{'ROAD_CLOSED_EVENT'},1443,{2},6.0
2e68e625,2e68e624c,2020-10-11,16,{'ROAD_CLOSED'},{'ROAD_CLOSED_EVENT'},2,{2},6.0
2e68e625,2e68e624c,2020-10-12,2,{'ROAD_CLOSED'},{'ROAD_CLOSED_EVENT'},372,{2},6.0
2e68e625,2e68e624c,2020-10-12,6,{'ROAD_CLOSED'},{'ROAD_CLOSED_EVENT'},8,{2},6.0
2e68e625,2e68e624c,2020-10-12,10,{'ROAD_CLOSED'},{'ROAD_CLOSED_EVENT'},1443,{2},6.0
2e68e625,2e68e624c,2020-10-12,11,{'JAM'},{'JAM_HEAVY_TRAFFIC'},44,{2},6.159090909090909
2e68e625,2e68e624c,2020-10-13,2,{'ROAD_CLOSED'},{'ROAD_CLOSED_EVENT'},369,{2},6.0
2e68e625,2e68e624c,2020-10-13,10,{'ROAD_CLOSED'},{'ROAD_CLOSED_EVENT'},1442,{2},6.0
2e68e625,2e68e624c,2020-10-13,16,"{'JAM', 'ROAD_CLOSED'}","{'ROAD_CLOSED_EVENT', 'JAM_STAND_STILL_TRAFFIC'}",33,{2},5.03030303030303
2e68e625,2e68e624c,2020-10-14,2,{'ROAD_CLOSED'},{'ROAD_CLOSED_EVENT'},372,{2},6.0
2e68e625,2e68e624c,2020-10-14,6,{'ROAD_CLOSED'},{'ROAD_CLOSED_EVENT'},2,{2},6.0
2e68e625,2e68e624c,2020-10-14,10,{'ROAD_CLOSED'},{'ROAD_CLOSED_EVENT'},1443,{2},6.0
2e68e625,2e68e624c,2020-10-15,2,{'ROAD_CLOSED'},{'ROAD_CLOSED_EVENT'},294,{2},6.0
2e68e625,2e68e624c,2020-10-15,10,{'ROAD_CLOSED'},{'ROAD_CLOSED_EVENT'},1443,{2},6.0
2e68e625,2e68e624c,2020-10-16,2,{'ROAD_CLOSED'},{'ROAD_CLOSED_EVENT'},366,{2},6.0
2e68e625,2e68e624c,2020-10-16,10,{'ROAD_CLOSED'},{'ROAD_CLOSED_EVENT'},1450,{2},6.0
2e68e625,2e68e624c,2020-10-16,20,{'JAM'},{'JAM_MODERATE_TRAFFIC'},12,{2},5.583333333333333
2e68e625,2e68e624c,2020-10-17,2,{'ROAD_CLOSED'},{'ROAD_CLOSED_EVENT'},366,{2},6.0
2e68e625,2e68e624c,2020-10-17,10,{'ROAD_CLOSED'},{'ROAD_CLOSED_EVENT'},1456,{2},6.0
2e68e625,2e68e624c,2020-10-18,2,{'ROAD_CLOSED'},{'ROAD_CLOSED_EVENT'},363,{2},6.0
2e68e625,2e68e624c,2020-10-18,10,{'ROAD_CLOSED'},{'ROAD_CLOSED_EVENT'},1449,{2},6.0
2e68e625,2e68e624c,2020-10-18,16,{'ROAD_CLOSED'},{'ROAD_CLOSED_EVENT'},9,{2},6.0
2e68e625,2e68e624c,2020-10-19,2,{'ROAD_CLOSED'},{'ROAD_CLOSED_EVENT'},357,{2},6.0
2e68e625,2e68e624c,2020-10-19,6,{'ROAD_CLOSED'},{'ROAD_CLOSED_EVENT'},2,{2},6.0
2e68e625,2e68e624c,2020-10-19,10,{'ROAD_CLOSED'},{'ROAD_CLOSED_EVENT'},1927,{2},6.0
2e68e625,2e68e624c,2020-10-19,12,{'JAM'},{'JAM_HEAVY_TRAFFIC'},32,{2},5.0
2e68e625,2e68e624c,2020-10-20,2,{'ROAD_CLOSED'},{'ROAD_CLOSED_EVENT'},354,{2},6.0
2e68e625,2e68e624c,2020-10-20,10,{'ROAD_CLOSED'},{'ROAD_CLOSED_EVENT'},1928,{2},6.0
2e68e625,2e68e624c,2020-10-21,2,{'ROAD_CLOSED'},{'ROAD_CLOSED_EVENT'},366,{2},6.0
2e68e625,2e68e624c,2020-10-21,10,{'ROAD_CLOSED'},{'ROAD_CLOSED_EVENT'},1904,{2},6.0
2e68e625,2e68e624c,2020-10-21,14,{'JAM'},{'JAM_STAND_STILL_TRAFFIC'},34,{2},6.352941176470588
2e68e625,2e68e624c,2020-10-22,2,{'ROAD_CLOSED'},{'ROAD_CLOSED_EVENT'},363,{2},6.0
2e68e625,2e68e624c,2020-10-22,6,{'ROAD_CLOSED'},{'ROAD_CLOSED_EVENT'},2,{2},6.0
2e68e625,2e68e624c,2020-10-22,10,{'ROAD_CLOSED'},{'ROAD_CLOSED_EVENT'},1932,{2},6.497412008281573
2e68e625,2e68e624c,2020-10-22,13,{'JAM'},{'JAM_STAND_STILL_TRAFFIC'},39,{2},5.435897435897436
2e68e625,2e68e624c,2020-10-23,2,{'ROAD_CLOSED'},{'ROAD_CLOSED_EVENT'},369,{2},6.0
2e68e625,2e68e624c,2020-10-23,10,{'ROAD_CLOSED'},{'ROAD_CLOSED_EVENT'},1446,{2},6.0
2e68e625,2e68e624c,2020-10-24,2,{'ROAD_CLOSED'},{'ROAD_CLOSED_EVENT'},363,{2},6.0
2e68e625,2e68e624c,2020-10-24,6,{'ROAD_CLOSED'},{'ROAD_CLOSED_EVENT'},4,{2},6.0
2e68e625,2e68e624c,2020-10-24,10,{'ROAD_CLOSED'},{'ROAD_CLOSED_EVENT'},1440,{2},6.0
2e68e625,2e68e624c,2020-10-24,12,{'JAM'},{'JAM'},55,"{1, 2}",5.509090909090909
2e68e625,2e68e624c,2020-10-24,16,{'ROAD_CLOSED'},{'ROAD_CLOSED_EVENT'},4,{2},6.0
2e68e625,2e68e624c,2020-10-25,2,{'ROAD_CLOSED'},{'ROAD_CLOSED_EVENT'},366,{2},6.0
2e68e625,2e68e624c,2020-10-25,10,{'ROAD_CLOSED'},{'ROAD_CLOSED_EVENT'},1446,{2},6.0
2e68e625,2e68e624c,2020-10-26,2,{'ROAD_CLOSED'},{'ROAD_CLOSED_EVENT'},366,{2},6.0
2e68e625,2e68e624c,2020-10-26,10,{'ROAD_CLOSED'},{'ROAD_CLOSED_EVENT'},1452,{2},6.0
2e68e625,2e68e624c,2020-10-26,13,{'JAM'},{'JAM_HEAVY_TRAFFIC'},35,{2},5.0
2e68e625,2e68e624c,2020-10-26,16,{'ROAD_CLOSED'},{'ROAD_CLOSED_EVENT'},3,{2},6.0
2e68e625,2e68e624c,2020-10-27,2,{'ROAD_CLOSED'},{'ROAD_CLOSED_EVENT'},353,{2},6.0
2e68e625,2e68e624c,2020-10-27,10,{'ROAD_CLOSED'},{'ROAD_CLOSED_EVENT'},1453,{2},6.0
2e68e625,2e68e624c,2020-10-27,15,{'JAM'},{'JAM_STAND_STILL_TRAFFIC'},30,{2},5.6
2e68e625,2e68e624c,2020-10-27,16,"{'JAM', 'ROAD_CLOSED'}","{'ROAD_CLOSED_EVENT', 'JAM_STAND_STILL_TRAFFIC'}",41,{2},6.317073170731708
2e68e625,2e68e624c,2020-10-28,2,{'ROAD_CLOSED'},{'ROAD_CLOSED_EVENT'},353,{2},6.0
2e68e625,2e68e624c,2020-10-28,10,{'ROAD_CLOSED'},{'ROAD_CLOSED_EVENT'},1446,{2},6.0
2e68e625,2e68e624c,2020-10-28,12,{'JAM'},{'JAM_STAND_STILL_TRAFFIC'},62,{2},5.0
2e68e625,2e68e624c,2020-10-28,16,"{'JAM', 'ROAD_CLOSED'}","{'ROAD_CLOSED_EVENT', 'JAM_STAND_STILL_TRAFFIC'}",48,{2},5.458333333333333
2e68e625,2e68e624c,2020-10-29,2,{'ROAD_CLOSED'},{'ROAD_CLOSED_EVENT'},363,{2},6.0
2e68e625,2e68e624c,2020-10-29,10,{'ROAD_CLOSED'},{'ROAD_CLOSED_EVENT'},1446,{2},6.0
2e68e625,2e68e624c,2020-10-29,16,{'ROAD_CLOSED'},{'ROAD_CLOSED_EVENT'},1,{2},6.0
2e68e625,2e68e624c,2020-10-30,2,{'ROAD_CLOSED'},{'ROAD_CLOSED_EVENT'},366,{2},6.0
2e68e625,2e68e624c,2020-10-30,10,{'ROAD_CLOSED'},{'ROAD_CLOSED_EVENT'},1449,{2},6.0
2e68e625,2e68e624c,2020-10-30,11,{'JAM'},{'JAM_STAND_STILL_TRAFFIC'},95,{2},5.484210526315789
2e68e625,2e68e624c,2020-10-30,13,{'JAM'},"{'JAM_MODERATE_TRAFFIC', 'JAM_HEAVY_TRAFFIC'}",99,{2},5.161616161616162
2e68e625,2e68e624c,2020-10-31,2,{'ROAD_CLOSED'},{'ROAD_CLOSED_EVENT'},369,{2},6.0
2e68e625,2e68e624c,2020-10-31,10,{'ROAD_CLOSED'},{'ROAD_CLOSED_EVENT'},1448,{2},6.0
2e68e625,2e68e624c,2020-11-02,11,{'JAM'},{'JAM_STAND_STILL_TRAFFIC'},65,{2},5.461538461538462
2e68e625,2e68e624c,2020-11-02,12,{'JAM'},{'JAM_HEAVY_TRAFFIC'},34,{2},5.9411764705882355
2e68e625,2e68e624c,2020-11-03,14,{'JAM'},{'JAM_STAND_STILL_TRAFFIC'},31,{2},5.0
2e68e625,2e68e624c,2020-11-03,16,{'JAM'},{'JAM_HEAVY_TRAFFIC'},31,{2},5.0
2e68e625,2e68e624c,2020-11-10,14,{'JAM'},{'JAM_MODERATE_TRAFFIC'},31,{2},5.0
2e68e625,2e68e624c,2020-11-10,15,{'JAM'},{'JAM_STAND_STILL_TRAFFIC'},33,{2},5.0
2e68e625,2e68e624c,2020-11-10,17,{'WEATHERHAZARD'},"{'HAZARD_WEATHER_FLOOD', 'HAZARD_ON_ROAD_CONSTRUCTION'}",126,{2},7.0476190476190474
2e68e625,2e68e624c,2020-11-12,12,{'JAM'},{'JAM'},30,{2},5.0
2e68e625,2e68e624c,2020-11-14,12,{'JAM'},{'JAM_STAND_STILL_TRAFFIC'},61,{2},5.786885245901639
2e68e625,2e68e624c,2020-11-17,11,{'JAM'},{'JAM_HEAVY_TRAFFIC'},30,{2},5.7
2e68e625,2e68e6254,2020-09-01,9,{'ROAD_CLOSED'},{'ROAD_CLOSED_EVENT'},2159,{2},6.0
2e68e625,2e68e6254,2020-09-02,9,{'ROAD_CLOSED'},{'ROAD_CLOSED_EVENT'},2168,{2},6.0
2e68e625,2e68e6254,2020-09-03,9,{'ROAD_CLOSED'},{'ROAD_CLOSED_EVENT'},2160,{2},6.0
2e68e625,2e68e6254,2020-09-04,9,{'ROAD_CLOSED'},{'ROAD_CLOSED_EVENT'},2152,{2},6.0
2e68e625,2e68e6254,2020-09-05,9,{'ROAD_CLOSED'},{'ROAD_CLOSED_EVENT'},2164,{2},6.0
2e68e625,2e68e6254,2020-09-06,6,{'ROAD_CLOSED'},{'ROAD_CLOSED_EVENT'},5,{2},6.0
2e68e625,2e68e6254,2020-09-06,9,{'ROAD_CLOSED'},{'ROAD_CLOSED_EVENT'},304,{2},6.0
2e68e625,2e68e6254,2020-09-07,9,{'ROAD_CLOSED'},{'ROAD_CLOSED_EVENT'},2156,{2},6.0
2e68e625,2e68e6254,2020-09-08,6,{'ROAD_CLOSED'},{'ROAD_CLOSED_EVENT'},2,{2},6.0
2e68e625,2e68e6254,2020-09-08,9,{'ROAD_CLOSED'},{'ROAD_CLOSED_EVENT'},2164,{2},6.0
2e68e625,2e68e6254,2020-09-09,9,{'ROAD_CLOSED'},{'ROAD_CLOSED_EVENT'},550,{2},6.0
2e68e625,2e68e6254,2020-09-09,17,{'ROAD_CLOSED'},{'ROAD_CLOSED_EVENT'},84,{2},6.0
2e68e625,2e68e6254,2020-09-09,21,{'ROAD_CLOSED'},{'ROAD_CLOSED_EVENT'},1619,{2},6.0
2e68e625,2e68e6254,2020-09-10,9,{'ROAD_CLOSED'},{'ROAD_CLOSED_EVENT'},648,{2},6.0
2e68e625,2e68e6254,2020-09-10,21,{'ROAD_CLOSED'},{'ROAD_CLOSED_EVENT'},1615,{2},6.0
2e68e625,2e68e6254,2020-09-11,9,{'ROAD_CLOSED'},{'ROAD_CLOSED_EVENT'},634,{2},6.0
2e68e625,2e68e6254,2020-09-11,17,{'JAM'},{'JAM'},32,{1},5.0
2e68e625,2e68e6254,2020-09-11,21,{'ROAD_CLOSED'},{'ROAD_CLOSED_EVENT'},539,{2},6.0
2e68e625,2e68e6254,2020-09-11,22,{'ROAD_CLOSED'},{'ROAD_CLOSED_EVENT'},960,{2},6.0
2e68e625,2e68e6254,2020-09-12,9,{'ROAD_CLOSED'},{'ROAD_CLOSED_EVENT'},96,{2},6.0
2e68e625,2e68e6254,2020-09-12,23,{'ROAD_CLOSED'},{'ROAD_CLOSED_EVENT'},1632,{2},6.0
2e68e625,2e68e6254,2020-09-13,6,{'ROAD_CLOSED'},{'ROAD_CLOSED_EVENT'},12,{2},6.0
2e68e625,2e68e6254,2020-09-13,9,{'ROAD_CLOSED'},{'ROAD_CLOSED_EVENT'},2281,{2},6.0
2e68e625,2e68e6254,2020-09-14,9,{'ROAD_CLOSED'},{'ROAD_CLOSED_EVENT'},2288,{2},6.0
2e68e625,2e68e6254,2020-09-15,9,{'ROAD_CLOSED'},{'ROAD_CLOSED_EVENT'},2284,{2},6.0
2e68e625,2e68e6254,2020-09-16,9,{'ROAD_CLOSED'},{'ROAD_CLOSED_EVENT'},2284,{2},6.0
2e68e625,2e68e6254,2020-09-17,9,{'ROAD_CLOSED'},{'ROAD_CLOSED_EVENT'},1578,{2},6.0
2e68e625,2e68e6254,2020-09-18,9,{'ROAD_CLOSED'},{'ROAD_CLOSED_EVENT'},2288,{2},6.0
2e68e625,2e68e6254,2020-09-18,21,{'ROAD_CLOSED'},{'ROAD_CLOSED_EVENT'},360,{2},6.0
2e68e625,2e68e6254,2020-09-19,2,{'ROAD_CLOSED'},{'ROAD_CLOSED_EVENT'},124,{2},6.0
2e68e625,2e68e6254,2020-09-19,9,{'ROAD_CLOSED'},{'ROAD_CLOSED_EVENT'},2296,{2},6.0
2e68e625,2e68e6254,2020-09-19,21,{'ROAD_CLOSED'},{'ROAD_CLOSED_EVENT'},371,{2},6.0
2e68e625,2e68e6254,2020-09-20,2,{'ROAD_CLOSED'},{'ROAD_CLOSED_EVENT'},121,{2},6.0
2e68e625,2e68e6254,2020-09-20,9,{'ROAD_CLOSED'},{'ROAD_CLOSED_EVENT'},2283,{2},6.0
2e68e625,2e68e6254,2020-09-20,21,{'ROAD_CLOSED'},{'ROAD_CLOSED_EVENT'},366,{2},6.0
2e68e625,2e68e6254,2020-09-21,2,{'ROAD_CLOSED'},{'ROAD_CLOSED_EVENT'},119,{2},6.0
2e68e625,2e68e6254,2020-09-21,6,{'ROAD_CLOSED'},{'ROAD_CLOSED_EVENT'},2,{2},6.0
2e68e625,2e68e6254,2020-09-21,9,{'ROAD_CLOSED'},{'ROAD_CLOSED_EVENT'},2282,{2},6.0
2e68e625,2e68e6254,2020-09-21,16,{'ROAD_CLOSED'},{'ROAD_CLOSED_EVENT'},2,{2},6.0
2e68e625,2e68e6254,2020-09-21,21,{'ROAD_CLOSED'},{'ROAD_CLOSED_EVENT'},369,{2},6.200542005420054
2e68e625,2e68e6254,2020-09-22,2,{'ROAD_CLOSED'},{'ROAD_CLOSED_EVENT'},119,{2},6.0
2e68e625,2e68e6254,2020-09-22,9,{'ROAD_CLOSED'},{'ROAD_CLOSED_EVENT'},2286,{2},6.0
2e68e625,2e68e6254,2020-09-22,21,{'ROAD_CLOSED'},{'ROAD_CLOSED_EVENT'},372,{2},6.0
2e68e625,2e68e6254,2020-09-23,2,{'ROAD_CLOSED'},{'ROAD_CLOSED_EVENT'},121,{2},6.0
2e68e625,2e68e6254,2020-09-23,6,{'ROAD_CLOSED'},{'ROAD_CLOSED_EVENT'},5,{2},6.0
2e68e625,2e68e6254,2020-09-23,9,{'ROAD_CLOSED'},{'ROAD_CLOSED_EVENT'},2280,{2},6.0
2e68e625,2e68e6254,2020-09-23,11,{'ROAD_CLOSED'},{'ROAD_CLOSED_EVENT'},1,{2},6.0
2e68e625,2e68e6254,2020-09-23,16,{'ROAD_CLOSED'},{'ROAD_CLOSED_EVENT'},2,{2},6.0
2e68e625,2e68e6254,2020-09-23,21,{'ROAD_CLOSED'},{'ROAD_CLOSED_EVENT'},369,{2},6.0
2e68e625,2e68e6254,2020-09-24,2,{'ROAD_CLOSED'},{'ROAD_CLOSED_EVENT'},122,{2},6.0
2e68e625,2e68e6254,2020-09-24,6,{'ROAD_CLOSED'},{'ROAD_CLOSED_EVENT'},2,{2},6.0
2e68e625,2e68e6254,2020-09-24,9,{'ROAD_CLOSED'},{'ROAD_CLOSED_EVENT'},2299,{2},6.0
2e68e625,2e68e6254,2020-09-24,11,{'ROAD_CLOSED'},{'ROAD_CLOSED_EVENT'},6,{2},6.0
2e68e625,2e68e6254,2020-09-24,21,"{'ROAD_CLOSED', 'WEATHERHAZARD'}","{'WEATHERHAZARD', 'ROAD_CLOSED_EVENT'}",372,{2},5.981182795698925
2e68e625,2e68e6254,2020-09-25,2,{'ROAD_CLOSED'},{'ROAD_CLOSED_EVENT'},122,{2},6.0
2e68e625,2e68e6254,2020-09-25,9,{'ROAD_CLOSED'},{'ROAD_CLOSED_EVENT'},2286,{2},6.0
2e68e625,2e68e6254,2020-09-25,11,{'ROAD_CLOSED'},{'ROAD_CLOSED_EVENT'},3,{2},6.0
2e68e625,2e68e6254,2020-09-25,21,{'ROAD_CLOSED'},{'ROAD_CLOSED_EVENT'},366,{2},6.0
2e68e625,2e68e6254,2020-09-26,2,{'ROAD_CLOSED'},{'ROAD_CLOSED_EVENT'},123,{2},6.0
2e68e625,2e68e6254,2020-09-26,11,{'ROAD_CLOSED'},{'ROAD_CLOSED_EVENT'},4,{2},6.0
2e68e625,2e68e6254,2020-09-26,21,{'ROAD_CLOSED'},{'ROAD_CLOSED_EVENT'},324,{2},6.0
2e68e625,2e68e6254,2020-09-27,2,{'ROAD_CLOSED'},{'ROAD_CLOSED_EVENT'},126,{2},6.0
2e68e625,2e68e6254,2020-09-27,21,{'ROAD_CLOSED'},{'ROAD_CLOSED_EVENT'},367,{2},6.0
2e68e625,2e68e6254,2020-09-28,2,{'ROAD_CLOSED'},{'ROAD_CLOSED_EVENT'},119,{2},6.0
2e68e625,2e68e6254,2020-09-28,9,{'ROAD_CLOSED'},{'ROAD_CLOSED_EVENT'},2168,{2},6.0
2e68e625,2e68e6254,2020-09-28,21,{'ROAD_CLOSED'},{'ROAD_CLOSED_EVENT'},369,{2},6.0
2e68e625,2e68e6254,2020-09-29,2,{'ROAD_CLOSED'},{'ROAD_CLOSED_EVENT'},123,{2},6.0
2e68e625,2e68e6254,2020-09-29,9,{'ROAD_CLOSED'},{'ROAD_CLOSED_EVENT'},2164,{2},6.0
2e68e625,2e68e6254,2020-09-29,11,{'ROAD_CLOSED'},{'ROAD_CLOSED_EVENT'},2,{2},6.0
2e68e625,2e68e6254,2020-09-29,16,{'ROAD_CLOSED'},{'ROAD_CLOSED_EVENT'},2,{2},6.0
2e68e625,2e68e6254,2020-09-29,21,{'ROAD_CLOSED'},{'ROAD_CLOSED_EVENT'},369,{2},6.0
2e68e625,2e68e6254,2020-09-30,2,{'ROAD_CLOSED'},{'ROAD_CLOSED_EVENT'},112,{2},6.0
2e68e625,2e68e6254,2020-09-30,9,{'ROAD_CLOSED'},{'ROAD_CLOSED_EVENT'},2157,{2},6.0
2e68e625,2e68e6254,2020-09-30,16,{'ROAD_CLOSED'},{'ROAD_CLOSED_EVENT'},1,{2},6.0
2e68e625,2e68e6254,2020-09-30,21,{'ROAD_CLOSED'},{'ROAD_CLOSED_EVENT'},360,{2},6.0
2e68e625,2e68e6254,2020-10-01,6,{'ROAD_CLOSED'},{'ROAD_CLOSED_EVENT'},4,{2},6.0
2e68e625,2e68e6254,2020-10-01,9,{'ROAD_CLOSED'},{'ROAD_CLOSED_EVENT'},2163,{2},6.0
2e68e625,2e68e6254,2020-10-01,11,{'ROAD_CLOSED'},{'ROAD_CLOSED_EVENT'},1,{2},6.0
2e68e625,2e68e6254,2020-10-02,6,{'ROAD_CLOSED'},{'ROAD_CLOSED_EVENT'},4,{2},6.0
2e68e625,2e68e6254,2020-10-02,9,{'ROAD_CLOSED'},{'ROAD_CLOSED_EVENT'},2160,{2},6.0
2e68e625,2e68e6254,2020-10-03,6,{'ROAD_CLOSED'},{'ROAD_CLOSED_EVENT'},3,{2},6.0
2e68e625,2e68e6254,2020-10-03,9,{'ROAD_CLOSED'},{'ROAD_CLOSED_EVENT'},2168,{2},6.0
2e68e625,2e68e6254,2020-10-04,9,{'ROAD_CLOSED'},{'ROAD_CLOSED_EVENT'},2152,{2},6.0
2e68e625,2e68e6254,2020-10-05,9,{'ROAD_CLOSED'},{'ROAD_CLOSED_EVENT'},2159,{2},6.0
2e68e625,2e68e6254,2020-10-06,6,{'ROAD_CLOSED'},{'ROAD_CLOSED_EVENT'},4,{2},6.0
2e68e625,2e68e6254,2020-10-06,9,{'ROAD_CLOSED'},{'ROAD_CLOSED_EVENT'},2155,{2},6.0
2e68e625,2e68e6254,2020-10-07,6,{'ROAD_CLOSED'},{'ROAD_CLOSED_EVENT'},1,{2},6.0
2e68e625,2e68e6254,2020-10-07,9,{'ROAD_CLOSED'},{'ROAD_CLOSED_EVENT'},2150,{2},6.0
2e68e625,2e68e6254,2020-10-08,9,{'ROAD_CLOSED'},{'ROAD_CLOSED_EVENT'},2172,{2},6.0
2e68e625,2e68e6254,2020-10-09,9,{'ROAD_CLOSED'},{'ROAD_CLOSED_EVENT'},2159,{2},6.0
2e68e625,2e68e6254,2020-10-10,9,{'ROAD_CLOSED'},{'ROAD_CLOSED_EVENT'},2155,{2},6.0
2e68e625,2e68e6254,2020-10-14,16,{'JAM'},{'JAM_STAND_STILL_TRAFFIC'},64,"{1, 2}",6.046875
2e68e625,2e68e6254,2020-10-19,10,{'ROAD_CLOSED'},{'ROAD_CLOSED_EVENT'},1928,{2},6.0
2e68e625,2e68e6254,2020-10-19,12,{'JAM'},{'JAM_HEAVY_TRAFFIC'},46,{2},5.3478260869565215
2e68e625,2e68e6254,2020-10-20,10,{'ROAD_CLOSED'},{'ROAD_CLOSED_EVENT'},1928,{2},6.0
2e68e625,2e68e6254,2020-10-20,13,{'JAM'},{'JAM_STAND_STILL_TRAFFIC'},6,{2},5.0
2e68e625,2e68e6254,2020-10-21,10,{'ROAD_CLOSED'},{'ROAD_CLOSED_EVENT'},1904,{2},6.0
2e68e625,2e68e6254,2020-10-22,10,{'ROAD_CLOSED'},{'ROAD_CLOSED_EVENT'},1932,{2},6.496894409937888
2e68e625,2e68e6254,2020-10-22,18,{'JAM'},{'JAM_STAND_STILL_TRAFFIC'},32,"{1, 2}",5.40625
2e68e625,2e68e6254,2020-10-23,10,{'ROAD_CLOSED'},{'ROAD_CLOSED_EVENT'},1928,{2},6.0
2e68e625,2e68e6254,2020-10-24,6,{'ROAD_CLOSED'},{'ROAD_CLOSED_EVENT'},6,{2},6.0
2e68e625,2e68e6254,2020-10-24,10,{'ROAD_CLOSED'},{'ROAD_CLOSED_EVENT'},1920,{2},6.0
2e68e625,2e68e6254,2020-10-24,19,{'JAM'},{'JAM_HEAVY_TRAFFIC'},31,{2},5.0
2e68e625,2e68e6254,2020-10-25,10,{'ROAD_CLOSED'},{'ROAD_CLOSED_EVENT'},1928,{2},6.0
2e68e625,2e68e6254,2020-10-25,12,{'WEATHERHAZARD'},{'WEATHERHAZARD'},30,{1},5.7
2e68e625,2e68e6254,2020-10-26,10,{'ROAD_CLOSED'},{'ROAD_CLOSED_EVENT'},1937,{2},6.0
2e68e625,2e68e6254,2020-10-27,10,{'ROAD_CLOSED'},{'ROAD_CLOSED_EVENT'},1936,{2},6.0
2e68e625,2e68e6254,2020-10-28,10,{'ROAD_CLOSED'},{'ROAD_CLOSED_EVENT'},1928,{2},6.0
2e68e625,2e68e6254,2020-10-29,10,{'ROAD_CLOSED'},{'ROAD_CLOSED_EVENT'},1928,{2},6.0
2e68e625,2e68e6254,2020-10-29,18,{'JAM'},{'JAM_STAND_STILL_TRAFFIC'},49,{2},5.36734693877551
2e68e625,2e68e6254,2020-10-29,20,{'JAM'},{'JAM_HEAVY_TRAFFIC'},30,{2},5.0
2e68e625,2e68e6254,2020-10-30,10,{'ROAD_CLOSED'},{'ROAD_CLOSED_EVENT'},1940,{2},6.0
2e68e625,2e68e6254,2020-10-30,13,{'JAM'},"{'JAM_STAND_STILL_TRAFFIC', 'JAM_MODERATE_TRAFFIC'}",71,"{1, 2}",5.394366197183099
2e68e625,2e68e6254,2020-10-30,19,{'JAM'},{'JAM_STAND_STILL_TRAFFIC'},94,{2},5.0
2e68e625,2e68e6254,2020-10-30,21,{'JAM'},{'JAM'},31,{2},5.0
2e68e625,2e68e6254,2020-10-31,10,{'ROAD_CLOSED'},{'ROAD_CLOSED_EVENT'},1930,{2},6.0
2e68e625,2e68e6254,2020-10-31,11,{'JAM'},{'JAM_HEAVY_TRAFFIC'},36,{2},5.361111111111111
2e68e625,2e68e6254,2020-10-31,12,{'JAM'},{'JAM_STAND_STILL_TRAFFIC'},36,{2},5.444444444444445
2e68e625,2e68e6254,2020-10-31,13,{'JAM'},{'JAM'},30,{2},5.0
2e68e625,2e68e6254,2020-11-01,6,{'ROAD_CLOSED'},{'ROAD_CLOSED_EVENT'},5,{2},6.0
2e68e625,2e68e6254,2020-11-04,11,{'JAM'},{'JAM_STAND_STILL_TRAFFIC'},16,{2},5.0
2e68e625,2e68e6254,2020-11-07,12,{'JAM'},{'JAM_HEAVY_TRAFFIC'},31,{2},5.0
2e68e625,2e68e6254,2020-11-07,16,{'JAM'},{'JAM_STAND_STILL_TRAFFIC'},34,{2},6.235294117647059
2e68e625,2e68e6254,2020-11-07,17,{'JAM'},{'JAM_STAND_STILL_TRAFFIC'},21,{2},6.666666666666667
2e68e625,2e68e6254,2020-11-13,15,{'JAM'},{'JAM_HEAVY_TRAFFIC'},43,{2},5.4186046511627906
2e68e625,2e68e6254,2020-11-13,17,{'JAM'},{'JAM_HEAVY_TRAFFIC'},48,{2},5.0
2e68e625,2e68e6254,2020-11-13,18,{'JAM'},{'JAM_STAND_STILL_TRAFFIC'},17,{2},6.0
2e68e625,2e68e6254,2020-11-14,17,{'JAM'},"{'JAM_STAND_STILL_TRAFFIC', 'JAM_HEAVY_TRAFFIC'}",29,{2},5.0
2e68e625,2e68e6254,2020-11-18,13,{'JAM'},{'JAM_STAND_STILL_TRAFFIC'},18,{2},5.666666666666667
2e68e625,2e68e625c,2020-09-01,6,{'ROAD_CLOSED'},{'ROAD_CLOSED_EVENT'},1,{2},6.0
2e68e625,2e68e625c,2020-09-01,9,{'ROAD_CLOSED'},{'ROAD_CLOSED_EVENT'},2694,"{1, 2, 7}",6.0
2e68e625,2e68e625c,2020-09-02,9,{'ROAD_CLOSED'},{'ROAD_CLOSED_EVENT'},2709,"{1, 2, 7}",6.0
2e68e625,2e68e625c,2020-09-02,13,{'JAM'},{'JAM_MODERATE_TRAFFIC'},7,{7},5.0
2e68e625,2e68e625c,2020-09-03,9,{'ROAD_CLOSED'},{'ROAD_CLOSED_EVENT'},2700,"{1, 2, 7}",6.0
2e68e625,2e68e625c,2020-09-04,9,{'ROAD_CLOSED'},{'ROAD_CLOSED_EVENT'},2690,"{1, 2, 7}",6.0
2e68e625,2e68e625c,2020-09-05,9,{'ROAD_CLOSED'},{'ROAD_CLOSED_EVENT'},1621,"{2, 7}",6.0
2e68e625,2e68e625c,2020-09-05,20,{'JAM'},{'JAM_STAND_STILL_TRAFFIC'},32,{2},5.0
2e68e625,2e68e625c,2020-09-06,9,{'ROAD_CLOSED'},{'ROAD_CLOSED_EVENT'},228,"{2, 7}",6.0
2e68e625,2e68e625c,2020-09-07,9,{'ROAD_CLOSED'},{'ROAD_CLOSED_EVENT'},1617,"{2, 7}",6.0
2e68e625,2e68e625c,2020-09-08,9,{'ROAD_CLOSED'},{'ROAD_CLOSED_EVENT'},1623,"{2, 7}",6.0
2e68e625,2e68e625c,2020-09-09,6,{'ROAD_CLOSED'},{'ROAD_CLOSED_EVENT'},1,{2},6.0
2e68e625,2e68e625c,2020-09-09,9,{'ROAD_CLOSED'},{'ROAD_CLOSED_EVENT'},547,"{2, 7}",6.0
2e68e625,2e68e625c,2020-09-09,17,{'ROAD_CLOSED'},{'ROAD_CLOSED_EVENT'},55,{7},6.0
2e68e625,2e68e625c,2020-09-09,21,{'ROAD_CLOSED'},{'ROAD_CLOSED_EVENT'},542,{7},6.0
2e68e625,2e68e625c,2020-09-09,22,{'ROAD_CLOSED'},{'ROAD_CLOSED_EVENT'},479,{7},6.0
2e68e625,2e68e625c,2020-09-10,9,{'ROAD_CLOSED'},{'ROAD_CLOSED_EVENT'},604,"{2, 7}",6.0
2e68e625,2e68e625c,2020-09-10,21,{'ROAD_CLOSED'},{'ROAD_CLOSED_EVENT'},539,{7},6.0
2e68e625,2e68e625c,2020-09-10,22,{'ROAD_CLOSED'},{'ROAD_CLOSED_EVENT'},478,{7},6.0
2e68e625,2e68e625c,2020-09-11,6,{'ROAD_CLOSED'},{'ROAD_CLOSED_EVENT'},1,{2},6.0
2e68e625,2e68e625c,2020-09-11,9,{'ROAD_CLOSED'},{'ROAD_CLOSED_EVENT'},605,"{2, 7}",6.0
2e68e625,2e68e625c,2020-09-11,21,{'ROAD_CLOSED'},{'ROAD_CLOSED_EVENT'},1078,{7},6.0
2e68e625,2e68e625c,2020-09-12,6,{'ROAD_CLOSED'},{'ROAD_CLOSED_EVENT'},2,{2},6.0
2e68e625,2e68e625c,2020-09-12,9,{'ROAD_CLOSED'},{'ROAD_CLOSED_EVENT'},64,{7},6.0
2e68e625,2e68e625c,2020-09-12,23,{'ROAD_CLOSED'},{'ROAD_CLOSED_EVENT'},816,"{1, 7}",6.0
2e68e625,2e68e625c,2020-09-13,0,{'ROAD_CLOSED'},{'ROAD_CLOSED_EVENT'},716,"{2, 7}",6.0
2e68e625,2e68e625c,2020-09-13,6,{'ROAD_CLOSED'},{'ROAD_CLOSED_EVENT'},11,"{1, 2, 7}",6.0
2e68e625,2e68e625c,2020-09-13,9,{'ROAD_CLOSED'},{'ROAD_CLOSED_EVENT'},2283,"{1, 2, 7}",6.0
2e68e625,2e68e625c,2020-09-14,9,{'ROAD_CLOSED'},{'ROAD_CLOSED_EVENT'},2286,"{1, 2, 7}",6.0
2e68e625,2e68e625c,2020-09-15,9,{'ROAD_CLOSED'},{'ROAD_CLOSED_EVENT'},2284,"{1, 2, 7}",6.0
2e68e625,2e68e625c,2020-09-16,9,{'ROAD_CLOSED'},{'ROAD_CLOSED_EVENT'},2284,"{1, 2, 7}",6.0
2e68e625,2e68e625c,2020-09-17,9,{'ROAD_CLOSED'},{'ROAD_CLOSED_EVENT'},1578,"{1, 2, 7}",6.0
2e68e625,2e68e625c,2020-09-18,9,{'ROAD_CLOSED'},{'ROAD_CLOSED_EVENT'},2287,"{1, 2, 7}",6.0
2e68e625,2e68e625c,2020-09-18,21,{'ROAD_CLOSED'},{'ROAD_CLOSED_EVENT'},240,{7},6.0
2e68e625,2e68e625c,2020-09-19,2,{'ROAD_CLOSED'},{'ROAD_CLOSED_EVENT'},490,"{1, 2, 7}",6.0
2e68e625,2e68e625c,2020-09-19,6,{'ROAD_CLOSED'},{'ROAD_CLOSED_EVENT'},1,{7},6.0
2e68e625,2e68e625c,2020-09-19,9,{'ROAD_CLOSED'},{'ROAD_CLOSED_EVENT'},2296,"{1, 2, 7}",6.0
2e68e625,2e68e625c,2020-09-19,11,{'ROAD_CLOSED'},{'ROAD_CLOSED_EVENT'},1,{7},6.0
2e68e625,2e68e625c,2020-09-19,16,{'ROAD_CLOSED'},{'ROAD_CLOSED_EVENT'},2,{7},6.0
2e68e625,2e68e625c,2020-09-19,21,{'ROAD_CLOSED'},{'ROAD_CLOSED_EVENT'},247,{7},6.0
2e68e625,2e68e625c,2020-09-20,2,{'ROAD_CLOSED'},{'ROAD_CLOSED_EVENT'},484,"{1, 2, 7}",6.0
2e68e625,2e68e625c,2020-09-20,9,{'ROAD_CLOSED'},{'ROAD_CLOSED_EVENT'},2278,"{1, 2, 7}",6.0
2e68e625,2e68e625c,2020-09-20,21,{'ROAD_CLOSED'},{'ROAD_CLOSED_EVENT'},244,{7},6.0
2e68e625,2e68e625c,2020-09-21,2,{'ROAD_CLOSED'},{'ROAD_CLOSED_EVENT'},479,"{1, 2, 7}",6.0
2e68e625,2e68e625c,2020-09-21,6,{'ROAD_CLOSED'},{'ROAD_CLOSED_EVENT'},4,"{2, 7}",6.0
2e68e625,2e68e625c,2020-09-21,9,{'ROAD_CLOSED'},{'ROAD_CLOSED_EVENT'},2279,"{1, 2, 7}",6.0
2e68e625,2e68e625c,2020-09-21,15,{'JAM'},{'JAM_STAND_STILL_TRAFFIC'},31,{2},5.0
2e68e625,2e68e625c,2020-09-21,16,{'ROAD_CLOSED'},{'ROAD_CLOSED_EVENT'},9,"{1, 2, 7}",6.0
2e68e625,2e68e625c,2020-09-21,21,{'ROAD_CLOSED'},{'ROAD_CLOSED_EVENT'},244,{7},6.176229508196721
2e68e625,2e68e625c,2020-09-22,2,{'ROAD_CLOSED'},{'ROAD_CLOSED_EVENT'},472,"{1, 2, 7}",6.0
2e68e625,2e68e625c,2020-09-22,9,{'ROAD_CLOSED'},{'ROAD_CLOSED_EVENT'},2286,"{1, 2, 7}",6.0
2e68e625,2e68e625c,2020-09-22,21,{'ROAD_CLOSED'},{'ROAD_CLOSED_EVENT'},248,{7},6.0
2e68e625,2e68e625c,2020-09-23,2,{'ROAD_CLOSED'},{'ROAD_CLOSED_EVENT'},483,"{1, 2, 7}",6.0
2e68e625,2e68e625c,2020-09-23,6,{'ROAD_CLOSED'},{'ROAD_CLOSED_EVENT'},2,{1},6.0
2e68e625,2e68e625c,2020-09-23,9,{'ROAD_CLOSED'},{'ROAD_CLOSED_EVENT'},2280,"{1, 2, 7}",6.0
2e68e625,2e68e625c,2020-09-23,16,{'ROAD_CLOSED'},{'ROAD_CLOSED_EVENT'},5,"{1, 2, 7}",6.0
2e68e625,2e68e625c,2020-09-23,21,{'ROAD_CLOSED'},{'ROAD_CLOSED_EVENT'},246,{7},6.0
2e68e625,2e68e625c,2020-09-24,2,{'ROAD_CLOSED'},{'ROAD_CLOSED_EVENT'},493,"{1, 2, 7}",6.0
2e68e625,2e68e625c,2020-09-24,6,{'ROAD_CLOSED'},{'ROAD_CLOSED_EVENT'},1,{2},6.0
2e68e625,2e68e625c,2020-09-24,9,{'ROAD_CLOSED'},{'ROAD_CLOSED_EVENT'},2298,"{1, 2, 7}",6.0
2e68e625,2e68e625c,2020-09-24,11,{'ROAD_CLOSED'},{'ROAD_CLOSED_EVENT'},2,{7},6.0
2e68e625,2e68e625c,2020-09-24,21,{'ROAD_CLOSED'},{'ROAD_CLOSED_EVENT'},243,{7},6.0
2e68e625,2e68e625c,2020-09-25,2,{'ROAD_CLOSED'},{'ROAD_CLOSED_EVENT'},491,"{1, 2, 7}",6.0
2e68e625,2e68e625c,2020-09-25,9,{'ROAD_CLOSED'},{'ROAD_CLOSED_EVENT'},2286,"{1, 2, 7}",6.0
2e68e625,2e68e625c,2020-09-25,11,{'ROAD_CLOSED'},{'ROAD_CLOSED_EVENT'},1,{7},6.0
2e68e625,2e68e625c,2020-09-25,21,{'ROAD_CLOSED'},{'ROAD_CLOSED_EVENT'},244,{7},6.0
2e68e625,2e68e625c,2020-09-26,2,{'ROAD_CLOSED'},{'ROAD_CLOSED_EVENT'},488,"{1, 2, 7}",6.0
2e68e625,2e68e625c,2020-09-26,10,{'JAM'},{'JAM_STAND_STILL_TRAFFIC'},15,{2},5.066666666666666
2e68e625,2e68e625c,2020-09-26,11,{'ROAD_CLOSED'},{'ROAD_CLOSED_EVENT'},4,{7},6.0
2e68e625,2e68e625c,2020-09-26,16,{'ROAD_CLOSED'},{'ROAD_CLOSED_EVENT'},2,{7},6.0
2e68e625,2e68e625c,2020-09-26,21,{'ROAD_CLOSED'},{'ROAD_CLOSED_EVENT'},216,{7},6.0
2e68e625,2e68e625c,2020-09-27,2,{'ROAD_CLOSED'},{'ROAD_CLOSED_EVENT'},503,"{1, 2, 7}",6.0
2e68e625,2e68e625c,2020-09-27,21,{'ROAD_CLOSED'},{'ROAD_CLOSED_EVENT'},242,{7},6.0
2e68e625,2e68e625c,2020-09-28,2,{'ROAD_CLOSED'},{'ROAD_CLOSED_EVENT'},482,"{1, 2, 7}",6.0
2e68e625,2e68e625c,2020-09-28,9,{'ROAD_CLOSED'},{'ROAD_CLOSED_EVENT'},2168,"{1, 2, 7}",6.0
2e68e625,2e68e625c,2020-09-28,21,{'ROAD_CLOSED'},{'ROAD_CLOSED_EVENT'},246,{7},6.0
2e68e625,2e68e625c,2020-09-29,2,{'ROAD_CLOSED'},{'ROAD_CLOSED_EVENT'},491,"{1, 2, 7}",6.0
2e68e625,2e68e625c,2020-09-29,9,{'ROAD_CLOSED'},{'ROAD_CLOSED_EVENT'},2164,"{1, 2, 7}",6.0
2e68e625,2e68e625c,2020-09-29,11,{'ROAD_CLOSED'},{'ROAD_CLOSED_EVENT'},2,{7},6.0
2e68e625,2e68e625c,2020-09-29,16,{'ROAD_CLOSED'},{'ROAD_CLOSED_EVENT'},4,"{1, 2, 7}",6.0
2e68e625,2e68e625c,2020-09-29,21,{'ROAD_CLOSED'},{'ROAD_CLOSED_EVENT'},246,{7},6.0
2e68e625,2e68e625c,2020-09-30,2,{'ROAD_CLOSED'},{'ROAD_CLOSED_EVENT'},451,"{1, 2, 7}",6.0
2e68e625,2e68e625c,2020-09-30,9,{'ROAD_CLOSED'},{'ROAD_CLOSED_EVENT'},2156,"{1, 2, 7}",6.0
2e68e625,2e68e625c,2020-09-30,21,{'ROAD_CLOSED'},{'ROAD_CLOSED_EVENT'},240,{7},6.0
2e68e625,2e68e625c,2020-10-01,6,{'ROAD_CLOSED'},{'ROAD_CLOSED_EVENT'},3,"{1, 7}",6.0
2e68e625,2e68e625c,2020-10-01,9,{'ROAD_CLOSED'},{'ROAD_CLOSED_EVENT'},2162,"{1, 2, 7}",6.0
2e68e625,2e68e625c,2020-10-01,11,{'ROAD_CLOSED'},{'ROAD_CLOSED_EVENT'},2,{7},6.0
2e68e625,2e68e625c,2020-10-02,6,{'ROAD_CLOSED'},{'ROAD_CLOSED_EVENT'},2,"{1, 2}",6.0
2e68e625,2e68e625c,2020-10-02,9,{'ROAD_CLOSED'},{'ROAD_CLOSED_EVENT'},2161,"{1, 2, 7}",6.0
2e68e625,2e68e625c,2020-10-02,10,{'JAM'},{'JAM_STAND_STILL_TRAFFIC'},16,{2},5.0
2e68e625,2e68e625c,2020-10-03,6,{'ROAD_CLOSED'},{'ROAD_CLOSED_EVENT'},4,"{1, 2, 7}",6.0
2e68e625,2e68e625c,2020-10-03,9,{'ROAD_CLOSED'},{'ROAD_CLOSED_EVENT'},2168,"{1, 2, 7}",6.0
2e68e625,2e68e625c,2020-10-04,9,{'ROAD_CLOSED'},{'ROAD_CLOSED_EVENT'},2152,"{1, 2, 7}",6.0
2e68e625,2e68e625c,2020-10-04,12,{'ROAD_CLOSED'},{'ROAD_CLOSED_EVENT'},247,{7},6.0
2e68e625,2e68e625c,2020-10-04,21,{'ROAD_CLOSED'},{'ROAD_CLOSED_EVENT'},246,{7},6.0
2e68e625,2e68e625c,2020-10-05,2,{'ROAD_CLOSED'},{'ROAD_CLOSED_EVENT'},246,{7},6.0
2e68e625,2e68e625c,2020-10-05,9,{'ROAD_CLOSED'},{'ROAD_CLOSED_EVENT'},2158,"{1, 2, 7}",6.0
2e68e625,2e68e625c,2020-10-05,21,{'ROAD_CLOSED'},{'ROAD_CLOSED_EVENT'},242,{7},6.0
2e68e625,2e68e625c,2020-10-06,2,{'ROAD_CLOSED'},{'ROAD_CLOSED_EVENT'},240,{7},6.0
2e68e625,2e68e625c,2020-10-06,6,{'ROAD_CLOSED'},{'ROAD_CLOSED_EVENT'},4,"{1, 2, 7}",6.0
2e68e625,2e68e625c,2020-10-06,9,{'ROAD_CLOSED'},{'ROAD_CLOSED_EVENT'},2155,"{1, 2, 7}",6.0
2e68e625,2e68e625c,2020-10-06,16,{'ROAD_CLOSED'},{'ROAD_CLOSED_EVENT'},4,{7},6.0
2e68e625,2e68e625c,2020-10-06,21,{'ROAD_CLOSED'},{'ROAD_CLOSED_EVENT'},244,{7},6.0
2e68e625,2e68e625c,2020-10-07,2,{'ROAD_CLOSED'},{'ROAD_CLOSED_EVENT'},214,{7},6.0
2e68e625,2e68e625c,2020-10-07,6,{'ROAD_CLOSED'},{'ROAD_CLOSED_EVENT'},3,"{2, 7}",6.0
2e68e625,2e68e625c,2020-10-07,9,{'ROAD_CLOSED'},{'ROAD_CLOSED_EVENT'},2148,"{1, 2, 7}",6.0
2e68e625,2e68e625c,2020-10-07,10,{'ROAD_CLOSED'},{'ROAD_CLOSED_EVENT'},18,{2},5.0
2e68e625,2e68e625c,2020-10-07,21,{'ROAD_CLOSED'},{'ROAD_CLOSED_EVENT'},125,{7},6.0
2e68e625,2e68e625c,2020-10-08,2,{'ROAD_CLOSED'},{'ROAD_CLOSED_EVENT'},118,{7},6.0
2e68e625,2e68e625c,2020-10-08,9,{'ROAD_CLOSED'},{'ROAD_CLOSED_EVENT'},1631,"{1, 2, 7}",6.0
2e68e625,2e68e625c,2020-10-08,14,{'ROAD_CLOSED'},{'ROAD_CLOSED_EVENT'},328,"{2, 7}",5.908536585365853
2e68e625,2e68e625c,2020-10-08,21,{'ROAD_CLOSED'},{'ROAD_CLOSED_EVENT'},122,{7},6.0
2e68e625,2e68e625c,2020-10-08,22,{'ROAD_CLOSED'},{'ROAD_CLOSED_EVENT'},481,{7},6.0
2e68e625,2e68e625c,2020-10-09,2,{'ROAD_CLOSED'},{'ROAD_CLOSED_EVENT'},122,{7},6.0
2e68e625,2e68e625c,2020-10-09,9,{'ROAD_CLOSED'},{'ROAD_CLOSED_EVENT'},2156,"{1, 2, 7}",6.0
2e68e625,2e68e625c,2020-10-09,11,{'ROAD_CLOSED'},{'ROAD_CLOSED_EVENT'},1,{7},6.0
2e68e625,2e68e625c,2020-10-09,14,"{'JAM', 'ROAD_CLOSED'}","{'ROAD_CLOSED_EVENT', 'JAM_STAND_STILL_TRAFFIC'}",65,{2},5.338461538461538
2e68e625,2e68e625c,2020-10-09,16,{'ROAD_CLOSED'},{'ROAD_CLOSED_EVENT'},4,{7},6.0
2e68e625,2e68e625c,2020-10-09,21,{'ROAD_CLOSED'},{'ROAD_CLOSED_EVENT'},122,{7},6.0
2e68e625,2e68e625c,2020-10-10,2,{'ROAD_CLOSED'},{'ROAD_CLOSED_EVENT'},111,{7},6.0
2e68e625,2e68e625c,2020-10-10,9,{'ROAD_CLOSED'},{'ROAD_CLOSED_EVENT'},2153,"{1, 2, 7}",6.0
2e68e625,2e68e625c,2020-10-10,10,{'ROAD_CLOSED'},"{'ROAD_CLOSED', 'ROAD_CLOSED_EVENT'}",20,{2},5.0
2e68e625,2e68e625c,2020-10-10,15,{'JAM'},{'JAM'},30,{2},5.0
2e68e625,2e68e625c,2020-10-10,21,{'ROAD_CLOSED'},{'ROAD_CLOSED_EVENT'},122,{7},6.0
2e68e625,2e68e625c,2020-10-11,2,{'ROAD_CLOSED'},{'ROAD_CLOSED_EVENT'},122,{7},6.0
2e68e625,2e68e625c,2020-10-11,10,{'ROAD_CLOSED'},{'ROAD_CLOSED_EVENT'},962,{7},6.0
2e68e625,2e68e625c,2020-10-11,11,{'ROAD_CLOSED'},{'ROAD_CLOSED_EVENT'},2,{7},6.0
2e68e625,2e68e625c,2020-10-11,15,{'JAM'},{'JAM_STAND_STILL_TRAFFIC'},12,{2},5.0
2e68e625,2e68e625c,2020-10-11,21,{'ROAD_CLOSED'},{'ROAD_CLOSED_EVENT'},121,{7},6.0
2e68e625,2e68e625c,2020-10-12,2,{'ROAD_CLOSED'},{'ROAD_CLOSED_EVENT'},124,{7},6.0
2e68e625,2e68e625c,2020-10-12,6,{'ROAD_CLOSED'},{'ROAD_CLOSED_EVENT'},3,{7},6.0
2e68e625,2e68e625c,2020-10-12,10,{'ROAD_CLOSED'},{'ROAD_CLOSED_EVENT'},962,{7},6.0
2e68e625,2e68e625c,2020-10-12,21,{'ROAD_CLOSED'},{'ROAD_CLOSED_EVENT'},122,{7},6.0
2e68e625,2e68e625c,2020-10-13,2,{'ROAD_CLOSED'},{'ROAD_CLOSED_EVENT'},123,{7},6.0
2e68e625,2e68e625c,2020-10-13,10,{'ROAD_CLOSED'},{'ROAD_CLOSED_EVENT'},960,{7},6.0
2e68e625,2e68e625c,2020-10-13,17,{'JAM'},{'JAM_HEAVY_TRAFFIC'},32,{7},5.0
2e68e625,2e68e625c,2020-10-13,21,{'ROAD_CLOSED'},{'ROAD_CLOSED_EVENT'},120,{7},6.0
2e68e625,2e68e625c,2020-10-14,2,{'ROAD_CLOSED'},{'ROAD_CLOSED_EVENT'},123,{7},6.0
2e68e625,2e68e625c,2020-10-14,6,{'ROAD_CLOSED'},{'ROAD_CLOSED_EVENT'},1,{7},6.0
2e68e625,2e68e625c,2020-10-14,10,{'ROAD_CLOSED'},{'ROAD_CLOSED_EVENT'},962,{7},6.0
2e68e625,2e68e625c,2020-10-14,21,{'ROAD_CLOSED'},{'ROAD_CLOSED_EVENT'},122,{7},6.0
2e68e625,2e68e625c,2020-10-15,2,{'ROAD_CLOSED'},{'ROAD_CLOSED_EVENT'},98,{7},6.0
2e68e625,2e68e625c,2020-10-15,10,{'ROAD_CLOSED'},{'ROAD_CLOSED_EVENT'},961,{7},6.0
2e68e625,2e68e625c,2020-10-15,21,{'ROAD_CLOSED'},{'ROAD_CLOSED_EVENT'},122,{7},6.0
2e68e625,2e68e625c,2020-10-16,2,{'ROAD_CLOSED'},{'ROAD_CLOSED_EVENT'},122,{7},6.0
2e68e625,2e68e625c,2020-10-16,10,{'ROAD_CLOSED'},{'ROAD_CLOSED_EVENT'},966,{7},6.0
2e68e625,2e68e625c,2020-10-16,11,{'ROAD_CLOSED'},{'ROAD_CLOSED_EVENT'},1,{7},6.0
2e68e625,2e68e625c,2020-10-16,16,{'ROAD_CLOSED'},{'ROAD_CLOSED_EVENT'},1,{7},6.0
2e68e625,2e68e625c,2020-10-16,21,{'ROAD_CLOSED'},{'ROAD_CLOSED_EVENT'},121,{7},6.0
2e68e625,2e68e625c,2020-10-17,2,{'ROAD_CLOSED'},{'ROAD_CLOSED_EVENT'},122,{7},6.0
2e68e625,2e68e625c,2020-10-17,10,{'ROAD_CLOSED'},{'ROAD_CLOSED_EVENT'},970,{7},6.0
2e68e625,2e68e625c,2020-10-17,15,{'JAM'},{'JAM_STAND_STILL_TRAFFIC'},23,{2},5.739130434782608
2e68e625,2e68e625c,2020-10-17,21,{'ROAD_CLOSED'},{'ROAD_CLOSED_EVENT'},126,{7},6.0
2e68e625,2e68e625c,2020-10-18,2,{'ROAD_CLOSED'},{'ROAD_CLOSED_EVENT'},121,{7},6.0
2e68e625,2e68e625c,2020-10-18,10,{'ROAD_CLOSED'},{'ROAD_CLOSED_EVENT'},968,{7},6.0
2e68e625,2e68e625c,2020-10-18,15,"{'JAM', 'WEATHERHAZARD'}","{'HAZARD_ON_ROAD_CAR_STOPPED', 'JAM_STAND_STILL_TRAFFIC'}",56,"{1, 2}",5.0
2e68e625,2e68e625c,2020-10-18,16,{'ROAD_CLOSED'},{'ROAD_CLOSED_EVENT'},3,{7},6.0
2e68e625,2e68e625c,2020-10-18,21,{'ROAD_CLOSED'},{'ROAD_CLOSED_EVENT'},120,{7},6.0
2e68e625,2e68e625c,2020-10-19,2,{'ROAD_CLOSED'},{'ROAD_CLOSED_EVENT'},119,{7},6.0
2e68e625,2e68e625c,2020-10-19,10,{'ROAD_CLOSED'},{'ROAD_CLOSED_EVENT'},1927,"{1, 2, 7}",6.0
2e68e625,2e68e625c,2020-10-19,21,{'ROAD_CLOSED'},{'ROAD_CLOSED_EVENT'},112,{7},6.0
2e68e625,2e68e625c,2020-10-20,2,{'ROAD_CLOSED'},{'ROAD_CLOSED_EVENT'},119,{7},6.0
2e68e625,2e68e625c,2020-10-20,10,{'ROAD_CLOSED'},{'ROAD_CLOSED_EVENT'},1928,"{1, 2, 7}",6.0
2e68e625,2e68e625c,2020-10-20,14,{'JAM'},{'JAM_HEAVY_TRAFFIC'},30,{2},5.0
2e68e625,2e68e625c,2020-10-20,21,{'ROAD_CLOSED'},{'ROAD_CLOSED_EVENT'},122,{7},6.0
2e68e625,2e68e625c,2020-10-21,2,{'ROAD_CLOSED'},{'ROAD_CLOSED_EVENT'},122,{7},6.0
2e68e625,2e68e625c,2020-10-21,10,{'ROAD_CLOSED'},{'ROAD_CLOSED_EVENT'},1904,"{1, 2, 7}",6.0
2e68e625,2e68e625c,2020-10-21,15,{'JAM'},{'JAM_STAND_STILL_TRAFFIC'},14,{2},5.785714285714286
2e68e625,2e68e625c,2020-10-21,21,{'ROAD_CLOSED'},{'ROAD_CLOSED_EVENT'},115,{7},6.0
2e68e625,2e68e625c,2020-10-22,2,{'ROAD_CLOSED'},{'ROAD_CLOSED_EVENT'},120,{7},6.0
2e68e625,2e68e625c,2020-10-22,6,{'ROAD_CLOSED'},{'ROAD_CLOSED_EVENT'},1,{7},6.0
2e68e625,2e68e625c,2020-10-22,10,"{'JAM', 'ROAD_CLOSED', 'WEATHERHAZARD'}","{'WEATHERHAZARD', 'JAM_STAND_STILL_TRAFFIC', 'ROAD_CLOSED_EVENT'}",1989,"{1, 2, 7}",6.497234791352438
2e68e625,2e68e625c,2020-10-22,15,{'JAM'},{'JAM_STAND_STILL_TRAFFIC'},25,{2},6.0
2e68e625,2e68e625c,2020-10-22,21,{'ROAD_CLOSED'},{'ROAD_CLOSED_EVENT'},123,{7},6.0
2e68e625,2e68e625c,2020-10-23,2,{'ROAD_CLOSED'},{'ROAD_CLOSED_EVENT'},123,{7},6.0
2e68e625,2e68e625c,2020-10-23,10,{'ROAD_CLOSED'},{'ROAD_CLOSED_EVENT'},1929,"{1, 2, 7}",6.0
2e68e625,2e68e625c,2020-10-23,21,{'ROAD_CLOSED'},{'ROAD_CLOSED_EVENT'},121,{7},6.0
2e68e625,2e68e625c,2020-10-24,2,{'ROAD_CLOSED'},{'ROAD_CLOSED_EVENT'},121,{7},6.0
2e68e625,2e68e625c,2020-10-24,6,{'ROAD_CLOSED'},{'ROAD_CLOSED_EVENT'},11,"{1, 2, 7}",6.0
2e68e625,2e68e625c,2020-10-24,10,{'ROAD_CLOSED'},{'ROAD_CLOSED_EVENT'},1920,"{1, 2, 7}",6.0
2e68e625,2e68e625c,2020-10-24,14,{'JAM'},{'JAM_STAND_STILL_TRAFFIC'},46,{2},6.565217391304348
2e68e625,2e68e625c,2020-10-24,16,{'ROAD_CLOSED'},{'ROAD_CLOSED_EVENT'},2,{7},6.0
2e68e625,2e68e625c,2020-10-24,21,{'ROAD_CLOSED'},{'ROAD_CLOSED_EVENT'},122,{7},6.0
2e68e625,2e68e625c,2020-10-25,2,{'ROAD_CLOSED'},{'ROAD_CLOSED_EVENT'},122,{7},6.0
2e68e625,2e68e625c,2020-10-25,10,"{'JAM', 'ROAD_CLOSED'}","{'ROAD_CLOSED_EVENT', 'JAM_MODERATE_TRAFFIC'}",1954,"{1, 2, 7}",5.987717502558854
2e68e625,2e68e625c,2020-10-25,21,{'ROAD_CLOSED'},{'ROAD_CLOSED_EVENT'},122,{7},6.0
2e68e625,2e68e625c,2020-10-26,2,{'ROAD_CLOSED'},{'ROAD_CLOSED_EVENT'},122,{7},6.0
2e68e625,2e68e625c,2020-10-26,10,"{'JAM', 'ROAD_CLOSED'}","{'JAM_STAND_STILL_TRAFFIC', 'ROAD_CLOSED_EVENT'}",1982,"{1, 2, 7}",5.984863773965691
2e68e625,2e68e625c,2020-10-26,16,{'ROAD_CLOSED'},{'ROAD_CLOSED_EVENT'},3,{7},6.0
2e68e625,2e68e625c,2020-10-26,21,{'ROAD_CLOSED'},{'ROAD_CLOSED_EVENT'},121,{7},6.0
2e68e625,2e68e625c,2020-10-27,2,{'ROAD_CLOSED'},{'ROAD_CLOSED_EVENT'},117,{7},6.0
2e68e625,2e68e625c,2020-10-27,10,{'ROAD_CLOSED'},{'ROAD_CLOSED_EVENT'},1938,"{1, 2, 7}",6.0
2e68e625,2e68e625c,2020-10-27,12,{'ROAD_CLOSED'},{'ROAD_CLOSED_EVENT'},353,{7},6.0
2e68e625,2e68e625c,2020-10-27,13,{'ROAD_CLOSED'},{'ROAD_CLOSED_EVENT'},965,{7},6.0
2e68e625,2e68e625c,2020-10-27,14,{'JAM'},{'JAM_HEAVY_TRAFFIC'},32,{2},5.96875
2e68e625,2e68e625c,2020-10-27,16,{'ROAD_CLOSED'},{'ROAD_CLOSED_EVENT'},8,{7},6.0
2e68e625,2e68e625c,2020-10-27,21,{'ROAD_CLOSED'},{'ROAD_CLOSED_EVENT'},480,{7},6.0
2e68e625,2e68e625c,2020-10-28,2,{'ROAD_CLOSED'},{'ROAD_CLOSED_EVENT'},470,{7},6.0
2e68e625,2e68e625c,2020-10-28,9,{'ROAD_CLOSED'},{'ROAD_CLOSED_EVENT'},964,{7},6.0
2e68e625,2e68e625c,2020-10-28,10,{'ROAD_CLOSED'},{'ROAD_CLOSED_EVENT'},1928,"{1, 2, 7}",6.0
2e68e625,2e68e625c,2020-10-28,16,{'ROAD_CLOSED'},{'ROAD_CLOSED_EVENT'},8,{7},6.0
2e68e625,2e68e625c,2020-10-28,21,{'ROAD_CLOSED'},{'ROAD_CLOSED_EVENT'},441,{7},6.0
2e68e625,2e68e625c,2020-10-29,2,{'ROAD_CLOSED'},{'ROAD_CLOSED_EVENT'},484,{7},6.0
2e68e625,2e68e625c,2020-10-29,9,{'ROAD_CLOSED'},{'ROAD_CLOSED_EVENT'},968,{7},6.0
2e68e625,2e68e625c,2020-10-29,10,{'ROAD_CLOSED'},{'ROAD_CLOSED_EVENT'},1930,"{1, 2, 7}",6.0
2e68e625,2e68e625c,2020-10-29,17,{'JAM'},{'JAM_STAND_STILL_TRAFFIC'},9,{2},5.0
2e68e625,2e68e625c,2020-10-29,18,{'JAM'},"{'JAM_STAND_STILL_TRAFFIC', 'JAM_MODERATE_TRAFFIC'}",122,{7},6.10655737704918
2e68e625,2e68e625c,2020-10-29,21,{'ROAD_CLOSED'},{'ROAD_CLOSED_EVENT'},488,{7},6.0
2e68e625,2e68e625c,2020-10-30,2,{'ROAD_CLOSED'},{'ROAD_CLOSED_EVENT'},485,{7},6.0
2e68e625,2e68e625c,2020-10-30,9,{'ROAD_CLOSED'},{'ROAD_CLOSED_EVENT'},968,{7},6.0
2e68e625,2e68e625c,2020-10-30,10,{'ROAD_CLOSED'},{'ROAD_CLOSED_EVENT'},1927,"{1, 2, 7}",6.0
2e68e625,2e68e625c,2020-10-30,11,{'JAM'},{'JAM_STAND_STILL_TRAFFIC'},10,{2},5.0
2e68e625,2e68e625c,2020-10-30,14,{'JAM'},{'JAM_MODERATE_TRAFFIC'},7,{7},5.0
2e68e625,2e68e625c,2020-10-30,16,{'ROAD_CLOSED'},{'ROAD_CLOSED_EVENT'},2,{7},6.0
2e68e625,2e68e625c,2020-10-30,21,{'ROAD_CLOSED'},{'ROAD_CLOSED_EVENT'},472,{7},6.0
2e68e625,2e68e625c,2020-10-31,2,{'ROAD_CLOSED'},{'ROAD_CLOSED_EVENT'},491,{7},6.0
2e68e625,2e68e625c,2020-10-31,9,{'ROAD_CLOSED'},{'ROAD_CLOSED_EVENT'},960,{7},6.0
2e68e625,2e68e625c,2020-10-31,10,{'ROAD_CLOSED'},{'ROAD_CLOSED_EVENT'},1930,"{1, 2, 7}",6.0
2e68e625,2e68e625c,2020-10-31,21,{'JAM'},{'JAM_HEAVY_TRAFFIC'},29,{2},5.0
2e68e625,2e68e625c,2020-11-01,6,{'ROAD_CLOSED'},{'ROAD_CLOSED_EVENT'},5,"{2, 7}",6.0
2e68e625,2e68e625c,2020-11-02,17,{'JAM'},{'JAM_MODERATE_TRAFFIC'},12,{7},5.0
2e68e625,2e68e625c,2020-11-04,12,{'JAM'},{'JAM_STAND_STILL_TRAFFIC'},14,{2},5.928571428571429
2e68e625,2e68e625c,2020-11-07,20,{'JAM'},{'JAM_STAND_STILL_TRAFFIC'},42,{2},5.928571428571429
2e68e625,2e68e625c,2020-11-08,19,{'JAM'},{'JAM_HEAVY_TRAFFIC'},43,{2},5.348837209302325
2e68e625,2e68e625c,2020-11-12,16,{'JAM'},{'JAM_MODERATE_TRAFFIC'},31,{7},5.0
2e68e625,2e68e625c,2020-11-21,20,{'JAM'},{'JAM_STAND_STILL_TRAFFIC'},33,{2},6.303030303030303
2e68e627,2e68e626c,2020-09-02,13,{'JAM'},{'JAM_STAND_STILL_TRAFFIC'},26,{7},5.538461538461538
2e68e627,2e68e626c,2020-09-04,15,{'JAM'},{'JAM_HEAVY_TRAFFIC'},9,{2},5.0
2e68e627,2e68e626c,2020-09-20,14,{'JAM'},{'JAM_STAND_STILL_TRAFFIC'},32,{1},5.0
2e68e627,2e68e626c,2020-10-04,15,{'JAM'},{'JAM_MODERATE_TRAFFIC'},30,{2},5.0
2e68e627,2e68e626c,2020-10-10,10,{'JAM'},{'JAM_MODERATE_TRAFFIC'},32,{1},5.0
2e68e627,2e68e626c,2020-10-11,14,{'JAM'},{'JAM_HEAVY_TRAFFIC'},30,{2},5.0
2e68e627,2e68e626c,2020-10-11,15,{'JAM'},{'JAM_HEAVY_TRAFFIC'},37,{2},5.405405405405405
2e68e627,2e68e626c,2020-10-14,15,{'JAM'},{'JAM_STAND_STILL_TRAFFIC'},15,{1},5.0
2e68e627,2e68e626c,2020-10-18,15,{'JAM'},{'JAM_STAND_STILL_TRAFFIC'},33,{1},5.0
2e68e627,2e68e626c,2020-10-23,16,{'JAM'},{'JAM_HEAVY_TRAFFIC'},31,{7},6.516129032258065
2e68e627,2e68e626c,2020-10-24,10,{'JAM'},{'JAM_HEAVY_TRAFFIC'},23,{2},5.956521739130435
2e68e627,2e68e626c,2020-10-28,11,{'JAM'},{'JAM_MODERATE_TRAFFIC'},24,{7},5.333333333333333
2e68e627,2e68e626c,2020-10-30,12,{'JAM'},{'JAM_STAND_STILL_TRAFFIC'},42,{2},6.261904761904762
2e68e627,2e68e626c,2020-10-31,11,{'JAM'},{'JAM_MODERATE_TRAFFIC'},27,{2},5.0
2e68e627,2e68e626c,2020-11-11,16,{'JAM'},{'JAM_STAND_STILL_TRAFFIC'},25,{2},5.44
2e68e627,2e68e626c,2020-11-14,17,{'WEATHERHAZARD'},{'WEATHERHAZARD'},30,{7},5.4
2e68e627,2e68e626c,2020-11-21,20,{'JAM'},"{'JAM_STAND_STILL_TRAFFIC', 'JAM_HEAVY_TRAFFIC'}",71,{2},5.830985915492958
2e68e627,2e68e6274,2020-09-25,13,{'JAM'},{'JAM_HEAVY_TRAFFIC'},32,{2},5.78125
2e68e627,2e68e6274,2020-10-19,5,"{'JAM', 'ACCIDENT'}","{'JAM_STAND_STILL_TRAFFIC', 'ACCIDENT'}",154,{17},5.0
2e68e627,2e68e627c,2020-09-25,16,{'JAM'},{'JAM_HEAVY_TRAFFIC'},6,{1},5.0
2e68e627,2e68e627c,2020-10-10,14,{'JAM'},{'JAM_STAND_STILL_TRAFFIC'},25,{2},5.0
2e68e627,2e68e627c,2020-10-22,15,{'JAM'},{'JAM_STAND_STILL_TRAFFIC'},32,{2},5.96875
2e68e627,2e68e627c,2020-10-24,10,{'JAM'},{'JAM_HEAVY_TRAFFIC'},31,{2},5.548387096774194
2e68e627,2e68e627c,2020-10-25,10,{'JAM'},{'JAM_MODERATE_TRAFFIC'},26,{2},5.0
2e68e629,2e68e6284,2020-09-21,14,{'WEATHERHAZARD'},{'WEATHERHAZARD'},31,{1},5.0
2e68e629,2e68e6284,2020-09-25,16,{'JAM'},{'JAM_HEAVY_TRAFFIC'},31,{1},5.0
2e68e629,2e68e6284,2020-10-10,14,{'JAM'},{'JAM_STAND_STILL_TRAFFIC'},35,{7},5.457142857142857
2e68e629,2e68e6284,2020-10-16,15,{'JAM'},{'JAM_MODERATE_TRAFFIC'},9,{7},5.0
2e68e629,2e68e6284,2020-11-14,20,{'JAM'},{'JAM_MODERATE_TRAFFIC'},30,{1},5.0
2e68e629,2e68e628c,2020-09-03,15,{'JAM'},"{'JAM_STAND_STILL_TRAFFIC', 'JAM_HEAVY_TRAFFIC'}",32,{7},5.0
2e68e629,2e68e628c,2020-09-18,18,{'JAM'},{'JAM_STAND_STILL_TRAFFIC'},32,{2},5.0
2e68e629,2e68e628c,2020-09-21,9,{'JAM'},{'JAM_MODERATE_TRAFFIC'},14,{7},5.0
2e68e629,2e68e628c,2020-09-24,15,{'JAM'},{'JAM_HEAVY_TRAFFIC'},37,{7},5.0
2e68e629,2e68e628c,2020-09-26,14,{'JAM'},{'JAM_HEAVY_TRAFFIC'},30,{7},5.0
2e68e629,2e68e628c,2020-10-10,16,{'JAM'},{'JAM_HEAVY_TRAFFIC'},18,{2},5.0
2e68e629,2e68e628c,2020-10-16,9,{'JAM'},{'JAM'},8,{7},5.0
2e68e629,2e68e628c,2020-10-20,16,{'JAM'},{'JAM_HEAVY_TRAFFIC'},28,{7},5.0
2e68e629,2e68e628c,2020-10-23,17,{'JAM'},{'JAM_MODERATE_TRAFFIC'},30,{7},5.0
2e68e629,2e68e628c,2020-10-26,14,{'JAM'},{'JAM_HEAVY_TRAFFIC'},55,{2},5.8
2e68e629,2e68e628c,2020-10-29,20,{'JAM'},{'JAM_STAND_STILL_TRAFFIC'},34,{7},5.970588235294118
2e68e629,2e68e628c,2020-10-30,10,{'JAM'},{'JAM_HEAVY_TRAFFIC'},6,{7},5.0
2e68e629,2e68e628c,2020-10-31,14,{'JAM'},{'JAM_HEAVY_TRAFFIC'},30,{2},5.766666666666667
2e68e629,2e68e628c,2020-11-06,22,{'WEATHERHAZARD'},{'WEATHERHAZARD'},8,{7},5.625
2e68e629,2e68e628c,2020-11-21,17,{'ACCIDENT'},{'ACCIDENT_MAJOR'},1,{7},6.0
2e68e629,2e68e6294,2020-09-18,15,{'JAM'},{'JAM_STAND_STILL_TRAFFIC'},30,{2},5.0
2e68e629,2e68e6294,2020-09-22,10,{'JAM'},{'JAM_HEAVY_TRAFFIC'},16,{2},5.0
2e68e629,2e68e6294,2020-10-02,14,{'JAM'},{'JAM_STAND_STILL_TRAFFIC'},32,{2},5.0
2e68e629,2e68e6294,2020-10-09,10,{'JAM'},{'JAM_STAND_STILL_TRAFFIC'},30,{2},5.0
2e68e629,2e68e6294,2020-10-12,14,{'JAM'},{'JAM'},33,{2},5.0
2e68e629,2e68e6294,2020-10-16,16,{'JAM'},{'JAM_STAND_STILL_TRAFFIC'},29,{2},5.206896551724138
2e68e629,2e68e6294,2020-10-22,10,{'JAM'},{'JAM_HEAVY_TRAFFIC'},26,{2},5.653846153846154
2e68e629,2e68e6294,2020-10-23,15,{'JAM'},{'JAM_STAND_STILL_TRAFFIC'},42,{2},6.095238095238095
2e68e629,2e68e6294,2020-10-24,14,{'JAM'},{'JAM_STAND_STILL_TRAFFIC'},60,"{1, 2}",5.0
2e68e629,2e68e6294,2020-10-28,11,{'JAM'},{'JAM_MODERATE_TRAFFIC'},30,{2},5.0
2e68e629,2e68e629c,2020-09-03,15,{'JAM'},{'JAM_HEAVY_TRAFFIC'},33,{7},5.0
2e68e629,2e68e629c,2020-09-14,17,{'JAM'},{'JAM_HEAVY_TRAFFIC'},6,{7},5.833333333333333
2e68e629,2e68e629c,2020-09-22,10,{'JAM'},{'JAM_STAND_STILL_TRAFFIC'},9,{2},5.0
2e68e629,2e68e629c,2020-09-25,14,{'JAM'},{'JAM_HEAVY_TRAFFIC'},32,{7},5.5
2e68e629,2e68e629c,2020-10-05,14,{'JAM'},{'JAM_STAND_STILL_TRAFFIC'},6,{7},5.0
2e68e629,2e68e629c,2020-10-06,10,{'JAM'},{'JAM_STAND_STILL_TRAFFIC'},29,{2},5.0
2e68e629,2e68e629c,2020-10-07,10,{'JAM'},{'JAM_HEAVY_TRAFFIC'},31,{2},5.0
2e68e629,2e68e629c,2020-10-09,16,{'JAM'},{'JAM_STAND_STILL_TRAFFIC'},28,{7},6.607142857142857
2e68e629,2e68e629c,2020-10-15,15,{'JAM'},{'JAM_HEAVY_TRAFFIC'},31,{2},5.838709677419355
2e68e629,2e68e629c,2020-10-17,15,{'JAM'},{'JAM_STAND_STILL_TRAFFIC'},30,{7},5.0
2e68e629,2e68e629c,2020-10-22,14,{'JAM'},{'JAM_STAND_STILL_TRAFFIC'},52,{2},5.903846153846154
2e68e629,2e68e629c,2020-10-26,16,{'JAM'},{'JAM_STAND_STILL_TRAFFIC'},31,{7},5.0
2e68e629,2e68e629c,2020-10-27,15,{'JAM'},{'JAM_STAND_STILL_TRAFFIC'},33,{7},6.454545454545454
2e68e629,2e68e629c,2020-10-31,14,{'JAM'},{'JAM_STAND_STILL_TRAFFIC'},39,{7},5.384615384615385
2e68e629,2e68e629c,2020-11-03,17,{'JAM'},{'JAM_HEAVY_TRAFFIC'},31,{7},5.0
2e68e629,2e68e629c,2020-11-04,15,{'JAM'},{'JAM_STAND_STILL_TRAFFIC'},40,{7},5.0
2e68e62b,2e68e62a4,2020-09-12,12,{'JAM'},{'JAM_MODERATE_TRAFFIC'},20,{7},5.0
2e68e62b,2e68e62a4,2020-09-12,15,{'JAM'},{'JAM'},30,{7},5.0
2e68e62b,2e68e62ac,2020-09-18,16,{'JAM'},{'JAM_STAND_STILL_TRAFFIC'},33,{2},6.575757575757576
2e68e62b,2e68e62ac,2020-10-02,18,{'JAM'},{'JAM_STAND_STILL_TRAFFIC'},10,{2},5.0
2e68e62b,2e68e62ac,2020-10-26,14,{'JAM'},{'JAM_HEAVY_TRAFFIC'},30,{2},5.0
2e68e62b,2e68e62ac,2020-10-26,15,{'JAM'},{'JAM_HEAVY_TRAFFIC'},53,{2},6.528301886792453
2e68e62b,2e68e62ac,2020-10-26,16,{'ACCIDENT'},{'ACCIDENT'},16,{2},5.9375
2e68e62b,2e68e62ac,2020-11-01,16,{'JAM'},{'JAM_HEAVY_TRAFFIC'},32,{2},5.0
2e68e62b,2e68e62ac,2020-11-11,10,{'WEATHERHAZARD'},{'HAZARD_ON_ROAD_POT_HOLE'},3183,{1},7.010681746779768
2e68e62b,2e68e62b4,2020-09-25,16,{'JAM'},{'JAM_STAND_STILL_TRAFFIC'},31,{2},5.516129032258065
2e68e62b,2e68e62b4,2020-11-02,17,{'JAM'},"{'JAM_MODERATE_TRAFFIC', 'JAM_HEAVY_TRAFFIC'}",40,{2},6.25
2e68e62b,2e68e62b4,2020-11-07,21,{'JAM'},{'JAM_STAND_STILL_TRAFFIC'},32,{2},5.625
2e68e62b,2e68e62b4,2020-11-12,10,{'JAM'},{'JAM_STAND_STILL_TRAFFIC'},13,{2},5.384615384615385
2e68e62b,2e68e62b4,2020-11-18,16,{'JAM'},{'JAM_STAND_STILL_TRAFFIC'},12,{2},5.0
2e68e62b,2e68e62bc,2020-09-13,20,{'WEATHERHAZARD'},{'WEATHERHAZARD'},30,{2},5.0
2e68e62b,2e68e62bc,2020-09-17,16,{'JAM'},{'JAM_STAND_STILL_TRAFFIC'},37,"{2, 7}",5.0
2e68e62b,2e68e62bc,2020-09-26,10,{'JAM'},{'JAM_HEAVY_TRAFFIC'},31,{2},5.516129032258065
2e68e62b,2e68e62bc,2020-09-28,16,{'JAM'},{'JAM_STAND_STILL_TRAFFIC'},35,{7},5.171428571428572
2e68e62b,2e68e62bc,2020-10-02,14,{'JAM'},{'JAM_STAND_STILL_TRAFFIC'},31,{7},5.0
2e68e62b,2e68e62bc,2020-10-04,14,{'JAM'},{'JAM_STAND_STILL_TRAFFIC'},40,{7},5.375
2e68e62b,2e68e62bc,2020-10-13,14,{'JAM'},{'JAM_HEAVY_TRAFFIC'},30,{7},5.0
2e68e62b,2e68e62bc,2020-10-14,10,{'JAM'},{'JAM_STAND_STILL_TRAFFIC'},5,{2},5.0
2e68e62b,2e68e62bc,2020-10-16,11,{'JAM'},{'JAM_STAND_STILL_TRAFFIC'},34,{7},5.264705882352941
2e68e62b,2e68e62bc,2020-10-19,16,{'JAM'},{'JAM_STAND_STILL_TRAFFIC'},31,{2},5.0
2e68e62b,2e68e62bc,2020-10-20,14,{'JAM'},{'JAM_STAND_STILL_TRAFFIC'},31,{7},5.0
2e68e62b,2e68e62bc,2020-10-22,10,{'JAM'},{'JAM_HEAVY_TRAFFIC'},31,{7},5.741935483870968
2e68e62b,2e68e62bc,2020-10-23,9,{'JAM'},{'JAM_STAND_STILL_TRAFFIC'},13,{7},5.0
2e68e62b,2e68e62bc,2020-10-24,14,{'JAM'},{'JAM_STAND_STILL_TRAFFIC'},34,{7},5.470588235294118
2e68e62b,2e68e62bc,2020-10-26,9,{'JAM'},{'JAM_STAND_STILL_TRAFFIC'},29,{7},6.0
2e68e62b,2e68e62bc,2020-10-26,14,{'JAM'},{'JAM_STAND_STILL_TRAFFIC'},32,{2},5.78125
2e68e62b,2e68e62bc,2020-10-26,15,{'JAM'},{'JAM_STAND_STILL_TRAFFIC'},31,{2},5.0
2e68e62b,2e68e62bc,2020-10-30,21,{'JAM'},{'JAM_STAND_STILL_TRAFFIC'},31,{7},5.0
2e68e62b,2e68e62bc,2020-10-31,9,{'JAM'},{'JAM'},31,{7},5.0
2e68e62b,2e68e62bc,2020-10-31,14,{'JAM'},{'JAM_STAND_STILL_TRAFFIC'},40,{2},5.4
2e68e62b,2e68e62bc,2020-11-06,17,{'JAM'},{'JAM_STAND_STILL_TRAFFIC'},6,{7},5.0
2e68e62b,2e68e62bc,2020-11-07,18,{'JAM'},{'JAM'},5,{7},5.0
2e68e62b,2e68e62bc,2020-11-12,16,{'JAM'},{'JAM_STAND_STILL_TRAFFIC'},32,{7},5.0
2e68e62b,2e68e62bc,2020-11-13,16,{'JAM'},{'JAM_STAND_STILL_TRAFFIC'},6,{2},5.0
2e68e62b,2e68e62bc,2020-11-14,10,{'JAM'},{'JAM_HEAVY_TRAFFIC'},39,{2},5.897435897435898
2e68e62b,2e68e62bc,2020-11-17,16,{'JAM'},{'JAM_STAND_STILL_TRAFFIC'},10,{7},5.0
2e68e62d,2e68e62c4,2020-09-02,13,{'JAM'},{'JAM_MODERATE_TRAFFIC'},8,{2},5.0
2e68e62d,2e68e62c4,2020-09-04,14,{'JAM'},{'JAM_HEAVY_TRAFFIC'},31,{2},6.516129032258065
2e68e62d,2e68e62c4,2020-09-05,16,{'JAM'},{'JAM_STAND_STILL_TRAFFIC'},36,{2},6.055555555555555
2e68e62d,2e68e62c4,2020-09-06,11,{'JAM'},{'JAM'},31,{7},5.0
2e68e62d,2e68e62c4,2020-09-06,13,{'JAM'},{'JAM_STAND_STILL_TRAFFIC'},30,{7},5.0
2e68e62d,2e68e62c4,2020-09-12,14,{'JAM'},{'JAM_HEAVY_TRAFFIC'},31,{7},5.0
2e68e62d,2e68e62c4,2020-09-12,15,{'JAM'},{'JAM_HEAVY_TRAFFIC'},31,{2},6.612903225806452
2e68e62d,2e68e62c4,2020-09-13,11,{'JAM'},{'JAM'},30,{7},5.0
2e68e62d,2e68e62c4,2020-09-23,15,{'JAM'},{'JAM_HEAVY_TRAFFIC'},39,{7},5.384615384615385
2e68e62d,2e68e62c4,2020-09-25,9,{'JAM'},{'JAM'},7,{7},5.0
2e68e62d,2e68e62c4,2020-09-25,16,{'JAM'},{'JAM_STAND_STILL_TRAFFIC'},72,{2},5.25
2e68e62d,2e68e62c4,2020-09-26,12,{'JAM'},{'JAM'},29,{7},5.0
2e68e62d,2e68e62c4,2020-10-02,15,{'JAM'},{'JAM_HEAVY_TRAFFIC'},29,{2},5.931034482758621
2e68e62d,2e68e62c4,2020-10-03,10,{'WEATHERHAZARD'},{'WEATHERHAZARD'},30,{2},5.0
2e68e62d,2e68e62c4,2020-10-03,13,{'JAM'},{'JAM_HEAVY_TRAFFIC'},8,{7},5.625
2e68e62d,2e68e62c4,2020-10-06,16,{'JAM'},{'JAM'},30,{2},5.0
2e68e62d,2e68e62c4,2020-10-09,14,{'JAM'},{'JAM_STAND_STILL_TRAFFIC'},39,{7},6.051282051282051
2e68e62d,2e68e62c4,2020-10-19,15,{'JAM'},{'JAM_STAND_STILL_TRAFFIC'},30,{2},6.333333333333333
2e68e62d,2e68e62c4,2020-10-20,13,{'JAM'},{'JAM_STAND_STILL_TRAFFIC'},20,{7},5.0
2e68e62d,2e68e62c4,2020-10-21,8,{'JAM'},{'JAM_HEAVY_TRAFFIC'},18,{2},6.333333333333333
2e68e62d,2e68e62c4,2020-10-21,14,{'JAM'},{'JAM_MODERATE_TRAFFIC'},32,{2},5.0
2e68e62d,2e68e62c4,2020-10-22,11,{'JAM'},{'JAM_HEAVY_TRAFFIC'},5,{2},5.0
2e68e62d,2e68e62c4,2020-10-22,17,{'JAM'},"{'JAM_STAND_STILL_TRAFFIC', 'JAM_HEAVY_TRAFFIC'}",38,{2},5.7894736842105265
2e68e62d,2e68e62c4,2020-10-23,16,{'JAM'},{'JAM_STAND_STILL_TRAFFIC'},31,{2},5.741935483870968
2e68e62d,2e68e62c4,2020-10-24,13,{'JAM'},{'JAM_MODERATE_TRAFFIC'},30,{2},5.0
2e68e62d,2e68e62c4,2020-10-25,0,{'WEATHERHAZARD'},{'WEATHERHAZARD'},31,{2},5.709677419354839
2e68e62d,2e68e62c4,2020-10-27,13,{'JAM'},{'JAM_HEAVY_TRAFFIC'},34,{7},6.705882352941177
2e68e62d,2e68e62c4,2020-10-31,14,{'JAM'},{'JAM_STAND_STILL_TRAFFIC'},30,{2},5.7
2e68e62d,2e68e62c4,2020-11-01,13,{'JAM'},{'JAM_MODERATE_TRAFFIC'},8,{7},5.0
2e68e62d,2e68e62c4,2020-11-02,17,{'JAM'},{'JAM_MODERATE_TRAFFIC'},7,{2},5.0
2e68e62d,2e68e62c4,2020-11-05,7,{'ACCIDENT'},{'ACCIDENT_MINOR'},120,{2},5.641666666666667
2e68e62d,2e68e62c4,2020-11-05,17,{'JAM'},{'JAM_HEAVY_TRAFFIC'},28,{2},5.0
2e68e62d,2e68e62c4,2020-11-06,14,{'JAM'},{'JAM_HEAVY_TRAFFIC'},31,{2},5.0
2e68e62d,2e68e62c4,2020-11-07,10,{'JAM'},{'JAM_MODERATE_TRAFFIC'},32,{2},5.0
2e68e62d,2e68e62c4,2020-11-15,13,{'JAM'},{'JAM'},3,{2},7.0
2e68e62d,2e68e62c4,2020-11-17,11,{'WEATHERHAZARD'},{'HAZARD_ON_ROAD_CONSTRUCTION'},154,{2},7.5519480519480515
2e68e62d,2e68e62c4,2020-11-22,14,{'JAM'},{'JAM_HEAVY_TRAFFIC'},2,{2},5.0
2e68e62d,2e68e62cc,2020-09-03,17,{'JAM'},{'JAM_MODERATE_TRAFFIC'},31,{7},5.0
2e68e62d,2e68e62cc,2020-10-16,13,{'JAM'},{'JAM'},20,{7},5.95
2e68e62d,2e68e62cc,2020-10-20,13,{'JAM'},{'JAM_HEAVY_TRAFFIC'},31,{2},6.903225806451613
2e68e62d,2e68e62cc,2020-10-26,15,{'JAM'},{'JAM_STAND_STILL_TRAFFIC'},44,{2},5.340909090909091
2e68e62d,2e68e62cc,2020-10-30,13,{'JAM'},{'JAM_MODERATE_TRAFFIC'},30,{7},6.0
2e68e62d,2e68e62cc,2020-11-02,17,{'JAM'},{'JAM_STAND_STILL_TRAFFIC'},18,{2},6.0
2e68e62d,2e68e62cc,2020-11-09,13,{'JAM'},{'JAM_STAND_STILL_TRAFFIC'},16,{2},5.0
2e68e62d,2e68e62cc,2020-11-17,17,{'JAM'},{'JAM_HEAVY_TRAFFIC'},24,{7},5.0
2e68e62d,2e68e62d4,2020-09-20,16,{'JAM'},{'JAM_HEAVY_TRAFFIC'},34,{1},5.0
2e68e62d,2e68e62d4,2020-11-05,16,{'JAM'},{'JAM'},30,{1},5.0
2e68e62d,2e68e62dc,2020-09-03,17,{'JAM'},"{'JAM_STAND_STILL_TRAFFIC', 'JAM_HEAVY_TRAFFIC'}",72,{2},5.916666666666667
2e68e62d,2e68e62dc,2020-09-03,18,{'JAM'},{'JAM_STAND_STILL_TRAFFIC'},31,{2},5.0
2e68e62d,2e68e62dc,2020-09-06,13,{'JAM'},{'JAM_HEAVY_TRAFFIC'},29,{2},5.0
2e68e62d,2e68e62dc,2020-09-11,12,{'JAM'},{'JAM_STAND_STILL_TRAFFIC'},32,{7},6.09375
2e68e62d,2e68e62dc,2020-09-11,20,{'JAM'},{'JAM_MODERATE_TRAFFIC'},30,{7},5.0
2e68e62d,2e68e62dc,2020-09-12,14,{'JAM'},{'JAM_STAND_STILL_TRAFFIC'},31,{7},5.0
2e68e62d,2e68e62dc,2020-09-13,19,{'JAM'},{'JAM'},7,{2},5.0
2e68e62d,2e68e62dc,2020-09-25,16,{'JAM'},{'JAM_HEAVY_TRAFFIC'},32,{7},5.0
2e68e62d,2e68e62dc,2020-09-25,17,{'JAM'},{'JAM_STAND_STILL_TRAFFIC'},36,{2},5.611111111111111
2e68e62d,2e68e62dc,2020-09-26,14,{'JAM'},{'JAM_HEAVY_TRAFFIC'},31,{2},6.645161290322581
2e68e62d,2e68e62dc,2020-10-07,15,{'JAM'},{'JAM_STAND_STILL_TRAFFIC'},10,{2},5.7
2e68e62d,2e68e62dc,2020-10-11,15,{'JAM'},{'JAM_STAND_STILL_TRAFFIC'},32,{2},7.75
2e68e62d,2e68e62dc,2020-10-17,14,{'JAM'},{'JAM_HEAVY_TRAFFIC'},44,{2},7.045454545454546
2e68e62d,2e68e62dc,2020-10-19,14,{'JAM'},{'JAM_HEAVY_TRAFFIC'},18,{2},5.0
2e68e62d,2e68e62dc,2020-10-21,11,{'JAM'},{'JAM_MODERATE_TRAFFIC'},30,{2},5.0
2e68e62d,2e68e62dc,2020-10-24,14,{'JAM'},{'JAM_STAND_STILL_TRAFFIC'},33,{2},5.0
2e68e62d,2e68e62dc,2020-10-30,11,{'JAM'},{'JAM_HEAVY_TRAFFIC'},31,{2},5.0
2e68e62d,2e68e62dc,2020-10-30,12,{'JAM'},{'JAM_HEAVY_TRAFFIC'},31,{2},5.0
2e68e62d,2e68e62dc,2020-11-03,11,{'JAM'},{'JAM_HEAVY_TRAFFIC'},11,{7},5.0
2e68e62d,2e68e62dc,2020-11-05,15,{'JAM'},{'JAM_STAND_STILL_TRAFFIC'},33,{2},5.363636363636363
2e68e62d,2e68e62dc,2020-11-05,17,{'JAM'},{'JAM_HEAVY_TRAFFIC'},31,{2},5.0
2e68e62d,2e68e62dc,2020-11-13,8,{'JAM'},{'JAM'},7,{7},5.0
2e68e62d,2e68e62dc,2020-11-14,14,{'JAM'},{'JAM_MODERATE_TRAFFIC'},22,{2},5.0
2e68e62d,2e68e62dc,2020-11-14,21,{'JAM'},{'JAM_STAND_STILL_TRAFFIC'},31,{2},5.0
2e68e62d,2e68e62dc,2020-11-16,11,{'JAM'},{'JAM_STAND_STILL_TRAFFIC'},27,{2},5.0
2e68e62d,2e68e62dc,2020-11-16,16,{'JAM'},{'JAM_MODERATE_TRAFFIC'},27,{2},5.0
2e68e62d,2e68e62dc,2020-11-21,21,{'JAM'},{'JAM_STAND_STILL_TRAFFIC'},63,{2},5.492063492063492
2e68e62f,2e68e62e4,2020-09-25,14,{'JAM'},{'JAM_STAND_STILL_TRAFFIC'},31,{7},5.0
2e68e62f,2e68e62e4,2020-10-03,20,{'ROAD_CLOSED'},{'ROAD_CLOSED_HAZARD'},21,{7},5.0
2e68e62f,2e68e62e4,2020-10-03,23,{'ROAD_CLOSED'},{'ROAD_CLOSED'},21,{7},5.0
2e68e62f,2e68e62e4,2020-10-21,8,{'JAM'},{'JAM_HEAVY_TRAFFIC'},16,{7},5.4375
2e68e62f,2e68e62e4,2020-10-30,14,{'WEATHERHAZARD'},{'WEATHERHAZARD'},32,{1},5.0
2e68e62f,2e68e62e4,2020-11-02,11,{'JAM'},{'JAM'},5,{7},5.0
2e68e62f,2e68e62e4,2020-11-04,13,{'JAM'},{'JAM_STAND_STILL_TRAFFIC'},30,{7},5.733333333333333
2e68e62f,2e68e62e4,2020-11-07,20,{'JAM'},{'JAM_HEAVY_TRAFFIC'},12,{7},5.0
2e68e62f,2e68e62e4,2020-11-12,17,{'JAM'},{'JAM_STAND_STILL_TRAFFIC'},11,{2},5.0
2e68e62f,2e68e62e4,2020-11-14,21,{'JAM'},{'JAM_STAND_STILL_TRAFFIC'},42,{1},8.523809523809524
2e68e62f,2e68e62e4,2020-11-15,14,{'JAM'},{'JAM_HEAVY_TRAFFIC'},12,{7},6.0
2e68e62f,2e68e62ec,2020-09-02,13,{'JAM'},{'JAM_STAND_STILL_TRAFFIC'},22,{7},5.0
2e68e62f,2e68e62ec,2020-09-05,12,{'JAM'},{'JAM_MODERATE_TRAFFIC'},34,{7},5.0
2e68e62f,2e68e62ec,2020-09-05,20,{'JAM'},{'JAM'},7,{2},5.0
2e68e62f,2e68e62ec,2020-09-12,16,{'JAM'},{'JAM_HEAVY_TRAFFIC'},31,{7},5.774193548387097
2e68e62f,2e68e62ec,2020-09-12,20,{'JAM'},{'JAM_HEAVY_TRAFFIC'},20,{7},6.7
2e68e62f,2e68e62ec,2020-09-25,16,{'JAM'},"{'JAM_STAND_STILL_TRAFFIC', 'JAM_HEAVY_TRAFFIC'}",92,{7},7.695652173913044
2e68e62f,2e68e62ec,2020-09-29,10,{'JAM'},{'JAM'},30,{7},5.0
2e68e62f,2e68e62ec,2020-10-02,14,{'JAM'},{'JAM_STAND_STILL_TRAFFIC'},30,{7},5.566666666666666
2e68e62f,2e68e62ec,2020-10-14,21,{'JAM'},{'JAM_MODERATE_TRAFFIC'},8,{7},6.0
2e68e62f,2e68e62ec,2020-10-20,13,{'JAM'},{'JAM_HEAVY_TRAFFIC'},42,{7},5.428571428571429
2e68e62f,2e68e62ec,2020-10-26,15,{'JAM'},{'JAM_STAND_STILL_TRAFFIC'},32,{1},5.0
2e68e62f,2e68e62ec,2020-11-03,10,{'JAM'},{'JAM_STAND_STILL_TRAFFIC'},1,{7},5.0
2e68e62f,2e68e62ec,2020-11-07,20,{'JAM'},{'JAM_STAND_STILL_TRAFFIC'},59,{7},7.389830508474576
2e68e62f,2e68e62ec,2020-11-17,8,{'JAM'},{'JAM_MODERATE_TRAFFIC'},13,{7},5.0
2e68e62f,2e68e62f4,2020-09-01,9,{'ROAD_CLOSED'},{'ROAD_CLOSED_EVENT'},1620,{7},6.0
2e68e62f,2e68e62f4,2020-09-02,9,{'ROAD_CLOSED'},{'ROAD_CLOSED_EVENT'},1623,{7},6.0
2e68e62f,2e68e62f4,2020-09-02,13,{'JAM'},{'JAM_HEAVY_TRAFFIC'},6,{7},5.0
2e68e62f,2e68e62f4,2020-09-03,9,{'ROAD_CLOSED'},{'ROAD_CLOSED_EVENT'},1620,{7},6.0
2e68e62f,2e68e62f4,2020-09-04,9,{'ROAD_CLOSED'},{'ROAD_CLOSED_EVENT'},1614,{7},6.0
2e68e62f,2e68e62f4,2020-09-05,9,{'ROAD_CLOSED'},{'ROAD_CLOSED_EVENT'},1621,{7},6.0
2e68e62f,2e68e62f4,2020-09-06,6,{'ROAD_CLOSED'},{'ROAD_CLOSED_EVENT'},1,{7},6.0
2e68e62f,2e68e62f4,2020-09-06,9,{'ROAD_CLOSED'},{'ROAD_CLOSED_EVENT'},228,{7},6.0
2e68e62f,2e68e62f4,2020-09-07,9,{'ROAD_CLOSED'},{'ROAD_CLOSED_EVENT'},1617,{7},6.0
2e68e62f,2e68e62f4,2020-09-08,6,{'ROAD_CLOSED'},{'ROAD_CLOSED_EVENT'},1,{7},6.0
2e68e62f,2e68e62f4,2020-09-08,9,{'ROAD_CLOSED'},{'ROAD_CLOSED_EVENT'},1623,{7},6.0
2e68e62f,2e68e62f4,2020-09-09,6,{'ROAD_CLOSED'},{'ROAD_CLOSED_EVENT'},1,{7},6.0
2e68e62f,2e68e62f4,2020-09-09,9,{'ROAD_CLOSED'},{'ROAD_CLOSED_EVENT'},7,{7},6.0
2e68e62f,2e68e62f4,2020-09-09,17,{'ROAD_CLOSED'},{'ROAD_CLOSED_EVENT'},83,{7},6.0
2e68e62f,2e68e62f4,2020-09-09,21,{'ROAD_CLOSED'},{'ROAD_CLOSED_EVENT'},544,{7},6.0
2e68e62f,2e68e62f4,2020-09-09,22,{'ROAD_CLOSED'},{'ROAD_CLOSED_EVENT'},958,{7},6.0
2e68e62f,2e68e62f4,2020-09-10,9,{'ROAD_CLOSED'},{'ROAD_CLOSED_EVENT'},103,{7},6.0
2e68e62f,2e68e62f4,2020-09-10,21,{'ROAD_CLOSED'},{'ROAD_CLOSED_EVENT'},1078,{7},6.0
2e68e62f,2e68e62f4,2020-09-10,22,{'ROAD_CLOSED'},{'ROAD_CLOSED_EVENT'},479,{7},6.0
2e68e62f,2e68e62f4,2020-09-11,6,{'ROAD_CLOSED'},{'ROAD_CLOSED_EVENT'},1,{7},6.0
2e68e62f,2e68e62f4,2020-09-11,9,{'ROAD_CLOSED'},{'ROAD_CLOSED_EVENT'},94,{7},6.0
2e68e62f,2e68e62f4,2020-09-11,21,{'ROAD_CLOSED'},{'ROAD_CLOSED_EVENT'},539,{7},6.0
2e68e62f,2e68e62f4,2020-09-11,22,{'ROAD_CLOSED'},{'ROAD_CLOSED_EVENT'},959,{7},6.0
2e68e62f,2e68e62f4,2020-09-12,9,{'ROAD_CLOSED'},{'ROAD_CLOSED_EVENT'},96,{7},6.0
2e68e62f,2e68e62f4,2020-09-12,23,{'ROAD_CLOSED'},{'ROAD_CLOSED_EVENT'},408,{7},6.0
2e68e62f,2e68e62f4,2020-09-13,0,{'ROAD_CLOSED'},{'ROAD_CLOSED_EVENT'},716,{7},6.0
2e68e62f,2e68e62f4,2020-09-13,6,{'ROAD_CLOSED'},{'ROAD_CLOSED_EVENT'},5,{7},6.0
2e68e62f,2e68e62f4,2020-09-13,9,{'ROAD_CLOSED'},{'ROAD_CLOSED_EVENT'},1712,{7},6.0
2e68e62f,2e68e62f4,2020-09-14,9,{'ROAD_CLOSED'},{'ROAD_CLOSED_EVENT'},1715,{7},6.0
2e68e62f,2e68e62f4,2020-09-15,9,{'ROAD_CLOSED'},{'ROAD_CLOSED_EVENT'},1711,{7},6.0
2e68e62f,2e68e62f4,2020-09-15,17,{'JAM'},{'JAM_STAND_STILL_TRAFFIC'},6,{7},5.0
2e68e62f,2e68e62f4,2020-09-16,9,{'ROAD_CLOSED'},{'ROAD_CLOSED_EVENT'},1713,{7},6.0
2e68e62f,2e68e62f4,2020-09-16,17,{'JAM'},{'JAM_STAND_STILL_TRAFFIC'},2,{7},5.0
2e68e62f,2e68e62f4,2020-09-17,9,{'ROAD_CLOSED'},{'ROAD_CLOSED_EVENT'},1183,{7},6.0
2e68e62f,2e68e62f4,2020-09-18,9,{'ROAD_CLOSED'},{'ROAD_CLOSED_EVENT'},1716,{7},6.0
2e68e62f,2e68e62f4,2020-09-18,15,{'JAM'},{'JAM_STAND_STILL_TRAFFIC'},30,{2},5.0
2e68e62f,2e68e62f4,2020-09-18,21,{'ROAD_CLOSED'},{'ROAD_CLOSED_EVENT'},360,{7},6.0
2e68e62f,2e68e62f4,2020-09-19,2,{'ROAD_CLOSED'},{'ROAD_CLOSED_EVENT'},372,{7},6.0
2e68e62f,2e68e62f4,2020-09-19,9,{'ROAD_CLOSED'},{'ROAD_CLOSED_EVENT'},1722,{7},6.0
2e68e62f,2e68e62f4,2020-09-19,10,{'JAM'},{'JAM_STAND_STILL_TRAFFIC'},6,{7},5.0
2e68e62f,2e68e62f4,2020-09-19,11,{'ROAD_CLOSED'},{'ROAD_CLOSED_EVENT'},2,{7},6.0
2e68e62f,2e68e62f4,2020-09-19,14,{'JAM'},{'JAM_STAND_STILL_TRAFFIC'},31,{7},6.516129032258065
2e68e62f,2e68e62f4,2020-09-19,21,{'ROAD_CLOSED'},{'ROAD_CLOSED_EVENT'},371,{7},6.0
2e68e62f,2e68e62f4,2020-09-20,2,{'ROAD_CLOSED'},{'ROAD_CLOSED_EVENT'},363,{7},6.0
2e68e62f,2e68e62f4,2020-09-20,9,{'ROAD_CLOSED'},{'ROAD_CLOSED_EVENT'},1713,{7},6.0
2e68e62f,2e68e62f4,2020-09-20,10,{'JAM'},{'JAM_HEAVY_TRAFFIC'},21,{7},5.0
2e68e62f,2e68e62f4,2020-09-20,15,{'JAM'},{'JAM_HEAVY_TRAFFIC'},30,{2},5.0
2e68e62f,2e68e62f4,2020-09-20,21,{'ROAD_CLOSED'},{'ROAD_CLOSED_EVENT'},366,{7},6.218579234972678
2e68e62f,2e68e62f4,2020-09-21,2,{'ROAD_CLOSED'},{'ROAD_CLOSED_EVENT'},360,{7},6.0
2e68e62f,2e68e62f4,2020-09-21,6,{'ROAD_CLOSED'},{'ROAD_CLOSED_EVENT'},2,{7},6.0
2e68e62f,2e68e62f4,2020-09-21,9,"{'JAM', 'ROAD_CLOSED'}","{'ROAD_CLOSED_EVENT', 'JAM_HEAVY_TRAFFIC'}",1762,{7},5.97900113507378
2e68e62f,2e68e62f4,2020-09-21,14,{'JAM'},{'JAM_STAND_STILL_TRAFFIC'},63,{7},5.0
2e68e62f,2e68e62f4,2020-09-21,16,{'ROAD_CLOSED'},{'ROAD_CLOSED_EVENT'},7,{7},6.0
2e68e62f,2e68e62f4,2020-09-21,21,{'ROAD_CLOSED'},{'ROAD_CLOSED_EVENT'},369,{7},6.0
2e68e62f,2e68e62f4,2020-09-22,2,{'ROAD_CLOSED'},{'ROAD_CLOSED_EVENT'},357,{7},6.0
2e68e62f,2e68e62f4,2020-09-22,9,"{'JAM', 'ROAD_CLOSED', 'WEATHERHAZARD'}","{'ROAD_CLOSED_EVENT', 'HAZARD_ON_ROAD_CONSTRUCTION', 'JAM_HEAVY_TRAFFIC'}",1816,{7},5.976321585903084
2e68e62f,2e68e62f4,2020-09-22,10,{'JAM'},{'JAM_STAND_STILL_TRAFFIC'},12,{7},5.0
2e68e62f,2e68e62f4,2020-09-22,14,{'JAM'},{'JAM_STAND_STILL_TRAFFIC'},32,{7},5.0
2e68e62f,2e68e62f4,2020-09-22,16,{'ROAD_CLOSED'},{'ROAD_CLOSED_EVENT'},1,{7},6.0
2e68e62f,2e68e62f4,2020-09-22,21,{'ROAD_CLOSED'},{'ROAD_CLOSED_EVENT'},372,{7},6.0
2e68e62f,2e68e62f4,2020-09-23,2,{'ROAD_CLOSED'},{'ROAD_CLOSED_EVENT'},363,{7},6.0
2e68e62f,2e68e62f4,2020-09-23,6,{'ROAD_CLOSED'},{'ROAD_CLOSED_EVENT'},1,{7},6.0
2e68e62f,2e68e62f4,2020-09-23,9,{'ROAD_CLOSED'},{'ROAD_CLOSED_EVENT'},1710,{7},6.0
2e68e62f,2e68e62f4,2020-09-23,15,{'JAM'},{'JAM_STAND_STILL_TRAFFIC'},61,{7},5.0
2e68e62f,2e68e62f4,2020-09-23,16,{'ROAD_CLOSED'},{'ROAD_CLOSED_EVENT'},2,{7},6.0
2e68e62f,2e68e62f4,2020-09-23,21,{'ROAD_CLOSED'},{'ROAD_CLOSED_EVENT'},369,{7},6.162601626016261
2e68e62f,2e68e62f4,2020-09-24,2,{'ROAD_CLOSED'},{'ROAD_CLOSED_EVENT'},372,{7},6.0
2e68e62f,2e68e62f4,2020-09-24,9,{'ROAD_CLOSED'},{'ROAD_CLOSED_EVENT'},1722,{7},6.0
2e68e62f,2e68e62f4,2020-09-24,11,{'ROAD_CLOSED'},{'ROAD_CLOSED_EVENT'},6,{7},6.0
2e68e62f,2e68e62f4,2020-09-24,13,{'JAM'},{'JAM_HEAVY_TRAFFIC'},17,{7},5.0
2e68e62f,2e68e62f4,2020-09-24,15,{'JAM'},{'JAM_STAND_STILL_TRAFFIC'},30,{7},6.866666666666666
2e68e62f,2e68e62f4,2020-09-24,21,{'ROAD_CLOSED'},{'ROAD_CLOSED_EVENT'},364,{7},6.0
2e68e62f,2e68e62f4,2020-09-25,2,{'ROAD_CLOSED'},{'ROAD_CLOSED_EVENT'},369,{7},6.0
2e68e62f,2e68e62f4,2020-09-25,9,{'ROAD_CLOSED'},{'ROAD_CLOSED_EVENT'},1715,{7},6.0
2e68e62f,2e68e62f4,2020-09-25,11,{'ROAD_CLOSED'},{'ROAD_CLOSED_EVENT'},5,{7},6.0
2e68e62f,2e68e62f4,2020-09-25,14,{'JAM'},"{'JAM', 'JAM_STAND_STILL_TRAFFIC'}",62,{7},5.0
2e68e62f,2e68e62f4,2020-09-25,15,{'JAM'},{'JAM_HEAVY_TRAFFIC'},30,{2},6.0
2e68e62f,2e68e62f4,2020-09-25,16,{'JAM'},{'JAM_STAND_STILL_TRAFFIC'},27,{7},5.2592592592592595
2e68e62f,2e68e62f4,2020-09-25,21,{'ROAD_CLOSED'},{'ROAD_CLOSED_EVENT'},366,{7},6.0
2e68e62f,2e68e62f4,2020-09-26,2,{'ROAD_CLOSED'},{'ROAD_CLOSED_EVENT'},367,{7},6.0
2e68e62f,2e68e62f4,2020-09-26,11,{'ROAD_CLOSED'},{'ROAD_CLOSED_EVENT'},2,{7},6.0
2e68e62f,2e68e62f4,2020-09-26,21,{'ROAD_CLOSED'},{'ROAD_CLOSED_EVENT'},324,{7},6.0
2e68e62f,2e68e62f4,2020-09-27,2,{'ROAD_CLOSED'},{'ROAD_CLOSED_EVENT'},378,{7},6.0
2e68e62f,2e68e62f4,2020-09-27,15,{'JAM'},{'JAM_MODERATE_TRAFFIC'},26,{2},5.0
2e68e62f,2e68e62f4,2020-09-27,21,{'ROAD_CLOSED'},{'ROAD_CLOSED_EVENT'},363,{7},6.0
2e68e62f,2e68e62f4,2020-09-28,2,{'ROAD_CLOSED'},{'ROAD_CLOSED_EVENT'},359,{7},6.0
2e68e62f,2e68e62f4,2020-09-28,9,{'ROAD_CLOSED'},{'ROAD_CLOSED_EVENT'},1626,{7},6.0
2e68e62f,2e68e62f4,2020-09-28,10,{'JAM'},{'JAM_HEAVY_TRAFFIC'},23,{7},5.956521739130435
2e68e62f,2e68e62f4,2020-09-28,21,{'ROAD_CLOSED'},{'ROAD_CLOSED_EVENT'},369,{7},6.0
2e68e62f,2e68e62f4,2020-09-29,2,{'ROAD_CLOSED'},{'ROAD_CLOSED_EVENT'},368,{7},6.0
2e68e62f,2e68e62f4,2020-09-29,9,{'ROAD_CLOSED'},{'ROAD_CLOSED_EVENT'},1623,{7},6.0
2e68e62f,2e68e62f4,2020-09-29,11,{'ROAD_CLOSED'},{'ROAD_CLOSED_EVENT'},2,{7},6.0
2e68e62f,2e68e62f4,2020-09-29,16,{'ROAD_CLOSED'},{'ROAD_CLOSED_EVENT'},1,{7},6.0
2e68e62f,2e68e62f4,2020-09-29,21,{'ROAD_CLOSED'},{'ROAD_CLOSED_EVENT'},369,{7},6.0
2e68e62f,2e68e62f4,2020-09-30,2,{'ROAD_CLOSED'},{'ROAD_CLOSED_EVENT'},337,{7},6.0
2e68e62f,2e68e62f4,2020-09-30,9,{'ROAD_CLOSED'},{'ROAD_CLOSED_EVENT'},1617,{7},6.0
2e68e62f,2e68e62f4,2020-09-30,21,{'ROAD_CLOSED'},{'ROAD_CLOSED_EVENT'},360,{7},6.0
2e68e62f,2e68e62f4,2020-10-01,6,{'ROAD_CLOSED'},{'ROAD_CLOSED_EVENT'},4,{7},6.0
2e68e62f,2e68e62f4,2020-10-01,9,{'ROAD_CLOSED'},{'ROAD_CLOSED_EVENT'},1622,{7},6.0
2e68e62f,2e68e62f4,2020-10-01,11,{'ROAD_CLOSED'},{'ROAD_CLOSED_EVENT'},1,{7},6.0
2e68e62f,2e68e62f4,2020-10-01,13,{'JAM'},{'JAM_STAND_STILL_TRAFFIC'},33,{7},5.0
2e68e62f,2e68e62f4,2020-10-02,6,{'ROAD_CLOSED'},{'ROAD_CLOSED_EVENT'},1,{7},6.0
2e68e62f,2e68e62f4,2020-10-02,9,{'ROAD_CLOSED'},{'ROAD_CLOSED_EVENT'},1620,{7},6.0
2e68e62f,2e68e62f4,2020-10-02,14,"{'JAM', 'ROAD_CLOSED'}","{'ROAD_CLOSED', 'JAM_STAND_STILL_TRAFFIC', 'JAM_HEAVY_TRAFFIC'}",110,{7},6.781818181818182
2e68e62f,2e68e62f4,2020-10-02,15,{'ROAD_CLOSED'},{'ROAD_CLOSED_EVENT'},21,{7},5.0
2e68e62f,2e68e62f4,2020-10-03,6,{'ROAD_CLOSED'},{'ROAD_CLOSED_EVENT'},1,{7},6.0
2e68e62f,2e68e62f4,2020-10-03,9,{'ROAD_CLOSED'},{'ROAD_CLOSED_EVENT'},1625,{7},6.0
2e68e62f,2e68e62f4,2020-10-03,10,{'JAM'},{'JAM_HEAVY_TRAFFIC'},31,{7},5.0
2e68e62f,2e68e62f4,2020-10-03,14,{'JAM'},{'JAM_STAND_STILL_TRAFFIC'},64,"{2, 7}",5.640625
2e68e62f,2e68e62f4,2020-10-03,15,{'JAM'},{'JAM_HEAVY_TRAFFIC'},34,{7},6.0
2e68e62f,2e68e62f4,2020-10-04,9,{'ROAD_CLOSED'},{'ROAD_CLOSED_EVENT'},1614,{7},6.0
2e68e62f,2e68e62f4,2020-10-04,12,{'ROAD_CLOSED'},{'ROAD_CLOSED_EVENT'},369,{7},6.0
2e68e62f,2e68e62f4,2020-10-04,17,{'JAM'},{'JAM_HEAVY_TRAFFIC'},11,{7},5.0
2e68e62f,2e68e62f4,2020-10-04,21,{'ROAD_CLOSED'},{'ROAD_CLOSED_EVENT'},367,{7},6.0
2e68e62f,2e68e62f4,2020-10-05,2,{'ROAD_CLOSED'},{'ROAD_CLOSED_EVENT'},365,{7},6.0
2e68e62f,2e68e62f4,2020-10-05,9,{'ROAD_CLOSED'},{'ROAD_CLOSED_EVENT'},1620,{7},6.0
2e68e62f,2e68e62f4,2020-10-05,11,{'ROAD_CLOSED'},{'ROAD_CLOSED_EVENT'},1,{7},6.0
2e68e62f,2e68e62f4,2020-10-05,16,{'ROAD_CLOSED'},{'ROAD_CLOSED_EVENT'},2,{7},6.0
2e68e62f,2e68e62f4,2020-10-05,21,{'ROAD_CLOSED'},{'ROAD_CLOSED_EVENT'},360,{7},6.0
2e68e62f,2e68e62f4,2020-10-06,2,{'ROAD_CLOSED'},{'ROAD_CLOSED_EVENT'},358,{7},6.0
2e68e62f,2e68e62f4,2020-10-06,6,{'ROAD_CLOSED'},{'ROAD_CLOSED_EVENT'},3,{7},6.0
2e68e62f,2e68e62f4,2020-10-06,9,{'ROAD_CLOSED'},{'ROAD_CLOSED_EVENT'},1615,{7},6.0
2e68e62f,2e68e62f4,2020-10-06,16,{'ROAD_CLOSED'},{'ROAD_CLOSED_EVENT'},6,{7},6.0
2e68e62f,2e68e62f4,2020-10-06,21,{'ROAD_CLOSED'},{'ROAD_CLOSED_EVENT'},366,{7},6.0
2e68e62f,2e68e62f4,2020-10-07,2,{'ROAD_CLOSED'},{'ROAD_CLOSED_EVENT'},370,{7},6.0
2e68e62f,2e68e62f4,2020-10-07,6,{'ROAD_CLOSED'},{'ROAD_CLOSED_EVENT'},4,{7},6.0
2e68e62f,2e68e62f4,2020-10-07,9,{'ROAD_CLOSED'},{'ROAD_CLOSED_EVENT'},1612,{7},6.0
2e68e62f,2e68e62f4,2020-10-07,14,{'JAM'},{'JAM_STAND_STILL_TRAFFIC'},41,{2},6.219512195121951
2e68e62f,2e68e62f4,2020-10-07,21,{'ROAD_CLOSED'},{'ROAD_CLOSED_EVENT'},375,{7},6.0
2e68e62f,2e68e62f4,2020-10-08,2,{'ROAD_CLOSED'},{'ROAD_CLOSED_EVENT'},354,{7},6.0
2e68e62f,2e68e62f4,2020-10-08,9,{'ROAD_CLOSED'},{'ROAD_CLOSED_EVENT'},547,{7},6.0
2e68e62f,2e68e62f4,2020-10-08,14,{'ROAD_CLOSED'},{'ROAD_CLOSED_EVENT'},594,{7},6.0
2e68e62f,2e68e62f4,2020-10-08,21,{'ROAD_CLOSED'},{'ROAD_CLOSED_EVENT'},366,{7},6.0683060109289615
2e68e62f,2e68e62f4,2020-10-08,22,{'ROAD_CLOSED'},{'ROAD_CLOSED_EVENT'},960,{7},6.0
2e68e62f,2e68e62f4,2020-10-09,2,{'ROAD_CLOSED'},{'ROAD_CLOSED_EVENT'},362,{7},6.0
2e68e62f,2e68e62f4,2020-10-09,9,{'ROAD_CLOSED'},{'ROAD_CLOSED_EVENT'},1618,{7},6.0
2e68e62f,2e68e62f4,2020-10-09,11,{'ROAD_CLOSED'},{'ROAD_CLOSED_EVENT'},3,{7},6.0
2e68e62f,2e68e62f4,2020-10-09,16,{'ROAD_CLOSED'},{'ROAD_CLOSED_EVENT'},11,{7},6.0
2e68e62f,2e68e62f4,2020-10-09,21,{'ROAD_CLOSED'},{'ROAD_CLOSED_EVENT'},366,{7},6.0
2e68e62f,2e68e62f4,2020-10-10,2,{'ROAD_CLOSED'},{'ROAD_CLOSED_EVENT'},332,{7},6.0
2e68e62f,2e68e62f4,2020-10-10,6,{'ROAD_CLOSED'},{'ROAD_CLOSED_EVENT'},2,{7},6.0
2e68e62f,2e68e62f4,2020-10-10,9,{'ROAD_CLOSED'},{'ROAD_CLOSED_EVENT'},1617,{7},6.0
2e68e62f,2e68e62f4,2020-10-10,11,{'ROAD_CLOSED'},{'ROAD_CLOSED_EVENT'},1,{7},6.0
2e68e62f,2e68e62f4,2020-10-10,14,{'JAM'},{'JAM_HEAVY_TRAFFIC'},37,{2},7.864864864864865
2e68e62f,2e68e62f4,2020-10-10,16,{'ROAD_CLOSED'},{'ROAD_CLOSED_EVENT'},2,{7},6.0
2e68e62f,2e68e62f4,2020-10-10,21,{'ROAD_CLOSED'},{'ROAD_CLOSED_EVENT'},366,{7},6.0
2e68e62f,2e68e62f4,2020-10-11,2,{'ROAD_CLOSED'},{'ROAD_CLOSED_EVENT'},366,{7},6.0
2e68e62f,2e68e62f4,2020-10-11,10,{'ROAD_CLOSED'},{'ROAD_CLOSED_EVENT'},1443,{7},6.0
2e68e62f,2e68e62f4,2020-10-11,11,{'ROAD_CLOSED'},{'ROAD_CLOSED_EVENT'},5,{7},6.0
2e68e62f,2e68e62f4,2020-10-11,16,{'ROAD_CLOSED'},{'ROAD_CLOSED_EVENT'},1,{7},6.0
2e68e62f,2e68e62f4,2020-10-11,21,{'ROAD_CLOSED'},{'ROAD_CLOSED_EVENT'},364,{7},6.0
2e68e62f,2e68e62f4,2020-10-12,2,{'ROAD_CLOSED'},{'ROAD_CLOSED_EVENT'},372,{7},6.0
2e68e62f,2e68e62f4,2020-10-12,6,{'ROAD_CLOSED'},{'ROAD_CLOSED_EVENT'},2,{7},6.0
2e68e62f,2e68e62f4,2020-10-12,10,{'ROAD_CLOSED'},{'ROAD_CLOSED_EVENT'},1442,{7},6.0
2e68e62f,2e68e62f4,2020-10-12,21,{'ROAD_CLOSED'},{'ROAD_CLOSED_EVENT'},366,{7},6.0
2e68e62f,2e68e62f4,2020-10-13,2,{'ROAD_CLOSED'},{'ROAD_CLOSED_EVENT'},369,{7},6.151761517615176
2e68e62f,2e68e62f4,2020-10-13,10,{'ROAD_CLOSED'},{'ROAD_CLOSED_EVENT'},1443,{7},6.665280665280665
2e68e62f,2e68e62f4,2020-10-13,11,{'ROAD_CLOSED'},{'ROAD_CLOSED_EVENT'},4,{7},6.0
2e68e62f,2e68e62f4,2020-10-13,15,{'JAM'},{'JAM_STAND_STILL_TRAFFIC'},35,{2},6.428571428571429
2e68e62f,2e68e62f4,2020-10-13,21,{'ROAD_CLOSED'},{'ROAD_CLOSED_EVENT'},361,{7},6.0
2e68e62f,2e68e62f4,2020-10-14,2,{'ROAD_CLOSED'},{'ROAD_CLOSED_EVENT'},371,{7},6.0
2e68e62f,2e68e62f4,2020-10-14,6,{'ROAD_CLOSED'},{'ROAD_CLOSED_EVENT'},2,{7},6.0
2e68e62f,2e68e62f4,2020-10-14,10,"{'JAM', 'ROAD_CLOSED'}","{'JAM_STAND_STILL_TRAFFIC', 'ROAD_CLOSED_EVENT'}",1477,"{2, 7}",5.979011509817197
2e68e62f,2e68e62f4,2020-10-14,21,{'ROAD_CLOSED'},{'ROAD_CLOSED_EVENT'},363,{7},6.0
2e68e62f,2e68e62f4,2020-10-15,2,{'ROAD_CLOSED'},{'ROAD_CLOSED_EVENT'},295,{7},6.0
2e68e62f,2e68e62f4,2020-10-15,10,{'ROAD_CLOSED'},{'ROAD_CLOSED_EVENT'},1445,{7},6.0
2e68e62f,2e68e62f4,2020-10-15,21,{'ROAD_CLOSED'},{'ROAD_CLOSED_EVENT'},366,{7},6.0
2e68e62f,2e68e62f4,2020-10-16,2,{'ROAD_CLOSED'},{'ROAD_CLOSED_EVENT'},366,{7},6.0
2e68e62f,2e68e62f4,2020-10-16,10,{'ROAD_CLOSED'},{'ROAD_CLOSED_EVENT'},1452,{7},6.0
2e68e62f,2e68e62f4,2020-10-16,11,{'ROAD_CLOSED'},{'ROAD_CLOSED_EVENT'},3,{7},6.0
2e68e62f,2e68e62f4,2020-10-16,15,{'JAM'},{'JAM'},33,{2},5.0
2e68e62f,2e68e62f4,2020-10-16,16,{'ROAD_CLOSED'},{'ROAD_CLOSED_EVENT'},1,{7},6.0
2e68e62f,2e68e62f4,2020-10-16,21,{'ROAD_CLOSED'},{'ROAD_CLOSED_EVENT'},363,{7},6.0
2e68e62f,2e68e62f4,2020-10-17,2,{'ROAD_CLOSED'},{'ROAD_CLOSED_EVENT'},366,{7},6.0
2e68e62f,2e68e62f4,2020-10-17,9,{'ROAD_CLOSED'},{'ROAD_CLOSED'},20,{7},5.0
2e68e62f,2e68e62f4,2020-10-17,10,{'ROAD_CLOSED'},{'ROAD_CLOSED_EVENT'},1455,{7},6.0
2e68e62f,2e68e62f4,2020-10-17,14,{'JAM'},{'JAM_STAND_STILL_TRAFFIC'},32,{7},5.0
2e68e62f,2e68e62f4,2020-10-17,21,{'ROAD_CLOSED'},{'ROAD_CLOSED_EVENT'},378,{7},6.0
2e68e62f,2e68e62f4,2020-10-18,2,{'ROAD_CLOSED'},{'ROAD_CLOSED_EVENT'},363,{7},6.0
2e68e62f,2e68e62f4,2020-10-18,10,{'ROAD_CLOSED'},{'ROAD_CLOSED_EVENT'},1441,{7},6.0
2e68e62f,2e68e62f4,2020-10-18,15,{'JAM'},{'JAM_STAND_STILL_TRAFFIC'},25,{2},5.0
2e68e62f,2e68e62f4,2020-10-18,16,{'ROAD_CLOSED'},{'ROAD_CLOSED_EVENT'},12,{7},6.0
2e68e62f,2e68e62f4,2020-10-18,21,{'ROAD_CLOSED'},{'ROAD_CLOSED_EVENT'},360,{7},6.0
2e68e62f,2e68e62f4,2020-10-19,2,{'ROAD_CLOSED'},{'ROAD_CLOSED_EVENT'},355,{7},6.188732394366197
2e68e62f,2e68e62f4,2020-10-19,6,{'ROAD_CLOSED'},{'ROAD_CLOSED_EVENT'},4,{7},6.0
2e68e62f,2e68e62f4,2020-10-19,10,{'ROAD_CLOSED'},{'ROAD_CLOSED_EVENT'},1446,{7},6.0
2e68e62f,2e68e62f4,2020-10-19,20,{'WEATHERHAZARD'},{'HAZARD_ON_ROAD_ROAD_KILL'},31,{7},5.451612903225806
2e68e62f,2e68e62f4,2020-10-19,21,{'ROAD_CLOSED'},{'ROAD_CLOSED_EVENT'},335,{7},6.0
2e68e62f,2e68e62f4,2020-10-20,2,{'ROAD_CLOSED'},{'ROAD_CLOSED_EVENT'},351,{7},6.0
2e68e62f,2e68e62f4,2020-10-20,10,{'ROAD_CLOSED'},{'ROAD_CLOSED_EVENT'},1446,{7},6.0
2e68e62f,2e68e62f4,2020-10-20,14,{'ROAD_CLOSED'},{'ROAD_CLOSED_EVENT'},22,{7},5.0
2e68e62f,2e68e62f4,2020-10-20,15,{'JAM'},{'JAM_HEAVY_TRAFFIC'},27,{2},5.0
2e68e62f,2e68e62f4,2020-10-20,16,{'ROAD_CLOSED'},{'ROAD_CLOSED_EVENT'},1,{7},6.0
2e68e62f,2e68e62f4,2020-10-20,21,{'ROAD_CLOSED'},{'ROAD_CLOSED_EVENT'},366,{7},6.0
2e68e62f,2e68e62f4,2020-10-21,2,{'ROAD_CLOSED'},{'ROAD_CLOSED_EVENT'},367,{7},6.0
2e68e62f,2e68e62f4,2020-10-21,10,{'ROAD_CLOSED'},{'ROAD_CLOSED_EVENT'},1428,{7},6.0
2e68e62f,2e68e62f4,2020-10-21,16,{'ROAD_CLOSED'},{'ROAD_CLOSED_EVENT'},2,{7},6.0
2e68e62f,2e68e62f4,2020-10-21,21,{'ROAD_CLOSED'},{'ROAD_CLOSED_EVENT'},347,{7},6.302593659942363
2e68e62f,2e68e62f4,2020-10-22,2,{'ROAD_CLOSED'},{'ROAD_CLOSED_EVENT'},364,{7},6.0
2e68e62f,2e68e62f4,2020-10-22,10,{'ROAD_CLOSED'},{'ROAD_CLOSED_EVENT'},1449,{7},6.3312629399585925
2e68e62f,2e68e62f4,2020-10-22,14,{'JAM'},{'JAM_STAND_STILL_TRAFFIC'},28,{7},5.0
2e68e62f,2e68e62f4,2020-10-22,16,{'JAM'},{'JAM_HEAVY_TRAFFIC'},31,{7},5.548387096774194
2e68e62f,2e68e62f4,2020-10-22,17,{'JAM'},{'JAM_STAND_STILL_TRAFFIC'},44,{7},6.181818181818182
2e68e62f,2e68e62f4,2020-10-22,21,{'ROAD_CLOSED'},{'ROAD_CLOSED_EVENT'},369,{7},6.0
2e68e62f,2e68e62f4,2020-10-23,2,{'ROAD_CLOSED'},{'ROAD_CLOSED_EVENT'},370,{7},6.0
2e68e62f,2e68e62f4,2020-10-23,10,{'ROAD_CLOSED'},{'ROAD_CLOSED_EVENT'},1447,{7},6.0
2e68e62f,2e68e62f4,2020-10-23,17,{'JAM'},{'JAM_MODERATE_TRAFFIC'},31,{7},6.0
2e68e62f,2e68e62f4,2020-10-23,21,{'ROAD_CLOSED'},{'ROAD_CLOSED_EVENT'},363,{7},6.0
2e68e62f,2e68e62f4,2020-10-24,2,{'ROAD_CLOSED'},{'ROAD_CLOSED_EVENT'},363,{7},6.0
2e68e62f,2e68e62f4,2020-10-24,10,{'ROAD_CLOSED'},{'ROAD_CLOSED_EVENT'},1440,{7},6.0
2e68e62f,2e68e62f4,2020-10-24,12,{'JAM'},{'JAM_STAND_STILL_TRAFFIC'},32,{7},5.0
2e68e62f,2e68e62f4,2020-10-24,16,{'ROAD_CLOSED'},{'ROAD_CLOSED_EVENT'},6,{7},6.0
2e68e62f,2e68e62f4,2020-10-24,20,{'JAM'},"{'JAM_STAND_STILL_TRAFFIC', 'JAM_HEAVY_TRAFFIC'}",61,{7},5.442622950819672
2e68e62f,2e68e62f4,2020-10-24,21,{'ROAD_CLOSED'},{'ROAD_CLOSED_EVENT'},368,{7},6.0
2e68e62f,2e68e62f4,2020-10-25,2,{'ROAD_CLOSED'},{'ROAD_CLOSED_EVENT'},366,{7},6.0
2e68e62f,2e68e62f4,2020-10-25,10,{'ROAD_CLOSED'},{'ROAD_CLOSED_EVENT'},1448,{7},6.0
2e68e62f,2e68e62f4,2020-10-25,21,{'ROAD_CLOSED'},{'ROAD_CLOSED_EVENT'},367,{7},6.0
2e68e62f,2e68e62f4,2020-10-26,2,{'ROAD_CLOSED'},{'ROAD_CLOSED_EVENT'},366,{7},6.0
2e68e62f,2e68e62f4,2020-10-26,6,{'ROAD_CLOSED'},{'ROAD_CLOSED_EVENT'},1,{7},6.0
2e68e62f,2e68e62f4,2020-10-26,10,{'ROAD_CLOSED'},{'ROAD_CLOSED_EVENT'},1451,{7},6.0
2e68e62f,2e68e62f4,2020-10-26,16,{'ROAD_CLOSED'},{'ROAD_CLOSED_EVENT'},6,{7},6.0
2e68e62f,2e68e62f4,2020-10-26,21,{'ROAD_CLOSED'},{'ROAD_CLOSED_EVENT'},363,{7},6.0
2e68e62f,2e68e62f4,2020-10-27,2,{'ROAD_CLOSED'},{'ROAD_CLOSED_EVENT'},358,{7},6.0
2e68e62f,2e68e62f4,2020-10-27,10,{'ROAD_CLOSED'},{'ROAD_CLOSED_EVENT'},1452,{7},6.0
2e68e62f,2e68e62f4,2020-10-27,15,{'JAM'},{'JAM_STAND_STILL_TRAFFIC'},40,{7},7.5
2e68e62f,2e68e62f4,2020-10-27,16,{'ROAD_CLOSED'},{'ROAD_CLOSED_EVENT'},3,{7},6.0
2e68e62f,2e68e62f4,2020-10-27,21,{'ROAD_CLOSED'},{'ROAD_CLOSED_EVENT'},360,{7},6.0
2e68e62f,2e68e62f4,2020-10-28,2,{'ROAD_CLOSED'},{'ROAD_CLOSED_EVENT'},353,{7},6.0
2e68e62f,2e68e62f4,2020-10-28,10,{'ROAD_CLOSED'},{'ROAD_CLOSED_EVENT'},1446,{7},6.0
2e68e62f,2e68e62f4,2020-10-28,16,{'ROAD_CLOSED'},{'ROAD_CLOSED_EVENT'},5,{7},6.0
2e68e62f,2e68e62f4,2020-10-28,21,{'ROAD_CLOSED'},{'ROAD_CLOSED_EVENT'},331,{7},6.0
2e68e62f,2e68e62f4,2020-10-29,2,{'ROAD_CLOSED'},{'ROAD_CLOSED_EVENT'},363,{7},6.0
2e68e62f,2e68e62f4,2020-10-29,10,{'ROAD_CLOSED'},{'ROAD_CLOSED_EVENT'},1446,{7},6.0
2e68e62f,2e68e62f4,2020-10-29,20,{'JAM'},"{'JAM', 'JAM_HEAVY_TRAFFIC'}",40,{7},5.0
2e68e62f,2e68e62f4,2020-10-29,21,{'ROAD_CLOSED'},{'ROAD_CLOSED_EVENT'},366,{7},6.0
2e68e62f,2e68e62f4,2020-10-30,2,{'ROAD_CLOSED'},{'ROAD_CLOSED_EVENT'},364,{7},6.197802197802198
2e68e62f,2e68e62f4,2020-10-30,10,{'ROAD_CLOSED'},{'ROAD_CLOSED_EVENT'},1451,{7},6.0
2e68e62f,2e68e62f4,2020-10-30,16,{'ROAD_CLOSED'},{'ROAD_CLOSED_EVENT'},1,{7},6.0
2e68e62f,2e68e62f4,2020-10-30,21,{'ROAD_CLOSED'},{'ROAD_CLOSED_EVENT'},354,{7},6.0
2e68e62f,2e68e62f4,2020-10-31,2,{'ROAD_CLOSED'},{'ROAD_CLOSED_EVENT'},368,{7},6.252717391304348
2e68e62f,2e68e62f4,2020-10-31,10,{'ROAD_CLOSED'},{'ROAD_CLOSED_EVENT'},1446,{7},6.0
2e68e62f,2e68e62f4,2020-10-31,14,{'ACCIDENT'},{'ACCIDENT_MAJOR'},14,{7},5.285714285714286
2e68e62f,2e68e62f4,2020-10-31,21,{'JAM'},{'JAM_HEAVY_TRAFFIC'},26,{2},5.038461538461538
2e68e62f,2e68e62f4,2020-11-01,6,{'ROAD_CLOSED'},{'ROAD_CLOSED_EVENT'},3,{7},6.0
2e68e62f,2e68e62f4,2020-11-02,15,{'JAM'},{'JAM_STAND_STILL_TRAFFIC'},31,{7},5.0
2e68e62f,2e68e62f4,2020-11-03,10,{'JAM'},{'JAM_STAND_STILL_TRAFFIC'},30,{7},8.766666666666667
2e68e62f,2e68e62f4,2020-11-04,13,{'JAM'},{'JAM_STAND_STILL_TRAFFIC'},32,{7},6.75
2e68e62f,2e68e62f4,2020-11-07,16,{'JAM'},{'JAM_MODERATE_TRAFFIC'},6,{2},5.0
2e68e62f,2e68e62f4,2020-11-07,20,{'JAM'},{'JAM_STAND_STILL_TRAFFIC'},32,{2},5.0
2e68e62f,2e68e62f4,2020-11-13,21,{'JAM'},{'JAM_STAND_STILL_TRAFFIC'},36,{2},6.833333333333333
2e68e62f,2e68e62f4,2020-11-19,14,{'JAM'},{'JAM_HEAVY_TRAFFIC'},6,{2},5.333333333333333
2e68e62f,2e68e62f4,2020-11-22,20,{'JAM'},{'JAM_HEAVY_TRAFFIC'},6,{7},5.0
2e68e62f,2e68e62fc,2020-09-01,9,{'ROAD_CLOSED'},{'ROAD_CLOSED_EVENT'},3774,{2},6.0
2e68e62f,2e68e62fc,2020-09-02,9,{'ROAD_CLOSED'},{'ROAD_CLOSED_EVENT'},3792,{2},6.0
2e68e62f,2e68e62fc,2020-09-02,13,{'JAM'},{'JAM_STAND_STILL_TRAFFIC'},8,{2},6.0
2e68e62f,2e68e62fc,2020-09-03,9,{'ROAD_CLOSED'},{'ROAD_CLOSED_EVENT'},3780,{2},6.0
2e68e62f,2e68e62fc,2020-09-04,9,{'ROAD_CLOSED'},{'ROAD_CLOSED_EVENT'},3766,{2},6.0
2e68e62f,2e68e62fc,2020-09-05,9,{'ROAD_CLOSED'},{'ROAD_CLOSED_EVENT'},4324,"{2, 7}",6.0
2e68e62f,2e68e62fc,2020-09-06,6,{'ROAD_CLOSED'},{'ROAD_CLOSED_EVENT'},3,{2},6.0
2e68e62f,2e68e62fc,2020-09-06,9,{'ROAD_CLOSED'},{'ROAD_CLOSED_EVENT'},608,"{2, 7}",6.0
2e68e62f,2e68e62fc,2020-09-07,9,{'ROAD_CLOSED'},{'ROAD_CLOSED_EVENT'},4312,"{2, 7}",6.0
2e68e62f,2e68e62fc,2020-09-08,6,{'ROAD_CLOSED'},{'ROAD_CLOSED_EVENT'},2,{2},6.0
2e68e62f,2e68e62fc,2020-09-08,9,{'ROAD_CLOSED'},{'ROAD_CLOSED_EVENT'},4328,"{2, 7}",6.0
2e68e62f,2e68e62fc,2020-09-08,14,{'JAM'},{'JAM_STAND_STILL_TRAFFIC'},21,{7},5.095238095238095
2e68e62f,2e68e62fc,2020-09-09,6,{'ROAD_CLOSED'},{'ROAD_CLOSED_EVENT'},1,{2},6.0
2e68e62f,2e68e62fc,2020-09-09,9,{'ROAD_CLOSED'},{'ROAD_CLOSED_EVENT'},22,"{2, 7}",6.0
2e68e62f,2e68e62fc,2020-09-09,16,{'JAM'},{'JAM_HEAVY_TRAFFIC'},14,{7},5.0
2e68e62f,2e68e62fc,2020-09-09,17,{'ROAD_CLOSED'},{'ROAD_CLOSED_EVENT'},224,"{2, 7}",6.0
2e68e62f,2e68e62fc,2020-09-09,21,{'ROAD_CLOSED'},{'ROAD_CLOSED_EVENT'},2700,"{2, 7}",6.0
2e68e62f,2e68e62fc,2020-09-09,22,{'ROAD_CLOSED'},{'ROAD_CLOSED_EVENT'},1435,{2},6.0
2e68e62f,2e68e62fc,2020-09-10,9,{'ROAD_CLOSED'},{'ROAD_CLOSED_EVENT'},267,"{2, 7}",6.0
2e68e62f,2e68e62fc,2020-09-10,12,{'JAM'},{'JAM_HEAVY_TRAFFIC'},7,{2},5.0
2e68e62f,2e68e62fc,2020-09-10,21,{'ROAD_CLOSED'},{'ROAD_CLOSED_EVENT'},2154,{2},6.0
2e68e62f,2e68e62fc,2020-09-10,22,{'ROAD_CLOSED'},{'ROAD_CLOSED_EVENT'},1916,"{2, 7}",6.0
2e68e62f,2e68e62fc,2020-09-11,6,{'ROAD_CLOSED'},{'ROAD_CLOSED_EVENT'},2,{2},6.0
2e68e62f,2e68e62fc,2020-09-11,9,{'ROAD_CLOSED'},{'ROAD_CLOSED_EVENT'},252,"{2, 7}",6.0
2e68e62f,2e68e62fc,2020-09-11,21,{'ROAD_CLOSED'},{'ROAD_CLOSED_EVENT'},2156,{2},6.0
2e68e62f,2e68e62fc,2020-09-11,22,{'ROAD_CLOSED'},{'ROAD_CLOSED_EVENT'},1918,"{2, 7}",6.0
2e68e62f,2e68e62fc,2020-09-12,6,{'ROAD_CLOSED'},{'ROAD_CLOSED_EVENT'},1,{2},6.0
2e68e62f,2e68e62fc,2020-09-12,9,{'ROAD_CLOSED'},{'ROAD_CLOSED_EVENT'},256,"{2, 7}",6.0
2e68e62f,2e68e62fc,2020-09-12,23,{'ROAD_CLOSED'},{'ROAD_CLOSED_EVENT'},2856,"{2, 7}",6.0
2e68e62f,2e68e62fc,2020-09-13,0,{'ROAD_CLOSED'},{'ROAD_CLOSED_EVENT'},358,{2},6.0
2e68e62f,2e68e62fc,2020-09-13,6,{'ROAD_CLOSED'},{'ROAD_CLOSED_EVENT'},20,"{2, 7}",6.0
2e68e62f,2e68e62fc,2020-09-13,9,{'ROAD_CLOSED'},{'ROAD_CLOSED_EVENT'},4565,"{2, 7}",6.0
2e68e62f,2e68e62fc,2020-09-14,9,{'ROAD_CLOSED'},{'ROAD_CLOSED_EVENT'},4575,"{2, 7}",6.0
2e68e62f,2e68e62fc,2020-09-15,9,{'ROAD_CLOSED'},{'ROAD_CLOSED_EVENT'},4564,"{2, 7}",6.0
2e68e62f,2e68e62fc,2020-09-16,9,{'ROAD_CLOSED'},{'ROAD_CLOSED_EVENT'},4568,"{2, 7}",6.0
2e68e62f,2e68e62fc,2020-09-17,9,{'ROAD_CLOSED'},{'ROAD_CLOSED_EVENT'},3157,"{2, 7}",6.0
2e68e62f,2e68e62fc,2020-09-18,9,{'ROAD_CLOSED'},{'ROAD_CLOSED_EVENT'},4573,"{2, 7}",6.0
2e68e62f,2e68e62fc,2020-09-18,21,{'ROAD_CLOSED'},{'ROAD_CLOSED_EVENT'},960,"{2, 7}",6.0
2e68e62f,2e68e62fc,2020-09-19,2,{'ROAD_CLOSED'},{'ROAD_CLOSED_EVENT'},124,{2},6.0
2e68e62f,2e68e62fc,2020-09-19,6,{'ROAD_CLOSED'},{'ROAD_CLOSED_EVENT'},2,"{2, 7}",6.0
2e68e62f,2e68e62fc,2020-09-19,9,{'ROAD_CLOSED'},{'ROAD_CLOSED_EVENT'},4591,"{2, 7}",6.0
2e68e62f,2e68e62fc,2020-09-19,11,{'ROAD_CLOSED'},{'ROAD_CLOSED_EVENT'},6,"{2, 7}",6.0
2e68e62f,2e68e62fc,2020-09-19,14,{'JAM'},{'JAM'},32,{7},5.0
2e68e62f,2e68e62fc,2020-09-19,21,{'ROAD_CLOSED'},{'ROAD_CLOSED_EVENT'},987,"{2, 7}",6.0
2e68e62f,2e68e62fc,2020-09-20,2,{'ROAD_CLOSED'},{'ROAD_CLOSED_EVENT'},121,{2},6.0
2e68e62f,2e68e62fc,2020-09-20,9,{'ROAD_CLOSED'},{'ROAD_CLOSED_EVENT'},4561,"{2, 7}",6.0
2e68e62f,2e68e62fc,2020-09-20,21,{'ROAD_CLOSED'},{'ROAD_CLOSED_EVENT'},976,"{2, 7}",6.0
2e68e62f,2e68e62fc,2020-09-21,2,{'ROAD_CLOSED'},{'ROAD_CLOSED_EVENT'},120,{2},6.0
2e68e62f,2e68e62fc,2020-09-21,6,{'ROAD_CLOSED'},{'ROAD_CLOSED_EVENT'},8,{2},6.0
2e68e62f,2e68e62fc,2020-09-21,9,{'ROAD_CLOSED'},{'ROAD_CLOSED_EVENT'},4558,"{2, 7}",6.0
2e68e62f,2e68e62fc,2020-09-21,16,{'ROAD_CLOSED'},{'ROAD_CLOSED_EVENT'},1,{2},6.0
2e68e62f,2e68e62fc,2020-09-21,21,{'ROAD_CLOSED'},{'ROAD_CLOSED_EVENT'},982,"{2, 7}",6.0
2e68e62f,2e68e62fc,2020-09-22,2,{'ROAD_CLOSED'},{'ROAD_CLOSED_EVENT'},119,{2},6.0
2e68e62f,2e68e62fc,2020-09-22,9,{'ROAD_CLOSED'},{'ROAD_CLOSED_EVENT'},4577,"{2, 7}",6.0
2e68e62f,2e68e62fc,2020-09-22,21,{'ROAD_CLOSED'},{'ROAD_CLOSED_EVENT'},992,"{2, 7}",6.0
2e68e62f,2e68e62fc,2020-09-23,2,{'ROAD_CLOSED'},{'ROAD_CLOSED_EVENT'},121,{2},6.0
2e68e62f,2e68e62fc,2020-09-23,6,{'ROAD_CLOSED'},{'ROAD_CLOSED_EVENT'},2,{2},6.0
2e68e62f,2e68e62fc,2020-09-23,9,{'ROAD_CLOSED'},{'ROAD_CLOSED_EVENT'},4560,"{2, 7}",6.0
2e68e62f,2e68e62fc,2020-09-23,11,{'ROAD_CLOSED'},{'ROAD_CLOSED_EVENT'},5,{2},6.0
2e68e62f,2e68e62fc,2020-09-23,16,{'ROAD_CLOSED'},{'ROAD_CLOSED_EVENT'},2,{2},6.0
2e68e62f,2e68e62fc,2020-09-23,21,{'ROAD_CLOSED'},{'ROAD_CLOSED_EVENT'},984,"{2, 7}",6.027439024390244
2e68e62f,2e68e62fc,2020-09-24,2,{'ROAD_CLOSED'},{'ROAD_CLOSED_EVENT'},123,{2},6.0
2e68e62f,2e68e62fc,2020-09-24,6,{'ROAD_CLOSED'},{'ROAD_CLOSED_EVENT'},1,{2},6.0
2e68e62f,2e68e62fc,2020-09-24,9,{'ROAD_CLOSED'},{'ROAD_CLOSED_EVENT'},4594,"{2, 7}",6.0
2e68e62f,2e68e62fc,2020-09-24,11,{'ROAD_CLOSED'},{'ROAD_CLOSED_EVENT'},12,"{2, 7}",6.0
2e68e62f,2e68e62fc,2020-09-24,15,{'JAM'},{'JAM_STAND_STILL_TRAFFIC'},1,{7},6.0
2e68e62f,2e68e62fc,2020-09-24,21,{'ROAD_CLOSED'},{'ROAD_CLOSED_EVENT'},975,"{2, 7}",6.0
2e68e62f,2e68e62fc,2020-09-25,2,{'ROAD_CLOSED'},{'ROAD_CLOSED_EVENT'},122,{2},6.0
2e68e62f,2e68e62fc,2020-09-25,9,{'ROAD_CLOSED'},{'ROAD_CLOSED_EVENT'},4571,"{2, 7}",6.0
2e68e62f,2e68e62fc,2020-09-25,11,{'ROAD_CLOSED'},{'ROAD_CLOSED_EVENT'},13,{2},6.0
2e68e62f,2e68e62fc,2020-09-25,16,{'JAM'},{'JAM_STAND_STILL_TRAFFIC'},4,{2},5.0
2e68e62f,2e68e62fc,2020-09-25,21,{'ROAD_CLOSED'},{'ROAD_CLOSED_EVENT'},976,"{2, 7}",6.0
2e68e62f,2e68e62fc,2020-09-26,2,{'ROAD_CLOSED'},{'ROAD_CLOSED_EVENT'},122,{2},6.0
2e68e62f,2e68e62fc,2020-09-26,11,{'ROAD_CLOSED'},{'ROAD_CLOSED_EVENT'},11,"{2, 7}",6.0
2e68e62f,2e68e62fc,2020-09-26,21,{'ROAD_CLOSED'},{'ROAD_CLOSED_EVENT'},864,"{2, 7}",6.0
2e68e62f,2e68e62fc,2020-09-27,2,{'ROAD_CLOSED'},{'ROAD_CLOSED_EVENT'},126,{2},6.0
2e68e62f,2e68e62fc,2020-09-27,21,{'ROAD_CLOSED'},{'ROAD_CLOSED_EVENT'},976,"{2, 7}",6.0
2e68e62f,2e68e62fc,2020-09-28,2,{'ROAD_CLOSED'},{'ROAD_CLOSED_EVENT'},119,{2},6.0
2e68e62f,2e68e62fc,2020-09-28,9,{'ROAD_CLOSED'},{'ROAD_CLOSED_EVENT'},4336,"{2, 7}",6.0
2e68e62f,2e68e62fc,2020-09-28,21,{'ROAD_CLOSED'},{'ROAD_CLOSED_EVENT'},984,"{2, 7}",6.0
2e68e62f,2e68e62fc,2020-09-29,2,{'ROAD_CLOSED'},{'ROAD_CLOSED_EVENT'},122,{2},6.0
2e68e62f,2e68e62fc,2020-09-29,9,{'ROAD_CLOSED'},{'ROAD_CLOSED_EVENT'},4329,"{2, 7}",6.0
2e68e62f,2e68e62fc,2020-09-29,11,{'ROAD_CLOSED'},{'ROAD_CLOSED_EVENT'},8,"{2, 7}",6.0
2e68e62f,2e68e62fc,2020-09-29,21,{'ROAD_CLOSED'},{'ROAD_CLOSED_EVENT'},984,"{2, 7}",6.0
2e68e62f,2e68e62fc,2020-09-30,2,{'ROAD_CLOSED'},{'ROAD_CLOSED_EVENT'},113,{2},6.0
2e68e62f,2e68e62fc,2020-09-30,9,{'ROAD_CLOSED'},{'ROAD_CLOSED_EVENT'},4313,"{2, 7}",6.0
2e68e62f,2e68e62fc,2020-09-30,21,{'ROAD_CLOSED'},{'ROAD_CLOSED_EVENT'},960,"{2, 7}",6.0
2e68e62f,2e68e62fc,2020-10-01,6,{'ROAD_CLOSED'},{'ROAD_CLOSED_EVENT'},6,{2},6.0
2e68e62f,2e68e62fc,2020-10-01,9,{'ROAD_CLOSED'},{'ROAD_CLOSED_EVENT'},4325,"{2, 7}",6.0
2e68e62f,2e68e62fc,2020-10-01,11,{'ROAD_CLOSED'},{'ROAD_CLOSED_EVENT'},1,{2},6.0
2e68e62f,2e68e62fc,2020-10-02,6,{'ROAD_CLOSED'},{'ROAD_CLOSED_EVENT'},5,"{2, 7}",6.0
2e68e62f,2e68e62fc,2020-10-02,9,{'ROAD_CLOSED'},{'ROAD_CLOSED_EVENT'},4320,"{2, 7}",6.0
2e68e62f,2e68e62fc,2020-10-02,15,{'JAM'},{'JAM_MODERATE_TRAFFIC'},8,{7},5.0
2e68e62f,2e68e62fc,2020-10-03,6,{'ROAD_CLOSED'},{'ROAD_CLOSED_EVENT'},2,"{2, 7}",6.0
2e68e62f,2e68e62fc,2020-10-03,9,{'ROAD_CLOSED'},{'ROAD_CLOSED_EVENT'},4335,"{2, 7}",6.142329873125721
2e68e62f,2e68e62fc,2020-10-03,14,{'JAM'},{'JAM_HEAVY_TRAFFIC'},7,{7},5.0
2e68e62f,2e68e62fc,2020-10-04,9,{'ROAD_CLOSED'},{'ROAD_CLOSED_EVENT'},4304,"{2, 7}",6.0
2e68e62f,2e68e62fc,2020-10-04,17,{'JAM'},{'JAM_STAND_STILL_TRAFFIC'},24,{7},5.375
2e68e62f,2e68e62fc,2020-10-05,9,{'ROAD_CLOSED'},{'ROAD_CLOSED_EVENT'},4317,"{2, 7}",6.0
2e68e62f,2e68e62fc,2020-10-06,6,{'ROAD_CLOSED'},{'ROAD_CLOSED_EVENT'},8,"{2, 7}",6.0
2e68e62f,2e68e62fc,2020-10-06,9,{'ROAD_CLOSED'},{'ROAD_CLOSED_EVENT'},4308,"{2, 7}",6.0
2e68e62f,2e68e62fc,2020-10-06,12,{'JAM'},{'JAM_MODERATE_TRAFFIC'},31,{2},5.0
2e68e62f,2e68e62fc,2020-10-07,6,{'ROAD_CLOSED'},{'ROAD_CLOSED_EVENT'},3,"{2, 7}",6.0
2e68e62f,2e68e62fc,2020-10-07,9,{'ROAD_CLOSED'},{'ROAD_CLOSED_EVENT'},4299,"{2, 7}",6.0
2e68e62f,2e68e62fc,2020-10-07,16,{'JAM'},{'JAM_HEAVY_TRAFFIC'},32,{2},5.0
2e68e62f,2e68e62fc,2020-10-08,9,{'ROAD_CLOSED'},{'ROAD_CLOSED_EVENT'},4344,"{2, 7}",6.0
2e68e62f,2e68e62fc,2020-10-09,9,{'ROAD_CLOSED'},{'ROAD_CLOSED_EVENT'},4316,"{2, 7}",6.0
2e68e62f,2e68e62fc,2020-10-09,13,{'JAM'},{'JAM'},7,{7},5.0
2e68e62f,2e68e62fc,2020-10-10,9,{'ROAD_CLOSED'},{'ROAD_CLOSED_EVENT'},4308,"{2, 7}",6.0
2e68e62f,2e68e62fc,2020-10-17,17,{'JAM'},{'JAM_HEAVY_TRAFFIC'},25,{2},5.84
2e68e62f,2e68e62fc,2020-10-17,18,{'JAM'},{'JAM_HEAVY_TRAFFIC'},6,{2},5.0
2e68e62f,2e68e62fc,2020-10-19,10,{'ROAD_CLOSED'},{'ROAD_CLOSED_EVENT'},3855,"{2, 7}",6.0
2e68e62f,2e68e62fc,2020-10-20,10,{'ROAD_CLOSED'},{'ROAD_CLOSED_EVENT'},3856,"{2, 7}",6.0
2e68e62f,2e68e62fc,2020-10-21,10,{'ROAD_CLOSED'},{'ROAD_CLOSED_EVENT'},3807,"{2, 7}",6.0
2e68e62f,2e68e62fc,2020-10-22,6,{'ROAD_CLOSED'},{'ROAD_CLOSED_EVENT'},1,{2},6.0
2e68e62f,2e68e62fc,2020-10-22,10,{'ROAD_CLOSED'},{'ROAD_CLOSED_EVENT'},3864,"{2, 7}",6.496894409937888
2e68e62f,2e68e62fc,2020-10-22,16,{'JAM'},{'JAM_STAND_STILL_TRAFFIC'},7,{2},5.571428571428571
2e68e62f,2e68e62fc,2020-10-22,17,{'JAM'},{'JAM_STAND_STILL_TRAFFIC'},33,{2},5.818181818181818
2e68e62f,2e68e62fc,2020-10-23,10,{'ROAD_CLOSED'},{'ROAD_CLOSED_EVENT'},3856,"{2, 7}",6.0
2e68e62f,2e68e62fc,2020-10-23,12,{'JAM'},{'JAM_STAND_STILL_TRAFFIC'},5,{1},5.0
2e68e62f,2e68e62fc,2020-10-23,13,{'JAM'},{'JAM_HEAVY_TRAFFIC'},30,{2},5.0
2e68e62f,2e68e62fc,2020-10-24,6,{'ROAD_CLOSED'},{'ROAD_CLOSED_EVENT'},5,{2},6.0
2e68e62f,2e68e62fc,2020-10-24,10,{'ROAD_CLOSED'},{'ROAD_CLOSED_EVENT'},3840,"{2, 7}",6.0
2e68e62f,2e68e62fc,2020-10-25,10,{'ROAD_CLOSED'},{'ROAD_CLOSED_EVENT'},3860,"{2, 7}",6.0
2e68e62f,2e68e62fc,2020-10-26,10,{'ROAD_CLOSED'},{'ROAD_CLOSED_EVENT'},3872,"{2, 7}",6.114411157024794
2e68e62f,2e68e62fc,2020-10-26,12,{'JAM'},{'JAM_STAND_STILL_TRAFFIC'},24,{7},5.0
2e68e62f,2e68e62fc,2020-10-27,10,{'ROAD_CLOSED'},{'ROAD_CLOSED_EVENT'},3872,"{2, 7}",6.0
2e68e62f,2e68e62fc,2020-10-27,13,{'JAM'},{'JAM_MODERATE_TRAFFIC'},31,{2},5.0
2e68e62f,2e68e62fc,2020-10-28,10,{'ROAD_CLOSED'},{'ROAD_CLOSED_EVENT'},3856,"{2, 7}",6.0
2e68e62f,2e68e62fc,2020-10-28,19,{'JAM'},{'JAM_STAND_STILL_TRAFFIC'},27,{2},5.925925925925926
2e68e62f,2e68e62fc,2020-10-29,10,{'ROAD_CLOSED'},{'ROAD_CLOSED_EVENT'},3858,"{2, 7}",6.0
2e68e62f,2e68e62fc,2020-10-29,16,{'JAM'},{'JAM_MODERATE_TRAFFIC'},61,{2},6.065573770491803
2e68e62f,2e68e62fc,2020-10-29,19,{'JAM'},{'JAM_STAND_STILL_TRAFFIC'},38,{2},6.368421052631579
2e68e62f,2e68e62fc,2020-10-29,20,{'JAM'},"{'JAM_STAND_STILL_TRAFFIC', 'JAM_HEAVY_TRAFFIC'}",19,{7},5.0
2e68e62f,2e68e62fc,2020-10-30,10,{'ROAD_CLOSED'},{'ROAD_CLOSED_EVENT'},3860,"{2, 7}",6.0
2e68e62f,2e68e62fc,2020-10-30,11,{'JAM'},{'JAM_HEAVY_TRAFFIC'},20,{2},5.6
2e68e62f,2e68e62fc,2020-10-30,12,{'JAM'},{'JAM_MODERATE_TRAFFIC'},32,{2},5.0
2e68e62f,2e68e62fc,2020-10-30,13,{'JAM'},{'JAM_HEAVY_TRAFFIC'},30,{2},5.0
2e68e62f,2e68e62fc,2020-10-30,18,{'JAM'},{'JAM_HEAVY_TRAFFIC'},61,"{2, 7}",5.229508196721311
2e68e62f,2e68e62fc,2020-10-31,10,{'ROAD_CLOSED'},{'ROAD_CLOSED_EVENT'},3862,"{2, 7}",6.0
2e68e62f,2e68e62fc,2020-11-01,6,{'ROAD_CLOSED'},{'ROAD_CLOSED_EVENT'},2,{2},6.0
2e68e62f,2e68e62fc,2020-11-01,11,{'JAM'},{'JAM_HEAVY_TRAFFIC'},31,{2},5.0
2e68e62f,2e68e62fc,2020-11-03,16,{'JAM'},{'JAM_MODERATE_TRAFFIC'},31,{2},5.0
2e68e62f,2e68e62fc,2020-11-04,11,{'JAM'},{'JAM_STAND_STILL_TRAFFIC'},6,{2},5.5
2e68e62f,2e68e62fc,2020-11-04,13,{'JAM'},{'JAM_STAND_STILL_TRAFFIC'},31,{1},5.0
2e68e62f,2e68e62fc,2020-11-04,15,{'JAM'},{'JAM_HEAVY_TRAFFIC'},33,{2},5.0
2e68e62f,2e68e62fc,2020-11-07,11,{'JAM'},{'JAM_STAND_STILL_TRAFFIC'},22,{2},5.0
2e68e62f,2e68e62fc,2020-11-07,12,{'JAM'},{'JAM_HEAVY_TRAFFIC'},18,{2},5.944444444444445
2e68e62f,2e68e62fc,2020-11-07,13,{'JAM'},{'JAM_HEAVY_TRAFFIC'},31,{2},5.67741935483871
2e68e62f,2e68e62fc,2020-11-07,15,{'JAM'},{'JAM_HEAVY_TRAFFIC'},45,{2},5.4
2e68e62f,2e68e62fc,2020-11-08,12,{'JAM'},{'JAM_HEAVY_TRAFFIC'},32,{2},5.96875
2e68e62f,2e68e62fc,2020-11-13,15,{'JAM'},{'JAM_HEAVY_TRAFFIC'},48,{2},5.833333333333333
2e68e62f,2e68e62fc,2020-11-13,16,{'JAM'},{'JAM_MODERATE_TRAFFIC'},31,{2},5.0
2e68e62f,2e68e62fc,2020-11-13,17,{'JAM'},{'JAM_STAND_STILL_TRAFFIC'},32,{2},5.0
2e68e62f,2e68e62fc,2020-11-13,18,{'JAM'},{'JAM_STAND_STILL_TRAFFIC'},13,{2},5.0
2e68e62f,2e68e62fc,2020-11-14,15,{'JAM'},{'JAM_MODERATE_TRAFFIC'},32,{2},6.0
2e68e62f,2e68e62fc,2020-11-14,17,{'JAM'},{'JAM_STAND_STILL_TRAFFIC'},20,{2},6.0
2e68e62f,2e68e62fc,2020-11-14,19,{'JAM'},{'JAM_STAND_STILL_TRAFFIC'},30,{2},5.0
2e68e62f,2e68e62fc,2020-11-15,16,{'JAM'},{'JAM_STAND_STILL_TRAFFIC'},31,{2},5.0
2e68e62f,2e68e62fc,2020-11-21,11,{'JAM'},{'JAM_MODERATE_TRAFFIC'},19,{2},5.2105263157894735
2e68e62f,2e68e62fc,2020-11-21,13,{'JAM'},{'JAM_STAND_STILL_TRAFFIC'},1,{2},5.0
2e68e631,2e68e6304,2020-09-02,10,{'JAM'},{'JAM_MODERATE_TRAFFIC'},7,{7},5.0
2e68e631,2e68e6304,2020-10-12,16,{'JAM'},{'JAM_HEAVY_TRAFFIC'},24,{7},5.0
2e68e631,2e68e6304,2020-10-12,18,{'JAM'},{'JAM_HEAVY_TRAFFIC'},20,{7},5.0
2e68e631,2e68e6304,2020-10-25,18,{'JAM'},{'JAM'},15,{7},5.0
2e68e631,2e68e6304,2020-10-26,12,{'JAM'},{'JAM_STAND_STILL_TRAFFIC'},25,{7},5.36
2e68e631,2e68e6304,2020-10-30,18,{'JAM'},{'JAM_HEAVY_TRAFFIC'},10,{7},5.0
2e68e631,2e68e6304,2020-11-03,11,{'JAM'},{'JAM_STAND_STILL_TRAFFIC'},6,{7},5.0
2e68e631,2e68e6304,2020-11-13,17,{'WEATHERHAZARD'},{'WEATHERHAZARD'},33,{1},5.0
2e68e631,2e68e630c,2020-09-03,19,{'JAM'},{'JAM_STAND_STILL_TRAFFIC'},22,{7},5.0
2e68e631,2e68e630c,2020-09-12,18,{'JAM'},{'JAM_STAND_STILL_TRAFFIC'},5,{7},5.2
2e68e631,2e68e630c,2020-09-24,13,{'WEATHERHAZARD'},{'HAZARD_ON_SHOULDER_CAR_STOPPED'},5,{7},5.6
2e68e631,2e68e630c,2020-10-13,17,{'JAM'},{'JAM_HEAVY_TRAFFIC'},5,{7},5.0
2e68e631,2e68e630c,2020-10-19,14,{'JAM'},{'JAM_STAND_STILL_TRAFFIC'},5,{7},5.0
2e68e631,2e68e630c,2020-10-27,18,{'JAM'},{'JAM_STAND_STILL_TRAFFIC'},7,{7},5.428571428571429
2e68e631,2e68e630c,2020-11-10,20,{'JAM'},{'JAM_STAND_STILL_TRAFFIC'},35,{7},6.828571428571428
2e68e631,2e68e630c,2020-11-14,22,{'WEATHERHAZARD'},{'WEATHERHAZARD'},16,{7},6.0
2e68e631,2e68e630c,2020-11-15,20,{'WEATHERHAZARD'},{'WEATHERHAZARD'},20,{7},6.3
2e68e631,2e68e630c,2020-11-17,17,{'JAM'},{'JAM_STAND_STILL_TRAFFIC'},14,{7},5.0
2e68e631,2e68e630c,2020-11-18,11,{'JAM'},{'JAM_STAND_STILL_TRAFFIC'},29,{7},5.655172413793103
2e68e631,2e68e6314,2020-09-19,15,{'JAM'},{'JAM_HEAVY_TRAFFIC'},9,{2},5.0
2e68e631,2e68e6314,2020-09-23,14,{'JAM'},{'JAM_HEAVY_TRAFFIC'},42,{2},5.380952380952381
2e68e631,2e68e6314,2020-09-25,9,{'JAM'},{'JAM_MODERATE_TRAFFIC'},19,{2},5.0
2e68e631,2e68e6314,2020-10-02,15,{'JAM'},{'JAM_STAND_STILL_TRAFFIC'},42,{2},5.357142857142857
2e68e631,2e68e6314,2020-10-30,19,{'WEATHERHAZARD'},{'HAZARD_ON_ROAD_CAR_STOPPED'},10,{2},6.4
2e68e631,2e68e6314,2020-11-04,13,{'JAM'},{'JAM_STAND_STILL_TRAFFIC'},24,{2},5.0
2e68e631,2e68e6314,2020-11-07,17,{'JAM'},{'JAM_HEAVY_TRAFFIC'},12,{2},5.0
2e68e631,2e68e6314,2020-11-12,17,{'JAM'},{'JAM_STAND_STILL_TRAFFIC'},30,{2},5.0
2e68e631,2e68e631c,2020-09-19,15,{'JAM'},{'JAM_HEAVY_TRAFFIC'},24,{2},5.0
2e68e631,2e68e631c,2020-10-24,11,{'JAM'},{'JAM_MODERATE_TRAFFIC'},30,{2},5.0
2e68e631,2e68e631c,2020-10-29,20,{'JAM'},{'JAM_MODERATE_TRAFFIC'},10,{2},5.0
2e68e631,2e68e631c,2020-11-07,17,{'JAM'},{'JAM_HEAVY_TRAFFIC'},11,{2},5.0
2e68e631,2e68e631c,2020-11-12,16,{'JAM'},{'JAM_HEAVY_TRAFFIC'},17,{2},5.0
2e68e631,2e68e631c,2020-11-14,16,{'JAM'},{'JAM_HEAVY_TRAFFIC'},15,{2},6.2
2e68e633,2e68e6324,2020-09-01,11,{'JAM'},{'JAM_HEAVY_TRAFFIC'},32,{2},5.0
2e68e633,2e68e6324,2020-09-06,12,{'ACCIDENT'},{'ACCIDENT'},120,{2},5.0
2e68e633,2e68e6324,2020-09-06,16,{'JAM'},{'JAM_HEAVY_TRAFFIC'},16,{2},5.0
2e68e633,2e68e6324,2020-09-12,16,{'JAM'},{'JAM_STAND_STILL_TRAFFIC'},36,{2},5.5
2e68e633,2e68e6324,2020-09-29,20,{'JAM'},{'JAM_STAND_STILL_TRAFFIC'},7,{2},5.0
2e68e633,2e68e6324,2020-10-02,14,{'JAM'},{'JAM_MODERATE_TRAFFIC'},30,{2},5.0
2e68e633,2e68e6324,2020-10-03,15,{'JAM'},{'JAM_STAND_STILL_TRAFFIC'},31,{1},7.548387096774194
2e68e633,2e68e6324,2020-10-07,11,{'JAM'},{'JAM'},32,{2},5.0
2e68e633,2e68e6324,2020-10-08,11,{'JAM'},{'JAM_HEAVY_TRAFFIC'},30,{2},5.0
2e68e633,2e68e6324,2020-10-13,14,{'JAM'},{'JAM_HEAVY_TRAFFIC'},31,{2},5.0
2e68e633,2e68e6324,2020-10-19,15,{'JAM'},{'JAM_STAND_STILL_TRAFFIC'},36,{2},6.222222222222222
2e68e633,2e68e6324,2020-10-21,14,{'JAM'},{'JAM_MODERATE_TRAFFIC'},31,{2},5.0
2e68e633,2e68e6324,2020-10-28,13,{'JAM'},{'JAM_STAND_STILL_TRAFFIC'},40,{2},6.25
2e68e633,2e68e6324,2020-10-29,15,{'JAM'},{'JAM_HEAVY_TRAFFIC'},41,{2},5.390243902439025
2e68e633,2e68e6324,2020-11-09,13,{'JAM'},{'JAM_STAND_STILL_TRAFFIC'},34,{2},5.0
2e68e633,2e68e6324,2020-11-12,9,{'JAM'},{'JAM_MODERATE_TRAFFIC'},37,{1},5.405405405405405
2e68e633,2e68e6324,2020-11-22,12,{'WEATHERHAZARD'},{'WEATHERHAZARD'},32,{1},5.0
2e68e633,2e68e632c,2020-10-10,15,{'JAM'},{'JAM_STAND_STILL_TRAFFIC'},30,{1},7.233333333333333
2e68e635,2e68e6344,2020-09-01,13,{'JAM'},{'JAM_STAND_STILL_TRAFFIC'},25,{1},5.96
2e68e635,2e68e6344,2020-09-07,14,{'ROAD_CLOSED'},{'ROAD_CLOSED_EVENT'},119405,{2},8.713931577404631
2e68e635,2e68e6344,2020-09-10,12,{'JAM'},{'JAM_HEAVY_TRAFFIC'},31,{1},5.0
2e68e635,2e68e6344,2020-09-10,14,{'JAM'},{'JAM_STAND_STILL_TRAFFIC'},30,{1},5.0
2e68e635,2e68e6344,2020-09-11,13,{'JAM'},{'JAM_HEAVY_TRAFFIC'},17,{1},6.0
2e68e635,2e68e6344,2020-09-15,16,{'JAM'},{'JAM_STAND_STILL_TRAFFIC'},6,{1},5.0
2e68e635,2e68e6344,2020-09-15,18,{'JAM'},{'JAM_STAND_STILL_TRAFFIC'},31,{1},5.0
2e68e635,2e68e6344,2020-09-24,10,{'JAM'},{'JAM_STAND_STILL_TRAFFIC'},33,{1},5.96969696969697
2e68e635,2e68e6344,2020-09-27,15,{'JAM'},{'JAM_HEAVY_TRAFFIC'},18,{1},5.0
2e68e635,2e68e6344,2020-10-02,16,{'JAM'},{'JAM_STAND_STILL_TRAFFIC'},31,{1},5.516129032258065
2e68e635,2e68e6344,2020-10-05,10,{'JAM'},{'JAM_MODERATE_TRAFFIC'},31,{1},5.0
2e68e635,2e68e6344,2020-10-11,16,{'JAM'},{'JAM_STAND_STILL_TRAFFIC'},17,{1},5.0
2e68e635,2e68e6344,2020-10-12,14,{'JAM'},{'JAM_STAND_STILL_TRAFFIC'},6,{1},5.0
2e68e635,2e68e6344,2020-10-15,11,{'JAM'},{'JAM_HEAVY_TRAFFIC'},12,{1},5.916666666666667
2e68e635,2e68e6344,2020-10-21,14,{'JAM'},{'JAM_HEAVY_TRAFFIC'},21,{1},5.476190476190476
2e68e635,2e68e6344,2020-10-25,16,{'WEATHERHAZARD'},{'WEATHERHAZARD'},22,{1},5.090909090909091
2e68e635,2e68e6344,2020-10-26,15,{'JAM'},{'JAM_HEAVY_TRAFFIC'},36,{1},7.194444444444445
2e68e635,2e68e6344,2020-10-27,13,{'JAM'},{'JAM_STAND_STILL_TRAFFIC'},38,{1},5.605263157894737
2e68e635,2e68e6344,2020-10-28,13,{'JAM'},{'JAM_STAND_STILL_TRAFFIC'},44,{1},6.204545454545454
2e68e635,2e68e6344,2020-10-30,13,{'JAM'},{'JAM_HEAVY_TRAFFIC'},34,{1},7.352941176470588
2e68e635,2e68e6344,2020-10-30,14,{'JAM'},{'JAM_STAND_STILL_TRAFFIC'},41,{1},6.024390243902439
2e68e635,2e68e6344,2020-10-31,10,{'JAM'},{'JAM_HEAVY_TRAFFIC'},41,{1},5.390243902439025
2e68e635,2e68e6344,2020-11-01,16,{'JAM'},{'JAM_STAND_STILL_TRAFFIC'},30,{1},6.4
2e68e635,2e68e6344,2020-11-03,10,{'JAM'},{'JAM_STAND_STILL_TRAFFIC'},30,{1},5.0
2e68e635,2e68e6344,2020-11-06,13,{'JAM'},{'JAM_HEAVY_TRAFFIC'},30,{1},5.566666666666666
2e68e635,2e68e6344,2020-11-06,17,{'JAM'},{'JAM_STAND_STILL_TRAFFIC'},27,{1},7.148148148148148
2e68e635,2e68e6344,2020-11-10,11,{'JAM'},{'JAM_MODERATE_TRAFFIC'},32,{1},5.0
2e68e635,2e68e6344,2020-11-11,14,{'JAM'},{'JAM_HEAVY_TRAFFIC'},30,{1},5.5
2e68e635,2e68e6344,2020-11-14,11,{'JAM'},{'JAM_STAND_STILL_TRAFFIC'},30,{1},5.966666666666667
2e68e635,2e68e6344,2020-11-14,12,{'JAM'},{'JAM_STAND_STILL_TRAFFIC'},18,{1},5.5
2e68e635,2e68e6344,2020-11-19,10,{'JAM'},{'JAM_STAND_STILL_TRAFFIC'},25,{1},5.0
2e68e635,2e68e6354,2020-10-03,15,{'JAM'},{'JAM_STAND_STILL_TRAFFIC'},32,{1},6.0
2e68e635,2e68e6354,2020-10-20,14,{'JAM'},{'JAM_STAND_STILL_TRAFFIC'},30,{1},5.0
2e68e635,2e68e6354,2020-10-29,12,{'JAM'},{'JAM'},30,{1},5.0
2e68e635,2e68e635c,2020-09-12,19,{'JAM'},{'JAM_STAND_STILL_TRAFFIC'},10,{2},6.9
2e68e635,2e68e635c,2020-10-04,15,{'JAM'},{'JAM_HEAVY_TRAFFIC'},32,{2},5.0
2e68e635,2e68e635c,2020-10-11,16,{'JAM'},{'JAM_STAND_STILL_TRAFFIC'},32,{2},5.0
2e68e635,2e68e635c,2020-10-17,19,{'JAM'},{'JAM_STAND_STILL_TRAFFIC'},32,{2},5.0
2e68e635,2e68e635c,2020-10-21,14,{'JAM'},{'JAM_STAND_STILL_TRAFFIC'},25,{2},5.84
2e68e635,2e68e635c,2020-10-21,16,{'JAM'},{'JAM_MODERATE_TRAFFIC'},30,{2},5.0
2e68e635,2e68e635c,2020-10-30,14,{'JAM'},{'JAM_HEAVY_TRAFFIC'},45,{2},7.288888888888889
2e68e635,2e68e635c,2020-10-30,16,{'JAM'},{'JAM_HEAVY_TRAFFIC'},36,{2},6.555555555555555
2e68e635,2e68e635c,2020-11-02,14,{'JAM'},{'JAM_MODERATE_TRAFFIC'},31,{2},5.0
2e68e635,2e68e635c,2020-11-03,12,{'JAM'},{'JAM_HEAVY_TRAFFIC'},36,{2},5.416666666666667
2e68e635,2e68e635c,2020-11-07,16,{'JAM'},{'JAM_STAND_STILL_TRAFFIC'},33,{2},5.0
2e68e635,2e68e635c,2020-11-09,16,{'JAM'},{'JAM_STAND_STILL_TRAFFIC'},42,{2},6.380952380952381
2e68e635,2e68e635c,2020-11-13,15,{'JAM'},{'JAM_HEAVY_TRAFFIC'},31,{2},5.838709677419355
2e68e635,2e68e635c,2020-11-14,22,{'JAM'},{'JAM_STAND_STILL_TRAFFIC'},35,{2},5.257142857142857
2e68e635,2e68e635c,2020-11-17,17,{'JAM'},{'JAM_STAND_STILL_TRAFFIC'},31,{1},5.064516129032258
2e68e635,2e68e635c,2020-11-17,18,{'JAM'},{'JAM'},21,{1},5.0
2e68e635,2e68e635c,2020-11-22,15,{'JAM'},{'JAM_HEAVY_TRAFFIC'},20,{2},5.0
2e68e637,2e68e6364,2020-09-07,13,{'ROAD_CLOSED'},{'ROAD_CLOSED_EVENT'},91192,{2},8.913227037459427
2e68e637,2e68e6364,2020-09-24,10,{'JAM'},{'JAM_STAND_STILL_TRAFFIC'},28,{2},5.0
2e68e637,2e68e6364,2020-09-27,14,{'JAM'},{'JAM_STAND_STILL_TRAFFIC'},30,{2},5.0
2e68e637,2e68e6364,2020-10-02,14,{'JAM'},{'JAM_HEAVY_TRAFFIC'},6,{2},8.0
2e68e637,2e68e6364,2020-10-11,14,{'JAM'},{'JAM_STAND_STILL_TRAFFIC'},30,{2},5.733333333333333
2e68e637,2e68e6364,2020-10-27,13,"{'JAM', 'WEATHERHAZARD'}","{'HAZARD_ON_ROAD_CONSTRUCTION', 'JAM_HEAVY_TRAFFIC'}",70,{2},6.057142857142857
2e68e637,2e68e6364,2020-11-10,19,{'ROAD_CLOSED'},{'ROAD_CLOSED_EVENT'},28185,{2},6.1099875820471885
2e68e637,2e68e636c,2020-10-01,10,{'JAM'},{'JAM_STAND_STILL_TRAFFIC'},11,{2},5.0
2e68e637,2e68e636c,2020-10-09,15,{'JAM'},{'JAM_STAND_STILL_TRAFFIC'},9,{2},5.444444444444445
2e68e637,2e68e6374,2020-10-06,11,{'JAM'},{'JAM_HEAVY_TRAFFIC'},17,{7},5.0
2e68e637,2e68e6374,2020-10-12,16,{'JAM'},{'JAM_HEAVY_TRAFFIC'},17,{7},5.0
2e68e637,2e68e6374,2020-10-16,20,{'JAM'},{'JAM_MODERATE_TRAFFIC'},5,{7},5.0
2e68e637,2e68e6374,2020-10-23,17,{'JAM'},{'JAM_MODERATE_TRAFFIC'},33,{7},5.0
2e68e637,2e68e6374,2020-11-04,13,{'JAM'},{'JAM_STAND_STILL_TRAFFIC'},18,{7},6.0
2e68e637,2e68e6374,2020-11-14,20,{'JAM'},{'JAM_MODERATE_TRAFFIC'},30,{7},5.0
2e68e637,2e68e637c,2020-09-01,9,{'ROAD_CLOSED'},{'ROAD_CLOSED_EVENT'},2157,{2},6.0
2e68e637,2e68e637c,2020-09-02,9,{'ROAD_CLOSED'},{'ROAD_CLOSED_EVENT'},2165,{2},6.0
2e68e637,2e68e637c,2020-09-03,9,{'ROAD_CLOSED'},{'ROAD_CLOSED_EVENT'},2160,{2},6.0
2e68e637,2e68e637c,2020-09-04,9,{'ROAD_CLOSED'},{'ROAD_CLOSED_EVENT'},2152,{2},6.0
2e68e637,2e68e637c,2020-09-04,16,{'JAM'},{'JAM_MODERATE_TRAFFIC'},30,{7},5.0
2e68e637,2e68e637c,2020-09-05,9,{'ROAD_CLOSED'},{'ROAD_CLOSED_EVENT'},2161,{2},6.0
2e68e637,2e68e637c,2020-09-06,9,{'ROAD_CLOSED'},{'ROAD_CLOSED_EVENT'},304,{2},6.0
2e68e637,2e68e637c,2020-09-07,9,{'ROAD_CLOSED'},{'ROAD_CLOSED_EVENT'},2156,{2},6.0
2e68e637,2e68e637c,2020-09-08,9,{'ROAD_CLOSED'},{'ROAD_CLOSED_EVENT'},2164,{2},6.0
2e68e637,2e68e637c,2020-09-09,6,{'ROAD_CLOSED'},{'ROAD_CLOSED_EVENT'},1,{2},6.0
2e68e637,2e68e637c,2020-09-09,9,{'ROAD_CLOSED'},{'ROAD_CLOSED_EVENT'},12,{2},6.0
2e68e637,2e68e637c,2020-09-09,10,{'JAM'},{'JAM_STAND_STILL_TRAFFIC'},6,{7},5.0
2e68e637,2e68e637c,2020-09-09,17,{'ROAD_CLOSED'},{'ROAD_CLOSED_EVENT'},111,{2},6.0
2e68e637,2e68e637c,2020-09-09,21,{'ROAD_CLOSED'},{'ROAD_CLOSED_EVENT'},542,{2},6.0
2e68e637,2e68e637c,2020-09-09,22,{'ROAD_CLOSED'},{'ROAD_CLOSED_EVENT'},1432,{2},6.0
2e68e637,2e68e637c,2020-09-10,9,{'ROAD_CLOSED'},{'ROAD_CLOSED_EVENT'},672,{2},6.0
2e68e637,2e68e637c,2020-09-10,16,{'JAM'},{'JAM_STAND_STILL_TRAFFIC'},12,{7},5.0
2e68e637,2e68e637c,2020-09-10,21,{'ROAD_CLOSED'},{'ROAD_CLOSED_EVENT'},1077,{2},6.0
2e68e637,2e68e637c,2020-09-10,22,{'ROAD_CLOSED'},{'ROAD_CLOSED_EVENT'},477,{2},6.0
2e68e637,2e68e637c,2020-09-11,9,{'ROAD_CLOSED'},{'ROAD_CLOSED_EVENT'},124,{2},6.0
2e68e637,2e68e637c,2020-09-11,21,{'ROAD_CLOSED'},{'ROAD_CLOSED_EVENT'},2157,{2},6.0
2e68e637,2e68e637c,2020-09-12,9,{'ROAD_CLOSED'},{'ROAD_CLOSED_EVENT'},128,{2},6.0
2e68e637,2e68e637c,2020-09-12,21,{'ROAD_CLOSED'},{'ROAD_CLOSED_EVENT'},1,{2},6.0
2e68e637,2e68e637c,2020-09-12,23,{'ROAD_CLOSED'},{'ROAD_CLOSED_EVENT'},1227,{2},6.0
2e68e637,2e68e637c,2020-09-13,0,{'ROAD_CLOSED'},{'ROAD_CLOSED_EVENT'},358,{2},6.0
2e68e637,2e68e637c,2020-09-13,6,{'ROAD_CLOSED'},{'ROAD_CLOSED_EVENT'},13,{2},6.0
2e68e637,2e68e637c,2020-09-13,9,{'ROAD_CLOSED'},{'ROAD_CLOSED_EVENT'},2283,{2},6.0
2e68e637,2e68e637c,2020-09-14,9,{'ROAD_CLOSED'},{'ROAD_CLOSED_EVENT'},2287,{2},6.0
2e68e637,2e68e637c,2020-09-15,6,{'ROAD_CLOSED'},{'ROAD_CLOSED_EVENT'},2,{2},6.0
2e68e637,2e68e637c,2020-09-15,9,{'ROAD_CLOSED'},{'ROAD_CLOSED_EVENT'},2282,{2},6.0
2e68e637,2e68e637c,2020-09-16,9,{'ROAD_CLOSED'},{'ROAD_CLOSED_EVENT'},2284,{2},6.0
2e68e637,2e68e637c,2020-09-17,9,{'ROAD_CLOSED'},{'ROAD_CLOSED_EVENT'},1577,{2},6.0
2e68e637,2e68e637c,2020-09-18,9,{'ROAD_CLOSED'},{'ROAD_CLOSED_EVENT'},2287,{2},6.0
2e68e637,2e68e637c,2020-09-18,21,{'ROAD_CLOSED'},{'ROAD_CLOSED_EVENT'},480,{2},6.0
2e68e637,2e68e637c,2020-09-19,2,{'ROAD_CLOSED'},{'ROAD_CLOSED_EVENT'},493,{2},6.0
2e68e637,2e68e637c,2020-09-19,6,{'ROAD_CLOSED'},{'ROAD_CLOSED_EVENT'},1,{2},6.0
2e68e637,2e68e637c,2020-09-19,9,{'ROAD_CLOSED'},{'ROAD_CLOSED_EVENT'},2296,{2},6.0
2e68e637,2e68e637c,2020-09-19,11,{'ROAD_CLOSED'},{'ROAD_CLOSED_EVENT'},1,{2},6.0
2e68e637,2e68e637c,2020-09-19,12,{'JAM'},{'JAM_HEAVY_TRAFFIC'},9,{7},5.0
2e68e637,2e68e637c,2020-09-19,15,"{'JAM', 'ROAD_CLOSED'}","{'ROAD_CLOSED_EVENT', 'JAM_HEAVY_TRAFFIC'}",93,"{2, 7}",5.989247311827957
2e68e637,2e68e637c,2020-09-19,16,{'ROAD_CLOSED'},{'ROAD_CLOSED_EVENT'},575,"{2, 7}",6.0
2e68e637,2e68e637c,2020-09-19,21,{'ROAD_CLOSED'},{'ROAD_CLOSED_EVENT'},619,"{2, 7}",6.0
2e68e637,2e68e637c,2020-09-20,2,{'ROAD_CLOSED'},{'ROAD_CLOSED_EVENT'},605,"{2, 7}",6.08099173553719
2e68e637,2e68e637c,2020-09-20,9,{'ROAD_CLOSED'},{'ROAD_CLOSED_EVENT'},2849,"{2, 7}",6.0
2e68e637,2e68e637c,2020-09-20,21,{'ROAD_CLOSED'},{'ROAD_CLOSED_EVENT'},610,"{2, 7}",6.0
2e68e637,2e68e637c,2020-09-21,2,{'ROAD_CLOSED'},{'ROAD_CLOSED_EVENT'},599,"{2, 7}",6.090150250417362
2e68e637,2e68e637c,2020-09-21,6,{'ROAD_CLOSED'},{'ROAD_CLOSED_EVENT'},2,{7},6.0
2e68e637,2e68e637c,2020-09-21,9,{'ROAD_CLOSED'},{'ROAD_CLOSED_EVENT'},2848,"{2, 7}",6.0
2e68e637,2e68e637c,2020-09-21,16,{'ROAD_CLOSED'},{'ROAD_CLOSED_EVENT'},12,"{2, 7}",6.0
2e68e637,2e68e637c,2020-09-21,21,{'ROAD_CLOSED'},{'ROAD_CLOSED_EVENT'},615,"{2, 7}",6.0
2e68e637,2e68e637c,2020-09-22,2,{'ROAD_CLOSED'},{'ROAD_CLOSED_EVENT'},589,"{2, 7}",6.0
2e68e637,2e68e637c,2020-09-22,9,{'ROAD_CLOSED'},{'ROAD_CLOSED_EVENT'},2859,"{2, 7}",6.0
2e68e637,2e68e637c,2020-09-22,21,{'ROAD_CLOSED'},{'ROAD_CLOSED_EVENT'},620,"{2, 7}",6.0
2e68e637,2e68e637c,2020-09-23,2,{'ROAD_CLOSED'},{'ROAD_CLOSED_EVENT'},604,"{2, 7}",6.0
2e68e637,2e68e637c,2020-09-23,6,{'ROAD_CLOSED'},{'ROAD_CLOSED_EVENT'},4,"{2, 7}",6.0
2e68e637,2e68e637c,2020-09-23,9,{'ROAD_CLOSED'},{'ROAD_CLOSED_EVENT'},2850,"{2, 7}",6.0
2e68e637,2e68e637c,2020-09-23,11,{'ROAD_CLOSED'},{'ROAD_CLOSED_EVENT'},1,{2},6.0
2e68e637,2e68e637c,2020-09-23,16,{'ROAD_CLOSED'},{'ROAD_CLOSED_EVENT'},4,{2},6.0
2e68e637,2e68e637c,2020-09-23,21,{'ROAD_CLOSED'},{'ROAD_CLOSED_EVENT'},615,"{2, 7}",6.0
2e68e637,2e68e637c,2020-09-24,2,{'ROAD_CLOSED'},{'ROAD_CLOSED_EVENT'},617,"{2, 7}",6.0
2e68e637,2e68e637c,2020-09-24,6,{'ROAD_CLOSED'},{'ROAD_CLOSED_EVENT'},1,{2},6.0
2e68e637,2e68e637c,2020-09-24,9,{'ROAD_CLOSED'},{'ROAD_CLOSED_EVENT'},2870,"{2, 7}",6.0
2e68e637,2e68e637c,2020-09-24,11,{'ROAD_CLOSED'},{'ROAD_CLOSED_EVENT'},8,{2},6.0
2e68e637,2e68e637c,2020-09-24,21,{'ROAD_CLOSED'},{'ROAD_CLOSED_EVENT'},609,"{2, 7}",6.0
2e68e637,2e68e637c,2020-09-25,2,{'ROAD_CLOSED'},{'ROAD_CLOSED_EVENT'},612,"{2, 7}",6.0
2e68e637,2e68e637c,2020-09-25,9,{'ROAD_CLOSED'},{'ROAD_CLOSED_EVENT'},2856,"{2, 7}",6.0
2e68e637,2e68e637c,2020-09-25,11,{'ROAD_CLOSED'},{'ROAD_CLOSED_EVENT'},4,{2},6.0
2e68e637,2e68e637c,2020-09-25,21,{'ROAD_CLOSED'},{'ROAD_CLOSED_EVENT'},610,"{2, 7}",6.0
2e68e637,2e68e637c,2020-09-26,2,{'ROAD_CLOSED'},{'ROAD_CLOSED_EVENT'},611,"{2, 7}",6.0
2e68e637,2e68e637c,2020-09-26,9,{'ROAD_CLOSED'},{'ROAD_CLOSED_EVENT'},572,{7},6.0
2e68e637,2e68e637c,2020-09-26,11,{'ROAD_CLOSED'},{'ROAD_CLOSED_EVENT'},4,{2},6.0
2e68e637,2e68e637c,2020-09-26,21,{'ROAD_CLOSED'},{'ROAD_CLOSED_EVENT'},540,"{2, 7}",6.0
2e68e637,2e68e637c,2020-09-27,2,{'ROAD_CLOSED'},{'ROAD_CLOSED_EVENT'},630,"{2, 7}",6.0
2e68e637,2e68e637c,2020-09-27,9,{'ROAD_CLOSED'},{'ROAD_CLOSED_EVENT'},574,{7},6.0
2e68e637,2e68e637c,2020-09-27,21,{'ROAD_CLOSED'},{'ROAD_CLOSED_EVENT'},605,"{2, 7}",6.0
2e68e637,2e68e637c,2020-09-28,2,{'ROAD_CLOSED'},{'ROAD_CLOSED_EVENT'},602,"{2, 7}",6.0
2e68e637,2e68e637c,2020-09-28,9,{'ROAD_CLOSED'},{'ROAD_CLOSED_EVENT'},2740,"{2, 7}",6.0
2e68e637,2e68e637c,2020-09-28,21,{'ROAD_CLOSED'},{'ROAD_CLOSED_EVENT'},615,"{2, 7}",6.0
2e68e637,2e68e637c,2020-09-29,2,{'ROAD_CLOSED'},{'ROAD_CLOSED_EVENT'},614,"{2, 7}",6.0
2e68e637,2e68e637c,2020-09-29,9,{'ROAD_CLOSED'},{'ROAD_CLOSED_EVENT'},2737,"{2, 7}",6.0
2e68e637,2e68e637c,2020-09-29,11,{'ROAD_CLOSED'},{'ROAD_CLOSED_EVENT'},7,"{2, 7}",6.0
2e68e637,2e68e637c,2020-09-29,16,{'ROAD_CLOSED'},{'ROAD_CLOSED_EVENT'},4,"{2, 7}",6.0
2e68e637,2e68e637c,2020-09-29,21,{'ROAD_CLOSED'},{'ROAD_CLOSED_EVENT'},615,"{2, 7}",6.0
2e68e637,2e68e637c,2020-09-30,2,{'ROAD_CLOSED'},{'ROAD_CLOSED_EVENT'},563,"{2, 7}",6.0
2e68e637,2e68e637c,2020-09-30,9,{'ROAD_CLOSED'},{'ROAD_CLOSED_EVENT'},2725,"{2, 7}",6.0
2e68e637,2e68e637c,2020-09-30,21,{'ROAD_CLOSED'},{'ROAD_CLOSED_EVENT'},600,"{2, 7}",6.0
2e68e637,2e68e637c,2020-10-01,2,{'ROAD_CLOSED'},{'ROAD_CLOSED_EVENT'},604,"{2, 7}",6.0
2e68e637,2e68e637c,2020-10-01,6,{'ROAD_CLOSED'},{'ROAD_CLOSED_EVENT'},6,"{2, 7}",6.0
2e68e637,2e68e637c,2020-10-01,9,{'ROAD_CLOSED'},{'ROAD_CLOSED_EVENT'},2163,{2},6.0
2e68e637,2e68e637c,2020-10-01,11,{'ROAD_CLOSED'},{'ROAD_CLOSED_EVENT'},1,{2},6.0
2e68e637,2e68e637c,2020-10-01,16,{'ROAD_CLOSED'},{'ROAD_CLOSED_EVENT'},2,{2},6.0
2e68e637,2e68e637c,2020-10-02,6,{'ROAD_CLOSED'},{'ROAD_CLOSED_EVENT'},2,{2},6.0
2e68e637,2e68e637c,2020-10-02,9,{'ROAD_CLOSED'},{'ROAD_CLOSED_EVENT'},2161,{2},6.0
2e68e637,2e68e637c,2020-10-03,6,{'ROAD_CLOSED'},{'ROAD_CLOSED_EVENT'},1,{2},6.0
2e68e637,2e68e637c,2020-10-03,9,{'ROAD_CLOSED'},{'ROAD_CLOSED_EVENT'},2166,{2},6.0
2e68e637,2e68e637c,2020-10-04,9,{'ROAD_CLOSED'},{'ROAD_CLOSED_EVENT'},2152,{2},6.0
2e68e637,2e68e637c,2020-10-04,12,{'ROAD_CLOSED'},{'ROAD_CLOSED_EVENT'},601,{7},6.0
2e68e637,2e68e637c,2020-10-04,21,{'ROAD_CLOSED'},{'ROAD_CLOSED_EVENT'},70,{7},6.0
2e68e637,2e68e637c,2020-10-05,2,{'ROAD_CLOSED'},{'ROAD_CLOSED_EVENT'},123,{7},6.0
2e68e637,2e68e637c,2020-10-05,9,{'ROAD_CLOSED'},{'ROAD_CLOSED_EVENT'},2158,{2},6.0
2e68e637,2e68e637c,2020-10-05,10,{'ROAD_CLOSED'},{'ROAD_CLOSED_EVENT'},477,{7},6.0
2e68e637,2e68e637c,2020-10-06,2,{'ROAD_CLOSED'},{'ROAD_CLOSED_EVENT'},123,{7},6.0
2e68e637,2e68e637c,2020-10-06,6,{'ROAD_CLOSED'},{'ROAD_CLOSED_EVENT'},4,{2},6.0
2e68e637,2e68e637c,2020-10-06,9,{'ROAD_CLOSED'},{'ROAD_CLOSED_EVENT'},2154,{2},6.0
2e68e637,2e68e637c,2020-10-06,10,{'ROAD_CLOSED'},{'ROAD_CLOSED_EVENT'},481,{7},6.0
2e68e637,2e68e637c,2020-10-07,2,{'ROAD_CLOSED'},{'ROAD_CLOSED_EVENT'},123,{7},6.0
2e68e637,2e68e637c,2020-10-07,6,{'ROAD_CLOSED'},{'ROAD_CLOSED_EVENT'},1,{2},6.0
2e68e637,2e68e637c,2020-10-07,9,{'ROAD_CLOSED'},{'ROAD_CLOSED_EVENT'},2149,{2},6.0
2e68e637,2e68e637c,2020-10-07,10,{'ROAD_CLOSED'},{'ROAD_CLOSED_EVENT'},571,"{2, 7}",6.0
2e68e637,2e68e637c,2020-10-07,15,{'ROAD_CLOSED'},{'ROAD_CLOSED_EVENT'},114,{2},6.0
2e68e637,2e68e637c,2020-10-07,21,{'ROAD_CLOSED'},{'ROAD_CLOSED_EVENT'},375,"{2, 7}",6.0
2e68e637,2e68e637c,2020-10-08,2,{'ROAD_CLOSED'},{'ROAD_CLOSED_EVENT'},355,"{2, 7}",6.0
2e68e637,2e68e637c,2020-10-08,8,{'WEATHERHAZARD'},{'HAZARD_ON_ROAD_POT_HOLE'},155,{7},6.735483870967742
2e68e637,2e68e637c,2020-10-08,9,{'ROAD_CLOSED'},{'ROAD_CLOSED_EVENT'},2172,{2},6.0
2e68e637,2e68e637c,2020-10-08,10,{'ROAD_CLOSED'},{'ROAD_CLOSED_EVENT'},481,{7},6.0
2e68e637,2e68e637c,2020-10-08,18,{'JAM'},{'JAM_STAND_STILL_TRAFFIC'},6,{7},5.166666666666667
2e68e637,2e68e637c,2020-10-08,21,{'ROAD_CLOSED'},{'ROAD_CLOSED_EVENT'},365,"{2, 7}",6.0
2e68e637,2e68e637c,2020-10-09,2,{'ROAD_CLOSED'},{'ROAD_CLOSED_EVENT'},362,"{2, 7}",6.0
2e68e637,2e68e637c,2020-10-09,9,{'ROAD_CLOSED'},{'ROAD_CLOSED_EVENT'},2156,{2},6.0
2e68e637,2e68e637c,2020-10-09,10,{'ROAD_CLOSED'},{'ROAD_CLOSED_EVENT'},483,{7},6.0
2e68e637,2e68e637c,2020-10-09,11,{'ROAD_CLOSED'},{'ROAD_CLOSED_EVENT'},3,"{2, 7}",6.0
2e68e637,2e68e637c,2020-10-09,16,{'ROAD_CLOSED'},{'ROAD_CLOSED_EVENT'},12,"{2, 7}",6.0
2e68e637,2e68e637c,2020-10-09,21,{'ROAD_CLOSED'},{'ROAD_CLOSED_EVENT'},366,"{2, 7}",6.0
2e68e637,2e68e637c,2020-10-10,2,{'ROAD_CLOSED'},{'ROAD_CLOSED_EVENT'},332,"{2, 7}",6.0
2e68e637,2e68e637c,2020-10-10,9,{'ROAD_CLOSED'},{'ROAD_CLOSED_EVENT'},2155,{2},6.0
2e68e637,2e68e637c,2020-10-10,10,{'ROAD_CLOSED'},{'ROAD_CLOSED_EVENT'},481,{7},6.0
2e68e637,2e68e637c,2020-10-10,11,{'ROAD_CLOSED'},{'ROAD_CLOSED_EVENT'},2,{2},6.0
2e68e637,2e68e637c,2020-10-10,21,{'ROAD_CLOSED'},{'ROAD_CLOSED_EVENT'},366,"{2, 7}",6.0
2e68e637,2e68e637c,2020-10-11,2,{'ROAD_CLOSED'},{'ROAD_CLOSED_EVENT'},366,"{2, 7}",6.0
2e68e637,2e68e637c,2020-10-11,10,{'ROAD_CLOSED'},{'ROAD_CLOSED_EVENT'},1443,"{2, 7}",6.0
2e68e637,2e68e637c,2020-10-11,11,{'ROAD_CLOSED'},{'ROAD_CLOSED_EVENT'},5,"{2, 7}",6.0
2e68e637,2e68e637c,2020-10-11,16,{'ROAD_CLOSED'},{'ROAD_CLOSED_EVENT'},2,{7},6.0
2e68e637,2e68e637c,2020-10-11,21,{'ROAD_CLOSED'},{'ROAD_CLOSED_EVENT'},365,"{2, 7}",6.0
2e68e637,2e68e637c,2020-10-12,2,{'ROAD_CLOSED'},{'ROAD_CLOSED_EVENT'},372,"{2, 7}",6.0
2e68e637,2e68e637c,2020-10-12,6,{'ROAD_CLOSED'},{'ROAD_CLOSED_EVENT'},9,"{2, 7}",6.0
2e68e637,2e68e637c,2020-10-12,10,{'ROAD_CLOSED'},{'ROAD_CLOSED_EVENT'},1443,"{2, 7}",6.0
2e68e637,2e68e637c,2020-10-12,21,{'ROAD_CLOSED'},{'ROAD_CLOSED_EVENT'},366,"{2, 7}",6.0
2e68e637,2e68e637c,2020-10-13,2,{'ROAD_CLOSED'},{'ROAD_CLOSED_EVENT'},368,"{2, 7}",6.0
2e68e637,2e68e637c,2020-10-13,10,{'ROAD_CLOSED'},{'ROAD_CLOSED_EVENT'},1442,"{2, 7}",6.0
2e68e637,2e68e637c,2020-10-13,11,{'ROAD_CLOSED'},{'ROAD_CLOSED_EVENT'},2,{2},6.0
2e68e637,2e68e637c,2020-10-13,16,{'ROAD_CLOSED'},{'ROAD_CLOSED_EVENT'},1,{2},6.0
2e68e637,2e68e637c,2020-10-13,21,{'ROAD_CLOSED'},{'ROAD_CLOSED_EVENT'},362,"{2, 7}",6.0
2e68e637,2e68e637c,2020-10-14,2,{'ROAD_CLOSED'},{'ROAD_CLOSED_EVENT'},371,"{2, 7}",6.272237196765499
2e68e637,2e68e637c,2020-10-14,6,{'ROAD_CLOSED'},{'ROAD_CLOSED_EVENT'},1,{2},6.0
2e68e637,2e68e637c,2020-10-14,10,{'ROAD_CLOSED'},{'ROAD_CLOSED_EVENT'},1445,"{2, 7}",6.0
2e68e637,2e68e637c,2020-10-14,11,{'ROAD_CLOSED'},{'ROAD_CLOSED_EVENT'},1,{2},6.0
2e68e637,2e68e637c,2020-10-14,21,{'ROAD_CLOSED'},{'ROAD_CLOSED_EVENT'},363,"{2, 7}",6.0
2e68e637,2e68e637c,2020-10-15,2,{'ROAD_CLOSED'},{'ROAD_CLOSED_EVENT'},294,"{2, 7}",6.0
2e68e637,2e68e637c,2020-10-15,10,{'ROAD_CLOSED'},{'ROAD_CLOSED_EVENT'},1443,"{2, 7}",6.0
2e68e637,2e68e637c,2020-10-15,21,{'ROAD_CLOSED'},{'ROAD_CLOSED_EVENT'},366,"{2, 7}",6.0
2e68e637,2e68e637c,2020-10-16,2,{'ROAD_CLOSED'},{'ROAD_CLOSED_EVENT'},366,"{2, 7}",6.0
2e68e637,2e68e637c,2020-10-16,10,{'ROAD_CLOSED'},{'ROAD_CLOSED_EVENT'},1451,"{2, 7}",6.0
2e68e637,2e68e637c,2020-10-16,11,{'ROAD_CLOSED'},{'ROAD_CLOSED_EVENT'},3,"{2, 7}",6.0
2e68e637,2e68e637c,2020-10-16,16,{'ROAD_CLOSED'},{'ROAD_CLOSED_EVENT'},1,{2},6.0
2e68e637,2e68e637c,2020-10-16,21,{'ROAD_CLOSED'},{'ROAD_CLOSED_EVENT'},363,"{2, 7}",6.0
2e68e637,2e68e637c,2020-10-17,2,{'ROAD_CLOSED'},{'ROAD_CLOSED_EVENT'},366,"{2, 7}",6.0
2e68e637,2e68e637c,2020-10-17,10,{'ROAD_CLOSED'},{'ROAD_CLOSED_EVENT'},1455,"{2, 7}",6.0
2e68e637,2e68e637c,2020-10-17,11,{'ROAD_CLOSED'},{'ROAD_CLOSED_EVENT'},1,{2},6.0
2e68e637,2e68e637c,2020-10-17,21,{'ROAD_CLOSED'},{'ROAD_CLOSED_EVENT'},378,"{2, 7}",6.0
2e68e637,2e68e637c,2020-10-18,2,{'ROAD_CLOSED'},{'ROAD_CLOSED_EVENT'},363,"{2, 7}",6.0
2e68e637,2e68e637c,2020-10-18,10,{'ROAD_CLOSED'},{'ROAD_CLOSED_EVENT'},1440,"{2, 7}",6.0
2e68e637,2e68e637c,2020-10-18,16,{'ROAD_CLOSED'},{'ROAD_CLOSED_EVENT'},11,"{2, 7}",6.0
2e68e637,2e68e637c,2020-10-18,18,{'ACCIDENT'},{'ACCIDENT'},120,{7},5.0
2e68e637,2e68e637c,2020-10-18,21,{'ROAD_CLOSED'},{'ROAD_CLOSED_EVENT'},362,"{2, 7}",6.0
2e68e637,2e68e637c,2020-10-19,2,{'ROAD_CLOSED'},{'ROAD_CLOSED_EVENT'},357,"{2, 7}",6.0
2e68e637,2e68e637c,2020-10-19,6,{'ROAD_CLOSED'},{'ROAD_CLOSED_EVENT'},5,"{2, 7}",6.0
2e68e637,2e68e637c,2020-10-19,10,{'ROAD_CLOSED'},{'ROAD_CLOSED_EVENT'},1445,"{2, 7}",6.0
2e68e637,2e68e637c,2020-10-19,21,{'ROAD_CLOSED'},{'ROAD_CLOSED_EVENT'},336,"{2, 7}",6.0
2e68e637,2e68e637c,2020-10-20,2,{'ROAD_CLOSED'},{'ROAD_CLOSED_EVENT'},352,"{2, 7}",6.0
2e68e637,2e68e637c,2020-10-20,10,{'ROAD_CLOSED'},{'ROAD_CLOSED_EVENT'},1446,"{2, 7}",6.0
2e68e637,2e68e637c,2020-10-20,21,{'ROAD_CLOSED'},{'ROAD_CLOSED_EVENT'},366,"{2, 7}",6.0
2e68e637,2e68e637c,2020-10-21,2,{'ROAD_CLOSED'},{'ROAD_CLOSED_EVENT'},366,"{2, 7}",6.0
2e68e637,2e68e637c,2020-10-21,10,{'ROAD_CLOSED'},{'ROAD_CLOSED_EVENT'},1428,"{2, 7}",6.0
2e68e637,2e68e637c,2020-10-21,21,{'ROAD_CLOSED'},{'ROAD_CLOSED_EVENT'},346,"{2, 7}",6.300578034682081
2e68e637,2e68e637c,2020-10-22,2,{'ROAD_CLOSED'},{'ROAD_CLOSED_EVENT'},359,"{2, 7}",6.0
2e68e637,2e68e637c,2020-10-22,6,{'ROAD_CLOSED'},{'ROAD_CLOSED_EVENT'},2,{2},6.0
2e68e637,2e68e637c,2020-10-22,10,{'ROAD_CLOSED'},{'ROAD_CLOSED_EVENT'},1449,"{2, 7}",6.0
2e68e637,2e68e637c,2020-10-22,21,{'ROAD_CLOSED'},{'ROAD_CLOSED_EVENT'},369,"{2, 7}",6.0
2e68e637,2e68e637c,2020-10-23,2,{'ROAD_CLOSED'},{'ROAD_CLOSED_EVENT'},371,"{2, 7}",6.0
2e68e637,2e68e637c,2020-10-23,10,{'ROAD_CLOSED'},{'ROAD_CLOSED_EVENT'},1446,"{2, 7}",6.0
2e68e637,2e68e637c,2020-10-23,21,{'ROAD_CLOSED'},{'ROAD_CLOSED_EVENT'},363,"{2, 7}",6.0
2e68e637,2e68e637c,2020-10-24,2,{'ROAD_CLOSED'},{'ROAD_CLOSED_EVENT'},363,"{2, 7}",6.0
2e68e637,2e68e637c,2020-10-24,6,{'ROAD_CLOSED'},{'ROAD_CLOSED_EVENT'},12,"{2, 7}",6.0
2e68e637,2e68e637c,2020-10-24,10,{'ROAD_CLOSED'},{'ROAD_CLOSED_EVENT'},1440,"{2, 7}",6.0
2e68e637,2e68e637c,2020-10-24,16,{'ROAD_CLOSED'},{'ROAD_CLOSED_EVENT'},4,"{2, 7}",6.0
2e68e637,2e68e637c,2020-10-24,21,{'ROAD_CLOSED'},{'ROAD_CLOSED_EVENT'},366,"{2, 7}",6.0
2e68e637,2e68e637c,2020-10-25,2,{'ROAD_CLOSED'},{'ROAD_CLOSED_EVENT'},366,"{2, 7}",6.0
2e68e637,2e68e637c,2020-10-25,10,{'ROAD_CLOSED'},{'ROAD_CLOSED_EVENT'},1446,"{2, 7}",6.0
2e68e637,2e68e637c,2020-10-25,16,{'ROAD_CLOSED'},{'ROAD_CLOSED_EVENT'},1,{2},6.0
2e68e637,2e68e637c,2020-10-25,21,{'ROAD_CLOSED'},{'ROAD_CLOSED_EVENT'},366,"{2, 7}",6.0
2e68e637,2e68e637c,2020-10-26,2,{'ROAD_CLOSED'},{'ROAD_CLOSED_EVENT'},366,"{2, 7}",6.0
2e68e637,2e68e637c,2020-10-26,6,{'ROAD_CLOSED'},{'ROAD_CLOSED_EVENT'},1,{7},6.0
2e68e637,2e68e637c,2020-10-26,10,{'ROAD_CLOSED'},{'ROAD_CLOSED_EVENT'},1452,"{2, 7}",6.0
2e68e637,2e68e637c,2020-10-26,16,{'ROAD_CLOSED'},{'ROAD_CLOSED_EVENT'},1,{2},6.0
2e68e637,2e68e637c,2020-10-26,21,{'ROAD_CLOSED'},{'ROAD_CLOSED_EVENT'},363,"{2, 7}",6.0
2e68e637,2e68e637c,2020-10-27,2,{'ROAD_CLOSED'},{'ROAD_CLOSED_EVENT'},353,"{2, 7}",6.0
2e68e637,2e68e637c,2020-10-27,10,{'ROAD_CLOSED'},{'ROAD_CLOSED_EVENT'},1454,"{2, 7}",6.0
2e68e637,2e68e637c,2020-10-27,16,{'ROAD_CLOSED'},{'ROAD_CLOSED_EVENT'},9,"{2, 7}",6.0
2e68e637,2e68e637c,2020-10-27,21,{'ROAD_CLOSED'},{'ROAD_CLOSED_EVENT'},360,"{2, 7}",6.0
2e68e637,2e68e637c,2020-10-28,2,{'ROAD_CLOSED'},{'ROAD_CLOSED_EVENT'},354,"{2, 7}",6.0
2e68e637,2e68e637c,2020-10-28,10,{'ROAD_CLOSED'},{'ROAD_CLOSED_EVENT'},1446,"{2, 7}",6.0
2e68e637,2e68e637c,2020-10-28,16,{'ROAD_CLOSED'},{'ROAD_CLOSED_EVENT'},4,"{2, 7}",6.0
2e68e637,2e68e637c,2020-10-28,21,{'ROAD_CLOSED'},{'ROAD_CLOSED_EVENT'},331,"{2, 7}",6.108761329305136
2e68e637,2e68e637c,2020-10-29,2,{'ROAD_CLOSED'},{'ROAD_CLOSED_EVENT'},363,"{2, 7}",6.0
2e68e637,2e68e637c,2020-10-29,10,{'ROAD_CLOSED'},{'ROAD_CLOSED_EVENT'},1447,"{2, 7}",6.0
2e68e637,2e68e637c,2020-10-29,19,{'JAM'},{'JAM_HEAVY_TRAFFIC'},17,{7},5.0
2e68e637,2e68e637c,2020-10-29,21,{'ROAD_CLOSED'},{'ROAD_CLOSED_EVENT'},366,"{2, 7}",6.0
2e68e637,2e68e637c,2020-10-30,2,{'ROAD_CLOSED'},{'ROAD_CLOSED_EVENT'},366,"{2, 7}",6.0
2e68e637,2e68e637c,2020-10-30,10,{'ROAD_CLOSED'},{'ROAD_CLOSED_EVENT'},1452,"{2, 7}",6.0
2e68e637,2e68e637c,2020-10-30,18,{'JAM'},{'JAM_MODERATE_TRAFFIC'},7,{7},5.0
2e68e637,2e68e637c,2020-10-30,21,{'ROAD_CLOSED'},{'ROAD_CLOSED_EVENT'},354,"{2, 7}",6.0
2e68e637,2e68e637c,2020-10-31,2,{'ROAD_CLOSED'},{'ROAD_CLOSED_EVENT'},369,"{2, 7}",6.0
2e68e637,2e68e637c,2020-10-31,10,{'ROAD_CLOSED'},{'ROAD_CLOSED_EVENT'},1448,"{2, 7}",6.0
2e68e637,2e68e637c,2020-10-31,12,{'JAM'},{'JAM_HEAVY_TRAFFIC'},7,{7},5.0
2e68e637,2e68e637c,2020-10-31,18,{'JAM'},{'JAM'},25,{7},5.92
2e68e637,2e68e637c,2020-11-01,17,{'JAM'},{'JAM'},5,{2},5.0
2e68e637,2e68e637c,2020-11-04,11,{'WEATHERHAZARD'},{'WEATHERHAZARD'},31,{2},5.0
2e68e637,2e68e637c,2020-11-13,17,{'JAM'},{'JAM_STAND_STILL_TRAFFIC'},26,{7},5.0
2e68e639,2e68e6384,2020-09-01,17,{'WEATHERHAZARD'},{'WEATHERHAZARD'},31,{2},5.0
2e68e639,2e68e6384,2020-10-14,9,{'WEATHERHAZARD'},{'WEATHERHAZARD'},32,{2},5.0
2e68e639,2e68e6384,2020-10-16,14,{'JAM'},{'JAM'},6,{2},5.0
2e68e639,2e68e6384,2020-10-17,20,{'JAM'},"{'JAM_STAND_STILL_TRAFFIC', 'JAM_HEAVY_TRAFFIC'}",57,{2},5.491228070175438
2e68e639,2e68e6384,2020-10-23,8,{'WEATHERHAZARD'},{'WEATHERHAZARD'},30,{20},5.0
2e68e639,2e68e638c,2020-09-05,20,{'JAM'},{'JAM_HEAVY_TRAFFIC'},8,{1},5.75
2e68e639,2e68e638c,2020-10-27,10,{'JAM'},{'JAM_STAND_STILL_TRAFFIC'},31,{2},5.548387096774194
2e68e639,2e68e638c,2020-11-02,10,{'JAM'},{'JAM_HEAVY_TRAFFIC'},38,{2},5.394736842105263
2e68e639,2e68e6394,2020-09-24,15,{'JAM'},{'JAM_STAND_STILL_TRAFFIC'},30,{2},5.0
2e68e639,2e68e6394,2020-09-28,17,{'JAM'},{'JAM_HEAVY_TRAFFIC'},7,{2},6.0
2e68e639,2e68e6394,2020-10-08,14,{'JAM'},"{'JAM_STAND_STILL_TRAFFIC', 'JAM_HEAVY_TRAFFIC'}",73,{2},6.4520547945205475
2e68e639,2e68e639c,2020-09-01,9,{'ROAD_CLOSED'},{'ROAD_CLOSED_EVENT'},541,{2},6.0
2e68e639,2e68e639c,2020-09-02,9,{'ROAD_CLOSED'},{'ROAD_CLOSED_EVENT'},542,{2},6.0
2e68e639,2e68e639c,2020-09-03,9,{'ROAD_CLOSED'},{'ROAD_CLOSED_EVENT'},540,{2},6.0
2e68e639,2e68e639c,2020-09-04,9,{'ROAD_CLOSED'},{'ROAD_CLOSED_EVENT'},538,{2},6.0
2e68e639,2e68e639c,2020-09-05,9,{'ROAD_CLOSED'},{'ROAD_CLOSED_EVENT'},540,{2},6.0
2e68e639,2e68e639c,2020-09-06,9,{'ROAD_CLOSED'},{'ROAD_CLOSED_EVENT'},76,{2},6.0
2e68e639,2e68e639c,2020-09-07,9,{'ROAD_CLOSED'},{'ROAD_CLOSED_EVENT'},539,{2},6.0
2e68e639,2e68e639c,2020-09-08,9,{'ROAD_CLOSED'},{'ROAD_CLOSED_EVENT'},541,{2},6.0
2e68e639,2e68e639c,2020-09-09,9,{'ROAD_CLOSED'},{'ROAD_CLOSED_EVENT'},3,{2},6.0
2e68e639,2e68e639c,2020-09-09,17,{'ROAD_CLOSED'},{'ROAD_CLOSED_EVENT'},28,{2},6.0
2e68e639,2e68e639c,2020-09-09,21,{'ROAD_CLOSED'},{'ROAD_CLOSED_EVENT'},1,{2},6.0
2e68e639,2e68e639c,2020-09-09,22,{'ROAD_CLOSED'},{'ROAD_CLOSED_EVENT'},476,{2},6.0
2e68e639,2e68e639c,2020-09-10,9,{'ROAD_CLOSED'},{'ROAD_CLOSED_EVENT'},33,{2},6.0
2e68e639,2e68e639c,2020-09-10,21,{'ROAD_CLOSED'},{'ROAD_CLOSED_EVENT'},539,{2},6.0
2e68e639,2e68e639c,2020-09-11,9,{'ROAD_CLOSED'},{'ROAD_CLOSED_EVENT'},31,{2},6.0
2e68e639,2e68e639c,2020-09-11,21,{'ROAD_CLOSED'},{'ROAD_CLOSED_EVENT'},539,{2},6.0
2e68e639,2e68e639c,2020-09-12,9,{'ROAD_CLOSED'},{'ROAD_CLOSED_EVENT'},32,{2},6.0
2e68e639,2e68e639c,2020-09-12,23,{'ROAD_CLOSED'},{'ROAD_CLOSED_EVENT'},409,{2},6.0
2e68e639,2e68e639c,2020-09-13,6,{'ROAD_CLOSED'},{'ROAD_CLOSED_EVENT'},2,{2},6.0
2e68e639,2e68e639c,2020-09-13,9,{'ROAD_CLOSED'},{'ROAD_CLOSED_EVENT'},570,{2},6.0
2e68e639,2e68e639c,2020-09-14,9,{'ROAD_CLOSED'},{'ROAD_CLOSED_EVENT'},571,{2},6.0
2e68e639,2e68e639c,2020-09-15,9,{'ROAD_CLOSED'},{'ROAD_CLOSED_EVENT'},569,{2},6.0
2e68e639,2e68e639c,2020-09-16,9,{'ROAD_CLOSED'},{'ROAD_CLOSED_EVENT'},571,{2},6.0
2e68e639,2e68e639c,2020-09-17,9,{'ROAD_CLOSED'},{'ROAD_CLOSED_EVENT'},395,{2},6.0
2e68e639,2e68e639c,2020-09-18,9,{'ROAD_CLOSED'},{'ROAD_CLOSED_EVENT'},572,{2},6.0
2e68e639,2e68e639c,2020-09-18,21,{'ROAD_CLOSED'},{'ROAD_CLOSED_EVENT'},120,{2},6.0
2e68e639,2e68e639c,2020-09-19,2,{'ROAD_CLOSED'},{'ROAD_CLOSED_EVENT'},124,{2},6.0
2e68e639,2e68e639c,2020-09-19,9,{'ROAD_CLOSED'},{'ROAD_CLOSED_EVENT'},574,{2},6.0
2e68e639,2e68e639c,2020-09-19,21,{'ROAD_CLOSED'},{'ROAD_CLOSED_EVENT'},124,{2},6.0
2e68e639,2e68e639c,2020-09-20,2,{'ROAD_CLOSED'},{'ROAD_CLOSED_EVENT'},121,{2},6.0
2e68e639,2e68e639c,2020-09-20,9,{'ROAD_CLOSED'},{'ROAD_CLOSED_EVENT'},572,{2},6.0
2e68e639,2e68e639c,2020-09-20,21,{'ROAD_CLOSED'},{'ROAD_CLOSED_EVENT'},122,{2},6.0
2e68e639,2e68e639c,2020-09-21,2,{'ROAD_CLOSED'},{'ROAD_CLOSED_EVENT'},120,{2},6.0
2e68e639,2e68e639c,2020-09-21,9,{'ROAD_CLOSED'},{'ROAD_CLOSED_EVENT'},572,{2},6.0
2e68e639,2e68e639c,2020-09-21,16,{'ROAD_CLOSED'},{'ROAD_CLOSED_EVENT'},3,{2},6.0
2e68e639,2e68e639c,2020-09-21,21,{'ROAD_CLOSED'},{'ROAD_CLOSED_EVENT'},123,{2},6.0
2e68e639,2e68e639c,2020-09-22,2,{'ROAD_CLOSED'},{'ROAD_CLOSED_EVENT'},119,{2},6.0
2e68e639,2e68e639c,2020-09-22,9,{'ROAD_CLOSED'},{'ROAD_CLOSED_EVENT'},571,{2},6.0
2e68e639,2e68e639c,2020-09-22,21,{'ROAD_CLOSED'},{'ROAD_CLOSED_EVENT'},124,{2},6.0
2e68e639,2e68e639c,2020-09-23,2,{'ROAD_CLOSED'},{'ROAD_CLOSED_EVENT'},121,{2},6.0
2e68e639,2e68e639c,2020-09-23,9,{'ROAD_CLOSED'},{'ROAD_CLOSED_EVENT'},570,{2},6.0
2e68e639,2e68e639c,2020-09-23,11,{'ROAD_CLOSED'},{'ROAD_CLOSED_EVENT'},1,{2},6.0
2e68e639,2e68e639c,2020-09-23,16,{'ROAD_CLOSED'},{'ROAD_CLOSED_EVENT'},1,{2},6.0
2e68e639,2e68e639c,2020-09-23,21,{'ROAD_CLOSED'},{'ROAD_CLOSED_EVENT'},123,{2},6.0
2e68e639,2e68e639c,2020-09-24,2,{'ROAD_CLOSED'},{'ROAD_CLOSED_EVENT'},123,{2},6.0
2e68e639,2e68e639c,2020-09-24,9,{'ROAD_CLOSED'},{'ROAD_CLOSED_EVENT'},574,{2},6.0
2e68e639,2e68e639c,2020-09-24,11,{'ROAD_CLOSED'},{'ROAD_CLOSED_EVENT'},2,{2},6.0
2e68e639,2e68e639c,2020-09-24,21,{'ROAD_CLOSED'},{'ROAD_CLOSED_EVENT'},121,{2},6.0
2e68e639,2e68e639c,2020-09-25,2,{'ROAD_CLOSED'},{'ROAD_CLOSED_EVENT'},123,{2},6.0
2e68e639,2e68e639c,2020-09-25,9,{'ROAD_CLOSED'},{'ROAD_CLOSED_EVENT'},571,{2},6.0
2e68e639,2e68e639c,2020-09-25,11,{'ROAD_CLOSED'},{'ROAD_CLOSED_EVENT'},3,{2},6.0
2e68e639,2e68e639c,2020-09-25,21,{'ROAD_CLOSED'},{'ROAD_CLOSED_EVENT'},122,{2},6.0
2e68e639,2e68e639c,2020-09-26,2,{'ROAD_CLOSED'},{'ROAD_CLOSED_EVENT'},123,{2},6.0
2e68e639,2e68e639c,2020-09-26,21,{'ROAD_CLOSED'},{'ROAD_CLOSED_EVENT'},108,{2},6.0
2e68e639,2e68e639c,2020-09-27,2,{'ROAD_CLOSED'},{'ROAD_CLOSED_EVENT'},126,{2},6.0
2e68e639,2e68e639c,2020-09-27,21,{'ROAD_CLOSED'},{'ROAD_CLOSED_EVENT'},121,{2},6.0
2e68e639,2e68e639c,2020-09-28,2,{'ROAD_CLOSED'},{'ROAD_CLOSED_EVENT'},124,{2},6.0
2e68e639,2e68e639c,2020-09-28,9,{'ROAD_CLOSED'},{'ROAD_CLOSED_EVENT'},542,{2},6.0
2e68e639,2e68e639c,2020-09-28,21,{'ROAD_CLOSED'},{'ROAD_CLOSED_EVENT'},123,{2},6.0
2e68e639,2e68e639c,2020-09-29,2,{'ROAD_CLOSED'},{'ROAD_CLOSED_EVENT'},122,{2},6.0
2e68e639,2e68e639c,2020-09-29,9,{'ROAD_CLOSED'},{'ROAD_CLOSED_EVENT'},541,{2},6.0
2e68e639,2e68e639c,2020-09-29,11,{'ROAD_CLOSED'},{'ROAD_CLOSED_EVENT'},1,{2},6.0
2e68e639,2e68e639c,2020-09-29,16,{'ROAD_CLOSED'},{'ROAD_CLOSED_EVENT'},2,{2},6.0
2e68e639,2e68e639c,2020-09-29,21,{'ROAD_CLOSED'},{'ROAD_CLOSED_EVENT'},123,{2},6.0
2e68e639,2e68e639c,2020-09-30,2,{'ROAD_CLOSED'},{'ROAD_CLOSED_EVENT'},113,{2},6.0
2e68e639,2e68e639c,2020-09-30,9,{'ROAD_CLOSED'},{'ROAD_CLOSED_EVENT'},541,{2},6.0
2e68e639,2e68e639c,2020-09-30,21,{'ROAD_CLOSED'},{'ROAD_CLOSED_EVENT'},120,{2},6.0
2e68e639,2e68e639c,2020-10-01,2,{'ROAD_CLOSED'},{'ROAD_CLOSED_EVENT'},121,{2},6.0
2e68e639,2e68e639c,2020-10-01,9,{'ROAD_CLOSED'},{'ROAD_CLOSED_EVENT'},541,{2},6.0
2e68e639,2e68e639c,2020-10-02,9,{'ROAD_CLOSED'},{'ROAD_CLOSED_EVENT'},541,{2},6.0
2e68e639,2e68e639c,2020-10-03,9,{'ROAD_CLOSED'},{'ROAD_CLOSED_EVENT'},542,{2},6.0
2e68e639,2e68e639c,2020-10-04,9,{'ROAD_CLOSED'},{'ROAD_CLOSED_EVENT'},538,{2},6.0
2e68e639,2e68e639c,2020-10-05,9,{'ROAD_CLOSED'},{'ROAD_CLOSED_EVENT'},539,{2},6.0
2e68e639,2e68e639c,2020-10-06,6,{'ROAD_CLOSED'},{'ROAD_CLOSED_EVENT'},2,{2},6.0
2e68e639,2e68e639c,2020-10-06,9,{'ROAD_CLOSED'},{'ROAD_CLOSED_EVENT'},539,{2},6.0
2e68e639,2e68e639c,2020-10-07,9,{'ROAD_CLOSED'},{'ROAD_CLOSED_EVENT'},538,{2},6.0
2e68e639,2e68e639c,2020-10-07,10,{'ROAD_CLOSED'},{'ROAD_CLOSED_EVENT'},28,{2},6.0
2e68e639,2e68e639c,2020-10-07,15,{'ROAD_CLOSED'},{'ROAD_CLOSED_EVENT'},56,{2},6.0
2e68e639,2e68e639c,2020-10-07,21,{'ROAD_CLOSED'},{'ROAD_CLOSED_EVENT'},125,{2},6.0
2e68e639,2e68e639c,2020-10-08,2,{'ROAD_CLOSED'},{'ROAD_CLOSED_EVENT'},118,{2},6.0
2e68e639,2e68e639c,2020-10-08,9,{'ROAD_CLOSED'},{'ROAD_CLOSED_EVENT'},543,{2},6.0
2e68e639,2e68e639c,2020-10-08,21,{'ROAD_CLOSED'},{'ROAD_CLOSED_EVENT'},121,{2},6.0
2e68e639,2e68e639c,2020-10-09,2,{'ROAD_CLOSED'},{'ROAD_CLOSED_EVENT'},122,{2},6.0
2e68e639,2e68e639c,2020-10-09,9,{'ROAD_CLOSED'},{'ROAD_CLOSED_EVENT'},540,{2},6.0
2e68e639,2e68e639c,2020-10-09,16,{'ROAD_CLOSED'},{'ROAD_CLOSED_EVENT'},4,{2},6.0
2e68e639,2e68e639c,2020-10-09,21,{'ROAD_CLOSED'},{'ROAD_CLOSED_EVENT'},122,{2},6.0
2e68e639,2e68e639c,2020-10-10,2,{'ROAD_CLOSED'},{'ROAD_CLOSED_EVENT'},111,{2},6.0
2e68e639,2e68e639c,2020-10-10,6,{'ROAD_CLOSED'},{'ROAD_CLOSED_EVENT'},1,{2},6.0
2e68e639,2e68e639c,2020-10-10,9,{'ROAD_CLOSED'},{'ROAD_CLOSED_EVENT'},538,{2},6.0
2e68e639,2e68e639c,2020-10-10,21,{'ROAD_CLOSED'},{'ROAD_CLOSED_EVENT'},122,{2},6.0
2e68e639,2e68e639c,2020-10-11,2,{'ROAD_CLOSED'},{'ROAD_CLOSED_EVENT'},122,{2},6.0
2e68e639,2e68e639c,2020-10-11,10,{'ROAD_CLOSED'},{'ROAD_CLOSED_EVENT'},481,{2},6.0
2e68e639,2e68e639c,2020-10-11,11,{'ROAD_CLOSED'},{'ROAD_CLOSED_EVENT'},4,{2},6.0
2e68e639,2e68e639c,2020-10-11,21,{'ROAD_CLOSED'},{'ROAD_CLOSED_EVENT'},121,{2},6.0
2e68e639,2e68e639c,2020-10-12,2,{'ROAD_CLOSED'},{'ROAD_CLOSED_EVENT'},124,{2},6.0
2e68e639,2e68e639c,2020-10-12,10,{'ROAD_CLOSED'},{'ROAD_CLOSED_EVENT'},481,{2},6.0
2e68e639,2e68e639c,2020-10-12,21,{'ROAD_CLOSED'},{'ROAD_CLOSED_EVENT'},122,{2},6.0
2e68e639,2e68e639c,2020-10-13,2,{'ROAD_CLOSED'},{'ROAD_CLOSED_EVENT'},123,{2},6.0
2e68e639,2e68e639c,2020-10-13,10,{'ROAD_CLOSED'},{'ROAD_CLOSED_EVENT'},480,{2},6.0
2e68e639,2e68e639c,2020-10-13,21,{'ROAD_CLOSED'},{'ROAD_CLOSED_EVENT'},121,{2},6.0
2e68e639,2e68e639c,2020-10-14,2,{'ROAD_CLOSED'},{'ROAD_CLOSED_EVENT'},123,{2},6.821138211382114
2e68e639,2e68e639c,2020-10-14,10,{'ROAD_CLOSED'},{'ROAD_CLOSED_EVENT'},481,{2},6.0
2e68e639,2e68e639c,2020-10-14,21,{'ROAD_CLOSED'},{'ROAD_CLOSED_EVENT'},121,{2},6.0
2e68e639,2e68e639c,2020-10-15,2,{'ROAD_CLOSED'},{'ROAD_CLOSED_EVENT'},99,{2},6.0
2e68e639,2e68e639c,2020-10-15,10,{'ROAD_CLOSED'},{'ROAD_CLOSED_EVENT'},479,{2},6.0
2e68e639,2e68e639c,2020-10-15,21,{'ROAD_CLOSED'},{'ROAD_CLOSED_EVENT'},122,{2},6.0
2e68e639,2e68e639c,2020-10-16,2,{'ROAD_CLOSED'},{'ROAD_CLOSED_EVENT'},122,{2},6.0
2e68e639,2e68e639c,2020-10-16,10,{'ROAD_CLOSED'},{'ROAD_CLOSED_EVENT'},483,{2},6.0
2e68e639,2e68e639c,2020-10-16,11,{'ROAD_CLOSED'},{'ROAD_CLOSED_EVENT'},1,{2},6.0
2e68e639,2e68e639c,2020-10-16,21,{'ROAD_CLOSED'},{'ROAD_CLOSED_EVENT'},121,{2},6.0
2e68e639,2e68e639c,2020-10-17,2,{'ROAD_CLOSED'},{'ROAD_CLOSED_EVENT'},122,{2},6.0
2e68e639,2e68e639c,2020-10-17,10,{'ROAD_CLOSED'},{'ROAD_CLOSED_EVENT'},485,{2},6.0
2e68e639,2e68e639c,2020-10-17,21,{'ROAD_CLOSED'},{'ROAD_CLOSED_EVENT'},126,{2},6.0
2e68e639,2e68e639c,2020-10-18,2,{'ROAD_CLOSED'},{'ROAD_CLOSED_EVENT'},121,{2},6.0
2e68e639,2e68e639c,2020-10-18,10,{'ROAD_CLOSED'},{'ROAD_CLOSED_EVENT'},484,{2},6.0
2e68e639,2e68e639c,2020-10-18,16,{'ROAD_CLOSED'},{'ROAD_CLOSED_EVENT'},2,{2},6.0
2e68e639,2e68e639c,2020-10-18,21,{'ROAD_CLOSED'},{'ROAD_CLOSED_EVENT'},120,{2},6.0
2e68e639,2e68e639c,2020-10-19,2,{'ROAD_CLOSED'},{'ROAD_CLOSED_EVENT'},119,{2},6.0
2e68e639,2e68e639c,2020-10-19,10,{'ROAD_CLOSED'},{'ROAD_CLOSED_EVENT'},482,{2},6.0
2e68e639,2e68e639c,2020-10-19,21,{'ROAD_CLOSED'},{'ROAD_CLOSED_EVENT'},112,{2},6.0
2e68e639,2e68e639c,2020-10-20,2,{'ROAD_CLOSED'},{'ROAD_CLOSED_EVENT'},118,{2},6.0
2e68e639,2e68e639c,2020-10-20,10,{'ROAD_CLOSED'},{'ROAD_CLOSED_EVENT'},482,{2},6.0
2e68e639,2e68e639c,2020-10-20,21,{'ROAD_CLOSED'},{'ROAD_CLOSED_EVENT'},122,{2},6.0
2e68e639,2e68e639c,2020-10-21,2,{'ROAD_CLOSED'},{'ROAD_CLOSED_EVENT'},122,{2},6.0
2e68e639,2e68e639c,2020-10-21,10,{'ROAD_CLOSED'},{'ROAD_CLOSED_EVENT'},476,{2},6.0
2e68e639,2e68e639c,2020-10-21,21,{'ROAD_CLOSED'},{'ROAD_CLOSED_EVENT'},116,{2},6.905172413793103
2e68e639,2e68e639c,2020-10-22,2,{'ROAD_CLOSED'},{'ROAD_CLOSED_EVENT'},120,{2},6.0
2e68e639,2e68e639c,2020-10-22,10,{'ROAD_CLOSED'},{'ROAD_CLOSED_EVENT'},483,{2},6.0
2e68e639,2e68e639c,2020-10-22,21,{'ROAD_CLOSED'},{'ROAD_CLOSED_EVENT'},123,{2},6.0
2e68e639,2e68e639c,2020-10-23,2,{'ROAD_CLOSED'},{'ROAD_CLOSED_EVENT'},123,{2},6.0
2e68e639,2e68e639c,2020-10-23,10,{'ROAD_CLOSED'},{'ROAD_CLOSED_EVENT'},482,{2},6.0
2e68e639,2e68e639c,2020-10-23,12,{'JAM'},{'JAM_HEAVY_TRAFFIC'},26,{7},5.1923076923076925
2e68e639,2e68e639c,2020-10-23,21,{'ROAD_CLOSED'},{'ROAD_CLOSED_EVENT'},121,{2},6.0
2e68e639,2e68e639c,2020-10-24,2,{'ROAD_CLOSED'},{'ROAD_CLOSED_EVENT'},121,{2},6.0
2e68e639,2e68e639c,2020-10-24,6,{'ROAD_CLOSED'},{'ROAD_CLOSED_EVENT'},5,{2},6.0
2e68e639,2e68e639c,2020-10-24,10,{'ROAD_CLOSED'},{'ROAD_CLOSED_EVENT'},480,{2},6.0
2e68e639,2e68e639c,2020-10-24,21,{'ROAD_CLOSED'},{'ROAD_CLOSED_EVENT'},122,{2},6.0
2e68e639,2e68e639c,2020-10-25,2,{'ROAD_CLOSED'},{'ROAD_CLOSED_EVENT'},122,{2},6.0
2e68e639,2e68e639c,2020-10-25,10,{'ROAD_CLOSED'},{'ROAD_CLOSED_EVENT'},483,{2},6.0
2e68e639,2e68e639c,2020-10-25,21,{'ROAD_CLOSED'},{'ROAD_CLOSED_EVENT'},122,{2},6.0
2e68e639,2e68e639c,2020-10-26,2,{'ROAD_CLOSED'},{'ROAD_CLOSED_EVENT'},122,{2},6.0
2e68e639,2e68e639c,2020-10-26,10,{'ROAD_CLOSED'},{'ROAD_CLOSED_EVENT'},483,{2},6.0
2e68e639,2e68e639c,2020-10-26,21,{'ROAD_CLOSED'},{'ROAD_CLOSED_EVENT'},121,{2},6.0
2e68e639,2e68e639c,2020-10-27,2,{'ROAD_CLOSED'},{'ROAD_CLOSED_EVENT'},123,{2},6.0
2e68e639,2e68e639c,2020-10-27,10,{'ROAD_CLOSED'},{'ROAD_CLOSED_EVENT'},485,{2},6.0
2e68e639,2e68e639c,2020-10-27,16,{'ROAD_CLOSED'},{'ROAD_CLOSED_EVENT'},5,{2},6.0
2e68e639,2e68e639c,2020-10-27,21,{'ROAD_CLOSED'},{'ROAD_CLOSED_EVENT'},120,{2},6.0
2e68e639,2e68e639c,2020-10-28,2,{'ROAD_CLOSED'},{'ROAD_CLOSED_EVENT'},118,{2},6.0
2e68e639,2e68e639c,2020-10-28,10,{'ROAD_CLOSED'},{'ROAD_CLOSED_EVENT'},482,{2},6.0
2e68e639,2e68e639c,2020-10-28,16,{'ROAD_CLOSED'},{'ROAD_CLOSED_EVENT'},1,{2},6.0
2e68e639,2e68e639c,2020-10-28,21,{'ROAD_CLOSED'},{'ROAD_CLOSED_EVENT'},110,{2},6.0
2e68e639,2e68e639c,2020-10-29,2,{'ROAD_CLOSED'},{'ROAD_CLOSED_EVENT'},121,{2},6.0
2e68e639,2e68e639c,2020-10-29,10,{'ROAD_CLOSED'},{'ROAD_CLOSED_EVENT'},482,{2},6.0
2e68e639,2e68e639c,2020-10-29,21,{'ROAD_CLOSED'},{'ROAD_CLOSED_EVENT'},122,{2},6.0
2e68e639,2e68e639c,2020-10-30,2,{'ROAD_CLOSED'},{'ROAD_CLOSED_EVENT'},121,{2},6.0
2e68e639,2e68e639c,2020-10-30,10,{'ROAD_CLOSED'},{'ROAD_CLOSED_EVENT'},482,{2},6.0
2e68e639,2e68e639c,2020-10-30,11,{'ROAD_CLOSED'},{'ROAD_CLOSED_EVENT'},1,{2},6.0
2e68e639,2e68e639c,2020-10-30,21,{'ROAD_CLOSED'},{'ROAD_CLOSED_EVENT'},118,{2},6.0
2e68e639,2e68e639c,2020-10-31,2,{'ROAD_CLOSED'},{'ROAD_CLOSED_EVENT'},123,{2},6.0
2e68e639,2e68e639c,2020-10-31,10,{'ROAD_CLOSED'},{'ROAD_CLOSED_EVENT'},482,{2},6.0
2e68e639,2e68e639c,2020-10-31,11,{'ROAD_CLOSED'},{'ROAD_CLOSED_EVENT'},1,{2},6.0
2e68e639,2e68e639c,2020-11-06,11,{'JAM'},{'JAM_STAND_STILL_TRAFFIC'},20,{7},5.0
2e68e639,2e68e639c,2020-11-14,18,{'JAM'},{'JAM_MODERATE_TRAFFIC'},17,{7},5.0
2e68e63b,2e68e63a4,2020-09-05,21,{'JAM'},{'JAM_HEAVY_TRAFFIC'},28,{2},5.0
2e68e63b,2e68e63a4,2020-09-12,18,{'JAM'},{'JAM_STAND_STILL_TRAFFIC'},7,{2},6.0
2e68e63b,2e68e63a4,2020-09-12,20,{'JAM'},{'JAM_STAND_STILL_TRAFFIC'},37,{2},5.4324324324324325
2e68e63b,2e68e63a4,2020-09-15,10,{'JAM'},{'JAM_STAND_STILL_TRAFFIC'},6,{2},5.0
2e68e63b,2e68e63a4,2020-09-16,9,{'ACCIDENT'},{'ACCIDENT'},107,{2},5.186915887850467
2e68e63b,2e68e63a4,2020-09-23,16,{'JAM'},{'JAM_STAND_STILL_TRAFFIC'},33,{2},5.0
2e68e63b,2e68e63a4,2020-09-24,14,{'JAM'},{'JAM_STAND_STILL_TRAFFIC'},13,{2},5.0
2e68e63b,2e68e63a4,2020-09-27,11,{'JAM'},{'JAM_MODERATE_TRAFFIC'},7,{2},5.0
2e68e63b,2e68e63a4,2020-10-01,12,{'JAM'},"{'JAM', 'JAM_HEAVY_TRAFFIC'}",75,"{2, 7}",5.613333333333333
2e68e63b,2e68e63a4,2020-10-03,20,{'JAM'},{'JAM_STAND_STILL_TRAFFIC'},32,{2},5.0
2e68e63b,2e68e63a4,2020-10-06,12,{'JAM'},{'JAM_HEAVY_TRAFFIC'},32,{2},5.0
2e68e63b,2e68e63a4,2020-10-08,14,{'JAM'},{'JAM_HEAVY_TRAFFIC'},31,{2},5.741935483870968
2e68e63b,2e68e63a4,2020-10-10,15,{'JAM'},{'JAM_HEAVY_TRAFFIC'},1,{2},5.0
2e68e63b,2e68e63a4,2020-10-10,20,{'JAM'},{'JAM_MODERATE_TRAFFIC'},28,{2},5.0
2e68e63b,2e68e63a4,2020-10-12,10,{'JAM'},{'JAM_HEAVY_TRAFFIC'},30,{7},6.0
2e68e63b,2e68e63a4,2020-10-12,15,{'JAM'},{'JAM_MODERATE_TRAFFIC'},31,{2},5.0
2e68e63b,2e68e63a4,2020-10-12,16,{'JAM'},"{'JAM_STAND_STILL_TRAFFIC', 'JAM_HEAVY_TRAFFIC'}",39,"{2, 7}",5.461538461538462
2e68e63b,2e68e63a4,2020-10-16,14,{'JAM'},{'JAM_STAND_STILL_TRAFFIC'},12,{2},5.083333333333333
2e68e63b,2e68e63a4,2020-10-16,16,{'JAM'},{'JAM_STAND_STILL_TRAFFIC'},7,{2},5.0
2e68e63b,2e68e63a4,2020-10-16,18,{'JAM'},{'JAM_MODERATE_TRAFFIC'},6,{2},5.0
2e68e63b,2e68e63a4,2020-10-16,20,{'JAM'},{'JAM_MODERATE_TRAFFIC'},5,{2},5.0
2e68e63b,2e68e63a4,2020-10-17,20,{'JAM'},{'JAM_HEAVY_TRAFFIC'},77,{2},5.220779220779221
2e68e63b,2e68e63a4,2020-10-25,19,{'JAM'},{'JAM_MODERATE_TRAFFIC'},18,{2},5.0
2e68e63b,2e68e63a4,2020-10-28,15,{'JAM'},{'JAM_HEAVY_TRAFFIC'},6,{2},5.0
2e68e63b,2e68e63a4,2020-10-28,19,{'JAM'},{'JAM_HEAVY_TRAFFIC'},11,{2},5.0
2e68e63b,2e68e63a4,2020-10-29,21,{'JAM'},{'JAM_HEAVY_TRAFFIC'},40,{2},5.15
2e68e63b,2e68e63a4,2020-10-30,21,{'JAM'},{'JAM_HEAVY_TRAFFIC'},29,{2},5.0
2e68e63b,2e68e63a4,2020-10-31,17,{'JAM'},{'JAM'},36,{2},5.0
2e68e63b,2e68e63a4,2020-10-31,20,{'JAM'},{'JAM_MODERATE_TRAFFIC'},30,{2},5.0
2e68e63b,2e68e63a4,2020-11-03,11,{'JAM'},{'JAM_HEAVY_TRAFFIC'},13,{2},5.0
2e68e63b,2e68e63a4,2020-11-14,18,{'JAM'},{'JAM_MODERATE_TRAFFIC'},8,{2},5.0
2e68e63b,2e68e63a4,2020-11-14,20,{'JAM'},{'JAM_STAND_STILL_TRAFFIC'},26,{2},5.0
2e68e63b,2e68e63ac,2020-09-03,11,{'JAM'},{'JAM_MODERATE_TRAFFIC'},10,{2},5.0
2e68e63b,2e68e63ac,2020-09-05,21,{'JAM'},{'JAM_HEAVY_TRAFFIC'},30,{2},5.0
2e68e63b,2e68e63ac,2020-09-23,16,{'JAM'},{'JAM_HEAVY_TRAFFIC'},32,{2},5.9375
2e68e63b,2e68e63ac,2020-09-23,23,{'WEATHERHAZARD'},{'WEATHERHAZARD'},28,{2},5.214285714285714
2e68e63b,2e68e63ac,2020-09-25,15,{'JAM'},{'JAM_MODERATE_TRAFFIC'},23,{2},5.0
2e68e63b,2e68e63ac,2020-10-06,14,{'JAM'},"{'JAM_MODERATE_TRAFFIC', 'JAM_HEAVY_TRAFFIC'}",38,{2},5.0
2e68e63b,2e68e63ac,2020-10-11,13,{'JAM'},{'JAM_HEAVY_TRAFFIC'},31,{2},5.967741935483871
2e68e63b,2e68e63ac,2020-10-12,15,{'JAM'},{'JAM_STAND_STILL_TRAFFIC'},39,{2},5.384615384615385
2e68e63b,2e68e63ac,2020-10-12,16,{'JAM'},{'JAM_STAND_STILL_TRAFFIC'},15,{2},5.0
2e68e63b,2e68e63ac,2020-10-25,12,{'WEATHERHAZARD'},{'WEATHERHAZARD'},28,{2},5.857142857142857
2e68e63b,2e68e63ac,2020-10-26,15,{'JAM'},{'JAM_HEAVY_TRAFFIC'},7,{2},5.0
2e68e63b,2e68e63ac,2020-10-29,20,{'JAM'},"{'JAM_STAND_STILL_TRAFFIC', 'JAM_HEAVY_TRAFFIC'}",52,{2},5.730769230769231
2e68e63b,2e68e63ac,2020-10-29,21,{'JAM'},{'JAM_MODERATE_TRAFFIC'},31,{2},5.0
2e68e63b,2e68e63ac,2020-10-30,18,{'JAM'},{'JAM_HEAVY_TRAFFIC'},19,{2},5.0
2e68e63b,2e68e63ac,2020-10-31,20,{'JAM'},{'JAM_HEAVY_TRAFFIC'},44,{2},5.409090909090909
2e68e63b,2e68e63ac,2020-11-01,16,{'JAM'},{'JAM_HEAVY_TRAFFIC'},29,{2},5.0
2e68e63b,2e68e63b4,2020-09-01,9,{'ROAD_CLOSED'},{'ROAD_CLOSED_EVENT'},1620,{2},6.0
2e68e63b,2e68e63b4,2020-09-02,9,{'ROAD_CLOSED'},{'ROAD_CLOSED_EVENT'},1624,{2},6.0
2e68e63b,2e68e63b4,2020-09-03,9,{'ROAD_CLOSED'},{'ROAD_CLOSED_EVENT'},1620,{2},6.0
2e68e63b,2e68e63b4,2020-09-04,9,{'ROAD_CLOSED'},{'ROAD_CLOSED_EVENT'},1615,{2},6.33312693498452
2e68e63b,2e68e63b4,2020-09-04,21,{'ROAD_CLOSED'},{'ROAD_CLOSED_HAZARD'},1,{2},5.0
2e68e63b,2e68e63b4,2020-09-05,9,{'ROAD_CLOSED'},{'ROAD_CLOSED_EVENT'},1622,{2},6.0
2e68e63b,2e68e63b4,2020-09-05,22,{'JAM'},{'JAM_MODERATE_TRAFFIC'},31,{2},5.0
2e68e63b,2e68e63b4,2020-09-06,9,{'ROAD_CLOSED'},{'ROAD_CLOSED_EVENT'},228,{2},6.0
2e68e63b,2e68e63b4,2020-09-07,9,{'ROAD_CLOSED'},{'ROAD_CLOSED_EVENT'},1617,{2},6.0
2e68e63b,2e68e63b4,2020-09-08,9,{'ROAD_CLOSED'},{'ROAD_CLOSED_EVENT'},1623,{2},6.0
2e68e63b,2e68e63b4,2020-09-09,9,{'ROAD_CLOSED'},{'ROAD_CLOSED_EVENT'},9,{2},6.0
2e68e63b,2e68e63b4,2020-09-09,17,{'ROAD_CLOSED'},{'ROAD_CLOSED_EVENT'},85,{2},6.0
2e68e63b,2e68e63b4,2020-09-09,21,{'ROAD_CLOSED'},{'ROAD_CLOSED_EVENT'},541,{2},6.0
2e68e63b,2e68e63b4,2020-09-09,22,{'ROAD_CLOSED'},{'ROAD_CLOSED_EVENT'},954,{2},6.0
2e68e63b,2e68e63b4,2020-09-10,9,{'ROAD_CLOSED'},{'ROAD_CLOSED_EVENT'},98,{2},6.0
2e68e63b,2e68e63b4,2020-09-10,21,{'ROAD_CLOSED'},{'ROAD_CLOSED_EVENT'},542,{2},6.0
2e68e63b,2e68e63b4,2020-09-10,22,{'ROAD_CLOSED'},{'ROAD_CLOSED_EVENT'},956,{2},6.0
2e68e63b,2e68e63b4,2020-09-11,9,{'ROAD_CLOSED'},{'ROAD_CLOSED_EVENT'},93,{2},6.0
2e68e63b,2e68e63b4,2020-09-11,21,{'ROAD_CLOSED'},{'ROAD_CLOSED_EVENT'},1617,{2},6.0
2e68e63b,2e68e63b4,2020-09-12,23,{'ROAD_CLOSED'},{'ROAD_CLOSED_EVENT'},814,{2},6.0
2e68e63b,2e68e63b4,2020-09-13,0,{'ROAD_CLOSED'},{'ROAD_CLOSED_EVENT'},358,{2},6.0
2e68e63b,2e68e63b4,2020-09-13,6,{'ROAD_CLOSED'},{'ROAD_CLOSED_EVENT'},8,{2},6.0
2e68e63b,2e68e63b4,2020-09-13,9,{'ROAD_CLOSED'},{'ROAD_CLOSED_EVENT'},1712,{2},6.0
2e68e63b,2e68e63b4,2020-09-14,9,{'ROAD_CLOSED'},{'ROAD_CLOSED_EVENT'},1714,{2},6.0
2e68e63b,2e68e63b4,2020-09-15,9,{'ROAD_CLOSED'},{'ROAD_CLOSED_EVENT'},1711,{2},6.0
2e68e63b,2e68e63b4,2020-09-16,9,{'ROAD_CLOSED'},{'ROAD_CLOSED_EVENT'},1713,{2},6.0
2e68e63b,2e68e63b4,2020-09-17,9,{'ROAD_CLOSED'},{'ROAD_CLOSED_EVENT'},1184,{2},6.0
2e68e63b,2e68e63b4,2020-09-18,9,{'ROAD_CLOSED'},{'ROAD_CLOSED_EVENT'},1715,{2},6.0
2e68e63b,2e68e63b4,2020-09-18,21,{'ROAD_CLOSED'},{'ROAD_CLOSED_EVENT'},360,{2},6.0
2e68e63b,2e68e63b4,2020-09-19,2,{'ROAD_CLOSED'},{'ROAD_CLOSED_EVENT'},369,{2},6.0
2e68e63b,2e68e63b4,2020-09-19,9,{'ROAD_CLOSED'},{'ROAD_CLOSED_EVENT'},1722,{2},6.0
2e68e63b,2e68e63b4,2020-09-19,21,{'ROAD_CLOSED'},{'ROAD_CLOSED_EVENT'},371,{2},6.0
2e68e63b,2e68e63b4,2020-09-20,2,{'ROAD_CLOSED'},{'ROAD_CLOSED_EVENT'},363,{2},6.0
2e68e63b,2e68e63b4,2020-09-20,9,{'ROAD_CLOSED'},{'ROAD_CLOSED_EVENT'},1707,{2},6.0
2e68e63b,2e68e63b4,2020-09-20,21,{'ROAD_CLOSED'},{'ROAD_CLOSED_EVENT'},366,{2},6.0
2e68e63b,2e68e63b4,2020-09-21,2,{'ROAD_CLOSED'},{'ROAD_CLOSED_EVENT'},360,{2},6.0
2e68e63b,2e68e63b4,2020-09-21,6,{'ROAD_CLOSED'},{'ROAD_CLOSED_EVENT'},4,{2},6.0
2e68e63b,2e68e63b4,2020-09-21,9,{'ROAD_CLOSED'},{'ROAD_CLOSED_EVENT'},1710,{2},6.0
2e68e63b,2e68e63b4,2020-09-21,16,{'ROAD_CLOSED'},{'ROAD_CLOSED_EVENT'},5,{2},6.0
2e68e63b,2e68e63b4,2020-09-21,21,{'ROAD_CLOSED'},{'ROAD_CLOSED_EVENT'},369,{2},6.0
2e68e63b,2e68e63b4,2020-09-22,2,{'ROAD_CLOSED'},{'ROAD_CLOSED_EVENT'},357,{2},6.0
2e68e63b,2e68e63b4,2020-09-22,9,{'ROAD_CLOSED'},{'ROAD_CLOSED_EVENT'},1719,{2},6.0
2e68e63b,2e68e63b4,2020-09-22,21,{'ROAD_CLOSED'},{'ROAD_CLOSED_EVENT'},372,{2},6.0
2e68e63b,2e68e63b4,2020-09-23,2,{'ROAD_CLOSED'},{'ROAD_CLOSED_EVENT'},363,{2},6.0
2e68e63b,2e68e63b4,2020-09-23,9,{'ROAD_CLOSED'},{'ROAD_CLOSED_EVENT'},1710,{2},6.0
2e68e63b,2e68e63b4,2020-09-23,14,{'ROAD_CLOSED'},{'ROAD_CLOSED'},20,{2},5.0
2e68e63b,2e68e63b4,2020-09-23,16,{'ROAD_CLOSED'},{'ROAD_CLOSED_EVENT'},3,{2},6.0
2e68e63b,2e68e63b4,2020-09-23,21,{'ROAD_CLOSED'},{'ROAD_CLOSED_EVENT'},368,{2},6.0
2e68e63b,2e68e63b4,2020-09-24,2,{'ROAD_CLOSED'},{'ROAD_CLOSED_EVENT'},369,{2},6.0
2e68e63b,2e68e63b4,2020-09-24,6,{'ROAD_CLOSED'},{'ROAD_CLOSED_EVENT'},1,{2},6.0
2e68e63b,2e68e63b4,2020-09-24,9,{'ROAD_CLOSED'},{'ROAD_CLOSED_EVENT'},1722,{2},6.0
2e68e63b,2e68e63b4,2020-09-24,11,{'ROAD_CLOSED'},{'ROAD_CLOSED_EVENT'},6,{2},6.0
2e68e63b,2e68e63b4,2020-09-24,21,{'ROAD_CLOSED'},{'ROAD_CLOSED_EVENT'},365,{2},6.0
2e68e63b,2e68e63b4,2020-09-25,2,{'ROAD_CLOSED'},{'ROAD_CLOSED_EVENT'},368,{2},6.0
2e68e63b,2e68e63b4,2020-09-25,9,{'ROAD_CLOSED'},{'ROAD_CLOSED_EVENT'},1713,{2},6.0
2e68e63b,2e68e63b4,2020-09-25,11,{'ROAD_CLOSED'},{'ROAD_CLOSED_EVENT'},5,{2},6.0
2e68e63b,2e68e63b4,2020-09-25,21,{'ROAD_CLOSED'},{'ROAD_CLOSED_EVENT'},366,{2},6.0
2e68e63b,2e68e63b4,2020-09-26,2,{'ROAD_CLOSED'},{'ROAD_CLOSED_EVENT'},366,{2},6.0
2e68e63b,2e68e63b4,2020-09-26,11,{'ROAD_CLOSED'},{'ROAD_CLOSED_EVENT'},2,{2},6.0
2e68e63b,2e68e63b4,2020-09-26,21,{'ROAD_CLOSED'},{'ROAD_CLOSED_EVENT'},324,{2},6.0
2e68e63b,2e68e63b4,2020-09-27,2,{'ROAD_CLOSED'},{'ROAD_CLOSED_EVENT'},378,{2},6.0
2e68e63b,2e68e63b4,2020-09-27,21,{'ROAD_CLOSED'},{'ROAD_CLOSED_EVENT'},365,{2},6.0
2e68e63b,2e68e63b4,2020-09-28,2,{'ROAD_CLOSED'},{'ROAD_CLOSED_EVENT'},367,{2},6.0
2e68e63b,2e68e63b4,2020-09-28,9,{'ROAD_CLOSED'},{'ROAD_CLOSED_EVENT'},1626,{2},6.333333333333333
2e68e63b,2e68e63b4,2020-09-28,21,{'ROAD_CLOSED'},{'ROAD_CLOSED_EVENT'},369,{2},6.0
2e68e63b,2e68e63b4,2020-09-29,2,{'ROAD_CLOSED'},{'ROAD_CLOSED_EVENT'},369,{2},6.0
2e68e63b,2e68e63b4,2020-09-29,9,{'ROAD_CLOSED'},{'ROAD_CLOSED_EVENT'},1624,{2},6.0
2e68e63b,2e68e63b4,2020-09-29,11,{'ROAD_CLOSED'},{'ROAD_CLOSED_EVENT'},2,{2},6.0
2e68e63b,2e68e63b4,2020-09-29,16,{'ROAD_CLOSED'},{'ROAD_CLOSED_EVENT'},3,{2},6.0
2e68e63b,2e68e63b4,2020-09-29,21,{'ROAD_CLOSED'},{'ROAD_CLOSED_EVENT'},369,{2},6.0
2e68e63b,2e68e63b4,2020-09-30,2,{'ROAD_CLOSED'},{'ROAD_CLOSED_EVENT'},339,{2},6.0
2e68e63b,2e68e63b4,2020-09-30,9,{'ROAD_CLOSED'},{'ROAD_CLOSED_EVENT'},1619,{2},6.0
2e68e63b,2e68e63b4,2020-09-30,21,{'ROAD_CLOSED'},{'ROAD_CLOSED_EVENT'},360,{2},6.0
2e68e63b,2e68e63b4,2020-10-01,9,{'ROAD_CLOSED'},{'ROAD_CLOSED_EVENT'},1622,{2},6.0
2e68e63b,2e68e63b4,2020-10-02,6,{'ROAD_CLOSED'},{'ROAD_CLOSED_EVENT'},2,{2},6.0
2e68e63b,2e68e63b4,2020-10-02,9,{'ROAD_CLOSED'},{'ROAD_CLOSED_EVENT'},1621,{2},6.0
2e68e63b,2e68e63b4,2020-10-03,9,{'ROAD_CLOSED'},{'ROAD_CLOSED_EVENT'},1626,{2},6.0
2e68e63b,2e68e63b4,2020-10-04,9,{'ROAD_CLOSED'},{'ROAD_CLOSED_EVENT'},1614,{2},6.0
2e68e63b,2e68e63b4,2020-10-04,12,{'ROAD_CLOSED'},{'ROAD_CLOSED_EVENT'},372,{2},6.0
2e68e63b,2e68e63b4,2020-10-04,21,{'ROAD_CLOSED'},{'ROAD_CLOSED_EVENT'},249,{2},6.132530120481928
2e68e63b,2e68e63b4,2020-10-05,2,{'ROAD_CLOSED'},{'ROAD_CLOSED_EVENT'},369,{2},6.0
2e68e63b,2e68e63b4,2020-10-05,9,{'ROAD_CLOSED'},{'ROAD_CLOSED_EVENT'},1618,{2},6.0
2e68e63b,2e68e63b4,2020-10-06,2,{'ROAD_CLOSED'},{'ROAD_CLOSED_EVENT'},363,{2},6.0
2e68e63b,2e68e63b4,2020-10-06,6,{'ROAD_CLOSED'},{'ROAD_CLOSED_EVENT'},2,{2},6.0
2e68e63b,2e68e63b4,2020-10-06,9,{'ROAD_CLOSED'},{'ROAD_CLOSED_EVENT'},1617,{2},6.0
2e68e63b,2e68e63b4,2020-10-06,16,{'ROAD_CLOSED'},{'ROAD_CLOSED_EVENT'},4,{2},6.0
2e68e63b,2e68e63b4,2020-10-07,2,{'ROAD_CLOSED'},{'ROAD_CLOSED_EVENT'},371,{2},6.0
2e68e63b,2e68e63b4,2020-10-07,6,{'ROAD_CLOSED'},{'ROAD_CLOSED_EVENT'},4,{2},6.0
2e68e63b,2e68e63b4,2020-10-07,9,{'ROAD_CLOSED'},{'ROAD_CLOSED_EVENT'},1613,{2},6.0
2e68e63b,2e68e63b4,2020-10-08,2,{'ROAD_CLOSED'},{'ROAD_CLOSED_EVENT'},354,{2},6.0
2e68e63b,2e68e63b4,2020-10-08,9,{'ROAD_CLOSED'},{'ROAD_CLOSED_EVENT'},1629,{2},6.0
2e68e63b,2e68e63b4,2020-10-08,15,{'JAM'},{'JAM_MODERATE_TRAFFIC'},31,{1},5.0
2e68e63b,2e68e63b4,2020-10-09,2,{'ROAD_CLOSED'},{'ROAD_CLOSED_EVENT'},364,{2},6.0
2e68e63b,2e68e63b4,2020-10-09,9,{'ROAD_CLOSED'},{'ROAD_CLOSED_EVENT'},1614,{2},6.0
2e68e63b,2e68e63b4,2020-10-09,16,{'ROAD_CLOSED'},{'ROAD_CLOSED_EVENT'},12,{2},6.0
2e68e63b,2e68e63b4,2020-10-10,2,{'ROAD_CLOSED'},{'ROAD_CLOSED_EVENT'},333,{2},6.0
2e68e63b,2e68e63b4,2020-10-10,9,{'ROAD_CLOSED'},{'ROAD_CLOSED_EVENT'},1617,{2},6.0
2e68e63b,2e68e63b4,2020-10-10,16,{'ROAD_CLOSED'},{'ROAD_CLOSED_EVENT'},1,{2},6.0
2e68e63b,2e68e63b4,2020-10-11,2,{'ROAD_CLOSED'},{'ROAD_CLOSED_EVENT'},366,{2},6.0
2e68e63b,2e68e63b4,2020-10-11,10,{'ROAD_CLOSED'},{'ROAD_CLOSED_EVENT'},1443,{2},6.333333333333333
2e68e63b,2e68e63b4,2020-10-11,16,{'ROAD_CLOSED'},{'ROAD_CLOSED_EVENT'},2,{2},6.0
2e68e63b,2e68e63b4,2020-10-12,2,{'ROAD_CLOSED'},{'ROAD_CLOSED_EVENT'},372,{2},6.0
2e68e63b,2e68e63b4,2020-10-12,6,{'ROAD_CLOSED'},{'ROAD_CLOSED_EVENT'},12,{2},6.0
2e68e63b,2e68e63b4,2020-10-12,10,{'ROAD_CLOSED'},{'ROAD_CLOSED_EVENT'},1443,{2},6.0
2e68e63b,2e68e63b4,2020-10-13,2,{'ROAD_CLOSED'},{'ROAD_CLOSED_EVENT'},369,{2},6.0
2e68e63b,2e68e63b4,2020-10-13,10,{'ROAD_CLOSED'},{'ROAD_CLOSED_EVENT'},1444,{2},6.0
2e68e63b,2e68e63b4,2020-10-14,2,{'ROAD_CLOSED'},{'ROAD_CLOSED_EVENT'},371,{2},6.0
2e68e63b,2e68e63b4,2020-10-14,10,{'ROAD_CLOSED'},{'ROAD_CLOSED_EVENT'},1444,{2},6.0
2e68e63b,2e68e63b4,2020-10-15,2,{'ROAD_CLOSED'},{'ROAD_CLOSED_EVENT'},296,{2},6.0
2e68e63b,2e68e63b4,2020-10-15,10,{'ROAD_CLOSED'},{'ROAD_CLOSED_EVENT'},1442,{2},6.0
2e68e63b,2e68e63b4,2020-10-16,2,{'ROAD_CLOSED'},{'ROAD_CLOSED_EVENT'},367,{2},6.0
2e68e63b,2e68e63b4,2020-10-16,10,{'ROAD_CLOSED'},{'ROAD_CLOSED_EVENT'},1452,{2},6.0
2e68e63b,2e68e63b4,2020-10-16,15,{'JAM'},{'JAM_HEAVY_TRAFFIC'},67,{2},6.402985074626866
2e68e63b,2e68e63b4,2020-10-17,2,{'ROAD_CLOSED'},{'ROAD_CLOSED_EVENT'},366,{2},6.0
2e68e63b,2e68e63b4,2020-10-17,10,{'ROAD_CLOSED'},{'ROAD_CLOSED_EVENT'},1455,{2},6.0
2e68e63b,2e68e63b4,2020-10-17,13,{'JAM'},{'JAM_STAND_STILL_TRAFFIC'},55,{2},6.345454545454546
2e68e63b,2e68e63b4,2020-10-18,2,{'ROAD_CLOSED'},{'ROAD_CLOSED_EVENT'},364,{2},6.0
2e68e63b,2e68e63b4,2020-10-18,10,{'ROAD_CLOSED'},{'ROAD_CLOSED_EVENT'},1449,{2},6.0
2e68e63b,2e68e63b4,2020-10-18,16,{'ROAD_CLOSED'},{'ROAD_CLOSED_EVENT'},9,{2},6.0
2e68e63b,2e68e63b4,2020-10-19,2,{'ROAD_CLOSED'},{'ROAD_CLOSED_EVENT'},356,{2},6.0
2e68e63b,2e68e63b4,2020-10-19,6,{'ROAD_CLOSED'},{'ROAD_CLOSED_EVENT'},1,{2},6.0
2e68e63b,2e68e63b4,2020-10-19,10,{'ROAD_CLOSED'},{'ROAD_CLOSED_EVENT'},1446,{2},6.0
2e68e63b,2e68e63b4,2020-10-19,15,{'JAM'},{'JAM_STAND_STILL_TRAFFIC'},35,{2},6.0
2e68e63b,2e68e63b4,2020-10-20,2,{'ROAD_CLOSED'},{'ROAD_CLOSED_EVENT'},354,{2},6.0
2e68e63b,2e68e63b4,2020-10-20,10,{'ROAD_CLOSED'},{'ROAD_CLOSED_EVENT'},285,{2},6.0
2e68e63b,2e68e63b4,2020-10-21,9,{'ROAD_CLOSED'},"{'ROAD_CLOSED', 'ROAD_CLOSED_EVENT'}",38,{2},5.5
2e68e63b,2e68e63b4,2020-10-23,10,{'ROAD_CLOSED'},{'ROAD_CLOSED_EVENT'},1446,{2},6.0
2e68e63b,2e68e63b4,2020-10-24,6,{'ROAD_CLOSED'},{'ROAD_CLOSED_EVENT'},7,{2},6.0
2e68e63b,2e68e63b4,2020-10-24,10,{'ROAD_CLOSED'},{'ROAD_CLOSED_EVENT'},1440,{2},6.0
2e68e63b,2e68e63b4,2020-10-24,12,{'JAM'},{'JAM_HEAVY_TRAFFIC'},27,{2},5.0
2e68e63b,2e68e63b4,2020-10-25,10,{'ROAD_CLOSED'},{'ROAD_CLOSED_EVENT'},1447,{2},6.0
2e68e63b,2e68e63b4,2020-10-26,10,{'ROAD_CLOSED'},{'ROAD_CLOSED_EVENT'},1453,{2},6.0
2e68e63b,2e68e63b4,2020-10-27,10,{'ROAD_CLOSED'},{'ROAD_CLOSED_EVENT'},1453,{2},6.0
2e68e63b,2e68e63b4,2020-10-27,13,{'JAM'},{'JAM_STAND_STILL_TRAFFIC'},30,{2},5.0
2e68e63b,2e68e63b4,2020-10-28,10,{'ROAD_CLOSED'},{'ROAD_CLOSED_EVENT'},1446,{2},6.0
2e68e63b,2e68e63b4,2020-10-28,12,{'JAM'},"{'JAM_STAND_STILL_TRAFFIC', 'JAM_HEAVY_TRAFFIC'}",61,{2},5.0
2e68e63b,2e68e63b4,2020-10-29,10,{'ROAD_CLOSED'},{'ROAD_CLOSED_EVENT'},1446,{2},6.0
2e68e63b,2e68e63b4,2020-10-29,16,{'JAM'},{'JAM_HEAVY_TRAFFIC'},31,{2},5.612903225806452
2e68e63b,2e68e63b4,2020-10-30,9,{'JAM'},{'JAM_MODERATE_TRAFFIC'},33,{2},5.0
2e68e63b,2e68e63b4,2020-10-30,10,{'ROAD_CLOSED'},{'ROAD_CLOSED_EVENT'},1448,{2},6.0
2e68e63b,2e68e63b4,2020-10-30,17,{'JAM'},{'JAM_STAND_STILL_TRAFFIC'},27,{2},5.0
2e68e63b,2e68e63b4,2020-10-31,10,{'ROAD_CLOSED'},{'ROAD_CLOSED_EVENT'},1448,{2},6.0
2e68e63b,2e68e63b4,2020-11-01,6,{'ROAD_CLOSED'},{'ROAD_CLOSED_EVENT'},3,{2},6.0
2e68e63b,2e68e63b4,2020-11-03,14,{'JAM'},{'JAM_STAND_STILL_TRAFFIC'},30,{2},5.0
2e68e63b,2e68e63b4,2020-11-05,14,{'JAM'},{'JAM_HEAVY_TRAFFIC'},31,{2},5.0
2e68e63b,2e68e63b4,2020-11-06,13,{'JAM'},{'JAM_STAND_STILL_TRAFFIC'},31,{2},5.0
2e68e63b,2e68e63b4,2020-11-07,15,{'JAM'},{'JAM_HEAVY_TRAFFIC'},44,{2},6.318181818181818
2e68e63b,2e68e63b4,2020-11-07,16,{'JAM'},{'JAM_STAND_STILL_TRAFFIC'},31,{2},5.612903225806452
2e68e63b,2e68e63b4,2020-11-09,14,{'JAM'},"{'JAM_MODERATE_TRAFFIC', 'JAM_HEAVY_TRAFFIC'}",23,{2},5.0
2e68e63b,2e68e63b4,2020-11-09,16,{'JAM'},{'JAM_STAND_STILL_TRAFFIC'},40,{2},5.425
2e68e63b,2e68e63b4,2020-11-10,17,"{'JAM', 'ACCIDENT'}","{'JAM_MODERATE_TRAFFIC', 'ACCIDENT_MAJOR'}",149,{1},6.140939597315437
2e68e63b,2e68e63b4,2020-11-11,14,{'JAM'},{'JAM_STAND_STILL_TRAFFIC'},8,{2},5.0
2e68e63b,2e68e63bc,2020-09-05,21,{'JAM'},{'JAM_HEAVY_TRAFFIC'},44,{2},5.0
2e68e63b,2e68e63bc,2020-09-24,14,{'JAM'},{'JAM_MODERATE_TRAFFIC'},9,{2},5.0
2e68e63b,2e68e63bc,2020-09-27,14,{'JAM'},{'JAM_STAND_STILL_TRAFFIC'},29,{2},5.827586206896552
2e68e63b,2e68e63bc,2020-10-03,10,{'JAM'},{'JAM'},31,{1},5.0
2e68e63b,2e68e63bc,2020-10-03,20,{'JAM'},{'JAM_STAND_STILL_TRAFFIC'},31,{2},5.0
2e68e63b,2e68e63bc,2020-10-05,8,{'JAM'},{'JAM_MODERATE_TRAFFIC'},22,{2},5.0
2e68e63b,2e68e63bc,2020-10-05,14,{'JAM'},{'JAM_STAND_STILL_TRAFFIC'},30,{2},5.0
2e68e63b,2e68e63bc,2020-10-09,10,{'JAM'},{'JAM_STAND_STILL_TRAFFIC'},31,{2},5.838709677419355
2e68e63b,2e68e63bc,2020-10-13,9,{'JAM'},{'JAM_STAND_STILL_TRAFFIC'},18,{2},6.0
2e68e63b,2e68e63bc,2020-10-17,20,{'JAM'},"{'JAM_STAND_STILL_TRAFFIC', 'JAM_HEAVY_TRAFFIC'}",60,{2},5.433333333333334
2e68e63b,2e68e63bc,2020-10-24,9,{'JAM'},{'JAM_MODERATE_TRAFFIC'},16,{2},5.4375
2e68e63b,2e68e63bc,2020-10-25,12,{'JAM'},{'JAM_HEAVY_TRAFFIC'},7,{2},5.0
2e68e63b,2e68e63bc,2020-10-27,11,{'JAM'},{'JAM_STAND_STILL_TRAFFIC'},29,{2},5.0
2e68e63b,2e68e63bc,2020-10-29,14,{'JAM'},{'JAM_STAND_STILL_TRAFFIC'},11,{2},7.181818181818182
2e68e63b,2e68e63bc,2020-10-30,15,{'JAM'},{'JAM_HEAVY_TRAFFIC'},30,{2},5.566666666666666
2e68e63b,2e68e63bc,2020-10-31,11,{'JAM'},{'JAM_HEAVY_TRAFFIC'},74,{2},5.783783783783784
2e68e63b,2e68e63bc,2020-10-31,12,{'WEATHERHAZARD'},{'WEATHERHAZARD'},35,{2},6.314285714285714
2e68e63b,2e68e63bc,2020-10-31,14,{'JAM'},{'JAM_MODERATE_TRAFFIC'},32,{2},5.0
2e68e63b,2e68e63bc,2020-11-14,15,{'JAM'},{'JAM_STAND_STILL_TRAFFIC'},41,{2},5.902439024390244
2e68e63b,2e68e63bc,2020-11-14,18,{'JAM'},{'JAM_MODERATE_TRAFFIC'},5,{2},5.0
2e68e63b,2e68e63bc,2020-11-18,16,{'JAM'},{'JAM'},14,{2},5.0
2e68e63b,2e68e63bc,2020-11-22,13,{'JAM'},{'JAM_HEAVY_TRAFFIC'},8,{2},5.0
2e68e63d,2e68e63c4,2020-09-15,14,{'JAM'},{'JAM'},31,{20},5.0
2e68e63d,2e68e63c4,2020-10-15,11,{'JAM'},{'JAM_MODERATE_TRAFFIC'},32,{20},5.0
2e68e63d,2e68e63cc,2020-09-07,15,{'JAM'},{'JAM_MODERATE_TRAFFIC'},30,{2},5.0
2e68e63d,2e68e63cc,2020-09-09,12,{'JAM'},{'JAM_STAND_STILL_TRAFFIC'},46,{2},5.3478260869565215
2e68e63d,2e68e63cc,2020-09-10,14,{'JAM'},"{'JAM_STAND_STILL_TRAFFIC', 'JAM_HEAVY_TRAFFIC'}",99,{2},5.757575757575758
2e68e63d,2e68e63cc,2020-09-12,12,{'JAM'},{'JAM_MODERATE_TRAFFIC'},32,{2},5.0
2e68e63d,2e68e63cc,2020-09-18,14,{'JAM'},{'JAM_HEAVY_TRAFFIC'},19,{1},5.0
2e68e63d,2e68e63cc,2020-09-22,14,{'JAM'},{'JAM_HEAVY_TRAFFIC'},7,{2},5.0
2e68e63d,2e68e63cc,2020-09-23,10,{'JAM'},{'JAM_HEAVY_TRAFFIC'},30,{1},5.0
2e68e63d,2e68e63cc,2020-09-26,11,{'JAM'},{'JAM_HEAVY_TRAFFIC'},31,{2},5.903225806451613
2e68e63d,2e68e63cc,2020-09-27,11,{'JAM'},{'JAM_MODERATE_TRAFFIC'},8,{2},5.0
2e68e63d,2e68e63cc,2020-09-29,11,{'JAM'},"{'JAM_MODERATE_TRAFFIC', 'JAM_HEAVY_TRAFFIC'}",64,{2},5.0
2e68e63d,2e68e63cc,2020-10-01,8,{'JAM'},{'JAM_MODERATE_TRAFFIC'},30,{1},5.0
2e68e63d,2e68e63cc,2020-10-05,15,{'JAM'},{'JAM_HEAVY_TRAFFIC'},30,{1},5.0
2e68e63d,2e68e63cc,2020-10-10,9,{'JAM'},{'JAM_HEAVY_TRAFFIC'},32,{1},5.0
2e68e63d,2e68e63cc,2020-10-16,18,{'JAM'},{'JAM_MODERATE_TRAFFIC'},6,{2},5.0
2e68e63d,2e68e63cc,2020-10-21,11,{'JAM'},{'JAM_MODERATE_TRAFFIC'},35,{2},5.457142857142857
2e68e63d,2e68e63cc,2020-10-21,14,{'JAM'},{'JAM_STAND_STILL_TRAFFIC'},36,{1},6.333333333333333
2e68e63d,2e68e63cc,2020-10-22,14,{'JAM'},{'JAM_HEAVY_TRAFFIC'},14,{1},6.0
2e68e63d,2e68e63cc,2020-10-27,9,{'JAM'},{'JAM_HEAVY_TRAFFIC'},38,{2},5.447368421052632
2e68e63d,2e68e63cc,2020-10-28,12,{'JAM'},{'JAM_STAND_STILL_TRAFFIC'},94,{2},5.319148936170213
2e68e63d,2e68e63cc,2020-10-28,15,{'JAM'},{'JAM'},31,{2},5.0
2e68e63d,2e68e63cc,2020-10-29,14,{'JAM'},{'JAM_STAND_STILL_TRAFFIC'},36,{2},5.444444444444445
2e68e63d,2e68e63cc,2020-10-30,11,{'JAM'},{'JAM_STAND_STILL_TRAFFIC'},34,{2},6.205882352941177
2e68e63d,2e68e63cc,2020-10-30,13,{'JAM'},{'JAM_STAND_STILL_TRAFFIC'},42,{2},5.833333333333333
2e68e63d,2e68e63cc,2020-10-31,10,{'JAM'},{'JAM_HEAVY_TRAFFIC'},43,{2},6.8604651162790695
2e68e63d,2e68e63cc,2020-10-31,11,{'JAM'},"{'JAM_STAND_STILL_TRAFFIC', 'JAM_HEAVY_TRAFFIC'}",58,{2},5.517241379310345
2e68e63d,2e68e63cc,2020-10-31,12,{'JAM'},{'JAM_STAND_STILL_TRAFFIC'},32,{2},8.78125
2e68e63d,2e68e63cc,2020-11-02,11,{'JAM'},{'JAM'},31,{1},5.0
2e68e63d,2e68e63cc,2020-11-03,9,{'JAM'},{'JAM'},30,{2},5.966666666666667
2e68e63d,2e68e63cc,2020-11-03,11,{'JAM'},{'JAM_STAND_STILL_TRAFFIC'},33,{2},5.0
2e68e63d,2e68e63cc,2020-11-03,14,{'JAM'},{'JAM_STAND_STILL_TRAFFIC'},38,{2},6.2631578947368425
2e68e63d,2e68e63cc,2020-11-05,11,{'JAM'},{'JAM_STAND_STILL_TRAFFIC'},43,{2},5.348837209302325
2e68e63d,2e68e63cc,2020-11-05,14,{'JAM'},{'JAM_STAND_STILL_TRAFFIC'},30,{1},6.0
2e68e63d,2e68e63cc,2020-11-07,11,{'JAM'},{'JAM_HEAVY_TRAFFIC'},61,{2},5.885245901639344
2e68e63d,2e68e63cc,2020-11-07,16,{'JAM'},{'JAM_MODERATE_TRAFFIC'},6,{2},5.0
2e68e63d,2e68e63cc,2020-11-12,12,{'JAM'},{'JAM_STAND_STILL_TRAFFIC'},31,{2},6.516129032258065
2e68e63d,2e68e63cc,2020-11-12,14,{'JAM'},{'JAM_HEAVY_TRAFFIC'},31,{2},6.387096774193548
2e68e63d,2e68e63cc,2020-11-18,10,{'JAM'},{'JAM_STAND_STILL_TRAFFIC'},65,{2},5.492307692307692
2e68e63d,2e68e63cc,2020-11-20,9,{'JAM'},{'JAM_HEAVY_TRAFFIC'},30,{2},5.0
2e68e63d,2e68e63cc,2020-11-20,14,{'JAM'},{'JAM_STAND_STILL_TRAFFIC'},100,{2},5.18
2e68e63d,2e68e63cc,2020-11-21,11,{'JAM'},{'JAM_HEAVY_TRAFFIC'},7,{2},6.714285714285714
2e68e63d,2e68e63cc,2020-11-21,12,{'JAM'},{'JAM_MODERATE_TRAFFIC'},6,{2},8.0
2e68e63d,2e68e63cc,2020-11-21,15,{'JAM'},{'JAM_STAND_STILL_TRAFFIC'},30,{2},5.0
2e68e63d,2e68e63d4,2020-09-04,21,{'JAM'},{'JAM_STAND_STILL_TRAFFIC'},31,{2},5.0
2e68e63d,2e68e63d4,2020-09-12,20,{'JAM'},{'JAM'},5,{2},5.0
2e68e63d,2e68e63d4,2020-09-25,16,{'JAM'},{'JAM_STAND_STILL_TRAFFIC'},34,{2},5.0
2e68e63d,2e68e63d4,2020-09-25,18,{'JAM'},{'JAM'},9,{2},5.0
2e68e63d,2e68e63d4,2020-09-26,20,{'JAM'},{'JAM_STAND_STILL_TRAFFIC'},5,{2},5.0
2e68e63d,2e68e63d4,2020-09-27,11,{'JAM'},{'JAM_MODERATE_TRAFFIC'},31,{2},5.0
2e68e63d,2e68e63d4,2020-10-01,15,{'JAM'},{'JAM_MODERATE_TRAFFIC'},6,{2},5.0
2e68e63d,2e68e63d4,2020-10-02,13,{'JAM'},{'JAM_MODERATE_TRAFFIC'},9,{2},5.0
2e68e63d,2e68e63d4,2020-10-03,12,{'JAM'},{'JAM_HEAVY_TRAFFIC'},31,{20},5.548387096774194
2e68e63d,2e68e63d4,2020-10-07,14,{'JAM'},{'JAM_MODERATE_TRAFFIC'},35,{2},5.457142857142857
2e68e63d,2e68e63d4,2020-10-12,11,{'JAM'},{'JAM_STAND_STILL_TRAFFIC'},12,{2},5.0
2e68e63d,2e68e63d4,2020-10-15,14,{'WEATHERHAZARD'},{'WEATHERHAZARD'},32,{2},5.0
2e68e63d,2e68e63d4,2020-10-15,16,{'JAM'},{'JAM_STAND_STILL_TRAFFIC'},30,{2},5.0
2e68e63d,2e68e63d4,2020-10-17,20,{'JAM'},{'JAM_STAND_STILL_TRAFFIC'},8,{1},5.0
2e68e63d,2e68e63d4,2020-10-22,12,{'JAM'},{'JAM_HEAVY_TRAFFIC'},32,{2},5.0
2e68e63d,2e68e63d4,2020-10-22,21,{'JAM'},{'JAM_HEAVY_TRAFFIC'},12,{2},6.0
2e68e63d,2e68e63d4,2020-10-25,20,{'JAM'},{'JAM_MODERATE_TRAFFIC'},30,{2},5.0
2e68e63d,2e68e63d4,2020-10-26,12,{'JAM'},{'JAM_HEAVY_TRAFFIC'},41,{2},5.390243902439025
2e68e63d,2e68e63d4,2020-10-30,20,{'JAM'},{'JAM_STAND_STILL_TRAFFIC'},34,{2},5.0
2e68e63d,2e68e63d4,2020-10-31,10,{'JAM'},{'JAM_HEAVY_TRAFFIC'},32,{2},5.0
2e68e63d,2e68e63d4,2020-10-31,20,{'JAM'},{'JAM_STAND_STILL_TRAFFIC'},41,{2},5.0
2e68e63d,2e68e63d4,2020-11-02,14,{'JAM'},{'JAM_MODERATE_TRAFFIC'},14,{2},5.0
2e68e63d,2e68e63d4,2020-11-02,15,{'JAM'},{'JAM_STAND_STILL_TRAFFIC'},24,{2},5.0
2e68e63d,2e68e63d4,2020-11-07,16,{'JAM'},{'JAM_MODERATE_TRAFFIC'},9,{2},5.0
2e68e63d,2e68e63d4,2020-11-12,11,{'JAM'},{'JAM'},11,{22},5.0
2e68e63d,2e68e63d4,2020-11-13,18,{'JAM'},{'JAM_STAND_STILL_TRAFFIC'},7,{2},5.0
2e68e63d,2e68e63d4,2020-11-13,21,{'JAM'},{'JAM_STAND_STILL_TRAFFIC'},40,{2},5.75
2e68e63d,2e68e63d4,2020-11-14,16,{'JAM'},{'JAM_HEAVY_TRAFFIC'},7,{2},5.0
2e68e63d,2e68e63d4,2020-11-15,19,{'JAM'},{'JAM_HEAVY_TRAFFIC'},32,{2},6.59375
2e68e63d,2e68e63d4,2020-11-16,13,{'JAM'},{'JAM_STAND_STILL_TRAFFIC'},8,{2},5.875
2e68e63d,2e68e63d4,2020-11-17,20,{'JAM'},{'JAM_STAND_STILL_TRAFFIC'},29,{2},5.896551724137931
2e68e63d,2e68e63d4,2020-11-18,14,{'JAM'},{'JAM_STAND_STILL_TRAFFIC'},31,{2},5.0
2e68e63d,2e68e63d4,2020-11-19,18,{'JAM'},{'JAM_STAND_STILL_TRAFFIC'},10,{2},5.0
2e68e63d,2e68e63d4,2020-11-21,12,{'JAM'},{'JAM_MODERATE_TRAFFIC'},12,{2},7.0
2e68e63d,2e68e63dc,2020-09-04,16,{'WEATHERHAZARD'},{'HAZARD_ON_ROAD_POT_HOLE'},149,{1},5.724832214765101
2e68e63d,2e68e63dc,2020-09-05,21,{'JAM'},{'JAM_MODERATE_TRAFFIC'},31,{2},5.0
2e68e63d,2e68e63dc,2020-09-20,15,{'JAM'},{'JAM_MODERATE_TRAFFIC'},30,{2},5.0
2e68e63d,2e68e63dc,2020-09-23,16,{'WEATHERHAZARD'},{'HAZARD_ON_ROAD_POT_HOLE'},90,{1},5.844444444444444
2e68e63d,2e68e63dc,2020-09-26,19,{'JAM'},{'JAM_STAND_STILL_TRAFFIC'},33,{2},5.0
2e68e63d,2e68e63dc,2020-10-13,21,{'JAM'},{'JAM_STAND_STILL_TRAFFIC'},32,{2},7.375
2e68e63d,2e68e63dc,2020-10-30,16,{'JAM'},{'JAM_STAND_STILL_TRAFFIC'},31,{2},5.838709677419355
2e68e63d,2e68e63dc,2020-10-30,20,{'JAM'},{'JAM_STAND_STILL_TRAFFIC'},31,{2},5.67741935483871
2e68e63d,2e68e63dc,2020-11-03,14,{'JAM'},{'JAM_HEAVY_TRAFFIC'},14,{2},5.0
2e68e63d,2e68e63dc,2020-11-13,12,{'JAM'},{'JAM_STAND_STILL_TRAFFIC'},52,{2},5.480769230769231
2e68e63d,2e68e63dc,2020-11-18,13,{'JAM'},{'JAM_MODERATE_TRAFFIC'},34,{2},5.0
2e68e63f,2e68e63e4,2020-09-04,15,{'ACCIDENT'},{'ACCIDENT'},118,{1},5.0
2e68e63f,2e68e63e4,2020-09-26,14,{'JAM'},{'JAM_HEAVY_TRAFFIC'},60,{2},6.0
2e68e63f,2e68e63e4,2020-10-02,15,{'JAM'},{'JAM_MODERATE_TRAFFIC'},60,{2},5.0
2e68e63f,2e68e63e4,2020-10-03,15,{'JAM'},{'JAM_STAND_STILL_TRAFFIC'},31,{2},5.0
2e68e63f,2e68e63e4,2020-10-03,21,{'JAM'},{'JAM'},7,{2},5.0
2e68e63f,2e68e63e4,2020-10-05,12,{'JAM'},{'JAM'},30,{17},5.0
2e68e63f,2e68e63e4,2020-10-10,21,{'JAM'},{'JAM_HEAVY_TRAFFIC'},58,{2},5.0
2e68e63f,2e68e63e4,2020-10-13,21,{'JAM'},{'JAM_STAND_STILL_TRAFFIC'},32,{2},5.0
2e68e63f,2e68e63e4,2020-10-17,20,{'JAM'},{'JAM_STAND_STILL_TRAFFIC'},31,{2},5.0
2e68e63f,2e68e63e4,2020-10-23,19,{'ACCIDENT'},{'ACCIDENT'},48,{2},5.3125
2e68e63f,2e68e63e4,2020-10-30,10,{'JAM'},{'JAM_MODERATE_TRAFFIC'},30,{2},5.0
2e68e63f,2e68e63e4,2020-10-30,13,{'JAM'},{'JAM'},32,{2},5.0
2e68e63f,2e68e63e4,2020-11-02,14,{'JAM'},{'JAM_MODERATE_TRAFFIC'},7,{2},5.0
2e68e63f,2e68e63e4,2020-11-13,12,{'JAM'},{'JAM_STAND_STILL_TRAFFIC'},44,{2},5.318181818181818
2e68e63f,2e68e63ec,2020-09-24,14,{'JAM'},{'JAM'},29,{20},5.0
2e68e63f,2e68e63ec,2020-10-03,15,{'JAM'},{'JAM_STAND_STILL_TRAFFIC'},43,{2},5.813953488372093
2e68e63f,2e68e63ec,2020-10-29,18,{'WEATHERHAZARD'},{'WEATHERHAZARD'},14,{2},6.642857142857143
2e68e63f,2e68e63ec,2020-10-31,14,{'JAM'},"{'JAM_STAND_STILL_TRAFFIC', 'JAM_HEAVY_TRAFFIC'}",65,{2},6.092307692307692
2e68e63f,2e68e63f4,2020-09-01,22,{'JAM'},{'JAM'},31,{22},5.0
2e68e63f,2e68e63fc,2020-09-04,15,{'ACCIDENT'},{'ACCIDENT'},58,{1},6.775862068965517
2e68e63f,2e68e63fc,2020-10-12,16,{'JAM'},{'JAM_HEAVY_TRAFFIC'},11,{1},5.0
2e68e63f,2e68e63fc,2020-10-31,14,{'JAM'},{'JAM_HEAVY_TRAFFIC'},25,{1},8.36
2e68e63f,2e68e63fc,2020-11-14,10,{'JAM'},{'JAM_MODERATE_TRAFFIC'},31,{22},5.0
2e68e63f,2e68e63fc,2020-11-21,13,{'WEATHERHAZARD'},{'HAZARD_ON_SHOULDER_CAR_STOPPED'},2,{2},5.5
2e68e641,2e68e6404,2020-09-14,15,{'JAM'},{'JAM'},31,{17},5.0
2e68e641,2e68e6404,2020-10-21,17,{'JAM'},{'JAM_MODERATE_TRAFFIC'},36,{7},5.0
2e68e641,2e68e6404,2020-11-02,14,{'JAM'},{'JAM_MODERATE_TRAFFIC'},7,{2},5.0
2e68e641,2e68e6404,2020-11-21,13,"{'JAM', 'WEATHERHAZARD'}","{'HAZARD_ON_SHOULDER_CAR_STOPPED', 'JAM_STAND_STILL_TRAFFIC'}",24,{2},5.125
2e68e641,2e68e640c,2020-09-05,18,{'JAM'},{'JAM'},6,{7},5.0
2e68e641,2e68e640c,2020-10-31,15,{'JAM'},{'JAM_STAND_STILL_TRAFFIC'},7,{7},5.0
2e68e641,2e68e6414,2020-09-10,16,{'JAM'},{'JAM_MODERATE_TRAFFIC'},7,{1},5.0
2e68e641,2e68e6414,2020-10-19,12,{'JAM'},"{'JAM_STAND_STILL_TRAFFIC', 'JAM_HEAVY_TRAFFIC'}",24,{2},5.0
2e68e641,2e68e6414,2020-10-23,16,{'JAM'},{'JAM_STAND_STILL_TRAFFIC'},37,{1},6.756756756756757
2e68e641,2e68e6414,2020-10-31,11,{'WEATHERHAZARD'},{'WEATHERHAZARD'},30,{2},6.9
2e68e641,2e68e6414,2020-11-17,17,{'JAM'},{'JAM_MODERATE_TRAFFIC'},12,{2},5.0
2e68e641,2e68e6414,2020-11-18,14,{'JAM'},{'JAM_MODERATE_TRAFFIC'},7,{2},5.0
2e68e641,2e68e641c,2020-09-06,19,{'JAM'},{'JAM_STAND_STILL_TRAFFIC'},23,{2},5.782608695652174
2e68e641,2e68e641c,2020-09-27,14,{'JAM'},{'JAM_MODERATE_TRAFFIC'},5,{1},5.0
2e68e641,2e68e641c,2020-10-02,17,{'JAM'},{'JAM_STAND_STILL_TRAFFIC'},6,{1},7.666666666666667
2e68e641,2e68e641c,2020-10-12,17,{'JAM'},{'JAM_MODERATE_TRAFFIC'},30,{2},5.0
2e68e641,2e68e641c,2020-10-23,17,{'JAM'},{'JAM_STAND_STILL_TRAFFIC'},61,"{1, 2}",5.983606557377049
2e68e641,2e68e641c,2020-10-25,16,{'JAM'},{'JAM_STAND_STILL_TRAFFIC'},17,{1},5.235294117647059
2e68e641,2e68e641c,2020-10-31,15,{'JAM'},{'JAM_MODERATE_TRAFFIC'},31,{1},5.0
2e68e641,2e68e641c,2020-11-06,16,{'JAM'},{'JAM_HEAVY_TRAFFIC'},39,{1},5.0
2e68e641,2e68e641c,2020-11-07,15,{'JAM'},{'JAM_HEAVY_TRAFFIC'},39,{1},6.0
2e68e641,2e68e641c,2020-11-14,21,{'JAM'},{'JAM_MODERATE_TRAFFIC'},23,{1},5.0
2e68e643,2e68e6424,2020-09-01,17,{'JAM'},{'JAM_HEAVY_TRAFFIC'},32,{2},5.0
2e68e643,2e68e6424,2020-09-02,17,{'JAM'},{'JAM_MODERATE_TRAFFIC'},31,{7},5.0
2e68e643,2e68e6424,2020-09-04,10,{'JAM'},{'JAM_STAND_STILL_TRAFFIC'},25,{2},5.0
2e68e643,2e68e6424,2020-09-04,16,{'JAM'},{'JAM_STAND_STILL_TRAFFIC'},31,{1},6.0
2e68e643,2e68e6424,2020-09-04,17,{'JAM'},"{'JAM_STAND_STILL_TRAFFIC', 'JAM_HEAVY_TRAFFIC'}",79,"{2, 7}",5.468354430379747
2e68e643,2e68e6424,2020-09-04,18,{'JAM'},{'JAM_STAND_STILL_TRAFFIC'},63,{2},5.253968253968254
2e68e643,2e68e6424,2020-09-05,13,{'JAM'},{'JAM_STAND_STILL_TRAFFIC'},31,{2},5.967741935483871
2e68e643,2e68e6424,2020-09-05,19,{'JAM'},"{'JAM_STAND_STILL_TRAFFIC', 'JAM_HEAVY_TRAFFIC'}",58,"{2, 7}",5.482758620689655
2e68e643,2e68e6424,2020-09-06,11,{'JAM'},{'JAM_HEAVY_TRAFFIC'},90,{2},5.211111111111111
2e68e643,2e68e6424,2020-09-06,12,{'JAM'},{'JAM_HEAVY_TRAFFIC'},38,{7},5.315789473684211
2e68e643,2e68e6424,2020-09-06,15,{'JAM'},{'JAM_STAND_STILL_TRAFFIC'},6,{2},5.0
2e68e643,2e68e6424,2020-09-06,18,"{'JAM', 'ACCIDENT'}","{'JAM_STAND_STILL_TRAFFIC', 'ACCIDENT_MAJOR'}",119,"{2, 7}",5.4789915966386555
2e68e643,2e68e6424,2020-09-07,17,{'JAM'},{'JAM_HEAVY_TRAFFIC'},30,{2},5.0
2e68e643,2e68e6424,2020-09-08,15,{'JAM'},{'JAM_HEAVY_TRAFFIC'},39,{7},6.333333333333333
2e68e643,2e68e6424,2020-09-08,16,{'JAM'},{'JAM_STAND_STILL_TRAFFIC'},30,{7},6.966666666666667
2e68e643,2e68e6424,2020-09-08,18,{'JAM'},{'JAM_HEAVY_TRAFFIC'},9,{7},5.222222222222222
2e68e643,2e68e6424,2020-09-09,16,{'JAM'},{'JAM_HEAVY_TRAFFIC'},30,{2},5.0
2e68e643,2e68e6424,2020-09-09,19,{'JAM'},{'JAM_MODERATE_TRAFFIC'},9,{2},5.0
2e68e643,2e68e6424,2020-09-11,15,{'JAM'},{'JAM_HEAVY_TRAFFIC'},30,{2},5.0
2e68e643,2e68e6424,2020-09-11,17,{'JAM'},"{'JAM_STAND_STILL_TRAFFIC', 'JAM_HEAVY_TRAFFIC'}",69,{2},5.260869565217392
2e68e643,2e68e6424,2020-09-12,15,{'JAM'},{'JAM_STAND_STILL_TRAFFIC'},66,{2},6.590909090909091
2e68e643,2e68e6424,2020-09-12,16,{'JAM'},{'JAM_STAND_STILL_TRAFFIC'},17,{2},5.9411764705882355
2e68e643,2e68e6424,2020-09-12,20,{'JAM'},{'JAM_HEAVY_TRAFFIC'},5,{2},5.0
2e68e643,2e68e6424,2020-09-13,13,{'JAM'},{'JAM'},36,{2},5.0
2e68e643,2e68e6424,2020-09-15,9,{'JAM'},{'JAM_STAND_STILL_TRAFFIC'},30,{2},5.0
2e68e643,2e68e6424,2020-09-16,17,{'JAM'},{'JAM_HEAVY_TRAFFIC'},67,{2},6.432835820895522
2e68e643,2e68e6424,2020-09-17,17,{'JAM'},{'JAM_HEAVY_TRAFFIC'},33,{2},5.666666666666667
2e68e643,2e68e6424,2020-09-18,17,{'JAM'},{'JAM_STAND_STILL_TRAFFIC'},123,{2},6.691056910569106
2e68e643,2e68e6424,2020-09-18,18,{'JAM'},{'JAM_HEAVY_TRAFFIC'},16,{2},5.0
2e68e643,2e68e6424,2020-09-19,14,{'JAM'},{'JAM_HEAVY_TRAFFIC'},7,{1},5.0
2e68e643,2e68e6424,2020-09-26,20,{'JAM'},{'JAM_HEAVY_TRAFFIC'},10,{2},5.9
2e68e643,2e68e6424,2020-09-28,17,{'JAM'},{'JAM_STAND_STILL_TRAFFIC'},47,{2},6.191489361702128
2e68e643,2e68e6424,2020-09-29,12,{'JAM'},{'JAM_HEAVY_TRAFFIC'},9,{7},5.0
2e68e643,2e68e6424,2020-09-29,17,{'JAM'},{'JAM_MODERATE_TRAFFIC'},11,{7},5.0
2e68e643,2e68e6424,2020-09-30,18,{'JAM'},{'JAM_HEAVY_TRAFFIC'},32,{2},5.0
2e68e643,2e68e6424,2020-10-02,18,{'JAM'},{'JAM_HEAVY_TRAFFIC'},35,{7},5.0
2e68e643,2e68e6424,2020-10-05,17,{'JAM'},{'JAM_STAND_STILL_TRAFFIC'},13,{7},5.0
2e68e643,2e68e6424,2020-10-06,17,{'JAM'},"{'JAM_STAND_STILL_TRAFFIC', 'JAM_MODERATE_TRAFFIC'}",65,"{2, 7}",5.815384615384615
2e68e643,2e68e6424,2020-10-06,18,{'JAM'},{'JAM_HEAVY_TRAFFIC'},31,{7},5.0
2e68e643,2e68e6424,2020-10-07,17,{'JAM'},{'JAM_STAND_STILL_TRAFFIC'},31,{1},5.870967741935484
2e68e643,2e68e6424,2020-10-07,18,{'JAM'},{'JAM_HEAVY_TRAFFIC'},30,{2},5.566666666666666
2e68e643,2e68e6424,2020-10-08,17,{'JAM'},{'JAM_HEAVY_TRAFFIC'},33,{2},5.0
2e68e643,2e68e6424,2020-10-09,17,{'JAM'},{'JAM_HEAVY_TRAFFIC'},30,{2},6.166666666666667
2e68e643,2e68e6424,2020-10-10,13,{'JAM'},{'JAM_HEAVY_TRAFFIC'},41,{7},6.097560975609756
2e68e643,2e68e6424,2020-10-10,14,{'JAM'},{'JAM_STAND_STILL_TRAFFIC'},47,{2},6.0638297872340425
2e68e643,2e68e6424,2020-10-10,17,{'JAM'},{'JAM_STAND_STILL_TRAFFIC'},33,{7},5.0
2e68e643,2e68e6424,2020-10-11,12,{'JAM'},{'JAM_HEAVY_TRAFFIC'},38,{2},5.394736842105263
2e68e643,2e68e6424,2020-10-11,14,{'JAM'},{'JAM_HEAVY_TRAFFIC'},26,{7},5.0
2e68e643,2e68e6424,2020-10-12,12,{'JAM'},{'JAM_HEAVY_TRAFFIC'},44,{2},6.068181818181818
2e68e643,2e68e6424,2020-10-12,17,{'JAM'},{'JAM_STAND_STILL_TRAFFIC'},101,{2},5.1683168316831685
2e68e643,2e68e6424,2020-10-14,10,{'JAM'},{'JAM_HEAVY_TRAFFIC'},28,{7},5.0
2e68e643,2e68e6424,2020-10-14,18,{'JAM'},{'JAM_STAND_STILL_TRAFFIC'},72,"{2, 7}",5.666666666666667
2e68e643,2e68e6424,2020-10-15,15,{'JAM'},{'JAM_HEAVY_TRAFFIC'},32,{2},5.0
2e68e643,2e68e6424,2020-10-16,10,{'JAM'},{'JAM_STAND_STILL_TRAFFIC'},5,{7},5.0
2e68e643,2e68e6424,2020-10-16,16,{'JAM'},{'JAM_STAND_STILL_TRAFFIC'},12,{1},5.75
2e68e643,2e68e6424,2020-10-16,17,{'JAM'},"{'JAM_STAND_STILL_TRAFFIC', 'JAM_HEAVY_TRAFFIC'}",69,"{2, 7}",5.260869565217392
2e68e643,2e68e6424,2020-10-16,18,{'JAM'},{'JAM_HEAVY_TRAFFIC'},11,{2},5.7272727272727275
2e68e643,2e68e6424,2020-10-17,12,{'JAM'},"{'JAM', 'JAM_STAND_STILL_TRAFFIC', 'JAM_HEAVY_TRAFFIC'}",106,"{2, 7}",5.122641509433962
2e68e643,2e68e6424,2020-10-17,19,{'JAM'},{'JAM_STAND_STILL_TRAFFIC'},35,{2},5.457142857142857
2e68e643,2e68e6424,2020-10-18,12,{'JAM'},{'JAM'},20,{7},5.0
2e68e643,2e68e6424,2020-10-19,12,{'JAM'},{'JAM_STAND_STILL_TRAFFIC'},17,{2},6.235294117647059
2e68e643,2e68e6424,2020-10-19,15,{'JAM'},{'JAM_HEAVY_TRAFFIC'},38,{7},5.473684210526316
2e68e643,2e68e6424,2020-10-20,17,{'JAM'},"{'JAM_STAND_STILL_TRAFFIC', 'JAM_HEAVY_TRAFFIC'}",60,"{2, 7}",5.533333333333333
2e68e643,2e68e6424,2020-10-22,11,{'JAM'},{'JAM_STAND_STILL_TRAFFIC'},13,{2},5.0
2e68e643,2e68e6424,2020-10-22,18,{'JAM'},{'JAM_STAND_STILL_TRAFFIC'},32,{2},5.0
2e68e643,2e68e6424,2020-10-23,16,{'JAM'},{'JAM_STAND_STILL_TRAFFIC'},31,{2},7.32258064516129
2e68e643,2e68e6424,2020-10-23,17,{'JAM'},{'JAM_HEAVY_TRAFFIC'},121,"{2, 7}",5.917355371900826
2e68e643,2e68e6424,2020-10-23,18,{'JAM'},{'JAM_STAND_STILL_TRAFFIC'},32,{2},6.78125
2e68e643,2e68e6424,2020-10-24,13,{'JAM'},{'JAM_HEAVY_TRAFFIC'},32,{2},5.0
2e68e643,2e68e6424,2020-10-25,13,{'JAM'},{'JAM_MODERATE_TRAFFIC'},31,{2},5.0
2e68e643,2e68e6424,2020-10-26,12,{'JAM'},{'JAM_HEAVY_TRAFFIC'},18,{2},6.555555555555555
2e68e643,2e68e6424,2020-10-26,18,{'JAM'},{'JAM_STAND_STILL_TRAFFIC'},12,{2},5.5
2e68e643,2e68e6424,2020-10-27,12,{'JAM'},{'JAM_MODERATE_TRAFFIC'},31,{2},5.0
2e68e643,2e68e6424,2020-10-27,13,{'JAM'},{'JAM_HEAVY_TRAFFIC'},40,"{2, 7}",5.225
2e68e643,2e68e6424,2020-10-27,14,{'JAM'},{'JAM_MODERATE_TRAFFIC'},29,{2},5.0
2e68e643,2e68e6424,2020-10-27,16,{'JAM'},{'JAM_STAND_STILL_TRAFFIC'},71,{2},5.901408450704225
2e68e643,2e68e6424,2020-10-27,17,{'JAM'},"{'JAM_STAND_STILL_TRAFFIC', 'JAM_HEAVY_TRAFFIC'}",100,"{2, 7}",5.69
2e68e643,2e68e6424,2020-10-27,18,{'JAM'},{'JAM_HEAVY_TRAFFIC'},31,{7},5.0
2e68e643,2e68e6424,2020-10-28,13,{'JAM'},{'JAM_HEAVY_TRAFFIC'},42,{7},6.928571428571429
2e68e643,2e68e6424,2020-10-28,17,{'JAM'},{'JAM_STAND_STILL_TRAFFIC'},49,{7},5.0
2e68e643,2e68e6424,2020-10-28,18,{'JAM'},{'JAM_STAND_STILL_TRAFFIC'},11,{7},5.0
2e68e643,2e68e6424,2020-10-28,21,{'JAM'},{'JAM_MODERATE_TRAFFIC'},31,{7},5.0
2e68e643,2e68e6424,2020-10-29,12,{'JAM'},"{'JAM_STAND_STILL_TRAFFIC', 'JAM_HEAVY_TRAFFIC'}",39,{7},5.641025641025641
2e68e643,2e68e6424,2020-10-29,14,{'JAM'},"{'JAM_MODERATE_TRAFFIC', 'JAM_HEAVY_TRAFFIC'}",44,"{2, 7}",5.0
2e68e643,2e68e6424,2020-10-29,18,{'JAM'},{'JAM_HEAVY_TRAFFIC'},42,{2},5.976190476190476
2e68e643,2e68e6424,2020-10-29,19,{'JAM'},{'JAM_HEAVY_TRAFFIC'},30,{7},5.0
2e68e643,2e68e6424,2020-10-30,11,{'JAM'},{'JAM_HEAVY_TRAFFIC'},31,{2},6.0
2e68e643,2e68e6424,2020-10-30,12,{'JAM'},{'JAM_STAND_STILL_TRAFFIC'},6,{2},5.0
2e68e643,2e68e6424,2020-10-30,14,{'JAM'},{'JAM_STAND_STILL_TRAFFIC'},87,{2},7.183908045977011
2e68e643,2e68e6424,2020-10-30,15,{'JAM'},"{'JAM_STAND_STILL_TRAFFIC', 'JAM_HEAVY_TRAFFIC'}",103,"{6, 7}",6.262135922330097
2e68e643,2e68e6424,2020-10-30,17,{'JAM'},"{'JAM_STAND_STILL_TRAFFIC', 'JAM_HEAVY_TRAFFIC'}",41,"{2, 7}",6.439024390243903
2e68e643,2e68e6424,2020-10-30,18,{'JAM'},{'JAM_STAND_STILL_TRAFFIC'},30,{7},7.333333333333333
2e68e643,2e68e6424,2020-10-30,19,{'JAM'},{'JAM_STAND_STILL_TRAFFIC'},68,{2},5.382352941176471
2e68e643,2e68e6424,2020-10-31,11,{'JAM'},{'JAM_STAND_STILL_TRAFFIC'},31,{2},5.0
2e68e643,2e68e6424,2020-10-31,13,{'JAM'},"{'JAM', 'JAM_STAND_STILL_TRAFFIC', 'JAM_HEAVY_TRAFFIC'}",96,"{1, 2}",5.333333333333333
2e68e643,2e68e6424,2020-10-31,14,{'JAM'},{'JAM'},30,{7},5.0
2e68e643,2e68e6424,2020-10-31,15,{'JAM'},"{'JAM', 'JAM_STAND_STILL_TRAFFIC'}",152,"{2, 7}",7.269736842105263
2e68e643,2e68e6424,2020-10-31,16,{'JAM'},{'JAM_HEAVY_TRAFFIC'},48,{2},6.875
2e68e643,2e68e6424,2020-10-31,17,{'JAM'},{'JAM_STAND_STILL_TRAFFIC'},11,{7},5.090909090909091
2e68e643,2e68e6424,2020-11-01,12,{'JAM'},{'JAM_STAND_STILL_TRAFFIC'},51,{2},6.411764705882353
2e68e643,2e68e6424,2020-11-01,13,{'JAM'},{'JAM_HEAVY_TRAFFIC'},38,{2},5.447368421052632
2e68e643,2e68e6424,2020-11-01,14,{'JAM'},{'JAM_HEAVY_TRAFFIC'},8,{7},5.0
2e68e643,2e68e6424,2020-11-01,15,{'JAM'},{'JAM_STAND_STILL_TRAFFIC'},63,"{1, 7}",5.0
2e68e643,2e68e6424,2020-11-03,17,{'JAM'},"{'JAM_STAND_STILL_TRAFFIC', 'JAM_HEAVY_TRAFFIC'}",13,{2},5.0
2e68e643,2e68e6424,2020-11-05,17,{'JAM'},{'JAM_STAND_STILL_TRAFFIC'},64,{2},5.328125
2e68e643,2e68e6424,2020-11-06,11,{'JAM'},{'JAM_HEAVY_TRAFFIC'},5,{7},5.0
2e68e643,2e68e6424,2020-11-06,14,{'JAM'},{'JAM_HEAVY_TRAFFIC'},8,{2},5.0
2e68e643,2e68e6424,2020-11-06,17,{'JAM'},"{'JAM_STAND_STILL_TRAFFIC', 'JAM_HEAVY_TRAFFIC'}",26,"{2, 7}",6.115384615384615
2e68e643,2e68e6424,2020-11-07,13,{'JAM'},{'JAM_STAND_STILL_TRAFFIC'},63,{2},5.428571428571429
2e68e643,2e68e6424,2020-11-07,18,{'JAM'},{'JAM_STAND_STILL_TRAFFIC'},38,{2},6.157894736842105
2e68e643,2e68e6424,2020-11-07,19,{'JAM'},{'JAM_STAND_STILL_TRAFFIC'},9,{2},5.0
2e68e643,2e68e6424,2020-11-08,11,{'JAM'},{'JAM_STAND_STILL_TRAFFIC'},32,{2},5.5625
2e68e643,2e68e6424,2020-11-08,13,{'JAM'},{'JAM_HEAVY_TRAFFIC'},67,{2},5.7611940298507465
2e68e643,2e68e6424,2020-11-08,14,{'JAM'},{'JAM_HEAVY_TRAFFIC'},30,{2},6.3
2e68e643,2e68e6424,2020-11-09,14,{'JAM'},{'JAM_STAND_STILL_TRAFFIC'},32,{2},5.0
2e68e643,2e68e6424,2020-11-09,15,{'JAM'},{'JAM_STAND_STILL_TRAFFIC'},6,{7},5.333333333333333
2e68e643,2e68e6424,2020-11-10,11,{'JAM'},{'JAM_MODERATE_TRAFFIC'},21,{2},5.095238095238095
2e68e643,2e68e6424,2020-11-10,14,{'JAM'},{'JAM_STAND_STILL_TRAFFIC'},32,{2},5.0
2e68e643,2e68e6424,2020-11-11,12,{'JAM'},{'JAM_MODERATE_TRAFFIC'},12,{7},5.0
2e68e643,2e68e6424,2020-11-11,14,{'JAM'},{'JAM_MODERATE_TRAFFIC'},33,{2},5.0
2e68e643,2e68e6424,2020-11-11,16,{'JAM'},"{'JAM_STAND_STILL_TRAFFIC', 'JAM_HEAVY_TRAFFIC'}",110,"{2, 7}",5.927272727272728
2e68e643,2e68e6424,2020-11-12,10,{'JAM'},{'JAM_HEAVY_TRAFFIC'},5,{7},5.0
2e68e643,2e68e6424,2020-11-12,15,{'JAM'},{'JAM'},31,{7},5.0
2e68e643,2e68e6424,2020-11-13,15,{'JAM'},{'JAM_HEAVY_TRAFFIC'},32,{7},5.84375
2e68e643,2e68e6424,2020-11-13,17,{'JAM'},{'JAM_STAND_STILL_TRAFFIC'},6,{2},5.666666666666667
2e68e643,2e68e6424,2020-11-14,11,{'JAM'},{'JAM_STAND_STILL_TRAFFIC'},30,{7},5.0
2e68e643,2e68e6424,2020-11-14,14,{'JAM'},{'JAM_HEAVY_TRAFFIC'},31,{2},7.548387096774194
2e68e643,2e68e6424,2020-11-14,15,{'JAM'},{'JAM_HEAVY_TRAFFIC'},67,"{1, 2}",5.597014925373134
2e68e643,2e68e6424,2020-11-14,17,{'JAM'},"{'JAM_STAND_STILL_TRAFFIC', 'JAM_HEAVY_TRAFFIC'}",33,{7},5.787878787878788
2e68e643,2e68e6424,2020-11-15,14,{'JAM'},{'JAM_HEAVY_TRAFFIC'},30,{7},5.0
2e68e643,2e68e6424,2020-11-16,14,{'JAM'},{'JAM_MODERATE_TRAFFIC'},34,{2},5.0
2e68e643,2e68e6424,2020-11-17,13,{'JAM'},{'JAM_HEAVY_TRAFFIC'},16,{2},5.0
2e68e643,2e68e6424,2020-11-17,17,{'JAM'},{'JAM_MODERATE_TRAFFIC'},31,{2},5.0
2e68e643,2e68e6424,2020-11-18,14,{'JAM'},{'JAM_HEAVY_TRAFFIC'},6,{7},5.0
2e68e643,2e68e6424,2020-11-20,17,{'JAM'},{'JAM_HEAVY_TRAFFIC'},23,{2},6.0
2e68e643,2e68e6424,2020-11-21,13,"{'JAM', 'WEATHERHAZARD'}","{'HAZARD_ON_SHOULDER_CAR_STOPPED', 'JAM_STAND_STILL_TRAFFIC'}",24,"{2, 7}",5.375
2e68e643,2e68e6424,2020-11-21,14,{'JAM'},{'JAM_HEAVY_TRAFFIC'},21,{1},6.761904761904762
2e68e643,2e68e6424,2020-11-22,11,{'JAM'},{'JAM_STAND_STILL_TRAFFIC'},39,{2},6.435897435897436
2e68e643,2e68e6424,2020-11-22,13,{'JAM'},{'JAM_HEAVY_TRAFFIC'},38,{7},5.894736842105263
2e68e643,2e68e642c,2020-09-11,17,{'JAM'},{'JAM_HEAVY_TRAFFIC'},19,{6},5.7368421052631575
2e68e643,2e68e642c,2020-10-10,14,{'JAM'},{'JAM_HEAVY_TRAFFIC'},8,{7},5.0
2e68e643,2e68e642c,2020-10-21,19,{'JAM'},{'JAM'},12,{6},5.0
2e68e643,2e68e642c,2020-10-22,14,{'JAM'},{'JAM_MODERATE_TRAFFIC'},26,{6},5.153846153846154
2e68e643,2e68e642c,2020-10-27,11,{'JAM'},{'JAM_HEAVY_TRAFFIC'},14,{7},5.0
2e68e643,2e68e642c,2020-10-29,13,{'JAM'},{'JAM_STAND_STILL_TRAFFIC'},6,{6},5.0
2e68e643,2e68e642c,2020-10-30,16,{'JAM'},{'JAM_MODERATE_TRAFFIC'},11,{6},5.545454545454546
2e68e643,2e68e642c,2020-10-31,15,{'JAM'},{'JAM_STAND_STILL_TRAFFIC'},32,{6},10.0
2e68e643,2e68e642c,2020-11-04,12,{'JAM'},{'JAM'},6,{6},5.0
2e68e643,2e68e642c,2020-11-06,17,{'JAM'},{'JAM_STAND_STILL_TRAFFIC'},13,{6},7.3076923076923075
2e68e643,2e68e642c,2020-11-13,15,{'JAM'},{'JAM'},6,{6},5.0
2e68e643,2e68e642c,2020-11-20,13,{'JAM'},{'JAM_STAND_STILL_TRAFFIC'},6,{6},5.666666666666667
2e68e643,2e68e642c,2020-11-20,17,{'JAM'},{'JAM_STAND_STILL_TRAFFIC'},3,{6},5.0
2e68e643,2e68e6434,2020-09-04,17,{'JAM'},{'JAM_MODERATE_TRAFFIC'},6,{7},5.0
2e68e643,2e68e6434,2020-09-05,16,{'JAM'},{'JAM_STAND_STILL_TRAFFIC'},36,{7},5.972222222222222
2e68e643,2e68e6434,2020-09-05,17,{'JAM'},{'JAM_STAND_STILL_TRAFFIC'},20,{7},5.0
2e68e643,2e68e6434,2020-09-06,13,{'JAM'},{'JAM_MODERATE_TRAFFIC'},15,{7},6.533333333333333
2e68e643,2e68e6434,2020-09-06,14,{'JAM'},{'JAM_HEAVY_TRAFFIC'},31,{7},5.0
2e68e643,2e68e6434,2020-09-06,15,{'JAM'},{'JAM_STAND_STILL_TRAFFIC'},26,{7},5.0
2e68e643,2e68e6434,2020-09-06,18,{'JAM'},{'JAM_HEAVY_TRAFFIC'},23,{7},6.695652173913044
2e68e643,2e68e6434,2020-09-13,14,{'JAM'},{'JAM_MODERATE_TRAFFIC'},6,{7},5.0
2e68e643,2e68e6434,2020-09-13,16,{'JAM'},{'JAM_HEAVY_TRAFFIC'},16,{7},5.0
2e68e643,2e68e6434,2020-09-26,13,{'JAM'},{'JAM_STAND_STILL_TRAFFIC'},31,{7},5.0
2e68e643,2e68e6434,2020-09-28,13,{'JAM'},{'JAM_HEAVY_TRAFFIC'},15,{7},5.333333333333333
2e68e643,2e68e6434,2020-10-03,14,{'JAM'},{'JAM_HEAVY_TRAFFIC'},11,{7},5.181818181818182
2e68e643,2e68e6434,2020-10-04,13,{'JAM'},{'JAM_STAND_STILL_TRAFFIC'},20,{7},5.0
2e68e643,2e68e6434,2020-10-04,18,{'JAM'},{'JAM_HEAVY_TRAFFIC'},18,{7},5.0
2e68e643,2e68e6434,2020-10-04,19,{'JAM'},{'JAM_STAND_STILL_TRAFFIC'},19,{7},5.0
2e68e643,2e68e6434,2020-10-10,16,{'JAM'},{'JAM_MODERATE_TRAFFIC'},7,{7},5.0
2e68e643,2e68e6434,2020-10-10,18,{'JAM'},{'JAM_STAND_STILL_TRAFFIC'},26,{7},5.115384615384615
2e68e643,2e68e6434,2020-10-11,19,{'JAM'},{'JAM_STAND_STILL_TRAFFIC'},30,{7},5.6
2e68e643,2e68e6434,2020-10-12,11,{'JAM'},{'JAM_MODERATE_TRAFFIC'},45,{7},5.355555555555555
2e68e643,2e68e6434,2020-10-16,16,{'JAM'},{'JAM_HEAVY_TRAFFIC'},33,{7},5.0
2e68e643,2e68e6434,2020-10-17,12,{'JAM'},{'JAM_HEAVY_TRAFFIC'},23,{7},5.913043478260869
2e68e643,2e68e6434,2020-10-17,18,{'JAM'},{'JAM_STAND_STILL_TRAFFIC'},16,{7},5.0
2e68e643,2e68e6434,2020-10-19,14,{'JAM'},{'JAM_HEAVY_TRAFFIC'},34,{7},5.0
2e68e643,2e68e6434,2020-10-20,18,{'JAM'},{'JAM_MODERATE_TRAFFIC'},13,{7},5.0
2e68e643,2e68e6434,2020-10-23,13,{'JAM'},{'JAM_STAND_STILL_TRAFFIC'},31,{7},5.0
2e68e643,2e68e6434,2020-10-23,16,{'JAM'},{'JAM_HEAVY_TRAFFIC'},29,{7},5.517241379310345
2e68e643,2e68e6434,2020-10-24,12,{'JAM'},{'JAM_HEAVY_TRAFFIC'},45,{7},5.8
2e68e643,2e68e6434,2020-10-24,13,{'JAM'},{'JAM_HEAVY_TRAFFIC'},37,{7},6.297297297297297
2e68e643,2e68e6434,2020-10-24,18,{'JAM'},{'JAM_STAND_STILL_TRAFFIC'},34,{7},5.0
2e68e643,2e68e6434,2020-10-27,15,{'JAM'},{'JAM_STAND_STILL_TRAFFIC'},50,{7},6.2
2e68e643,2e68e6434,2020-10-28,18,{'JAM'},{'JAM_MODERATE_TRAFFIC'},30,{7},5.0
2e68e643,2e68e6434,2020-10-28,21,{'JAM'},{'JAM_MODERATE_TRAFFIC'},32,{7},5.0
2e68e643,2e68e6434,2020-10-29,14,{'JAM'},{'JAM_STAND_STILL_TRAFFIC'},31,{7},6.290322580645161
2e68e643,2e68e6434,2020-10-29,15,{'JAM'},{'JAM_MODERATE_TRAFFIC'},32,{7},5.0
2e68e643,2e68e6434,2020-10-29,16,{'JAM'},{'JAM_STAND_STILL_TRAFFIC'},15,{7},5.933333333333334
2e68e643,2e68e6434,2020-10-29,18,{'JAM'},{'JAM_STAND_STILL_TRAFFIC'},32,{7},6.5625
2e68e643,2e68e6434,2020-10-29,20,{'JAM'},{'JAM_STAND_STILL_TRAFFIC'},24,{7},6.833333333333333
2e68e643,2e68e6434,2020-10-30,13,{'JAM'},{'JAM_HEAVY_TRAFFIC'},36,{7},8.055555555555555
2e68e643,2e68e6434,2020-10-30,15,{'JAM'},{'JAM_HEAVY_TRAFFIC'},53,{7},7.886792452830188
2e68e643,2e68e6434,2020-10-30,17,{'JAM'},{'JAM_MODERATE_TRAFFIC'},55,{7},5.890909090909091
2e68e643,2e68e6434,2020-10-30,19,{'JAM'},"{'JAM_MODERATE_TRAFFIC', 'JAM_HEAVY_TRAFFIC'}",63,{7},5.73015873015873
2e68e643,2e68e6434,2020-10-30,20,{'JAM'},{'JAM_MODERATE_TRAFFIC'},26,{7},5.0
2e68e643,2e68e6434,2020-10-31,16,{'JAM'},{'JAM_HEAVY_TRAFFIC'},27,{7},5.0
2e68e643,2e68e6434,2020-10-31,18,{'JAM'},{'JAM_STAND_STILL_TRAFFIC'},31,{7},6.774193548387097
2e68e643,2e68e6434,2020-11-01,13,{'JAM'},"{'JAM_STAND_STILL_TRAFFIC', 'JAM_HEAVY_TRAFFIC'}",36,{7},6.5
2e68e643,2e68e6434,2020-11-04,11,{'WEATHERHAZARD'},{'HAZARD_ON_SHOULDER'},26,{7},6.653846153846154
2e68e643,2e68e6434,2020-11-06,14,{'JAM'},{'JAM_HEAVY_TRAFFIC'},30,{7},6.0
2e68e643,2e68e6434,2020-11-07,13,{'JAM'},"{'JAM_STAND_STILL_TRAFFIC', 'JAM_HEAVY_TRAFFIC'}",52,{7},5.538461538461538
2e68e643,2e68e6434,2020-11-07,16,{'JAM'},{'JAM_HEAVY_TRAFFIC'},35,{7},7.942857142857143
2e68e643,2e68e6434,2020-11-07,19,{'JAM'},{'JAM_HEAVY_TRAFFIC'},45,{7},5.355555555555555
2e68e643,2e68e6434,2020-11-08,12,{'JAM'},{'JAM_HEAVY_TRAFFIC'},30,{7},9.833333333333334
2e68e643,2e68e6434,2020-11-08,13,{'JAM'},{'JAM_STAND_STILL_TRAFFIC'},33,{7},6.2727272727272725
2e68e643,2e68e6434,2020-11-08,14,{'JAM'},{'JAM_STAND_STILL_TRAFFIC'},36,{7},7.194444444444445
2e68e643,2e68e6434,2020-11-08,15,{'JAM'},{'JAM_STAND_STILL_TRAFFIC'},31,{7},5.0
2e68e643,2e68e6434,2020-11-10,20,{'JAM'},{'JAM_STAND_STILL_TRAFFIC'},22,{7},6.318181818181818
2e68e643,2e68e6434,2020-11-11,19,{'JAM'},{'JAM_STAND_STILL_TRAFFIC'},31,{7},5.935483870967742
2e68e643,2e68e6434,2020-11-12,15,{'JAM'},{'JAM_MODERATE_TRAFFIC'},24,{7},5.0
2e68e643,2e68e6434,2020-11-13,20,{'JAM'},{'JAM_HEAVY_TRAFFIC'},32,{7},5.0
2e68e643,2e68e6434,2020-11-14,14,{'JAM'},{'JAM'},26,{7},5.0
2e68e643,2e68e6434,2020-11-14,17,{'JAM'},"{'JAM_MODERATE_TRAFFIC', 'JAM_HEAVY_TRAFFIC'}",25,{7},5.36
2e68e643,2e68e6434,2020-11-14,18,{'JAM'},{'JAM_STAND_STILL_TRAFFIC'},32,{7},5.0
2e68e643,2e68e6434,2020-11-15,12,{'JAM'},{'JAM_HEAVY_TRAFFIC'},31,{7},6.548387096774194
2e68e643,2e68e6434,2020-11-15,18,{'JAM'},{'JAM_STAND_STILL_TRAFFIC'},28,{7},5.535714285714286
2e68e643,2e68e6434,2020-11-20,16,{'JAM'},{'JAM_HEAVY_TRAFFIC'},30,{7},5.666666666666667
2e68e643,2e68e6434,2020-11-21,12,{'JAM'},{'JAM_STAND_STILL_TRAFFIC'},13,{7},5.923076923076923
2e68e643,2e68e6434,2020-11-21,16,{'JAM'},{'JAM_HEAVY_TRAFFIC'},45,{7},7.711111111111111
2e68e643,2e68e6434,2020-11-22,15,{'JAM'},{'JAM'},31,{7},5.0
2e68e643,2e68e6434,2020-11-22,18,{'JAM'},{'JAM_STAND_STILL_TRAFFIC'},30,{7},5.733333333333333
2e68e643,2e68e6434,2020-11-22,20,{'JAM'},{'JAM_HEAVY_TRAFFIC'},32,{7},6.90625
2e68e643,2e68e643c,2020-09-01,14,{'JAM'},"{'JAM', 'JAM_HEAVY_TRAFFIC'}",19,"{2, 7}",5.0
2e68e643,2e68e643c,2020-09-04,16,{'JAM'},{'JAM_MODERATE_TRAFFIC'},6,{7},5.0
2e68e643,2e68e643c,2020-09-04,17,{'JAM'},{'JAM_STAND_STILL_TRAFFIC'},5,{7},5.0
2e68e643,2e68e643c,2020-09-05,13,{'JAM'},{'JAM_HEAVY_TRAFFIC'},5,{6},5.0
2e68e643,2e68e643c,2020-09-05,15,{'JAM'},{'JAM_MODERATE_TRAFFIC'},14,{7},5.0
2e68e643,2e68e643c,2020-09-06,18,{'JAM'},{'JAM_STAND_STILL_TRAFFIC'},18,"{2, 7}",5.444444444444445
2e68e643,2e68e643c,2020-09-08,17,{'JAM'},{'JAM_HEAVY_TRAFFIC'},32,{7},5.0
2e68e643,2e68e643c,2020-09-09,12,{'JAM'},{'JAM_STAND_STILL_TRAFFIC'},10,{6},5.0
2e68e643,2e68e643c,2020-09-10,22,{'JAM'},{'JAM_STAND_STILL_TRAFFIC'},12,{7},5.0
2e68e643,2e68e643c,2020-09-11,17,{'JAM'},{'JAM_HEAVY_TRAFFIC'},23,{7},6.956521739130435
2e68e643,2e68e643c,2020-09-13,12,{'JAM'},{'JAM_HEAVY_TRAFFIC'},30,{7},5.0
2e68e643,2e68e643c,2020-09-13,18,{'WEATHERHAZARD'},{'HAZARD_ON_SHOULDER_MISSING_SIGN'},25,{7},7.32
2e68e643,2e68e643c,2020-09-15,17,{'JAM'},{'JAM_STAND_STILL_TRAFFIC'},10,{7},5.0
2e68e643,2e68e643c,2020-09-25,18,{'JAM'},{'JAM_MODERATE_TRAFFIC'},6,{6},5.0
2e68e643,2e68e643c,2020-09-29,13,{'JAM'},{'JAM_STAND_STILL_TRAFFIC'},9,{6},5.0
2e68e643,2e68e643c,2020-09-30,13,{'JAM'},{'JAM_STAND_STILL_TRAFFIC'},12,{7},5.0
2e68e643,2e68e643c,2020-09-30,16,{'JAM'},{'JAM_STAND_STILL_TRAFFIC'},5,{7},5.0
2e68e643,2e68e643c,2020-10-02,9,{'JAM'},{'JAM_MODERATE_TRAFFIC'},15,{7},5.0
2e68e643,2e68e643c,2020-10-02,18,{'JAM'},"{'JAM_STAND_STILL_TRAFFIC', 'JAM_HEAVY_TRAFFIC'}",33,{7},6.0
2e68e643,2e68e643c,2020-10-05,16,{'JAM'},"{'JAM_MODERATE_TRAFFIC', 'JAM_HEAVY_TRAFFIC'}",49,{7},5.8979591836734695
2e68e643,2e68e643c,2020-10-06,16,{'JAM'},{'JAM_MODERATE_TRAFFIC'},6,{7},5.0
2e68e643,2e68e643c,2020-10-07,14,{'JAM'},{'JAM'},14,{7},5.0
2e68e643,2e68e643c,2020-10-10,15,{'JAM'},{'JAM_HEAVY_TRAFFIC'},5,{7},5.0
2e68e643,2e68e643c,2020-10-11,14,{'JAM'},{'JAM_STAND_STILL_TRAFFIC'},13,{7},5.0
2e68e643,2e68e643c,2020-10-11,15,{'JAM'},{'JAM_HEAVY_TRAFFIC'},7,{6},5.0
2e68e643,2e68e643c,2020-10-12,11,{'JAM'},{'JAM_HEAVY_TRAFFIC'},7,{6},5.857142857142857
2e68e643,2e68e643c,2020-10-13,16,{'JAM'},{'JAM_STAND_STILL_TRAFFIC'},11,{2},5.0
2e68e643,2e68e643c,2020-10-14,10,{'JAM'},{'JAM_HEAVY_TRAFFIC'},12,{7},5.0
2e68e643,2e68e643c,2020-10-15,17,{'JAM'},{'JAM_STAND_STILL_TRAFFIC'},5,{7},5.0
2e68e643,2e68e643c,2020-10-16,10,{'JAM'},{'JAM_STAND_STILL_TRAFFIC'},24,{7},5.875
2e68e643,2e68e643c,2020-10-16,13,{'JAM'},{'JAM_HEAVY_TRAFFIC'},20,{7},5.0
2e68e643,2e68e643c,2020-10-17,13,{'JAM'},{'JAM_MODERATE_TRAFFIC'},14,{6},5.0
2e68e643,2e68e643c,2020-10-17,14,{'JAM'},{'JAM_STAND_STILL_TRAFFIC'},33,{7},7.545454545454546
2e68e643,2e68e643c,2020-10-18,15,{'JAM'},{'JAM_STAND_STILL_TRAFFIC'},7,{7},6.285714285714286
2e68e643,2e68e643c,2020-10-19,14,{'JAM'},{'JAM_HEAVY_TRAFFIC'},15,{7},5.0
2e68e643,2e68e643c,2020-10-20,18,{'JAM'},"{'JAM_STAND_STILL_TRAFFIC', 'JAM_MODERATE_TRAFFIC'}",49,{7},5.0
2e68e643,2e68e643c,2020-10-21,9,{'JAM'},{'JAM_MODERATE_TRAFFIC'},5,{7},5.0
2e68e643,2e68e643c,2020-10-21,14,{'JAM'},{'JAM_HEAVY_TRAFFIC'},29,{6},5.0
2e68e643,2e68e643c,2020-10-23,14,{'JAM'},{'JAM_STAND_STILL_TRAFFIC'},9,{7},5.0
2e68e643,2e68e643c,2020-10-23,16,{'JAM'},{'JAM_HEAVY_TRAFFIC'},31,{7},5.580645161290323
2e68e643,2e68e643c,2020-10-23,17,{'JAM'},"{'JAM_STAND_STILL_TRAFFIC', 'JAM_HEAVY_TRAFFIC'}",40,"{2, 6}",5.65
2e68e643,2e68e643c,2020-10-23,18,{'JAM'},"{'JAM_STAND_STILL_TRAFFIC', 'JAM_HEAVY_TRAFFIC'}",41,{7},5.0
2e68e643,2e68e643c,2020-10-24,13,{'JAM'},{'JAM_STAND_STILL_TRAFFIC'},28,{7},7.285714285714286
2e68e643,2e68e643c,2020-10-24,15,{'JAM'},{'JAM_HEAVY_TRAFFIC'},7,{6},5.0
2e68e643,2e68e643c,2020-10-26,14,{'JAM'},{'JAM_HEAVY_TRAFFIC'},12,{7},5.583333333333333
2e68e643,2e68e643c,2020-10-26,16,{'JAM'},"{'JAM_STAND_STILL_TRAFFIC', 'JAM_HEAVY_TRAFFIC'}",52,"{2, 7}",5.403846153846154
2e68e643,2e68e643c,2020-10-27,11,{'JAM'},{'JAM_HEAVY_TRAFFIC'},31,{7},5.935483870967742
2e68e643,2e68e643c,2020-10-27,15,{'JAM'},{'JAM_STAND_STILL_TRAFFIC'},5,{6},5.8
2e68e643,2e68e643c,2020-10-27,17,{'JAM'},{'JAM_HEAVY_TRAFFIC'},20,{7},6.0
2e68e643,2e68e643c,2020-10-27,18,{'JAM'},{'JAM_STAND_STILL_TRAFFIC'},39,{7},6.153846153846154
2e68e643,2e68e643c,2020-10-28,18,{'JAM'},{'JAM_STAND_STILL_TRAFFIC'},31,{7},5.0
2e68e643,2e68e643c,2020-10-29,14,{'JAM'},"{'JAM_STAND_STILL_TRAFFIC', 'JAM_MODERATE_TRAFFIC'}",41,"{2, 7}",5.0
2e68e643,2e68e643c,2020-10-29,19,{'JAM'},"{'JAM', 'JAM_STAND_STILL_TRAFFIC'}",45,"{6, 7}",5.377777777777778
2e68e643,2e68e643c,2020-10-30,10,{'JAM'},{'JAM_HEAVY_TRAFFIC'},55,{7},5.763636363636364
2e68e643,2e68e643c,2020-10-30,12,{'JAM'},{'JAM_HEAVY_TRAFFIC'},39,{7},6.0256410256410255
2e68e643,2e68e643c,2020-10-30,13,{'JAM'},{'JAM_HEAVY_TRAFFIC'},34,{7},5.647058823529412
2e68e643,2e68e643c,2020-10-30,15,{'JAM'},{'JAM_HEAVY_TRAFFIC'},45,{6},6.4222222222222225
2e68e643,2e68e643c,2020-10-30,16,{'JAM'},{'JAM_MODERATE_TRAFFIC'},11,{7},5.0
2e68e643,2e68e643c,2020-10-30,17,{'JAM'},{'JAM_STAND_STILL_TRAFFIC'},17,{7},6.411764705882353
2e68e643,2e68e643c,2020-10-30,18,{'JAM'},{'JAM_HEAVY_TRAFFIC'},31,{7},5.0
2e68e643,2e68e643c,2020-10-30,19,{'JAM'},{'JAM_STAND_STILL_TRAFFIC'},40,{7},6.2
2e68e643,2e68e643c,2020-10-31,11,{'JAM'},{'JAM_STAND_STILL_TRAFFIC'},45,{7},5.933333333333334
2e68e643,2e68e643c,2020-10-31,13,{'JAM'},"{'JAM_STAND_STILL_TRAFFIC', 'JAM_HEAVY_TRAFFIC'}",59,"{2, 7}",6.271186440677966
2e68e643,2e68e643c,2020-10-31,14,{'JAM'},"{'JAM_STAND_STILL_TRAFFIC', 'JAM_MODERATE_TRAFFIC'}",15,"{2, 7}",5.333333333333333
2e68e643,2e68e643c,2020-10-31,15,{'JAM'},{'JAM_HEAVY_TRAFFIC'},61,{7},7.163934426229508
2e68e643,2e68e643c,2020-10-31,16,{'JAM'},{'JAM_STAND_STILL_TRAFFIC'},61,"{6, 7}",6.573770491803279
2e68e643,2e68e643c,2020-10-31,17,{'JAM'},{'JAM_STAND_STILL_TRAFFIC'},20,{7},5.0
2e68e643,2e68e643c,2020-11-01,12,{'JAM'},{'JAM_MODERATE_TRAFFIC'},5,{6},5.0
2e68e643,2e68e643c,2020-11-01,14,{'JAM'},{'JAM_STAND_STILL_TRAFFIC'},18,{7},5.611111111111111
2e68e643,2e68e643c,2020-11-01,15,{'JAM'},{'JAM'},5,{6},5.0
2e68e643,2e68e643c,2020-11-01,16,{'JAM'},{'JAM_HEAVY_TRAFFIC'},16,{7},6.25
2e68e643,2e68e643c,2020-11-05,15,{'JAM'},{'JAM_HEAVY_TRAFFIC'},7,{7},5.0
2e68e643,2e68e643c,2020-11-06,11,{'JAM'},{'JAM_MODERATE_TRAFFIC'},16,{7},5.0
2e68e643,2e68e643c,2020-11-06,14,{'JAM'},{'JAM_HEAVY_TRAFFIC'},31,{7},6.0
2e68e643,2e68e643c,2020-11-06,17,{'JAM'},{'JAM_STAND_STILL_TRAFFIC'},19,{7},6.631578947368421
2e68e643,2e68e643c,2020-11-07,13,{'JAM'},{'JAM_HEAVY_TRAFFIC'},31,{7},5.0
2e68e643,2e68e643c,2020-11-07,15,{'JAM'},{'JAM_STAND_STILL_TRAFFIC'},10,{7},5.3
2e68e643,2e68e643c,2020-11-08,12,{'JAM'},{'JAM_MODERATE_TRAFFIC'},30,{7},5.0
2e68e643,2e68e643c,2020-11-10,16,{'JAM'},"{'JAM_STAND_STILL_TRAFFIC', 'JAM_HEAVY_TRAFFIC'}",43,{7},5.0
2e68e643,2e68e643c,2020-11-10,20,{'JAM'},{'JAM_STAND_STILL_TRAFFIC'},33,{7},5.575757575757576
2e68e643,2e68e643c,2020-11-11,12,{'JAM'},{'JAM_HEAVY_TRAFFIC'},11,{7},6.0
2e68e643,2e68e643c,2020-11-12,15,{'JAM'},{'JAM_HEAVY_TRAFFIC'},6,{7},5.0
2e68e643,2e68e643c,2020-11-12,17,{'JAM'},{'JAM_HEAVY_TRAFFIC'},37,{7},5.405405405405405
2e68e643,2e68e643c,2020-11-14,17,{'JAM'},{'JAM_STAND_STILL_TRAFFIC'},5,{7},5.0
2e68e643,2e68e643c,2020-11-14,18,{'JAM'},"{'JAM_STAND_STILL_TRAFFIC', 'JAM_HEAVY_TRAFFIC'}",45,"{6, 7}",6.088888888888889
2e68e643,2e68e643c,2020-11-15,14,{'JAM'},{'JAM_HEAVY_TRAFFIC'},9,{7},5.0
2e68e643,2e68e643c,2020-11-15,15,{'JAM'},{'JAM_STAND_STILL_TRAFFIC'},10,"{6, 7}",5.0
2e68e643,2e68e643c,2020-11-16,20,{'JAM'},{'JAM_STAND_STILL_TRAFFIC'},6,{2},5.0
2e68e643,2e68e643c,2020-11-20,13,{'JAM'},{'JAM_HEAVY_TRAFFIC'},26,{7},7.346153846153846
2e68e643,2e68e643c,2020-11-20,15,{'JAM'},{'JAM_HEAVY_TRAFFIC'},25,{7},5.0
2e68e643,2e68e643c,2020-11-20,18,{'JAM'},{'JAM_STAND_STILL_TRAFFIC'},32,{6},7.28125
2e68e643,2e68e643c,2020-11-22,13,{'JAM'},{'JAM_STAND_STILL_TRAFFIC'},1,{2},5.0
2e68e643,2e68e643c,2020-11-22,14,{'JAM'},{'JAM_STAND_STILL_TRAFFIC'},20,{7},6.0
2e68e645,2e68e6444,2020-09-05,17,{'JAM'},{'JAM_HEAVY_TRAFFIC'},5,{7},5.6
2e68e645,2e68e6444,2020-09-11,7,{'JAM'},{'JAM_MODERATE_TRAFFIC'},17,{6},5.0
2e68e645,2e68e6444,2020-09-13,16,{'WEATHERHAZARD'},{'HAZARD_ON_ROAD_TRAFFIC_LIGHT_FAULT'},31,{7},5.0
2e68e645,2e68e6444,2020-09-21,15,{'JAM'},{'JAM_STAND_STILL_TRAFFIC'},12,{7},5.833333333333333
2e68e645,2e68e6444,2020-10-10,16,{'JAM'},{'JAM'},6,{4},5.0
2e68e645,2e68e6444,2020-10-23,17,{'JAM'},{'JAM_STAND_STILL_TRAFFIC'},34,{4},6.5
2e68e645,2e68e6444,2020-10-27,14,{'JAM'},{'JAM_HEAVY_TRAFFIC'},46,{4},7.695652173913044
2e68e645,2e68e6444,2020-10-28,13,{'JAM'},{'JAM'},30,{7},5.0
2e68e645,2e68e6444,2020-10-29,13,{'JAM'},{'JAM_STAND_STILL_TRAFFIC'},6,{4},5.0
2e68e645,2e68e6444,2020-10-29,15,{'JAM'},{'JAM_HEAVY_TRAFFIC'},35,{4},5.371428571428571
2e68e645,2e68e6444,2020-10-30,13,{'JAM'},"{'JAM_STAND_STILL_TRAFFIC', 'JAM_HEAVY_TRAFFIC'}",36,"{4, 7}",5.583333333333333
2e68e645,2e68e6444,2020-10-30,16,{'JAM'},{'JAM_STAND_STILL_TRAFFIC'},6,{4},5.0
2e68e645,2e68e6444,2020-10-31,15,{'JAM'},{'JAM_STAND_STILL_TRAFFIC'},31,{7},6.161290322580645
2e68e645,2e68e6444,2020-11-02,14,{'JAM'},{'JAM_MODERATE_TRAFFIC'},23,{7},5.0
2e68e645,2e68e6444,2020-11-04,17,{'JAM'},{'JAM_STAND_STILL_TRAFFIC'},30,{7},5.0
2e68e645,2e68e6444,2020-11-05,17,{'JAM'},{'JAM_MODERATE_TRAFFIC'},27,{7},5.0
2e68e645,2e68e6444,2020-11-06,11,{'JAM'},{'JAM_MODERATE_TRAFFIC'},16,{4},5.0
2e68e645,2e68e6444,2020-11-07,18,{'JAM'},{'JAM_MODERATE_TRAFFIC'},9,{7},5.0
2e68e645,2e68e6444,2020-11-12,14,{'JAM'},{'JAM_HEAVY_TRAFFIC'},7,{7},5.0
2e68e645,2e68e6444,2020-11-12,20,{'JAM'},{'JAM_STAND_STILL_TRAFFIC'},22,{7},5.181818181818182
2e68e645,2e68e6444,2020-11-16,17,{'JAM'},{'JAM_HEAVY_TRAFFIC'},22,{7},5.0
2e68e645,2e68e6444,2020-11-20,13,{'JAM'},{'JAM_MODERATE_TRAFFIC'},15,{7},5.0
2e68e645,2e68e6444,2020-11-20,15,{'JAM'},{'JAM_MODERATE_TRAFFIC'},31,{7},5.67741935483871
2e68e645,2e68e6444,2020-11-20,18,{'JAM'},{'JAM'},30,{6},5.0
2e68e645,2e68e6444,2020-11-20,21,{'JAM'},{'JAM_MODERATE_TRAFFIC'},5,{6},5.0
2e68e645,2e68e644c,2020-09-03,13,{'ACCIDENT'},{'ACCIDENT'},18,{4},6.277777777777778
2e68e645,2e68e644c,2020-09-06,12,{'JAM'},{'JAM_STAND_STILL_TRAFFIC'},1,{7},5.0
2e68e645,2e68e644c,2020-09-13,15,{'ACCIDENT'},{'ACCIDENT_MINOR'},58,{7},7.172413793103448
2e68e645,2e68e644c,2020-09-13,16,{'JAM'},{'JAM_STAND_STILL_TRAFFIC'},30,{7},5.0
2e68e645,2e68e644c,2020-09-20,12,{'JAM'},{'JAM'},13,{7},5.0
2e68e645,2e68e644c,2020-09-27,9,{'JAM'},{'JAM_HEAVY_TRAFFIC'},11,{4},5.0
2e68e645,2e68e644c,2020-09-27,11,{'JAM'},{'JAM_HEAVY_TRAFFIC'},15,{7},5.866666666666666
2e68e645,2e68e644c,2020-09-30,12,{'WEATHERHAZARD'},{'WEATHERHAZARD'},31,{4},5.354838709677419
2e68e645,2e68e644c,2020-10-04,10,{'JAM'},{'JAM_STAND_STILL_TRAFFIC'},10,{6},5.0
2e68e645,2e68e644c,2020-10-06,12,{'JAM'},{'JAM_HEAVY_TRAFFIC'},8,{7},5.75
2e68e645,2e68e644c,2020-10-08,14,{'ROAD_CLOSED'},{'ROAD_CLOSED_EVENT'},246,{4},6.0
2e68e645,2e68e644c,2020-10-09,10,{'JAM'},{'JAM_STAND_STILL_TRAFFIC'},19,{4},5.0
2e68e645,2e68e644c,2020-10-11,14,{'JAM'},{'JAM_HEAVY_TRAFFIC'},18,{4},5.944444444444445
2e68e645,2e68e644c,2020-10-15,15,{'JAM'},{'JAM_STAND_STILL_TRAFFIC'},31,{4},6.806451612903226
2e68e645,2e68e644c,2020-10-17,17,{'JAM'},{'JAM_STAND_STILL_TRAFFIC'},30,{4},6.866666666666666
2e68e645,2e68e644c,2020-10-18,14,{'JAM'},{'JAM_HEAVY_TRAFFIC'},37,{7},5.4324324324324325
2e68e645,2e68e644c,2020-10-23,14,{'JAM'},{'JAM_STAND_STILL_TRAFFIC'},30,{7},5.0
2e68e645,2e68e644c,2020-10-23,17,{'JAM'},{'JAM_STAND_STILL_TRAFFIC'},30,{6},5.0
2e68e645,2e68e644c,2020-10-24,11,{'JAM'},{'JAM'},30,{7},5.866666666666666
2e68e645,2e68e644c,2020-10-24,12,{'JAM'},{'JAM_HEAVY_TRAFFIC'},50,{4},8.78
2e68e645,2e68e644c,2020-10-24,14,{'JAM'},{'JAM_STAND_STILL_TRAFFIC'},34,{4},5.5
2e68e645,2e68e644c,2020-10-24,17,{'JAM'},{'JAM_STAND_STILL_TRAFFIC'},18,{6},5.333333333333333
2e68e645,2e68e644c,2020-10-24,19,{'JAM'},{'JAM_STAND_STILL_TRAFFIC'},32,{7},5.0
2e68e645,2e68e644c,2020-10-27,11,{'JAM'},{'JAM_MODERATE_TRAFFIC'},30,{6},5.0
2e68e645,2e68e644c,2020-10-29,13,{'JAM'},{'JAM_STAND_STILL_TRAFFIC'},31,{7},5.483870967741935
2e68e645,2e68e644c,2020-10-29,14,{'JAM'},{'JAM_HEAVY_TRAFFIC'},44,{4},7.909090909090909
2e68e645,2e68e644c,2020-10-29,15,{'JAM'},"{'JAM_STAND_STILL_TRAFFIC', 'JAM_HEAVY_TRAFFIC'}",76,"{4, 6}",5.605263157894737
2e68e645,2e68e644c,2020-10-30,11,{'JAM'},{'JAM_HEAVY_TRAFFIC'},27,{4},5.0
2e68e645,2e68e644c,2020-10-30,12,{'JAM'},{'JAM_HEAVY_TRAFFIC'},40,{7},7.325
2e68e645,2e68e644c,2020-10-30,14,{'JAM'},{'JAM_STAND_STILL_TRAFFIC'},30,{4},6.0
2e68e645,2e68e644c,2020-10-30,15,{'JAM'},{'JAM_STAND_STILL_TRAFFIC'},50,{4},8.66
2e68e645,2e68e644c,2020-10-30,16,{'JAM'},{'JAM_HEAVY_TRAFFIC'},31,{4},5.580645161290323
2e68e645,2e68e644c,2020-10-30,19,{'JAM'},{'JAM_HEAVY_TRAFFIC'},36,{7},5.555555555555555
2e68e645,2e68e644c,2020-10-31,9,{'JAM'},{'JAM_STAND_STILL_TRAFFIC'},26,{7},5.0
2e68e645,2e68e644c,2020-10-31,13,{'JAM'},{'JAM_STAND_STILL_TRAFFIC'},30,{4},6.533333333333333
2e68e645,2e68e644c,2020-10-31,15,{'JAM'},{'JAM_HEAVY_TRAFFIC'},34,{6},6.4411764705882355
2e68e645,2e68e644c,2020-10-31,16,{'JAM'},"{'JAM_STAND_STILL_TRAFFIC', 'JAM_HEAVY_TRAFFIC'}",60,"{4, 6}",5.616666666666666
2e68e645,2e68e644c,2020-11-05,15,{'JAM'},{'JAM_HEAVY_TRAFFIC'},24,{4},6.208333333333333
2e68e645,2e68e644c,2020-11-06,14,{'ACCIDENT'},"{'ACCIDENT', 'ACCIDENT_MAJOR'}",198,{7},6.343434343434343
2e68e645,2e68e644c,2020-11-07,10,{'JAM'},{'JAM_STAND_STILL_TRAFFIC'},10,{4},5.0
2e68e645,2e68e644c,2020-11-10,12,{'JAM'},{'JAM_MODERATE_TRAFFIC'},34,{4},5.0
2e68e645,2e68e644c,2020-11-12,15,{'JAM'},{'JAM'},56,{7},5.0
2e68e645,2e68e644c,2020-11-14,17,{'JAM'},{'JAM_STAND_STILL_TRAFFIC'},35,{4},5.942857142857143
2e68e645,2e68e644c,2020-11-14,19,{'JAM'},{'JAM_STAND_STILL_TRAFFIC'},33,{7},6.2727272727272725
2e68e645,2e68e644c,2020-11-15,13,{'JAM'},{'JAM_HEAVY_TRAFFIC'},28,{7},5.0
2e68e645,2e68e644c,2020-11-18,11,{'JAM'},{'JAM_STAND_STILL_TRAFFIC'},16,{7},5.0
2e68e645,2e68e644c,2020-11-20,13,{'JAM'},{'JAM_MODERATE_TRAFFIC'},32,{7},5.46875
2e68e645,2e68e644c,2020-11-21,11,{'JAM'},{'JAM_HEAVY_TRAFFIC'},25,{6},7.84
2e68e645,2e68e644c,2020-11-21,16,{'JAM'},{'JAM_HEAVY_TRAFFIC'},22,"{6, 7}",6.7272727272727275
2e68e645,2e68e644c,2020-11-22,13,{'WEATHERHAZARD'},{'HAZARD_ON_SHOULDER_MISSING_SIGN'},5,{7},5.4
2e68e645,2e68e6454,2020-09-02,13,{'JAM'},{'JAM_MODERATE_TRAFFIC'},13,{4},5.0
2e68e645,2e68e6454,2020-09-04,15,{'JAM'},{'JAM_HEAVY_TRAFFIC'},40,{4},5.375
2e68e645,2e68e6454,2020-09-05,9,{'JAM'},{'JAM_MODERATE_TRAFFIC'},2,{6},5.0
2e68e645,2e68e6454,2020-09-05,13,{'JAM'},{'JAM_HEAVY_TRAFFIC'},30,{2},5.0
2e68e645,2e68e6454,2020-09-05,20,{'JAM'},{'JAM'},31,{2},5.0
2e68e645,2e68e6454,2020-09-09,12,{'JAM'},{'JAM_STAND_STILL_TRAFFIC'},6,{4},5.0
2e68e645,2e68e6454,2020-09-09,18,{'JAM'},{'JAM_HEAVY_TRAFFIC'},18,{2},5.0
2e68e645,2e68e6454,2020-09-10,12,{'JAM'},{'JAM_MODERATE_TRAFFIC'},7,{6},5.0
2e68e645,2e68e6454,2020-09-12,15,{'JAM'},{'JAM_HEAVY_TRAFFIC'},5,{6},5.8
2e68e645,2e68e6454,2020-09-16,9,{'WEATHERHAZARD'},{'HAZARD_ON_ROAD_CONSTRUCTION'},26,{4},5.846153846153846
2e68e645,2e68e6454,2020-09-25,15,{'JAM'},{'JAM_STAND_STILL_TRAFFIC'},46,{2},5.3478260869565215
2e68e645,2e68e6454,2020-09-29,15,{'JAM'},{'JAM_STAND_STILL_TRAFFIC'},5,{4},5.4
2e68e645,2e68e6454,2020-10-03,10,{'JAM'},{'JAM'},15,{6},5.0
2e68e645,2e68e6454,2020-10-03,13,{'JAM'},{'JAM_HEAVY_TRAFFIC'},7,{6},5.0
2e68e645,2e68e6454,2020-10-03,16,{'JAM'},{'JAM_STAND_STILL_TRAFFIC'},33,{2},5.0
2e68e645,2e68e6454,2020-10-04,9,{'JAM'},{'JAM'},29,{6},5.0
2e68e645,2e68e6454,2020-10-04,12,{'JAM'},{'JAM'},9,{6},5.0
2e68e645,2e68e6454,2020-10-08,13,{'JAM'},{'JAM_HEAVY_TRAFFIC'},6,{4},5.666666666666667
2e68e645,2e68e6454,2020-10-08,14,{'ROAD_CLOSED'},{'ROAD_CLOSED_EVENT'},222,{4},6.0
2e68e645,2e68e6454,2020-10-10,14,{'JAM'},{'JAM'},12,{6},5.0
2e68e645,2e68e6454,2020-10-15,17,{'JAM'},{'JAM_STAND_STILL_TRAFFIC'},26,"{4, 7}",5.384615384615385
2e68e645,2e68e6454,2020-10-17,8,{'JAM'},{'JAM_MODERATE_TRAFFIC'},6,{2},5.333333333333333
2e68e645,2e68e6454,2020-10-17,15,{'JAM'},{'JAM'},8,{6},5.0
2e68e645,2e68e6454,2020-10-23,17,{'JAM'},{'JAM_HEAVY_TRAFFIC'},34,{4},5.5
2e68e645,2e68e6454,2020-10-24,17,{'JAM'},{'JAM_HEAVY_TRAFFIC'},31,{6},5.0
2e68e645,2e68e6454,2020-10-25,16,{'JAM'},{'JAM_MODERATE_TRAFFIC'},6,{6},5.0
2e68e645,2e68e6454,2020-10-27,11,{'JAM'},"{'JAM_MODERATE_TRAFFIC', 'JAM_HEAVY_TRAFFIC'}",50,"{4, 6}",5.1
2e68e645,2e68e6454,2020-10-27,13,{'JAM'},{'JAM_MODERATE_TRAFFIC'},17,{6},6.0
2e68e645,2e68e6454,2020-10-29,11,{'JAM'},"{'JAM', 'JAM_HEAVY_TRAFFIC'}",36,"{4, 6}",5.0
2e68e645,2e68e6454,2020-10-29,12,{'JAM'},"{'JAM_STAND_STILL_TRAFFIC', 'JAM_MODERATE_TRAFFIC'}",66,"{4, 6}",5.863636363636363
2e68e645,2e68e6454,2020-10-29,13,{'JAM'},"{'JAM', 'JAM_HEAVY_TRAFFIC'}",52,"{4, 6}",5.903846153846154
2e68e645,2e68e6454,2020-10-29,15,{'JAM'},{'JAM_HEAVY_TRAFFIC'},24,{4},5.583333333333333
2e68e645,2e68e6454,2020-10-29,18,{'JAM'},{'JAM_HEAVY_TRAFFIC'},31,{4},5.67741935483871
2e68e645,2e68e6454,2020-10-30,10,{'JAM'},{'JAM'},33,{4},5.0
2e68e645,2e68e6454,2020-10-30,13,{'JAM'},"{'JAM_STAND_STILL_TRAFFIC', 'JAM_HEAVY_TRAFFIC'}",62,"{2, 4}",6.516129032258065
2e68e645,2e68e6454,2020-10-30,14,{'JAM'},{'JAM_STAND_STILL_TRAFFIC'},13,{4},5.769230769230769
2e68e645,2e68e6454,2020-10-30,15,{'JAM'},{'JAM_STAND_STILL_TRAFFIC'},45,{4},8.088888888888889
2e68e645,2e68e6454,2020-10-30,16,{'JAM'},{'JAM_HEAVY_TRAFFIC'},31,{4},5.516129032258065
2e68e645,2e68e6454,2020-10-31,11,{'JAM'},{'JAM_HEAVY_TRAFFIC'},31,{4},5.0
2e68e645,2e68e6454,2020-10-31,13,{'JAM'},"{'JAM_STAND_STILL_TRAFFIC', 'JAM_HEAVY_TRAFFIC'}",90,{4},5.355555555555555
2e68e645,2e68e6454,2020-11-07,21,{'JAM'},{'JAM_MODERATE_TRAFFIC'},31,{2},5.0
2e68e645,2e68e6454,2020-11-08,16,{'JAM'},{'JAM'},9,{6},5.0
2e68e645,2e68e6454,2020-11-13,16,{'JAM'},{'JAM_STAND_STILL_TRAFFIC'},46,{4},6.326086956521739
2e68e645,2e68e6454,2020-11-14,13,{'JAM'},{'JAM_MODERATE_TRAFFIC'},7,{6},5.0
2e68e645,2e68e6454,2020-11-20,11,{'WEATHERHAZARD'},{'HAZARD_ON_ROAD_CAR_STOPPED'},30,{4},5.866666666666666
2e68e645,2e68e6454,2020-11-21,19,{'JAM'},{'JAM_HEAVY_TRAFFIC'},21,{2},5.333333333333333
2e68e645,2e68e645c,2020-09-03,12,{'WEATHERHAZARD'},{'WEATHERHAZARD'},31,{1},5.612903225806452
2e68e645,2e68e645c,2020-09-05,20,{'JAM'},"{'JAM_STAND_STILL_TRAFFIC', 'JAM_HEAVY_TRAFFIC'}",106,"{1, 2}",5.5754716981132075
2e68e645,2e68e645c,2020-09-23,14,{'JAM'},{'JAM_STAND_STILL_TRAFFIC'},63,"{1, 2}",5.476190476190476
2e68e645,2e68e645c,2020-09-25,15,{'JAM'},"{'JAM_STAND_STILL_TRAFFIC', 'JAM_HEAVY_TRAFFIC'}",69,{2},5.27536231884058
2e68e645,2e68e645c,2020-09-26,14,{'JAM'},{'JAM_STAND_STILL_TRAFFIC'},32,{2},5.0
2e68e645,2e68e645c,2020-09-27,14,{'JAM'},{'JAM_STAND_STILL_TRAFFIC'},32,{2},5.0
2e68e645,2e68e645c,2020-09-29,16,{'JAM'},{'JAM_HEAVY_TRAFFIC'},29,{1},5.9655172413793105
2e68e645,2e68e645c,2020-10-01,18,{'ACCIDENT'},{'ACCIDENT'},119,{2},5.0
2e68e645,2e68e645c,2020-10-02,15,{'JAM'},{'JAM_HEAVY_TRAFFIC'},32,{2},5.96875
2e68e645,2e68e645c,2020-10-03,16,{'JAM'},{'JAM_STAND_STILL_TRAFFIC'},62,"{1, 2}",6.387096774193548
2e68e645,2e68e645c,2020-10-03,20,{'JAM'},{'JAM_HEAVY_TRAFFIC'},31,{1},5.0
2e68e645,2e68e645c,2020-10-07,11,{'ACCIDENT'},{'ACCIDENT'},117,{2},7.495726495726496
2e68e645,2e68e645c,2020-10-15,17,{'JAM'},{'JAM_STAND_STILL_TRAFFIC'},10,{2},5.3
2e68e645,2e68e645c,2020-10-30,13,{'JAM'},{'JAM_STAND_STILL_TRAFFIC'},60,"{1, 2}",7.2
2e68e647,2e68e6464,2020-09-05,20,{'JAM'},"{'JAM', 'JAM_STAND_STILL_TRAFFIC', 'JAM_HEAVY_TRAFFIC'}",141,"{2, 7}",5.773049645390071
2e68e647,2e68e6464,2020-09-10,16,{'JAM'},{'JAM_MODERATE_TRAFFIC'},31,{2},5.0
2e68e647,2e68e6464,2020-09-18,16,{'JAM'},{'JAM_STAND_STILL_TRAFFIC'},12,{2},5.0
2e68e647,2e68e6464,2020-09-19,14,{'JAM'},{'JAM_HEAVY_TRAFFIC'},30,{2},7.2
2e68e647,2e68e6464,2020-09-21,14,{'JAM'},{'JAM_HEAVY_TRAFFIC'},38,{2},6.394736842105263
2e68e647,2e68e6464,2020-09-24,14,{'JAM'},{'JAM_HEAVY_TRAFFIC'},30,{2},5.0
2e68e647,2e68e6464,2020-09-26,20,{'JAM'},{'JAM_HEAVY_TRAFFIC'},33,{2},6.909090909090909
2e68e647,2e68e6464,2020-09-27,14,{'JAM'},{'JAM_MODERATE_TRAFFIC'},13,{2},5.0
2e68e647,2e68e6464,2020-09-30,7,{'JAM'},{'JAM'},30,{22},5.0
2e68e647,2e68e6464,2020-10-01,15,{'JAM'},{'JAM_MODERATE_TRAFFIC'},31,{2},6.0
2e68e647,2e68e6464,2020-10-02,15,{'JAM'},{'JAM_STAND_STILL_TRAFFIC'},30,{2},5.0
2e68e647,2e68e6464,2020-10-02,16,{'JAM'},{'JAM_HEAVY_TRAFFIC'},31,{2},5.0
2e68e647,2e68e6464,2020-10-03,16,{'JAM'},"{'JAM_STAND_STILL_TRAFFIC', 'JAM_HEAVY_TRAFFIC'}",66,{2},6.287878787878788
2e68e647,2e68e6464,2020-10-03,20,{'JAM'},{'JAM_STAND_STILL_TRAFFIC'},33,{2},5.696969696969697
2e68e647,2e68e6464,2020-10-05,14,{'JAM'},{'JAM_STAND_STILL_TRAFFIC'},33,{2},5.484848484848484
2e68e647,2e68e6464,2020-10-05,15,{'JAM'},{'JAM_STAND_STILL_TRAFFIC'},46,{2},5.369565217391305
2e68e647,2e68e6464,2020-10-08,14,{'ROAD_CLOSED'},{'ROAD_CLOSED_EVENT'},571,{2},6.0
2e68e647,2e68e6464,2020-10-08,16,{'JAM'},{'JAM_HEAVY_TRAFFIC'},8,{2},5.75
2e68e647,2e68e6464,2020-10-08,19,{'WEATHERHAZARD'},{'WEATHERHAZARD'},33,{7},5.0
2e68e647,2e68e6464,2020-10-09,10,{'JAM'},{'JAM_STAND_STILL_TRAFFIC'},31,{2},5.806451612903226
2e68e647,2e68e6464,2020-10-09,15,{'JAM'},{'JAM_HEAVY_TRAFFIC'},11,{2},5.0
2e68e647,2e68e6464,2020-10-17,21,{'JAM'},{'JAM_HEAVY_TRAFFIC'},31,{2},5.580645161290323
2e68e647,2e68e6464,2020-10-17,22,{'JAM'},{'JAM_STAND_STILL_TRAFFIC'},32,{2},5.0
2e68e647,2e68e6464,2020-10-30,16,{'JAM'},{'JAM_HEAVY_TRAFFIC'},32,{2},6.78125
2e68e647,2e68e6464,2020-11-12,16,{'JAM'},{'JAM_MODERATE_TRAFFIC'},11,{2},5.0
2e68e647,2e68e646c,2020-09-04,14,{'JAM'},{'JAM_STAND_STILL_TRAFFIC'},20,{2},5.0
2e68e647,2e68e646c,2020-09-10,13,{'JAM'},{'JAM_MODERATE_TRAFFIC'},11,{7},5.0
2e68e647,2e68e646c,2020-09-10,16,{'JAM'},{'JAM_MODERATE_TRAFFIC'},5,{2},5.0
2e68e647,2e68e646c,2020-09-13,16,{'WEATHERHAZARD'},{'HAZARD_WEATHER_FOG'},10,{7},5.9
2e68e647,2e68e646c,2020-09-30,12,{'WEATHERHAZARD'},{'WEATHERHAZARD'},41,{7},5.463414634146342
2e68e647,2e68e646c,2020-10-09,19,{'JAM'},{'JAM'},23,{7},5.0
2e68e647,2e68e646c,2020-10-19,14,{'JAM'},{'JAM_MODERATE_TRAFFIC'},17,{7},5.0
2e68e647,2e68e646c,2020-10-23,19,{'JAM'},{'JAM_STAND_STILL_TRAFFIC'},5,{7},5.0
2e68e647,2e68e646c,2020-11-04,16,{'JAM'},{'JAM'},7,{2},5.0
2e68e647,2e68e646c,2020-11-14,11,{'JAM'},{'JAM_MODERATE_TRAFFIC'},18,{2},5.0
2e68e647,2e68e646c,2020-11-14,21,{'JAM'},{'JAM_MODERATE_TRAFFIC'},8,{2},5.0
2e68e647,2e68e6474,2020-09-10,13,{'JAM'},{'JAM_MODERATE_TRAFFIC'},5,{7},5.0
2e68e647,2e68e6474,2020-09-27,14,{'JAM'},{'JAM_MODERATE_TRAFFIC'},5,{7},5.0
2e68e647,2e68e6474,2020-09-29,12,{'ACCIDENT'},{'ACCIDENT'},12,{7},5.5
2e68e647,2e68e6474,2020-10-29,12,{'JAM'},{'JAM'},11,{7},5.0
2e68e647,2e68e6474,2020-11-14,21,{'JAM'},{'JAM_MODERATE_TRAFFIC'},12,{7},5.0
2e68e647,2e68e647c,2020-09-04,16,{'JAM'},{'JAM_MODERATE_TRAFFIC'},30,{7},5.0
2e68e647,2e68e647c,2020-09-04,17,{'JAM'},{'JAM_STAND_STILL_TRAFFIC'},33,{2},5.0
2e68e647,2e68e647c,2020-09-04,20,{'JAM'},{'JAM_HEAVY_TRAFFIC'},18,{7},5.833333333333333
2e68e647,2e68e647c,2020-09-05,19,"{'JAM', 'WEATHERHAZARD'}","{'JAM', 'WEATHERHAZARD'}",48,{2},5.416666666666667
2e68e647,2e68e647c,2020-09-05,20,{'JAM'},"{'JAM_STAND_STILL_TRAFFIC', 'JAM_HEAVY_TRAFFIC'}",55,"{2, 7}",5.0
2e68e647,2e68e647c,2020-09-06,15,{'JAM'},{'JAM_MODERATE_TRAFFIC'},26,{2},5.0
2e68e647,2e68e647c,2020-09-07,16,{'JAM'},{'JAM_MODERATE_TRAFFIC'},28,{7},5.0
2e68e647,2e68e647c,2020-09-12,20,{'JAM'},"{'JAM_STAND_STILL_TRAFFIC', 'JAM_HEAVY_TRAFFIC'}",69,"{2, 7}",5.956521739130435
2e68e647,2e68e647c,2020-09-19,10,{'JAM'},{'JAM_HEAVY_TRAFFIC'},15,{2},5.0
2e68e647,2e68e647c,2020-09-19,14,{'JAM'},{'JAM_HEAVY_TRAFFIC'},6,{2},5.0
2e68e647,2e68e647c,2020-09-19,20,{'JAM'},{'JAM_STAND_STILL_TRAFFIC'},29,{2},5.724137931034483
2e68e647,2e68e647c,2020-09-21,10,{'JAM'},{'JAM_HEAVY_TRAFFIC'},5,{2},5.0
2e68e647,2e68e647c,2020-09-21,14,{'JAM'},{'JAM_STAND_STILL_TRAFFIC'},33,{2},5.0
2e68e647,2e68e647c,2020-09-22,15,{'JAM'},"{'JAM_STAND_STILL_TRAFFIC', 'JAM_HEAVY_TRAFFIC'}",59,{2},5.4576271186440675
2e68e647,2e68e647c,2020-09-23,14,{'JAM'},{'JAM_HEAVY_TRAFFIC'},33,{2},5.545454545454546
2e68e647,2e68e647c,2020-09-23,15,{'JAM'},{'JAM_HEAVY_TRAFFIC'},39,{2},6.128205128205129
2e68e647,2e68e647c,2020-09-24,14,{'JAM'},{'JAM_HEAVY_TRAFFIC'},22,{2},5.681818181818182
2e68e647,2e68e647c,2020-09-25,15,{'JAM'},"{'JAM_STAND_STILL_TRAFFIC', 'JAM_HEAVY_TRAFFIC'}",47,{2},5.319148936170213
2e68e647,2e68e647c,2020-09-26,14,{'JAM'},{'JAM_STAND_STILL_TRAFFIC'},30,{2},5.666666666666667
2e68e647,2e68e647c,2020-09-28,15,{'JAM'},{'JAM_HEAVY_TRAFFIC'},39,{2},6.769230769230769
2e68e647,2e68e647c,2020-09-30,14,{'JAM'},{'JAM_STAND_STILL_TRAFFIC'},33,{2},7.484848484848484
2e68e647,2e68e647c,2020-10-03,15,{'JAM'},{'JAM_STAND_STILL_TRAFFIC'},28,{2},5.0
2e68e647,2e68e647c,2020-10-03,20,{'JAM'},{'JAM_STAND_STILL_TRAFFIC'},97,{2},5.536082474226804
2e68e647,2e68e647c,2020-10-04,10,{'ROAD_CLOSED'},{'ROAD_CLOSED_EVENT'},44,{2},6.204545454545454
2e68e647,2e68e647c,2020-10-04,11,{'ROAD_CLOSED'},{'ROAD_CLOSED_EVENT'},1200,{2},6.0
2e68e647,2e68e647c,2020-10-04,21,{'ROAD_CLOSED'},{'ROAD_CLOSED_EVENT'},246,{2},6.0
2e68e647,2e68e647c,2020-10-05,2,{'ROAD_CLOSED'},{'ROAD_CLOSED_EVENT'},245,{2},6.436734693877551
2e68e647,2e68e647c,2020-10-05,10,{'ROAD_CLOSED'},{'ROAD_CLOSED_EVENT'},956,{2},6.0
2e68e647,2e68e647c,2020-10-05,21,{'ROAD_CLOSED'},{'ROAD_CLOSED_EVENT'},240,{2},6.0
2e68e647,2e68e647c,2020-10-06,2,{'ROAD_CLOSED'},{'ROAD_CLOSED_EVENT'},234,{2},6.0
2e68e647,2e68e647c,2020-10-06,6,{'ROAD_CLOSED'},{'ROAD_CLOSED_EVENT'},2,{2},6.0
2e68e647,2e68e647c,2020-10-06,10,{'ROAD_CLOSED'},{'ROAD_CLOSED_EVENT'},962,{2},6.0
2e68e647,2e68e647c,2020-10-06,16,{'ROAD_CLOSED'},{'ROAD_CLOSED_EVENT'},6,{2},6.0
2e68e647,2e68e647c,2020-10-06,21,{'ROAD_CLOSED'},{'ROAD_CLOSED_EVENT'},244,{2},6.0
2e68e647,2e68e647c,2020-10-07,2,{'ROAD_CLOSED'},{'ROAD_CLOSED_EVENT'},246,{2},6.0
2e68e647,2e68e647c,2020-10-07,6,{'ROAD_CLOSED'},{'ROAD_CLOSED_EVENT'},1,{2},6.0
2e68e647,2e68e647c,2020-10-07,10,{'ROAD_CLOSED'},{'ROAD_CLOSED_EVENT'},997,{2},6.0
2e68e647,2e68e647c,2020-10-07,14,{'ROAD_CLOSED'},{'ROAD_CLOSED_EVENT'},65,{2},6.0
2e68e647,2e68e647c,2020-10-07,18,{'ROAD_CLOSED'},{'ROAD_CLOSED_EVENT'},317,{2},6.0
2e68e647,2e68e647c,2020-10-07,21,{'ROAD_CLOSED'},{'ROAD_CLOSED_EVENT'},375,{2},6.0
2e68e647,2e68e647c,2020-10-08,1,{'ROAD_CLOSED'},{'ROAD_CLOSED_EVENT'},262,{2},6.0
2e68e647,2e68e647c,2020-10-08,2,{'ROAD_CLOSED'},{'ROAD_CLOSED_EVENT'},354,{2},6.0
2e68e647,2e68e647c,2020-10-08,10,{'ROAD_CLOSED'},{'ROAD_CLOSED_EVENT'},1443,{2},6.0
2e68e647,2e68e647c,2020-10-08,14,"{'JAM', 'ROAD_CLOSED'}","{'JAM_STAND_STILL_TRAFFIC', 'ROAD_CLOSED_EVENT'}",579,{2},5.986183074265976
2e68e647,2e68e647c,2020-10-08,21,{'ROAD_CLOSED'},{'ROAD_CLOSED_EVENT'},364,{2},6.0
2e68e647,2e68e647c,2020-10-09,2,{'ROAD_CLOSED'},{'ROAD_CLOSED_EVENT'},362,{2},6.0
2e68e647,2e68e647c,2020-10-09,10,{'ROAD_CLOSED'},{'ROAD_CLOSED_EVENT'},1449,{2},6.0
2e68e647,2e68e647c,2020-10-09,11,{'ROAD_CLOSED'},{'ROAD_CLOSED_EVENT'},2,{2},6.0
2e68e647,2e68e647c,2020-10-09,15,{'JAM'},{'JAM_HEAVY_TRAFFIC'},33,{2},5.0
2e68e647,2e68e647c,2020-10-09,16,{'ROAD_CLOSED'},{'ROAD_CLOSED_EVENT'},8,{2},6.0
2e68e647,2e68e647c,2020-10-09,21,{'ROAD_CLOSED'},{'ROAD_CLOSED_EVENT'},366,{2},6.0
2e68e647,2e68e647c,2020-10-10,2,{'ROAD_CLOSED'},{'ROAD_CLOSED_EVENT'},333,{2},6.0
2e68e647,2e68e647c,2020-10-10,6,{'ROAD_CLOSED'},{'ROAD_CLOSED_EVENT'},2,{2},6.0
2e68e647,2e68e647c,2020-10-10,10,{'ROAD_CLOSED'},{'ROAD_CLOSED_EVENT'},1443,{2},6.0
2e68e647,2e68e647c,2020-10-10,11,{'ROAD_CLOSED'},{'ROAD_CLOSED_EVENT'},1,{2},6.0
2e68e647,2e68e647c,2020-10-10,16,{'ROAD_CLOSED'},{'ROAD_CLOSED_EVENT'},2,{2},6.0
2e68e647,2e68e647c,2020-10-10,21,"{'JAM', 'ROAD_CLOSED'}","{'JAM_STAND_STILL_TRAFFIC', 'ROAD_CLOSED_EVENT'}",389,{2},5.958868894601542
2e68e647,2e68e647c,2020-10-11,2,{'ROAD_CLOSED'},{'ROAD_CLOSED_EVENT'},367,{2},6.0
2e68e647,2e68e647c,2020-10-11,10,{'ROAD_CLOSED'},{'ROAD_CLOSED_EVENT'},1443,{2},6.0
2e68e647,2e68e647c,2020-10-11,11,{'ROAD_CLOSED'},{'ROAD_CLOSED_EVENT'},4,{2},6.0
2e68e647,2e68e647c,2020-10-11,16,{'ROAD_CLOSED'},{'ROAD_CLOSED_EVENT'},2,{2},6.0
2e68e647,2e68e647c,2020-10-11,21,{'ROAD_CLOSED'},{'ROAD_CLOSED_EVENT'},365,{2},6.0
2e68e647,2e68e647c,2020-10-12,2,{'ROAD_CLOSED'},{'ROAD_CLOSED_EVENT'},372,{2},6.0
2e68e647,2e68e647c,2020-10-12,6,{'ROAD_CLOSED'},{'ROAD_CLOSED_EVENT'},10,{2},6.0
2e68e647,2e68e647c,2020-10-12,10,{'ROAD_CLOSED'},{'ROAD_CLOSED_EVENT'},1442,{2},6.0
2e68e647,2e68e647c,2020-10-12,21,{'ROAD_CLOSED'},{'ROAD_CLOSED_EVENT'},366,{2},6.0
2e68e647,2e68e647c,2020-10-13,2,{'ROAD_CLOSED'},{'ROAD_CLOSED_EVENT'},369,{2},6.0
2e68e647,2e68e647c,2020-10-13,10,{'ROAD_CLOSED'},{'ROAD_CLOSED_EVENT'},1445,{2},6.0
2e68e647,2e68e647c,2020-10-13,11,{'ROAD_CLOSED'},{'ROAD_CLOSED_EVENT'},3,{2},6.0
2e68e647,2e68e647c,2020-10-13,21,{'ROAD_CLOSED'},{'ROAD_CLOSED_EVENT'},362,{2},6.0
2e68e647,2e68e647c,2020-10-14,2,{'ROAD_CLOSED'},{'ROAD_CLOSED_EVENT'},371,{2},6.272237196765499
2e68e647,2e68e647c,2020-10-14,6,{'ROAD_CLOSED'},{'ROAD_CLOSED_EVENT'},2,{2},6.0
2e68e647,2e68e647c,2020-10-14,10,{'ROAD_CLOSED'},{'ROAD_CLOSED_EVENT'},1444,{2},6.0
2e68e647,2e68e647c,2020-10-14,21,{'ROAD_CLOSED'},{'ROAD_CLOSED_EVENT'},366,{2},6.0
2e68e647,2e68e647c,2020-10-15,2,{'ROAD_CLOSED'},{'ROAD_CLOSED_EVENT'},295,{2},6.0
2e68e647,2e68e647c,2020-10-15,10,{'ROAD_CLOSED'},{'ROAD_CLOSED_EVENT'},1446,{2},6.0
2e68e647,2e68e647c,2020-10-15,21,{'ROAD_CLOSED'},{'ROAD_CLOSED_EVENT'},366,{2},6.0
2e68e647,2e68e647c,2020-10-16,2,{'ROAD_CLOSED'},{'ROAD_CLOSED_EVENT'},366,{2},6.0
2e68e647,2e68e647c,2020-10-16,10,{'ROAD_CLOSED'},{'ROAD_CLOSED_EVENT'},1450,{2},6.0
2e68e647,2e68e647c,2020-10-16,11,{'ROAD_CLOSED'},{'ROAD_CLOSED_EVENT'},2,{2},6.0
2e68e647,2e68e647c,2020-10-16,21,{'ROAD_CLOSED'},{'ROAD_CLOSED_EVENT'},363,{2},6.0
2e68e647,2e68e647c,2020-10-17,2,{'ROAD_CLOSED'},{'ROAD_CLOSED_EVENT'},366,{2},6.0
2e68e647,2e68e647c,2020-10-17,10,{'ROAD_CLOSED'},{'ROAD_CLOSED_EVENT'},1455,{2},6.0
2e68e647,2e68e647c,2020-10-17,20,{'JAM'},"{'JAM_STAND_STILL_TRAFFIC', 'JAM_HEAVY_TRAFFIC'}",170,"{2, 7}",5.358823529411764
2e68e647,2e68e647c,2020-10-17,21,"{'JAM', 'ROAD_CLOSED'}","{'JAM', 'ROAD_CLOSED_EVENT'}",409,{2},5.924205378973105
2e68e647,2e68e647c,2020-10-18,2,{'ROAD_CLOSED'},{'ROAD_CLOSED_EVENT'},364,{2},6.0
2e68e647,2e68e647c,2020-10-18,10,{'ROAD_CLOSED'},{'ROAD_CLOSED_EVENT'},1444,{2},6.0
2e68e647,2e68e647c,2020-10-18,16,{'ROAD_CLOSED'},{'ROAD_CLOSED_EVENT'},7,{2},6.0
2e68e647,2e68e647c,2020-10-18,21,{'ROAD_CLOSED'},{'ROAD_CLOSED_EVENT'},360,{2},6.0
2e68e647,2e68e647c,2020-10-19,2,{'ROAD_CLOSED'},{'ROAD_CLOSED_EVENT'},356,{2},6.0
2e68e647,2e68e647c,2020-10-19,6,{'ROAD_CLOSED'},{'ROAD_CLOSED_EVENT'},3,{2},6.0
2e68e647,2e68e647c,2020-10-19,10,{'ROAD_CLOSED'},{'ROAD_CLOSED_EVENT'},1445,{2},6.0
2e68e647,2e68e647c,2020-10-19,14,{'JAM'},{'JAM_MODERATE_TRAFFIC'},11,{7},5.0
2e68e647,2e68e647c,2020-10-19,21,{'ROAD_CLOSED'},{'ROAD_CLOSED_EVENT'},335,{2},6.0
2e68e647,2e68e647c,2020-10-20,2,{'ROAD_CLOSED'},{'ROAD_CLOSED_EVENT'},348,{2},6.0
2e68e647,2e68e647c,2020-10-20,10,{'ROAD_CLOSED'},{'ROAD_CLOSED_EVENT'},1446,{2},6.0
2e68e647,2e68e647c,2020-10-20,21,{'ROAD_CLOSED'},{'ROAD_CLOSED_EVENT'},366,{2},6.0
2e68e647,2e68e647c,2020-10-21,2,{'ROAD_CLOSED'},{'ROAD_CLOSED_EVENT'},367,{2},6.0
2e68e647,2e68e647c,2020-10-21,10,{'ROAD_CLOSED'},{'ROAD_CLOSED_EVENT'},1428,{2},6.0
2e68e647,2e68e647c,2020-10-21,16,{'ROAD_CLOSED'},{'ROAD_CLOSED_EVENT'},1,{2},6.0
2e68e647,2e68e647c,2020-10-21,21,{'ROAD_CLOSED'},{'ROAD_CLOSED_EVENT'},345,{2},6.301449275362319
2e68e647,2e68e647c,2020-10-22,2,{'ROAD_CLOSED'},{'ROAD_CLOSED_EVENT'},360,{2},6.0
2e68e647,2e68e647c,2020-10-22,6,{'ROAD_CLOSED'},{'ROAD_CLOSED_EVENT'},1,{2},6.0
2e68e647,2e68e647c,2020-10-22,10,{'ROAD_CLOSED'},{'ROAD_CLOSED_EVENT'},1449,{2},6.0
2e68e647,2e68e647c,2020-10-22,21,{'ROAD_CLOSED'},{'ROAD_CLOSED_EVENT'},369,{2},6.0
2e68e647,2e68e647c,2020-10-23,2,{'ROAD_CLOSED'},{'ROAD_CLOSED_EVENT'},373,{2},6.0
2e68e647,2e68e647c,2020-10-23,10,{'ROAD_CLOSED'},{'ROAD_CLOSED_EVENT'},1447,{2},6.0
2e68e647,2e68e647c,2020-10-23,21,{'ROAD_CLOSED'},{'ROAD_CLOSED_EVENT'},363,{2},6.0
2e68e647,2e68e647c,2020-10-24,2,{'ROAD_CLOSED'},{'ROAD_CLOSED_EVENT'},363,{2},6.0
2e68e647,2e68e647c,2020-10-24,6,{'ROAD_CLOSED'},{'ROAD_CLOSED_EVENT'},8,{2},6.0
2e68e647,2e68e647c,2020-10-24,10,{'ROAD_CLOSED'},{'ROAD_CLOSED_EVENT'},1440,{2},6.0
2e68e647,2e68e647c,2020-10-24,16,{'ROAD_CLOSED'},{'ROAD_CLOSED_EVENT'},6,{2},6.0
2e68e647,2e68e647c,2020-10-24,21,{'ROAD_CLOSED'},{'ROAD_CLOSED_EVENT'},366,{2},6.0
2e68e647,2e68e647c,2020-10-25,2,{'ROAD_CLOSED'},{'ROAD_CLOSED_EVENT'},366,{2},6.0
2e68e647,2e68e647c,2020-10-25,10,{'ROAD_CLOSED'},{'ROAD_CLOSED_EVENT'},1448,{2},6.0
2e68e647,2e68e647c,2020-10-25,21,{'ROAD_CLOSED'},{'ROAD_CLOSED_EVENT'},368,{2},6.0
2e68e647,2e68e647c,2020-10-26,2,{'ROAD_CLOSED'},{'ROAD_CLOSED_EVENT'},366,{2},6.0
2e68e647,2e68e647c,2020-10-26,10,{'ROAD_CLOSED'},{'ROAD_CLOSED_EVENT'},1452,{2},6.0
2e68e647,2e68e647c,2020-10-26,16,{'ROAD_CLOSED'},{'ROAD_CLOSED_EVENT'},6,{2},6.0
2e68e647,2e68e647c,2020-10-26,21,{'ROAD_CLOSED'},{'ROAD_CLOSED_EVENT'},363,{2},6.0
2e68e647,2e68e647c,2020-10-27,2,{'ROAD_CLOSED'},{'ROAD_CLOSED_EVENT'},353,{2},6.0
2e68e647,2e68e647c,2020-10-27,10,{'ROAD_CLOSED'},{'ROAD_CLOSED_EVENT'},1453,{2},6.0
2e68e647,2e68e647c,2020-10-27,16,{'ROAD_CLOSED'},{'ROAD_CLOSED_EVENT'},1,{2},6.0
2e68e647,2e68e647c,2020-10-27,21,{'ROAD_CLOSED'},{'ROAD_CLOSED_EVENT'},360,{2},6.0
2e68e647,2e68e647c,2020-10-28,2,{'ROAD_CLOSED'},{'ROAD_CLOSED_EVENT'},354,{2},6.0
2e68e647,2e68e647c,2020-10-28,10,{'ROAD_CLOSED'},{'ROAD_CLOSED_EVENT'},1446,{2},6.0
2e68e647,2e68e647c,2020-10-28,16,{'ROAD_CLOSED'},{'ROAD_CLOSED_EVENT'},4,{2},6.0
2e68e647,2e68e647c,2020-10-28,21,{'ROAD_CLOSED'},{'ROAD_CLOSED_EVENT'},330,{2},6.109090909090909
2e68e647,2e68e647c,2020-10-29,2,{'ROAD_CLOSED'},{'ROAD_CLOSED_EVENT'},363,{2},6.0
2e68e647,2e68e647c,2020-10-29,10,{'ROAD_CLOSED'},{'ROAD_CLOSED_EVENT'},1446,{2},6.0
2e68e647,2e68e647c,2020-10-29,21,{'ROAD_CLOSED'},{'ROAD_CLOSED_EVENT'},366,{2},6.0
2e68e647,2e68e647c,2020-10-30,2,{'ROAD_CLOSED'},{'ROAD_CLOSED_EVENT'},364,{2},6.0
2e68e647,2e68e647c,2020-10-30,10,{'ROAD_CLOSED'},{'ROAD_CLOSED_EVENT'},1449,{2},6.0
2e68e647,2e68e647c,2020-10-30,21,{'ROAD_CLOSED'},{'ROAD_CLOSED_EVENT'},354,{2},6.0
2e68e647,2e68e647c,2020-10-31,2,{'ROAD_CLOSED'},{'ROAD_CLOSED_EVENT'},369,{2},6.0
2e68e647,2e68e647c,2020-10-31,10,{'ROAD_CLOSED'},{'ROAD_CLOSED_EVENT'},1448,{2},6.0
2e68e647,2e68e647c,2020-11-01,6,{'ROAD_CLOSED'},{'ROAD_CLOSED_EVENT'},2,{2},6.0
2e68e647,2e68e647c,2020-11-02,12,{'JAM'},{'JAM_HEAVY_TRAFFIC'},19,{2},5.0
2e68e647,2e68e647c,2020-11-14,18,{'JAM'},{'JAM_MODERATE_TRAFFIC'},5,{2},5.0
2e68e649,2e68e6484,2020-09-01,6,{'ROAD_CLOSED'},{'ROAD_CLOSED_EVENT'},1,{7},6.0
2e68e649,2e68e6484,2020-09-01,9,{'ROAD_CLOSED'},{'ROAD_CLOSED_EVENT'},1080,{7},6.0
2e68e649,2e68e6484,2020-09-02,9,{'ROAD_CLOSED'},{'ROAD_CLOSED_EVENT'},1083,{7},6.0
2e68e649,2e68e6484,2020-09-03,9,{'ROAD_CLOSED'},{'ROAD_CLOSED_EVENT'},1080,{7},6.0
2e68e649,2e68e6484,2020-09-04,9,{'ROAD_CLOSED'},{'ROAD_CLOSED_EVENT'},1076,{7},6.0
2e68e649,2e68e6484,2020-09-04,17,{'JAM'},{'JAM_STAND_STILL_TRAFFIC'},13,{2},5.0
2e68e649,2e68e6484,2020-09-04,21,{'JAM'},{'JAM_HEAVY_TRAFFIC'},31,{2},5.0
2e68e649,2e68e6484,2020-09-05,9,{'ROAD_CLOSED'},{'ROAD_CLOSED_EVENT'},1080,{7},6.0
2e68e649,2e68e6484,2020-09-05,17,{'JAM'},{'JAM_STAND_STILL_TRAFFIC'},42,{2},5.333333333333333
2e68e649,2e68e6484,2020-09-06,9,{'ROAD_CLOSED'},{'ROAD_CLOSED_EVENT'},152,{7},6.0
2e68e649,2e68e6484,2020-09-07,9,{'ROAD_CLOSED'},{'ROAD_CLOSED_EVENT'},1078,{7},6.0
2e68e649,2e68e6484,2020-09-08,9,{'ROAD_CLOSED'},{'ROAD_CLOSED_EVENT'},1082,{7},6.0
2e68e649,2e68e6484,2020-09-09,9,{'ROAD_CLOSED'},{'ROAD_CLOSED_EVENT'},6,{7},6.0
2e68e649,2e68e6484,2020-09-09,17,{'ROAD_CLOSED'},{'ROAD_CLOSED_EVENT'},56,{7},6.0
2e68e649,2e68e6484,2020-09-09,21,{'ROAD_CLOSED'},{'ROAD_CLOSED_EVENT'},1079,{7},6.0
2e68e649,2e68e6484,2020-09-10,9,{'ROAD_CLOSED'},{'ROAD_CLOSED_EVENT'},69,{7},6.0
2e68e649,2e68e6484,2020-09-10,13,{'JAM'},{'JAM_MODERATE_TRAFFIC'},50,"{2, 20}",5.0
2e68e649,2e68e6484,2020-09-10,16,{'JAM'},"{'JAM_STAND_STILL_TRAFFIC', 'JAM_MODERATE_TRAFFIC'}",68,"{2, 20, 7}",5.294117647058823
2e68e649,2e68e6484,2020-09-10,21,{'ROAD_CLOSED'},{'ROAD_CLOSED_EVENT'},538,{7},6.0
2e68e649,2e68e6484,2020-09-10,22,{'ROAD_CLOSED'},{'ROAD_CLOSED_EVENT'},478,{7},6.0
2e68e649,2e68e6484,2020-09-11,6,{'ROAD_CLOSED'},{'ROAD_CLOSED_EVENT'},1,{7},6.0
2e68e649,2e68e6484,2020-09-11,9,{'ROAD_CLOSED'},{'ROAD_CLOSED_EVENT'},62,{7},6.0
2e68e649,2e68e6484,2020-09-11,21,{'ROAD_CLOSED'},{'ROAD_CLOSED_EVENT'},540,{7},6.0
2e68e649,2e68e6484,2020-09-11,22,{'ROAD_CLOSED'},{'ROAD_CLOSED_EVENT'},480,{7},6.0
2e68e649,2e68e6484,2020-09-12,6,{'ROAD_CLOSED'},{'ROAD_CLOSED_EVENT'},2,{7},6.0
2e68e649,2e68e6484,2020-09-12,9,{'ROAD_CLOSED'},{'ROAD_CLOSED_EVENT'},64,{7},6.0
2e68e649,2e68e6484,2020-09-12,23,{'ROAD_CLOSED'},{'ROAD_CLOSED_EVENT'},409,{7},6.0
2e68e649,2e68e6484,2020-09-13,0,{'ROAD_CLOSED'},{'ROAD_CLOSED_EVENT'},358,{7},6.0
2e68e649,2e68e6484,2020-09-13,6,{'ROAD_CLOSED'},{'ROAD_CLOSED_EVENT'},6,{7},6.0
2e68e649,2e68e6484,2020-09-13,9,{'ROAD_CLOSED'},{'ROAD_CLOSED_EVENT'},1141,{7},6.0
2e68e649,2e68e6484,2020-09-14,9,{'ROAD_CLOSED'},{'ROAD_CLOSED_EVENT'},1143,{7},6.0
2e68e649,2e68e6484,2020-09-15,6,{'ROAD_CLOSED'},{'ROAD_CLOSED_EVENT'},2,{7},6.0
2e68e649,2e68e6484,2020-09-15,9,{'ROAD_CLOSED'},{'ROAD_CLOSED_EVENT'},1142,{7},6.0
2e68e649,2e68e6484,2020-09-16,9,{'ROAD_CLOSED'},{'ROAD_CLOSED_EVENT'},1142,{7},6.0
2e68e649,2e68e6484,2020-09-17,9,{'ROAD_CLOSED'},{'ROAD_CLOSED_EVENT'},789,{7},6.0
2e68e649,2e68e6484,2020-09-18,9,{'ROAD_CLOSED'},{'ROAD_CLOSED_EVENT'},1143,{7},6.0
2e68e649,2e68e6484,2020-09-18,21,{'ROAD_CLOSED'},{'ROAD_CLOSED_EVENT'},240,{7},6.0
2e68e649,2e68e6484,2020-09-19,2,{'ROAD_CLOSED'},{'ROAD_CLOSED_EVENT'},245,{7},6.016326530612245
2e68e649,2e68e6484,2020-09-19,9,{'ROAD_CLOSED'},{'ROAD_CLOSED_EVENT'},1148,{7},6.0
2e68e649,2e68e6484,2020-09-19,11,{'ROAD_CLOSED'},{'ROAD_CLOSED_EVENT'},1,{7},6.0
2e68e649,2e68e6484,2020-09-19,14,{'JAM'},{'JAM_STAND_STILL_TRAFFIC'},30,{2},5.0
2e68e649,2e68e6484,2020-09-19,16,{'ROAD_CLOSED'},{'ROAD_CLOSED_EVENT'},1,{7},6.0
2e68e649,2e68e6484,2020-09-19,21,{'ROAD_CLOSED'},{'ROAD_CLOSED_EVENT'},248,{7},6.0
2e68e649,2e68e6484,2020-09-20,2,{'ROAD_CLOSED'},{'ROAD_CLOSED_EVENT'},242,{7},6.0
2e68e649,2e68e6484,2020-09-20,9,{'ROAD_CLOSED'},{'ROAD_CLOSED_EVENT'},1138,{7},6.0
2e68e649,2e68e6484,2020-09-20,12,{'JAM'},{'JAM_STAND_STILL_TRAFFIC'},15,{2},6.0
2e68e649,2e68e6484,2020-09-20,14,{'JAM'},"{'JAM_STAND_STILL_TRAFFIC', 'JAM_HEAVY_TRAFFIC'}",69,"{2, 7}",5.0
2e68e649,2e68e6484,2020-09-20,21,{'ROAD_CLOSED'},{'ROAD_CLOSED_EVENT'},244,{7},6.0
2e68e649,2e68e6484,2020-09-21,2,{'ROAD_CLOSED'},{'ROAD_CLOSED_EVENT'},240,{7},6.0
2e68e649,2e68e6484,2020-09-21,6,{'ROAD_CLOSED'},{'ROAD_CLOSED_EVENT'},2,{7},6.0
2e68e649,2e68e6484,2020-09-21,9,{'ROAD_CLOSED'},{'ROAD_CLOSED_EVENT'},1138,{7},6.0
2e68e649,2e68e6484,2020-09-21,16,{'ROAD_CLOSED'},{'ROAD_CLOSED_EVENT'},6,{7},6.0
2e68e649,2e68e6484,2020-09-21,21,{'ROAD_CLOSED'},{'ROAD_CLOSED_EVENT'},246,{7},6.0
2e68e649,2e68e6484,2020-09-22,2,{'ROAD_CLOSED'},{'ROAD_CLOSED_EVENT'},236,{7},6.0
2e68e649,2e68e6484,2020-09-22,9,{'ROAD_CLOSED'},{'ROAD_CLOSED_EVENT'},1144,{7},6.0
2e68e649,2e68e6484,2020-09-22,21,{'ROAD_CLOSED'},{'ROAD_CLOSED_EVENT'},248,{7},6.0
2e68e649,2e68e6484,2020-09-23,2,{'ROAD_CLOSED'},{'ROAD_CLOSED_EVENT'},242,{7},6.0
2e68e649,2e68e6484,2020-09-23,9,{'ROAD_CLOSED'},{'ROAD_CLOSED_EVENT'},1140,{7},6.0
2e68e649,2e68e6484,2020-09-23,16,{'ROAD_CLOSED'},{'ROAD_CLOSED_EVENT'},2,{7},6.0
2e68e649,2e68e6484,2020-09-23,21,{'ROAD_CLOSED'},{'ROAD_CLOSED_EVENT'},246,{7},6.0
2e68e649,2e68e6484,2020-09-24,2,{'ROAD_CLOSED'},{'ROAD_CLOSED_EVENT'},245,{7},6.0
2e68e649,2e68e6484,2020-09-24,6,{'ROAD_CLOSED'},{'ROAD_CLOSED_EVENT'},1,{7},6.0
2e68e649,2e68e6484,2020-09-24,9,{'ROAD_CLOSED'},{'ROAD_CLOSED_EVENT'},1148,{7},6.0
2e68e649,2e68e6484,2020-09-24,11,{'ROAD_CLOSED'},{'ROAD_CLOSED_EVENT'},2,{7},6.0
2e68e649,2e68e6484,2020-09-24,21,{'ROAD_CLOSED'},{'ROAD_CLOSED_EVENT'},243,{7},6.0
2e68e649,2e68e6484,2020-09-25,2,{'ROAD_CLOSED'},{'ROAD_CLOSED_EVENT'},245,{7},6.0
2e68e649,2e68e6484,2020-09-25,9,{'ROAD_CLOSED'},{'ROAD_CLOSED_EVENT'},1143,{7},6.0
2e68e649,2e68e6484,2020-09-25,11,{'ROAD_CLOSED'},{'ROAD_CLOSED_EVENT'},1,{7},6.0
2e68e649,2e68e6484,2020-09-25,16,{'JAM'},{'JAM_STAND_STILL_TRAFFIC'},16,{7},5.75
2e68e649,2e68e6484,2020-09-25,21,{'ROAD_CLOSED'},{'ROAD_CLOSED_EVENT'},244,{7},6.0
2e68e649,2e68e6484,2020-09-26,2,{'ROAD_CLOSED'},{'ROAD_CLOSED_EVENT'},244,{7},6.0
2e68e649,2e68e6484,2020-09-26,11,{'ROAD_CLOSED'},{'ROAD_CLOSED_EVENT'},4,{7},6.0
2e68e649,2e68e6484,2020-09-26,21,{'ROAD_CLOSED'},{'ROAD_CLOSED_EVENT'},216,{7},6.0
2e68e649,2e68e6484,2020-09-27,2,{'ROAD_CLOSED'},{'ROAD_CLOSED_EVENT'},252,{7},6.0
2e68e649,2e68e6484,2020-09-27,11,{'JAM'},{'JAM_MODERATE_TRAFFIC'},51,"{1, 2}",5.0
2e68e649,2e68e6484,2020-09-27,14,{'JAM'},{'JAM_MODERATE_TRAFFIC'},30,{2},5.0
2e68e649,2e68e6484,2020-09-27,17,{'JAM'},{'JAM_STAND_STILL_TRAFFIC'},6,{2},5.0
2e68e649,2e68e6484,2020-09-27,21,{'ROAD_CLOSED'},{'ROAD_CLOSED_EVENT'},242,{7},6.0
2e68e649,2e68e6484,2020-09-28,2,{'ROAD_CLOSED'},{'ROAD_CLOSED_EVENT'},238,{7},6.0
2e68e649,2e68e6484,2020-09-28,9,{'ROAD_CLOSED'},{'ROAD_CLOSED_EVENT'},1084,{7},6.0
2e68e649,2e68e6484,2020-09-28,21,{'ROAD_CLOSED'},{'ROAD_CLOSED_EVENT'},246,{7},6.0
2e68e649,2e68e6484,2020-09-29,2,{'ROAD_CLOSED'},{'ROAD_CLOSED_EVENT'},246,{7},6.0
2e68e649,2e68e6484,2020-09-29,9,{'ROAD_CLOSED'},{'ROAD_CLOSED_EVENT'},1083,{7},6.0
2e68e649,2e68e6484,2020-09-29,11,{'ROAD_CLOSED'},{'ROAD_CLOSED_EVENT'},3,{7},6.0
2e68e649,2e68e6484,2020-09-29,16,{'ROAD_CLOSED'},{'ROAD_CLOSED_EVENT'},1,{7},6.0
2e68e649,2e68e6484,2020-09-29,21,{'ROAD_CLOSED'},{'ROAD_CLOSED_EVENT'},246,{7},6.162601626016261
2e68e649,2e68e6484,2020-09-30,2,{'ROAD_CLOSED'},{'ROAD_CLOSED_EVENT'},225,{7},6.0
2e68e649,2e68e6484,2020-09-30,9,{'ROAD_CLOSED'},{'ROAD_CLOSED_EVENT'},1077,{7},6.0
2e68e649,2e68e6484,2020-09-30,21,{'ROAD_CLOSED'},{'ROAD_CLOSED_EVENT'},240,{7},6.0
2e68e649,2e68e6484,2020-10-01,2,{'ROAD_CLOSED'},{'ROAD_CLOSED_EVENT'},241,{7},6.0
2e68e649,2e68e6484,2020-10-01,6,{'ROAD_CLOSED'},{'ROAD_CLOSED_EVENT'},2,{7},6.0
2e68e649,2e68e6484,2020-10-01,9,{'ROAD_CLOSED'},{'ROAD_CLOSED_EVENT'},603,{7},6.0
2e68e649,2e68e6484,2020-10-01,23,{'ROAD_CLOSED'},{'ROAD_CLOSED_EVENT'},415,{7},6.0
2e68e649,2e68e6484,2020-10-02,9,{'ROAD_CLOSED'},{'ROAD_CLOSED_EVENT'},1080,{7},6.0
2e68e649,2e68e6484,2020-10-02,15,{'JAM'},{'JAM_STAND_STILL_TRAFFIC'},31,{2},5.0
2e68e649,2e68e6484,2020-10-02,17,"{'JAM', 'WEATHERHAZARD'}","{'WEATHERHAZARD', 'JAM_HEAVY_TRAFFIC'}",64,"{2, 7}",6.0
2e68e649,2e68e6484,2020-10-03,6,{'ROAD_CLOSED'},{'ROAD_CLOSED_EVENT'},1,{7},6.0
2e68e649,2e68e6484,2020-10-03,9,{'ROAD_CLOSED'},{'ROAD_CLOSED_EVENT'},1084,{7},6.0
2e68e649,2e68e6484,2020-10-03,10,{'JAM'},{'JAM_STAND_STILL_TRAFFIC'},16,{2},5.0
2e68e649,2e68e6484,2020-10-04,9,{'ROAD_CLOSED'},{'ROAD_CLOSED_EVENT'},1076,{7},6.0
2e68e649,2e68e6484,2020-10-04,12,{'ROAD_CLOSED'},{'ROAD_CLOSED_EVENT'},246,{7},6.0
2e68e649,2e68e6484,2020-10-04,21,{'ROAD_CLOSED'},{'ROAD_CLOSED_EVENT'},141,{7},6.0
2e68e649,2e68e6484,2020-10-05,2,{'ROAD_CLOSED'},{'ROAD_CLOSED_EVENT'},246,{7},6.0
2e68e649,2e68e6484,2020-10-05,9,{'ROAD_CLOSED'},{'ROAD_CLOSED_EVENT'},1079,{7},6.0
2e68e649,2e68e6484,2020-10-06,2,{'ROAD_CLOSED'},{'ROAD_CLOSED_EVENT'},240,{7},6.0
2e68e649,2e68e6484,2020-10-06,6,{'ROAD_CLOSED'},{'ROAD_CLOSED_EVENT'},4,{7},6.0
2e68e649,2e68e6484,2020-10-06,9,{'ROAD_CLOSED'},{'ROAD_CLOSED_EVENT'},1078,{7},6.0
2e68e649,2e68e6484,2020-10-06,16,{'ROAD_CLOSED'},{'ROAD_CLOSED_EVENT'},4,{7},6.0
2e68e649,2e68e6484,2020-10-07,2,{'ROAD_CLOSED'},{'ROAD_CLOSED_EVENT'},247,{7},6.0
2e68e649,2e68e6484,2020-10-07,9,{'ROAD_CLOSED'},{'ROAD_CLOSED_EVENT'},1075,{7},6.0
2e68e649,2e68e6484,2020-10-07,10,{'ROAD_CLOSED'},{'ROAD_CLOSED_EVENT'},322,"{2, 7}",6.0
2e68e649,2e68e6484,2020-10-07,14,{'ROAD_CLOSED'},{'ROAD_CLOSED_EVENT'},256,{2},6.0
2e68e649,2e68e6484,2020-10-07,15,{'ROAD_CLOSED'},{'ROAD_CLOSED_EVENT'},123,{2},6.0
2e68e649,2e68e6484,2020-10-07,18,"{'JAM', 'ROAD_CLOSED'}","{'ROAD_CLOSED_EVENT', 'JAM_HEAVY_TRAFFIC'}",348,"{2, 7}",5.985632183908046
2e68e649,2e68e6484,2020-10-07,21,{'ROAD_CLOSED'},{'ROAD_CLOSED_EVENT'},1000,"{2, 7}",6.0
2e68e649,2e68e6484,2020-10-08,1,{'ROAD_CLOSED'},{'ROAD_CLOSED_EVENT'},1564,{2},6.0
2e68e649,2e68e6484,2020-10-08,2,{'ROAD_CLOSED'},{'ROAD_CLOSED_EVENT'},945,"{2, 7}",6.111111111111111
2e68e649,2e68e6484,2020-10-08,9,{'ROAD_CLOSED'},{'ROAD_CLOSED_EVENT'},1086,{7},6.0
2e68e649,2e68e6484,2020-10-08,10,{'ROAD_CLOSED'},{'ROAD_CLOSED_EVENT'},2886,{2},6.0
2e68e649,2e68e6484,2020-10-08,16,{'ROAD_CLOSED'},{'ROAD_CLOSED_EVENT'},39,{7},6.0
2e68e649,2e68e6484,2020-10-08,21,{'ROAD_CLOSED'},{'ROAD_CLOSED_EVENT'},972,"{2, 7}",6.0
2e68e649,2e68e6484,2020-10-09,2,{'ROAD_CLOSED'},{'ROAD_CLOSED_EVENT'},968,"{2, 7}",6.0
2e68e649,2e68e6484,2020-10-09,9,{'ROAD_CLOSED'},{'ROAD_CLOSED_EVENT'},1080,{7},6.0
2e68e649,2e68e6484,2020-10-09,10,{'ROAD_CLOSED'},{'ROAD_CLOSED_EVENT'},2894,{2},6.0
2e68e649,2e68e6484,2020-10-09,11,{'ROAD_CLOSED'},{'ROAD_CLOSED_EVENT'},3,"{2, 7}",6.0
2e68e649,2e68e6484,2020-10-09,16,{'ROAD_CLOSED'},{'ROAD_CLOSED_EVENT'},30,"{2, 7}",6.0
2e68e649,2e68e6484,2020-10-09,21,{'ROAD_CLOSED'},{'ROAD_CLOSED_EVENT'},976,"{2, 7}",6.0
2e68e649,2e68e6484,2020-10-10,2,{'ROAD_CLOSED'},{'ROAD_CLOSED_EVENT'},885,"{2, 7}",6.0
2e68e649,2e68e6484,2020-10-10,6,{'ROAD_CLOSED'},{'ROAD_CLOSED_EVENT'},3,"{2, 7}",6.0
2e68e649,2e68e6484,2020-10-10,9,{'ROAD_CLOSED'},{'ROAD_CLOSED_EVENT'},1077,{7},6.0
2e68e649,2e68e6484,2020-10-10,10,{'ROAD_CLOSED'},{'ROAD_CLOSED_EVENT'},2889,{2},6.010384215991692
2e68e649,2e68e6484,2020-10-10,11,{'ROAD_CLOSED'},{'ROAD_CLOSED_EVENT'},4,{2},6.0
2e68e649,2e68e6484,2020-10-10,16,{'ROAD_CLOSED'},{'ROAD_CLOSED_EVENT'},3,{2},6.0
2e68e649,2e68e6484,2020-10-10,21,{'ROAD_CLOSED'},{'ROAD_CLOSED_EVENT'},976,"{2, 7}",6.0
2e68e649,2e68e6484,2020-10-11,2,{'ROAD_CLOSED'},{'ROAD_CLOSED_EVENT'},976,"{2, 7}",6.0
2e68e649,2e68e6484,2020-10-11,10,{'ROAD_CLOSED'},{'ROAD_CLOSED_EVENT'},3848,"{2, 7}",6.0
2e68e649,2e68e6484,2020-10-11,11,{'ROAD_CLOSED'},{'ROAD_CLOSED_EVENT'},12,"{2, 7}",6.0
2e68e649,2e68e6484,2020-10-11,12,{'ACCIDENT'},{'ACCIDENT'},8,{2},5.875
2e68e649,2e68e6484,2020-10-11,16,{'ROAD_CLOSED'},{'ROAD_CLOSED_EVENT'},1,{2},6.0
2e68e649,2e68e6484,2020-10-11,21,{'ROAD_CLOSED'},{'ROAD_CLOSED_EVENT'},971,"{2, 7}",6.0
2e68e649,2e68e6484,2020-10-12,2,{'ROAD_CLOSED'},{'ROAD_CLOSED_EVENT'},992,"{2, 7}",6.0
2e68e649,2e68e6484,2020-10-12,6,{'ROAD_CLOSED'},{'ROAD_CLOSED_EVENT'},20,"{2, 7}",6.0
2e68e649,2e68e6484,2020-10-12,10,{'ROAD_CLOSED'},{'ROAD_CLOSED_EVENT'},3847,"{2, 7}",6.0
2e68e649,2e68e6484,2020-10-12,13,{'JAM'},{'JAM_STAND_STILL_TRAFFIC'},31,{7},5.935483870967742
2e68e649,2e68e6484,2020-10-12,21,{'ROAD_CLOSED'},{'ROAD_CLOSED_EVENT'},976,"{2, 7}",6.0
2e68e649,2e68e6484,2020-10-13,2,{'ROAD_CLOSED'},{'ROAD_CLOSED_EVENT'},984,"{2, 7}",6.0
2e68e649,2e68e6484,2020-10-13,10,{'ROAD_CLOSED'},{'ROAD_CLOSED_EVENT'},3852,"{2, 7}",6.0
2e68e649,2e68e6484,2020-10-13,11,{'ROAD_CLOSED'},{'ROAD_CLOSED_EVENT'},10,"{2, 7}",6.0
2e68e649,2e68e6484,2020-10-13,16,{'ROAD_CLOSED'},{'ROAD_CLOSED_EVENT'},3,"{2, 7}",6.0
2e68e649,2e68e6484,2020-10-13,21,{'ROAD_CLOSED'},{'ROAD_CLOSED_EVENT'},966,"{2, 7}",6.0
2e68e649,2e68e6484,2020-10-14,2,{'ROAD_CLOSED'},{'ROAD_CLOSED_EVENT'},987,"{2, 7}",6.306990881458966
2e68e649,2e68e6484,2020-10-14,6,{'ROAD_CLOSED'},{'ROAD_CLOSED_EVENT'},2,{7},6.0
2e68e649,2e68e6484,2020-10-14,10,{'ROAD_CLOSED'},{'ROAD_CLOSED_EVENT'},3851,"{2, 7}",6.0
2e68e649,2e68e6484,2020-10-14,11,{'ROAD_CLOSED'},{'ROAD_CLOSED_EVENT'},1,{7},6.0
2e68e649,2e68e6484,2020-10-14,21,{'ROAD_CLOSED'},{'ROAD_CLOSED_EVENT'},971,"{2, 7}",6.0
2e68e649,2e68e6484,2020-10-15,2,{'ROAD_CLOSED'},{'ROAD_CLOSED_EVENT'},787,"{2, 7}",6.0
2e68e649,2e68e6484,2020-10-15,10,{'ROAD_CLOSED'},{'ROAD_CLOSED_EVENT'},3841,"{2, 7}",6.0
2e68e649,2e68e6484,2020-10-15,16,{'ROAD_CLOSED'},{'ROAD_CLOSED_EVENT'},1,{7},6.0
2e68e649,2e68e6484,2020-10-15,21,{'ROAD_CLOSED'},{'ROAD_CLOSED_EVENT'},976,"{2, 7}",6.0
2e68e649,2e68e6484,2020-10-16,2,{'ROAD_CLOSED'},{'ROAD_CLOSED_EVENT'},978,"{2, 7}",6.0
2e68e649,2e68e6484,2020-10-16,10,{'ROAD_CLOSED'},{'ROAD_CLOSED_EVENT'},3869,"{2, 7}",6.0
2e68e649,2e68e6484,2020-10-16,11,{'ROAD_CLOSED'},{'ROAD_CLOSED_EVENT'},5,"{2, 7}",6.0
2e68e649,2e68e6484,2020-10-16,16,{'ROAD_CLOSED'},{'ROAD_CLOSED_EVENT'},1,{7},6.0
2e68e649,2e68e6484,2020-10-16,18,{'JAM'},{'JAM_MODERATE_TRAFFIC'},22,{1},5.363636363636363
2e68e649,2e68e6484,2020-10-16,20,{'JAM'},{'JAM_MODERATE_TRAFFIC'},11,{2},5.0
2e68e649,2e68e6484,2020-10-16,21,{'ROAD_CLOSED'},{'ROAD_CLOSED_EVENT'},968,"{2, 7}",6.0
2e68e649,2e68e6484,2020-10-17,2,{'ROAD_CLOSED'},{'ROAD_CLOSED_EVENT'},976,"{2, 7}",6.0
2e68e649,2e68e6484,2020-10-17,10,{'ROAD_CLOSED'},{'ROAD_CLOSED_EVENT'},3882,"{2, 7}",6.0
2e68e649,2e68e6484,2020-10-17,11,{'ROAD_CLOSED'},{'ROAD_CLOSED_EVENT'},1,{2},6.0
2e68e649,2e68e6484,2020-10-17,21,{'ROAD_CLOSED'},{'ROAD_CLOSED_EVENT'},1008,"{2, 7}",6.0
2e68e649,2e68e6484,2020-10-18,2,{'ROAD_CLOSED'},{'ROAD_CLOSED_EVENT'},968,"{2, 7}",6.0
2e68e649,2e68e6484,2020-10-18,10,{'ROAD_CLOSED'},{'ROAD_CLOSED_EVENT'},3855,"{2, 7}",6.0
2e68e649,2e68e6484,2020-10-18,16,{'ROAD_CLOSED'},{'ROAD_CLOSED_EVENT'},13,{2},6.0
2e68e649,2e68e6484,2020-10-18,21,{'ROAD_CLOSED'},{'ROAD_CLOSED_EVENT'},962,"{2, 7}",6.0
2e68e649,2e68e6484,2020-10-19,2,{'ROAD_CLOSED'},{'ROAD_CLOSED_EVENT'},949,"{2, 7}",6.0
2e68e649,2e68e6484,2020-10-19,6,{'ROAD_CLOSED'},{'ROAD_CLOSED_EVENT'},6,"{2, 7}",6.0
2e68e649,2e68e6484,2020-10-19,10,{'ROAD_CLOSED'},{'ROAD_CLOSED_EVENT'},3854,"{2, 7}",6.0
2e68e649,2e68e6484,2020-10-19,21,{'ROAD_CLOSED'},{'ROAD_CLOSED_EVENT'},892,"{2, 7}",6.0
2e68e649,2e68e6484,2020-10-20,2,{'ROAD_CLOSED'},{'ROAD_CLOSED_EVENT'},943,"{2, 7}",6.0
2e68e649,2e68e6484,2020-10-20,10,{'ROAD_CLOSED'},{'ROAD_CLOSED_EVENT'},3856,"{2, 7}",6.0
2e68e649,2e68e6484,2020-10-20,21,{'ROAD_CLOSED'},{'ROAD_CLOSED_EVENT'},976,"{2, 7}",6.0
2e68e649,2e68e6484,2020-10-21,2,{'ROAD_CLOSED'},{'ROAD_CLOSED_EVENT'},977,"{2, 7}",6.0
2e68e649,2e68e6484,2020-10-21,10,{'ROAD_CLOSED'},{'ROAD_CLOSED_EVENT'},3807,"{2, 7}",6.0
2e68e649,2e68e6484,2020-10-21,16,{'ROAD_CLOSED'},{'ROAD_CLOSED_EVENT'},3,{2},6.0
2e68e649,2e68e6484,2020-10-21,21,{'ROAD_CLOSED'},{'ROAD_CLOSED_EVENT'},923,"{2, 7}",6.3401950162513545
2e68e649,2e68e6484,2020-10-22,2,{'ROAD_CLOSED'},{'ROAD_CLOSED_EVENT'},962,"{2, 7}",6.0
2e68e649,2e68e6484,2020-10-22,6,{'ROAD_CLOSED'},{'ROAD_CLOSED_EVENT'},3,{2},6.0
2e68e649,2e68e6484,2020-10-22,10,{'ROAD_CLOSED'},{'ROAD_CLOSED_EVENT'},3864,"{2, 7}",6.0
2e68e649,2e68e6484,2020-10-22,21,{'ROAD_CLOSED'},{'ROAD_CLOSED_EVENT'},984,"{2, 7}",6.0
2e68e649,2e68e6484,2020-10-23,2,{'ROAD_CLOSED'},{'ROAD_CLOSED_EVENT'},991,"{2, 7}",6.0
2e68e649,2e68e6484,2020-10-23,10,{'ROAD_CLOSED'},{'ROAD_CLOSED_EVENT'},3856,"{2, 7}",6.0
2e68e649,2e68e6484,2020-10-23,21,{'ROAD_CLOSED'},{'ROAD_CLOSED_EVENT'},968,"{2, 7}",6.0
2e68e649,2e68e6484,2020-10-24,2,{'ROAD_CLOSED'},{'ROAD_CLOSED_EVENT'},968,"{2, 7}",6.0
2e68e649,2e68e6484,2020-10-24,6,{'ROAD_CLOSED'},{'ROAD_CLOSED_EVENT'},16,"{2, 7}",6.0
2e68e649,2e68e6484,2020-10-24,10,{'ROAD_CLOSED'},{'ROAD_CLOSED_EVENT'},3840,"{2, 7}",6.0
2e68e649,2e68e6484,2020-10-24,16,{'ROAD_CLOSED'},{'ROAD_CLOSED_EVENT'},14,"{2, 7}",6.0
2e68e649,2e68e6484,2020-10-24,21,{'ROAD_CLOSED'},{'ROAD_CLOSED_EVENT'},976,"{2, 7}",6.0
2e68e649,2e68e6484,2020-10-25,2,{'ROAD_CLOSED'},{'ROAD_CLOSED_EVENT'},976,"{2, 7}",6.0
2e68e649,2e68e6484,2020-10-25,10,{'ROAD_CLOSED'},{'ROAD_CLOSED_EVENT'},3860,"{2, 7}",6.0
2e68e649,2e68e6484,2020-10-25,11,{'ROAD_CLOSED'},{'ROAD_CLOSED_EVENT'},1,{2},6.0
2e68e649,2e68e6484,2020-10-25,12,{'JAM'},{'JAM_STAND_STILL_TRAFFIC'},33,{2},5.545454545454546
2e68e649,2e68e6484,2020-10-25,13,{'WEATHERHAZARD'},{'HAZARD_ON_ROAD_CAR_STOPPED'},8,{7},5.125
2e68e649,2e68e6484,2020-10-25,15,{'JAM'},{'JAM'},31,{7},5.0
2e68e649,2e68e6484,2020-10-25,21,{'ROAD_CLOSED'},{'ROAD_CLOSED_EVENT'},976,"{2, 7}",6.0
2e68e649,2e68e6484,2020-10-26,2,{'ROAD_CLOSED'},{'ROAD_CLOSED_EVENT'},976,"{2, 7}",6.0
2e68e649,2e68e6484,2020-10-26,10,{'ROAD_CLOSED'},{'ROAD_CLOSED_EVENT'},3872,"{2, 7}",6.0
2e68e649,2e68e6484,2020-10-26,16,{'ROAD_CLOSED'},{'ROAD_CLOSED_EVENT'},12,"{2, 7}",6.0
2e68e649,2e68e6484,2020-10-26,21,{'ROAD_CLOSED'},{'ROAD_CLOSED_EVENT'},968,"{2, 7}",6.0
2e68e649,2e68e6484,2020-10-27,2,{'ROAD_CLOSED'},{'ROAD_CLOSED_EVENT'},940,"{2, 7}",6.0
2e68e649,2e68e6484,2020-10-27,10,{'ROAD_CLOSED'},{'ROAD_CLOSED_EVENT'},3875,"{2, 7}",6.0
2e68e649,2e68e6484,2020-10-27,16,{'ROAD_CLOSED'},{'ROAD_CLOSED_EVENT'},18,"{2, 7}",6.0
2e68e649,2e68e6484,2020-10-27,21,{'ROAD_CLOSED'},{'ROAD_CLOSED_EVENT'},960,"{2, 7}",6.0
2e68e649,2e68e6484,2020-10-28,2,{'ROAD_CLOSED'},{'ROAD_CLOSED_EVENT'},943,"{2, 7}",6.0
2e68e649,2e68e6484,2020-10-28,10,{'ROAD_CLOSED'},{'ROAD_CLOSED_EVENT'},3856,"{2, 7}",6.0
2e68e649,2e68e6484,2020-10-28,16,{'ROAD_CLOSED'},{'ROAD_CLOSED_EVENT'},12,"{2, 7}",6.0
2e68e649,2e68e6484,2020-10-28,21,{'ROAD_CLOSED'},{'ROAD_CLOSED_EVENT'},883,"{2, 7}",6.0
2e68e649,2e68e6484,2020-10-29,2,{'ROAD_CLOSED'},{'ROAD_CLOSED_EVENT'},968,"{2, 7}",6.0
2e68e649,2e68e6484,2020-10-29,6,{'ROAD_CLOSED'},{'ROAD_CLOSED_EVENT'},1,{2},6.0
2e68e649,2e68e6484,2020-10-29,10,{'ROAD_CLOSED'},{'ROAD_CLOSED_EVENT'},3857,"{2, 7}",6.0
2e68e649,2e68e6484,2020-10-29,16,{'ROAD_CLOSED'},{'ROAD_CLOSED_EVENT'},2,"{2, 7}",6.0
2e68e649,2e68e6484,2020-10-29,18,{'JAM'},{'JAM_MODERATE_TRAFFIC'},46,{7},5.826086956521739
2e68e649,2e68e6484,2020-10-29,21,{'ROAD_CLOSED'},{'ROAD_CLOSED_EVENT'},976,"{2, 7}",6.0
2e68e649,2e68e6484,2020-10-30,2,{'ROAD_CLOSED'},{'ROAD_CLOSED_EVENT'},971,"{2, 7}",6.0
2e68e649,2e68e6484,2020-10-30,10,{'ROAD_CLOSED'},{'ROAD_CLOSED_EVENT'},3865,"{2, 7}",6.0
2e68e649,2e68e6484,2020-10-30,15,{'JAM'},{'JAM_MODERATE_TRAFFIC'},32,{2},5.0
2e68e649,2e68e6484,2020-10-30,21,{'ROAD_CLOSED'},{'ROAD_CLOSED_EVENT'},944,"{2, 7}",6.0
2e68e649,2e68e6484,2020-10-31,2,{'ROAD_CLOSED'},{'ROAD_CLOSED_EVENT'},984,"{2, 7}",6.0
2e68e649,2e68e6484,2020-10-31,10,{'ROAD_CLOSED'},{'ROAD_CLOSED_EVENT'},3861,"{2, 7}",6.0
2e68e649,2e68e6484,2020-10-31,13,{'JAM'},{'JAM'},9,{2},5.0
2e68e649,2e68e6484,2020-10-31,14,{'JAM'},{'JAM_HEAVY_TRAFFIC'},39,{7},5.82051282051282
2e68e649,2e68e6484,2020-10-31,15,{'JAM'},{'JAM_HEAVY_TRAFFIC'},31,{2},5.0
2e68e649,2e68e6484,2020-10-31,16,{'ROAD_CLOSED'},{'ROAD_CLOSED_EVENT'},2,{2},6.0
2e68e649,2e68e6484,2020-11-01,6,{'ROAD_CLOSED'},{'ROAD_CLOSED_EVENT'},6,{2},6.0
2e68e649,2e68e6484,2020-11-03,10,{'JAM'},{'JAM_HEAVY_TRAFFIC'},32,{7},5.625
2e68e649,2e68e6484,2020-11-10,19,{'JAM'},{'JAM_MODERATE_TRAFFIC'},33,{7},5.96969696969697
2e68e649,2e68e6484,2020-11-12,9,{'JAM'},{'JAM'},6,{7},5.0
2e68e649,2e68e6484,2020-11-12,10,{'JAM'},{'JAM_STAND_STILL_TRAFFIC'},24,{7},5.0
2e68e649,2e68e6484,2020-11-13,13,{'JAM'},{'JAM_HEAVY_TRAFFIC'},8,{1},5.0
2e68e649,2e68e6484,2020-11-14,11,{'JAM'},{'JAM_STAND_STILL_TRAFFIC'},22,{2},6.818181818181818
2e68e649,2e68e6484,2020-11-14,18,{'JAM'},{'JAM_MODERATE_TRAFFIC'},37,"{2, 20}",5.0
2e68e649,2e68e6484,2020-11-14,20,{'JAM'},{'JAM_MODERATE_TRAFFIC'},53,"{2, 7}",5.0
2e68e649,2e68e6484,2020-11-22,12,{'JAM'},{'JAM_HEAVY_TRAFFIC'},30,{7},5.0
2e68e649,2e68e648c,2020-09-10,16,{'JAM'},{'JAM_MODERATE_TRAFFIC'},28,{7},5.0
2e68e649,2e68e648c,2020-09-19,20,{'JAM'},{'JAM_HEAVY_TRAFFIC'},31,{2},7.387096774193548
2e68e649,2e68e648c,2020-09-20,15,{'JAM'},{'JAM_HEAVY_TRAFFIC'},30,{2},7.066666666666666
2e68e649,2e68e648c,2020-09-26,15,{'JAM'},{'JAM_HEAVY_TRAFFIC'},49,{2},5.653061224489796
2e68e649,2e68e648c,2020-09-27,14,{'JAM'},{'JAM_MODERATE_TRAFFIC'},18,"{2, 7}",5.666666666666667
2e68e649,2e68e648c,2020-10-02,15,{'JAM'},"{'JAM_STAND_STILL_TRAFFIC', 'JAM_HEAVY_TRAFFIC'}",90,{2},5.0
2e68e649,2e68e648c,2020-10-03,14,{'JAM'},{'JAM_HEAVY_TRAFFIC'},40,{2},6.375
2e68e649,2e68e648c,2020-10-03,23,{'JAM'},{'JAM_HEAVY_TRAFFIC'},31,{2},5.0
2e68e649,2e68e648c,2020-10-04,15,{'JAM'},{'JAM_HEAVY_TRAFFIC'},30,{2},5.0
2e68e649,2e68e648c,2020-10-07,17,{'JAM'},{'JAM_STAND_STILL_TRAFFIC'},30,{7},5.0
2e68e649,2e68e648c,2020-10-07,18,{'ROAD_CLOSED'},{'ROAD_CLOSED_EVENT'},2891,"{2, 7}",6.003804911795227
2e68e649,2e68e648c,2020-10-08,0,{'ROAD_CLOSED'},{'ROAD_CLOSED_EVENT'},4,"{2, 7}",6.0
2e68e649,2e68e648c,2020-10-08,14,{'JAM'},{'JAM_STAND_STILL_TRAFFIC'},32,{2},6.625
2e68e649,2e68e648c,2020-10-09,10,{'WEATHERHAZARD'},{'HAZARD_ON_ROAD_POT_HOLE'},168,{2},8.041666666666666
2e68e649,2e68e648c,2020-10-11,14,{'JAM'},{'JAM_STAND_STILL_TRAFFIC'},30,{7},5.0
2e68e649,2e68e648c,2020-10-11,15,{'JAM'},{'JAM_STAND_STILL_TRAFFIC'},30,{2},5.8
2e68e649,2e68e648c,2020-10-12,17,{'JAM'},{'JAM_HEAVY_TRAFFIC'},22,{7},5.0
2e68e649,2e68e648c,2020-10-17,12,{'JAM'},{'JAM_HEAVY_TRAFFIC'},6,{1},5.166666666666667
2e68e649,2e68e648c,2020-11-02,11,{'JAM'},{'JAM_STAND_STILL_TRAFFIC'},17,{2},5.0
2e68e649,2e68e648c,2020-11-03,16,{'JAM'},{'JAM_MODERATE_TRAFFIC'},6,{7},5.0
2e68e649,2e68e648c,2020-11-15,15,{'JAM'},{'JAM'},31,{7},5.0
2e68e649,2e68e648c,2020-11-19,17,{'JAM'},{'JAM'},24,{1},5.0
2e68e649,2e68e6494,2020-09-05,20,{'JAM'},{'JAM_STAND_STILL_TRAFFIC'},10,{1},5.8
2e68e649,2e68e6494,2020-09-15,9,{'JAM'},{'JAM_HEAVY_TRAFFIC'},7,{1},6.285714285714286
2e68e649,2e68e6494,2020-10-28,14,{'JAM'},{'JAM_STAND_STILL_TRAFFIC'},42,{1},5.380952380952381
2e68e649,2e68e6494,2020-11-01,14,{'JAM'},{'JAM'},32,{1},5.0
2e68e649,2e68e649c,2020-09-05,17,{'JAM'},{'JAM_STAND_STILL_TRAFFIC'},7,{2},5.0
2e68e649,2e68e649c,2020-09-14,14,{'JAM'},{'JAM'},29,{1},5.0
2e68e649,2e68e649c,2020-09-28,17,{'JAM'},{'JAM'},5,{1},5.0
2e68e649,2e68e649c,2020-10-02,14,{'JAM'},{'JAM_HEAVY_TRAFFIC'},31,{2},7.645161290322581
2e68e649,2e68e649c,2020-10-11,13,{'JAM'},{'JAM'},31,{1},5.0
2e68e649,2e68e649c,2020-10-12,14,{'JAM'},{'JAM_HEAVY_TRAFFIC'},39,{1},5.384615384615385
2e68e649,2e68e649c,2020-10-14,12,{'JAM'},{'JAM_STAND_STILL_TRAFFIC'},12,{2},5.0
2e68e649,2e68e649c,2020-10-28,19,{'JAM'},{'JAM'},30,{1},5.0
2e68e649,2e68e649c,2020-10-30,15,{'JAM'},{'JAM_MODERATE_TRAFFIC'},32,{2},5.0
2e68e649,2e68e649c,2020-10-31,13,{'JAM'},{'JAM_MODERATE_TRAFFIC'},31,{1},5.0
2e68e649,2e68e649c,2020-10-31,14,{'JAM'},{'JAM_HEAVY_TRAFFIC'},32,{2},7.78125
2e68e649,2e68e649c,2020-10-31,15,{'JAM'},{'JAM_STAND_STILL_TRAFFIC'},31,{2},6.967741935483871
2e68e649,2e68e649c,2020-11-14,18,{'JAM'},{'JAM_STAND_STILL_TRAFFIC'},34,{2},5.4411764705882355
2e68e64b,2e68e64a4,2020-09-05,17,{'JAM'},{'JAM_HEAVY_TRAFFIC'},27,{2},5.407407407407407
2e68e64b,2e68e64a4,2020-09-12,12,{'WEATHERHAZARD'},{'WEATHERHAZARD'},31,{2},7.645161290322581
2e68e64b,2e68e64a4,2020-09-16,17,{'JAM'},{'JAM_HEAVY_TRAFFIC'},30,{2},5.0
2e68e64b,2e68e64a4,2020-09-26,14,{'JAM'},{'JAM_MODERATE_TRAFFIC'},11,{2},5.0
2e68e64b,2e68e64a4,2020-10-06,13,{'JAM'},{'JAM_HEAVY_TRAFFIC'},7,{2},5.0
2e68e64b,2e68e64a4,2020-10-08,11,{'JAM'},{'JAM_MODERATE_TRAFFIC'},5,{2},5.0
2e68e64b,2e68e64a4,2020-10-27,19,{'JAM'},{'JAM_STAND_STILL_TRAFFIC'},7,{2},5.0
2e68e64b,2e68e64a4,2020-10-30,10,{'JAM'},{'JAM_MODERATE_TRAFFIC'},30,{2},5.0
2e68e64b,2e68e64a4,2020-10-31,13,{'JAM'},{'JAM_HEAVY_TRAFFIC'},41,{2},7.365853658536586
2e68e64b,2e68e64a4,2020-10-31,17,{'JAM'},{'JAM_STAND_STILL_TRAFFIC'},30,{2},5.0
2e68e64b,2e68e64a4,2020-10-31,21,{'JAM'},{'JAM_STAND_STILL_TRAFFIC'},33,{2},6.0
2e68e64b,2e68e64a4,2020-11-03,10,{'JAM'},{'JAM_STAND_STILL_TRAFFIC'},29,{2},5.0344827586206895
2e68e64b,2e68e64a4,2020-11-03,12,{'JAM'},{'JAM_HEAVY_TRAFFIC'},33,{2},5.454545454545454
2e68e64b,2e68e64a4,2020-11-07,10,{'JAM'},{'JAM_MODERATE_TRAFFIC'},32,{2},5.0
2e68e64b,2e68e64a4,2020-11-09,10,{'JAM'},{'JAM_STAND_STILL_TRAFFIC'},30,{2},5.0
2e68e64b,2e68e64a4,2020-11-14,11,{'JAM'},{'JAM_STAND_STILL_TRAFFIC'},31,{2},5.0
2e68e64b,2e68e64a4,2020-11-17,17,{'JAM'},{'JAM_STAND_STILL_TRAFFIC'},54,{2},6.314814814814815
2e68e64b,2e68e64a4,2020-11-19,13,{'JAM'},{'JAM_STAND_STILL_TRAFFIC'},43,{2},5.348837209302325
2e68e64b,2e68e64a4,2020-11-21,12,{'JAM'},{'JAM_HEAVY_TRAFFIC'},7,{2},5.0
2e68e64b,2e68e64ac,2020-09-06,19,{'WEATHERHAZARD'},{'WEATHERHAZARD'},54,{2},6.333333333333333
2e68e64b,2e68e64ac,2020-10-05,16,{'JAM'},{'JAM_MODERATE_TRAFFIC'},8,{1},5.0
2e68e64b,2e68e64ac,2020-10-19,15,{'JAM'},{'JAM_STAND_STILL_TRAFFIC'},40,{2},5.4
2e68e64b,2e68e64ac,2020-10-20,11,{'JAM'},{'JAM_STAND_STILL_TRAFFIC'},42,{2},5.380952380952381
2e68e64b,2e68e64ac,2020-10-23,22,{'WEATHERHAZARD'},{'HAZARD_ON_SHOULDER_CAR_STOPPED'},30,{2},5.0
2e68e64b,2e68e64ac,2020-10-26,14,{'JAM'},{'JAM_STAND_STILL_TRAFFIC'},6,{1},5.0
2e68e64b,2e68e64ac,2020-10-29,17,{'JAM'},{'JAM_STAND_STILL_TRAFFIC'},6,{1},5.0
2e68e64b,2e68e64ac,2020-10-29,18,{'JAM'},{'JAM_MODERATE_TRAFFIC'},31,{1},5.967741935483871
2e68e64b,2e68e64ac,2020-10-30,15,{'JAM'},{'JAM_HEAVY_TRAFFIC'},13,{1},5.3076923076923075
2e68e64b,2e68e64ac,2020-10-30,18,{'JAM'},{'JAM_STAND_STILL_TRAFFIC'},38,{2},5.421052631578948
2e68e64b,2e68e64ac,2020-11-02,14,{'JAM'},{'JAM_MODERATE_TRAFFIC'},14,{2},5.214285714285714
2e68e64b,2e68e64ac,2020-11-04,11,{'WEATHERHAZARD'},{'HAZARD_ON_ROAD_CONSTRUCTION'},133,{2},8.541353383458647
2e68e64b,2e68e64ac,2020-11-05,15,{'JAM'},{'JAM_STAND_STILL_TRAFFIC'},32,{1},5.5625
2e68e64b,2e68e64ac,2020-11-14,14,{'JAM'},{'JAM_MODERATE_TRAFFIC'},29,{1},5.0
2e68e64b,2e68e64ac,2020-11-15,14,{'JAM'},{'JAM_MODERATE_TRAFFIC'},3,{2},5.0
2e68e64b,2e68e64ac,2020-11-19,16,{'JAM'},{'JAM_MODERATE_TRAFFIC'},6,{2},5.0
2e68e64b,2e68e64ac,2020-11-22,12,{'JAM'},{'JAM_STAND_STILL_TRAFFIC'},6,{2},5.0
2e68e64b,2e68e64b4,2020-09-02,14,{'JAM'},{'JAM'},35,{2},5.0
2e68e64b,2e68e64b4,2020-10-04,14,{'JAM'},{'JAM_MODERATE_TRAFFIC'},7,{1},5.0
2e68e64b,2e68e64b4,2020-10-07,16,{'WEATHERHAZARD'},{'WEATHERHAZARD'},22,{2},5.636363636363637
2e68e64b,2e68e64b4,2020-10-18,12,{'JAM'},{'JAM_STAND_STILL_TRAFFIC'},41,{1},5.390243902439025
2e68e64b,2e68e64b4,2020-10-26,12,{'JAM'},{'JAM'},5,{1},5.0
2e68e64b,2e68e64b4,2020-10-29,14,{'JAM'},{'JAM_STAND_STILL_TRAFFIC'},42,{2},6.714285714285714
2e68e64b,2e68e64b4,2020-10-29,18,{'JAM'},{'JAM_MODERATE_TRAFFIC'},6,{1},5.0
2e68e64b,2e68e64b4,2020-10-30,10,{'JAM'},{'JAM_STAND_STILL_TRAFFIC'},30,{2},5.833333333333333
2e68e64b,2e68e64b4,2020-11-13,11,{'ACCIDENT'},{'ACCIDENT'},9,{1},5.444444444444445
2e68e64b,2e68e64b4,2020-11-17,11,{'JAM'},{'JAM_HEAVY_TRAFFIC'},27,{1},7.037037037037037
2e68e64b,2e68e64bc,2020-10-30,15,{'JAM'},{'JAM_HEAVY_TRAFFIC'},25,{2},5.96
2e68e64b,2e68e64bc,2020-10-31,13,{'JAM'},{'JAM_MODERATE_TRAFFIC'},31,{2},5.0
2e68e64b,2e68e64bc,2020-10-31,14,{'JAM'},{'JAM_STAND_STILL_TRAFFIC'},32,{2},9.0625
2e68e64b,2e68e64bc,2020-11-03,10,{'JAM'},{'JAM_STAND_STILL_TRAFFIC'},6,{2},5.0
2e68e64b,2e68e64bc,2020-11-04,12,{'JAM'},{'JAM_STAND_STILL_TRAFFIC'},34,{2},8.911764705882353
2e68e64d,2e68e64c4,2020-09-01,9,{'ROAD_CLOSED'},{'ROAD_CLOSED_EVENT'},4308,"{1, 7}",6.0
2e68e64d,2e68e64c4,2020-09-02,9,{'ROAD_CLOSED'},{'ROAD_CLOSED_EVENT'},4333,"{1, 7}",6.0
2e68e64d,2e68e64c4,2020-09-03,9,{'ROAD_CLOSED'},{'ROAD_CLOSED_EVENT'},4320,"{1, 7}",6.0
2e68e64d,2e68e64c4,2020-09-04,9,{'ROAD_CLOSED'},{'ROAD_CLOSED_EVENT'},4304,"{1, 7}",6.0
2e68e64d,2e68e64c4,2020-09-05,9,{'ROAD_CLOSED'},{'ROAD_CLOSED_EVENT'},4324,"{1, 7}",6.0
2e68e64d,2e68e64c4,2020-09-06,6,{'ROAD_CLOSED'},{'ROAD_CLOSED_EVENT'},2,{7},6.0
2e68e64d,2e68e64c4,2020-09-06,9,{'ROAD_CLOSED'},{'ROAD_CLOSED_EVENT'},608,"{1, 7}",6.0
2e68e64d,2e68e64c4,2020-09-07,9,{'ROAD_CLOSED'},{'ROAD_CLOSED_EVENT'},4312,"{1, 7}",6.0
2e68e64d,2e68e64c4,2020-09-07,13,{'ROAD_CLOSED'},{'ROAD_CLOSED_EVENT'},323,{7},6.0
2e68e64d,2e68e64c4,2020-09-07,14,{'ROAD_CLOSED'},{'ROAD_CLOSED_EVENT'},297,{7},6.0
2e68e64d,2e68e64c4,2020-09-08,6,{'ROAD_CLOSED'},{'ROAD_CLOSED_EVENT'},1,{7},6.0
2e68e64d,2e68e64c4,2020-09-08,9,{'ROAD_CLOSED'},{'ROAD_CLOSED_EVENT'},4328,"{1, 7}",6.0
2e68e64d,2e68e64c4,2020-09-09,6,{'ROAD_CLOSED'},{'ROAD_CLOSED_EVENT'},1,{1},6.0
2e68e64d,2e68e64c4,2020-09-09,9,{'ROAD_CLOSED'},{'ROAD_CLOSED_EVENT'},20,"{1, 7}",6.0
2e68e64d,2e68e64c4,2020-09-09,17,{'ROAD_CLOSED'},{'ROAD_CLOSED_EVENT'},225,"{1, 7}",6.0
2e68e64d,2e68e64c4,2020-09-09,21,{'ROAD_CLOSED'},{'ROAD_CLOSED_EVENT'},3775,"{1, 7}",6.0
2e68e64d,2e68e64c4,2020-09-09,22,{'ROAD_CLOSED'},{'ROAD_CLOSED_EVENT'},477,{7},6.0
2e68e64d,2e68e64c4,2020-09-10,9,{'ROAD_CLOSED'},{'ROAD_CLOSED_EVENT'},265,"{1, 7}",6.0
2e68e64d,2e68e64c4,2020-09-10,21,{'ROAD_CLOSED'},{'ROAD_CLOSED_EVENT'},2163,"{1, 7}",6.0
2e68e64d,2e68e64c4,2020-09-10,22,{'ROAD_CLOSED'},{'ROAD_CLOSED_EVENT'},1910,"{1, 7}",6.0
2e68e64d,2e68e64c4,2020-09-11,9,{'ROAD_CLOSED'},{'ROAD_CLOSED_EVENT'},252,"{1, 7}",6.0
2e68e64d,2e68e64c4,2020-09-11,21,{'ROAD_CLOSED'},{'ROAD_CLOSED_EVENT'},2156,"{1, 7}",6.0
2e68e64d,2e68e64c4,2020-09-11,22,{'ROAD_CLOSED'},{'ROAD_CLOSED_EVENT'},1918,"{1, 7}",6.0
2e68e64d,2e68e64c4,2020-09-12,9,{'ROAD_CLOSED'},{'ROAD_CLOSED_EVENT'},256,"{1, 7}",6.0
2e68e64d,2e68e64c4,2020-09-12,23,{'ROAD_CLOSED'},{'ROAD_CLOSED_EVENT'},2484,"{1, 7}",6.0
2e68e64d,2e68e64c4,2020-09-13,0,{'ROAD_CLOSED'},{'ROAD_CLOSED_EVENT'},717,"{1, 7}",6.0
2e68e64d,2e68e64c4,2020-09-13,6,{'ROAD_CLOSED'},{'ROAD_CLOSED_EVENT'},21,"{1, 7}",6.0
2e68e64d,2e68e64c4,2020-09-13,9,{'ROAD_CLOSED'},{'ROAD_CLOSED_EVENT'},4564,"{1, 7}",6.0
2e68e64d,2e68e64c4,2020-09-14,9,{'ROAD_CLOSED'},{'ROAD_CLOSED_EVENT'},4574,"{1, 7}",6.0
2e68e64d,2e68e64c4,2020-09-15,9,{'ROAD_CLOSED'},{'ROAD_CLOSED_EVENT'},4568,"{1, 7}",6.0
2e68e64d,2e68e64c4,2020-09-16,9,{'ROAD_CLOSED'},{'ROAD_CLOSED_EVENT'},4568,"{1, 7}",6.0
2e68e64d,2e68e64c4,2020-09-17,9,{'ROAD_CLOSED'},{'ROAD_CLOSED_EVENT'},3158,"{1, 7}",6.0
2e68e64d,2e68e64c4,2020-09-18,9,{'ROAD_CLOSED'},{'ROAD_CLOSED_EVENT'},4572,"{1, 7}",6.0
2e68e64d,2e68e64c4,2020-09-18,21,{'ROAD_CLOSED'},{'ROAD_CLOSED_EVENT'},1200,"{1, 7}",6.0
2e68e64d,2e68e64c4,2020-09-19,6,{'ROAD_CLOSED'},{'ROAD_CLOSED_EVENT'},3,"{1, 7}",6.0
2e68e64d,2e68e64c4,2020-09-19,9,{'ROAD_CLOSED'},{'ROAD_CLOSED_EVENT'},4590,"{1, 7}",6.0
2e68e64d,2e68e64c4,2020-09-19,21,{'ROAD_CLOSED'},{'ROAD_CLOSED_EVENT'},1235,"{1, 7}",6.0
2e68e64d,2e68e64c4,2020-09-20,9,{'ROAD_CLOSED'},{'ROAD_CLOSED_EVENT'},4562,"{1, 7}",6.0
2e68e64d,2e68e64c4,2020-09-20,21,{'ROAD_CLOSED'},{'ROAD_CLOSED_EVENT'},1220,"{1, 7}",6.0
2e68e64d,2e68e64c4,2020-09-21,6,{'ROAD_CLOSED'},{'ROAD_CLOSED_EVENT'},10,"{1, 7}",6.0
2e68e64d,2e68e64c4,2020-09-21,9,{'ROAD_CLOSED'},{'ROAD_CLOSED_EVENT'},4555,"{1, 7}",6.0
2e68e64d,2e68e64c4,2020-09-21,21,{'ROAD_CLOSED'},{'ROAD_CLOSED_EVENT'},1230,"{1, 7}",6.0
2e68e64d,2e68e64c4,2020-09-22,9,{'ROAD_CLOSED'},{'ROAD_CLOSED_EVENT'},4574,"{1, 7}",6.0
2e68e64d,2e68e64c4,2020-09-22,21,{'ROAD_CLOSED'},{'ROAD_CLOSED_EVENT'},1240,"{1, 7}",6.0
2e68e64d,2e68e64c4,2020-09-23,6,{'ROAD_CLOSED'},{'ROAD_CLOSED_EVENT'},2,{1},6.0
2e68e64d,2e68e64c4,2020-09-23,9,{'ROAD_CLOSED'},{'ROAD_CLOSED_EVENT'},4560,"{1, 7}",6.0
2e68e64d,2e68e64c4,2020-09-23,11,{'ROAD_CLOSED'},{'ROAD_CLOSED_EVENT'},3,"{1, 7}",6.0
2e68e64d,2e68e64c4,2020-09-23,21,{'ROAD_CLOSED'},{'ROAD_CLOSED_EVENT'},1230,"{1, 7}",6.0
2e68e64d,2e68e64c4,2020-09-24,6,{'ROAD_CLOSED'},{'ROAD_CLOSED_EVENT'},1,{1},6.0
2e68e64d,2e68e64c4,2020-09-24,9,{'ROAD_CLOSED'},{'ROAD_CLOSED_EVENT'},4595,"{1, 7}",6.0
2e68e64d,2e68e64c4,2020-09-24,11,{'ROAD_CLOSED'},{'ROAD_CLOSED_EVENT'},16,"{1, 7}",6.0
2e68e64d,2e68e64c4,2020-09-24,21,{'ROAD_CLOSED'},{'ROAD_CLOSED_EVENT'},1217,"{1, 7}",6.0
2e68e64d,2e68e64c4,2020-09-25,9,{'ROAD_CLOSED'},{'ROAD_CLOSED_EVENT'},4571,"{1, 7}",6.0
2e68e64d,2e68e64c4,2020-09-25,11,{'ROAD_CLOSED'},{'ROAD_CLOSED_EVENT'},5,"{1, 7}",6.0
2e68e64d,2e68e64c4,2020-09-25,21,{'ROAD_CLOSED'},{'ROAD_CLOSED_EVENT'},1220,"{1, 7}",6.0
2e68e64d,2e68e64c4,2020-09-26,6,{'ROAD_CLOSED'},{'ROAD_CLOSED_EVENT'},2,{7},6.0
2e68e64d,2e68e64c4,2020-09-26,11,{'ROAD_CLOSED'},{'ROAD_CLOSED_EVENT'},8,"{1, 7}",6.0
2e68e64d,2e68e64c4,2020-09-26,21,{'ROAD_CLOSED'},{'ROAD_CLOSED_EVENT'},1080,"{1, 7}",6.0
2e68e64d,2e68e64c4,2020-09-27,21,{'ROAD_CLOSED'},{'ROAD_CLOSED_EVENT'},1214,"{1, 7}",6.06507413509061
2e68e64d,2e68e64c4,2020-09-28,9,{'ROAD_CLOSED'},{'ROAD_CLOSED_EVENT'},4336,"{1, 7}",6.0
2e68e64d,2e68e64c4,2020-09-28,21,{'ROAD_CLOSED'},{'ROAD_CLOSED_EVENT'},1230,"{1, 7}",6.0
2e68e64d,2e68e64c4,2020-09-29,9,{'ROAD_CLOSED'},{'ROAD_CLOSED_EVENT'},4330,"{1, 7}",6.0
2e68e64d,2e68e64c4,2020-09-29,11,{'ROAD_CLOSED'},{'ROAD_CLOSED_EVENT'},4,{7},6.0
2e68e64d,2e68e64c4,2020-09-29,21,{'ROAD_CLOSED'},{'ROAD_CLOSED_EVENT'},1230,"{1, 7}",6.0
2e68e64d,2e68e64c4,2020-09-30,9,{'ROAD_CLOSED'},{'ROAD_CLOSED_EVENT'},4304,"{1, 7}",6.0
2e68e64d,2e68e64c4,2020-09-30,21,{'ROAD_CLOSED'},{'ROAD_CLOSED_EVENT'},1200,"{1, 7}",6.0
2e68e64d,2e68e64c4,2020-10-01,6,{'ROAD_CLOSED'},{'ROAD_CLOSED_EVENT'},14,"{1, 7}",6.0
2e68e64d,2e68e64c4,2020-10-01,9,{'ROAD_CLOSED'},{'ROAD_CLOSED_EVENT'},4323,"{1, 7}",6.0
2e68e64d,2e68e64c4,2020-10-02,6,{'ROAD_CLOSED'},{'ROAD_CLOSED_EVENT'},2,{7},6.0
2e68e64d,2e68e64c4,2020-10-02,9,{'ROAD_CLOSED'},{'ROAD_CLOSED_EVENT'},4322,"{1, 7}",6.0
2e68e64d,2e68e64c4,2020-10-03,6,{'ROAD_CLOSED'},{'ROAD_CLOSED_EVENT'},2,"{1, 7}",6.0
2e68e64d,2e68e64c4,2020-10-03,9,{'ROAD_CLOSED'},{'ROAD_CLOSED_EVENT'},4336,"{1, 7}",6.0
2e68e64d,2e68e64c4,2020-10-04,9,{'ROAD_CLOSED'},{'ROAD_CLOSED_EVENT'},4304,"{1, 7}",6.0
2e68e64d,2e68e64c4,2020-10-05,9,{'ROAD_CLOSED'},{'ROAD_CLOSED_EVENT'},4314,"{1, 7}",6.0
2e68e64d,2e68e64c4,2020-10-06,6,{'ROAD_CLOSED'},{'ROAD_CLOSED_EVENT'},2,"{1, 7}",6.0
2e68e64d,2e68e64c4,2020-10-06,9,{'ROAD_CLOSED'},{'ROAD_CLOSED_EVENT'},4309,"{1, 7}",6.0
2e68e64d,2e68e64c4,2020-10-07,6,{'ROAD_CLOSED'},{'ROAD_CLOSED_EVENT'},2,{1},6.0
2e68e64d,2e68e64c4,2020-10-07,9,{'ROAD_CLOSED'},{'ROAD_CLOSED_EVENT'},4297,"{1, 7}",6.0
2e68e64d,2e68e64c4,2020-10-08,9,{'ROAD_CLOSED'},{'ROAD_CLOSED_EVENT'},1056,"{1, 7}",6.0
2e68e64d,2e68e64c4,2020-10-08,13,{'ROAD_CLOSED'},{'ROAD_CLOSED_EVENT'},5087,"{1, 7}",6.170041281698447
2e68e64d,2e68e64c4,2020-10-08,21,{'ROAD_CLOSED'},{'ROAD_CLOSED_EVENT'},543,"{1, 7}",6.0
2e68e64d,2e68e64c4,2020-10-08,22,{'ROAD_CLOSED'},{'ROAD_CLOSED_EVENT'},962,{1},6.0
2e68e64d,2e68e64c4,2020-10-09,9,{'ROAD_CLOSED'},{'ROAD_CLOSED_EVENT'},4312,"{1, 7}",6.0
2e68e64d,2e68e64c4,2020-10-10,9,{'ROAD_CLOSED'},{'ROAD_CLOSED_EVENT'},4314,"{1, 7}",6.0
2e68e64d,2e68e64c4,2020-10-10,18,{'JAM'},{'JAM_STAND_STILL_TRAFFIC'},23,{7},5.0
2e68e64d,2e68e64c4,2020-10-19,10,{'ROAD_CLOSED'},{'ROAD_CLOSED_EVENT'},3855,"{1, 7}",6.0
2e68e64d,2e68e64c4,2020-10-19,16,{'JAM'},{'JAM_MODERATE_TRAFFIC'},8,{7},5.0
2e68e64d,2e68e64c4,2020-10-20,10,{'ROAD_CLOSED'},{'ROAD_CLOSED_EVENT'},3856,"{1, 7}",6.0
2e68e64d,2e68e64c4,2020-10-21,10,{'ROAD_CLOSED'},{'ROAD_CLOSED_EVENT'},3808,"{1, 7}",6.0
2e68e64d,2e68e64c4,2020-10-22,10,{'ROAD_CLOSED'},{'ROAD_CLOSED_EVENT'},3864,"{1, 7}",6.373447204968944
2e68e64d,2e68e64c4,2020-10-22,12,{'JAM'},{'JAM_STAND_STILL_TRAFFIC'},33,{7},5.0
2e68e64d,2e68e64c4,2020-10-23,10,{'ROAD_CLOSED'},{'ROAD_CLOSED_EVENT'},3857,"{1, 7}",6.0
2e68e64d,2e68e64c4,2020-10-24,6,{'ROAD_CLOSED'},{'ROAD_CLOSED_EVENT'},12,"{1, 7}",6.0
2e68e64d,2e68e64c4,2020-10-24,10,{'ROAD_CLOSED'},{'ROAD_CLOSED_EVENT'},3840,"{1, 7}",6.0
2e68e64d,2e68e64c4,2020-10-25,10,{'ROAD_CLOSED'},{'ROAD_CLOSED_EVENT'},3859,"{1, 7}",6.0
2e68e64d,2e68e64c4,2020-10-25,14,{'JAM'},{'JAM_HEAVY_TRAFFIC'},32,{7},5.0
2e68e64d,2e68e64c4,2020-10-26,10,{'ROAD_CLOSED'},{'ROAD_CLOSED_EVENT'},3873,"{1, 7}",6.0
2e68e64d,2e68e64c4,2020-10-27,10,{'ROAD_CLOSED'},{'ROAD_CLOSED_EVENT'},3876,"{1, 7}",6.0
2e68e64d,2e68e64c4,2020-10-28,9,{'JAM'},{'JAM_MODERATE_TRAFFIC'},26,{2},5.0
2e68e64d,2e68e64c4,2020-10-28,10,{'ROAD_CLOSED'},{'ROAD_CLOSED_EVENT'},3856,"{1, 7}",6.0
2e68e64d,2e68e64c4,2020-10-29,10,{'ROAD_CLOSED'},{'ROAD_CLOSED_EVENT'},3857,"{1, 7}",6.0
2e68e64d,2e68e64c4,2020-10-30,10,{'ROAD_CLOSED'},{'ROAD_CLOSED_EVENT'},3855,"{1, 7}",6.0
2e68e64d,2e68e64c4,2020-10-30,16,{'JAM'},{'JAM_STAND_STILL_TRAFFIC'},32,{7},5.59375
2e68e64d,2e68e64c4,2020-10-31,10,{'ROAD_CLOSED'},{'ROAD_CLOSED_EVENT'},3861,"{1, 7}",6.0
2e68e64d,2e68e64c4,2020-11-01,6,{'ROAD_CLOSED'},{'ROAD_CLOSED_EVENT'},1,{1},6.0
2e68e64d,2e68e64cc,2020-09-01,9,{'ROAD_CLOSED'},{'ROAD_CLOSED_EVENT'},537,{7},6.0
2e68e64d,2e68e64cc,2020-09-02,9,{'ROAD_CLOSED'},{'ROAD_CLOSED_EVENT'},542,{7},6.0
2e68e64d,2e68e64cc,2020-09-03,9,{'ROAD_CLOSED'},{'ROAD_CLOSED_EVENT'},540,{7},6.0
2e68e64d,2e68e64cc,2020-09-04,9,"{'JAM', 'ROAD_CLOSED'}","{'ROAD_CLOSED_EVENT', 'JAM_HEAVY_TRAFFIC'}",570,"{2, 7}",5.943859649122807
2e68e64d,2e68e64cc,2020-09-04,16,{'JAM'},{'JAM_HEAVY_TRAFFIC'},35,{2},6.457142857142857
2e68e64d,2e68e64cc,2020-09-05,9,{'ROAD_CLOSED'},{'ROAD_CLOSED_EVENT'},540,{7},6.0
2e68e64d,2e68e64cc,2020-09-05,18,{'JAM'},{'JAM_STAND_STILL_TRAFFIC'},30,{1},5.533333333333333
2e68e64d,2e68e64cc,2020-09-05,21,{'JAM'},{'JAM'},8,{7},5.0
2e68e64d,2e68e64cc,2020-09-06,6,{'ROAD_CLOSED'},{'ROAD_CLOSED_EVENT'},2,{7},6.0
2e68e64d,2e68e64cc,2020-09-06,9,{'ROAD_CLOSED'},{'ROAD_CLOSED_EVENT'},76,{7},6.0
2e68e64d,2e68e64cc,2020-09-06,13,{'JAM'},{'JAM_MODERATE_TRAFFIC'},32,{2},5.0
2e68e64d,2e68e64cc,2020-09-07,9,{'ROAD_CLOSED'},{'ROAD_CLOSED_EVENT'},539,{7},6.0
2e68e64d,2e68e64cc,2020-09-07,13,{'ROAD_CLOSED'},{'ROAD_CLOSED_EVENT'},323,{7},6.0
2e68e64d,2e68e64cc,2020-09-08,9,{'ROAD_CLOSED'},{'ROAD_CLOSED_EVENT'},541,{7},6.0
2e68e64d,2e68e64cc,2020-09-09,9,{'ROAD_CLOSED'},{'ROAD_CLOSED_EVENT'},2,{7},6.0
2e68e64d,2e68e64cc,2020-09-09,17,{'ROAD_CLOSED'},{'ROAD_CLOSED_EVENT'},28,{7},6.0
2e68e64d,2e68e64cc,2020-09-09,21,{'ROAD_CLOSED'},{'ROAD_CLOSED_EVENT'},1,{7},6.0
2e68e64d,2e68e64cc,2020-09-09,22,{'ROAD_CLOSED'},{'ROAD_CLOSED_EVENT'},477,{7},6.0
2e68e64d,2e68e64cc,2020-09-10,9,{'ROAD_CLOSED'},{'ROAD_CLOSED_EVENT'},33,{7},6.0
2e68e64d,2e68e64cc,2020-09-10,21,{'ROAD_CLOSED'},{'ROAD_CLOSED_EVENT'},538,{7},6.0
2e68e64d,2e68e64cc,2020-09-11,9,{'ROAD_CLOSED'},{'ROAD_CLOSED_EVENT'},31,{7},6.0
2e68e64d,2e68e64cc,2020-09-11,21,{'ROAD_CLOSED'},{'ROAD_CLOSED_EVENT'},539,{7},6.0
2e68e64d,2e68e64cc,2020-09-12,9,{'ROAD_CLOSED'},{'ROAD_CLOSED_EVENT'},32,{7},6.0
2e68e64d,2e68e64cc,2020-09-12,23,{'ROAD_CLOSED'},{'ROAD_CLOSED_EVENT'},414,{7},6.0
2e68e64d,2e68e64cc,2020-09-13,6,{'ROAD_CLOSED'},{'ROAD_CLOSED_EVENT'},1,{7},6.0
2e68e64d,2e68e64cc,2020-09-13,9,{'ROAD_CLOSED'},{'ROAD_CLOSED_EVENT'},570,{7},6.0
2e68e64d,2e68e64cc,2020-09-14,9,{'ROAD_CLOSED'},{'ROAD_CLOSED_EVENT'},572,{7},6.0
2e68e64d,2e68e64cc,2020-09-15,9,{'ROAD_CLOSED'},{'ROAD_CLOSED_EVENT'},571,{7},6.0
2e68e64d,2e68e64cc,2020-09-16,9,{'ROAD_CLOSED'},{'ROAD_CLOSED_EVENT'},571,{7},6.0
2e68e64d,2e68e64cc,2020-09-17,9,{'ROAD_CLOSED'},{'ROAD_CLOSED_EVENT'},394,{7},6.0
2e68e64d,2e68e64cc,2020-09-18,9,{'ROAD_CLOSED'},{'ROAD_CLOSED_EVENT'},572,{7},6.0
2e68e64d,2e68e64cc,2020-09-18,21,{'ROAD_CLOSED'},{'ROAD_CLOSED_EVENT'},120,{7},6.0
2e68e64d,2e68e64cc,2020-09-19,9,{'ROAD_CLOSED'},{'ROAD_CLOSED_EVENT'},574,{7},6.0
2e68e64d,2e68e64cc,2020-09-19,21,{'ROAD_CLOSED'},{'ROAD_CLOSED_EVENT'},124,{7},6.0
2e68e64d,2e68e64cc,2020-09-20,9,{'ROAD_CLOSED'},{'ROAD_CLOSED_EVENT'},572,{7},6.0
2e68e64d,2e68e64cc,2020-09-20,21,{'ROAD_CLOSED'},{'ROAD_CLOSED_EVENT'},122,{7},6.0
2e68e64d,2e68e64cc,2020-09-21,9,{'ROAD_CLOSED'},{'ROAD_CLOSED_EVENT'},569,{7},6.0
2e68e64d,2e68e64cc,2020-09-21,21,{'ROAD_CLOSED'},{'ROAD_CLOSED_EVENT'},123,{7},6.0
2e68e64d,2e68e64cc,2020-09-22,9,"{'JAM', 'ROAD_CLOSED'}","{'ROAD_CLOSED_EVENT', 'JAM_HEAVY_TRAFFIC'}",604,"{2, 7}",5.948675496688741
2e68e64d,2e68e64cc,2020-09-22,21,{'ROAD_CLOSED'},{'ROAD_CLOSED_EVENT'},124,{7},6.0
2e68e64d,2e68e64cc,2020-09-23,9,{'ROAD_CLOSED'},{'ROAD_CLOSED_EVENT'},570,{7},6.0
2e68e64d,2e68e64cc,2020-09-23,13,{'JAM'},{'JAM_HEAVY_TRAFFIC'},32,{2},5.875
2e68e64d,2e68e64cc,2020-09-23,21,{'ROAD_CLOSED'},{'ROAD_CLOSED_EVENT'},123,{7},6.0
2e68e64d,2e68e64cc,2020-09-24,9,{'ROAD_CLOSED'},{'ROAD_CLOSED_EVENT'},574,{7},6.0
2e68e64d,2e68e64cc,2020-09-24,11,{'ROAD_CLOSED'},{'ROAD_CLOSED_EVENT'},2,{7},6.0
2e68e64d,2e68e64cc,2020-09-24,21,{'ROAD_CLOSED'},{'ROAD_CLOSED_EVENT'},121,{7},6.0
2e68e64d,2e68e64cc,2020-09-25,9,{'ROAD_CLOSED'},{'ROAD_CLOSED_EVENT'},572,{7},6.0
2e68e64d,2e68e64cc,2020-09-25,21,{'ROAD_CLOSED'},{'ROAD_CLOSED_EVENT'},122,{7},6.0
2e68e64d,2e68e64cc,2020-09-26,11,{'ROAD_CLOSED'},{'ROAD_CLOSED_EVENT'},1,{7},6.0
2e68e64d,2e68e64cc,2020-09-26,21,{'ROAD_CLOSED'},{'ROAD_CLOSED_EVENT'},108,{7},6.0
2e68e64d,2e68e64cc,2020-09-27,10,{'JAM'},{'JAM'},21,{7},5.0
2e68e64d,2e68e64cc,2020-09-27,21,{'ROAD_CLOSED'},{'ROAD_CLOSED_EVENT'},123,{7},6.0
2e68e64d,2e68e64cc,2020-09-28,9,{'ROAD_CLOSED'},{'ROAD_CLOSED_EVENT'},542,{7},6.0
2e68e64d,2e68e64cc,2020-09-28,21,{'ROAD_CLOSED'},{'ROAD_CLOSED_EVENT'},123,{7},6.0
2e68e64d,2e68e64cc,2020-09-29,9,{'ROAD_CLOSED'},{'ROAD_CLOSED_EVENT'},541,{7},6.0
2e68e64d,2e68e64cc,2020-09-29,11,{'ROAD_CLOSED'},{'ROAD_CLOSED_EVENT'},1,{7},6.0
2e68e64d,2e68e64cc,2020-09-29,13,{'JAM'},{'JAM'},8,{2},5.0
2e68e64d,2e68e64cc,2020-09-29,21,{'ROAD_CLOSED'},{'ROAD_CLOSED_EVENT'},123,{7},6.0
2e68e64d,2e68e64cc,2020-09-30,9,{'ROAD_CLOSED'},{'ROAD_CLOSED_EVENT'},539,{7},6.0
2e68e64d,2e68e64cc,2020-09-30,21,{'ROAD_CLOSED'},{'ROAD_CLOSED_EVENT'},120,{7},6.0
2e68e64d,2e68e64cc,2020-10-01,6,{'ROAD_CLOSED'},{'ROAD_CLOSED_EVENT'},2,{7},6.0
2e68e64d,2e68e64cc,2020-10-01,9,{'ROAD_CLOSED'},{'ROAD_CLOSED_EVENT'},541,{7},6.0
2e68e64d,2e68e64cc,2020-10-02,9,{'ROAD_CLOSED'},{'ROAD_CLOSED_EVENT'},540,{7},6.0
2e68e64d,2e68e64cc,2020-10-03,9,{'ROAD_CLOSED'},{'ROAD_CLOSED_EVENT'},542,{7},6.0
2e68e64d,2e68e64cc,2020-10-03,15,{'JAM'},{'JAM_MODERATE_TRAFFIC'},31,{2},5.0
2e68e64d,2e68e64cc,2020-10-04,9,{'ROAD_CLOSED'},{'ROAD_CLOSED_EVENT'},538,{7},6.0
2e68e64d,2e68e64cc,2020-10-05,9,{'ROAD_CLOSED'},{'ROAD_CLOSED_EVENT'},540,{7},6.0
2e68e64d,2e68e64cc,2020-10-05,16,{'JAM'},{'JAM_MODERATE_TRAFFIC'},30,{2},5.0
2e68e64d,2e68e64cc,2020-10-06,6,{'ROAD_CLOSED'},{'ROAD_CLOSED_EVENT'},1,{7},6.0
2e68e64d,2e68e64cc,2020-10-06,9,{'ROAD_CLOSED'},{'ROAD_CLOSED_EVENT'},539,{7},6.0
2e68e64d,2e68e64cc,2020-10-07,9,{'ROAD_CLOSED'},{'ROAD_CLOSED_EVENT'},538,{7},6.0
2e68e64d,2e68e64cc,2020-10-07,19,{'JAM'},{'JAM_STAND_STILL_TRAFFIC'},22,{2},5.0
2e68e64d,2e68e64cc,2020-10-08,9,{'ROAD_CLOSED'},{'ROAD_CLOSED_EVENT'},210,{7},6.0
2e68e64d,2e68e64cc,2020-10-08,13,{'ROAD_CLOSED'},{'ROAD_CLOSED_EVENT'},433,{7},7.595842956120093
2e68e64d,2e68e64cc,2020-10-08,14,"{'JAM', 'ROAD_CLOSED'}","{'ROAD_CLOSED_EVENT', 'JAM_STAND_STILL_TRAFFIC'}",51,"{1, 7}",5.0
2e68e64d,2e68e64cc,2020-10-08,15,{'ROAD_CLOSED'},{'ROAD_CLOSED_EVENT'},70,{2},6.0
2e68e64d,2e68e64cc,2020-10-09,9,{'ROAD_CLOSED'},{'ROAD_CLOSED_EVENT'},538,{7},6.0
2e68e64d,2e68e64cc,2020-10-10,1,{'JAM'},{'JAM'},31,{1},5.0
2e68e64d,2e68e64cc,2020-10-10,9,{'ROAD_CLOSED'},{'ROAD_CLOSED_EVENT'},539,{7},6.0
2e68e64d,2e68e64cc,2020-10-10,16,{'JAM'},{'JAM_STAND_STILL_TRAFFIC'},5,{2},5.0
2e68e64d,2e68e64cc,2020-10-12,13,{'JAM'},{'JAM_MODERATE_TRAFFIC'},38,{7},5.184210526315789
2e68e64d,2e68e64cc,2020-10-18,10,{'JAM'},{'JAM_HEAVY_TRAFFIC'},32,{7},5.0
2e68e64d,2e68e64cc,2020-10-19,10,{'ROAD_CLOSED'},{'ROAD_CLOSED_EVENT'},482,{7},6.0
2e68e64d,2e68e64cc,2020-10-20,10,{'ROAD_CLOSED'},{'ROAD_CLOSED_EVENT'},482,{7},6.0
2e68e64d,2e68e64cc,2020-10-21,10,{'ROAD_CLOSED'},{'ROAD_CLOSED_EVENT'},475,{7},6.0
2e68e64d,2e68e64cc,2020-10-22,10,{'ROAD_CLOSED'},{'ROAD_CLOSED_EVENT'},483,{7},6.995859213250518
2e68e64d,2e68e64cc,2020-10-23,10,{'ROAD_CLOSED'},{'ROAD_CLOSED_EVENT'},482,{7},6.0
2e68e64d,2e68e64cc,2020-10-24,10,{'ROAD_CLOSED'},{'ROAD_CLOSED_EVENT'},480,{7},6.0
2e68e64d,2e68e64cc,2020-10-24,18,{'WEATHERHAZARD'},{'HAZARD_WEATHER_FLOOD'},7,{2},5.714285714285714
2e68e64d,2e68e64cc,2020-10-25,10,{'ROAD_CLOSED'},{'ROAD_CLOSED_EVENT'},483,{7},6.0
2e68e64d,2e68e64cc,2020-10-26,10,{'ROAD_CLOSED'},{'ROAD_CLOSED_EVENT'},484,{7},6.0
2e68e64d,2e68e64cc,2020-10-27,10,{'ROAD_CLOSED'},{'ROAD_CLOSED_EVENT'},483,{7},6.0
2e68e64d,2e68e64cc,2020-10-28,10,{'ROAD_CLOSED'},{'ROAD_CLOSED_EVENT'},482,{7},6.0
2e68e64d,2e68e64cc,2020-10-28,18,{'JAM'},{'JAM_HEAVY_TRAFFIC'},31,{2},5.516129032258065
2e68e64d,2e68e64cc,2020-10-29,10,{'ROAD_CLOSED'},{'ROAD_CLOSED_EVENT'},482,{7},6.0
2e68e64d,2e68e64cc,2020-10-29,17,{'JAM'},{'JAM_HEAVY_TRAFFIC'},36,{2},5.388888888888889
2e68e64d,2e68e64cc,2020-10-30,10,"{'JAM', 'ROAD_CLOSED'}","{'ROAD_CLOSED_EVENT', 'JAM_HEAVY_TRAFFIC'}",488,{7},5.987704918032787
2e68e64d,2e68e64cc,2020-10-31,10,{'ROAD_CLOSED'},{'ROAD_CLOSED_EVENT'},483,{7},6.0
2e68e64d,2e68e64cc,2020-10-31,14,{'JAM'},{'JAM_STAND_STILL_TRAFFIC'},39,{7},6.641025641025641
2e68e64d,2e68e64cc,2020-11-01,11,{'JAM'},{'JAM_HEAVY_TRAFFIC'},33,{7},5.515151515151516
2e68e64d,2e68e64cc,2020-11-01,12,{'JAM'},{'JAM_HEAVY_TRAFFIC'},22,{7},5.818181818181818
2e68e64d,2e68e64cc,2020-11-04,9,{'JAM'},"{'JAM', 'JAM_STAND_STILL_TRAFFIC'}",47,{7},5.340425531914893
2e68e64d,2e68e64cc,2020-11-12,18,{'JAM'},{'JAM_HEAVY_TRAFFIC'},31,{2},6.483870967741935
2e68e64d,2e68e64cc,2020-11-15,10,{'JAM'},{'JAM'},31,{7},5.0
2e68e64d,2e68e64cc,2020-11-22,13,{'JAM'},{'JAM'},6,{7},5.0
2e68e64d,2e68e64d4,2020-09-02,19,{'ACCIDENT'},{'ACCIDENT'},16,{2},5.75
2e68e64d,2e68e64d4,2020-09-11,17,{'JAM'},{'JAM_STAND_STILL_TRAFFIC'},31,{6},5.838709677419355
2e68e64d,2e68e64d4,2020-09-13,15,{'JAM'},{'JAM'},32,{6},5.0
2e68e64d,2e68e64d4,2020-09-18,18,{'JAM'},{'JAM'},7,{6},5.0
2e68e64d,2e68e64d4,2020-09-28,16,{'JAM'},"{'JAM_STAND_STILL_TRAFFIC', 'JAM_MODERATE_TRAFFIC'}",29,{6},5.103448275862069
2e68e64d,2e68e64d4,2020-09-30,13,{'JAM'},{'JAM_STAND_STILL_TRAFFIC'},6,{6},5.0
2e68e64d,2e68e64d4,2020-10-07,14,{'JAM'},{'JAM_STAND_STILL_TRAFFIC'},30,{2},5.933333333333334
2e68e64d,2e68e64d4,2020-10-07,18,{'JAM'},{'JAM_STAND_STILL_TRAFFIC'},31,{6},5.0
2e68e64d,2e68e64d4,2020-10-08,15,"{'JAM', 'ROAD_CLOSED'}","{'JAM_STAND_STILL_TRAFFIC', 'ROAD_CLOSED_EVENT'}",160,{6},5.61875
2e68e64d,2e68e64d4,2020-10-08,16,{'JAM'},{'JAM_HEAVY_TRAFFIC'},7,{6},5.0
2e68e64d,2e68e64d4,2020-10-10,13,{'JAM'},{'JAM_MODERATE_TRAFFIC'},8,{6},5.0
2e68e64d,2e68e64d4,2020-10-14,17,{'JAM'},{'JAM_STAND_STILL_TRAFFIC'},21,{6},5.238095238095238
2e68e64d,2e68e64d4,2020-10-22,6,{'JAM'},{'JAM'},18,{6},5.0
2e68e64d,2e68e64d4,2020-10-23,13,{'JAM'},{'JAM_HEAVY_TRAFFIC'},5,{6},5.0
2e68e64d,2e68e64d4,2020-10-24,18,{'ACCIDENT'},{'ACCIDENT'},46,{6},6.608695652173913
2e68e64d,2e68e64d4,2020-10-27,14,{'ACCIDENT'},{'ACCIDENT_MINOR'},46,{6},5.456521739130435
2e68e64d,2e68e64d4,2020-10-27,17,{'JAM'},{'JAM_HEAVY_TRAFFIC'},32,{6},6.3125
2e68e64d,2e68e64d4,2020-10-29,10,{'JAM'},{'JAM_MODERATE_TRAFFIC'},30,{6},5.0
2e68e64d,2e68e64d4,2020-10-29,16,{'JAM'},{'JAM_STAND_STILL_TRAFFIC'},32,{6},5.0
2e68e64d,2e68e64d4,2020-10-30,10,{'JAM'},{'JAM_STAND_STILL_TRAFFIC'},22,{2},5.0
2e68e64d,2e68e64d4,2020-10-31,10,{'JAM'},{'JAM'},13,{6},5.0
2e68e64d,2e68e64d4,2020-10-31,13,{'JAM'},{'JAM'},33,{6},5.0
2e68e64d,2e68e64d4,2020-11-01,12,{'JAM'},{'JAM_MODERATE_TRAFFIC'},30,{6},5.0
2e68e64d,2e68e64d4,2020-11-01,13,{'JAM'},{'JAM_STAND_STILL_TRAFFIC'},31,{6},6.064516129032258
2e68e64d,2e68e64d4,2020-11-02,14,{'JAM'},{'JAM_MODERATE_TRAFFIC'},38,{6},6.394736842105263
2e68e64d,2e68e64d4,2020-11-08,11,{'JAM'},"{'JAM', 'JAM_HEAVY_TRAFFIC'}",79,{6},5.569620253164557
2e68e64d,2e68e64d4,2020-11-12,14,{'JAM'},{'JAM_MODERATE_TRAFFIC'},32,{6},5.0
2e68e64d,2e68e64d4,2020-11-15,11,{'JAM'},{'JAM_STAND_STILL_TRAFFIC'},11,{6},5.090909090909091
2e68e64d,2e68e64dc,2020-09-01,9,"{'ROAD_CLOSED', 'WEATHERHAZARD'}","{'ROAD_CLOSED_EVENT', 'HAZARD_ON_ROAD_POT_HOLE'}",896,{1},7.006696428571429
2e68e64d,2e68e64dc,2020-09-02,9,{'ROAD_CLOSED'},{'ROAD_CLOSED_EVENT'},542,{1},6.0
2e68e64d,2e68e64dc,2020-09-03,9,{'ROAD_CLOSED'},{'ROAD_CLOSED_EVENT'},540,{1},6.0
2e68e64d,2e68e64dc,2020-09-04,9,{'ROAD_CLOSED'},{'ROAD_CLOSED_EVENT'},538,{1},6.0
2e68e64d,2e68e64dc,2020-09-05,9,{'ROAD_CLOSED'},{'ROAD_CLOSED_EVENT'},540,{1},6.0
2e68e64d,2e68e64dc,2020-09-05,21,{'JAM'},{'JAM_STAND_STILL_TRAFFIC'},59,"{1, 6}",5.813559322033898
2e68e64d,2e68e64dc,2020-09-06,9,{'ROAD_CLOSED'},{'ROAD_CLOSED_EVENT'},76,{1},6.0
2e68e64d,2e68e64dc,2020-09-07,9,{'ROAD_CLOSED'},{'ROAD_CLOSED_EVENT'},539,{1},6.0
2e68e64d,2e68e64dc,2020-09-08,9,{'ROAD_CLOSED'},{'ROAD_CLOSED_EVENT'},541,{1},6.0
2e68e64d,2e68e64dc,2020-09-09,9,{'ROAD_CLOSED'},{'ROAD_CLOSED_EVENT'},2,{1},6.0
2e68e64d,2e68e64dc,2020-09-09,17,{'ROAD_CLOSED'},{'ROAD_CLOSED_EVENT'},28,{1},6.0
2e68e64d,2e68e64dc,2020-09-09,21,{'ROAD_CLOSED'},{'ROAD_CLOSED_EVENT'},539,{1},6.0
2e68e64d,2e68e64dc,2020-09-10,9,{'ROAD_CLOSED'},{'ROAD_CLOSED_EVENT'},35,{1},6.0
2e68e64d,2e68e64dc,2020-09-10,21,{'ROAD_CLOSED'},{'ROAD_CLOSED_EVENT'},539,{1},6.0
2e68e64d,2e68e64dc,2020-09-11,9,"{'JAM', 'ROAD_CLOSED'}","{'ROAD_CLOSED_EVENT', 'JAM_HEAVY_TRAFFIC'}",65,"{1, 6}",5.523076923076923
2e68e64d,2e68e64dc,2020-09-11,22,{'ROAD_CLOSED'},{'ROAD_CLOSED_EVENT'},479,{1},6.0
2e68e64d,2e68e64dc,2020-09-12,9,{'ROAD_CLOSED'},{'ROAD_CLOSED_EVENT'},32,{1},6.0
2e68e64d,2e68e64dc,2020-09-13,0,{'ROAD_CLOSED'},{'ROAD_CLOSED_EVENT'},359,{1},6.0
2e68e64d,2e68e64dc,2020-09-13,6,{'ROAD_CLOSED'},{'ROAD_CLOSED_EVENT'},5,{1},6.0
2e68e64d,2e68e64dc,2020-09-13,9,{'ROAD_CLOSED'},{'ROAD_CLOSED_EVENT'},571,{1},6.0
2e68e64d,2e68e64dc,2020-09-14,9,{'ROAD_CLOSED'},{'ROAD_CLOSED_EVENT'},572,{1},6.0
2e68e64d,2e68e64dc,2020-09-15,9,{'ROAD_CLOSED'},{'ROAD_CLOSED_EVENT'},571,{1},6.971978984238179
2e68e64d,2e68e64dc,2020-09-16,9,{'ROAD_CLOSED'},{'ROAD_CLOSED_EVENT'},571,{1},6.0
2e68e64d,2e68e64dc,2020-09-17,9,{'ROAD_CLOSED'},{'ROAD_CLOSED_EVENT'},394,{1},6.0
2e68e64d,2e68e64dc,2020-09-18,9,{'ROAD_CLOSED'},{'ROAD_CLOSED_EVENT'},572,{1},6.0
2e68e64d,2e68e64dc,2020-09-18,21,{'ROAD_CLOSED'},{'ROAD_CLOSED_EVENT'},120,{1},6.0
2e68e64d,2e68e64dc,2020-09-19,6,{'ROAD_CLOSED'},{'ROAD_CLOSED_EVENT'},1,{1},6.0
2e68e64d,2e68e64dc,2020-09-19,9,{'ROAD_CLOSED'},{'ROAD_CLOSED_EVENT'},574,{1},6.0
2e68e64d,2e68e64dc,2020-09-19,21,{'ROAD_CLOSED'},{'ROAD_CLOSED_EVENT'},124,{1},6.0
2e68e64d,2e68e64dc,2020-09-20,9,{'ROAD_CLOSED'},{'ROAD_CLOSED_EVENT'},569,{1},6.0
2e68e64d,2e68e64dc,2020-09-20,21,{'ROAD_CLOSED'},{'ROAD_CLOSED_EVENT'},122,{1},6.0
2e68e64d,2e68e64dc,2020-09-21,6,{'ROAD_CLOSED'},{'ROAD_CLOSED_EVENT'},2,{1},6.0
2e68e64d,2e68e64dc,2020-09-21,9,{'ROAD_CLOSED'},{'ROAD_CLOSED_EVENT'},569,{1},6.0
2e68e64d,2e68e64dc,2020-09-21,21,{'ROAD_CLOSED'},{'ROAD_CLOSED_EVENT'},121,{1},6.0
2e68e64d,2e68e64dc,2020-09-22,9,{'ROAD_CLOSED'},{'ROAD_CLOSED_EVENT'},571,{1},6.0
2e68e64d,2e68e64dc,2020-09-22,21,{'ROAD_CLOSED'},{'ROAD_CLOSED_EVENT'},124,{1},6.0
2e68e64d,2e68e64dc,2020-09-23,9,{'ROAD_CLOSED'},{'ROAD_CLOSED_EVENT'},570,{1},6.0
2e68e64d,2e68e64dc,2020-09-23,11,{'ROAD_CLOSED'},{'ROAD_CLOSED_EVENT'},1,{1},6.0
2e68e64d,2e68e64dc,2020-09-23,21,{'ROAD_CLOSED'},{'ROAD_CLOSED_EVENT'},123,{1},6.0
2e68e64d,2e68e64dc,2020-09-24,9,{'ROAD_CLOSED'},{'ROAD_CLOSED_EVENT'},575,{1},6.0
2e68e64d,2e68e64dc,2020-09-24,21,{'ROAD_CLOSED'},{'ROAD_CLOSED_EVENT'},121,{1},6.0
2e68e64d,2e68e64dc,2020-09-25,9,{'ROAD_CLOSED'},{'ROAD_CLOSED_EVENT'},572,{1},6.0
2e68e64d,2e68e64dc,2020-09-25,11,{'ROAD_CLOSED'},{'ROAD_CLOSED_EVENT'},2,{1},6.0
2e68e64d,2e68e64dc,2020-09-25,21,{'ROAD_CLOSED'},{'ROAD_CLOSED_EVENT'},122,{1},6.0
2e68e64d,2e68e64dc,2020-09-26,11,{'ROAD_CLOSED'},{'ROAD_CLOSED_EVENT'},1,{1},6.0
2e68e64d,2e68e64dc,2020-09-26,21,{'ROAD_CLOSED'},{'ROAD_CLOSED_EVENT'},108,{1},6.0
2e68e64d,2e68e64dc,2020-09-27,21,{'ROAD_CLOSED'},{'ROAD_CLOSED_EVENT'},121,{1},6.0
2e68e64d,2e68e64dc,2020-09-28,9,{'ROAD_CLOSED'},{'ROAD_CLOSED_EVENT'},542,{1},6.0
2e68e64d,2e68e64dc,2020-09-28,21,{'ROAD_CLOSED'},{'ROAD_CLOSED_EVENT'},123,{1},6.0
2e68e64d,2e68e64dc,2020-09-29,9,{'ROAD_CLOSED'},{'ROAD_CLOSED_EVENT'},541,{1},6.0
2e68e64d,2e68e64dc,2020-09-29,11,{'ROAD_CLOSED'},{'ROAD_CLOSED_EVENT'},1,{1},6.0
2e68e64d,2e68e64dc,2020-09-29,21,{'ROAD_CLOSED'},{'ROAD_CLOSED_EVENT'},123,{1},6.0
2e68e64d,2e68e64dc,2020-09-30,9,{'ROAD_CLOSED'},{'ROAD_CLOSED_EVENT'},541,{1},6.0
2e68e64d,2e68e64dc,2020-09-30,21,{'ROAD_CLOSED'},{'ROAD_CLOSED_EVENT'},120,{1},6.0
2e68e64d,2e68e64dc,2020-10-01,9,{'ROAD_CLOSED'},{'ROAD_CLOSED_EVENT'},540,{1},6.0
2e68e64d,2e68e64dc,2020-10-02,6,{'ROAD_CLOSED'},{'ROAD_CLOSED_EVENT'},1,{1},6.0
2e68e64d,2e68e64dc,2020-10-02,9,{'ROAD_CLOSED'},{'ROAD_CLOSED_EVENT'},540,{1},6.0
2e68e64d,2e68e64dc,2020-10-03,9,{'ROAD_CLOSED'},{'ROAD_CLOSED_EVENT'},542,{1},6.0
2e68e64d,2e68e64dc,2020-10-04,9,{'ROAD_CLOSED'},{'ROAD_CLOSED_EVENT'},538,{1},6.0
2e68e64d,2e68e64dc,2020-10-04,12,{'JAM'},{'JAM_STAND_STILL_TRAFFIC'},30,{1},5.0
2e68e64d,2e68e64dc,2020-10-05,9,{'ROAD_CLOSED'},{'ROAD_CLOSED_EVENT'},540,{1},6.0
2e68e64d,2e68e64dc,2020-10-06,9,{'ROAD_CLOSED'},{'ROAD_CLOSED_EVENT'},538,{1},6.0
2e68e64d,2e68e64dc,2020-10-06,16,{'JAM'},{'JAM_STAND_STILL_TRAFFIC'},42,{6},8.0
2e68e64d,2e68e64dc,2020-10-07,6,{'ROAD_CLOSED'},{'ROAD_CLOSED_EVENT'},1,{1},6.0
2e68e64d,2e68e64dc,2020-10-07,9,{'ROAD_CLOSED'},{'ROAD_CLOSED_EVENT'},537,{1},6.0
2e68e64d,2e68e64dc,2020-10-07,14,"{'JAM', 'ACCIDENT'}","{'JAM_STAND_STILL_TRAFFIC', 'ACCIDENT'}",65,"{6, 7}",6.553846153846154
2e68e64d,2e68e64dc,2020-10-08,9,{'ROAD_CLOSED'},{'ROAD_CLOSED_EVENT'},2,{1},6.0
2e68e64d,2e68e64dc,2020-10-08,13,{'ROAD_CLOSED'},{'ROAD_CLOSED_EVENT'},2314,"{1, 2}",6.1923076923076925
2e68e64d,2e68e64dc,2020-10-08,14,{'ROAD_CLOSED'},{'ROAD_CLOSED_EVENT'},151,{6},6.0
2e68e64d,2e68e64dc,2020-10-08,15,{'ROAD_CLOSED'},{'ROAD_CLOSED_EVENT'},90,"{6, 7}",6.0
2e68e64d,2e68e64dc,2020-10-08,21,{'ROAD_CLOSED'},{'ROAD_CLOSED_EVENT'},540,{1},6.0
2e68e64d,2e68e64dc,2020-10-09,9,{'ROAD_CLOSED'},{'ROAD_CLOSED_EVENT'},538,{1},6.0
2e68e64d,2e68e64dc,2020-10-10,9,{'ROAD_CLOSED'},{'ROAD_CLOSED_EVENT'},538,{1},6.0
2e68e64d,2e68e64dc,2020-10-10,21,{'JAM'},{'JAM_STAND_STILL_TRAFFIC'},31,{1},5.0
2e68e64d,2e68e64dc,2020-10-12,13,{'JAM'},{'JAM_STAND_STILL_TRAFFIC'},41,{6},7.195121951219512
2e68e64d,2e68e64dc,2020-10-12,16,{'WEATHERHAZARD'},{'HAZARD_WEATHER_HAIL'},31,{1},5.0
2e68e64d,2e68e64dc,2020-10-13,8,{'JAM'},{'JAM_HEAVY_TRAFFIC'},8,{6},5.0
2e68e64d,2e68e64dc,2020-10-14,17,{'WEATHERHAZARD'},{'HAZARD_ON_SHOULDER_CAR_STOPPED'},9,{6},5.555555555555555
2e68e64d,2e68e64dc,2020-10-17,20,{'JAM'},"{'JAM_STAND_STILL_TRAFFIC', 'JAM_HEAVY_TRAFFIC'}",64,"{1, 6}",5.5
2e68e64d,2e68e64dc,2020-10-17,21,{'JAM'},{'JAM_STAND_STILL_TRAFFIC'},77,{6},5.714285714285714
2e68e64d,2e68e64dc,2020-10-17,22,{'JAM'},{'JAM_HEAVY_TRAFFIC'},33,{6},5.696969696969697
2e68e64d,2e68e64dc,2020-10-19,10,{'ROAD_CLOSED'},{'ROAD_CLOSED_EVENT'},482,{1},6.0
2e68e64d,2e68e64dc,2020-10-20,10,{'ROAD_CLOSED'},{'ROAD_CLOSED_EVENT'},482,{1},6.0
2e68e64d,2e68e64dc,2020-10-20,15,{'WEATHERHAZARD'},{'HAZARD_ON_ROAD_POT_HOLE'},40,{1},6.175
2e68e64d,2e68e64dc,2020-10-21,10,{'ROAD_CLOSED'},{'ROAD_CLOSED_EVENT'},476,{1},6.0
2e68e64d,2e68e64dc,2020-10-22,10,{'ROAD_CLOSED'},{'ROAD_CLOSED_EVENT'},483,{1},6.995859213250518
2e68e64d,2e68e64dc,2020-10-23,10,{'ROAD_CLOSED'},{'ROAD_CLOSED_EVENT'},482,{1},6.0
2e68e64d,2e68e64dc,2020-10-24,10,{'ROAD_CLOSED'},{'ROAD_CLOSED_EVENT'},480,{1},6.0
2e68e64d,2e68e64dc,2020-10-25,10,{'ROAD_CLOSED'},{'ROAD_CLOSED_EVENT'},483,{1},6.0
2e68e64d,2e68e64dc,2020-10-26,10,{'ROAD_CLOSED'},{'ROAD_CLOSED_EVENT'},483,{1},6.0
2e68e64d,2e68e64dc,2020-10-26,13,{'JAM'},{'JAM_MODERATE_TRAFFIC'},36,{6},5.0
2e68e64d,2e68e64dc,2020-10-27,10,{'ROAD_CLOSED'},{'ROAD_CLOSED_EVENT'},485,{1},6.0
2e68e64d,2e68e64dc,2020-10-28,10,{'ROAD_CLOSED'},{'ROAD_CLOSED_EVENT'},482,{1},6.0
2e68e64d,2e68e64dc,2020-10-28,16,{'JAM'},{'JAM'},30,{6},5.0
2e68e64d,2e68e64dc,2020-10-29,10,{'ROAD_CLOSED'},{'ROAD_CLOSED_EVENT'},482,{1},6.0
2e68e64d,2e68e64dc,2020-10-29,14,{'JAM'},"{'JAM_STAND_STILL_TRAFFIC', 'JAM_MODERATE_TRAFFIC'}",68,{6},5.220588235294118
2e68e64d,2e68e64dc,2020-10-29,16,{'JAM'},{'JAM_HEAVY_TRAFFIC'},26,{6},5.653846153846154
2e68e64d,2e68e64dc,2020-10-30,10,{'ROAD_CLOSED'},{'ROAD_CLOSED_EVENT'},482,{1},6.0
2e68e64d,2e68e64dc,2020-10-30,13,{'JAM'},{'JAM_HEAVY_TRAFFIC'},30,{6},6.933333333333334
2e68e64d,2e68e64dc,2020-10-30,15,{'JAM'},"{'JAM_STAND_STILL_TRAFFIC', 'JAM_HEAVY_TRAFFIC'}",73,{6},6.616438356164384
2e68e64d,2e68e64dc,2020-10-30,16,{'JAM'},{'JAM_HEAVY_TRAFFIC'},28,{6},5.0
2e68e64d,2e68e64dc,2020-10-31,10,{'ROAD_CLOSED'},{'ROAD_CLOSED_EVENT'},483,{1},6.0
2e68e64d,2e68e64dc,2020-10-31,13,{'JAM'},{'JAM_MODERATE_TRAFFIC'},5,{1},5.0
2e68e64d,2e68e64dc,2020-10-31,16,{'JAM'},{'JAM_HEAVY_TRAFFIC'},36,{6},5.388888888888889
2e68e64d,2e68e64dc,2020-10-31,17,{'JAM'},{'JAM_MODERATE_TRAFFIC'},30,{6},5.0
2e68e64d,2e68e64dc,2020-11-01,10,{'JAM'},"{'JAM', 'JAM_HEAVY_TRAFFIC'}",147,{6},5.755102040816326
2e68e64d,2e68e64dc,2020-11-01,11,{'JAM'},{'JAM_STAND_STILL_TRAFFIC'},39,{6},6.358974358974359
2e68e64d,2e68e64dc,2020-11-07,18,{'JAM'},{'JAM_STAND_STILL_TRAFFIC'},20,{1},5.7
2e68e64d,2e68e64dc,2020-11-07,20,{'JAM'},{'JAM'},30,{6},5.0
2e68e64d,2e68e64dc,2020-11-08,9,{'JAM'},{'JAM_HEAVY_TRAFFIC'},31,{6},5.0
2e68e64d,2e68e64dc,2020-11-14,14,{'JAM'},{'JAM_STAND_STILL_TRAFFIC'},35,{6},8.82857142857143
2e68e64d,2e68e64dc,2020-11-15,9,{'JAM'},{'JAM_MODERATE_TRAFFIC'},30,{6},5.0
2e68e64d,2e68e64dc,2020-11-15,14,{'JAM'},{'JAM_HEAVY_TRAFFIC'},30,{6},5.0
2e68e64d,2e68e64dc,2020-11-18,15,{'JAM'},{'JAM_STAND_STILL_TRAFFIC'},9,{6},5.888888888888889
2e68e64d,2e68e64dc,2020-11-19,10,{'JAM'},{'JAM'},5,{7},5.0
2e68e64d,2e68e64dc,2020-11-20,18,{'JAM'},{'JAM_MODERATE_TRAFFIC'},31,{6},5.0
2e68e64f,2e68e64e4,2020-09-01,9,{'ROAD_CLOSED'},{'ROAD_CLOSED_EVENT'},540,{7},6.0
2e68e64f,2e68e64e4,2020-09-01,11,{'WEATHERHAZARD'},{'HAZARD_ON_ROAD_CONSTRUCTION'},21,{6},5.904761904761905
2e68e64f,2e68e64e4,2020-09-01,17,{'JAM'},{'JAM_STAND_STILL_TRAFFIC'},43,{7},5.0
2e68e64f,2e68e64e4,2020-09-02,9,{'ROAD_CLOSED'},{'ROAD_CLOSED_EVENT'},541,{7},6.0
2e68e64f,2e68e64e4,2020-09-03,9,{'ROAD_CLOSED'},{'ROAD_CLOSED_EVENT'},540,{7},6.0
2e68e64f,2e68e64e4,2020-09-03,10,{'JAM'},{'JAM_HEAVY_TRAFFIC'},33,{7},5.303030303030303
2e68e64f,2e68e64e4,2020-09-03,14,{'JAM'},{'JAM_HEAVY_TRAFFIC'},35,{7},5.0
2e68e64f,2e68e64e4,2020-09-04,9,{'ROAD_CLOSED'},{'ROAD_CLOSED_EVENT'},538,{7},6.0
2e68e64f,2e68e64e4,2020-09-05,9,{'ROAD_CLOSED'},{'ROAD_CLOSED_EVENT'},540,{7},6.0
2e68e64f,2e68e64e4,2020-09-05,14,{'JAM'},{'JAM'},7,{7},5.0
2e68e64f,2e68e64e4,2020-09-05,16,{'JAM'},{'JAM_STAND_STILL_TRAFFIC'},31,{7},8.0
2e68e64f,2e68e64e4,2020-09-05,17,{'JAM'},{'JAM_HEAVY_TRAFFIC'},45,{7},5.355555555555555
2e68e64f,2e68e64e4,2020-09-05,21,{'JAM'},"{'JAM_STAND_STILL_TRAFFIC', 'JAM_HEAVY_TRAFFIC'}",64,"{2, 7}",5.0
2e68e64f,2e68e64e4,2020-09-06,9,{'ROAD_CLOSED'},{'ROAD_CLOSED_EVENT'},76,{7},6.0
2e68e64f,2e68e64e4,2020-09-06,12,{'JAM'},{'JAM'},32,{7},5.0
2e68e64f,2e68e64e4,2020-09-06,15,{'JAM'},{'JAM'},17,{7},5.0
2e68e64f,2e68e64e4,2020-09-07,9,{'ROAD_CLOSED'},{'ROAD_CLOSED_EVENT'},539,{7},6.0
2e68e64f,2e68e64e4,2020-09-07,12,{'JAM'},{'JAM_MODERATE_TRAFFIC'},35,{7},5.0
2e68e64f,2e68e64e4,2020-09-08,9,{'ROAD_CLOSED'},{'ROAD_CLOSED_EVENT'},541,{7},6.0
2e68e64f,2e68e64e4,2020-09-09,6,{'ROAD_CLOSED'},{'ROAD_CLOSED_EVENT'},1,{7},6.0
2e68e64f,2e68e64e4,2020-09-09,9,{'ROAD_CLOSED'},{'ROAD_CLOSED_EVENT'},3,{7},6.0
2e68e64f,2e68e64e4,2020-09-09,17,{'ROAD_CLOSED'},{'ROAD_CLOSED_EVENT'},28,{7},6.0
2e68e64f,2e68e64e4,2020-09-09,21,{'ROAD_CLOSED'},{'ROAD_CLOSED_EVENT'},1,{7},6.0
2e68e64f,2e68e64e4,2020-09-09,22,{'ROAD_CLOSED'},{'ROAD_CLOSED_EVENT'},478,{7},6.0
2e68e64f,2e68e64e4,2020-09-10,9,{'ROAD_CLOSED'},{'ROAD_CLOSED_EVENT'},33,{7},6.0
2e68e64f,2e68e64e4,2020-09-10,14,{'JAM'},{'JAM_HEAVY_TRAFFIC'},36,{7},5.194444444444445
2e68e64f,2e68e64e4,2020-09-10,22,{'ROAD_CLOSED'},{'ROAD_CLOSED_EVENT'},478,{7},6.0
2e68e64f,2e68e64e4,2020-09-11,9,{'ROAD_CLOSED'},{'ROAD_CLOSED_EVENT'},32,{7},6.0
2e68e64f,2e68e64e4,2020-09-11,22,{'ROAD_CLOSED'},{'ROAD_CLOSED_EVENT'},479,{7},6.0
2e68e64f,2e68e64e4,2020-09-12,6,{'ROAD_CLOSED'},{'ROAD_CLOSED_EVENT'},1,{7},6.0
2e68e64f,2e68e64e4,2020-09-12,9,{'ROAD_CLOSED'},{'ROAD_CLOSED_EVENT'},32,{7},6.0
2e68e64f,2e68e64e4,2020-09-12,16,{'JAM'},{'JAM'},5,{6},5.0
2e68e64f,2e68e64e4,2020-09-12,17,{'JAM'},{'JAM_STAND_STILL_TRAFFIC'},34,{7},7.470588235294118
2e68e64f,2e68e64e4,2020-09-12,19,{'JAM'},{'JAM_STAND_STILL_TRAFFIC'},31,{7},5.967741935483871
2e68e64f,2e68e64e4,2020-09-12,20,{'WEATHERHAZARD'},{'HAZARD_ON_ROAD_ROAD_KILL'},32,{7},7.125
2e68e64f,2e68e64e4,2020-09-13,0,{'ROAD_CLOSED'},{'ROAD_CLOSED_EVENT'},358,{7},6.0
2e68e64f,2e68e64e4,2020-09-13,6,{'ROAD_CLOSED'},{'ROAD_CLOSED_EVENT'},1,{7},6.0
2e68e64f,2e68e64e4,2020-09-13,9,{'ROAD_CLOSED'},{'ROAD_CLOSED_EVENT'},571,{7},6.0
2e68e64f,2e68e64e4,2020-09-13,15,{'JAM'},{'JAM_MODERATE_TRAFFIC'},5,{7},5.0
2e68e64f,2e68e64e4,2020-09-14,9,{'ROAD_CLOSED'},{'ROAD_CLOSED_EVENT'},572,{7},6.0
2e68e64f,2e68e64e4,2020-09-15,6,{'ROAD_CLOSED'},{'ROAD_CLOSED_EVENT'},1,{7},6.0
2e68e64f,2e68e64e4,2020-09-15,9,{'ROAD_CLOSED'},{'ROAD_CLOSED_EVENT'},569,{7},6.0
2e68e64f,2e68e64e4,2020-09-16,9,{'ROAD_CLOSED'},{'ROAD_CLOSED_EVENT'},571,{7},6.0
2e68e64f,2e68e64e4,2020-09-16,20,{'JAM'},{'JAM_STAND_STILL_TRAFFIC'},15,{7},5.0
2e68e64f,2e68e64e4,2020-09-17,9,{'ROAD_CLOSED'},{'ROAD_CLOSED_EVENT'},395,{7},6.0
2e68e64f,2e68e64e4,2020-09-18,9,{'ROAD_CLOSED'},{'ROAD_CLOSED_EVENT'},571,{7},6.0
2e68e64f,2e68e64e4,2020-09-19,9,{'ROAD_CLOSED'},{'ROAD_CLOSED_EVENT'},574,{7},6.0
2e68e64f,2e68e64e4,2020-09-20,9,{'ROAD_CLOSED'},{'ROAD_CLOSED_EVENT'},572,{7},6.0
2e68e64f,2e68e64e4,2020-09-21,9,{'ROAD_CLOSED'},{'ROAD_CLOSED_EVENT'},572,{7},6.0
2e68e64f,2e68e64e4,2020-09-21,12,{'JAM'},{'JAM'},6,{6},5.0
2e68e64f,2e68e64e4,2020-09-22,9,{'ROAD_CLOSED'},{'ROAD_CLOSED_EVENT'},573,{7},6.0
2e68e64f,2e68e64e4,2020-09-23,9,{'ROAD_CLOSED'},{'ROAD_CLOSED_EVENT'},570,{7},6.0
2e68e64f,2e68e64e4,2020-09-24,9,{'ROAD_CLOSED'},{'ROAD_CLOSED_EVENT'},574,{7},6.0
2e68e64f,2e68e64e4,2020-09-25,9,{'ROAD_CLOSED'},{'ROAD_CLOSED_EVENT'},571,{7},6.0
2e68e64f,2e68e64e4,2020-09-27,17,{'ACCIDENT'},{'ACCIDENT_MINOR'},54,{6},6.388888888888889
2e68e64f,2e68e64e4,2020-09-28,9,{'ROAD_CLOSED'},{'ROAD_CLOSED_EVENT'},542,{7},6.0
2e68e64f,2e68e64e4,2020-09-29,9,{'ROAD_CLOSED'},{'ROAD_CLOSED_EVENT'},541,{7},6.0
2e68e64f,2e68e64e4,2020-09-29,12,{'JAM'},{'JAM_HEAVY_TRAFFIC'},34,{7},6.264705882352941
2e68e64f,2e68e64e4,2020-09-29,19,{'JAM'},{'JAM'},22,{6},5.0
2e68e64f,2e68e64e4,2020-09-30,9,{'ROAD_CLOSED'},{'ROAD_CLOSED_EVENT'},539,{7},6.0
2e68e64f,2e68e64e4,2020-09-30,13,{'JAM'},{'JAM_MODERATE_TRAFFIC'},6,{7},5.0
2e68e64f,2e68e64e4,2020-09-30,19,{'JAM'},{'JAM_HEAVY_TRAFFIC'},22,{7},5.0
2e68e64f,2e68e64e4,2020-10-01,6,{'ROAD_CLOSED'},{'ROAD_CLOSED_EVENT'},2,{7},6.0
2e68e64f,2e68e64e4,2020-10-01,9,{'ROAD_CLOSED'},{'ROAD_CLOSED_EVENT'},540,{7},6.0
2e68e64f,2e68e64e4,2020-10-02,9,{'ROAD_CLOSED'},{'ROAD_CLOSED_EVENT'},540,{7},6.0
2e68e64f,2e68e64e4,2020-10-02,15,{'JAM'},{'JAM_STAND_STILL_TRAFFIC'},28,{7},5.0
2e68e64f,2e68e64e4,2020-10-03,9,{'ROAD_CLOSED'},{'ROAD_CLOSED_EVENT'},541,{7},6.0
2e68e64f,2e68e64e4,2020-10-03,15,{'JAM'},{'JAM_MODERATE_TRAFFIC'},10,{6},5.0
2e68e64f,2e68e64e4,2020-10-03,16,{'JAM'},{'JAM_STAND_STILL_TRAFFIC'},7,{7},5.0
2e68e64f,2e68e64e4,2020-10-03,21,{'JAM'},{'JAM_STAND_STILL_TRAFFIC'},32,{7},5.0
2e68e64f,2e68e64e4,2020-10-04,9,{'ROAD_CLOSED'},{'ROAD_CLOSED_EVENT'},538,{7},6.0
2e68e64f,2e68e64e4,2020-10-04,13,{'JAM'},"{'JAM_STAND_STILL_TRAFFIC', 'JAM_MODERATE_TRAFFIC', 'JAM_HEAVY_TRAFFIC'}",40,{7},7.225
2e68e64f,2e68e64e4,2020-10-05,9,{'ROAD_CLOSED'},{'ROAD_CLOSED_EVENT'},540,{7},6.0
2e68e64f,2e68e64e4,2020-10-06,9,{'ROAD_CLOSED'},{'ROAD_CLOSED_EVENT'},539,{7},6.0
2e68e64f,2e68e64e4,2020-10-06,15,{'JAM'},{'JAM_STAND_STILL_TRAFFIC'},7,{7},5.0
2e68e64f,2e68e64e4,2020-10-07,6,{'ROAD_CLOSED'},{'ROAD_CLOSED_EVENT'},2,{7},6.0
2e68e64f,2e68e64e4,2020-10-07,9,{'ROAD_CLOSED'},{'ROAD_CLOSED_EVENT'},537,{7},6.0
2e68e64f,2e68e64e4,2020-10-07,17,{'JAM'},{'JAM_STAND_STILL_TRAFFIC'},7,{7},5.0
2e68e64f,2e68e64e4,2020-10-07,18,{'ROAD_CLOSED'},{'ROAD_CLOSED_EVENT'},320,{7},6.565625
2e68e64f,2e68e64e4,2020-10-08,9,{'ROAD_CLOSED'},{'ROAD_CLOSED_EVENT'},543,{7},6.0
2e68e64f,2e68e64e4,2020-10-08,13,{'JAM'},"{'JAM_STAND_STILL_TRAFFIC', 'JAM_HEAVY_TRAFFIC'}",45,"{6, 7}",5.0
2e68e64f,2e68e64e4,2020-10-08,14,{'ROAD_CLOSED'},{'ROAD_CLOSED_EVENT'},71,{7},6.0
2e68e64f,2e68e64e4,2020-10-08,15,{'ROAD_CLOSED'},{'ROAD_CLOSED_EVENT'},57,{7},6.0
2e68e64f,2e68e64e4,2020-10-08,16,{'ROAD_CLOSED'},{'ROAD_CLOSED_EVENT'},1,{7},6.0
2e68e64f,2e68e64e4,2020-10-09,9,{'ROAD_CLOSED'},{'ROAD_CLOSED_EVENT'},538,{7},6.0
2e68e64f,2e68e64e4,2020-10-10,9,{'ROAD_CLOSED'},{'ROAD_CLOSED_EVENT'},539,{7},6.0
2e68e64f,2e68e64e4,2020-10-10,10,{'JAM'},{'JAM_STAND_STILL_TRAFFIC'},51,{7},5.352941176470588
2e68e64f,2e68e64e4,2020-10-10,13,{'JAM'},{'JAM'},10,{6},5.0
2e68e64f,2e68e64e4,2020-10-10,15,{'JAM'},{'JAM_STAND_STILL_TRAFFIC'},44,{7},7.7727272727272725
2e68e64f,2e68e64e4,2020-10-10,17,{'JAM'},{'JAM_HEAVY_TRAFFIC'},15,{7},5.0
2e68e64f,2e68e64e4,2020-10-11,13,{'JAM'},{'JAM_MODERATE_TRAFFIC'},5,{7},5.0
2e68e64f,2e68e64e4,2020-10-11,14,{'JAM'},{'JAM_HEAVY_TRAFFIC'},15,{7},6.0
2e68e64f,2e68e64e4,2020-10-14,17,{'JAM'},{'JAM'},7,{6},5.0
2e68e64f,2e68e64e4,2020-10-17,20,{'JAM'},{'JAM_STAND_STILL_TRAFFIC'},36,{6},7.694444444444445
2e68e64f,2e68e64e4,2020-10-18,13,{'JAM'},{'JAM_HEAVY_TRAFFIC'},5,{7},5.0
2e68e64f,2e68e64e4,2020-10-19,10,{'ROAD_CLOSED'},{'ROAD_CLOSED_EVENT'},482,{7},6.0
2e68e64f,2e68e64e4,2020-10-20,10,{'ROAD_CLOSED'},{'ROAD_CLOSED_EVENT'},482,{7},6.0
2e68e64f,2e68e64e4,2020-10-21,10,{'ROAD_CLOSED'},{'ROAD_CLOSED_EVENT'},476,{7},6.0
2e68e64f,2e68e64e4,2020-10-22,10,{'ROAD_CLOSED'},{'ROAD_CLOSED_EVENT'},483,{7},6.995859213250518
2e68e64f,2e68e64e4,2020-10-23,10,{'ROAD_CLOSED'},{'ROAD_CLOSED_EVENT'},482,{7},6.0
2e68e64f,2e68e64e4,2020-10-23,17,{'JAM'},{'JAM_MODERATE_TRAFFIC'},37,{7},5.45945945945946
2e68e64f,2e68e64e4,2020-10-24,6,{'ROAD_CLOSED'},{'ROAD_CLOSED_EVENT'},1,{7},6.0
2e68e64f,2e68e64e4,2020-10-24,10,{'ROAD_CLOSED'},{'ROAD_CLOSED_EVENT'},480,{7},6.0
2e68e64f,2e68e64e4,2020-10-24,13,{'JAM'},{'JAM_HEAVY_TRAFFIC'},6,{6},5.0
2e68e64f,2e68e64e4,2020-10-24,15,{'JAM'},{'JAM_HEAVY_TRAFFIC'},23,{6},5.565217391304348
2e68e64f,2e68e64e4,2020-10-25,10,{'ROAD_CLOSED'},{'ROAD_CLOSED_EVENT'},483,{7},6.0
2e68e64f,2e68e64e4,2020-10-25,12,{'JAM'},{'JAM_HEAVY_TRAFFIC'},6,{7},5.0
2e68e64f,2e68e64e4,2020-10-25,13,{'JAM'},{'JAM_HEAVY_TRAFFIC'},8,{7},6.375
2e68e64f,2e68e64e4,2020-10-26,10,{'ROAD_CLOSED'},{'ROAD_CLOSED_EVENT'},485,{7},6.0
2e68e64f,2e68e64e4,2020-10-26,12,{'JAM'},{'JAM_STAND_STILL_TRAFFIC'},5,{7},5.0
2e68e64f,2e68e64e4,2020-10-27,10,{'ROAD_CLOSED'},{'ROAD_CLOSED_EVENT'},484,{7},6.0
2e68e64f,2e68e64e4,2020-10-27,13,{'JAM'},{'JAM_STAND_STILL_TRAFFIC'},33,{7},5.0
2e68e64f,2e68e64e4,2020-10-27,15,{'JAM'},{'JAM_HEAVY_TRAFFIC'},35,{6},6.2
2e68e64f,2e68e64e4,2020-10-28,10,{'ROAD_CLOSED'},{'ROAD_CLOSED_EVENT'},482,{7},6.0
2e68e64f,2e68e64e4,2020-10-28,14,{'JAM'},{'JAM_STAND_STILL_TRAFFIC'},28,{7},5.535714285714286
2e68e64f,2e68e64e4,2020-10-29,10,{'ROAD_CLOSED'},{'ROAD_CLOSED_EVENT'},482,{7},6.0
2e68e64f,2e68e64e4,2020-10-29,11,{'JAM'},"{'JAM_MODERATE_TRAFFIC', 'JAM_HEAVY_TRAFFIC'}",36,{7},5.111111111111111
2e68e64f,2e68e64e4,2020-10-29,13,{'JAM'},"{'JAM_MODERATE_TRAFFIC', 'JAM_HEAVY_TRAFFIC'}",16,{7},5.3125
2e68e64f,2e68e64e4,2020-10-29,14,{'JAM'},{'JAM'},5,{7},5.0
2e68e64f,2e68e64e4,2020-10-29,15,{'JAM'},{'JAM_STAND_STILL_TRAFFIC'},7,{7},5.0
2e68e64f,2e68e64e4,2020-10-30,10,"{'JAM', 'ROAD_CLOSED'}","{'JAM_STAND_STILL_TRAFFIC', 'ROAD_CLOSED_EVENT'}",500,{7},6.628
2e68e64f,2e68e64e4,2020-10-30,11,{'JAM'},"{'JAM_STAND_STILL_TRAFFIC', 'JAM_MODERATE_TRAFFIC'}",53,{7},5.39622641509434
2e68e64f,2e68e64e4,2020-10-30,12,{'JAM'},{'JAM_STAND_STILL_TRAFFIC'},51,{7},6.411764705882353
2e68e64f,2e68e64e4,2020-10-30,13,{'JAM'},{'JAM_STAND_STILL_TRAFFIC'},33,{7},5.0
2e68e64f,2e68e64e4,2020-10-30,15,{'JAM'},{'JAM_HEAVY_TRAFFIC'},52,"{6, 7}",5.596153846153846
2e68e64f,2e68e64e4,2020-10-30,16,{'JAM'},{'JAM_STAND_STILL_TRAFFIC'},33,{7},7.181818181818182
2e68e64f,2e68e64e4,2020-10-30,17,{'JAM'},{'JAM_HEAVY_TRAFFIC'},8,{6},6.125
2e68e64f,2e68e64e4,2020-10-30,19,{'JAM'},"{'JAM_STAND_STILL_TRAFFIC', 'JAM_MODERATE_TRAFFIC'}",54,{7},5.425925925925926
2e68e64f,2e68e64e4,2020-10-31,10,"{'JAM', 'ROAD_CLOSED'}","{'ROAD_CLOSED_EVENT', 'JAM_HEAVY_TRAFFIC'}",514,{7},5.974708171206226
2e68e64f,2e68e64e4,2020-10-31,12,{'JAM'},{'JAM_HEAVY_TRAFFIC'},23,{7},9.043478260869565
2e68e64f,2e68e64e4,2020-10-31,13,{'JAM'},{'JAM_HEAVY_TRAFFIC'},100,"{6, 7}",6.95
2e68e64f,2e68e64e4,2020-10-31,14,{'JAM'},{'JAM_STAND_STILL_TRAFFIC'},16,{7},5.0625
2e68e64f,2e68e64e4,2020-10-31,15,{'JAM'},{'JAM_STAND_STILL_TRAFFIC'},32,{7},5.0
2e68e64f,2e68e64e4,2020-10-31,19,{'JAM'},{'JAM_STAND_STILL_TRAFFIC'},30,{7},5.6
2e68e64f,2e68e64e4,2020-11-01,14,{'JAM'},{'JAM_STAND_STILL_TRAFFIC'},37,{7},5.45945945945946
2e68e64f,2e68e64e4,2020-11-03,16,{'JAM'},{'JAM_HEAVY_TRAFFIC'},31,{7},5.935483870967742
2e68e64f,2e68e64e4,2020-11-04,18,{'WEATHERHAZARD'},{'WEATHERHAZARD'},30,{7},6.666666666666667
2e68e64f,2e68e64e4,2020-11-06,14,{'JAM'},{'JAM_STAND_STILL_TRAFFIC'},5,{7},5.0
2e68e64f,2e68e64e4,2020-11-06,17,{'JAM'},{'JAM_HEAVY_TRAFFIC'},16,{7},7.75
2e68e64f,2e68e64e4,2020-11-07,14,{'JAM'},{'JAM_STAND_STILL_TRAFFIC'},5,{7},7.0
2e68e64f,2e68e64e4,2020-11-08,12,{'JAM'},{'JAM_STAND_STILL_TRAFFIC'},30,{7},5.666666666666667
2e68e64f,2e68e64e4,2020-11-10,15,{'JAM'},{'JAM_HEAVY_TRAFFIC'},8,{6},5.0
2e68e64f,2e68e64e4,2020-11-13,17,{'JAM'},{'JAM_STAND_STILL_TRAFFIC'},8,{7},5.0
2e68e64f,2e68e64e4,2020-11-13,18,{'JAM'},{'JAM_STAND_STILL_TRAFFIC'},17,{7},5.823529411764706
2e68e64f,2e68e64e4,2020-11-15,13,{'JAM'},{'JAM'},32,{7},5.0
2e68e64f,2e68e64e4,2020-11-16,13,{'JAM'},{'JAM_MODERATE_TRAFFIC'},31,{7},5.0
2e68e64f,2e68e64e4,2020-11-18,18,{'JAM'},{'JAM'},5,{6},5.0
2e68e64f,2e68e64e4,2020-11-19,12,{'JAM'},{'JAM_STAND_STILL_TRAFFIC'},25,{7},5.36
2e68e64f,2e68e64e4,2020-11-20,16,{'JAM'},{'JAM_HEAVY_TRAFFIC'},5,{7},5.0
2e68e64f,2e68e64e4,2020-11-22,11,{'JAM'},{'JAM_MODERATE_TRAFFIC'},6,{6},5.0
2e68e64f,2e68e64e4,2020-11-22,14,{'JAM'},{'JAM'},14,{6},5.0
2e68e64f,2e68e64ec,2020-09-05,21,{'JAM'},"{'JAM_STAND_STILL_TRAFFIC', 'JAM_HEAVY_TRAFFIC'}",74,"{1, 7}",5.756756756756757
2e68e64f,2e68e64ec,2020-09-07,13,{'JAM'},{'JAM_STAND_STILL_TRAFFIC'},9,{1},5.0
2e68e64f,2e68e64ec,2020-09-20,14,{'JAM'},{'JAM_STAND_STILL_TRAFFIC'},5,{7},5.0
2e68e64f,2e68e64ec,2020-10-06,16,{'JAM'},{'JAM_HEAVY_TRAFFIC'},41,{1},6.7317073170731705
2e68e64f,2e68e64ec,2020-10-07,18,{'ROAD_CLOSED'},{'ROAD_CLOSED_EVENT'},321,{7},6.56386292834891
2e68e64f,2e68e64ec,2020-10-08,13,{'ROAD_CLOSED'},{'ROAD_CLOSED_EVENT'},375,{1},6.256
2e68e64f,2e68e64ec,2020-10-08,15,{'ROAD_CLOSED'},{'ROAD_CLOSED_EVENT'},50,{7},6.0
2e68e64f,2e68e64ec,2020-10-10,15,{'JAM'},{'JAM_STAND_STILL_TRAFFIC'},36,{1},6.972222222222222
2e68e64f,2e68e64ec,2020-10-10,17,{'JAM'},{'JAM_STAND_STILL_TRAFFIC'},6,{1},5.0
2e68e64f,2e68e64ec,2020-10-10,21,{'JAM'},{'JAM_STAND_STILL_TRAFFIC'},31,{7},5.903225806451613
2e68e64f,2e68e64ec,2020-10-11,14,{'JAM'},{'JAM_HEAVY_TRAFFIC'},20,{7},5.0
2e68e64f,2e68e64ec,2020-10-11,15,{'JAM'},{'JAM_STAND_STILL_TRAFFIC'},6,{7},5.833333333333333
2e68e64f,2e68e64ec,2020-10-12,13,{'ROAD_CLOSED'},{'ROAD_CLOSED_EVENT'},247,{7},6.412955465587045
2e68e64f,2e68e64ec,2020-10-17,12,{'JAM'},{'JAM_HEAVY_TRAFFIC'},5,{7},5.0
2e68e64f,2e68e64ec,2020-10-22,18,{'JAM'},"{'JAM_MODERATE_TRAFFIC', 'JAM_HEAVY_TRAFFIC'}",52,{7},5.3076923076923075
2e68e64f,2e68e64ec,2020-10-25,14,{'JAM'},{'JAM_HEAVY_TRAFFIC'},30,{1},5.0
2e68e64f,2e68e64ec,2020-10-29,15,{'JAM'},{'JAM_STAND_STILL_TRAFFIC'},34,{7},5.4411764705882355
2e68e64f,2e68e64ec,2020-10-30,10,{'JAM'},{'JAM_STAND_STILL_TRAFFIC'},48,{7},5.291666666666667
2e68e64f,2e68e64ec,2020-10-30,15,{'JAM'},{'JAM_STAND_STILL_TRAFFIC'},6,{7},5.0
2e68e64f,2e68e64ec,2020-10-30,16,{'JAM'},{'JAM_STAND_STILL_TRAFFIC'},36,{1},5.444444444444445
2e68e64f,2e68e64ec,2020-10-30,21,{'JAM'},{'JAM_STAND_STILL_TRAFFIC'},31,{7},5.0
2e68e64f,2e68e64ec,2020-10-31,13,{'JAM'},{'JAM_STAND_STILL_TRAFFIC'},22,{7},5.181818181818182
2e68e64f,2e68e64ec,2020-11-08,7,{'WEATHERHAZARD'},{'WEATHERHAZARD'},31,{7},5.741935483870968
2e68e64f,2e68e64ec,2020-11-09,16,{'JAM'},{'JAM_STAND_STILL_TRAFFIC'},40,{1},5.45
2e68e64f,2e68e64ec,2020-11-13,9,{'WEATHERHAZARD'},{'WEATHERHAZARD'},34,{7},5.970588235294118
2e68e64f,2e68e64ec,2020-11-14,13,{'JAM'},{'JAM_HEAVY_TRAFFIC'},31,{7},5.516129032258065
2e68e64f,2e68e64ec,2020-11-19,12,{'JAM'},{'JAM_MODERATE_TRAFFIC'},17,{7},5.0
2e68e64f,2e68e64ec,2020-11-22,13,{'JAM'},"{'JAM_STAND_STILL_TRAFFIC', 'JAM_HEAVY_TRAFFIC'}",41,{7},6.097560975609756
2e68e64f,2e68e64ec,2020-11-22,18,{'JAM'},{'JAM_STAND_STILL_TRAFFIC'},33,{7},5.0
2e68e64f,2e68e64f4,2020-09-05,19,{'JAM'},{'JAM_STAND_STILL_TRAFFIC'},30,{7},5.0
2e68e64f,2e68e64f4,2020-09-12,20,{'JAM'},{'JAM_STAND_STILL_TRAFFIC'},39,{1},6.487179487179487
2e68e64f,2e68e64f4,2020-09-23,15,{'JAM'},{'JAM_HEAVY_TRAFFIC'},45,{1},5.333333333333333
2e68e64f,2e68e64f4,2020-10-02,15,{'JAM'},{'JAM_MODERATE_TRAFFIC'},6,{1},5.0
2e68e64f,2e68e64f4,2020-10-03,10,{'JAM'},{'JAM_MODERATE_TRAFFIC'},10,{7},5.0
2e68e64f,2e68e64f4,2020-10-03,15,{'JAM'},{'JAM_HEAVY_TRAFFIC'},11,{7},5.909090909090909
2e68e64f,2e68e64f4,2020-10-03,20,{'JAM'},{'JAM_HEAVY_TRAFFIC'},32,{1},5.0
2e68e64f,2e68e64f4,2020-10-04,11,{'JAM'},{'JAM'},30,{7},5.0
2e68e64f,2e68e64f4,2020-10-07,13,{'JAM'},{'JAM_STAND_STILL_TRAFFIC'},67,"{1, 2, 7}",5.223880597014926
2e68e64f,2e68e64f4,2020-10-07,14,{'JAM'},{'JAM_STAND_STILL_TRAFFIC'},30,{1},5.0
2e68e64f,2e68e64f4,2020-10-07,17,{'JAM'},{'JAM_STAND_STILL_TRAFFIC'},33,{7},5.0
2e68e64f,2e68e64f4,2020-10-07,18,{'ROAD_CLOSED'},{'ROAD_CLOSED_EVENT'},2586,"{2, 7}",6.069992266047951
2e68e64f,2e68e64f4,2020-10-08,0,{'ROAD_CLOSED'},{'ROAD_CLOSED_EVENT'},1,{7},6.0
2e68e64f,2e68e64f4,2020-10-08,14,{'ROAD_CLOSED'},{'ROAD_CLOSED_EVENT'},15,{7},6.0
2e68e64f,2e68e64f4,2020-10-08,15,{'ROAD_CLOSED'},{'ROAD_CLOSED_EVENT'},452,"{2, 7}",6.0
2e68e64f,2e68e64f4,2020-10-10,21,{'JAM'},{'JAM_STAND_STILL_TRAFFIC'},47,{7},5.361702127659575
2e68e64f,2e68e64f4,2020-10-11,15,{'JAM'},{'JAM_STAND_STILL_TRAFFIC'},22,{1},5.0
2e68e64f,2e68e64f4,2020-10-12,13,{'ROAD_CLOSED'},{'ROAD_CLOSED_EVENT'},1977,"{2, 7}",6.103692463328275
2e68e64f,2e68e64f4,2020-10-18,12,{'JAM'},{'JAM_HEAVY_TRAFFIC'},36,{7},6.138888888888889
2e68e64f,2e68e64f4,2020-10-22,21,{'JAM'},{'JAM'},5,{7},5.0
2e68e64f,2e68e64f4,2020-10-31,15,{'JAM'},{'JAM_HEAVY_TRAFFIC'},33,{7},6.303030303030303
2e68e64f,2e68e64f4,2020-11-03,10,{'JAM'},{'JAM_HEAVY_TRAFFIC'},30,{7},5.0
2e68e64f,2e68e64f4,2020-11-05,15,{'JAM'},{'JAM_HEAVY_TRAFFIC'},9,{7},5.0
2e68e64f,2e68e64f4,2020-11-08,1,{'JAM'},{'JAM_STAND_STILL_TRAFFIC'},31,{2},5.0
2e68e64f,2e68e64f4,2020-11-08,17,{'JAM'},{'JAM_MODERATE_TRAFFIC'},12,{7},5.0
2e68e64f,2e68e64f4,2020-11-11,18,{'JAM'},{'JAM'},13,{7},5.0
2e68e64f,2e68e64f4,2020-11-15,16,{'JAM'},{'JAM_STAND_STILL_TRAFFIC'},25,{7},6.16
2e68e64f,2e68e64f4,2020-11-18,10,{'WEATHERHAZARD'},{'WEATHERHAZARD'},31,{7},7.0
2e68e64f,2e68e64f4,2020-11-21,17,{'JAM'},{'JAM_MODERATE_TRAFFIC'},19,{7},5.0
2e68e64f,2e68e64fc,2020-09-05,14,{'JAM'},{'JAM_HEAVY_TRAFFIC'},6,{6},5.0
2e68e64f,2e68e64fc,2020-09-05,19,{'JAM'},{'JAM_STAND_STILL_TRAFFIC'},14,{6},5.0
2e68e64f,2e68e64fc,2020-09-05,20,{'JAM'},{'JAM_STAND_STILL_TRAFFIC'},29,{2},5.0
2e68e64f,2e68e64fc,2020-09-05,21,{'JAM'},{'JAM_STAND_STILL_TRAFFIC'},66,{2},5.984848484848484
2e68e64f,2e68e64fc,2020-09-12,21,{'JAM'},"{'JAM_STAND_STILL_TRAFFIC', 'JAM_HEAVY_TRAFFIC'}",33,{2},5.0
2e68e64f,2e68e64fc,2020-09-19,20,{'JAM'},{'JAM_STAND_STILL_TRAFFIC'},62,"{2, 7}",6.064516129032258
2e68e64f,2e68e64fc,2020-09-24,14,{'JAM'},{'JAM_HEAVY_TRAFFIC'},30,{2},5.0
2e68e64f,2e68e64fc,2020-09-24,15,{'JAM'},{'JAM_STAND_STILL_TRAFFIC'},38,{2},5.0
2e68e64f,2e68e64fc,2020-09-25,14,{'JAM'},{'JAM_STAND_STILL_TRAFFIC'},64,{2},5.0
2e68e64f,2e68e64fc,2020-09-25,15,{'JAM'},{'JAM_STAND_STILL_TRAFFIC'},45,{2},5.377777777777778
2e68e64f,2e68e64fc,2020-09-26,14,{'JAM'},{'JAM_HEAVY_TRAFFIC'},19,{2},5.0
2e68e64f,2e68e64fc,2020-09-26,16,{'JAM'},{'JAM_HEAVY_TRAFFIC'},61,{2},5.885245901639344
2e68e64f,2e68e64fc,2020-09-26,22,{'JAM'},"{'JAM_STAND_STILL_TRAFFIC', 'JAM_MODERATE_TRAFFIC', 'JAM_HEAVY_TRAFFIC'}",120,{2},5.0
2e68e64f,2e68e64fc,2020-09-28,15,{'JAM'},{'JAM_HEAVY_TRAFFIC'},62,{2},5.0
2e68e64f,2e68e64fc,2020-09-30,15,{'JAM'},{'JAM_HEAVY_TRAFFIC'},60,{2},5.0
2e68e64f,2e68e64fc,2020-10-02,15,{'JAM'},{'JAM'},22,{2},5.0
2e68e64f,2e68e64fc,2020-10-03,9,{'JAM'},{'JAM_HEAVY_TRAFFIC'},30,{2},5.0
2e68e64f,2e68e64fc,2020-10-03,14,{'JAM'},{'JAM_HEAVY_TRAFFIC'},5,{2},5.0
2e68e64f,2e68e64fc,2020-10-03,15,{'JAM'},{'JAM_HEAVY_TRAFFIC'},41,{2},8.268292682926829
2e68e64f,2e68e64fc,2020-10-03,20,{'JAM'},{'JAM_STAND_STILL_TRAFFIC'},32,{2},5.0
2e68e64f,2e68e64fc,2020-10-03,21,{'JAM'},{'JAM_STAND_STILL_TRAFFIC'},37,{6},5.324324324324325
2e68e64f,2e68e64fc,2020-10-04,15,{'JAM'},{'JAM_MODERATE_TRAFFIC'},5,{7},5.0
2e68e64f,2e68e64fc,2020-10-06,10,{'JAM'},{'JAM_STAND_STILL_TRAFFIC'},8,{6},5.875
2e68e64f,2e68e64fc,2020-10-06,16,{'JAM'},{'JAM_STAND_STILL_TRAFFIC'},9,{7},5.0
2e68e64f,2e68e64fc,2020-10-07,14,{'JAM'},{'JAM_STAND_STILL_TRAFFIC'},34,{2},5.382352941176471
2e68e64f,2e68e64fc,2020-10-08,13,{'JAM'},{'JAM_HEAVY_TRAFFIC'},13,{7},5.0
2e68e64f,2e68e64fc,2020-10-08,15,{'ROAD_CLOSED'},{'ROAD_CLOSED_EVENT'},50,{2},6.0
2e68e64f,2e68e64fc,2020-10-12,13,{'ROAD_CLOSED'},{'ROAD_CLOSED_EVENT'},247,{2},6.421052631578948
2e68e64f,2e68e64fc,2020-10-12,16,{'WEATHERHAZARD'},{'HAZARD_WEATHER_HAIL'},30,{7},6.1
2e68e64f,2e68e64fc,2020-10-13,16,{'JAM'},{'JAM_STAND_STILL_TRAFFIC'},7,{7},5.428571428571429
2e68e64f,2e68e64fc,2020-10-15,17,{'JAM'},{'JAM_HEAVY_TRAFFIC'},10,{2},5.9
2e68e64f,2e68e64fc,2020-10-17,21,{'JAM'},"{'JAM_STAND_STILL_TRAFFIC', 'JAM_MODERATE_TRAFFIC'}",43,"{6, 7}",6.1395348837209305
2e68e64f,2e68e64fc,2020-10-17,22,{'JAM'},{'JAM_STAND_STILL_TRAFFIC'},33,{2},6.757575757575758
2e68e64f,2e68e64fc,2020-10-19,16,{'JAM'},{'JAM_MODERATE_TRAFFIC'},6,{6},5.0
2e68e64f,2e68e64fc,2020-10-24,18,{'WEATHERHAZARD'},{'HAZARD_ON_ROAD_CONSTRUCTION'},20,{6},6.75
2e68e64f,2e68e64fc,2020-10-25,12,{'JAM'},{'JAM_STAND_STILL_TRAFFIC'},36,{7},7.333333333333333
2e68e64f,2e68e64fc,2020-10-25,15,{'JAM'},{'JAM_MODERATE_TRAFFIC'},5,{6},5.0
2e68e64f,2e68e64fc,2020-10-27,13,{'JAM'},{'JAM_MODERATE_TRAFFIC'},9,{6},5.0
2e68e64f,2e68e64fc,2020-10-27,14,{'JAM'},{'JAM_HEAVY_TRAFFIC'},29,{7},5.655172413793103
2e68e64f,2e68e64fc,2020-10-29,10,{'JAM'},{'JAM'},7,{6},5.0
2e68e64f,2e68e64fc,2020-10-29,12,{'JAM'},{'JAM_HEAVY_TRAFFIC'},7,{6},5.0
2e68e64f,2e68e64fc,2020-10-29,13,{'JAM'},{'JAM_HEAVY_TRAFFIC'},32,{1},5.90625
2e68e64f,2e68e64fc,2020-10-29,14,{'JAM'},{'JAM_STAND_STILL_TRAFFIC'},9,{1},6.111111111111111
2e68e64f,2e68e64fc,2020-10-30,8,{'JAM'},{'JAM'},5,{7},5.0
2e68e64f,2e68e64fc,2020-10-30,12,{'JAM'},{'JAM_STAND_STILL_TRAFFIC'},38,{7},7.2368421052631575
2e68e64f,2e68e64fc,2020-10-30,14,{'JAM'},"{'JAM_STAND_STILL_TRAFFIC', 'JAM_HEAVY_TRAFFIC'}",54,{7},6.333333333333333
2e68e64f,2e68e64fc,2020-10-30,17,{'JAM'},{'JAM_MODERATE_TRAFFIC'},31,{7},5.0
2e68e64f,2e68e64fc,2020-10-30,19,{'JAM'},{'JAM_STAND_STILL_TRAFFIC'},34,{7},5.0
2e68e64f,2e68e64fc,2020-10-31,10,{'JAM'},{'JAM_HEAVY_TRAFFIC'},42,{1},7.0476190476190474
2e68e64f,2e68e64fc,2020-10-31,11,{'JAM'},{'JAM_HEAVY_TRAFFIC'},5,{6},5.0
2e68e64f,2e68e64fc,2020-10-31,12,{'JAM'},{'JAM'},30,{7},5.0
2e68e64f,2e68e64fc,2020-10-31,13,{'JAM'},{'JAM_STAND_STILL_TRAFFIC'},8,{7},5.0
2e68e64f,2e68e64fc,2020-10-31,15,{'JAM'},{'JAM_STAND_STILL_TRAFFIC'},38,{7},6.2894736842105265
2e68e64f,2e68e64fc,2020-11-07,15,{'JAM'},{'JAM'},6,{6},5.0
2e68e64f,2e68e64fc,2020-11-07,19,{'JAM'},{'JAM'},6,{6},5.0
2e68e64f,2e68e64fc,2020-11-08,13,{'JAM'},{'JAM'},6,{6},5.0
2e68e64f,2e68e64fc,2020-11-14,12,{'JAM'},{'JAM_STAND_STILL_TRAFFIC'},7,{6},5.0
2e68e64f,2e68e64fc,2020-11-15,17,{'JAM'},{'JAM_HEAVY_TRAFFIC'},15,{7},5.0
2e68e64f,2e68e64fc,2020-11-16,17,{'JAM'},{'JAM_STAND_STILL_TRAFFIC'},5,{7},5.0
2e68e64f,2e68e64fc,2020-11-20,19,{'JAM'},{'JAM_MODERATE_TRAFFIC'},17,{7},5.0
2e68e64f,2e68e64fc,2020-11-21,12,{'JAM'},{'JAM_MODERATE_TRAFFIC'},6,{7},5.0
2e68e64f,2e68e64fc,2020-11-22,13,{'JAM'},{'JAM_STAND_STILL_TRAFFIC'},14,{7},9.0
2e68e651,2e68e6504,2020-11-20,21,{'JAM'},{'JAM'},33,{1},5.0
2e68e651,2e68e650c,2020-10-31,13,{'JAM'},{'JAM'},9,{1},5.0
2e68e651,2e68e6514,2020-09-01,9,{'ROAD_CLOSED'},{'ROAD_CLOSED_EVENT'},1620,{7},6.0
2e68e651,2e68e6514,2020-09-02,9,{'ROAD_CLOSED'},{'ROAD_CLOSED_EVENT'},1624,{7},6.0
2e68e651,2e68e6514,2020-09-03,9,{'ROAD_CLOSED'},{'ROAD_CLOSED_EVENT'},1620,{7},6.0
2e68e651,2e68e6514,2020-09-04,9,{'ROAD_CLOSED'},{'ROAD_CLOSED_EVENT'},1614,{7},6.0
2e68e651,2e68e6514,2020-09-05,9,{'ROAD_CLOSED'},{'ROAD_CLOSED_EVENT'},1622,{7},6.0
2e68e651,2e68e6514,2020-09-06,6,{'ROAD_CLOSED'},{'ROAD_CLOSED_EVENT'},2,{7},6.0
2e68e651,2e68e6514,2020-09-06,9,{'ROAD_CLOSED'},{'ROAD_CLOSED_EVENT'},228,{7},6.0
2e68e651,2e68e6514,2020-09-07,9,{'ROAD_CLOSED'},{'ROAD_CLOSED_EVENT'},1617,{7},6.0
2e68e651,2e68e6514,2020-09-08,6,{'ROAD_CLOSED'},{'ROAD_CLOSED_EVENT'},1,{7},6.0
2e68e651,2e68e6514,2020-09-08,9,{'ROAD_CLOSED'},{'ROAD_CLOSED_EVENT'},1623,{7},6.0
2e68e651,2e68e6514,2020-09-09,6,{'ROAD_CLOSED'},{'ROAD_CLOSED_EVENT'},1,{7},6.0
2e68e651,2e68e6514,2020-09-09,9,{'ROAD_CLOSED'},{'ROAD_CLOSED_EVENT'},8,{7},6.0
2e68e651,2e68e6514,2020-09-09,17,{'ROAD_CLOSED'},{'ROAD_CLOSED_EVENT'},85,{7},6.0
2e68e651,2e68e6514,2020-09-09,21,{'ROAD_CLOSED'},{'ROAD_CLOSED_EVENT'},1081,{7},6.0
2e68e651,2e68e6514,2020-09-09,22,{'ROAD_CLOSED'},{'ROAD_CLOSED_EVENT'},479,{7},6.0
2e68e651,2e68e6514,2020-09-10,9,{'ROAD_CLOSED'},{'ROAD_CLOSED_EVENT'},103,{7},6.0
2e68e651,2e68e6514,2020-09-10,21,{'ROAD_CLOSED'},{'ROAD_CLOSED_EVENT'},1080,{7},6.0
2e68e651,2e68e6514,2020-09-10,22,{'ROAD_CLOSED'},{'ROAD_CLOSED_EVENT'},478,{7},6.0
2e68e651,2e68e6514,2020-09-11,6,{'ROAD_CLOSED'},{'ROAD_CLOSED_EVENT'},1,{7},6.0
2e68e651,2e68e6514,2020-09-11,9,{'ROAD_CLOSED'},{'ROAD_CLOSED_EVENT'},95,{7},6.0
2e68e651,2e68e6514,2020-09-11,21,{'ROAD_CLOSED'},{'ROAD_CLOSED_EVENT'},539,{7},6.0
2e68e651,2e68e6514,2020-09-11,22,{'ROAD_CLOSED'},{'ROAD_CLOSED_EVENT'},960,{7},6.0
2e68e651,2e68e6514,2020-09-12,6,{'ROAD_CLOSED'},{'ROAD_CLOSED_EVENT'},1,{7},6.0
2e68e651,2e68e6514,2020-09-12,9,{'ROAD_CLOSED'},{'ROAD_CLOSED_EVENT'},96,{7},6.0
2e68e651,2e68e6514,2020-09-12,23,{'ROAD_CLOSED'},{'ROAD_CLOSED_EVENT'},824,{7},6.0
2e68e651,2e68e6514,2020-09-13,0,{'ROAD_CLOSED'},{'ROAD_CLOSED_EVENT'},358,{7},6.0
2e68e651,2e68e6514,2020-09-13,6,{'ROAD_CLOSED'},{'ROAD_CLOSED_EVENT'},7,{7},6.0
2e68e651,2e68e6514,2020-09-13,9,{'ROAD_CLOSED'},{'ROAD_CLOSED_EVENT'},1711,{7},6.0
2e68e651,2e68e6514,2020-09-14,9,{'ROAD_CLOSED'},{'ROAD_CLOSED_EVENT'},1715,{7},6.0
2e68e651,2e68e6514,2020-09-15,6,{'ROAD_CLOSED'},{'ROAD_CLOSED_EVENT'},2,{7},6.0
2e68e651,2e68e6514,2020-09-15,9,{'ROAD_CLOSED'},{'ROAD_CLOSED_EVENT'},1713,{7},6.0
2e68e651,2e68e6514,2020-09-16,9,{'ROAD_CLOSED'},{'ROAD_CLOSED_EVENT'},1713,{7},6.0
2e68e651,2e68e6514,2020-09-17,9,{'ROAD_CLOSED'},{'ROAD_CLOSED_EVENT'},1184,{7},6.0
2e68e651,2e68e6514,2020-09-18,9,{'ROAD_CLOSED'},{'ROAD_CLOSED_EVENT'},1713,{7},6.0
2e68e651,2e68e6514,2020-09-19,9,{'ROAD_CLOSED'},{'ROAD_CLOSED_EVENT'},1722,{7},6.0
2e68e651,2e68e6514,2020-09-20,9,{'ROAD_CLOSED'},{'ROAD_CLOSED_EVENT'},1707,{7},6.0
2e68e651,2e68e6514,2020-09-21,6,{'ROAD_CLOSED'},{'ROAD_CLOSED_EVENT'},2,{7},6.0
2e68e651,2e68e6514,2020-09-21,9,{'ROAD_CLOSED'},{'ROAD_CLOSED_EVENT'},1707,{7},6.0
2e68e651,2e68e6514,2020-09-22,9,{'ROAD_CLOSED'},{'ROAD_CLOSED_EVENT'},1717,{7},6.0
2e68e651,2e68e6514,2020-09-23,9,{'ROAD_CLOSED'},{'ROAD_CLOSED_EVENT'},1710,{7},6.0
2e68e651,2e68e6514,2020-09-24,9,{'ROAD_CLOSED'},{'ROAD_CLOSED_EVENT'},1724,{7},6.0
2e68e651,2e68e6514,2020-09-25,9,{'ROAD_CLOSED'},{'ROAD_CLOSED_EVENT'},1714,{7},6.0
2e68e651,2e68e6514,2020-09-28,9,{'ROAD_CLOSED'},{'ROAD_CLOSED_EVENT'},1626,{7},6.0
2e68e651,2e68e6514,2020-09-29,9,{'ROAD_CLOSED'},{'ROAD_CLOSED_EVENT'},1623,{7},6.0
2e68e651,2e68e6514,2020-09-30,9,{'ROAD_CLOSED'},{'ROAD_CLOSED_EVENT'},1616,{7},6.0
2e68e651,2e68e6514,2020-10-01,9,{'ROAD_CLOSED'},{'ROAD_CLOSED_EVENT'},1620,{7},6.0
2e68e651,2e68e6514,2020-10-02,6,{'ROAD_CLOSED'},{'ROAD_CLOSED_EVENT'},1,{7},6.0
2e68e651,2e68e6514,2020-10-02,9,{'ROAD_CLOSED'},{'ROAD_CLOSED_EVENT'},1620,{7},6.0
2e68e651,2e68e6514,2020-10-03,6,{'ROAD_CLOSED'},{'ROAD_CLOSED_EVENT'},2,{7},6.0
2e68e651,2e68e6514,2020-10-03,9,{'ROAD_CLOSED'},{'ROAD_CLOSED_EVENT'},1626,{7},6.0
2e68e651,2e68e6514,2020-10-04,9,{'ROAD_CLOSED'},{'ROAD_CLOSED_EVENT'},1614,{7},6.0
2e68e651,2e68e6514,2020-10-05,9,{'ROAD_CLOSED'},{'ROAD_CLOSED_EVENT'},1617,{7},6.0
2e68e651,2e68e6514,2020-10-06,9,{'ROAD_CLOSED'},{'ROAD_CLOSED_EVENT'},1615,{7},6.0
2e68e651,2e68e6514,2020-10-07,9,{'ROAD_CLOSED'},{'ROAD_CLOSED_EVENT'},1612,{7},6.0
2e68e651,2e68e6514,2020-10-08,9,{'ROAD_CLOSED'},{'ROAD_CLOSED_EVENT'},1629,{7},6.0
2e68e651,2e68e6514,2020-10-09,9,{'ROAD_CLOSED'},{'ROAD_CLOSED_EVENT'},1620,{7},6.0
2e68e651,2e68e6514,2020-10-10,9,{'ROAD_CLOSED'},{'ROAD_CLOSED_EVENT'},1615,{7},6.0
2e68e651,2e68e6514,2020-10-17,13,{'JAM'},{'JAM_HEAVY_TRAFFIC'},6,{7},5.833333333333333
2e68e651,2e68e6514,2020-10-19,10,{'ROAD_CLOSED'},{'ROAD_CLOSED_EVENT'},1445,{7},6.0
2e68e651,2e68e6514,2020-10-20,10,{'ROAD_CLOSED'},{'ROAD_CLOSED_EVENT'},1446,{7},6.0
2e68e651,2e68e6514,2020-10-21,10,{'ROAD_CLOSED'},{'ROAD_CLOSED_EVENT'},1428,{7},6.0
2e68e651,2e68e6514,2020-10-22,10,{'ROAD_CLOSED'},{'ROAD_CLOSED_EVENT'},1449,{7},6.0
2e68e651,2e68e6514,2020-10-23,10,{'ROAD_CLOSED'},{'ROAD_CLOSED_EVENT'},1446,{7},6.0
2e68e651,2e68e6514,2020-10-24,6,{'ROAD_CLOSED'},{'ROAD_CLOSED_EVENT'},5,{7},6.0
2e68e651,2e68e6514,2020-10-24,10,{'ROAD_CLOSED'},{'ROAD_CLOSED_EVENT'},1440,{7},6.0
2e68e651,2e68e6514,2020-10-25,10,{'ROAD_CLOSED'},{'ROAD_CLOSED_EVENT'},1446,{7},6.0
2e68e651,2e68e6514,2020-10-26,10,{'ROAD_CLOSED'},{'ROAD_CLOSED_EVENT'},1452,{7},6.0
2e68e651,2e68e6514,2020-10-27,10,{'ROAD_CLOSED'},{'ROAD_CLOSED_EVENT'},1451,{7},6.0
2e68e651,2e68e6514,2020-10-28,10,{'ROAD_CLOSED'},{'ROAD_CLOSED_EVENT'},1446,{7},6.0
2e68e651,2e68e6514,2020-10-29,10,{'ROAD_CLOSED'},{'ROAD_CLOSED_EVENT'},1446,{7},6.0
2e68e651,2e68e6514,2020-10-29,11,{'JAM'},{'JAM_HEAVY_TRAFFIC'},9,{7},5.0
2e68e651,2e68e6514,2020-10-29,12,{'JAM'},{'JAM_HEAVY_TRAFFIC'},36,{7},7.472222222222222
2e68e651,2e68e6514,2020-10-29,14,{'JAM'},{'JAM_STAND_STILL_TRAFFIC'},31,{1},5.516129032258065
2e68e651,2e68e6514,2020-10-29,18,{'JAM'},{'JAM_HEAVY_TRAFFIC'},8,{7},5.0
2e68e651,2e68e6514,2020-10-30,10,{'ROAD_CLOSED'},{'ROAD_CLOSED_EVENT'},1455,{7},6.0
2e68e651,2e68e6514,2020-10-30,14,{'JAM'},{'JAM_STAND_STILL_TRAFFIC'},38,"{1, 7}",5.526315789473684
2e68e651,2e68e6514,2020-10-30,19,{'JAM'},{'JAM_STAND_STILL_TRAFFIC'},40,{7},5.425
2e68e651,2e68e6514,2020-10-31,10,{'ROAD_CLOSED'},{'ROAD_CLOSED_EVENT'},1448,{7},6.0
2e68e651,2e68e6514,2020-10-31,13,{'JAM'},{'JAM_HEAVY_TRAFFIC'},46,{7},5.3478260869565215
2e68e651,2e68e6514,2020-11-01,6,{'ROAD_CLOSED'},{'ROAD_CLOSED_EVENT'},6,{7},6.0
2e68e651,2e68e6514,2020-11-05,15,{'WEATHERHAZARD'},{'HAZARD_ON_ROAD_CONSTRUCTION'},82,{7},9.402439024390244
2e68e651,2e68e6514,2020-11-10,13,{'JAM'},"{'JAM_STAND_STILL_TRAFFIC', 'JAM_HEAVY_TRAFFIC'}",63,{7},5.73015873015873
2e68e651,2e68e6514,2020-11-14,20,{'JAM'},{'JAM_MODERATE_TRAFFIC'},31,{7},5.0
2e68e651,2e68e6514,2020-11-21,14,{'JAM'},{'JAM_STAND_STILL_TRAFFIC'},7,{1},6.0
2e68e651,2e68e651c,2020-09-01,9,{'ROAD_CLOSED'},{'ROAD_CLOSED_EVENT'},1080,{7},6.0
2e68e651,2e68e651c,2020-09-02,9,{'ROAD_CLOSED'},{'ROAD_CLOSED_EVENT'},1083,{7},6.0
2e68e651,2e68e651c,2020-09-02,16,{'JAM'},{'JAM_MODERATE_TRAFFIC'},32,{7},5.0
2e68e651,2e68e651c,2020-09-03,9,{'ROAD_CLOSED'},{'ROAD_CLOSED_EVENT'},1080,{7},6.0
2e68e651,2e68e651c,2020-09-04,9,{'ROAD_CLOSED'},{'ROAD_CLOSED_EVENT'},1076,{7},6.0
2e68e651,2e68e651c,2020-09-05,9,{'ROAD_CLOSED'},{'ROAD_CLOSED_EVENT'},1081,{7},6.0
2e68e651,2e68e651c,2020-09-05,19,{'JAM'},{'JAM_STAND_STILL_TRAFFIC'},29,{7},5.0
2e68e651,2e68e651c,2020-09-06,6,{'ROAD_CLOSED'},{'ROAD_CLOSED_EVENT'},1,{7},6.0
2e68e651,2e68e651c,2020-09-06,9,{'ROAD_CLOSED'},{'ROAD_CLOSED_EVENT'},152,{7},6.0
2e68e651,2e68e651c,2020-09-07,9,{'ROAD_CLOSED'},{'ROAD_CLOSED_EVENT'},1078,{7},6.0
2e68e651,2e68e651c,2020-09-07,13,{'JAM'},{'JAM_MODERATE_TRAFFIC'},6,{7},5.0
2e68e651,2e68e651c,2020-09-08,9,{'ROAD_CLOSED'},{'ROAD_CLOSED_EVENT'},1082,{7},6.0
2e68e651,2e68e651c,2020-09-09,9,{'ROAD_CLOSED'},{'ROAD_CLOSED_EVENT'},5,{7},6.0
2e68e651,2e68e651c,2020-09-09,16,{'JAM'},{'JAM_HEAVY_TRAFFIC'},31,{7},5.0
2e68e651,2e68e651c,2020-09-09,17,{'ROAD_CLOSED'},{'ROAD_CLOSED_EVENT'},57,{7},6.0
2e68e651,2e68e651c,2020-09-09,21,{'ROAD_CLOSED'},{'ROAD_CLOSED_EVENT'},1078,{7},6.0
2e68e651,2e68e651c,2020-09-10,9,{'ROAD_CLOSED'},{'ROAD_CLOSED_EVENT'},65,{7},6.0
2e68e651,2e68e651c,2020-09-10,21,{'ROAD_CLOSED'},{'ROAD_CLOSED_EVENT'},541,{7},6.0
2e68e651,2e68e651c,2020-09-10,22,{'ROAD_CLOSED'},{'ROAD_CLOSED_EVENT'},478,{7},6.0
2e68e651,2e68e651c,2020-09-11,6,{'ROAD_CLOSED'},{'ROAD_CLOSED_EVENT'},1,{7},6.0
2e68e651,2e68e651c,2020-09-11,9,{'ROAD_CLOSED'},{'ROAD_CLOSED_EVENT'},64,{7},6.0
2e68e651,2e68e651c,2020-09-11,11,{'JAM'},{'JAM_HEAVY_TRAFFIC'},31,{7},5.0
2e68e651,2e68e651c,2020-09-11,21,{'ROAD_CLOSED'},{'ROAD_CLOSED_EVENT'},539,{7},6.0
2e68e651,2e68e651c,2020-09-11,22,{'ROAD_CLOSED'},{'ROAD_CLOSED_EVENT'},480,{7},6.0
2e68e651,2e68e651c,2020-09-12,6,{'ROAD_CLOSED'},{'ROAD_CLOSED_EVENT'},2,{7},6.0
2e68e651,2e68e651c,2020-09-12,9,{'ROAD_CLOSED'},{'ROAD_CLOSED_EVENT'},64,{7},6.0
2e68e651,2e68e651c,2020-09-12,19,{'JAM'},{'JAM_HEAVY_TRAFFIC'},30,{7},6.233333333333333
2e68e651,2e68e651c,2020-09-12,20,{'JAM'},{'JAM_STAND_STILL_TRAFFIC'},52,"{1, 7}",5.0
2e68e651,2e68e651c,2020-09-12,23,{'ROAD_CLOSED'},{'ROAD_CLOSED_EVENT'},824,{7},6.0
2e68e651,2e68e651c,2020-09-13,6,{'ROAD_CLOSED'},{'ROAD_CLOSED_EVENT'},3,{7},6.0
2e68e651,2e68e651c,2020-09-13,9,{'ROAD_CLOSED'},{'ROAD_CLOSED_EVENT'},1141,{7},6.0
2e68e651,2e68e651c,2020-09-14,9,{'ROAD_CLOSED'},{'ROAD_CLOSED_EVENT'},1142,{7},6.0
2e68e651,2e68e651c,2020-09-14,17,{'JAM'},{'JAM_HEAVY_TRAFFIC'},32,{7},5.0
2e68e651,2e68e651c,2020-09-15,6,{'ROAD_CLOSED'},{'ROAD_CLOSED_EVENT'},3,{7},6.0
2e68e651,2e68e651c,2020-09-15,9,{'ROAD_CLOSED'},{'ROAD_CLOSED_EVENT'},1142,{7},6.0
2e68e651,2e68e651c,2020-09-16,9,{'ROAD_CLOSED'},{'ROAD_CLOSED_EVENT'},1142,{7},6.0
2e68e651,2e68e651c,2020-09-17,9,{'ROAD_CLOSED'},{'ROAD_CLOSED_EVENT'},789,{7},6.0
2e68e651,2e68e651c,2020-09-18,9,{'ROAD_CLOSED'},{'ROAD_CLOSED_EVENT'},1144,{7},6.0
2e68e651,2e68e651c,2020-09-19,9,{'ROAD_CLOSED'},{'ROAD_CLOSED_EVENT'},1148,{7},6.0
2e68e651,2e68e651c,2020-09-20,9,{'ROAD_CLOSED'},{'ROAD_CLOSED_EVENT'},1144,{7},6.0
2e68e651,2e68e651c,2020-09-20,15,{'JAM'},{'JAM_MODERATE_TRAFFIC'},32,{7},5.0
2e68e651,2e68e651c,2020-09-21,9,{'ROAD_CLOSED'},{'ROAD_CLOSED_EVENT'},1138,{7},6.0
2e68e651,2e68e651c,2020-09-22,9,{'ROAD_CLOSED'},{'ROAD_CLOSED_EVENT'},1144,{7},6.0
2e68e651,2e68e651c,2020-09-23,9,{'ROAD_CLOSED'},{'ROAD_CLOSED_EVENT'},1140,{7},6.0
2e68e651,2e68e651c,2020-09-24,9,{'ROAD_CLOSED'},{'ROAD_CLOSED_EVENT'},1149,{7},6.0
2e68e651,2e68e651c,2020-09-25,9,{'ROAD_CLOSED'},{'ROAD_CLOSED_EVENT'},1142,{7},6.0
2e68e651,2e68e651c,2020-09-27,15,{'JAM'},{'JAM_MODERATE_TRAFFIC'},17,{7},5.0
2e68e651,2e68e651c,2020-09-28,9,{'ROAD_CLOSED'},{'ROAD_CLOSED_EVENT'},1084,{7},6.0
2e68e651,2e68e651c,2020-09-29,9,{'ROAD_CLOSED'},{'ROAD_CLOSED_EVENT'},1082,{7},6.0
2e68e651,2e68e651c,2020-09-30,9,{'ROAD_CLOSED'},{'ROAD_CLOSED_EVENT'},1078,{7},6.0
2e68e651,2e68e651c,2020-10-01,9,{'ROAD_CLOSED'},{'ROAD_CLOSED_EVENT'},1082,{7},6.0
2e68e651,2e68e651c,2020-10-02,6,{'ROAD_CLOSED'},{'ROAD_CLOSED_EVENT'},2,{7},6.0
2e68e651,2e68e651c,2020-10-02,9,{'ROAD_CLOSED'},{'ROAD_CLOSED_EVENT'},1082,{7},6.0
2e68e651,2e68e651c,2020-10-03,6,{'ROAD_CLOSED'},{'ROAD_CLOSED_EVENT'},1,{7},6.0
2e68e651,2e68e651c,2020-10-03,9,{'ROAD_CLOSED'},{'ROAD_CLOSED_EVENT'},1084,{7},6.0
2e68e651,2e68e651c,2020-10-03,18,{'JAM'},{'JAM_MODERATE_TRAFFIC'},13,{7},5.0
2e68e651,2e68e651c,2020-10-04,9,{'ROAD_CLOSED'},{'ROAD_CLOSED_EVENT'},1077,{7},6.0
2e68e651,2e68e651c,2020-10-05,9,{'ROAD_CLOSED'},{'ROAD_CLOSED_EVENT'},1078,{7},6.0
2e68e651,2e68e651c,2020-10-06,6,{'ROAD_CLOSED'},{'ROAD_CLOSED_EVENT'},2,{7},6.0
2e68e651,2e68e651c,2020-10-06,9,{'ROAD_CLOSED'},{'ROAD_CLOSED_EVENT'},1076,{7},6.0
2e68e651,2e68e651c,2020-10-07,6,{'ROAD_CLOSED'},{'ROAD_CLOSED_EVENT'},2,{7},6.0
2e68e651,2e68e651c,2020-10-07,9,{'ROAD_CLOSED'},{'ROAD_CLOSED_EVENT'},1075,{7},6.0
2e68e651,2e68e651c,2020-10-08,9,{'ROAD_CLOSED'},{'ROAD_CLOSED_EVENT'},1086,{7},6.0
2e68e651,2e68e651c,2020-10-09,9,{'ROAD_CLOSED'},{'ROAD_CLOSED_EVENT'},1076,{7},6.0
2e68e651,2e68e651c,2020-10-10,9,{'ROAD_CLOSED'},{'ROAD_CLOSED_EVENT'},1076,{7},6.0
2e68e651,2e68e651c,2020-10-11,11,{'JAM'},{'JAM_HEAVY_TRAFFIC'},33,{7},5.454545454545454
2e68e651,2e68e651c,2020-10-11,14,{'JAM'},{'JAM_HEAVY_TRAFFIC'},32,{7},5.0
2e68e651,2e68e651c,2020-10-11,16,{'JAM'},{'JAM_MODERATE_TRAFFIC'},24,{7},5.666666666666667
2e68e651,2e68e651c,2020-10-13,14,{'JAM'},{'JAM_MODERATE_TRAFFIC'},32,{7},5.0
2e68e651,2e68e651c,2020-10-17,13,{'JAM'},{'JAM_HEAVY_TRAFFIC'},30,{7},5.0
2e68e651,2e68e651c,2020-10-18,14,{'JAM'},{'JAM_HEAVY_TRAFFIC'},45,{7},5.333333333333333
2e68e651,2e68e651c,2020-10-18,17,{'JAM'},{'JAM_HEAVY_TRAFFIC'},33,{7},5.0
2e68e651,2e68e651c,2020-10-19,10,{'ROAD_CLOSED'},{'ROAD_CLOSED_EVENT'},962,{7},6.0
2e68e651,2e68e651c,2020-10-20,10,{'ROAD_CLOSED'},{'ROAD_CLOSED_EVENT'},964,{7},6.0
2e68e651,2e68e651c,2020-10-21,10,{'ROAD_CLOSED'},{'ROAD_CLOSED_EVENT'},952,{7},6.0
2e68e651,2e68e651c,2020-10-22,6,{'ROAD_CLOSED'},{'ROAD_CLOSED_EVENT'},1,{7},6.0
2e68e651,2e68e651c,2020-10-22,10,{'ROAD_CLOSED'},{'ROAD_CLOSED_EVENT'},966,{7},6.0
2e68e651,2e68e651c,2020-10-23,10,{'ROAD_CLOSED'},{'ROAD_CLOSED_EVENT'},965,{7},6.0
2e68e651,2e68e651c,2020-10-24,6,{'ROAD_CLOSED'},{'ROAD_CLOSED_EVENT'},5,{7},6.0
2e68e651,2e68e651c,2020-10-24,10,{'ROAD_CLOSED'},{'ROAD_CLOSED_EVENT'},960,{7},6.0
2e68e651,2e68e651c,2020-10-24,14,{'JAM'},{'JAM_STAND_STILL_TRAFFIC'},30,{7},6.8
2e68e651,2e68e651c,2020-10-25,10,{'ROAD_CLOSED'},{'ROAD_CLOSED_EVENT'},965,{7},6.0
2e68e651,2e68e651c,2020-10-26,10,{'ROAD_CLOSED'},{'ROAD_CLOSED_EVENT'},968,{7},6.0
2e68e651,2e68e651c,2020-10-26,12,{'JAM'},{'JAM_HEAVY_TRAFFIC'},44,{7},5.7727272727272725
2e68e651,2e68e651c,2020-10-27,10,{'ROAD_CLOSED'},{'ROAD_CLOSED_EVENT'},970,{7},6.0
2e68e651,2e68e651c,2020-10-27,13,{'JAM'},{'JAM_STAND_STILL_TRAFFIC'},34,{7},5.735294117647059
2e68e651,2e68e651c,2020-10-28,10,{'ROAD_CLOSED'},{'ROAD_CLOSED_EVENT'},964,{7},6.0
2e68e651,2e68e651c,2020-10-28,15,{'JAM'},"{'JAM_STAND_STILL_TRAFFIC', 'JAM_HEAVY_TRAFFIC'}",61,{7},5.0
2e68e651,2e68e651c,2020-10-29,10,{'ROAD_CLOSED'},{'ROAD_CLOSED_EVENT'},964,{7},6.0
2e68e651,2e68e651c,2020-10-29,11,{'JAM'},{'JAM_HEAVY_TRAFFIC'},7,{7},5.0
2e68e651,2e68e651c,2020-10-29,12,{'JAM'},{'JAM'},30,{7},5.0
2e68e651,2e68e651c,2020-10-29,18,{'JAM'},{'JAM_HEAVY_TRAFFIC'},32,{7},6.4375
2e68e651,2e68e651c,2020-10-29,19,{'JAM'},{'JAM'},31,{7},5.0
2e68e651,2e68e651c,2020-10-30,10,"{'JAM', 'ROAD_CLOSED'}","{'ROAD_CLOSED_EVENT', 'JAM_HEAVY_TRAFFIC'}",1008,{7},6.003968253968254
2e68e651,2e68e651c,2020-10-30,12,{'JAM'},{'JAM_MODERATE_TRAFFIC'},52,{7},6.173076923076923
2e68e651,2e68e651c,2020-10-30,13,{'JAM'},{'JAM_HEAVY_TRAFFIC'},38,{7},6.973684210526316
2e68e651,2e68e651c,2020-10-30,14,{'JAM'},{'JAM_HEAVY_TRAFFIC'},31,{7},8.709677419354838
2e68e651,2e68e651c,2020-10-30,15,{'JAM'},{'JAM_HEAVY_TRAFFIC'},43,{7},8.86046511627907
2e68e651,2e68e651c,2020-10-30,16,{'JAM'},"{'JAM', 'JAM_STAND_STILL_TRAFFIC'}",62,{7},5.32258064516129
2e68e651,2e68e651c,2020-10-30,17,{'JAM'},{'JAM_MODERATE_TRAFFIC'},43,{7},5.372093023255814
2e68e651,2e68e651c,2020-10-30,18,{'JAM'},{'JAM_HEAVY_TRAFFIC'},33,{7},6.0
2e68e651,2e68e651c,2020-10-30,19,{'JAM'},{'JAM_STAND_STILL_TRAFFIC'},8,{7},5.0
2e68e651,2e68e651c,2020-10-30,21,{'JAM'},{'JAM'},30,{7},5.0
2e68e651,2e68e651c,2020-10-31,10,"{'JAM', 'ROAD_CLOSED'}","{'ROAD_CLOSED_EVENT', 'JAM_HEAVY_TRAFFIC'}",996,{7},6.025100401606426
2e68e651,2e68e651c,2020-10-31,14,{'JAM'},{'JAM_HEAVY_TRAFFIC'},41,{7},5.926829268292683
2e68e651,2e68e651c,2020-11-01,6,{'ROAD_CLOSED'},{'ROAD_CLOSED_EVENT'},3,{7},6.0
2e68e651,2e68e651c,2020-11-01,15,{'WEATHERHAZARD'},{'WEATHERHAZARD'},15,{7},7.0
2e68e651,2e68e651c,2020-11-03,14,{'JAM'},{'JAM_STAND_STILL_TRAFFIC'},34,{7},5.0
2e68e651,2e68e651c,2020-11-06,17,{'JAM'},{'JAM_HEAVY_TRAFFIC'},14,{7},5.0
2e68e651,2e68e651c,2020-11-07,19,{'JAM'},{'JAM_HEAVY_TRAFFIC'},31,{7},5.548387096774194
2e68e651,2e68e651c,2020-11-07,21,{'JAM'},{'JAM_HEAVY_TRAFFIC'},39,{7},6.384615384615385
2e68e651,2e68e651c,2020-11-10,13,{'JAM'},{'JAM'},32,{7},5.0
2e68e651,2e68e651c,2020-11-10,15,{'JAM'},{'JAM_HEAVY_TRAFFIC'},43,{7},6.348837209302325
2e68e651,2e68e651c,2020-11-14,10,{'JAM'},{'JAM_HEAVY_TRAFFIC'},31,{7},6.612903225806452
2e68e651,2e68e651c,2020-11-14,15,{'JAM'},{'JAM_HEAVY_TRAFFIC'},30,{7},5.0
2e68e651,2e68e651c,2020-11-15,19,{'JAM'},{'JAM_STAND_STILL_TRAFFIC'},30,{7},5.966666666666667
2e68e651,2e68e651c,2020-11-20,15,{'JAM'},{'JAM_STAND_STILL_TRAFFIC'},30,{7},5.933333333333334
2e68e651,2e68e651c,2020-11-21,11,{'JAM'},{'JAM_STAND_STILL_TRAFFIC'},23,{7},6.782608695652174
2e68e651,2e68e651c,2020-11-21,18,{'JAM'},{'JAM_STAND_STILL_TRAFFIC'},27,{7},7.111111111111111
2e68e651,2e68e651c,2020-11-21,19,{'JAM'},{'JAM_STAND_STILL_TRAFFIC'},33,{7},5.151515151515151
2e68e651,2e68e651c,2020-11-21,20,{'JAM'},{'JAM_STAND_STILL_TRAFFIC'},41,{7},6.317073170731708
2e68e651,2e68e651c,2020-11-21,21,{'JAM'},{'JAM_STAND_STILL_TRAFFIC'},34,{7},5.470588235294118
2e68e651,2e68e651c,2020-11-22,12,{'JAM'},{'JAM_HEAVY_TRAFFIC'},31,{7},6.612903225806452
2e68e651,2e68e651c,2020-11-22,15,{'JAM'},{'JAM_STAND_STILL_TRAFFIC'},33,{7},5.0
2e68e653,2e68e6524,2020-09-01,21,{'JAM'},{'JAM_STAND_STILL_TRAFFIC'},30,{2},5.0
2e68e653,2e68e6524,2020-09-05,18,{'JAM'},{'JAM_STAND_STILL_TRAFFIC'},45,{2},5.355555555555555
2e68e653,2e68e6524,2020-10-02,20,{'JAM'},{'JAM_MODERATE_TRAFFIC'},30,{1},5.0
2e68e653,2e68e6524,2020-10-03,21,{'JAM'},{'JAM_STAND_STILL_TRAFFIC'},7,{1},6.571428571428571
2e68e653,2e68e6524,2020-10-11,19,{'WEATHERHAZARD'},{'HAZARD_WEATHER_FLOOD'},33,{1},5.636363636363637
2e68e653,2e68e6524,2020-10-11,20,{'WEATHERHAZARD'},"{'HAZARD_ON_ROAD_OBJECT', 'HAZARD_WEATHER_HAIL', 'HAZARD_ON_SHOULDER_MISSING_SIGN', 'HAZARD_ON_ROAD_POT_HOLE'}",1183,{2},7.597633136094674
2e68e653,2e68e6524,2020-10-11,21,{'WEATHERHAZARD'},"{'HAZARD_ON_ROAD_CONSTRUCTION', 'HAZARD_ON_ROAD_TRAFFIC_LIGHT_FAULT'}",802,{2},5.720698254364089
2e68e653,2e68e6524,2020-10-22,18,{'JAM'},{'JAM_HEAVY_TRAFFIC'},6,{2},5.666666666666667
2e68e653,2e68e6524,2020-10-29,14,{'JAM'},{'JAM_HEAVY_TRAFFIC'},24,{2},7.541666666666667
2e68e653,2e68e6524,2020-10-29,20,{'JAM'},{'JAM_STAND_STILL_TRAFFIC'},15,{1},5.0
2e68e653,2e68e6524,2020-10-30,19,{'JAM'},{'JAM_STAND_STILL_TRAFFIC'},31,{2},5.903225806451613
2e68e653,2e68e653c,2020-09-19,20,{'JAM'},{'JAM_HEAVY_TRAFFIC'},37,{2},6.972972972972973
2e68e653,2e68e653c,2020-09-26,20,{'JAM'},{'JAM_HEAVY_TRAFFIC'},34,{2},5.0
2e68e653,2e68e653c,2020-10-10,21,{'JAM'},{'JAM_STAND_STILL_TRAFFIC'},91,{2},6.010989010989011
2e68e653,2e68e653c,2020-10-10,22,{'JAM'},{'JAM_HEAVY_TRAFFIC'},32,{2},5.0
2e68e653,2e68e653c,2020-10-30,20,{'JAM'},{'JAM_STAND_STILL_TRAFFIC'},31,{2},5.0
2e68e653,2e68e653c,2020-11-07,19,{'JAM'},{'JAM_STAND_STILL_TRAFFIC'},41,{2},5.414634146341464
2e68e653,2e68e653c,2020-11-07,22,{'JAM'},{'JAM_HEAVY_TRAFFIC'},30,{2},5.0
2e68e655,2e68e6544,2020-09-05,22,{'JAM'},{'JAM'},31,{2},5.0
2e68e655,2e68e6544,2020-09-19,21,{'JAM'},{'JAM_STAND_STILL_TRAFFIC'},33,{1},5.0
2e68e655,2e68e6544,2020-10-10,21,{'JAM'},{'JAM_STAND_STILL_TRAFFIC'},63,{2},5.0
2e68e655,2e68e6544,2020-10-29,8,{'JAM'},{'JAM_STAND_STILL_TRAFFIC'},35,{2},5.457142857142857
2e68e655,2e68e6544,2020-10-29,20,{'JAM'},"{'JAM_MODERATE_TRAFFIC', 'JAM_HEAVY_TRAFFIC'}",62,{2},5.0
2e68e655,2e68e6544,2020-10-30,19,{'JAM'},{'JAM_STAND_STILL_TRAFFIC'},34,{2},5.676470588235294
2e68e655,2e68e6544,2020-11-07,22,{'JAM'},{'JAM_MODERATE_TRAFFIC'},31,{2},5.0
2e68e655,2e68e6544,2020-11-13,16,{'JAM'},{'JAM_HEAVY_TRAFFIC'},30,{2},5.0
2e68e655,2e68e6554,2020-09-19,16,{'JAM'},{'JAM_MODERATE_TRAFFIC'},31,{22},5.0
2e68e655,2e68e6554,2020-09-19,17,{'WEATHERHAZARD'},{'HAZARD_ON_ROAD_CONSTRUCTION'},722,{22},5.0
2e68e657,2e68e6564,2020-09-01,9,{'ROAD_CLOSED'},{'ROAD_CLOSED_EVENT'},3240,{7},6.0
2e68e657,2e68e6564,2020-09-02,9,{'ROAD_CLOSED'},{'ROAD_CLOSED_EVENT'},3249,{7},6.0
2e68e657,2e68e6564,2020-09-03,9,{'ROAD_CLOSED'},{'ROAD_CLOSED_EVENT'},3240,{7},6.0
2e68e657,2e68e6564,2020-09-04,9,{'ROAD_CLOSED'},{'ROAD_CLOSED_EVENT'},3228,{7},6.0
2e68e657,2e68e6564,2020-09-05,9,{'ROAD_CLOSED'},{'ROAD_CLOSED_EVENT'},3243,{7},6.0
2e68e657,2e68e6564,2020-09-06,6,{'ROAD_CLOSED'},{'ROAD_CLOSED_EVENT'},5,{7},6.0
2e68e657,2e68e6564,2020-09-06,9,{'ROAD_CLOSED'},{'ROAD_CLOSED_EVENT'},456,{7},6.0964912280701755
2e68e657,2e68e6564,2020-09-07,9,{'ROAD_CLOSED'},{'ROAD_CLOSED_EVENT'},3234,{7},6.0
2e68e657,2e68e6564,2020-09-08,9,{'ROAD_CLOSED'},{'ROAD_CLOSED_EVENT'},3246,{7},6.0
2e68e657,2e68e6564,2020-09-09,6,{'ROAD_CLOSED'},{'ROAD_CLOSED_EVENT'},1,{7},6.0
2e68e657,2e68e6564,2020-09-09,9,{'ROAD_CLOSED'},{'ROAD_CLOSED_EVENT'},16,{7},6.0
2e68e657,2e68e6564,2020-09-09,17,{'ROAD_CLOSED'},{'ROAD_CLOSED_EVENT'},167,{7},6.0
2e68e657,2e68e6564,2020-09-09,21,{'ROAD_CLOSED'},{'ROAD_CLOSED_EVENT'},2698,{7},6.0
2e68e657,2e68e6564,2020-09-09,22,{'ROAD_CLOSED'},{'ROAD_CLOSED_EVENT'},477,{7},6.0
2e68e657,2e68e6564,2020-09-10,9,{'ROAD_CLOSED'},{'ROAD_CLOSED_EVENT'},737,{7},6.0
2e68e657,2e68e6564,2020-09-10,21,{'ROAD_CLOSED'},{'ROAD_CLOSED_EVENT'},1084,{7},6.0
2e68e657,2e68e6564,2020-09-10,22,{'ROAD_CLOSED'},{'ROAD_CLOSED_EVENT'},1434,{7},6.0
2e68e657,2e68e6564,2020-09-11,6,{'ROAD_CLOSED'},{'ROAD_CLOSED_EVENT'},5,{7},6.0
2e68e657,2e68e6564,2020-09-11,9,{'ROAD_CLOSED'},{'ROAD_CLOSED_EVENT'},194,{7},6.0
2e68e657,2e68e6564,2020-09-11,21,{'ROAD_CLOSED'},{'ROAD_CLOSED_EVENT'},539,{7},6.0
2e68e657,2e68e6564,2020-09-11,22,{'ROAD_CLOSED'},{'ROAD_CLOSED_EVENT'},2396,{7},6.0
2e68e657,2e68e6564,2020-09-12,6,{'ROAD_CLOSED'},{'ROAD_CLOSED_EVENT'},1,{7},6.0
2e68e657,2e68e6564,2020-09-12,9,{'ROAD_CLOSED'},{'ROAD_CLOSED_EVENT'},192,{7},6.0
2e68e657,2e68e6564,2020-09-12,23,{'ROAD_CLOSED'},{'ROAD_CLOSED_EVENT'},2060,{7},6.0
2e68e657,2e68e6564,2020-09-13,0,{'ROAD_CLOSED'},{'ROAD_CLOSED_EVENT'},358,{7},6.0
2e68e657,2e68e6564,2020-09-13,6,{'ROAD_CLOSED'},{'ROAD_CLOSED_EVENT'},11,{7},6.0
2e68e657,2e68e6564,2020-09-13,9,{'ROAD_CLOSED'},{'ROAD_CLOSED_EVENT'},3422,{7},6.0
2e68e657,2e68e6564,2020-09-14,9,{'ROAD_CLOSED'},{'ROAD_CLOSED_EVENT'},3429,{7},6.0
2e68e657,2e68e6564,2020-09-15,6,{'ROAD_CLOSED'},{'ROAD_CLOSED_EVENT'},2,{7},6.0
2e68e657,2e68e6564,2020-09-15,9,{'ROAD_CLOSED'},{'ROAD_CLOSED_EVENT'},3424,{7},6.0
2e68e657,2e68e6564,2020-09-16,9,{'ROAD_CLOSED'},{'ROAD_CLOSED_EVENT'},3426,{7},6.0
2e68e657,2e68e6564,2020-09-17,9,{'ROAD_CLOSED'},{'ROAD_CLOSED_EVENT'},2366,{7},6.0
2e68e657,2e68e6564,2020-09-18,9,{'ROAD_CLOSED'},{'ROAD_CLOSED_EVENT'},3432,{7},6.0
2e68e657,2e68e6564,2020-09-19,9,{'ROAD_CLOSED'},{'ROAD_CLOSED_EVENT'},3444,{7},6.0
2e68e657,2e68e6564,2020-09-20,9,{'ROAD_CLOSED'},{'ROAD_CLOSED_EVENT'},3418,{7},6.0
2e68e657,2e68e6564,2020-09-21,6,{'ROAD_CLOSED'},{'ROAD_CLOSED_EVENT'},3,{7},6.0
2e68e657,2e68e6564,2020-09-21,9,{'ROAD_CLOSED'},{'ROAD_CLOSED_EVENT'},3420,{7},6.0
2e68e657,2e68e6564,2020-09-22,9,{'ROAD_CLOSED'},{'ROAD_CLOSED_EVENT'},3428,{7},6.0
2e68e657,2e68e6564,2020-09-23,9,{'ROAD_CLOSED'},{'ROAD_CLOSED_EVENT'},3420,{7},6.0
2e68e657,2e68e6564,2020-09-24,9,{'ROAD_CLOSED'},{'ROAD_CLOSED_EVENT'},3444,{7},6.0
2e68e657,2e68e6564,2020-09-25,9,{'ROAD_CLOSED'},{'ROAD_CLOSED_EVENT'},3428,{7},6.0
2e68e657,2e68e6564,2020-09-26,21,{'JAM'},{'JAM_STAND_STILL_TRAFFIC'},4,{2},5.0
2e68e657,2e68e6564,2020-09-28,9,{'ROAD_CLOSED'},{'ROAD_CLOSED_EVENT'},3252,{7},6.0
2e68e657,2e68e6564,2020-09-29,9,{'ROAD_CLOSED'},{'ROAD_CLOSED_EVENT'},3246,{7},6.0
2e68e657,2e68e6564,2020-09-30,9,{'ROAD_CLOSED'},{'ROAD_CLOSED_EVENT'},3233,{7},6.0
2e68e657,2e68e6564,2020-10-01,6,{'ROAD_CLOSED'},{'ROAD_CLOSED_EVENT'},6,{7},6.0
2e68e657,2e68e6564,2020-10-01,9,{'ROAD_CLOSED'},{'ROAD_CLOSED_EVENT'},3243,{7},6.0
2e68e657,2e68e6564,2020-10-02,6,{'ROAD_CLOSED'},{'ROAD_CLOSED_EVENT'},3,{7},6.0
2e68e657,2e68e6564,2020-10-02,9,{'ROAD_CLOSED'},{'ROAD_CLOSED_EVENT'},3240,{7},6.0
2e68e657,2e68e6564,2020-10-03,9,{'ROAD_CLOSED'},{'ROAD_CLOSED_EVENT'},3251,{7},6.0
2e68e657,2e68e6564,2020-10-04,9,{'ROAD_CLOSED'},{'ROAD_CLOSED_EVENT'},3228,{7},6.0
2e68e657,2e68e6564,2020-10-05,9,{'ROAD_CLOSED'},{'ROAD_CLOSED_EVENT'},3238,{7},6.0
2e68e657,2e68e6564,2020-10-06,6,{'ROAD_CLOSED'},{'ROAD_CLOSED_EVENT'},7,{7},6.0
2e68e657,2e68e6564,2020-10-06,9,{'ROAD_CLOSED'},{'ROAD_CLOSED_EVENT'},3231,{7},6.0
2e68e657,2e68e6564,2020-10-06,16,{'JAM'},{'JAM'},30,{1},5.0
2e68e657,2e68e6564,2020-10-07,6,{'ROAD_CLOSED'},{'ROAD_CLOSED_EVENT'},2,{7},6.0
2e68e657,2e68e6564,2020-10-07,9,{'ROAD_CLOSED'},{'ROAD_CLOSED_EVENT'},3224,{7},6.0
2e68e657,2e68e6564,2020-10-08,9,{'ROAD_CLOSED'},{'ROAD_CLOSED_EVENT'},3258,{7},6.0
2e68e657,2e68e6564,2020-10-09,9,{'ROAD_CLOSED'},{'ROAD_CLOSED_EVENT'},3238,{7},6.0
2e68e657,2e68e6564,2020-10-10,9,{'ROAD_CLOSED'},{'ROAD_CLOSED_EVENT'},3230,{7},6.0
2e68e657,2e68e6564,2020-10-10,21,{'JAM'},{'JAM_STAND_STILL_TRAFFIC'},32,{2},5.0
2e68e657,2e68e6564,2020-10-17,21,{'JAM'},{'JAM_STAND_STILL_TRAFFIC'},31,{2},5.741935483870968
2e68e657,2e68e6564,2020-10-19,10,{'ROAD_CLOSED'},{'ROAD_CLOSED_EVENT'},2890,{7},6.0
2e68e657,2e68e6564,2020-10-20,10,{'ROAD_CLOSED'},{'ROAD_CLOSED_EVENT'},2892,{7},6.0
2e68e657,2e68e6564,2020-10-21,10,{'ROAD_CLOSED'},{'ROAD_CLOSED_EVENT'},2856,{7},6.0
2e68e657,2e68e6564,2020-10-22,10,{'ROAD_CLOSED'},{'ROAD_CLOSED_EVENT'},2898,{7},6.0
2e68e657,2e68e6564,2020-10-23,10,{'ROAD_CLOSED'},{'ROAD_CLOSED_EVENT'},2892,{7},6.0
2e68e657,2e68e6564,2020-10-24,6,{'ROAD_CLOSED'},{'ROAD_CLOSED_EVENT'},12,{7},6.0
2e68e657,2e68e6564,2020-10-24,10,{'ROAD_CLOSED'},{'ROAD_CLOSED_EVENT'},2880,{7},6.0
2e68e657,2e68e6564,2020-10-25,10,{'ROAD_CLOSED'},{'ROAD_CLOSED_EVENT'},2893,{7},6.0
2e68e657,2e68e6564,2020-10-26,10,{'ROAD_CLOSED'},{'ROAD_CLOSED_EVENT'},2905,{7},6.0
2e68e657,2e68e6564,2020-10-27,10,{'ROAD_CLOSED'},{'ROAD_CLOSED_EVENT'},2904,{7},6.0
2e68e657,2e68e6564,2020-10-28,10,{'ROAD_CLOSED'},{'ROAD_CLOSED_EVENT'},2892,{7},6.0
2e68e657,2e68e6564,2020-10-29,10,{'ROAD_CLOSED'},{'ROAD_CLOSED_EVENT'},2893,{7},6.0
2e68e657,2e68e6564,2020-10-29,17,{'JAM'},{'JAM_HEAVY_TRAFFIC'},31,{7},5.0
2e68e657,2e68e6564,2020-10-30,10,"{'JAM', 'ROAD_CLOSED'}","{'ROAD_CLOSED_EVENT', 'JAM_MODERATE_TRAFFIC'}",2916,{7},5.9931412894375855
2e68e657,2e68e6564,2020-10-31,10,{'ROAD_CLOSED'},{'ROAD_CLOSED_EVENT'},2894,{7},6.0
2e68e657,2e68e6564,2020-10-31,13,{'JAM'},{'JAM_STAND_STILL_TRAFFIC'},32,{2},5.5625
2e68e657,2e68e6564,2020-11-07,14,{'JAM'},{'JAM_HEAVY_TRAFFIC'},14,{7},5.0
2e68e657,2e68e6564,2020-11-22,14,{'ACCIDENT'},{'ACCIDENT'},9,{7},6.0
2e68e657,2e68e656c,2020-09-01,9,{'ROAD_CLOSED'},{'ROAD_CLOSED_EVENT'},3773,{7},6.0
2e68e657,2e68e656c,2020-09-02,9,{'ROAD_CLOSED'},{'ROAD_CLOSED_EVENT'},3790,{7},6.0
2e68e657,2e68e656c,2020-09-03,9,{'ROAD_CLOSED'},{'ROAD_CLOSED_EVENT'},3780,{7},6.0
2e68e657,2e68e656c,2020-09-04,9,{'ROAD_CLOSED'},{'ROAD_CLOSED_EVENT'},3766,{7},6.0
2e68e657,2e68e656c,2020-09-05,9,{'ROAD_CLOSED'},{'ROAD_CLOSED_EVENT'},3784,{7},6.0
2e68e657,2e68e656c,2020-09-06,6,{'ROAD_CLOSED'},{'ROAD_CLOSED_EVENT'},3,{7},6.0
2e68e657,2e68e656c,2020-09-06,9,{'ROAD_CLOSED'},{'ROAD_CLOSED_EVENT'},532,{7},6.0
2e68e657,2e68e656c,2020-09-07,9,{'ROAD_CLOSED'},{'ROAD_CLOSED_EVENT'},3773,{7},6.0
2e68e657,2e68e656c,2020-09-08,9,{'ROAD_CLOSED'},{'ROAD_CLOSED_EVENT'},3787,{7},6.0
2e68e657,2e68e656c,2020-09-09,6,{'ROAD_CLOSED'},{'ROAD_CLOSED_EVENT'},3,{7},6.0
2e68e657,2e68e656c,2020-09-09,9,{'ROAD_CLOSED'},{'ROAD_CLOSED_EVENT'},19,{7},6.0
2e68e657,2e68e656c,2020-09-09,17,{'ROAD_CLOSED'},{'ROAD_CLOSED_EVENT'},195,{7},6.0
2e68e657,2e68e656c,2020-09-09,21,{'ROAD_CLOSED'},{'ROAD_CLOSED_EVENT'},2699,{7},6.0
2e68e657,2e68e656c,2020-09-09,22,{'ROAD_CLOSED'},{'ROAD_CLOSED_EVENT'},957,{7},6.0
2e68e657,2e68e656c,2020-09-10,9,{'ROAD_CLOSED'},{'ROAD_CLOSED_EVENT'},232,{7},6.0
2e68e657,2e68e656c,2020-09-10,21,{'ROAD_CLOSED'},{'ROAD_CLOSED_EVENT'},1616,{7},6.0
2e68e657,2e68e656c,2020-09-10,22,{'ROAD_CLOSED'},{'ROAD_CLOSED_EVENT'},1912,{7},6.0
2e68e657,2e68e656c,2020-09-11,6,{'ROAD_CLOSED'},{'ROAD_CLOSED_EVENT'},3,{7},6.0
2e68e657,2e68e656c,2020-09-11,9,{'ROAD_CLOSED'},{'ROAD_CLOSED_EVENT'},226,{7},6.0
2e68e657,2e68e656c,2020-09-11,21,{'ROAD_CLOSED'},{'ROAD_CLOSED_EVENT'},1617,{7},6.0
2e68e657,2e68e656c,2020-09-11,22,{'ROAD_CLOSED'},{'ROAD_CLOSED_EVENT'},1918,{7},6.0
2e68e657,2e68e656c,2020-09-12,6,{'ROAD_CLOSED'},{'ROAD_CLOSED_EVENT'},2,{7},6.0
2e68e657,2e68e656c,2020-09-12,9,{'ROAD_CLOSED'},{'ROAD_CLOSED_EVENT'},224,{7},6.0
2e68e657,2e68e656c,2020-09-12,23,{'ROAD_CLOSED'},{'ROAD_CLOSED_EVENT'},2060,{7},6.0
2e68e657,2e68e656c,2020-09-13,0,{'ROAD_CLOSED'},{'ROAD_CLOSED_EVENT'},716,{7},6.0
2e68e657,2e68e656c,2020-09-13,6,{'ROAD_CLOSED'},{'ROAD_CLOSED_EVENT'},10,{7},6.0
2e68e657,2e68e656c,2020-09-13,9,{'ROAD_CLOSED'},{'ROAD_CLOSED_EVENT'},3995,{7},6.0
2e68e657,2e68e656c,2020-09-14,9,{'ROAD_CLOSED'},{'ROAD_CLOSED_EVENT'},4001,{7},6.0
2e68e657,2e68e656c,2020-09-15,6,{'ROAD_CLOSED'},{'ROAD_CLOSED_EVENT'},6,{7},6.0
2e68e657,2e68e656c,2020-09-15,9,{'ROAD_CLOSED'},{'ROAD_CLOSED_EVENT'},3991,{7},6.0
2e68e657,2e68e656c,2020-09-16,6,{'ROAD_CLOSED'},{'ROAD_CLOSED_EVENT'},1,{7},6.0
2e68e657,2e68e656c,2020-09-16,9,{'ROAD_CLOSED'},{'ROAD_CLOSED_EVENT'},3997,{7},6.0
2e68e657,2e68e656c,2020-09-17,9,{'ROAD_CLOSED'},{'ROAD_CLOSED_EVENT'},2760,{7},6.0
2e68e657,2e68e656c,2020-09-18,9,{'ROAD_CLOSED'},{'ROAD_CLOSED_EVENT'},4003,{7},6.0
2e68e657,2e68e656c,2020-09-19,9,{'ROAD_CLOSED'},{'ROAD_CLOSED_EVENT'},4018,{7},6.0
2e68e657,2e68e656c,2020-09-20,9,{'ROAD_CLOSED'},{'ROAD_CLOSED_EVENT'},3990,{7},6.0
2e68e657,2e68e656c,2020-09-21,6,{'ROAD_CLOSED'},{'ROAD_CLOSED_EVENT'},1,{7},6.0
2e68e657,2e68e656c,2020-09-21,9,{'ROAD_CLOSED'},{'ROAD_CLOSED_EVENT'},3986,{7},6.0
2e68e657,2e68e656c,2020-09-22,9,{'ROAD_CLOSED'},{'ROAD_CLOSED_EVENT'},4005,{7},6.0
2e68e657,2e68e656c,2020-09-23,9,{'ROAD_CLOSED'},{'ROAD_CLOSED_EVENT'},3990,{7},6.0
2e68e657,2e68e656c,2020-09-24,9,{'ROAD_CLOSED'},{'ROAD_CLOSED_EVENT'},4018,{7},6.0
2e68e657,2e68e656c,2020-09-25,9,{'ROAD_CLOSED'},{'ROAD_CLOSED_EVENT'},3999,{7},6.0
2e68e657,2e68e656c,2020-09-28,9,{'ROAD_CLOSED'},{'ROAD_CLOSED_EVENT'},3794,{7},6.0
2e68e657,2e68e656c,2020-09-29,9,{'ROAD_CLOSED'},{'ROAD_CLOSED_EVENT'},3790,{7},6.0
2e68e657,2e68e656c,2020-09-30,9,{'ROAD_CLOSED'},{'ROAD_CLOSED_EVENT'},3777,{7},6.0
2e68e657,2e68e656c,2020-10-01,6,{'ROAD_CLOSED'},{'ROAD_CLOSED_EVENT'},5,{7},6.0
2e68e657,2e68e656c,2020-10-01,9,{'ROAD_CLOSED'},{'ROAD_CLOSED_EVENT'},3783,{7},6.0
2e68e657,2e68e656c,2020-10-02,9,{'ROAD_CLOSED'},{'ROAD_CLOSED_EVENT'},3780,{7},6.0
2e68e657,2e68e656c,2020-10-03,6,{'ROAD_CLOSED'},{'ROAD_CLOSED_EVENT'},3,{7},6.0
2e68e657,2e68e656c,2020-10-03,9,{'ROAD_CLOSED'},{'ROAD_CLOSED_EVENT'},3793,{7},6.0
2e68e657,2e68e656c,2020-10-04,9,{'ROAD_CLOSED'},{'ROAD_CLOSED_EVENT'},3766,{7},6.0
2e68e657,2e68e656c,2020-10-05,9,{'ROAD_CLOSED'},{'ROAD_CLOSED_EVENT'},3776,{7},6.0
2e68e657,2e68e656c,2020-10-06,6,{'ROAD_CLOSED'},{'ROAD_CLOSED_EVENT'},2,{7},6.0
2e68e657,2e68e656c,2020-10-06,9,{'ROAD_CLOSED'},{'ROAD_CLOSED_EVENT'},3769,{7},6.0
2e68e657,2e68e656c,2020-10-07,6,{'ROAD_CLOSED'},{'ROAD_CLOSED_EVENT'},6,{7},6.0
2e68e657,2e68e656c,2020-10-07,9,{'ROAD_CLOSED'},{'ROAD_CLOSED_EVENT'},3763,{7},6.0
2e68e657,2e68e656c,2020-10-08,9,{'ROAD_CLOSED'},{'ROAD_CLOSED_EVENT'},3801,{7},6.0
2e68e657,2e68e656c,2020-10-09,9,{'ROAD_CLOSED'},{'ROAD_CLOSED_EVENT'},3772,{7},6.0
2e68e657,2e68e656c,2020-10-10,9,{'ROAD_CLOSED'},{'ROAD_CLOSED_EVENT'},3772,{7},6.0
2e68e657,2e68e656c,2020-10-19,10,{'ROAD_CLOSED'},{'ROAD_CLOSED_EVENT'},3372,{7},6.0
2e68e657,2e68e656c,2020-10-20,10,{'ROAD_CLOSED'},{'ROAD_CLOSED_EVENT'},3374,{7},6.0
2e68e657,2e68e656c,2020-10-21,10,{'ROAD_CLOSED'},{'ROAD_CLOSED_EVENT'},3331,{7},6.0
2e68e657,2e68e656c,2020-10-22,10,{'ROAD_CLOSED'},{'ROAD_CLOSED_EVENT'},3381,{7},6.0
2e68e657,2e68e656c,2020-10-23,10,{'ROAD_CLOSED'},{'ROAD_CLOSED_EVENT'},3374,{7},6.0
2e68e657,2e68e656c,2020-10-24,6,{'ROAD_CLOSED'},{'ROAD_CLOSED_EVENT'},13,{7},6.0
2e68e657,2e68e656c,2020-10-24,10,{'ROAD_CLOSED'},{'ROAD_CLOSED_EVENT'},3360,{7},6.0
2e68e657,2e68e656c,2020-10-25,10,{'ROAD_CLOSED'},{'ROAD_CLOSED_EVENT'},3376,{7},6.0
2e68e657,2e68e656c,2020-10-26,10,{'ROAD_CLOSED'},{'ROAD_CLOSED_EVENT'},3388,{7},6.0
2e68e657,2e68e656c,2020-10-26,21,{'JAM'},{'JAM_STAND_STILL_TRAFFIC'},7,{7},5.0
2e68e657,2e68e656c,2020-10-27,10,{'ROAD_CLOSED'},{'ROAD_CLOSED_EVENT'},3388,{7},6.0
2e68e657,2e68e656c,2020-10-28,10,{'ROAD_CLOSED'},{'ROAD_CLOSED_EVENT'},3374,{7},6.0
2e68e657,2e68e656c,2020-10-29,10,{'ROAD_CLOSED'},{'ROAD_CLOSED_EVENT'},3374,{7},6.0
2e68e657,2e68e656c,2020-10-30,10,{'ROAD_CLOSED'},{'ROAD_CLOSED_EVENT'},3383,{7},6.0
2e68e657,2e68e656c,2020-10-30,14,{'JAM'},{'JAM_MODERATE_TRAFFIC'},32,{7},5.0
2e68e657,2e68e656c,2020-10-31,10,{'ROAD_CLOSED'},{'ROAD_CLOSED_EVENT'},3379,{7},6.0
2e68e657,2e68e656c,2020-11-01,6,{'ROAD_CLOSED'},{'ROAD_CLOSED_EVENT'},4,{7},6.0
2e68e657,2e68e656c,2020-11-07,13,{'JAM'},{'JAM'},32,{7},5.0
2e68e657,2e68e656c,2020-11-10,13,{'JAM'},{'JAM_STAND_STILL_TRAFFIC'},22,{7},6.454545454545454
2e68e657,2e68e656c,2020-11-13,14,{'JAM'},{'JAM_MODERATE_TRAFFIC'},32,{7},5.8125
2e68e657,2e68e656c,2020-11-18,18,{'ACCIDENT'},{'ACCIDENT_MAJOR'},120,{1},5.0
2e68e657,2e68e657c,2020-10-23,18,{'JAM'},{'JAM_HEAVY_TRAFFIC'},15,{2},5.0
2e68e657,2e68e657c,2020-10-27,14,{'JAM'},{'JAM'},28,{2},5.0
2e68e657,2e68e657c,2020-10-30,15,{'JAM'},{'JAM_HEAVY_TRAFFIC'},30,{2},6.0
2e68e657,2e68e657c,2020-10-30,21,{'JAM'},{'JAM_HEAVY_TRAFFIC'},16,{2},5.0
2e68e657,2e68e657c,2020-11-07,14,{'JAM'},{'JAM_STAND_STILL_TRAFFIC'},31,{1},5.0
2e68e657,2e68e657c,2020-11-10,10,{'JAM'},{'JAM_STAND_STILL_TRAFFIC'},32,{2},7.59375
2e68e657,2e68e657c,2020-11-10,12,{'JAM'},"{'JAM', 'JAM_HEAVY_TRAFFIC'}",44,"{1, 2}",5.840909090909091
2e68e657,2e68e657c,2020-11-10,13,{'JAM'},{'JAM_HEAVY_TRAFFIC'},38,{1},5.894736842105263
2e68e657,2e68e657c,2020-11-14,14,{'JAM'},{'JAM_MODERATE_TRAFFIC'},27,{2},5.0
2e68e657,2e68e657c,2020-11-14,19,{'JAM'},{'JAM_STAND_STILL_TRAFFIC'},30,{2},5.0
2e68e657,2e68e657c,2020-11-16,12,{'JAM'},{'JAM_STAND_STILL_TRAFFIC'},63,"{1, 2}",5.777777777777778
2e68e659,2e68e6584,2020-10-30,14,{'JAM'},{'JAM_STAND_STILL_TRAFFIC'},32,{2},6.21875
2e68e659,2e68e6584,2020-10-31,12,"{'JAM', 'WEATHERHAZARD'}","{'WEATHERHAZARD', 'JAM_MODERATE_TRAFFIC'}",38,{2},5.473684210526316
2e68e659,2e68e6584,2020-10-31,13,{'JAM'},{'JAM_HEAVY_TRAFFIC'},13,{2},5.615384615384615
2e68e659,2e68e6584,2020-11-10,9,{'JAM'},{'JAM_HEAVY_TRAFFIC'},31,{2},7.354838709677419
2e68e659,2e68e6584,2020-11-10,10,{'JAM'},{'JAM_STAND_STILL_TRAFFIC'},32,{2},5.0
2e68e659,2e68e658c,2020-09-05,19,{'ACCIDENT'},{'ACCIDENT'},6,{7},5.0
2e68e659,2e68e658c,2020-10-20,18,{'ACCIDENT'},{'ACCIDENT'},121,{20},5.0
2e68e659,2e68e658c,2020-10-29,21,{'JAM'},{'JAM_HEAVY_TRAFFIC'},8,{7},5.0
2e68e659,2e68e658c,2020-10-30,16,{'JAM'},{'JAM_STAND_STILL_TRAFFIC'},32,{7},5.96875
2e68e659,2e68e658c,2020-10-30,17,{'JAM'},"{'JAM_STAND_STILL_TRAFFIC', 'JAM_HEAVY_TRAFFIC'}",63,{7},5.507936507936508
2e68e659,2e68e658c,2020-11-22,19,{'JAM'},{'JAM_HEAVY_TRAFFIC'},5,{7},5.0
2e68e659,2e68e6594,2020-09-21,19,{'JAM'},{'JAM_HEAVY_TRAFFIC'},8,{7},5.0
2e68e659,2e68e6594,2020-10-30,15,{'JAM'},{'JAM'},30,{7},5.0
2e68e659,2e68e6594,2020-10-30,16,{'JAM'},{'JAM_HEAVY_TRAFFIC'},36,{1},8.972222222222221
2e68e659,2e68e6594,2020-10-30,17,{'JAM'},{'JAM_HEAVY_TRAFFIC'},38,{7},6.026315789473684
2e68e659,2e68e6594,2020-10-31,15,{'JAM'},{'JAM_STAND_STILL_TRAFFIC'},30,{7},5.7
2e68e659,2e68e6594,2020-10-31,19,{'JAM'},{'JAM_MODERATE_TRAFFIC'},32,{7},5.0
2e68e659,2e68e6594,2020-11-07,19,{'JAM'},{'JAM_STAND_STILL_TRAFFIC'},30,{7},5.533333333333333
2e68e659,2e68e6594,2020-11-12,15,{'JAM'},{'JAM'},17,{7},5.0
2e68e659,2e68e659c,2020-10-17,20,{'JAM'},{'JAM_STAND_STILL_TRAFFIC'},33,{2},5.96969696969697
2e68e659,2e68e659c,2020-10-29,13,"{'JAM', 'ACCIDENT'}","{'JAM_STAND_STILL_TRAFFIC', 'ACCIDENT_MAJOR'}",75,{2},5.413333333333333
2e68e659,2e68e659c,2020-11-10,13,{'JAM'},{'JAM_STAND_STILL_TRAFFIC'},31,{2},5.0
2e68e659,2e68e659c,2020-11-15,12,{'JAM'},{'JAM_MODERATE_TRAFFIC'},35,{2},5.0
2e68e659,2e68e659c,2020-11-15,13,{'JAM'},{'JAM_HEAVY_TRAFFIC'},29,{2},5.482758620689655
2e68e65b,2e68e65a4,2020-10-05,11,{'WEATHERHAZARD'},{'WEATHERHAZARD'},46,{2},6.456521739130435
2e68e65b,2e68e65a4,2020-10-31,13,{'JAM'},{'JAM_MODERATE_TRAFFIC'},31,{2},5.0
2e68e65b,2e68e65ac,2020-10-08,16,{'JAM'},{'JAM'},32,{2},5.0
2e68e65b,2e68e65ac,2020-10-23,18,{'JAM'},{'JAM_MODERATE_TRAFFIC'},27,{2},5.0
2e68e65b,2e68e65ac,2020-10-30,19,{'WEATHERHAZARD'},{'HAZARD_WEATHER_FOG'},7,{2},5.714285714285714
2e68e65b,2e68e65ac,2020-10-31,13,{'JAM'},{'JAM_MODERATE_TRAFFIC'},30,{2},5.0
2e68e65b,2e68e65ac,2020-11-20,10,{'JAM'},{'JAM'},6,{2},5.0
2e68e65b,2e68e65b4,2020-09-06,12,{'JAM'},{'JAM_STAND_STILL_TRAFFIC'},40,{7},6.0
2e68e65b,2e68e65b4,2020-09-06,17,{'JAM'},{'JAM_STAND_STILL_TRAFFIC'},30,{7},5.566666666666666
2e68e65b,2e68e65b4,2020-09-12,13,{'JAM'},{'JAM_HEAVY_TRAFFIC'},30,{7},5.0
2e68e65b,2e68e65b4,2020-09-13,14,{'JAM'},{'JAM'},5,{1},5.0
2e68e65b,2e68e65b4,2020-09-26,13,{'JAM'},{'JAM_HEAVY_TRAFFIC'},31,{7},5.0
2e68e65b,2e68e65b4,2020-10-03,13,{'JAM'},{'JAM_STAND_STILL_TRAFFIC'},32,{7},5.0
2e68e65b,2e68e65b4,2020-10-04,14,{'JAM'},{'JAM_MODERATE_TRAFFIC'},30,{7},5.5
2e68e65b,2e68e65b4,2020-10-10,17,{'JAM'},{'JAM_HEAVY_TRAFFIC'},30,{7},5.9
2e68e65b,2e68e65b4,2020-10-23,15,"{'WEATHERHAZARD', 'ACCIDENT'}","{'HAZARD_ON_SHOULDER_ANIMALS', 'ACCIDENT_MAJOR'}",44,{7},5.045454545454546
2e68e65b,2e68e65b4,2020-10-28,14,{'JAM'},{'JAM_HEAVY_TRAFFIC'},32,{7},6.84375
2e68e65b,2e68e65b4,2020-10-30,19,{'JAM'},{'JAM_STAND_STILL_TRAFFIC'},33,{7},5.0
2e68e65b,2e68e65b4,2020-10-31,12,{'JAM'},{'JAM_MODERATE_TRAFFIC'},31,{7},5.0
2e68e65b,2e68e65b4,2020-11-06,14,{'ACCIDENT'},{'ACCIDENT_MAJOR'},30,{7},5.766666666666667
2e68e65b,2e68e65b4,2020-11-07,14,{'JAM'},{'JAM_STAND_STILL_TRAFFIC'},40,{7},6.125
2e68e65b,2e68e65b4,2020-11-08,14,{'JAM'},{'JAM_HEAVY_TRAFFIC'},30,{7},5.0
2e68e65b,2e68e65b4,2020-11-15,13,{'JAM'},{'JAM_STAND_STILL_TRAFFIC'},35,{7},5.771428571428571
2e68e65b,2e68e65b4,2020-11-22,15,{'JAM'},{'JAM_STAND_STILL_TRAFFIC'},30,{7},6.6
2e68e65b,2e68e65bc,2020-09-05,19,"{'JAM', 'WEATHERHAZARD'}","{'HAZARD_WEATHER_FLOOD', 'JAM_HEAVY_TRAFFIC'}",35,{7},6.285714285714286
2e68e65b,2e68e65bc,2020-09-06,14,{'JAM'},{'JAM_STAND_STILL_TRAFFIC'},30,{7},6.133333333333334
2e68e65b,2e68e65bc,2020-09-20,15,{'JAM'},{'JAM_HEAVY_TRAFFIC'},38,{7},5.421052631578948
2e68e65b,2e68e65bc,2020-10-03,12,{'JAM'},{'JAM_HEAVY_TRAFFIC'},29,{7},5.0
2e68e65b,2e68e65bc,2020-10-03,15,{'JAM'},{'JAM'},7,{7},5.0
2e68e65b,2e68e65bc,2020-10-25,15,{'JAM'},{'JAM_HEAVY_TRAFFIC'},45,{7},6.044444444444444
2e68e65b,2e68e65bc,2020-10-27,17,{'JAM'},{'JAM_HEAVY_TRAFFIC'},33,{7},5.0
2e68e65b,2e68e65bc,2020-10-28,18,{'JAM'},{'JAM'},20,{17},5.0
2e68e65b,2e68e65bc,2020-10-29,14,{'JAM'},{'JAM_HEAVY_TRAFFIC'},46,{7},8.478260869565217
2e68e65b,2e68e65bc,2020-10-29,19,{'JAM'},{'JAM_STAND_STILL_TRAFFIC'},39,{7},5.0
2e68e65b,2e68e65bc,2020-10-30,18,{'JAM'},{'JAM_HEAVY_TRAFFIC'},49,{7},8.653061224489797
2e68e65b,2e68e65bc,2020-10-31,15,{'JAM'},{'JAM_HEAVY_TRAFFIC'},44,{7},5.909090909090909
2e68e65b,2e68e65bc,2020-10-31,18,{'JAM'},{'JAM_STAND_STILL_TRAFFIC'},33,{7},5.0
2e68e65b,2e68e65bc,2020-11-01,11,{'JAM'},{'JAM_HEAVY_TRAFFIC'},42,{7},5.357142857142857
2e68e65b,2e68e65bc,2020-11-14,16,{'JAM'},{'JAM_STAND_STILL_TRAFFIC'},30,{7},5.533333333333333
2e68e65b,2e68e65bc,2020-11-14,19,{'JAM'},{'JAM_HEAVY_TRAFFIC'},33,{7},6.151515151515151
2e68e65b,2e68e65bc,2020-11-20,14,{'JAM'},{'JAM_STAND_STILL_TRAFFIC'},33,{7},5.575757575757576
2e68e65b,2e68e65bc,2020-11-21,13,{'JAM'},{'JAM_STAND_STILL_TRAFFIC'},7,{7},5.857142857142857
2e68e65b,2e68e65bc,2020-11-22,13,{'JAM'},{'JAM_STAND_STILL_TRAFFIC'},29,{7},5.655172413793103
2e68e65b,2e68e65bc,2020-11-22,15,{'JAM'},{'JAM_STAND_STILL_TRAFFIC'},26,{7},6.346153846153846
2e68e65b,2e68e65bc,2020-11-22,19,{'JAM'},{'JAM_MODERATE_TRAFFIC'},33,{7},5.0
2e68e65d,2e68e65c4,2020-09-22,18,{'JAM'},{'JAM_STAND_STILL_TRAFFIC'},30,{1},5.0
2e68e65d,2e68e65c4,2020-09-23,13,{'JAM'},{'JAM_MODERATE_TRAFFIC'},30,{22},5.0
2e68e65d,2e68e65c4,2020-09-25,6,"{'JAM', 'ACCIDENT'}","{'JAM_MODERATE_TRAFFIC', 'ACCIDENT_MAJOR'}",182,{22},5.5989010989010985
2e68e65d,2e68e65c4,2020-09-28,15,"{'JAM', 'ACCIDENT'}","{'ACCIDENT_MAJOR', 'JAM_HEAVY_TRAFFIC'}",150,{22},5.713333333333333
2e68e65d,2e68e65c4,2020-10-17,16,{'JAM'},{'JAM_STAND_STILL_TRAFFIC'},3,{7},5.0
2e68e65d,2e68e65c4,2020-10-28,17,{'JAM'},{'JAM_MODERATE_TRAFFIC'},31,{7},5.0
2e68e65d,2e68e65c4,2020-10-29,16,{'JAM'},{'JAM_HEAVY_TRAFFIC'},33,{7},8.666666666666666
2e68e65d,2e68e65c4,2020-10-30,11,{'JAM'},{'JAM_MODERATE_TRAFFIC'},31,{7},5.0
2e68e65d,2e68e65c4,2020-10-30,19,{'JAM'},{'JAM_STAND_STILL_TRAFFIC'},30,{7},5.666666666666667
2e68e65d,2e68e65c4,2020-11-07,18,{'JAM'},{'JAM_HEAVY_TRAFFIC'},32,{7},5.0
2e68e65d,2e68e65cc,2020-09-04,17,{'JAM'},{'JAM_MODERATE_TRAFFIC'},34,{7},5.0
2e68e65d,2e68e65cc,2020-09-06,18,{'JAM'},{'JAM_HEAVY_TRAFFIC'},13,{7},5.0
2e68e65d,2e68e65cc,2020-09-13,14,{'JAM'},{'JAM'},32,{7},5.46875
2e68e65d,2e68e65cc,2020-10-02,10,{'JAM'},{'JAM_MODERATE_TRAFFIC'},31,{7},5.838709677419355
2e68e65d,2e68e65cc,2020-10-02,15,{'JAM'},{'JAM_HEAVY_TRAFFIC'},13,{7},6.0
2e68e65d,2e68e65cc,2020-10-10,20,{'JAM'},{'JAM_HEAVY_TRAFFIC'},32,{7},6.0
2e68e65d,2e68e65cc,2020-10-16,10,{'JAM'},{'JAM_MODERATE_TRAFFIC'},35,{7},5.485714285714286
2e68e65d,2e68e65cc,2020-10-19,18,{'JAM'},{'JAM'},21,{2},5.0
2e68e65d,2e68e65cc,2020-10-20,18,{'JAM'},{'JAM_MODERATE_TRAFFIC'},30,{7},5.0
2e68e65d,2e68e65cc,2020-10-24,12,{'JAM'},{'JAM_HEAVY_TRAFFIC'},42,{7},6.857142857142857
2e68e65d,2e68e65cc,2020-10-25,14,{'JAM'},{'JAM_MODERATE_TRAFFIC'},36,{7},5.0
2e68e65d,2e68e65cc,2020-10-25,19,{'JAM'},{'JAM_MODERATE_TRAFFIC'},7,{1},5.0
2e68e65d,2e68e65cc,2020-10-30,13,{'JAM'},{'JAM_HEAVY_TRAFFIC'},53,{7},7.056603773584905
2e68e65d,2e68e65cc,2020-10-31,12,{'JAM'},{'JAM_MODERATE_TRAFFIC'},33,{7},5.0
2e68e65d,2e68e65cc,2020-10-31,13,{'JAM'},"{'JAM_STAND_STILL_TRAFFIC', 'JAM_MODERATE_TRAFFIC', 'JAM_HEAVY_TRAFFIC'}",110,{7},6.581818181818182
2e68e65d,2e68e65cc,2020-10-31,19,{'JAM'},{'JAM_STAND_STILL_TRAFFIC'},31,{7},6.612903225806452
2e68e65d,2e68e65cc,2020-11-01,14,{'JAM'},{'JAM_MODERATE_TRAFFIC'},46,{7},5.3478260869565215
2e68e65d,2e68e65cc,2020-11-01,15,{'JAM'},{'JAM_MODERATE_TRAFFIC'},5,{2},5.0
2e68e65d,2e68e65cc,2020-11-03,18,{'JAM'},{'JAM_MODERATE_TRAFFIC'},1,{7},5.0
2e68e65d,2e68e65cc,2020-11-07,13,"{'JAM', 'ACCIDENT'}","{'JAM_STAND_STILL_TRAFFIC', 'ACCIDENT_MAJOR'}",92,{7},7.673913043478261
2e68e65d,2e68e65cc,2020-11-07,15,{'JAM'},{'JAM_HEAVY_TRAFFIC'},40,{7},5.425
2e68e65d,2e68e65cc,2020-11-07,18,{'JAM'},{'JAM'},43,{7},5.372093023255814
2e68e65d,2e68e65cc,2020-11-07,21,{'JAM'},{'JAM_STAND_STILL_TRAFFIC'},20,{7},5.0
2e68e65d,2e68e65cc,2020-11-08,14,{'JAM'},{'JAM_STAND_STILL_TRAFFIC'},2,{7},8.0
2e68e65d,2e68e65cc,2020-11-13,14,{'JAM'},{'JAM_HEAVY_TRAFFIC'},31,{7},6.064516129032258
2e68e65d,2e68e65cc,2020-11-13,20,{'JAM'},{'JAM_MODERATE_TRAFFIC'},29,{7},5.0
2e68e65d,2e68e65cc,2020-11-15,14,{'JAM'},{'JAM_STAND_STILL_TRAFFIC'},22,{7},5.954545454545454
2e68e65d,2e68e65cc,2020-11-20,14,{'JAM'},{'JAM_STAND_STILL_TRAFFIC'},41,{1},6.146341463414634
2e68e65d,2e68e65cc,2020-11-20,15,{'JAM'},{'JAM_HEAVY_TRAFFIC'},31,{7},5.0
2e68e65d,2e68e65cc,2020-11-21,17,{'JAM'},{'JAM_STAND_STILL_TRAFFIC'},28,{7},6.464285714285714
2e68e65d,2e68e65cc,2020-11-22,13,{'JAM'},{'JAM_HEAVY_TRAFFIC'},6,{7},5.0
2e68e65d,2e68e65d4,2020-10-16,16,{'JAM'},{'JAM_STAND_STILL_TRAFFIC'},31,{2},5.0
2e68e65d,2e68e65d4,2020-10-28,18,{'JAM'},{'JAM_MODERATE_TRAFFIC'},7,{2},5.0
2e68e65d,2e68e65d4,2020-10-31,14,{'JAM'},{'JAM_STAND_STILL_TRAFFIC'},31,{2},6.290322580645161
2e68e65d,2e68e65d4,2020-11-18,13,{'JAM'},{'JAM_STAND_STILL_TRAFFIC'},9,{2},5.0
2e68e65d,2e68e65d4,2020-11-20,9,{'WEATHERHAZARD'},{'WEATHERHAZARD'},31,{20},5.838709677419355
2e68e65d,2e68e65dc,2020-11-16,8,{'JAM'},{'JAM_HEAVY_TRAFFIC'},31,{2},6.0
2e68e65f,2e68e65e4,2020-09-20,12,{'JAM'},{'JAM_HEAVY_TRAFFIC'},7,{2},5.0
2e68e65f,2e68e65e4,2020-10-01,9,{'JAM'},{'JAM_STAND_STILL_TRAFFIC'},32,{1},5.90625
2e68e65f,2e68e65e4,2020-10-10,9,{'JAM'},{'JAM_HEAVY_TRAFFIC'},31,{2},5.0
2e68e65f,2e68e65e4,2020-10-15,9,{'JAM'},{'JAM_MODERATE_TRAFFIC'},31,{2},6.838709677419355
2e68e65f,2e68e65e4,2020-10-25,16,{'JAM'},{'JAM_STAND_STILL_TRAFFIC'},74,{2},5.202702702702703
2e68e65f,2e68e65e4,2020-10-29,9,{'JAM'},{'JAM_HEAVY_TRAFFIC'},21,{1},5.0
2e68e65f,2e68e65e4,2020-10-30,9,{'JAM'},{'JAM_STAND_STILL_TRAFFIC'},30,{2},5.0
2e68e65f,2e68e65e4,2020-11-03,10,{'JAM'},{'JAM_STAND_STILL_TRAFFIC'},30,{2},5.0
2e68e65f,2e68e65e4,2020-11-06,8,{'JAM'},{'JAM_HEAVY_TRAFFIC'},32,{2},5.0
2e68e65f,2e68e65e4,2020-11-08,8,{'JAM'},{'JAM_MODERATE_TRAFFIC'},32,{2},5.0
2e68e65f,2e68e65e4,2020-11-11,9,{'JAM'},{'JAM_HEAVY_TRAFFIC'},32,{2},6.0
2e68e65f,2e68e65e4,2020-11-15,9,{'JAM'},{'JAM_MODERATE_TRAFFIC'},29,{2},5.0
2e68e65f,2e68e65e4,2020-11-15,14,{'JAM'},{'JAM_HEAVY_TRAFFIC'},6,{1},5.0
2e68e65f,2e68e65e4,2020-11-21,10,{'JAM'},{'JAM_HEAVY_TRAFFIC'},29,{1},5.551724137931035
2e68e65f,2e68e65ec,2020-09-04,16,{'JAM'},{'JAM_MODERATE_TRAFFIC'},6,{7},5.0
2e68e65f,2e68e65ec,2020-09-07,13,{'JAM'},{'JAM_STAND_STILL_TRAFFIC'},11,{1},5.0
2e68e65f,2e68e65ec,2020-09-15,17,{'JAM'},{'JAM_STAND_STILL_TRAFFIC'},18,{7},5.944444444444445
2e68e65f,2e68e65ec,2020-09-18,19,{'JAM'},{'JAM_MODERATE_TRAFFIC'},31,{7},5.0
2e68e65f,2e68e65ec,2020-10-02,18,{'ACCIDENT'},{'ACCIDENT'},38,{7},6.2105263157894735
2e68e65f,2e68e65ec,2020-10-14,16,{'JAM'},{'JAM_STAND_STILL_TRAFFIC'},7,{7},5.0
2e68e65f,2e68e65ec,2020-10-17,17,{'JAM'},{'JAM'},11,{7},5.0
2e68e65f,2e68e65ec,2020-10-20,18,{'JAM'},{'JAM_MODERATE_TRAFFIC'},11,{7},5.0
2e68e65f,2e68e65ec,2020-10-24,13,{'JAM'},{'JAM_MODERATE_TRAFFIC'},29,{7},5.0
2e68e65f,2e68e65ec,2020-10-28,18,{'JAM'},{'JAM_MODERATE_TRAFFIC'},30,{7},5.0
2e68e65f,2e68e65ec,2020-10-28,21,{'JAM'},{'JAM_MODERATE_TRAFFIC'},16,{7},5.0
2e68e65f,2e68e65ec,2020-10-29,16,{'JAM'},{'JAM_STAND_STILL_TRAFFIC'},30,{7},5.9
2e68e65f,2e68e65ec,2020-10-29,18,{'JAM'},{'JAM_HEAVY_TRAFFIC'},30,{7},5.0
2e68e65f,2e68e65ec,2020-10-30,13,{'JAM'},{'JAM_HEAVY_TRAFFIC'},36,{7},7.638888888888889
2e68e65f,2e68e65ec,2020-10-30,17,{'JAM'},{'JAM_HEAVY_TRAFFIC'},30,{7},6.8
2e68e65f,2e68e65ec,2020-10-31,10,{'JAM'},{'JAM'},31,{1},5.0
2e68e65f,2e68e65ec,2020-10-31,14,{'JAM'},{'JAM_HEAVY_TRAFFIC'},10,{7},6.0
2e68e65f,2e68e65ec,2020-10-31,16,{'JAM'},{'JAM_HEAVY_TRAFFIC'},36,{7},6.222222222222222
2e68e65f,2e68e65ec,2020-11-07,13,{'JAM'},{'JAM_STAND_STILL_TRAFFIC'},5,{7},5.0
2e68e65f,2e68e65ec,2020-11-10,14,{'JAM'},{'JAM_STAND_STILL_TRAFFIC'},23,{7},5.0
2e68e65f,2e68e65ec,2020-11-22,12,{'JAM'},{'JAM_STAND_STILL_TRAFFIC'},13,{7},5.846153846153846
2e68e65f,2e68e65ec,2020-11-22,18,{'JAM'},{'JAM'},6,{7},5.0
2e68e65f,2e68e65f4,2020-10-18,15,{'JAM'},{'JAM_MODERATE_TRAFFIC'},30,{7},5.0
2e68e65f,2e68e65f4,2020-10-20,18,{'JAM'},{'JAM_MODERATE_TRAFFIC'},28,{7},5.0
2e68e65f,2e68e65f4,2020-10-24,13,{'JAM'},{'JAM_MODERATE_TRAFFIC'},31,{2},5.0
2e68e65f,2e68e65f4,2020-10-28,17,{'JAM'},{'JAM_MODERATE_TRAFFIC'},12,{7},5.0
2e68e65f,2e68e65f4,2020-10-30,11,{'JAM'},{'JAM_MODERATE_TRAFFIC'},28,{2},5.0
2e68e65f,2e68e65f4,2020-10-30,16,{'JAM'},{'JAM_HEAVY_TRAFFIC'},31,{2},7.451612903225806
2e68e65f,2e68e65f4,2020-10-30,17,{'JAM'},{'JAM_HEAVY_TRAFFIC'},34,{2},5.735294117647059
2e68e65f,2e68e65f4,2020-10-31,13,{'JAM'},{'JAM'},32,{1},5.0
2e68e65f,2e68e65f4,2020-11-15,9,{'JAM'},{'JAM_MODERATE_TRAFFIC'},17,{2},5.0
2e68e65f,2e68e65f4,2020-11-18,13,{'WEATHERHAZARD'},{'WEATHERHAZARD'},31,{20},5.870967741935484
2e68e65f,2e68e65f4,2020-11-20,16,{'JAM'},{'JAM_STAND_STILL_TRAFFIC'},14,{7},5.0
2e68e65f,2e68e65f4,2020-11-21,10,{'JAM'},{'JAM_HEAVY_TRAFFIC'},12,{2},5.0
2e68e65f,2e68e65fc,2020-09-26,15,{'JAM'},{'JAM_MODERATE_TRAFFIC'},30,{2},5.0
2e68e65f,2e68e65fc,2020-10-25,16,{'JAM'},"{'JAM', 'JAM_STAND_STILL_TRAFFIC'}",36,{2},5.0
2e68e65f,2e68e65fc,2020-10-28,18,{'JAM'},{'JAM_HEAVY_TRAFFIC'},17,{2},6.0
2e68e65f,2e68e65fc,2020-10-29,18,{'JAM'},{'JAM_STAND_STILL_TRAFFIC'},32,{2},5.0
2e68e65f,2e68e65fc,2020-10-30,17,{'JAM'},{'JAM_STAND_STILL_TRAFFIC'},32,{2},6.6875
2e68e65f,2e68e65fc,2020-11-03,14,{'WEATHERHAZARD'},{'WEATHERHAZARD'},31,{2},5.0
2e68e65f,2e68e65fc,2020-11-05,10,{'JAM'},{'JAM_STAND_STILL_TRAFFIC'},29,{2},5.0
2e68e661,2e68e6604,2020-09-01,14,{'JAM'},{'JAM_HEAVY_TRAFFIC'},31,{7},5.0
2e68e661,2e68e6604,2020-09-05,14,{'JAM'},{'JAM'},39,{7},5.384615384615385
2e68e661,2e68e6604,2020-09-05,17,{'JAM'},{'JAM_STAND_STILL_TRAFFIC'},59,{20},5.338983050847458
2e68e661,2e68e6604,2020-09-18,13,{'JAM'},{'JAM_MODERATE_TRAFFIC'},21,{7},5.0
2e68e661,2e68e6604,2020-09-26,14,{'JAM'},{'JAM_MODERATE_TRAFFIC'},32,{7},5.0
2e68e661,2e68e6604,2020-10-09,18,{'JAM'},{'JAM'},31,{20},5.0
2e68e661,2e68e6604,2020-10-17,14,{'JAM'},{'JAM_HEAVY_TRAFFIC'},47,{7},8.063829787234043
2e68e661,2e68e6604,2020-10-20,13,{'JAM'},{'JAM_MODERATE_TRAFFIC'},31,{20},5.0
2e68e661,2e68e6604,2020-10-20,17,{'JAM'},{'JAM_MODERATE_TRAFFIC'},31,{7},5.0
2e68e661,2e68e6604,2020-10-21,14,{'JAM'},{'JAM_MODERATE_TRAFFIC'},34,{7},5.0
2e68e661,2e68e6604,2020-10-24,11,{'JAM'},{'JAM_HEAVY_TRAFFIC'},30,{7},5.0
2e68e661,2e68e6604,2020-10-25,13,{'JAM'},{'JAM_STAND_STILL_TRAFFIC'},41,{7},5.390243902439025
2e68e661,2e68e6604,2020-10-25,15,{'JAM'},{'JAM_STAND_STILL_TRAFFIC'},77,"{2, 7}",6.5064935064935066
2e68e661,2e68e6604,2020-10-28,18,{'JAM'},{'JAM_MODERATE_TRAFFIC'},30,{7},5.0
2e68e661,2e68e6604,2020-10-29,14,{'JAM'},{'JAM_HEAVY_TRAFFIC'},34,{2},5.0
2e68e661,2e68e6604,2020-10-29,16,{'JAM'},{'JAM_STAND_STILL_TRAFFIC'},31,{7},5.0
2e68e661,2e68e6604,2020-10-30,15,{'JAM'},{'JAM_STAND_STILL_TRAFFIC'},48,{7},7.020833333333333
2e68e661,2e68e6604,2020-10-30,16,{'JAM'},{'JAM_STAND_STILL_TRAFFIC'},12,{2},5.583333333333333
2e68e661,2e68e6604,2020-10-31,16,{'JAM'},{'JAM_MODERATE_TRAFFIC'},18,{2},5.0
2e68e661,2e68e6604,2020-11-05,19,{'JAM'},{'JAM_MODERATE_TRAFFIC'},31,{7},5.0
2e68e661,2e68e6604,2020-11-07,18,{'JAM'},{'JAM_STAND_STILL_TRAFFIC'},60,{7},5.0
2e68e661,2e68e6604,2020-11-14,16,{'JAM'},{'JAM_STAND_STILL_TRAFFIC'},10,{2},5.0
2e68e661,2e68e6604,2020-11-14,17,{'JAM'},{'JAM_HEAVY_TRAFFIC'},32,{2},5.0
2e68e661,2e68e6604,2020-11-19,10,{'JAM'},{'JAM'},6,{7},5.0
2e68e661,2e68e6604,2020-11-21,11,{'JAM'},{'JAM_STAND_STILL_TRAFFIC'},7,{2},6.142857142857143
2e68e661,2e68e6604,2020-11-21,13,{'JAM'},{'JAM_HEAVY_TRAFFIC'},15,{7},6.066666666666666
2e68e661,2e68e6604,2020-11-21,14,{'JAM'},{'JAM_STAND_STILL_TRAFFIC'},32,{7},5.46875
2e68e661,2e68e6604,2020-11-21,15,{'JAM'},{'JAM_STAND_STILL_TRAFFIC'},30,{7},5.0
2e68e661,2e68e6604,2020-11-21,18,{'JAM'},{'JAM'},19,{20},5.0
2e68e661,2e68e6604,2020-11-21,19,{'JAM'},{'JAM_STAND_STILL_TRAFFIC'},2,{7},5.0
2e68e661,2e68e660c,2020-09-05,14,{'JAM'},{'JAM_MODERATE_TRAFFIC'},31,{7},5.0
2e68e661,2e68e660c,2020-10-08,11,{'JAM'},{'JAM'},7,{7},5.0
2e68e661,2e68e660c,2020-10-29,15,{'JAM'},{'JAM_MODERATE_TRAFFIC'},31,{7},5.0
2e68e665,2e68e6644,2020-09-01,9,{'JAM'},{'JAM_HEAVY_TRAFFIC'},33,{6},5.0
2e68e665,2e68e6644,2020-10-10,21,{'JAM'},{'JAM_HEAVY_TRAFFIC'},30,{6},5.0
2e68e665,2e68e6644,2020-10-19,10,{'JAM'},{'JAM_HEAVY_TRAFFIC'},31,{6},5.67741935483871
2e68e665,2e68e6644,2020-10-23,17,{'JAM'},{'JAM_MODERATE_TRAFFIC'},33,{6},5.484848484848484
2e68e665,2e68e6644,2020-10-28,14,{'JAM'},{'JAM_HEAVY_TRAFFIC'},15,{6},5.0
2e68e665,2e68e6644,2020-11-07,17,{'JAM'},{'JAM_HEAVY_TRAFFIC'},31,{6},5.548387096774194
2e68e665,2e68e6644,2020-11-22,8,{'JAM'},{'JAM'},32,{17},5.0
2e68e665,2e68e664c,2020-09-01,15,{'WEATHERHAZARD'},{'HAZARD_ON_ROAD_CONSTRUCTION'},39,{6},7.205128205128205
2e68e665,2e68e664c,2020-09-04,11,{'JAM'},{'JAM_HEAVY_TRAFFIC'},32,{6},7.0
2e68e665,2e68e664c,2020-09-05,15,{'JAM'},{'JAM_MODERATE_TRAFFIC'},29,{6},5.0
2e68e665,2e68e664c,2020-09-05,16,{'JAM'},"{'JAM_STAND_STILL_TRAFFIC', 'JAM_HEAVY_TRAFFIC'}",75,{6},5.626666666666667
2e68e665,2e68e664c,2020-09-06,14,{'JAM'},"{'JAM_MODERATE_TRAFFIC', 'JAM_HEAVY_TRAFFIC'}",71,{6},5.211267605633803
2e68e665,2e68e664c,2020-09-07,13,{'JAM'},{'JAM_STAND_STILL_TRAFFIC'},33,{6},5.0
2e68e665,2e68e664c,2020-09-08,14,{'JAM'},{'JAM_STAND_STILL_TRAFFIC'},32,{6},5.0
2e68e665,2e68e664c,2020-09-10,13,{'WEATHERHAZARD'},{'HAZARD_ON_ROAD_CONSTRUCTION'},10,{6},5.1
2e68e665,2e68e664c,2020-09-11,13,{'JAM'},{'JAM_STAND_STILL_TRAFFIC'},32,{6},5.0
2e68e665,2e68e664c,2020-09-11,19,{'JAM'},{'JAM_HEAVY_TRAFFIC'},33,{6},5.484848484848484
2e68e665,2e68e664c,2020-09-12,13,{'JAM'},"{'JAM_MODERATE_TRAFFIC', 'JAM_HEAVY_TRAFFIC'}",60,{6},5.466666666666667
2e68e665,2e68e664c,2020-09-19,11,{'JAM'},{'JAM_HEAVY_TRAFFIC'},28,{6},5.0
2e68e665,2e68e664c,2020-09-25,9,{'JAM'},{'JAM_MODERATE_TRAFFIC'},7,{6},5.0
2e68e665,2e68e664c,2020-09-26,15,{'JAM'},{'JAM'},44,{20},5.340909090909091
2e68e665,2e68e664c,2020-09-29,12,{'JAM'},{'JAM_HEAVY_TRAFFIC'},31,{6},6.67741935483871
2e68e665,2e68e664c,2020-10-03,11,{'JAM'},{'JAM_HEAVY_TRAFFIC'},33,{6},5.0
2e68e665,2e68e664c,2020-10-03,13,{'JAM'},"{'JAM_MODERATE_TRAFFIC', 'JAM_HEAVY_TRAFFIC'}",61,{6},5.0
2e68e665,2e68e664c,2020-10-04,14,{'JAM'},{'JAM_HEAVY_TRAFFIC'},30,{6},5.933333333333334
2e68e665,2e68e664c,2020-10-05,8,{'JAM'},{'JAM_STAND_STILL_TRAFFIC'},30,{6},5.0
2e68e665,2e68e664c,2020-10-08,13,{'JAM'},"{'JAM_STAND_STILL_TRAFFIC', 'JAM_MODERATE_TRAFFIC'}",13,{6},5.3076923076923075
2e68e665,2e68e664c,2020-10-09,13,{'JAM'},{'JAM_STAND_STILL_TRAFFIC'},48,{6},5.0
2e68e665,2e68e664c,2020-10-10,13,{'JAM'},{'JAM_HEAVY_TRAFFIC'},30,{6},6.0
2e68e665,2e68e664c,2020-10-11,13,{'WEATHERHAZARD'},{'WEATHERHAZARD'},5,{6},5.8
2e68e665,2e68e664c,2020-10-11,14,{'JAM'},{'JAM_HEAVY_TRAFFIC'},31,{6},5.0
2e68e665,2e68e664c,2020-10-11,15,{'JAM'},{'JAM_STAND_STILL_TRAFFIC'},30,{6},6.7
2e68e665,2e68e664c,2020-10-16,10,{'JAM'},{'JAM_MODERATE_TRAFFIC'},7,{6},5.0
2e68e665,2e68e664c,2020-10-16,13,{'JAM'},{'JAM_STAND_STILL_TRAFFIC'},30,{6},5.0
2e68e665,2e68e664c,2020-10-16,15,{'JAM'},{'JAM_HEAVY_TRAFFIC'},60,{6},5.0
2e68e665,2e68e664c,2020-10-16,16,{'JAM'},{'JAM_STAND_STILL_TRAFFIC'},37,{6},5.4324324324324325
2e68e665,2e68e664c,2020-10-16,17,{'JAM'},"{'JAM_STAND_STILL_TRAFFIC', 'JAM_MODERATE_TRAFFIC', 'JAM_HEAVY_TRAFFIC'}",94,{6},5.648936170212766
2e68e665,2e68e664c,2020-10-17,13,{'JAM'},{'JAM_HEAVY_TRAFFIC'},31,{6},6.903225806451613
2e68e665,2e68e664c,2020-10-17,17,{'JAM'},{'JAM_STAND_STILL_TRAFFIC'},30,{6},7.4
2e68e665,2e68e664c,2020-10-18,14,{'JAM'},{'JAM_HEAVY_TRAFFIC'},30,{6},5.0
2e68e665,2e68e664c,2020-10-20,12,{'JAM'},{'JAM_STAND_STILL_TRAFFIC'},33,{6},5.787878787878788
2e68e665,2e68e664c,2020-10-23,16,{'JAM'},{'JAM_STAND_STILL_TRAFFIC'},88,{6},6.3977272727272725
2e68e665,2e68e664c,2020-10-23,18,{'JAM'},{'JAM_HEAVY_TRAFFIC'},28,{6},5.0
2e68e665,2e68e664c,2020-10-24,12,{'JAM'},{'JAM_STAND_STILL_TRAFFIC'},30,{6},5.0
2e68e665,2e68e664c,2020-10-24,13,{'JAM'},{'JAM_HEAVY_TRAFFIC'},33,{6},6.0
2e68e665,2e68e664c,2020-10-24,15,{'JAM'},{'JAM_MODERATE_TRAFFIC'},30,{6},5.0
2e68e665,2e68e664c,2020-10-24,16,{'JAM'},{'JAM_HEAVY_TRAFFIC'},76,{6},6.0
2e68e665,2e68e664c,2020-10-24,18,{'ACCIDENT'},{'ACCIDENT'},10,{6},6.0
2e68e665,2e68e664c,2020-10-25,17,{'JAM'},{'JAM_STAND_STILL_TRAFFIC'},33,{6},5.0
2e68e665,2e68e664c,2020-10-26,14,{'JAM'},{'JAM_MODERATE_TRAFFIC'},38,{6},5.447368421052632
2e68e665,2e68e664c,2020-10-27,10,{'JAM'},{'JAM_MODERATE_TRAFFIC'},22,{6},5.0
2e68e665,2e68e664c,2020-10-27,11,{'JAM'},{'JAM_STAND_STILL_TRAFFIC'},30,{6},5.0
2e68e665,2e68e664c,2020-10-27,14,{'JAM'},{'JAM_STAND_STILL_TRAFFIC'},63,{6},6.333333333333333
2e68e665,2e68e664c,2020-10-29,16,{'JAM'},{'JAM_HEAVY_TRAFFIC'},32,{6},5.8125
2e68e665,2e68e664c,2020-10-29,17,{'JAM'},{'JAM_STAND_STILL_TRAFFIC'},30,{6},5.0
2e68e665,2e68e664c,2020-10-29,18,{'JAM'},{'JAM_HEAVY_TRAFFIC'},31,{6},6.096774193548387
2e68e665,2e68e664c,2020-10-30,18,{'JAM'},{'JAM_HEAVY_TRAFFIC'},32,{6},9.09375
2e68e665,2e68e664c,2020-10-31,10,"{'JAM', 'WEATHERHAZARD'}","{'HAZARD_ON_ROAD_ICE', 'JAM_HEAVY_TRAFFIC'}",71,"{1, 6}",6.352112676056338
2e68e665,2e68e664c,2020-10-31,11,{'JAM'},{'JAM_HEAVY_TRAFFIC'},31,{6},5.0
2e68e665,2e68e664c,2020-10-31,18,{'JAM'},{'JAM_HEAVY_TRAFFIC'},32,{6},5.46875
2e68e665,2e68e664c,2020-11-01,12,{'JAM'},{'JAM_STAND_STILL_TRAFFIC'},39,{6},5.487179487179487
2e68e665,2e68e664c,2020-11-04,13,{'JAM'},{'JAM_HEAVY_TRAFFIC'},32,{6},5.0
2e68e665,2e68e664c,2020-11-05,18,{'JAM'},{'JAM_STAND_STILL_TRAFFIC'},31,{6},5.870967741935484
2e68e665,2e68e664c,2020-11-06,11,{'JAM'},{'JAM_HEAVY_TRAFFIC'},31,{6},5.806451612903226
2e68e665,2e68e664c,2020-11-06,16,{'JAM'},{'JAM_STAND_STILL_TRAFFIC'},14,{6},5.0
2e68e665,2e68e664c,2020-11-06,17,{'JAM'},{'JAM_MODERATE_TRAFFIC'},14,{6},5.0
2e68e665,2e68e664c,2020-11-08,12,{'JAM'},{'JAM_STAND_STILL_TRAFFIC'},37,{6},7.918918918918919
2e68e665,2e68e664c,2020-11-08,15,{'JAM'},{'JAM_HEAVY_TRAFFIC'},30,{2},5.966666666666667
2e68e665,2e68e664c,2020-11-13,19,{'JAM'},{'JAM_MODERATE_TRAFFIC'},27,{6},5.0
2e68e665,2e68e664c,2020-11-14,15,{'JAM'},"{'JAM_STAND_STILL_TRAFFIC', 'JAM_HEAVY_TRAFFIC'}",68,{6},6.3088235294117645
2e68e665,2e68e664c,2020-11-15,21,{'JAM'},{'JAM'},8,{6},5.0
2e68e665,2e68e664c,2020-11-16,17,{'JAM'},{'JAM_HEAVY_TRAFFIC'},16,{6},5.0
2e68e665,2e68e664c,2020-11-19,6,{'JAM'},{'JAM'},7,{6},5.0
2e68e665,2e68e664c,2020-11-20,11,{'JAM'},{'JAM_STAND_STILL_TRAFFIC'},31,{6},5.0
2e68e665,2e68e664c,2020-11-20,16,{'JAM'},"{'JAM_STAND_STILL_TRAFFIC', 'JAM_HEAVY_TRAFFIC'}",67,{6},6.1940298507462686
2e68e665,2e68e664c,2020-11-21,15,{'JAM'},{'JAM_STAND_STILL_TRAFFIC'},30,{6},7.466666666666667
2e68e665,2e68e664c,2020-11-22,7,{'JAM'},{'JAM'},5,{6},5.0
2e68e665,2e68e665c,2020-09-01,14,{'JAM'},{'JAM_HEAVY_TRAFFIC'},29,{6},5.0
2e68e665,2e68e665c,2020-09-02,13,{'WEATHERHAZARD'},{'HAZARD_ON_ROAD_CONSTRUCTION'},7,{6},7.0
2e68e665,2e68e665c,2020-09-05,8,{'JAM'},{'JAM_MODERATE_TRAFFIC'},31,{6},5.0
2e68e665,2e68e665c,2020-09-05,15,{'JAM'},{'JAM_STAND_STILL_TRAFFIC'},30,{6},5.966666666666667
2e68e665,2e68e665c,2020-09-07,17,{'JAM'},{'JAM_MODERATE_TRAFFIC'},31,{6},5.0
2e68e665,2e68e665c,2020-09-08,10,{'JAM'},{'JAM_HEAVY_TRAFFIC'},22,{6},5.0
2e68e665,2e68e665c,2020-09-09,15,{'JAM'},{'JAM_STAND_STILL_TRAFFIC'},30,{6},6.633333333333334
2e68e665,2e68e665c,2020-09-11,17,{'JAM'},"{'JAM', 'JAM_STAND_STILL_TRAFFIC'}",64,{6},5.0
2e68e665,2e68e665c,2020-09-14,0,{'WEATHERHAZARD'},{'HAZARD_WEATHER_FLOOD'},17,{6},5.294117647058823
2e68e665,2e68e665c,2020-09-18,14,{'WEATHERHAZARD'},{'HAZARD_ON_ROAD_CONSTRUCTION'},45,{6},9.177777777777777
2e68e665,2e68e665c,2020-10-02,15,"{'JAM', 'ACCIDENT'}","{'JAM_STAND_STILL_TRAFFIC', 'ACCIDENT'}",13,{6},5.769230769230769
2e68e665,2e68e665c,2020-10-03,10,{'JAM'},{'JAM_STAND_STILL_TRAFFIC'},31,{6},5.0
2e68e665,2e68e665c,2020-10-03,17,{'JAM'},{'JAM_STAND_STILL_TRAFFIC'},28,{6},5.0
2e68e665,2e68e665c,2020-10-05,8,{'WEATHERHAZARD'},{'HAZARD_ON_ROAD_CONSTRUCTION'},15,{6},6.733333333333333
2e68e665,2e68e665c,2020-10-06,17,{'JAM'},{'JAM_HEAVY_TRAFFIC'},35,{6},5.714285714285714
2e68e665,2e68e665c,2020-10-08,13,{'JAM'},{'JAM_HEAVY_TRAFFIC'},6,{6},5.0
2e68e665,2e68e665c,2020-10-09,14,{'JAM'},{'JAM_STAND_STILL_TRAFFIC'},53,{6},5.0
2e68e665,2e68e665c,2020-10-09,17,{'JAM'},{'JAM_STAND_STILL_TRAFFIC'},42,{6},6.0476190476190474
2e68e665,2e68e665c,2020-10-10,21,{'ACCIDENT'},{'ACCIDENT_MAJOR'},15,{6},8.266666666666667
2e68e665,2e68e665c,2020-10-11,14,{'JAM'},{'JAM_STAND_STILL_TRAFFIC'},47,{6},5.340425531914893
2e68e665,2e68e665c,2020-10-13,8,{'JAM'},{'JAM_HEAVY_TRAFFIC'},31,{6},5.161290322580645
2e68e665,2e68e665c,2020-10-16,15,{'JAM'},{'JAM_HEAVY_TRAFFIC'},44,{6},8.136363636363637
2e68e665,2e68e665c,2020-10-16,16,{'WEATHERHAZARD'},"{'HAZARD_WEATHER_FLOOD', 'HAZARD_ON_SHOULDER_MISSING_SIGN'}",47,{6},5.659574468085107
2e68e665,2e68e665c,2020-10-16,17,{'JAM'},{'JAM_STAND_STILL_TRAFFIC'},27,{6},5.0
2e68e665,2e68e665c,2020-10-17,18,{'JAM'},{'JAM_STAND_STILL_TRAFFIC'},60,{6},5.5
2e68e665,2e68e665c,2020-10-18,14,{'JAM'},{'JAM_HEAVY_TRAFFIC'},38,{6},6.7631578947368425
2e68e665,2e68e665c,2020-10-19,11,{'JAM'},{'JAM_HEAVY_TRAFFIC'},34,{6},5.0
2e68e665,2e68e665c,2020-10-19,13,{'JAM'},{'JAM_HEAVY_TRAFFIC'},30,{6},5.0
2e68e665,2e68e665c,2020-10-20,9,{'WEATHERHAZARD'},{'HAZARD_ON_ROAD_CONSTRUCTION'},17,{6},6.294117647058823
2e68e665,2e68e665c,2020-10-20,12,{'JAM'},{'JAM_STAND_STILL_TRAFFIC'},31,{6},6.67741935483871
2e68e665,2e68e665c,2020-10-21,14,{'JAM'},{'JAM'},42,{17},5.380952380952381
2e68e665,2e68e665c,2020-10-23,9,"{'JAM', 'WEATHERHAZARD'}","{'JAM', 'HAZARD_ON_ROAD_CONSTRUCTION'}",56,{6},5.553571428571429
2e68e665,2e68e665c,2020-10-23,10,{'JAM'},{'JAM_STAND_STILL_TRAFFIC'},30,{6},5.0
2e68e665,2e68e665c,2020-10-23,16,{'JAM'},{'JAM_HEAVY_TRAFFIC'},31,{6},5.741935483870968
2e68e665,2e68e665c,2020-10-24,12,{'JAM'},{'JAM_HEAVY_TRAFFIC'},41,{6},5.2926829268292686
2e68e665,2e68e665c,2020-10-24,13,{'JAM'},{'JAM_HEAVY_TRAFFIC'},30,{6},5.0
2e68e665,2e68e665c,2020-10-25,16,{'JAM'},{'JAM_STAND_STILL_TRAFFIC'},32,{6},5.0
2e68e665,2e68e665c,2020-10-27,14,{'JAM'},{'JAM_STAND_STILL_TRAFFIC'},85,{6},6.788235294117647
2e68e665,2e68e665c,2020-10-27,18,{'JAM'},{'JAM_HEAVY_TRAFFIC'},22,{6},5.863636363636363
2e68e665,2e68e665c,2020-10-28,14,"{'JAM', 'WEATHERHAZARD'}","{'HAZARD_ON_ROAD_CAR_STOPPED', 'JAM_HEAVY_TRAFFIC'}",26,{6},6.076923076923077
2e68e665,2e68e665c,2020-10-29,13,{'JAM'},{'JAM_STAND_STILL_TRAFFIC'},31,{6},5.0
2e68e665,2e68e665c,2020-10-30,15,{'JAM'},{'JAM_HEAVY_TRAFFIC'},31,{6},5.645161290322581
2e68e665,2e68e665c,2020-10-30,17,{'JAM'},{'JAM_HEAVY_TRAFFIC'},31,{6},6.838709677419355
2e68e665,2e68e665c,2020-10-31,12,{'JAM'},{'JAM_HEAVY_TRAFFIC'},30,{6},7.733333333333333
2e68e665,2e68e665c,2020-11-01,11,{'JAM'},{'JAM_MODERATE_TRAFFIC'},5,{6},5.0
2e68e665,2e68e665c,2020-11-01,18,{'JAM'},{'JAM_MODERATE_TRAFFIC'},30,{6},5.0
2e68e665,2e68e665c,2020-11-01,20,{'JAM'},{'JAM_STAND_STILL_TRAFFIC'},32,{6},5.375
2e68e665,2e68e665c,2020-11-04,13,{'JAM'},{'JAM_HEAVY_TRAFFIC'},31,{6},5.709677419354839
2e68e665,2e68e665c,2020-11-06,16,{'JAM'},{'JAM_MODERATE_TRAFFIC'},31,{6},5.0
2e68e665,2e68e665c,2020-11-06,17,{'JAM'},{'JAM_STAND_STILL_TRAFFIC'},13,{6},5.538461538461538
2e68e665,2e68e665c,2020-11-14,11,{'JAM'},{'JAM_HEAVY_TRAFFIC'},30,{6},5.0
2e68e665,2e68e665c,2020-11-14,13,{'JAM'},{'JAM_HEAVY_TRAFFIC'},38,{6},5.684210526315789
2e68e665,2e68e665c,2020-11-15,13,{'JAM'},{'JAM_HEAVY_TRAFFIC'},19,{6},10.0
2e68e665,2e68e665c,2020-11-15,16,{'JAM'},{'JAM_MODERATE_TRAFFIC'},22,{6},5.0
2e68e665,2e68e665c,2020-11-15,21,{'JAM'},{'JAM_HEAVY_TRAFFIC'},8,{6},5.0
2e68e665,2e68e665c,2020-11-17,16,{'JAM'},{'JAM_HEAVY_TRAFFIC'},30,{6},5.966666666666667
2e68e665,2e68e665c,2020-11-20,13,{'JAM'},{'JAM_STAND_STILL_TRAFFIC'},32,{6},5.0
2e68e665,2e68e665c,2020-11-20,16,{'JAM'},{'JAM_HEAVY_TRAFFIC'},30,{6},5.8
2e68e665,2e68e665c,2020-11-20,18,{'JAM'},{'JAM_MODERATE_TRAFFIC'},30,{6},5.0
2e68e665,2e68e665c,2020-11-21,14,{'JAM'},{'JAM_HEAVY_TRAFFIC'},55,{6},8.672727272727272
2e68e665,2e68e665c,2020-11-22,13,{'JAM'},{'JAM_STAND_STILL_TRAFFIC'},20,{6},6.65
2e68e667,2e68e6664,2020-09-12,13,{'JAM'},{'JAM_MODERATE_TRAFFIC'},59,{6},7.932203389830509
2e68e667,2e68e6664,2020-09-16,12,{'WEATHERHAZARD'},{'HAZARD_ON_ROAD_CONSTRUCTION'},14,{6},5.428571428571429
2e68e667,2e68e6664,2020-09-27,15,{'WEATHERHAZARD'},{'HAZARD_ON_SHOULDER_CAR_STOPPED'},6,{6},5.5
2e68e667,2e68e6664,2020-10-05,10,{'WEATHERHAZARD'},{'HAZARD_ON_ROAD_CONSTRUCTION'},72,{6},7.430555555555555
2e68e667,2e68e6664,2020-10-08,14,{'JAM'},{'JAM_STAND_STILL_TRAFFIC'},32,{6},5.0
2e68e667,2e68e6664,2020-10-10,13,{'JAM'},{'JAM_MODERATE_TRAFFIC'},32,{6},5.0
2e68e667,2e68e6664,2020-10-16,13,{'JAM'},{'JAM_HEAVY_TRAFFIC'},30,{6},5.0
2e68e667,2e68e6664,2020-10-17,13,{'JAM'},{'JAM_STAND_STILL_TRAFFIC'},31,{6},5.0
2e68e667,2e68e6664,2020-10-17,18,{'JAM'},{'JAM_STAND_STILL_TRAFFIC'},31,{6},5.0
2e68e667,2e68e6664,2020-10-19,13,{'WEATHERHAZARD'},{'HAZARD_ON_ROAD_CONSTRUCTION'},32,{6},7.4375
2e68e667,2e68e6664,2020-10-27,16,{'JAM'},{'JAM_MODERATE_TRAFFIC'},31,{6},6.0
2e68e667,2e68e6664,2020-10-29,17,{'JAM'},{'JAM_MODERATE_TRAFFIC'},33,{6},5.0
2e68e667,2e68e6664,2020-10-30,13,{'JAM'},{'JAM_HEAVY_TRAFFIC'},52,{6},8.365384615384615
2e68e667,2e68e6664,2020-10-30,14,{'JAM'},"{'JAM_STAND_STILL_TRAFFIC', 'JAM_HEAVY_TRAFFIC'}",74,{6},7.837837837837838
2e68e667,2e68e6664,2020-10-30,15,{'JAM'},{'JAM_HEAVY_TRAFFIC'},34,{6},7.470588235294118
2e68e667,2e68e6664,2020-10-30,16,{'JAM'},{'JAM_HEAVY_TRAFFIC'},32,{6},7.375
2e68e667,2e68e6664,2020-10-30,17,{'JAM'},{'JAM_HEAVY_TRAFFIC'},31,{6},6.451612903225806
2e68e667,2e68e6664,2020-10-30,18,{'JAM'},{'JAM_HEAVY_TRAFFIC'},30,{6},5.0
2e68e667,2e68e6664,2020-10-30,19,{'JAM'},{'JAM'},37,{6},5.8108108108108105
2e68e667,2e68e6664,2020-10-30,20,{'JAM'},{'JAM'},57,{6},6.421052631578948
2e68e667,2e68e6664,2020-10-31,10,{'JAM'},{'JAM_HEAVY_TRAFFIC'},30,{6},5.0
2e68e667,2e68e6664,2020-10-31,16,{'JAM'},{'JAM_STAND_STILL_TRAFFIC'},38,{6},5.973684210526316
2e68e667,2e68e6664,2020-10-31,20,{'JAM'},{'JAM_MODERATE_TRAFFIC'},31,{6},5.0
2e68e667,2e68e6664,2020-11-03,10,{'WEATHERHAZARD'},{'HAZARD_ON_ROAD_CONSTRUCTION'},28,{6},6.285714285714286
2e68e667,2e68e6664,2020-11-05,18,{'JAM'},{'JAM_HEAVY_TRAFFIC'},31,{6},6.774193548387097
2e68e667,2e68e6664,2020-11-07,13,{'JAM'},{'JAM_MODERATE_TRAFFIC'},31,{6},5.0
2e68e667,2e68e6664,2020-11-07,14,{'JAM'},{'JAM_STAND_STILL_TRAFFIC'},30,{6},7.366666666666666
2e68e667,2e68e6664,2020-11-08,12,"{'JAM', 'ACCIDENT'}","{'ACCIDENT_MAJOR', 'JAM_HEAVY_TRAFFIC'}",53,{6},5.39622641509434
2e68e667,2e68e6664,2020-11-13,16,{'JAM'},{'JAM_STAND_STILL_TRAFFIC'},33,{6},5.96969696969697
2e68e667,2e68e6664,2020-11-14,17,{'JAM'},{'JAM_STAND_STILL_TRAFFIC'},28,{6},5.0
2e68e667,2e68e6664,2020-11-16,17,{'JAM'},{'JAM_STAND_STILL_TRAFFIC'},10,{6},5.0
2e68e667,2e68e6664,2020-11-20,16,{'WEATHERHAZARD'},{'HAZARD_ON_ROAD_CAR_STOPPED'},9,{6},6.333333333333333
2e68e667,2e68e6664,2020-11-20,18,{'JAM'},{'JAM_HEAVY_TRAFFIC'},32,{6},5.0
2e68e667,2e68e6674,2020-09-02,10,{'JAM'},{'JAM_MODERATE_TRAFFIC'},30,{7},5.0
2e68e667,2e68e6674,2020-09-04,12,{'JAM'},{'JAM_MODERATE_TRAFFIC'},32,{7},5.0
2e68e667,2e68e6674,2020-09-05,10,{'WEATHERHAZARD'},{'HAZARD_ON_ROAD_CAR_STOPPED'},8,{7},6.875
2e68e667,2e68e6674,2020-09-07,18,{'JAM'},{'JAM_MODERATE_TRAFFIC'},30,{7},5.0
2e68e667,2e68e6674,2020-09-14,17,{'JAM'},{'JAM_MODERATE_TRAFFIC'},31,{1},5.0
2e68e667,2e68e6674,2020-10-05,18,{'JAM'},{'JAM_MODERATE_TRAFFIC'},7,{7},5.0
2e68e667,2e68e6674,2020-10-13,15,{'JAM'},{'JAM_MODERATE_TRAFFIC'},32,{7},5.0
2e68e667,2e68e6674,2020-10-20,13,{'JAM'},{'JAM_MODERATE_TRAFFIC'},30,{7},5.0
2e68e667,2e68e6674,2020-10-21,14,{'JAM'},{'JAM_MODERATE_TRAFFIC'},31,{7},5.0
2e68e667,2e68e6674,2020-10-23,9,{'JAM'},{'JAM_HEAVY_TRAFFIC'},26,{7},5.846153846153846
2e68e667,2e68e6674,2020-10-28,12,{'JAM'},{'JAM_MODERATE_TRAFFIC'},31,{7},5.0
2e68e667,2e68e6674,2020-10-28,14,{'ACCIDENT'},{'ACCIDENT'},9,{7},7.333333333333333
2e68e667,2e68e6674,2020-10-28,18,{'JAM'},{'JAM_MODERATE_TRAFFIC'},31,{7},5.0
2e68e667,2e68e6674,2020-10-29,12,{'JAM'},{'JAM_STAND_STILL_TRAFFIC'},32,{7},6.15625
2e68e667,2e68e6674,2020-10-30,14,{'JAM'},{'JAM_HEAVY_TRAFFIC'},36,{7},6.388888888888889
2e68e667,2e68e6674,2020-11-06,13,{'JAM'},{'JAM_HEAVY_TRAFFIC'},31,{7},6.290322580645161
2e68e667,2e68e6674,2020-11-07,18,{'JAM'},{'JAM_STAND_STILL_TRAFFIC'},52,{7},5.846153846153846
2e68e667,2e68e6674,2020-11-21,15,{'JAM'},{'JAM_HEAVY_TRAFFIC'},32,{7},5.0
2e68e667,2e68e667c,2020-09-06,16,{'JAM'},"{'JAM_STAND_STILL_TRAFFIC', 'JAM_HEAVY_TRAFFIC'}",62,{7},5.306451612903226
2e68e667,2e68e667c,2020-10-03,20,{'JAM'},{'JAM_MODERATE_TRAFFIC'},30,{7},5.0
2e68e667,2e68e667c,2020-10-09,17,{'JAM'},{'JAM_HEAVY_TRAFFIC'},31,{7},6.580645161290323
2e68e667,2e68e667c,2020-10-25,16,{'JAM'},{'JAM_HEAVY_TRAFFIC'},62,{7},5.338709677419355
2e68e667,2e68e667c,2020-10-30,18,{'JAM'},{'JAM_HEAVY_TRAFFIC'},41,{7},7.170731707317073
2e68e667,2e68e667c,2020-11-02,14,{'JAM'},{'JAM_HEAVY_TRAFFIC'},32,{7},5.0
2e68e667,2e68e667c,2020-11-06,13,{'JAM'},{'JAM_HEAVY_TRAFFIC'},37,{7},6.081081081081081
2e68e667,2e68e667c,2020-11-07,10,{'JAM'},{'JAM_STAND_STILL_TRAFFIC'},45,{7},8.222222222222221
2e68e667,2e68e667c,2020-11-11,9,{'JAM'},{'JAM_HEAVY_TRAFFIC'},31,{7},5.709677419354839
2e68e667,2e68e667c,2020-11-12,14,{'JAM'},{'JAM_MODERATE_TRAFFIC'},30,{7},5.0
2e68e667,2e68e667c,2020-11-12,20,{'JAM'},{'JAM'},31,{7},5.612903225806452
2e68e669,2e68e6684,2020-09-02,13,{'JAM'},{'JAM_MODERATE_TRAFFIC'},32,{7},5.0
2e68e669,2e68e6684,2020-09-03,14,{'JAM'},{'JAM_HEAVY_TRAFFIC'},24,{7},7.875
2e68e669,2e68e6684,2020-09-04,9,{'JAM'},{'JAM_HEAVY_TRAFFIC'},30,{7},5.766666666666667
2e68e669,2e68e6684,2020-09-04,12,{'JAM'},{'JAM_HEAVY_TRAFFIC'},30,{7},5.0
2e68e669,2e68e6684,2020-09-08,9,{'WEATHERHAZARD'},{'HAZARD_ON_ROAD_CONSTRUCTION'},21,{6},5.761904761904762
2e68e669,2e68e6684,2020-09-09,13,{'JAM'},{'JAM_STAND_STILL_TRAFFIC'},18,{7},6.222222222222222
2e68e669,2e68e6684,2020-09-09,18,{'JAM'},{'JAM_MODERATE_TRAFFIC'},7,{6},5.0
2e68e669,2e68e6684,2020-09-10,8,{'JAM'},{'JAM_STAND_STILL_TRAFFIC'},7,{7},5.0
2e68e669,2e68e6684,2020-09-10,13,{'JAM'},{'JAM_HEAVY_TRAFFIC'},6,{6},5.0
2e68e669,2e68e6684,2020-09-10,16,{'JAM'},{'JAM'},9,{7},5.0
2e68e669,2e68e6684,2020-09-11,13,{'JAM'},{'JAM_STAND_STILL_TRAFFIC'},30,{7},5.0
2e68e669,2e68e6684,2020-09-11,14,{'JAM'},{'JAM_MODERATE_TRAFFIC'},5,{6},5.0
2e68e669,2e68e6684,2020-09-11,17,{'JAM'},{'JAM_HEAVY_TRAFFIC'},16,{6},9.0
2e68e669,2e68e6684,2020-09-12,10,{'JAM'},{'JAM_HEAVY_TRAFFIC'},30,{7},5.533333333333333
2e68e669,2e68e6684,2020-09-12,13,{'JAM'},{'JAM_STAND_STILL_TRAFFIC'},45,{6},8.444444444444445
2e68e669,2e68e6684,2020-09-13,13,{'JAM'},{'JAM_MODERATE_TRAFFIC'},27,{7},5.0
2e68e669,2e68e6684,2020-09-13,14,{'JAM'},{'JAM_HEAVY_TRAFFIC'},38,{6},8.157894736842104
2e68e669,2e68e6684,2020-09-18,13,{'JAM'},{'JAM_STAND_STILL_TRAFFIC'},2,{7},5.0
2e68e669,2e68e6684,2020-09-19,9,{'JAM'},{'JAM_HEAVY_TRAFFIC'},30,{7},5.0
2e68e669,2e68e6684,2020-09-19,13,{'JAM'},{'JAM_HEAVY_TRAFFIC'},8,{6},5.0
2e68e669,2e68e6684,2020-09-22,12,{'JAM'},{'JAM_MODERATE_TRAFFIC'},30,{7},5.0
2e68e669,2e68e6684,2020-09-25,14,{'JAM'},{'JAM_STAND_STILL_TRAFFIC'},5,{7},5.0
2e68e669,2e68e6684,2020-09-25,15,{'JAM'},{'JAM_MODERATE_TRAFFIC'},7,{6},5.0
2e68e669,2e68e6684,2020-09-29,12,{'JAM'},{'JAM_STAND_STILL_TRAFFIC'},34,{6},5.4411764705882355
2e68e669,2e68e6684,2020-10-02,8,{'JAM'},{'JAM_STAND_STILL_TRAFFIC'},15,{7},5.266666666666667
2e68e669,2e68e6684,2020-10-02,11,{'JAM'},{'JAM_MODERATE_TRAFFIC'},5,{6},5.0
2e68e669,2e68e6684,2020-10-03,10,{'JAM'},{'JAM_STAND_STILL_TRAFFIC'},6,{7},5.0
2e68e669,2e68e6684,2020-10-03,14,"{'JAM', 'ACCIDENT'}","{'JAM_STAND_STILL_TRAFFIC', 'ACCIDENT'}",75,{7},5.266666666666667
2e68e669,2e68e6684,2020-10-07,10,{'JAM'},{'JAM_STAND_STILL_TRAFFIC'},18,{7},5.0
2e68e669,2e68e6684,2020-10-08,15,{'JAM'},{'JAM_STAND_STILL_TRAFFIC'},13,{7},5.0
2e68e669,2e68e6684,2020-10-08,17,{'JAM'},{'JAM_STAND_STILL_TRAFFIC'},30,{7},5.0
2e68e669,2e68e6684,2020-10-09,10,{'JAM'},{'JAM_STAND_STILL_TRAFFIC'},30,{7},5.0
2e68e669,2e68e6684,2020-10-09,14,{'JAM'},{'JAM_STAND_STILL_TRAFFIC'},30,{7},5.733333333333333
2e68e669,2e68e6684,2020-10-10,10,{'JAM'},{'JAM_HEAVY_TRAFFIC'},32,{7},6.34375
2e68e669,2e68e6684,2020-10-10,13,{'JAM'},{'JAM_STAND_STILL_TRAFFIC'},7,{7},5.0
2e68e669,2e68e6684,2020-10-10,14,{'JAM'},"{'JAM_STAND_STILL_TRAFFIC', 'JAM_HEAVY_TRAFFIC'}",13,"{6, 7}",5.0
2e68e669,2e68e6684,2020-10-10,16,{'JAM'},{'JAM_MODERATE_TRAFFIC'},15,{7},5.0
2e68e669,2e68e6684,2020-10-11,12,{'JAM'},{'JAM_HEAVY_TRAFFIC'},16,{7},5.0
2e68e669,2e68e6684,2020-10-12,11,{'JAM'},{'JAM_STAND_STILL_TRAFFIC'},19,{7},5.0
2e68e669,2e68e6684,2020-10-13,15,{'JAM'},{'JAM_HEAVY_TRAFFIC'},12,{7},6.666666666666667
2e68e669,2e68e6684,2020-10-15,10,{'JAM'},{'JAM_MODERATE_TRAFFIC'},5,{6},5.0
2e68e669,2e68e6684,2020-10-16,10,{'JAM'},{'JAM_STAND_STILL_TRAFFIC'},33,{7},5.484848484848484
2e68e669,2e68e6684,2020-10-16,13,{'JAM'},{'JAM_HEAVY_TRAFFIC'},42,{7},5.380952380952381
2e68e669,2e68e6684,2020-10-16,15,{'JAM'},{'JAM_MODERATE_TRAFFIC'},12,{7},5.0
2e68e669,2e68e6684,2020-10-17,8,{'JAM'},{'JAM_MODERATE_TRAFFIC'},8,{7},5.0
2e68e669,2e68e6684,2020-10-17,12,{'JAM'},{'JAM_HEAVY_TRAFFIC'},45,{7},5.377777777777778
2e68e669,2e68e6684,2020-10-17,13,{'JAM'},{'JAM_STAND_STILL_TRAFFIC'},8,{6},5.0
2e68e669,2e68e6684,2020-10-17,17,{'JAM'},{'JAM'},6,{6},5.0
2e68e669,2e68e6684,2020-10-19,14,{'JAM'},{'JAM_HEAVY_TRAFFIC'},7,{7},5.0
2e68e669,2e68e6684,2020-10-20,13,{'JAM'},{'JAM_HEAVY_TRAFFIC'},5,{7},5.0
2e68e669,2e68e6684,2020-10-21,15,{'JAM'},{'JAM_STAND_STILL_TRAFFIC'},5,{7},6.0
2e68e669,2e68e6684,2020-10-22,10,{'JAM'},{'JAM_MODERATE_TRAFFIC'},18,{7},5.888888888888889
2e68e669,2e68e6684,2020-10-23,10,{'JAM'},{'JAM_STAND_STILL_TRAFFIC'},30,{7},5.0
2e68e669,2e68e6684,2020-10-23,18,{'JAM'},"{'JAM_STAND_STILL_TRAFFIC', 'JAM_HEAVY_TRAFFIC'}",52,"{6, 7}",7.134615384615385
2e68e669,2e68e6684,2020-10-24,11,{'JAM'},{'JAM'},12,{6},5.0
2e68e669,2e68e6684,2020-10-24,12,{'JAM'},{'JAM_STAND_STILL_TRAFFIC'},33,{7},5.363636363636363
2e68e669,2e68e6684,2020-10-24,13,{'JAM'},{'JAM_HEAVY_TRAFFIC'},31,{6},9.0
2e68e669,2e68e6684,2020-10-24,14,"{'JAM', 'ACCIDENT'}","{'JAM_STAND_STILL_TRAFFIC', 'ACCIDENT', 'JAM_HEAVY_TRAFFIC'}",190,"{7, 22, 6}",6.8
2e68e669,2e68e6684,2020-10-25,11,{'JAM'},{'JAM_MODERATE_TRAFFIC'},30,{7},5.0
2e68e669,2e68e6684,2020-10-25,14,{'JAM'},{'JAM_HEAVY_TRAFFIC'},36,{6},5.916666666666667
2e68e669,2e68e6684,2020-10-25,15,{'JAM'},{'JAM_HEAVY_TRAFFIC'},30,{6},7.0
2e68e669,2e68e6684,2020-10-26,10,{'JAM'},"{'JAM_STAND_STILL_TRAFFIC', 'JAM_HEAVY_TRAFFIC'}",57,{7},5.631578947368421
2e68e669,2e68e6684,2020-10-26,15,{'JAM'},{'JAM_STAND_STILL_TRAFFIC'},13,{7},5.0
2e68e669,2e68e6684,2020-10-27,12,{'JAM'},{'JAM_HEAVY_TRAFFIC'},17,{7},5.0
2e68e669,2e68e6684,2020-10-27,15,{'ACCIDENT'},{'ACCIDENT'},120,{20},6.75
2e68e669,2e68e6684,2020-10-28,12,{'JAM'},{'JAM_MODERATE_TRAFFIC'},33,{7},5.0
2e68e669,2e68e6684,2020-10-28,20,{'JAM'},{'JAM_MODERATE_TRAFFIC'},36,{7},5.0
2e68e669,2e68e6684,2020-10-29,7,{'JAM'},{'JAM'},6,{6},5.0
2e68e669,2e68e6684,2020-10-29,11,{'JAM'},{'JAM_STAND_STILL_TRAFFIC'},49,{7},6.26530612244898
2e68e669,2e68e6684,2020-10-29,12,{'JAM'},{'JAM_STAND_STILL_TRAFFIC'},37,{7},6.702702702702703
2e68e669,2e68e6684,2020-10-29,13,{'JAM'},{'JAM_STAND_STILL_TRAFFIC'},34,{7},5.764705882352941
2e68e669,2e68e6684,2020-10-30,12,{'JAM'},{'JAM_HEAVY_TRAFFIC'},37,{7},7.5675675675675675
2e68e669,2e68e6684,2020-10-30,13,{'JAM'},"{'JAM', 'JAM_STAND_STILL_TRAFFIC'}",49,{6},8.0
2e68e669,2e68e6684,2020-10-30,14,{'JAM'},"{'JAM', 'JAM_STAND_STILL_TRAFFIC', 'JAM_HEAVY_TRAFFIC'}",128,"{6, 7}",7.0859375
2e68e669,2e68e6684,2020-10-30,16,{'JAM'},{'JAM_MODERATE_TRAFFIC'},24,{6},7.0
2e68e669,2e68e6684,2020-10-30,17,{'JAM'},{'JAM_HEAVY_TRAFFIC'},36,{6},8.0
2e68e669,2e68e6684,2020-10-30,18,{'JAM'},{'JAM_HEAVY_TRAFFIC'},63,{7},7.492063492063492
2e68e669,2e68e6684,2020-10-31,10,{'JAM'},{'JAM_MODERATE_TRAFFIC'},31,{7},5.0
2e68e669,2e68e6684,2020-10-31,12,{'JAM'},{'JAM_STAND_STILL_TRAFFIC'},32,{6},8.90625
2e68e669,2e68e6684,2020-10-31,13,{'JAM'},"{'JAM_STAND_STILL_TRAFFIC', 'JAM_HEAVY_TRAFFIC'}",109,"{6, 7}",8.055045871559633
2e68e669,2e68e6684,2020-10-31,14,{'JAM'},{'JAM_STAND_STILL_TRAFFIC'},42,{7},8.5
2e68e669,2e68e6684,2020-10-31,15,{'JAM'},{'JAM_STAND_STILL_TRAFFIC'},14,{6},7.785714285714286
2e68e669,2e68e6684,2020-10-31,16,{'JAM'},{'JAM_HEAVY_TRAFFIC'},29,{7},5.0
2e68e669,2e68e6684,2020-11-01,11,{'JAM'},{'JAM_STAND_STILL_TRAFFIC'},5,{6},5.0
2e68e669,2e68e6684,2020-11-01,14,"{'JAM', 'WEATHERHAZARD'}","{'HAZARD_ON_SHOULDER_CAR_STOPPED', 'JAM_MODERATE_TRAFFIC'}",34,{6},5.0588235294117645
2e68e669,2e68e6684,2020-11-02,14,{'JAM'},{'JAM_HEAVY_TRAFFIC'},27,{7},5.518518518518518
2e68e669,2e68e6684,2020-11-03,9,{'JAM'},{'JAM_STAND_STILL_TRAFFIC'},8,{7},5.0
2e68e669,2e68e6684,2020-11-03,12,{'JAM'},{'JAM_HEAVY_TRAFFIC'},32,{7},6.28125
2e68e669,2e68e6684,2020-11-03,14,{'JAM'},{'JAM_STAND_STILL_TRAFFIC'},7,{7},5.0
2e68e669,2e68e6684,2020-11-03,17,{'JAM'},{'JAM_STAND_STILL_TRAFFIC'},6,{7},5.0
2e68e669,2e68e6684,2020-11-05,15,{'JAM'},"{'JAM_MODERATE_TRAFFIC', 'JAM_HEAVY_TRAFFIC'}",35,{7},5.0
2e68e669,2e68e6684,2020-11-06,11,{'JAM'},{'JAM_HEAVY_TRAFFIC'},5,{7},5.0
2e68e669,2e68e6684,2020-11-07,9,{'JAM'},{'JAM_STAND_STILL_TRAFFIC'},20,{7},5.0
2e68e669,2e68e6684,2020-11-07,16,{'JAM'},{'JAM'},7,{6},5.0
2e68e669,2e68e6684,2020-11-08,15,{'JAM'},{'JAM'},15,{7},5.0
2e68e669,2e68e6684,2020-11-09,11,{'WEATHERHAZARD'},{'WEATHERHAZARD'},8,{7},5.625
2e68e669,2e68e6684,2020-11-09,14,{'JAM'},{'JAM_HEAVY_TRAFFIC'},30,{7},5.0
2e68e669,2e68e6684,2020-11-09,16,{'JAM'},{'JAM_MODERATE_TRAFFIC'},16,{7},5.0
2e68e669,2e68e6684,2020-11-10,11,{'JAM'},{'JAM'},5,{7},5.0
2e68e669,2e68e6684,2020-11-10,12,{'JAM'},{'JAM_HEAVY_TRAFFIC'},30,{7},5.0
2e68e669,2e68e6684,2020-11-10,13,{'JAM'},{'JAM_HEAVY_TRAFFIC'},31,{7},5.0
2e68e669,2e68e6684,2020-11-11,8,{'JAM'},{'JAM_HEAVY_TRAFFIC'},7,{7},5.0
2e68e669,2e68e6684,2020-11-11,9,{'JAM'},{'JAM_HEAVY_TRAFFIC'},37,{7},6.1891891891891895
2e68e669,2e68e6684,2020-11-11,10,{'JAM'},{'JAM_STAND_STILL_TRAFFIC'},14,{7},5.0
2e68e669,2e68e6684,2020-11-11,15,{'JAM'},{'JAM'},6,{6},5.0
2e68e669,2e68e6684,2020-11-11,16,{'JAM'},{'JAM_HEAVY_TRAFFIC'},7,{7},5.0
2e68e669,2e68e6684,2020-11-12,10,{'JAM'},"{'JAM_STAND_STILL_TRAFFIC', 'JAM_HEAVY_TRAFFIC'}",67,"{22, 7}",5.582089552238806
2e68e669,2e68e6684,2020-11-12,11,{'JAM'},{'JAM_HEAVY_TRAFFIC'},16,{7},5.75
2e68e669,2e68e6684,2020-11-12,12,{'JAM'},{'JAM_MODERATE_TRAFFIC'},30,{7},5.0
2e68e669,2e68e6684,2020-11-12,14,{'JAM'},"{'JAM_MODERATE_TRAFFIC', 'JAM_HEAVY_TRAFFIC'}",38,{7},5.394736842105263
2e68e669,2e68e6684,2020-11-14,11,{'JAM'},{'JAM_HEAVY_TRAFFIC'},5,{6},6.2
2e68e669,2e68e6684,2020-11-15,12,{'JAM'},{'JAM'},31,{7},5.0
2e68e669,2e68e6684,2020-11-15,14,{'JAM'},{'JAM_STAND_STILL_TRAFFIC'},12,{6},6.0
2e68e669,2e68e6684,2020-11-15,15,{'JAM'},"{'JAM_MODERATE_TRAFFIC', 'JAM_HEAVY_TRAFFIC'}",76,"{6, 7}",7.315789473684211
2e68e669,2e68e6684,2020-11-16,9,{'JAM'},{'JAM_HEAVY_TRAFFIC'},5,{6},5.0
2e68e669,2e68e6684,2020-11-17,10,{'JAM'},{'JAM_STAND_STILL_TRAFFIC'},31,{7},5.0
2e68e669,2e68e6684,2020-11-18,10,{'JAM'},{'JAM_STAND_STILL_TRAFFIC'},14,{7},5.0
2e68e669,2e68e6684,2020-11-18,11,{'JAM'},{'JAM_STAND_STILL_TRAFFIC'},30,{7},5.0
2e68e669,2e68e6684,2020-11-18,14,{'JAM'},{'JAM_MODERATE_TRAFFIC'},31,{7},5.0
2e68e669,2e68e6684,2020-11-19,10,{'JAM'},{'JAM_STAND_STILL_TRAFFIC'},6,{6},5.0
2e68e669,2e68e6684,2020-11-19,11,{'JAM'},{'JAM_HEAVY_TRAFFIC'},30,{7},5.833333333333333
2e68e669,2e68e6684,2020-11-19,13,{'JAM'},{'JAM_HEAVY_TRAFFIC'},35,{7},6.542857142857143
2e68e669,2e68e6684,2020-11-20,12,{'ACCIDENT'},{'ACCIDENT_MINOR'},52,{7},7.615384615384615
2e68e669,2e68e6684,2020-11-20,16,{'JAM'},{'JAM_HEAVY_TRAFFIC'},38,{7},5.394736842105263
2e68e669,2e68e6684,2020-11-20,17,{'JAM'},{'JAM_STAND_STILL_TRAFFIC'},28,{6},6.392857142857143
2e68e669,2e68e6684,2020-11-21,11,{'JAM'},{'JAM_STAND_STILL_TRAFFIC'},17,{7},5.882352941176471
2e68e669,2e68e6684,2020-11-22,14,{'JAM'},{'JAM_HEAVY_TRAFFIC'},26,{6},7.269230769230769
2e68e669,2e68e668c,2020-09-06,14,{'JAM'},{'JAM_STAND_STILL_TRAFFIC'},32,{7},5.0
2e68e669,2e68e668c,2020-09-06,15,{'JAM'},{'JAM_HEAVY_TRAFFIC'},5,{6},5.0
2e68e669,2e68e668c,2020-09-09,13,{'JAM'},{'JAM_STAND_STILL_TRAFFIC'},20,{7},5.0
2e68e669,2e68e668c,2020-09-11,17,{'JAM'},{'JAM_HEAVY_TRAFFIC'},33,{7},6.0
2e68e669,2e68e668c,2020-09-13,14,{'JAM'},{'JAM_STAND_STILL_TRAFFIC'},30,{6},5.0
2e68e669,2e68e668c,2020-09-19,14,{'WEATHERHAZARD'},{'HAZARD_ON_ROAD_CONSTRUCTION'},18,{6},6.166666666666667
2e68e669,2e68e668c,2020-09-26,14,{'JAM'},{'JAM'},31,{5},5.0
2e68e669,2e68e668c,2020-09-26,20,{'JAM'},{'JAM_STAND_STILL_TRAFFIC'},31,{6},5.0
2e68e669,2e68e668c,2020-10-08,13,{'JAM'},{'JAM_HEAVY_TRAFFIC'},30,{6},5.0
2e68e669,2e68e668c,2020-10-08,14,"{'JAM', 'ROAD_CLOSED'}","{'JAM_STAND_STILL_TRAFFIC', 'ROAD_CLOSED_EVENT'}",257,"{6, 7}",6.80544747081712
2e68e669,2e68e668c,2020-10-08,17,{'JAM'},{'JAM'},14,{6},5.0
2e68e669,2e68e668c,2020-10-10,14,{'JAM'},{'JAM'},14,{7},5.0
2e68e669,2e68e668c,2020-10-11,15,{'JAM'},{'JAM_HEAVY_TRAFFIC'},31,{6},6.354838709677419
2e68e669,2e68e668c,2020-10-16,14,{'JAM'},{'JAM_MODERATE_TRAFFIC'},18,{6},5.0
2e68e669,2e68e668c,2020-10-17,13,{'JAM'},{'JAM_STAND_STILL_TRAFFIC'},44,{6},7.045454545454546
2e68e669,2e68e668c,2020-10-17,17,{'JAM'},{'JAM_HEAVY_TRAFFIC'},59,{6},5.508474576271187
2e68e669,2e68e668c,2020-10-18,14,{'JAM'},{'JAM_HEAVY_TRAFFIC'},59,{6},5.0
2e68e669,2e68e668c,2020-10-22,10,{'JAM'},{'JAM_MODERATE_TRAFFIC'},8,{6},5.0
2e68e669,2e68e668c,2020-10-23,13,{'JAM'},{'JAM_HEAVY_TRAFFIC'},30,{7},5.933333333333334
2e68e669,2e68e668c,2020-10-23,14,{'JAM'},{'JAM_HEAVY_TRAFFIC'},16,{7},5.0
2e68e669,2e68e668c,2020-10-23,15,{'JAM'},{'JAM_STAND_STILL_TRAFFIC'},41,{6},7.2439024390243905
2e68e669,2e68e668c,2020-10-23,18,{'JAM'},{'JAM_STAND_STILL_TRAFFIC'},27,{6},5.888888888888889
2e68e669,2e68e668c,2020-10-23,19,{'JAM'},{'JAM_HEAVY_TRAFFIC'},29,{7},6.0
2e68e669,2e68e668c,2020-10-25,15,{'JAM'},{'JAM_HEAVY_TRAFFIC'},41,{7},7.2926829268292686
2e68e669,2e68e668c,2020-10-25,16,{'JAM'},{'JAM_STAND_STILL_TRAFFIC'},30,{6},5.0
2e68e669,2e68e668c,2020-10-25,17,{'JAM'},{'JAM_STAND_STILL_TRAFFIC'},25,{6},5.0
2e68e669,2e68e668c,2020-10-26,11,{'JAM'},{'JAM_HEAVY_TRAFFIC'},30,{7},5.0
2e68e669,2e68e668c,2020-10-27,10,{'JAM'},{'JAM_STAND_STILL_TRAFFIC'},30,{7},5.0
2e68e669,2e68e668c,2020-10-27,14,{'JAM'},"{'JAM', 'JAM_STAND_STILL_TRAFFIC'}",33,{6},5.0
2e68e669,2e68e668c,2020-10-27,15,{'JAM'},{'JAM_STAND_STILL_TRAFFIC'},32,"{6, 7}",5.34375
2e68e669,2e68e668c,2020-10-29,15,{'JAM'},{'JAM_STAND_STILL_TRAFFIC'},44,{6},7.159090909090909
2e68e669,2e68e668c,2020-10-29,16,{'JAM'},{'JAM_STAND_STILL_TRAFFIC'},35,{6},7.885714285714286
2e68e669,2e68e668c,2020-10-30,13,{'JAM'},"{'JAM_MODERATE_TRAFFIC', 'JAM_HEAVY_TRAFFIC'}",72,"{6, 7}",5.819444444444445
2e68e669,2e68e668c,2020-10-30,14,{'JAM'},{'JAM_HEAVY_TRAFFIC'},32,{6},5.0
2e68e669,2e68e668c,2020-10-30,15,{'JAM'},"{'JAM_STAND_STILL_TRAFFIC', 'JAM_HEAVY_TRAFFIC'}",94,"{6, 7}",7.180851063829787
2e68e669,2e68e668c,2020-10-30,16,{'JAM'},"{'JAM_MODERATE_TRAFFIC', 'JAM_HEAVY_TRAFFIC'}",42,"{6, 7}",5.0
2e68e669,2e68e668c,2020-10-30,17,{'JAM'},{'JAM_HEAVY_TRAFFIC'},34,"{6, 7}",5.529411764705882
2e68e669,2e68e668c,2020-10-31,12,{'JAM'},{'JAM_STAND_STILL_TRAFFIC'},54,"{6, 7}",7.166666666666667
2e68e669,2e68e668c,2020-10-31,13,{'JAM'},{'JAM_STAND_STILL_TRAFFIC'},68,{7},7.176470588235294
2e68e669,2e68e668c,2020-10-31,16,"{'JAM', 'WEATHERHAZARD'}","{'HAZARD_ON_SHOULDER', 'HAZARD_ON_ROAD_ROAD_KILL', 'JAM_HEAVY_TRAFFIC'}",87,{7},6.896551724137931
2e68e669,2e68e668c,2020-11-01,12,{'JAM'},{'JAM_HEAVY_TRAFFIC'},93,"{6, 7}",6.139784946236559
2e68e669,2e68e668c,2020-11-01,14,{'JAM'},"{'JAM', 'JAM_MODERATE_TRAFFIC'}",64,"{6, 7}",5.0
2e68e669,2e68e668c,2020-11-01,15,{'JAM'},{'JAM_HEAVY_TRAFFIC'},36,{6},6.194444444444445
2e68e669,2e68e668c,2020-11-02,8,{'JAM'},{'JAM_HEAVY_TRAFFIC'},41,{7},5.487804878048781
2e68e669,2e68e668c,2020-11-04,10,{'JAM'},{'JAM_HEAVY_TRAFFIC'},30,{7},5.5
2e68e669,2e68e668c,2020-11-06,13,{'JAM'},{'JAM_STAND_STILL_TRAFFIC'},6,{6},5.0
2e68e669,2e68e668c,2020-11-06,17,{'JAM'},{'JAM_STAND_STILL_TRAFFIC'},10,{7},6.0
2e68e669,2e68e668c,2020-11-06,18,{'JAM'},{'JAM_STAND_STILL_TRAFFIC'},53,{6},6.679245283018868
2e68e669,2e68e668c,2020-11-07,10,{'JAM'},{'JAM_MODERATE_TRAFFIC'},30,{7},5.0
2e68e669,2e68e668c,2020-11-08,13,{'JAM'},{'JAM_STAND_STILL_TRAFFIC'},34,{7},7.147058823529412
2e68e669,2e68e668c,2020-11-08,14,{'JAM'},{'JAM_HEAVY_TRAFFIC'},52,{7},7.653846153846154
2e68e669,2e68e668c,2020-11-08,16,{'JAM'},{'JAM_STAND_STILL_TRAFFIC'},30,{6},6.466666666666667
2e68e669,2e68e668c,2020-11-09,17,{'JAM'},{'JAM_STAND_STILL_TRAFFIC'},22,{6},6.0
2e68e669,2e68e668c,2020-11-14,17,{'JAM'},{'JAM_HEAVY_TRAFFIC'},24,{6},7.625
2e68e669,2e68e668c,2020-11-15,13,{'JAM'},{'JAM_HEAVY_TRAFFIC'},41,{6},7.463414634146342
2e68e669,2e68e668c,2020-11-15,14,{'JAM'},{'JAM_STAND_STILL_TRAFFIC'},61,"{6, 7}",5.344262295081967
2e68e669,2e68e668c,2020-11-15,15,{'JAM'},{'JAM_MODERATE_TRAFFIC'},37,{6},5.1891891891891895
2e68e669,2e68e668c,2020-11-15,16,{'JAM'},{'JAM_HEAVY_TRAFFIC'},25,{7},6.76
2e68e669,2e68e668c,2020-11-15,21,{'ACCIDENT'},{'ACCIDENT_MAJOR'},52,{6},5.538461538461538
2e68e669,2e68e668c,2020-11-20,16,{'JAM'},{'JAM_STAND_STILL_TRAFFIC'},48,{6},6.833333333333333
2e68e669,2e68e668c,2020-11-20,18,{'JAM'},{'JAM_STAND_STILL_TRAFFIC'},39,{7},7.0
2e68e669,2e68e668c,2020-11-21,10,{'JAM'},{'JAM_HEAVY_TRAFFIC'},5,{6},5.0
2e68e669,2e68e668c,2020-11-22,14,{'JAM'},"{'JAM_STAND_STILL_TRAFFIC', 'JAM_HEAVY_TRAFFIC'}",34,{6},5.911764705882353
2e68e669,2e68e669c,2020-09-01,18,{'JAM'},{'JAM_STAND_STILL_TRAFFIC'},4,{7},5.0
2e68e669,2e68e669c,2020-09-02,7,{'JAM'},{'JAM_MODERATE_TRAFFIC'},32,{7},5.0
2e68e669,2e68e669c,2020-09-03,14,{'JAM'},{'JAM'},31,{7},5.0
2e68e669,2e68e669c,2020-09-04,12,{'JAM'},{'JAM_MODERATE_TRAFFIC'},29,{7},5.0
2e68e669,2e68e669c,2020-09-06,18,{'ACCIDENT'},{'ACCIDENT'},31,{7},8.903225806451612
2e68e669,2e68e669c,2020-09-13,9,{'JAM'},{'JAM_MODERATE_TRAFFIC'},8,{7},5.0
2e68e669,2e68e669c,2020-09-13,13,{'JAM'},{'JAM_MODERATE_TRAFFIC'},30,{7},5.0
2e68e669,2e68e669c,2020-09-13,14,{'JAM'},{'JAM_STAND_STILL_TRAFFIC'},10,{7},5.0
2e68e669,2e68e669c,2020-09-16,10,{'JAM'},{'JAM_MODERATE_TRAFFIC'},5,{7},5.0
2e68e669,2e68e669c,2020-09-18,13,{'JAM'},{'JAM_HEAVY_TRAFFIC'},15,{7},5.0
2e68e669,2e68e669c,2020-09-21,18,{'JAM'},{'JAM_MODERATE_TRAFFIC'},31,{22},5.0
2e68e669,2e68e669c,2020-10-01,14,{'JAM'},{'JAM_MODERATE_TRAFFIC'},32,{7},5.0
2e68e669,2e68e669c,2020-10-03,9,{'JAM'},{'JAM_HEAVY_TRAFFIC'},30,{7},5.0
2e68e669,2e68e669c,2020-10-03,10,{'JAM'},{'JAM_MODERATE_TRAFFIC'},6,{7},5.0
2e68e669,2e68e669c,2020-10-06,23,{'JAM'},{'JAM_HEAVY_TRAFFIC'},35,{7},5.0
2e68e669,2e68e669c,2020-10-09,17,{'JAM'},{'JAM_STAND_STILL_TRAFFIC'},32,{7},5.0
2e68e669,2e68e669c,2020-10-09,19,"{'JAM', 'WEATHERHAZARD'}","{'HAZARD_ON_SHOULDER_CAR_STOPPED', 'JAM_HEAVY_TRAFFIC'}",57,{7},5.491228070175438
2e68e669,2e68e669c,2020-10-12,11,{'JAM'},{'JAM_HEAVY_TRAFFIC'},13,{7},5.0
2e68e669,2e68e669c,2020-10-12,19,{'JAM'},{'JAM'},35,{7},5.0
2e68e669,2e68e669c,2020-10-13,16,{'JAM'},{'JAM_STAND_STILL_TRAFFIC'},31,{7},6.516129032258065
2e68e669,2e68e669c,2020-10-14,18,{'JAM'},{'JAM_MODERATE_TRAFFIC'},31,{7},5.0
2e68e669,2e68e669c,2020-10-16,18,{'JAM'},{'JAM_HEAVY_TRAFFIC'},8,{7},5.875
2e68e669,2e68e669c,2020-10-17,10,{'JAM'},{'JAM_HEAVY_TRAFFIC'},16,{7},5.5625
2e68e669,2e68e669c,2020-10-19,10,{'JAM'},{'JAM_HEAVY_TRAFFIC'},45,{7},5.333333333333333
2e68e669,2e68e669c,2020-10-20,13,{'JAM'},{'JAM_HEAVY_TRAFFIC'},19,{7},5.947368421052632
2e68e669,2e68e669c,2020-10-21,10,{'JAM'},{'JAM_MODERATE_TRAFFIC'},30,{7},5.6
2e68e669,2e68e669c,2020-10-21,15,{'JAM'},{'JAM_STAND_STILL_TRAFFIC'},6,{7},5.333333333333333
2e68e669,2e68e669c,2020-10-21,17,{'JAM'},{'JAM_STAND_STILL_TRAFFIC'},31,{7},5.0
2e68e669,2e68e669c,2020-10-23,18,{'JAM'},{'JAM_STAND_STILL_TRAFFIC'},31,{7},5.0
2e68e669,2e68e669c,2020-10-24,14,{'JAM'},{'JAM_HEAVY_TRAFFIC'},30,{7},5.0
2e68e669,2e68e669c,2020-10-25,13,{'ACCIDENT'},{'ACCIDENT'},20,{7},6.7
2e68e669,2e68e669c,2020-10-25,14,{'JAM'},{'JAM_HEAVY_TRAFFIC'},35,{7},5.4
2e68e669,2e68e669c,2020-10-26,15,{'JAM'},{'JAM_STAND_STILL_TRAFFIC'},33,{7},5.0
2e68e669,2e68e669c,2020-10-26,17,{'JAM'},{'JAM_HEAVY_TRAFFIC'},26,{7},5.0
2e68e669,2e68e669c,2020-10-28,18,{'JAM'},"{'JAM_MODERATE_TRAFFIC', 'JAM_HEAVY_TRAFFIC'}",74,{7},5.202702702702703
2e68e669,2e68e669c,2020-10-28,20,{'JAM'},{'JAM_MODERATE_TRAFFIC'},32,{7},5.0
2e68e669,2e68e669c,2020-10-29,10,{'JAM'},{'JAM_MODERATE_TRAFFIC'},31,{7},5.0
2e68e669,2e68e669c,2020-10-29,15,{'JAM'},{'JAM_HEAVY_TRAFFIC'},47,{7},6.74468085106383
2e68e669,2e68e669c,2020-10-29,17,{'JAM'},{'JAM_STAND_STILL_TRAFFIC'},43,{7},6.348837209302325
2e68e669,2e68e669c,2020-10-29,18,{'JAM'},{'JAM_STAND_STILL_TRAFFIC'},6,{7},5.0
2e68e669,2e68e669c,2020-10-30,16,{'JAM'},{'JAM_STAND_STILL_TRAFFIC'},83,{7},8.168674698795181
2e68e669,2e68e669c,2020-10-31,13,{'JAM'},{'JAM'},31,{7},5.0
2e68e669,2e68e669c,2020-11-01,11,{'JAM'},{'JAM_MODERATE_TRAFFIC'},31,{7},5.0
2e68e669,2e68e669c,2020-11-01,13,{'JAM'},{'JAM_HEAVY_TRAFFIC'},5,{7},5.0
2e68e669,2e68e669c,2020-11-06,11,{'JAM'},{'JAM_STAND_STILL_TRAFFIC'},10,{7},5.5
2e68e669,2e68e669c,2020-11-07,12,{'JAM'},{'JAM_STAND_STILL_TRAFFIC'},37,{7},5.0
2e68e669,2e68e669c,2020-11-07,13,{'JAM'},"{'JAM', 'JAM_STAND_STILL_TRAFFIC'}",54,{7},5.314814814814815
2e68e669,2e68e669c,2020-11-07,17,{'JAM'},{'JAM_STAND_STILL_TRAFFIC'},37,{7},7.675675675675675
2e68e669,2e68e669c,2020-11-11,15,{'JAM'},{'JAM_HEAVY_TRAFFIC'},7,{7},5.0
2e68e669,2e68e669c,2020-11-11,18,{'JAM'},{'JAM_MODERATE_TRAFFIC'},18,{7},5.0
2e68e669,2e68e669c,2020-11-12,15,{'JAM'},{'JAM_HEAVY_TRAFFIC'},15,{7},5.4
2e68e669,2e68e669c,2020-11-13,11,{'JAM'},{'JAM_STAND_STILL_TRAFFIC'},30,{7},5.0
2e68e669,2e68e669c,2020-11-14,14,{'JAM'},{'JAM_STAND_STILL_TRAFFIC'},29,{7},5.0
2e68e669,2e68e669c,2020-11-15,12,{'JAM'},{'JAM_STAND_STILL_TRAFFIC'},6,{7},5.0
2e68e669,2e68e669c,2020-11-21,13,{'JAM'},{'JAM_HEAVY_TRAFFIC'},2,{7},5.0
2e68e669,2e68e669c,2020-11-22,7,{'JAM'},{'JAM_MODERATE_TRAFFIC'},5,{7},5.0
2e68e669,2e68e669c,2020-11-22,10,{'WEATHERHAZARD'},{'WEATHERHAZARD'},6,{7},5.166666666666667
2e68e669,2e68e669c,2020-11-22,14,{'JAM'},{'JAM_HEAVY_TRAFFIC'},16,{7},5.0625
2e68e66b,2e68e66a4,2020-09-04,17,{'JAM'},{'JAM_MODERATE_TRAFFIC'},60,{1},5.0
2e68e66b,2e68e66a4,2020-09-10,16,{'JAM'},{'JAM_MODERATE_TRAFFIC'},31,{1},5.0
2e68e66b,2e68e66a4,2020-09-18,13,{'JAM'},{'JAM_MODERATE_TRAFFIC'},12,{1},5.0
2e68e66b,2e68e66a4,2020-09-18,18,{'JAM'},{'JAM_MODERATE_TRAFFIC'},12,{7},5.0
2e68e66b,2e68e66a4,2020-09-24,14,{'JAM'},{'JAM_MODERATE_TRAFFIC'},13,{1},5.0
2e68e66b,2e68e66a4,2020-10-01,14,{'JAM'},{'JAM_HEAVY_TRAFFIC'},29,{7},5.0
2e68e66b,2e68e66a4,2020-10-10,16,{'JAM'},{'JAM_STAND_STILL_TRAFFIC'},34,{1},5.470588235294118
2e68e66b,2e68e66a4,2020-10-14,22,{'WEATHERHAZARD'},{'WEATHERHAZARD'},31,{7},5.709677419354839
2e68e66b,2e68e66a4,2020-10-19,14,{'JAM'},{'JAM_MODERATE_TRAFFIC'},32,{7},5.0
2e68e66b,2e68e66a4,2020-10-20,13,{'JAM'},{'JAM_MODERATE_TRAFFIC'},33,{7},5.0
2e68e66b,2e68e66a4,2020-10-20,18,{'JAM'},{'JAM_MODERATE_TRAFFIC'},5,{7},5.0
2e68e66b,2e68e66a4,2020-10-23,18,{'JAM'},{'JAM_STAND_STILL_TRAFFIC'},30,{7},5.0
2e68e66b,2e68e66a4,2020-10-25,11,{'JAM'},{'JAM_MODERATE_TRAFFIC'},31,{7},5.0
2e68e66b,2e68e66a4,2020-10-27,17,{'JAM'},{'JAM_MODERATE_TRAFFIC'},35,{7},5.0
2e68e66b,2e68e66a4,2020-10-28,12,{'JAM'},{'JAM_MODERATE_TRAFFIC'},32,{7},5.96875
2e68e66b,2e68e66a4,2020-10-28,13,{'JAM'},{'JAM'},38,{7},5.0
2e68e66b,2e68e66a4,2020-10-28,18,{'JAM'},{'JAM_HEAVY_TRAFFIC'},33,{7},5.0
2e68e66b,2e68e66a4,2020-10-28,20,{'JAM'},{'JAM_MODERATE_TRAFFIC'},22,{7},5.0
2e68e66b,2e68e66a4,2020-10-28,21,{'JAM'},{'JAM_MODERATE_TRAFFIC'},33,{7},5.0
2e68e66b,2e68e66a4,2020-10-29,10,{'JAM'},{'JAM'},5,{7},5.0
2e68e66b,2e68e66a4,2020-10-30,14,{'JAM'},{'JAM_STAND_STILL_TRAFFIC'},46,{7},5.3478260869565215
2e68e66b,2e68e66a4,2020-10-31,14,{'JAM'},{'JAM_STAND_STILL_TRAFFIC'},24,{7},9.125
2e68e66b,2e68e66a4,2020-11-04,15,{'JAM'},"{'JAM_STAND_STILL_TRAFFIC', 'JAM_HEAVY_TRAFFIC'}",64,{7},5.25
2e68e66b,2e68e66a4,2020-11-07,12,{'JAM'},{'JAM_STAND_STILL_TRAFFIC'},6,{7},5.0
2e68e66b,2e68e66a4,2020-11-11,15,{'JAM'},{'JAM'},6,{7},5.0
2e68e66b,2e68e66a4,2020-11-13,11,{'JAM'},{'JAM_STAND_STILL_TRAFFIC'},30,{7},5.0
2e68e66b,2e68e66a4,2020-11-13,18,{'JAM'},{'JAM'},25,{7},5.0
2e68e66b,2e68e66a4,2020-11-20,14,{'JAM'},{'JAM_HEAVY_TRAFFIC'},31,{7},6.451612903225806
2e68e66b,2e68e66a4,2020-11-22,13,{'JAM'},{'JAM_HEAVY_TRAFFIC'},4,{2},6.0
2e68e66b,2e68e66ac,2020-09-02,10,{'JAM'},{'JAM_STAND_STILL_TRAFFIC'},31,{2},5.0
2e68e66b,2e68e66ac,2020-09-03,17,{'JAM'},{'JAM_STAND_STILL_TRAFFIC'},7,{7},5.0
2e68e66b,2e68e66ac,2020-09-04,12,{'JAM'},{'JAM_MODERATE_TRAFFIC'},8,{7},5.0
2e68e66b,2e68e66ac,2020-09-04,17,{'JAM'},{'JAM_MODERATE_TRAFFIC'},30,{7},5.0
2e68e66b,2e68e66ac,2020-09-05,10,{'JAM'},{'JAM_HEAVY_TRAFFIC'},8,{2},5.0
2e68e66b,2e68e66ac,2020-09-05,21,{'JAM'},{'JAM_HEAVY_TRAFFIC'},8,{2},5.0
2e68e66b,2e68e66ac,2020-09-06,13,{'ACCIDENT'},{'ACCIDENT_MINOR'},27,{2},5.814814814814815
2e68e66b,2e68e66ac,2020-09-10,13,{'JAM'},{'JAM_MODERATE_TRAFFIC'},5,{7},5.0
2e68e66b,2e68e66ac,2020-09-10,16,{'JAM'},{'JAM_MODERATE_TRAFFIC'},48,{7},5.0
2e68e66b,2e68e66ac,2020-09-11,16,{'JAM'},{'JAM_HEAVY_TRAFFIC'},6,{2},5.0
2e68e66b,2e68e66ac,2020-09-11,18,{'JAM'},{'JAM_STAND_STILL_TRAFFIC'},30,{2},5.0
2e68e66b,2e68e66ac,2020-09-16,15,{'JAM'},{'JAM_STAND_STILL_TRAFFIC'},14,{2},5.0
2e68e66b,2e68e66ac,2020-09-18,18,{'JAM'},{'JAM_MODERATE_TRAFFIC'},21,{7},5.0
2e68e66b,2e68e66ac,2020-09-24,12,{'JAM'},"{'JAM_MODERATE_TRAFFIC', 'JAM_HEAVY_TRAFFIC'}",97,"{2, 20, 7}",5.0
2e68e66b,2e68e66ac,2020-09-27,14,{'JAM'},{'JAM_MODERATE_TRAFFIC'},30,{7},5.0
2e68e66b,2e68e66ac,2020-10-02,13,{'JAM'},{'JAM_STAND_STILL_TRAFFIC'},6,{2},5.0
2e68e66b,2e68e66ac,2020-10-02,17,{'JAM'},{'JAM_HEAVY_TRAFFIC'},8,{2},5.0
2e68e66b,2e68e66ac,2020-10-03,12,{'JAM'},{'JAM_STAND_STILL_TRAFFIC'},31,{7},6.0
2e68e66b,2e68e66ac,2020-10-04,18,{'JAM'},{'JAM_MODERATE_TRAFFIC'},7,{7},5.0
2e68e66b,2e68e66ac,2020-10-08,17,{'JAM'},{'JAM'},5,{7},5.0
2e68e66b,2e68e66ac,2020-10-13,11,{'JAM'},{'JAM_STAND_STILL_TRAFFIC'},24,{2},5.625
2e68e66b,2e68e66ac,2020-10-15,16,{'JAM'},{'JAM'},31,{20},5.0
2e68e66b,2e68e66ac,2020-10-20,13,{'JAM'},{'JAM_MODERATE_TRAFFIC'},61,{7},5.491803278688525
2e68e66b,2e68e66ac,2020-10-20,18,{'JAM'},{'JAM_MODERATE_TRAFFIC'},62,{7},5.0
2e68e66b,2e68e66ac,2020-10-22,18,{'JAM'},{'JAM_HEAVY_TRAFFIC'},7,{7},5.0
2e68e66b,2e68e66ac,2020-10-24,8,{'JAM'},{'JAM'},7,{2},5.0
2e68e66b,2e68e66ac,2020-10-25,13,{'JAM'},{'JAM_STAND_STILL_TRAFFIC'},31,{2},5.0
2e68e66b,2e68e66ac,2020-10-26,14,{'JAM'},{'JAM_MODERATE_TRAFFIC'},7,{7},5.0
2e68e66b,2e68e66ac,2020-10-27,17,{'JAM'},{'JAM_STAND_STILL_TRAFFIC'},9,{7},5.0
2e68e66b,2e68e66ac,2020-10-28,12,{'JAM'},{'JAM_MODERATE_TRAFFIC'},30,{1},5.0
2e68e66b,2e68e66ac,2020-10-28,19,{'JAM'},{'JAM_HEAVY_TRAFFIC'},6,{2},5.666666666666667
2e68e66b,2e68e66ac,2020-10-28,20,{'JAM'},{'JAM_MODERATE_TRAFFIC'},24,{7},5.0
2e68e66b,2e68e66ac,2020-10-28,21,{'JAM'},{'JAM_MODERATE_TRAFFIC'},11,{7},5.0
2e68e66b,2e68e66ac,2020-10-29,20,{'JAM'},{'JAM_HEAVY_TRAFFIC'},41,{2},5.390243902439025
2e68e66b,2e68e66ac,2020-10-31,8,{'JAM'},{'JAM'},31,{7},5.0
2e68e66b,2e68e66ac,2020-10-31,13,{'JAM'},{'JAM_HEAVY_TRAFFIC'},30,{2},5.633333333333334
2e68e66b,2e68e66ac,2020-10-31,14,{'WEATHERHAZARD'},{'HAZARD_ON_ROAD_ROAD_KILL'},30,{20},5.0
2e68e66b,2e68e66ac,2020-10-31,15,{'JAM'},{'JAM_STAND_STILL_TRAFFIC'},26,{7},6.038461538461538
2e68e66b,2e68e66ac,2020-11-01,15,{'JAM'},{'JAM'},7,{7},5.0
2e68e66b,2e68e66ac,2020-11-07,8,{'JAM'},{'JAM_HEAVY_TRAFFIC'},30,{2},5.0
2e68e66b,2e68e66ac,2020-11-07,10,{'JAM'},{'JAM_STAND_STILL_TRAFFIC'},8,{2},5.875
2e68e66b,2e68e66ac,2020-11-07,14,{'JAM'},{'JAM_HEAVY_TRAFFIC'},34,{2},6.735294117647059
2e68e66b,2e68e66ac,2020-11-08,11,{'JAM'},{'JAM_MODERATE_TRAFFIC'},29,{7},5.620689655172414
2e68e66b,2e68e66ac,2020-11-08,12,{'JAM'},{'JAM_HEAVY_TRAFFIC'},46,{2},7.478260869565218
2e68e66b,2e68e66ac,2020-11-13,11,{'JAM'},{'JAM_STAND_STILL_TRAFFIC'},43,{2},5.348837209302325
2e68e66b,2e68e66ac,2020-11-14,21,{'JAM'},{'JAM_HEAVY_TRAFFIC'},30,{7},5.0
2e68e66b,2e68e66ac,2020-11-15,11,{'JAM'},{'JAM_STAND_STILL_TRAFFIC'},56,{2},7.446428571428571
2e68e66b,2e68e66ac,2020-11-18,8,{'JAM'},{'JAM_STAND_STILL_TRAFFIC'},33,{7},6.303030303030303
2e68e66b,2e68e66ac,2020-11-18,16,{'JAM'},{'JAM'},8,{7},5.0
2e68e66b,2e68e66ac,2020-11-18,17,{'JAM'},{'JAM_HEAVY_TRAFFIC'},28,{7},5.0
2e68e66b,2e68e66ac,2020-11-19,10,{'JAM'},{'JAM_STAND_STILL_TRAFFIC'},30,{2},5.5
2e68e66b,2e68e66ac,2020-11-20,13,{'JAM'},{'JAM_STAND_STILL_TRAFFIC'},7,{7},5.0
2e68e66b,2e68e66ac,2020-11-21,20,{'JAM'},{'JAM_HEAVY_TRAFFIC'},8,{2},6.0
2e68e66b,2e68e66b4,2020-09-10,13,{'JAM'},{'JAM_HEAVY_TRAFFIC'},5,{7},5.0
2e68e66b,2e68e66b4,2020-09-18,13,{'JAM'},{'JAM_MODERATE_TRAFFIC'},5,{7},5.0
2e68e66b,2e68e66b4,2020-09-18,19,{'JAM'},{'JAM_MODERATE_TRAFFIC'},8,{7},5.0
2e68e66b,2e68e66b4,2020-09-24,14,"{'JAM', 'WEATHERHAZARD'}","{'WEATHERHAZARD', 'JAM_MODERATE_TRAFFIC'}",58,"{1, 7}",5.5
2e68e66b,2e68e66b4,2020-09-30,7,{'JAM'},{'JAM_HEAVY_TRAFFIC'},32,{7},5.0
2e68e66b,2e68e66b4,2020-09-30,8,{'JAM'},{'JAM_STAND_STILL_TRAFFIC'},31,{7},5.0
2e68e66b,2e68e66b4,2020-10-16,17,{'JAM'},{'JAM_STAND_STILL_TRAFFIC'},32,{7},5.96875
2e68e66b,2e68e66b4,2020-10-20,13,{'JAM'},{'JAM_MODERATE_TRAFFIC'},15,{7},5.0
2e68e66b,2e68e66b4,2020-10-28,18,{'JAM'},{'JAM_HEAVY_TRAFFIC'},31,{7},5.0
2e68e66b,2e68e66b4,2020-10-28,21,{'JAM'},{'JAM_MODERATE_TRAFFIC'},30,{7},5.0
2e68e66b,2e68e66b4,2020-11-14,17,{'JAM'},{'JAM_STAND_STILL_TRAFFIC'},22,{7},6.136363636363637
2e68e66d,2e68e66cc,2020-09-10,13,{'JAM'},{'JAM_MODERATE_TRAFFIC'},6,{7},5.0
2e68e66d,2e68e66cc,2020-09-10,16,{'JAM'},{'JAM_MODERATE_TRAFFIC'},8,{7},5.0
2e68e66d,2e68e66cc,2020-09-24,12,{'JAM'},{'JAM_MODERATE_TRAFFIC'},31,{7},5.0
2e68e66d,2e68e66cc,2020-10-20,18,{'JAM'},{'JAM_MODERATE_TRAFFIC'},30,{7},5.0
2e68e66d,2e68e66cc,2020-10-28,20,{'JAM'},{'JAM_MODERATE_TRAFFIC'},8,{7},5.0
2e68e66d,2e68e66cc,2020-11-08,11,{'JAM'},{'JAM_MODERATE_TRAFFIC'},15,{7},5.0
2e68e66d,2e68e66cc,2020-11-17,9,{'WEATHERHAZARD'},{'HAZARD_ON_ROAD_OBJECT'},61,{7},5.704918032786885
2e68e66d,2e68e66cc,2020-11-21,11,{'WEATHERHAZARD'},{'HAZARD_ON_ROAD_POT_HOLE'},35,{7},7.571428571428571
2e68e66d,2e68e66cc,2020-11-22,13,{'WEATHERHAZARD'},{'HAZARD_ON_ROAD_POT_HOLE'},19,{7},5.0
2e68e66d,2e68e66d4,2020-09-04,17,{'JAM'},{'JAM_MODERATE_TRAFFIC'},34,{7},5.0
2e68e66d,2e68e66d4,2020-09-10,13,{'JAM'},{'JAM_MODERATE_TRAFFIC'},30,{7},5.0
2e68e66d,2e68e66d4,2020-09-24,14,{'JAM'},{'JAM_MODERATE_TRAFFIC'},12,{7},5.0
2e68e66d,2e68e66d4,2020-09-27,14,{'JAM'},{'JAM_MODERATE_TRAFFIC'},19,{7},5.0
2e68e66d,2e68e66d4,2020-10-20,13,{'JAM'},{'JAM_MODERATE_TRAFFIC'},32,{7},5.875
2e68e66d,2e68e66d4,2020-10-28,12,{'JAM'},{'JAM_MODERATE_TRAFFIC'},10,{7},5.0
2e68e66d,2e68e66d4,2020-10-28,18,{'JAM'},{'JAM_MODERATE_TRAFFIC'},31,{7},5.0
2e68e66d,2e68e66d4,2020-10-28,21,{'JAM'},{'JAM_MODERATE_TRAFFIC'},31,{7},5.0
2e68e66d,2e68e66d4,2020-11-14,21,{'JAM'},{'JAM_MODERATE_TRAFFIC'},6,{7},5.0
2e68e66d,2e68e66d4,2020-11-18,16,{'JAM'},{'JAM'},6,{7},5.0
2e68e66f,2e68e66e4,2020-10-27,14,{'WEATHERHAZARD'},{'WEATHERHAZARD'},30,{22},5.0
2e68e66f,2e68e66f4,2020-09-06,11,{'JAM'},{'JAM'},30,{22},5.0
2e68e671,2e68e6704,2020-09-03,7,{'JAM'},{'JAM_STAND_STILL_TRAFFIC'},30,{1},5.0
2e68e673,2e68e672c,2020-09-04,12,{'JAM'},{'JAM_MODERATE_TRAFFIC'},33,{7},5.0
2e68e673,2e68e672c,2020-09-24,12,{'JAM'},{'JAM_MODERATE_TRAFFIC'},19,{7},5.0
2e68e673,2e68e672c,2020-10-16,14,{'JAM'},{'JAM_MODERATE_TRAFFIC'},33,{7},5.0
2e68e673,2e68e672c,2020-10-20,13,{'JAM'},{'JAM_MODERATE_TRAFFIC'},13,{7},5.0
2e68e673,2e68e672c,2020-11-14,21,{'JAM'},{'JAM_MODERATE_TRAFFIC'},32,{7},5.0
2e68e673,2e68e6734,2020-09-01,16,{'JAM'},{'JAM_MODERATE_TRAFFIC'},24,{7},5.0
2e68e673,2e68e6734,2020-09-04,17,{'JAM'},{'JAM_MODERATE_TRAFFIC'},31,{7},5.0
2e68e673,2e68e6734,2020-09-10,13,{'JAM'},{'JAM_MODERATE_TRAFFIC'},7,{7},5.0
2e68e673,2e68e6734,2020-09-18,19,{'JAM'},{'JAM_MODERATE_TRAFFIC'},31,{7},5.0
2e68e673,2e68e6734,2020-10-20,18,{'JAM'},{'JAM_MODERATE_TRAFFIC'},33,{7},5.0
2e68e673,2e68e6734,2020-10-28,12,{'JAM'},{'JAM_MODERATE_TRAFFIC'},6,{7},5.0
2e68e673,2e68e6734,2020-10-28,18,{'JAM'},{'JAM_MODERATE_TRAFFIC'},1,{7},5.0
2e68e673,2e68e6734,2020-10-28,20,{'JAM'},{'JAM_MODERATE_TRAFFIC'},27,{7},5.0
2e68e673,2e68e6734,2020-11-02,11,{'JAM'},{'JAM_STAND_STILL_TRAFFIC'},7,{7},5.0
2e68e673,2e68e6734,2020-11-05,10,{'JAM'},{'JAM_HEAVY_TRAFFIC'},33,{1},5.696969696969697
2e68e673,2e68e6734,2020-11-09,16,{'JAM'},{'JAM_MODERATE_TRAFFIC'},6,{7},5.0
2e68e673,2e68e6734,2020-11-15,12,{'JAM'},{'JAM'},12,{7},5.0
2e68e675,2e68e674c,2020-09-04,17,{'JAM'},{'JAM_STAND_STILL_TRAFFIC'},13,{7},5.0
2e68e675,2e68e674c,2020-09-15,17,{'JAM'},{'JAM_HEAVY_TRAFFIC'},55,{7},5.0
2e68e675,2e68e674c,2020-09-19,21,{'JAM'},{'JAM_STAND_STILL_TRAFFIC'},20,{2},5.0
2e68e675,2e68e674c,2020-09-22,7,{'JAM'},{'JAM_MODERATE_TRAFFIC'},30,{7},5.0
2e68e675,2e68e674c,2020-09-24,14,{'JAM'},{'JAM_MODERATE_TRAFFIC'},8,{7},5.0
2e68e675,2e68e674c,2020-09-27,14,{'JAM'},{'JAM_HEAVY_TRAFFIC'},6,{7},5.0
2e68e675,2e68e674c,2020-10-04,14,{'JAM'},{'JAM_HEAVY_TRAFFIC'},9,{7},5.0
2e68e675,2e68e674c,2020-10-07,14,{'JAM'},{'JAM_HEAVY_TRAFFIC'},5,{7},5.0
2e68e675,2e68e674c,2020-10-09,18,{'JAM'},{'JAM_MODERATE_TRAFFIC'},30,{7},5.0
2e68e675,2e68e674c,2020-10-13,11,{'JAM'},{'JAM_HEAVY_TRAFFIC'},5,{7},5.6
2e68e675,2e68e674c,2020-10-20,13,{'JAM'},{'JAM_MODERATE_TRAFFIC'},6,{7},5.0
2e68e675,2e68e674c,2020-10-25,16,{'JAM'},{'JAM_STAND_STILL_TRAFFIC'},33,{7},5.0
2e68e675,2e68e674c,2020-10-27,11,{'JAM'},{'JAM_MODERATE_TRAFFIC'},31,{7},5.0
2e68e675,2e68e674c,2020-10-28,18,{'JAM'},{'JAM_MODERATE_TRAFFIC'},60,{7},5.5
2e68e675,2e68e674c,2020-10-28,20,{'JAM'},{'JAM_MODERATE_TRAFFIC'},6,{7},5.0
2e68e675,2e68e674c,2020-10-28,21,{'JAM'},{'JAM_MODERATE_TRAFFIC'},30,{7},5.0
2e68e675,2e68e674c,2020-10-30,14,{'JAM'},{'JAM_STAND_STILL_TRAFFIC'},26,{7},5.0
2e68e675,2e68e674c,2020-10-30,21,{'JAM'},{'JAM_HEAVY_TRAFFIC'},31,{7},5.0
2e68e675,2e68e674c,2020-10-31,16,{'JAM'},{'JAM_STAND_STILL_TRAFFIC'},39,{7},5.358974358974359
2e68e675,2e68e674c,2020-11-01,16,{'JAM'},{'JAM_STAND_STILL_TRAFFIC'},34,{7},5.0
2e68e675,2e68e674c,2020-11-02,10,{'JAM'},{'JAM_MODERATE_TRAFFIC'},31,{7},5.0
2e68e675,2e68e674c,2020-11-09,15,{'JAM'},{'JAM_STAND_STILL_TRAFFIC'},36,{7},5.416666666666667
2e68e675,2e68e674c,2020-11-09,16,{'JAM'},"{'JAM_STAND_STILL_TRAFFIC', 'JAM_HEAVY_TRAFFIC'}",64,"{2, 7}",5.6875
2e68e675,2e68e674c,2020-11-14,21,{'JAM'},{'JAM_MODERATE_TRAFFIC'},6,{7},5.0
2e68e675,2e68e674c,2020-11-16,13,{'JAM'},{'JAM_HEAVY_TRAFFIC'},32,{7},5.28125
2e68e675,2e68e674c,2020-11-20,20,{'JAM'},{'JAM_STAND_STILL_TRAFFIC'},31,{7},5.838709677419355
2e68e679,2e68e678c,2020-10-10,17,{'JAM'},{'JAM_HEAVY_TRAFFIC'},31,{2},5.0
2e68e679,2e68e678c,2020-10-17,15,{'JAM'},{'JAM_HEAVY_TRAFFIC'},32,{2},5.0
2e68e679,2e68e678c,2020-10-21,16,{'JAM'},{'JAM_STAND_STILL_TRAFFIC'},35,{2},5.428571428571429
2e68e679,2e68e678c,2020-10-23,15,{'JAM'},{'JAM_HEAVY_TRAFFIC'},31,{2},5.838709677419355
2e68e679,2e68e678c,2020-11-20,17,{'JAM'},{'JAM_HEAVY_TRAFFIC'},23,{2},5.391304347826087
2e68e679,2e68e678c,2020-11-21,15,{'JAM'},{'JAM_STAND_STILL_TRAFFIC'},30,{2},5.0
2e68e679,2e68e6794,2020-10-23,17,{'JAM'},{'JAM_STAND_STILL_TRAFFIC'},37,{1},5.108108108108108
2e68e67b,2e68e67a4,2020-09-03,7,{'JAM'},{'JAM_STAND_STILL_TRAFFIC'},30,{1},5.0
2e68e67b,2e68e67b4,2020-09-12,12,{'JAM'},{'JAM_HEAVY_TRAFFIC'},29,{6},5.0
2e68e67b,2e68e67b4,2020-09-25,13,{'JAM'},{'JAM_HEAVY_TRAFFIC'},30,{6},5.0
2e68e67b,2e68e67b4,2020-09-26,15,{'ACCIDENT'},{'ACCIDENT'},123,{20},5.764227642276423
2e68e67b,2e68e67b4,2020-10-23,17,{'JAM'},{'JAM'},14,{1},5.0
2e68e67b,2e68e67b4,2020-10-23,18,{'JAM'},{'JAM_HEAVY_TRAFFIC'},9,{1},5.0
2e68e67b,2e68e67b4,2020-10-24,11,{'JAM'},{'JAM_STAND_STILL_TRAFFIC'},32,{6},5.0
2e68e67b,2e68e67b4,2020-10-27,14,{'JAM'},{'JAM_STAND_STILL_TRAFFIC'},9,{6},5.0
2e68e67b,2e68e67b4,2020-10-29,13,{'JAM'},{'JAM_HEAVY_TRAFFIC'},12,{2},5.0
2e68e67b,2e68e67b4,2020-10-29,15,{'JAM'},{'JAM_STAND_STILL_TRAFFIC'},31,{6},5.580645161290323
2e68e67b,2e68e67b4,2020-10-30,10,{'JAM'},{'JAM_HEAVY_TRAFFIC'},32,{6},5.0
2e68e67b,2e68e67b4,2020-10-30,13,{'JAM'},{'JAM_HEAVY_TRAFFIC'},35,{6},6.285714285714286
2e68e67b,2e68e67b4,2020-10-31,16,{'JAM'},{'JAM_HEAVY_TRAFFIC'},10,{2},5.8
2e68e67b,2e68e67b4,2020-11-08,14,{'WEATHERHAZARD'},{'WEATHERHAZARD'},9,{6},5.0
2e68e67b,2e68e67b4,2020-11-13,17,{'JAM'},{'JAM_STAND_STILL_TRAFFIC'},30,{2},5.0
2e68e67b,2e68e67b4,2020-11-15,14,{'JAM'},{'JAM_STAND_STILL_TRAFFIC'},30,{6},5.0
2e68e67b,2e68e67b4,2020-11-18,17,{'JAM'},{'JAM_STAND_STILL_TRAFFIC'},32,{6},5.0
2e68e67b,2e68e67b4,2020-11-20,11,{'JAM'},{'JAM_HEAVY_TRAFFIC'},34,{6},5.4411764705882355
2e68e67b,2e68e67b4,2020-11-20,18,{'JAM'},{'JAM_STAND_STILL_TRAFFIC'},17,{2},5.352941176470588
2e68e67d,2e68e67c4,2020-09-01,13,{'JAM'},{'JAM_STAND_STILL_TRAFFIC'},31,{6},5.0
2e68e67d,2e68e67c4,2020-09-02,12,{'JAM'},{'JAM_MODERATE_TRAFFIC'},9,{4},5.0
2e68e67d,2e68e67c4,2020-09-03,16,{'JAM'},{'JAM_MODERATE_TRAFFIC'},24,{4},5.0
2e68e67d,2e68e67c4,2020-09-04,16,{'JAM'},{'JAM_STAND_STILL_TRAFFIC'},31,{2},5.0
2e68e67d,2e68e67c4,2020-09-04,17,{'JAM'},{'JAM_STAND_STILL_TRAFFIC'},29,{4},6.758620689655173
2e68e67d,2e68e67c4,2020-09-04,18,{'JAM'},"{'JAM_STAND_STILL_TRAFFIC', 'JAM_HEAVY_TRAFFIC'}",65,{2},6.861538461538461
2e68e67d,2e68e67c4,2020-09-05,13,{'JAM'},{'JAM_MODERATE_TRAFFIC'},21,{4},5.0
2e68e67d,2e68e67c4,2020-09-05,15,{'JAM'},{'JAM_HEAVY_TRAFFIC'},14,{6},7.0
2e68e67d,2e68e67c4,2020-09-05,17,{'JAM'},{'JAM_STAND_STILL_TRAFFIC'},31,{6},5.935483870967742
2e68e67d,2e68e67c4,2020-09-05,18,{'JAM'},{'JAM_STAND_STILL_TRAFFIC'},30,{4},5.0
2e68e67d,2e68e67c4,2020-09-06,11,{'JAM'},{'JAM_HEAVY_TRAFFIC'},34,{6},5.470588235294118
2e68e67d,2e68e67c4,2020-09-06,15,{'JAM'},{'JAM_STAND_STILL_TRAFFIC'},31,{2},5.0
2e68e67d,2e68e67c4,2020-09-06,18,{'JAM'},{'JAM_MODERATE_TRAFFIC'},33,{6},5.0
2e68e67d,2e68e67c4,2020-09-07,15,{'JAM'},{'JAM_STAND_STILL_TRAFFIC'},15,{4},5.0
2e68e67d,2e68e67c4,2020-09-09,10,{'JAM'},{'JAM_STAND_STILL_TRAFFIC'},5,{2},5.0
2e68e67d,2e68e67c4,2020-09-09,16,{'JAM'},{'JAM'},8,{6},5.0
2e68e67d,2e68e67c4,2020-09-10,10,{'JAM'},{'JAM_HEAVY_TRAFFIC'},32,{6},5.0
2e68e67d,2e68e67c4,2020-09-10,14,{'JAM'},{'JAM_STAND_STILL_TRAFFIC'},8,{6},5.0
2e68e67d,2e68e67c4,2020-09-10,17,{'JAM'},{'JAM_STAND_STILL_TRAFFIC'},50,{2},5.9
2e68e67d,2e68e67c4,2020-09-11,19,{'JAM'},{'JAM_HEAVY_TRAFFIC'},30,{6},5.0
2e68e67d,2e68e67c4,2020-09-12,13,{'JAM'},{'JAM_STAND_STILL_TRAFFIC'},31,{2},5.0
2e68e67d,2e68e67c4,2020-09-12,14,{'JAM'},{'JAM_STAND_STILL_TRAFFIC'},12,{2},5.0
2e68e67d,2e68e67c4,2020-09-13,14,{'JAM'},{'JAM_HEAVY_TRAFFIC'},19,{6},5.0
2e68e67d,2e68e67c4,2020-09-13,17,{'JAM'},{'JAM_STAND_STILL_TRAFFIC'},10,{2},5.0
2e68e67d,2e68e67c4,2020-09-14,15,{'JAM'},{'JAM_HEAVY_TRAFFIC'},9,{6},5.0
2e68e67d,2e68e67c4,2020-09-16,17,{'JAM'},{'JAM_STAND_STILL_TRAFFIC'},26,{4},5.0
2e68e67d,2e68e67c4,2020-09-17,11,{'JAM'},{'JAM_MODERATE_TRAFFIC'},10,{6},5.0
2e68e67d,2e68e67c4,2020-09-18,14,{'JAM'},{'JAM_MODERATE_TRAFFIC'},7,{4},5.0
2e68e67d,2e68e67c4,2020-09-18,17,{'JAM'},{'JAM_HEAVY_TRAFFIC'},32,{2},5.96875
2e68e67d,2e68e67c4,2020-09-19,8,{'JAM'},{'JAM'},31,{2},6.0
2e68e67d,2e68e67c4,2020-09-22,11,{'JAM'},{'JAM_HEAVY_TRAFFIC'},30,{6},5.0
2e68e67d,2e68e67c4,2020-09-22,16,{'JAM'},{'JAM_HEAVY_TRAFFIC'},31,{2},5.0
2e68e67d,2e68e67c4,2020-09-23,11,{'WEATHERHAZARD'},{'HAZARD_WEATHER'},17,{2},5.0588235294117645
2e68e67d,2e68e67c4,2020-09-25,12,{'JAM'},{'JAM_HEAVY_TRAFFIC'},7,{4},5.0
2e68e67d,2e68e67c4,2020-09-26,14,{'JAM'},{'JAM_STAND_STILL_TRAFFIC'},20,{6},5.0
2e68e67d,2e68e67c4,2020-09-27,15,"{'JAM', 'WEATHERHAZARD'}","{'HAZARD_ON_SHOULDER_CAR_STOPPED', 'JAM_HEAVY_TRAFFIC'}",15,{6},5.133333333333334
2e68e67d,2e68e67c4,2020-09-27,16,{'JAM'},{'JAM_STAND_STILL_TRAFFIC'},6,{4},5.0
2e68e67d,2e68e67c4,2020-09-27,18,{'JAM'},{'JAM_HEAVY_TRAFFIC'},31,{6},5.0
2e68e67d,2e68e67c4,2020-09-29,12,{'JAM'},{'JAM'},20,{6},5.0
2e68e67d,2e68e67c4,2020-09-30,14,{'JAM'},{'JAM_MODERATE_TRAFFIC'},6,{4},5.0
2e68e67d,2e68e67c4,2020-09-30,16,{'JAM'},{'JAM_STAND_STILL_TRAFFIC'},15,{6},5.933333333333334
2e68e67d,2e68e67c4,2020-09-30,18,{'JAM'},{'JAM_HEAVY_TRAFFIC'},5,{4},5.0
2e68e67d,2e68e67c4,2020-10-02,18,{'JAM'},{'JAM_STAND_STILL_TRAFFIC'},38,"{1, 2}",5.0
2e68e67d,2e68e67c4,2020-10-02,19,{'JAM'},{'JAM_MODERATE_TRAFFIC'},19,{4},5.0
2e68e67d,2e68e67c4,2020-10-03,10,{'JAM'},{'JAM_STAND_STILL_TRAFFIC'},30,{6},5.866666666666666
2e68e67d,2e68e67c4,2020-10-03,12,{'JAM'},{'JAM_MODERATE_TRAFFIC'},29,{6},5.0
2e68e67d,2e68e67c4,2020-10-03,16,{'JAM'},{'JAM_STAND_STILL_TRAFFIC'},40,"{2, 4}",7.175
2e68e67d,2e68e67c4,2020-10-04,17,{'JAM'},{'JAM_STAND_STILL_TRAFFIC'},14,{2},5.0
2e68e67d,2e68e67c4,2020-10-04,18,{'JAM'},{'JAM_HEAVY_TRAFFIC'},31,{6},5.0
2e68e67d,2e68e67c4,2020-10-04,19,{'JAM'},{'JAM_MODERATE_TRAFFIC'},6,{6},5.0
2e68e67d,2e68e67c4,2020-10-05,13,{'JAM'},{'JAM_MODERATE_TRAFFIC'},33,{6},5.0
2e68e67d,2e68e67c4,2020-10-08,12,{'JAM'},{'JAM_HEAVY_TRAFFIC'},38,{4},7.2368421052631575
2e68e67d,2e68e67c4,2020-10-08,13,{'JAM'},{'JAM_STAND_STILL_TRAFFIC'},13,{6},5.923076923076923
2e68e67d,2e68e67c4,2020-10-09,11,{'JAM'},{'JAM_STAND_STILL_TRAFFIC'},14,{4},5.0
2e68e67d,2e68e67c4,2020-10-09,14,{'JAM'},{'JAM_STAND_STILL_TRAFFIC'},6,{6},5.0
2e68e67d,2e68e67c4,2020-10-09,18,{'JAM'},{'JAM_MODERATE_TRAFFIC'},6,{4},5.0
2e68e67d,2e68e67c4,2020-10-09,19,{'JAM'},{'JAM_STAND_STILL_TRAFFIC'},32,{4},5.0
2e68e67d,2e68e67c4,2020-10-10,11,{'JAM'},{'JAM_HEAVY_TRAFFIC'},31,{6},5.0
2e68e67d,2e68e67c4,2020-10-11,12,{'JAM'},{'JAM_HEAVY_TRAFFIC'},31,{6},5.967741935483871
2e68e67d,2e68e67c4,2020-10-13,9,{'WEATHERHAZARD'},{'HAZARD_ON_SHOULDER_CAR_STOPPED'},19,{6},6.947368421052632
2e68e67d,2e68e67c4,2020-10-13,12,{'JAM'},{'JAM_HEAVY_TRAFFIC'},31,{6},5.0
2e68e67d,2e68e67c4,2020-10-13,17,{'JAM'},{'JAM_HEAVY_TRAFFIC'},8,{4},5.0
2e68e67d,2e68e67c4,2020-10-14,17,{'WEATHERHAZARD'},{'HAZARD_ON_SHOULDER_CAR_STOPPED'},36,{6},9.222222222222221
2e68e67d,2e68e67c4,2020-10-15,13,{'JAM'},{'JAM_MODERATE_TRAFFIC'},12,{4},5.75
2e68e67d,2e68e67c4,2020-10-15,16,{'JAM'},{'JAM_STAND_STILL_TRAFFIC'},31,{2},5.0
2e68e67d,2e68e67c4,2020-10-16,13,{'JAM'},{'JAM_STAND_STILL_TRAFFIC'},62,{6},5.5
2e68e67d,2e68e67c4,2020-10-16,17,{'JAM'},{'JAM_STAND_STILL_TRAFFIC'},31,{6},5.0
2e68e67d,2e68e67c4,2020-10-16,19,{'JAM'},{'JAM_STAND_STILL_TRAFFIC'},30,{4},5.0
2e68e67d,2e68e67c4,2020-10-17,17,{'JAM'},{'JAM_STAND_STILL_TRAFFIC'},37,{6},5.486486486486487
2e68e67d,2e68e67c4,2020-10-17,18,{'JAM'},"{'JAM', 'JAM_STAND_STILL_TRAFFIC'}",62,{2},5.241935483870968
2e68e67d,2e68e67c4,2020-10-17,20,{'JAM'},{'JAM_STAND_STILL_TRAFFIC'},33,{6},5.0
2e68e67d,2e68e67c4,2020-10-18,17,{'JAM'},{'JAM'},31,{6},5.0
2e68e67d,2e68e67c4,2020-10-20,12,{'JAM'},{'JAM_STAND_STILL_TRAFFIC'},32,{6},5.0
2e68e67d,2e68e67c4,2020-10-20,13,{'JAM'},{'JAM_HEAVY_TRAFFIC'},17,{6},8.0
2e68e67d,2e68e67c4,2020-10-20,15,{'JAM'},{'JAM_STAND_STILL_TRAFFIC'},30,{2},5.0
2e68e67d,2e68e67c4,2020-10-21,13,{'JAM'},{'JAM_MODERATE_TRAFFIC'},13,{4},5.0
2e68e67d,2e68e67c4,2020-10-22,13,{'JAM'},{'JAM_HEAVY_TRAFFIC'},30,{6},5.966666666666667
2e68e67d,2e68e67c4,2020-10-22,20,{'JAM'},{'JAM_MODERATE_TRAFFIC'},9,{4},5.0
2e68e67d,2e68e67c4,2020-10-23,13,{'JAM'},{'JAM_HEAVY_TRAFFIC'},20,{1},6.0
2e68e67d,2e68e67c4,2020-10-23,16,{'JAM'},{'JAM_STAND_STILL_TRAFFIC'},22,{6},5.0
2e68e67d,2e68e67c4,2020-10-23,18,{'JAM'},"{'JAM_STAND_STILL_TRAFFIC', 'JAM_HEAVY_TRAFFIC'}",90,"{2, 6}",6.166666666666667
2e68e67d,2e68e67c4,2020-10-23,19,{'JAM'},{'JAM_STAND_STILL_TRAFFIC'},30,{6},5.533333333333333
2e68e67d,2e68e67c4,2020-10-24,11,{'WEATHERHAZARD'},{'HAZARD_ON_ROAD_POT_HOLE'},34,{4},6.676470588235294
2e68e67d,2e68e67c4,2020-10-24,16,{'JAM'},{'JAM'},37,{4},5.486486486486487
2e68e67d,2e68e67c4,2020-10-24,18,{'JAM'},{'JAM'},33,{6},5.909090909090909
2e68e67d,2e68e67c4,2020-10-24,20,{'JAM'},{'JAM_HEAVY_TRAFFIC'},31,{6},5.0
2e68e67d,2e68e67c4,2020-10-25,12,{'JAM'},{'JAM_STAND_STILL_TRAFFIC'},35,{6},5.857142857142857
2e68e67d,2e68e67c4,2020-10-25,15,{'JAM'},{'JAM_HEAVY_TRAFFIC'},13,{6},7.769230769230769
2e68e67d,2e68e67c4,2020-10-25,16,"{'JAM', 'WEATHERHAZARD'}","{'HAZARD_WEATHER_FLOOD', 'JAM_STAND_STILL_TRAFFIC'}",62,{6},6.290322580645161
2e68e67d,2e68e67c4,2020-10-27,10,{'JAM'},{'JAM'},32,{1},5.0
2e68e67d,2e68e67c4,2020-10-27,11,{'JAM'},{'JAM_STAND_STILL_TRAFFIC'},9,{6},5.0
2e68e67d,2e68e67c4,2020-10-28,12,{'JAM'},{'JAM_STAND_STILL_TRAFFIC'},52,{6},5.4423076923076925
2e68e67d,2e68e67c4,2020-10-28,14,{'JAM'},{'JAM_STAND_STILL_TRAFFIC'},5,{1},5.0
2e68e67d,2e68e67c4,2020-10-28,17,{'JAM'},{'JAM_STAND_STILL_TRAFFIC'},36,{6},5.916666666666667
2e68e67d,2e68e67c4,2020-10-29,11,{'JAM'},"{'JAM_STAND_STILL_TRAFFIC', 'JAM_HEAVY_TRAFFIC'}",33,"{2, 6}",5.848484848484849
2e68e67d,2e68e67c4,2020-10-29,13,{'JAM'},{'JAM_STAND_STILL_TRAFFIC'},47,"{2, 6}",8.936170212765957
2e68e67d,2e68e67c4,2020-10-29,15,{'JAM'},"{'JAM_STAND_STILL_TRAFFIC', 'JAM_HEAVY_TRAFFIC'}",14,"{1, 2}",5.5
2e68e67d,2e68e67c4,2020-10-29,16,{'JAM'},{'JAM_STAND_STILL_TRAFFIC'},31,{2},5.612903225806452
2e68e67d,2e68e67c4,2020-10-29,17,{'JAM'},"{'JAM', 'JAM_STAND_STILL_TRAFFIC'}",62,"{2, 6}",5.0
2e68e67d,2e68e67c4,2020-10-30,12,{'JAM'},{'JAM_STAND_STILL_TRAFFIC'},31,{6},7.580645161290323
2e68e67d,2e68e67c4,2020-10-31,7,{'JAM'},{'JAM_MODERATE_TRAFFIC'},6,{6},5.0
2e68e67d,2e68e67c4,2020-10-31,9,{'JAM'},{'JAM_HEAVY_TRAFFIC'},30,{6},5.0
2e68e67d,2e68e67c4,2020-10-31,13,{'JAM'},{'JAM_STAND_STILL_TRAFFIC'},40,{4},5.875
2e68e67d,2e68e67c4,2020-10-31,15,{'JAM'},{'JAM_STAND_STILL_TRAFFIC'},19,{4},5.684210526315789
2e68e67d,2e68e67c4,2020-10-31,16,{'JAM'},{'JAM_HEAVY_TRAFFIC'},6,{2},5.0
2e68e67d,2e68e67c4,2020-10-31,17,{'JAM'},{'JAM_STAND_STILL_TRAFFIC'},70,{6},5.771428571428571
2e68e67d,2e68e67c4,2020-10-31,19,{'JAM'},{'JAM_STAND_STILL_TRAFFIC'},14,{4},5.0
2e68e67d,2e68e67c4,2020-11-01,14,{'JAM'},{'JAM_STAND_STILL_TRAFFIC'},67,"{17, 2}",6.2835820895522385
2e68e67d,2e68e67c4,2020-11-02,11,{'JAM'},{'JAM_HEAVY_TRAFFIC'},14,{6},5.785714285714286
2e68e67d,2e68e67c4,2020-11-02,16,{'JAM'},{'JAM_STAND_STILL_TRAFFIC'},19,{6},5.0
2e68e67d,2e68e67c4,2020-11-03,12,{'JAM'},{'JAM_STAND_STILL_TRAFFIC'},17,{6},5.588235294117647
2e68e67d,2e68e67c4,2020-11-04,17,{'JAM'},{'JAM_STAND_STILL_TRAFFIC'},34,{2},5.470588235294118
2e68e67d,2e68e67c4,2020-11-06,10,{'JAM'},{'JAM_HEAVY_TRAFFIC'},30,{6},5.0
2e68e67d,2e68e67c4,2020-11-06,16,"{'JAM', 'WEATHERHAZARD'}","{'HAZARD_ON_ROAD_CAR_STOPPED', 'JAM_HEAVY_TRAFFIC'}",44,{6},5.931818181818182
2e68e67d,2e68e67c4,2020-11-06,18,{'JAM'},{'JAM_STAND_STILL_TRAFFIC'},7,{4},5.285714285714286
2e68e67d,2e68e67c4,2020-11-07,12,{'JAM'},{'JAM_HEAVY_TRAFFIC'},17,{4},5.705882352941177
2e68e67d,2e68e67c4,2020-11-07,21,{'JAM'},{'JAM_MODERATE_TRAFFIC'},6,{6},5.0
2e68e67d,2e68e67c4,2020-11-08,16,{'JAM'},{'JAM_STAND_STILL_TRAFFIC'},50,{2},5.0
2e68e67d,2e68e67c4,2020-11-08,17,{'JAM'},{'JAM_STAND_STILL_TRAFFIC'},39,{6},5.384615384615385
2e68e67d,2e68e67c4,2020-11-09,8,{'JAM'},{'JAM_STAND_STILL_TRAFFIC'},5,{4},5.0
2e68e67d,2e68e67c4,2020-11-09,9,{'JAM'},{'JAM_STAND_STILL_TRAFFIC'},14,{6},5.0
2e68e67d,2e68e67c4,2020-11-09,15,{'JAM'},{'JAM_STAND_STILL_TRAFFIC'},31,{4},9.741935483870968
2e68e67d,2e68e67c4,2020-11-09,17,{'JAM'},{'JAM_STAND_STILL_TRAFFIC'},32,{4},5.34375
2e68e67d,2e68e67c4,2020-11-11,13,{'JAM'},{'JAM_HEAVY_TRAFFIC'},32,{6},5.0
2e68e67d,2e68e67c4,2020-11-11,15,{'JAM'},{'JAM_MODERATE_TRAFFIC'},15,{4},5.0
2e68e67d,2e68e67c4,2020-11-11,16,{'JAM'},{'JAM_MODERATE_TRAFFIC'},11,{2},5.0
2e68e67d,2e68e67c4,2020-11-13,18,{'JAM'},{'JAM_STAND_STILL_TRAFFIC'},6,{4},5.0
2e68e67d,2e68e67c4,2020-11-13,19,{'JAM'},"{'JAM_STAND_STILL_TRAFFIC', 'JAM_HEAVY_TRAFFIC'}",57,"{2, 6}",6.87719298245614
2e68e67d,2e68e67c4,2020-11-14,8,{'WEATHERHAZARD'},{'HAZARD_ON_ROAD_CONSTRUCTION'},7,{6},5.857142857142857
2e68e67d,2e68e67c4,2020-11-14,9,{'JAM'},{'JAM'},31,{4},5.0
2e68e67d,2e68e67c4,2020-11-14,11,{'JAM'},{'JAM_HEAVY_TRAFFIC'},30,{4},5.0
2e68e67d,2e68e67c4,2020-11-14,13,{'JAM'},{'JAM_HEAVY_TRAFFIC'},20,{6},9.6
2e68e67d,2e68e67c4,2020-11-14,15,{'JAM'},{'JAM_HEAVY_TRAFFIC'},16,{4},9.0
2e68e67d,2e68e67c4,2020-11-14,16,"{'JAM', 'WEATHERHAZARD'}","{'WEATHERHAZARD', 'JAM_STAND_STILL_TRAFFIC'}",55,{2},6.163636363636364
2e68e67d,2e68e67c4,2020-11-14,19,{'JAM'},{'JAM_MODERATE_TRAFFIC'},8,{2},5.0
2e68e67d,2e68e67c4,2020-11-14,21,{'JAM'},{'JAM_STAND_STILL_TRAFFIC'},29,{6},5.0
2e68e67d,2e68e67c4,2020-11-15,15,{'JAM'},{'JAM_STAND_STILL_TRAFFIC'},41,{2},9.341463414634147
2e68e67d,2e68e67c4,2020-11-15,17,{'JAM'},{'JAM_STAND_STILL_TRAFFIC'},33,{2},5.0
2e68e67d,2e68e67c4,2020-11-17,15,{'JAM'},{'JAM_MODERATE_TRAFFIC'},8,{2},5.0
2e68e67d,2e68e67c4,2020-11-18,10,{'JAM'},{'JAM_HEAVY_TRAFFIC'},25,{6},5.0
2e68e67d,2e68e67c4,2020-11-20,17,{'JAM'},{'JAM_STAND_STILL_TRAFFIC'},103,"{2, 6}",7.427184466019417
2e68e67d,2e68e67c4,2020-11-20,18,{'JAM'},{'JAM_STAND_STILL_TRAFFIC'},50,"{2, 6}",5.14
2e68e67d,2e68e67c4,2020-11-21,10,{'JAM'},{'JAM_STAND_STILL_TRAFFIC'},31,{6},5.483870967741935
2e68e67d,2e68e67c4,2020-11-21,11,{'JAM'},{'JAM_STAND_STILL_TRAFFIC'},17,{6},5.9411764705882355
2e68e67d,2e68e67c4,2020-11-21,14,{'JAM'},{'JAM_STAND_STILL_TRAFFIC'},21,{4},5.0
2e68e67d,2e68e67c4,2020-11-22,12,{'JAM'},{'JAM'},32,{6},5.0
2e68e67d,2e68e67c4,2020-11-22,15,{'JAM'},{'JAM_STAND_STILL_TRAFFIC'},15,{2},5.0
2e68e67d,2e68e67cc,2020-09-01,9,{'WEATHERHAZARD'},{'HAZARD_ON_ROAD_CONSTRUCTION'},81,{6},7.901234567901234
2e68e67d,2e68e67cc,2020-09-01,14,{'JAM'},{'JAM_STAND_STILL_TRAFFIC'},67,{6},5.0
2e68e67d,2e68e67cc,2020-09-02,13,{'WEATHERHAZARD'},{'HAZARD_ON_ROAD_CONSTRUCTION'},18,{6},9.11111111111111
2e68e67d,2e68e67cc,2020-09-04,11,{'WEATHERHAZARD'},{'HAZARD_ON_ROAD_CONSTRUCTION'},57,{6},7.964912280701754
2e68e67d,2e68e67cc,2020-09-04,16,{'JAM'},{'JAM_MODERATE_TRAFFIC'},30,{6},5.0
2e68e67d,2e68e67cc,2020-09-05,13,{'JAM'},{'JAM_MODERATE_TRAFFIC'},30,{6},5.0
2e68e67d,2e68e67cc,2020-09-05,15,{'JAM'},{'JAM_HEAVY_TRAFFIC'},69,{6},5.231884057971015
2e68e67d,2e68e67cc,2020-09-05,17,{'JAM'},{'JAM_HEAVY_TRAFFIC'},30,{6},5.866666666666666
2e68e67d,2e68e67cc,2020-09-05,18,{'JAM'},{'JAM_HEAVY_TRAFFIC'},32,{6},5.0
2e68e67d,2e68e67cc,2020-09-06,14,{'JAM'},"{'JAM_STAND_STILL_TRAFFIC', 'JAM_HEAVY_TRAFFIC'}",77,{6},5.415584415584416
2e68e67d,2e68e67cc,2020-09-10,14,{'JAM'},{'JAM_STAND_STILL_TRAFFIC'},31,{6},5.0
2e68e67d,2e68e67cc,2020-09-11,13,{'JAM'},{'JAM_STAND_STILL_TRAFFIC'},59,{6},5.508474576271187
2e68e67d,2e68e67cc,2020-09-12,11,{'JAM'},{'JAM_MODERATE_TRAFFIC'},31,{6},5.903225806451613
2e68e67d,2e68e67cc,2020-09-12,12,{'JAM'},"{'JAM_MODERATE_TRAFFIC', 'JAM_HEAVY_TRAFFIC'}",78,{6},6.346153846153846
2e68e67d,2e68e67cc,2020-09-12,13,{'JAM'},{'JAM_HEAVY_TRAFFIC'},64,{6},5.53125
2e68e67d,2e68e67cc,2020-09-12,14,{'JAM'},"{'JAM_STAND_STILL_TRAFFIC', 'JAM_HEAVY_TRAFFIC'}",67,{6},5.2388059701492535
2e68e67d,2e68e67cc,2020-09-21,13,{'JAM'},{'JAM_HEAVY_TRAFFIC'},30,{6},6.0
2e68e67d,2e68e67cc,2020-09-27,15,{'WEATHERHAZARD'},{'HAZARD_ON_SHOULDER_CAR_STOPPED'},17,{6},5.529411764705882
2e68e67d,2e68e67cc,2020-09-29,14,{'JAM'},{'JAM_STAND_STILL_TRAFFIC'},41,{6},5.0
2e68e67d,2e68e67cc,2020-09-30,16,{'JAM'},{'JAM_STAND_STILL_TRAFFIC'},22,{6},7.0
2e68e67d,2e68e67cc,2020-10-03,11,{'JAM'},{'JAM_HEAVY_TRAFFIC'},31,{6},6.0
2e68e67d,2e68e67cc,2020-10-03,15,{'JAM'},{'JAM_HEAVY_TRAFFIC'},30,{6},5.0
2e68e67d,2e68e67cc,2020-10-03,17,{'JAM'},{'JAM_STAND_STILL_TRAFFIC'},30,{6},5.0
2e68e67d,2e68e67cc,2020-10-08,12,{'JAM'},{'JAM_HEAVY_TRAFFIC'},31,{6},6.0
2e68e67d,2e68e67cc,2020-10-08,13,{'JAM'},{'JAM_STAND_STILL_TRAFFIC'},32,{6},5.0
2e68e67d,2e68e67cc,2020-10-09,14,{'JAM'},{'JAM_STAND_STILL_TRAFFIC'},35,{6},5.0
2e68e67d,2e68e67cc,2020-10-10,14,{'JAM'},"{'JAM', 'JAM_STAND_STILL_TRAFFIC'}",58,{6},5.0
2e68e67d,2e68e67cc,2020-10-12,13,{'JAM'},{'JAM_HEAVY_TRAFFIC'},32,{6},6.59375
2e68e67d,2e68e67cc,2020-10-13,14,{'JAM'},{'JAM_STAND_STILL_TRAFFIC'},31,{6},5.0
2e68e67d,2e68e67cc,2020-10-15,14,{'JAM'},{'JAM_STAND_STILL_TRAFFIC'},31,{6},5.0
2e68e67d,2e68e67cc,2020-10-16,16,{'JAM'},{'JAM_STAND_STILL_TRAFFIC'},31,{6},5.0
2e68e67d,2e68e67cc,2020-10-16,17,{'JAM'},{'JAM_STAND_STILL_TRAFFIC'},32,{6},5.9375
2e68e67d,2e68e67cc,2020-10-17,7,{'JAM'},{'JAM_HEAVY_TRAFFIC'},5,{6},5.0
2e68e67d,2e68e67cc,2020-10-18,14,{'JAM'},{'JAM_STAND_STILL_TRAFFIC'},30,{6},5.533333333333333
2e68e67d,2e68e67cc,2020-10-19,14,{'JAM'},{'JAM_HEAVY_TRAFFIC'},15,{6},5.0
2e68e67d,2e68e67cc,2020-10-20,13,{'JAM'},{'JAM_HEAVY_TRAFFIC'},24,{6},6.583333333333333
2e68e67d,2e68e67cc,2020-10-21,13,{'JAM'},{'JAM_MODERATE_TRAFFIC'},31,{6},5.0
2e68e67d,2e68e67cc,2020-10-23,15,{'JAM'},"{'JAM_STAND_STILL_TRAFFIC', 'JAM_MODERATE_TRAFFIC'}",91,{6},7.615384615384615
2e68e67d,2e68e67cc,2020-10-24,11,{'JAM'},{'JAM_STAND_STILL_TRAFFIC'},37,{6},6.378378378378378
2e68e67d,2e68e67cc,2020-10-24,13,{'JAM'},{'JAM_STAND_STILL_TRAFFIC'},38,{6},8.052631578947368
2e68e67d,2e68e67cc,2020-10-24,14,{'JAM'},{'JAM_STAND_STILL_TRAFFIC'},36,{6},5.416666666666667
2e68e67d,2e68e67cc,2020-10-24,15,{'JAM'},{'JAM_STAND_STILL_TRAFFIC'},31,{6},5.838709677419355
2e68e67d,2e68e67cc,2020-10-24,16,{'JAM'},{'JAM_HEAVY_TRAFFIC'},34,{6},7.4411764705882355
2e68e67d,2e68e67cc,2020-10-25,15,{'JAM'},{'JAM_HEAVY_TRAFFIC'},29,{6},9.862068965517242
2e68e67d,2e68e67cc,2020-10-25,16,{'JAM'},{'JAM_STAND_STILL_TRAFFIC'},52,{6},6.423076923076923
2e68e67d,2e68e67cc,2020-10-27,11,{'JAM'},{'JAM_STAND_STILL_TRAFFIC'},38,{6},5.421052631578948
2e68e67d,2e68e67cc,2020-10-27,13,{'JAM'},"{'JAM', 'JAM_STAND_STILL_TRAFFIC'}",78,{6},5.589743589743589
2e68e67d,2e68e67cc,2020-10-28,14,{'JAM'},{'JAM_STAND_STILL_TRAFFIC'},31,{6},5.0
2e68e67d,2e68e67cc,2020-10-28,17,{'JAM'},{'JAM_STAND_STILL_TRAFFIC'},31,{6},5.0
2e68e67d,2e68e67cc,2020-10-29,11,{'JAM'},{'JAM_HEAVY_TRAFFIC'},102,{6},7.0588235294117645
2e68e67d,2e68e67cc,2020-10-29,14,{'JAM'},{'JAM_HEAVY_TRAFFIC'},46,{6},8.173913043478262
2e68e67d,2e68e67cc,2020-10-29,16,{'JAM'},"{'JAM_STAND_STILL_TRAFFIC', 'JAM_MODERATE_TRAFFIC'}",65,{6},5.3076923076923075
2e68e67d,2e68e67cc,2020-10-29,17,{'JAM'},{'JAM_STAND_STILL_TRAFFIC'},45,{6},6.288888888888889
2e68e67d,2e68e67cc,2020-10-30,0,{'JAM'},{'JAM'},5,{6},5.0
2e68e67d,2e68e67cc,2020-10-30,13,{'JAM'},{'JAM_STAND_STILL_TRAFFIC'},30,{6},5.0
2e68e67d,2e68e67cc,2020-10-30,20,{'JAM'},{'JAM_STAND_STILL_TRAFFIC'},31,{6},5.0
2e68e67d,2e68e67cc,2020-10-31,10,{'JAM'},{'JAM_MODERATE_TRAFFIC'},30,{6},5.0
2e68e67d,2e68e67cc,2020-10-31,11,{'JAM'},{'JAM_HEAVY_TRAFFIC'},46,{6},5.391304347826087
2e68e67d,2e68e67cc,2020-10-31,12,{'JAM'},{'JAM_HEAVY_TRAFFIC'},33,{6},5.0
2e68e67d,2e68e67cc,2020-10-31,14,{'JAM'},"{'JAM_STAND_STILL_TRAFFIC', 'JAM_MODERATE_TRAFFIC'}",64,{6},5.78125
2e68e67d,2e68e67cc,2020-11-03,12,{'JAM'},{'JAM_HEAVY_TRAFFIC'},33,{6},5.696969696969697
2e68e67d,2e68e67cc,2020-11-05,12,{'JAM'},{'JAM_MODERATE_TRAFFIC'},29,{6},5.0
2e68e67d,2e68e67cc,2020-11-05,16,{'JAM'},{'JAM_STAND_STILL_TRAFFIC'},35,{6},5.514285714285714
2e68e67d,2e68e67cc,2020-11-05,18,{'JAM'},{'JAM_HEAVY_TRAFFIC'},32,{6},7.46875
2e68e67d,2e68e67cc,2020-11-06,13,{'JAM'},{'JAM_HEAVY_TRAFFIC'},7,{6},5.0
2e68e67d,2e68e67cc,2020-11-06,16,{'JAM'},{'JAM_STAND_STILL_TRAFFIC'},43,{6},5.372093023255814
2e68e67d,2e68e67cc,2020-11-06,17,{'JAM'},{'JAM_HEAVY_TRAFFIC'},10,{6},5.0
2e68e67d,2e68e67cc,2020-11-07,10,{'JAM'},{'JAM_HEAVY_TRAFFIC'},45,{6},6.866666666666666
2e68e67d,2e68e67cc,2020-11-07,14,{'JAM'},{'JAM_STAND_STILL_TRAFFIC'},32,{20},6.28125
2e68e67d,2e68e67cc,2020-11-07,15,{'JAM'},{'JAM_HEAVY_TRAFFIC'},30,{6},5.0
2e68e67d,2e68e67cc,2020-11-08,11,{'JAM'},{'JAM_STAND_STILL_TRAFFIC'},60,{6},6.733333333333333
2e68e67d,2e68e67cc,2020-11-08,12,{'JAM'},{'JAM_STAND_STILL_TRAFFIC'},35,{6},5.714285714285714
2e68e67d,2e68e67cc,2020-11-09,14,{'JAM'},{'JAM_HEAVY_TRAFFIC'},31,{6},5.0
2e68e67d,2e68e67cc,2020-11-09,16,{'JAM'},{'JAM_HEAVY_TRAFFIC'},48,{6},6.395833333333333
2e68e67d,2e68e67cc,2020-11-10,16,{'JAM'},{'JAM_HEAVY_TRAFFIC'},33,{6},5.0
2e68e67d,2e68e67cc,2020-11-10,17,{'JAM'},{'JAM_MODERATE_TRAFFIC'},30,{6},5.0
2e68e67d,2e68e67cc,2020-11-13,16,{'JAM'},{'JAM_STAND_STILL_TRAFFIC'},39,{6},6.384615384615385
2e68e67d,2e68e67cc,2020-11-13,20,{'JAM'},"{'JAM_STAND_STILL_TRAFFIC', 'JAM_HEAVY_TRAFFIC'}",61,{6},5.0
2e68e67d,2e68e67cc,2020-11-14,12,{'JAM'},{'JAM_MODERATE_TRAFFIC'},33,{6},5.0
2e68e67d,2e68e67cc,2020-11-14,13,{'JAM'},{'JAM_HEAVY_TRAFFIC'},23,{6},6.826086956521739
2e68e67d,2e68e67cc,2020-11-14,15,{'JAM'},{'JAM_STAND_STILL_TRAFFIC'},36,{6},5.416666666666667
2e68e67d,2e68e67cc,2020-11-14,17,{'JAM'},{'JAM_STAND_STILL_TRAFFIC'},31,{6},5.548387096774194
2e68e67d,2e68e67cc,2020-11-14,21,{'JAM'},{'JAM_MODERATE_TRAFFIC'},31,{6},5.0
2e68e67d,2e68e67cc,2020-11-15,11,{'JAM'},"{'JAM_MODERATE_TRAFFIC', 'JAM_HEAVY_TRAFFIC'}",60,{6},5.333333333333333
2e68e67d,2e68e67cc,2020-11-16,13,{'ACCIDENT'},{'ACCIDENT'},28,{6},5.642857142857143
2e68e67d,2e68e67cc,2020-11-16,16,{'JAM'},{'JAM_HEAVY_TRAFFIC'},30,{6},6.7
2e68e67d,2e68e67cc,2020-11-16,17,{'JAM'},{'JAM_STAND_STILL_TRAFFIC'},19,{6},5.0
2e68e67d,2e68e67cc,2020-11-18,17,{'JAM'},{'JAM_STAND_STILL_TRAFFIC'},30,{6},5.0
2e68e67d,2e68e67cc,2020-11-19,13,{'JAM'},{'JAM_STAND_STILL_TRAFFIC'},33,{6},5.454545454545454
2e68e67d,2e68e67cc,2020-11-20,11,"{'JAM', 'ACCIDENT'}","{'ACCIDENT_MINOR', 'JAM_HEAVY_TRAFFIC'}",52,{6},5.538461538461538
2e68e67d,2e68e67cc,2020-11-20,14,{'WEATHERHAZARD'},{'HAZARD_ON_ROAD_ICE'},5,{6},7.8
2e68e67d,2e68e67cc,2020-11-20,20,{'JAM'},{'JAM_STAND_STILL_TRAFFIC'},33,{6},5.7272727272727275
2e68e67d,2e68e67cc,2020-11-21,10,{'JAM'},"{'JAM_STAND_STILL_TRAFFIC', 'JAM_HEAVY_TRAFFIC'}",81,{6},6.395061728395062
2e68e67d,2e68e67cc,2020-11-21,13,{'JAM'},{'JAM_STAND_STILL_TRAFFIC'},22,{6},8.318181818181818
2e68e67d,2e68e67cc,2020-11-21,16,{'JAM'},{'JAM_STAND_STILL_TRAFFIC'},34,{6},6.5
2e68e67d,2e68e67cc,2020-11-22,13,{'JAM'},{'JAM_STAND_STILL_TRAFFIC'},14,{6},6.0
2e68e67d,2e68e67cc,2020-11-22,17,{'JAM'},"{'JAM_STAND_STILL_TRAFFIC', 'JAM_HEAVY_TRAFFIC'}",72,{6},5.736111111111111
2e68e67d,2e68e67dc,2020-09-01,11,{'JAM'},{'JAM_HEAVY_TRAFFIC'},13,{2},5.0
2e68e67d,2e68e67dc,2020-09-03,17,{'JAM'},{'JAM_STAND_STILL_TRAFFIC'},18,{2},5.0
2e68e67d,2e68e67dc,2020-09-04,16,{'JAM'},{'JAM_STAND_STILL_TRAFFIC'},35,{2},5.0
2e68e67d,2e68e67dc,2020-09-06,16,{'JAM'},{'JAM_HEAVY_TRAFFIC'},31,{2},5.0
2e68e67d,2e68e67dc,2020-09-07,17,"{'JAM', 'WEATHERHAZARD'}","{'HAZARD_ON_ROAD_CAR_STOPPED', 'JAM_HEAVY_TRAFFIC'}",50,{2},5.62
2e68e67d,2e68e67dc,2020-09-10,16,{'JAM'},{'JAM_STAND_STILL_TRAFFIC'},40,{2},5.4
2e68e67d,2e68e67dc,2020-09-11,18,{'JAM'},{'JAM_STAND_STILL_TRAFFIC'},34,{2},5.0
2e68e67d,2e68e67dc,2020-09-12,16,{'JAM'},{'JAM_STAND_STILL_TRAFFIC'},42,{2},5.404761904761905
2e68e67d,2e68e67dc,2020-09-14,17,{'JAM'},{'JAM_HEAVY_TRAFFIC'},30,{2},5.0
2e68e67d,2e68e67dc,2020-09-16,9,{'JAM'},{'JAM_HEAVY_TRAFFIC'},5,{2},5.0
2e68e67d,2e68e67dc,2020-09-17,17,{'JAM'},{'JAM_HEAVY_TRAFFIC'},6,{2},5.0
2e68e67d,2e68e67dc,2020-09-18,15,{'JAM'},{'JAM_STAND_STILL_TRAFFIC'},32,{2},5.75
2e68e67d,2e68e67dc,2020-09-18,17,{'JAM'},{'JAM_MODERATE_TRAFFIC'},30,{2},5.0
2e68e67d,2e68e67dc,2020-09-22,16,{'JAM'},{'JAM_HEAVY_TRAFFIC'},30,{2},5.0
2e68e67d,2e68e67dc,2020-09-22,17,{'JAM'},{'JAM_STAND_STILL_TRAFFIC'},30,{2},5.0
2e68e67d,2e68e67dc,2020-09-29,16,{'JAM'},{'JAM_STAND_STILL_TRAFFIC'},30,{2},5.0
2e68e67d,2e68e67dc,2020-10-02,17,{'JAM'},{'JAM_STAND_STILL_TRAFFIC'},35,{2},5.0
2e68e67d,2e68e67dc,2020-10-04,17,{'JAM'},{'JAM_STAND_STILL_TRAFFIC'},7,{2},5.0
2e68e67d,2e68e67dc,2020-10-06,14,{'JAM'},{'JAM_HEAVY_TRAFFIC'},60,{2},5.45
2e68e67d,2e68e67dc,2020-10-08,13,{'JAM'},{'JAM_MODERATE_TRAFFIC'},31,{1},5.0
2e68e67d,2e68e67dc,2020-10-10,15,{'JAM'},{'JAM_MODERATE_TRAFFIC'},5,{2},5.0
2e68e67d,2e68e67dc,2020-10-10,17,{'JAM'},{'JAM_STAND_STILL_TRAFFIC'},31,{2},5.0
2e68e67d,2e68e67dc,2020-10-16,16,{'JAM'},{'JAM_STAND_STILL_TRAFFIC'},32,{2},8.8125
2e68e67d,2e68e67dc,2020-10-18,15,{'JAM'},{'JAM_HEAVY_TRAFFIC'},30,{2},5.0
2e68e67d,2e68e67dc,2020-10-22,15,{'JAM'},{'JAM_MODERATE_TRAFFIC'},20,{2},5.5
2e68e67d,2e68e67dc,2020-10-23,16,{'JAM'},{'JAM_HEAVY_TRAFFIC'},31,{2},5.0
2e68e67d,2e68e67dc,2020-10-23,19,{'JAM'},{'JAM_STAND_STILL_TRAFFIC'},23,{2},5.913043478260869
2e68e67d,2e68e67dc,2020-10-24,16,{'JAM'},{'JAM_HEAVY_TRAFFIC'},30,{2},5.0
2e68e67d,2e68e67dc,2020-10-25,17,{'JAM'},{'JAM_STAND_STILL_TRAFFIC'},35,{2},5.428571428571429
2e68e67d,2e68e67dc,2020-10-25,18,{'JAM'},{'JAM_STAND_STILL_TRAFFIC'},28,{2},5.964285714285714
2e68e67d,2e68e67dc,2020-10-27,15,{'JAM'},{'JAM_STAND_STILL_TRAFFIC'},38,{2},5.394736842105263
2e68e67d,2e68e67dc,2020-10-28,19,{'JAM'},{'JAM_STAND_STILL_TRAFFIC'},53,{2},5.0
2e68e67d,2e68e67dc,2020-10-29,11,{'JAM'},{'JAM_STAND_STILL_TRAFFIC'},27,{2},5.0
2e68e67d,2e68e67dc,2020-10-29,13,{'JAM'},"{'JAM', 'JAM_STAND_STILL_TRAFFIC'}",66,{2},5.0
2e68e67d,2e68e67dc,2020-10-30,14,{'JAM'},{'JAM_STAND_STILL_TRAFFIC'},39,{2},6.17948717948718
2e68e67d,2e68e67dc,2020-10-31,11,{'JAM'},{'JAM_STAND_STILL_TRAFFIC'},30,{2},5.966666666666667
2e68e67d,2e68e67dc,2020-10-31,17,{'JAM'},{'JAM_STAND_STILL_TRAFFIC'},34,{2},5.0
2e68e67d,2e68e67dc,2020-11-03,17,{'JAM'},{'JAM_STAND_STILL_TRAFFIC'},58,{2},5.431034482758621
2e68e67d,2e68e67dc,2020-11-04,16,{'JAM'},{'JAM_MODERATE_TRAFFIC'},6,{2},5.0
2e68e67d,2e68e67dc,2020-11-05,16,{'JAM'},{'JAM_STAND_STILL_TRAFFIC'},27,{2},5.0
2e68e67d,2e68e67dc,2020-11-06,16,{'JAM'},{'JAM_STAND_STILL_TRAFFIC'},5,{2},5.0
2e68e67d,2e68e67dc,2020-11-06,19,{'JAM'},{'JAM_STAND_STILL_TRAFFIC'},30,{2},6.6
2e68e67d,2e68e67dc,2020-11-07,12,{'JAM'},{'JAM_HEAVY_TRAFFIC'},31,{2},5.0
2e68e67d,2e68e67dc,2020-11-07,15,{'JAM'},{'JAM_STAND_STILL_TRAFFIC'},31,{2},5.0
2e68e67d,2e68e67dc,2020-11-07,17,{'JAM'},{'JAM_HEAVY_TRAFFIC'},32,{2},5.0
2e68e67d,2e68e67dc,2020-11-08,14,{'JAM'},{'JAM_STAND_STILL_TRAFFIC'},31,{2},5.709677419354839
2e68e67d,2e68e67dc,2020-11-08,15,{'JAM'},{'JAM_HEAVY_TRAFFIC'},5,{2},5.0
2e68e67d,2e68e67dc,2020-11-11,10,{'JAM'},{'JAM_HEAVY_TRAFFIC'},34,{2},5.529411764705882
2e68e67d,2e68e67dc,2020-11-13,17,{'JAM'},{'JAM_STAND_STILL_TRAFFIC'},30,{2},5.0
2e68e67d,2e68e67dc,2020-11-13,18,{'JAM'},{'JAM_HEAVY_TRAFFIC'},30,{2},6.566666666666666
2e68e67d,2e68e67dc,2020-11-13,19,{'JAM'},{'JAM_HEAVY_TRAFFIC'},8,{2},5.0
2e68e67d,2e68e67dc,2020-11-14,12,{'JAM'},{'JAM_HEAVY_TRAFFIC'},32,{2},5.96875
2e68e67d,2e68e67dc,2020-11-15,15,{'JAM'},{'JAM_STAND_STILL_TRAFFIC'},1,{2},5.0
2e68e67d,2e68e67dc,2020-11-20,19,{'JAM'},{'JAM_MODERATE_TRAFFIC'},8,{2},5.0
2e68e67d,2e68e67dc,2020-11-22,15,{'JAM'},{'JAM_STAND_STILL_TRAFFIC'},63,{2},5.444444444444445
2e68e67f,2e68e67e4,2020-10-24,14,{'JAM'},{'JAM_STAND_STILL_TRAFFIC'},6,{1},5.166666666666667
2e68e67f,2e68e67e4,2020-10-30,16,{'JAM'},{'JAM_STAND_STILL_TRAFFIC'},31,{1},5.0
2e68e67f,2e68e67e4,2020-10-31,17,{'JAM'},{'JAM_STAND_STILL_TRAFFIC'},30,{1},5.0
2e68e67f,2e68e67e4,2020-11-20,17,{'JAM'},{'JAM_STAND_STILL_TRAFFIC'},34,{1},7.088235294117647
2e68e67f,2e68e67ec,2020-09-04,16,{'JAM'},"{'JAM_STAND_STILL_TRAFFIC', 'JAM_HEAVY_TRAFFIC'}",63,"{2, 4}",6.238095238095238
2e68e67f,2e68e67ec,2020-09-04,17,{'JAM'},{'JAM_STAND_STILL_TRAFFIC'},3,{4},5.0
2e68e67f,2e68e67ec,2020-09-04,18,{'JAM'},{'JAM_STAND_STILL_TRAFFIC'},49,"{1, 4}",5.591836734693878
2e68e67f,2e68e67ec,2020-09-05,11,{'JAM'},{'JAM_HEAVY_TRAFFIC'},31,{4},5.0
2e68e67f,2e68e67ec,2020-09-05,13,{'JAM'},{'JAM_STAND_STILL_TRAFFIC'},33,{2},5.454545454545454
2e68e67f,2e68e67ec,2020-09-05,14,{'JAM'},{'JAM_STAND_STILL_TRAFFIC'},28,{2},5.0
2e68e67f,2e68e67ec,2020-09-05,15,{'JAM'},{'JAM_STAND_STILL_TRAFFIC'},31,{4},5.0
2e68e67f,2e68e67ec,2020-09-06,15,{'JAM'},{'JAM_HEAVY_TRAFFIC'},18,{2},5.0
2e68e67f,2e68e67ec,2020-09-08,17,{'JAM'},{'JAM_HEAVY_TRAFFIC'},31,{2},5.67741935483871
2e68e67f,2e68e67ec,2020-09-09,16,{'JAM'},{'JAM_STAND_STILL_TRAFFIC'},9,{4},5.0
2e68e67f,2e68e67ec,2020-09-10,16,{'JAM'},{'JAM_STAND_STILL_TRAFFIC'},31,{2},5.0
2e68e67f,2e68e67ec,2020-09-10,17,{'JAM'},{'JAM_HEAVY_TRAFFIC'},36,{1},6.444444444444445
2e68e67f,2e68e67ec,2020-09-10,18,{'JAM'},{'JAM_STAND_STILL_TRAFFIC'},30,{2},5.0
2e68e67f,2e68e67ec,2020-09-12,10,{'JAM'},{'JAM_STAND_STILL_TRAFFIC'},31,{4},5.0
2e68e67f,2e68e67ec,2020-09-12,11,{'JAM'},{'JAM'},30,{4},5.0
2e68e67f,2e68e67ec,2020-09-12,13,{'JAM'},{'JAM_STAND_STILL_TRAFFIC'},30,{4},5.0
2e68e67f,2e68e67ec,2020-09-12,15,{'JAM'},{'JAM_STAND_STILL_TRAFFIC'},32,{4},5.8125
2e68e67f,2e68e67ec,2020-09-12,16,{'JAM'},{'JAM_STAND_STILL_TRAFFIC'},64,"{2, 4}",5.0
2e68e67f,2e68e67ec,2020-09-12,17,{'JAM'},{'JAM_HEAVY_TRAFFIC'},30,{4},5.0
2e68e67f,2e68e67ec,2020-09-22,16,{'JAM'},{'JAM_HEAVY_TRAFFIC'},45,{4},5.377777777777778
2e68e67f,2e68e67ec,2020-09-23,17,{'JAM'},{'JAM_STAND_STILL_TRAFFIC'},31,{4},5.0
2e68e67f,2e68e67ec,2020-09-24,17,{'JAM'},{'JAM_STAND_STILL_TRAFFIC'},17,{4},5.0
2e68e67f,2e68e67ec,2020-09-25,13,{'JAM'},{'JAM_STAND_STILL_TRAFFIC'},21,{2},5.0
2e68e67f,2e68e67ec,2020-09-26,15,{'JAM'},{'JAM_HEAVY_TRAFFIC'},33,{2},5.0
2e68e67f,2e68e67ec,2020-09-26,17,{'JAM'},{'JAM_STAND_STILL_TRAFFIC'},7,{4},5.0
2e68e67f,2e68e67ec,2020-09-28,16,{'JAM'},{'JAM'},32,{2},5.96875
2e68e67f,2e68e67ec,2020-09-28,17,{'JAM'},{'JAM_STAND_STILL_TRAFFIC'},32,"{2, 4}",5.0
2e68e67f,2e68e67ec,2020-09-29,10,{'JAM'},{'JAM_STAND_STILL_TRAFFIC'},31,{4},5.0
2e68e67f,2e68e67ec,2020-09-30,16,{'JAM'},{'JAM_STAND_STILL_TRAFFIC'},35,{2},5.0
2e68e67f,2e68e67ec,2020-10-02,14,{'JAM'},{'JAM_HEAVY_TRAFFIC'},32,{4},5.53125
2e68e67f,2e68e67ec,2020-10-02,15,{'JAM'},{'JAM_HEAVY_TRAFFIC'},31,{4},5.0
2e68e67f,2e68e67ec,2020-10-02,16,{'JAM'},{'JAM_HEAVY_TRAFFIC'},30,{2},5.0
2e68e67f,2e68e67ec,2020-10-03,11,{'JAM'},{'JAM_HEAVY_TRAFFIC'},20,{4},5.0
2e68e67f,2e68e67ec,2020-10-03,16,{'JAM'},{'JAM_STAND_STILL_TRAFFIC'},32,{2},5.625
2e68e67f,2e68e67ec,2020-10-04,12,{'JAM'},{'JAM_HEAVY_TRAFFIC'},8,{4},5.0
2e68e67f,2e68e67ec,2020-10-05,17,{'JAM'},{'JAM_STAND_STILL_TRAFFIC'},32,{2},5.0
2e68e67f,2e68e67ec,2020-10-05,18,{'JAM'},{'JAM'},32,{2},5.0
2e68e67f,2e68e67ec,2020-10-08,12,{'JAM'},{'JAM_HEAVY_TRAFFIC'},3,{4},7.0
2e68e67f,2e68e67ec,2020-10-08,15,{'ROAD_CLOSED'},{'ROAD_CLOSED_EVENT'},47,{4},6.0
2e68e67f,2e68e67ec,2020-10-10,10,{'JAM'},{'JAM_STAND_STILL_TRAFFIC'},31,{4},5.0
2e68e67f,2e68e67ec,2020-10-10,14,{'JAM'},{'JAM_STAND_STILL_TRAFFIC'},34,{2},5.264705882352941
2e68e67f,2e68e67ec,2020-10-10,17,{'JAM'},{'JAM_HEAVY_TRAFFIC'},17,{2},5.0
2e68e67f,2e68e67ec,2020-10-11,15,{'JAM'},{'JAM'},5,{4},6.6
2e68e67f,2e68e67ec,2020-10-12,9,{'JAM'},{'JAM_HEAVY_TRAFFIC'},5,{2},5.0
2e68e67f,2e68e67ec,2020-10-12,16,{'JAM'},{'JAM_STAND_STILL_TRAFFIC'},7,{4},5.0
2e68e67f,2e68e67ec,2020-10-12,17,{'JAM'},{'JAM_HEAVY_TRAFFIC'},14,{4},6.0
2e68e67f,2e68e67ec,2020-10-13,17,{'JAM'},{'JAM_MODERATE_TRAFFIC'},30,{2},5.0
2e68e67f,2e68e67ec,2020-10-14,17,{'JAM'},{'JAM_STAND_STILL_TRAFFIC'},92,"{2, 4}",5.0
2e68e67f,2e68e67ec,2020-10-16,14,{'JAM'},{'JAM_HEAVY_TRAFFIC'},31,{2},5.0
2e68e67f,2e68e67ec,2020-10-16,17,{'JAM'},{'JAM_STAND_STILL_TRAFFIC'},30,{4},5.0
2e68e67f,2e68e67ec,2020-10-16,18,{'JAM'},{'JAM_STAND_STILL_TRAFFIC'},31,{4},8.96774193548387
2e68e67f,2e68e67ec,2020-10-17,10,{'JAM'},{'JAM'},5,{1},5.0
2e68e67f,2e68e67ec,2020-10-17,11,{'JAM'},{'JAM_STAND_STILL_TRAFFIC'},32,{4},5.0
2e68e67f,2e68e67ec,2020-10-17,13,{'JAM'},{'JAM_STAND_STILL_TRAFFIC'},32,{2},6.8125
2e68e67f,2e68e67ec,2020-10-17,14,{'JAM'},{'JAM_STAND_STILL_TRAFFIC'},36,{4},7.416666666666667
2e68e67f,2e68e67ec,2020-10-17,15,{'JAM'},"{'JAM_STAND_STILL_TRAFFIC', 'JAM_HEAVY_TRAFFIC'}",108,{2},5.277777777777778
2e68e67f,2e68e67ec,2020-10-18,16,{'JAM'},{'JAM_STAND_STILL_TRAFFIC'},31,{2},5.0
2e68e67f,2e68e67ec,2020-10-19,16,{'JAM'},{'JAM_MODERATE_TRAFFIC'},31,{2},5.0
2e68e67f,2e68e67ec,2020-10-20,16,{'JAM'},{'JAM_STAND_STILL_TRAFFIC'},30,{4},5.0
2e68e67f,2e68e67ec,2020-10-21,7,{'JAM'},{'JAM_HEAVY_TRAFFIC'},16,{4},5.125
2e68e67f,2e68e67ec,2020-10-22,15,{'JAM'},{'JAM_HEAVY_TRAFFIC'},30,{4},5.633333333333334
2e68e67f,2e68e67ec,2020-10-23,13,{'JAM'},{'JAM_STAND_STILL_TRAFFIC'},31,{4},5.870967741935484
2e68e67f,2e68e67ec,2020-10-23,14,{'JAM'},{'JAM_STAND_STILL_TRAFFIC'},45,{2},5.4222222222222225
2e68e67f,2e68e67ec,2020-10-23,15,{'JAM'},{'JAM'},32,{2},5.71875
2e68e67f,2e68e67ec,2020-10-23,16,{'JAM'},{'JAM_STAND_STILL_TRAFFIC'},63,"{2, 4}",5.396825396825397
2e68e67f,2e68e67ec,2020-10-23,17,{'JAM'},"{'JAM_STAND_STILL_TRAFFIC', 'JAM_HEAVY_TRAFFIC'}",80,"{1, 2}",6.3
2e68e67f,2e68e67ec,2020-10-24,14,{'JAM'},{'JAM_STAND_STILL_TRAFFIC'},35,{2},5.457142857142857
2e68e67f,2e68e67ec,2020-10-24,15,{'JAM'},{'JAM_STAND_STILL_TRAFFIC'},56,{4},5.535714285714286
2e68e67f,2e68e67ec,2020-10-25,9,{'JAM'},{'JAM_HEAVY_TRAFFIC'},5,{4},5.0
2e68e67f,2e68e67ec,2020-10-26,17,{'JAM'},{'JAM_STAND_STILL_TRAFFIC'},26,{4},5.0
2e68e67f,2e68e67ec,2020-10-27,10,{'JAM'},{'JAM_STAND_STILL_TRAFFIC'},17,{4},5.882352941176471
2e68e67f,2e68e67ec,2020-10-27,12,{'JAM'},{'JAM_MODERATE_TRAFFIC'},22,{4},5.0
2e68e67f,2e68e67ec,2020-10-27,14,{'JAM'},{'JAM_STAND_STILL_TRAFFIC'},32,{2},5.0
2e68e67f,2e68e67ec,2020-10-27,16,{'JAM'},{'JAM_STAND_STILL_TRAFFIC'},25,{4},5.88
2e68e67f,2e68e67ec,2020-10-27,17,{'JAM'},"{'JAM_STAND_STILL_TRAFFIC', 'JAM_HEAVY_TRAFFIC'}",61,"{1, 2}",5.0
2e68e67f,2e68e67ec,2020-10-28,10,{'JAM'},{'JAM_STAND_STILL_TRAFFIC'},31,{4},5.0
2e68e67f,2e68e67ec,2020-10-28,12,{'JAM'},{'JAM_STAND_STILL_TRAFFIC'},63,{4},5.761904761904762
2e68e67f,2e68e67ec,2020-10-28,13,{'JAM'},"{'JAM_STAND_STILL_TRAFFIC', 'JAM_MODERATE_TRAFFIC', 'JAM_HEAVY_TRAFFIC'}",92,"{1, 4}",5.326086956521739
2e68e67f,2e68e67ec,2020-10-28,16,{'JAM'},{'JAM_STAND_STILL_TRAFFIC'},19,{1},5.0
2e68e67f,2e68e67ec,2020-10-28,17,{'JAM'},{'JAM_STAND_STILL_TRAFFIC'},14,{4},5.0
2e68e67f,2e68e67ec,2020-10-29,11,{'JAM'},{'JAM_STAND_STILL_TRAFFIC'},31,{2},5.0
2e68e67f,2e68e67ec,2020-10-29,13,{'JAM'},"{'JAM_STAND_STILL_TRAFFIC', 'JAM_MODERATE_TRAFFIC'}",71,"{2, 4}",5.788732394366197
2e68e67f,2e68e67ec,2020-10-29,15,{'JAM'},"{'JAM_STAND_STILL_TRAFFIC', 'JAM_HEAVY_TRAFFIC'}",65,{2},5.969230769230769
2e68e67f,2e68e67ec,2020-10-29,16,{'JAM'},{'JAM_STAND_STILL_TRAFFIC'},93,"{2, 4}",5.268817204301075
2e68e67f,2e68e67ec,2020-10-29,17,{'JAM'},{'JAM_MODERATE_TRAFFIC'},6,{4},5.0
2e68e67f,2e68e67ec,2020-10-29,18,{'JAM'},{'JAM_STAND_STILL_TRAFFIC'},30,{2},5.0
2e68e67f,2e68e67ec,2020-10-30,8,{'JAM'},{'JAM_STAND_STILL_TRAFFIC'},7,{4},5.0
2e68e67f,2e68e67ec,2020-10-30,13,{'JAM'},{'JAM_STAND_STILL_TRAFFIC'},7,{4},5.571428571428571
2e68e67f,2e68e67ec,2020-10-30,15,{'JAM'},"{'JAM_STAND_STILL_TRAFFIC', 'JAM_HEAVY_TRAFFIC'}",75,"{2, 4}",5.133333333333334
2e68e67f,2e68e67ec,2020-10-30,16,{'JAM'},"{'JAM_STAND_STILL_TRAFFIC', 'JAM_MODERATE_TRAFFIC'}",79,{4},6.063291139240507
2e68e67f,2e68e67ec,2020-10-30,17,{'JAM'},{'JAM_STAND_STILL_TRAFFIC'},40,{4},8.875
2e68e67f,2e68e67ec,2020-10-31,9,{'JAM'},{'JAM_STAND_STILL_TRAFFIC'},10,{4},5.0
2e68e67f,2e68e67ec,2020-10-31,12,{'JAM'},{'JAM'},28,{2},5.964285714285714
2e68e67f,2e68e67ec,2020-10-31,15,{'JAM'},"{'JAM_STAND_STILL_TRAFFIC', 'JAM_HEAVY_TRAFFIC'}",86,"{2, 4}",6.558139534883721
2e68e67f,2e68e67ec,2020-10-31,16,{'JAM'},{'JAM_STAND_STILL_TRAFFIC'},15,{4},7.0
2e68e67f,2e68e67ec,2020-10-31,19,{'JAM'},{'JAM_STAND_STILL_TRAFFIC'},6,{1},5.0
2e68e67f,2e68e67ec,2020-11-01,14,{'JAM'},{'JAM_STAND_STILL_TRAFFIC'},30,{2},5.0
2e68e67f,2e68e67ec,2020-11-01,15,{'JAM'},{'JAM_STAND_STILL_TRAFFIC'},9,{4},5.0
2e68e67f,2e68e67ec,2020-11-02,14,{'JAM'},{'JAM_HEAVY_TRAFFIC'},9,{4},5.0
2e68e67f,2e68e67ec,2020-11-02,15,{'JAM'},{'JAM_HEAVY_TRAFFIC'},15,{4},5.0
2e68e67f,2e68e67ec,2020-11-02,17,{'JAM'},{'JAM_STAND_STILL_TRAFFIC'},40,"{2, 4}",5.0
2e68e67f,2e68e67ec,2020-11-03,16,{'JAM'},{'JAM_MODERATE_TRAFFIC'},5,{1},5.0
2e68e67f,2e68e67ec,2020-11-03,17,{'JAM'},{'JAM_HEAVY_TRAFFIC'},17,{2},6.0
2e68e67f,2e68e67ec,2020-11-04,14,{'JAM'},{'JAM_STAND_STILL_TRAFFIC'},13,{4},5.0
2e68e67f,2e68e67ec,2020-11-04,16,{'JAM'},{'JAM_STAND_STILL_TRAFFIC'},49,"{1, 2, 4}",5.0
2e68e67f,2e68e67ec,2020-11-04,17,{'JAM'},{'JAM_STAND_STILL_TRAFFIC'},66,{4},5.484848484848484
2e68e67f,2e68e67ec,2020-11-05,14,{'JAM'},{'JAM_HEAVY_TRAFFIC'},13,{4},5.230769230769231
2e68e67f,2e68e67ec,2020-11-05,17,{'JAM'},{'JAM_HEAVY_TRAFFIC'},31,{4},5.0
2e68e67f,2e68e67ec,2020-11-06,13,{'JAM'},"{'JAM_STAND_STILL_TRAFFIC', 'JAM_HEAVY_TRAFFIC'}",23,{4},5.0
2e68e67f,2e68e67ec,2020-11-06,17,{'JAM'},{'JAM_HEAVY_TRAFFIC'},16,{4},6.0
2e68e67f,2e68e67ec,2020-11-07,11,{'JAM'},{'JAM_HEAVY_TRAFFIC'},30,{4},5.0
2e68e67f,2e68e67ec,2020-11-07,12,{'JAM'},{'JAM_HEAVY_TRAFFIC'},15,{4},7.0
2e68e67f,2e68e67ec,2020-11-07,17,{'JAM'},{'JAM_STAND_STILL_TRAFFIC'},30,{2},7.3
2e68e67f,2e68e67ec,2020-11-07,18,{'JAM'},{'JAM_HEAVY_TRAFFIC'},33,{4},5.515151515151516
2e68e67f,2e68e67ec,2020-11-08,11,{'JAM'},{'JAM_STAND_STILL_TRAFFIC'},5,{4},5.0
2e68e67f,2e68e67ec,2020-11-08,15,{'JAM'},{'JAM_STAND_STILL_TRAFFIC'},34,{2},5.0
2e68e67f,2e68e67ec,2020-11-08,16,{'JAM'},{'JAM_STAND_STILL_TRAFFIC'},30,{2},5.933333333333334
2e68e67f,2e68e67ec,2020-11-09,14,{'JAM'},{'JAM_STAND_STILL_TRAFFIC'},5,{1},5.0
2e68e67f,2e68e67ec,2020-11-09,15,{'JAM'},{'JAM_HEAVY_TRAFFIC'},30,{4},5.0
2e68e67f,2e68e67ec,2020-11-09,16,{'JAM'},{'JAM_STAND_STILL_TRAFFIC'},74,"{2, 4}",5.445945945945946
2e68e67f,2e68e67ec,2020-11-09,17,{'JAM'},{'JAM'},34,{4},5.0
2e68e67f,2e68e67ec,2020-11-10,16,{'JAM'},{'JAM_HEAVY_TRAFFIC'},31,{4},5.0
2e68e67f,2e68e67ec,2020-11-11,16,{'JAM'},"{'JAM_STAND_STILL_TRAFFIC', 'JAM_MODERATE_TRAFFIC'}",47,{4},6.51063829787234
2e68e67f,2e68e67ec,2020-11-12,14,{'JAM'},"{'JAM', 'JAM_HEAVY_TRAFFIC'}",41,"{2, 4}",5.219512195121951
2e68e67f,2e68e67ec,2020-11-12,17,{'JAM'},{'JAM_STAND_STILL_TRAFFIC'},47,{4},5.319148936170213
2e68e67f,2e68e67ec,2020-11-13,14,{'JAM'},{'JAM_HEAVY_TRAFFIC'},71,{4},8.732394366197184
2e68e67f,2e68e67ec,2020-11-13,17,{'JAM'},{'JAM_HEAVY_TRAFFIC'},30,{4},5.0
2e68e67f,2e68e67ec,2020-11-13,18,{'JAM'},{'JAM_STAND_STILL_TRAFFIC'},35,{4},6.2
2e68e67f,2e68e67ec,2020-11-13,19,{'JAM'},{'JAM'},26,{2},5.0
2e68e67f,2e68e67ec,2020-11-14,10,{'JAM'},{'JAM'},5,{4},5.0
2e68e67f,2e68e67ec,2020-11-14,14,{'JAM'},{'JAM_HEAVY_TRAFFIC'},26,{4},7.384615384615385
2e68e67f,2e68e67ec,2020-11-14,15,{'JAM'},{'JAM_HEAVY_TRAFFIC'},32,{4},7.78125
2e68e67f,2e68e67ec,2020-11-14,16,{'JAM'},{'JAM_HEAVY_TRAFFIC'},26,{4},5.423076923076923
2e68e67f,2e68e67ec,2020-11-14,17,{'JAM'},"{'JAM', 'JAM_STAND_STILL_TRAFFIC'}",90,"{1, 2}",5.0
2e68e67f,2e68e67ec,2020-11-14,18,{'WEATHERHAZARD'},{'WEATHERHAZARD'},45,{4},8.666666666666666
2e68e67f,2e68e67ec,2020-11-16,17,{'JAM'},{'JAM_STAND_STILL_TRAFFIC'},23,{4},5.0
2e68e67f,2e68e67ec,2020-11-17,15,{'WEATHERHAZARD'},{'WEATHERHAZARD'},20,{4},7.0
2e68e67f,2e68e67ec,2020-11-18,17,{'JAM'},{'JAM_STAND_STILL_TRAFFIC'},51,{4},5.0
2e68e67f,2e68e67ec,2020-11-19,18,{'JAM'},{'JAM_STAND_STILL_TRAFFIC'},31,{4},5.741935483870968
2e68e67f,2e68e67ec,2020-11-20,13,{'JAM'},{'JAM_STAND_STILL_TRAFFIC'},42,{4},7.357142857142857
2e68e67f,2e68e67ec,2020-11-20,14,"{'JAM', 'WEATHERHAZARD'}","{'JAM_STAND_STILL_TRAFFIC', 'HAZARD_ON_ROAD_POT_HOLE'}",12588,{4},9.755878614553543
2e68e67f,2e68e67ec,2020-11-20,17,{'JAM'},{'JAM_STAND_STILL_TRAFFIC'},77,"{1, 2}",6.12987012987013
2e68e67f,2e68e67ec,2020-11-20,18,{'JAM'},"{'JAM_STAND_STILL_TRAFFIC', 'JAM_HEAVY_TRAFFIC'}",39,{4},5.410256410256411
2e68e67f,2e68e67ec,2020-11-20,19,{'JAM'},{'JAM_STAND_STILL_TRAFFIC'},30,{2},7.7
2e68e67f,2e68e67ec,2020-11-21,11,{'JAM'},{'JAM_STAND_STILL_TRAFFIC'},19,{4},5.2631578947368425
2e68e67f,2e68e67ec,2020-11-21,12,{'JAM'},{'JAM_STAND_STILL_TRAFFIC'},5,{4},5.6
2e68e67f,2e68e67ec,2020-11-21,15,{'JAM'},{'JAM_STAND_STILL_TRAFFIC'},65,{4},6.076923076923077
2e68e67f,2e68e67ec,2020-11-21,16,{'JAM'},"{'JAM', 'JAM_STAND_STILL_TRAFFIC'}",66,"{2, 4}",5.242424242424242
2e68e67f,2e68e67ec,2020-11-22,16,{'JAM'},{'JAM_STAND_STILL_TRAFFIC'},39,{4},5.897435897435898
2e68e67f,2e68e67f4,2020-09-04,17,{'JAM'},{'JAM_HEAVY_TRAFFIC'},30,{1},5.0
2e68e67f,2e68e67f4,2020-09-05,10,{'JAM'},{'JAM_STAND_STILL_TRAFFIC'},29,{4},5.0
2e68e67f,2e68e67f4,2020-09-05,17,{'JAM'},{'JAM_STAND_STILL_TRAFFIC'},36,"{1, 2}",5.861111111111111
2e68e67f,2e68e67f4,2020-09-08,17,{'JAM'},{'JAM_HEAVY_TRAFFIC'},47,"{1, 2}",5.0
2e68e67f,2e68e67f4,2020-09-09,17,{'JAM'},{'JAM_STAND_STILL_TRAFFIC'},23,{2},5.0
2e68e67f,2e68e67f4,2020-09-10,17,"{'JAM', 'WEATHERHAZARD'}","{'HAZARD_ON_ROAD_CAR_STOPPED', 'JAM_HEAVY_TRAFFIC'}",133,{2},5.827067669172933
2e68e67f,2e68e67f4,2020-09-11,17,{'JAM'},{'JAM_MODERATE_TRAFFIC'},22,{2},5.0
2e68e67f,2e68e67f4,2020-09-12,14,{'JAM'},{'JAM_STAND_STILL_TRAFFIC'},38,{1},6.894736842105263
2e68e67f,2e68e67f4,2020-09-12,17,{'JAM'},{'JAM_HEAVY_TRAFFIC'},28,{1},6.0
2e68e67f,2e68e67f4,2020-09-14,17,{'JAM'},{'JAM_STAND_STILL_TRAFFIC'},43,"{1, 2}",5.372093023255814
2e68e67f,2e68e67f4,2020-09-16,17,{'JAM'},{'JAM_HEAVY_TRAFFIC'},31,{2},5.0
2e68e67f,2e68e67f4,2020-09-18,18,{'JAM'},"{'JAM_STAND_STILL_TRAFFIC', 'JAM_HEAVY_TRAFFIC'}",36,"{1, 2}",5.083333333333333
2e68e67f,2e68e67f4,2020-09-22,13,{'JAM'},{'JAM_MODERATE_TRAFFIC'},5,{1},5.0
2e68e67f,2e68e67f4,2020-10-01,13,{'JAM'},{'JAM'},33,{1},5.0
2e68e67f,2e68e67f4,2020-10-02,18,{'JAM'},{'JAM_STAND_STILL_TRAFFIC'},32,{1},6.0
2e68e67f,2e68e67f4,2020-10-02,19,{'JAM'},{'JAM_STAND_STILL_TRAFFIC'},17,{4},5.0
2e68e67f,2e68e67f4,2020-10-03,15,{'JAM'},{'JAM_HEAVY_TRAFFIC'},32,{2},5.9375
2e68e67f,2e68e67f4,2020-10-03,16,{'JAM'},{'JAM_STAND_STILL_TRAFFIC'},63,"{1, 2}",5.253968253968254
2e68e67f,2e68e67f4,2020-10-03,17,{'JAM'},{'JAM_STAND_STILL_TRAFFIC'},24,{4},5.0
2e68e67f,2e68e67f4,2020-10-09,9,{'WEATHERHAZARD'},{'HAZARD_ON_ROAD_CAR_STOPPED'},30,{1},6.0
2e68e67f,2e68e67f4,2020-10-09,17,{'JAM'},{'JAM_STAND_STILL_TRAFFIC'},30,{4},6.966666666666667
2e68e67f,2e68e67f4,2020-10-10,14,{'JAM'},{'JAM_STAND_STILL_TRAFFIC'},68,"{1, 2}",5.514705882352941
2e68e67f,2e68e67f4,2020-10-10,15,{'JAM'},{'JAM_STAND_STILL_TRAFFIC'},30,{1},5.0
2e68e67f,2e68e67f4,2020-10-10,16,{'JAM'},{'JAM_HEAVY_TRAFFIC'},30,{2},5.0
2e68e67f,2e68e67f4,2020-10-11,21,{'JAM'},{'JAM_HEAVY_TRAFFIC'},31,{2},5.0
2e68e67f,2e68e67f4,2020-10-13,17,{'JAM'},{'JAM_MODERATE_TRAFFIC'},30,{2},5.0
2e68e67f,2e68e67f4,2020-10-16,15,{'JAM'},{'JAM_HEAVY_TRAFFIC'},9,{1},5.0
2e68e67f,2e68e67f4,2020-10-17,15,{'JAM'},{'JAM_STAND_STILL_TRAFFIC'},91,"{1, 2}",5.615384615384615
2e68e67f,2e68e67f4,2020-10-17,17,{'JAM'},{'JAM_STAND_STILL_TRAFFIC'},32,{2},5.0
2e68e67f,2e68e67f4,2020-10-17,18,{'JAM'},{'JAM_STAND_STILL_TRAFFIC'},31,{1},5.0
2e68e67f,2e68e67f4,2020-10-21,16,{'JAM'},{'JAM_STAND_STILL_TRAFFIC'},66,{2},5.757575757575758
2e68e67f,2e68e67f4,2020-10-21,17,{'JAM'},{'JAM_STAND_STILL_TRAFFIC'},32,{1},5.5625
2e68e67f,2e68e67f4,2020-10-23,14,{'JAM'},"{'JAM_STAND_STILL_TRAFFIC', 'JAM_HEAVY_TRAFFIC'}",40,"{1, 2}",5.65
2e68e67f,2e68e67f4,2020-10-23,17,{'JAM'},{'JAM_STAND_STILL_TRAFFIC'},32,{2},5.0
2e68e67f,2e68e67f4,2020-10-23,18,{'JAM'},{'JAM_HEAVY_TRAFFIC'},24,{4},5.375
2e68e67f,2e68e67f4,2020-10-24,13,{'JAM'},{'JAM_HEAVY_TRAFFIC'},77,{2},6.142857142857143
2e68e67f,2e68e67f4,2020-10-24,20,{'JAM'},{'JAM_HEAVY_TRAFFIC'},36,{2},6.416666666666667
2e68e67f,2e68e67f4,2020-10-26,17,{'JAM'},{'JAM_STAND_STILL_TRAFFIC'},13,{1},6.076923076923077
2e68e67f,2e68e67f4,2020-10-27,18,{'JAM'},{'JAM_STAND_STILL_TRAFFIC'},27,{1},5.0
2e68e67f,2e68e67f4,2020-10-28,13,{'JAM'},{'JAM_MODERATE_TRAFFIC'},30,{4},5.0
2e68e67f,2e68e67f4,2020-10-29,11,{'JAM'},{'JAM_STAND_STILL_TRAFFIC'},32,{2},5.0
2e68e67f,2e68e67f4,2020-10-29,13,{'JAM'},{'JAM_STAND_STILL_TRAFFIC'},39,{2},5.410256410256411
2e68e67f,2e68e67f4,2020-10-29,14,{'JAM'},{'JAM_STAND_STILL_TRAFFIC'},30,{2},5.9
2e68e67f,2e68e67f4,2020-10-29,16,{'JAM'},{'JAM_STAND_STILL_TRAFFIC'},30,{1},5.0
2e68e67f,2e68e67f4,2020-10-30,13,{'JAM'},{'JAM_STAND_STILL_TRAFFIC'},25,{2},5.0
2e68e67f,2e68e67f4,2020-10-30,16,{'JAM'},{'JAM_STAND_STILL_TRAFFIC'},30,{2},5.0
2e68e67f,2e68e67f4,2020-10-30,17,{'JAM'},{'JAM_STAND_STILL_TRAFFIC'},21,{1},6.0
2e68e67f,2e68e67f4,2020-10-31,11,{'JAM'},{'JAM_MODERATE_TRAFFIC'},34,{1},5.0
2e68e67f,2e68e67f4,2020-10-31,15,{'JAM'},{'JAM_STAND_STILL_TRAFFIC'},1,{4},5.0
2e68e67f,2e68e67f4,2020-10-31,16,{'JAM'},"{'JAM_STAND_STILL_TRAFFIC', 'JAM_HEAVY_TRAFFIC'}",61,{2},5.0
2e68e67f,2e68e67f4,2020-10-31,17,{'JAM'},{'JAM_STAND_STILL_TRAFFIC'},22,{4},5.954545454545454
2e68e67f,2e68e67f4,2020-10-31,21,{'JAM'},{'JAM_HEAVY_TRAFFIC'},31,{2},5.0
2e68e67f,2e68e67f4,2020-11-01,14,{'JAM'},"{'JAM_STAND_STILL_TRAFFIC', 'JAM_MODERATE_TRAFFIC'}",66,"{1, 2}",5.0
2e68e67f,2e68e67f4,2020-11-03,17,{'JAM'},{'JAM_STAND_STILL_TRAFFIC'},13,{2},5.0
2e68e67f,2e68e67f4,2020-11-04,7,{'JAM'},{'JAM_HEAVY_TRAFFIC'},6,{2},5.0
2e68e67f,2e68e67f4,2020-11-04,16,{'JAM'},{'JAM_HEAVY_TRAFFIC'},31,{1},5.0
2e68e67f,2e68e67f4,2020-11-05,14,{'JAM'},{'JAM_STAND_STILL_TRAFFIC'},16,{2},5.0
2e68e67f,2e68e67f4,2020-11-06,16,{'JAM'},{'JAM_STAND_STILL_TRAFFIC'},5,{1},5.0
2e68e67f,2e68e67f4,2020-11-06,19,{'JAM'},"{'JAM_STAND_STILL_TRAFFIC', 'JAM_HEAVY_TRAFFIC'}",40,{1},5.1
2e68e67f,2e68e67f4,2020-11-07,12,{'JAM'},{'JAM_HEAVY_TRAFFIC'},31,{4},5.0
2e68e67f,2e68e67f4,2020-11-07,17,{'JAM'},"{'JAM_STAND_STILL_TRAFFIC', 'JAM_HEAVY_TRAFFIC'}",33,"{1, 2}",5.7272727272727275
2e68e67f,2e68e67f4,2020-11-07,18,{'JAM'},{'JAM_HEAVY_TRAFFIC'},16,{4},5.0
2e68e67f,2e68e67f4,2020-11-08,16,{'JAM'},"{'JAM_MODERATE_TRAFFIC', 'JAM_HEAVY_TRAFFIC'}",40,"{1, 2}",5.85
2e68e67f,2e68e67f4,2020-11-10,16,{'JAM'},{'JAM_STAND_STILL_TRAFFIC'},5,{1},5.0
2e68e67f,2e68e67f4,2020-11-11,16,{'JAM'},{'JAM_HEAVY_TRAFFIC'},30,{2},5.0
2e68e67f,2e68e67f4,2020-11-13,17,{'JAM'},{'JAM_HEAVY_TRAFFIC'},35,"{1, 2}",5.4
2e68e67f,2e68e67f4,2020-11-14,11,{'JAM'},{'JAM_STAND_STILL_TRAFFIC'},30,{1},5.0
2e68e67f,2e68e67f4,2020-11-17,16,{'JAM'},{'JAM_HEAVY_TRAFFIC'},5,{1},5.0
2e68e67f,2e68e67f4,2020-11-20,17,{'JAM'},{'JAM_STAND_STILL_TRAFFIC'},50,"{1, 2}",5.62
2e68e67f,2e68e67f4,2020-11-20,19,{'JAM'},{'JAM_STAND_STILL_TRAFFIC'},18,{4},5.222222222222222
2e68e67f,2e68e67f4,2020-11-21,12,{'JAM'},{'JAM_STAND_STILL_TRAFFIC'},6,{4},5.0
2e68e67f,2e68e67f4,2020-11-21,14,{'JAM'},{'JAM_HEAVY_TRAFFIC'},40,{2},6.25
2e68e67f,2e68e67f4,2020-11-21,15,{'JAM'},{'JAM_STAND_STILL_TRAFFIC'},31,{4},6.709677419354839
2e68e67f,2e68e67f4,2020-11-21,16,{'JAM'},{'JAM_STAND_STILL_TRAFFIC'},32,{2},5.6875
2e68e67f,2e68e67fc,2020-09-04,17,{'JAM'},{'JAM_STAND_STILL_TRAFFIC'},6,{1},5.0
2e68e67f,2e68e67fc,2020-09-05,11,{'JAM'},{'JAM_HEAVY_TRAFFIC'},30,{4},5.0
2e68e67f,2e68e67fc,2020-09-05,12,{'JAM'},{'JAM_STAND_STILL_TRAFFIC'},31,{4},5.903225806451613
2e68e67f,2e68e67fc,2020-09-05,13,{'JAM'},{'JAM_HEAVY_TRAFFIC'},23,{4},5.391304347826087
2e68e67f,2e68e67fc,2020-09-05,16,{'JAM'},"{'JAM_STAND_STILL_TRAFFIC', 'JAM_HEAVY_TRAFFIC'}",40,{4},5.1
2e68e67f,2e68e67fc,2020-09-10,17,{'JAM'},{'JAM_STAND_STILL_TRAFFIC'},35,{1},6.0
2e68e67f,2e68e67fc,2020-09-10,18,{'JAM'},{'JAM_STAND_STILL_TRAFFIC'},32,{1},5.0
2e68e67f,2e68e67fc,2020-09-11,16,{'JAM'},{'JAM_STAND_STILL_TRAFFIC'},31,{4},5.0
2e68e67f,2e68e67fc,2020-09-12,11,{'JAM'},{'JAM'},34,{4},5.0
2e68e67f,2e68e67fc,2020-09-23,18,{'JAM'},{'JAM_STAND_STILL_TRAFFIC'},6,{1},5.0
2e68e67f,2e68e67fc,2020-09-25,9,{'JAM'},{'JAM_MODERATE_TRAFFIC'},5,{4},5.0
2e68e67f,2e68e67fc,2020-10-02,15,{'JAM'},{'JAM_STAND_STILL_TRAFFIC'},31,{4},5.0
2e68e67f,2e68e67fc,2020-10-03,15,{'JAM'},{'JAM_MODERATE_TRAFFIC'},18,{4},5.0
2e68e67f,2e68e67fc,2020-10-03,17,{'JAM'},{'JAM_STAND_STILL_TRAFFIC'},27,{4},6.444444444444445
2e68e67f,2e68e67fc,2020-10-08,15,{'JAM'},{'JAM_STAND_STILL_TRAFFIC'},30,{1},5.0
2e68e67f,2e68e67fc,2020-10-10,14,{'JAM'},{'JAM_STAND_STILL_TRAFFIC'},23,{1},5.826086956521739
2e68e67f,2e68e67fc,2020-10-10,16,{'JAM'},{'JAM_STAND_STILL_TRAFFIC'},6,{1},5.833333333333333
2e68e67f,2e68e67fc,2020-10-16,18,{'JAM'},"{'JAM_STAND_STILL_TRAFFIC', 'JAM_HEAVY_TRAFFIC'}",61,{4},5.295081967213115
2e68e67f,2e68e67fc,2020-10-16,19,{'JAM'},{'JAM_HEAVY_TRAFFIC'},27,{4},5.0
2e68e67f,2e68e67fc,2020-10-17,13,{'JAM'},{'JAM_STAND_STILL_TRAFFIC'},30,{4},5.0
2e68e67f,2e68e67fc,2020-10-17,14,{'JAM'},"{'JAM_STAND_STILL_TRAFFIC', 'JAM_HEAVY_TRAFFIC'}",38,"{1, 4}",5.105263157894737
2e68e67f,2e68e67fc,2020-10-17,15,{'JAM'},{'JAM_HEAVY_TRAFFIC'},91,{1},5.318681318681318
2e68e67f,2e68e67fc,2020-10-21,16,{'JAM'},{'JAM_STAND_STILL_TRAFFIC'},40,{1},6.175
2e68e67f,2e68e67fc,2020-10-23,15,{'JAM'},{'JAM_STAND_STILL_TRAFFIC'},22,{4},5.363636363636363
2e68e67f,2e68e67fc,2020-10-24,15,{'JAM'},{'JAM_STAND_STILL_TRAFFIC'},40,{4},5.4
2e68e67f,2e68e67fc,2020-10-24,16,{'JAM'},{'JAM_STAND_STILL_TRAFFIC'},43,{4},5.395348837209302
2e68e67f,2e68e67fc,2020-10-25,16,{'JAM'},{'JAM_STAND_STILL_TRAFFIC'},32,{4},5.0
2e68e67f,2e68e67fc,2020-10-25,17,{'JAM'},{'JAM'},31,{4},5.0
2e68e67f,2e68e67fc,2020-10-27,15,{'JAM'},"{'JAM', 'JAM_STAND_STILL_TRAFFIC'}",62,{4},5.290322580645161
2e68e67f,2e68e67fc,2020-10-27,18,{'JAM'},{'JAM_STAND_STILL_TRAFFIC'},32,{4},5.0
2e68e67f,2e68e67fc,2020-10-28,11,{'JAM'},{'JAM_MODERATE_TRAFFIC'},31,{4},5.0
2e68e67f,2e68e67fc,2020-10-28,12,{'JAM'},{'JAM_STAND_STILL_TRAFFIC'},23,{4},6.869565217391305
2e68e67f,2e68e67fc,2020-10-28,13,{'JAM'},{'JAM'},19,{4},5.0
2e68e67f,2e68e67fc,2020-10-28,14,{'JAM'},{'JAM_STAND_STILL_TRAFFIC'},31,{4},5.0
2e68e67f,2e68e67fc,2020-10-28,15,{'JAM'},"{'JAM_STAND_STILL_TRAFFIC', 'JAM_HEAVY_TRAFFIC'}",37,"{1, 4}",5.0
2e68e67f,2e68e67fc,2020-10-29,11,{'JAM'},{'JAM_MODERATE_TRAFFIC'},30,{4},5.0
2e68e67f,2e68e67fc,2020-10-29,14,{'JAM'},"{'JAM_STAND_STILL_TRAFFIC', 'JAM_HEAVY_TRAFFIC'}",81,{4},5.851851851851852
2e68e67f,2e68e67fc,2020-10-29,16,{'JAM'},{'JAM_HEAVY_TRAFFIC'},31,{4},5.67741935483871
2e68e67f,2e68e67fc,2020-10-30,13,{'JAM'},{'JAM_HEAVY_TRAFFIC'},34,{4},5.0
2e68e67f,2e68e67fc,2020-10-30,15,{'JAM'},{'JAM_STAND_STILL_TRAFFIC'},61,{4},5.852459016393443
2e68e67f,2e68e67fc,2020-10-30,16,{'JAM'},{'JAM_STAND_STILL_TRAFFIC'},69,{1},5.550724637681159
2e68e67f,2e68e67fc,2020-10-30,17,{'JAM'},{'JAM_STAND_STILL_TRAFFIC'},15,{4},5.0
2e68e67f,2e68e67fc,2020-10-31,15,{'JAM'},{'JAM_HEAVY_TRAFFIC'},32,{4},5.0
2e68e67f,2e68e67fc,2020-10-31,16,{'JAM'},{'JAM_STAND_STILL_TRAFFIC'},39,{4},5.3076923076923075
2e68e67f,2e68e67fc,2020-10-31,17,{'JAM'},{'JAM_STAND_STILL_TRAFFIC'},42,"{1, 4}",5.714285714285714
2e68e67f,2e68e67fc,2020-11-02,17,{'JAM'},{'JAM_HEAVY_TRAFFIC'},31,{1},5.0
2e68e67f,2e68e67fc,2020-11-04,16,{'JAM'},{'JAM_STAND_STILL_TRAFFIC'},3,{1},8.0
2e68e67f,2e68e67fc,2020-11-04,17,{'JAM'},{'JAM_STAND_STILL_TRAFFIC'},35,{1},5.4
2e68e67f,2e68e67fc,2020-11-05,17,{'JAM'},{'JAM_HEAVY_TRAFFIC'},13,{4},5.0
2e68e67f,2e68e67fc,2020-11-06,17,{'JAM'},{'JAM_STAND_STILL_TRAFFIC'},15,{4},5.0
2e68e67f,2e68e67fc,2020-11-06,19,{'JAM'},{'JAM_HEAVY_TRAFFIC'},22,{1},5.681818181818182
2e68e67f,2e68e67fc,2020-11-07,10,{'JAM'},{'JAM_STAND_STILL_TRAFFIC'},29,{4},5.0
2e68e67f,2e68e67fc,2020-11-07,14,{'JAM'},{'JAM_STAND_STILL_TRAFFIC'},58,{4},6.5
2e68e67f,2e68e67fc,2020-11-07,15,{'JAM'},{'JAM'},5,{1},5.0
2e68e67f,2e68e67fc,2020-11-07,17,{'JAM'},{'JAM_STAND_STILL_TRAFFIC'},3,{1},5.0
2e68e67f,2e68e67fc,2020-11-07,18,{'JAM'},{'JAM_HEAVY_TRAFFIC'},17,{4},6.882352941176471
2e68e67f,2e68e67fc,2020-11-12,17,{'JAM'},{'JAM_STAND_STILL_TRAFFIC'},77,{4},5.454545454545454
2e68e67f,2e68e67fc,2020-11-13,16,{'JAM'},{'JAM_HEAVY_TRAFFIC'},18,{4},5.0
2e68e67f,2e68e67fc,2020-11-13,17,{'JAM'},"{'JAM_STAND_STILL_TRAFFIC', 'JAM_HEAVY_TRAFFIC'}",98,"{1, 4}",5.295918367346939
2e68e67f,2e68e67fc,2020-11-13,19,{'JAM'},{'JAM_STAND_STILL_TRAFFIC'},30,{4},5.566666666666666
2e68e67f,2e68e67fc,2020-11-14,10,{'JAM'},{'JAM_STAND_STILL_TRAFFIC'},31,{4},5.0
2e68e67f,2e68e67fc,2020-11-14,11,{'JAM'},{'JAM_HEAVY_TRAFFIC'},32,{4},5.0
2e68e67f,2e68e67fc,2020-11-14,14,{'JAM'},{'JAM_STAND_STILL_TRAFFIC'},11,{4},5.0
2e68e67f,2e68e67fc,2020-11-14,16,{'JAM'},{'JAM_STAND_STILL_TRAFFIC'},52,"{1, 4}",5.384615384615385
2e68e67f,2e68e67fc,2020-11-14,17,{'JAM'},{'JAM_STAND_STILL_TRAFFIC'},11,{1},6.0
2e68e67f,2e68e67fc,2020-11-14,18,{'JAM'},{'JAM_STAND_STILL_TRAFFIC'},31,{4},5.612903225806452
2e68e67f,2e68e67fc,2020-11-18,16,{'JAM'},{'JAM_STAND_STILL_TRAFFIC'},29,{1},6.586206896551724
2e68e67f,2e68e67fc,2020-11-19,18,{'JAM'},{'JAM_STAND_STILL_TRAFFIC'},26,{4},5.461538461538462
2e68e67f,2e68e67fc,2020-11-20,15,{'JAM'},{'JAM_STAND_STILL_TRAFFIC'},31,{4},5.0
2e68e67f,2e68e67fc,2020-11-20,17,{'JAM'},{'JAM_STAND_STILL_TRAFFIC'},27,{1},5.0
2e68e67f,2e68e67fc,2020-11-20,18,{'JAM'},{'JAM_HEAVY_TRAFFIC'},32,{4},5.0
2e68e67f,2e68e67fc,2020-11-20,19,{'JAM'},{'JAM_STAND_STILL_TRAFFIC'},25,{4},5.0
2e68e67f,2e68e67fc,2020-11-21,12,{'JAM'},"{'JAM_STAND_STILL_TRAFFIC', 'JAM_HEAVY_TRAFFIC'}",16,"{1, 4}",5.4375
2e68e67f,2e68e67fc,2020-11-21,13,{'JAM'},{'JAM_STAND_STILL_TRAFFIC'},6,{4},5.0
2e68e67f,2e68e67fc,2020-11-21,16,{'JAM'},{'JAM_HEAVY_TRAFFIC'},27,{1},5.0
2e68e67f,2e68e67fc,2020-11-22,16,{'JAM'},{'JAM_STAND_STILL_TRAFFIC'},20,{4},5.0
2e68e67f,2e68e67fc,2020-11-22,17,{'JAM'},{'JAM_HEAVY_TRAFFIC'},30,{4},6.0
2e68e681,2e68e680c,2020-10-17,15,{'JAM'},{'JAM_HEAVY_TRAFFIC'},9,{1},5.0
2e68e681,2e68e680c,2020-10-25,16,{'JAM'},{'JAM_STAND_STILL_TRAFFIC'},35,{1},5.428571428571429
2e68e681,2e68e680c,2020-11-14,16,{'JAM'},{'JAM_STAND_STILL_TRAFFIC'},25,{1},6.4
2e68e681,2e68e681c,2020-11-10,6,{'JAM'},{'JAM'},33,{22},5.0
2e68e683,2e68e6824,2020-09-01,9,{'JAM'},{'JAM_MODERATE_TRAFFIC'},30,{2},5.0
2e68e683,2e68e6824,2020-09-12,9,{'JAM'},{'JAM_HEAVY_TRAFFIC'},6,{2},5.0
2e68e683,2e68e6824,2020-09-16,9,{'JAM'},{'JAM_HEAVY_TRAFFIC'},9,{2},5.0
2e68e683,2e68e6824,2020-09-17,20,"{'WEATHERHAZARD', 'ACCIDENT'}","{'ACCIDENT', 'HAZARD_ON_ROAD'}",115,{1},5.0
2e68e683,2e68e6824,2020-09-17,21,{'WEATHERHAZARD'},{'WEATHERHAZARD'},29,{1},5.0
2e68e683,2e68e6824,2020-09-18,13,{'WEATHERHAZARD'},"{'WEATHERHAZARD', 'HAZARD_WEATHER'}",25,{1},5.4
2e68e683,2e68e6824,2020-09-19,19,{'WEATHERHAZARD'},{'HAZARD_ON_ROAD'},30,{22},5.0
2e68e683,2e68e6824,2020-09-19,20,{'JAM'},{'JAM'},31,{1},5.0
2e68e683,2e68e6834,2020-11-13,14,{'JAM'},{'JAM_STAND_STILL_TRAFFIC'},37,{2},6.27027027027027
2e68e683,2e68e6834,2020-11-22,15,{'JAM'},{'JAM_STAND_STILL_TRAFFIC'},11,{2},5.181818181818182
2e68e683,2e68e683c,2020-09-05,12,{'JAM'},{'JAM_HEAVY_TRAFFIC'},32,{2},5.0
2e68e683,2e68e683c,2020-09-05,16,{'JAM'},{'JAM_HEAVY_TRAFFIC'},6,{2},5.0
2e68e683,2e68e683c,2020-09-12,17,{'JAM'},{'JAM_HEAVY_TRAFFIC'},6,{2},5.0
2e68e683,2e68e683c,2020-09-16,7,{'JAM'},{'JAM_MODERATE_TRAFFIC'},6,{1},5.0
2e68e683,2e68e683c,2020-10-08,13,{'JAM'},{'JAM_HEAVY_TRAFFIC'},36,{2},6.0
2e68e683,2e68e683c,2020-10-08,15,{'JAM'},{'JAM'},8,{2},5.0
2e68e683,2e68e683c,2020-10-09,9,{'JAM'},{'JAM_MODERATE_TRAFFIC'},19,{2},5.0
2e68e683,2e68e683c,2020-10-10,15,{'JAM'},{'JAM_MODERATE_TRAFFIC'},30,{2},5.0
2e68e683,2e68e683c,2020-10-26,15,{'JAM'},{'JAM_MODERATE_TRAFFIC'},8,{2},5.0
2e68e683,2e68e683c,2020-10-30,15,{'JAM'},{'JAM_HEAVY_TRAFFIC'},29,{2},5.0
2e68e683,2e68e683c,2020-11-03,16,"{'JAM', 'WEATHERHAZARD'}","{'HAZARD_ON_ROAD_CAR_STOPPED', 'JAM_MODERATE_TRAFFIC'}",55,{2},5.218181818181818
2e68e683,2e68e683c,2020-11-09,15,{'JAM'},{'JAM_MODERATE_TRAFFIC'},25,{2},5.0
2e68e683,2e68e683c,2020-11-10,16,{'JAM'},{'JAM_HEAVY_TRAFFIC'},41,{2},5.414634146341464
2e68e683,2e68e683c,2020-11-11,16,{'JAM'},{'JAM_MODERATE_TRAFFIC'},43,{2},5.558139534883721
2e68e685,2e68e6844,2020-09-04,18,{'JAM'},"{'JAM_MODERATE_TRAFFIC', 'JAM_HEAVY_TRAFFIC'}",36,{2},5.0
2e68e685,2e68e6844,2020-09-10,13,{'WEATHERHAZARD'},{'WEATHERHAZARD'},15,{2},6.466666666666667
2e68e685,2e68e6844,2020-09-14,6,{'JAM'},{'JAM_STAND_STILL_TRAFFIC'},30,{1},5.0
2e68e685,2e68e6844,2020-09-15,16,{'JAM'},{'JAM_MODERATE_TRAFFIC'},10,{2},5.0
2e68e685,2e68e6844,2020-10-02,17,{'JAM'},{'JAM_STAND_STILL_TRAFFIC'},6,{2},5.0
2e68e685,2e68e6844,2020-10-03,13,{'JAM'},{'JAM_STAND_STILL_TRAFFIC'},31,{2},5.0
2e68e685,2e68e6844,2020-10-09,9,{'JAM'},{'JAM_MODERATE_TRAFFIC'},5,{2},5.0
2e68e685,2e68e6844,2020-10-10,15,{'JAM'},{'JAM_MODERATE_TRAFFIC'},29,{2},5.793103448275862
2e68e685,2e68e6844,2020-10-18,17,{'JAM'},{'JAM_STAND_STILL_TRAFFIC'},11,{2},5.0
2e68e685,2e68e6844,2020-10-26,15,{'JAM'},{'JAM_MODERATE_TRAFFIC'},30,{2},5.0
2e68e685,2e68e6844,2020-10-27,15,{'JAM'},{'JAM_MODERATE_TRAFFIC'},34,{2},5.4411764705882355
2e68e685,2e68e6844,2020-10-30,16,{'JAM'},{'JAM_STAND_STILL_TRAFFIC'},7,{2},5.0
2e68e685,2e68e6844,2020-10-31,19,{'JAM'},{'JAM_HEAVY_TRAFFIC'},34,{1},5.0
2e68e685,2e68e6844,2020-11-03,16,{'JAM'},{'JAM_MODERATE_TRAFFIC'},27,{2},5.0
2e68e685,2e68e6844,2020-11-09,15,{'JAM'},{'JAM_MODERATE_TRAFFIC'},51,{2},5.0
2e68e685,2e68e6844,2020-11-10,15,{'JAM'},{'JAM_MODERATE_TRAFFIC'},6,{2},5.0
2e68e685,2e68e6844,2020-11-11,16,{'JAM'},{'JAM_MODERATE_TRAFFIC'},24,{2},5.25
2e68e685,2e68e6844,2020-11-14,17,{'WEATHERHAZARD'},{'HAZARD_ON_ROAD_CAR_STOPPED'},15,{2},5.0
2e68e685,2e68e6844,2020-11-16,15,{'JAM'},{'JAM_MODERATE_TRAFFIC'},7,{2},5.0
2e68e685,2e68e6844,2020-11-17,8,{'JAM'},{'JAM_HEAVY_TRAFFIC'},18,{2},5.333333333333333
2e68e685,2e68e6844,2020-11-17,15,{'JAM'},{'JAM_MODERATE_TRAFFIC'},6,{2},5.0
2e68e685,2e68e684c,2020-09-19,10,{'JAM'},{'JAM_MODERATE_TRAFFIC'},5,{2},5.0
2e68e685,2e68e6854,2020-09-15,16,{'JAM'},{'JAM_MODERATE_TRAFFIC'},12,{2},5.0
2e68e685,2e68e6854,2020-10-03,19,{'JAM'},{'JAM_STAND_STILL_TRAFFIC'},12,{2},5.0
2e68e685,2e68e6854,2020-10-11,15,{'JAM'},{'JAM_MODERATE_TRAFFIC'},31,{2},5.0
2e68e685,2e68e6854,2020-10-13,16,{'JAM'},{'JAM_HEAVY_TRAFFIC'},16,{2},6.0
2e68e685,2e68e6854,2020-10-17,13,{'JAM'},{'JAM_MODERATE_TRAFFIC'},31,{2},5.0
2e68e685,2e68e6854,2020-10-24,12,{'JAM'},{'JAM_HEAVY_TRAFFIC'},27,{2},5.0
2e68e685,2e68e6854,2020-10-28,14,{'JAM'},{'JAM_STAND_STILL_TRAFFIC'},14,{2},5.0
2e68e685,2e68e6854,2020-10-29,11,{'JAM'},{'JAM_MODERATE_TRAFFIC'},24,{2},5.0
2e68e685,2e68e6854,2020-11-04,16,{'JAM'},{'JAM_MODERATE_TRAFFIC'},23,{2},5.0
2e68e685,2e68e6854,2020-11-06,16,{'WEATHERHAZARD'},{'WEATHERHAZARD'},32,{17},5.0
2e68e685,2e68e6854,2020-11-06,17,{'JAM'},{'JAM_STAND_STILL_TRAFFIC'},19,{2},5.0
2e68e685,2e68e6854,2020-11-15,13,{'JAM'},{'JAM_HEAVY_TRAFFIC'},23,{2},5.956521739130435
2e68e685,2e68e6854,2020-11-20,17,{'JAM'},{'JAM_HEAVY_TRAFFIC'},27,{2},6.0
2e68e685,2e68e6854,2020-11-21,16,{'JAM'},{'JAM_MODERATE_TRAFFIC'},30,{2},5.0
2e68e685,2e68e685c,2020-10-28,14,{'JAM'},{'JAM_MODERATE_TRAFFIC'},24,{2},5.0
2e68e685,2e68e685c,2020-11-11,16,{'JAM'},{'JAM_MODERATE_TRAFFIC'},6,{2},5.0
2e68e687,2e68e686c,2020-09-11,17,{'JAM'},{'JAM_MODERATE_TRAFFIC'},8,{2},5.0
2e68e687,2e68e686c,2020-09-14,17,{'JAM'},{'JAM_STAND_STILL_TRAFFIC'},23,{2},5.0
2e68e687,2e68e686c,2020-10-08,13,{'JAM'},{'JAM_HEAVY_TRAFFIC'},34,{2},5.0
2e68e687,2e68e686c,2020-10-10,15,{'JAM'},{'JAM_STAND_STILL_TRAFFIC'},32,{2},5.0
2e68e687,2e68e686c,2020-10-10,16,{'JAM'},{'JAM_HEAVY_TRAFFIC'},5,{2},5.0
2e68e687,2e68e686c,2020-11-04,16,{'JAM'},{'JAM_MODERATE_TRAFFIC'},5,{2},5.0
2e68e687,2e68e686c,2020-11-06,17,{'JAM'},{'JAM_HEAVY_TRAFFIC'},15,{2},5.0
2e68e687,2e68e686c,2020-11-09,15,{'JAM'},{'JAM_MODERATE_TRAFFIC'},11,{2},5.0
2e68e687,2e68e686c,2020-11-10,15,{'JAM'},{'JAM_MODERATE_TRAFFIC'},8,{2},5.0
2e68e687,2e68e686c,2020-11-11,16,{'JAM'},{'JAM_MODERATE_TRAFFIC'},19,{2},6.315789473684211
2e68e687,2e68e686c,2020-11-14,17,{'JAM'},{'JAM_MODERATE_TRAFFIC'},1,{2},5.0
2e68e687,2e68e686c,2020-11-21,18,{'WEATHERHAZARD'},{'WEATHERHAZARD'},5,{2},6.0
2e68e687,2e68e686c,2020-11-22,17,{'JAM'},{'JAM_MODERATE_TRAFFIC'},27,{2},5.0
2e68e687,2e68e6874,2020-09-04,15,{'JAM'},{'JAM_STAND_STILL_TRAFFIC'},20,{2},5.0
2e68e687,2e68e6874,2020-09-05,16,{'JAM'},{'JAM_STAND_STILL_TRAFFIC'},29,{2},5.0
2e68e687,2e68e6874,2020-09-08,16,{'JAM'},{'JAM_STAND_STILL_TRAFFIC'},32,{2},5.0
2e68e687,2e68e6874,2020-09-10,17,{'JAM'},{'JAM_HEAVY_TRAFFIC'},31,{2},5.0
2e68e687,2e68e6874,2020-09-11,18,{'JAM'},{'JAM_HEAVY_TRAFFIC'},32,{2},5.0
2e68e687,2e68e6874,2020-09-14,16,{'JAM'},{'JAM_STAND_STILL_TRAFFIC'},33,{2},5.0
2e68e687,2e68e6874,2020-09-14,17,{'JAM'},"{'JAM_STAND_STILL_TRAFFIC', 'JAM_HEAVY_TRAFFIC'}",11,{2},5.0
2e68e687,2e68e6874,2020-09-29,17,{'JAM'},{'JAM_STAND_STILL_TRAFFIC'},11,{2},5.0
2e68e687,2e68e6874,2020-10-02,10,{'JAM'},{'JAM_MODERATE_TRAFFIC'},19,{2},5.0
2e68e687,2e68e6874,2020-10-02,16,{'JAM'},{'JAM_HEAVY_TRAFFIC'},5,{2},5.0
2e68e687,2e68e6874,2020-10-02,17,{'JAM'},{'JAM_STAND_STILL_TRAFFIC'},32,{2},5.75
2e68e687,2e68e6874,2020-10-04,14,{'JAM'},{'JAM_STAND_STILL_TRAFFIC'},23,{2},5.0
2e68e687,2e68e6874,2020-10-06,14,{'JAM'},{'JAM_HEAVY_TRAFFIC'},18,{2},5.0
2e68e687,2e68e6874,2020-10-10,17,{'JAM'},{'JAM_STAND_STILL_TRAFFIC'},30,{2},5.0
2e68e687,2e68e6874,2020-10-16,17,{'JAM'},{'JAM_HEAVY_TRAFFIC'},30,{2},5.0
2e68e687,2e68e6874,2020-10-21,17,{'JAM'},{'JAM_HEAVY_TRAFFIC'},36,{2},5.833333333333333
2e68e687,2e68e6874,2020-10-25,18,{'JAM'},{'JAM_STAND_STILL_TRAFFIC'},18,{2},5.0
2e68e687,2e68e6874,2020-10-30,16,{'JAM'},{'JAM_STAND_STILL_TRAFFIC'},31,{2},5.0
2e68e687,2e68e6874,2020-10-30,17,{'JAM'},{'JAM_MODERATE_TRAFFIC'},30,{2},5.0
2e68e687,2e68e6874,2020-10-31,11,{'JAM'},{'JAM_STAND_STILL_TRAFFIC'},28,{2},5.857142857142857
2e68e687,2e68e6874,2020-10-31,16,{'JAM'},{'JAM_STAND_STILL_TRAFFIC'},28,{2},5.785714285714286
2e68e687,2e68e6874,2020-10-31,17,{'JAM'},{'JAM_STAND_STILL_TRAFFIC'},64,{2},5.0
2e68e687,2e68e6874,2020-11-01,14,{'JAM'},{'JAM_STAND_STILL_TRAFFIC'},38,{2},5.421052631578948
2e68e687,2e68e6874,2020-11-06,16,{'JAM'},{'JAM_STAND_STILL_TRAFFIC'},39,{2},5.0
2e68e687,2e68e6874,2020-11-08,14,{'JAM'},{'JAM_HEAVY_TRAFFIC'},30,{2},5.0
2e68e687,2e68e6874,2020-11-08,16,{'JAM'},{'JAM_STAND_STILL_TRAFFIC'},33,{2},5.0
2e68e687,2e68e6874,2020-11-11,16,{'JAM'},{'JAM_MODERATE_TRAFFIC'},1,{2},5.0
2e68e687,2e68e6874,2020-11-13,18,{'JAM'},{'JAM_STAND_STILL_TRAFFIC'},64,{2},5.84375
2e68e687,2e68e6874,2020-11-14,12,{'JAM'},{'JAM_STAND_STILL_TRAFFIC'},20,{2},5.0
2e68e687,2e68e6874,2020-11-14,13,{'JAM'},{'JAM_HEAVY_TRAFFIC'},24,{2},5.458333333333333
2e68e687,2e68e6874,2020-11-16,17,{'JAM'},{'JAM_STAND_STILL_TRAFFIC'},17,{2},5.0
2e68e687,2e68e6874,2020-11-20,18,{'JAM'},{'JAM_STAND_STILL_TRAFFIC'},31,{2},5.0
2e68e687,2e68e6874,2020-11-20,19,{'JAM'},{'JAM_STAND_STILL_TRAFFIC'},39,{2},6.0
2e68e687,2e68e6874,2020-11-21,16,{'JAM'},{'JAM_STAND_STILL_TRAFFIC'},30,{2},5.0
2e68e687,2e68e6874,2020-11-21,21,{'JAM'},{'JAM_MODERATE_TRAFFIC'},11,{2},5.0
2e68e687,2e68e6874,2020-11-22,15,{'JAM'},{'JAM_STAND_STILL_TRAFFIC'},30,{2},5.633333333333334
2e68e687,2e68e6874,2020-11-22,17,{'JAM'},{'JAM_HEAVY_TRAFFIC'},32,{2},5.53125
2e68e689,2e68e6884,2020-09-10,14,{'WEATHERHAZARD'},{'WEATHERHAZARD'},33,{1},5.0
2e68e689,2e68e6884,2020-10-08,15,{'JAM'},{'JAM_STAND_STILL_TRAFFIC'},31,{1},5.0
2e68e689,2e68e6884,2020-11-07,17,{'JAM'},{'JAM_MODERATE_TRAFFIC'},7,{1},5.0
2e68e68b,2e68e68a4,2020-10-01,15,{'JAM'},{'JAM'},33,{22},5.0
2e68e68b,2e68e68a4,2020-10-18,15,{'JAM'},{'JAM'},32,{22},5.0
2e68e68b,2e68e68ac,2020-09-04,12,{'JAM'},{'JAM_MODERATE_TRAFFIC'},6,{7},5.0
2e68e68b,2e68e68ac,2020-09-05,20,{'JAM'},{'JAM_STAND_STILL_TRAFFIC'},44,{7},5.363636363636363
2e68e68b,2e68e68ac,2020-10-02,17,{'JAM'},{'JAM_MODERATE_TRAFFIC'},30,{7},5.0
2e68e68b,2e68e68ac,2020-10-03,20,{'JAM'},{'JAM_MODERATE_TRAFFIC'},32,{7},5.0
2e68e68b,2e68e68ac,2020-10-09,17,{'JAM'},{'JAM_STAND_STILL_TRAFFIC'},31,{7},5.967741935483871
2e68e68b,2e68e68ac,2020-10-10,13,{'JAM'},{'JAM_HEAVY_TRAFFIC'},32,{7},5.0
2e68e68b,2e68e68ac,2020-10-10,17,{'JAM'},{'JAM_STAND_STILL_TRAFFIC'},30,{2},5.9
2e68e68b,2e68e68ac,2020-10-11,12,{'JAM'},{'JAM_MODERATE_TRAFFIC'},32,{7},5.0
2e68e68b,2e68e68ac,2020-10-15,17,{'JAM'},{'JAM_HEAVY_TRAFFIC'},31,{7},5.774193548387097
2e68e68b,2e68e68ac,2020-10-16,17,{'JAM'},{'JAM_STAND_STILL_TRAFFIC'},31,{7},5.0
2e68e68b,2e68e68ac,2020-10-17,18,{'JAM'},{'JAM_HEAVY_TRAFFIC'},35,{7},5.0
2e68e68b,2e68e68ac,2020-10-17,19,{'JAM'},{'JAM_STAND_STILL_TRAFFIC'},66,{7},5.2727272727272725
2e68e68b,2e68e68ac,2020-10-17,20,{'JAM'},{'JAM_STAND_STILL_TRAFFIC'},31,{7},5.0
2e68e68b,2e68e68ac,2020-10-21,18,{'JAM'},{'JAM_STAND_STILL_TRAFFIC'},32,{7},6.1875
2e68e68b,2e68e68ac,2020-10-23,18,{'JAM'},{'JAM_STAND_STILL_TRAFFIC'},30,{7},5.0
2e68e68b,2e68e68ac,2020-10-24,20,"{'JAM', 'WEATHERHAZARD'}","{'HAZARD_ON_SHOULDER_CAR_STOPPED', 'JAM_HEAVY_TRAFFIC'}",46,{7},6.1521739130434785
2e68e68b,2e68e68ac,2020-10-25,13,{'JAM'},{'JAM'},30,{7},5.0
2e68e68b,2e68e68ac,2020-10-25,15,{'JAM'},"{'JAM_STAND_STILL_TRAFFIC', 'JAM_HEAVY_TRAFFIC'}",87,{7},6.045977011494253
2e68e68b,2e68e68ac,2020-10-28,12,{'JAM'},{'JAM_MODERATE_TRAFFIC'},31,{7},5.0
2e68e68b,2e68e68ac,2020-10-28,18,"{'JAM', 'ACCIDENT'}","{'JAM_STAND_STILL_TRAFFIC', 'ACCIDENT_MAJOR'}",50,{7},5.7
2e68e68b,2e68e68ac,2020-10-28,19,{'JAM'},{'JAM_HEAVY_TRAFFIC'},31,{7},5.0
2e68e68b,2e68e68ac,2020-10-28,21,{'JAM'},{'JAM_MODERATE_TRAFFIC'},32,{20},5.0
2e68e68b,2e68e68ac,2020-10-29,14,{'JAM'},{'JAM_HEAVY_TRAFFIC'},39,{7},7.846153846153846
2e68e68b,2e68e68ac,2020-10-29,16,{'JAM'},{'JAM_MODERATE_TRAFFIC'},6,{2},5.0
2e68e68b,2e68e68ac,2020-10-29,20,{'JAM'},{'JAM_HEAVY_TRAFFIC'},31,{7},5.806451612903226
2e68e68b,2e68e68ac,2020-10-30,11,{'JAM'},{'JAM_HEAVY_TRAFFIC'},30,{7},6.566666666666666
2e68e68b,2e68e68ac,2020-10-30,12,{'JAM'},"{'JAM_MODERATE_TRAFFIC', 'JAM_HEAVY_TRAFFIC'}",76,{7},5.973684210526316
2e68e68b,2e68e68ac,2020-10-30,13,{'JAM'},{'JAM_STAND_STILL_TRAFFIC'},32,{7},5.0
2e68e68b,2e68e68ac,2020-10-30,15,{'JAM'},{'JAM_HEAVY_TRAFFIC'},43,{7},6.534883720930233
2e68e68b,2e68e68ac,2020-10-30,16,{'JAM'},"{'JAM_STAND_STILL_TRAFFIC', 'JAM_MODERATE_TRAFFIC'}",66,"{2, 7}",5.0
2e68e68b,2e68e68ac,2020-10-30,17,{'JAM'},{'JAM'},31,{7},5.0
2e68e68b,2e68e68ac,2020-10-30,18,{'JAM'},{'JAM_STAND_STILL_TRAFFIC'},30,{7},5.766666666666667
2e68e68b,2e68e68ac,2020-10-30,19,{'JAM'},"{'JAM', 'JAM_STAND_STILL_TRAFFIC', 'JAM_HEAVY_TRAFFIC'}",104,{7},6.153846153846154
2e68e68b,2e68e68ac,2020-10-30,20,{'JAM'},{'JAM_STAND_STILL_TRAFFIC'},51,{7},6.666666666666667
2e68e68b,2e68e68ac,2020-10-30,21,{'JAM'},{'JAM_STAND_STILL_TRAFFIC'},51,{7},5.0
2e68e68b,2e68e68ac,2020-10-31,13,{'JAM'},{'JAM_MODERATE_TRAFFIC'},31,{7},5.0
2e68e68b,2e68e68ac,2020-10-31,16,{'JAM'},{'JAM_HEAVY_TRAFFIC'},38,{7},6.342105263157895
2e68e68b,2e68e68ac,2020-10-31,19,{'JAM'},{'JAM_HEAVY_TRAFFIC'},70,"{2, 7}",5.4714285714285715
2e68e68b,2e68e68ac,2020-11-05,15,{'JAM'},{'JAM_MODERATE_TRAFFIC'},31,{7},5.0
2e68e68b,2e68e68ac,2020-11-07,13,{'JAM'},{'JAM_STAND_STILL_TRAFFIC'},31,{7},5.838709677419355
2e68e68b,2e68e68ac,2020-11-07,17,{'JAM'},"{'JAM_STAND_STILL_TRAFFIC', 'JAM_HEAVY_TRAFFIC'}",81,"{2, 7}",5.246913580246914
2e68e68b,2e68e68ac,2020-11-07,18,{'JAM'},{'JAM_STAND_STILL_TRAFFIC'},51,"{2, 7}",5.7254901960784315
2e68e68b,2e68e68ac,2020-11-08,13,{'JAM'},"{'JAM_MODERATE_TRAFFIC', 'JAM_HEAVY_TRAFFIC'}",62,{7},5.0
2e68e68b,2e68e68ac,2020-11-12,18,{'JAM'},{'JAM_HEAVY_TRAFFIC'},43,{7},6.0
2e68e68b,2e68e68ac,2020-11-13,17,{'JAM'},{'JAM_STAND_STILL_TRAFFIC'},36,{7},5.611111111111111
2e68e68b,2e68e68ac,2020-11-14,11,{'JAM'},"{'JAM_MODERATE_TRAFFIC', 'JAM_HEAVY_TRAFFIC'}",60,{7},5.0
2e68e68b,2e68e68ac,2020-11-14,14,{'JAM'},{'JAM_MODERATE_TRAFFIC'},28,{7},5.0
2e68e68b,2e68e68ac,2020-11-14,21,{'JAM'},{'JAM_HEAVY_TRAFFIC'},31,{7},5.0
2e68e68b,2e68e68ac,2020-11-15,13,{'JAM'},{'JAM_HEAVY_TRAFFIC'},33,{7},5.545454545454546
2e68e68b,2e68e68ac,2020-11-15,19,{'JAM'},{'JAM_MODERATE_TRAFFIC'},39,{7},5.410256410256411
2e68e68b,2e68e68ac,2020-11-20,17,{'JAM'},{'JAM_STAND_STILL_TRAFFIC'},21,{7},6.0
2e68e68b,2e68e68ac,2020-11-21,11,{'JAM'},{'JAM_STAND_STILL_TRAFFIC'},14,"{2, 7}",5.5
2e68e68b,2e68e68ac,2020-11-21,13,{'JAM'},{'JAM_HEAVY_TRAFFIC'},11,{7},5.7272727272727275
2e68e68b,2e68e68ac,2020-11-21,14,{'JAM'},{'JAM_STAND_STILL_TRAFFIC'},97,{7},6.979381443298969
2e68e68b,2e68e68b4,2020-09-04,12,{'JAM'},{'JAM_MODERATE_TRAFFIC'},8,{7},5.0
2e68e68b,2e68e68b4,2020-09-04,17,{'JAM'},{'JAM_MODERATE_TRAFFIC'},32,{7},5.0
2e68e68b,2e68e68b4,2020-09-12,16,{'JAM'},{'JAM_HEAVY_TRAFFIC'},31,{7},5.0
2e68e68b,2e68e68b4,2020-09-16,18,{'JAM'},{'JAM_MODERATE_TRAFFIC'},2,{7},5.0
2e68e68b,2e68e68b4,2020-09-26,17,{'JAM'},{'JAM'},32,{7},5.0
2e68e68b,2e68e68b4,2020-10-19,16,{'JAM'},{'JAM'},31,{2},5.0
2e68e68b,2e68e68b4,2020-10-20,18,{'JAM'},{'JAM_MODERATE_TRAFFIC'},38,"{2, 7}",5.0
2e68e68b,2e68e68b4,2020-10-28,18,{'JAM'},{'JAM_STAND_STILL_TRAFFIC'},33,{7},5.0
2e68e68b,2e68e68b4,2020-10-28,21,{'JAM'},{'JAM_MODERATE_TRAFFIC'},36,"{2, 7}",5.0
2e68e68b,2e68e68b4,2020-10-29,17,{'JAM'},{'JAM_STAND_STILL_TRAFFIC'},31,{2},5.935483870967742
2e68e68b,2e68e68b4,2020-10-29,20,{'JAM'},{'JAM_HEAVY_TRAFFIC'},32,{7},5.0
2e68e68b,2e68e68b4,2020-10-30,12,{'JAM'},{'JAM_MODERATE_TRAFFIC'},27,{7},8.592592592592593
2e68e68b,2e68e68b4,2020-10-30,18,{'JAM'},{'JAM_MODERATE_TRAFFIC'},32,{2},5.0
2e68e68b,2e68e68b4,2020-11-04,20,{'WEATHERHAZARD'},{'WEATHERHAZARD'},2,{7},7.0
2e68e68b,2e68e68b4,2020-11-07,19,{'JAM'},{'JAM_HEAVY_TRAFFIC'},91,{2},5.175824175824176
2e68e68b,2e68e68b4,2020-11-08,20,{'JAM'},{'JAM_MODERATE_TRAFFIC'},6,{7},5.0
2e68e68b,2e68e68b4,2020-11-19,17,{'JAM'},{'JAM_HEAVY_TRAFFIC'},60,{7},5.883333333333334
2e68e68b,2e68e68b4,2020-11-21,11,{'JAM'},{'JAM_STAND_STILL_TRAFFIC'},7,{2},5.0
2e68e68d,2e68e68cc,2020-10-10,21,{'JAM'},{'JAM_HEAVY_TRAFFIC'},31,{7},5.0
2e68e68d,2e68e68cc,2020-10-17,17,{'JAM'},{'JAM_STAND_STILL_TRAFFIC'},24,{2},5.0
2e68e68d,2e68e68cc,2020-10-17,21,{'JAM'},{'JAM_HEAVY_TRAFFIC'},18,{2},5.0
2e68e68d,2e68e68cc,2020-10-29,13,{'JAM'},{'JAM_STAND_STILL_TRAFFIC'},35,{2},5.0
2e68e68d,2e68e68cc,2020-10-29,14,{'JAM'},{'JAM'},30,{7},5.0
2e68e68d,2e68e68cc,2020-10-30,12,{'JAM'},{'JAM_MODERATE_TRAFFIC'},10,{7},5.1
2e68e68d,2e68e68cc,2020-10-30,16,{'JAM'},{'JAM_HEAVY_TRAFFIC'},33,{7},5.666666666666667
2e68e68d,2e68e68cc,2020-10-30,20,{'JAM'},{'JAM_MODERATE_TRAFFIC'},6,{2},5.0
2e68e68d,2e68e68cc,2020-11-10,15,{'JAM'},{'JAM'},7,{7},5.0
2e68e68d,2e68e68cc,2020-11-11,10,"{'JAM', 'WEATHERHAZARD'}","{'HAZARD_ON_ROAD_OBJECT', 'JAM_STAND_STILL_TRAFFIC'}",93,{7},6.064516129032258
2e68e68d,2e68e68d4,2020-09-04,16,{'JAM'},{'JAM_MODERATE_TRAFFIC'},9,{7},5.0
2e68e68d,2e68e68d4,2020-09-30,14,{'JAM'},{'JAM'},29,{2},5.0
2e68e68d,2e68e68d4,2020-10-29,14,{'JAM'},{'JAM_MODERATE_TRAFFIC'},31,{7},5.0
2e68e68d,2e68e68d4,2020-11-04,20,{'WEATHERHAZARD'},{'WEATHERHAZARD'},4,{7},5.25
2e68e68d,2e68e68d4,2020-11-07,8,{'JAM'},{'JAM_MODERATE_TRAFFIC'},6,{7},5.0
2e68e68d,2e68e68d4,2020-11-07,14,{'ACCIDENT'},{'ACCIDENT'},122,{1},5.122950819672131
2e68e68d,2e68e68d4,2020-11-13,20,{'JAM'},{'JAM_MODERATE_TRAFFIC'},10,{1},5.0
2e68e68d,2e68e68dc,2020-10-15,17,{'JAM'},{'JAM_HEAVY_TRAFFIC'},8,{2},6.0
2e68e68d,2e68e68dc,2020-10-18,15,{'JAM'},{'JAM_STAND_STILL_TRAFFIC'},21,{2},5.0
2e68e68d,2e68e68dc,2020-10-20,16,{'JAM'},{'JAM_STAND_STILL_TRAFFIC'},16,{2},5.0
2e68e68d,2e68e68dc,2020-10-28,19,{'JAM'},{'JAM_STAND_STILL_TRAFFIC'},6,{2},5.0
2e68e68d,2e68e68dc,2020-10-29,12,{'JAM'},{'JAM_HEAVY_TRAFFIC'},8,{2},5.0
2e68e68d,2e68e68dc,2020-10-30,16,{'JAM'},{'JAM_HEAVY_TRAFFIC'},32,{2},5.0
2e68e68d,2e68e68dc,2020-10-31,16,{'JAM'},"{'JAM_MODERATE_TRAFFIC', 'JAM_HEAVY_TRAFFIC'}",43,{2},5.0
2e68e68d,2e68e68dc,2020-11-01,13,{'JAM'},{'JAM_HEAVY_TRAFFIC'},30,{2},6.0
2e68e68d,2e68e68dc,2020-11-15,16,{'JAM'},"{'JAM', 'JAM_STAND_STILL_TRAFFIC'}",39,{2},5.948717948717949
2e68e68f,2e68e68e4,2020-09-02,19,{'JAM'},{'JAM_STAND_STILL_TRAFFIC'},31,{1},5.709677419354839
2e68e68f,2e68e68e4,2020-09-27,12,{'JAM'},{'JAM_HEAVY_TRAFFIC'},5,{2},5.0
2e68e68f,2e68e68e4,2020-10-10,8,{'JAM'},{'JAM'},30,{1},5.0
2e68e68f,2e68e68e4,2020-10-30,18,{'JAM'},{'JAM_HEAVY_TRAFFIC'},17,{2},5.0
2e68e68f,2e68e68e4,2020-11-14,19,{'JAM'},{'JAM_MODERATE_TRAFFIC'},30,{2},5.0
2e68e68f,2e68e68e4,2020-11-21,15,{'JAM'},{'JAM_HEAVY_TRAFFIC'},31,{2},5.0
2e68e68f,2e68e68e4,2020-11-21,17,{'JAM'},{'JAM_STAND_STILL_TRAFFIC'},10,{2},5.0
2e68e68f,2e68e68fc,2020-10-31,14,{'JAM'},{'JAM_MODERATE_TRAFFIC'},30,{2},5.0
2e68e693,2e68e692c,2020-09-04,12,{'JAM'},{'JAM_MODERATE_TRAFFIC'},30,{7},5.0
2e68e693,2e68e692c,2020-09-12,21,{'JAM'},{'JAM_HEAVY_TRAFFIC'},9,{7},5.0
2e68e693,2e68e692c,2020-10-03,17,{'JAM'},{'JAM_MODERATE_TRAFFIC'},31,{7},5.0
2e68e693,2e68e692c,2020-10-04,10,{'JAM'},{'JAM_MODERATE_TRAFFIC'},6,{7},5.0
2e68e693,2e68e692c,2020-10-30,18,"{'JAM', 'WEATHERHAZARD'}","{'HAZARD_ON_SHOULDER_CAR_STOPPED', 'JAM_MODERATE_TRAFFIC'}",9,{7},5.111111111111111
2e68e693,2e68e692c,2020-10-30,20,{'JAM'},{'JAM_STAND_STILL_TRAFFIC'},31,{7},5.967741935483871
2e68e693,2e68e692c,2020-11-04,20,{'WEATHERHAZARD'},{'WEATHERHAZARD'},4,{7},5.5
2e68e693,2e68e692c,2020-11-06,15,{'JAM'},{'JAM_MODERATE_TRAFFIC'},8,{7},5.0
2e68e693,2e68e692c,2020-11-12,15,{'JAM'},"{'JAM', 'JAM_STAND_STILL_TRAFFIC'}",38,{7},5.0
2e68e693,2e68e692c,2020-11-20,11,{'JAM'},{'JAM_HEAVY_TRAFFIC'},32,{7},5.0
2e68e693,2e68e6934,2020-10-04,18,{'JAM'},{'JAM_HEAVY_TRAFFIC'},31,{7},5.0
2e68e693,2e68e6934,2020-10-19,16,{'JAM'},{'JAM_MODERATE_TRAFFIC'},32,{7},5.0
2e68e693,2e68e6934,2020-10-29,12,{'JAM'},"{'JAM_STAND_STILL_TRAFFIC', 'JAM_MODERATE_TRAFFIC'}",54,{7},5.277777777777778
2e68e693,2e68e6934,2020-10-30,10,{'JAM'},{'JAM_HEAVY_TRAFFIC'},38,{7},6.394736842105263
2e68e693,2e68e6934,2020-10-30,20,{'JAM'},{'JAM_STAND_STILL_TRAFFIC'},48,{7},5.416666666666667
2e68e693,2e68e6934,2020-10-31,19,{'JAM'},{'JAM_STAND_STILL_TRAFFIC'},31,{7},5.0
2e68e693,2e68e6934,2020-11-04,20,{'WEATHERHAZARD'},{'WEATHERHAZARD'},33,{7},5.0
2e68e693,2e68e6934,2020-11-12,16,{'JAM'},{'JAM_STAND_STILL_TRAFFIC'},30,{7},5.0
2e68e693,2e68e6934,2020-11-20,16,{'JAM'},{'JAM_STAND_STILL_TRAFFIC'},31,{7},5.0
2e68e693,2e68e693c,2020-09-10,14,{'JAM'},{'JAM_HEAVY_TRAFFIC'},31,{7},6.0
2e68e693,2e68e693c,2020-09-12,20,{'JAM'},{'JAM_HEAVY_TRAFFIC'},32,{7},5.0
2e68e693,2e68e693c,2020-09-18,18,{'JAM'},{'JAM_MODERATE_TRAFFIC'},13,{7},5.0
2e68e693,2e68e693c,2020-10-19,16,{'JAM'},{'JAM_HEAVY_TRAFFIC'},6,{7},5.0
2e68e693,2e68e693c,2020-10-21,13,{'JAM'},{'JAM_MODERATE_TRAFFIC'},32,{7},5.0
2e68e693,2e68e693c,2020-10-23,20,{'JAM'},{'JAM_STAND_STILL_TRAFFIC'},31,{7},5.935483870967742
2e68e693,2e68e693c,2020-10-29,12,{'JAM'},{'JAM_MODERATE_TRAFFIC'},32,{7},5.9375
2e68e693,2e68e693c,2020-10-30,13,{'JAM'},{'JAM'},30,{7},5.0
2e68e693,2e68e693c,2020-11-06,18,{'JAM'},{'JAM_HEAVY_TRAFFIC'},37,{7},5.486486486486487
2e68e693,2e68e693c,2020-11-07,10,{'JAM'},{'JAM_STAND_STILL_TRAFFIC'},31,{7},5.0
2e68e693,2e68e693c,2020-11-16,12,{'JAM'},{'JAM_HEAVY_TRAFFIC'},18,{7},5.0
2e68e693,2e68e693c,2020-11-20,13,{'JAM'},{'JAM_STAND_STILL_TRAFFIC'},19,{7},7.2631578947368425
2e68e695,2e68e6944,2020-09-04,16,{'JAM'},{'JAM_MODERATE_TRAFFIC'},31,{7},5.0
2e68e695,2e68e6944,2020-09-05,13,{'JAM'},{'JAM_HEAVY_TRAFFIC'},32,{7},5.0
2e68e695,2e68e6944,2020-09-05,19,{'JAM'},{'JAM_STAND_STILL_TRAFFIC'},34,{7},5.0
2e68e695,2e68e6944,2020-09-09,14,{'JAM'},{'JAM_HEAVY_TRAFFIC'},35,{7},5.885714285714286
2e68e695,2e68e6944,2020-10-03,10,{'JAM'},{'JAM_MODERATE_TRAFFIC'},30,{7},5.0
2e68e695,2e68e6944,2020-10-04,13,{'JAM'},{'JAM_HEAVY_TRAFFIC'},31,{7},5.0
2e68e695,2e68e6944,2020-10-05,12,{'JAM'},{'JAM_HEAVY_TRAFFIC'},31,{2},6.0
2e68e695,2e68e6944,2020-10-10,14,{'JAM'},{'JAM_HEAVY_TRAFFIC'},30,{7},5.0
2e68e695,2e68e6944,2020-10-15,7,{'JAM'},{'JAM_MODERATE_TRAFFIC'},30,{2},5.0
2e68e695,2e68e6944,2020-10-18,12,{'JAM'},{'JAM_MODERATE_TRAFFIC'},22,{7},5.0
2e68e695,2e68e6944,2020-10-21,14,{'JAM'},{'JAM_MODERATE_TRAFFIC'},30,{7},5.0
2e68e695,2e68e6944,2020-10-28,17,{'JAM'},{'JAM_MODERATE_TRAFFIC'},30,{7},5.0
2e68e695,2e68e6944,2020-10-28,18,{'JAM'},{'JAM_STAND_STILL_TRAFFIC'},31,{7},5.0
2e68e695,2e68e6944,2020-10-29,11,{'JAM'},"{'JAM', 'JAM_STAND_STILL_TRAFFIC'}",62,{7},5.5
2e68e695,2e68e6944,2020-10-29,12,{'JAM'},"{'JAM_STAND_STILL_TRAFFIC', 'JAM_HEAVY_TRAFFIC'}",64,{2},5.0
2e68e695,2e68e6944,2020-10-29,14,{'JAM'},{'JAM_MODERATE_TRAFFIC'},14,{7},5.0
2e68e695,2e68e6944,2020-10-29,20,{'JAM'},{'JAM_HEAVY_TRAFFIC'},42,{7},6.476190476190476
2e68e695,2e68e6944,2020-10-30,10,{'JAM'},{'JAM_STAND_STILL_TRAFFIC'},33,{2},6.0
2e68e695,2e68e6944,2020-10-30,13,{'JAM'},{'JAM_STAND_STILL_TRAFFIC'},14,{7},5.0
2e68e695,2e68e6944,2020-10-30,19,{'JAM'},{'JAM_STAND_STILL_TRAFFIC'},31,{7},5.0
2e68e695,2e68e6944,2020-11-04,20,"{'JAM', 'WEATHERHAZARD'}","{'JAM_STAND_STILL_TRAFFIC', 'HAZARD_ON_ROAD_CONSTRUCTION', 'HAZARD_ON_ROAD_POT_HOLE', 'HAZARD_ON_SHOULDER_MISSING_SIGN'}",1647,"{1, 2, 7}",6.346690953248331
2e68e695,2e68e6944,2020-11-05,15,{'JAM'},{'JAM_MODERATE_TRAFFIC'},30,{2},5.0
2e68e695,2e68e6944,2020-11-06,15,{'JAM'},{'JAM_MODERATE_TRAFFIC'},32,{2},5.0
2e68e695,2e68e6944,2020-11-12,15,{'JAM'},"{'JAM', 'JAM_MODERATE_TRAFFIC'}",62,"{2, 7}",5.0
2e68e695,2e68e6944,2020-11-14,13,{'JAM'},{'JAM_STAND_STILL_TRAFFIC'},6,{2},5.0
2e68e695,2e68e6944,2020-11-20,16,{'JAM'},{'JAM_STAND_STILL_TRAFFIC'},61,{7},5.0
2e68e695,2e68e6944,2020-11-22,12,{'JAM'},{'JAM_HEAVY_TRAFFIC'},31,{2},5.0
2e68e695,2e68e695c,2020-09-02,17,{'JAM'},{'JAM_STAND_STILL_TRAFFIC'},32,{7},5.0
2e68e695,2e68e695c,2020-09-06,19,{'JAM'},{'JAM_MODERATE_TRAFFIC'},32,{7},5.0
2e68e695,2e68e695c,2020-09-09,19,{'JAM'},{'JAM'},5,{7},5.0
2e68e695,2e68e695c,2020-09-27,17,{'JAM'},{'JAM_STAND_STILL_TRAFFIC'},32,{7},5.0
2e68e695,2e68e695c,2020-10-03,20,{'JAM'},{'JAM_MODERATE_TRAFFIC'},10,{7},5.0
2e68e695,2e68e695c,2020-10-16,9,{'JAM'},{'JAM_STAND_STILL_TRAFFIC'},30,{7},5.0
2e68e695,2e68e695c,2020-10-25,16,{'JAM'},{'JAM_HEAVY_TRAFFIC'},30,{7},6.8
2e68e695,2e68e695c,2020-10-29,9,{'JAM'},{'JAM_STAND_STILL_TRAFFIC'},19,{7},5.0
2e68e695,2e68e695c,2020-10-29,10,{'JAM'},{'JAM_STAND_STILL_TRAFFIC'},19,{7},5.0
2e68e695,2e68e695c,2020-10-30,9,{'JAM'},{'JAM_MODERATE_TRAFFIC'},32,{7},5.0
2e68e695,2e68e695c,2020-10-30,17,{'JAM'},{'JAM_HEAVY_TRAFFIC'},33,{7},5.0
2e68e695,2e68e695c,2020-10-30,18,{'JAM'},{'JAM_HEAVY_TRAFFIC'},62,{7},5.0
2e68e695,2e68e695c,2020-10-31,12,{'JAM'},{'JAM'},32,{7},5.0
2e68e695,2e68e695c,2020-10-31,17,{'JAM'},{'JAM_MODERATE_TRAFFIC'},30,{7},5.0
2e68e695,2e68e695c,2020-11-01,8,{'JAM'},{'JAM_HEAVY_TRAFFIC'},11,{7},5.0
2e68e695,2e68e695c,2020-11-18,11,{'JAM'},{'JAM_MODERATE_TRAFFIC'},27,{7},5.0
2e68e695,2e68e695c,2020-11-20,17,{'JAM'},{'JAM_MODERATE_TRAFFIC'},21,{7},5.523809523809524
2e68e697,2e68e6964,2020-09-28,17,{'WEATHERHAZARD'},{'WEATHERHAZARD'},31,{2},5.0
2e68e697,2e68e6964,2020-11-04,17,{'JAM'},{'JAM_STAND_STILL_TRAFFIC'},31,{2},5.0
2e68e697,2e68e6964,2020-11-17,11,{'JAM'},{'JAM_HEAVY_TRAFFIC'},34,{2},6.382352941176471
2e68e697,2e68e696c,2020-09-07,15,{'JAM'},{'JAM_HEAVY_TRAFFIC'},31,{2},6.0
2e68e697,2e68e696c,2020-10-16,13,{'JAM'},{'JAM_HEAVY_TRAFFIC'},30,{2},6.0
2e68e697,2e68e696c,2020-10-18,13,{'JAM'},{'JAM_STAND_STILL_TRAFFIC'},66,{2},5.0
2e68e697,2e68e696c,2020-10-22,11,{'JAM'},{'JAM_HEAVY_TRAFFIC'},31,{2},6.0
2e68e697,2e68e696c,2020-10-30,10,{'JAM'},{'JAM_STAND_STILL_TRAFFIC'},31,{2},6.0
2e68e697,2e68e696c,2020-10-30,17,{'JAM'},{'JAM_HEAVY_TRAFFIC'},34,{2},5.0
2e68e697,2e68e696c,2020-10-30,21,{'JAM'},{'JAM_STAND_STILL_TRAFFIC'},14,{1},5.0
2e68e697,2e68e696c,2020-11-01,13,{'JAM'},{'JAM_HEAVY_TRAFFIC'},30,{2},5.0
2e68e697,2e68e696c,2020-11-04,20,{'WEATHERHAZARD'},{'HAZARD_ON_ROAD_POT_HOLE'},1094,{2},7.312614259597806
2e68e697,2e68e696c,2020-11-06,10,{'JAM'},{'JAM_MODERATE_TRAFFIC'},23,{2},5.173913043478261
2e68e697,2e68e697c,2020-09-05,11,{'JAM'},{'JAM_STAND_STILL_TRAFFIC'},19,{2},5.0
2e68e697,2e68e697c,2020-10-08,16,{'JAM'},{'JAM_MODERATE_TRAFFIC'},32,{2},5.0
2e68e697,2e68e697c,2020-10-10,15,{'JAM'},{'JAM'},25,{2},5.0
2e68e697,2e68e697c,2020-10-16,16,{'JAM'},{'JAM_MODERATE_TRAFFIC'},30,{2},5.0
2e68e697,2e68e697c,2020-10-19,16,{'JAM'},{'JAM_MODERATE_TRAFFIC'},30,{2},5.0
2e68e697,2e68e697c,2020-10-24,16,{'JAM'},{'JAM_HEAVY_TRAFFIC'},31,{2},5.0
2e68e697,2e68e697c,2020-10-27,16,{'JAM'},{'JAM_MODERATE_TRAFFIC'},30,{2},5.0
2e68e697,2e68e697c,2020-10-29,12,{'JAM'},{'JAM'},31,{1},5.0
2e68e697,2e68e697c,2020-11-04,16,{'JAM'},{'JAM_HEAVY_TRAFFIC'},40,{2},5.55
2e68e697,2e68e697c,2020-11-09,15,{'JAM'},{'JAM_MODERATE_TRAFFIC'},30,{2},5.0
2e68e697,2e68e697c,2020-11-21,16,{'JAM'},{'JAM_STAND_STILL_TRAFFIC'},28,{2},5.607142857142857
2e68e699,2e68e6984,2020-09-05,11,{'JAM'},{'JAM_STAND_STILL_TRAFFIC'},6,{2},5.0
2e68e699,2e68e6984,2020-09-08,18,{'JAM'},{'JAM'},16,{2},5.0
2e68e699,2e68e6984,2020-09-10,10,{'ACCIDENT'},{'ACCIDENT'},121,{2},6.735537190082645
2e68e699,2e68e6984,2020-10-23,16,{'JAM'},{'JAM_HEAVY_TRAFFIC'},32,{2},5.0
2e68e699,2e68e6984,2020-11-01,13,{'JAM'},"{'JAM_STAND_STILL_TRAFFIC', 'JAM_MODERATE_TRAFFIC'}",29,{2},5.0
2e68e699,2e68e6984,2020-11-03,16,{'JAM'},{'JAM_MODERATE_TRAFFIC'},34,{2},5.0
2e68e699,2e68e6984,2020-11-11,16,{'JAM'},{'JAM_MODERATE_TRAFFIC'},30,{2},5.866666666666666
2e68e699,2e68e6984,2020-11-17,10,{'WEATHERHAZARD'},{'HAZARD_ON_ROAD_CONSTRUCTION'},187,{2},7.577540106951871
2e68e699,2e68e698c,2020-09-08,12,{'JAM'},{'JAM_STAND_STILL_TRAFFIC'},6,{2},5.0
2e68e699,2e68e698c,2020-09-22,17,{'JAM'},{'JAM_STAND_STILL_TRAFFIC'},31,{2},5.0
2e68e699,2e68e698c,2020-10-05,16,{'JAM'},{'JAM_MODERATE_TRAFFIC'},32,{2},5.0
2e68e699,2e68e698c,2020-10-11,11,{'JAM'},{'JAM_STAND_STILL_TRAFFIC'},39,{2},5.0
2e68e699,2e68e698c,2020-10-29,10,{'JAM'},{'JAM_HEAVY_TRAFFIC'},20,{2},5.0
2e68e699,2e68e698c,2020-11-02,16,{'JAM'},{'JAM_STAND_STILL_TRAFFIC'},9,{2},5.0
2e68e699,2e68e698c,2020-11-04,16,{'JAM'},{'JAM_STAND_STILL_TRAFFIC'},12,{2},5.0
2e68e699,2e68e698c,2020-11-05,16,{'JAM'},{'JAM_MODERATE_TRAFFIC'},5,{1},5.0
2e68e699,2e68e698c,2020-11-13,9,{'WEATHERHAZARD'},{'HAZARD_ON_ROAD_CONSTRUCTION'},320,{2},8.575
2e68e699,2e68e698c,2020-11-21,13,{'JAM'},{'JAM_STAND_STILL_TRAFFIC'},12,{2},5.0
2e68e699,2e68e699c,2020-09-16,15,{'WEATHERHAZARD'},{'WEATHERHAZARD'},30,{2},5.8
2e68e69b,2e68e69ac,2020-11-01,20,{'JAM'},{'JAM'},30,{1},5.0
2e68e69b,2e68e69bc,2020-11-01,13,{'JAM'},{'JAM_STAND_STILL_TRAFFIC'},36,{2},5.527777777777778
2e68e69f,2e68e69ec,2020-10-26,5,{'JAM'},{'JAM'},31,{1},5.0
2e68e69f,2e68e69f4,2020-10-25,13,{'JAM'},{'JAM_HEAVY_TRAFFIC'},32,{2},5.0
2e68e6a1,2e68e6a04,2020-10-08,21,{'JAM'},{'JAM'},11,{2},5.0
2e68e6a1,2e68e6a04,2020-10-11,11,{'JAM'},"{'JAM_STAND_STILL_TRAFFIC', 'JAM_HEAVY_TRAFFIC'}",71,{2},5.042253521126761
2e68e6a1,2e68e6a04,2020-11-04,16,{'JAM'},{'JAM_HEAVY_TRAFFIC'},10,{2},5.7
2e68e6a1,2e68e6a04,2020-11-07,10,{'JAM'},{'JAM_HEAVY_TRAFFIC'},15,{2},6.0
2e68e6a1,2e68e6a04,2020-11-09,16,{'JAM'},{'JAM_MODERATE_TRAFFIC'},62,{2},5.0
2e68e6a1,2e68e6a1c,2020-11-09,16,{'JAM'},{'JAM_MODERATE_TRAFFIC'},7,{2},5.0
2e68e6a1,2e68e6a1c,2020-11-21,6,{'JAM'},{'JAM_MODERATE_TRAFFIC'},30,{1},5.0
2e68e6a3,2e68e6a24,2020-09-29,16,{'WEATHERHAZARD'},{'WEATHERHAZARD'},33,{1},5.0
2e68e6a3,2e68e6a24,2020-11-21,16,{'JAM'},{'JAM_HEAVY_TRAFFIC'},12,{1},5.0
2e68e6a3,2e68e6a2c,2020-10-31,21,{'JAM'},{'JAM_HEAVY_TRAFFIC'},34,{1},5.0
2e68e6a7,2e68e6a64,2020-09-05,0,{'JAM'},{'JAM_HEAVY_TRAFFIC'},30,{1},5.0
2e68e6ad,2e68e6adc,2020-11-01,7,{'JAM'},{'JAM'},33,{1},5.0
2e68e6af,2e68e6afc,2020-10-17,9,{'ACCIDENT'},{'ACCIDENT_MINOR'},23,{1},5.695652173913044
2e68e6b1,2e68e6b14,2020-10-29,13,{'JAM'},{'JAM_STAND_STILL_TRAFFIC'},6,{1},5.0
2e68e6b1,2e68e6b14,2020-10-29,14,{'JAM'},{'JAM_MODERATE_TRAFFIC'},30,{2},5.0
2e68e6b1,2e68e6b14,2020-10-29,22,"{'JAM', 'WEATHERHAZARD'}","{'HAZARD_ON_ROAD_CONSTRUCTION', 'JAM_HEAVY_TRAFFIC'}",686,{2},6.921282798833819
2e68e6b1,2e68e6b14,2020-11-22,17,{'WEATHERHAZARD'},{'WEATHERHAZARD'},43,{2},6.069767441860465
2e68e6b3,2e68e6b34,2020-10-18,14,{'WEATHERHAZARD'},{'HAZARD_ON_ROAD_CONSTRUCTION'},98,{2},5.469387755102041
2e68e6b3,2e68e6b34,2020-10-25,19,{'WEATHERHAZARD'},{'HAZARD_ON_ROAD_CONSTRUCTION'},8,{2},5.5
2e68e6b3,2e68e6b34,2020-11-07,11,{'JAM'},{'JAM_STAND_STILL_TRAFFIC'},32,{2},5.0
2e68e6b3,2e68e6b34,2020-11-07,12,{'JAM'},{'JAM'},30,{2},5.0
2e68e6b3,2e68e6b3c,2020-10-18,16,{'JAM'},{'JAM_HEAVY_TRAFFIC'},31,{2},6.903225806451613
2e68e6b3,2e68e6b3c,2020-10-31,13,{'JAM'},{'JAM_STAND_STILL_TRAFFIC'},30,{2},5.0
2e68e6b3,2e68e6b3c,2020-11-02,13,{'JAM'},{'JAM_HEAVY_TRAFFIC'},32,{2},5.0
2e68e6b3,2e68e6b3c,2020-11-07,11,{'JAM'},{'JAM_STAND_STILL_TRAFFIC'},39,{2},5.0
2e68e6b5,2e68e6b4c,2020-10-18,13,"{'JAM', 'WEATHERHAZARD'}","{'HAZARD_ON_ROAD_CONSTRUCTION', 'JAM_HEAVY_TRAFFIC'}",120,{2},6.783333333333333
2e68e6b5,2e68e6b4c,2020-10-31,12,{'JAM'},{'JAM_STAND_STILL_TRAFFIC'},38,{2},6.342105263157895
2e68e6b5,2e68e6b4c,2020-10-31,13,{'JAM'},{'JAM_STAND_STILL_TRAFFIC'},31,{2},5.0
2e68e6b5,2e68e6b4c,2020-11-07,11,{'JAM'},{'JAM_STAND_STILL_TRAFFIC'},45,{2},5.7555555555555555
2e68e6b5,2e68e6b5c,2020-09-04,12,{'JAM'},{'JAM_MODERATE_TRAFFIC'},4,{7},5.0
2e68e6b5,2e68e6b5c,2020-09-04,16,{'JAM'},{'JAM_MODERATE_TRAFFIC'},7,{7},5.0
2e68e6b5,2e68e6b5c,2020-09-06,12,{'JAM'},{'JAM_STAND_STILL_TRAFFIC'},19,{7},5.0
2e68e6b5,2e68e6b5c,2020-09-06,16,{'JAM'},{'JAM_STAND_STILL_TRAFFIC'},42,{7},5.833333333333333
2e68e6b5,2e68e6b5c,2020-09-26,17,{'JAM'},{'JAM_STAND_STILL_TRAFFIC'},31,{7},5.0
2e68e6b5,2e68e6b5c,2020-09-26,18,{'JAM'},{'JAM_STAND_STILL_TRAFFIC'},19,{7},5.0
2e68e6b5,2e68e6b5c,2020-09-27,16,{'JAM'},{'JAM_STAND_STILL_TRAFFIC'},60,{7},5.766666666666667
2e68e6b5,2e68e6b5c,2020-10-03,15,{'JAM'},{'JAM_STAND_STILL_TRAFFIC'},32,{7},5.0
2e68e6b5,2e68e6b5c,2020-10-10,14,{'JAM'},{'JAM_STAND_STILL_TRAFFIC'},32,{7},5.0
2e68e6b5,2e68e6b5c,2020-10-10,16,{'JAM'},{'JAM_STAND_STILL_TRAFFIC'},32,{7},5.0
2e68e6b5,2e68e6b5c,2020-10-11,11,{'JAM'},{'JAM_STAND_STILL_TRAFFIC'},34,{7},5.0
2e68e6b5,2e68e6b5c,2020-10-17,12,{'JAM'},{'JAM_HEAVY_TRAFFIC'},30,{7},5.0
2e68e6b5,2e68e6b5c,2020-10-18,14,{'JAM'},{'JAM_STAND_STILL_TRAFFIC'},62,{7},5.483870967741935
2e68e6b5,2e68e6b5c,2020-10-18,18,{'JAM'},{'JAM_HEAVY_TRAFFIC'},30,{7},5.0
2e68e6b5,2e68e6b5c,2020-10-25,12,{'JAM'},{'JAM_STAND_STILL_TRAFFIC'},30,{7},5.0
2e68e6b5,2e68e6b5c,2020-10-28,13,{'JAM'},{'JAM_HEAVY_TRAFFIC'},30,{7},5.0
2e68e6b5,2e68e6b5c,2020-10-29,9,{'JAM'},{'JAM_STAND_STILL_TRAFFIC'},30,{7},5.166666666666667
2e68e6b5,2e68e6b5c,2020-10-29,10,{'JAM'},{'JAM_STAND_STILL_TRAFFIC'},19,{7},5.0
2e68e6b5,2e68e6b5c,2020-10-29,12,{'JAM'},{'JAM_STAND_STILL_TRAFFIC'},32,{7},5.0
2e68e6b5,2e68e6b5c,2020-10-29,13,{'JAM'},{'JAM_STAND_STILL_TRAFFIC'},32,{7},5.53125
2e68e6b5,2e68e6b5c,2020-10-29,18,{'JAM'},{'JAM_STAND_STILL_TRAFFIC'},69,{7},5.9855072463768115
2e68e6b5,2e68e6b5c,2020-10-30,9,{'JAM'},{'JAM_STAND_STILL_TRAFFIC'},41,{7},5.365853658536586
2e68e6b5,2e68e6b5c,2020-10-30,12,{'JAM'},{'JAM_STAND_STILL_TRAFFIC'},40,{7},6.375
2e68e6b5,2e68e6b5c,2020-10-30,13,{'JAM'},{'JAM_HEAVY_TRAFFIC'},36,{7},5.0
2e68e6b5,2e68e6b5c,2020-10-30,17,{'JAM'},{'JAM_HEAVY_TRAFFIC'},32,{7},5.0
2e68e6b5,2e68e6b5c,2020-10-31,10,{'JAM'},{'JAM_HEAVY_TRAFFIC'},30,{7},5.0
2e68e6b5,2e68e6b5c,2020-10-31,13,{'JAM'},"{'JAM', 'JAM_STAND_STILL_TRAFFIC'}",63,{7},5.0
2e68e6b5,2e68e6b5c,2020-11-07,17,{'JAM'},{'JAM'},26,{7},5.0
2e68e6b5,2e68e6b5c,2020-11-07,18,{'JAM'},{'JAM_HEAVY_TRAFFIC'},66,{7},5.878787878787879
2e68e6b5,2e68e6b5c,2020-11-08,16,{'JAM'},{'JAM_HEAVY_TRAFFIC'},30,{7},5.0
2e68e6b5,2e68e6b5c,2020-11-14,13,{'JAM'},{'JAM_HEAVY_TRAFFIC'},30,{7},5.0
2e68e6b5,2e68e6b5c,2020-11-15,18,{'JAM'},{'JAM_HEAVY_TRAFFIC'},24,{7},5.0
2e68e6b5,2e68e6b5c,2020-11-20,16,{'JAM'},"{'JAM_STAND_STILL_TRAFFIC', 'JAM_HEAVY_TRAFFIC'}",99,{7},6.4646464646464645
2e68e6b5,2e68e6b5c,2020-11-21,11,{'JAM'},{'JAM_STAND_STILL_TRAFFIC'},53,{7},5.113207547169812
2e68e6b5,2e68e6b5c,2020-11-21,12,{'JAM'},{'JAM_MODERATE_TRAFFIC'},6,{7},6.0
2e68e6b5,2e68e6b5c,2020-11-21,15,{'JAM'},{'JAM_STAND_STILL_TRAFFIC'},30,{7},5.0
2e68e6b5,2e68e6b5c,2020-11-22,12,{'JAM'},{'JAM_STAND_STILL_TRAFFIC'},30,{7},5.0
2e68e6b5,2e68e6b5c,2020-11-22,18,{'JAM'},{'JAM_STAND_STILL_TRAFFIC'},66,{7},5.0
2e68e6b7,2e68e6b64,2020-09-05,19,{'JAM'},{'JAM_HEAVY_TRAFFIC'},28,{7},5.0
2e68e6b7,2e68e6b64,2020-09-18,18,{'JAM'},{'JAM_MODERATE_TRAFFIC'},32,{7},5.0
2e68e6b7,2e68e6b64,2020-09-27,16,{'JAM'},{'JAM_STAND_STILL_TRAFFIC'},63,{7},5.444444444444445
2e68e6b7,2e68e6b64,2020-10-01,16,{'JAM'},{'JAM_MODERATE_TRAFFIC'},5,{7},5.0
2e68e6b7,2e68e6b64,2020-10-10,13,{'JAM'},{'JAM_HEAVY_TRAFFIC'},46,{7},6.217391304347826
2e68e6b7,2e68e6b64,2020-10-17,14,{'JAM'},{'JAM_STAND_STILL_TRAFFIC'},30,{7},5.0
2e68e6b7,2e68e6b64,2020-10-18,18,{'JAM'},{'JAM_MODERATE_TRAFFIC'},31,{7},5.0
2e68e6b7,2e68e6b64,2020-10-25,13,{'JAM'},{'JAM_STAND_STILL_TRAFFIC'},30,{7},5.0
2e68e6b7,2e68e6b64,2020-10-25,15,{'JAM'},{'JAM_HEAVY_TRAFFIC'},30,{7},5.8
2e68e6b7,2e68e6b64,2020-10-28,17,{'JAM'},{'JAM_HEAVY_TRAFFIC'},30,{7},5.0
2e68e6b7,2e68e6b64,2020-10-28,18,{'JAM'},{'JAM_STAND_STILL_TRAFFIC'},31,{7},5.0
2e68e6b7,2e68e6b64,2020-10-29,9,{'JAM'},{'JAM_HEAVY_TRAFFIC'},30,{7},5.0
2e68e6b7,2e68e6b64,2020-10-29,12,{'JAM'},{'JAM_STAND_STILL_TRAFFIC'},31,{7},5.0
2e68e6b7,2e68e6b64,2020-10-29,13,{'JAM'},{'JAM_STAND_STILL_TRAFFIC'},10,{7},5.0
2e68e6b7,2e68e6b64,2020-10-30,9,{'JAM'},"{'JAM_STAND_STILL_TRAFFIC', 'JAM_HEAVY_TRAFFIC'}",43,{7},5.0
2e68e6b7,2e68e6b64,2020-10-30,12,{'JAM'},{'JAM_HEAVY_TRAFFIC'},30,{7},6.0
2e68e6b7,2e68e6b64,2020-10-30,13,{'JAM'},"{'JAM_STAND_STILL_TRAFFIC', 'JAM_HEAVY_TRAFFIC'}",63,{7},5.4603174603174605
2e68e6b7,2e68e6b64,2020-10-31,17,{'JAM'},{'JAM_STAND_STILL_TRAFFIC'},35,{7},5.0
2e68e6b7,2e68e6b64,2020-11-07,15,{'JAM'},{'JAM_HEAVY_TRAFFIC'},32,{7},5.0
2e68e6b7,2e68e6b64,2020-11-07,19,{'JAM'},{'JAM_HEAVY_TRAFFIC'},32,{7},5.0
2e68e6b7,2e68e6b64,2020-11-08,13,{'JAM'},{'JAM_STAND_STILL_TRAFFIC'},30,{7},5.0
2e68e6b7,2e68e6b64,2020-11-11,12,{'JAM'},{'JAM_MODERATE_TRAFFIC'},11,{7},5.0
2e68e6b7,2e68e6b64,2020-11-15,12,{'JAM'},{'JAM_STAND_STILL_TRAFFIC'},30,{7},5.0
2e68e6b7,2e68e6b64,2020-11-20,16,{'JAM'},{'JAM_STAND_STILL_TRAFFIC'},30,{7},5.8
2e68e6b7,2e68e6b64,2020-11-21,7,{'JAM'},{'JAM_MODERATE_TRAFFIC'},17,{7},5.0
2e68e6b7,2e68e6b64,2020-11-21,15,{'JAM'},{'JAM_HEAVY_TRAFFIC'},31,{7},5.0
2e68e6b7,2e68e6b64,2020-11-22,11,{'JAM'},{'JAM_HEAVY_TRAFFIC'},31,{7},5.0
2e68e6b7,2e68e6b74,2020-09-05,13,{'JAM'},{'JAM_STAND_STILL_TRAFFIC'},26,{2},5.0
2e68e6b7,2e68e6b74,2020-09-27,12,{'JAM'},{'JAM_STAND_STILL_TRAFFIC'},33,{2},5.636363636363637
2e68e6b7,2e68e6b74,2020-10-13,14,{'WEATHERHAZARD'},{'WEATHERHAZARD'},48,{2},5.916666666666667
2e68e6b7,2e68e6b74,2020-10-29,13,{'JAM'},{'JAM_STAND_STILL_TRAFFIC'},31,{2},5.0
2e68e6b7,2e68e6b74,2020-10-29,15,{'JAM'},{'JAM_STAND_STILL_TRAFFIC'},39,{2},5.461538461538462
2e68e6b7,2e68e6b74,2020-11-07,12,{'JAM'},{'JAM_STAND_STILL_TRAFFIC'},30,{2},5.0
2e68e6b7,2e68e6b7c,2020-09-04,16,{'JAM'},{'JAM_MODERATE_TRAFFIC'},30,{7},5.0
2e68e6b7,2e68e6b7c,2020-09-05,13,{'JAM'},{'JAM_HEAVY_TRAFFIC'},61,{7},5.0
2e68e6b7,2e68e6b7c,2020-09-06,14,{'JAM'},{'JAM_STAND_STILL_TRAFFIC'},31,{7},5.0
2e68e6b7,2e68e6b7c,2020-09-27,16,{'JAM'},{'JAM_STAND_STILL_TRAFFIC'},47,{7},5.361702127659575
2e68e6b7,2e68e6b7c,2020-10-04,13,{'JAM'},{'JAM_HEAVY_TRAFFIC'},30,{7},5.0
2e68e6b7,2e68e6b7c,2020-10-04,18,{'JAM'},"{'JAM_STAND_STILL_TRAFFIC', 'JAM_HEAVY_TRAFFIC'}",92,{7},5.0
2e68e6b7,2e68e6b7c,2020-10-18,8,{'JAM'},{'JAM_MODERATE_TRAFFIC'},22,{7},5.0
2e68e6b7,2e68e6b7c,2020-10-18,17,{'JAM'},{'JAM_HEAVY_TRAFFIC'},33,{7},6.181818181818182
2e68e6b7,2e68e6b7c,2020-10-19,16,{'JAM'},{'JAM_HEAVY_TRAFFIC'},44,{7},5.386363636363637
2e68e6b7,2e68e6b7c,2020-10-22,16,{'JAM'},{'JAM_MODERATE_TRAFFIC'},30,{7},5.0
2e68e6b7,2e68e6b7c,2020-10-25,12,{'JAM'},{'JAM_HEAVY_TRAFFIC'},31,{7},5.0
2e68e6b7,2e68e6b7c,2020-10-25,13,{'JAM'},{'JAM_STAND_STILL_TRAFFIC'},63,{7},5.0
2e68e6b7,2e68e6b7c,2020-10-28,17,{'JAM'},{'JAM_HEAVY_TRAFFIC'},30,{7},5.0
2e68e6b7,2e68e6b7c,2020-10-29,15,{'JAM'},{'JAM_STAND_STILL_TRAFFIC'},30,{7},5.0
2e68e6b7,2e68e6b7c,2020-10-29,18,{'JAM'},{'JAM_STAND_STILL_TRAFFIC'},64,{7},6.859375
2e68e6b7,2e68e6b7c,2020-10-30,12,{'JAM'},"{'JAM_STAND_STILL_TRAFFIC', 'JAM_HEAVY_TRAFFIC'}",70,{7},5.457142857142857
2e68e6b7,2e68e6b7c,2020-10-30,13,{'JAM'},{'JAM_STAND_STILL_TRAFFIC'},62,"{1, 7}",5.0
2e68e6b7,2e68e6b7c,2020-10-30,16,{'JAM'},{'JAM_HEAVY_TRAFFIC'},30,{7},5.0
2e68e6b7,2e68e6b7c,2020-10-31,12,{'JAM'},{'JAM_HEAVY_TRAFFIC'},32,{7},5.0
2e68e6b7,2e68e6b7c,2020-10-31,17,{'JAM'},{'JAM_STAND_STILL_TRAFFIC'},32,{7},5.0
2e68e6b7,2e68e6b7c,2020-11-01,12,{'JAM'},{'JAM_STAND_STILL_TRAFFIC'},31,{7},5.0
2e68e6b7,2e68e6b7c,2020-11-01,16,{'JAM'},{'JAM_MODERATE_TRAFFIC'},17,{7},5.0
2e68e6b7,2e68e6b7c,2020-11-06,21,{'ACCIDENT'},{'ACCIDENT'},36,{7},5.638888888888889
2e68e6b7,2e68e6b7c,2020-11-07,17,{'JAM'},{'JAM_MODERATE_TRAFFIC'},26,{7},5.0
2e68e6b7,2e68e6b7c,2020-11-07,19,{'JAM'},{'JAM_HEAVY_TRAFFIC'},30,{7},5.0
2e68e6b7,2e68e6b7c,2020-11-08,13,{'JAM'},{'JAM_HEAVY_TRAFFIC'},30,{7},5.0
2e68e6b7,2e68e6b7c,2020-11-12,15,{'ACCIDENT'},{'ACCIDENT'},120,{7},5.983333333333333
2e68e6b7,2e68e6b7c,2020-11-15,18,{'JAM'},{'JAM_MODERATE_TRAFFIC'},25,{7},5.0
2e68e6b7,2e68e6b7c,2020-11-20,15,{'JAM'},{'JAM_STAND_STILL_TRAFFIC'},31,{7},5.806451612903226
2e68e6b7,2e68e6b7c,2020-11-20,16,{'JAM'},{'JAM_STAND_STILL_TRAFFIC'},33,{7},5.9393939393939394
2e68e6b7,2e68e6b7c,2020-11-22,15,{'JAM'},{'JAM'},32,{7},5.0
2e68e6b7,2e68e6b7c,2020-11-22,17,{'JAM'},"{'JAM_STAND_STILL_TRAFFIC', 'JAM_HEAVY_TRAFFIC'}",59,{7},5.0
2e68e6b9,2e68e6b84,2020-09-04,16,{'JAM'},{'JAM_HEAVY_TRAFFIC'},29,{7},5.0
2e68e6b9,2e68e6b84,2020-09-06,9,{'JAM'},{'JAM_STAND_STILL_TRAFFIC'},31,{7},5.0
2e68e6b9,2e68e6b84,2020-09-06,12,"{'JAM', 'ACCIDENT'}","{'ACCIDENT_MINOR', 'JAM_HEAVY_TRAFFIC'}",150,"{22, 7}",5.0
2e68e6b9,2e68e6b84,2020-09-10,15,{'JAM'},{'JAM_MODERATE_TRAFFIC'},31,{7},5.0
2e68e6b9,2e68e6b84,2020-09-11,16,{'JAM'},{'JAM_MODERATE_TRAFFIC'},30,{7},5.0
2e68e6b9,2e68e6b84,2020-09-12,13,{'JAM'},{'JAM_STAND_STILL_TRAFFIC'},31,{7},5.0
2e68e6b9,2e68e6b84,2020-09-13,17,{'JAM'},{'JAM_HEAVY_TRAFFIC'},30,{7},5.0
2e68e6b9,2e68e6b84,2020-09-15,17,{'JAM'},{'JAM_HEAVY_TRAFFIC'},31,{7},5.0
2e68e6b9,2e68e6b84,2020-09-18,18,{'JAM'},{'JAM_MODERATE_TRAFFIC'},31,{7},5.0
2e68e6b9,2e68e6b84,2020-09-27,17,{'JAM'},"{'JAM_STAND_STILL_TRAFFIC', 'JAM_MODERATE_TRAFFIC'}",62,{7},5.0
2e68e6b9,2e68e6b84,2020-09-28,16,{'JAM'},{'JAM_HEAVY_TRAFFIC'},23,{7},5.0
2e68e6b9,2e68e6b84,2020-10-12,15,{'JAM'},{'JAM_HEAVY_TRAFFIC'},37,{7},5.4324324324324325
2e68e6b9,2e68e6b84,2020-10-19,9,{'JAM'},{'JAM_HEAVY_TRAFFIC'},42,{7},5.357142857142857
2e68e6b9,2e68e6b84,2020-10-20,16,{'JAM'},{'JAM_MODERATE_TRAFFIC'},31,{7},5.0
2e68e6b9,2e68e6b84,2020-10-24,17,{'JAM'},{'JAM_HEAVY_TRAFFIC'},32,{7},5.0
2e68e6b9,2e68e6b84,2020-10-25,10,{'JAM'},{'JAM_HEAVY_TRAFFIC'},30,{7},5.0
2e68e6b9,2e68e6b84,2020-10-25,16,{'JAM'},{'JAM_HEAVY_TRAFFIC'},31,{7},5.0
2e68e6b9,2e68e6b84,2020-10-25,18,{'JAM'},{'JAM_HEAVY_TRAFFIC'},30,{7},5.0
2e68e6b9,2e68e6b84,2020-10-28,17,{'JAM'},{'JAM_HEAVY_TRAFFIC'},34,{7},5.0
2e68e6b9,2e68e6b84,2020-10-29,11,{'JAM'},{'JAM_STAND_STILL_TRAFFIC'},30,{7},5.0
2e68e6b9,2e68e6b84,2020-10-29,13,{'JAM'},{'JAM_STAND_STILL_TRAFFIC'},11,{7},5.909090909090909
2e68e6b9,2e68e6b84,2020-10-29,14,{'JAM'},{'JAM_MODERATE_TRAFFIC'},32,{7},5.0
2e68e6b9,2e68e6b84,2020-10-29,16,{'JAM'},{'JAM_HEAVY_TRAFFIC'},52,{7},6.153846153846154
2e68e6b9,2e68e6b84,2020-10-29,19,{'JAM'},{'JAM_MODERATE_TRAFFIC'},32,{7},5.0
2e68e6b9,2e68e6b84,2020-10-30,9,{'JAM'},{'JAM_STAND_STILL_TRAFFIC'},36,{7},5.0
2e68e6b9,2e68e6b84,2020-10-30,13,{'JAM'},{'JAM_HEAVY_TRAFFIC'},12,{7},5.083333333333333
2e68e6b9,2e68e6b84,2020-10-30,19,{'JAM'},{'JAM'},45,{7},5.4
2e68e6b9,2e68e6b84,2020-11-11,12,"{'JAM', 'WEATHERHAZARD'}","{'JAM_STAND_STILL_TRAFFIC', 'HAZARD_ON_SHOULDER_MISSING_SIGN'}",93,{7},5.258064516129032
2e68e6b9,2e68e6b84,2020-11-18,14,{'JAM'},{'JAM_STAND_STILL_TRAFFIC'},24,{7},6.708333333333333
2e68e6b9,2e68e6b84,2020-11-19,11,{'JAM'},{'JAM_HEAVY_TRAFFIC'},30,{7},5.0
2e68e6b9,2e68e6b84,2020-11-20,14,{'JAM'},{'JAM_STAND_STILL_TRAFFIC'},32,{7},5.6875
2e68e6b9,2e68e6b8c,2020-09-05,14,{'JAM'},"{'JAM_STAND_STILL_TRAFFIC', 'JAM_HEAVY_TRAFFIC'}",60,{7},5.466666666666667
2e68e6b9,2e68e6b8c,2020-09-05,17,{'JAM'},{'JAM_HEAVY_TRAFFIC'},28,{7},5.0
2e68e6b9,2e68e6b8c,2020-09-05,18,{'JAM'},{'JAM'},28,{7},5.0
2e68e6b9,2e68e6b8c,2020-09-06,12,{'JAM'},{'JAM_STAND_STILL_TRAFFIC'},2,{7},5.0
2e68e6b9,2e68e6b8c,2020-09-12,9,{'JAM'},{'JAM_HEAVY_TRAFFIC'},30,{7},5.0
2e68e6b9,2e68e6b8c,2020-10-17,14,{'JAM'},{'JAM_STAND_STILL_TRAFFIC'},31,{7},5.0
2e68e6b9,2e68e6b8c,2020-10-24,11,{'JAM'},{'JAM_STAND_STILL_TRAFFIC'},30,{7},5.0
2e68e6b9,2e68e6b8c,2020-10-25,14,{'JAM'},{'JAM_HEAVY_TRAFFIC'},30,{7},5.966666666666667
2e68e6b9,2e68e6b8c,2020-10-29,9,{'JAM'},{'JAM_STAND_STILL_TRAFFIC'},26,{7},6.230769230769231
2e68e6b9,2e68e6b8c,2020-10-29,13,{'JAM'},{'JAM_STAND_STILL_TRAFFIC'},33,{7},5.0
2e68e6b9,2e68e6b8c,2020-10-31,10,{'JAM'},{'JAM'},36,{7},5.416666666666667
2e68e6b9,2e68e6b8c,2020-11-08,12,{'JAM'},{'JAM_STAND_STILL_TRAFFIC'},30,{7},5.0
2e68e6b9,2e68e6b8c,2020-11-11,12,{'JAM'},{'JAM_STAND_STILL_TRAFFIC'},6,{7},5.0
2e68e6b9,2e68e6b8c,2020-11-21,12,{'JAM'},{'JAM_STAND_STILL_TRAFFIC'},16,{7},5.0
2e68e6b9,2e68e6b94,2020-09-02,9,{'JAM'},{'JAM_MODERATE_TRAFFIC'},17,{7},5.0
2e68e6b9,2e68e6b94,2020-09-04,12,{'JAM'},{'JAM_MODERATE_TRAFFIC'},6,{7},5.0
2e68e6b9,2e68e6b94,2020-09-05,13,{'JAM'},{'JAM_HEAVY_TRAFFIC'},32,{7},5.0
2e68e6b9,2e68e6b94,2020-09-05,14,{'JAM'},{'JAM_HEAVY_TRAFFIC'},28,{7},5.964285714285714
2e68e6b9,2e68e6b94,2020-09-06,12,{'JAM'},{'JAM_STAND_STILL_TRAFFIC'},17,{7},6.0
2e68e6b9,2e68e6b94,2020-09-06,15,{'JAM'},{'JAM_HEAVY_TRAFFIC'},31,{7},6.0
2e68e6b9,2e68e6b94,2020-09-13,12,{'JAM'},{'JAM_HEAVY_TRAFFIC'},31,{7},5.0
2e68e6b9,2e68e6b94,2020-09-18,13,{'JAM'},{'JAM_MODERATE_TRAFFIC'},2,{7},5.0
2e68e6b9,2e68e6b94,2020-09-26,14,{'JAM'},{'JAM_STAND_STILL_TRAFFIC'},30,{7},5.0
2e68e6b9,2e68e6b94,2020-09-27,10,{'JAM'},{'JAM_MODERATE_TRAFFIC'},5,{7},5.0
2e68e6b9,2e68e6b94,2020-09-27,14,{'JAM'},{'JAM_STAND_STILL_TRAFFIC'},12,{7},5.0
2e68e6b9,2e68e6b94,2020-10-01,16,{'JAM'},{'JAM_MODERATE_TRAFFIC'},31,{7},6.0
2e68e6b9,2e68e6b94,2020-10-04,10,{'JAM'},{'JAM_HEAVY_TRAFFIC'},30,{7},5.0
2e68e6b9,2e68e6b94,2020-10-04,13,{'JAM'},{'JAM_STAND_STILL_TRAFFIC'},30,{7},5.0
2e68e6b9,2e68e6b94,2020-10-10,16,{'JAM'},{'JAM_STAND_STILL_TRAFFIC'},34,{7},5.0
2e68e6b9,2e68e6b94,2020-10-17,7,{'JAM'},{'JAM_HEAVY_TRAFFIC'},30,{7},5.0
2e68e6b9,2e68e6b94,2020-10-17,16,{'JAM'},{'JAM_STAND_STILL_TRAFFIC'},7,{7},5.0
2e68e6b9,2e68e6b94,2020-10-23,12,{'JAM'},"{'JAM_STAND_STILL_TRAFFIC', 'JAM_HEAVY_TRAFFIC'}",63,{7},5.0
2e68e6b9,2e68e6b94,2020-10-24,11,{'JAM'},{'JAM_STAND_STILL_TRAFFIC'},30,{7},5.0
2e68e6b9,2e68e6b94,2020-10-25,18,{'WEATHERHAZARD'},{'WEATHERHAZARD'},33,{7},5.0
2e68e6b9,2e68e6b94,2020-10-28,13,{'JAM'},{'JAM_HEAVY_TRAFFIC'},40,{7},6.825
2e68e6b9,2e68e6b94,2020-10-28,15,{'JAM'},{'JAM_HEAVY_TRAFFIC'},31,{7},5.0
2e68e6b9,2e68e6b94,2020-10-28,18,{'JAM'},{'JAM_MODERATE_TRAFFIC'},30,{7},5.0
2e68e6b9,2e68e6b94,2020-10-29,8,{'JAM'},{'JAM_HEAVY_TRAFFIC'},32,{7},5.0
2e68e6b9,2e68e6b94,2020-10-29,17,{'JAM'},{'JAM_MODERATE_TRAFFIC'},33,{7},5.0
2e68e6b9,2e68e6b94,2020-10-29,18,{'JAM'},{'JAM_STAND_STILL_TRAFFIC'},27,{7},5.0
2e68e6b9,2e68e6b94,2020-10-30,9,{'JAM'},{'JAM_STAND_STILL_TRAFFIC'},31,{7},5.0
2e68e6b9,2e68e6b94,2020-10-30,13,{'JAM'},{'JAM_STAND_STILL_TRAFFIC'},71,{7},5.901408450704225
2e68e6b9,2e68e6b94,2020-10-30,16,{'JAM'},{'JAM_STAND_STILL_TRAFFIC'},30,{7},5.0
2e68e6b9,2e68e6b94,2020-10-31,10,{'JAM'},{'JAM_HEAVY_TRAFFIC'},17,{7},5.0
2e68e6b9,2e68e6b94,2020-11-14,11,{'JAM'},{'JAM_HEAVY_TRAFFIC'},30,{7},5.0
2e68e6b9,2e68e6b94,2020-11-18,17,{'JAM'},{'JAM_HEAVY_TRAFFIC'},34,{7},5.0
2e68e6b9,2e68e6b94,2020-11-20,14,{'JAM'},{'JAM_STAND_STILL_TRAFFIC'},16,{7},5.375
2e68e6b9,2e68e6b94,2020-11-21,9,{'JAM'},{'JAM_MODERATE_TRAFFIC'},6,{7},5.0
2e68e6b9,2e68e6b94,2020-11-21,13,{'JAM'},{'JAM_HEAVY_TRAFFIC'},26,{7},6.346153846153846
2e68e6b9,2e68e6b94,2020-11-22,15,{'JAM'},{'JAM_HEAVY_TRAFFIC'},25,{7},7.36
2e68e6b9,2e68e6b9c,2020-09-17,17,{'JAM'},{'JAM_STAND_STILL_TRAFFIC'},31,{7},5.0
2e68e6b9,2e68e6b9c,2020-10-11,13,{'JAM'},{'JAM_STAND_STILL_TRAFFIC'},31,{2},5.0
2e68e6b9,2e68e6b9c,2020-10-17,18,{'JAM'},{'JAM'},31,{2},5.580645161290323
2e68e6b9,2e68e6b9c,2020-10-22,19,{'ACCIDENT'},{'ACCIDENT'},122,{2},6.754098360655738
2e68e6b9,2e68e6b9c,2020-10-24,11,{'ACCIDENT'},{'ACCIDENT_MAJOR'},119,{7},6.34453781512605
2e68e6b9,2e68e6b9c,2020-10-28,12,{'JAM'},{'JAM_HEAVY_TRAFFIC'},31,{7},5.0
2e68e6b9,2e68e6b9c,2020-10-29,10,{'JAM'},{'JAM_STAND_STILL_TRAFFIC'},43,"{2, 7}",5.906976744186046
2e68e6b9,2e68e6b9c,2020-10-29,12,{'JAM'},{'JAM_STAND_STILL_TRAFFIC'},32,{2},5.5
2e68e6b9,2e68e6b9c,2020-10-30,13,{'JAM'},{'JAM_HEAVY_TRAFFIC'},7,{2},5.714285714285714
2e68e6b9,2e68e6b9c,2020-11-08,10,{'WEATHERHAZARD'},"{'HAZARD_WEATHER_HEAVY_SNOW', 'HAZARD_ON_ROAD_ICE', 'HAZARD_ON_ROAD_TRAFFIC_LIGHT_FAULT', 'HAZARD_ON_ROAD_CAR_STOPPED', 'HAZARD_WEATHER_FLOOD', 'HAZARD_ON_ROAD_POT_HOLE'}",283,"{1, 2}",5.342756183745583
2e68e6b9,2e68e6b9c,2020-11-14,13,{'JAM'},{'JAM_STAND_STILL_TRAFFIC'},14,{2},5.0
2e68e6b9,2e68e6b9c,2020-11-14,18,{'JAM'},{'JAM'},31,{2},5.0
2e68e6b9,2e68e6b9c,2020-11-15,13,{'JAM'},{'JAM_STAND_STILL_TRAFFIC'},72,{2},5.263888888888889
2e68e6b9,2e68e6b9c,2020-11-21,15,{'JAM'},{'JAM_STAND_STILL_TRAFFIC'},31,{2},5.0
2e68e6bd,2e68e6bc4,2020-09-05,7,{'JAM'},{'JAM'},30,{17},5.0
2e68e6bd,2e68e6bc4,2020-10-13,7,{'ACCIDENT'},{'ACCIDENT'},121,{17},5.0
2e68e6bd,2e68e6bd4,2020-11-06,6,{'WEATHERHAZARD'},{'WEATHERHAZARD'},33,{1},5.0
2e68e6bf,2e68e6be4,2020-09-04,12,{'JAM'},{'JAM_MODERATE_TRAFFIC'},8,{7},5.0
2e68e6bf,2e68e6be4,2020-09-14,14,{'JAM'},{'JAM_HEAVY_TRAFFIC'},6,{7},5.0
2e68e6bf,2e68e6be4,2020-09-18,13,{'JAM'},{'JAM_MODERATE_TRAFFIC'},2,{7},5.0
2e68e6bf,2e68e6be4,2020-09-18,18,{'JAM'},{'JAM_MODERATE_TRAFFIC'},12,{7},5.0
2e68e6bf,2e68e6be4,2020-10-17,21,{'JAM'},{'JAM_MODERATE_TRAFFIC'},13,{7},5.0
2e68e6bf,2e68e6be4,2020-10-18,9,{'WEATHERHAZARD'},{'WEATHERHAZARD'},20,{7},5.9
2e68e6bf,2e68e6be4,2020-10-28,17,{'JAM'},{'JAM_MODERATE_TRAFFIC'},32,{7},5.0
2e68e6bf,2e68e6be4,2020-10-29,13,{'JAM'},{'JAM_STAND_STILL_TRAFFIC'},32,{7},5.0
2e68e6bf,2e68e6be4,2020-10-29,14,{'JAM'},{'JAM_STAND_STILL_TRAFFIC'},11,{7},5.636363636363637
2e68e6bf,2e68e6be4,2020-10-30,17,{'JAM'},{'JAM_STAND_STILL_TRAFFIC'},42,{7},5.357142857142857
2e68e6bf,2e68e6be4,2020-10-30,19,{'JAM'},{'JAM_MODERATE_TRAFFIC'},31,{7},5.0
2e68e6bf,2e68e6be4,2020-11-12,15,{'JAM'},{'JAM'},30,{7},5.0
2e68e6bf,2e68e6be4,2020-11-20,14,{'JAM'},{'JAM_STAND_STILL_TRAFFIC'},33,{7},5.606060606060606
2e68e6bf,2e68e6bec,2020-09-05,13,{'JAM'},{'JAM_HEAVY_TRAFFIC'},33,{7},6.757575757575758
2e68e6bf,2e68e6bec,2020-10-23,13,{'JAM'},{'JAM_STAND_STILL_TRAFFIC'},31,{7},5.0
2e68e6bf,2e68e6bec,2020-10-25,9,{'JAM'},{'JAM_HEAVY_TRAFFIC'},30,{7},5.0
2e68e6bf,2e68e6bec,2020-10-29,10,{'JAM'},{'JAM_STAND_STILL_TRAFFIC'},30,{7},5.0
2e68e6bf,2e68e6bec,2020-10-29,12,{'JAM'},{'JAM_HEAVY_TRAFFIC'},33,{7},5.0
2e68e6bf,2e68e6bec,2020-10-29,19,{'JAM'},{'JAM_STAND_STILL_TRAFFIC'},39,{7},7.256410256410256
2e68e6bf,2e68e6bf4,2020-09-05,15,{'JAM'},{'JAM_STAND_STILL_TRAFFIC'},31,{7},5.0
2e68e6bf,2e68e6bf4,2020-09-18,13,{'JAM'},{'JAM_MODERATE_TRAFFIC'},2,{7},5.0
2e68e6bf,2e68e6bf4,2020-10-04,18,"{'JAM', 'WEATHERHAZARD'}","{'WEATHERHAZARD', 'JAM_MODERATE_TRAFFIC'}",46,{1},5.0
2e68e6bf,2e68e6bf4,2020-10-10,12,{'JAM'},{'JAM_HEAVY_TRAFFIC'},24,{7},5.0
2e68e6bf,2e68e6bf4,2020-10-17,10,{'JAM'},{'JAM_HEAVY_TRAFFIC'},31,{7},5.0
2e68e6bf,2e68e6bf4,2020-10-17,14,{'JAM'},{'JAM_HEAVY_TRAFFIC'},32,{7},6.0
2e68e6bf,2e68e6bf4,2020-10-27,16,{'JAM'},{'JAM'},32,{1},5.0
2e68e6bf,2e68e6bf4,2020-10-29,17,{'JAM'},{'JAM_MODERATE_TRAFFIC'},6,{7},5.0
2e68e6bf,2e68e6bf4,2020-10-30,10,{'JAM'},{'JAM'},36,{7},6.361111111111111
2e68e6c1,2e68e6c0c,2020-10-04,18,{'JAM'},{'JAM_STAND_STILL_TRAFFIC'},41,{1},5.365853658536586
2e68e6c3,2e68e6c24,2020-10-10,16,{'JAM'},"{'JAM', 'JAM_HEAVY_TRAFFIC'}",38,{2},5.0
2e68e6c3,2e68e6c24,2020-10-11,10,{'JAM'},"{'JAM_STAND_STILL_TRAFFIC', 'JAM_HEAVY_TRAFFIC'}",60,{2},5.0
2e68e6c3,2e68e6c24,2020-10-25,11,{'JAM'},{'JAM'},31,{2},6.806451612903226
2e68e6c3,2e68e6c24,2020-10-30,17,{'JAM'},{'JAM_STAND_STILL_TRAFFIC'},32,{2},5.0
2e68e6c3,2e68e6c24,2020-10-31,11,{'JAM'},{'JAM_MODERATE_TRAFFIC'},26,{2},5.0
2e68e6c3,2e68e6c24,2020-11-01,8,{'JAM'},{'JAM_MODERATE_TRAFFIC'},30,{2},5.966666666666667
2e68e6c3,2e68e6c24,2020-11-15,10,{'JAM'},{'JAM_STAND_STILL_TRAFFIC'},32,{2},5.0
2e68e6c3,2e68e6c24,2020-11-15,12,{'JAM'},{'JAM_STAND_STILL_TRAFFIC'},64,{2},5.0
2e68e6c3,2e68e6c24,2020-11-22,10,{'JAM'},{'JAM_STAND_STILL_TRAFFIC'},30,{2},5.0
2e68e6c3,2e68e6c34,2020-10-31,16,{'JAM'},{'JAM_MODERATE_TRAFFIC'},6,{1},5.0
2e68e6c3,2e68e6c3c,2020-09-06,12,{'JAM'},{'JAM_STAND_STILL_TRAFFIC'},32,{2},5.0
2e68e6c3,2e68e6c3c,2020-09-19,14,{'JAM'},{'JAM_STAND_STILL_TRAFFIC'},6,{2},5.0
2e68e6c3,2e68e6c3c,2020-09-19,17,{'JAM'},{'JAM_HEAVY_TRAFFIC'},24,{2},5.0
2e68e6c3,2e68e6c3c,2020-10-25,15,{'JAM'},"{'JAM_STAND_STILL_TRAFFIC', 'JAM_HEAVY_TRAFFIC'}",76,{2},5.2105263157894735
2e68e6c3,2e68e6c3c,2020-10-29,13,{'JAM'},{'JAM_STAND_STILL_TRAFFIC'},63,{2},5.0
2e68e6c3,2e68e6c3c,2020-10-29,17,{'JAM'},{'JAM_STAND_STILL_TRAFFIC'},7,{2},5.0
2e68e6c3,2e68e6c3c,2020-10-30,16,{'JAM'},{'JAM_STAND_STILL_TRAFFIC'},13,{2},5.0
2e68e6c3,2e68e6c3c,2020-11-07,18,{'JAM'},{'JAM_STAND_STILL_TRAFFIC'},31,{2},5.967741935483871
2e68e6c3,2e68e6c3c,2020-11-15,17,{'JAM'},{'JAM_MODERATE_TRAFFIC'},6,{2},6.0
2e68e6c3,2e68e6c3c,2020-11-15,18,{'JAM'},{'JAM_MODERATE_TRAFFIC'},5,{2},5.0
2e68e6c3,2e68e6c3c,2020-11-18,10,{'JAM'},{'JAM'},31,{2},5.0
2e68e6c3,2e68e6c3c,2020-11-22,10,{'JAM'},{'JAM_HEAVY_TRAFFIC'},25,{2},5.0
2e68e6c3,2e68e6c3c,2020-11-22,14,{'JAM'},{'JAM_STAND_STILL_TRAFFIC'},11,{2},5.181818181818182
2e68e6c5,2e68e6c44,2020-10-04,13,{'JAM'},{'JAM_HEAVY_TRAFFIC'},5,{2},5.0
2e68e6c5,2e68e6c44,2020-10-25,19,{'JAM'},{'JAM_STAND_STILL_TRAFFIC'},30,{2},5.0
2e68e6c5,2e68e6c44,2020-10-29,11,{'JAM'},{'JAM_STAND_STILL_TRAFFIC'},12,{2},7.0
2e68e6c5,2e68e6c44,2020-10-29,13,{'JAM'},{'JAM_STAND_STILL_TRAFFIC'},55,{2},5.654545454545454
2e68e6c5,2e68e6c44,2020-10-29,14,{'JAM'},{'JAM_STAND_STILL_TRAFFIC'},31,{2},5.67741935483871
2e68e6c5,2e68e6c44,2020-11-07,14,{'JAM'},{'JAM_HEAVY_TRAFFIC'},7,{2},5.0
2e68e6c5,2e68e6c4c,2020-09-05,18,{'JAM'},{'JAM_STAND_STILL_TRAFFIC'},55,{2},5.0
2e68e6c5,2e68e6c4c,2020-10-29,11,{'JAM'},{'JAM_STAND_STILL_TRAFFIC'},30,{2},5.966666666666667
2e68e6c5,2e68e6c4c,2020-10-29,12,{'JAM'},{'JAM_STAND_STILL_TRAFFIC'},39,{2},6.564102564102564
2e68e6c5,2e68e6c4c,2020-10-29,13,{'JAM'},"{'JAM_STAND_STILL_TRAFFIC', 'JAM_HEAVY_TRAFFIC'}",131,"{1, 2}",6.580152671755725
2e68e6c5,2e68e6c4c,2020-10-29,15,{'JAM'},{'JAM_STAND_STILL_TRAFFIC'},5,{2},6.0
2e68e6c5,2e68e6c4c,2020-10-30,18,{'JAM'},{'JAM_MODERATE_TRAFFIC'},6,{2},5.0
2e68e6c5,2e68e6c4c,2020-11-14,15,{'JAM'},{'JAM_HEAVY_TRAFFIC'},30,{2},5.0
2e68e6c5,2e68e6c4c,2020-11-15,17,{'JAM'},{'JAM_MODERATE_TRAFFIC'},1,{2},5.0
2e68e6c5,2e68e6c4c,2020-11-22,11,{'JAM'},{'JAM_HEAVY_TRAFFIC'},31,{2},5.0
2e68e6c5,2e68e6c54,2020-09-19,14,{'JAM'},{'JAM_STAND_STILL_TRAFFIC'},5,{2},5.0
2e68e6c5,2e68e6c54,2020-10-04,13,{'JAM'},{'JAM_MODERATE_TRAFFIC'},32,{2},5.0
2e68e6c5,2e68e6c54,2020-10-11,11,{'JAM'},{'JAM_HEAVY_TRAFFIC'},19,{2},5.0
2e68e6c5,2e68e6c54,2020-10-17,19,{'JAM'},{'JAM_HEAVY_TRAFFIC'},14,{2},5.0
2e68e6c5,2e68e6c54,2020-10-25,17,{'JAM'},{'JAM_STAND_STILL_TRAFFIC'},31,{2},7.258064516129032
2e68e6c5,2e68e6c54,2020-10-25,18,{'JAM'},{'JAM_STAND_STILL_TRAFFIC'},28,{2},5.642857142857143
2e68e6c5,2e68e6c54,2020-10-25,19,{'JAM'},{'JAM_STAND_STILL_TRAFFIC'},66,{2},5.333333333333333
2e68e6c5,2e68e6c54,2020-10-29,11,{'JAM'},{'JAM_STAND_STILL_TRAFFIC'},37,{2},6.783783783783784
2e68e6c5,2e68e6c54,2020-10-29,12,{'JAM'},{'JAM_STAND_STILL_TRAFFIC'},52,{2},5.576923076923077
2e68e6c5,2e68e6c54,2020-10-29,14,{'JAM'},{'JAM'},64,{2},5.0
2e68e6c5,2e68e6c54,2020-10-29,15,{'JAM'},{'JAM_STAND_STILL_TRAFFIC'},66,{2},5.454545454545454
2e68e6c5,2e68e6c54,2020-10-29,16,{'JAM'},{'JAM_STAND_STILL_TRAFFIC'},61,{2},5.0
2e68e6c5,2e68e6c54,2020-10-29,17,{'JAM'},{'JAM_STAND_STILL_TRAFFIC'},32,{2},5.96875
2e68e6c5,2e68e6c54,2020-10-30,11,{'JAM'},{'JAM_STAND_STILL_TRAFFIC'},61,{2},5.0
2e68e6c5,2e68e6c54,2020-10-30,12,{'JAM'},"{'JAM_STAND_STILL_TRAFFIC', 'JAM_HEAVY_TRAFFIC'}",19,{2},6.947368421052632
2e68e6c5,2e68e6c54,2020-10-30,17,{'JAM'},{'JAM_HEAVY_TRAFFIC'},31,{2},5.0
2e68e6c5,2e68e6c54,2020-10-30,21,{'JAM'},{'JAM'},39,{2},6.358974358974359
2e68e6c5,2e68e6c54,2020-10-31,11,{'JAM'},{'JAM_HEAVY_TRAFFIC'},39,{2},5.153846153846154
2e68e6c5,2e68e6c54,2020-11-08,14,{'JAM'},{'JAM_STAND_STILL_TRAFFIC'},31,{2},6.0
2e68e6c5,2e68e6c54,2020-11-08,15,{'JAM'},{'JAM_STAND_STILL_TRAFFIC'},26,{2},5.0
2e68e6c5,2e68e6c54,2020-11-14,11,{'JAM'},{'JAM_STAND_STILL_TRAFFIC'},32,{2},5.0
2e68e6c5,2e68e6c54,2020-11-15,11,{'JAM'},{'JAM_STAND_STILL_TRAFFIC'},31,{2},5.935483870967742
2e68e6c5,2e68e6c54,2020-11-15,17,{'JAM'},{'JAM_MODERATE_TRAFFIC'},7,{2},5.0
2e68e6c5,2e68e6c54,2020-11-22,11,{'JAM'},{'JAM_STAND_STILL_TRAFFIC'},30,{2},5.966666666666667
2e68e6c5,2e68e6c54,2020-11-22,12,{'JAM'},{'JAM_STAND_STILL_TRAFFIC'},30,{2},5.966666666666667
2e68e6c5,2e68e6c54,2020-11-22,14,{'JAM'},{'JAM_STAND_STILL_TRAFFIC'},19,{2},6.526315789473684
2e68e6c7,2e68e6c74,2020-11-13,15,{'WEATHERHAZARD'},{'HAZARD_ON_SHOULDER_CAR_STOPPED'},31,{1},5.0
2e68e6cb,2e68e6ca4,2020-09-01,18,{'JAM'},"{'JAM_MODERATE_TRAFFIC', 'JAM_HEAVY_TRAFFIC'}",24,{7},5.0
2e68e6cb,2e68e6ca4,2020-09-12,17,{'JAM'},{'JAM_HEAVY_TRAFFIC'},15,{7},5.0
2e68e6cb,2e68e6ca4,2020-09-18,18,{'JAM'},{'JAM_MODERATE_TRAFFIC'},5,{7},5.0
2e68e6cb,2e68e6ca4,2020-10-17,14,{'JAM'},{'JAM_STAND_STILL_TRAFFIC'},32,{7},5.0
2e68e6cb,2e68e6ca4,2020-10-21,21,{'JAM'},{'JAM'},33,{17},5.0
2e68e6cb,2e68e6ca4,2020-11-08,11,{'JAM'},{'JAM_HEAVY_TRAFFIC'},46,{7},6.043478260869565
2e68e6cb,2e68e6ca4,2020-11-08,13,{'JAM'},{'JAM_STAND_STILL_TRAFFIC'},32,{7},5.0
2e68e6cb,2e68e6ca4,2020-11-08,17,{'JAM'},{'JAM_STAND_STILL_TRAFFIC'},31,{7},5.0
2e68e6cb,2e68e6ca4,2020-11-15,12,{'JAM'},"{'JAM_STAND_STILL_TRAFFIC', 'JAM_HEAVY_TRAFFIC'}",62,{7},5.258064516129032
2e68e6cb,2e68e6ca4,2020-11-15,16,{'JAM'},{'JAM_STAND_STILL_TRAFFIC'},9,{7},6.0
2e68e6cb,2e68e6ca4,2020-11-20,16,{'JAM'},{'JAM_STAND_STILL_TRAFFIC'},31,{7},7.516129032258065
2e68e6cb,2e68e6cac,2020-09-01,19,{'JAM'},{'JAM_HEAVY_TRAFFIC'},13,{7},5.0
2e68e6cb,2e68e6cac,2020-09-05,13,{'JAM'},{'JAM_MODERATE_TRAFFIC'},7,{7},5.0
2e68e6cb,2e68e6cac,2020-09-05,18,{'JAM'},{'JAM_STAND_STILL_TRAFFIC'},31,{7},5.0
2e68e6cb,2e68e6cac,2020-09-06,15,{'JAM'},{'JAM_STAND_STILL_TRAFFIC'},31,{7},6.451612903225806
2e68e6cb,2e68e6cac,2020-09-12,17,{'JAM'},{'JAM_HEAVY_TRAFFIC'},34,{7},5.0
2e68e6cb,2e68e6cac,2020-09-27,13,{'JAM'},{'JAM_STAND_STILL_TRAFFIC'},32,{7},5.0
2e68e6cb,2e68e6cac,2020-09-27,14,{'JAM'},{'JAM_STAND_STILL_TRAFFIC'},26,{7},5.0
2e68e6cb,2e68e6cac,2020-10-10,19,{'JAM'},{'JAM_MODERATE_TRAFFIC'},14,{7},5.0
2e68e6cb,2e68e6cac,2020-10-11,12,{'JAM'},{'JAM_STAND_STILL_TRAFFIC'},30,{7},5.666666666666667
2e68e6cb,2e68e6cac,2020-10-11,13,{'WEATHERHAZARD'},{'WEATHERHAZARD'},22,{7},5.318181818181818
2e68e6cb,2e68e6cac,2020-10-11,14,{'JAM'},{'JAM_STAND_STILL_TRAFFIC'},30,{7},5.6
2e68e6cb,2e68e6cac,2020-10-11,17,{'JAM'},{'JAM_STAND_STILL_TRAFFIC'},32,{7},5.0
2e68e6cb,2e68e6cac,2020-10-17,14,{'JAM'},{'JAM_HEAVY_TRAFFIC'},32,{7},5.0
2e68e6cb,2e68e6cac,2020-10-18,14,{'JAM'},{'JAM_STAND_STILL_TRAFFIC'},21,{7},7.761904761904762
2e68e6cb,2e68e6cac,2020-10-18,18,{'JAM'},{'JAM_STAND_STILL_TRAFFIC'},32,{7},5.0
2e68e6cb,2e68e6cac,2020-10-24,17,{'JAM'},{'JAM_HEAVY_TRAFFIC'},32,{7},5.0
2e68e6cb,2e68e6cac,2020-10-25,13,{'JAM'},{'JAM_HEAVY_TRAFFIC'},31,{7},5.612903225806452
2e68e6cb,2e68e6cac,2020-10-30,9,{'JAM'},{'JAM_STAND_STILL_TRAFFIC'},41,{7},7.146341463414634
2e68e6cb,2e68e6cac,2020-10-30,10,{'JAM'},{'JAM_HEAVY_TRAFFIC'},31,{7},6.0
2e68e6cb,2e68e6cac,2020-10-30,11,{'JAM'},{'JAM_HEAVY_TRAFFIC'},33,{7},6.333333333333333
2e68e6cb,2e68e6cac,2020-10-30,12,{'JAM'},{'JAM_HEAVY_TRAFFIC'},84,{7},7.404761904761905
2e68e6cb,2e68e6cac,2020-10-30,14,{'JAM'},"{'JAM', 'JAM_STAND_STILL_TRAFFIC', 'JAM_HEAVY_TRAFFIC'}",93,{7},5.311827956989247
2e68e6cb,2e68e6cac,2020-10-30,20,{'JAM'},{'JAM_STAND_STILL_TRAFFIC'},8,{7},5.0
2e68e6cb,2e68e6cac,2020-10-31,9,{'JAM'},{'JAM_HEAVY_TRAFFIC'},47,{7},5.914893617021277
2e68e6cb,2e68e6cac,2020-10-31,10,{'JAM'},{'JAM_HEAVY_TRAFFIC'},36,{7},5.75
2e68e6cb,2e68e6cac,2020-10-31,13,{'JAM'},{'JAM_STAND_STILL_TRAFFIC'},39,{7},5.435897435897436
2e68e6cb,2e68e6cac,2020-10-31,15,{'JAM'},{'JAM_MODERATE_TRAFFIC'},16,{7},5.0
2e68e6cb,2e68e6cac,2020-10-31,16,{'JAM'},{'JAM_HEAVY_TRAFFIC'},7,{7},5.0
2e68e6cb,2e68e6cac,2020-11-07,13,{'JAM'},{'JAM_STAND_STILL_TRAFFIC'},30,{7},5.0
2e68e6cb,2e68e6cac,2020-11-07,18,{'JAM'},{'JAM_STAND_STILL_TRAFFIC'},32,{7},5.9375
2e68e6cb,2e68e6cac,2020-11-07,19,{'JAM'},{'JAM_HEAVY_TRAFFIC'},31,{7},5.0
2e68e6cb,2e68e6cac,2020-11-08,10,{'JAM'},{'JAM_STAND_STILL_TRAFFIC'},54,{7},5.5
2e68e6cb,2e68e6cac,2020-11-14,13,{'JAM'},{'JAM_HEAVY_TRAFFIC'},32,{7},5.0
2e68e6cb,2e68e6cac,2020-11-15,13,{'JAM'},{'JAM_STAND_STILL_TRAFFIC'},28,{7},5.0
2e68e6cb,2e68e6cac,2020-11-15,16,{'JAM'},{'JAM_STAND_STILL_TRAFFIC'},7,{7},5.0
2e68e6cb,2e68e6cac,2020-11-20,16,{'JAM'},{'JAM_STAND_STILL_TRAFFIC'},31,{7},5.580645161290323
2e68e6cb,2e68e6cac,2020-11-21,15,{'JAM'},{'JAM_HEAVY_TRAFFIC'},30,{7},5.0
2e68e6d1,2e68e6d04,2020-09-06,12,{'JAM'},{'JAM_HEAVY_TRAFFIC'},32,{2},5.96875
2e68e6d1,2e68e6d04,2020-09-06,16,{'JAM'},{'JAM_HEAVY_TRAFFIC'},18,{2},5.0
2e68e6d1,2e68e6d04,2020-10-10,18,{'JAM'},{'JAM_STAND_STILL_TRAFFIC'},31,{2},5.645161290322581
2e68e6d1,2e68e6d04,2020-10-11,16,{'JAM'},{'JAM_MODERATE_TRAFFIC'},31,{2},6.967741935483871
2e68e6d1,2e68e6d04,2020-10-11,18,{'JAM'},{'JAM_MODERATE_TRAFFIC'},30,{2},5.0
2e68e6d1,2e68e6d04,2020-10-17,17,{'JAM'},{'JAM_MODERATE_TRAFFIC'},31,{2},5.0
2e68e6d1,2e68e6d04,2020-10-29,16,{'JAM'},{'JAM_STAND_STILL_TRAFFIC'},25,{2},7.0
2e68e6d1,2e68e6d04,2020-10-29,18,{'JAM'},{'JAM_HEAVY_TRAFFIC'},28,{2},9.0
2e68e6d1,2e68e6d04,2020-10-29,20,{'JAM'},{'JAM'},32,{2},5.0
2e68e6d1,2e68e6d04,2020-10-30,10,{'JAM'},{'JAM_STAND_STILL_TRAFFIC'},5,{2},5.0
2e68e6d1,2e68e6d04,2020-10-30,16,{'JAM'},"{'JAM_STAND_STILL_TRAFFIC', 'JAM_MODERATE_TRAFFIC'}",62,{2},5.0
2e68e6d1,2e68e6d04,2020-10-30,19,{'JAM'},{'JAM_HEAVY_TRAFFIC'},2,{2},7.0
2e68e6d1,2e68e6d04,2020-10-31,11,{'JAM'},{'JAM_HEAVY_TRAFFIC'},30,{2},5.0
2e68e6d1,2e68e6d04,2020-10-31,19,{'JAM'},{'JAM_STAND_STILL_TRAFFIC'},23,{2},10.0
2e68e6d1,2e68e6d04,2020-11-07,15,"{'JAM', 'WEATHERHAZARD'}","{'JAM_STAND_STILL_TRAFFIC', 'HAZARD_ON_SHOULDER_MISSING_SIGN'}",38,{2},6.578947368421052
2e68e6d1,2e68e6d04,2020-11-07,17,{'JAM'},{'JAM_STAND_STILL_TRAFFIC'},21,{2},7.238095238095238
2e68e6d1,2e68e6d04,2020-11-07,20,{'JAM'},"{'JAM_STAND_STILL_TRAFFIC', 'JAM_HEAVY_TRAFFIC'}",79,{2},6.848101265822785
2e68e6d1,2e68e6d04,2020-11-15,12,{'JAM'},{'JAM_HEAVY_TRAFFIC'},26,{2},5.0
2e68e6d1,2e68e6d04,2020-11-22,13,{'JAM'},{'JAM_STAND_STILL_TRAFFIC'},17,{2},5.9411764705882355
2e68e6d1,2e68e6d04,2020-11-22,18,{'JAM'},{'JAM_MODERATE_TRAFFIC'},30,{2},5.0
2e68e6d1,2e68e6d0c,2020-09-13,17,{'JAM'},{'JAM_STAND_STILL_TRAFFIC'},24,{2},5.0
2e68e6d1,2e68e6d0c,2020-10-04,13,{'JAM'},{'JAM_HEAVY_TRAFFIC'},30,{2},5.0
2e68e6d1,2e68e6d0c,2020-10-10,17,{'JAM'},{'JAM_STAND_STILL_TRAFFIC'},31,{2},5.0
2e68e6d1,2e68e6d0c,2020-10-18,17,{'JAM'},{'JAM_HEAVY_TRAFFIC'},32,{2},7.0
2e68e6d1,2e68e6d0c,2020-10-24,18,{'JAM'},{'JAM_STAND_STILL_TRAFFIC'},11,{2},5.0
2e68e6d1,2e68e6d0c,2020-10-25,17,{'JAM'},"{'JAM', 'JAM_STAND_STILL_TRAFFIC'}",52,{2},5.403846153846154
2e68e6d1,2e68e6d0c,2020-10-25,18,{'JAM'},"{'JAM', 'JAM_STAND_STILL_TRAFFIC'}",57,{2},5.894736842105263
2e68e6d1,2e68e6d0c,2020-10-25,19,{'JAM'},{'JAM_STAND_STILL_TRAFFIC'},31,{2},5.935483870967742
2e68e6d1,2e68e6d0c,2020-10-29,13,{'JAM'},{'JAM_STAND_STILL_TRAFFIC'},15,{2},5.0
2e68e6d1,2e68e6d0c,2020-10-29,16,{'JAM'},{'JAM_STAND_STILL_TRAFFIC'},6,{2},5.333333333333333
2e68e6d1,2e68e6d0c,2020-10-29,18,{'JAM'},{'JAM_STAND_STILL_TRAFFIC'},39,{2},5.897435897435898
2e68e6d1,2e68e6d0c,2020-10-30,13,{'JAM'},{'JAM_HEAVY_TRAFFIC'},30,{2},5.0
2e68e6d1,2e68e6d0c,2020-10-30,14,{'JAM'},{'JAM_STAND_STILL_TRAFFIC'},28,{2},5.0
2e68e6d1,2e68e6d0c,2020-10-30,15,{'JAM'},{'JAM_HEAVY_TRAFFIC'},41,{2},7.365853658536586
2e68e6d1,2e68e6d0c,2020-10-30,16,{'JAM'},"{'JAM', 'JAM_STAND_STILL_TRAFFIC'}",36,{2},5.777777777777778
2e68e6d1,2e68e6d0c,2020-10-30,18,{'JAM'},{'JAM_STAND_STILL_TRAFFIC'},68,"{1, 2}",5.588235294117647
2e68e6d1,2e68e6d0c,2020-10-30,20,{'JAM'},{'JAM_STAND_STILL_TRAFFIC'},129,{2},6.0310077519379846
2e68e6d1,2e68e6d0c,2020-10-30,21,{'JAM'},{'JAM_STAND_STILL_TRAFFIC'},30,{2},5.0
2e68e6d1,2e68e6d0c,2020-10-31,19,{'JAM'},{'JAM_STAND_STILL_TRAFFIC'},67,{2},5.223880597014926
2e68e6d1,2e68e6d0c,2020-11-06,18,{'JAM'},{'JAM_HEAVY_TRAFFIC'},8,{2},5.0
2e68e6d1,2e68e6d0c,2020-11-07,15,{'JAM'},{'JAM_STAND_STILL_TRAFFIC'},18,{2},6.444444444444445
2e68e6d1,2e68e6d0c,2020-11-07,16,{'JAM'},{'JAM_STAND_STILL_TRAFFIC'},30,{2},5.7
2e68e6d1,2e68e6d0c,2020-11-07,17,{'JAM'},{'JAM_STAND_STILL_TRAFFIC'},47,{2},5.340425531914893
2e68e6d1,2e68e6d0c,2020-11-07,20,"{'JAM', 'WEATHERHAZARD'}","{'HAZARD_ON_SHOULDER_CAR_STOPPED', 'JAM_STAND_STILL_TRAFFIC'}",85,{2},6.764705882352941
2e68e6d1,2e68e6d0c,2020-11-08,14,{'JAM'},{'JAM_STAND_STILL_TRAFFIC'},33,{2},5.666666666666667
2e68e6d1,2e68e6d0c,2020-11-14,15,{'JAM'},{'JAM_HEAVY_TRAFFIC'},32,{2},5.0
2e68e6d1,2e68e6d0c,2020-11-14,18,{'JAM'},{'JAM_STAND_STILL_TRAFFIC'},26,{2},5.0
2e68e6d1,2e68e6d0c,2020-11-15,11,{'JAM'},{'JAM_STAND_STILL_TRAFFIC'},30,{2},5.0
2e68e6d1,2e68e6d0c,2020-11-15,13,"{'JAM', 'WEATHERHAZARD'}","{'JAM_STAND_STILL_TRAFFIC', 'HAZARD_ON_ROAD_POT_HOLE'}",126,{2},6.492063492063492
2e68e6d1,2e68e6d0c,2020-11-15,17,{'JAM'},{'JAM_STAND_STILL_TRAFFIC'},35,{2},5.428571428571429
2e68e6d1,2e68e6d0c,2020-11-22,13,{'JAM'},{'JAM_HEAVY_TRAFFIC'},17,{2},5.294117647058823
2e68e6d1,2e68e6d14,2020-09-05,19,{'JAM'},{'JAM_STAND_STILL_TRAFFIC'},30,{2},5.0
2e68e6d1,2e68e6d14,2020-10-04,13,{'JAM'},{'JAM_MODERATE_TRAFFIC'},31,{2},5.0
2e68e6d1,2e68e6d14,2020-10-10,17,{'JAM'},{'JAM_HEAVY_TRAFFIC'},31,{2},5.580645161290323
2e68e6d1,2e68e6d14,2020-10-11,13,{'JAM'},{'JAM_STAND_STILL_TRAFFIC'},32,{2},5.0
2e68e6d1,2e68e6d14,2020-10-11,17,{'JAM'},{'JAM_HEAVY_TRAFFIC'},33,{2},5.0
2e68e6d1,2e68e6d14,2020-10-18,17,{'JAM'},{'JAM_HEAVY_TRAFFIC'},30,{2},5.0
2e68e6d1,2e68e6d14,2020-10-24,16,{'JAM'},{'JAM_HEAVY_TRAFFIC'},9,{2},5.0
2e68e6d1,2e68e6d14,2020-10-25,16,{'JAM'},{'JAM_HEAVY_TRAFFIC'},30,{2},5.866666666666666
2e68e6d1,2e68e6d14,2020-10-25,20,{'JAM'},{'JAM_STAND_STILL_TRAFFIC'},32,{2},5.0
2e68e6d1,2e68e6d14,2020-10-28,12,{'JAM'},{'JAM_HEAVY_TRAFFIC'},2,{2},5.0
2e68e6d1,2e68e6d14,2020-10-29,15,{'JAM'},{'JAM_STAND_STILL_TRAFFIC'},62,{2},6.435483870967742
2e68e6d1,2e68e6d14,2020-10-29,16,{'JAM'},{'JAM_STAND_STILL_TRAFFIC'},18,{2},8.0
2e68e6d1,2e68e6d14,2020-10-29,18,{'JAM'},{'JAM_STAND_STILL_TRAFFIC'},31,{2},5.0
2e68e6d1,2e68e6d14,2020-10-29,19,{'JAM'},{'JAM_STAND_STILL_TRAFFIC'},31,{2},5.0
2e68e6d1,2e68e6d14,2020-10-30,14,{'JAM'},"{'JAM', 'JAM_HEAVY_TRAFFIC'}",46,{2},6.0
2e68e6d1,2e68e6d14,2020-10-30,17,{'JAM'},{'JAM_STAND_STILL_TRAFFIC'},31,{2},5.0
2e68e6d1,2e68e6d14,2020-10-30,18,{'JAM'},"{'JAM_STAND_STILL_TRAFFIC', 'JAM_HEAVY_TRAFFIC'}",57,{2},6.859649122807017
2e68e6d1,2e68e6d14,2020-10-30,19,{'JAM'},{'JAM_STAND_STILL_TRAFFIC'},36,{2},7.722222222222222
2e68e6d1,2e68e6d14,2020-10-31,16,{'JAM'},{'JAM_STAND_STILL_TRAFFIC'},31,{2},5.67741935483871
2e68e6d1,2e68e6d14,2020-10-31,17,{'JAM'},{'JAM_STAND_STILL_TRAFFIC'},42,{2},6.309523809523809
2e68e6d1,2e68e6d14,2020-10-31,18,{'JAM'},{'JAM_STAND_STILL_TRAFFIC'},2,{2},5.5
2e68e6d1,2e68e6d14,2020-10-31,20,{'JAM'},{'JAM_STAND_STILL_TRAFFIC'},46,{2},6.673913043478261
2e68e6d1,2e68e6d14,2020-11-06,18,{'JAM'},{'JAM_HEAVY_TRAFFIC'},32,{2},5.0
2e68e6d1,2e68e6d14,2020-11-07,17,{'JAM'},{'JAM_STAND_STILL_TRAFFIC'},31,{2},5.774193548387097
2e68e6d1,2e68e6d14,2020-11-07,18,{'JAM'},{'JAM_STAND_STILL_TRAFFIC'},31,{2},5.903225806451613
2e68e6d1,2e68e6d14,2020-11-07,20,{'JAM'},{'JAM_STAND_STILL_TRAFFIC'},18,{2},9.722222222222221
2e68e6d1,2e68e6d14,2020-11-08,14,{'JAM'},{'JAM_STAND_STILL_TRAFFIC'},30,{2},5.6
2e68e6d1,2e68e6d14,2020-11-08,15,{'JAM'},{'JAM_STAND_STILL_TRAFFIC'},34,{2},5.0
2e68e6d1,2e68e6d14,2020-11-08,17,{'JAM'},{'JAM_HEAVY_TRAFFIC'},31,{2},7.32258064516129
2e68e6d1,2e68e6d14,2020-11-15,12,{'JAM'},{'JAM_STAND_STILL_TRAFFIC'},30,{2},5.0
2e68e6d1,2e68e6d14,2020-11-15,13,{'JAM'},{'JAM'},27,{2},5.962962962962963
2e68e6d1,2e68e6d14,2020-11-16,20,{'JAM'},{'JAM_STAND_STILL_TRAFFIC'},20,{2},5.0
2e68e6d3,2e68e6d3c,2020-10-03,16,{'JAM'},{'JAM_HEAVY_TRAFFIC'},5,{2},5.0
2e68e6d3,2e68e6d3c,2020-10-04,15,{'JAM'},{'JAM_STAND_STILL_TRAFFIC'},30,{2},5.0
2e68e6d3,2e68e6d3c,2020-10-04,16,{'JAM'},{'JAM_STAND_STILL_TRAFFIC'},30,{2},6.866666666666666
2e68e6d3,2e68e6d3c,2020-10-10,17,{'JAM'},"{'JAM_STAND_STILL_TRAFFIC', 'JAM_HEAVY_TRAFFIC'}",64,{2},5.375
2e68e6d3,2e68e6d3c,2020-10-11,17,{'JAM'},{'JAM_HEAVY_TRAFFIC'},31,{2},5.0
2e68e6d3,2e68e6d3c,2020-10-25,17,{'JAM'},{'JAM_STAND_STILL_TRAFFIC'},61,{2},5.0
2e68e6d3,2e68e6d3c,2020-10-25,18,{'JAM'},{'JAM'},32,{2},6.78125
2e68e6d3,2e68e6d3c,2020-10-28,19,{'JAM'},{'JAM_STAND_STILL_TRAFFIC'},6,{2},5.0
2e68e6d3,2e68e6d3c,2020-10-29,16,{'JAM'},{'JAM_STAND_STILL_TRAFFIC'},13,{2},6.461538461538462
2e68e6d3,2e68e6d3c,2020-10-29,18,{'JAM'},{'JAM_HEAVY_TRAFFIC'},63,{2},9.015873015873016
2e68e6d3,2e68e6d3c,2020-10-30,14,{'JAM'},{'JAM_HEAVY_TRAFFIC'},26,{2},6.0
2e68e6d3,2e68e6d3c,2020-10-30,18,{'JAM'},"{'JAM_STAND_STILL_TRAFFIC', 'JAM_HEAVY_TRAFFIC'}",43,{2},5.372093023255814
2e68e6d3,2e68e6d3c,2020-10-30,19,{'JAM'},{'JAM_STAND_STILL_TRAFFIC'},31,{2},5.967741935483871
2e68e6d3,2e68e6d3c,2020-10-30,21,{'JAM'},{'JAM_MODERATE_TRAFFIC'},32,{2},5.71875
2e68e6d3,2e68e6d3c,2020-10-31,18,{'JAM'},{'JAM_STAND_STILL_TRAFFIC'},29,{2},9.0
2e68e6d3,2e68e6d3c,2020-10-31,19,{'JAM'},{'JAM'},32,{2},5.0
2e68e6d3,2e68e6d3c,2020-11-01,14,{'JAM'},{'JAM_HEAVY_TRAFFIC'},30,{2},5.0
2e68e6d3,2e68e6d3c,2020-11-07,15,{'JAM'},{'JAM_HEAVY_TRAFFIC'},32,{2},5.0
2e68e6d3,2e68e6d3c,2020-11-07,16,{'JAM'},{'JAM_STAND_STILL_TRAFFIC'},34,{2},5.970588235294118
2e68e6d3,2e68e6d3c,2020-11-07,20,{'JAM'},"{'JAM_STAND_STILL_TRAFFIC', 'JAM_HEAVY_TRAFFIC'}",53,{2},5.490566037735849
2e68e6d3,2e68e6d3c,2020-11-07,21,{'JAM'},{'JAM_STAND_STILL_TRAFFIC'},30,{2},5.0
2e68e6d3,2e68e6d3c,2020-11-08,18,{'JAM'},{'JAM_HEAVY_TRAFFIC'},31,{2},5.0
2e68e6d3,2e68e6d3c,2020-11-14,16,{'JAM'},{'JAM_HEAVY_TRAFFIC'},28,{2},7.642857142857143
2e68e6d3,2e68e6d3c,2020-11-14,17,{'JAM'},{'JAM_HEAVY_TRAFFIC'},28,{2},5.0
2e68e6d3,2e68e6d3c,2020-11-15,17,{'JAM'},{'JAM_STAND_STILL_TRAFFIC'},40,{2},5.375
2e68e6d3,2e68e6d3c,2020-11-22,14,{'JAM'},{'JAM_STAND_STILL_TRAFFIC'},7,{2},7.0
2e68e6d3,2e68e6d3c,2020-11-22,17,{'JAM'},{'JAM_STAND_STILL_TRAFFIC'},32,{2},5.0
2e68e6d5,2e68e6d44,2020-10-28,12,{'JAM'},{'JAM_HEAVY_TRAFFIC'},14,{2},6.0
2e68e6d5,2e68e6d44,2020-10-29,12,{'JAM'},{'JAM_STAND_STILL_TRAFFIC'},5,{2},5.0
2e68e6d5,2e68e6d44,2020-10-31,18,{'JAM'},{'JAM_STAND_STILL_TRAFFIC'},3,{2},8.0
2e68e6d5,2e68e6d44,2020-11-07,13,{'JAM'},{'JAM_STAND_STILL_TRAFFIC'},6,{2},5.0
2e68e6d5,2e68e6d44,2020-11-22,14,{'JAM'},{'JAM_STAND_STILL_TRAFFIC'},13,{2},5.538461538461538
2e68e6d7,2e68e6d6c,2020-09-05,15,{'JAM'},{'JAM_HEAVY_TRAFFIC'},32,{2},5.0
2e68e6d7,2e68e6d6c,2020-10-04,11,{'JAM'},{'JAM_MODERATE_TRAFFIC'},5,{2},5.0
2e68e6d7,2e68e6d6c,2020-10-11,12,{'JAM'},{'JAM_STAND_STILL_TRAFFIC'},33,{2},5.0
2e68e6d7,2e68e6d6c,2020-10-11,13,{'JAM'},{'JAM_STAND_STILL_TRAFFIC'},38,{2},5.394736842105263
2e68e6d7,2e68e6d6c,2020-10-29,14,{'JAM'},{'JAM_STAND_STILL_TRAFFIC'},33,{2},5.848484848484849
2e68e6d7,2e68e6d6c,2020-10-31,11,{'JAM'},{'JAM_STAND_STILL_TRAFFIC'},32,{2},7.15625
2e68e6d9,2e68e6d94,2020-09-06,17,{'JAM'},{'JAM_HEAVY_TRAFFIC'},30,{2},5.866666666666666
2e68e6db,2e68e6dac,2020-09-06,15,{'JAM'},{'JAM'},30,{2},5.0
2e68e6db,2e68e6dac,2020-09-12,15,{'JAM'},{'JAM_STAND_STILL_TRAFFIC'},33,{2},5.0
2e68e6db,2e68e6dac,2020-09-12,16,{'JAM'},{'JAM_HEAVY_TRAFFIC'},31,{2},5.0
2e68e6db,2e68e6dac,2020-09-13,17,{'JAM'},{'JAM_STAND_STILL_TRAFFIC'},13,{2},5.0
2e68e6db,2e68e6dac,2020-09-19,14,{'JAM'},"{'JAM_STAND_STILL_TRAFFIC', 'JAM_HEAVY_TRAFFIC'}",14,{2},5.0
2e68e6db,2e68e6dac,2020-09-19,15,{'JAM'},{'JAM_STAND_STILL_TRAFFIC'},11,{2},5.0
2e68e6db,2e68e6dac,2020-10-04,16,{'JAM'},{'JAM_HEAVY_TRAFFIC'},33,{2},5.0
2e68e6db,2e68e6dac,2020-10-17,19,{'JAM'},{'JAM_HEAVY_TRAFFIC'},31,{2},5.0
2e68e6db,2e68e6dac,2020-10-24,13,{'JAM'},{'JAM_STAND_STILL_TRAFFIC'},30,{2},5.0
2e68e6db,2e68e6dac,2020-10-25,14,{'JAM'},{'JAM_STAND_STILL_TRAFFIC'},48,{2},5.395833333333333
2e68e6db,2e68e6dac,2020-10-25,15,{'JAM'},{'JAM_HEAVY_TRAFFIC'},18,{1},5.0
2e68e6db,2e68e6dac,2020-10-25,16,{'JAM'},{'JAM_HEAVY_TRAFFIC'},30,{2},5.0
2e68e6db,2e68e6dac,2020-10-25,17,{'JAM'},{'JAM_STAND_STILL_TRAFFIC'},10,{2},5.0
2e68e6db,2e68e6dac,2020-10-25,18,{'JAM'},{'JAM'},4,{2},5.0
2e68e6db,2e68e6dac,2020-10-25,20,{'JAM'},{'JAM_HEAVY_TRAFFIC'},29,{2},5.0
2e68e6db,2e68e6dac,2020-10-28,12,{'JAM'},{'JAM_MODERATE_TRAFFIC'},11,{2},5.0
2e68e6db,2e68e6dac,2020-10-29,13,{'JAM'},{'JAM_STAND_STILL_TRAFFIC'},32,{2},5.0
2e68e6db,2e68e6dac,2020-10-29,16,{'JAM'},{'JAM_STAND_STILL_TRAFFIC'},30,{2},5.0
2e68e6db,2e68e6dac,2020-10-29,17,{'JAM'},{'JAM_STAND_STILL_TRAFFIC'},30,{2},5.0
2e68e6db,2e68e6dac,2020-10-29,18,{'JAM'},{'JAM_HEAVY_TRAFFIC'},10,{2},5.1
2e68e6db,2e68e6dac,2020-10-29,22,{'JAM'},{'JAM_STAND_STILL_TRAFFIC'},7,{2},5.0
2e68e6db,2e68e6dac,2020-10-30,11,{'JAM'},{'JAM_STAND_STILL_TRAFFIC'},30,{2},5.0
2e68e6db,2e68e6dac,2020-10-30,14,{'JAM'},{'JAM_HEAVY_TRAFFIC'},13,{2},5.0
2e68e6db,2e68e6dac,2020-10-30,15,{'JAM'},{'JAM_HEAVY_TRAFFIC'},2,{2},6.0
2e68e6db,2e68e6dac,2020-10-30,18,{'JAM'},{'JAM_STAND_STILL_TRAFFIC'},53,{2},6.226415094339623
2e68e6db,2e68e6dac,2020-10-30,19,{'JAM'},{'JAM_HEAVY_TRAFFIC'},32,{2},8.0625
2e68e6db,2e68e6dac,2020-10-31,13,{'JAM'},{'JAM_HEAVY_TRAFFIC'},32,{2},5.0
2e68e6db,2e68e6dac,2020-10-31,19,{'JAM'},{'JAM_STAND_STILL_TRAFFIC'},33,{2},5.848484848484849
2e68e6db,2e68e6dac,2020-11-08,13,{'JAM'},{'JAM_STAND_STILL_TRAFFIC'},22,{2},5.0
2e68e6db,2e68e6dac,2020-11-08,14,{'JAM'},{'JAM_HEAVY_TRAFFIC'},32,{2},5.46875
2e68e6db,2e68e6dac,2020-11-14,21,{'JAM'},{'JAM_HEAVY_TRAFFIC'},31,{2},5.0
2e68e6db,2e68e6dac,2020-11-15,12,{'JAM'},{'JAM_STAND_STILL_TRAFFIC'},30,{2},5.0
2e68e6db,2e68e6dac,2020-11-22,10,"{'JAM', 'WEATHERHAZARD'}","{'HAZARD_ON_ROAD_CAR_STOPPED', 'JAM_HEAVY_TRAFFIC'}",77,{2},5.194805194805195
2e68e6db,2e68e6dac,2020-11-22,18,{'JAM'},{'JAM'},30,{2},6.0
2e68e6dd,2e68e6dcc,2020-10-07,13,{'JAM'},{'JAM_HEAVY_TRAFFIC'},32,{22},5.0
2e68e6df,2e68e6dec,2020-09-06,16,{'JAM'},{'JAM_STAND_STILL_TRAFFIC'},5,{2},5.0
2e68e6df,2e68e6dec,2020-09-06,17,{'JAM'},{'JAM_STAND_STILL_TRAFFIC'},31,{2},5.774193548387097
2e68e6df,2e68e6dec,2020-09-06,18,{'JAM'},{'JAM_STAND_STILL_TRAFFIC'},9,{2},5.0
2e68e6df,2e68e6dec,2020-10-29,13,{'JAM'},{'JAM_MODERATE_TRAFFIC'},5,{2},5.0
2e68e6df,2e68e6df4,2020-09-06,17,{'JAM'},{'JAM_STAND_STILL_TRAFFIC'},85,{2},6.2823529411764705
2e68e6df,2e68e6df4,2020-09-06,19,{'JAM'},{'JAM_HEAVY_TRAFFIC'},11,{2},5.909090909090909
2e68e6df,2e68e6df4,2020-11-08,18,{'JAM'},{'JAM_STAND_STILL_TRAFFIC'},28,{2},5.0
2e68e6df,2e68e6dfc,2020-09-05,20,{'JAM'},{'JAM_HEAVY_TRAFFIC'},12,{2},5.0
2e68e6df,2e68e6dfc,2020-09-06,16,{'JAM'},{'JAM_STAND_STILL_TRAFFIC'},36,{2},5.694444444444445
2e68e6df,2e68e6dfc,2020-09-13,13,{'JAM'},{'JAM_STAND_STILL_TRAFFIC'},34,{2},5.0
2e68e6df,2e68e6dfc,2020-09-17,17,{'JAM'},{'JAM_HEAVY_TRAFFIC'},10,{2},5.0
2e68e6df,2e68e6dfc,2020-10-02,16,{'JAM'},{'JAM_STAND_STILL_TRAFFIC'},36,{2},5.0
2e68e6df,2e68e6dfc,2020-10-17,18,{'JAM'},{'JAM_STAND_STILL_TRAFFIC'},31,{2},5.0
2e68e6df,2e68e6dfc,2020-10-26,0,{'JAM'},{'JAM_STAND_STILL_TRAFFIC'},9,{2},5.0
2e68e6df,2e68e6dfc,2020-10-29,13,{'JAM'},{'JAM_HEAVY_TRAFFIC'},31,{2},5.0
2e68e6df,2e68e6dfc,2020-10-30,14,{'JAM'},{'JAM_STAND_STILL_TRAFFIC'},33,{2},5.636363636363637
2e68e6df,2e68e6dfc,2020-10-30,16,{'WEATHERHAZARD'},{'WEATHERHAZARD'},55,{2},7.9818181818181815
2e68e6df,2e68e6dfc,2020-10-31,16,{'JAM'},{'JAM_HEAVY_TRAFFIC'},39,{2},6.82051282051282
2e68e6df,2e68e6dfc,2020-11-07,18,{'JAM'},{'JAM_STAND_STILL_TRAFFIC'},26,{2},6.0
2e68e6df,2e68e6dfc,2020-11-14,10,{'JAM'},{'JAM_STAND_STILL_TRAFFIC'},33,{2},5.0
2e68e6df,2e68e6dfc,2020-11-21,17,{'JAM'},{'JAM_MODERATE_TRAFFIC'},21,{2},5.0
2e68e6e1,2e68e6e04,2020-09-05,10,{'JAM'},"{'JAM_STAND_STILL_TRAFFIC', 'JAM_HEAVY_TRAFFIC'}",70,{2},5.414285714285715
2e68e6e1,2e68e6e04,2020-09-05,15,{'JAM'},{'JAM_HEAVY_TRAFFIC'},43,{2},5.348837209302325
2e68e6e1,2e68e6e04,2020-09-06,12,{'JAM'},{'JAM_STAND_STILL_TRAFFIC'},30,{2},5.0
2e68e6e1,2e68e6e04,2020-09-06,13,{'JAM'},{'JAM'},31,{2},5.0
2e68e6e1,2e68e6e04,2020-09-06,16,{'JAM'},{'JAM_STAND_STILL_TRAFFIC'},30,{2},5.0
2e68e6e1,2e68e6e04,2020-09-07,17,{'JAM'},{'JAM_HEAVY_TRAFFIC'},16,{2},5.0
2e68e6e1,2e68e6e04,2020-09-12,15,{'JAM'},{'JAM_STAND_STILL_TRAFFIC'},66,{2},5.0
2e68e6e1,2e68e6e04,2020-09-12,17,{'JAM'},{'JAM_HEAVY_TRAFFIC'},31,{2},5.0
2e68e6e1,2e68e6e04,2020-09-12,19,{'JAM'},"{'JAM_STAND_STILL_TRAFFIC', 'JAM_HEAVY_TRAFFIC'}",76,{2},5.2105263157894735
2e68e6e1,2e68e6e04,2020-09-13,11,{'JAM'},{'JAM_HEAVY_TRAFFIC'},31,{2},5.0
2e68e6e1,2e68e6e04,2020-09-13,15,{'JAM'},{'JAM_STAND_STILL_TRAFFIC'},34,{2},5.970588235294118
2e68e6e1,2e68e6e04,2020-09-26,16,{'JAM'},{'JAM_STAND_STILL_TRAFFIC'},32,{2},5.0
2e68e6e1,2e68e6e04,2020-10-03,16,{'JAM'},{'JAM_STAND_STILL_TRAFFIC'},116,{2},6.862068965517241
2e68e6e1,2e68e6e04,2020-10-04,17,{'JAM'},{'JAM_STAND_STILL_TRAFFIC'},33,{2},5.0
2e68e6e1,2e68e6e04,2020-10-10,17,{'JAM'},{'JAM_STAND_STILL_TRAFFIC'},32,{2},5.0
2e68e6e1,2e68e6e04,2020-10-10,18,{'JAM'},{'JAM_STAND_STILL_TRAFFIC'},30,{2},5.966666666666667
2e68e6e1,2e68e6e04,2020-10-11,13,{'JAM'},{'JAM_STAND_STILL_TRAFFIC'},61,{2},5.0
2e68e6e1,2e68e6e04,2020-10-11,15,{'JAM'},{'JAM_HEAVY_TRAFFIC'},30,{2},6.6
2e68e6e1,2e68e6e04,2020-10-11,16,{'JAM'},"{'JAM_STAND_STILL_TRAFFIC', 'JAM_HEAVY_TRAFFIC'}",51,{2},5.313725490196078
2e68e6e1,2e68e6e04,2020-10-17,11,{'JAM'},{'JAM_HEAVY_TRAFFIC'},32,{2},5.625
2e68e6e1,2e68e6e04,2020-10-17,16,{'JAM'},{'JAM_HEAVY_TRAFFIC'},11,{2},5.909090909090909
2e68e6e1,2e68e6e04,2020-10-23,9,{'ACCIDENT'},{'ACCIDENT'},120,{1},5.0
2e68e6e1,2e68e6e04,2020-10-24,14,{'JAM'},{'JAM_STAND_STILL_TRAFFIC'},31,{2},5.0
2e68e6e1,2e68e6e04,2020-10-24,16,{'JAM'},{'JAM'},31,{2},6.0
2e68e6e1,2e68e6e04,2020-10-24,17,{'JAM'},{'JAM_STAND_STILL_TRAFFIC'},31,{2},5.0
2e68e6e1,2e68e6e04,2020-10-24,18,{'JAM'},{'JAM_STAND_STILL_TRAFFIC'},46,{2},5.369565217391305
2e68e6e1,2e68e6e04,2020-10-25,13,{'JAM'},{'JAM_STAND_STILL_TRAFFIC'},31,{2},5.0
2e68e6e1,2e68e6e04,2020-10-28,13,{'JAM'},{'JAM_HEAVY_TRAFFIC'},30,{2},5.0
2e68e6e1,2e68e6e04,2020-10-28,15,{'JAM'},{'JAM_HEAVY_TRAFFIC'},42,{2},5.380952380952381
2e68e6e1,2e68e6e04,2020-10-28,16,{'JAM'},{'JAM_STAND_STILL_TRAFFIC'},11,{2},5.0
2e68e6e1,2e68e6e04,2020-10-29,11,{'JAM'},{'JAM_HEAVY_TRAFFIC'},38,{2},5.394736842105263
2e68e6e1,2e68e6e04,2020-10-29,12,{'JAM'},{'JAM_STAND_STILL_TRAFFIC'},7,{1},5.0
2e68e6e1,2e68e6e04,2020-10-29,13,{'JAM'},{'JAM_STAND_STILL_TRAFFIC'},70,{2},5.685714285714286
2e68e6e1,2e68e6e04,2020-10-29,15,{'JAM'},{'JAM_STAND_STILL_TRAFFIC'},13,{2},5.846153846153846
2e68e6e1,2e68e6e04,2020-10-29,17,{'JAM'},{'JAM_STAND_STILL_TRAFFIC'},45,{2},7.266666666666667
2e68e6e1,2e68e6e04,2020-10-29,18,{'JAM'},{'JAM_STAND_STILL_TRAFFIC'},33,{2},5.0
2e68e6e1,2e68e6e04,2020-10-30,11,{'JAM'},{'JAM_STAND_STILL_TRAFFIC'},6,{2},6.333333333333333
2e68e6e1,2e68e6e04,2020-10-30,14,{'JAM'},{'JAM_HEAVY_TRAFFIC'},30,{2},6.0
2e68e6e1,2e68e6e04,2020-10-30,15,{'JAM'},{'JAM_HEAVY_TRAFFIC'},42,{2},6.214285714285714
2e68e6e1,2e68e6e04,2020-10-30,16,{'JAM'},{'JAM_STAND_STILL_TRAFFIC'},46,{2},5.413043478260869
2e68e6e1,2e68e6e04,2020-10-30,18,{'JAM'},{'JAM_STAND_STILL_TRAFFIC'},31,{2},5.0
2e68e6e1,2e68e6e04,2020-10-31,10,{'JAM'},{'JAM'},32,{2},5.0
2e68e6e1,2e68e6e04,2020-10-31,13,{'JAM'},{'JAM_STAND_STILL_TRAFFIC'},36,{2},6.583333333333333
2e68e6e1,2e68e6e04,2020-11-01,14,{'JAM'},{'JAM_STAND_STILL_TRAFFIC'},31,{2},5.0
2e68e6e1,2e68e6e04,2020-11-06,15,{'JAM'},{'JAM_HEAVY_TRAFFIC'},33,{2},5.0
2e68e6e1,2e68e6e04,2020-11-07,11,{'JAM'},{'JAM_HEAVY_TRAFFIC'},32,{2},5.0
2e68e6e1,2e68e6e04,2020-11-07,12,{'JAM'},{'JAM_STAND_STILL_TRAFFIC'},32,{2},5.0
2e68e6e1,2e68e6e04,2020-11-07,16,{'JAM'},{'JAM_STAND_STILL_TRAFFIC'},30,{2},5.0
2e68e6e1,2e68e6e04,2020-11-07,18,{'JAM'},{'JAM_STAND_STILL_TRAFFIC'},41,{2},5.414634146341464
2e68e6e1,2e68e6e04,2020-11-07,20,{'JAM'},{'JAM_STAND_STILL_TRAFFIC'},74,{2},5.216216216216216
2e68e6e1,2e68e6e04,2020-11-08,11,{'JAM'},{'JAM_STAND_STILL_TRAFFIC'},90,{2},5.766666666666667
2e68e6e1,2e68e6e04,2020-11-08,13,{'JAM'},{'JAM_STAND_STILL_TRAFFIC'},31,{2},5.67741935483871
2e68e6e1,2e68e6e04,2020-11-08,14,{'JAM'},{'JAM_STAND_STILL_TRAFFIC'},30,{2},5.0
2e68e6e1,2e68e6e04,2020-11-08,17,{'JAM'},{'JAM_STAND_STILL_TRAFFIC'},33,{2},6.575757575757576
2e68e6e1,2e68e6e04,2020-11-13,13,{'JAM'},{'JAM_STAND_STILL_TRAFFIC'},71,{2},5.661971830985915
2e68e6e1,2e68e6e04,2020-11-14,12,{'JAM'},{'JAM_STAND_STILL_TRAFFIC'},30,{2},5.0
2e68e6e1,2e68e6e04,2020-11-14,18,"{'JAM', 'WEATHERHAZARD'}","{'HAZARD_ON_SHOULDER_CAR_STOPPED', 'JAM_STAND_STILL_TRAFFIC', 'JAM_HEAVY_TRAFFIC'}",92,{2},5.086956521739131
2e68e6e1,2e68e6e04,2020-11-15,13,{'JAM'},"{'JAM_STAND_STILL_TRAFFIC', 'JAM_HEAVY_TRAFFIC'}",72,{2},6.097222222222222
2e68e6e1,2e68e6e04,2020-11-15,14,{'JAM'},{'JAM_STAND_STILL_TRAFFIC'},23,{2},5.0
2e68e6e1,2e68e6e04,2020-11-15,17,{'JAM'},{'JAM_STAND_STILL_TRAFFIC'},33,{2},6.878787878787879
2e68e6e1,2e68e6e04,2020-11-20,13,{'JAM'},{'JAM_HEAVY_TRAFFIC'},48,{2},5.333333333333333
2e68e6e1,2e68e6e04,2020-11-21,13,{'JAM'},{'JAM'},12,{2},5.0
2e68e6e1,2e68e6e04,2020-11-21,19,{'JAM'},{'JAM_STAND_STILL_TRAFFIC'},44,{2},5.363636363636363
2e68e6e1,2e68e6e04,2020-11-22,11,{'JAM'},"{'JAM', 'JAM_STAND_STILL_TRAFFIC'}",63,{2},5.0
2e68e6e1,2e68e6e04,2020-11-22,15,{'JAM'},"{'JAM_STAND_STILL_TRAFFIC', 'JAM_HEAVY_TRAFFIC'}",64,{2},5.4375
2e68e6e1,2e68e6e1c,2020-09-05,10,{'JAM'},{'JAM_HEAVY_TRAFFIC'},35,{2},5.9714285714285715
2e68e6e1,2e68e6e1c,2020-09-05,12,{'JAM'},{'JAM_STAND_STILL_TRAFFIC'},30,{2},5.0
2e68e6e1,2e68e6e1c,2020-09-05,13,{'JAM'},{'JAM_HEAVY_TRAFFIC'},32,{2},5.96875
2e68e6e1,2e68e6e1c,2020-09-05,15,{'JAM'},{'JAM_STAND_STILL_TRAFFIC'},85,{2},5.6
2e68e6e1,2e68e6e1c,2020-09-05,17,{'JAM'},{'JAM_STAND_STILL_TRAFFIC'},56,"{2, 20}",5.0
2e68e6e1,2e68e6e1c,2020-09-05,19,{'JAM'},{'JAM_STAND_STILL_TRAFFIC'},37,{2},5.0
2e68e6e1,2e68e6e1c,2020-09-06,14,{'JAM'},{'JAM_STAND_STILL_TRAFFIC'},31,{2},5.0
2e68e6e1,2e68e6e1c,2020-09-12,17,{'JAM'},{'JAM_STAND_STILL_TRAFFIC'},31,{2},5.0
2e68e6e1,2e68e6e1c,2020-10-01,19,{'WEATHERHAZARD'},{'WEATHERHAZARD'},31,{20},5.0
2e68e6e1,2e68e6e1c,2020-10-03,16,{'JAM'},{'JAM_STAND_STILL_TRAFFIC'},69,{2},6.579710144927536
2e68e6e1,2e68e6e1c,2020-10-10,17,{'JAM'},{'JAM_STAND_STILL_TRAFFIC'},39,{2},5.435897435897436
2e68e6e1,2e68e6e1c,2020-10-11,13,{'JAM'},{'JAM_STAND_STILL_TRAFFIC'},27,{2},5.0
2e68e6e1,2e68e6e1c,2020-10-25,10,{'JAM'},{'JAM_HEAVY_TRAFFIC'},46,{2},5.369565217391305
2e68e6e1,2e68e6e1c,2020-10-28,13,{'JAM'},{'JAM'},32,{2},5.0
2e68e6e1,2e68e6e1c,2020-10-29,10,"{'JAM', 'ACCIDENT'}","{'JAM_STAND_STILL_TRAFFIC', 'ACCIDENT_MAJOR'}",52,{2},6.788461538461538
2e68e6e1,2e68e6e1c,2020-10-29,11,{'JAM'},{'JAM_HEAVY_TRAFFIC'},31,{2},5.903225806451613
2e68e6e1,2e68e6e1c,2020-10-29,13,{'JAM'},{'JAM_STAND_STILL_TRAFFIC'},81,{2},5.765432098765432
2e68e6e1,2e68e6e1c,2020-10-29,14,{'JAM'},{'JAM_HEAVY_TRAFFIC'},31,{2},5.0
2e68e6e1,2e68e6e1c,2020-10-29,17,{'JAM'},{'JAM_STAND_STILL_TRAFFIC'},2,{2},5.0
2e68e6e1,2e68e6e1c,2020-10-30,11,{'JAM'},{'JAM_STAND_STILL_TRAFFIC'},30,{2},5.6
2e68e6e1,2e68e6e1c,2020-10-30,15,{'JAM'},{'JAM_STAND_STILL_TRAFFIC'},39,{2},5.641025641025641
2e68e6e1,2e68e6e1c,2020-10-30,16,{'JAM'},{'JAM_STAND_STILL_TRAFFIC'},67,{2},6.17910447761194
2e68e6e1,2e68e6e1c,2020-10-30,18,{'JAM'},{'JAM_STAND_STILL_TRAFFIC'},30,{2},5.0
2e68e6e1,2e68e6e1c,2020-10-30,19,{'JAM'},{'JAM_HEAVY_TRAFFIC'},30,{2},5.966666666666667
2e68e6e1,2e68e6e1c,2020-10-31,12,{'JAM'},{'JAM_HEAVY_TRAFFIC'},34,{2},5.0
2e68e6e1,2e68e6e1c,2020-10-31,13,{'JAM'},"{'JAM', 'JAM_HEAVY_TRAFFIC'}",47,"{1, 2}",5.319148936170213
2e68e6e1,2e68e6e1c,2020-10-31,15,{'JAM'},{'JAM_MODERATE_TRAFFIC'},31,{2},5.0
2e68e6e1,2e68e6e1c,2020-11-07,12,{'JAM'},{'JAM_STAND_STILL_TRAFFIC'},31,{2},5.935483870967742
2e68e6e1,2e68e6e1c,2020-11-07,14,{'JAM'},{'JAM'},32,{2},5.0
2e68e6e1,2e68e6e1c,2020-11-07,15,{'JAM'},{'JAM_STAND_STILL_TRAFFIC'},44,{2},5.340909090909091
2e68e6e1,2e68e6e1c,2020-11-07,17,{'JAM'},{'JAM_HEAVY_TRAFFIC'},46,{2},5.391304347826087
2e68e6e1,2e68e6e1c,2020-11-07,18,{'JAM'},{'JAM_STAND_STILL_TRAFFIC'},75,{2},5.84
2e68e6e1,2e68e6e1c,2020-11-08,10,{'JAM'},{'JAM_STAND_STILL_TRAFFIC'},79,{2},6.582278481012659
2e68e6e1,2e68e6e1c,2020-11-08,11,{'JAM'},{'JAM_STAND_STILL_TRAFFIC'},30,{2},5.5
2e68e6e1,2e68e6e1c,2020-11-08,13,{'JAM'},{'JAM_STAND_STILL_TRAFFIC'},45,{2},8.377777777777778
2e68e6e1,2e68e6e1c,2020-11-14,10,{'JAM'},{'JAM_STAND_STILL_TRAFFIC'},65,"{1, 2}",5.0
2e68e6e1,2e68e6e1c,2020-11-14,11,{'JAM'},{'JAM_STAND_STILL_TRAFFIC'},30,{2},5.0
2e68e6e1,2e68e6e1c,2020-11-14,13,{'JAM'},{'JAM_HEAVY_TRAFFIC'},36,{2},6.333333333333333
2e68e6e1,2e68e6e1c,2020-11-14,17,{'JAM'},{'JAM_STAND_STILL_TRAFFIC'},21,{2},6.0
2e68e6e1,2e68e6e1c,2020-11-14,18,{'JAM'},{'JAM_STAND_STILL_TRAFFIC'},75,{2},6.426666666666667
2e68e6e1,2e68e6e1c,2020-11-15,12,{'JAM'},{'JAM_HEAVY_TRAFFIC'},44,{2},6.363636363636363
2e68e6e1,2e68e6e1c,2020-11-15,14,{'JAM'},"{'JAM_STAND_STILL_TRAFFIC', 'JAM_HEAVY_TRAFFIC'}",64,{2},5.765625
2e68e6e1,2e68e6e1c,2020-11-15,15,{'JAM'},{'JAM_STAND_STILL_TRAFFIC'},30,{2},5.966666666666667
2e68e6e1,2e68e6e1c,2020-11-21,10,{'JAM'},{'JAM_STAND_STILL_TRAFFIC'},41,{2},7.2926829268292686
2e68e6e1,2e68e6e1c,2020-11-21,12,{'JAM'},{'JAM_STAND_STILL_TRAFFIC'},4,{2},5.0
2e68e6e1,2e68e6e1c,2020-11-21,13,{'JAM'},{'JAM_STAND_STILL_TRAFFIC'},2,{2},5.5
2e68e6e1,2e68e6e1c,2020-11-22,10,{'JAM'},{'JAM_STAND_STILL_TRAFFIC'},30,{2},5.866666666666666
2e68e6e1,2e68e6e1c,2020-11-22,12,{'JAM'},{'JAM_MODERATE_TRAFFIC'},7,{2},5.0
2e68e6e3,2e68e6e24,2020-09-05,15,{'JAM'},{'JAM_STAND_STILL_TRAFFIC'},32,{2},5.90625
2e68e6e3,2e68e6e24,2020-09-05,19,{'JAM'},{'JAM_STAND_STILL_TRAFFIC'},3,{2},5.0
2e68e6e3,2e68e6e24,2020-09-21,17,{'JAM'},{'JAM'},8,{2},5.0
2e68e6e3,2e68e6e24,2020-10-17,18,{'JAM'},{'JAM_MODERATE_TRAFFIC'},28,{2},5.0
2e68e6e3,2e68e6e24,2020-10-29,10,{'JAM'},{'JAM_HEAVY_TRAFFIC'},31,{2},5.0
2e68e6e3,2e68e6e24,2020-10-29,12,{'JAM'},{'JAM_STAND_STILL_TRAFFIC'},35,{2},8.257142857142858
2e68e6e3,2e68e6e24,2020-10-29,13,{'JAM'},{'JAM_STAND_STILL_TRAFFIC'},31,{2},5.0
2e68e6e3,2e68e6e24,2020-10-30,11,{'JAM'},{'JAM_STAND_STILL_TRAFFIC'},31,{2},6.774193548387097
2e68e6e3,2e68e6e24,2020-10-30,14,{'JAM'},{'JAM_HEAVY_TRAFFIC'},32,{2},5.96875
2e68e6e3,2e68e6e24,2020-10-31,13,{'JAM'},{'JAM_STAND_STILL_TRAFFIC'},30,{2},5.0
2e68e6e3,2e68e6e24,2020-11-01,14,{'JAM'},{'JAM'},8,{2},5.0
2e68e6e3,2e68e6e24,2020-11-07,14,{'JAM'},{'JAM_STAND_STILL_TRAFFIC'},10,{2},5.5
2e68e6e3,2e68e6e24,2020-11-07,15,{'JAM'},{'JAM_HEAVY_TRAFFIC'},34,{2},6.411764705882353
2e68e6e3,2e68e6e24,2020-11-07,18,{'JAM'},{'JAM_STAND_STILL_TRAFFIC'},31,{2},5.0
2e68e6e3,2e68e6e24,2020-11-08,10,{'JAM'},{'JAM_HEAVY_TRAFFIC'},45,{2},5.4
2e68e6e3,2e68e6e24,2020-11-14,10,{'JAM'},{'JAM_STAND_STILL_TRAFFIC'},56,{2},5.0
2e68e6e3,2e68e6e24,2020-11-15,13,{'JAM'},{'JAM_STAND_STILL_TRAFFIC'},24,{2},5.0
2e68e6e3,2e68e6e24,2020-11-15,14,{'JAM'},{'JAM_STAND_STILL_TRAFFIC'},23,{2},5.6521739130434785
2e68e6e3,2e68e6e2c,2020-09-05,19,{'JAM'},{'JAM_STAND_STILL_TRAFFIC'},57,{2},5.508771929824562
2e68e6e3,2e68e6e2c,2020-10-22,16,{'JAM'},{'JAM'},6,{2},5.0
2e68e6e3,2e68e6e2c,2020-11-05,13,{'JAM'},{'JAM_HEAVY_TRAFFIC'},27,{2},5.0
2e68e6e3,2e68e6e2c,2020-11-08,11,{'JAM'},{'JAM_STAND_STILL_TRAFFIC'},30,{2},5.0
2e68e6e3,2e68e6e34,2020-09-05,19,{'JAM'},{'JAM_STAND_STILL_TRAFFIC'},64,{2},5.0
2e68e6e3,2e68e6e34,2020-10-03,19,{'JAM'},{'JAM'},31,{2},5.0
2e68e6e3,2e68e6e34,2020-10-30,18,{'JAM'},{'JAM_MODERATE_TRAFFIC'},30,{2},5.0
2e68e6e3,2e68e6e3c,2020-10-30,6,{'JAM'},"{'JAM_STAND_STILL_TRAFFIC', 'JAM_HEAVY_TRAFFIC'}",63,{1},5.492063492063492
2e68e6e3,2e68e6e3c,2020-11-10,12,"{'WEATHERHAZARD', 'ACCIDENT'}","{'WEATHERHAZARD', 'ACCIDENT'}",153,{1},5.0
2e68e6e7,2e68e6e6c,2020-09-21,8,{'JAM'},{'JAM'},30,{1},5.0
2e68e6e7,2e68e6e6c,2020-10-04,17,{'JAM'},{'JAM'},32,{1},5.96875
2e68e6e9,2e68e6e84,2020-10-10,16,{'JAM'},{'JAM'},7,{1},5.0
2e68e6e9,2e68e6e84,2020-10-28,14,{'JAM'},{'JAM_MODERATE_TRAFFIC'},25,{1},5.0
2e68e6e9,2e68e6e94,2020-09-05,19,{'JAM'},{'JAM_MODERATE_TRAFFIC'},29,{2},5.0
2e68e6e9,2e68e6e94,2020-10-10,17,{'JAM'},{'JAM_STAND_STILL_TRAFFIC'},30,{2},5.0
2e68e6e9,2e68e6e94,2020-10-25,11,{'JAM'},{'JAM_MODERATE_TRAFFIC'},27,{2},5.0
2e68e6e9,2e68e6e94,2020-10-28,12,{'JAM'},{'JAM_MODERATE_TRAFFIC'},30,{2},5.0
2e68e6e9,2e68e6e9c,2020-10-25,11,{'JAM'},{'JAM_STAND_STILL_TRAFFIC'},22,{2},5.0
2e68e6e9,2e68e6e9c,2020-10-28,12,{'JAM'},{'JAM_MODERATE_TRAFFIC'},5,{2},5.0
2e68e6e9,2e68e6e9c,2020-10-29,15,{'JAM'},{'JAM_STAND_STILL_TRAFFIC'},32,{1},5.65625
2e68e6e9,2e68e6e9c,2020-10-29,18,{'JAM'},{'JAM_MODERATE_TRAFFIC'},12,{2},5.0
2e68e6e9,2e68e6e9c,2020-10-30,9,{'JAM'},{'JAM_HEAVY_TRAFFIC'},33,{2},5.909090909090909
2e68e6e9,2e68e6e9c,2020-10-31,16,{'JAM'},{'JAM_HEAVY_TRAFFIC'},32,{2},6.1875
2e68e6e9,2e68e6e9c,2020-11-15,10,{'JAM'},{'JAM_HEAVY_TRAFFIC'},24,{2},5.0
2e68e6eb,2e68e6ea4,2020-11-22,8,{'JAM'},{'JAM_HEAVY_TRAFFIC'},32,{1},5.0
2e68e6ef,2e68e6ee4,2020-09-05,19,{'JAM'},{'JAM_STAND_STILL_TRAFFIC'},37,{2},5.5675675675675675
2e68e6ef,2e68e6ee4,2020-09-20,16,{'JAM'},{'JAM_HEAVY_TRAFFIC'},15,{2},5.0
2e68e6ef,2e68e6ee4,2020-09-26,14,{'JAM'},{'JAM_HEAVY_TRAFFIC'},8,{2},6.0
2e68e6ef,2e68e6ee4,2020-10-04,21,{'JAM'},{'JAM_STAND_STILL_TRAFFIC'},31,{2},5.0
2e68e6ef,2e68e6ee4,2020-10-10,18,{'JAM'},{'JAM_STAND_STILL_TRAFFIC'},38,{2},5.447368421052632
2e68e6ef,2e68e6ee4,2020-10-17,19,{'JAM'},{'JAM_HEAVY_TRAFFIC'},34,{2},5.0
2e68e6ef,2e68e6ee4,2020-10-18,19,{'JAM'},{'JAM_STAND_STILL_TRAFFIC'},32,{2},5.0
2e68e6ef,2e68e6ee4,2020-10-24,17,{'JAM'},{'JAM_STAND_STILL_TRAFFIC'},37,{2},5.4324324324324325
2e68e6ef,2e68e6ee4,2020-10-24,19,{'JAM'},{'JAM_STAND_STILL_TRAFFIC'},30,{2},5.0
2e68e6ef,2e68e6ee4,2020-10-28,12,{'JAM'},{'JAM_HEAVY_TRAFFIC'},30,{2},5.0
2e68e6ef,2e68e6ee4,2020-10-30,16,{'JAM'},{'JAM_HEAVY_TRAFFIC'},75,{2},5.786666666666667
2e68e6ef,2e68e6ee4,2020-10-30,17,{'JAM'},{'JAM_HEAVY_TRAFFIC'},33,{2},5.0
2e68e6ef,2e68e6ee4,2020-10-30,18,{'JAM'},"{'JAM_STAND_STILL_TRAFFIC', 'JAM_HEAVY_TRAFFIC'}",74,{2},5.0
2e68e6ef,2e68e6ee4,2020-10-31,12,{'JAM'},{'JAM_MODERATE_TRAFFIC'},30,{2},5.0
2e68e6ef,2e68e6ee4,2020-10-31,19,{'JAM'},{'JAM_HEAVY_TRAFFIC'},34,{2},5.970588235294118
2e68e6ef,2e68e6ee4,2020-11-14,17,{'JAM'},{'JAM_STAND_STILL_TRAFFIC'},16,{2},5.0
2e68e6ef,2e68e6ee4,2020-11-15,12,{'JAM'},{'JAM_MODERATE_TRAFFIC'},31,{2},5.0
2e68e6ef,2e68e6ee4,2020-11-15,18,{'JAM'},{'JAM_STAND_STILL_TRAFFIC'},30,{2},5.0
2e68e6ef,2e68e6ee4,2020-11-15,19,{'JAM'},{'JAM_STAND_STILL_TRAFFIC'},40,{2},5.4
2e68e6ef,2e68e6eec,2020-09-27,18,{'JAM'},{'JAM_HEAVY_TRAFFIC'},31,{2},5.0
2e68e6ef,2e68e6eec,2020-10-11,16,{'JAM'},{'JAM_STAND_STILL_TRAFFIC'},30,{2},5.733333333333333
2e68e6ef,2e68e6eec,2020-10-18,12,{'JAM'},{'JAM_HEAVY_TRAFFIC'},6,{2},5.0
2e68e6ef,2e68e6eec,2020-11-14,16,{'JAM'},{'JAM_STAND_STILL_TRAFFIC'},21,{2},8.095238095238095
2e68e6ef,2e68e6eec,2020-11-14,18,{'JAM'},{'JAM_HEAVY_TRAFFIC'},30,{2},5.866666666666666
2e68e6ef,2e68e6eec,2020-11-15,18,{'JAM'},{'JAM'},19,{2},5.0
2e68e6f1,2e68e6f14,2020-09-05,18,{'JAM'},{'JAM_STAND_STILL_TRAFFIC'},32,{2},5.0
2e68e6f1,2e68e6f14,2020-09-26,16,{'JAM'},{'JAM_HEAVY_TRAFFIC'},30,{20},5.0
2e68e6f1,2e68e6f14,2020-09-28,14,{'JAM'},{'JAM'},31,{2},5.0
2e68e6f1,2e68e6f14,2020-10-03,18,{'JAM'},{'JAM_HEAVY_TRAFFIC'},31,{2},5.0
2e68e6f1,2e68e6f14,2020-10-10,17,{'JAM'},{'JAM_STAND_STILL_TRAFFIC'},32,{2},5.0
2e68e6f1,2e68e6f14,2020-10-16,16,{'JAM'},"{'JAM_STAND_STILL_TRAFFIC', 'JAM_HEAVY_TRAFFIC'}",63,{2},5.0
2e68e6f1,2e68e6f14,2020-10-16,17,{'WEATHERHAZARD'},{'HAZARD_ON_ROAD_POT_HOLE'},24,{2},5.791666666666667
2e68e6f1,2e68e6f14,2020-10-17,16,{'JAM'},{'JAM_STAND_STILL_TRAFFIC'},1,{2},5.0
2e68e6f1,2e68e6f14,2020-10-21,14,{'JAM'},{'JAM_STAND_STILL_TRAFFIC'},30,{2},5.0
2e68e6f1,2e68e6f14,2020-10-24,10,{'JAM'},{'JAM'},30,{2},5.633333333333334
2e68e6f1,2e68e6f14,2020-10-25,11,{'JAM'},{'JAM_STAND_STILL_TRAFFIC'},30,{2},5.0
2e68e6f1,2e68e6f14,2020-10-29,13,{'JAM'},{'JAM_STAND_STILL_TRAFFIC'},32,{2},5.0
2e68e6f1,2e68e6f14,2020-10-30,14,{'JAM'},{'JAM_HEAVY_TRAFFIC'},30,{2},5.533333333333333
2e68e6f1,2e68e6f14,2020-10-30,19,{'JAM'},{'JAM_MODERATE_TRAFFIC'},31,{2},5.0
2e68e6f1,2e68e6f14,2020-10-31,10,"{'JAM', 'ACCIDENT'}","{'JAM_STAND_STILL_TRAFFIC', 'ACCIDENT', 'JAM_HEAVY_TRAFFIC'}",215,{2},6.772093023255814
2e68e6f1,2e68e6f14,2020-11-06,14,{'JAM'},{'JAM_HEAVY_TRAFFIC'},31,{2},5.0
2e68e6f1,2e68e6f14,2020-11-06,18,{'JAM'},{'JAM_HEAVY_TRAFFIC'},32,{2},5.0
2e68e6f1,2e68e6f14,2020-11-13,17,{'JAM'},{'JAM_HEAVY_TRAFFIC'},49,{2},6.3061224489795915
2e68e6f1,2e68e6f14,2020-11-13,19,{'JAM'},{'JAM_STAND_STILL_TRAFFIC'},31,{2},5.806451612903226
2e68e6f1,2e68e6f14,2020-11-14,13,{'JAM'},{'JAM_STAND_STILL_TRAFFIC'},23,{2},5.0
2e68e6f1,2e68e6f14,2020-11-15,12,{'JAM'},{'JAM_STAND_STILL_TRAFFIC'},33,{2},5.0
2e68e6f1,2e68e6f14,2020-11-15,18,{'JAM'},{'JAM_STAND_STILL_TRAFFIC'},18,{2},5.0
2e68e6f1,2e68e6f14,2020-11-19,14,{'JAM'},{'JAM_HEAVY_TRAFFIC'},34,{2},5.470588235294118
2e68e6f1,2e68e6f14,2020-11-20,17,{'JAM'},{'JAM_STAND_STILL_TRAFFIC'},23,{2},6.0
2e68e6f1,2e68e6f14,2020-11-21,15,{'JAM'},{'JAM_STAND_STILL_TRAFFIC'},30,{2},5.0
2e68e6f1,2e68e6f14,2020-11-22,20,{'JAM'},{'JAM'},33,{2},5.0
2e68e6f1,2e68e6f1c,2020-10-03,21,{'JAM'},{'JAM_STAND_STILL_TRAFFIC'},30,{2},5.0
2e68e6f1,2e68e6f1c,2020-10-17,19,{'JAM'},{'JAM_STAND_STILL_TRAFFIC'},33,{2},5.96969696969697
2e68e6f1,2e68e6f1c,2020-10-25,13,{'JAM'},{'JAM_STAND_STILL_TRAFFIC'},30,{2},5.0
2e68e6f1,2e68e6f1c,2020-10-29,15,{'JAM'},{'JAM_MODERATE_TRAFFIC'},32,{2},5.0
2e68e6f1,2e68e6f1c,2020-10-30,11,{'JAM'},{'JAM_HEAVY_TRAFFIC'},31,{2},5.935483870967742
2e68e6f1,2e68e6f1c,2020-10-30,12,{'JAM'},{'JAM'},31,{2},5.0
2e68e6f1,2e68e6f1c,2020-10-30,16,{'JAM'},{'JAM_STAND_STILL_TRAFFIC'},32,{2},5.0
2e68e6f1,2e68e6f1c,2020-10-30,18,{'JAM'},{'JAM_STAND_STILL_TRAFFIC'},52,{2},5.423076923076923
2e68e6f1,2e68e6f1c,2020-10-31,14,{'JAM'},{'JAM_STAND_STILL_TRAFFIC'},33,{2},5.0
2e68e6f1,2e68e6f1c,2020-11-06,14,{'JAM'},{'JAM_STAND_STILL_TRAFFIC'},22,{2},6.0
2e68e6f1,2e68e6f1c,2020-11-14,18,{'JAM'},{'JAM_STAND_STILL_TRAFFIC'},38,{2},5.447368421052632
2e68e6f1,2e68e6f1c,2020-11-15,18,{'JAM'},{'JAM_STAND_STILL_TRAFFIC'},30,{2},5.0
2e68e6f1,2e68e6f1c,2020-11-22,12,{'JAM'},{'JAM_STAND_STILL_TRAFFIC'},34,{2},5.0
2e68e6f1,2e68e6f1c,2020-11-22,19,{'JAM'},{'JAM_HEAVY_TRAFFIC'},31,{2},5.612903225806452
2e68e6f3,2e68e6f24,2020-10-03,20,{'JAM'},{'JAM_STAND_STILL_TRAFFIC'},32,{2},5.0
2e68e6f3,2e68e6f24,2020-10-16,17,{'JAM'},{'JAM_STAND_STILL_TRAFFIC'},37,{2},5.45945945945946
2e68e6f3,2e68e6f24,2020-10-17,19,{'JAM'},{'JAM_STAND_STILL_TRAFFIC'},31,{2},5.0
2e68e6f3,2e68e6f24,2020-10-23,16,{'JAM'},{'JAM'},30,{2},5.0
2e68e6f3,2e68e6f24,2020-10-24,13,{'WEATHERHAZARD'},{'WEATHERHAZARD'},12,{2},5.916666666666667
2e68e6f3,2e68e6f24,2020-10-24,17,{'JAM'},{'JAM_STAND_STILL_TRAFFIC'},33,{2},5.0
2e68e6f3,2e68e6f24,2020-10-28,16,{'JAM'},{'JAM'},32,{2},5.0
2e68e6f3,2e68e6f24,2020-10-30,14,{'JAM'},{'JAM_HEAVY_TRAFFIC'},18,{2},5.0
2e68e6f3,2e68e6f24,2020-10-30,18,{'JAM'},{'JAM_STAND_STILL_TRAFFIC'},8,{2},5.0
2e68e6f3,2e68e6f24,2020-10-30,19,{'JAM'},{'JAM_HEAVY_TRAFFIC'},40,{2},5.45
2e68e6f3,2e68e6f24,2020-10-31,12,{'JAM'},{'JAM_MODERATE_TRAFFIC'},30,{2},6.0
2e68e6f3,2e68e6f24,2020-11-06,14,{'JAM'},{'JAM_STAND_STILL_TRAFFIC'},31,{2},5.0
2e68e6f3,2e68e6f24,2020-11-13,14,{'JAM'},{'JAM_STAND_STILL_TRAFFIC'},33,{2},5.0
2e68e6f3,2e68e6f24,2020-11-14,13,{'JAM'},{'JAM_STAND_STILL_TRAFFIC'},26,{2},5.0
2e68e6f3,2e68e6f24,2020-11-15,19,{'JAM'},{'JAM_STAND_STILL_TRAFFIC'},31,{2},5.516129032258065
2e68e6f3,2e68e6f24,2020-11-20,17,{'JAM'},{'JAM_STAND_STILL_TRAFFIC'},30,{2},6.5
2e68e6f3,2e68e6f24,2020-11-22,17,{'JAM'},{'JAM_STAND_STILL_TRAFFIC'},30,{2},5.0
2e68e6f3,2e68e6f2c,2020-09-29,18,{'JAM'},{'JAM_HEAVY_TRAFFIC'},33,{1},5.0
2e68e6f3,2e68e6f2c,2020-10-29,14,{'JAM'},"{'JAM_STAND_STILL_TRAFFIC', 'JAM_HEAVY_TRAFFIC'}",68,{7},6.117647058823529
2e68e6f3,2e68e6f2c,2020-10-29,15,{'JAM'},{'JAM_HEAVY_TRAFFIC'},34,{7},5.5588235294117645
2e68e6f3,2e68e6f2c,2020-10-30,12,{'JAM'},"{'JAM_STAND_STILL_TRAFFIC', 'JAM_MODERATE_TRAFFIC'}",62,{7},5.0
2e68e6f3,2e68e6f2c,2020-10-30,14,{'JAM'},{'JAM_HEAVY_TRAFFIC'},33,{7},5.0
2e68e6f3,2e68e6f34,2020-10-28,12,{'JAM'},{'JAM_MODERATE_TRAFFIC'},6,{2},5.0
2e68e6f3,2e68e6f34,2020-10-28,17,{'JAM'},{'JAM_MODERATE_TRAFFIC'},19,{7},5.0
2e68e6f3,2e68e6f34,2020-10-29,13,{'JAM'},{'JAM_HEAVY_TRAFFIC'},30,{7},5.666666666666667
2e68e6f3,2e68e6f34,2020-10-29,15,{'JAM'},"{'JAM_MODERATE_TRAFFIC', 'JAM_HEAVY_TRAFFIC'}",70,"{2, 7}",5.228571428571429
2e68e6f3,2e68e6f34,2020-10-29,16,{'JAM'},{'JAM_STAND_STILL_TRAFFIC'},34,{7},6.764705882352941
2e68e6f3,2e68e6f34,2020-10-30,11,{'JAM'},{'JAM_MODERATE_TRAFFIC'},31,{7},5.0
2e68e6f3,2e68e6f34,2020-10-30,13,{'JAM'},{'JAM_HEAVY_TRAFFIC'},32,{7},5.9375
2e68e6f3,2e68e6f34,2020-10-30,14,{'JAM'},"{'JAM_MODERATE_TRAFFIC', 'JAM_HEAVY_TRAFFIC'}",60,{7},5.0
2e68e6f3,2e68e6f34,2020-10-30,16,{'JAM'},{'JAM_HEAVY_TRAFFIC'},33,{7},5.0
2e68e6f3,2e68e6f34,2020-10-30,18,{'JAM'},{'JAM_HEAVY_TRAFFIC'},44,{7},5.704545454545454
2e68e6f3,2e68e6f34,2020-11-05,17,{'JAM'},{'JAM_HEAVY_TRAFFIC'},32,{7},5.0
2e68e6f3,2e68e6f34,2020-11-10,14,{'JAM'},{'JAM_STAND_STILL_TRAFFIC'},34,{2},5.0
2e68e6f3,2e68e6f34,2020-11-11,17,{'JAM'},{'JAM_MODERATE_TRAFFIC'},31,{2},5.0
2e68e6f3,2e68e6f34,2020-11-15,11,{'JAM'},{'JAM_MODERATE_TRAFFIC'},31,{7},5.0
2e68e6f3,2e68e6f3c,2020-09-19,18,{'JAM'},{'JAM_HEAVY_TRAFFIC'},30,{2},5.0
2e68e6f3,2e68e6f3c,2020-10-04,17,{'JAM'},{'JAM'},31,{2},5.0
2e68e6f3,2e68e6f3c,2020-10-10,17,{'JAM'},{'JAM_HEAVY_TRAFFIC'},30,{2},5.0
2e68e6f3,2e68e6f3c,2020-10-16,17,{'JAM'},{'JAM_STAND_STILL_TRAFFIC'},31,{2},5.0
2e68e6f3,2e68e6f3c,2020-10-17,19,{'JAM'},{'JAM_STAND_STILL_TRAFFIC'},32,{2},5.0
2e68e6f3,2e68e6f3c,2020-10-24,19,{'JAM'},{'JAM_STAND_STILL_TRAFFIC'},34,{2},5.970588235294118
2e68e6f3,2e68e6f3c,2020-10-26,12,{'JAM'},{'JAM_STAND_STILL_TRAFFIC'},34,{2},5.0
2e68e6f3,2e68e6f3c,2020-10-29,17,{'ACCIDENT'},{'ACCIDENT'},9,{2},6.777777777777778
2e68e6f3,2e68e6f3c,2020-10-30,16,{'JAM'},{'JAM_STAND_STILL_TRAFFIC'},45,{2},6.733333333333333
2e68e6f3,2e68e6f3c,2020-10-30,18,{'JAM'},{'JAM_HEAVY_TRAFFIC'},31,{2},5.0
2e68e6f3,2e68e6f3c,2020-10-31,14,{'JAM'},{'JAM_HEAVY_TRAFFIC'},41,{2},6.365853658536586
2e68e6f3,2e68e6f3c,2020-10-31,20,{'JAM'},{'JAM_HEAVY_TRAFFIC'},32,{2},5.0
2e68e6f3,2e68e6f3c,2020-11-01,17,{'JAM'},{'JAM_STAND_STILL_TRAFFIC'},31,{2},5.0
2e68e6f3,2e68e6f3c,2020-11-06,14,{'JAM'},{'JAM_STAND_STILL_TRAFFIC'},32,{2},5.9375
2e68e6f3,2e68e6f3c,2020-11-07,17,{'JAM'},{'JAM_STAND_STILL_TRAFFIC'},31,{2},5.0
2e68e6f3,2e68e6f3c,2020-11-14,18,{'JAM'},{'JAM_STAND_STILL_TRAFFIC'},33,{2},5.0
2e68e6f3,2e68e6f3c,2020-11-20,17,{'JAM'},{'JAM_STAND_STILL_TRAFFIC'},20,{2},6.0
2e68e6f3,2e68e6f3c,2020-11-22,18,{'JAM'},{'JAM_STAND_STILL_TRAFFIC'},33,{2},5.0
2e68e6f5,2e68e6f44,2020-10-28,18,{'JAM'},{'JAM_MODERATE_TRAFFIC'},12,{2},5.0
2e68e6f5,2e68e6f4c,2020-10-30,18,{'JAM'},{'JAM'},32,{2},5.09375
2e68e6f5,2e68e6f4c,2020-11-07,11,{'WEATHERHAZARD'},{'WEATHERHAZARD'},34,{2},5.0
2e68e6f5,2e68e6f4c,2020-11-08,15,{'JAM'},{'JAM'},32,{20},5.0
2e68e6f5,2e68e6f4c,2020-11-09,17,{'JAM'},{'JAM_STAND_STILL_TRAFFIC'},32,{2},5.0
2e68e6f5,2e68e6f4c,2020-11-10,12,{'JAM'},{'JAM_HEAVY_TRAFFIC'},30,{2},5.0
2e68e6f5,2e68e6f54,2020-10-25,10,{'JAM'},{'JAM_STAND_STILL_TRAFFIC'},32,{2},5.0
2e68e6f5,2e68e6f54,2020-11-17,14,{'JAM'},{'JAM'},27,{2},5.0
2e68e6f5,2e68e6f5c,2020-09-04,16,{'JAM'},{'JAM_MODERATE_TRAFFIC'},11,{7},5.0
2e68e6f5,2e68e6f5c,2020-10-28,21,{'JAM'},{'JAM_MODERATE_TRAFFIC'},7,{7},5.0
2e68e6f7,2e68e6f64,2020-09-12,12,{'JAM'},{'JAM'},17,{7},5.0
2e68e6f7,2e68e6f64,2020-09-28,12,{'JAM'},{'JAM_MODERATE_TRAFFIC'},16,{7},5.0
2e68e6f7,2e68e6f64,2020-10-09,16,{'JAM'},{'JAM_STAND_STILL_TRAFFIC'},40,{7},6.15
2e68e6f7,2e68e6f64,2020-10-18,12,{'JAM'},{'JAM_MODERATE_TRAFFIC'},31,{7},5.0
2e68e6f7,2e68e6f64,2020-10-29,13,{'JAM'},{'JAM_STAND_STILL_TRAFFIC'},30,{7},5.0
2e68e6f7,2e68e6f64,2020-10-31,13,{'JAM'},{'JAM'},32,{7},5.0
2e68e6f7,2e68e6f64,2020-11-14,14,{'JAM'},{'JAM'},25,{7},5.0
2e68e6f7,2e68e6f64,2020-11-21,8,{'JAM'},{'JAM_HEAVY_TRAFFIC'},21,{7},5.0
2e68e6f7,2e68e6f64,2020-11-21,14,{'JAM'},{'JAM_HEAVY_TRAFFIC'},31,{7},5.0
2e68e6f7,2e68e6f6c,2020-09-04,10,{'JAM'},{'JAM_STAND_STILL_TRAFFIC'},20,{7},5.0
2e68e6f7,2e68e6f6c,2020-09-04,16,{'JAM'},{'JAM_MODERATE_TRAFFIC'},35,{7},5.0
2e68e6f7,2e68e6f6c,2020-09-05,13,{'JAM'},{'JAM_STAND_STILL_TRAFFIC'},30,{7},5.966666666666667
2e68e6f7,2e68e6f6c,2020-09-05,18,{'JAM'},{'JAM_STAND_STILL_TRAFFIC'},31,{2},5.0
2e68e6f7,2e68e6f6c,2020-09-05,20,{'JAM'},{'JAM'},23,{7},5.0
2e68e6f7,2e68e6f6c,2020-09-06,14,{'JAM'},{'JAM_HEAVY_TRAFFIC'},13,{7},5.0
2e68e6f7,2e68e6f6c,2020-09-06,17,{'JAM'},"{'JAM_STAND_STILL_TRAFFIC', 'JAM_MODERATE_TRAFFIC'}",57,{7},5.0
2e68e6f7,2e68e6f6c,2020-09-11,19,{'JAM'},{'JAM_HEAVY_TRAFFIC'},30,{2},5.933333333333334
2e68e6f7,2e68e6f6c,2020-09-12,17,{'JAM'},{'JAM_MODERATE_TRAFFIC'},30,{7},5.0
2e68e6f7,2e68e6f6c,2020-09-16,17,{'JAM'},{'JAM_HEAVY_TRAFFIC'},30,{7},5.0
2e68e6f7,2e68e6f6c,2020-09-21,17,{'JAM'},{'JAM_STAND_STILL_TRAFFIC'},30,{7},5.0
2e68e6f7,2e68e6f6c,2020-09-27,19,{'JAM'},{'JAM_HEAVY_TRAFFIC'},30,{2},5.0
2e68e6f7,2e68e6f6c,2020-09-27,20,{'JAM'},{'JAM_HEAVY_TRAFFIC'},30,{2},5.0
2e68e6f7,2e68e6f6c,2020-09-28,10,{'JAM'},{'JAM_MODERATE_TRAFFIC'},24,{7},5.0
2e68e6f7,2e68e6f6c,2020-10-03,16,{'JAM'},{'JAM_MODERATE_TRAFFIC'},31,{7},5.0
2e68e6f7,2e68e6f6c,2020-10-03,19,{'JAM'},{'JAM_HEAVY_TRAFFIC'},15,{7},5.0
2e68e6f7,2e68e6f6c,2020-10-04,14,{'JAM'},{'JAM_MODERATE_TRAFFIC'},31,{7},5.0
2e68e6f7,2e68e6f6c,2020-10-08,14,{'JAM'},{'JAM_STAND_STILL_TRAFFIC'},9,{7},5.0
2e68e6f7,2e68e6f6c,2020-10-08,15,{'JAM'},{'JAM'},10,{7},5.0
2e68e6f7,2e68e6f6c,2020-10-08,16,{'JAM'},{'JAM_STAND_STILL_TRAFFIC'},12,{7},5.0
2e68e6f7,2e68e6f6c,2020-10-10,13,{'JAM'},{'JAM'},30,{7},5.0
2e68e6f7,2e68e6f6c,2020-10-10,16,{'JAM'},"{'JAM', 'JAM_STAND_STILL_TRAFFIC'}",78,"{2, 7}",5.205128205128205
2e68e6f7,2e68e6f6c,2020-10-10,19,{'JAM'},{'JAM_HEAVY_TRAFFIC'},31,{7},5.0
2e68e6f7,2e68e6f6c,2020-10-11,16,{'JAM'},{'JAM_STAND_STILL_TRAFFIC'},17,{2},5.0
2e68e6f7,2e68e6f6c,2020-10-16,17,{'JAM'},{'JAM_STAND_STILL_TRAFFIC'},62,"{2, 7}",5.0
2e68e6f7,2e68e6f6c,2020-10-17,15,{'JAM'},{'JAM'},32,{7},5.0
2e68e6f7,2e68e6f6c,2020-10-22,10,{'JAM'},{'JAM_MODERATE_TRAFFIC'},21,{7},5.0
2e68e6f7,2e68e6f6c,2020-10-23,17,{'JAM'},{'JAM'},34,{2},5.0
2e68e6f7,2e68e6f6c,2020-10-26,14,{'JAM'},{'JAM_STAND_STILL_TRAFFIC'},30,{2},5.0
2e68e6f7,2e68e6f6c,2020-10-28,12,{'JAM'},{'JAM_MODERATE_TRAFFIC'},48,"{2, 7}",5.0
2e68e6f7,2e68e6f6c,2020-10-28,13,{'JAM'},{'JAM_HEAVY_TRAFFIC'},33,{2},5.484848484848484
2e68e6f7,2e68e6f6c,2020-10-29,12,{'JAM'},{'JAM_STAND_STILL_TRAFFIC'},25,{7},5.0
2e68e6f7,2e68e6f6c,2020-10-29,15,{'JAM'},{'JAM_MODERATE_TRAFFIC'},33,{2},5.0
2e68e6f7,2e68e6f6c,2020-10-29,19,{'JAM'},{'JAM_MODERATE_TRAFFIC'},31,{7},5.0
2e68e6f7,2e68e6f6c,2020-10-30,8,{'JAM'},{'JAM'},20,{7},5.0
2e68e6f7,2e68e6f6c,2020-10-30,12,{'JAM'},{'JAM_STAND_STILL_TRAFFIC'},61,"{2, 7}",6.213114754098361
2e68e6f7,2e68e6f6c,2020-10-30,14,{'JAM'},"{'JAM_MODERATE_TRAFFIC', 'JAM_HEAVY_TRAFFIC'}",63,"{2, 7}",5.0
2e68e6f7,2e68e6f6c,2020-10-30,16,{'JAM'},{'JAM_HEAVY_TRAFFIC'},31,{7},5.0
2e68e6f7,2e68e6f6c,2020-10-30,20,{'JAM'},{'JAM_HEAVY_TRAFFIC'},41,{7},5.853658536585366
2e68e6f7,2e68e6f6c,2020-10-31,8,{'JAM'},{'JAM_STAND_STILL_TRAFFIC'},27,{7},5.0
2e68e6f7,2e68e6f6c,2020-10-31,12,{'JAM'},{'JAM_HEAVY_TRAFFIC'},31,{7},5.0
2e68e6f7,2e68e6f6c,2020-11-01,17,{'JAM'},{'JAM_STAND_STILL_TRAFFIC'},34,{2},6.4411764705882355
2e68e6f7,2e68e6f6c,2020-11-05,10,{'JAM'},{'JAM_STAND_STILL_TRAFFIC'},26,{7},5.0
2e68e6f7,2e68e6f6c,2020-11-06,19,{'JAM'},{'JAM_HEAVY_TRAFFIC'},52,{7},5.3076923076923075
2e68e6f7,2e68e6f6c,2020-11-12,10,{'JAM'},{'JAM'},35,{7},5.228571428571429
2e68e6f7,2e68e6f6c,2020-11-13,13,{'JAM'},{'JAM_HEAVY_TRAFFIC'},92,{2},5.6521739130434785
2e68e6f7,2e68e6f6c,2020-11-13,14,{'JAM'},{'JAM_STAND_STILL_TRAFFIC'},33,{2},5.0
2e68e6f7,2e68e6f6c,2020-11-13,18,{'JAM'},{'JAM_HEAVY_TRAFFIC'},31,{2},5.0
2e68e6f7,2e68e6f6c,2020-11-13,19,{'JAM'},{'JAM'},29,{7},5.0
2e68e6f7,2e68e6f6c,2020-11-14,17,{'JAM'},{'JAM_STAND_STILL_TRAFFIC'},17,{7},5.0
2e68e6f7,2e68e6f6c,2020-11-14,18,{'JAM'},{'JAM_STAND_STILL_TRAFFIC'},31,{7},5.0
2e68e6f7,2e68e6f6c,2020-11-20,14,{'JAM'},{'JAM_MODERATE_TRAFFIC'},30,{2},5.0
2e68e6f7,2e68e6f6c,2020-11-21,13,{'JAM'},{'JAM_STAND_STILL_TRAFFIC'},12,{7},5.0
2e68e6f7,2e68e6f6c,2020-11-21,15,{'JAM'},{'JAM_MODERATE_TRAFFIC'},32,{7},5.0
2e68e6f7,2e68e6f6c,2020-11-21,16,{'JAM'},{'JAM_STAND_STILL_TRAFFIC'},30,{7},5.0
2e68e6f7,2e68e6f74,2020-10-06,18,{'JAM'},{'JAM'},30,{1},5.0
2e68e6f7,2e68e6f7c,2020-09-05,12,{'JAM'},{'JAM'},31,{7},5.0
2e68e6f7,2e68e6f7c,2020-09-06,11,{'JAM'},{'JAM_STAND_STILL_TRAFFIC'},30,{7},5.0
2e68e6f7,2e68e6f7c,2020-10-10,20,{'JAM'},{'JAM_STAND_STILL_TRAFFIC'},31,{7},5.0
2e68e6f7,2e68e6f7c,2020-10-10,21,{'JAM'},{'JAM_STAND_STILL_TRAFFIC'},8,{7},5.0
2e68e6f7,2e68e6f7c,2020-10-17,20,{'JAM'},{'JAM_STAND_STILL_TRAFFIC'},31,{7},5.709677419354839
2e68e6f7,2e68e6f7c,2020-10-25,15,{'JAM'},{'JAM_STAND_STILL_TRAFFIC'},31,{7},5.645161290322581
2e68e6f7,2e68e6f7c,2020-10-27,11,{'WEATHERHAZARD'},{'HAZARD_ON_ROAD_POT_HOLE'},21,{7},6.0
2e68e6f7,2e68e6f7c,2020-10-28,14,{'JAM'},{'JAM_HEAVY_TRAFFIC'},32,{7},5.0
2e68e6f7,2e68e6f7c,2020-10-29,10,{'JAM'},{'JAM_STAND_STILL_TRAFFIC'},30,{7},5.0
2e68e6f7,2e68e6f7c,2020-10-29,11,{'JAM'},{'JAM_HEAVY_TRAFFIC'},34,{7},6.0588235294117645
2e68e6f7,2e68e6f7c,2020-10-30,10,{'JAM'},{'JAM_HEAVY_TRAFFIC'},61,{7},5.409836065573771
2e68e6f7,2e68e6f7c,2020-10-30,12,{'JAM'},{'JAM_HEAVY_TRAFFIC'},31,{7},5.967741935483871
2e68e6f7,2e68e6f7c,2020-10-30,17,{'JAM'},{'JAM_HEAVY_TRAFFIC'},31,{7},5.0
2e68e6f7,2e68e6f7c,2020-10-31,12,{'JAM'},{'JAM_MODERATE_TRAFFIC'},32,{7},5.0
2e68e6f7,2e68e6f7c,2020-10-31,16,{'JAM'},{'JAM_MODERATE_TRAFFIC'},31,{7},5.0
2e68e6f7,2e68e6f7c,2020-10-31,19,{'JAM'},{'JAM_MODERATE_TRAFFIC'},30,{7},5.0
2e68e6f7,2e68e6f7c,2020-11-07,14,{'JAM'},{'JAM_STAND_STILL_TRAFFIC'},31,{7},5.0
2e68e6f7,2e68e6f7c,2020-11-08,15,{'JAM'},{'JAM_MODERATE_TRAFFIC'},32,{7},5.0
2e68e6f7,2e68e6f7c,2020-11-14,14,{'JAM'},{'JAM_HEAVY_TRAFFIC'},26,{7},6.153846153846154
2e68e6f7,2e68e6f7c,2020-11-21,10,{'JAM'},{'JAM_STAND_STILL_TRAFFIC'},35,{7},6.314285714285714
2e68e6f7,2e68e6f7c,2020-11-21,19,{'JAM'},{'JAM_STAND_STILL_TRAFFIC'},28,{7},5.75
2e68e6f7,2e68e6f7c,2020-11-22,12,{'JAM'},{'JAM_STAND_STILL_TRAFFIC'},41,{7},6.975609756097561
2e68e6f9,2e68e6f84,2020-09-05,10,{'JAM'},{'JAM_STAND_STILL_TRAFFIC'},12,{7},5.0
2e68e6f9,2e68e6f84,2020-09-05,18,{'JAM'},"{'JAM_STAND_STILL_TRAFFIC', 'JAM_HEAVY_TRAFFIC'}",86,{7},5.569767441860465
2e68e6f9,2e68e6f84,2020-09-12,14,{'JAM'},{'JAM_HEAVY_TRAFFIC'},40,{7},5.0
2e68e6f9,2e68e6f84,2020-09-12,20,{'JAM'},{'JAM_STAND_STILL_TRAFFIC'},77,{7},5.792207792207792
2e68e6f9,2e68e6f84,2020-09-30,21,{'WEATHERHAZARD'},{'WEATHERHAZARD'},33,{2},5.545454545454546
2e68e6f9,2e68e6f84,2020-10-02,19,{'JAM'},{'JAM_STAND_STILL_TRAFFIC'},30,{7},5.0
2e68e6f9,2e68e6f84,2020-10-03,16,{'JAM'},{'JAM_HEAVY_TRAFFIC'},7,{7},5.0
2e68e6f9,2e68e6f84,2020-10-03,19,{'JAM'},{'JAM_HEAVY_TRAFFIC'},31,{7},5.0
2e68e6f9,2e68e6f84,2020-10-03,21,{'JAM'},{'JAM_STAND_STILL_TRAFFIC'},34,{7},5.470588235294118
2e68e6f9,2e68e6f84,2020-10-08,16,{'JAM'},{'JAM'},6,{7},5.0
2e68e6f9,2e68e6f84,2020-10-10,21,{'JAM'},{'JAM_STAND_STILL_TRAFFIC'},30,{7},5.0
2e68e6f9,2e68e6f84,2020-10-17,16,{'JAM'},{'JAM_STAND_STILL_TRAFFIC'},13,{7},5.769230769230769
2e68e6f9,2e68e6f84,2020-10-17,20,{'JAM'},{'JAM_STAND_STILL_TRAFFIC'},30,{7},5.0
2e68e6f9,2e68e6f84,2020-10-23,18,{'JAM'},{'JAM_HEAVY_TRAFFIC'},48,{2},6.395833333333333
2e68e6f9,2e68e6f84,2020-10-27,14,{'JAM'},{'JAM_STAND_STILL_TRAFFIC'},24,{7},5.0
2e68e6f9,2e68e6f84,2020-10-29,20,{'JAM'},{'JAM_STAND_STILL_TRAFFIC'},67,"{2, 7}",5.0
2e68e6f9,2e68e6f84,2020-10-30,12,{'JAM'},{'JAM_STAND_STILL_TRAFFIC'},27,{2},5.555555555555555
2e68e6f9,2e68e6f84,2020-10-30,15,{'JAM'},{'JAM_STAND_STILL_TRAFFIC'},43,{7},6.348837209302325
2e68e6f9,2e68e6f84,2020-10-30,20,{'JAM'},{'JAM_STAND_STILL_TRAFFIC'},32,{7},5.0
2e68e6f9,2e68e6f84,2020-10-30,21,{'JAM'},{'JAM_HEAVY_TRAFFIC'},33,{2},5.0
2e68e6f9,2e68e6f84,2020-10-31,13,{'JAM'},{'JAM_STAND_STILL_TRAFFIC'},33,{1},5.0
2e68e6f9,2e68e6f84,2020-10-31,14,{'JAM'},{'JAM_HEAVY_TRAFFIC'},5,{7},5.0
2e68e6f9,2e68e6f84,2020-11-07,12,{'JAM'},{'JAM_HEAVY_TRAFFIC'},13,{7},5.0
2e68e6f9,2e68e6f84,2020-11-08,13,{'JAM'},{'JAM'},31,{7},5.0
2e68e6f9,2e68e6f84,2020-11-09,14,{'WEATHERHAZARD'},{'HAZARD_ON_ROAD_CONSTRUCTION'},41,{7},8.804878048780488
2e68e6f9,2e68e6f84,2020-11-10,9,"{'JAM', 'WEATHERHAZARD'}","{'HAZARD_ON_SHOULDER_CAR_STOPPED', 'JAM_MODERATE_TRAFFIC'}",64,"{2, 7}",6.203125
2e68e6f9,2e68e6f84,2020-11-10,11,{'JAM'},{'JAM_HEAVY_TRAFFIC'},31,{7},5.0
2e68e6f9,2e68e6f84,2020-11-10,12,{'JAM'},{'JAM_HEAVY_TRAFFIC'},31,{2},5.0
2e68e6f9,2e68e6f84,2020-11-10,13,{'WEATHERHAZARD'},{'HAZARD_ON_SHOULDER_CAR_STOPPED'},71,{7},9.183098591549296
2e68e6f9,2e68e6f84,2020-11-11,12,"{'JAM', 'WEATHERHAZARD'}","{'HAZARD_ON_ROAD_CONSTRUCTION', 'JAM_MODERATE_TRAFFIC'}",33,{7},5.03030303030303
2e68e6f9,2e68e6f84,2020-11-11,17,{'WEATHERHAZARD'},{'HAZARD_ON_ROAD_CONSTRUCTION'},39,{7},8.256410256410257
2e68e6f9,2e68e6f84,2020-11-11,18,"{'JAM', 'WEATHERHAZARD'}","{'HAZARD_ON_ROAD_CONSTRUCTION', 'JAM_MODERATE_TRAFFIC'}",78,{7},7.641025641025641
2e68e6f9,2e68e6f84,2020-11-13,13,{'JAM'},{'JAM_MODERATE_TRAFFIC'},31,{2},5.645161290322581
2e68e6f9,2e68e6f84,2020-11-14,11,{'JAM'},{'JAM_STAND_STILL_TRAFFIC'},30,{7},5.0
2e68e6f9,2e68e6f84,2020-11-14,12,{'JAM'},"{'JAM_STAND_STILL_TRAFFIC', 'JAM_HEAVY_TRAFFIC'}",63,{7},5.26984126984127
2e68e6f9,2e68e6f84,2020-11-14,17,{'JAM'},{'JAM_STAND_STILL_TRAFFIC'},21,{7},6.0
2e68e6f9,2e68e6f84,2020-11-15,13,{'JAM'},{'JAM_MODERATE_TRAFFIC'},29,{2},5.0
2e68e6f9,2e68e6f84,2020-11-21,14,{'JAM'},"{'JAM_STAND_STILL_TRAFFIC', 'JAM_HEAVY_TRAFFIC'}",51,{7},5.2745098039215685
2e68e6f9,2e68e6f84,2020-11-22,10,{'JAM'},{'JAM_HEAVY_TRAFFIC'},34,{7},5.0
2e68e6f9,2e68e6f8c,2020-09-01,9,{'ROAD_CLOSED'},{'ROAD_CLOSED_EVENT'},537,{7},6.0
2e68e6f9,2e68e6f8c,2020-09-02,9,{'ROAD_CLOSED'},{'ROAD_CLOSED_EVENT'},542,{7},6.0
2e68e6f9,2e68e6f8c,2020-09-03,9,{'ROAD_CLOSED'},{'ROAD_CLOSED_EVENT'},540,{7},6.0
2e68e6f9,2e68e6f8c,2020-09-04,9,{'ROAD_CLOSED'},{'ROAD_CLOSED_EVENT'},538,{7},7.0
2e68e6f9,2e68e6f8c,2020-09-04,20,{'JAM'},{'JAM_HEAVY_TRAFFIC'},7,{7},5.0
2e68e6f9,2e68e6f8c,2020-09-05,9,{'ROAD_CLOSED'},{'ROAD_CLOSED_EVENT'},541,{7},6.0
2e68e6f9,2e68e6f8c,2020-09-05,14,{'JAM'},{'JAM_STAND_STILL_TRAFFIC'},5,{2},5.0
2e68e6f9,2e68e6f8c,2020-09-05,16,{'JAM'},"{'JAM_STAND_STILL_TRAFFIC', 'JAM_MODERATE_TRAFFIC'}",61,"{2, 7}",5.0
2e68e6f9,2e68e6f8c,2020-09-06,6,{'ROAD_CLOSED'},{'ROAD_CLOSED_EVENT'},1,{7},6.0
2e68e6f9,2e68e6f8c,2020-09-06,9,"{'JAM', 'ROAD_CLOSED'}","{'ROAD_CLOSED_EVENT', 'JAM_HEAVY_TRAFFIC'}",107,"{2, 7}",5.859813084112149
2e68e6f9,2e68e6f8c,2020-09-07,9,{'ROAD_CLOSED'},{'ROAD_CLOSED_EVENT'},539,{7},6.0
2e68e6f9,2e68e6f8c,2020-09-07,13,{'JAM'},{'JAM_HEAVY_TRAFFIC'},31,"{2, 7}",5.0
2e68e6f9,2e68e6f8c,2020-09-07,18,{'JAM'},{'JAM_HEAVY_TRAFFIC'},19,{2},5.0
2e68e6f9,2e68e6f8c,2020-09-08,9,{'ROAD_CLOSED'},{'ROAD_CLOSED_EVENT'},541,{7},6.0
2e68e6f9,2e68e6f8c,2020-09-09,9,{'ROAD_CLOSED'},{'ROAD_CLOSED_EVENT'},3,{7},6.0
2e68e6f9,2e68e6f8c,2020-09-09,17,{'ROAD_CLOSED'},{'ROAD_CLOSED_EVENT'},28,{7},6.0
2e68e6f9,2e68e6f8c,2020-09-09,21,{'ROAD_CLOSED'},{'ROAD_CLOSED_EVENT'},1,{7},6.0
2e68e6f9,2e68e6f8c,2020-09-09,22,{'ROAD_CLOSED'},{'ROAD_CLOSED_EVENT'},479,{7},6.0
2e68e6f9,2e68e6f8c,2020-09-10,9,{'ROAD_CLOSED'},{'ROAD_CLOSED_EVENT'},33,{7},6.0
2e68e6f9,2e68e6f8c,2020-09-10,21,{'ROAD_CLOSED'},{'ROAD_CLOSED_EVENT'},3,{7},6.0
2e68e6f9,2e68e6f8c,2020-09-10,22,{'ROAD_CLOSED'},{'ROAD_CLOSED_EVENT'},478,{7},6.0
2e68e6f9,2e68e6f8c,2020-09-11,6,{'ROAD_CLOSED'},{'ROAD_CLOSED_EVENT'},1,{7},6.0
2e68e6f9,2e68e6f8c,2020-09-11,9,{'ROAD_CLOSED'},{'ROAD_CLOSED_EVENT'},31,{7},6.0
2e68e6f9,2e68e6f8c,2020-09-11,16,{'JAM'},{'JAM_HEAVY_TRAFFIC'},23,{2},5.0
2e68e6f9,2e68e6f8c,2020-09-11,22,{'ROAD_CLOSED'},{'ROAD_CLOSED_EVENT'},480,{7},6.0
2e68e6f9,2e68e6f8c,2020-09-12,9,{'ROAD_CLOSED'},{'ROAD_CLOSED_EVENT'},32,{7},6.0
2e68e6f9,2e68e6f8c,2020-09-12,14,{'JAM'},{'JAM_HEAVY_TRAFFIC'},31,{7},5.0
2e68e6f9,2e68e6f8c,2020-09-12,17,{'JAM'},{'JAM_HEAVY_TRAFFIC'},6,{7},5.166666666666667
2e68e6f9,2e68e6f8c,2020-09-12,19,{'JAM'},{'JAM_HEAVY_TRAFFIC'},6,{7},5.0
2e68e6f9,2e68e6f8c,2020-09-13,0,{'ROAD_CLOSED'},{'ROAD_CLOSED_EVENT'},358,{7},6.0
2e68e6f9,2e68e6f8c,2020-09-13,6,{'ROAD_CLOSED'},{'ROAD_CLOSED_EVENT'},1,{7},6.0
2e68e6f9,2e68e6f8c,2020-09-13,9,{'ROAD_CLOSED'},{'ROAD_CLOSED_EVENT'},571,{7},6.772329246935201
2e68e6f9,2e68e6f8c,2020-09-14,9,{'ROAD_CLOSED'},{'ROAD_CLOSED_EVENT'},571,{7},6.0
2e68e6f9,2e68e6f8c,2020-09-15,6,{'ROAD_CLOSED'},{'ROAD_CLOSED_EVENT'},2,{7},6.0
2e68e6f9,2e68e6f8c,2020-09-15,9,{'ROAD_CLOSED'},{'ROAD_CLOSED_EVENT'},571,{7},6.0
2e68e6f9,2e68e6f8c,2020-09-15,19,{'WEATHERHAZARD'},{'WEATHERHAZARD'},31,{7},5.0
2e68e6f9,2e68e6f8c,2020-09-15,20,{'WEATHERHAZARD'},{'WEATHERHAZARD'},33,{2},5.0
2e68e6f9,2e68e6f8c,2020-09-16,9,{'ROAD_CLOSED'},{'ROAD_CLOSED_EVENT'},571,{7},6.0
2e68e6f9,2e68e6f8c,2020-09-17,9,{'ROAD_CLOSED'},{'ROAD_CLOSED_EVENT'},394,{7},6.0
2e68e6f9,2e68e6f8c,2020-09-17,20,{'JAM'},{'JAM_STAND_STILL_TRAFFIC'},27,{2},5.0
2e68e6f9,2e68e6f8c,2020-09-18,9,{'ROAD_CLOSED'},{'ROAD_CLOSED_EVENT'},572,{7},6.0
2e68e6f9,2e68e6f8c,2020-09-19,9,{'ROAD_CLOSED'},{'ROAD_CLOSED_EVENT'},574,{7},6.0
2e68e6f9,2e68e6f8c,2020-09-19,13,{'JAM'},{'JAM_STAND_STILL_TRAFFIC'},6,{7},5.0
2e68e6f9,2e68e6f8c,2020-09-19,20,{'JAM'},{'JAM_STAND_STILL_TRAFFIC'},33,{2},5.848484848484849
2e68e6f9,2e68e6f8c,2020-09-19,21,{'JAM'},{'JAM_STAND_STILL_TRAFFIC'},31,{7},5.0
2e68e6f9,2e68e6f8c,2020-09-20,9,{'ROAD_CLOSED'},{'ROAD_CLOSED_EVENT'},572,{7},6.0
2e68e6f9,2e68e6f8c,2020-09-20,13,{'JAM'},{'JAM_STAND_STILL_TRAFFIC'},6,{7},5.0
2e68e6f9,2e68e6f8c,2020-09-21,9,{'ROAD_CLOSED'},{'ROAD_CLOSED_EVENT'},569,{7},6.0
2e68e6f9,2e68e6f8c,2020-09-22,9,{'ROAD_CLOSED'},{'ROAD_CLOSED_EVENT'},571,{7},6.0
2e68e6f9,2e68e6f8c,2020-09-23,9,{'ROAD_CLOSED'},{'ROAD_CLOSED_EVENT'},570,{7},6.0
2e68e6f9,2e68e6f8c,2020-09-24,9,{'ROAD_CLOSED'},{'ROAD_CLOSED_EVENT'},574,{7},6.0
2e68e6f9,2e68e6f8c,2020-09-25,9,{'ROAD_CLOSED'},{'ROAD_CLOSED_EVENT'},571,{7},6.0
2e68e6f9,2e68e6f8c,2020-09-26,12,{'JAM'},{'JAM_MODERATE_TRAFFIC'},6,{7},5.0
2e68e6f9,2e68e6f8c,2020-09-26,21,{'JAM'},{'JAM_STAND_STILL_TRAFFIC'},26,{2},6.923076923076923
2e68e6f9,2e68e6f8c,2020-09-28,9,{'ROAD_CLOSED'},{'ROAD_CLOSED_EVENT'},542,{7},6.0
2e68e6f9,2e68e6f8c,2020-09-29,9,{'ROAD_CLOSED'},{'ROAD_CLOSED_EVENT'},542,{7},6.0
2e68e6f9,2e68e6f8c,2020-09-30,9,{'ROAD_CLOSED'},{'ROAD_CLOSED_EVENT'},537,{7},6.0
2e68e6f9,2e68e6f8c,2020-10-01,6,{'ROAD_CLOSED'},{'ROAD_CLOSED_EVENT'},1,{7},6.0
2e68e6f9,2e68e6f8c,2020-10-01,9,{'ROAD_CLOSED'},{'ROAD_CLOSED_EVENT'},541,{7},6.0
2e68e6f9,2e68e6f8c,2020-10-02,9,{'ROAD_CLOSED'},{'ROAD_CLOSED_EVENT'},541,{7},6.0
2e68e6f9,2e68e6f8c,2020-10-03,9,{'ROAD_CLOSED'},{'ROAD_CLOSED_EVENT'},542,{7},6.0
2e68e6f9,2e68e6f8c,2020-10-03,20,{'JAM'},{'JAM_HEAVY_TRAFFIC'},30,{2},6.7
2e68e6f9,2e68e6f8c,2020-10-03,22,{'JAM'},"{'JAM_STAND_STILL_TRAFFIC', 'JAM_HEAVY_TRAFFIC'}",65,{2},5.769230769230769
2e68e6f9,2e68e6f8c,2020-10-04,9,{'ROAD_CLOSED'},{'ROAD_CLOSED_EVENT'},538,{7},6.0
2e68e6f9,2e68e6f8c,2020-10-04,18,{'JAM'},{'JAM_HEAVY_TRAFFIC'},30,{2},5.733333333333333
2e68e6f9,2e68e6f8c,2020-10-05,9,{'ROAD_CLOSED'},{'ROAD_CLOSED_EVENT'},540,{7},6.0
2e68e6f9,2e68e6f8c,2020-10-06,9,{'ROAD_CLOSED'},{'ROAD_CLOSED_EVENT'},539,{7},6.0
2e68e6f9,2e68e6f8c,2020-10-07,6,{'ROAD_CLOSED'},{'ROAD_CLOSED_EVENT'},2,{7},6.0
2e68e6f9,2e68e6f8c,2020-10-07,9,{'ROAD_CLOSED'},{'ROAD_CLOSED_EVENT'},538,{7},6.0
2e68e6f9,2e68e6f8c,2020-10-08,9,{'ROAD_CLOSED'},{'ROAD_CLOSED_EVENT'},543,{7},6.0
2e68e6f9,2e68e6f8c,2020-10-09,9,{'ROAD_CLOSED'},{'ROAD_CLOSED_EVENT'},538,{7},6.0
2e68e6f9,2e68e6f8c,2020-10-10,9,{'ROAD_CLOSED'},{'ROAD_CLOSED_EVENT'},538,{7},6.0
2e68e6f9,2e68e6f8c,2020-10-10,12,{'JAM'},{'JAM_STAND_STILL_TRAFFIC'},28,{7},5.321428571428571
2e68e6f9,2e68e6f8c,2020-10-10,15,{'JAM'},{'JAM_STAND_STILL_TRAFFIC'},30,{2},5.0
2e68e6f9,2e68e6f8c,2020-10-10,19,{'JAM'},{'JAM_HEAVY_TRAFFIC'},6,{7},5.0
2e68e6f9,2e68e6f8c,2020-10-10,20,{'JAM'},{'JAM_HEAVY_TRAFFIC'},38,{2},7.2368421052631575
2e68e6f9,2e68e6f8c,2020-10-10,21,{'JAM'},{'JAM_HEAVY_TRAFFIC'},34,{7},5.647058823529412
2e68e6f9,2e68e6f8c,2020-10-10,22,{'JAM'},{'JAM_STAND_STILL_TRAFFIC'},30,{2},5.0
2e68e6f9,2e68e6f8c,2020-10-12,12,{'JAM'},{'JAM_STAND_STILL_TRAFFIC'},25,{7},5.0
2e68e6f9,2e68e6f8c,2020-10-16,11,{'JAM'},{'JAM_HEAVY_TRAFFIC'},18,{2},5.0
2e68e6f9,2e68e6f8c,2020-10-17,11,{'JAM'},{'JAM_HEAVY_TRAFFIC'},8,{7},5.0
2e68e6f9,2e68e6f8c,2020-10-17,17,{'JAM'},{'JAM_STAND_STILL_TRAFFIC'},31,{2},5.0
2e68e6f9,2e68e6f8c,2020-10-18,16,"{'JAM', 'ACCIDENT'}","{'JAM', 'ACCIDENT'}",77,"{2, 7}",5.701298701298701
2e68e6f9,2e68e6f8c,2020-10-19,10,{'ROAD_CLOSED'},{'ROAD_CLOSED_EVENT'},482,{7},6.0
2e68e6f9,2e68e6f8c,2020-10-20,10,{'ROAD_CLOSED'},{'ROAD_CLOSED_EVENT'},482,{7},6.0
2e68e6f9,2e68e6f8c,2020-10-21,10,{'ROAD_CLOSED'},{'ROAD_CLOSED_EVENT'},476,{7},6.0
2e68e6f9,2e68e6f8c,2020-10-21,12,{'JAM'},{'JAM'},30,{7},5.0
2e68e6f9,2e68e6f8c,2020-10-22,10,{'ROAD_CLOSED'},{'ROAD_CLOSED_EVENT'},483,{7},6.995859213250518
2e68e6f9,2e68e6f8c,2020-10-23,10,{'ROAD_CLOSED'},{'ROAD_CLOSED_EVENT'},482,{7},6.0
2e68e6f9,2e68e6f8c,2020-10-23,19,{'JAM'},{'JAM_MODERATE_TRAFFIC'},30,{7},5.0
2e68e6f9,2e68e6f8c,2020-10-24,6,{'ROAD_CLOSED'},{'ROAD_CLOSED_EVENT'},1,{7},6.0
2e68e6f9,2e68e6f8c,2020-10-24,10,{'ROAD_CLOSED'},{'ROAD_CLOSED_EVENT'},480,{7},6.0
2e68e6f9,2e68e6f8c,2020-10-25,10,{'ROAD_CLOSED'},{'ROAD_CLOSED_EVENT'},483,{7},6.0
2e68e6f9,2e68e6f8c,2020-10-25,12,"{'JAM', 'WEATHERHAZARD'}","{'HAZARD_WEATHER_HEAVY_SNOW', 'JAM_STAND_STILL_TRAFFIC'}",63,{7},7.317460317460317
2e68e6f9,2e68e6f8c,2020-10-26,10,{'ROAD_CLOSED'},{'ROAD_CLOSED_EVENT'},484,{7},6.0
2e68e6f9,2e68e6f8c,2020-10-26,21,{'ACCIDENT'},{'ACCIDENT'},122,{7},5.0
2e68e6f9,2e68e6f8c,2020-10-27,10,{'ROAD_CLOSED'},{'ROAD_CLOSED_EVENT'},484,{7},6.0
2e68e6f9,2e68e6f8c,2020-10-27,13,{'WEATHERHAZARD'},{'WEATHERHAZARD'},22,{2},7.090909090909091
2e68e6f9,2e68e6f8c,2020-10-28,10,{'ROAD_CLOSED'},{'ROAD_CLOSED_EVENT'},482,{7},6.0
2e68e6f9,2e68e6f8c,2020-10-28,15,{'JAM'},{'JAM'},30,{2},5.0
2e68e6f9,2e68e6f8c,2020-10-29,10,{'ROAD_CLOSED'},{'ROAD_CLOSED_EVENT'},482,{7},6.0
2e68e6f9,2e68e6f8c,2020-10-29,12,{'JAM'},{'JAM_STAND_STILL_TRAFFIC'},67,{2},8.537313432835822
2e68e6f9,2e68e6f8c,2020-10-29,13,{'JAM'},{'JAM_STAND_STILL_TRAFFIC'},30,{7},5.0
2e68e6f9,2e68e6f8c,2020-10-29,19,{'JAM'},{'JAM_MODERATE_TRAFFIC'},32,{7},5.0
2e68e6f9,2e68e6f8c,2020-10-30,10,{'ROAD_CLOSED'},{'ROAD_CLOSED_EVENT'},485,{7},6.0
2e68e6f9,2e68e6f8c,2020-10-30,11,{'JAM'},{'JAM_HEAVY_TRAFFIC'},16,{2},5.0
2e68e6f9,2e68e6f8c,2020-10-30,15,{'JAM'},"{'JAM_MODERATE_TRAFFIC', 'JAM_HEAVY_TRAFFIC'}",60,"{2, 7}",5.8
2e68e6f9,2e68e6f8c,2020-10-30,16,{'JAM'},{'JAM'},30,{2},5.0
2e68e6f9,2e68e6f8c,2020-10-30,18,{'JAM'},{'JAM_HEAVY_TRAFFIC'},35,{2},5.6
2e68e6f9,2e68e6f8c,2020-10-31,10,{'ROAD_CLOSED'},{'ROAD_CLOSED_EVENT'},482,{7},6.0
2e68e6f9,2e68e6f8c,2020-10-31,11,{'JAM'},{'JAM_HEAVY_TRAFFIC'},47,{2},5.9787234042553195
2e68e6f9,2e68e6f8c,2020-10-31,14,{'JAM'},{'JAM_STAND_STILL_TRAFFIC'},31,{2},5.0
2e68e6f9,2e68e6f8c,2020-10-31,16,{'JAM'},{'JAM_STAND_STILL_TRAFFIC'},6,{2},5.0
2e68e6f9,2e68e6f8c,2020-10-31,18,{'JAM'},{'JAM_MODERATE_TRAFFIC'},7,{2},5.0
2e68e6f9,2e68e6f8c,2020-10-31,20,{'JAM'},{'JAM_HEAVY_TRAFFIC'},31,{7},5.0
2e68e6f9,2e68e6f8c,2020-11-01,6,{'ROAD_CLOSED'},{'ROAD_CLOSED_EVENT'},1,{7},6.0
2e68e6f9,2e68e6f8c,2020-11-02,21,{'JAM'},{'JAM_STAND_STILL_TRAFFIC'},31,{2},5.0
2e68e6f9,2e68e6f8c,2020-11-03,11,{'JAM'},{'JAM_STAND_STILL_TRAFFIC'},5,{7},5.0
2e68e6f9,2e68e6f8c,2020-11-08,13,{'JAM'},{'JAM_HEAVY_TRAFFIC'},9,{7},6.666666666666667
2e68e6f9,2e68e6f8c,2020-11-09,15,{'JAM'},{'JAM_HEAVY_TRAFFIC'},18,{2},5.0
2e68e6f9,2e68e6f8c,2020-11-10,14,{'JAM'},{'JAM_MODERATE_TRAFFIC'},31,{7},5.0
2e68e6f9,2e68e6f8c,2020-11-10,17,{'JAM'},{'JAM_STAND_STILL_TRAFFIC'},32,{7},5.5625
2e68e6f9,2e68e6f8c,2020-11-11,18,{'JAM'},{'JAM'},21,{7},5.0
2e68e6f9,2e68e6f8c,2020-11-14,12,{'JAM'},{'JAM_STAND_STILL_TRAFFIC'},63,{2},5.0
2e68e6f9,2e68e6f8c,2020-11-14,13,{'JAM'},{'JAM_STAND_STILL_TRAFFIC'},25,{7},5.0
2e68e6f9,2e68e6f8c,2020-11-15,9,{'JAM'},{'JAM_MODERATE_TRAFFIC'},31,{2},5.483870967741935
2e68e6f9,2e68e6f8c,2020-11-17,12,{'WEATHERHAZARD'},{'HAZARD_ON_ROAD_CONSTRUCTION'},21,{7},6.0
2e68e6f9,2e68e6f8c,2020-11-21,9,{'JAM'},{'JAM_MODERATE_TRAFFIC'},6,{7},5.0
2e68e6f9,2e68e6f8c,2020-11-21,15,{'JAM'},{'JAM_STAND_STILL_TRAFFIC'},31,{7},5.0
2e68e6f9,2e68e6f94,2020-09-02,19,{'JAM'},{'JAM_STAND_STILL_TRAFFIC'},16,{2},5.0
2e68e6f9,2e68e6f94,2020-09-05,16,{'JAM'},{'JAM_STAND_STILL_TRAFFIC'},100,{2},5.49
2e68e6f9,2e68e6f94,2020-09-05,18,{'JAM'},{'JAM_STAND_STILL_TRAFFIC'},101,{2},5.316831683168317
2e68e6f9,2e68e6f94,2020-09-05,20,{'JAM'},{'JAM_STAND_STILL_TRAFFIC'},34,{2},5.970588235294118
2e68e6f9,2e68e6f94,2020-09-06,17,{'JAM'},"{'JAM_STAND_STILL_TRAFFIC', 'JAM_HEAVY_TRAFFIC'}",62,{2},5.0
2e68e6f9,2e68e6f94,2020-09-11,19,{'JAM'},{'JAM_HEAVY_TRAFFIC'},20,{2},5.0
2e68e6f9,2e68e6f94,2020-09-12,17,{'JAM'},{'JAM_STAND_STILL_TRAFFIC'},17,{2},6.0
2e68e6f9,2e68e6f94,2020-09-12,18,{'JAM'},{'JAM_STAND_STILL_TRAFFIC'},42,{2},5.380952380952381
2e68e6f9,2e68e6f94,2020-09-26,17,{'JAM'},{'JAM'},30,{2},5.0
2e68e6f9,2e68e6f94,2020-10-02,17,{'JAM'},{'JAM_STAND_STILL_TRAFFIC'},63,{2},5.0
2e68e6f9,2e68e6f94,2020-10-03,22,{'JAM'},"{'JAM_STAND_STILL_TRAFFIC', 'JAM_HEAVY_TRAFFIC'}",41,{2},5.7073170731707314
2e68e6f9,2e68e6f94,2020-10-10,15,{'JAM'},{'JAM_STAND_STILL_TRAFFIC'},31,{2},5.645161290322581
2e68e6f9,2e68e6f94,2020-10-10,20,{'JAM'},{'JAM_STAND_STILL_TRAFFIC'},9,{2},5.0
2e68e6f9,2e68e6f94,2020-10-17,18,{'JAM'},{'JAM_HEAVY_TRAFFIC'},30,{2},5.0
2e68e6f9,2e68e6f94,2020-10-23,16,{'JAM'},{'JAM_HEAVY_TRAFFIC'},34,{2},5.0
2e68e6f9,2e68e6f94,2020-10-24,14,{'JAM'},{'JAM_HEAVY_TRAFFIC'},32,{2},5.5
2e68e6f9,2e68e6f94,2020-10-28,13,{'JAM'},{'JAM_STAND_STILL_TRAFFIC'},32,{2},5.0
2e68e6f9,2e68e6f94,2020-10-28,16,{'JAM'},{'JAM'},31,{2},5.0
2e68e6f9,2e68e6f94,2020-10-29,13,{'JAM'},{'JAM_HEAVY_TRAFFIC'},31,{2},5.0
2e68e6f9,2e68e6f94,2020-10-29,14,{'JAM'},{'JAM_STAND_STILL_TRAFFIC'},31,{2},5.0
2e68e6f9,2e68e6f94,2020-10-29,18,{'JAM'},"{'JAM_MODERATE_TRAFFIC', 'JAM_HEAVY_TRAFFIC'}",67,{2},5.0
2e68e6f9,2e68e6f94,2020-10-29,19,{'JAM'},{'JAM_MODERATE_TRAFFIC'},38,{2},5.447368421052632
2e68e6f9,2e68e6f94,2020-10-30,12,{'JAM'},{'JAM_MODERATE_TRAFFIC'},31,{2},5.0
2e68e6f9,2e68e6f94,2020-10-30,13,{'JAM'},{'JAM'},35,{2},5.0
2e68e6f9,2e68e6f94,2020-10-30,14,{'JAM'},{'JAM_STAND_STILL_TRAFFIC'},46,{2},5.8478260869565215
2e68e6f9,2e68e6f94,2020-10-30,15,{'JAM'},{'JAM_HEAVY_TRAFFIC'},30,{2},6.566666666666666
2e68e6f9,2e68e6f94,2020-10-30,18,{'JAM'},"{'JAM_STAND_STILL_TRAFFIC', 'JAM_HEAVY_TRAFFIC'}",65,{2},5.292307692307692
2e68e6f9,2e68e6f94,2020-10-30,19,{'JAM'},{'JAM_STAND_STILL_TRAFFIC'},30,{2},5.0
2e68e6f9,2e68e6f94,2020-10-31,15,{'JAM'},{'JAM_HEAVY_TRAFFIC'},32,{2},5.6875
2e68e6f9,2e68e6f94,2020-10-31,16,{'JAM'},{'JAM_HEAVY_TRAFFIC'},31,{2},5.516129032258065
2e68e6f9,2e68e6f94,2020-11-01,16,{'JAM'},{'JAM_STAND_STILL_TRAFFIC'},31,{2},5.870967741935484
2e68e6f9,2e68e6f94,2020-11-07,18,{'JAM'},{'JAM_STAND_STILL_TRAFFIC'},33,{2},5.0
2e68e6f9,2e68e6f94,2020-11-08,12,{'JAM'},{'JAM_HEAVY_TRAFFIC'},51,{2},6.627450980392157
2e68e6f9,2e68e6f94,2020-11-08,13,{'JAM'},{'JAM_STAND_STILL_TRAFFIC'},30,{2},7.066666666666666
2e68e6f9,2e68e6f94,2020-11-08,18,{'JAM'},{'JAM_STAND_STILL_TRAFFIC'},30,{2},5.5
2e68e6f9,2e68e6f94,2020-11-14,17,{'JAM'},"{'JAM_STAND_STILL_TRAFFIC', 'JAM_HEAVY_TRAFFIC'}",31,{2},5.67741935483871
2e68e6f9,2e68e6f94,2020-11-14,18,{'JAM'},{'JAM_STAND_STILL_TRAFFIC'},72,{2},5.916666666666667
2e68e6f9,2e68e6f94,2020-11-15,14,{'JAM'},{'JAM_STAND_STILL_TRAFFIC'},21,{2},5.0
2e68e6f9,2e68e6f94,2020-11-15,15,{'JAM'},{'JAM_MODERATE_TRAFFIC'},30,{2},5.0
2e68e6f9,2e68e6f94,2020-11-15,16,{'JAM'},{'JAM_HEAVY_TRAFFIC'},30,{2},5.0
2e68e6f9,2e68e6f94,2020-11-15,17,{'JAM'},{'JAM_STAND_STILL_TRAFFIC'},28,{2},5.0
2e68e6f9,2e68e6f9c,2020-09-19,13,{'JAM'},{'JAM_MODERATE_TRAFFIC'},30,{1},5.0
2e68e6f9,2e68e6f9c,2020-09-19,14,{'JAM'},{'JAM_MODERATE_TRAFFIC'},31,{1},5.0
2e68e6fb,2e68e6fa4,2020-10-08,20,{'WEATHERHAZARD'},{'WEATHERHAZARD'},31,{17},5.0
2e68e6fb,2e68e6fa4,2020-10-29,13,{'WEATHERHAZARD'},{'HAZARD_ON_ROAD_CAR_STOPPED'},31,{1},5.096774193548387
2e68e6fb,2e68e6fac,2020-11-19,9,{'JAM'},{'JAM'},18,{1},5.0
2e68e6fb,2e68e6fb4,2020-11-13,14,{'WEATHERHAZARD'},{'WEATHERHAZARD'},32,{1},5.0
2e68e6fb,2e68e6fb4,2020-11-17,11,{'ACCIDENT'},{'ACCIDENT_MAJOR'},139,{1},5.23021582733813
2e68e6fd,2e68e6fc4,2020-09-05,18,{'JAM'},{'JAM'},32,{2},5.0
2e68e6fd,2e68e6fc4,2020-09-05,19,{'JAM'},{'JAM_STAND_STILL_TRAFFIC'},28,{2},5.0
2e68e6fd,2e68e6fc4,2020-10-03,21,{'JAM'},{'JAM_STAND_STILL_TRAFFIC'},31,{2},5.0
2e68e6fd,2e68e6fc4,2020-10-17,18,{'JAM'},"{'JAM_STAND_STILL_TRAFFIC', 'JAM_HEAVY_TRAFFIC'}",65,{2},5.0
2e68e6fd,2e68e6fc4,2020-10-29,13,{'JAM'},{'JAM_MODERATE_TRAFFIC'},30,{2},5.0
2e68e6fd,2e68e6fc4,2020-10-29,14,{'JAM'},{'JAM_STAND_STILL_TRAFFIC'},39,{2},5.435897435897436
2e68e6fd,2e68e6fc4,2020-10-29,19,{'JAM'},{'JAM_HEAVY_TRAFFIC'},41,{2},5.414634146341464
2e68e6fd,2e68e6fc4,2020-10-30,12,{'JAM'},{'JAM_HEAVY_TRAFFIC'},32,{2},5.25
2e68e6fd,2e68e6fc4,2020-10-30,16,{'JAM'},{'JAM_STAND_STILL_TRAFFIC'},32,{2},5.0
2e68e6fd,2e68e6fc4,2020-10-30,18,{'JAM'},{'JAM_STAND_STILL_TRAFFIC'},52,{2},5.846153846153846
2e68e6fd,2e68e6fc4,2020-10-30,19,{'JAM'},{'JAM_STAND_STILL_TRAFFIC'},33,{2},5.878787878787879
2e68e6fd,2e68e6fc4,2020-11-05,13,{'JAM'},{'JAM'},32,{2},5.0
2e68e6fd,2e68e6fc4,2020-11-14,7,{'JAM'},{'JAM_HEAVY_TRAFFIC'},32,{2},5.0
2e68e6fd,2e68e6fcc,2020-09-02,19,{'JAM'},{'JAM_STAND_STILL_TRAFFIC'},33,{2},5.0
2e68e6fd,2e68e6fcc,2020-09-05,18,{'JAM'},{'JAM_STAND_STILL_TRAFFIC'},30,{2},6.0
2e68e6fd,2e68e6fcc,2020-09-05,19,{'JAM'},{'JAM_STAND_STILL_TRAFFIC'},31,{2},5.967741935483871
2e68e6fd,2e68e6fcc,2020-09-06,15,{'JAM'},{'JAM_MODERATE_TRAFFIC'},7,{2},5.0
2e68e6fd,2e68e6fcc,2020-10-16,13,{'JAM'},{'JAM_HEAVY_TRAFFIC'},26,{2},5.0
2e68e6fd,2e68e6fcc,2020-10-25,10,{'JAM'},{'JAM_MODERATE_TRAFFIC'},5,{2},5.0
2e68e6fd,2e68e6fcc,2020-10-29,13,{'JAM'},"{'JAM_STAND_STILL_TRAFFIC', 'JAM_HEAVY_TRAFFIC'}",63,{2},5.317460317460317
2e68e6fd,2e68e6fcc,2020-10-29,14,{'JAM'},{'JAM'},32,{2},5.0
2e68e6fd,2e68e6fcc,2020-10-30,14,{'JAM'},{'JAM_MODERATE_TRAFFIC'},30,{2},5.0
2e68e6fd,2e68e6fcc,2020-10-31,14,{'JAM'},{'JAM_STAND_STILL_TRAFFIC'},91,"{1, 2}",5.483516483516484
2e68e6fd,2e68e6fcc,2020-11-07,13,{'JAM'},{'JAM_MODERATE_TRAFFIC'},52,{2},5.384615384615385
2e68e6ff,2e68e6fec,2020-09-05,18,{'JAM'},{'JAM_STAND_STILL_TRAFFIC'},30,{2},5.0
2e68e6ff,2e68e6fec,2020-09-12,17,{'JAM'},{'JAM_HEAVY_TRAFFIC'},28,{2},5.0
2e68e6ff,2e68e6fec,2020-09-13,15,{'ACCIDENT'},{'ACCIDENT'},1,{2},6.0
2e68e6ff,2e68e6fec,2020-09-26,17,{'JAM'},{'JAM_HEAVY_TRAFFIC'},30,{2},5.0
2e68e6ff,2e68e6fec,2020-10-03,21,{'JAM'},{'JAM_STAND_STILL_TRAFFIC'},31,{2},5.0
2e68e6ff,2e68e6fec,2020-10-29,18,{'JAM'},{'JAM_STAND_STILL_TRAFFIC'},31,{2},5.935483870967742
2e68e6ff,2e68e6fec,2020-10-31,13,{'JAM'},{'JAM_STAND_STILL_TRAFFIC'},16,{2},5.5625
2e68e6ff,2e68e6fec,2020-10-31,16,{'JAM'},{'JAM_HEAVY_TRAFFIC'},43,{2},7.651162790697675
2e68e6ff,2e68e6ff4,2020-09-05,16,{'JAM'},{'JAM_STAND_STILL_TRAFFIC'},37,{2},6.216216216216216
2e68e6ff,2e68e6ff4,2020-09-30,9,{'WEATHERHAZARD'},{'WEATHERHAZARD'},30,{22},5.0
2e68e6ff,2e68e6ff4,2020-10-01,8,{'WEATHERHAZARD'},{'WEATHERHAZARD'},30,{1},5.0
2e68e6ff,2e68e6ff4,2020-10-10,15,{'JAM'},{'JAM_HEAVY_TRAFFIC'},41,{2},5.390243902439025
2e68e6ff,2e68e6ff4,2020-10-11,10,{'JAM'},{'JAM_MODERATE_TRAFFIC'},31,{1},5.967741935483871
2e68e6ff,2e68e6ff4,2020-10-29,11,{'JAM'},{'JAM_HEAVY_TRAFFIC'},9,{2},5.0
2e68e6ff,2e68e6ff4,2020-11-07,16,{'JAM'},{'JAM_STAND_STILL_TRAFFIC'},40,{2},6.65
2e68e6ff,2e68e6ffc,2020-09-05,15,{'JAM'},{'JAM_STAND_STILL_TRAFFIC'},28,{2},5.0
2e68e6ff,2e68e6ffc,2020-10-29,13,{'JAM'},{'JAM_HEAVY_TRAFFIC'},12,{2},5.0
2e68e701,2e68e7004,2020-09-05,16,{'JAM'},{'JAM_STAND_STILL_TRAFFIC'},31,{1},5.774193548387097
2e68e701,2e68e7004,2020-10-24,18,{'WEATHERHAZARD'},{'HAZARD_WEATHER_FLOOD'},32,{1},5.0
2e68e701,2e68e7004,2020-10-29,13,{'JAM'},{'JAM_STAND_STILL_TRAFFIC'},31,{1},5.870967741935484
2e68e701,2e68e700c,2020-09-14,13,{'WEATHERHAZARD'},{'HAZARD_WEATHER_FLOOD'},30,{1},5.0
2e68e701,2e68e700c,2020-10-29,12,{'JAM'},{'JAM_STAND_STILL_TRAFFIC'},18,{2},5.333333333333333
2e68e701,2e68e700c,2020-11-04,16,{'JAM'},{'JAM_STAND_STILL_TRAFFIC'},30,{2},5.766666666666667
2e68e701,2e68e700c,2020-11-15,16,{'JAM'},{'JAM'},20,{2},5.0
2e68e701,2e68e7014,2020-09-05,18,{'JAM'},{'JAM_STAND_STILL_TRAFFIC'},21,{1},5.0
2e68e701,2e68e7014,2020-10-29,13,{'JAM'},{'JAM_STAND_STILL_TRAFFIC'},8,{1},5.75
2e68e701,2e68e7014,2020-11-13,19,{'WEATHERHAZARD'},{'WEATHERHAZARD'},31,{1},5.0
2e68e701,2e68e7014,2020-11-14,18,{'JAM'},{'JAM_MODERATE_TRAFFIC'},30,{2},5.0
2e68e701,2e68e7014,2020-11-15,11,{'JAM'},{'JAM_MODERATE_TRAFFIC'},20,{1},5.95
2e68e701,2e68e701c,2020-10-29,13,{'JAM'},{'JAM_STAND_STILL_TRAFFIC'},80,{1},6.1125
2e68e703,2e68e7024,2020-10-31,9,{'JAM'},{'JAM_HEAVY_TRAFFIC'},32,{2},5.0
2e68e703,2e68e7024,2020-10-31,13,{'JAM'},{'JAM_STAND_STILL_TRAFFIC'},33,{2},5.0
2e68e703,2e68e7024,2020-11-15,12,{'JAM'},{'JAM_HEAVY_TRAFFIC'},32,{2},5.0
2e68e703,2e68e7024,2020-11-22,15,{'JAM'},{'JAM_STAND_STILL_TRAFFIC'},16,{2},5.0
2e68e703,2e68e702c,2020-11-15,12,{'JAM'},{'JAM_HEAVY_TRAFFIC'},24,{2},5.041666666666667
2e68e703,2e68e702c,2020-11-22,12,{'JAM'},{'JAM_HEAVY_TRAFFIC'},31,{2},5.0
2e68e703,2e68e703c,2020-09-16,12,{'JAM'},{'JAM'},33,{1},5.0
2e68e703,2e68e703c,2020-10-10,17,{'JAM'},{'JAM_STAND_STILL_TRAFFIC'},63,{2},5.0
2e68e703,2e68e703c,2020-10-28,12,{'JAM'},{'JAM_HEAVY_TRAFFIC'},21,{2},5.0
2e68e703,2e68e703c,2020-11-14,18,{'JAM'},{'JAM_MODERATE_TRAFFIC'},31,{2},5.0
2e68e707,2e68e7074,2020-10-18,12,{'WEATHERHAZARD'},{'HAZARD_ON_ROAD_POT_HOLE'},2903,{1},5.384774371339993
2e68e71d,2e68e71d4,2020-10-18,12,"{'JAM', 'ACCIDENT'}","{'JAM_HEAVY_TRAFFIC', 'ACCIDENT_MAJOR'}",105,{2},5.485714285714286
2e68e71d,2e68e71d4,2020-10-29,12,{'JAM'},{'JAM_STAND_STILL_TRAFFIC'},32,{2},5.0
2e68e71d,2e68e71d4,2020-11-15,12,{'JAM'},{'JAM_HEAVY_TRAFFIC'},30,{2},5.0
2e68e71d,2e68e71d4,2020-11-22,12,{'JAM'},{'JAM_HEAVY_TRAFFIC'},31,{2},5.0
2e68e71d,2e68e71dc,2020-10-29,14,{'JAM'},{'JAM_STAND_STILL_TRAFFIC'},31,{2},7.580645161290323
2e68e71f,2e68e71e4,2020-10-29,18,{'JAM'},{'JAM_HEAVY_TRAFFIC'},5,{2},5.0
2e68e71f,2e68e71e4,2020-10-31,17,{'JAM'},{'JAM_HEAVY_TRAFFIC'},5,{2},5.0
2e68e71f,2e68e71e4,2020-11-22,12,{'JAM'},{'JAM_HEAVY_TRAFFIC'},13,{2},6.0
2e68e71f,2e68e71f4,2020-10-29,14,{'JAM'},{'JAM_STAND_STILL_TRAFFIC'},30,{2},5.0
2e68e71f,2e68e71f4,2020-10-31,11,{'JAM'},{'JAM'},9,{2},5.0
2e68e71f,2e68e71f4,2020-11-10,7,{'JAM'},{'JAM_MODERATE_TRAFFIC'},30,{2},5.0
2e68e71f,2e68e71fc,2020-11-07,15,{'JAM'},{'JAM_STAND_STILL_TRAFFIC'},12,{2},5.916666666666667
2e68e721,2e68e7204,2020-09-05,12,{'JAM'},{'JAM_STAND_STILL_TRAFFIC'},62,{2},5.241935483870968
2e68e721,2e68e7204,2020-09-05,14,{'JAM'},{'JAM_HEAVY_TRAFFIC'},31,{2},5.0
2e68e721,2e68e7204,2020-09-05,19,{'JAM'},{'JAM_STAND_STILL_TRAFFIC'},29,{2},5.0
2e68e721,2e68e7204,2020-09-06,13,{'JAM'},{'JAM_STAND_STILL_TRAFFIC'},30,{2},5.7
2e68e721,2e68e7204,2020-09-06,19,{'JAM'},{'JAM_HEAVY_TRAFFIC'},15,{2},5.0
2e68e721,2e68e7204,2020-09-12,14,{'JAM'},{'JAM_STAND_STILL_TRAFFIC'},37,{2},5.5675675675675675
2e68e721,2e68e7204,2020-09-12,18,{'JAM'},{'JAM'},31,{2},6.967741935483871
2e68e721,2e68e7204,2020-09-12,19,{'JAM'},{'JAM_HEAVY_TRAFFIC'},31,{2},5.0
2e68e721,2e68e7204,2020-09-13,15,{'JAM'},{'JAM_STAND_STILL_TRAFFIC'},32,{2},5.0
2e68e721,2e68e7204,2020-09-17,17,{'JAM'},{'JAM_HEAVY_TRAFFIC'},22,{2},6.0
2e68e721,2e68e7204,2020-10-02,16,{'JAM'},{'JAM_STAND_STILL_TRAFFIC'},20,{2},5.0
2e68e721,2e68e7204,2020-10-03,18,{'JAM'},{'JAM_STAND_STILL_TRAFFIC'},30,{2},5.0
2e68e721,2e68e7204,2020-10-09,16,{'JAM'},{'JAM_HEAVY_TRAFFIC'},11,{2},5.0
2e68e721,2e68e7204,2020-10-10,12,{'JAM'},{'JAM_HEAVY_TRAFFIC'},19,{2},5.0
2e68e721,2e68e7204,2020-10-16,9,{'JAM'},{'JAM_MODERATE_TRAFFIC'},6,{2},5.0
2e68e721,2e68e7204,2020-10-17,12,{'JAM'},{'JAM_HEAVY_TRAFFIC'},30,{2},5.0
2e68e721,2e68e7204,2020-10-17,14,{'JAM'},{'JAM_MODERATE_TRAFFIC'},5,{2},5.0
2e68e721,2e68e7204,2020-10-18,14,{'JAM'},{'JAM_STAND_STILL_TRAFFIC'},32,{2},6.0
2e68e721,2e68e7204,2020-10-18,15,{'JAM'},{'JAM_STAND_STILL_TRAFFIC'},30,{2},5.0
2e68e721,2e68e7204,2020-10-24,7,{'WEATHERHAZARD'},{'HAZARD_ON_ROAD_CAR_STOPPED'},8,{2},5.0
2e68e721,2e68e7204,2020-10-24,12,{'JAM'},{'JAM_HEAVY_TRAFFIC'},27,{2},5.0
2e68e721,2e68e7204,2020-10-29,11,{'JAM'},"{'JAM_STAND_STILL_TRAFFIC', 'JAM_MODERATE_TRAFFIC'}",60,{2},5.483333333333333
2e68e721,2e68e7204,2020-10-29,13,{'JAM'},{'JAM_HEAVY_TRAFFIC'},39,{2},5.358974358974359
2e68e721,2e68e7204,2020-10-29,14,{'JAM'},{'JAM_STAND_STILL_TRAFFIC'},30,{2},5.0
2e68e721,2e68e7204,2020-10-30,9,{'JAM'},{'JAM'},10,{2},5.0
2e68e721,2e68e7204,2020-10-30,10,{'JAM'},{'JAM_HEAVY_TRAFFIC'},30,{2},5.7
2e68e721,2e68e7204,2020-10-30,11,"{'JAM', 'ACCIDENT'}","{'ACCIDENT', 'JAM_HEAVY_TRAFFIC'}",57,{2},5.7894736842105265
2e68e721,2e68e7204,2020-10-30,12,{'JAM'},{'JAM_HEAVY_TRAFFIC'},31,{2},5.0
2e68e721,2e68e7204,2020-10-30,13,{'JAM'},{'JAM_HEAVY_TRAFFIC'},30,{2},7.533333333333333
2e68e721,2e68e7204,2020-10-30,14,{'JAM'},"{'JAM', 'JAM_HEAVY_TRAFFIC'}",64,{2},6.40625
2e68e721,2e68e7204,2020-10-30,15,{'JAM'},{'JAM_HEAVY_TRAFFIC'},30,{2},5.0
2e68e721,2e68e7204,2020-10-30,18,{'JAM'},{'JAM_HEAVY_TRAFFIC'},63,{2},5.253968253968254
2e68e721,2e68e7204,2020-10-31,15,{'JAM'},{'JAM_HEAVY_TRAFFIC'},30,{2},5.0
2e68e721,2e68e7204,2020-11-01,15,{'JAM'},{'JAM'},31,{2},5.0
2e68e721,2e68e7204,2020-11-03,12,{'JAM'},{'JAM_MODERATE_TRAFFIC'},26,{2},5.0
2e68e721,2e68e7204,2020-11-07,16,{'JAM'},{'JAM_HEAVY_TRAFFIC'},39,{2},6.487179487179487
2e68e721,2e68e7204,2020-11-07,18,{'JAM'},{'JAM_STAND_STILL_TRAFFIC'},33,{2},5.0
2e68e721,2e68e7204,2020-11-08,11,{'JAM'},{'JAM_STAND_STILL_TRAFFIC'},30,{2},5.6
2e68e721,2e68e7204,2020-11-08,13,{'JAM'},{'JAM_MODERATE_TRAFFIC'},16,{2},5.0
2e68e721,2e68e7204,2020-11-11,12,{'ACCIDENT'},{'ACCIDENT'},103,{2},5.543689320388349
2e68e721,2e68e7204,2020-11-14,9,{'JAM'},{'JAM_MODERATE_TRAFFIC'},6,{2},5.0
2e68e721,2e68e7204,2020-11-14,10,{'JAM'},{'JAM_HEAVY_TRAFFIC'},92,{2},5.206521739130435
2e68e721,2e68e7204,2020-11-14,12,{'JAM'},"{'JAM_STAND_STILL_TRAFFIC', 'JAM_HEAVY_TRAFFIC'}",60,{2},5.483333333333333
2e68e721,2e68e7204,2020-11-14,15,{'JAM'},"{'JAM_MODERATE_TRAFFIC', 'JAM_HEAVY_TRAFFIC'}",60,{2},5.0
2e68e721,2e68e7204,2020-11-15,14,{'JAM'},{'JAM_STAND_STILL_TRAFFIC'},20,{2},5.0
2e68e721,2e68e7204,2020-11-21,12,{'JAM'},{'JAM_STAND_STILL_TRAFFIC'},16,{2},6.0
2e68e721,2e68e7204,2020-11-21,21,{'JAM'},{'JAM_HEAVY_TRAFFIC'},31,{2},5.0
2e68e721,2e68e7204,2020-11-22,10,{'JAM'},{'JAM_HEAVY_TRAFFIC'},32,{2},5.0
2e68e721,2e68e7204,2020-11-22,14,{'JAM'},{'JAM_STAND_STILL_TRAFFIC'},2,{2},5.0
2e68e721,2e68e7204,2020-11-22,15,{'JAM'},{'JAM_STAND_STILL_TRAFFIC'},32,{2},5.0
2e68e721,2e68e720c,2020-09-05,13,{'JAM'},{'JAM_STAND_STILL_TRAFFIC'},24,{2},6.25
2e68e721,2e68e720c,2020-09-05,14,{'JAM'},{'JAM_HEAVY_TRAFFIC'},28,{2},7.392857142857143
2e68e721,2e68e720c,2020-09-05,16,{'JAM'},{'JAM_STAND_STILL_TRAFFIC'},30,{2},5.0
2e68e721,2e68e720c,2020-10-18,14,{'JAM'},{'JAM_STAND_STILL_TRAFFIC'},60,{2},6.45
2e68e721,2e68e720c,2020-10-25,14,{'JAM'},{'JAM_HEAVY_TRAFFIC'},30,{2},5.0
2e68e721,2e68e720c,2020-10-29,13,{'JAM'},{'JAM_STAND_STILL_TRAFFIC'},33,{2},5.0
2e68e721,2e68e720c,2020-10-29,14,{'JAM'},{'JAM_STAND_STILL_TRAFFIC'},33,{2},5.0
2e68e721,2e68e720c,2020-10-29,17,{'JAM'},{'JAM_STAND_STILL_TRAFFIC'},30,{2},5.0
2e68e721,2e68e720c,2020-10-29,18,{'JAM'},{'JAM'},31,{2},5.0
2e68e721,2e68e720c,2020-10-29,21,{'JAM'},{'JAM_STAND_STILL_TRAFFIC'},32,{2},5.625
2e68e721,2e68e720c,2020-10-30,15,{'JAM'},{'JAM_STAND_STILL_TRAFFIC'},32,{2},5.0
2e68e721,2e68e720c,2020-10-30,17,{'JAM'},{'JAM_STAND_STILL_TRAFFIC'},30,{2},6.7
2e68e721,2e68e720c,2020-10-30,18,{'JAM'},{'JAM_STAND_STILL_TRAFFIC'},33,{2},5.96969696969697
2e68e721,2e68e720c,2020-10-31,15,{'JAM'},{'JAM_STAND_STILL_TRAFFIC'},32,{2},5.0
2e68e721,2e68e720c,2020-11-07,18,{'JAM'},{'JAM_STAND_STILL_TRAFFIC'},32,{2},5.0
2e68e721,2e68e720c,2020-11-07,19,"{'JAM', 'WEATHERHAZARD'}","{'WEATHERHAZARD', 'JAM_STAND_STILL_TRAFFIC'}",69,{2},5.246376811594203
2e68e721,2e68e720c,2020-11-08,13,{'JAM'},{'JAM_STAND_STILL_TRAFFIC'},30,{2},5.0
2e68e721,2e68e720c,2020-11-08,14,{'JAM'},{'JAM_STAND_STILL_TRAFFIC'},45,{2},6.933333333333334
2e68e721,2e68e720c,2020-11-08,17,{'JAM'},{'JAM_STAND_STILL_TRAFFIC'},62,{2},5.483870967741935
2e68e721,2e68e720c,2020-11-14,14,{'JAM'},{'JAM_STAND_STILL_TRAFFIC'},5,{2},5.0
2e68e721,2e68e720c,2020-11-15,13,{'JAM'},{'JAM_STAND_STILL_TRAFFIC'},44,{2},5.818181818181818
2e68e721,2e68e720c,2020-11-22,13,{'JAM'},{'JAM_STAND_STILL_TRAFFIC'},18,{2},5.0
2e68e721,2e68e720c,2020-11-22,15,{'JAM'},{'JAM_STAND_STILL_TRAFFIC'},60,{2},5.0
2e68e721,2e68e7214,2020-09-26,19,{'JAM'},{'JAM'},26,{2},5.0
2e68e721,2e68e7214,2020-10-10,1,{'JAM'},{'JAM_STAND_STILL_TRAFFIC'},30,{2},5.0
2e68e721,2e68e7214,2020-11-15,15,{'JAM'},{'JAM_STAND_STILL_TRAFFIC'},41,{2},5.439024390243903
2e68e721,2e68e721c,2020-09-05,15,{'JAM'},{'JAM_HEAVY_TRAFFIC'},31,{2},5.0
2e68e721,2e68e721c,2020-09-05,19,{'JAM'},{'JAM_STAND_STILL_TRAFFIC'},42,{2},5.476190476190476
2e68e721,2e68e721c,2020-09-06,11,{'JAM'},{'JAM_MODERATE_TRAFFIC'},26,{2},5.0
2e68e721,2e68e721c,2020-09-14,6,{'JAM'},{'JAM'},33,{2},5.0
2e68e721,2e68e721c,2020-10-03,18,{'JAM'},{'JAM_STAND_STILL_TRAFFIC'},33,{2},5.0
2e68e721,2e68e721c,2020-10-11,12,{'JAM'},{'JAM_STAND_STILL_TRAFFIC'},30,{2},5.0
2e68e721,2e68e721c,2020-10-17,17,{'JAM'},{'JAM_STAND_STILL_TRAFFIC'},13,{2},5.0
2e68e721,2e68e721c,2020-10-29,11,{'JAM'},{'JAM'},31,{2},5.0
2e68e721,2e68e721c,2020-10-29,14,{'JAM'},{'JAM_STAND_STILL_TRAFFIC'},31,{2},5.0
2e68e721,2e68e721c,2020-10-30,10,{'JAM'},{'JAM_HEAVY_TRAFFIC'},13,{2},5.0
2e68e721,2e68e721c,2020-10-30,11,{'JAM'},{'JAM_STAND_STILL_TRAFFIC'},30,{2},5.0
2e68e721,2e68e721c,2020-10-31,13,{'JAM'},{'JAM_HEAVY_TRAFFIC'},60,{2},5.366666666666666
2e68e721,2e68e721c,2020-10-31,15,{'JAM'},{'JAM_MODERATE_TRAFFIC'},5,{2},5.0
2e68e721,2e68e721c,2020-11-07,19,{'JAM'},{'JAM_STAND_STILL_TRAFFIC'},30,{2},5.0
2e68e721,2e68e721c,2020-11-15,12,{'JAM'},{'JAM_STAND_STILL_TRAFFIC'},41,{2},5.390243902439025
2e68e721,2e68e721c,2020-11-20,17,{'JAM'},{'JAM_MODERATE_TRAFFIC'},20,{2},5.0
2e68e721,2e68e721c,2020-11-21,17,{'JAM'},{'JAM_MODERATE_TRAFFIC'},24,{2},5.0
2e68e721,2e68e721c,2020-11-22,15,{'JAM'},{'JAM_STAND_STILL_TRAFFIC'},30,{2},5.966666666666667
2e68e727,2e68e7264,2020-10-10,18,{'JAM'},{'JAM_STAND_STILL_TRAFFIC'},6,{1},5.833333333333333
2e68e727,2e68e7264,2020-10-11,14,{'JAM'},{'JAM_STAND_STILL_TRAFFIC'},33,{1},5.0
2e68e727,2e68e7274,2020-09-05,13,{'JAM'},{'JAM_STAND_STILL_TRAFFIC'},45,{2},6.377777777777778
2e68e727,2e68e7274,2020-09-05,14,{'JAM'},{'JAM_MODERATE_TRAFFIC'},7,{2},5.0
2e68e727,2e68e7274,2020-09-27,17,{'WEATHERHAZARD'},{'HAZARD_ON_ROAD_CONSTRUCTION'},720,{1},5.0
2e68e727,2e68e7274,2020-10-25,14,{'JAM'},{'JAM_HEAVY_TRAFFIC'},21,{2},5.0
2e68e727,2e68e7274,2020-10-29,13,{'JAM'},"{'JAM_STAND_STILL_TRAFFIC', 'JAM_HEAVY_TRAFFIC'}",91,{2},5.417582417582418
2e68e727,2e68e7274,2020-10-29,14,{'JAM'},{'JAM_STAND_STILL_TRAFFIC'},33,{2},8.878787878787879
2e68e727,2e68e7274,2020-10-29,16,{'JAM'},{'JAM_STAND_STILL_TRAFFIC'},75,"{1, 2}",5.2
2e68e727,2e68e7274,2020-10-29,17,{'JAM'},{'JAM_STAND_STILL_TRAFFIC'},33,{1},5.545454545454546
2e68e727,2e68e7274,2020-10-29,18,{'JAM'},"{'JAM_STAND_STILL_TRAFFIC', 'JAM_MODERATE_TRAFFIC'}",52,"{1, 2}",5.0
2e68e727,2e68e7274,2020-10-29,19,{'JAM'},{'JAM_STAND_STILL_TRAFFIC'},30,{2},5.866666666666666
2e68e727,2e68e7274,2020-10-29,21,{'JAM'},{'JAM_STAND_STILL_TRAFFIC'},10,{2},5.0
2e68e727,2e68e7274,2020-10-30,14,{'JAM'},{'JAM_STAND_STILL_TRAFFIC'},48,{2},6.770833333333333
2e68e727,2e68e7274,2020-10-30,15,{'JAM'},"{'JAM', 'JAM_STAND_STILL_TRAFFIC'}",14,{2},5.0
2e68e727,2e68e7274,2020-10-30,17,{'JAM'},{'JAM_STAND_STILL_TRAFFIC'},77,{2},5.3896103896103895
2e68e727,2e68e7274,2020-11-07,19,{'JAM'},{'JAM_HEAVY_TRAFFIC'},27,{2},5.0
2e68e727,2e68e7274,2020-11-08,14,{'JAM'},"{'JAM_STAND_STILL_TRAFFIC', 'JAM_HEAVY_TRAFFIC'}",84,{2},5.583333333333333
2e68e727,2e68e7274,2020-11-08,17,{'JAM'},{'JAM_HEAVY_TRAFFIC'},30,{2},6.566666666666666
2e68e727,2e68e7274,2020-11-15,17,{'JAM'},{'JAM_HEAVY_TRAFFIC'},11,{2},5.0
2e68e727,2e68e7274,2020-11-15,18,{'JAM'},{'JAM_STAND_STILL_TRAFFIC'},21,{2},5.0
2e68e727,2e68e7274,2020-11-22,17,{'JAM'},{'JAM_STAND_STILL_TRAFFIC'},17,{2},5.470588235294118
2e68e727,2e68e727c,2020-09-05,13,{'JAM'},"{'JAM_STAND_STILL_TRAFFIC', 'JAM_HEAVY_TRAFFIC'}",32,{2},5.8125
2e68e727,2e68e727c,2020-10-29,14,{'JAM'},{'JAM_STAND_STILL_TRAFFIC'},33,{2},5.0
2e68e727,2e68e727c,2020-10-29,15,{'JAM'},{'JAM_STAND_STILL_TRAFFIC'},50,{2},5.86
2e68e727,2e68e727c,2020-10-29,19,{'JAM'},{'JAM_STAND_STILL_TRAFFIC'},44,{2},5.340909090909091
2e68e727,2e68e727c,2020-10-29,20,{'JAM'},{'JAM_STAND_STILL_TRAFFIC'},33,{2},5.0
2e68e727,2e68e727c,2020-10-30,17,{'JAM'},{'JAM_STAND_STILL_TRAFFIC'},97,{2},6.402061855670103
2e68e727,2e68e727c,2020-11-07,17,{'JAM'},{'JAM_HEAVY_TRAFFIC'},5,{2},5.0
2e68e727,2e68e727c,2020-11-08,16,{'JAM'},{'JAM_STAND_STILL_TRAFFIC'},7,{2},5.0
2e68e727,2e68e727c,2020-11-08,17,{'JAM'},{'JAM_STAND_STILL_TRAFFIC'},31,{2},5.0
2e68e729,2e68e7284,2020-10-29,14,{'JAM'},{'JAM_STAND_STILL_TRAFFIC'},34,{2},5.5
2e68e729,2e68e7284,2020-10-29,15,{'JAM'},{'JAM_STAND_STILL_TRAFFIC'},43,{2},6.441860465116279
2e68e729,2e68e7284,2020-10-29,16,{'JAM'},{'JAM_STAND_STILL_TRAFFIC'},43,{2},5.348837209302325
2e68e729,2e68e7284,2020-10-29,17,{'JAM'},{'JAM_STAND_STILL_TRAFFIC'},52,{2},6.519230769230769
2e68e729,2e68e7284,2020-10-29,18,{'JAM'},{'JAM_STAND_STILL_TRAFFIC'},63,{2},7.746031746031746
2e68e729,2e68e7284,2020-10-29,22,{'JAM'},{'JAM'},9,{1},5.777777777777778
2e68e729,2e68e728c,2020-10-29,18,{'JAM'},{'JAM'},30,{1},5.833333333333333
2e68e729,2e68e728c,2020-11-11,13,{'JAM'},{'JAM_MODERATE_TRAFFIC'},7,{1},5.0
2e68e729,2e68e7294,2020-10-29,15,{'JAM'},{'JAM_MODERATE_TRAFFIC'},22,{2},5.0
2e68e729,2e68e7294,2020-10-29,21,{'JAM'},{'JAM_STAND_STILL_TRAFFIC'},11,{2},5.909090909090909
2e68e729,2e68e729c,2020-10-29,18,{'JAM'},{'JAM_STAND_STILL_TRAFFIC'},31,{2},5.67741935483871
2e68e781,2e68e7814,2020-10-24,21,{'JAM'},{'JAM_MODERATE_TRAFFIC'},30,{1},5.0
2e68e787,2e68e786c,2020-10-19,19,{'ACCIDENT'},{'ACCIDENT_MAJOR'},122,{1},5.0
2e68e78b,2e68e78ac,2020-09-05,11,{'JAM'},{'JAM_STAND_STILL_TRAFFIC'},30,{6},5.0
2e68e78b,2e68e78ac,2020-09-05,20,{'JAM'},{'JAM_HEAVY_TRAFFIC'},30,{6},5.0
2e68e78b,2e68e78ac,2020-09-18,19,{'JAM'},{'JAM_HEAVY_TRAFFIC'},30,{6},5.0
2e68e78b,2e68e78ac,2020-09-19,19,{'JAM'},{'JAM_MODERATE_TRAFFIC'},31,{6},5.0
2e68e78b,2e68e78ac,2020-09-22,18,{'JAM'},{'JAM_STAND_STILL_TRAFFIC'},31,{6},6.32258064516129
2e68e78b,2e68e78ac,2020-09-24,18,{'JAM'},{'JAM_STAND_STILL_TRAFFIC'},32,{6},5.96875
2e68e78b,2e68e78ac,2020-10-01,17,{'JAM'},{'JAM_STAND_STILL_TRAFFIC'},62,{6},5.451612903225806
2e68e78b,2e68e78ac,2020-10-03,9,{'JAM'},{'JAM_HEAVY_TRAFFIC'},32,{6},5.0
2e68e78b,2e68e78ac,2020-10-10,19,{'JAM'},{'JAM_HEAVY_TRAFFIC'},30,{6},5.866666666666666
2e68e78b,2e68e78ac,2020-10-13,22,{'JAM'},{'JAM_STAND_STILL_TRAFFIC'},32,{6},5.0
2e68e78b,2e68e78ac,2020-10-14,7,{'WEATHERHAZARD'},{'HAZARD_ON_ROAD_CONSTRUCTION'},179,{6},8.011173184357542
2e68e78b,2e68e78ac,2020-10-21,16,{'JAM'},"{'JAM', 'JAM_STAND_STILL_TRAFFIC'}",75,{6},7.386666666666667
2e68e78b,2e68e78ac,2020-10-22,10,{'JAM'},{'JAM_HEAVY_TRAFFIC'},30,{6},5.866666666666666
2e68e78b,2e68e78ac,2020-10-23,13,{'JAM'},{'JAM_STAND_STILL_TRAFFIC'},119,{6},5.5966386554621845
2e68e78b,2e68e78ac,2020-10-23,14,{'JAM'},{'JAM_STAND_STILL_TRAFFIC'},30,{6},6.766666666666667
2e68e78b,2e68e78ac,2020-10-26,7,{'JAM'},{'JAM_HEAVY_TRAFFIC'},30,{6},5.0
2e68e78b,2e68e78ac,2020-10-27,17,"{'JAM', 'WEATHERHAZARD', 'ACCIDENT'}","{'HAZARD_ON_SHOULDER_CAR_STOPPED', 'JAM_STAND_STILL_TRAFFIC', 'ACCIDENT_MAJOR'}",237,{6},6.489451476793249
2e68e78b,2e68e78ac,2020-11-02,17,{'JAM'},{'JAM_HEAVY_TRAFFIC'},60,{6},5.0
2e68e78b,2e68e78ac,2020-11-03,16,{'JAM'},{'JAM_HEAVY_TRAFFIC'},5,{6},5.0
2e68e78b,2e68e78ac,2020-11-05,13,{'JAM'},{'JAM_STAND_STILL_TRAFFIC'},32,{6},5.0
2e68e78b,2e68e78ac,2020-11-05,20,{'JAM'},{'JAM_MODERATE_TRAFFIC'},5,{6},5.0
2e68e78b,2e68e78ac,2020-11-07,20,{'JAM'},{'JAM_STAND_STILL_TRAFFIC'},62,{6},5.0
2e68e78b,2e68e78ac,2020-11-12,17,{'JAM'},{'JAM_STAND_STILL_TRAFFIC'},37,{6},5.405405405405405
2e68e78b,2e68e78b4,2020-09-01,16,{'JAM'},{'JAM_STAND_STILL_TRAFFIC'},31,{6},5.0
2e68e78b,2e68e78b4,2020-09-05,19,{'JAM'},{'JAM_STAND_STILL_TRAFFIC'},90,{6},5.866666666666666
2e68e78b,2e68e78b4,2020-09-14,15,{'JAM'},{'JAM_STAND_STILL_TRAFFIC'},33,{6},5.96969696969697
2e68e78b,2e68e78b4,2020-09-18,19,{'JAM'},"{'JAM_STAND_STILL_TRAFFIC', 'JAM_HEAVY_TRAFFIC'}",63,{6},5.0
2e68e78b,2e68e78b4,2020-09-19,17,{'JAM'},{'JAM_STAND_STILL_TRAFFIC'},32,{6},5.0
2e68e78b,2e68e78b4,2020-09-22,18,{'JAM'},"{'JAM_MODERATE_TRAFFIC', 'JAM_HEAVY_TRAFFIC'}",64,{6},5.0
2e68e78b,2e68e78b4,2020-09-26,21,{'JAM'},{'JAM_HEAVY_TRAFFIC'},29,{6},5.0
2e68e78b,2e68e78b4,2020-09-30,8,{'JAM'},{'JAM_MODERATE_TRAFFIC'},30,{6},5.0
2e68e78b,2e68e78b4,2020-10-01,18,{'WEATHERHAZARD'},{'HAZARD_ON_ROAD_CAR_STOPPED'},73,{6},6.671232876712328
2e68e78b,2e68e78b4,2020-10-03,13,{'JAM'},{'JAM_STAND_STILL_TRAFFIC'},32,{6},5.0
2e68e78b,2e68e78b4,2020-10-03,19,{'JAM'},{'JAM_STAND_STILL_TRAFFIC'},31,{6},5.0
2e68e78b,2e68e78b4,2020-10-10,13,{'JAM'},{'JAM_MODERATE_TRAFFIC'},29,{20},5.0
2e68e78b,2e68e78b4,2020-10-10,19,{'JAM'},{'JAM_STAND_STILL_TRAFFIC'},30,{6},5.0
2e68e78b,2e68e78b4,2020-10-13,18,{'JAM'},{'JAM_STAND_STILL_TRAFFIC'},30,{6},5.0
2e68e78b,2e68e78b4,2020-10-22,14,"{'JAM', 'WEATHERHAZARD'}","{'HAZARD_WEATHER_FLOOD', 'JAM_STAND_STILL_TRAFFIC'}",61,{6},5.0
2e68e78b,2e68e78b4,2020-10-23,13,{'JAM'},"{'JAM_STAND_STILL_TRAFFIC', 'JAM_HEAVY_TRAFFIC'}",124,{6},5.0
2e68e78b,2e68e78b4,2020-10-23,14,{'JAM'},{'JAM_HEAVY_TRAFFIC'},31,{6},5.838709677419355
2e68e78b,2e68e78b4,2020-10-27,15,{'JAM'},{'JAM_STAND_STILL_TRAFFIC'},85,{6},6.411764705882353
2e68e78b,2e68e78b4,2020-10-27,17,{'JAM'},{'JAM_STAND_STILL_TRAFFIC'},30,{6},5.0
2e68e78b,2e68e78b4,2020-11-01,14,{'JAM'},{'JAM_STAND_STILL_TRAFFIC'},55,{6},5.0
2e68e78b,2e68e78b4,2020-11-02,18,{'JAM'},{'JAM_MODERATE_TRAFFIC'},32,{6},5.96875
2e68e78b,2e68e78b4,2020-11-03,18,{'JAM'},"{'JAM', 'JAM_STAND_STILL_TRAFFIC'}",95,{6},5.0
2e68e78b,2e68e78b4,2020-11-05,19,{'JAM'},{'JAM_STAND_STILL_TRAFFIC'},30,{6},5.0
2e68e78b,2e68e78b4,2020-11-06,18,{'JAM'},{'JAM_MODERATE_TRAFFIC'},31,{6},5.0
2e68e78b,2e68e78b4,2020-11-07,19,{'JAM'},{'JAM_STAND_STILL_TRAFFIC'},31,{6},5.0
2e68e78b,2e68e78b4,2020-11-09,18,{'JAM'},"{'JAM_STAND_STILL_TRAFFIC', 'JAM_HEAVY_TRAFFIC'}",66,{6},5.242424242424242
2e68e78b,2e68e78b4,2020-11-12,13,{'JAM'},{'JAM_STAND_STILL_TRAFFIC'},62,{6},5.016129032258065
2e68e78b,2e68e78b4,2020-11-12,17,{'JAM'},{'JAM_STAND_STILL_TRAFFIC'},31,{6},5.0
2e68e78b,2e68e78b4,2020-11-17,19,{'JAM'},{'JAM_STAND_STILL_TRAFFIC'},41,{6},5.414634146341464
2e68e78b,2e68e78b4,2020-11-19,17,{'JAM'},{'JAM_STAND_STILL_TRAFFIC'},31,{6},5.838709677419355
2e68e78b,2e68e78b4,2020-11-22,11,{'WEATHERHAZARD'},{'WEATHERHAZARD'},31,{6},5.419354838709677
2e68e78d,2e68e78c4,2020-09-22,17,{'JAM'},{'JAM_HEAVY_TRAFFIC'},32,{6},5.0
2e68e78d,2e68e78c4,2020-09-22,18,{'JAM'},{'JAM'},31,{6},5.0
2e68e78d,2e68e78c4,2020-09-24,8,{'JAM'},{'JAM_HEAVY_TRAFFIC'},32,{6},5.0
2e68e78d,2e68e78c4,2020-10-01,16,{'JAM'},{'JAM_STAND_STILL_TRAFFIC'},4,{6},5.25
2e68e78d,2e68e78c4,2020-10-01,17,{'JAM'},{'JAM_STAND_STILL_TRAFFIC'},32,{6},5.0
2e68e78d,2e68e78c4,2020-10-06,10,{'JAM'},{'JAM_HEAVY_TRAFFIC'},30,{6},5.966666666666667
2e68e78d,2e68e78c4,2020-10-14,7,{'JAM'},{'JAM_MODERATE_TRAFFIC'},45,{6},5.333333333333333
2e68e78d,2e68e78c4,2020-10-23,9,{'JAM'},{'JAM_STAND_STILL_TRAFFIC'},30,{6},5.0
2e68e78d,2e68e78c4,2020-10-26,7,{'JAM'},{'JAM_HEAVY_TRAFFIC'},31,{6},5.0
2e68e78d,2e68e78c4,2020-11-02,7,{'JAM'},{'JAM_HEAVY_TRAFFIC'},32,{6},5.0
2e68e78d,2e68e78c4,2020-11-02,17,{'JAM'},{'JAM_HEAVY_TRAFFIC'},1,{6},8.0
2e68e78d,2e68e78c4,2020-11-02,18,{'JAM'},{'JAM_HEAVY_TRAFFIC'},61,{6},5.0
2e68e78d,2e68e78cc,2020-09-05,19,{'JAM'},{'JAM_STAND_STILL_TRAFFIC'},30,{6},5.0
2e68e78d,2e68e78cc,2020-09-22,17,{'JAM'},{'JAM_STAND_STILL_TRAFFIC'},32,{6},6.75
2e68e78d,2e68e78cc,2020-09-24,8,{'JAM'},{'JAM_HEAVY_TRAFFIC'},30,{6},5.866666666666666
2e68e78d,2e68e78cc,2020-10-01,16,{'JAM'},{'JAM_STAND_STILL_TRAFFIC'},26,{6},7.0
2e68e78d,2e68e78cc,2020-10-01,18,{'JAM'},{'JAM_STAND_STILL_TRAFFIC'},30,{6},5.0
2e68e78d,2e68e78cc,2020-10-03,19,{'JAM'},{'JAM_HEAVY_TRAFFIC'},56,{6},6.446428571428571
2e68e78d,2e68e78cc,2020-10-23,13,{'JAM'},{'JAM_HEAVY_TRAFFIC'},31,{6},5.967741935483871
2e68e78d,2e68e78cc,2020-10-23,14,{'JAM'},{'JAM_STAND_STILL_TRAFFIC'},32,{6},5.6875
2e68e78d,2e68e78cc,2020-10-26,7,{'JAM'},{'JAM_HEAVY_TRAFFIC'},30,{6},5.833333333333333
2e68e78d,2e68e78cc,2020-10-27,17,{'JAM'},{'JAM_STAND_STILL_TRAFFIC'},31,{6},5.0
2e68e78d,2e68e78cc,2020-10-28,11,{'JAM'},{'JAM_MODERATE_TRAFFIC'},16,{6},5.0
2e68e78d,2e68e78cc,2020-10-30,13,{'JAM'},{'JAM_HEAVY_TRAFFIC'},33,{6},5.0
2e68e78d,2e68e78cc,2020-11-02,17,{'JAM'},{'JAM_HEAVY_TRAFFIC'},60,{6},6.583333333333333
2e68e78d,2e68e78cc,2020-11-02,18,{'JAM'},{'JAM_HEAVY_TRAFFIC'},31,{6},5.0
2e68e78d,2e68e78cc,2020-11-03,18,{'JAM'},{'JAM_STAND_STILL_TRAFFIC'},33,{6},5.0
2e68e78d,2e68e78cc,2020-11-04,8,{'JAM'},"{'JAM', 'JAM_HEAVY_TRAFFIC'}",66,{6},5.0
2e68e78d,2e68e78cc,2020-11-05,8,{'JAM'},"{'JAM_STAND_STILL_TRAFFIC', 'JAM_MODERATE_TRAFFIC'}",60,{6},5.0
2e68e78d,2e68e78cc,2020-11-09,18,{'JAM'},{'JAM_HEAVY_TRAFFIC'},30,{6},5.0
2e68e78d,2e68e78cc,2020-11-12,13,{'JAM'},{'JAM_STAND_STILL_TRAFFIC'},21,{6},5.9523809523809526
2e68e78d,2e68e78cc,2020-11-12,17,{'JAM'},{'JAM_STAND_STILL_TRAFFIC'},33,{6},5.0
2e68e78d,2e68e78dc,2020-09-04,16,{'JAM'},{'JAM_HEAVY_TRAFFIC'},29,{6},5.0
2e68e78d,2e68e78dc,2020-09-18,17,{'JAM'},{'JAM_MODERATE_TRAFFIC'},31,{6},5.0
2e68e78d,2e68e78dc,2020-09-18,19,{'JAM'},{'JAM_STAND_STILL_TRAFFIC'},79,{6},6.6075949367088604
2e68e78d,2e68e78dc,2020-09-20,17,{'JAM'},{'JAM_MODERATE_TRAFFIC'},31,{6},5.0
2e68e78d,2e68e78dc,2020-09-22,17,{'JAM'},{'JAM_HEAVY_TRAFFIC'},33,{6},5.0
2e68e78d,2e68e78dc,2020-09-22,19,{'JAM'},{'JAM_HEAVY_TRAFFIC'},39,{6},5.461538461538462
2e68e78d,2e68e78dc,2020-09-24,16,{'JAM'},{'JAM_HEAVY_TRAFFIC'},30,{6},5.0
2e68e78d,2e68e78dc,2020-09-26,11,{'JAM'},{'JAM_STAND_STILL_TRAFFIC'},15,{6},5.0
2e68e78d,2e68e78dc,2020-10-01,17,{'JAM'},{'JAM_HEAVY_TRAFFIC'},30,{6},5.0
2e68e78d,2e68e78dc,2020-10-10,13,{'JAM'},{'JAM_MODERATE_TRAFFIC'},35,{6},5.0
2e68e78d,2e68e78dc,2020-10-14,7,{'JAM'},{'JAM_MODERATE_TRAFFIC'},44,{6},5.340909090909091
2e68e78d,2e68e78dc,2020-10-20,16,{'JAM'},{'JAM'},31,{6},5.0
2e68e78d,2e68e78dc,2020-10-23,13,{'JAM'},{'JAM_HEAVY_TRAFFIC'},30,{6},5.0
2e68e78d,2e68e78dc,2020-10-27,16,{'JAM'},{'JAM_HEAVY_TRAFFIC'},62,{6},5.483870967741935
2e68e78d,2e68e78dc,2020-11-09,9,{'JAM'},{'JAM_HEAVY_TRAFFIC'},31,{6},5.0
2e68e78d,2e68e78dc,2020-11-12,8,{'JAM'},{'JAM_MODERATE_TRAFFIC'},30,{6},5.0
2e68e78f,2e68e78ec,2020-11-17,14,{'JAM'},{'JAM'},31,{1},5.0
2e68e78f,2e68e78fc,2020-10-29,16,{'JAM'},{'JAM'},32,{1},5.0
2e68e791,2e68e7904,2020-09-01,16,{'WEATHERHAZARD'},{'WEATHERHAZARD'},31,{1},5.0
2e68e793,2e68e7924,2020-09-02,15,{'JAM'},{'JAM_STAND_STILL_TRAFFIC'},46,{6},5.0
2e68e793,2e68e7924,2020-09-10,14,{'JAM'},{'JAM_STAND_STILL_TRAFFIC'},32,{6},5.21875
2e68e793,2e68e7924,2020-09-14,15,{'JAM'},{'JAM_STAND_STILL_TRAFFIC'},25,{6},5.0
2e68e793,2e68e7924,2020-09-16,18,{'JAM'},{'JAM_STAND_STILL_TRAFFIC'},39,{6},5.0
2e68e793,2e68e7924,2020-09-18,19,{'JAM'},{'JAM'},69,{6},7.7101449275362315
2e68e793,2e68e7924,2020-09-18,20,{'JAM'},{'JAM_HEAVY_TRAFFIC'},16,{6},5.0
2e68e793,2e68e7924,2020-09-18,21,{'JAM'},"{'JAM_STAND_STILL_TRAFFIC', 'JAM_HEAVY_TRAFFIC'}",26,"{22, 6}",5.0
2e68e793,2e68e7924,2020-09-22,17,{'JAM'},{'JAM_STAND_STILL_TRAFFIC'},30,{6},7.933333333333334
2e68e793,2e68e7924,2020-09-24,7,{'JAM'},{'JAM_STAND_STILL_TRAFFIC'},31,{6},5.0
2e68e793,2e68e7924,2020-09-24,8,{'JAM'},{'JAM_HEAVY_TRAFFIC'},32,{6},5.0
2e68e793,2e68e7924,2020-09-25,13,{'JAM'},{'JAM_HEAVY_TRAFFIC'},8,{6},5.0
2e68e793,2e68e7924,2020-10-01,18,{'JAM'},{'JAM_HEAVY_TRAFFIC'},31,{6},5.0
2e68e793,2e68e7924,2020-10-05,18,{'JAM'},{'JAM_STAND_STILL_TRAFFIC'},31,{6},5.0
2e68e793,2e68e7924,2020-10-06,18,{'JAM'},{'JAM_STAND_STILL_TRAFFIC'},15,{6},6.0
2e68e793,2e68e7924,2020-10-08,14,{'JAM'},{'JAM_HEAVY_TRAFFIC'},6,{6},5.0
2e68e793,2e68e7924,2020-10-10,13,{'JAM'},"{'JAM_STAND_STILL_TRAFFIC', 'JAM_HEAVY_TRAFFIC'}",66,{6},5.0
2e68e793,2e68e7924,2020-10-10,17,{'JAM'},{'JAM_STAND_STILL_TRAFFIC'},31,{6},5.0
2e68e793,2e68e7924,2020-10-19,17,{'JAM'},"{'JAM_STAND_STILL_TRAFFIC', 'JAM_MODERATE_TRAFFIC'}",70,"{6, 7}",5.0
2e68e793,2e68e7924,2020-10-25,16,{'JAM'},{'JAM_STAND_STILL_TRAFFIC'},17,{6},5.0
2e68e793,2e68e7924,2020-10-27,15,{'JAM'},{'JAM_STAND_STILL_TRAFFIC'},35,{6},5.371428571428571
2e68e793,2e68e7924,2020-10-27,16,{'JAM'},{'JAM_HEAVY_TRAFFIC'},30,{6},5.0
2e68e793,2e68e7924,2020-11-02,18,{'JAM'},{'JAM_HEAVY_TRAFFIC'},47,{6},5.361702127659575
2e68e793,2e68e7924,2020-11-02,19,{'JAM'},{'JAM_STAND_STILL_TRAFFIC'},26,{6},5.0
2e68e793,2e68e7924,2020-11-04,15,{'JAM'},{'JAM_HEAVY_TRAFFIC'},22,{6},5.0
2e68e793,2e68e7924,2020-11-07,15,{'JAM'},{'JAM_HEAVY_TRAFFIC'},30,{6},5.933333333333334
2e68e793,2e68e7924,2020-11-09,9,{'ACCIDENT'},{'ACCIDENT'},128,{6},5.234375
2e68e793,2e68e7934,2020-10-26,10,{'ACCIDENT'},{'ACCIDENT_MINOR'},28,{7},5.678571428571429
2e68e793,2e68e7934,2020-10-27,16,{'JAM'},{'JAM_HEAVY_TRAFFIC'},31,{7},5.741935483870968
2e68e793,2e68e793c,2020-09-02,18,{'JAM'},{'JAM_STAND_STILL_TRAFFIC'},28,{6},5.0
2e68e793,2e68e793c,2020-09-03,17,{'JAM'},{'JAM_STAND_STILL_TRAFFIC'},33,{6},5.484848484848484
2e68e793,2e68e793c,2020-09-09,17,{'JAM'},{'JAM_MODERATE_TRAFFIC'},20,{6},5.0
2e68e793,2e68e793c,2020-09-10,17,{'JAM'},{'JAM_STAND_STILL_TRAFFIC'},30,{6},5.0
2e68e793,2e68e793c,2020-09-18,21,{'JAM'},"{'JAM_STAND_STILL_TRAFFIC', 'JAM_HEAVY_TRAFFIC'}",12,{6},5.0
2e68e793,2e68e793c,2020-09-24,7,{'JAM'},"{'JAM_STAND_STILL_TRAFFIC', 'JAM_HEAVY_TRAFFIC'}",64,{6},5.234375
2e68e793,2e68e793c,2020-09-24,8,{'JAM'},{'JAM_HEAVY_TRAFFIC'},31,{6},5.0
2e68e793,2e68e793c,2020-09-30,9,{'JAM'},{'JAM_MODERATE_TRAFFIC'},31,{6},5.0
2e68e793,2e68e793c,2020-10-01,18,{'JAM'},{'JAM_STAND_STILL_TRAFFIC'},32,{6},5.0
2e68e793,2e68e793c,2020-10-05,18,{'JAM'},{'JAM_STAND_STILL_TRAFFIC'},33,{6},5.0
2e68e793,2e68e793c,2020-10-09,17,{'JAM'},{'JAM_STAND_STILL_TRAFFIC'},30,{6},5.0
2e68e793,2e68e793c,2020-10-10,13,{'JAM'},{'JAM_STAND_STILL_TRAFFIC'},31,{6},5.0
2e68e793,2e68e793c,2020-10-14,8,{'JAM'},{'JAM_MODERATE_TRAFFIC'},31,{6},5.0
2e68e793,2e68e793c,2020-10-22,7,{'JAM'},{'JAM_STAND_STILL_TRAFFIC'},35,{6},5.428571428571429
2e68e793,2e68e793c,2020-10-23,13,{'JAM'},{'JAM_STAND_STILL_TRAFFIC'},31,{6},5.0
2e68e793,2e68e793c,2020-10-26,7,{'JAM'},{'JAM_HEAVY_TRAFFIC'},30,{6},6.0
2e68e793,2e68e793c,2020-10-26,8,{'JAM'},{'JAM_MODERATE_TRAFFIC'},30,{6},5.0
2e68e793,2e68e793c,2020-10-27,16,{'JAM'},"{'JAM_STAND_STILL_TRAFFIC', 'JAM_HEAVY_TRAFFIC'}",64,{6},6.140625
2e68e793,2e68e793c,2020-10-31,10,{'JAM'},{'JAM_HEAVY_TRAFFIC'},30,{6},5.0
2e68e793,2e68e793c,2020-10-31,11,{'JAM'},{'JAM_STAND_STILL_TRAFFIC'},31,{6},5.0
2e68e793,2e68e793c,2020-11-02,18,{'JAM'},{'JAM_HEAVY_TRAFFIC'},93,{6},5.0
2e68e793,2e68e793c,2020-11-03,8,{'JAM'},{'JAM_STAND_STILL_TRAFFIC'},30,{6},5.0
2e68e793,2e68e793c,2020-11-04,8,{'JAM'},{'JAM'},30,{1},5.0
2e68e793,2e68e793c,2020-11-04,11,{'JAM'},{'JAM_STAND_STILL_TRAFFIC'},31,{6},5.0
2e68e793,2e68e793c,2020-11-09,9,{'WEATHERHAZARD'},"{'HAZARD_ON_SHOULDER_CAR_STOPPED', 'HAZARD_ON_ROAD_TRAFFIC_LIGHT_FAULT'}",63,{6},5.428571428571429
2e68e795,2e68e7944,2020-09-01,16,"{'JAM', 'WEATHERHAZARD'}","{'HAZARD_ON_SHOULDER_CAR_STOPPED', 'JAM_STAND_STILL_TRAFFIC'}",45,{2},5.0
2e68e795,2e68e7944,2020-09-19,16,{'JAM'},{'JAM_MODERATE_TRAFFIC'},31,{6},5.0
2e68e795,2e68e7944,2020-09-22,17,{'JAM'},{'JAM'},30,{6},5.0
2e68e795,2e68e7944,2020-09-22,19,{'JAM'},"{'JAM_STAND_STILL_TRAFFIC', 'JAM_HEAVY_TRAFFIC'}",62,{6},5.0
2e68e795,2e68e7944,2020-09-24,7,{'JAM'},"{'JAM_STAND_STILL_TRAFFIC', 'JAM_HEAVY_TRAFFIC'}",64,{6},5.265625
2e68e795,2e68e7944,2020-09-24,8,{'JAM'},{'JAM'},3,{6},5.0
2e68e795,2e68e7944,2020-09-28,17,{'JAM'},{'JAM_STAND_STILL_TRAFFIC'},34,{6},5.0
2e68e795,2e68e7944,2020-09-30,19,{'JAM'},{'JAM_STAND_STILL_TRAFFIC'},30,{6},5.6
2e68e795,2e68e7944,2020-10-01,17,{'JAM'},{'JAM_STAND_STILL_TRAFFIC'},33,{6},5.0
2e68e795,2e68e7944,2020-10-01,18,{'JAM'},{'JAM_STAND_STILL_TRAFFIC'},61,{6},5.0
2e68e795,2e68e7944,2020-10-10,13,{'JAM'},"{'JAM_STAND_STILL_TRAFFIC', 'JAM_HEAVY_TRAFFIC'}",63,"{2, 6}",5.0
2e68e795,2e68e7944,2020-10-10,14,{'JAM'},{'JAM_STAND_STILL_TRAFFIC'},23,{6},5.869565217391305
2e68e795,2e68e7944,2020-10-23,13,{'JAM'},{'JAM_HEAVY_TRAFFIC'},55,{6},5.0
2e68e795,2e68e7944,2020-10-26,7,{'JAM'},{'JAM_HEAVY_TRAFFIC'},97,{6},5.0
2e68e795,2e68e7944,2020-10-27,16,{'JAM'},{'JAM_HEAVY_TRAFFIC'},31,{6},5.0
2e68e795,2e68e7944,2020-10-31,12,{'JAM'},{'JAM_STAND_STILL_TRAFFIC'},32,{6},5.0
2e68e795,2e68e7944,2020-11-03,9,{'JAM'},{'JAM_STAND_STILL_TRAFFIC'},29,{6},5.0
2e68e795,2e68e7944,2020-11-15,13,{'JAM'},{'JAM'},28,{6},5.0
2e68e795,2e68e7944,2020-11-17,7,{'JAM'},{'JAM_STAND_STILL_TRAFFIC'},31,{6},5.0
2e68e795,2e68e794c,2020-09-19,6,{'JAM'},{'JAM'},11,{7},5.0
2e68e795,2e68e794c,2020-10-01,11,{'WEATHERHAZARD'},{'HAZARD_ON_ROAD_POT_HOLE'},479,{7},6.206680584551148
2e68e795,2e68e794c,2020-10-10,12,{'JAM'},{'JAM_HEAVY_TRAFFIC'},32,{7},5.0
2e68e795,2e68e794c,2020-10-21,16,{'JAM'},{'JAM_STAND_STILL_TRAFFIC'},35,{2},5.485714285714286
2e68e795,2e68e794c,2020-10-21,17,{'JAM'},{'JAM_STAND_STILL_TRAFFIC'},127,"{1, 2, 7}",5.535433070866142
2e68e795,2e68e794c,2020-10-27,16,{'JAM'},{'JAM_MODERATE_TRAFFIC'},31,{1},5.580645161290323
2e68e795,2e68e794c,2020-11-10,13,{'JAM'},{'JAM_STAND_STILL_TRAFFIC'},35,{7},5.514285714285714
2e68e795,2e68e794c,2020-11-14,9,{'JAM'},{'JAM_STAND_STILL_TRAFFIC'},9,{7},5.0
2e68e795,2e68e795c,2020-09-17,17,{'JAM'},{'JAM_HEAVY_TRAFFIC'},33,{6},5.0
2e68e795,2e68e795c,2020-09-24,8,{'JAM'},{'JAM'},30,{6},7.0
2e68e795,2e68e795c,2020-10-01,17,{'JAM'},{'JAM_HEAVY_TRAFFIC'},31,{6},5.0
2e68e795,2e68e795c,2020-10-03,13,{'JAM'},{'JAM_MODERATE_TRAFFIC'},8,{6},5.0
2e68e795,2e68e795c,2020-10-10,13,{'JAM'},{'JAM_HEAVY_TRAFFIC'},39,{6},5.384615384615385
2e68e795,2e68e795c,2020-10-26,7,{'JAM'},{'JAM_MODERATE_TRAFFIC'},30,{6},5.0
2e68e795,2e68e795c,2020-11-04,10,{'JAM'},{'JAM_HEAVY_TRAFFIC'},31,{6},5.0
2e68e797,2e68e7964,2020-09-01,16,"{'JAM', 'WEATHERHAZARD'}","{'HAZARD_ON_SHOULDER_CAR_STOPPED', 'JAM_HEAVY_TRAFFIC'}",69,{6},5.0
2e68e797,2e68e7964,2020-09-17,17,{'JAM'},{'JAM_STAND_STILL_TRAFFIC'},31,{6},5.0
2e68e797,2e68e7964,2020-09-22,18,{'JAM'},{'JAM_MODERATE_TRAFFIC'},32,{6},5.0
2e68e797,2e68e7964,2020-10-28,13,{'JAM'},{'JAM_STAND_STILL_TRAFFIC'},37,{6},5.486486486486487
2e68e797,2e68e7964,2020-10-30,13,{'JAM'},{'JAM_HEAVY_TRAFFIC'},36,{6},6.805555555555555
2e68e797,2e68e7964,2020-11-01,14,{'JAM'},{'JAM_HEAVY_TRAFFIC'},5,{6},5.0
2e68e797,2e68e7964,2020-11-06,15,{'JAM'},{'JAM_STAND_STILL_TRAFFIC'},31,{6},5.0
2e68e797,2e68e797c,2020-10-07,22,{'JAM'},{'JAM'},32,{1},5.0
2e68e799,2e68e7984,2020-11-01,18,{'JAM'},{'JAM'},30,{1},5.0
2e68e7a3,2e68e7a2c,2020-11-12,16,{'JAM'},{'JAM_MODERATE_TRAFFIC'},24,{2},5.0
2e68e7a3,2e68e7a2c,2020-11-17,16,{'JAM'},{'JAM'},31,{2},5.0
2e68e7a5,2e68e7a44,2020-11-12,16,{'JAM'},{'JAM_MODERATE_TRAFFIC'},61,{2},5.0
2e68e7a5,2e68e7a54,2020-10-10,16,{'JAM'},{'JAM_STAND_STILL_TRAFFIC'},12,{2},5.0
2e68e7a5,2e68e7a54,2020-10-30,9,{'JAM'},{'JAM_HEAVY_TRAFFIC'},30,{2},6.0
2e68e7a5,2e68e7a54,2020-11-07,13,{'JAM'},{'JAM_STAND_STILL_TRAFFIC'},30,{2},5.0
2e68e7a5,2e68e7a54,2020-11-07,16,{'JAM'},{'JAM_HEAVY_TRAFFIC'},39,{2},6.871794871794871
2e68e7a5,2e68e7a54,2020-11-07,18,{'JAM'},{'JAM_STAND_STILL_TRAFFIC'},16,{1},5.0
2e68e7a5,2e68e7a54,2020-11-08,11,{'JAM'},{'JAM_STAND_STILL_TRAFFIC'},25,{2},5.76
2e68e7a5,2e68e7a54,2020-11-08,12,{'JAM'},{'JAM'},5,{2},5.0
2e68e7a5,2e68e7a54,2020-11-21,14,{'JAM'},{'JAM_STAND_STILL_TRAFFIC'},31,{1},5.0
2e68e7a5,2e68e7a5c,2020-09-02,15,{'JAM'},{'JAM_STAND_STILL_TRAFFIC'},11,{2},5.0
2e68e7a5,2e68e7a5c,2020-09-05,13,{'JAM'},{'JAM_HEAVY_TRAFFIC'},30,{1},5.0
2e68e7a5,2e68e7a5c,2020-09-05,15,{'JAM'},{'JAM_STAND_STILL_TRAFFIC'},34,{2},5.5
2e68e7a5,2e68e7a5c,2020-09-05,18,{'JAM'},{'JAM_HEAVY_TRAFFIC'},81,"{1, 2}",6.518518518518518
2e68e7a5,2e68e7a5c,2020-09-05,19,{'JAM'},"{'JAM_STAND_STILL_TRAFFIC', 'JAM_HEAVY_TRAFFIC'}",96,"{1, 2}",5.302083333333333
2e68e7a5,2e68e7a5c,2020-09-17,17,{'JAM'},{'JAM_MODERATE_TRAFFIC'},32,{2},5.0
2e68e7a5,2e68e7a5c,2020-10-03,16,{'JAM'},{'JAM_HEAVY_TRAFFIC'},21,{1},5.0
2e68e7a5,2e68e7a5c,2020-10-06,16,{'JAM'},{'JAM_STAND_STILL_TRAFFIC'},32,{2},5.0
2e68e7a5,2e68e7a5c,2020-10-08,16,{'JAM'},"{'JAM_STAND_STILL_TRAFFIC', 'JAM_HEAVY_TRAFFIC'}",62,"{1, 2}",5.0
2e68e7a5,2e68e7a5c,2020-10-16,16,{'JAM'},{'JAM_STAND_STILL_TRAFFIC'},34,{2},5.0
2e68e7a5,2e68e7a5c,2020-10-23,15,{'JAM'},{'JAM_HEAVY_TRAFFIC'},33,{2},5.484848484848484
2e68e7a5,2e68e7a5c,2020-10-24,15,{'JAM'},{'JAM_HEAVY_TRAFFIC'},31,{2},5.0
2e68e7a5,2e68e7a5c,2020-10-24,17,{'JAM'},{'JAM'},32,{2},5.0
2e68e7a5,2e68e7a5c,2020-10-27,17,{'JAM'},"{'JAM_STAND_STILL_TRAFFIC', 'JAM_HEAVY_TRAFFIC'}",32,"{1, 2}",5.0
2e68e7a5,2e68e7a5c,2020-10-28,14,{'JAM'},{'JAM_HEAVY_TRAFFIC'},17,{2},5.0
2e68e7a5,2e68e7a5c,2020-10-29,16,{'JAM'},"{'JAM_STAND_STILL_TRAFFIC', 'JAM_HEAVY_TRAFFIC'}",108,"{1, 2}",5.37962962962963
2e68e7a5,2e68e7a5c,2020-10-29,17,{'JAM'},{'JAM_STAND_STILL_TRAFFIC'},33,{2},5.96969696969697
2e68e7a5,2e68e7a5c,2020-10-29,18,{'JAM'},{'JAM_STAND_STILL_TRAFFIC'},19,{2},5.0
2e68e7a5,2e68e7a5c,2020-10-30,13,{'JAM'},{'JAM_STAND_STILL_TRAFFIC'},134,"{1, 2}",5.574626865671642
2e68e7a5,2e68e7a5c,2020-10-31,10,{'JAM'},{'JAM_STAND_STILL_TRAFFIC'},31,{2},5.0
2e68e7a5,2e68e7a5c,2020-10-31,16,{'JAM'},{'JAM_STAND_STILL_TRAFFIC'},14,{2},5.714285714285714
2e68e7a5,2e68e7a5c,2020-10-31,18,{'JAM'},{'JAM_MODERATE_TRAFFIC'},10,{2},5.0
2e68e7a5,2e68e7a5c,2020-11-07,12,{'JAM'},{'JAM_HEAVY_TRAFFIC'},30,{1},5.0
2e68e7a5,2e68e7a5c,2020-11-08,11,{'JAM'},{'JAM'},32,{1},5.0
2e68e7a9,2e68e7a8c,2020-10-29,16,{'JAM'},{'JAM_STAND_STILL_TRAFFIC'},30,{2},5.866666666666666
2e68e7a9,2e68e7a94,2020-09-06,13,{'JAM'},{'JAM_HEAVY_TRAFFIC'},14,{2},5.0
2e68e7a9,2e68e7a94,2020-09-14,15,{'WEATHERHAZARD'},{'HAZARD_WEATHER_HEAVY_SNOW'},30,{2},5.0
2e68e7a9,2e68e7a94,2020-10-04,12,{'JAM'},{'JAM_HEAVY_TRAFFIC'},30,{2},5.0
2e68e7a9,2e68e7a94,2020-10-10,14,{'JAM'},{'JAM_STAND_STILL_TRAFFIC'},30,{2},7.533333333333333
2e68e7a9,2e68e7a94,2020-10-24,15,{'JAM'},{'JAM_HEAVY_TRAFFIC'},26,{2},5.0
2e68e7a9,2e68e7a94,2020-10-24,16,{'JAM'},{'JAM_STAND_STILL_TRAFFIC'},27,{2},5.037037037037037
2e68e7a9,2e68e7a94,2020-10-29,15,{'JAM'},{'JAM_STAND_STILL_TRAFFIC'},31,{1},5.935483870967742
2e68e7a9,2e68e7a94,2020-10-29,16,{'JAM'},{'JAM_STAND_STILL_TRAFFIC'},34,{1},5.0
2e68e7a9,2e68e7a94,2020-11-08,15,{'JAM'},{'JAM_HEAVY_TRAFFIC'},32,{2},5.0
2e68e7a9,2e68e7a94,2020-11-13,14,"{'JAM', 'WEATHERHAZARD'}","{'HAZARD_ON_ROAD_CAR_STOPPED', 'JAM_STAND_STILL_TRAFFIC'}",65,{2},5.0
2e68e7a9,2e68e7a94,2020-11-14,18,{'JAM'},{'JAM'},10,{2},5.0
2e68e7a9,2e68e7a9c,2020-10-18,12,{'WEATHERHAZARD'},{'HAZARD_ON_ROAD_OBJECT'},61,{1},6.213114754098361
2e68e7ab,2e68e7aa4,2020-09-26,16,{'JAM'},{'JAM_STAND_STILL_TRAFFIC'},24,{2},5.583333333333333
2e68e7ab,2e68e7abc,2020-11-07,16,{'JAM'},{'JAM_STAND_STILL_TRAFFIC'},6,{2},5.0
2e68e7af,2e68e7ae4,2020-09-05,17,{'JAM'},{'JAM_STAND_STILL_TRAFFIC'},30,{1},5.466666666666667
2e68e7af,2e68e7ae4,2020-09-06,14,"{'JAM', 'ACCIDENT'}","{'JAM_STAND_STILL_TRAFFIC', 'ACCIDENT_MAJOR'}",150,{1},5.8
2e68e7af,2e68e7ae4,2020-10-29,13,{'JAM'},{'JAM_STAND_STILL_TRAFFIC'},35,{1},5.514285714285714
2e68e7af,2e68e7aec,2020-09-05,18,{'JAM'},"{'JAM_STAND_STILL_TRAFFIC', 'JAM_HEAVY_TRAFFIC'}",60,{1},5.0
2e68e7af,2e68e7aec,2020-09-05,19,{'JAM'},{'JAM_HEAVY_TRAFFIC'},107,{2},5.719626168224299
2e68e7af,2e68e7aec,2020-10-06,17,{'JAM'},{'JAM_MODERATE_TRAFFIC'},18,{2},5.0
2e68e7af,2e68e7aec,2020-10-17,18,{'JAM'},{'JAM_STAND_STILL_TRAFFIC'},31,{2},5.0
2e68e7af,2e68e7aec,2020-10-31,13,{'JAM'},{'JAM_STAND_STILL_TRAFFIC'},32,{2},5.0
2e68e7af,2e68e7aec,2020-11-07,16,{'JAM'},{'JAM_STAND_STILL_TRAFFIC'},73,"{1, 2}",5.561643835616438
2e68e7af,2e68e7af4,2020-09-05,13,{'JAM'},{'JAM_HEAVY_TRAFFIC'},32,{2},5.0
2e68e7af,2e68e7af4,2020-09-05,16,{'JAM'},{'JAM_STAND_STILL_TRAFFIC'},31,{2},6.419354838709677
2e68e7af,2e68e7af4,2020-09-05,18,{'JAM'},{'JAM_STAND_STILL_TRAFFIC'},74,{2},5.1891891891891895
2e68e7af,2e68e7af4,2020-09-06,16,{'JAM'},{'JAM_HEAVY_TRAFFIC'},31,{2},5.0
2e68e7af,2e68e7af4,2020-09-12,17,{'JAM'},{'JAM_STAND_STILL_TRAFFIC'},32,{2},5.0
2e68e7af,2e68e7af4,2020-09-12,19,{'JAM'},{'JAM_STAND_STILL_TRAFFIC'},30,{2},5.7
2e68e7af,2e68e7af4,2020-09-14,19,{'ACCIDENT'},{'ACCIDENT'},26,{2},5.6923076923076925
2e68e7af,2e68e7af4,2020-10-03,15,{'JAM'},"{'JAM_MODERATE_TRAFFIC', 'JAM_HEAVY_TRAFFIC'}",73,{2},5.0
2e68e7af,2e68e7af4,2020-10-04,13,{'JAM'},{'JAM_MODERATE_TRAFFIC'},30,{2},5.0
2e68e7af,2e68e7af4,2020-10-04,15,{'JAM'},{'JAM_STAND_STILL_TRAFFIC'},46,{2},5.0
2e68e7af,2e68e7af4,2020-10-04,16,{'JAM'},{'JAM'},30,{2},5.0
2e68e7af,2e68e7af4,2020-10-06,17,{'JAM'},{'JAM_HEAVY_TRAFFIC'},29,{2},5.0
2e68e7af,2e68e7af4,2020-10-08,17,{'JAM'},{'JAM_STAND_STILL_TRAFFIC'},46,{2},5.3478260869565215
2e68e7af,2e68e7af4,2020-10-10,12,{'JAM'},{'JAM_STAND_STILL_TRAFFIC'},30,{2},5.0
2e68e7af,2e68e7af4,2020-10-14,15,{'JAM'},{'JAM_STAND_STILL_TRAFFIC'},30,{2},5.0
2e68e7af,2e68e7af4,2020-10-17,15,{'JAM'},{'JAM_HEAVY_TRAFFIC'},30,{2},5.0
2e68e7af,2e68e7af4,2020-10-25,17,{'JAM'},{'JAM_STAND_STILL_TRAFFIC'},31,{2},5.0
2e68e7af,2e68e7af4,2020-10-27,8,{'WEATHERHAZARD'},{'HAZARD_ON_ROAD_CONSTRUCTION'},71,{2},5.957746478873239
2e68e7af,2e68e7af4,2020-10-28,10,{'JAM'},{'JAM_STAND_STILL_TRAFFIC'},45,{2},6.266666666666667
2e68e7af,2e68e7af4,2020-10-28,18,{'JAM'},{'JAM_HEAVY_TRAFFIC'},31,{2},5.0
2e68e7af,2e68e7af4,2020-10-29,12,{'JAM'},{'JAM_STAND_STILL_TRAFFIC'},30,{2},5.0
2e68e7af,2e68e7af4,2020-10-29,16,{'JAM'},"{'JAM_STAND_STILL_TRAFFIC', 'JAM_HEAVY_TRAFFIC'}",133,{2},5.548872180451128
2e68e7af,2e68e7af4,2020-10-30,13,{'JAM'},{'JAM_STAND_STILL_TRAFFIC'},60,{2},6.266666666666667
2e68e7af,2e68e7af4,2020-10-31,13,{'JAM'},{'JAM_STAND_STILL_TRAFFIC'},67,{2},5.388059701492537
2e68e7af,2e68e7af4,2020-10-31,14,{'JAM'},{'JAM_STAND_STILL_TRAFFIC'},25,{2},6.88
2e68e7af,2e68e7af4,2020-11-14,11,{'JAM'},{'JAM_MODERATE_TRAFFIC'},32,{2},5.0
2e68e7af,2e68e7af4,2020-11-14,13,{'JAM'},{'JAM_HEAVY_TRAFFIC'},26,{2},5.0
2e68e7af,2e68e7af4,2020-11-14,17,{'JAM'},{'JAM_STAND_STILL_TRAFFIC'},27,{2},5.0
2e68e7af,2e68e7af4,2020-11-21,17,{'JAM'},{'JAM_HEAVY_TRAFFIC'},3,{2},6.0
2e68e7b1,2e68e7b04,2020-09-01,17,{'JAM'},{'JAM_HEAVY_TRAFFIC'},31,{6},5.0
2e68e7b1,2e68e7b04,2020-09-02,10,{'JAM'},{'JAM_STAND_STILL_TRAFFIC'},32,{6},5.625
2e68e7b1,2e68e7b04,2020-09-03,16,{'JAM'},{'JAM_HEAVY_TRAFFIC'},24,{6},6.0
2e68e7b1,2e68e7b04,2020-09-25,6,{'JAM'},{'JAM'},5,{6},5.0
2e68e7b1,2e68e7b04,2020-10-03,16,{'JAM'},{'JAM_HEAVY_TRAFFIC'},8,{6},5.0
2e68e7b1,2e68e7b04,2020-10-03,17,{'JAM'},{'JAM'},32,{6},5.0
2e68e7b1,2e68e7b04,2020-10-05,17,{'JAM'},{'JAM_STAND_STILL_TRAFFIC'},19,{6},5.894736842105263
2e68e7b1,2e68e7b04,2020-10-18,15,{'JAM'},{'JAM_STAND_STILL_TRAFFIC'},5,{6},5.0
2e68e7b1,2e68e7b04,2020-10-21,17,{'JAM'},{'JAM_MODERATE_TRAFFIC'},34,{1},5.0
2e68e7b1,2e68e7b04,2020-10-23,17,{'JAM'},"{'JAM_STAND_STILL_TRAFFIC', 'JAM_MODERATE_TRAFFIC'}",35,{6},5.142857142857143
2e68e7b1,2e68e7b04,2020-10-26,16,{'JAM'},{'JAM_STAND_STILL_TRAFFIC'},29,{6},5.0
2e68e7b1,2e68e7b04,2020-10-26,18,{'JAM'},{'JAM_HEAVY_TRAFFIC'},26,{6},5.0
2e68e7b1,2e68e7b04,2020-10-27,17,{'JAM'},{'JAM'},33,{6},6.0
2e68e7b1,2e68e7b04,2020-10-30,18,{'JAM'},{'JAM'},6,{6},5.0
2e68e7b1,2e68e7b04,2020-10-31,14,{'JAM'},{'JAM_STAND_STILL_TRAFFIC'},38,{6},8.131578947368421
2e68e7b1,2e68e7b04,2020-11-09,17,{'JAM'},{'JAM_STAND_STILL_TRAFFIC'},31,{6},5.870967741935484
2e68e7b1,2e68e7b04,2020-11-11,16,{'JAM'},{'JAM_HEAVY_TRAFFIC'},23,{6},5.0
2e68e7b1,2e68e7b04,2020-11-13,17,{'JAM'},{'JAM_STAND_STILL_TRAFFIC'},31,{6},5.0
2e68e7b1,2e68e7b0c,2020-10-16,17,{'JAM'},{'JAM_STAND_STILL_TRAFFIC'},31,{6},5.0
2e68e7b1,2e68e7b14,2020-09-01,17,{'JAM'},{'JAM_MODERATE_TRAFFIC'},30,{6},5.0
2e68e7b1,2e68e7b14,2020-09-09,18,{'JAM'},{'JAM_MODERATE_TRAFFIC'},32,{6},5.0
2e68e7b1,2e68e7b14,2020-09-13,9,{'JAM'},{'JAM'},31,{6},5.0
2e68e7b1,2e68e7b14,2020-09-23,20,{'JAM'},{'JAM_STAND_STILL_TRAFFIC'},5,{6},5.0
2e68e7b1,2e68e7b14,2020-10-03,13,{'JAM'},{'JAM_MODERATE_TRAFFIC'},30,{6},5.0
2e68e7b1,2e68e7b14,2020-10-08,10,{'JAM'},{'JAM'},27,{6},6.0
2e68e7b1,2e68e7b14,2020-10-20,10,{'JAM'},{'JAM_STAND_STILL_TRAFFIC'},31,{6},5.0
2e68e7b1,2e68e7b14,2020-10-25,16,{'JAM'},{'JAM_STAND_STILL_TRAFFIC'},17,{6},5.0
2e68e7b1,2e68e7b14,2020-10-29,16,{'JAM'},{'JAM_MODERATE_TRAFFIC'},28,{6},5.5
2e68e7b1,2e68e7b14,2020-10-30,13,{'JAM'},{'JAM_MODERATE_TRAFFIC'},36,{6},5.0
2e68e7b1,2e68e7b14,2020-11-07,11,{'JAM'},{'JAM_STAND_STILL_TRAFFIC'},31,{6},10.0
2e68e7b1,2e68e7b14,2020-11-15,22,{'ACCIDENT'},{'ACCIDENT_MINOR'},122,{6},5.655737704918033
2e68e7b1,2e68e7b14,2020-11-16,9,{'JAM'},{'JAM'},32,{6},5.0
2e68e7b1,2e68e7b14,2020-11-21,19,{'JAM'},{'JAM_STAND_STILL_TRAFFIC'},33,{6},7.363636363636363
2e68e7b3,2e68e7b24,2020-09-10,22,{'JAM'},{'JAM_STAND_STILL_TRAFFIC'},5,{6},5.0
2e68e7b3,2e68e7b24,2020-09-11,17,{'JAM'},{'JAM_HEAVY_TRAFFIC'},32,{6},5.0
2e68e7b3,2e68e7b24,2020-10-08,17,{'JAM'},{'JAM'},32,{6},5.90625
2e68e7b3,2e68e7b24,2020-10-11,14,{'JAM'},{'JAM'},32,{20},5.0
2e68e7b3,2e68e7b24,2020-11-20,18,{'JAM'},{'JAM_HEAVY_TRAFFIC'},32,{6},5.0
2e68e7b3,2e68e7b24,2020-11-21,9,{'JAM'},{'JAM'},30,{6},5.0
2e68e7b3,2e68e7b24,2020-11-21,19,{'JAM'},{'JAM_STAND_STILL_TRAFFIC'},28,{6},5.0
2e68e7b3,2e68e7b2c,2020-09-11,17,{'JAM'},{'JAM_STAND_STILL_TRAFFIC'},32,{6},5.0
2e68e7b3,2e68e7b2c,2020-09-30,13,{'JAM'},{'JAM_STAND_STILL_TRAFFIC'},31,{1},5.0
2e68e7b3,2e68e7b2c,2020-10-06,8,{'JAM'},{'JAM'},31,{22},5.0
2e68e7b3,2e68e7b2c,2020-10-11,17,{'JAM'},{'JAM_HEAVY_TRAFFIC'},17,{6},5.0
2e68e7b3,2e68e7b2c,2020-10-13,13,{'JAM'},{'JAM'},8,{6},5.0
2e68e7b3,2e68e7b2c,2020-10-25,19,{'JAM'},{'JAM'},31,{6},5.0
2e68e7b3,2e68e7b2c,2020-10-27,17,{'JAM'},{'JAM_STAND_STILL_TRAFFIC'},31,{6},5.0
2e68e7b3,2e68e7b2c,2020-11-22,14,{'JAM'},{'JAM_HEAVY_TRAFFIC'},23,{6},7.6521739130434785
2e68e7b3,2e68e7b34,2020-09-29,3,{'JAM'},{'JAM'},30,{7},5.0
2e68e7b3,2e68e7b34,2020-10-30,10,{'JAM'},{'JAM_HEAVY_TRAFFIC'},18,{7},7.0
2e68e7b3,2e68e7b34,2020-10-31,16,{'JAM'},{'JAM_STAND_STILL_TRAFFIC'},6,{7},5.0
2e68e7b3,2e68e7b34,2020-11-02,14,{'JAM'},{'JAM_MODERATE_TRAFFIC'},6,{7},5.0
2e68e7b3,2e68e7b3c,2020-09-10,9,{'JAM'},{'JAM'},30,{6},5.0
2e68e7b3,2e68e7b3c,2020-10-08,17,{'JAM'},{'JAM_STAND_STILL_TRAFFIC'},31,{1},5.0
2e68e7b3,2e68e7b3c,2020-10-24,19,{'JAM'},{'JAM_STAND_STILL_TRAFFIC'},29,{7},5.0
2e68e7b3,2e68e7b3c,2020-10-26,11,{'JAM'},{'JAM'},9,{2},5.0
2e68e7b3,2e68e7b3c,2020-10-29,16,{'ACCIDENT'},{'ACCIDENT'},13,{6},6.076923076923077
2e68e7b3,2e68e7b3c,2020-11-04,10,{'JAM'},{'JAM_HEAVY_TRAFFIC'},32,{6},5.0
2e68e7b3,2e68e7b3c,2020-11-10,15,{'JAM'},{'JAM_STAND_STILL_TRAFFIC'},47,{6},5.382978723404255
2e68e7b3,2e68e7b3c,2020-11-14,19,{'JAM'},{'JAM_STAND_STILL_TRAFFIC'},31,{6},6.0
2e68e7b3,2e68e7b3c,2020-11-18,20,{'JAM'},{'JAM_STAND_STILL_TRAFFIC'},25,{6},5.0
2e68e7b5,2e68e7b44,2020-10-03,20,{'JAM'},{'JAM_STAND_STILL_TRAFFIC'},61,{1},5.0
2e68e7b5,2e68e7b44,2020-10-14,17,{'WEATHERHAZARD'},{'HAZARD_ON_SHOULDER_CAR_STOPPED'},66,"{1, 2}",5.318181818181818
2e68e7b5,2e68e7b44,2020-11-07,20,{'JAM'},{'JAM_STAND_STILL_TRAFFIC'},30,{1},5.0
2e68e7b5,2e68e7b4c,2020-09-21,14,{'JAM'},{'JAM'},31,{1},6.0
2e68e7b5,2e68e7b4c,2020-10-17,11,{'JAM'},{'JAM_MODERATE_TRAFFIC'},5,{1},5.0
2e68e7b5,2e68e7b4c,2020-10-17,15,{'JAM'},{'JAM_STAND_STILL_TRAFFIC'},38,{1},9.078947368421053
2e68e7b5,2e68e7b4c,2020-11-03,17,{'JAM'},{'JAM_HEAVY_TRAFFIC'},24,{1},5.0
2e68e7b5,2e68e7b4c,2020-11-10,15,{'JAM'},{'JAM_HEAVY_TRAFFIC'},5,{2},5.0
2e68e7b5,2e68e7b4c,2020-11-13,11,{'JAM'},{'JAM'},7,{1},5.0
2e68e7b5,2e68e7b4c,2020-11-20,9,{'JAM'},{'JAM_HEAVY_TRAFFIC'},32,{1},6.125
2e68e7b5,2e68e7b4c,2020-11-22,10,{'JAM'},{'JAM_MODERATE_TRAFFIC'},31,{1},5.0
2e68e7b5,2e68e7b54,2020-09-02,13,{'WEATHERHAZARD'},{'HAZARD_ON_ROAD_POT_HOLE'},26,{1},6.6923076923076925
2e68e7b5,2e68e7b54,2020-09-04,13,{'JAM'},{'JAM_MODERATE_TRAFFIC'},16,{2},5.0
2e68e7b5,2e68e7b54,2020-09-10,13,{'WEATHERHAZARD'},{'HAZARD_ON_ROAD_POT_HOLE'},24,{1},5.25
2e68e7b5,2e68e7b54,2020-09-25,13,{'JAM'},{'JAM'},30,{1},5.0
2e68e7b5,2e68e7b54,2020-10-01,10,{'JAM'},{'JAM_STAND_STILL_TRAFFIC'},31,{2},5.0
2e68e7b5,2e68e7b54,2020-10-09,16,{'JAM'},{'JAM_STAND_STILL_TRAFFIC'},8,{2},5.0
2e68e7b5,2e68e7b54,2020-10-11,12,{'WEATHERHAZARD'},{'WEATHERHAZARD'},21,{1},5.857142857142857
2e68e7b5,2e68e7b54,2020-10-29,20,{'JAM'},{'JAM_MODERATE_TRAFFIC'},6,{2},5.0
2e68e7b5,2e68e7b54,2020-10-30,16,{'JAM'},{'JAM_STAND_STILL_TRAFFIC'},6,{2},5.833333333333333
2e68e7b5,2e68e7b54,2020-11-04,14,{'JAM'},{'JAM_STAND_STILL_TRAFFIC'},32,{2},5.0
2e68e7b5,2e68e7b54,2020-11-11,12,{'JAM'},{'JAM_HEAVY_TRAFFIC'},10,{2},5.0
2e68e7b5,2e68e7b5c,2020-10-14,17,{'WEATHERHAZARD'},{'HAZARD_ON_SHOULDER_CAR_STOPPED'},17,{1},6.0
2e68e7b5,2e68e7b5c,2020-10-24,8,"{'JAM', 'ACCIDENT'}","{'JAM_STAND_STILL_TRAFFIC', 'ACCIDENT_MAJOR'}",27,{1},5.666666666666667
2e68e7b7,2e68e7b64,2020-09-05,17,{'JAM'},{'JAM_HEAVY_TRAFFIC'},15,{7},5.0
2e68e7b7,2e68e7b64,2020-09-21,15,{'JAM'},{'JAM_HEAVY_TRAFFIC'},11,{7},5.0
2e68e7b7,2e68e7b64,2020-10-10,17,{'WEATHERHAZARD'},{'WEATHERHAZARD'},18,{7},5.555555555555555
2e68e7b7,2e68e7b64,2020-10-11,18,{'JAM'},{'JAM'},30,{7},5.0
2e68e7b7,2e68e7b64,2020-10-20,16,{'JAM'},{'JAM'},15,{2},5.0
2e68e7b7,2e68e7b64,2020-10-29,16,{'JAM'},{'JAM'},23,{7},5.0
2e68e7b7,2e68e7b64,2020-10-30,20,{'JAM'},{'JAM_HEAVY_TRAFFIC'},33,{7},5.0
2e68e7b7,2e68e7b64,2020-11-02,15,{'JAM'},{'JAM_MODERATE_TRAFFIC'},6,{7},5.0
2e68e7b7,2e68e7b64,2020-11-06,15,{'JAM'},{'JAM_STAND_STILL_TRAFFIC'},22,{2},5.0
2e68e7b7,2e68e7b64,2020-11-15,15,{'JAM'},{'JAM'},32,{7},5.0
2e68e7b7,2e68e7b64,2020-11-16,19,{'JAM'},{'JAM_STAND_STILL_TRAFFIC'},5,{7},6.0
2e68e7b7,2e68e7b64,2020-11-17,12,{'JAM'},{'JAM_MODERATE_TRAFFIC'},7,{7},5.0
2e68e7b7,2e68e7b64,2020-11-21,18,{'JAM'},{'JAM'},14,{1},5.0
2e68e7b7,2e68e7b6c,2020-10-12,17,{'JAM'},{'JAM_MODERATE_TRAFFIC'},32,{22},5.0
2e68e7b7,2e68e7b6c,2020-10-23,12,{'JAM'},{'JAM_HEAVY_TRAFFIC'},44,{1},6.159090909090909
2e68e7b7,2e68e7b6c,2020-11-02,14,{'JAM'},{'JAM_MODERATE_TRAFFIC'},5,{7},5.0
2e68e7b7,2e68e7b74,2020-11-15,7,{'JAM'},{'JAM_STAND_STILL_TRAFFIC'},33,{22},5.0
2e68e7b7,2e68e7b7c,2020-10-04,19,{'JAM'},{'JAM'},6,{2},5.0
2e68e7b9,2e68e7b9c,2020-09-22,17,{'JAM'},{'JAM_STAND_STILL_TRAFFIC'},31,{2},5.612903225806452
2e68e7bb,2e68e7ba4,2020-09-17,17,{'JAM'},{'JAM_STAND_STILL_TRAFFIC'},32,{2},5.0
2e68e7bb,2e68e7ba4,2020-10-03,16,{'JAM'},{'JAM_MODERATE_TRAFFIC'},18,{2},5.0
2e68e7bb,2e68e7ba4,2020-10-03,17,{'JAM'},{'JAM_MODERATE_TRAFFIC'},30,{2},5.0
2e68e7bb,2e68e7ba4,2020-10-03,19,{'JAM'},"{'JAM_STAND_STILL_TRAFFIC', 'JAM_HEAVY_TRAFFIC'}",43,{2},5.0
2e68e7bb,2e68e7ba4,2020-10-21,17,{'JAM'},{'JAM_STAND_STILL_TRAFFIC'},32,{2},5.96875
2e68e7bb,2e68e7ba4,2020-10-29,17,{'JAM'},{'JAM_STAND_STILL_TRAFFIC'},34,{2},5.0
2e68e7bb,2e68e7ba4,2020-11-07,11,{'JAM'},{'JAM_MODERATE_TRAFFIC'},30,{2},5.0
2e68e7bb,2e68e7ba4,2020-11-07,17,{'JAM'},{'JAM_MODERATE_TRAFFIC'},32,{2},5.0
2e68e7bb,2e68e7bac,2020-09-12,17,{'JAM'},{'JAM_HEAVY_TRAFFIC'},31,{6},5.0
2e68e7bb,2e68e7bac,2020-09-22,17,{'JAM'},{'JAM_MODERATE_TRAFFIC'},31,{2},5.0
2e68e7bb,2e68e7bac,2020-09-23,18,{'JAM'},{'JAM_STAND_STILL_TRAFFIC'},8,{6},5.0
2e68e7bb,2e68e7bac,2020-09-30,9,{'JAM'},{'JAM_MODERATE_TRAFFIC'},7,{6},5.0
2e68e7bb,2e68e7bac,2020-10-03,13,{'JAM'},{'JAM_HEAVY_TRAFFIC'},31,{6},5.483870967741935
2e68e7bb,2e68e7bac,2020-10-04,15,{'JAM'},{'JAM_STAND_STILL_TRAFFIC'},6,{1},5.0
2e68e7bb,2e68e7bac,2020-10-08,13,{'WEATHERHAZARD'},{'HAZARD_ON_SHOULDER_ANIMALS'},37,{6},6.405405405405405
2e68e7bb,2e68e7bac,2020-10-10,14,{'JAM'},"{'JAM_STAND_STILL_TRAFFIC', 'JAM_HEAVY_TRAFFIC'}",100,{6},5.0
2e68e7bb,2e68e7bac,2020-10-10,18,{'JAM'},{'JAM_HEAVY_TRAFFIC'},34,{2},5.0
2e68e7bb,2e68e7bac,2020-10-11,16,{'JAM'},{'JAM_MODERATE_TRAFFIC'},28,{6},5.0
2e68e7bb,2e68e7bac,2020-10-16,17,{'JAM'},{'JAM_STAND_STILL_TRAFFIC'},34,{6},5.0
2e68e7bb,2e68e7bac,2020-10-18,20,{'JAM'},{'JAM_HEAVY_TRAFFIC'},45,{2},5.355555555555555
2e68e7bb,2e68e7bac,2020-10-23,13,"{'JAM', 'ACCIDENT'}","{'JAM', 'ACCIDENT'}",153,{2},6.248366013071895
2e68e7bb,2e68e7bac,2020-10-24,10,{'JAM'},{'JAM_HEAVY_TRAFFIC'},31,{1},5.935483870967742
2e68e7bb,2e68e7bac,2020-10-24,18,{'JAM'},{'JAM_HEAVY_TRAFFIC'},36,{1},5.444444444444445
2e68e7bb,2e68e7bac,2020-10-25,19,{'JAM'},{'JAM_STAND_STILL_TRAFFIC'},5,{2},5.0
2e68e7bb,2e68e7bac,2020-10-27,17,{'JAM'},{'JAM'},32,{6},5.0
2e68e7bb,2e68e7bac,2020-10-30,10,{'JAM'},{'JAM_MODERATE_TRAFFIC'},32,{6},5.0
2e68e7bb,2e68e7bac,2020-10-30,14,{'JAM'},{'JAM_STAND_STILL_TRAFFIC'},30,{6},7.033333333333333
2e68e7bb,2e68e7bac,2020-10-31,19,{'JAM'},{'JAM_STAND_STILL_TRAFFIC'},31,{6},5.903225806451613
2e68e7bb,2e68e7bac,2020-10-31,20,{'JAM'},{'JAM_MODERATE_TRAFFIC'},24,{2},5.0
2e68e7bb,2e68e7bac,2020-11-01,10,{'JAM'},{'JAM_HEAVY_TRAFFIC'},39,{6},6.358974358974359
2e68e7bb,2e68e7bac,2020-11-11,11,{'JAM'},{'JAM_HEAVY_TRAFFIC'},32,{1},5.0
2e68e7bb,2e68e7bac,2020-11-14,13,{'JAM'},{'JAM_HEAVY_TRAFFIC'},10,{1},5.0
2e68e7bb,2e68e7bac,2020-11-21,13,{'JAM'},{'JAM_STAND_STILL_TRAFFIC'},13,{1},5.461538461538462
2e68e7bb,2e68e7bac,2020-11-22,11,{'JAM'},{'JAM_MODERATE_TRAFFIC'},8,{6},5.0
2e68e7bb,2e68e7bb4,2020-09-01,17,{'JAM'},{'JAM_MODERATE_TRAFFIC'},30,{6},5.0
2e68e7bb,2e68e7bb4,2020-09-14,17,{'JAM'},{'JAM_STAND_STILL_TRAFFIC'},4,{6},5.0
2e68e7bb,2e68e7bb4,2020-09-17,14,{'JAM'},{'JAM_STAND_STILL_TRAFFIC'},11,{1},5.0
2e68e7bb,2e68e7bb4,2020-10-08,14,{'JAM'},{'JAM'},31,{6},5.0
2e68e7bb,2e68e7bb4,2020-10-27,17,{'JAM'},{'JAM_STAND_STILL_TRAFFIC'},31,{6},5.741935483870968
2e68e7bb,2e68e7bb4,2020-10-29,14,{'JAM'},{'JAM_HEAVY_TRAFFIC'},30,{6},5.0
2e68e7bb,2e68e7bb4,2020-11-01,12,{'JAM'},{'JAM_HEAVY_TRAFFIC'},32,{6},5.0
2e68e7bb,2e68e7bb4,2020-11-13,14,{'JAM'},{'JAM_STAND_STILL_TRAFFIC'},33,{6},5.757575757575758
2e68e7bb,2e68e7bb4,2020-11-21,13,{'JAM'},{'JAM_STAND_STILL_TRAFFIC'},15,{6},5.4
2e68e7bb,2e68e7bbc,2020-09-01,17,{'JAM'},{'JAM_STAND_STILL_TRAFFIC'},34,{6},5.0
2e68e7bb,2e68e7bbc,2020-10-16,16,{'JAM'},{'JAM_HEAVY_TRAFFIC'},11,{1},6.0
2e68e7bd,2e68e7bc4,2020-09-11,17,{'JAM'},{'JAM_STAND_STILL_TRAFFIC'},33,{6},5.9393939393939394
2e68e7bd,2e68e7bc4,2020-09-14,17,{'JAM'},{'JAM_STAND_STILL_TRAFFIC'},58,{6},5.896551724137931
2e68e7bd,2e68e7bc4,2020-09-21,18,{'JAM'},{'JAM_STAND_STILL_TRAFFIC'},64,{6},5.265625
2e68e7bd,2e68e7bc4,2020-10-05,17,{'JAM'},{'JAM_STAND_STILL_TRAFFIC'},37,{6},6.675675675675675
2e68e7bd,2e68e7bc4,2020-10-20,17,{'JAM'},{'JAM_HEAVY_TRAFFIC'},32,{6},5.0
2e68e7bd,2e68e7bc4,2020-10-26,17,{'JAM'},{'JAM_STAND_STILL_TRAFFIC'},31,{6},5.0
2e68e7bd,2e68e7bc4,2020-10-31,14,{'JAM'},{'JAM_HEAVY_TRAFFIC'},31,{6},5.0
2e68e7bd,2e68e7bc4,2020-11-13,17,{'JAM'},{'JAM_STAND_STILL_TRAFFIC'},37,{6},5.486486486486487
2e68e7bd,2e68e7bd4,2020-09-05,15,{'JAM'},{'JAM_STAND_STILL_TRAFFIC'},19,{2},5.0
2e68e7bd,2e68e7bdc,2020-09-01,8,{'JAM'},{'JAM_STAND_STILL_TRAFFIC'},31,{6},5.0
2e68e7bd,2e68e7bdc,2020-09-02,15,{'WEATHERHAZARD'},{'HAZARD_ON_ROAD_POT_HOLE'},55,{6},5.709090909090909
2e68e7bd,2e68e7bdc,2020-09-03,11,{'JAM'},{'JAM_MODERATE_TRAFFIC'},11,{6},5.0
2e68e7bd,2e68e7bdc,2020-09-08,11,{'JAM'},{'JAM_STAND_STILL_TRAFFIC'},30,{6},5.0
2e68e7bd,2e68e7bdc,2020-09-14,17,{'JAM'},{'JAM_STAND_STILL_TRAFFIC'},17,{6},5.0
2e68e7bd,2e68e7bdc,2020-09-17,11,{'JAM'},{'JAM_STAND_STILL_TRAFFIC'},24,{6},5.0
2e68e7bd,2e68e7bdc,2020-09-17,17,{'JAM'},{'JAM_STAND_STILL_TRAFFIC'},95,{6},5.347368421052631
2e68e7bd,2e68e7bdc,2020-09-18,18,{'JAM'},{'JAM_HEAVY_TRAFFIC'},31,{6},5.0
2e68e7bd,2e68e7bdc,2020-09-21,18,{'JAM'},{'JAM_STAND_STILL_TRAFFIC'},30,{6},5.0
2e68e7bd,2e68e7bdc,2020-10-01,17,{'JAM'},{'JAM_STAND_STILL_TRAFFIC'},30,{6},5.0
2e68e7bd,2e68e7bdc,2020-10-01,18,"{'JAM', 'WEATHERHAZARD'}","{'JAM_STAND_STILL_TRAFFIC', 'HAZARD_ON_ROAD_POT_HOLE'}",163,{6},5.214723926380368
2e68e7bd,2e68e7bdc,2020-10-02,12,"{'JAM', 'WEATHERHAZARD'}","{'JAM_STAND_STILL_TRAFFIC', 'HAZARD_ON_ROAD_POT_HOLE'}",149,{6},5.550335570469799
2e68e7bd,2e68e7bdc,2020-10-03,11,{'JAM'},{'JAM_STAND_STILL_TRAFFIC'},32,{6},5.0
2e68e7bd,2e68e7bdc,2020-10-04,19,{'JAM'},{'JAM_MODERATE_TRAFFIC'},31,{6},5.0
2e68e7bd,2e68e7bdc,2020-10-08,10,{'JAM'},{'JAM_HEAVY_TRAFFIC'},30,{6},5.0
2e68e7bd,2e68e7bdc,2020-10-16,17,{'JAM'},{'JAM_STAND_STILL_TRAFFIC'},31,{2},5.0
2e68e7bd,2e68e7bdc,2020-10-21,19,{'JAM'},{'JAM_STAND_STILL_TRAFFIC'},30,{6},5.0
2e68e7bd,2e68e7bdc,2020-10-23,13,{'JAM'},{'JAM_HEAVY_TRAFFIC'},37,{6},6.0
2e68e7bd,2e68e7bdc,2020-10-27,17,{'JAM'},{'JAM_HEAVY_TRAFFIC'},32,{6},5.0
2e68e7bd,2e68e7bdc,2020-11-05,10,{'JAM'},{'JAM_HEAVY_TRAFFIC'},31,{6},5.0
2e68e7bd,2e68e7bdc,2020-11-05,18,{'JAM'},"{'JAM_STAND_STILL_TRAFFIC', 'JAM_MODERATE_TRAFFIC'}",63,{6},5.682539682539683
2e68e7bd,2e68e7bdc,2020-11-07,16,{'JAM'},{'JAM_HEAVY_TRAFFIC'},31,{2},5.0
2e68e7bd,2e68e7bdc,2020-11-11,13,{'JAM'},{'JAM_STAND_STILL_TRAFFIC'},31,{6},5.0
2e68e7bf,2e68e7be4,2020-09-11,20,{'WEATHERHAZARD'},{'HAZARD_ON_ROAD_POT_HOLE'},1247,{2},5.591018444266239
2e68e7bf,2e68e7be4,2020-09-22,17,{'WEATHERHAZARD'},{'HAZARD_ON_ROAD_POT_HOLE'},33,{2},5.909090909090909
2e68e7bf,2e68e7be4,2020-10-17,21,{'WEATHERHAZARD'},{'HAZARD_ON_ROAD_POT_HOLE'},828,{2},5.473429951690822
2e68e7bf,2e68e7bfc,2020-11-13,12,{'JAM'},{'JAM'},31,{22},5.0
2e68e7c1,2e68e7c04,2020-09-01,17,{'JAM'},{'JAM_STAND_STILL_TRAFFIC'},47,{7},5.340425531914893
2e68e7c1,2e68e7c04,2020-09-04,14,{'JAM'},{'JAM_STAND_STILL_TRAFFIC'},30,{7},5.0
2e68e7c1,2e68e7c04,2020-09-14,16,{'JAM'},{'JAM_STAND_STILL_TRAFFIC'},32,{7},5.0
2e68e7c1,2e68e7c04,2020-09-23,16,{'JAM'},{'JAM_HEAVY_TRAFFIC'},31,{7},5.0
2e68e7c1,2e68e7c04,2020-10-08,17,{'JAM'},{'JAM_STAND_STILL_TRAFFIC'},31,{7},5.0
2e68e7c1,2e68e7c04,2020-10-14,16,{'JAM'},{'JAM_HEAVY_TRAFFIC'},30,{7},5.0
2e68e7c1,2e68e7c04,2020-10-19,17,{'JAM'},{'JAM_STAND_STILL_TRAFFIC'},30,{7},5.633333333333334
2e68e7c1,2e68e7c04,2020-10-23,17,{'JAM'},{'JAM_STAND_STILL_TRAFFIC'},31,{7},5.741935483870968
2e68e7c1,2e68e7c04,2020-11-03,17,{'JAM'},{'JAM_HEAVY_TRAFFIC'},29,{7},5.0
2e68e7c1,2e68e7c04,2020-11-18,0,{'JAM'},{'JAM_HEAVY_TRAFFIC'},35,{17},5.0
2e68e7c1,2e68e7c04,2020-11-21,11,{'JAM'},{'JAM_MODERATE_TRAFFIC'},11,{7},5.0
2e68e7c1,2e68e7c14,2020-09-13,17,{'JAM'},{'JAM_MODERATE_TRAFFIC'},31,{7},5.0
2e68e7c1,2e68e7c14,2020-09-29,18,{'JAM'},{'JAM_HEAVY_TRAFFIC'},30,{7},5.0
2e68e7c1,2e68e7c14,2020-10-16,10,{'JAM'},"{'JAM_STAND_STILL_TRAFFIC', 'JAM_HEAVY_TRAFFIC'}",113,{7},5.672566371681416
2e68e7c1,2e68e7c14,2020-10-19,16,{'JAM'},{'JAM_STAND_STILL_TRAFFIC'},38,{7},5.421052631578948
2e68e7c1,2e68e7c14,2020-10-20,16,{'JAM'},{'JAM_HEAVY_TRAFFIC'},30,{7},5.0
2e68e7c1,2e68e7c14,2020-10-20,17,{'JAM'},{'JAM_HEAVY_TRAFFIC'},32,{7},5.0
2e68e7c1,2e68e7c14,2020-10-21,16,{'JAM'},{'JAM_STAND_STILL_TRAFFIC'},44,{7},5.363636363636363
2e68e7c1,2e68e7c14,2020-10-23,17,{'JAM'},{'JAM_STAND_STILL_TRAFFIC'},46,{7},5.891304347826087
2e68e7c1,2e68e7c14,2020-10-26,18,{'JAM'},{'JAM_HEAVY_TRAFFIC'},55,{7},5.0
2e68e7c1,2e68e7c14,2020-11-10,16,{'JAM'},{'JAM_HEAVY_TRAFFIC'},39,{7},5.461538461538462
2e68e7c1,2e68e7c1c,2020-09-04,17,{'JAM'},{'JAM_STAND_STILL_TRAFFIC'},29,{7},6.0
2e68e7c1,2e68e7c1c,2020-09-07,17,{'JAM'},{'JAM_STAND_STILL_TRAFFIC'},30,{7},5.0
2e68e7c1,2e68e7c1c,2020-09-09,17,{'JAM'},{'JAM_STAND_STILL_TRAFFIC'},34,{7},5.0
2e68e7c1,2e68e7c1c,2020-09-22,8,{'JAM'},{'JAM_HEAVY_TRAFFIC'},31,{7},5.0
2e68e7c1,2e68e7c1c,2020-09-22,9,{'JAM'},{'JAM_HEAVY_TRAFFIC'},55,{7},5.0
2e68e7c1,2e68e7c1c,2020-09-22,18,{'JAM'},{'JAM_STAND_STILL_TRAFFIC'},31,{7},5.0
2e68e7c1,2e68e7c1c,2020-09-25,11,{'JAM'},{'JAM_MODERATE_TRAFFIC'},15,{7},5.0
2e68e7c1,2e68e7c1c,2020-09-29,18,{'JAM'},{'JAM_STAND_STILL_TRAFFIC'},31,{7},5.0
2e68e7c1,2e68e7c1c,2020-10-01,11,{'WEATHERHAZARD'},{'HAZARD_ON_ROAD_POT_HOLE'},48,{7},5.4375
2e68e7c1,2e68e7c1c,2020-10-15,18,{'JAM'},{'JAM_STAND_STILL_TRAFFIC'},31,{7},5.774193548387097
2e68e7c1,2e68e7c1c,2020-10-23,13,{'JAM'},{'JAM_HEAVY_TRAFFIC'},42,{7},5.357142857142857
2e68e7c1,2e68e7c1c,2020-10-24,11,{'JAM'},{'JAM_HEAVY_TRAFFIC'},30,{7},5.933333333333334
2e68e7c1,2e68e7c1c,2020-10-24,18,{'JAM'},{'JAM_STAND_STILL_TRAFFIC'},26,{7},5.038461538461538
2e68e7c1,2e68e7c1c,2020-10-27,16,{'JAM'},{'JAM_MODERATE_TRAFFIC'},37,{7},5.45945945945946
2e68e7c1,2e68e7c1c,2020-11-04,14,{'JAM'},{'JAM_STAND_STILL_TRAFFIC'},6,{7},5.0
2e68e7c1,2e68e7c1c,2020-11-18,18,{'JAM'},{'JAM_HEAVY_TRAFFIC'},22,{7},5.0
2e68e7c1,2e68e7c1c,2020-11-19,12,{'JAM'},{'JAM_MODERATE_TRAFFIC'},31,{7},5.0
2e68e7c3,2e68e7c24,2020-09-01,9,{'ROAD_CLOSED'},{'ROAD_CLOSED_EVENT'},3,{7},6.0
2e68e7c3,2e68e7c24,2020-09-01,15,{'WEATHERHAZARD'},{'HAZARD_ON_SHOULDER_CAR_STOPPED'},30,{7},5.0
2e68e7c3,2e68e7c24,2020-09-01,18,{'ROAD_CLOSED'},{'ROAD_CLOSED_EVENT'},364,{7},6.0
2e68e7c3,2e68e7c24,2020-09-02,18,{'ROAD_CLOSED'},{'ROAD_CLOSED_EVENT'},364,{7},6.0
2e68e7c3,2e68e7c24,2020-09-03,18,{'ROAD_CLOSED'},{'ROAD_CLOSED_EVENT'},367,{7},6.0
2e68e7c3,2e68e7c24,2020-09-04,18,{'ROAD_CLOSED'},{'ROAD_CLOSED_EVENT'},360,{7},6.0
2e68e7c3,2e68e7c24,2020-09-05,18,{'ROAD_CLOSED'},{'ROAD_CLOSED_EVENT'},366,{7},6.0
2e68e7c3,2e68e7c24,2020-09-05,21,{'WEATHERHAZARD'},{'HAZARD_ON_SHOULDER_CAR_STOPPED'},12,{7},7.25
2e68e7c3,2e68e7c24,2020-09-07,18,{'ROAD_CLOSED'},{'ROAD_CLOSED_EVENT'},362,{7},6.0
2e68e7c3,2e68e7c24,2020-09-08,18,{'ROAD_CLOSED'},{'ROAD_CLOSED_EVENT'},374,{7},6.0
2e68e7c3,2e68e7c24,2020-09-09,18,{'ROAD_CLOSED'},{'ROAD_CLOSED_EVENT'},368,{7},6.0
2e68e7c3,2e68e7c24,2020-09-10,18,{'ROAD_CLOSED'},{'ROAD_CLOSED_EVENT'},368,{7},6.0
2e68e7c3,2e68e7c24,2020-09-11,18,{'ROAD_CLOSED'},{'ROAD_CLOSED_EVENT'},363,{7},6.0
2e68e7c3,2e68e7c24,2020-09-12,18,{'ROAD_CLOSED'},{'ROAD_CLOSED_EVENT'},364,{7},6.0
2e68e7c3,2e68e7c24,2020-09-13,18,{'ROAD_CLOSED'},{'ROAD_CLOSED_EVENT'},362,{7},6.0
2e68e7c3,2e68e7c24,2020-09-14,18,{'ROAD_CLOSED'},{'ROAD_CLOSED_EVENT'},361,{7},6.0
2e68e7c3,2e68e7c24,2020-09-15,18,{'ROAD_CLOSED'},{'ROAD_CLOSED_EVENT'},364,{7},6.0
2e68e7c3,2e68e7c24,2020-09-16,16,"{'JAM', 'WEATHERHAZARD'}","{'HAZARD_ON_SHOULDER_CAR_STOPPED', 'JAM_STAND_STILL_TRAFFIC'}",55,{7},5.836363636363636
2e68e7c3,2e68e7c24,2020-09-16,18,{'ROAD_CLOSED'},{'ROAD_CLOSED_EVENT'},366,{7},6.0
2e68e7c3,2e68e7c24,2020-09-17,18,{'JAM'},{'JAM_STAND_STILL_TRAFFIC'},31,{7},5.870967741935484
2e68e7c3,2e68e7c24,2020-09-18,17,{'JAM'},{'JAM_STAND_STILL_TRAFFIC'},31,{7},5.0
2e68e7c3,2e68e7c24,2020-09-18,18,{'ROAD_CLOSED'},{'ROAD_CLOSED_EVENT'},370,{7},6.0
2e68e7c3,2e68e7c24,2020-09-19,18,{'ROAD_CLOSED'},{'ROAD_CLOSED_EVENT'},362,{7},6.0
2e68e7c3,2e68e7c24,2020-09-20,9,{'ROAD_CLOSED'},{'ROAD_CLOSED_EVENT'},1,{7},6.0
2e68e7c3,2e68e7c24,2020-09-20,18,{'ROAD_CLOSED'},{'ROAD_CLOSED_EVENT'},364,{7},6.0
2e68e7c3,2e68e7c24,2020-09-21,9,{'ROAD_CLOSED'},{'ROAD_CLOSED_EVENT'},2,{7},6.0
2e68e7c3,2e68e7c24,2020-09-21,18,{'ROAD_CLOSED'},{'ROAD_CLOSED_EVENT'},364,{7},6.0
2e68e7c3,2e68e7c24,2020-09-22,18,{'ROAD_CLOSED'},{'ROAD_CLOSED_EVENT'},364,{7},6.0
2e68e7c3,2e68e7c24,2020-09-23,18,{'ROAD_CLOSED'},{'ROAD_CLOSED_EVENT'},368,{7},6.0
2e68e7c3,2e68e7c24,2020-09-24,18,{'ROAD_CLOSED'},{'ROAD_CLOSED_EVENT'},352,{7},6.0
2e68e7c3,2e68e7c24,2020-09-25,9,{'ROAD_CLOSED'},{'ROAD_CLOSED_EVENT'},3,{7},6.0
2e68e7c3,2e68e7c24,2020-09-25,16,{'JAM'},{'JAM_STAND_STILL_TRAFFIC'},20,{7},5.0
2e68e7c3,2e68e7c24,2020-09-25,18,{'ROAD_CLOSED'},{'ROAD_CLOSED_EVENT'},365,{7},6.0
2e68e7c3,2e68e7c24,2020-09-26,9,{'ROAD_CLOSED'},{'ROAD_CLOSED_EVENT'},3,{7},6.0
2e68e7c3,2e68e7c24,2020-09-26,18,{'ROAD_CLOSED'},{'ROAD_CLOSED_EVENT'},358,{7},6.0
2e68e7c3,2e68e7c24,2020-09-27,9,{'ROAD_CLOSED'},{'ROAD_CLOSED_EVENT'},1,{7},6.0
2e68e7c3,2e68e7c24,2020-09-27,18,{'ROAD_CLOSED'},{'ROAD_CLOSED_EVENT'},356,{7},6.0
2e68e7c3,2e68e7c24,2020-09-28,18,{'ROAD_CLOSED'},{'ROAD_CLOSED_EVENT'},364,{7},6.0
2e68e7c3,2e68e7c24,2020-09-29,16,{'JAM'},{'JAM_HEAVY_TRAFFIC'},31,{7},5.774193548387097
2e68e7c3,2e68e7c24,2020-09-29,18,"{'JAM', 'ROAD_CLOSED'}","{'ROAD_CLOSED_EVENT', 'JAM_HEAVY_TRAFFIC'}",393,{7},5.921119592875318
2e68e7c3,2e68e7c24,2020-09-30,18,{'ROAD_CLOSED'},{'ROAD_CLOSED_EVENT'},364,{7},6.0
2e68e7c3,2e68e7c24,2020-10-01,18,{'ROAD_CLOSED'},{'ROAD_CLOSED_EVENT'},363,{7},6.0
2e68e7c3,2e68e7c24,2020-10-02,18,{'ROAD_CLOSED'},{'ROAD_CLOSED_EVENT'},348,{7},6.0
2e68e7c3,2e68e7c24,2020-10-02,19,{'JAM'},{'JAM_HEAVY_TRAFFIC'},31,{7},5.0
2e68e7c3,2e68e7c24,2020-10-03,9,{'ROAD_CLOSED'},{'ROAD_CLOSED_EVENT'},1,{7},6.0
2e68e7c3,2e68e7c24,2020-10-03,12,{'JAM'},{'JAM_MODERATE_TRAFFIC'},29,{7},5.0
2e68e7c3,2e68e7c24,2020-10-03,18,{'ROAD_CLOSED'},{'ROAD_CLOSED_EVENT'},367,{7},6.0
2e68e7c3,2e68e7c24,2020-10-04,18,{'ROAD_CLOSED'},{'ROAD_CLOSED_EVENT'},362,{7},6.0
2e68e7c3,2e68e7c24,2020-10-05,17,{'JAM'},{'JAM_STAND_STILL_TRAFFIC'},12,{7},5.0
2e68e7c3,2e68e7c24,2020-10-05,18,{'ROAD_CLOSED'},{'ROAD_CLOSED_EVENT'},366,{7},6.0
2e68e7c3,2e68e7c24,2020-10-06,18,{'ROAD_CLOSED'},{'ROAD_CLOSED_EVENT'},364,{7},6.0
2e68e7c3,2e68e7c24,2020-10-07,18,{'ROAD_CLOSED'},{'ROAD_CLOSED_EVENT'},314,{7},6.0
2e68e7c3,2e68e7c24,2020-10-08,18,{'ROAD_CLOSED'},{'ROAD_CLOSED_EVENT'},360,{7},6.694444444444445
2e68e7c3,2e68e7c24,2020-10-09,18,{'ROAD_CLOSED'},{'ROAD_CLOSED_EVENT'},360,{7},6.0
2e68e7c3,2e68e7c24,2020-10-10,10,{'JAM'},"{'JAM', 'JAM_STAND_STILL_TRAFFIC'}",71,{7},6.0
2e68e7c3,2e68e7c24,2020-10-10,13,{'JAM'},{'JAM_HEAVY_TRAFFIC'},30,{7},5.0
2e68e7c3,2e68e7c24,2020-10-10,15,{'JAM'},{'JAM_HEAVY_TRAFFIC'},34,{7},5.0
2e68e7c3,2e68e7c24,2020-10-10,17,{'JAM'},{'JAM_HEAVY_TRAFFIC'},35,{7},5.457142857142857
2e68e7c3,2e68e7c24,2020-10-10,18,{'ROAD_CLOSED'},{'ROAD_CLOSED_EVENT'},362,{7},6.0
2e68e7c3,2e68e7c24,2020-10-11,18,{'ROAD_CLOSED'},{'ROAD_CLOSED_EVENT'},364,{7},6.024725274725275
2e68e7c3,2e68e7c24,2020-10-12,18,{'ROAD_CLOSED'},{'ROAD_CLOSED_EVENT'},369,{7},6.0
2e68e7c3,2e68e7c24,2020-10-13,15,{'JAM'},"{'JAM_STAND_STILL_TRAFFIC', 'JAM_HEAVY_TRAFFIC'}",38,{7},5.0
2e68e7c3,2e68e7c24,2020-10-13,18,{'ROAD_CLOSED'},{'ROAD_CLOSED_EVENT'},363,{7},6.0
2e68e7c3,2e68e7c24,2020-10-14,16,{'JAM'},{'JAM_MODERATE_TRAFFIC'},6,{7},5.0
2e68e7c3,2e68e7c24,2020-10-14,18,{'ROAD_CLOSED'},{'ROAD_CLOSED_EVENT'},364,{7},6.0
2e68e7c3,2e68e7c24,2020-10-15,18,{'ROAD_CLOSED'},{'ROAD_CLOSED_EVENT'},358,{7},6.0
2e68e7c3,2e68e7c24,2020-10-16,18,{'ROAD_CLOSED'},{'ROAD_CLOSED_EVENT'},362,{7},6.0
2e68e7c3,2e68e7c24,2020-10-17,13,{'JAM'},{'JAM_STAND_STILL_TRAFFIC'},32,{7},5.0
2e68e7c3,2e68e7c24,2020-10-17,18,{'ROAD_CLOSED'},{'ROAD_CLOSED_EVENT'},340,{7},6.0
2e68e7c3,2e68e7c24,2020-10-18,9,{'ROAD_CLOSED'},{'ROAD_CLOSED_EVENT'},1,{7},6.0
2e68e7c3,2e68e7c24,2020-10-18,16,{'JAM'},{'JAM_STAND_STILL_TRAFFIC'},32,{7},5.0
2e68e7c3,2e68e7c24,2020-10-18,18,{'ROAD_CLOSED'},{'ROAD_CLOSED_EVENT'},364,{7},6.0
2e68e7c3,2e68e7c24,2020-10-19,18,{'ROAD_CLOSED'},{'ROAD_CLOSED_EVENT'},368,{7},6.0
2e68e7c3,2e68e7c24,2020-10-20,14,{'JAM'},{'JAM_STAND_STILL_TRAFFIC'},31,{7},5.0
2e68e7c3,2e68e7c24,2020-10-20,17,{'JAM'},{'JAM_HEAVY_TRAFFIC'},33,{7},5.0
2e68e7c3,2e68e7c24,2020-10-20,18,{'ROAD_CLOSED'},{'ROAD_CLOSED_EVENT'},362,{7},6.0
2e68e7c3,2e68e7c24,2020-10-21,18,{'ROAD_CLOSED'},{'ROAD_CLOSED_EVENT'},362,{7},6.0
2e68e7c3,2e68e7c24,2020-10-22,9,{'ROAD_CLOSED'},{'ROAD_CLOSED_EVENT'},4,{7},6.0
2e68e7c3,2e68e7c24,2020-10-22,18,{'ROAD_CLOSED'},{'ROAD_CLOSED_EVENT'},362,{7},6.2292817679558015
2e68e7c3,2e68e7c24,2020-10-23,9,{'ROAD_CLOSED'},{'ROAD_CLOSED_EVENT'},1,{7},6.0
2e68e7c3,2e68e7c24,2020-10-23,18,{'ROAD_CLOSED'},{'ROAD_CLOSED_EVENT'},358,{7},6.0
2e68e7c3,2e68e7c24,2020-10-24,11,{'JAM'},{'JAM_MODERATE_TRAFFIC'},30,{7},5.0
2e68e7c3,2e68e7c24,2020-10-24,16,{'JAM'},{'JAM_STAND_STILL_TRAFFIC'},33,{7},5.0
2e68e7c3,2e68e7c24,2020-10-24,18,{'ROAD_CLOSED'},{'ROAD_CLOSED_EVENT'},366,{7},6.0
2e68e7c3,2e68e7c24,2020-10-25,18,{'ROAD_CLOSED'},{'ROAD_CLOSED_EVENT'},358,{7},6.0
2e68e7c3,2e68e7c24,2020-10-26,7,{'JAM'},{'JAM_STAND_STILL_TRAFFIC'},30,{7},5.0
2e68e7c3,2e68e7c24,2020-10-26,18,{'ROAD_CLOSED'},{'ROAD_CLOSED_EVENT'},364,{7},6.0
2e68e7c3,2e68e7c24,2020-10-27,18,{'ROAD_CLOSED'},{'ROAD_CLOSED_EVENT'},355,{7},6.0
2e68e7c3,2e68e7c24,2020-10-28,18,{'ROAD_CLOSED'},{'ROAD_CLOSED_EVENT'},365,{7},6.0
2e68e7c3,2e68e7c24,2020-10-29,18,{'ROAD_CLOSED'},{'ROAD_CLOSED_EVENT'},365,{7},6.0
2e68e7c3,2e68e7c24,2020-10-30,15,{'JAM'},{'JAM_STAND_STILL_TRAFFIC'},32,{7},5.0
2e68e7c3,2e68e7c24,2020-10-30,18,{'ROAD_CLOSED'},{'ROAD_CLOSED_EVENT'},367,{7},6.0
2e68e7c3,2e68e7c24,2020-10-31,13,{'JAM'},{'JAM_STAND_STILL_TRAFFIC'},31,{7},5.0
2e68e7c3,2e68e7c24,2020-10-31,18,{'ROAD_CLOSED'},{'ROAD_CLOSED_EVENT'},364,{7},6.0
2e68e7c3,2e68e7c24,2020-11-01,18,{'ROAD_CLOSED'},{'ROAD_CLOSED_EVENT'},372,{7},6.0
2e68e7c3,2e68e7c24,2020-11-02,18,"{'JAM', 'ROAD_CLOSED'}","{'JAM_STAND_STILL_TRAFFIC', 'ROAD_CLOSED_EVENT'}",490,{7},5.783673469387755
2e68e7c3,2e68e7c24,2020-11-03,8,{'JAM'},{'JAM_STAND_STILL_TRAFFIC'},32,{7},5.0
2e68e7c3,2e68e7c24,2020-11-03,9,"{'JAM', 'ROAD_CLOSED'}","{'ROAD_CLOSED_EVENT', 'JAM_STAND_STILL_TRAFFIC'}",31,{7},5.032258064516129
2e68e7c3,2e68e7c24,2020-11-03,18,{'ROAD_CLOSED'},{'ROAD_CLOSED_EVENT'},362,{7},6.0
2e68e7c3,2e68e7c24,2020-11-04,6,{'JAM'},{'JAM_STAND_STILL_TRAFFIC'},6,{7},5.0
2e68e7c3,2e68e7c24,2020-11-04,18,{'ROAD_CLOSED'},{'ROAD_CLOSED_EVENT'},356,{7},6.0
2e68e7c3,2e68e7c24,2020-11-05,18,{'ROAD_CLOSED'},{'ROAD_CLOSED_EVENT'},366,{7},6.0
2e68e7c3,2e68e7c24,2020-11-06,18,{'ROAD_CLOSED'},{'ROAD_CLOSED_EVENT'},362,{7},6.0
2e68e7c3,2e68e7c24,2020-11-07,14,{'JAM'},{'JAM_STAND_STILL_TRAFFIC'},22,{7},5.954545454545454
2e68e7c3,2e68e7c24,2020-11-07,18,{'ROAD_CLOSED'},{'ROAD_CLOSED_EVENT'},364,{7},6.0
2e68e7c3,2e68e7c24,2020-11-08,18,{'ROAD_CLOSED'},{'ROAD_CLOSED_EVENT'},358,{7},6.0
2e68e7c3,2e68e7c24,2020-11-09,18,{'ROAD_CLOSED'},{'ROAD_CLOSED_EVENT'},362,{7},6.0
2e68e7c3,2e68e7c24,2020-11-10,9,{'ROAD_CLOSED'},{'ROAD_CLOSED_EVENT'},1,{7},6.0
2e68e7c3,2e68e7c24,2020-11-10,18,{'ROAD_CLOSED'},{'ROAD_CLOSED_EVENT'},362,{7},6.30939226519337
2e68e7c3,2e68e7c24,2020-11-11,9,{'ROAD_CLOSED'},{'ROAD_CLOSED_EVENT'},2,{7},6.0
2e68e7c3,2e68e7c24,2020-11-11,18,{'ROAD_CLOSED'},{'ROAD_CLOSED_EVENT'},366,{7},6.0
2e68e7c3,2e68e7c24,2020-11-11,19,{'JAM'},{'JAM_STAND_STILL_TRAFFIC'},28,{7},5.714285714285714
2e68e7c3,2e68e7c24,2020-11-12,18,{'ROAD_CLOSED'},{'ROAD_CLOSED_EVENT'},336,{7},6.0
2e68e7c3,2e68e7c24,2020-11-13,18,{'ROAD_CLOSED'},{'ROAD_CLOSED_EVENT'},358,{7},6.0
2e68e7c3,2e68e7c24,2020-11-14,9,{'ROAD_CLOSED'},{'ROAD_CLOSED_EVENT'},3,{7},6.0
2e68e7c3,2e68e7c24,2020-11-14,18,{'ROAD_CLOSED'},{'ROAD_CLOSED_EVENT'},364,{7},6.0
2e68e7c3,2e68e7c24,2020-11-15,18,{'ROAD_CLOSED'},{'ROAD_CLOSED_EVENT'},360,{7},6.0
2e68e7c3,2e68e7c24,2020-11-16,18,{'ROAD_CLOSED'},{'ROAD_CLOSED_EVENT'},370,{7},6.0
2e68e7c3,2e68e7c24,2020-11-17,16,{'JAM'},{'JAM_STAND_STILL_TRAFFIC'},32,{7},5.0
2e68e7c3,2e68e7c24,2020-11-17,18,{'ROAD_CLOSED'},{'ROAD_CLOSED_EVENT'},364,{7},6.0
2e68e7c3,2e68e7c24,2020-11-18,18,"{'JAM', 'ROAD_CLOSED'}","{'ROAD_CLOSED_EVENT', 'JAM_HEAVY_TRAFFIC'}",418,{7},5.861244019138756
2e68e7c3,2e68e7c24,2020-11-19,9,{'ROAD_CLOSED'},{'ROAD_CLOSED_EVENT'},1,{7},6.0
2e68e7c3,2e68e7c24,2020-11-19,18,{'ROAD_CLOSED'},{'ROAD_CLOSED_EVENT'},332,{7},6.0
2e68e7c3,2e68e7c24,2020-11-20,16,{'JAM'},{'JAM_STAND_STILL_TRAFFIC'},12,{7},5.0
2e68e7c3,2e68e7c24,2020-11-20,17,{'JAM'},{'JAM_MODERATE_TRAFFIC'},31,{7},5.0
2e68e7c3,2e68e7c24,2020-11-20,18,{'ROAD_CLOSED'},{'ROAD_CLOSED_EVENT'},364,{7},6.0
2e68e7c3,2e68e7c24,2020-11-21,9,{'ROAD_CLOSED'},{'ROAD_CLOSED_EVENT'},1,{7},6.0
2e68e7c3,2e68e7c24,2020-11-21,15,{'JAM'},{'JAM_STAND_STILL_TRAFFIC'},32,{7},5.0
2e68e7c3,2e68e7c24,2020-11-21,18,{'ROAD_CLOSED'},{'ROAD_CLOSED_EVENT'},360,{7},6.0
2e68e7c3,2e68e7c24,2020-11-22,18,{'ROAD_CLOSED'},{'ROAD_CLOSED_EVENT'},362,{7},6.0
2e68e7c3,2e68e7c2c,2020-09-01,15,"{'JAM', 'WEATHERHAZARD'}","{'HAZARD_ON_SHOULDER_CAR_STOPPED', 'JAM_STAND_STILL_TRAFFIC'}",64,{7},5.0
2e68e7c3,2e68e7c2c,2020-09-07,16,{'JAM'},{'JAM_STAND_STILL_TRAFFIC'},35,{7},5.828571428571428
2e68e7c3,2e68e7c2c,2020-09-13,17,{'JAM'},{'JAM_HEAVY_TRAFFIC'},30,{7},5.0
2e68e7c3,2e68e7c2c,2020-10-10,15,{'JAM'},{'JAM_MODERATE_TRAFFIC'},31,{7},5.0
2e68e7c3,2e68e7c2c,2020-10-10,17,{'JAM'},{'JAM_HEAVY_TRAFFIC'},31,{7},5.0
2e68e7c3,2e68e7c2c,2020-10-21,17,{'JAM'},{'JAM_STAND_STILL_TRAFFIC'},31,{2},5.0
2e68e7c3,2e68e7c2c,2020-10-21,19,{'JAM'},{'JAM_HEAVY_TRAFFIC'},30,{7},5.0
2e68e7c3,2e68e7c2c,2020-10-26,18,{'JAM'},{'JAM_STAND_STILL_TRAFFIC'},35,{7},5.4
2e68e7c3,2e68e7c2c,2020-10-27,18,{'JAM'},{'JAM_STAND_STILL_TRAFFIC'},37,{7},5.45945945945946
2e68e7c3,2e68e7c2c,2020-10-27,19,{'JAM'},{'JAM_HEAVY_TRAFFIC'},7,{7},5.0
2e68e7c3,2e68e7c2c,2020-10-28,17,{'JAM'},{'JAM_STAND_STILL_TRAFFIC'},33,{7},5.909090909090909
2e68e7c3,2e68e7c2c,2020-10-31,13,{'JAM'},{'JAM_STAND_STILL_TRAFFIC'},32,{7},5.0
2e68e7c3,2e68e7c34,2020-09-04,17,{'JAM'},{'JAM_HEAVY_TRAFFIC'},31,{7},5.0
2e68e7c3,2e68e7c34,2020-09-05,10,{'JAM'},{'JAM_HEAVY_TRAFFIC'},30,{7},5.966666666666667
2e68e7c3,2e68e7c34,2020-09-12,13,{'JAM'},{'JAM_HEAVY_TRAFFIC'},30,{7},5.0
2e68e7c3,2e68e7c34,2020-10-02,13,{'JAM'},{'JAM_STAND_STILL_TRAFFIC'},31,{7},5.0
2e68e7c3,2e68e7c34,2020-10-03,11,{'JAM'},{'JAM_STAND_STILL_TRAFFIC'},32,{7},5.0
2e68e7c3,2e68e7c34,2020-10-03,13,{'JAM'},{'JAM_STAND_STILL_TRAFFIC'},32,{7},7.03125
2e68e7c3,2e68e7c34,2020-10-10,17,{'JAM'},{'JAM_STAND_STILL_TRAFFIC'},39,{7},5.435897435897436
2e68e7c3,2e68e7c34,2020-10-22,7,{'JAM'},{'JAM_STAND_STILL_TRAFFIC'},37,{7},5.405405405405405
2e68e7c3,2e68e7c34,2020-10-24,12,{'JAM'},{'JAM_STAND_STILL_TRAFFIC'},30,{7},5.0
2e68e7c3,2e68e7c34,2020-10-26,9,{'JAM'},{'JAM_STAND_STILL_TRAFFIC'},38,{7},6.2368421052631575
2e68e7c3,2e68e7c34,2020-10-28,11,{'JAM'},{'JAM_STAND_STILL_TRAFFIC'},39,{7},6.17948717948718
2e68e7c3,2e68e7c34,2020-10-31,12,{'JAM'},{'JAM_STAND_STILL_TRAFFIC'},36,{7},5.416666666666667
2e68e7c3,2e68e7c34,2020-11-05,10,{'JAM'},{'JAM_STAND_STILL_TRAFFIC'},29,{7},5.0
2e68e7c3,2e68e7c34,2020-11-06,7,{'JAM'},{'JAM_STAND_STILL_TRAFFIC'},34,{7},5.0
2e68e7c3,2e68e7c34,2020-11-13,14,{'JAM'},{'JAM_STAND_STILL_TRAFFIC'},16,{7},7.0
2e68e7c3,2e68e7c34,2020-11-14,10,{'JAM'},{'JAM'},31,{7},5.0
2e68e7c3,2e68e7c3c,2020-09-02,17,{'JAM'},{'JAM_STAND_STILL_TRAFFIC'},32,{7},5.0
2e68e7c3,2e68e7c3c,2020-09-04,15,{'JAM'},{'JAM_STAND_STILL_TRAFFIC'},40,{7},5.45
2e68e7c3,2e68e7c3c,2020-09-05,12,{'JAM'},"{'JAM_STAND_STILL_TRAFFIC', 'JAM_HEAVY_TRAFFIC'}",67,{7},5.223880597014926
2e68e7c3,2e68e7c3c,2020-09-05,14,{'JAM'},{'JAM_STAND_STILL_TRAFFIC'},34,{7},5.4411764705882355
2e68e7c3,2e68e7c3c,2020-09-12,14,{'JAM'},{'JAM_MODERATE_TRAFFIC'},30,{7},5.0
2e68e7c3,2e68e7c3c,2020-09-30,7,{'JAM'},{'JAM_STAND_STILL_TRAFFIC'},32,{7},5.0
2e68e7c3,2e68e7c3c,2020-10-02,13,{'JAM'},{'JAM_STAND_STILL_TRAFFIC'},30,{7},5.9
2e68e7c3,2e68e7c3c,2020-10-03,11,{'JAM'},{'JAM_STAND_STILL_TRAFFIC'},30,{7},5.0
2e68e7c3,2e68e7c3c,2020-10-03,13,{'JAM'},"{'JAM_STAND_STILL_TRAFFIC', 'JAM_HEAVY_TRAFFIC'}",62,{7},5.5
2e68e7c3,2e68e7c3c,2020-10-03,15,{'JAM'},{'JAM_STAND_STILL_TRAFFIC'},31,{7},5.0
2e68e7c3,2e68e7c3c,2020-10-07,14,{'JAM'},{'JAM_STAND_STILL_TRAFFIC'},42,{7},5.404761904761905
2e68e7c3,2e68e7c3c,2020-10-09,7,{'JAM'},{'JAM_STAND_STILL_TRAFFIC'},31,{7},5.0
2e68e7c3,2e68e7c3c,2020-10-10,9,{'JAM'},{'JAM_STAND_STILL_TRAFFIC'},49,{7},6.63265306122449
2e68e7c3,2e68e7c3c,2020-10-10,13,{'JAM'},{'JAM_MODERATE_TRAFFIC'},40,{7},7.525
2e68e7c3,2e68e7c3c,2020-10-10,14,{'JAM'},{'JAM_HEAVY_TRAFFIC'},24,{7},5.0
2e68e7c3,2e68e7c3c,2020-10-10,15,{'JAM'},{'JAM_HEAVY_TRAFFIC'},30,{7},5.0
2e68e7c3,2e68e7c3c,2020-10-10,16,{'JAM'},{'JAM_STAND_STILL_TRAFFIC'},30,{7},5.0
2e68e7c3,2e68e7c3c,2020-10-16,15,{'JAM'},{'JAM_STAND_STILL_TRAFFIC'},30,{7},5.0
2e68e7c3,2e68e7c3c,2020-10-17,12,{'JAM'},{'JAM_STAND_STILL_TRAFFIC'},55,{7},5.0
2e68e7c3,2e68e7c3c,2020-10-24,11,{'JAM'},{'JAM'},42,{7},5.738095238095238
2e68e7c3,2e68e7c3c,2020-10-24,14,{'JAM'},"{'JAM_STAND_STILL_TRAFFIC', 'JAM_HEAVY_TRAFFIC'}",61,{7},5.475409836065574
2e68e7c3,2e68e7c3c,2020-10-24,15,{'JAM'},{'JAM_STAND_STILL_TRAFFIC'},21,{7},5.904761904761905
2e68e7c3,2e68e7c3c,2020-10-25,13,{'JAM'},{'JAM_MODERATE_TRAFFIC'},24,{7},5.0
2e68e7c3,2e68e7c3c,2020-10-26,8,{'JAM'},{'JAM_STAND_STILL_TRAFFIC'},32,{7},5.0
2e68e7c3,2e68e7c3c,2020-10-28,11,{'JAM'},{'JAM_HEAVY_TRAFFIC'},30,{7},5.7
2e68e7c3,2e68e7c3c,2020-10-28,13,{'JAM'},{'JAM_STAND_STILL_TRAFFIC'},32,{7},5.96875
2e68e7c3,2e68e7c3c,2020-10-30,13,{'JAM'},{'JAM_HEAVY_TRAFFIC'},30,{7},5.0
2e68e7c3,2e68e7c3c,2020-10-30,15,{'JAM'},{'JAM_STAND_STILL_TRAFFIC'},33,{7},5.0
2e68e7c3,2e68e7c3c,2020-10-31,11,{'JAM'},{'JAM_MODERATE_TRAFFIC'},51,{7},5.411764705882353
2e68e7c3,2e68e7c3c,2020-10-31,13,{'JAM'},{'JAM_HEAVY_TRAFFIC'},30,{7},5.0
2e68e7c3,2e68e7c3c,2020-10-31,14,{'JAM'},{'JAM_STAND_STILL_TRAFFIC'},33,{7},6.818181818181818
2e68e7c3,2e68e7c3c,2020-11-03,9,{'JAM'},{'JAM_STAND_STILL_TRAFFIC'},31,{7},5.0
2e68e7c3,2e68e7c3c,2020-11-03,10,{'JAM'},{'JAM_STAND_STILL_TRAFFIC'},30,{7},5.0
2e68e7c3,2e68e7c3c,2020-11-04,7,{'JAM'},{'JAM_STAND_STILL_TRAFFIC'},25,{7},5.0
2e68e7c3,2e68e7c3c,2020-11-04,11,{'JAM'},{'JAM_MODERATE_TRAFFIC'},32,{7},5.0
2e68e7c3,2e68e7c3c,2020-11-12,7,{'JAM'},{'JAM_STAND_STILL_TRAFFIC'},38,{7},5.394736842105263
2e68e7c5,2e68e7c44,2020-09-11,11,{'JAM'},{'JAM_STAND_STILL_TRAFFIC'},30,{7},5.0
2e68e7c5,2e68e7c44,2020-09-12,13,{'JAM'},{'JAM_STAND_STILL_TRAFFIC'},31,{1},5.0
2e68e7c5,2e68e7c44,2020-09-16,13,{'JAM'},{'JAM_HEAVY_TRAFFIC'},35,{1},5.0
2e68e7c5,2e68e7c44,2020-09-23,14,{'JAM'},{'JAM_HEAVY_TRAFFIC'},31,{7},5.0
2e68e7c5,2e68e7c44,2020-10-03,11,{'JAM'},{'JAM_STAND_STILL_TRAFFIC'},32,{1},5.0
2e68e7c5,2e68e7c44,2020-10-03,13,{'JAM'},{'JAM_STAND_STILL_TRAFFIC'},47,{7},5.361702127659575
2e68e7c5,2e68e7c44,2020-10-03,14,{'JAM'},{'JAM_HEAVY_TRAFFIC'},30,{1},6.0
2e68e7c5,2e68e7c44,2020-10-03,16,{'JAM'},{'JAM_STAND_STILL_TRAFFIC'},25,{7},6.88
2e68e7c5,2e68e7c44,2020-10-03,17,{'JAM'},{'JAM_STAND_STILL_TRAFFIC'},31,{1},5.0
2e68e7c5,2e68e7c44,2020-10-04,14,{'JAM'},{'JAM_HEAVY_TRAFFIC'},9,{7},5.0
2e68e7c5,2e68e7c44,2020-10-12,8,{'JAM'},{'JAM_HEAVY_TRAFFIC'},31,{1},5.0
2e68e7c5,2e68e7c44,2020-10-21,17,{'JAM'},{'JAM_STAND_STILL_TRAFFIC'},53,{1},5.452830188679245
2e68e7c5,2e68e7c44,2020-10-22,17,{'JAM'},{'JAM_HEAVY_TRAFFIC'},31,{7},5.0
2e68e7c5,2e68e7c44,2020-10-24,11,{'JAM'},{'JAM_HEAVY_TRAFFIC'},20,{7},5.0
2e68e7c5,2e68e7c44,2020-10-24,14,{'JAM'},{'JAM_STAND_STILL_TRAFFIC'},39,"{1, 7}",5.435897435897436
2e68e7c5,2e68e7c44,2020-10-31,9,{'JAM'},{'JAM_MODERATE_TRAFFIC'},30,{1},5.0
2e68e7c5,2e68e7c44,2020-10-31,11,{'JAM'},"{'JAM', 'JAM_STAND_STILL_TRAFFIC'}",63,"{1, 7}",6.301587301587301
2e68e7c5,2e68e7c44,2020-10-31,15,{'JAM'},{'JAM_HEAVY_TRAFFIC'},15,{1},5.0
2e68e7c5,2e68e7c44,2020-11-01,14,{'JAM'},{'JAM_HEAVY_TRAFFIC'},31,{1},5.0
2e68e7c5,2e68e7c44,2020-11-03,9,{'JAM'},{'JAM_STAND_STILL_TRAFFIC'},2,{7},5.0
2e68e7c5,2e68e7c44,2020-11-04,13,{'JAM'},{'JAM_HEAVY_TRAFFIC'},32,{1},5.0
2e68e7c5,2e68e7c44,2020-11-07,15,{'JAM'},{'JAM_MODERATE_TRAFFIC'},30,{1},5.0
2e68e7c5,2e68e7c44,2020-11-09,13,{'JAM'},{'JAM'},8,{7},5.0
2e68e7c5,2e68e7c44,2020-11-11,14,{'JAM'},{'JAM_STAND_STILL_TRAFFIC'},5,{7},5.0
2e68e7c5,2e68e7c44,2020-11-12,7,{'JAM'},{'JAM_STAND_STILL_TRAFFIC'},32,{1},5.5625
2e68e7c5,2e68e7c4c,2020-09-03,8,{'JAM'},{'JAM_HEAVY_TRAFFIC'},33,{1},5.0
2e68e7c5,2e68e7c4c,2020-09-05,14,{'JAM'},"{'JAM_STAND_STILL_TRAFFIC', 'JAM_HEAVY_TRAFFIC'}",60,{7},5.983333333333333
2e68e7c5,2e68e7c4c,2020-09-05,15,{'JAM'},{'JAM'},32,{7},5.0
2e68e7c5,2e68e7c4c,2020-09-05,16,{'JAM'},{'JAM_HEAVY_TRAFFIC'},33,{7},5.0
2e68e7c5,2e68e7c4c,2020-09-09,15,{'JAM'},{'JAM_STAND_STILL_TRAFFIC'},33,{7},5.515151515151516
2e68e7c5,2e68e7c4c,2020-09-18,14,{'JAM'},{'JAM_STAND_STILL_TRAFFIC'},30,{7},5.0
2e68e7c5,2e68e7c4c,2020-09-19,6,{'JAM'},{'JAM_MODERATE_TRAFFIC'},34,{7},5.0
2e68e7c5,2e68e7c4c,2020-09-25,9,{'JAM'},{'JAM_STAND_STILL_TRAFFIC'},30,{7},5.0
2e68e7c5,2e68e7c4c,2020-09-25,14,{'JAM'},{'JAM_HEAVY_TRAFFIC'},19,{7},5.0
2e68e7c5,2e68e7c4c,2020-09-26,11,{'JAM'},{'JAM_STAND_STILL_TRAFFIC'},32,{7},5.0
2e68e7c5,2e68e7c4c,2020-09-28,8,{'JAM'},{'JAM_HEAVY_TRAFFIC'},30,{7},5.0
2e68e7c5,2e68e7c4c,2020-09-28,17,{'JAM'},{'JAM_STAND_STILL_TRAFFIC'},32,{7},5.0
2e68e7c5,2e68e7c4c,2020-09-30,7,{'JAM'},{'JAM_STAND_STILL_TRAFFIC'},31,{7},5.741935483870968
2e68e7c5,2e68e7c4c,2020-10-01,11,{'JAM'},{'JAM_STAND_STILL_TRAFFIC'},59,{7},5.0
2e68e7c5,2e68e7c4c,2020-10-01,13,{'JAM'},{'JAM_STAND_STILL_TRAFFIC'},41,{7},5.390243902439025
2e68e7c5,2e68e7c4c,2020-10-01,17,{'JAM'},{'JAM_STAND_STILL_TRAFFIC'},90,{7},5.3
2e68e7c5,2e68e7c4c,2020-10-02,13,{'JAM'},{'JAM_STAND_STILL_TRAFFIC'},63,"{20, 7}",5.412698412698413
2e68e7c5,2e68e7c4c,2020-10-03,9,{'JAM'},{'JAM_STAND_STILL_TRAFFIC'},61,{7},5.0
2e68e7c5,2e68e7c4c,2020-10-03,13,{'JAM'},{'JAM_STAND_STILL_TRAFFIC'},37,{7},6.405405405405405
2e68e7c5,2e68e7c4c,2020-10-04,15,{'JAM'},{'JAM_HEAVY_TRAFFIC'},30,{7},5.0
2e68e7c5,2e68e7c4c,2020-10-04,16,{'JAM'},{'JAM_HEAVY_TRAFFIC'},17,{7},5.0
2e68e7c5,2e68e7c4c,2020-10-05,7,{'JAM'},{'JAM_STAND_STILL_TRAFFIC'},30,{7},5.0
2e68e7c5,2e68e7c4c,2020-10-05,17,{'JAM'},{'JAM_STAND_STILL_TRAFFIC'},32,{7},6.46875
2e68e7c5,2e68e7c4c,2020-10-06,17,{'JAM'},{'JAM_STAND_STILL_TRAFFIC'},32,{7},5.0
2e68e7c5,2e68e7c4c,2020-10-09,7,{'JAM'},{'JAM_STAND_STILL_TRAFFIC'},40,{7},5.4
2e68e7c5,2e68e7c4c,2020-10-10,7,{'JAM'},{'JAM_STAND_STILL_TRAFFIC'},31,{7},5.0
2e68e7c5,2e68e7c4c,2020-10-10,11,{'JAM'},{'JAM_STAND_STILL_TRAFFIC'},30,{7},5.0
2e68e7c5,2e68e7c4c,2020-10-10,13,{'JAM'},{'JAM_STAND_STILL_TRAFFIC'},54,{7},5.296296296296297
2e68e7c5,2e68e7c4c,2020-10-10,18,{'JAM'},{'JAM_STAND_STILL_TRAFFIC'},54,{7},5.0
2e68e7c5,2e68e7c4c,2020-10-11,10,{'JAM'},"{'JAM_STAND_STILL_TRAFFIC', 'JAM_HEAVY_TRAFFIC'}",64,"{20, 7}",5.0
2e68e7c5,2e68e7c4c,2020-10-11,13,{'JAM'},{'JAM_STAND_STILL_TRAFFIC'},34,{7},5.0
2e68e7c5,2e68e7c4c,2020-10-12,7,{'JAM'},{'JAM_STAND_STILL_TRAFFIC'},5,{7},5.0
2e68e7c5,2e68e7c4c,2020-10-13,7,{'JAM'},{'JAM_STAND_STILL_TRAFFIC'},31,{7},5.0
2e68e7c5,2e68e7c4c,2020-10-13,17,{'JAM'},{'JAM_HEAVY_TRAFFIC'},29,{7},5.0
2e68e7c5,2e68e7c4c,2020-10-14,9,{'JAM'},{'JAM_STAND_STILL_TRAFFIC'},91,{7},5.0
2e68e7c5,2e68e7c4c,2020-10-14,14,{'JAM'},{'JAM_HEAVY_TRAFFIC'},31,{7},5.0
2e68e7c5,2e68e7c4c,2020-10-15,13,{'JAM'},{'JAM_HEAVY_TRAFFIC'},24,{7},5.0
2e68e7c5,2e68e7c4c,2020-10-16,13,{'JAM'},{'JAM_HEAVY_TRAFFIC'},31,{7},5.0
2e68e7c5,2e68e7c4c,2020-10-16,15,{'JAM'},{'JAM_STAND_STILL_TRAFFIC'},42,{7},5.4523809523809526
2e68e7c5,2e68e7c4c,2020-10-17,12,{'JAM'},{'JAM_STAND_STILL_TRAFFIC'},31,{7},5.0
2e68e7c5,2e68e7c4c,2020-10-17,13,{'JAM'},"{'JAM_STAND_STILL_TRAFFIC', 'JAM_HEAVY_TRAFFIC'}",61,{7},5.0
2e68e7c5,2e68e7c4c,2020-10-17,19,{'JAM'},{'JAM_STAND_STILL_TRAFFIC'},34,{20},5.470588235294118
2e68e7c5,2e68e7c4c,2020-10-19,11,{'JAM'},{'JAM_HEAVY_TRAFFIC'},31,{7},5.0
2e68e7c5,2e68e7c4c,2020-10-20,11,{'JAM'},"{'JAM_MODERATE_TRAFFIC', 'JAM_HEAVY_TRAFFIC'}",92,{7},5.0
2e68e7c5,2e68e7c4c,2020-10-21,17,{'JAM'},{'JAM_STAND_STILL_TRAFFIC'},18,{7},5.111111111111111
2e68e7c5,2e68e7c4c,2020-10-21,18,{'JAM'},{'JAM_HEAVY_TRAFFIC'},30,{7},5.533333333333333
2e68e7c5,2e68e7c4c,2020-10-22,11,{'JAM'},{'JAM_HEAVY_TRAFFIC'},6,{7},5.0
2e68e7c5,2e68e7c4c,2020-10-22,15,{'JAM'},{'JAM_HEAVY_TRAFFIC'},8,{7},5.0
2e68e7c5,2e68e7c4c,2020-10-23,15,{'JAM'},{'JAM_HEAVY_TRAFFIC'},30,{7},5.0
2e68e7c5,2e68e7c4c,2020-10-24,12,{'JAM'},{'JAM_HEAVY_TRAFFIC'},27,{7},5.0
2e68e7c5,2e68e7c4c,2020-10-26,9,{'JAM'},{'JAM_HEAVY_TRAFFIC'},36,{7},5.416666666666667
2e68e7c5,2e68e7c4c,2020-10-26,11,{'JAM'},{'JAM_HEAVY_TRAFFIC'},33,{7},5.0
2e68e7c5,2e68e7c4c,2020-10-26,13,{'JAM'},{'JAM_HEAVY_TRAFFIC'},15,{7},6.0
2e68e7c5,2e68e7c4c,2020-10-27,8,{'JAM'},{'JAM_MODERATE_TRAFFIC'},32,{7},5.0
2e68e7c5,2e68e7c4c,2020-10-27,16,{'JAM'},{'JAM_STAND_STILL_TRAFFIC'},33,{7},5.454545454545454
2e68e7c5,2e68e7c4c,2020-10-28,10,{'JAM'},{'JAM_STAND_STILL_TRAFFIC'},39,{7},6.641025641025641
2e68e7c5,2e68e7c4c,2020-10-28,11,{'JAM'},{'JAM_STAND_STILL_TRAFFIC'},30,{7},5.8
2e68e7c5,2e68e7c4c,2020-10-29,13,{'JAM'},"{'JAM_STAND_STILL_TRAFFIC', 'JAM_HEAVY_TRAFFIC'}",64,{7},5.3125
2e68e7c5,2e68e7c4c,2020-10-30,13,{'JAM'},{'JAM_STAND_STILL_TRAFFIC'},38,{7},6.0
2e68e7c5,2e68e7c4c,2020-10-30,15,{'JAM'},{'JAM_STAND_STILL_TRAFFIC'},32,{7},5.0
2e68e7c5,2e68e7c4c,2020-10-30,17,{'JAM'},{'JAM_STAND_STILL_TRAFFIC'},18,{7},5.0
2e68e7c5,2e68e7c4c,2020-10-31,13,"{'JAM', 'WEATHERHAZARD'}","{'JAM', 'HAZARD_ON_SHOULDER_CAR_STOPPED'}",48,{7},5.625
2e68e7c5,2e68e7c4c,2020-11-02,7,{'JAM'},{'JAM_HEAVY_TRAFFIC'},33,{7},5.515151515151516
2e68e7c5,2e68e7c4c,2020-11-03,8,{'JAM'},{'JAM_STAND_STILL_TRAFFIC'},30,{7},5.966666666666667
2e68e7c5,2e68e7c4c,2020-11-03,9,{'JAM'},{'JAM_STAND_STILL_TRAFFIC'},32,{7},5.0
2e68e7c5,2e68e7c4c,2020-11-03,16,{'JAM'},{'JAM_HEAVY_TRAFFIC'},31,{7},5.838709677419355
2e68e7c5,2e68e7c4c,2020-11-04,8,{'JAM'},{'JAM_STAND_STILL_TRAFFIC'},104,{7},5.211538461538462
2e68e7c5,2e68e7c4c,2020-11-04,9,{'JAM'},{'JAM_STAND_STILL_TRAFFIC'},61,{7},5.0
2e68e7c5,2e68e7c4c,2020-11-04,13,{'JAM'},{'JAM_HEAVY_TRAFFIC'},23,{1},5.0
2e68e7c5,2e68e7c4c,2020-11-05,18,{'JAM'},{'JAM_STAND_STILL_TRAFFIC'},43,{7},7.395348837209302
2e68e7c5,2e68e7c4c,2020-11-06,13,{'JAM'},{'JAM_MODERATE_TRAFFIC'},30,{7},5.0
2e68e7c5,2e68e7c4c,2020-11-06,14,{'JAM'},"{'JAM_STAND_STILL_TRAFFIC', 'JAM_HEAVY_TRAFFIC'}",63,{7},5.396825396825397
2e68e7c5,2e68e7c4c,2020-11-07,10,{'JAM'},"{'JAM_STAND_STILL_TRAFFIC', 'JAM_MODERATE_TRAFFIC'}",36,{7},5.0
2e68e7c5,2e68e7c4c,2020-11-07,14,{'JAM'},{'JAM_STAND_STILL_TRAFFIC'},59,{7},5.762711864406779
2e68e7c5,2e68e7c4c,2020-11-07,15,{'JAM'},{'JAM_HEAVY_TRAFFIC'},31,{7},9.225806451612904
2e68e7c5,2e68e7c4c,2020-11-07,16,{'JAM'},{'JAM_HEAVY_TRAFFIC'},24,{7},5.0
2e68e7c5,2e68e7c4c,2020-11-08,11,{'JAM'},{'JAM_STAND_STILL_TRAFFIC'},30,{7},5.0
2e68e7c5,2e68e7c4c,2020-11-09,7,{'JAM'},{'JAM_STAND_STILL_TRAFFIC'},30,{7},5.0
2e68e7c5,2e68e7c4c,2020-11-11,8,{'JAM'},{'JAM_HEAVY_TRAFFIC'},30,{7},5.0
2e68e7c5,2e68e7c4c,2020-11-12,7,{'JAM'},{'JAM_STAND_STILL_TRAFFIC'},34,{7},5.4411764705882355
2e68e7c5,2e68e7c4c,2020-11-12,15,{'JAM'},{'JAM_HEAVY_TRAFFIC'},22,{7},5.909090909090909
2e68e7c5,2e68e7c4c,2020-11-13,14,{'JAM'},{'JAM_STAND_STILL_TRAFFIC'},16,{7},5.0
2e68e7c5,2e68e7c4c,2020-11-18,8,{'JAM'},{'JAM_MODERATE_TRAFFIC'},30,{7},5.0
2e68e7c5,2e68e7c54,2020-09-02,18,{'JAM'},{'JAM_HEAVY_TRAFFIC'},29,{20},5.0
2e68e7c5,2e68e7c54,2020-09-10,17,{'JAM'},{'JAM_STAND_STILL_TRAFFIC'},31,{7},5.0
2e68e7c5,2e68e7c54,2020-09-11,15,{'JAM'},{'JAM_STAND_STILL_TRAFFIC'},30,{7},5.0
2e68e7c5,2e68e7c54,2020-09-12,14,{'JAM'},{'JAM_STAND_STILL_TRAFFIC'},31,{7},5.0
2e68e7c5,2e68e7c54,2020-09-28,14,{'JAM'},{'JAM_HEAVY_TRAFFIC'},30,{7},5.0
2e68e7c5,2e68e7c54,2020-10-01,11,{'JAM'},{'JAM_STAND_STILL_TRAFFIC'},30,{7},5.0
2e68e7c5,2e68e7c54,2020-10-01,13,{'JAM'},{'JAM_STAND_STILL_TRAFFIC'},31,{7},5.0
2e68e7c5,2e68e7c54,2020-10-03,13,{'JAM'},{'JAM_STAND_STILL_TRAFFIC'},62,{7},5.241935483870968
2e68e7c5,2e68e7c54,2020-10-04,15,{'JAM'},{'JAM_STAND_STILL_TRAFFIC'},30,{7},5.966666666666667
2e68e7c5,2e68e7c54,2020-10-05,7,{'JAM'},{'JAM_STAND_STILL_TRAFFIC'},30,{7},5.0
2e68e7c5,2e68e7c54,2020-10-08,9,{'JAM'},{'JAM_HEAVY_TRAFFIC'},31,{7},5.0
2e68e7c5,2e68e7c54,2020-10-09,11,{'JAM'},{'JAM_HEAVY_TRAFFIC'},32,{7},5.65625
2e68e7c5,2e68e7c54,2020-10-09,18,{'JAM'},{'JAM_STAND_STILL_TRAFFIC'},43,{7},5.348837209302325
2e68e7c5,2e68e7c54,2020-10-09,19,{'JAM'},{'JAM_STAND_STILL_TRAFFIC'},30,{7},5.566666666666666
2e68e7c5,2e68e7c54,2020-10-09,20,{'JAM'},{'JAM_HEAVY_TRAFFIC'},32,{7},5.0
2e68e7c5,2e68e7c54,2020-10-10,16,{'JAM'},{'JAM'},33,{20},5.0
2e68e7c5,2e68e7c54,2020-10-11,13,{'JAM'},{'JAM_STAND_STILL_TRAFFIC'},32,{7},5.625
2e68e7c5,2e68e7c54,2020-10-13,17,{'JAM'},{'JAM_STAND_STILL_TRAFFIC'},36,{7},5.5
2e68e7c5,2e68e7c54,2020-10-14,9,{'JAM'},{'JAM_STAND_STILL_TRAFFIC'},61,{7},5.967213114754099
2e68e7c5,2e68e7c54,2020-10-14,10,{'JAM'},{'JAM_HEAVY_TRAFFIC'},30,{7},5.566666666666666
2e68e7c5,2e68e7c54,2020-10-14,14,{'JAM'},{'JAM_HEAVY_TRAFFIC'},30,{7},5.0
2e68e7c5,2e68e7c54,2020-10-16,15,{'JAM'},{'JAM_STAND_STILL_TRAFFIC'},61,{7},5.0
2e68e7c5,2e68e7c54,2020-10-20,14,{'JAM'},{'JAM_HEAVY_TRAFFIC'},35,{7},5.0
2e68e7c5,2e68e7c54,2020-10-21,8,"{'JAM', 'WEATHERHAZARD'}","{'HAZARD_ON_ROAD_CONSTRUCTION', 'JAM_HEAVY_TRAFFIC'}",129,{7},7.496124031007752
2e68e7c5,2e68e7c54,2020-10-21,16,{'JAM'},{'JAM_STAND_STILL_TRAFFIC'},34,{7},5.470588235294118
2e68e7c5,2e68e7c54,2020-10-22,11,{'JAM'},{'JAM_HEAVY_TRAFFIC'},31,{7},5.0
2e68e7c5,2e68e7c54,2020-10-24,14,{'JAM'},{'JAM_HEAVY_TRAFFIC'},33,{7},5.0
2e68e7c5,2e68e7c54,2020-10-26,9,{'JAM'},{'JAM'},33,{7},5.0
2e68e7c5,2e68e7c54,2020-10-26,13,{'JAM'},{'JAM_STAND_STILL_TRAFFIC'},36,{7},5.0
2e68e7c5,2e68e7c54,2020-10-27,16,{'JAM'},{'JAM_STAND_STILL_TRAFFIC'},62,{7},5.82258064516129
2e68e7c5,2e68e7c54,2020-10-29,18,{'JAM'},{'JAM_HEAVY_TRAFFIC'},30,{7},5.0
2e68e7c5,2e68e7c54,2020-10-30,17,{'JAM'},{'JAM_HEAVY_TRAFFIC'},30,{7},5.833333333333333
2e68e7c5,2e68e7c54,2020-11-02,10,{'JAM'},{'JAM_HEAVY_TRAFFIC'},31,{7},6.387096774193548
2e68e7c5,2e68e7c54,2020-11-03,9,{'JAM'},{'JAM_STAND_STILL_TRAFFIC'},30,{7},5.0
2e68e7c5,2e68e7c54,2020-11-03,11,{'JAM'},{'JAM_STAND_STILL_TRAFFIC'},32,{7},5.0
2e68e7c5,2e68e7c54,2020-11-03,13,{'JAM'},{'JAM_STAND_STILL_TRAFFIC'},36,{7},5.0
2e68e7c5,2e68e7c54,2020-11-04,9,{'JAM'},{'JAM'},37,{7},5.405405405405405
2e68e7c5,2e68e7c54,2020-11-05,19,{'JAM'},{'JAM_STAND_STILL_TRAFFIC'},41,{7},5.414634146341464
2e68e7c5,2e68e7c54,2020-11-07,17,{'WEATHERHAZARD'},{'HAZARD_ON_ROAD_POT_HOLE'},15,{7},5.266666666666667
2e68e7c5,2e68e7c54,2020-11-07,18,{'JAM'},{'JAM_HEAVY_TRAFFIC'},32,{7},5.0
2e68e7c5,2e68e7c54,2020-11-08,11,{'JAM'},{'JAM_STAND_STILL_TRAFFIC'},62,{7},5.5
2e68e7c5,2e68e7c54,2020-11-08,15,{'JAM'},{'JAM_HEAVY_TRAFFIC'},16,{7},5.0
2e68e7c5,2e68e7c54,2020-11-09,12,{'JAM'},{'JAM_HEAVY_TRAFFIC'},34,{7},5.0
2e68e7c5,2e68e7c54,2020-11-09,13,{'JAM'},{'JAM_HEAVY_TRAFFIC'},33,{7},5.0
2e68e7c5,2e68e7c54,2020-11-10,15,{'JAM'},{'JAM_STAND_STILL_TRAFFIC'},31,{7},5.580645161290323
2e68e7c5,2e68e7c5c,2020-09-01,16,{'JAM'},{'JAM_HEAVY_TRAFFIC'},31,{7},6.0
2e68e7c5,2e68e7c5c,2020-09-03,10,{'JAM'},{'JAM_HEAVY_TRAFFIC'},33,{7},5.0
2e68e7c5,2e68e7c5c,2020-09-03,13,{'JAM'},{'JAM_STAND_STILL_TRAFFIC'},31,{7},5.0
2e68e7c5,2e68e7c5c,2020-09-03,14,{'JAM'},{'JAM_MODERATE_TRAFFIC'},31,{7},5.0
2e68e7c5,2e68e7c5c,2020-09-04,8,{'JAM'},{'JAM_HEAVY_TRAFFIC'},31,{7},5.0
2e68e7c5,2e68e7c5c,2020-09-05,10,{'JAM'},{'JAM_HEAVY_TRAFFIC'},30,{7},7.733333333333333
2e68e7c5,2e68e7c5c,2020-09-05,14,{'JAM'},{'JAM_STAND_STILL_TRAFFIC'},38,{7},8.236842105263158
2e68e7c5,2e68e7c5c,2020-09-05,16,{'JAM'},{'JAM_HEAVY_TRAFFIC'},35,{7},8.114285714285714
2e68e7c5,2e68e7c5c,2020-09-05,17,{'JAM'},{'JAM_STAND_STILL_TRAFFIC'},32,{7},5.0
2e68e7c5,2e68e7c5c,2020-09-08,15,{'JAM'},{'JAM_STAND_STILL_TRAFFIC'},31,{7},5.0
2e68e7c5,2e68e7c5c,2020-09-08,16,{'JAM'},{'JAM_HEAVY_TRAFFIC'},31,{7},5.0
2e68e7c5,2e68e7c5c,2020-09-11,11,{'JAM'},{'JAM_HEAVY_TRAFFIC'},15,{7},5.0
2e68e7c5,2e68e7c5c,2020-09-12,12,{'JAM'},{'JAM_HEAVY_TRAFFIC'},31,{7},5.0
2e68e7c5,2e68e7c5c,2020-09-12,16,{'JAM'},"{'JAM_STAND_STILL_TRAFFIC', 'JAM_HEAVY_TRAFFIC'}",54,{7},5.0
2e68e7c5,2e68e7c5c,2020-09-16,16,{'JAM'},{'JAM_STAND_STILL_TRAFFIC'},25,{7},5.0
2e68e7c5,2e68e7c5c,2020-09-17,17,{'JAM'},{'JAM_STAND_STILL_TRAFFIC'},30,{7},5.0
2e68e7c5,2e68e7c5c,2020-09-18,15,{'JAM'},{'JAM_STAND_STILL_TRAFFIC'},25,{7},5.0
2e68e7c5,2e68e7c5c,2020-09-18,16,{'JAM'},{'JAM_STAND_STILL_TRAFFIC'},38,{7},5.473684210526316
2e68e7c5,2e68e7c5c,2020-09-19,11,{'JAM'},{'JAM_HEAVY_TRAFFIC'},31,{7},5.0
2e68e7c5,2e68e7c5c,2020-09-22,10,{'JAM'},{'JAM_HEAVY_TRAFFIC'},24,{7},5.0
2e68e7c5,2e68e7c5c,2020-09-22,18,{'JAM'},{'JAM_HEAVY_TRAFFIC'},31,{7},5.0
2e68e7c5,2e68e7c5c,2020-09-24,11,{'JAM'},"{'JAM_STAND_STILL_TRAFFIC', 'JAM_HEAVY_TRAFFIC'}",63,{7},5.0
2e68e7c5,2e68e7c5c,2020-09-25,16,{'JAM'},{'JAM_STAND_STILL_TRAFFIC'},32,{7},5.46875
2e68e7c5,2e68e7c5c,2020-09-26,10,{'JAM'},{'JAM_HEAVY_TRAFFIC'},63,{7},5.555555555555555
2e68e7c5,2e68e7c5c,2020-09-26,13,{'JAM'},{'JAM_STAND_STILL_TRAFFIC'},30,{7},5.0
2e68e7c5,2e68e7c5c,2020-09-27,16,{'JAM'},{'JAM'},13,{7},5.0
2e68e7c5,2e68e7c5c,2020-09-28,13,{'JAM'},{'JAM_STAND_STILL_TRAFFIC'},33,{7},5.0
2e68e7c5,2e68e7c5c,2020-09-28,16,{'JAM'},{'JAM_HEAVY_TRAFFIC'},30,{7},6.566666666666666
2e68e7c5,2e68e7c5c,2020-09-28,17,{'JAM'},{'JAM_HEAVY_TRAFFIC'},51,{7},5.411764705882353
2e68e7c5,2e68e7c5c,2020-09-29,10,{'JAM'},{'JAM_MODERATE_TRAFFIC'},7,{7},5.714285714285714
2e68e7c5,2e68e7c5c,2020-09-30,9,{'JAM'},{'JAM_HEAVY_TRAFFIC'},31,{7},5.0
2e68e7c5,2e68e7c5c,2020-10-01,11,{'JAM'},{'JAM_STAND_STILL_TRAFFIC'},30,{7},5.0
2e68e7c5,2e68e7c5c,2020-10-01,20,{'JAM'},{'JAM_STAND_STILL_TRAFFIC'},30,{7},5.0
2e68e7c5,2e68e7c5c,2020-10-02,8,{'JAM'},{'JAM_HEAVY_TRAFFIC'},30,{7},5.9
2e68e7c5,2e68e7c5c,2020-10-02,13,{'JAM'},{'JAM_HEAVY_TRAFFIC'},30,{7},5.866666666666666
2e68e7c5,2e68e7c5c,2020-10-02,14,{'JAM'},{'JAM_STAND_STILL_TRAFFIC'},31,{7},5.0
2e68e7c5,2e68e7c5c,2020-10-02,18,{'JAM'},{'JAM_STAND_STILL_TRAFFIC'},31,{7},5.0
2e68e7c5,2e68e7c5c,2020-10-03,9,{'JAM'},{'JAM_MODERATE_TRAFFIC'},18,{7},5.0
2e68e7c5,2e68e7c5c,2020-10-03,11,{'JAM'},{'JAM_STAND_STILL_TRAFFIC'},39,{7},5.384615384615385
2e68e7c5,2e68e7c5c,2020-10-03,12,{'JAM'},{'JAM_MODERATE_TRAFFIC'},30,{7},5.0
2e68e7c5,2e68e7c5c,2020-10-03,15,{'JAM'},{'JAM_HEAVY_TRAFFIC'},5,{7},5.0
2e68e7c5,2e68e7c5c,2020-10-03,16,{'JAM'},"{'JAM_STAND_STILL_TRAFFIC', 'JAM_HEAVY_TRAFFIC'}",63,{7},5.507936507936508
2e68e7c5,2e68e7c5c,2020-10-05,7,{'JAM'},{'JAM_STAND_STILL_TRAFFIC'},62,{7},5.0
2e68e7c5,2e68e7c5c,2020-10-09,16,{'JAM'},{'JAM_MODERATE_TRAFFIC'},5,{7},5.0
2e68e7c5,2e68e7c5c,2020-10-12,7,{'JAM'},{'JAM_STAND_STILL_TRAFFIC'},46,{7},5.717391304347826
2e68e7c5,2e68e7c5c,2020-10-12,15,{'JAM'},{'JAM_MODERATE_TRAFFIC'},31,{7},5.0
2e68e7c5,2e68e7c5c,2020-10-14,8,{'JAM'},{'JAM_HEAVY_TRAFFIC'},39,{7},5.410256410256411
2e68e7c5,2e68e7c5c,2020-10-14,9,{'JAM'},{'JAM_STAND_STILL_TRAFFIC'},30,{7},5.0
2e68e7c5,2e68e7c5c,2020-10-14,16,{'JAM'},{'JAM_HEAVY_TRAFFIC'},31,{7},5.0
2e68e7c5,2e68e7c5c,2020-10-15,7,{'JAM'},{'JAM_STAND_STILL_TRAFFIC'},31,{7},5.0
2e68e7c5,2e68e7c5c,2020-10-15,10,{'JAM'},{'JAM_STAND_STILL_TRAFFIC'},18,{7},5.0
2e68e7c5,2e68e7c5c,2020-10-15,15,{'JAM'},{'JAM_STAND_STILL_TRAFFIC'},46,{7},5.3478260869565215
2e68e7c5,2e68e7c5c,2020-10-16,15,{'JAM'},{'JAM_STAND_STILL_TRAFFIC'},31,{7},5.548387096774194
2e68e7c5,2e68e7c5c,2020-10-17,13,{'JAM'},{'JAM'},30,{7},5.0
2e68e7c5,2e68e7c5c,2020-10-17,16,{'JAM'},{'JAM_MODERATE_TRAFFIC'},4,{7},6.0
2e68e7c5,2e68e7c5c,2020-10-19,15,{'JAM'},{'JAM_HEAVY_TRAFFIC'},40,{7},6.075
2e68e7c5,2e68e7c5c,2020-10-19,16,{'JAM'},{'JAM_STAND_STILL_TRAFFIC'},44,{7},6.340909090909091
2e68e7c5,2e68e7c5c,2020-10-19,17,{'JAM'},{'JAM_HEAVY_TRAFFIC'},10,{7},5.0
2e68e7c5,2e68e7c5c,2020-10-19,19,{'WEATHERHAZARD'},{'HAZARD_ON_ROAD_POT_HOLE'},666,{7},8.408408408408409
2e68e7c5,2e68e7c5c,2020-10-21,17,{'JAM'},{'JAM_HEAVY_TRAFFIC'},64,{7},6.5625
2e68e7c5,2e68e7c5c,2020-10-22,8,{'JAM'},{'JAM_MODERATE_TRAFFIC'},30,{7},5.533333333333333
2e68e7c5,2e68e7c5c,2020-10-23,13,{'JAM'},{'JAM_MODERATE_TRAFFIC'},37,{7},5.513513513513513
2e68e7c5,2e68e7c5c,2020-10-23,16,{'JAM'},{'JAM'},34,{7},5.0
2e68e7c5,2e68e7c5c,2020-10-23,17,{'JAM'},{'JAM_STAND_STILL_TRAFFIC'},33,{7},5.515151515151516
2e68e7c5,2e68e7c5c,2020-10-24,11,{'JAM'},{'JAM_HEAVY_TRAFFIC'},32,{7},5.5
2e68e7c5,2e68e7c5c,2020-10-24,14,{'JAM'},{'JAM_STAND_STILL_TRAFFIC'},27,{7},8.0
2e68e7c5,2e68e7c5c,2020-10-26,13,{'JAM'},{'JAM_HEAVY_TRAFFIC'},31,{7},5.0
2e68e7c5,2e68e7c5c,2020-10-26,16,{'JAM'},{'JAM_HEAVY_TRAFFIC'},30,{7},5.0
2e68e7c5,2e68e7c5c,2020-10-27,12,{'JAM'},{'JAM_STAND_STILL_TRAFFIC'},32,{7},5.0
2e68e7c5,2e68e7c5c,2020-10-27,15,{'JAM'},{'JAM_MODERATE_TRAFFIC'},15,{7},5.0
2e68e7c5,2e68e7c5c,2020-10-28,12,{'JAM'},{'JAM_STAND_STILL_TRAFFIC'},32,{7},5.0
2e68e7c5,2e68e7c5c,2020-10-28,16,{'JAM'},"{'JAM', 'JAM_STAND_STILL_TRAFFIC'}",63,{7},5.0
2e68e7c5,2e68e7c5c,2020-10-29,10,{'JAM'},{'JAM_HEAVY_TRAFFIC'},6,{7},5.0
2e68e7c5,2e68e7c5c,2020-10-30,10,{'JAM'},{'JAM_HEAVY_TRAFFIC'},31,{7},5.0
2e68e7c5,2e68e7c5c,2020-10-30,18,{'JAM'},"{'JAM_MODERATE_TRAFFIC', 'JAM_HEAVY_TRAFFIC'}",64,{7},5.921875
2e68e7c5,2e68e7c5c,2020-10-30,21,{'JAM'},{'JAM_HEAVY_TRAFFIC'},30,{7},5.0
2e68e7c5,2e68e7c5c,2020-10-31,10,{'JAM'},{'JAM_STAND_STILL_TRAFFIC'},30,{7},5.0
2e68e7c5,2e68e7c5c,2020-10-31,15,{'JAM'},{'JAM_HEAVY_TRAFFIC'},30,{7},5.0
2e68e7c5,2e68e7c5c,2020-10-31,16,{'JAM'},{'JAM_MODERATE_TRAFFIC'},26,{7},5.0
2e68e7c5,2e68e7c5c,2020-11-01,12,{'JAM'},{'JAM_HEAVY_TRAFFIC'},39,{7},6.538461538461538
2e68e7c5,2e68e7c5c,2020-11-02,12,{'JAM'},{'JAM_HEAVY_TRAFFIC'},31,{7},5.935483870967742
2e68e7c5,2e68e7c5c,2020-11-02,20,{'JAM'},{'JAM_STAND_STILL_TRAFFIC'},5,{7},5.0
2e68e7c5,2e68e7c5c,2020-11-03,9,{'JAM'},{'JAM_STAND_STILL_TRAFFIC'},25,{7},7.0
2e68e7c5,2e68e7c5c,2020-11-03,17,{'JAM'},{'JAM_MODERATE_TRAFFIC'},31,{7},5.0
2e68e7c5,2e68e7c5c,2020-11-04,8,{'JAM'},{'JAM_HEAVY_TRAFFIC'},20,{7},5.0
2e68e7c5,2e68e7c5c,2020-11-05,10,{'JAM'},{'JAM_STAND_STILL_TRAFFIC'},29,{7},5.0
2e68e7c5,2e68e7c5c,2020-11-06,14,{'JAM'},{'JAM_STAND_STILL_TRAFFIC'},30,{7},5.0
2e68e7c5,2e68e7c5c,2020-11-06,16,{'JAM'},{'JAM_STAND_STILL_TRAFFIC'},35,{7},6.628571428571429
2e68e7c5,2e68e7c5c,2020-11-06,19,{'WEATHERHAZARD'},{'HAZARD_WEATHER_FLOOD'},33,{7},5.0606060606060606
2e68e7c5,2e68e7c5c,2020-11-07,16,{'JAM'},{'JAM_STAND_STILL_TRAFFIC'},37,{7},6.324324324324325
2e68e7c5,2e68e7c5c,2020-11-13,17,{'JAM'},{'JAM_HEAVY_TRAFFIC'},36,{7},5.5
2e68e7c5,2e68e7c5c,2020-11-14,10,{'JAM'},{'JAM_STAND_STILL_TRAFFIC'},32,{7},5.0
2e68e7c5,2e68e7c5c,2020-11-14,14,{'JAM'},{'JAM_STAND_STILL_TRAFFIC'},27,{7},5.0
2e68e7c5,2e68e7c5c,2020-11-16,14,{'JAM'},{'JAM_HEAVY_TRAFFIC'},30,{7},5.9
2e68e7c5,2e68e7c5c,2020-11-22,19,{'ROAD_CLOSED'},{'ROAD_CLOSED_EVENT'},7450,{1},6.0
2e68e7c7,2e68e7c64,2020-09-22,16,{'JAM'},{'JAM_STAND_STILL_TRAFFIC'},31,{1},5.0
2e68e7c7,2e68e7c64,2020-10-20,16,{'JAM'},{'JAM_HEAVY_TRAFFIC'},36,{7},5.416666666666667
2e68e7c7,2e68e7c64,2020-10-21,16,{'JAM'},{'JAM_STAND_STILL_TRAFFIC'},43,{1},5.767441860465116
2e68e7c7,2e68e7c6c,2020-09-07,17,{'JAM'},{'JAM_STAND_STILL_TRAFFIC'},31,{7},5.0
2e68e7c7,2e68e7c6c,2020-09-13,17,{'JAM'},{'JAM_MODERATE_TRAFFIC'},30,{7},5.0
2e68e7c7,2e68e7c6c,2020-09-22,17,{'JAM'},{'JAM_STAND_STILL_TRAFFIC'},31,{7},5.0
2e68e7c7,2e68e7c6c,2020-10-05,17,{'JAM'},{'JAM'},30,{7},5.0
2e68e7c7,2e68e7c6c,2020-10-22,17,{'JAM'},{'JAM_STAND_STILL_TRAFFIC'},32,{7},5.0
2e68e7c7,2e68e7c6c,2020-10-31,15,{'JAM'},{'JAM'},30,{7},5.0
2e68e7c7,2e68e7c6c,2020-11-07,16,{'JAM'},{'JAM_STAND_STILL_TRAFFIC'},25,{7},5.76
2e68e7c7,2e68e7c6c,2020-11-15,11,{'JAM'},{'JAM_MODERATE_TRAFFIC'},5,{7},5.0
2e68e7c7,2e68e7c6c,2020-11-19,11,{'JAM'},{'JAM_MODERATE_TRAFFIC'},32,{22},5.0
2e68e7c9,2e68e7c84,2020-09-22,18,{'JAM'},{'JAM_STAND_STILL_TRAFFIC'},31,{7},5.0
2e68e7c9,2e68e7c84,2020-09-26,21,{'JAM'},{'JAM_STAND_STILL_TRAFFIC'},31,{7},5.0
2e68e7c9,2e68e7c84,2020-09-30,17,{'JAM'},{'JAM_HEAVY_TRAFFIC'},41,{7},5.390243902439025
2e68e7c9,2e68e7c84,2020-10-21,14,{'JAM'},{'JAM_STAND_STILL_TRAFFIC'},42,{7},5.380952380952381
2e68e7c9,2e68e7c84,2020-10-21,16,{'JAM'},{'JAM_HEAVY_TRAFFIC'},31,{7},5.0
2e68e7c9,2e68e7c84,2020-10-21,17,{'JAM'},{'JAM_HEAVY_TRAFFIC'},31,{7},6.548387096774194
2e68e7c9,2e68e7c84,2020-10-31,14,{'JAM'},{'JAM_STAND_STILL_TRAFFIC'},13,{7},5.923076923076923
2e68e7c9,2e68e7c8c,2020-09-01,17,{'JAM'},{'JAM_STAND_STILL_TRAFFIC'},32,{7},5.0
2e68e7c9,2e68e7c8c,2020-09-04,13,{'WEATHERHAZARD'},{'HAZARD_ON_SHOULDER_MISSING_SIGN'},32,{7},6.53125
2e68e7c9,2e68e7c8c,2020-09-07,17,{'JAM'},{'JAM_STAND_STILL_TRAFFIC'},31,{7},5.0
2e68e7c9,2e68e7c8c,2020-09-08,16,{'JAM'},{'JAM_STAND_STILL_TRAFFIC'},33,{7},5.0
2e68e7c9,2e68e7c8c,2020-09-09,12,{'JAM'},{'JAM_MODERATE_TRAFFIC'},31,{1},5.0
2e68e7c9,2e68e7c8c,2020-09-10,16,{'JAM'},{'JAM_STAND_STILL_TRAFFIC'},30,{7},7.4
2e68e7c9,2e68e7c8c,2020-09-15,18,{'JAM'},{'JAM_HEAVY_TRAFFIC'},97,{7},5.175257731958763
2e68e7c9,2e68e7c8c,2020-09-16,11,{'JAM'},{'JAM_MODERATE_TRAFFIC'},62,{7},5.0
2e68e7c9,2e68e7c8c,2020-09-17,15,{'JAM'},{'JAM_HEAVY_TRAFFIC'},51,{7},5.0
2e68e7c9,2e68e7c8c,2020-09-18,18,{'JAM'},{'JAM_HEAVY_TRAFFIC'},31,{7},5.0
2e68e7c9,2e68e7c8c,2020-09-19,14,{'JAM'},{'JAM_HEAVY_TRAFFIC'},30,{7},5.0
2e68e7c9,2e68e7c8c,2020-09-21,16,{'JAM'},{'JAM_HEAVY_TRAFFIC'},32,{7},5.0
2e68e7c9,2e68e7c8c,2020-09-22,18,{'JAM'},{'JAM_STAND_STILL_TRAFFIC'},31,{7},5.0
2e68e7c9,2e68e7c8c,2020-09-23,14,{'JAM'},{'JAM_HEAVY_TRAFFIC'},32,{7},5.0
2e68e7c9,2e68e7c8c,2020-09-23,16,{'JAM'},{'JAM_HEAVY_TRAFFIC'},30,{7},5.0
2e68e7c9,2e68e7c8c,2020-09-24,15,{'JAM'},{'JAM_MODERATE_TRAFFIC'},30,{7},5.0
2e68e7c9,2e68e7c8c,2020-09-25,10,{'JAM'},{'JAM'},31,{7},5.0
2e68e7c9,2e68e7c8c,2020-09-25,14,{'JAM'},{'JAM_STAND_STILL_TRAFFIC'},32,{7},5.0
2e68e7c9,2e68e7c8c,2020-09-25,16,{'JAM'},{'JAM'},33,{7},5.0
2e68e7c9,2e68e7c8c,2020-09-26,16,{'JAM'},{'JAM_STAND_STILL_TRAFFIC'},30,{7},5.0
2e68e7c9,2e68e7c8c,2020-09-26,19,{'JAM'},{'JAM_STAND_STILL_TRAFFIC'},31,{7},6.967741935483871
2e68e7c9,2e68e7c8c,2020-09-28,13,"{'JAM', 'WEATHERHAZARD'}","{'HAZARD_ON_ROAD_CONSTRUCTION', 'JAM_HEAVY_TRAFFIC'}",608,{7},8.669407894736842
2e68e7c9,2e68e7c8c,2020-09-28,18,{'JAM'},{'JAM_STAND_STILL_TRAFFIC'},32,{7},5.0
2e68e7c9,2e68e7c8c,2020-09-29,16,{'JAM'},{'JAM_HEAVY_TRAFFIC'},31,{7},5.0
2e68e7c9,2e68e7c8c,2020-10-02,21,{'JAM'},{'JAM_MODERATE_TRAFFIC'},33,{7},5.0
2e68e7c9,2e68e7c8c,2020-10-03,18,{'JAM'},{'JAM_STAND_STILL_TRAFFIC'},31,{7},5.0
2e68e7c9,2e68e7c8c,2020-10-04,15,{'JAM'},{'JAM_HEAVY_TRAFFIC'},6,{7},5.0
2e68e7c9,2e68e7c8c,2020-10-05,10,{'JAM'},{'JAM_HEAVY_TRAFFIC'},42,{7},5.833333333333333
2e68e7c9,2e68e7c8c,2020-10-10,14,{'JAM'},{'JAM_MODERATE_TRAFFIC'},6,{1},5.0
2e68e7c9,2e68e7c8c,2020-10-10,17,{'JAM'},{'JAM_HEAVY_TRAFFIC'},31,{7},5.0
2e68e7c9,2e68e7c8c,2020-10-10,19,{'JAM'},{'JAM_STAND_STILL_TRAFFIC'},31,{7},5.0
2e68e7c9,2e68e7c8c,2020-10-10,20,{'JAM'},{'JAM'},34,{7},5.0
2e68e7c9,2e68e7c8c,2020-10-11,19,{'JAM'},{'JAM_HEAVY_TRAFFIC'},32,{7},5.0
2e68e7c9,2e68e7c8c,2020-10-17,14,{'JAM'},{'JAM_HEAVY_TRAFFIC'},30,{7},5.0
2e68e7c9,2e68e7c8c,2020-10-17,21,{'JAM'},{'JAM'},30,{7},5.0
2e68e7c9,2e68e7c8c,2020-10-18,10,{'JAM'},{'JAM_HEAVY_TRAFFIC'},30,{7},5.0
2e68e7c9,2e68e7c8c,2020-10-18,12,{'JAM'},{'JAM_STAND_STILL_TRAFFIC'},15,{7},5.866666666666666
2e68e7c9,2e68e7c8c,2020-10-20,14,{'JAM'},{'JAM_STAND_STILL_TRAFFIC'},30,{7},5.0
2e68e7c9,2e68e7c8c,2020-10-20,16,{'WEATHERHAZARD'},{'HAZARD_ON_SHOULDER_MISSING_SIGN'},44,{7},6.295454545454546
2e68e7c9,2e68e7c8c,2020-10-21,15,{'JAM'},{'JAM_STAND_STILL_TRAFFIC'},34,{7},5.0
2e68e7c9,2e68e7c8c,2020-10-21,17,{'JAM'},{'JAM_STAND_STILL_TRAFFIC'},33,{7},5.0
2e68e7c9,2e68e7c8c,2020-10-21,19,{'JAM'},{'JAM_HEAVY_TRAFFIC'},33,{7},5.0
2e68e7c9,2e68e7c8c,2020-10-22,12,{'JAM'},{'JAM_STAND_STILL_TRAFFIC'},31,{1},5.0
2e68e7c9,2e68e7c8c,2020-10-27,13,{'JAM'},{'JAM_MODERATE_TRAFFIC'},32,{7},5.0
2e68e7c9,2e68e7c8c,2020-10-28,13,{'JAM'},{'JAM_STAND_STILL_TRAFFIC'},31,{1},5.709677419354839
2e68e7c9,2e68e7c8c,2020-10-30,21,{'JAM'},{'JAM_STAND_STILL_TRAFFIC'},31,{7},5.0
2e68e7c9,2e68e7c8c,2020-11-12,16,{'JAM'},{'JAM_STAND_STILL_TRAFFIC'},31,{7},5.67741935483871
2e68e7c9,2e68e7c8c,2020-11-13,14,{'JAM'},{'JAM_STAND_STILL_TRAFFIC'},25,{7},5.88
2e68e7c9,2e68e7c8c,2020-11-13,16,{'JAM'},{'JAM_HEAVY_TRAFFIC'},44,{1},5.5
2e68e7c9,2e68e7c8c,2020-11-13,17,{'JAM'},{'JAM_STAND_STILL_TRAFFIC'},5,{7},5.0
2e68e7c9,2e68e7c94,2020-09-02,7,{'JAM'},{'JAM_MODERATE_TRAFFIC'},13,{1},5.0
2e68e7c9,2e68e7c94,2020-09-05,19,{'JAM'},{'JAM_HEAVY_TRAFFIC'},31,{1},5.0
2e68e7c9,2e68e7c94,2020-09-06,13,{'JAM'},{'JAM_MODERATE_TRAFFIC'},31,{1},5.0
2e68e7c9,2e68e7c94,2020-09-06,18,"{'JAM', 'ACCIDENT'}","{'JAM', 'ACCIDENT'}",93,"{1, 2}",5.688172043010753
2e68e7c9,2e68e7c94,2020-09-09,14,{'JAM'},{'JAM_STAND_STILL_TRAFFIC'},34,{1},5.0
2e68e7c9,2e68e7c94,2020-09-11,17,{'JAM'},{'JAM_HEAVY_TRAFFIC'},16,{1},6.8125
2e68e7c9,2e68e7c94,2020-09-12,11,{'JAM'},{'JAM_HEAVY_TRAFFIC'},38,{1},5.394736842105263
2e68e7c9,2e68e7c94,2020-09-12,12,{'JAM'},{'JAM_STAND_STILL_TRAFFIC'},31,{1},5.0
2e68e7c9,2e68e7c94,2020-09-12,20,{'JAM'},{'JAM_STAND_STILL_TRAFFIC'},32,{1},5.0
2e68e7c9,2e68e7c94,2020-09-13,11,{'JAM'},{'JAM_HEAVY_TRAFFIC'},42,{1},6.309523809523809
2e68e7c9,2e68e7c94,2020-09-22,17,{'JAM'},{'JAM_MODERATE_TRAFFIC'},31,{1},5.0
2e68e7c9,2e68e7c94,2020-10-02,18,{'JAM'},{'JAM_HEAVY_TRAFFIC'},13,{1},5.0
2e68e7c9,2e68e7c94,2020-10-03,16,{'JAM'},{'JAM_STAND_STILL_TRAFFIC'},34,{1},6.352941176470588
2e68e7c9,2e68e7c94,2020-10-10,15,{'JAM'},{'JAM_HEAVY_TRAFFIC'},31,{1},5.0
2e68e7c9,2e68e7c94,2020-10-14,9,{'JAM'},{'JAM_HEAVY_TRAFFIC'},6,{1},5.0
2e68e7c9,2e68e7c94,2020-10-15,20,{'JAM'},{'JAM_STAND_STILL_TRAFFIC'},6,{1},5.0
2e68e7c9,2e68e7c94,2020-10-16,15,{'JAM'},{'JAM_HEAVY_TRAFFIC'},32,{1},5.0
2e68e7c9,2e68e7c94,2020-10-18,13,"{'JAM', 'WEATHERHAZARD'}","{'WEATHERHAZARD', 'JAM_HEAVY_TRAFFIC'}",50,{1},5.98
2e68e7c9,2e68e7c94,2020-10-23,13,{'JAM'},{'JAM_HEAVY_TRAFFIC'},31,{1},5.0
2e68e7c9,2e68e7c94,2020-10-24,14,{'ROAD_CLOSED'},{'ROAD_CLOSED_EVENT'},20,{1},6.0
2e68e7c9,2e68e7c94,2020-10-24,16,{'JAM'},{'JAM_STAND_STILL_TRAFFIC'},47,{1},5.382978723404255
2e68e7c9,2e68e7c94,2020-10-28,10,{'ROAD_CLOSED'},{'ROAD_CLOSED_HAZARD'},20,{1},5.0
2e68e7c9,2e68e7c94,2020-10-30,11,{'JAM'},{'JAM_STAND_STILL_TRAFFIC'},30,{1},5.0
2e68e7c9,2e68e7c94,2020-11-01,13,{'JAM'},"{'JAM_MODERATE_TRAFFIC', 'JAM_HEAVY_TRAFFIC'}",64,{1},5.53125
2e68e7c9,2e68e7c94,2020-11-03,19,{'JAM'},{'JAM_MODERATE_TRAFFIC'},28,{1},5.0
2e68e7c9,2e68e7c94,2020-11-15,13,{'JAM'},{'JAM_STAND_STILL_TRAFFIC'},27,{1},5.0
2e68e7c9,2e68e7c94,2020-11-15,19,{'JAM'},{'JAM_STAND_STILL_TRAFFIC'},18,{1},5.0
2e68e7c9,2e68e7c94,2020-11-17,15,{'JAM'},{'JAM_STAND_STILL_TRAFFIC'},34,{1},5.205882352941177
2e68e7c9,2e68e7c9c,2020-10-03,14,{'JAM'},{'JAM_STAND_STILL_TRAFFIC'},31,{1},5.0
2e68e7c9,2e68e7c9c,2020-10-04,15,{'JAM'},{'JAM_HEAVY_TRAFFIC'},31,{1},5.0
2e68e7c9,2e68e7c9c,2020-10-10,17,{'JAM'},{'JAM_HEAVY_TRAFFIC'},55,"{1, 7}",5.0
2e68e7c9,2e68e7c9c,2020-10-17,12,{'JAM'},{'JAM_HEAVY_TRAFFIC'},38,{1},6.894736842105263
2e68e7c9,2e68e7c9c,2020-10-17,14,{'JAM'},{'JAM_STAND_STILL_TRAFFIC'},26,{1},5.0
2e68e7c9,2e68e7c9c,2020-10-21,18,{'JAM'},{'JAM_HEAVY_TRAFFIC'},11,{7},5.0
2e68e7c9,2e68e7c9c,2020-10-26,15,{'JAM'},{'JAM_HEAVY_TRAFFIC'},6,{1},5.0
2e68e7c9,2e68e7c9c,2020-10-27,11,{'JAM'},{'JAM_STAND_STILL_TRAFFIC'},32,{1},5.0
2e68e7c9,2e68e7c9c,2020-10-27,14,{'JAM'},{'JAM_STAND_STILL_TRAFFIC'},30,{1},5.0
2e68e7c9,2e68e7c9c,2020-10-27,18,{'JAM'},{'JAM_HEAVY_TRAFFIC'},12,{7},6.0
2e68e7c9,2e68e7c9c,2020-10-29,19,{'JAM'},{'JAM_HEAVY_TRAFFIC'},22,{7},5.0
2e68e7c9,2e68e7c9c,2020-10-30,13,{'JAM'},{'JAM_HEAVY_TRAFFIC'},30,{1},5.0
2e68e7c9,2e68e7c9c,2020-10-30,14,{'JAM'},{'JAM'},31,{1},5.0
2e68e7c9,2e68e7c9c,2020-10-30,18,{'ACCIDENT'},{'ACCIDENT'},36,{1},6.583333333333333
2e68e7c9,2e68e7c9c,2020-10-31,12,{'JAM'},{'JAM_STAND_STILL_TRAFFIC'},56,"{1, 7}",5.410714285714286
2e68e7c9,2e68e7c9c,2020-10-31,16,{'JAM'},{'JAM_STAND_STILL_TRAFFIC'},32,{1},5.46875
2e68e7c9,2e68e7c9c,2020-11-01,10,{'JAM'},{'JAM_HEAVY_TRAFFIC'},31,{7},5.580645161290323
2e68e7c9,2e68e7c9c,2020-11-02,15,{'JAM'},{'JAM_MODERATE_TRAFFIC'},6,{1},5.0
2e68e7c9,2e68e7c9c,2020-11-03,16,{'JAM'},{'JAM_HEAVY_TRAFFIC'},30,{1},5.0
2e68e7c9,2e68e7c9c,2020-11-06,17,{'JAM'},{'JAM_HEAVY_TRAFFIC'},19,{1},6.052631578947368
2e68e7c9,2e68e7c9c,2020-11-07,11,{'JAM'},{'JAM_STAND_STILL_TRAFFIC'},37,{1},5.405405405405405
2e68e7c9,2e68e7c9c,2020-11-20,13,{'JAM'},{'JAM_HEAVY_TRAFFIC'},15,{7},6.2
2e68e7cb,2e68e7ca4,2020-09-02,16,{'JAM'},{'JAM_HEAVY_TRAFFIC'},42,{1},5.738095238095238
2e68e7cb,2e68e7ca4,2020-09-27,16,{'WEATHERHAZARD'},{'HAZARD_ON_SHOULDER_CAR_STOPPED'},30,{1},5.0
2e68e7cb,2e68e7ca4,2020-09-30,15,{'JAM'},{'JAM_HEAVY_TRAFFIC'},7,{1},5.0
2e68e7cb,2e68e7ca4,2020-10-03,16,{'JAM'},{'JAM_STAND_STILL_TRAFFIC'},40,{1},6.825
2e68e7cb,2e68e7ca4,2020-10-28,12,{'JAM'},{'JAM_STAND_STILL_TRAFFIC'},10,{1},5.0
2e68e7cb,2e68e7ca4,2020-10-30,15,{'WEATHERHAZARD'},{'WEATHERHAZARD'},32,{1},5.9375
2e68e7cb,2e68e7ca4,2020-11-04,13,{'WEATHERHAZARD'},{'HAZARD_WEATHER_HEAVY_SNOW'},31,{1},6.161290322580645
2e68e7cb,2e68e7ca4,2020-11-11,12,{'WEATHERHAZARD'},{'HAZARD_ON_ROAD_POT_HOLE'},73,{1},5.863013698630137
2e68e7cb,2e68e7cac,2020-09-04,16,{'JAM'},{'JAM_HEAVY_TRAFFIC'},30,{2},5.0
2e68e7cb,2e68e7cac,2020-09-05,14,{'JAM'},{'JAM_STAND_STILL_TRAFFIC'},30,{1},5.9
2e68e7cb,2e68e7cac,2020-10-29,14,{'JAM'},{'JAM_HEAVY_TRAFFIC'},31,{2},5.0
2e68e7cb,2e68e7cac,2020-10-29,18,{'JAM'},"{'JAM_STAND_STILL_TRAFFIC', 'JAM_MODERATE_TRAFFIC'}",83,"{1, 2}",5.228915662650603
2e68e7cb,2e68e7cac,2020-10-30,13,{'JAM'},{'JAM_MODERATE_TRAFFIC'},34,{2},5.0
2e68e7cb,2e68e7cac,2020-11-08,12,"{'JAM', 'WEATHERHAZARD'}","{'HAZARD_ON_SHOULDER_CAR_STOPPED', 'JAM_HEAVY_TRAFFIC'}",36,{1},5.0
2e68e7cb,2e68e7cac,2020-11-15,13,{'JAM'},{'JAM'},25,{2},5.0
2e68e7cb,2e68e7cbc,2020-09-19,12,{'JAM'},{'JAM_STAND_STILL_TRAFFIC'},8,{1},5.0
2e68e7cb,2e68e7cbc,2020-10-19,16,{'JAM'},{'JAM_STAND_STILL_TRAFFIC'},7,{1},5.0
2e68e7cb,2e68e7cbc,2020-10-26,8,{'JAM'},{'JAM_MODERATE_TRAFFIC'},30,{2},5.0
2e68e7cb,2e68e7cbc,2020-10-27,18,{'JAM'},{'JAM'},33,{2},5.0
2e68e7cb,2e68e7cbc,2020-10-29,13,{'JAM'},{'JAM_MODERATE_TRAFFIC'},30,{2},5.0
2e68e7cb,2e68e7cbc,2020-10-30,15,{'JAM'},{'JAM_MODERATE_TRAFFIC'},18,{1},5.0
2e68e7cb,2e68e7cbc,2020-10-30,16,{'JAM'},{'JAM_STAND_STILL_TRAFFIC'},6,{2},6.0
2e68e7cb,2e68e7cbc,2020-10-31,13,{'JAM'},{'JAM_MODERATE_TRAFFIC'},30,{1},5.0
2e68e7cb,2e68e7cbc,2020-11-03,9,{'JAM'},{'JAM_HEAVY_TRAFFIC'},30,{2},5.733333333333333
2e68e7cb,2e68e7cbc,2020-11-17,16,{'JAM'},{'JAM_MODERATE_TRAFFIC'},31,{2},5.0
2e68e7cd,2e68e7cc4,2020-09-01,12,{'JAM'},{'JAM_STAND_STILL_TRAFFIC'},8,{1},5.0
2e68e7cd,2e68e7cc4,2020-10-31,15,{'JAM'},{'JAM_MODERATE_TRAFFIC'},32,{1},5.0
2e68e7cd,2e68e7cdc,2020-10-27,18,{'JAM'},{'JAM_STAND_STILL_TRAFFIC'},33,{1},5.0
2e68e7cd,2e68e7cdc,2020-11-02,12,{'JAM'},{'JAM_STAND_STILL_TRAFFIC'},30,{1},5.0
2e68e7cd,2e68e7cdc,2020-11-02,15,{'JAM'},{'JAM_MODERATE_TRAFFIC'},6,{1},5.0
2e68e7cf,2e68e7ce4,2020-09-01,17,{'JAM'},{'JAM_STAND_STILL_TRAFFIC'},6,{2},5.0
2e68e7cf,2e68e7ce4,2020-09-03,13,{'JAM'},{'JAM_STAND_STILL_TRAFFIC'},28,{7},5.0
2e68e7cf,2e68e7ce4,2020-09-04,13,{'JAM'},{'JAM'},30,{7},5.0
2e68e7cf,2e68e7ce4,2020-09-05,16,{'JAM'},{'JAM_MODERATE_TRAFFIC'},32,{2},5.0
2e68e7cf,2e68e7ce4,2020-09-08,16,{'JAM'},{'JAM_MODERATE_TRAFFIC'},33,{7},5.0
2e68e7cf,2e68e7ce4,2020-09-14,16,{'JAM'},{'JAM_STAND_STILL_TRAFFIC'},15,{7},5.0
2e68e7cf,2e68e7ce4,2020-09-18,16,{'JAM'},{'JAM_STAND_STILL_TRAFFIC'},31,{7},5.0
2e68e7cf,2e68e7ce4,2020-09-27,10,{'JAM'},{'JAM_HEAVY_TRAFFIC'},5,{2},6.0
2e68e7cf,2e68e7ce4,2020-09-27,16,{'JAM'},{'JAM_STAND_STILL_TRAFFIC'},13,{2},5.0
2e68e7cf,2e68e7ce4,2020-10-02,17,{'JAM'},{'JAM_STAND_STILL_TRAFFIC'},30,{2},5.0
2e68e7cf,2e68e7ce4,2020-10-05,16,{'JAM'},{'JAM_MODERATE_TRAFFIC'},31,{1},5.0
2e68e7cf,2e68e7ce4,2020-10-20,11,{'JAM'},{'JAM_STAND_STILL_TRAFFIC'},36,{2},6.444444444444445
2e68e7cf,2e68e7ce4,2020-10-21,17,{'JAM'},{'JAM_HEAVY_TRAFFIC'},14,{7},5.0
2e68e7cf,2e68e7ce4,2020-10-29,19,{'JAM'},{'JAM_STAND_STILL_TRAFFIC'},38,{2},5.5
2e68e7cf,2e68e7ce4,2020-10-30,12,{'JAM'},{'JAM_HEAVY_TRAFFIC'},30,{7},5.266666666666667
2e68e7cf,2e68e7ce4,2020-10-30,15,{'JAM'},"{'JAM_STAND_STILL_TRAFFIC', 'JAM_HEAVY_TRAFFIC'}",72,"{1, 2}",5.222222222222222
2e68e7cf,2e68e7ce4,2020-10-31,21,{'JAM'},{'JAM_HEAVY_TRAFFIC'},30,{2},5.0
2e68e7cf,2e68e7ce4,2020-11-01,12,{'JAM'},{'JAM_HEAVY_TRAFFIC'},35,{7},5.457142857142857
2e68e7cf,2e68e7ce4,2020-11-01,13,"{'JAM', 'WEATHERHAZARD'}","{'WEATHERHAZARD', 'JAM_HEAVY_TRAFFIC'}",80,{1},5.0
2e68e7cf,2e68e7ce4,2020-11-01,16,{'JAM'},{'JAM_HEAVY_TRAFFIC'},14,{7},5.0
2e68e7cf,2e68e7ce4,2020-11-03,9,{'JAM'},{'JAM_MODERATE_TRAFFIC'},5,{2},5.0
2e68e7cf,2e68e7ce4,2020-11-08,10,{'JAM'},{'JAM_STAND_STILL_TRAFFIC'},5,{7},5.0
2e68e7cf,2e68e7ce4,2020-11-10,15,{'JAM'},{'JAM_HEAVY_TRAFFIC'},31,{7},5.0
2e68e7cf,2e68e7ce4,2020-11-14,11,{'JAM'},{'JAM_HEAVY_TRAFFIC'},30,{2},5.0
2e68e7cf,2e68e7ce4,2020-11-19,14,{'JAM'},{'JAM_STAND_STILL_TRAFFIC'},37,{1},5.4324324324324325
2e68e7cf,2e68e7ce4,2020-11-21,11,{'JAM'},{'JAM'},9,{7},5.0
2e68e7cf,2e68e7ce4,2020-11-22,16,{'JAM'},{'JAM_MODERATE_TRAFFIC'},10,{1},5.0
2e68e7cf,2e68e7cec,2020-09-06,18,{'ACCIDENT'},{'ACCIDENT'},122,{2},5.213114754098361
2e68e7cf,2e68e7cec,2020-09-27,16,{'WEATHERHAZARD'},{'HAZARD_ON_SHOULDER_CAR_STOPPED'},36,{2},5.444444444444445
2e68e7cf,2e68e7cec,2020-10-03,20,{'JAM'},{'JAM_HEAVY_TRAFFIC'},31,{2},5.935483870967742
2e68e7cf,2e68e7cec,2020-10-07,16,{'JAM'},{'JAM_STAND_STILL_TRAFFIC'},32,{2},5.0
2e68e7cf,2e68e7cec,2020-10-10,21,{'JAM'},{'JAM'},31,{2},5.0
2e68e7cf,2e68e7cec,2020-10-14,17,{'WEATHERHAZARD'},{'HAZARD_ON_SHOULDER_CAR_STOPPED'},31,{2},6.354838709677419
2e68e7cf,2e68e7cec,2020-10-15,18,{'JAM'},{'JAM_MODERATE_TRAFFIC'},25,{2},5.04
2e68e7cf,2e68e7cec,2020-10-23,21,{'JAM'},{'JAM'},30,{2},5.0
2e68e7cf,2e68e7cec,2020-10-27,13,{'JAM'},{'JAM_STAND_STILL_TRAFFIC'},32,{2},5.0
2e68e7cf,2e68e7cec,2020-10-27,17,{'JAM'},{'JAM_STAND_STILL_TRAFFIC'},44,{2},5.363636363636363
2e68e7cf,2e68e7cec,2020-10-29,15,{'JAM'},{'JAM_HEAVY_TRAFFIC'},55,{2},6.745454545454545
2e68e7cf,2e68e7cec,2020-10-31,14,{'JAM'},{'JAM_STAND_STILL_TRAFFIC'},31,{1},6.612903225806452
2e68e7cf,2e68e7cec,2020-11-15,13,{'JAM'},{'JAM_STAND_STILL_TRAFFIC'},28,{2},5.0
2e68e7cf,2e68e7cec,2020-11-17,13,{'JAM'},{'JAM_HEAVY_TRAFFIC'},31,{2},5.0
2e68e7cf,2e68e7cec,2020-11-17,16,{'JAM'},{'JAM_MODERATE_TRAFFIC'},30,{2},6.0
2e68e7cf,2e68e7cec,2020-11-17,17,{'JAM'},{'JAM_MODERATE_TRAFFIC'},22,{2},5.0
2e68e7cf,2e68e7cec,2020-11-19,13,{'JAM'},{'JAM_STAND_STILL_TRAFFIC'},21,{2},6.0
2e68e7cf,2e68e7cec,2020-11-21,0,{'JAM'},{'JAM_MODERATE_TRAFFIC'},33,{2},5.0
2e68e7cf,2e68e7cf4,2020-09-03,8,{'JAM'},{'JAM'},30,{1},5.0
2e68e7cf,2e68e7cf4,2020-09-03,14,{'JAM'},{'JAM_MODERATE_TRAFFIC'},32,{7},5.0
2e68e7cf,2e68e7cf4,2020-09-04,13,{'JAM'},{'JAM_STAND_STILL_TRAFFIC'},33,{7},5.909090909090909
2e68e7cf,2e68e7cf4,2020-09-04,17,{'JAM'},{'JAM_HEAVY_TRAFFIC'},31,{1},5.580645161290323
2e68e7cf,2e68e7cf4,2020-09-10,15,{'JAM'},{'JAM'},32,{1},5.0
2e68e7cf,2e68e7cf4,2020-09-12,20,{'JAM'},{'JAM_MODERATE_TRAFFIC'},30,{7},5.0
2e68e7cf,2e68e7cf4,2020-09-22,17,{'JAM'},{'JAM_STAND_STILL_TRAFFIC'},63,{7},5.444444444444445
2e68e7cf,2e68e7cf4,2020-09-23,10,{'WEATHERHAZARD'},{'HAZARD_ON_ROAD_CONSTRUCTION'},720,{1},5.0
2e68e7cf,2e68e7cf4,2020-09-24,17,{'JAM'},{'JAM_HEAVY_TRAFFIC'},6,{7},5.0
2e68e7cf,2e68e7cf4,2020-09-25,15,{'JAM'},{'JAM_MODERATE_TRAFFIC'},5,{7},5.0
2e68e7cf,2e68e7cf4,2020-10-03,16,{'JAM'},{'JAM_STAND_STILL_TRAFFIC'},30,{1},5.0
2e68e7cf,2e68e7cf4,2020-10-13,17,{'JAM'},{'JAM_STAND_STILL_TRAFFIC'},32,{7},8.625
2e68e7cf,2e68e7cf4,2020-10-16,18,{'JAM'},{'JAM_STAND_STILL_TRAFFIC'},39,{7},5.461538461538462
2e68e7cf,2e68e7cf4,2020-10-17,13,{'JAM'},{'JAM_STAND_STILL_TRAFFIC'},30,{7},5.766666666666667
2e68e7cf,2e68e7cf4,2020-10-18,11,{'JAM'},{'JAM_HEAVY_TRAFFIC'},22,{7},5.0
2e68e7cf,2e68e7cf4,2020-10-21,15,{'JAM'},{'JAM_STAND_STILL_TRAFFIC'},32,{1},6.0
2e68e7cf,2e68e7cf4,2020-10-21,16,{'JAM'},{'JAM_HEAVY_TRAFFIC'},20,{7},5.0
2e68e7cf,2e68e7cf4,2020-10-23,17,{'JAM'},{'JAM_STAND_STILL_TRAFFIC'},36,{7},5.472222222222222
2e68e7cf,2e68e7cf4,2020-10-25,12,{'JAM'},{'JAM_HEAVY_TRAFFIC'},34,{1},6.0
2e68e7cf,2e68e7cf4,2020-10-26,18,{'JAM'},{'JAM_STAND_STILL_TRAFFIC'},40,{7},5.725
2e68e7cf,2e68e7cf4,2020-10-29,18,{'JAM'},{'JAM_HEAVY_TRAFFIC'},31,{1},5.0
2e68e7cf,2e68e7cf4,2020-10-31,12,{'JAM'},{'JAM_STAND_STILL_TRAFFIC'},55,{1},5.763636363636364
2e68e7cf,2e68e7cf4,2020-11-13,14,{'JAM'},{'JAM_HEAVY_TRAFFIC'},33,{1},5.848484848484849
2e68e7cf,2e68e7cfc,2020-09-01,18,{'JAM'},{'JAM_STAND_STILL_TRAFFIC'},30,{7},5.0
2e68e7cf,2e68e7cfc,2020-10-02,17,{'JAM'},{'JAM_HEAVY_TRAFFIC'},31,{7},5.0
2e68e7cf,2e68e7cfc,2020-10-03,12,{'JAM'},{'JAM_STAND_STILL_TRAFFIC'},31,{7},6.129032258064516
2e68e7cf,2e68e7cfc,2020-10-11,19,{'JAM'},{'JAM_MODERATE_TRAFFIC'},5,{7},5.0
2e68e7cf,2e68e7cfc,2020-10-21,18,{'JAM'},{'JAM_HEAVY_TRAFFIC'},30,{7},5.0
2e68e7cf,2e68e7cfc,2020-10-23,17,{'JAM'},{'JAM_STAND_STILL_TRAFFIC'},38,{7},5.447368421052632
2e68e7cf,2e68e7cfc,2020-10-25,12,{'JAM'},{'JAM_HEAVY_TRAFFIC'},40,{7},7.425
2e68e7cf,2e68e7cfc,2020-10-30,10,{'JAM'},{'JAM_HEAVY_TRAFFIC'},35,{7},6.3428571428571425
2e68e7cf,2e68e7cfc,2020-10-30,15,{'JAM'},{'JAM_HEAVY_TRAFFIC'},31,{7},6.451612903225806
2e68e7cf,2e68e7cfc,2020-11-01,12,{'JAM'},{'JAM_STAND_STILL_TRAFFIC'},33,{7},5.0
2e68e7cf,2e68e7cfc,2020-11-03,17,{'JAM'},{'JAM_HEAVY_TRAFFIC'},35,{7},5.457142857142857
2e68e7cf,2e68e7cfc,2020-11-11,17,{'JAM'},{'JAM_STAND_STILL_TRAFFIC'},7,{1},5.0
2e68e7cf,2e68e7cfc,2020-11-16,17,{'JAM'},{'JAM_STAND_STILL_TRAFFIC'},30,{7},5.5
2e68e7d1,2e68e7d04,2020-09-26,14,{'JAM'},{'JAM'},6,{7},5.0
2e68e7d1,2e68e7d04,2020-09-27,16,{'JAM'},{'JAM_STAND_STILL_TRAFFIC'},36,{7},5.444444444444445
2e68e7d1,2e68e7d04,2020-10-05,17,{'JAM'},{'JAM_STAND_STILL_TRAFFIC'},31,{7},5.0
2e68e7d1,2e68e7d04,2020-10-09,11,{'WEATHERHAZARD'},{'WEATHERHAZARD'},30,{7},5.0
2e68e7d1,2e68e7d04,2020-10-10,17,{'JAM'},{'JAM_STAND_STILL_TRAFFIC'},26,{7},5.0
2e68e7d1,2e68e7d04,2020-10-14,14,{'JAM'},{'JAM_MODERATE_TRAFFIC'},32,{7},5.0
2e68e7d1,2e68e7d04,2020-10-14,17,{'JAM'},{'JAM_STAND_STILL_TRAFFIC'},30,{7},5.0
2e68e7d1,2e68e7d04,2020-10-17,15,{'JAM'},{'JAM_HEAVY_TRAFFIC'},10,{7},5.0
2e68e7d1,2e68e7d04,2020-11-03,9,{'JAM'},{'JAM_MODERATE_TRAFFIC'},5,{7},5.0
2e68e7d1,2e68e7d04,2020-11-03,16,{'JAM'},{'JAM_MODERATE_TRAFFIC'},31,{7},5.0
2e68e7d1,2e68e7d04,2020-11-06,21,{'JAM'},"{'JAM_STAND_STILL_TRAFFIC', 'JAM_HEAVY_TRAFFIC'}",69,{7},5.260869565217392
2e68e7d1,2e68e7d04,2020-11-21,16,{'JAM'},{'JAM_HEAVY_TRAFFIC'},34,{7},6.235294117647059
2e68e7d1,2e68e7d0c,2020-09-04,13,{'JAM'},{'JAM_MODERATE_TRAFFIC'},6,{7},5.0
2e68e7d1,2e68e7d0c,2020-09-19,11,{'JAM'},{'JAM_STAND_STILL_TRAFFIC'},27,{7},5.555555555555555
2e68e7d1,2e68e7d0c,2020-09-24,16,{'JAM'},{'JAM_STAND_STILL_TRAFFIC'},23,{7},5.0
2e68e7d1,2e68e7d0c,2020-09-26,11,{'JAM'},{'JAM_STAND_STILL_TRAFFIC'},61,{7},5.475409836065574
2e68e7d1,2e68e7d0c,2020-09-27,16,{'WEATHERHAZARD'},{'HAZARD_ON_SHOULDER_CAR_STOPPED'},32,{7},5.375
2e68e7d1,2e68e7d0c,2020-09-28,17,{'JAM'},{'JAM_HEAVY_TRAFFIC'},32,{7},5.0
2e68e7d1,2e68e7d0c,2020-10-03,14,{'JAM'},{'JAM_STAND_STILL_TRAFFIC'},53,{7},5.226415094339623
2e68e7d1,2e68e7d0c,2020-10-05,18,{'JAM'},{'JAM_STAND_STILL_TRAFFIC'},9,{7},5.0
2e68e7d1,2e68e7d0c,2020-10-06,21,{'ACCIDENT'},{'ACCIDENT_MINOR'},66,{7},5.0
2e68e7d1,2e68e7d0c,2020-10-07,13,{'ACCIDENT'},{'ACCIDENT_MAJOR'},120,{7},7.175
2e68e7d1,2e68e7d0c,2020-10-09,15,{'JAM'},{'JAM_MODERATE_TRAFFIC'},30,{7},5.533333333333333
2e68e7d1,2e68e7d0c,2020-10-10,17,{'JAM'},{'JAM_STAND_STILL_TRAFFIC'},19,{7},5.0
2e68e7d1,2e68e7d0c,2020-10-14,17,"{'JAM', 'WEATHERHAZARD'}","{'HAZARD_ON_SHOULDER_CAR_STOPPED', 'JAM_STAND_STILL_TRAFFIC'}",125,{7},5.464
2e68e7d1,2e68e7d0c,2020-10-14,19,{'JAM'},{'JAM_STAND_STILL_TRAFFIC'},7,{7},5.0
2e68e7d1,2e68e7d0c,2020-10-16,17,{'JAM'},"{'JAM_STAND_STILL_TRAFFIC', 'JAM_HEAVY_TRAFFIC'}",66,{7},6.484848484848484
2e68e7d1,2e68e7d0c,2020-10-17,11,{'JAM'},{'JAM'},22,{7},5.0
2e68e7d1,2e68e7d0c,2020-10-17,14,{'JAM'},{'JAM_STAND_STILL_TRAFFIC'},5,{7},5.4
2e68e7d1,2e68e7d0c,2020-10-18,14,{'JAM'},{'JAM_HEAVY_TRAFFIC'},31,{22},5.0
2e68e7d1,2e68e7d0c,2020-10-24,14,{'JAM'},{'JAM_STAND_STILL_TRAFFIC'},16,{7},5.0
2e68e7d1,2e68e7d0c,2020-10-24,16,{'JAM'},{'JAM_STAND_STILL_TRAFFIC'},30,{7},6.533333333333333
2e68e7d1,2e68e7d0c,2020-10-26,13,{'JAM'},{'JAM_STAND_STILL_TRAFFIC'},39,{7},5.410256410256411
2e68e7d1,2e68e7d0c,2020-10-27,12,{'JAM'},{'JAM_STAND_STILL_TRAFFIC'},31,{7},5.0
2e68e7d1,2e68e7d0c,2020-10-27,17,{'JAM'},{'JAM_STAND_STILL_TRAFFIC'},33,{7},8.787878787878787
2e68e7d1,2e68e7d0c,2020-10-29,20,{'JAM'},{'JAM_MODERATE_TRAFFIC'},9,{7},5.0
2e68e7d1,2e68e7d0c,2020-10-30,16,{'JAM'},{'JAM_HEAVY_TRAFFIC'},38,{7},5.421052631578948
2e68e7d1,2e68e7d0c,2020-10-31,16,{'JAM'},{'JAM_STAND_STILL_TRAFFIC'},30,{7},5.0
2e68e7d1,2e68e7d0c,2020-11-02,11,{'JAM'},{'JAM_STAND_STILL_TRAFFIC'},32,{7},5.0
2e68e7d1,2e68e7d0c,2020-11-03,14,{'JAM'},{'JAM_STAND_STILL_TRAFFIC'},34,{7},5.9411764705882355
2e68e7d1,2e68e7d0c,2020-11-03,16,{'JAM'},{'JAM_HEAVY_TRAFFIC'},7,{7},5.0
2e68e7d1,2e68e7d0c,2020-11-06,17,{'JAM'},{'JAM_STAND_STILL_TRAFFIC'},13,{7},6.769230769230769
2e68e7d1,2e68e7d0c,2020-11-13,15,{'JAM'},{'JAM_STAND_STILL_TRAFFIC'},40,{7},5.375
2e68e7d1,2e68e7d0c,2020-11-14,14,{'JAM'},{'JAM_HEAVY_TRAFFIC'},38,{7},5.447368421052632
2e68e7d1,2e68e7d0c,2020-11-17,14,{'JAM'},{'JAM_STAND_STILL_TRAFFIC'},24,{7},5.0
2e68e7d1,2e68e7d0c,2020-11-21,12,{'JAM'},{'JAM_STAND_STILL_TRAFFIC'},7,{7},5.0
2e68e7d1,2e68e7d0c,2020-11-21,16,{'JAM'},{'JAM_HEAVY_TRAFFIC'},33,{7},6.393939393939394
2e68e7d1,2e68e7d0c,2020-11-21,17,{'JAM'},{'JAM'},15,{7},6.133333333333334
2e68e7d1,2e68e7d14,2020-09-03,12,{'JAM'},{'JAM_STAND_STILL_TRAFFIC'},15,{7},5.333333333333333
2e68e7d1,2e68e7d14,2020-09-26,16,{'JAM'},{'JAM_STAND_STILL_TRAFFIC'},31,{7},5.0
2e68e7d1,2e68e7d14,2020-10-13,15,{'JAM'},{'JAM_STAND_STILL_TRAFFIC'},33,{7},5.0
2e68e7d1,2e68e7d14,2020-10-19,14,{'JAM'},{'JAM_STAND_STILL_TRAFFIC'},18,{7},5.0
2e68e7d1,2e68e7d14,2020-11-13,16,{'JAM'},{'JAM_STAND_STILL_TRAFFIC'},47,{7},6.808510638297872
2e68e7d3,2e68e7d24,2020-09-04,14,{'JAM'},{'JAM_STAND_STILL_TRAFFIC'},17,{7},5.0
2e68e7d3,2e68e7d24,2020-09-09,12,{'JAM'},{'JAM_HEAVY_TRAFFIC'},31,{7},5.0
2e68e7d3,2e68e7d24,2020-09-14,7,{'JAM'},{'JAM_STAND_STILL_TRAFFIC'},61,{7},5.0
2e68e7d3,2e68e7d24,2020-10-03,10,{'JAM'},{'JAM_HEAVY_TRAFFIC'},41,{7},5.365853658536586
2e68e7d3,2e68e7d24,2020-10-03,16,{'JAM'},{'JAM_STAND_STILL_TRAFFIC'},31,{7},6.0
2e68e7d3,2e68e7d24,2020-10-08,22,{'JAM'},{'JAM_MODERATE_TRAFFIC'},9,{20},5.0
2e68e7d3,2e68e7d24,2020-10-17,16,{'JAM'},{'JAM_HEAVY_TRAFFIC'},38,{7},5.315789473684211
2e68e7d3,2e68e7d24,2020-10-19,14,{'JAM'},{'JAM_STAND_STILL_TRAFFIC'},32,{7},5.0
2e68e7d3,2e68e7d24,2020-10-19,15,{'JAM'},{'JAM_STAND_STILL_TRAFFIC'},7,{7},5.857142857142857
2e68e7d3,2e68e7d24,2020-10-26,14,{'JAM'},{'JAM_STAND_STILL_TRAFFIC'},31,{7},5.903225806451613
2e68e7d3,2e68e7d24,2020-10-27,13,{'JAM'},{'JAM_STAND_STILL_TRAFFIC'},36,{7},5.0
2e68e7d3,2e68e7d24,2020-10-30,15,{'JAM'},{'JAM_MODERATE_TRAFFIC'},30,{7},5.0
2e68e7d3,2e68e7d24,2020-11-01,12,{'JAM'},{'JAM_MODERATE_TRAFFIC'},27,{7},5.0
2e68e7d3,2e68e7d24,2020-11-02,15,{'JAM'},{'JAM_MODERATE_TRAFFIC'},6,"{2, 7}",5.0
2e68e7d3,2e68e7d24,2020-11-18,14,{'JAM'},{'JAM_HEAVY_TRAFFIC'},34,{7},5.0
2e68e7d3,2e68e7d24,2020-11-22,16,{'JAM'},{'JAM_HEAVY_TRAFFIC'},10,{7},5.0
2e68e7d3,2e68e7d2c,2020-09-05,10,{'JAM'},{'JAM_MODERATE_TRAFFIC'},31,{7},5.0
2e68e7d3,2e68e7d2c,2020-09-19,12,{'JAM'},{'JAM_STAND_STILL_TRAFFIC'},8,{2},5.0
2e68e7d3,2e68e7d2c,2020-10-07,16,{'JAM'},{'JAM_HEAVY_TRAFFIC'},31,{7},5.0
2e68e7d3,2e68e7d2c,2020-10-19,14,{'JAM'},{'JAM_STAND_STILL_TRAFFIC'},30,{7},5.0
2e68e7d3,2e68e7d2c,2020-10-19,17,{'JAM'},{'JAM_STAND_STILL_TRAFFIC'},44,{7},5.363636363636363
2e68e7d3,2e68e7d2c,2020-10-24,22,{'ACCIDENT'},{'ACCIDENT_MINOR'},44,{7},5.090909090909091
2e68e7d3,2e68e7d2c,2020-10-27,18,{'JAM'},{'JAM_STAND_STILL_TRAFFIC'},62,{7},5.5
2e68e7d3,2e68e7d2c,2020-10-30,14,{'JAM'},{'JAM_MODERATE_TRAFFIC'},30,{2},5.0
2e68e7d3,2e68e7d2c,2020-11-05,16,{'JAM'},{'JAM_HEAVY_TRAFFIC'},22,{2},5.0
2e68e7d3,2e68e7d2c,2020-11-06,17,{'JAM'},{'JAM_HEAVY_TRAFFIC'},7,{7},5.0
2e68e7d3,2e68e7d2c,2020-11-19,11,{'JAM'},{'JAM_MODERATE_TRAFFIC'},31,{7},5.0
2e68e7d3,2e68e7d34,2020-11-16,17,{'JAM'},{'JAM_HEAVY_TRAFFIC'},25,{7},5.24
2e68e7d3,2e68e7d3c,2020-09-03,14,{'JAM'},{'JAM_STAND_STILL_TRAFFIC'},7,{2},5.0
2e68e7d3,2e68e7d3c,2020-09-05,15,{'JAM'},{'JAM_STAND_STILL_TRAFFIC'},15,{2},5.666666666666667
2e68e7d3,2e68e7d3c,2020-09-18,16,{'JAM'},{'JAM_STAND_STILL_TRAFFIC'},26,{2},5.0
2e68e7d3,2e68e7d3c,2020-09-19,12,{'JAM'},{'JAM_STAND_STILL_TRAFFIC'},30,{2},5.0
2e68e7d3,2e68e7d3c,2020-09-22,14,{'JAM'},{'JAM_STAND_STILL_TRAFFIC'},9,{2},5.0
2e68e7d3,2e68e7d3c,2020-10-02,15,{'JAM'},{'JAM_STAND_STILL_TRAFFIC'},5,{2},5.0
2e68e7d3,2e68e7d3c,2020-10-07,14,{'JAM'},{'JAM_STAND_STILL_TRAFFIC'},5,{2},5.0
2e68e7d3,2e68e7d3c,2020-10-09,15,{'JAM'},{'JAM_STAND_STILL_TRAFFIC'},43,{2},5.837209302325581
2e68e7d3,2e68e7d3c,2020-10-10,15,{'JAM'},{'JAM_HEAVY_TRAFFIC'},34,{2},5.5
2e68e7d3,2e68e7d3c,2020-10-12,15,{'JAM'},{'JAM_HEAVY_TRAFFIC'},24,{2},5.208333333333333
2e68e7d3,2e68e7d3c,2020-10-24,15,{'JAM'},{'JAM_HEAVY_TRAFFIC'},34,{2},5.5
2e68e7d3,2e68e7d3c,2020-10-31,13,{'JAM'},{'JAM_STAND_STILL_TRAFFIC'},27,{2},5.962962962962963
2e68e7d3,2e68e7d3c,2020-11-02,15,{'JAM'},"{'JAM_STAND_STILL_TRAFFIC', 'JAM_MODERATE_TRAFFIC'}",45,{2},5.933333333333334
2e68e7d3,2e68e7d3c,2020-11-04,13,{'JAM'},{'JAM_MODERATE_TRAFFIC'},31,{2},5.0
2e68e7d3,2e68e7d3c,2020-11-05,10,{'JAM'},{'JAM_MODERATE_TRAFFIC'},5,{2},5.0
2e68e7d5,2e68e7d44,2020-09-01,9,{'ROAD_CLOSED'},{'ROAD_CLOSED_EVENT'},539,{2},6.0
2e68e7d5,2e68e7d44,2020-09-01,18,{'JAM'},{'JAM_STAND_STILL_TRAFFIC'},22,{2},5.7272727272727275
2e68e7d5,2e68e7d44,2020-09-02,9,{'ROAD_CLOSED'},{'ROAD_CLOSED_EVENT'},542,{2},6.0
2e68e7d5,2e68e7d44,2020-09-02,14,{'JAM'},{'JAM_HEAVY_TRAFFIC'},34,{2},5.0
2e68e7d5,2e68e7d44,2020-09-03,9,{'ROAD_CLOSED'},{'ROAD_CLOSED_EVENT'},540,{2},6.0
2e68e7d5,2e68e7d44,2020-09-04,9,{'ROAD_CLOSED'},{'ROAD_CLOSED_EVENT'},538,{2},6.0
2e68e7d5,2e68e7d44,2020-09-05,9,{'ROAD_CLOSED'},{'ROAD_CLOSED_EVENT'},540,{2},6.0
2e68e7d5,2e68e7d44,2020-09-06,6,{'ROAD_CLOSED'},{'ROAD_CLOSED_EVENT'},1,{2},6.0
2e68e7d5,2e68e7d44,2020-09-06,9,{'ROAD_CLOSED'},{'ROAD_CLOSED_EVENT'},76,{2},6.0
2e68e7d5,2e68e7d44,2020-09-07,9,{'ROAD_CLOSED'},{'ROAD_CLOSED_EVENT'},539,{2},6.0
2e68e7d5,2e68e7d44,2020-09-08,9,{'ROAD_CLOSED'},{'ROAD_CLOSED_EVENT'},541,{2},6.0
2e68e7d5,2e68e7d44,2020-09-09,9,{'ROAD_CLOSED'},{'ROAD_CLOSED_EVENT'},3,{2},6.0
2e68e7d5,2e68e7d44,2020-09-09,18,{'ROAD_CLOSED'},{'ROAD_CLOSED_EVENT'},27,{2},6.0
2e68e7d5,2e68e7d44,2020-09-09,21,{'ROAD_CLOSED'},{'ROAD_CLOSED_EVENT'},1,{2},6.0
2e68e7d5,2e68e7d44,2020-09-09,22,{'ROAD_CLOSED'},{'ROAD_CLOSED_EVENT'},479,{2},6.0
2e68e7d5,2e68e7d44,2020-09-10,9,{'ROAD_CLOSED'},{'ROAD_CLOSED_EVENT'},33,{2},6.0
2e68e7d5,2e68e7d44,2020-09-10,21,{'ROAD_CLOSED'},{'ROAD_CLOSED_EVENT'},2,{2},6.0
2e68e7d5,2e68e7d44,2020-09-10,22,{'ROAD_CLOSED'},{'ROAD_CLOSED_EVENT'},479,{2},6.0
2e68e7d5,2e68e7d44,2020-09-11,9,{'ROAD_CLOSED'},{'ROAD_CLOSED_EVENT'},32,{2},6.0
2e68e7d5,2e68e7d44,2020-09-11,18,{'JAM'},"{'JAM_STAND_STILL_TRAFFIC', 'JAM_HEAVY_TRAFFIC'}",63,{2},5.0
2e68e7d5,2e68e7d44,2020-09-11,22,{'ROAD_CLOSED'},{'ROAD_CLOSED_EVENT'},480,{2},6.0
2e68e7d5,2e68e7d44,2020-09-12,6,{'ROAD_CLOSED'},{'ROAD_CLOSED_EVENT'},1,{2},6.0
2e68e7d5,2e68e7d44,2020-09-13,0,{'ROAD_CLOSED'},{'ROAD_CLOSED_EVENT'},358,{2},6.0
2e68e7d5,2e68e7d44,2020-09-13,6,{'ROAD_CLOSED'},{'ROAD_CLOSED_EVENT'},2,{2},6.0
2e68e7d5,2e68e7d44,2020-09-13,9,{'ROAD_CLOSED'},{'ROAD_CLOSED_EVENT'},571,{2},6.0
2e68e7d5,2e68e7d44,2020-09-14,9,{'ROAD_CLOSED'},{'ROAD_CLOSED_EVENT'},571,{2},6.0
2e68e7d5,2e68e7d44,2020-09-15,9,{'ROAD_CLOSED'},{'ROAD_CLOSED_EVENT'},571,{2},6.0
2e68e7d5,2e68e7d44,2020-09-16,9,{'ROAD_CLOSED'},{'ROAD_CLOSED_EVENT'},571,{2},6.0
2e68e7d5,2e68e7d44,2020-09-17,9,{'ROAD_CLOSED'},{'ROAD_CLOSED_EVENT'},394,{2},6.0
2e68e7d5,2e68e7d44,2020-09-17,17,{'JAM'},{'JAM_HEAVY_TRAFFIC'},17,{2},5.0
2e68e7d5,2e68e7d44,2020-09-18,9,{'ROAD_CLOSED'},{'ROAD_CLOSED_EVENT'},572,{2},6.0
2e68e7d5,2e68e7d44,2020-09-18,17,{'JAM'},{'JAM_STAND_STILL_TRAFFIC'},43,{2},5.906976744186046
2e68e7d5,2e68e7d44,2020-09-18,21,{'ROAD_CLOSED'},{'ROAD_CLOSED_EVENT'},120,{2},6.0
2e68e7d5,2e68e7d44,2020-09-19,6,{'ROAD_CLOSED'},{'ROAD_CLOSED_EVENT'},1,{2},6.0
2e68e7d5,2e68e7d44,2020-09-19,9,{'ROAD_CLOSED'},{'ROAD_CLOSED_EVENT'},574,{2},6.0
2e68e7d5,2e68e7d44,2020-09-19,11,{'ROAD_CLOSED'},{'ROAD_CLOSED_EVENT'},1,{2},6.0
2e68e7d5,2e68e7d44,2020-09-19,21,{'ROAD_CLOSED'},{'ROAD_CLOSED_EVENT'},124,{2},6.0
2e68e7d5,2e68e7d44,2020-09-20,9,{'ROAD_CLOSED'},{'ROAD_CLOSED_EVENT'},569,{2},6.0
2e68e7d5,2e68e7d44,2020-09-20,21,{'ROAD_CLOSED'},{'ROAD_CLOSED_EVENT'},122,{2},6.0
2e68e7d5,2e68e7d44,2020-09-21,9,{'ROAD_CLOSED'},{'ROAD_CLOSED_EVENT'},569,{2},6.0
2e68e7d5,2e68e7d44,2020-09-21,21,{'ROAD_CLOSED'},{'ROAD_CLOSED_EVENT'},123,{2},6.0
2e68e7d5,2e68e7d44,2020-09-22,9,{'ROAD_CLOSED'},{'ROAD_CLOSED_EVENT'},573,{2},6.0
2e68e7d5,2e68e7d44,2020-09-22,18,{'JAM'},{'JAM_HEAVY_TRAFFIC'},25,{2},5.28
2e68e7d5,2e68e7d44,2020-09-22,21,{'ROAD_CLOSED'},{'ROAD_CLOSED_EVENT'},124,{2},6.0
2e68e7d5,2e68e7d44,2020-09-23,9,{'ROAD_CLOSED'},{'ROAD_CLOSED_EVENT'},570,{2},6.0
2e68e7d5,2e68e7d44,2020-09-23,21,{'ROAD_CLOSED'},{'ROAD_CLOSED_EVENT'},123,{2},6.0
2e68e7d5,2e68e7d44,2020-09-24,9,{'ROAD_CLOSED'},{'ROAD_CLOSED_EVENT'},574,{2},6.0
2e68e7d5,2e68e7d44,2020-09-24,21,{'ROAD_CLOSED'},{'ROAD_CLOSED_EVENT'},121,{2},6.0
2e68e7d5,2e68e7d44,2020-09-25,9,{'ROAD_CLOSED'},{'ROAD_CLOSED_EVENT'},572,{2},6.0
2e68e7d5,2e68e7d44,2020-09-25,11,{'ROAD_CLOSED'},{'ROAD_CLOSED_EVENT'},2,{2},6.0
2e68e7d5,2e68e7d44,2020-09-25,21,{'ROAD_CLOSED'},{'ROAD_CLOSED_EVENT'},122,{2},6.0
2e68e7d5,2e68e7d44,2020-09-26,11,{'ROAD_CLOSED'},{'ROAD_CLOSED_EVENT'},2,{2},6.0
2e68e7d5,2e68e7d44,2020-09-26,21,{'ROAD_CLOSED'},{'ROAD_CLOSED_EVENT'},108,{2},6.0
2e68e7d5,2e68e7d44,2020-09-27,21,{'ROAD_CLOSED'},{'ROAD_CLOSED_EVENT'},121,{2},6.0
2e68e7d5,2e68e7d44,2020-09-28,9,{'ROAD_CLOSED'},{'ROAD_CLOSED_EVENT'},542,{2},6.0
2e68e7d5,2e68e7d44,2020-09-28,21,{'ROAD_CLOSED'},{'ROAD_CLOSED_EVENT'},123,{2},6.0
2e68e7d5,2e68e7d44,2020-09-29,7,{'JAM'},{'JAM_STAND_STILL_TRAFFIC'},33,{2},6.0
2e68e7d5,2e68e7d44,2020-09-29,9,{'ROAD_CLOSED'},{'ROAD_CLOSED_EVENT'},541,{2},6.0
2e68e7d5,2e68e7d44,2020-09-29,11,{'ROAD_CLOSED'},{'ROAD_CLOSED_EVENT'},1,{2},6.0
2e68e7d5,2e68e7d44,2020-09-29,21,{'ROAD_CLOSED'},{'ROAD_CLOSED_EVENT'},123,{2},6.0
2e68e7d5,2e68e7d44,2020-09-30,9,{'ROAD_CLOSED'},{'ROAD_CLOSED_EVENT'},539,{2},6.0
2e68e7d5,2e68e7d44,2020-09-30,21,{'ROAD_CLOSED'},{'ROAD_CLOSED_EVENT'},120,{2},6.0
2e68e7d5,2e68e7d44,2020-10-01,9,{'ROAD_CLOSED'},{'ROAD_CLOSED_EVENT'},540,{2},6.0
2e68e7d5,2e68e7d44,2020-10-02,9,{'ROAD_CLOSED'},{'ROAD_CLOSED_EVENT'},541,{2},6.0
2e68e7d5,2e68e7d44,2020-10-03,9,{'ROAD_CLOSED'},{'ROAD_CLOSED_EVENT'},542,{2},6.0
2e68e7d5,2e68e7d44,2020-10-04,9,{'ROAD_CLOSED'},{'ROAD_CLOSED_EVENT'},538,{2},6.0
2e68e7d5,2e68e7d44,2020-10-05,9,{'ROAD_CLOSED'},{'ROAD_CLOSED_EVENT'},539,{2},6.0
2e68e7d5,2e68e7d44,2020-10-05,16,{'JAM'},{'JAM_HEAVY_TRAFFIC'},60,{2},5.0
2e68e7d5,2e68e7d44,2020-10-06,9,{'ROAD_CLOSED'},{'ROAD_CLOSED_EVENT'},538,{2},6.0
2e68e7d5,2e68e7d44,2020-10-06,16,{'JAM'},{'JAM_MODERATE_TRAFFIC'},9,{2},5.0
2e68e7d5,2e68e7d44,2020-10-07,6,{'ROAD_CLOSED'},{'ROAD_CLOSED_EVENT'},1,{2},6.0
2e68e7d5,2e68e7d44,2020-10-07,9,{'ROAD_CLOSED'},{'ROAD_CLOSED_EVENT'},537,{2},6.0
2e68e7d5,2e68e7d44,2020-10-08,9,{'ROAD_CLOSED'},{'ROAD_CLOSED_EVENT'},543,{2},6.0
2e68e7d5,2e68e7d44,2020-10-09,9,{'ROAD_CLOSED'},{'ROAD_CLOSED_EVENT'},540,{2},6.0
2e68e7d5,2e68e7d44,2020-10-10,9,{'ROAD_CLOSED'},{'ROAD_CLOSED_EVENT'},540,{2},6.0
2e68e7d5,2e68e7d44,2020-10-12,17,{'JAM'},{'JAM_STAND_STILL_TRAFFIC'},31,{2},5.0
2e68e7d5,2e68e7d44,2020-10-13,15,{'JAM'},{'JAM'},7,{2},5.0
2e68e7d5,2e68e7d44,2020-10-19,10,{'ROAD_CLOSED'},{'ROAD_CLOSED_EVENT'},481,{2},6.0
2e68e7d5,2e68e7d44,2020-10-19,11,{'JAM'},{'JAM_STAND_STILL_TRAFFIC'},6,{2},5.0
2e68e7d5,2e68e7d44,2020-10-20,10,{'ROAD_CLOSED'},{'ROAD_CLOSED_EVENT'},482,{2},6.0
2e68e7d5,2e68e7d44,2020-10-21,8,{'JAM'},{'JAM_HEAVY_TRAFFIC'},32,{2},6.40625
2e68e7d5,2e68e7d44,2020-10-21,10,{'ROAD_CLOSED'},{'ROAD_CLOSED_EVENT'},476,{2},6.0
2e68e7d5,2e68e7d44,2020-10-22,10,{'ROAD_CLOSED'},{'ROAD_CLOSED_EVENT'},483,{2},6.0
2e68e7d5,2e68e7d44,2020-10-23,10,{'ROAD_CLOSED'},{'ROAD_CLOSED_EVENT'},482,{2},6.0
2e68e7d5,2e68e7d44,2020-10-23,15,{'JAM'},{'JAM_STAND_STILL_TRAFFIC'},32,{2},5.0
2e68e7d5,2e68e7d44,2020-10-23,16,{'JAM'},{'JAM_STAND_STILL_TRAFFIC'},33,{2},6.9393939393939394
2e68e7d5,2e68e7d44,2020-10-23,17,{'JAM'},{'JAM_STAND_STILL_TRAFFIC'},39,"{1, 2}",5.666666666666667
2e68e7d5,2e68e7d44,2020-10-23,18,{'JAM'},{'JAM_STAND_STILL_TRAFFIC'},29,{2},5.0
2e68e7d5,2e68e7d44,2020-10-24,10,{'ROAD_CLOSED'},{'ROAD_CLOSED_EVENT'},480,{2},6.0
2e68e7d5,2e68e7d44,2020-10-25,10,{'ROAD_CLOSED'},{'ROAD_CLOSED_EVENT'},482,{2},6.0
2e68e7d5,2e68e7d44,2020-10-26,10,{'ROAD_CLOSED'},{'ROAD_CLOSED_EVENT'},484,{2},6.0
2e68e7d5,2e68e7d44,2020-10-27,10,{'ROAD_CLOSED'},{'ROAD_CLOSED_EVENT'},484,{2},6.0
2e68e7d5,2e68e7d44,2020-10-28,10,{'ROAD_CLOSED'},{'ROAD_CLOSED_EVENT'},482,{2},6.0
2e68e7d5,2e68e7d44,2020-10-29,10,{'ROAD_CLOSED'},{'ROAD_CLOSED_EVENT'},483,{2},6.0
2e68e7d5,2e68e7d44,2020-10-30,10,{'ROAD_CLOSED'},{'ROAD_CLOSED_EVENT'},481,{2},6.0
2e68e7d5,2e68e7d44,2020-10-30,13,{'JAM'},{'JAM_STAND_STILL_TRAFFIC'},45,{2},6.066666666666666
2e68e7d5,2e68e7d44,2020-10-31,10,{'ROAD_CLOSED'},{'ROAD_CLOSED_EVENT'},482,{2},6.0
2e68e7d5,2e68e7d44,2020-11-02,18,{'JAM'},{'JAM_STAND_STILL_TRAFFIC'},22,{2},5.909090909090909
2e68e7d5,2e68e7d44,2020-11-04,7,{'JAM'},{'JAM_HEAVY_TRAFFIC'},31,{2},5.580645161290323
2e68e7d5,2e68e7d44,2020-11-04,11,{'JAM'},{'JAM_MODERATE_TRAFFIC'},5,{2},5.0
2e68e7d5,2e68e7d44,2020-11-06,18,{'JAM'},{'JAM'},6,{2},5.0
2e68e7d5,2e68e7d44,2020-11-10,19,"{'JAM', 'WEATHERHAZARD'}","{'JAM_STAND_STILL_TRAFFIC', 'HAZARD_ON_ROAD_POT_HOLE'}",303,{2},6.762376237623762
2e68e7d5,2e68e7d44,2020-11-14,11,{'JAM'},{'JAM_MODERATE_TRAFFIC'},30,{2},5.0
2e68e7d5,2e68e7d44,2020-11-20,14,{'JAM'},{'JAM_HEAVY_TRAFFIC'},7,{2},5.0
2e68e7d5,2e68e7d44,2020-11-21,18,{'JAM'},{'JAM'},18,{2},5.277777777777778
2e68e7d5,2e68e7d4c,2020-09-02,12,{'JAM'},{'JAM_MODERATE_TRAFFIC'},6,{2},5.5
2e68e7d5,2e68e7d4c,2020-09-10,9,{'WEATHERHAZARD'},{'HAZARD_ON_ROAD_POT_HOLE'},353,{1},6.124645892351275
2e68e7d5,2e68e7d4c,2020-09-16,9,{'WEATHERHAZARD'},{'HAZARD_ON_ROAD_POT_HOLE'},1492,{1},5.833109919571045
2e68e7d5,2e68e7d4c,2020-09-17,13,{'JAM'},{'JAM_STAND_STILL_TRAFFIC'},7,{2},5.0
2e68e7d5,2e68e7d4c,2020-09-18,18,{'JAM'},{'JAM_STAND_STILL_TRAFFIC'},31,{2},5.0
2e68e7d5,2e68e7d4c,2020-09-19,12,{'JAM'},{'JAM_STAND_STILL_TRAFFIC'},6,{1},5.0
2e68e7d5,2e68e7d4c,2020-10-19,11,{'JAM'},{'JAM_STAND_STILL_TRAFFIC'},6,{2},5.0
2e68e7d5,2e68e7d4c,2020-10-20,17,{'JAM'},{'JAM_HEAVY_TRAFFIC'},30,{2},5.0
2e68e7d5,2e68e7d4c,2020-10-27,13,{'JAM'},{'JAM_STAND_STILL_TRAFFIC'},9,{2},5.0
2e68e7d5,2e68e7d4c,2020-10-29,15,{'JAM'},{'JAM_STAND_STILL_TRAFFIC'},8,{2},5.0
2e68e7d5,2e68e7d4c,2020-10-31,11,{'JAM'},{'JAM_STAND_STILL_TRAFFIC'},22,{2},5.818181818181818
2e68e7d5,2e68e7d4c,2020-10-31,14,{'JAM'},{'JAM_STAND_STILL_TRAFFIC'},30,{1},5.666666666666667
2e68e7d5,2e68e7d4c,2020-11-10,17,{'JAM'},{'JAM_MODERATE_TRAFFIC'},30,{2},5.0
2e68e7d5,2e68e7d4c,2020-11-11,10,{'WEATHERHAZARD'},{'HAZARD_ON_ROAD_POT_HOLE'},1768,{1},7.257918552036199
2e68e7d5,2e68e7d4c,2020-11-11,11,{'WEATHERHAZARD'},{'HAZARD_ON_ROAD_POT_HOLE'},1470,{1},7.875510204081633
2e68e7d5,2e68e7d5c,2020-09-02,12,"{'JAM', 'WEATHERHAZARD'}","{'JAM_STAND_STILL_TRAFFIC', 'HAZARD_ON_ROAD_CONSTRUCTION'}",173,{7},8.566473988439306
2e68e7d5,2e68e7d5c,2020-09-03,13,{'JAM'},{'JAM_STAND_STILL_TRAFFIC'},17,{7},5.0
2e68e7d5,2e68e7d5c,2020-09-07,14,{'JAM'},{'JAM_HEAVY_TRAFFIC'},5,{7},6.4
2e68e7d5,2e68e7d5c,2020-09-11,14,{'JAM'},{'JAM_HEAVY_TRAFFIC'},32,{7},5.0
2e68e7d5,2e68e7d5c,2020-09-12,15,{'JAM'},{'JAM_HEAVY_TRAFFIC'},20,{7},5.0
2e68e7d5,2e68e7d5c,2020-09-22,17,{'JAM'},{'JAM_STAND_STILL_TRAFFIC'},32,{7},5.0
2e68e7d5,2e68e7d5c,2020-09-25,15,{'JAM'},{'JAM_STAND_STILL_TRAFFIC'},31,{7},5.483870967741935
2e68e7d5,2e68e7d5c,2020-09-25,17,{'JAM'},{'JAM_STAND_STILL_TRAFFIC'},31,{7},5.870967741935484
2e68e7d5,2e68e7d5c,2020-09-26,20,{'JAM'},{'JAM'},31,{1},5.0
2e68e7d5,2e68e7d5c,2020-09-27,13,{'JAM'},{'JAM_HEAVY_TRAFFIC'},30,{7},5.0
2e68e7d5,2e68e7d5c,2020-10-03,19,{'JAM'},{'JAM_STAND_STILL_TRAFFIC'},2,{7},6.0
2e68e7d5,2e68e7d5c,2020-10-03,20,{'JAM'},{'JAM_HEAVY_TRAFFIC'},31,{7},5.0
2e68e7d5,2e68e7d5c,2020-10-05,18,{'JAM'},{'JAM'},31,{7},5.0
2e68e7d5,2e68e7d5c,2020-10-09,14,{'JAM'},{'JAM_STAND_STILL_TRAFFIC'},31,{7},6.612903225806452
2e68e7d5,2e68e7d5c,2020-10-09,16,{'JAM'},{'JAM_STAND_STILL_TRAFFIC'},47,{7},5.74468085106383
2e68e7d5,2e68e7d5c,2020-10-09,18,{'JAM'},{'JAM_HEAVY_TRAFFIC'},31,{7},5.0
2e68e7d5,2e68e7d5c,2020-10-11,17,{'WEATHERHAZARD'},{'HAZARD_ON_ROAD_CONSTRUCTION'},215,{7},8.748837209302325
2e68e7d5,2e68e7d5c,2020-10-14,14,{'JAM'},{'JAM_STAND_STILL_TRAFFIC'},34,{7},5.0
2e68e7d5,2e68e7d5c,2020-10-14,16,{'JAM'},{'JAM_STAND_STILL_TRAFFIC'},14,{7},5.0
2e68e7d5,2e68e7d5c,2020-10-17,13,{'JAM'},{'JAM_STAND_STILL_TRAFFIC'},31,{7},5.0
2e68e7d5,2e68e7d5c,2020-10-17,14,{'JAM'},{'JAM_STAND_STILL_TRAFFIC'},34,{7},5.9411764705882355
2e68e7d5,2e68e7d5c,2020-10-17,16,{'JAM'},{'JAM'},6,{7},5.333333333333333
2e68e7d5,2e68e7d5c,2020-10-17,18,{'JAM'},{'JAM_STAND_STILL_TRAFFIC'},31,{7},5.0
2e68e7d5,2e68e7d5c,2020-10-21,15,{'JAM'},{'JAM_STAND_STILL_TRAFFIC'},39,{7},6.897435897435898
2e68e7d5,2e68e7d5c,2020-10-21,17,{'JAM'},{'JAM_STAND_STILL_TRAFFIC'},61,{7},5.459016393442623
2e68e7d5,2e68e7d5c,2020-10-23,11,{'JAM'},{'JAM_STAND_STILL_TRAFFIC'},31,{7},5.0
2e68e7d5,2e68e7d5c,2020-10-23,16,"{'JAM', 'WEATHERHAZARD'}","{'JAM_STAND_STILL_TRAFFIC', 'HAZARD_ON_ROAD_CONSTRUCTION'}",494,{7},9.536437246963562
2e68e7d5,2e68e7d5c,2020-10-24,15,{'JAM'},{'JAM_HEAVY_TRAFFIC'},31,{7},5.612903225806452
2e68e7d5,2e68e7d5c,2020-10-24,20,{'JAM'},{'JAM_MODERATE_TRAFFIC'},33,{7},5.0
2e68e7d5,2e68e7d5c,2020-10-27,8,{'JAM'},{'JAM_MODERATE_TRAFFIC'},31,{7},5.0
2e68e7d5,2e68e7d5c,2020-10-27,17,{'JAM'},{'JAM_STAND_STILL_TRAFFIC'},31,{7},5.0
2e68e7d5,2e68e7d5c,2020-10-28,13,{'JAM'},{'JAM_STAND_STILL_TRAFFIC'},34,{7},6.264705882352941
2e68e7d5,2e68e7d5c,2020-10-29,11,{'JAM'},{'JAM_HEAVY_TRAFFIC'},70,{7},5.614285714285714
2e68e7d5,2e68e7d5c,2020-10-29,15,{'JAM'},{'JAM_STAND_STILL_TRAFFIC'},31,{7},5.741935483870968
2e68e7d5,2e68e7d5c,2020-10-31,15,{'JAM'},{'JAM_STAND_STILL_TRAFFIC'},31,{1},7.0
2e68e7d5,2e68e7d5c,2020-10-31,16,"{'JAM', 'WEATHERHAZARD'}","{'HAZARD_WEATHER', 'JAM_STAND_STILL_TRAFFIC', 'JAM_HEAVY_TRAFFIC'}",86,{7},5.651162790697675
2e68e7d5,2e68e7d5c,2020-11-01,13,{'JAM'},{'JAM_MODERATE_TRAFFIC'},44,{7},5.363636363636363
2e68e7d5,2e68e7d5c,2020-11-02,13,{'JAM'},{'JAM_STAND_STILL_TRAFFIC'},26,{7},5.0
2e68e7d5,2e68e7d5c,2020-11-06,10,{'JAM'},{'JAM_MODERATE_TRAFFIC'},32,{7},5.0
2e68e7d5,2e68e7d5c,2020-11-06,11,{'JAM'},{'JAM_STAND_STILL_TRAFFIC'},34,{7},5.0
2e68e7d5,2e68e7d5c,2020-11-06,17,{'JAM'},{'JAM_STAND_STILL_TRAFFIC'},16,{7},6.0
2e68e7d5,2e68e7d5c,2020-11-07,12,"{'JAM', 'WEATHERHAZARD'}","{'JAM_STAND_STILL_TRAFFIC', 'HAZARD_ON_ROAD_CONSTRUCTION'}",205,{7},8.463414634146341
2e68e7d5,2e68e7d5c,2020-11-07,15,{'JAM'},"{'JAM', 'JAM_STAND_STILL_TRAFFIC'}",61,{7},5.262295081967213
2e68e7d5,2e68e7d5c,2020-11-08,13,{'JAM'},{'JAM_HEAVY_TRAFFIC'},36,{7},5.833333333333333
2e68e7d5,2e68e7d5c,2020-11-08,15,{'JAM'},{'JAM_HEAVY_TRAFFIC'},32,{7},5.0
2e68e7d5,2e68e7d5c,2020-11-09,10,{'JAM'},{'JAM_STAND_STILL_TRAFFIC'},34,{7},5.764705882352941
2e68e7d5,2e68e7d5c,2020-11-13,16,{'JAM'},{'JAM_HEAVY_TRAFFIC'},41,{7},5.390243902439025
2e68e7d5,2e68e7d5c,2020-11-14,13,{'JAM'},{'JAM_STAND_STILL_TRAFFIC'},23,{7},7.739130434782608
2e68e7d5,2e68e7d5c,2020-11-15,12,{'JAM'},{'JAM_STAND_STILL_TRAFFIC'},31,{7},6.0
2e68e7d5,2e68e7d5c,2020-11-18,13,{'JAM'},{'JAM_STAND_STILL_TRAFFIC'},30,{7},5.0
2e68e7d5,2e68e7d5c,2020-11-20,13,{'JAM'},{'JAM_HEAVY_TRAFFIC'},41,{7},8.21951219512195
2e68e7d5,2e68e7d5c,2020-11-21,15,{'JAM'},{'JAM_STAND_STILL_TRAFFIC'},38,{7},5.473684210526316
2e68e7d7,2e68e7d64,2020-09-02,12,{'WEATHERHAZARD'},{'HAZARD_ON_ROAD_CONSTRUCTION'},341,{7},8.862170087976539
2e68e7d7,2e68e7d64,2020-09-22,11,{'JAM'},{'JAM_HEAVY_TRAFFIC'},32,{7},5.0
2e68e7d7,2e68e7d64,2020-09-22,17,{'JAM'},{'JAM_STAND_STILL_TRAFFIC'},31,{7},5.0
2e68e7d7,2e68e7d64,2020-09-25,17,{'JAM'},{'JAM_STAND_STILL_TRAFFIC'},31,{7},5.0
2e68e7d7,2e68e7d64,2020-09-26,17,{'JAM'},{'JAM_STAND_STILL_TRAFFIC'},31,{7},5.967741935483871
2e68e7d7,2e68e7d64,2020-09-26,19,{'JAM'},{'JAM_STAND_STILL_TRAFFIC'},44,{7},5.340909090909091
2e68e7d7,2e68e7d64,2020-10-03,19,{'JAM'},{'JAM_STAND_STILL_TRAFFIC'},29,{7},8.0
2e68e7d7,2e68e7d64,2020-10-10,20,{'JAM'},{'JAM_HEAVY_TRAFFIC'},7,{7},5.0
2e68e7d7,2e68e7d64,2020-10-16,7,{'JAM'},{'JAM_HEAVY_TRAFFIC'},30,{2},5.0
2e68e7d7,2e68e7d64,2020-10-16,13,{'JAM'},{'JAM_HEAVY_TRAFFIC'},30,{2},5.0
2e68e7d7,2e68e7d64,2020-10-17,11,{'WEATHERHAZARD'},{'WEATHERHAZARD'},45,{17},5.866666666666666
2e68e7d7,2e68e7d64,2020-10-17,13,{'JAM'},{'JAM_STAND_STILL_TRAFFIC'},35,{7},5.0
2e68e7d7,2e68e7d64,2020-10-19,17,{'JAM'},{'JAM_STAND_STILL_TRAFFIC'},7,{2},5.714285714285714
2e68e7d7,2e68e7d64,2020-10-27,15,{'WEATHERHAZARD'},{'HAZARD_ON_ROAD_CONSTRUCTION'},341,{7},9.888563049853373
2e68e7d7,2e68e7d64,2020-10-30,11,{'JAM'},{'JAM_HEAVY_TRAFFIC'},34,{7},6.4411764705882355
2e68e7d7,2e68e7d64,2020-10-30,12,{'JAM'},"{'JAM_STAND_STILL_TRAFFIC', 'JAM_HEAVY_TRAFFIC'}",38,{2},5.5
2e68e7d7,2e68e7d64,2020-11-06,17,{'JAM'},{'JAM_STAND_STILL_TRAFFIC'},6,{7},5.0
2e68e7d7,2e68e7d64,2020-11-06,19,{'JAM'},{'JAM_STAND_STILL_TRAFFIC'},28,{7},5.571428571428571
2e68e7d7,2e68e7d64,2020-11-07,12,{'JAM'},{'JAM_STAND_STILL_TRAFFIC'},43,{7},5.744186046511628
2e68e7d7,2e68e7d64,2020-11-10,19,{'JAM'},{'JAM_STAND_STILL_TRAFFIC'},31,{2},5.0
2e68e7d7,2e68e7d64,2020-11-13,15,{'JAM'},{'JAM_HEAVY_TRAFFIC'},32,{1},5.78125
2e68e7d7,2e68e7d64,2020-11-14,17,{'JAM'},{'JAM_HEAVY_TRAFFIC'},20,{7},5.0
2e68e7d7,2e68e7d6c,2020-09-01,9,{'ROAD_CLOSED'},{'ROAD_CLOSED_EVENT'},3234,{2},6.0
2e68e7d7,2e68e7d6c,2020-09-01,17,"{'JAM', 'WEATHERHAZARD'}","{'HAZARD_ON_SHOULDER_CAR_STOPPED', 'JAM_STAND_STILL_TRAFFIC'}",141,{7},6.212765957446808
2e68e7d7,2e68e7d6c,2020-09-01,18,{'JAM'},{'JAM_HEAVY_TRAFFIC'},37,{7},5.4324324324324325
2e68e7d7,2e68e7d6c,2020-09-02,8,{'JAM'},{'JAM_MODERATE_TRAFFIC'},31,{7},5.0
2e68e7d7,2e68e7d6c,2020-09-02,9,{'ROAD_CLOSED'},{'ROAD_CLOSED_EVENT'},3246,{2},6.0
2e68e7d7,2e68e7d6c,2020-09-02,10,{'JAM'},{'JAM_HEAVY_TRAFFIC'},29,{7},6.0
2e68e7d7,2e68e7d6c,2020-09-02,12,{'WEATHERHAZARD'},{'HAZARD_ON_ROAD_CONSTRUCTION'},700,{2},6.9871428571428575
2e68e7d7,2e68e7d6c,2020-09-02,15,{'JAM'},{'JAM_MODERATE_TRAFFIC'},40,{7},5.4
2e68e7d7,2e68e7d6c,2020-09-02,17,{'JAM'},{'JAM_HEAVY_TRAFFIC'},30,{7},5.933333333333334
2e68e7d7,2e68e7d6c,2020-09-03,9,{'ROAD_CLOSED'},{'ROAD_CLOSED_EVENT'},3240,{2},6.0
2e68e7d7,2e68e7d6c,2020-09-03,10,{'JAM'},{'JAM_HEAVY_TRAFFIC'},33,{7},5.787878787878788
2e68e7d7,2e68e7d6c,2020-09-03,12,{'JAM'},{'JAM_STAND_STILL_TRAFFIC'},48,{7},6.145833333333333
2e68e7d7,2e68e7d6c,2020-09-03,17,{'JAM'},{'JAM_STAND_STILL_TRAFFIC'},15,{7},5.0
2e68e7d7,2e68e7d6c,2020-09-03,22,{'JAM'},{'JAM_STAND_STILL_TRAFFIC'},4,{7},5.0
2e68e7d7,2e68e7d6c,2020-09-04,9,{'ROAD_CLOSED'},{'ROAD_CLOSED_EVENT'},3228,{2},6.0
2e68e7d7,2e68e7d6c,2020-09-04,10,{'JAM'},{'JAM_MODERATE_TRAFFIC'},29,{7},5.689655172413793
2e68e7d7,2e68e7d6c,2020-09-04,13,{'JAM'},{'JAM_STAND_STILL_TRAFFIC'},61,{7},5.0
2e68e7d7,2e68e7d6c,2020-09-04,14,{'JAM'},{'JAM_HEAVY_TRAFFIC'},22,{2},5.0
2e68e7d7,2e68e7d6c,2020-09-04,15,{'JAM'},{'JAM_MODERATE_TRAFFIC'},31,{7},5.0
2e68e7d7,2e68e7d6c,2020-09-04,16,{'JAM'},{'JAM_HEAVY_TRAFFIC'},32,{7},5.0
2e68e7d7,2e68e7d6c,2020-09-05,7,{'JAM'},{'JAM_MODERATE_TRAFFIC'},31,{7},5.0
2e68e7d7,2e68e7d6c,2020-09-05,9,{'ROAD_CLOSED'},{'ROAD_CLOSED_EVENT'},3245,{2},6.0
2e68e7d7,2e68e7d6c,2020-09-05,14,{'JAM'},{'JAM_STAND_STILL_TRAFFIC'},63,{7},5.841269841269841
2e68e7d7,2e68e7d6c,2020-09-05,15,{'JAM'},{'JAM_HEAVY_TRAFFIC'},24,{7},5.0
2e68e7d7,2e68e7d6c,2020-09-05,18,{'JAM'},{'JAM_HEAVY_TRAFFIC'},33,{7},5.0
2e68e7d7,2e68e7d6c,2020-09-06,6,{'ROAD_CLOSED'},{'ROAD_CLOSED_EVENT'},4,{2},6.0
2e68e7d7,2e68e7d6c,2020-09-06,9,{'ROAD_CLOSED'},{'ROAD_CLOSED_EVENT'},456,{2},6.0
2e68e7d7,2e68e7d6c,2020-09-06,13,{'JAM'},{'JAM'},32,{7},5.0
2e68e7d7,2e68e7d6c,2020-09-07,9,{'ROAD_CLOSED'},{'ROAD_CLOSED_EVENT'},3234,{2},6.0
2e68e7d7,2e68e7d6c,2020-09-07,17,{'JAM'},{'JAM_STAND_STILL_TRAFFIC'},51,{7},6.117647058823529
2e68e7d7,2e68e7d6c,2020-09-08,9,{'ROAD_CLOSED'},{'ROAD_CLOSED_EVENT'},3246,{2},6.0
2e68e7d7,2e68e7d6c,2020-09-08,12,{'JAM'},{'JAM_MODERATE_TRAFFIC'},33,{7},5.0
2e68e7d7,2e68e7d6c,2020-09-08,15,{'JAM'},{'JAM_STAND_STILL_TRAFFIC'},30,{7},5.766666666666667
2e68e7d7,2e68e7d6c,2020-09-09,6,{'ROAD_CLOSED'},{'ROAD_CLOSED_EVENT'},3,{2},6.0
2e68e7d7,2e68e7d6c,2020-09-09,9,{'ROAD_CLOSED'},{'ROAD_CLOSED_EVENT'},18,{2},6.0
2e68e7d7,2e68e7d6c,2020-09-09,12,{'JAM'},{'JAM_HEAVY_TRAFFIC'},30,{7},5.0
2e68e7d7,2e68e7d6c,2020-09-09,15,{'JAM'},{'JAM_STAND_STILL_TRAFFIC'},31,{7},5.0
2e68e7d7,2e68e7d6c,2020-09-09,18,{'ROAD_CLOSED'},{'ROAD_CLOSED_EVENT'},169,{2},6.0
2e68e7d7,2e68e7d6c,2020-09-09,21,{'ROAD_CLOSED'},{'ROAD_CLOSED_EVENT'},2160,{2},6.0
2e68e7d7,2e68e7d6c,2020-09-09,22,{'ROAD_CLOSED'},{'ROAD_CLOSED_EVENT'},956,{2},6.0
2e68e7d7,2e68e7d6c,2020-09-10,9,{'ROAD_CLOSED'},{'ROAD_CLOSED_EVENT'},202,{2},6.0
2e68e7d7,2e68e7d6c,2020-09-10,16,{'JAM'},{'JAM_STAND_STILL_TRAFFIC'},29,{7},5.0
2e68e7d7,2e68e7d6c,2020-09-10,21,{'ROAD_CLOSED'},{'ROAD_CLOSED_EVENT'},546,{2},6.0
2e68e7d7,2e68e7d6c,2020-09-10,22,{'ROAD_CLOSED'},{'ROAD_CLOSED_EVENT'},2393,{2},6.0
2e68e7d7,2e68e7d6c,2020-09-11,9,{'ROAD_CLOSED'},{'ROAD_CLOSED_EVENT'},189,{2},6.0
2e68e7d7,2e68e7d6c,2020-09-11,13,{'JAM'},{'JAM_STAND_STILL_TRAFFIC'},63,{7},6.4603174603174605
2e68e7d7,2e68e7d6c,2020-09-11,17,{'JAM'},"{'JAM_STAND_STILL_TRAFFIC', 'JAM_HEAVY_TRAFFIC'}",36,"{2, 7}",5.472222222222222
2e68e7d7,2e68e7d6c,2020-09-11,21,{'ROAD_CLOSED'},{'ROAD_CLOSED_EVENT'},1080,{2},6.0
2e68e7d7,2e68e7d6c,2020-09-11,22,{'ROAD_CLOSED'},{'ROAD_CLOSED_EVENT'},1919,{2},6.0
2e68e7d7,2e68e7d6c,2020-09-12,6,{'ROAD_CLOSED'},{'ROAD_CLOSED_EVENT'},7,{2},6.0
2e68e7d7,2e68e7d6c,2020-09-12,13,{'JAM'},{'JAM_STAND_STILL_TRAFFIC'},31,{7},5.0
2e68e7d7,2e68e7d6c,2020-09-12,14,{'JAM'},{'JAM_STAND_STILL_TRAFFIC'},31,{7},5.0
2e68e7d7,2e68e7d6c,2020-09-12,18,{'JAM'},{'JAM_MODERATE_TRAFFIC'},23,{7},5.0
2e68e7d7,2e68e7d6c,2020-09-12,23,{'ROAD_CLOSED'},{'ROAD_CLOSED_EVENT'},1600,{2},6.0
2e68e7d7,2e68e7d6c,2020-09-13,0,{'ROAD_CLOSED'},{'ROAD_CLOSED_EVENT'},716,{2},6.0
2e68e7d7,2e68e7d6c,2020-09-13,6,{'ROAD_CLOSED'},{'ROAD_CLOSED_EVENT'},18,{2},6.0
2e68e7d7,2e68e7d6c,2020-09-13,9,{'ROAD_CLOSED'},{'ROAD_CLOSED_EVENT'},3425,{2},6.0
2e68e7d7,2e68e7d6c,2020-09-13,13,{'JAM'},{'JAM_HEAVY_TRAFFIC'},36,{7},5.277777777777778
2e68e7d7,2e68e7d6c,2020-09-13,14,{'JAM'},{'JAM_STAND_STILL_TRAFFIC'},30,{7},5.0
2e68e7d7,2e68e7d6c,2020-09-14,9,{'ROAD_CLOSED'},{'ROAD_CLOSED_EVENT'},3426,{2},6.0
2e68e7d7,2e68e7d6c,2020-09-15,6,{'ROAD_CLOSED'},{'ROAD_CLOSED_EVENT'},4,{2},6.0
2e68e7d7,2e68e7d6c,2020-09-15,9,{'ROAD_CLOSED'},{'ROAD_CLOSED_EVENT'},3426,{2},6.0
2e68e7d7,2e68e7d6c,2020-09-15,15,{'JAM'},{'JAM_STAND_STILL_TRAFFIC'},30,{7},5.533333333333333
2e68e7d7,2e68e7d6c,2020-09-16,9,{'ROAD_CLOSED'},{'ROAD_CLOSED_EVENT'},3426,{2},6.0
2e68e7d7,2e68e7d6c,2020-09-17,9,"{'JAM', 'ROAD_CLOSED'}","{'JAM', 'ROAD_CLOSED_EVENT'}",2384,"{2, 7}",5.992449664429531
2e68e7d7,2e68e7d6c,2020-09-17,21,{'JAM'},{'JAM_MODERATE_TRAFFIC'},31,{22},5.0
2e68e7d7,2e68e7d6c,2020-09-18,9,{'ROAD_CLOSED'},{'ROAD_CLOSED_EVENT'},3429,{2},6.0
2e68e7d7,2e68e7d6c,2020-09-18,21,{'ROAD_CLOSED'},{'ROAD_CLOSED_EVENT'},720,{2},6.0
2e68e7d7,2e68e7d6c,2020-09-19,6,{'ROAD_CLOSED'},{'ROAD_CLOSED_EVENT'},4,{2},6.0
2e68e7d7,2e68e7d6c,2020-09-19,9,{'ROAD_CLOSED'},{'ROAD_CLOSED_EVENT'},3444,{2},6.0
2e68e7d7,2e68e7d6c,2020-09-19,10,{'JAM'},{'JAM_MODERATE_TRAFFIC'},30,{7},5.0
2e68e7d7,2e68e7d6c,2020-09-19,11,"{'JAM', 'ROAD_CLOSED'}","{'ROAD_CLOSED_EVENT', 'JAM_STAND_STILL_TRAFFIC'}",34,"{2, 7}",5.117647058823529
2e68e7d7,2e68e7d6c,2020-09-19,13,{'JAM'},{'JAM_HEAVY_TRAFFIC'},41,{7},5.853658536585366
2e68e7d7,2e68e7d6c,2020-09-19,15,{'JAM'},{'JAM_HEAVY_TRAFFIC'},33,{7},6.0606060606060606
2e68e7d7,2e68e7d6c,2020-09-19,17,{'JAM'},{'JAM_STAND_STILL_TRAFFIC'},18,{7},5.0
2e68e7d7,2e68e7d6c,2020-09-19,18,{'JAM'},{'JAM_STAND_STILL_TRAFFIC'},33,{7},5.0
2e68e7d7,2e68e7d6c,2020-09-19,21,{'ROAD_CLOSED'},{'ROAD_CLOSED_EVENT'},744,{2},6.0
2e68e7d7,2e68e7d6c,2020-09-20,9,{'ROAD_CLOSED'},{'ROAD_CLOSED_EVENT'},3418,{2},6.0
2e68e7d7,2e68e7d6c,2020-09-20,21,{'ROAD_CLOSED'},{'ROAD_CLOSED_EVENT'},732,{2},6.0
2e68e7d7,2e68e7d6c,2020-09-21,6,{'ROAD_CLOSED'},{'ROAD_CLOSED_EVENT'},10,{2},6.0
2e68e7d7,2e68e7d6c,2020-09-21,9,{'ROAD_CLOSED'},{'ROAD_CLOSED_EVENT'},3423,{2},6.0
2e68e7d7,2e68e7d6c,2020-09-21,16,{'JAM'},{'JAM_STAND_STILL_TRAFFIC'},33,{7},5.0
2e68e7d7,2e68e7d6c,2020-09-21,21,{'ROAD_CLOSED'},{'ROAD_CLOSED_EVENT'},736,{2},6.0
2e68e7d7,2e68e7d6c,2020-09-22,9,{'ROAD_CLOSED'},{'ROAD_CLOSED_EVENT'},3432,{2},6.0
2e68e7d7,2e68e7d6c,2020-09-22,14,{'JAM'},{'JAM_HEAVY_TRAFFIC'},30,{7},5.0
2e68e7d7,2e68e7d6c,2020-09-22,15,{'JAM'},{'JAM_STAND_STILL_TRAFFIC'},72,{7},5.277777777777778
2e68e7d7,2e68e7d6c,2020-09-22,17,{'JAM'},{'JAM_MODERATE_TRAFFIC'},31,{7},5.0
2e68e7d7,2e68e7d6c,2020-09-22,21,{'ROAD_CLOSED'},{'ROAD_CLOSED_EVENT'},744,{2},6.0
2e68e7d7,2e68e7d6c,2020-09-23,6,{'ROAD_CLOSED'},{'ROAD_CLOSED_EVENT'},2,{2},6.0
2e68e7d7,2e68e7d6c,2020-09-23,9,{'ROAD_CLOSED'},{'ROAD_CLOSED_EVENT'},3420,{2},6.0
2e68e7d7,2e68e7d6c,2020-09-23,16,{'JAM'},{'JAM_STAND_STILL_TRAFFIC'},32,{7},5.0
2e68e7d7,2e68e7d6c,2020-09-23,21,{'ROAD_CLOSED'},{'ROAD_CLOSED_EVENT'},737,{2},6.0
2e68e7d7,2e68e7d6c,2020-09-24,6,{'ROAD_CLOSED'},{'ROAD_CLOSED_EVENT'},1,{2},6.0
2e68e7d7,2e68e7d6c,2020-09-24,9,{'ROAD_CLOSED'},{'ROAD_CLOSED_EVENT'},3447,{2},6.0
2e68e7d7,2e68e7d6c,2020-09-24,11,{'ROAD_CLOSED'},{'ROAD_CLOSED_EVENT'},8,{2},6.0
2e68e7d7,2e68e7d6c,2020-09-24,16,{'JAM'},{'JAM_MODERATE_TRAFFIC'},30,{7},5.0
2e68e7d7,2e68e7d6c,2020-09-24,17,{'JAM'},{'JAM_STAND_STILL_TRAFFIC'},31,{7},5.741935483870968
2e68e7d7,2e68e7d6c,2020-09-24,21,{'ROAD_CLOSED'},{'ROAD_CLOSED_EVENT'},730,{2},6.0
2e68e7d7,2e68e7d6c,2020-09-25,9,{'ROAD_CLOSED'},{'ROAD_CLOSED_EVENT'},3427,{2},6.0
2e68e7d7,2e68e7d6c,2020-09-25,11,{'ROAD_CLOSED'},{'ROAD_CLOSED_EVENT'},13,{2},6.0
2e68e7d7,2e68e7d6c,2020-09-25,13,{'JAM'},{'JAM_STAND_STILL_TRAFFIC'},30,{7},5.566666666666666
2e68e7d7,2e68e7d6c,2020-09-25,21,{'ROAD_CLOSED'},{'ROAD_CLOSED_EVENT'},732,{2},6.0
2e68e7d7,2e68e7d6c,2020-09-26,11,"{'JAM', 'ROAD_CLOSED'}","{'ROAD_CLOSED_EVENT', 'JAM_STAND_STILL_TRAFFIC'}",39,"{2, 7}",5.230769230769231
2e68e7d7,2e68e7d6c,2020-09-26,13,{'JAM'},"{'JAM', 'JAM_STAND_STILL_TRAFFIC'}",60,{7},5.0
2e68e7d7,2e68e7d6c,2020-09-26,21,{'ROAD_CLOSED'},{'ROAD_CLOSED_EVENT'},648,{2},6.0
2e68e7d7,2e68e7d6c,2020-09-27,13,{'JAM'},{'JAM_STAND_STILL_TRAFFIC'},31,{7},5.0
2e68e7d7,2e68e7d6c,2020-09-27,14,{'JAM'},{'JAM_STAND_STILL_TRAFFIC'},31,{7},5.548387096774194
2e68e7d7,2e68e7d6c,2020-09-27,15,{'JAM'},{'JAM_STAND_STILL_TRAFFIC'},35,{7},5.0
2e68e7d7,2e68e7d6c,2020-09-27,16,{'JAM'},{'JAM_STAND_STILL_TRAFFIC'},46,{7},5.369565217391305
2e68e7d7,2e68e7d6c,2020-09-27,21,{'ROAD_CLOSED'},{'ROAD_CLOSED_EVENT'},730,{2},6.0
2e68e7d7,2e68e7d6c,2020-09-28,9,"{'JAM', 'ROAD_CLOSED'}","{'ROAD_CLOSED_EVENT', 'JAM_HEAVY_TRAFFIC'}",3271,"{2, 7}",5.994191378783246
2e68e7d7,2e68e7d6c,2020-09-28,17,{'JAM'},{'JAM_STAND_STILL_TRAFFIC'},39,{7},5.384615384615385
2e68e7d7,2e68e7d6c,2020-09-28,21,{'ROAD_CLOSED'},{'ROAD_CLOSED_EVENT'},738,{2},6.0
2e68e7d7,2e68e7d6c,2020-09-29,9,{'ROAD_CLOSED'},{'ROAD_CLOSED_EVENT'},3248,{2},6.0
2e68e7d7,2e68e7d6c,2020-09-29,11,{'ROAD_CLOSED'},{'ROAD_CLOSED_EVENT'},3,{2},6.0
2e68e7d7,2e68e7d6c,2020-09-29,17,{'JAM'},{'JAM'},29,{7},5.0
2e68e7d7,2e68e7d6c,2020-09-29,21,{'ROAD_CLOSED'},{'ROAD_CLOSED_EVENT'},738,{2},6.0
2e68e7d7,2e68e7d6c,2020-09-30,9,{'ROAD_CLOSED'},{'ROAD_CLOSED_EVENT'},3236,{2},6.0
2e68e7d7,2e68e7d6c,2020-09-30,14,{'JAM'},{'JAM_STAND_STILL_TRAFFIC'},21,{7},5.0
2e68e7d7,2e68e7d6c,2020-09-30,21,{'ROAD_CLOSED'},{'ROAD_CLOSED_EVENT'},720,{2},6.0
2e68e7d7,2e68e7d6c,2020-10-01,6,{'ROAD_CLOSED'},{'ROAD_CLOSED_EVENT'},2,{2},6.0
2e68e7d7,2e68e7d6c,2020-10-01,9,{'ROAD_CLOSED'},{'ROAD_CLOSED_EVENT'},3246,{2},6.0
2e68e7d7,2e68e7d6c,2020-10-01,11,{'ROAD_CLOSED'},{'ROAD_CLOSED_EVENT'},2,{2},6.0
2e68e7d7,2e68e7d6c,2020-10-01,13,{'JAM'},{'JAM_STAND_STILL_TRAFFIC'},31,{7},5.0
2e68e7d7,2e68e7d6c,2020-10-01,15,{'JAM'},{'JAM_STAND_STILL_TRAFFIC'},8,{2},5.0
2e68e7d7,2e68e7d6c,2020-10-02,6,{'ROAD_CLOSED'},{'ROAD_CLOSED_EVENT'},3,{2},6.0
2e68e7d7,2e68e7d6c,2020-10-02,8,"{'JAM', 'WEATHERHAZARD'}","{'HAZARD_ON_ROAD_CONSTRUCTION', 'JAM_HEAVY_TRAFFIC'}",211,{7},5.872037914691943
2e68e7d7,2e68e7d6c,2020-10-02,9,{'ROAD_CLOSED'},{'ROAD_CLOSED_EVENT'},3240,{2},6.0
2e68e7d7,2e68e7d6c,2020-10-02,17,{'JAM'},{'JAM_HEAVY_TRAFFIC'},38,{7},6.394736842105263
2e68e7d7,2e68e7d6c,2020-10-02,18,{'JAM'},{'JAM_STAND_STILL_TRAFFIC'},17,{7},5.588235294117647
2e68e7d7,2e68e7d6c,2020-10-02,21,{'JAM'},{'JAM'},24,{7},5.0
2e68e7d7,2e68e7d6c,2020-10-03,6,{'ROAD_CLOSED'},{'ROAD_CLOSED_EVENT'},2,{2},6.0
2e68e7d7,2e68e7d6c,2020-10-03,9,{'ROAD_CLOSED'},{'ROAD_CLOSED_EVENT'},3252,{2},6.0
2e68e7d7,2e68e7d6c,2020-10-03,14,{'JAM'},{'JAM_STAND_STILL_TRAFFIC'},31,{7},5.967741935483871
2e68e7d7,2e68e7d6c,2020-10-03,16,{'JAM'},{'JAM_HEAVY_TRAFFIC'},41,{7},7.2682926829268295
2e68e7d7,2e68e7d6c,2020-10-03,18,{'JAM'},{'JAM_STAND_STILL_TRAFFIC'},33,{7},6.7272727272727275
2e68e7d7,2e68e7d6c,2020-10-04,9,{'ROAD_CLOSED'},{'ROAD_CLOSED_EVENT'},3228,{2},6.0
2e68e7d7,2e68e7d6c,2020-10-04,15,{'JAM'},{'JAM_STAND_STILL_TRAFFIC'},30,{7},5.5
2e68e7d7,2e68e7d6c,2020-10-04,16,{'JAM'},{'JAM_STAND_STILL_TRAFFIC'},30,{7},5.6
2e68e7d7,2e68e7d6c,2020-10-05,9,{'ROAD_CLOSED'},{'ROAD_CLOSED_EVENT'},3240,{2},6.0
2e68e7d7,2e68e7d6c,2020-10-05,14,"{'JAM', 'WEATHERHAZARD'}","{'JAM_STAND_STILL_TRAFFIC', 'HAZARD_ON_ROAD_CONSTRUCTION'}",273,{7},8.864468864468865
2e68e7d7,2e68e7d6c,2020-10-05,17,{'JAM'},{'JAM_STAND_STILL_TRAFFIC'},32,{7},5.0
2e68e7d7,2e68e7d6c,2020-10-06,6,{'ROAD_CLOSED'},{'ROAD_CLOSED_EVENT'},3,{2},6.0
2e68e7d7,2e68e7d6c,2020-10-06,9,{'ROAD_CLOSED'},{'ROAD_CLOSED_EVENT'},3230,{2},6.0
2e68e7d7,2e68e7d6c,2020-10-06,11,{'JAM'},{'JAM_STAND_STILL_TRAFFIC'},31,{7},5.0
2e68e7d7,2e68e7d6c,2020-10-06,14,{'JAM'},{'JAM_MODERATE_TRAFFIC'},33,{7},6.636363636363637
2e68e7d7,2e68e7d6c,2020-10-06,17,{'JAM'},{'JAM_HEAVY_TRAFFIC'},41,{7},7.439024390243903
2e68e7d7,2e68e7d6c,2020-10-07,6,{'ROAD_CLOSED'},{'ROAD_CLOSED_EVENT'},3,{2},6.0
2e68e7d7,2e68e7d6c,2020-10-07,9,{'ROAD_CLOSED'},{'ROAD_CLOSED_EVENT'},3223,{2},6.0
2e68e7d7,2e68e7d6c,2020-10-07,15,{'JAM'},{'JAM_HEAVY_TRAFFIC'},27,{7},5.0
2e68e7d7,2e68e7d6c,2020-10-07,17,{'JAM'},{'JAM_STAND_STILL_TRAFFIC'},31,{7},5.967741935483871
2e68e7d7,2e68e7d6c,2020-10-08,9,{'ROAD_CLOSED'},{'ROAD_CLOSED_EVENT'},3258,{2},6.0
2e68e7d7,2e68e7d6c,2020-10-09,9,{'ROAD_CLOSED'},{'ROAD_CLOSED_EVENT'},3237,{2},6.0
2e68e7d7,2e68e7d6c,2020-10-09,15,{'JAM'},{'JAM_MODERATE_TRAFFIC'},61,{7},5.262295081967213
2e68e7d7,2e68e7d6c,2020-10-09,18,{'JAM'},{'JAM_STAND_STILL_TRAFFIC'},37,{7},6.054054054054054
2e68e7d7,2e68e7d6c,2020-10-10,9,{'ROAD_CLOSED'},{'ROAD_CLOSED_EVENT'},3232,{2},6.0
2e68e7d7,2e68e7d6c,2020-10-10,10,{'JAM'},{'JAM_HEAVY_TRAFFIC'},31,{7},6.548387096774194
2e68e7d7,2e68e7d6c,2020-10-10,11,{'JAM'},{'JAM_HEAVY_TRAFFIC'},5,{2},5.8
2e68e7d7,2e68e7d6c,2020-10-10,12,{'JAM'},{'JAM_STAND_STILL_TRAFFIC'},17,{7},6.0
2e68e7d7,2e68e7d6c,2020-10-10,17,{'JAM'},{'JAM_STAND_STILL_TRAFFIC'},25,{7},5.0
2e68e7d7,2e68e7d6c,2020-10-10,19,{'JAM'},{'JAM_HEAVY_TRAFFIC'},51,{7},5.96078431372549
2e68e7d7,2e68e7d6c,2020-10-10,21,{'JAM'},{'JAM_MODERATE_TRAFFIC'},32,{7},5.0
2e68e7d7,2e68e7d6c,2020-10-11,10,{'JAM'},{'JAM_HEAVY_TRAFFIC'},33,{7},6.515151515151516
2e68e7d7,2e68e7d6c,2020-10-11,11,{'JAM'},{'JAM_STAND_STILL_TRAFFIC'},8,{2},5.0
2e68e7d7,2e68e7d6c,2020-10-12,9,{'JAM'},{'JAM_STAND_STILL_TRAFFIC'},31,{7},5.516129032258065
2e68e7d7,2e68e7d6c,2020-10-12,18,{'JAM'},{'JAM'},32,{7},5.0
2e68e7d7,2e68e7d6c,2020-10-13,9,"{'JAM', 'WEATHERHAZARD'}","{'JAM_STAND_STILL_TRAFFIC', 'HAZARD_ON_ROAD_CONSTRUCTION'}",525,{7},7.632380952380952
2e68e7d7,2e68e7d6c,2020-10-13,11,{'JAM'},{'JAM'},30,{7},5.0
2e68e7d7,2e68e7d6c,2020-10-13,12,{'JAM'},{'JAM_HEAVY_TRAFFIC'},31,{7},5.0
2e68e7d7,2e68e7d6c,2020-10-14,14,{'JAM'},{'JAM_HEAVY_TRAFFIC'},30,{7},5.0
2e68e7d7,2e68e7d6c,2020-10-14,16,{'JAM'},{'JAM_HEAVY_TRAFFIC'},34,{7},5.0
2e68e7d7,2e68e7d6c,2020-10-14,17,"{'JAM', 'WEATHERHAZARD'}","{'HAZARD_ON_SHOULDER_CAR_STOPPED', 'JAM_STAND_STILL_TRAFFIC'}",105,{7},5.9523809523809526
2e68e7d7,2e68e7d6c,2020-10-15,11,{'JAM'},{'JAM_HEAVY_TRAFFIC'},31,{7},5.548387096774194
2e68e7d7,2e68e7d6c,2020-10-16,8,{'JAM'},{'JAM_STAND_STILL_TRAFFIC'},13,{2},5.0
2e68e7d7,2e68e7d6c,2020-10-16,17,{'JAM'},{'JAM_STAND_STILL_TRAFFIC'},34,{7},5.0
2e68e7d7,2e68e7d6c,2020-10-17,14,{'JAM'},"{'JAM_STAND_STILL_TRAFFIC', 'JAM_HEAVY_TRAFFIC'}",60,{7},6.233333333333333
2e68e7d7,2e68e7d6c,2020-10-17,15,{'JAM'},{'JAM_STAND_STILL_TRAFFIC'},30,{7},5.0
2e68e7d7,2e68e7d6c,2020-10-17,18,{'JAM'},{'JAM_MODERATE_TRAFFIC'},31,{7},5.0
2e68e7d7,2e68e7d6c,2020-10-18,16,{'JAM'},{'JAM_STAND_STILL_TRAFFIC'},30,{7},5.933333333333334
2e68e7d7,2e68e7d6c,2020-10-19,10,{'ROAD_CLOSED'},{'ROAD_CLOSED_EVENT'},2891,{2},6.0
2e68e7d7,2e68e7d6c,2020-10-19,15,{'JAM'},{'JAM_HEAVY_TRAFFIC'},33,{7},5.121212121212121
2e68e7d7,2e68e7d6c,2020-10-19,21,{'JAM'},{'JAM_STAND_STILL_TRAFFIC'},31,{2},5.0
2e68e7d7,2e68e7d6c,2020-10-20,7,{'JAM'},{'JAM_STAND_STILL_TRAFFIC'},17,{7},5.647058823529412
2e68e7d7,2e68e7d6c,2020-10-20,10,{'ROAD_CLOSED'},{'ROAD_CLOSED_EVENT'},2892,{2},6.0
2e68e7d7,2e68e7d6c,2020-10-20,11,{'JAM'},{'JAM_STAND_STILL_TRAFFIC'},31,{7},5.516129032258065
2e68e7d7,2e68e7d6c,2020-10-21,10,{'ROAD_CLOSED'},{'ROAD_CLOSED_EVENT'},2856,{2},6.0
2e68e7d7,2e68e7d6c,2020-10-21,14,{'JAM'},"{'JAM_STAND_STILL_TRAFFIC', 'JAM_HEAVY_TRAFFIC'}",63,{7},5.492063492063492
2e68e7d7,2e68e7d6c,2020-10-21,17,{'JAM'},{'JAM_STAND_STILL_TRAFFIC'},45,{7},5.4
2e68e7d7,2e68e7d6c,2020-10-22,10,{'ROAD_CLOSED'},{'ROAD_CLOSED_EVENT'},2898,{2},6.0
2e68e7d7,2e68e7d6c,2020-10-23,10,{'ROAD_CLOSED'},{'ROAD_CLOSED_EVENT'},2892,{2},6.0
2e68e7d7,2e68e7d6c,2020-10-23,11,{'JAM'},"{'JAM', 'JAM_STAND_STILL_TRAFFIC'}",40,{7},5.0
2e68e7d7,2e68e7d6c,2020-10-23,16,{'JAM'},{'JAM_STAND_STILL_TRAFFIC'},36,{7},5.0
2e68e7d7,2e68e7d6c,2020-10-24,6,{'ROAD_CLOSED'},{'ROAD_CLOSED_EVENT'},15,{2},6.0
2e68e7d7,2e68e7d6c,2020-10-24,10,"{'JAM', 'ROAD_CLOSED'}","{'JAM_STAND_STILL_TRAFFIC', 'ROAD_CLOSED_EVENT'}",2910,"{2, 7}",5.989690721649485
2e68e7d7,2e68e7d6c,2020-10-24,11,{'JAM'},{'JAM_STAND_STILL_TRAFFIC'},32,{7},5.0
2e68e7d7,2e68e7d6c,2020-10-24,14,{'JAM'},{'JAM_HEAVY_TRAFFIC'},31,{7},5.0
2e68e7d7,2e68e7d6c,2020-10-24,16,{'JAM'},{'JAM_HEAVY_TRAFFIC'},64,{7},5.703125
2e68e7d7,2e68e7d6c,2020-10-25,10,{'ROAD_CLOSED'},{'ROAD_CLOSED_EVENT'},2896,{2},6.0
2e68e7d7,2e68e7d6c,2020-10-25,14,{'JAM'},{'JAM_HEAVY_TRAFFIC'},30,{7},5.733333333333333
2e68e7d7,2e68e7d6c,2020-10-26,10,{'ROAD_CLOSED'},{'ROAD_CLOSED_EVENT'},2904,{2},6.0
2e68e7d7,2e68e7d6c,2020-10-26,18,{'JAM'},{'JAM_HEAVY_TRAFFIC'},26,{7},5.0
2e68e7d7,2e68e7d6c,2020-10-27,8,{'JAM'},{'JAM_STAND_STILL_TRAFFIC'},16,{2},5.0
2e68e7d7,2e68e7d6c,2020-10-27,10,{'ROAD_CLOSED'},{'ROAD_CLOSED_EVENT'},2903,{2},6.0
2e68e7d7,2e68e7d6c,2020-10-27,14,{'JAM'},{'JAM_STAND_STILL_TRAFFIC'},61,{7},5.0
2e68e7d7,2e68e7d6c,2020-10-27,15,{'JAM'},{'JAM_HEAVY_TRAFFIC'},33,{7},5.0
2e68e7d7,2e68e7d6c,2020-10-27,18,{'JAM'},"{'JAM_STAND_STILL_TRAFFIC', 'JAM_HEAVY_TRAFFIC'}",92,"{2, 7}",5.836956521739131
2e68e7d7,2e68e7d6c,2020-10-28,10,{'ROAD_CLOSED'},{'ROAD_CLOSED_EVENT'},2892,{2},6.0
2e68e7d7,2e68e7d6c,2020-10-28,11,{'JAM'},{'JAM_STAND_STILL_TRAFFIC'},68,{7},6.676470588235294
2e68e7d7,2e68e7d6c,2020-10-28,12,{'JAM'},{'JAM_STAND_STILL_TRAFFIC'},31,{7},7.258064516129032
2e68e7d7,2e68e7d6c,2020-10-28,14,{'JAM'},{'JAM_STAND_STILL_TRAFFIC'},31,{7},5.0
2e68e7d7,2e68e7d6c,2020-10-28,16,{'JAM'},{'JAM_STAND_STILL_TRAFFIC'},36,{7},5.5
2e68e7d7,2e68e7d6c,2020-10-29,10,{'ROAD_CLOSED'},{'ROAD_CLOSED_EVENT'},2892,{2},6.000345781466113
2e68e7d7,2e68e7d6c,2020-10-29,13,{'JAM'},"{'JAM_STAND_STILL_TRAFFIC', 'JAM_HEAVY_TRAFFIC'}",67,{7},5.6716417910447765
2e68e7d7,2e68e7d6c,2020-10-29,16,{'JAM'},{'JAM_MODERATE_TRAFFIC'},32,{7},5.0
2e68e7d7,2e68e7d6c,2020-10-29,18,{'JAM'},{'JAM_STAND_STILL_TRAFFIC'},31,{2},5.0
2e68e7d7,2e68e7d6c,2020-10-30,10,"{'JAM', 'ROAD_CLOSED'}","{'ROAD_CLOSED_EVENT', 'JAM_HEAVY_TRAFFIC'}",2941,"{2, 7}",6.161849710982659
2e68e7d7,2e68e7d6c,2020-10-30,11,{'JAM'},{'JAM_HEAVY_TRAFFIC'},29,{7},5.0
2e68e7d7,2e68e7d6c,2020-10-30,12,{'JAM'},{'JAM_HEAVY_TRAFFIC'},10,{2},5.5
2e68e7d7,2e68e7d6c,2020-10-30,13,{'JAM'},{'JAM_MODERATE_TRAFFIC'},31,{7},5.0
2e68e7d7,2e68e7d6c,2020-10-30,14,{'JAM'},{'JAM_STAND_STILL_TRAFFIC'},44,{7},5.363636363636363
2e68e7d7,2e68e7d6c,2020-10-31,10,"{'JAM', 'ROAD_CLOSED'}","{'JAM_STAND_STILL_TRAFFIC', 'ROAD_CLOSED_EVENT'}",2927,"{2, 7}",5.989067304407243
2e68e7d7,2e68e7d6c,2020-10-31,13,{'JAM'},{'JAM_MODERATE_TRAFFIC'},50,{7},5.98
2e68e7d7,2e68e7d6c,2020-10-31,14,{'JAM'},{'JAM_STAND_STILL_TRAFFIC'},44,{2},5.431818181818182
2e68e7d7,2e68e7d6c,2020-10-31,17,{'JAM'},{'JAM_HEAVY_TRAFFIC'},53,{7},5.943396226415095
2e68e7d7,2e68e7d6c,2020-11-01,10,{'JAM'},{'JAM_STAND_STILL_TRAFFIC'},12,{2},5.0
2e68e7d7,2e68e7d6c,2020-11-01,15,{'JAM'},{'JAM_STAND_STILL_TRAFFIC'},31,{7},6.935483870967742
2e68e7d7,2e68e7d6c,2020-11-01,16,"{'JAM', 'WEATHERHAZARD'}","{'JAM_STAND_STILL_TRAFFIC', 'HAZARD_ON_ROAD_CONSTRUCTION'}",154,{7},7.824675324675325
2e68e7d7,2e68e7d6c,2020-11-03,12,{'JAM'},{'JAM_STAND_STILL_TRAFFIC'},31,{7},5.0
2e68e7d7,2e68e7d6c,2020-11-03,13,{'JAM'},{'JAM_STAND_STILL_TRAFFIC'},37,{7},5.4324324324324325
2e68e7d7,2e68e7d6c,2020-11-03,17,{'JAM'},"{'JAM_STAND_STILL_TRAFFIC', 'JAM_HEAVY_TRAFFIC'}",32,{7},6.46875
2e68e7d7,2e68e7d6c,2020-11-04,16,{'JAM'},{'JAM_HEAVY_TRAFFIC'},30,{7},5.0
2e68e7d7,2e68e7d6c,2020-11-05,14,{'JAM'},{'JAM_HEAVY_TRAFFIC'},36,{7},5.611111111111111
2e68e7d7,2e68e7d6c,2020-11-06,18,{'JAM'},{'JAM'},24,{7},5.0
2e68e7d7,2e68e7d6c,2020-11-07,9,{'JAM'},{'JAM_STAND_STILL_TRAFFIC'},31,{7},5.0
2e68e7d7,2e68e7d6c,2020-11-07,15,{'JAM'},{'JAM_STAND_STILL_TRAFFIC'},14,{7},5.0
2e68e7d7,2e68e7d6c,2020-11-08,15,{'JAM'},{'JAM_HEAVY_TRAFFIC'},36,{7},6.361111111111111
2e68e7d7,2e68e7d6c,2020-11-09,11,{'JAM'},{'JAM'},30,{7},5.0
2e68e7d7,2e68e7d6c,2020-11-09,13,{'JAM'},{'JAM_HEAVY_TRAFFIC'},32,{7},5.0
2e68e7d7,2e68e7d6c,2020-11-09,16,{'JAM'},{'JAM_STAND_STILL_TRAFFIC'},34,{7},5.970588235294118
2e68e7d7,2e68e7d6c,2020-11-10,11,{'JAM'},{'JAM'},31,{7},5.0
2e68e7d7,2e68e7d6c,2020-11-10,15,{'JAM'},{'JAM_STAND_STILL_TRAFFIC'},35,{7},5.0
2e68e7d7,2e68e7d6c,2020-11-11,13,{'JAM'},{'JAM'},33,{7},5.0
2e68e7d7,2e68e7d6c,2020-11-13,15,{'JAM'},"{'JAM_STAND_STILL_TRAFFIC', 'JAM_HEAVY_TRAFFIC'}",63,"{2, 7}",5.904761904761905
2e68e7d7,2e68e7d6c,2020-11-13,16,{'JAM'},{'JAM_STAND_STILL_TRAFFIC'},22,{7},5.909090909090909
2e68e7d7,2e68e7d6c,2020-11-13,20,{'JAM'},{'JAM_STAND_STILL_TRAFFIC'},16,{2},5.0
2e68e7d7,2e68e7d6c,2020-11-14,9,{'JAM'},{'JAM_STAND_STILL_TRAFFIC'},32,{7},5.96875
2e68e7d7,2e68e7d6c,2020-11-14,10,{'JAM'},{'JAM_HEAVY_TRAFFIC'},33,{7},5.515151515151516
2e68e7d7,2e68e7d6c,2020-11-15,14,{'JAM'},"{'JAM_STAND_STILL_TRAFFIC', 'JAM_HEAVY_TRAFFIC'}",69,{7},5.0
2e68e7d7,2e68e7d6c,2020-11-16,12,{'JAM'},{'JAM'},30,{7},5.0
2e68e7d7,2e68e7d6c,2020-11-17,18,{'JAM'},"{'JAM_STAND_STILL_TRAFFIC', 'JAM_HEAVY_TRAFFIC'}",45,{7},5.0
2e68e7d7,2e68e7d6c,2020-11-19,14,{'JAM'},{'JAM_MODERATE_TRAFFIC'},31,{7},5.935483870967742
2e68e7d7,2e68e7d6c,2020-11-19,16,{'JAM'},{'JAM_STAND_STILL_TRAFFIC'},30,{7},5.0
2e68e7d7,2e68e7d6c,2020-11-19,17,{'JAM'},{'JAM_STAND_STILL_TRAFFIC'},30,{2},5.633333333333334
2e68e7d7,2e68e7d6c,2020-11-21,17,{'JAM'},{'JAM_HEAVY_TRAFFIC'},23,{7},5.826086956521739
2e68e7d7,2e68e7d6c,2020-11-22,12,{'JAM'},{'JAM_STAND_STILL_TRAFFIC'},42,{7},6.357142857142857
2e68e7d7,2e68e7d7c,2020-09-01,17,{'WEATHERHAZARD'},{'HAZARD_ON_SHOULDER_CAR_STOPPED'},57,{2},7.2105263157894735
2e68e7d7,2e68e7d7c,2020-09-11,17,{'JAM'},{'JAM_STAND_STILL_TRAFFIC'},5,{2},5.0
2e68e7d7,2e68e7d7c,2020-09-17,13,{'JAM'},{'JAM_STAND_STILL_TRAFFIC'},5,{2},5.0
2e68e7d7,2e68e7d7c,2020-09-22,19,{'JAM'},{'JAM_STAND_STILL_TRAFFIC'},26,{2},5.0
2e68e7d7,2e68e7d7c,2020-10-02,14,{'JAM'},{'JAM_STAND_STILL_TRAFFIC'},30,{2},5.0
2e68e7d7,2e68e7d7c,2020-10-02,17,{'JAM'},{'JAM_STAND_STILL_TRAFFIC'},20,{1},5.0
2e68e7d7,2e68e7d7c,2020-10-03,12,{'JAM'},{'JAM_STAND_STILL_TRAFFIC'},6,{2},5.0
2e68e7d7,2e68e7d7c,2020-10-27,17,{'JAM'},{'JAM_STAND_STILL_TRAFFIC'},44,{2},5.386363636363637
2e68e7d7,2e68e7d7c,2020-10-27,18,{'JAM'},{'JAM_STAND_STILL_TRAFFIC'},31,{1},5.0
2e68e7d7,2e68e7d7c,2020-10-27,19,{'JAM'},{'JAM_STAND_STILL_TRAFFIC'},17,{2},5.705882352941177
2e68e7d7,2e68e7d7c,2020-10-31,15,{'JAM'},{'JAM'},31,{2},5.0
2e68e7d7,2e68e7d7c,2020-11-10,19,{'JAM'},{'JAM_STAND_STILL_TRAFFIC'},30,{2},5.0
2e68e7d7,2e68e7d7c,2020-11-12,8,{'JAM'},{'JAM_STAND_STILL_TRAFFIC'},30,{2},5.0
2e68e7d7,2e68e7d7c,2020-11-13,15,{'JAM'},{'JAM_HEAVY_TRAFFIC'},39,{2},6.17948717948718
2e68e7d7,2e68e7d7c,2020-11-22,12,{'JAM'},{'JAM_HEAVY_TRAFFIC'},5,{1},5.0
2e68e7d9,2e68e7d84,2020-09-22,19,{'JAM'},{'JAM_STAND_STILL_TRAFFIC'},22,{2},5.0
2e68e7d9,2e68e7d84,2020-09-27,16,{'WEATHERHAZARD'},{'HAZARD_ON_SHOULDER_CAR_STOPPED'},66,{2},5.0
2e68e7d9,2e68e7d84,2020-10-02,14,{'JAM'},{'JAM_STAND_STILL_TRAFFIC'},10,{2},5.0
2e68e7d9,2e68e7d84,2020-10-02,17,{'JAM'},{'JAM'},30,{2},6.4
2e68e7d9,2e68e7d84,2020-10-03,16,{'JAM'},{'JAM'},31,{22},5.0
2e68e7d9,2e68e7d84,2020-10-14,17,{'WEATHERHAZARD'},{'HAZARD_ON_SHOULDER_CAR_STOPPED'},34,{2},5.0
2e68e7d9,2e68e7d84,2020-10-27,16,{'JAM'},{'JAM_STAND_STILL_TRAFFIC'},45,{2},5.333333333333333
2e68e7d9,2e68e7d84,2020-10-27,17,{'JAM'},"{'JAM', 'JAM_STAND_STILL_TRAFFIC', 'JAM_HEAVY_TRAFFIC'}",122,{2},5.409836065573771
2e68e7d9,2e68e7d84,2020-10-29,18,{'JAM'},{'JAM_MODERATE_TRAFFIC'},33,{2},5.0
2e68e7d9,2e68e7d84,2020-10-30,14,{'JAM'},{'JAM_MODERATE_TRAFFIC'},32,{2},5.0
2e68e7d9,2e68e7d84,2020-11-08,15,{'JAM'},{'JAM_HEAVY_TRAFFIC'},30,{2},5.0
2e68e7d9,2e68e7d84,2020-11-10,19,{'JAM'},{'JAM_STAND_STILL_TRAFFIC'},30,{2},5.8
2e68e7d9,2e68e7d84,2020-11-14,5,{'JAM'},{'JAM'},31,{20},5.0
2e68e7d9,2e68e7d8c,2020-09-06,14,{'JAM'},{'JAM_STAND_STILL_TRAFFIC'},32,{20},5.0
2e68e7d9,2e68e7d8c,2020-10-05,13,{'JAM'},{'JAM_STAND_STILL_TRAFFIC'},32,{20},5.96875
2e68e7d9,2e68e7d8c,2020-10-18,17,{'JAM'},{'JAM_STAND_STILL_TRAFFIC'},30,{20},5.0
2e68e7d9,2e68e7d8c,2020-10-23,16,{'JAM'},{'JAM_STAND_STILL_TRAFFIC'},39,{20},5.410256410256411
2e68e7d9,2e68e7d8c,2020-11-08,16,{'JAM'},{'JAM_STAND_STILL_TRAFFIC'},31,{20},5.967741935483871
2e68e7db,2e68e7dac,2020-10-16,20,{'JAM'},{'JAM_STAND_STILL_TRAFFIC'},6,{2},5.0
2e68e7db,2e68e7db4,2020-10-16,16,{'JAM'},{'JAM'},31,{17},5.0
2e68e7dd,2e68e7dd4,2020-10-19,15,{'JAM'},{'JAM_MODERATE_TRAFFIC'},8,{7},5.0
2e68e7dd,2e68e7dd4,2020-10-21,18,{'JAM'},{'JAM_STAND_STILL_TRAFFIC'},32,{7},5.0
2e68e7dd,2e68e7dd4,2020-10-27,19,{'JAM'},"{'JAM', 'JAM_HEAVY_TRAFFIC'}",12,{7},5.166666666666667
2e68e7dd,2e68e7dd4,2020-11-22,19,{'JAM'},{'JAM_STAND_STILL_TRAFFIC'},21,{7},5.0
2e68e7dd,2e68e7ddc,2020-10-02,18,{'ACCIDENT'},{'ACCIDENT_MINOR'},122,{7},5.114754098360656
2e68e7dd,2e68e7ddc,2020-10-30,14,{'JAM'},{'JAM'},30,{7},5.0
2e68e7dd,2e68e7ddc,2020-10-31,13,{'JAM'},{'JAM_HEAVY_TRAFFIC'},31,{7},6.0
2e68e7df,2e68e7de4,2020-09-01,15,{'JAM'},{'JAM_HEAVY_TRAFFIC'},6,{7},5.0
2e68e7df,2e68e7de4,2020-09-04,15,{'JAM'},{'JAM_STAND_STILL_TRAFFIC'},18,{2},5.0
2e68e7df,2e68e7de4,2020-10-06,17,{'JAM'},{'JAM_STAND_STILL_TRAFFIC'},33,{2},5.666666666666667
2e68e7df,2e68e7de4,2020-10-10,13,{'JAM'},{'JAM_MODERATE_TRAFFIC'},30,{7},5.733333333333333
2e68e7df,2e68e7de4,2020-10-10,16,{'JAM'},{'JAM_HEAVY_TRAFFIC'},30,{7},5.0
2e68e7df,2e68e7de4,2020-10-17,14,{'JAM'},{'JAM_STAND_STILL_TRAFFIC'},31,{7},5.548387096774194
2e68e7df,2e68e7de4,2020-10-22,10,{'WEATHERHAZARD'},{'WEATHERHAZARD'},28,{7},5.0
2e68e7df,2e68e7de4,2020-10-22,16,{'JAM'},{'JAM_MODERATE_TRAFFIC'},32,{7},6.875
2e68e7df,2e68e7de4,2020-10-24,14,{'JAM'},{'JAM_STAND_STILL_TRAFFIC'},29,{7},5.0
2e68e7df,2e68e7de4,2020-10-30,16,{'JAM'},{'JAM'},15,{7},5.0
2e68e7df,2e68e7de4,2020-11-02,14,{'JAM'},{'JAM_HEAVY_TRAFFIC'},31,{7},5.0
2e68e7df,2e68e7de4,2020-11-05,15,{'JAM'},{'JAM_HEAVY_TRAFFIC'},30,{2},5.0
2e68e7df,2e68e7de4,2020-11-06,14,{'JAM'},{'JAM_HEAVY_TRAFFIC'},30,{7},6.0
2e68e7df,2e68e7de4,2020-11-13,13,{'JAM'},{'JAM'},32,{7},5.0
2e68e7df,2e68e7de4,2020-11-13,14,{'JAM'},{'JAM_MODERATE_TRAFFIC'},32,{7},5.0
2e68e7df,2e68e7de4,2020-11-15,11,{'JAM'},{'JAM_MODERATE_TRAFFIC'},32,{7},5.0
2e68e7df,2e68e7de4,2020-11-21,17,{'JAM'},{'JAM_STAND_STILL_TRAFFIC'},9,{2},5.0
2e68e7df,2e68e7dfc,2020-09-01,15,{'WEATHERHAZARD'},{'HAZARD_ON_SHOULDER_CAR_STOPPED'},31,{7},5.0
2e68e7df,2e68e7dfc,2020-09-04,15,{'JAM'},{'JAM_STAND_STILL_TRAFFIC'},14,{2},5.928571428571429
2e68e7df,2e68e7dfc,2020-09-14,17,{'JAM'},{'JAM_STAND_STILL_TRAFFIC'},1,{7},5.0
2e68e7df,2e68e7dfc,2020-09-18,2,{'JAM'},{'JAM'},17,{7},5.0
2e68e7df,2e68e7dfc,2020-09-21,17,{'JAM'},{'JAM_HEAVY_TRAFFIC'},41,{2},6.902439024390244
2e68e7df,2e68e7dfc,2020-09-22,16,{'JAM'},{'JAM_STAND_STILL_TRAFFIC'},31,{7},5.0
2e68e7df,2e68e7dfc,2020-09-26,13,{'JAM'},{'JAM_STAND_STILL_TRAFFIC'},30,{2},5.0
2e68e7df,2e68e7dfc,2020-09-27,16,{'JAM'},{'JAM_STAND_STILL_TRAFFIC'},31,{2},5.0
2e68e7df,2e68e7dfc,2020-09-30,10,{'JAM'},{'JAM_MODERATE_TRAFFIC'},30,{2},5.933333333333334
2e68e7df,2e68e7dfc,2020-10-06,9,{'JAM'},{'JAM_STAND_STILL_TRAFFIC'},32,{2},5.0
2e68e7df,2e68e7dfc,2020-10-07,15,{'JAM'},{'JAM_HEAVY_TRAFFIC'},33,{2},5.0
2e68e7df,2e68e7dfc,2020-10-10,12,{'JAM'},{'JAM_MODERATE_TRAFFIC'},35,{2},6.714285714285714
2e68e7df,2e68e7dfc,2020-10-17,11,{'JAM'},{'JAM'},31,{2},5.0
2e68e7df,2e68e7dfc,2020-10-18,7,{'JAM'},{'JAM_STAND_STILL_TRAFFIC'},31,{2},5.0
2e68e7df,2e68e7dfc,2020-10-21,14,{'JAM'},{'JAM_STAND_STILL_TRAFFIC'},30,{2},5.666666666666667
2e68e7df,2e68e7dfc,2020-10-23,11,{'JAM'},{'JAM_HEAVY_TRAFFIC'},7,{2},5.0
2e68e7df,2e68e7dfc,2020-10-23,15,{'JAM'},{'JAM_STAND_STILL_TRAFFIC'},30,{7},5.9
2e68e7df,2e68e7dfc,2020-10-24,14,{'JAM'},{'JAM_STAND_STILL_TRAFFIC'},16,{7},6.0
2e68e7df,2e68e7dfc,2020-10-31,6,{'JAM'},{'JAM_STAND_STILL_TRAFFIC'},32,{2},5.96875
2e68e7df,2e68e7dfc,2020-10-31,12,{'JAM'},{'JAM_STAND_STILL_TRAFFIC'},33,{2},7.7272727272727275
2e68e7df,2e68e7dfc,2020-11-02,14,{'JAM'},{'JAM_STAND_STILL_TRAFFIC'},33,{2},5.606060606060606
2e68e7df,2e68e7dfc,2020-11-03,17,{'JAM'},{'JAM_STAND_STILL_TRAFFIC'},30,{22},5.0
2e68e7df,2e68e7dfc,2020-11-04,12,{'JAM'},{'JAM_HEAVY_TRAFFIC'},6,{7},5.0
2e68e7df,2e68e7dfc,2020-11-05,9,{'JAM'},{'JAM_HEAVY_TRAFFIC'},31,{2},5.612903225806452
2e68e7df,2e68e7dfc,2020-11-05,15,{'JAM'},{'JAM_HEAVY_TRAFFIC'},63,{2},5.0
2e68e7df,2e68e7dfc,2020-11-07,15,{'JAM'},{'JAM_STAND_STILL_TRAFFIC'},7,{2},5.0
2e68e7df,2e68e7dfc,2020-11-09,14,{'JAM'},{'JAM_HEAVY_TRAFFIC'},28,{7},5.0
2e68e7df,2e68e7dfc,2020-11-11,17,{'JAM'},{'JAM_STAND_STILL_TRAFFIC'},39,{7},5.410256410256411
2e68e7df,2e68e7dfc,2020-11-12,13,{'JAM'},{'JAM_STAND_STILL_TRAFFIC'},43,{2},6.3023255813953485
2e68e7df,2e68e7dfc,2020-11-14,10,{'JAM'},{'JAM_MODERATE_TRAFFIC'},28,{7},5.0
2e68e7df,2e68e7dfc,2020-11-21,17,{'JAM'},{'JAM_STAND_STILL_TRAFFIC'},8,{7},7.0
2e68e7e1,2e68e7e14,2020-10-05,9,"{'JAM', 'ACCIDENT'}","{'JAM', 'ACCIDENT'}",156,{1},5.211538461538462
2e68e7e1,2e68e7e14,2020-10-29,15,{'JAM'},{'JAM'},33,{1},5.848484848484849
2e68e7e1,2e68e7e1c,2020-09-17,18,{'JAM'},{'JAM_STAND_STILL_TRAFFIC'},32,{22},5.0
2e68e7e3,2e68e7e24,2020-10-07,11,{'JAM'},{'JAM'},31,{1},5.0
2e68e7e3,2e68e7e2c,2020-09-16,14,{'JAM'},{'JAM_MODERATE_TRAFFIC'},31,{22},5.0
2e68e7e3,2e68e7e3c,2020-09-19,14,{'JAM'},{'JAM_MODERATE_TRAFFIC'},7,{2},5.0
2e68e7e5,2e68e7e54,2020-09-07,17,{'JAM'},{'JAM_STAND_STILL_TRAFFIC'},13,{2},5.0
2e68e7e5,2e68e7e54,2020-09-13,18,"{'WEATHERHAZARD', 'ACCIDENT'}","{'WEATHERHAZARD', 'HAZARD_WEATHER_FOG', 'ACCIDENT'}",212,"{1, 22}",5.0
2e68e7e9,2e68e7e94,2020-09-01,15,{'JAM'},{'JAM_HEAVY_TRAFFIC'},6,{1},5.0
2e68e7e9,2e68e7e94,2020-09-02,10,{'JAM'},{'JAM_STAND_STILL_TRAFFIC'},32,{7},5.0
2e68e7e9,2e68e7e94,2020-09-22,18,{'JAM'},{'JAM_MODERATE_TRAFFIC'},30,{1},5.0
2e68e7e9,2e68e7e94,2020-09-26,10,{'ACCIDENT'},{'ACCIDENT'},36,{7},5.194444444444445
2e68e7e9,2e68e7e94,2020-10-10,10,{'JAM'},{'JAM_HEAVY_TRAFFIC'},31,{7},5.0
2e68e7e9,2e68e7e94,2020-10-10,14,{'JAM'},{'JAM_STAND_STILL_TRAFFIC'},63,{7},5.0
2e68e7e9,2e68e7e94,2020-10-21,17,{'JAM'},{'JAM_STAND_STILL_TRAFFIC'},31,{1},5.0
2e68e7e9,2e68e7e94,2020-10-26,18,{'JAM'},{'JAM_STAND_STILL_TRAFFIC'},27,{7},5.666666666666667
2e68e7e9,2e68e7e94,2020-10-27,19,{'JAM'},{'JAM_STAND_STILL_TRAFFIC'},32,{7},5.0
2e68e7e9,2e68e7e94,2020-10-28,10,{'JAM'},{'JAM_STAND_STILL_TRAFFIC'},45,{7},5.333333333333333
2e68e7e9,2e68e7e94,2020-11-02,10,{'JAM'},{'JAM_HEAVY_TRAFFIC'},31,{7},5.516129032258065
2e68e7e9,2e68e7e94,2020-11-06,13,{'JAM'},{'JAM_STAND_STILL_TRAFFIC'},30,{7},5.0
2e68e7e9,2e68e7e94,2020-11-07,10,{'JAM'},{'JAM_STAND_STILL_TRAFFIC'},15,{7},5.0
2e68e7e9,2e68e7e94,2020-11-09,13,{'WEATHERHAZARD'},{'WEATHERHAZARD'},31,{1},5.0
2e68e7e9,2e68e7e94,2020-11-09,16,{'JAM'},{'JAM'},30,{20},5.0
2e68e7e9,2e68e7e94,2020-11-11,11,{'JAM'},{'JAM_HEAVY_TRAFFIC'},31,{7},5.967741935483871
2e68e7e9,2e68e7e94,2020-11-21,9,{'JAM'},{'JAM_MODERATE_TRAFFIC'},8,{7},5.0
2e68e7e9,2e68e7e94,2020-11-21,10,{'JAM'},{'JAM_MODERATE_TRAFFIC'},29,{7},5.0
2e68e7e9,2e68e7e94,2020-11-21,19,{'JAM'},{'JAM_MODERATE_TRAFFIC'},32,{7},5.0
2e68e7e9,2e68e7e9c,2020-09-08,17,{'JAM'},{'JAM_STAND_STILL_TRAFFIC'},30,{7},5.0
2e68e7e9,2e68e7e9c,2020-10-05,17,{'JAM'},{'JAM_STAND_STILL_TRAFFIC'},30,{7},5.7
2e68e7e9,2e68e7e9c,2020-10-10,14,{'JAM'},{'JAM_STAND_STILL_TRAFFIC'},28,{7},5.0
2e68e7e9,2e68e7e9c,2020-10-12,17,{'JAM'},{'JAM_HEAVY_TRAFFIC'},31,{7},5.0
2e68e7e9,2e68e7e9c,2020-10-17,10,{'JAM'},{'JAM_MODERATE_TRAFFIC'},30,{7},5.0
2e68e7e9,2e68e7e9c,2020-10-21,16,{'JAM'},{'JAM_STAND_STILL_TRAFFIC'},43,{7},5.395348837209302
2e68e7e9,2e68e7e9c,2020-11-04,12,{'JAM'},{'JAM'},10,{7},5.0
2e68e7e9,2e68e7e9c,2020-11-07,10,{'JAM'},{'JAM_STAND_STILL_TRAFFIC'},15,{7},6.0
2e68e7e9,2e68e7e9c,2020-11-09,7,{'JAM'},{'JAM_STAND_STILL_TRAFFIC'},30,{7},5.0
2e68e7e9,2e68e7e9c,2020-11-11,10,{'JAM'},{'JAM_HEAVY_TRAFFIC'},33,{7},5.0
2e68e7e9,2e68e7e9c,2020-11-11,11,{'JAM'},{'JAM_HEAVY_TRAFFIC'},31,{7},5.0
2e68e7e9,2e68e7e9c,2020-11-21,10,{'JAM'},"{'JAM_MODERATE_TRAFFIC', 'JAM_HEAVY_TRAFFIC'}",58,{7},5.0
2e68e7eb,2e68e7eac,2020-09-02,14,{'JAM'},{'JAM_HEAVY_TRAFFIC'},31,{7},5.0
2e68e7eb,2e68e7eac,2020-09-22,18,{'JAM'},{'JAM_HEAVY_TRAFFIC'},31,{7},5.0
2e68e7eb,2e68e7eac,2020-09-23,16,{'JAM'},{'JAM_STAND_STILL_TRAFFIC'},31,{7},5.0
2e68e7eb,2e68e7eac,2020-09-28,10,{'JAM'},{'JAM'},5,{7},5.0
2e68e7eb,2e68e7eac,2020-10-12,16,{'JAM'},{'JAM_STAND_STILL_TRAFFIC'},31,{7},5.0
2e68e7eb,2e68e7eac,2020-10-27,17,{'JAM'},"{'JAM_STAND_STILL_TRAFFIC', 'JAM_HEAVY_TRAFFIC'}",70,{7},5.228571428571429
2e68e7eb,2e68e7eac,2020-11-11,12,{'JAM'},{'JAM_STAND_STILL_TRAFFIC'},16,{7},5.125
2e68e7eb,2e68e7eb4,2020-09-01,16,{'WEATHERHAZARD'},{'HAZARD_ON_SHOULDER_CAR_STOPPED'},31,{1},5.0
2e68e7eb,2e68e7eb4,2020-09-17,18,{'JAM'},{'JAM_STAND_STILL_TRAFFIC'},29,{1},5.0
2e68e7eb,2e68e7ebc,2020-09-01,16,{'WEATHERHAZARD'},{'HAZARD_ON_SHOULDER_CAR_STOPPED'},31,{1},5.0
2e68e7eb,2e68e7ebc,2020-10-07,16,{'JAM'},{'JAM_MODERATE_TRAFFIC'},32,{20},5.0
2e68e7eb,2e68e7ebc,2020-10-21,17,{'JAM'},{'JAM_STAND_STILL_TRAFFIC'},35,{1},5.0
2e68e7ed,2e68e7ec4,2020-09-02,10,{'JAM'},{'JAM'},30,{22},5.0
2e68e7ed,2e68e7ec4,2020-09-07,17,{'JAM'},{'JAM'},61,{22},5.0
2e68e7ed,2e68e7ec4,2020-09-22,9,{'JAM'},{'JAM'},30,{22},5.0
2e68e7ed,2e68e7ec4,2020-09-28,9,"{'JAM', 'ACCIDENT'}","{'JAM', 'ACCIDENT'}",187,"{1, 22}",5.0
2e68e7ed,2e68e7ec4,2020-11-09,9,"{'JAM', 'ACCIDENT'}","{'JAM', 'ACCIDENT'}",153,{22},6.183006535947713
2e68e7ef,2e68e7ee4,2020-10-13,10,{'JAM'},{'JAM_MODERATE_TRAFFIC'},33,{7},5.0
2e68e7ef,2e68e7ee4,2020-10-17,9,{'JAM'},{'JAM_STAND_STILL_TRAFFIC'},6,{7},5.0
2e68e7ef,2e68e7eec,2020-09-22,18,{'JAM'},{'JAM_STAND_STILL_TRAFFIC'},31,{7},5.0
2e68e7ef,2e68e7eec,2020-10-10,13,{'JAM'},"{'JAM', 'JAM_STAND_STILL_TRAFFIC', 'JAM_HEAVY_TRAFFIC'}",92,"{2, 7}",5.326086956521739
2e68e7ef,2e68e7eec,2020-10-10,14,{'JAM'},{'JAM_HEAVY_TRAFFIC'},27,{7},5.0
2e68e7ef,2e68e7eec,2020-10-19,17,{'JAM'},{'JAM_STAND_STILL_TRAFFIC'},31,{7},5.0
2e68e7ef,2e68e7eec,2020-10-31,16,{'JAM'},{'JAM'},28,{22},5.0
2e68e7ef,2e68e7eec,2020-11-04,16,{'JAM'},{'JAM_MODERATE_TRAFFIC'},31,{7},5.0
2e68e7ef,2e68e7eec,2020-11-07,13,{'JAM'},{'JAM_HEAVY_TRAFFIC'},32,{2},5.0
2e68e7ef,2e68e7eec,2020-11-21,9,{'JAM'},{'JAM_MODERATE_TRAFFIC'},30,{7},5.0
2e68e7ef,2e68e7ef4,2020-10-10,13,{'JAM'},"{'JAM_STAND_STILL_TRAFFIC', 'JAM_HEAVY_TRAFFIC'}",95,{2},5.315789473684211
2e68e7ef,2e68e7efc,2020-10-10,13,{'JAM'},{'JAM_HEAVY_TRAFFIC'},30,{2},5.0
2e68e7f1,2e68e7f04,2020-10-28,12,{'JAM'},{'JAM_HEAVY_TRAFFIC'},7,{7},5.0
2e68e7f1,2e68e7f04,2020-11-14,11,{'JAM'},{'JAM_HEAVY_TRAFFIC'},30,{7},5.0
2e68e7f1,2e68e7f04,2020-11-14,12,{'JAM'},{'JAM_HEAVY_TRAFFIC'},33,{7},5.0
2e68e7f1,2e68e7f0c,2020-09-13,14,{'JAM'},{'JAM'},21,{7},5.0
2e68e7f1,2e68e7f0c,2020-10-23,13,{'JAM'},{'JAM_HEAVY_TRAFFIC'},31,{7},5.0
2e68e7f1,2e68e7f0c,2020-11-21,9,{'JAM'},{'JAM_STAND_STILL_TRAFFIC'},30,{7},5.0
2e68e7f1,2e68e7f1c,2020-11-04,17,{'JAM'},{'JAM_MODERATE_TRAFFIC'},31,{7},5.0
2e68e7f3,2e68e7f24,2020-09-22,17,{'JAM'},{'JAM_STAND_STILL_TRAFFIC'},6,{2},5.0
2e68e7f3,2e68e7f2c,2020-10-21,16,{'JAM'},{'JAM_STAND_STILL_TRAFFIC'},41,{2},6.2682926829268295
2e68e7f3,2e68e7f2c,2020-10-27,16,{'JAM'},{'JAM_HEAVY_TRAFFIC'},45,{2},6.333333333333333
2e68e7f5,2e68e7f4c,2020-09-30,8,{'ACCIDENT'},{'ACCIDENT_MAJOR'},120,{1},5.0
2e68e7f7,2e68e7f7c,2020-10-27,18,{'JAM'},{'JAM'},31,{7},5.0
2e68e7f7,2e68e7f7c,2020-10-28,13,{'JAM'},{'JAM_HEAVY_TRAFFIC'},11,{7},5.0
2e68e7f9,2e68e7f84,2020-09-09,14,{'WEATHERHAZARD'},{'HAZARD_ON_ROAD'},31,{7},5.0
2e68e7f9,2e68e7f84,2020-09-22,11,{'JAM'},{'JAM_MODERATE_TRAFFIC'},9,{7},5.0
2e68e7f9,2e68e7f84,2020-10-28,11,{'JAM'},{'JAM_HEAVY_TRAFFIC'},10,{7},5.0
2e68e7f9,2e68e7f84,2020-10-31,9,{'JAM'},{'JAM_HEAVY_TRAFFIC'},25,{7},5.0
2e68e7f9,2e68e7f84,2020-11-12,7,{'JAM'},{'JAM_STAND_STILL_TRAFFIC'},69,{7},5.449275362318841
2e68e7f9,2e68e7f94,2020-09-04,10,{'WEATHERHAZARD'},{'HAZARD_ON_SHOULDER_CAR_STOPPED'},33,{2},5.0
2e68e7f9,2e68e7f9c,2020-09-04,10,{'WEATHERHAZARD'},{'HAZARD_ON_SHOULDER_CAR_STOPPED'},33,{2},5.0
2e68e7fb,2e68e7fac,2020-09-07,17,{'JAM'},{'JAM_STAND_STILL_TRAFFIC'},16,{2},5.0
2e68e7fb,2e68e7fac,2020-09-10,6,{'JAM'},{'JAM_STAND_STILL_TRAFFIC'},30,{22},5.0
2e68e7fb,2e68e7fac,2020-10-31,5,{'JAM'},{'JAM_HEAVY_TRAFFIC'},32,{1},5.0
2e68e7fb,2e68e7fac,2020-10-31,11,{'JAM'},{'JAM_STAND_STILL_TRAFFIC'},31,{2},5.0
2e68e7fb,2e68e7fac,2020-11-06,20,{'JAM'},{'JAM_MODERATE_TRAFFIC'},31,{2},5.0
2e68e7fb,2e68e7fbc,2020-10-08,8,{'JAM'},{'JAM'},33,{1},5.96969696969697
2e68e7fb,2e68e7fbc,2020-11-16,5,{'JAM'},{'JAM_HEAVY_TRAFFIC'},30,{22},5.966666666666667
2e68e7fd,2e68e7fc4,2020-09-19,11,{'WEATHERHAZARD'},{'WEATHERHAZARD'},30,{1},5.0
2e68e7fd,2e68e7fc4,2020-11-01,11,{'JAM'},{'JAM'},30,{1},5.0
2e68e801,2e68e8004,2020-09-07,16,{'JAM'},{'JAM_STAND_STILL_TRAFFIC'},78,{2},5.0
2e68e801,2e68e8004,2020-10-07,12,{'JAM'},{'JAM_HEAVY_TRAFFIC'},30,{2},5.0
2e68e801,2e68e8004,2020-10-13,1,{'JAM'},{'JAM_STAND_STILL_TRAFFIC'},30,{2},5.0
2e68e803,2e68e802c,2020-11-07,12,{'JAM'},{'JAM_MODERATE_TRAFFIC'},31,{2},5.0
2e68e807,2e68e8074,2020-09-10,21,"{'JAM', 'ACCIDENT'}","{'JAM', 'ACCIDENT'}",116,{1},5.0
2e68e809,2e68e808c,2020-11-08,18,"{'JAM', 'WEATHERHAZARD', 'ACCIDENT'}","{'WEATHERHAZARD', 'ACCIDENT', 'JAM_HEAVY_TRAFFIC'}",181,{1},5.0
2e68e809,2e68e8094,2020-10-03,16,{'JAM'},{'JAM_STAND_STILL_TRAFFIC'},7,{1},5.0
2e68e809,2e68e8094,2020-11-21,14,{'JAM'},{'JAM_STAND_STILL_TRAFFIC'},11,{1},5.0
2e68e80b,2e68e80a4,2020-11-01,10,{'JAM'},{'JAM'},32,{22},5.0
2e68e80b,2e68e80ac,2020-10-27,1,{'WEATHERHAZARD'},{'HAZARD_WEATHER_FLOOD'},31,{22},5.0
2e68e80d,2e68e80d4,2020-10-12,18,{'JAM'},{'JAM_STAND_STILL_TRAFFIC'},11,{1},5.0
2e68e80f,2e68e80ec,2020-10-08,11,{'WEATHERHAZARD'},{'HAZARD_ON_ROAD_OBJECT'},62,{22},5.0
2e68e811,2e68e810c,2020-09-05,14,{'JAM'},{'JAM_HEAVY_TRAFFIC'},30,{6},5.0
2e68e811,2e68e810c,2020-09-16,7,{'JAM'},{'JAM_HEAVY_TRAFFIC'},30,{6},5.0
2e68e811,2e68e810c,2020-10-03,14,{'JAM'},{'JAM_STAND_STILL_TRAFFIC'},30,{7},7.0
2e68e811,2e68e810c,2020-10-05,18,{'JAM'},{'JAM_MODERATE_TRAFFIC'},31,{6},5.0
2e68e811,2e68e810c,2020-10-10,13,{'JAM'},{'JAM_HEAVY_TRAFFIC'},60,{6},5.516666666666667
2e68e811,2e68e810c,2020-10-10,14,{'JAM'},{'JAM_STAND_STILL_TRAFFIC'},31,{6},5.0
2e68e811,2e68e810c,2020-10-11,17,{'JAM'},{'JAM_HEAVY_TRAFFIC'},6,{6},5.0
2e68e811,2e68e810c,2020-10-16,15,{'JAM'},{'JAM_STAND_STILL_TRAFFIC'},17,{7},5.0
2e68e811,2e68e810c,2020-10-17,13,{'JAM'},{'JAM_HEAVY_TRAFFIC'},30,{7},5.0
2e68e811,2e68e810c,2020-10-17,14,{'JAM'},{'JAM_STAND_STILL_TRAFFIC'},75,{6},5.2
2e68e811,2e68e810c,2020-10-19,21,{'JAM'},{'JAM_STAND_STILL_TRAFFIC'},13,{6},5.0
2e68e811,2e68e810c,2020-10-21,18,{'JAM'},{'JAM_HEAVY_TRAFFIC'},13,{6},5.0
2e68e811,2e68e810c,2020-10-23,17,{'JAM'},{'JAM_STAND_STILL_TRAFFIC'},8,{6},5.0
2e68e811,2e68e810c,2020-10-24,13,"{'JAM', 'WEATHERHAZARD'}","{'HAZARD_ON_SHOULDER_CAR_STOPPED', 'JAM_HEAVY_TRAFFIC'}",88,{6},6.965909090909091
2e68e811,2e68e810c,2020-10-24,14,{'JAM'},{'JAM_HEAVY_TRAFFIC'},32,{6},5.0
2e68e811,2e68e810c,2020-10-29,13,{'JAM'},{'JAM_STAND_STILL_TRAFFIC'},31,{6},5.741935483870968
2e68e811,2e68e810c,2020-10-31,19,{'JAM'},{'JAM'},31,{6},5.0
2e68e811,2e68e810c,2020-11-03,10,{'JAM'},{'JAM_MODERATE_TRAFFIC'},30,{6},5.0
2e68e811,2e68e810c,2020-11-07,13,{'JAM'},"{'JAM', 'JAM_STAND_STILL_TRAFFIC'}",62,{6},5.0
2e68e811,2e68e810c,2020-11-20,14,{'JAM'},{'JAM_STAND_STILL_TRAFFIC'},32,{6},5.0
2e68e811,2e68e8114,2020-09-08,10,{'JAM'},{'JAM_STAND_STILL_TRAFFIC'},13,{6},5.846153846153846
2e68e811,2e68e8114,2020-09-21,17,{'JAM'},{'JAM_HEAVY_TRAFFIC'},12,{7},5.0
2e68e811,2e68e8114,2020-10-02,14,{'JAM'},{'JAM_STAND_STILL_TRAFFIC'},3,{6},5.0
2e68e811,2e68e8114,2020-10-03,14,{'JAM'},{'JAM_STAND_STILL_TRAFFIC'},3,{6},5.0
2e68e811,2e68e8114,2020-10-07,7,{'JAM'},{'JAM_HEAVY_TRAFFIC'},19,{6},5.0
2e68e811,2e68e8114,2020-10-10,15,{'JAM'},{'JAM_STAND_STILL_TRAFFIC'},4,{6},5.75
2e68e811,2e68e8114,2020-10-11,17,{'ACCIDENT'},{'ACCIDENT'},120,{6},5.3
2e68e811,2e68e8114,2020-10-16,14,{'JAM'},{'JAM_HEAVY_TRAFFIC'},31,{7},5.838709677419355
2e68e811,2e68e8114,2020-10-17,14,{'JAM'},{'JAM_STAND_STILL_TRAFFIC'},32,{6},5.0
2e68e811,2e68e8114,2020-10-27,14,{'JAM'},{'JAM_STAND_STILL_TRAFFIC'},21,{7},5.0
2e68e811,2e68e8114,2020-10-28,20,{'ACCIDENT'},{'ACCIDENT_MAJOR'},58,{6},8.775862068965518
2e68e811,2e68e8114,2020-10-29,15,{'JAM'},{'JAM_MODERATE_TRAFFIC'},31,{6},5.0
2e68e811,2e68e8114,2020-11-06,13,{'JAM'},{'JAM_HEAVY_TRAFFIC'},16,{6},7.0
2e68e811,2e68e8114,2020-11-07,14,{'JAM'},{'JAM_STAND_STILL_TRAFFIC'},22,{6},7.818181818181818
2e68e811,2e68e8114,2020-11-07,16,{'JAM'},{'JAM_STAND_STILL_TRAFFIC'},5,{6},5.0
2e68e811,2e68e8114,2020-11-07,17,{'JAM'},{'JAM_STAND_STILL_TRAFFIC'},25,{7},5.56
2e68e811,2e68e8114,2020-11-10,17,{'JAM'},{'JAM_HEAVY_TRAFFIC'},26,{1},5.846153846153846
2e68e811,2e68e8114,2020-11-12,8,{'JAM'},{'JAM_STAND_STILL_TRAFFIC'},30,{6},5.0
2e68e811,2e68e8114,2020-11-15,14,{'JAM'},{'JAM_HEAVY_TRAFFIC'},30,{6},5.766666666666667
2e68e811,2e68e8114,2020-11-20,13,{'JAM'},{'JAM_STAND_STILL_TRAFFIC'},24,{6},6.083333333333333
2e68e811,2e68e8114,2020-11-20,14,{'JAM'},{'JAM_STAND_STILL_TRAFFIC'},33,{6},6.424242424242424
2e68e813,2e68e8134,2020-10-15,17,{'JAM'},{'JAM_STAND_STILL_TRAFFIC'},6,{1},5.0
2e68e813,2e68e813c,2020-10-02,19,{'ACCIDENT'},{'ACCIDENT'},127,{1},5.0
2e68e813,2e68e813c,2020-10-15,17,{'JAM'},"{'JAM_STAND_STILL_TRAFFIC', 'JAM_HEAVY_TRAFFIC'}",42,{1},5.309523809523809
2e68e813,2e68e813c,2020-11-02,18,{'JAM'},{'JAM_STAND_STILL_TRAFFIC'},33,{1},5.0
2e68e813,2e68e813c,2020-11-04,17,{'JAM'},{'JAM_STAND_STILL_TRAFFIC'},31,{1},5.516129032258065
2e68e815,2e68e8144,2020-09-01,17,{'JAM'},{'JAM_HEAVY_TRAFFIC'},14,{6},7.0
2e68e815,2e68e8144,2020-09-02,17,{'JAM'},{'JAM_STAND_STILL_TRAFFIC'},44,{7},5.386363636363637
2e68e815,2e68e8144,2020-09-04,16,{'JAM'},{'JAM_STAND_STILL_TRAFFIC'},30,{6},5.766666666666667
2e68e815,2e68e8144,2020-09-05,10,{'JAM'},{'JAM_HEAVY_TRAFFIC'},32,{6},6.4375
2e68e815,2e68e8144,2020-09-06,15,{'JAM'},{'JAM_HEAVY_TRAFFIC'},30,{6},6.0
2e68e815,2e68e8144,2020-09-08,16,{'JAM'},{'JAM_MODERATE_TRAFFIC'},34,{7},5.0
2e68e815,2e68e8144,2020-09-10,6,{'JAM'},{'JAM'},31,{6},5.0
2e68e815,2e68e8144,2020-09-11,7,{'JAM'},{'JAM_HEAVY_TRAFFIC'},32,{7},5.0
2e68e815,2e68e8144,2020-09-12,14,{'JAM'},{'JAM_STAND_STILL_TRAFFIC'},32,{6},5.0
2e68e815,2e68e8144,2020-09-30,9,{'JAM'},{'JAM_STAND_STILL_TRAFFIC'},13,{6},5.0
2e68e815,2e68e8144,2020-10-02,14,{'JAM'},{'JAM_STAND_STILL_TRAFFIC'},34,{6},6.470588235294118
2e68e815,2e68e8144,2020-10-02,15,{'JAM'},{'JAM_STAND_STILL_TRAFFIC'},45,{7},6.4
2e68e815,2e68e8144,2020-10-05,16,{'JAM'},{'JAM_STAND_STILL_TRAFFIC'},32,{6},5.0
2e68e815,2e68e8144,2020-10-05,17,{'JAM'},{'JAM_HEAVY_TRAFFIC'},31,{6},9.387096774193548
2e68e815,2e68e8144,2020-10-09,15,{'JAM'},{'JAM'},21,{6},5.0
2e68e815,2e68e8144,2020-10-10,14,{'JAM'},{'JAM_STAND_STILL_TRAFFIC'},46,{6},8.956521739130435
2e68e815,2e68e8144,2020-10-10,15,{'JAM'},{'JAM_HEAVY_TRAFFIC'},9,{7},5.0
2e68e815,2e68e8144,2020-10-10,17,{'JAM'},{'JAM_STAND_STILL_TRAFFIC'},32,{6},5.9375
2e68e815,2e68e8144,2020-10-12,11,{'JAM'},{'JAM_MODERATE_TRAFFIC'},15,{6},5.0
2e68e815,2e68e8144,2020-10-16,13,{'JAM'},{'JAM'},31,{6},5.0
2e68e815,2e68e8144,2020-10-16,18,{'JAM'},{'JAM_STAND_STILL_TRAFFIC'},32,{7},5.0
2e68e815,2e68e8144,2020-10-17,12,{'JAM'},{'JAM_MODERATE_TRAFFIC'},44,{6},5.363636363636363
2e68e815,2e68e8144,2020-10-17,14,{'JAM'},{'JAM_STAND_STILL_TRAFFIC'},25,{7},5.0
2e68e815,2e68e8144,2020-10-19,16,{'JAM'},{'JAM_STAND_STILL_TRAFFIC'},10,{6},5.0
2e68e815,2e68e8144,2020-10-20,7,{'JAM'},{'JAM_HEAVY_TRAFFIC'},37,{7},6.351351351351352
2e68e815,2e68e8144,2020-10-20,11,{'JAM'},{'JAM_MODERATE_TRAFFIC'},31,{6},5.0
2e68e815,2e68e8144,2020-10-23,10,{'JAM'},{'JAM_STAND_STILL_TRAFFIC'},31,{6},5.967741935483871
2e68e815,2e68e8144,2020-10-23,17,{'JAM'},{'JAM_STAND_STILL_TRAFFIC'},64,"{6, 7}",5.5
2e68e815,2e68e8144,2020-10-24,12,{'JAM'},{'JAM_HEAVY_TRAFFIC'},12,{6},5.0
2e68e815,2e68e8144,2020-10-24,16,{'JAM'},"{'JAM_STAND_STILL_TRAFFIC', 'JAM_HEAVY_TRAFFIC'}",103,{7},5.844660194174757
2e68e815,2e68e8144,2020-10-26,9,{'JAM'},{'JAM_STAND_STILL_TRAFFIC'},43,{6},5.348837209302325
2e68e815,2e68e8144,2020-10-26,17,{'JAM'},{'JAM_STAND_STILL_TRAFFIC'},30,{6},5.833333333333333
2e68e815,2e68e8144,2020-10-27,11,{'JAM'},{'JAM_STAND_STILL_TRAFFIC'},33,{6},5.0
2e68e815,2e68e8144,2020-10-27,12,{'JAM'},{'JAM_HEAVY_TRAFFIC'},30,{7},5.0
2e68e815,2e68e8144,2020-10-27,13,{'JAM'},"{'JAM', 'JAM_STAND_STILL_TRAFFIC', 'JAM_HEAVY_TRAFFIC'}",67,"{6, 7}",5.0
2e68e815,2e68e8144,2020-10-27,18,{'JAM'},{'JAM_STAND_STILL_TRAFFIC'},14,{7},5.0
2e68e815,2e68e8144,2020-10-28,11,{'JAM'},{'JAM_STAND_STILL_TRAFFIC'},39,{6},5.9743589743589745
2e68e815,2e68e8144,2020-10-28,17,{'JAM'},{'JAM'},33,{7},5.0
2e68e815,2e68e8144,2020-10-28,20,{'JAM'},"{'JAM_STAND_STILL_TRAFFIC', 'JAM_HEAVY_TRAFFIC'}",62,"{6, 7}",6.209677419354839
2e68e815,2e68e8144,2020-10-29,14,{'JAM'},{'JAM_STAND_STILL_TRAFFIC'},50,"{6, 7}",6.26
2e68e815,2e68e8144,2020-10-30,13,{'JAM'},{'JAM_HEAVY_TRAFFIC'},32,{6},6.0
2e68e815,2e68e8144,2020-10-30,14,{'JAM'},{'JAM_HEAVY_TRAFFIC'},30,{7},5.966666666666667
2e68e815,2e68e8144,2020-10-30,15,{'JAM'},{'JAM_MODERATE_TRAFFIC'},15,{6},5.0
2e68e815,2e68e8144,2020-10-30,17,{'JAM'},{'JAM_HEAVY_TRAFFIC'},33,{6},5.0
2e68e815,2e68e8144,2020-10-31,12,{'JAM'},{'JAM_HEAVY_TRAFFIC'},33,{6},5.0
2e68e815,2e68e8144,2020-11-01,12,{'JAM'},{'JAM_MODERATE_TRAFFIC'},32,{6},5.0
2e68e815,2e68e8144,2020-11-01,13,{'JAM'},"{'JAM_STAND_STILL_TRAFFIC', 'JAM_HEAVY_TRAFFIC'}",77,"{6, 7}",5.896103896103896
2e68e815,2e68e8144,2020-11-02,17,{'JAM'},{'JAM_STAND_STILL_TRAFFIC'},30,{6},5.0
2e68e815,2e68e8144,2020-11-03,6,{'WEATHERHAZARD'},{'HAZARD_ON_SHOULDER_CAR_STOPPED'},31,{6},5.0
2e68e815,2e68e8144,2020-11-03,7,{'JAM'},{'JAM_STAND_STILL_TRAFFIC'},7,{6},5.857142857142857
2e68e815,2e68e8144,2020-11-05,9,{'JAM'},{'JAM_STAND_STILL_TRAFFIC'},29,{7},5.0
2e68e815,2e68e8144,2020-11-05,14,{'JAM'},{'JAM_HEAVY_TRAFFIC'},31,{6},5.548387096774194
2e68e815,2e68e8144,2020-11-06,14,{'JAM'},{'JAM_MODERATE_TRAFFIC'},33,{6},5.818181818181818
2e68e815,2e68e8144,2020-11-06,15,{'JAM'},{'JAM_HEAVY_TRAFFIC'},15,{6},5.0
2e68e815,2e68e8144,2020-11-06,18,{'JAM'},{'JAM_STAND_STILL_TRAFFIC'},31,{6},5.0
2e68e815,2e68e8144,2020-11-07,12,{'JAM'},{'JAM'},32,{7},6.0
2e68e815,2e68e8144,2020-11-07,14,{'JAM'},{'JAM_STAND_STILL_TRAFFIC'},12,{6},5.25
2e68e815,2e68e8144,2020-11-07,15,{'JAM'},{'JAM_HEAVY_TRAFFIC'},3,{7},5.0
2e68e815,2e68e8144,2020-11-10,7,{'JAM'},{'JAM_STAND_STILL_TRAFFIC'},32,{6},5.90625
2e68e815,2e68e8144,2020-11-13,13,{'JAM'},{'JAM_STAND_STILL_TRAFFIC'},30,{6},5.0
2e68e815,2e68e8144,2020-11-13,14,{'JAM'},{'JAM_HEAVY_TRAFFIC'},33,{7},6.484848484848484
2e68e815,2e68e8144,2020-11-13,17,{'JAM'},{'JAM'},35,{6},5.0
2e68e815,2e68e8144,2020-11-15,15,{'JAM'},{'JAM_HEAVY_TRAFFIC'},31,{7},5.0
2e68e815,2e68e8144,2020-11-21,12,{'JAM'},{'JAM_STAND_STILL_TRAFFIC'},10,{6},5.0
2e68e815,2e68e8144,2020-11-22,14,{'JAM'},{'JAM_HEAVY_TRAFFIC'},7,{6},5.0
2e68e815,2e68e814c,2020-09-01,10,{'JAM'},{'JAM_STAND_STILL_TRAFFIC'},31,{6},5.0
2e68e815,2e68e814c,2020-09-01,17,{'JAM'},{'JAM_HEAVY_TRAFFIC'},31,{6},5.0
2e68e815,2e68e814c,2020-09-02,17,{'JAM'},{'JAM_HEAVY_TRAFFIC'},30,{6},5.0
2e68e815,2e68e814c,2020-09-03,11,{'JAM'},{'JAM_STAND_STILL_TRAFFIC'},10,{6},5.0
2e68e815,2e68e814c,2020-09-04,8,{'JAM'},{'JAM'},31,{7},5.0
2e68e815,2e68e814c,2020-09-04,10,{'WEATHERHAZARD'},{'HAZARD_ON_SHOULDER_CAR_STOPPED'},66,{6},7.848484848484849
2e68e815,2e68e814c,2020-09-04,17,{'JAM'},{'JAM_STAND_STILL_TRAFFIC'},31,{6},5.0
2e68e815,2e68e814c,2020-09-05,14,{'JAM'},{'JAM_HEAVY_TRAFFIC'},31,{6},5.0
2e68e815,2e68e814c,2020-09-07,16,{'JAM'},{'JAM_STAND_STILL_TRAFFIC'},12,{6},5.0
2e68e815,2e68e814c,2020-09-08,9,{'JAM'},{'JAM_STAND_STILL_TRAFFIC'},32,{7},5.0
2e68e815,2e68e814c,2020-09-10,7,{'JAM'},{'JAM_HEAVY_TRAFFIC'},30,{7},5.0
2e68e815,2e68e814c,2020-09-11,17,{'JAM'},{'JAM_STAND_STILL_TRAFFIC'},7,{7},5.0
2e68e815,2e68e814c,2020-09-11,18,{'JAM'},{'JAM'},34,{6},5.0
2e68e815,2e68e814c,2020-09-12,11,{'JAM'},{'JAM'},30,{6},5.0
2e68e815,2e68e814c,2020-09-12,19,{'JAM'},{'JAM_STAND_STILL_TRAFFIC'},31,{7},5.0
2e68e815,2e68e814c,2020-09-15,7,{'JAM'},{'JAM_STAND_STILL_TRAFFIC'},61,{7},5.0
2e68e815,2e68e814c,2020-09-15,8,{'JAM'},{'JAM_STAND_STILL_TRAFFIC'},31,{7},5.0
2e68e815,2e68e814c,2020-09-16,11,{'JAM'},{'JAM_MODERATE_TRAFFIC'},31,{6},5.0
2e68e815,2e68e814c,2020-09-17,7,{'JAM'},{'JAM_HEAVY_TRAFFIC'},32,{6},5.84375
2e68e815,2e68e814c,2020-09-22,7,{'JAM'},{'JAM_STAND_STILL_TRAFFIC'},35,{6},5.228571428571429
2e68e815,2e68e814c,2020-09-23,12,{'JAM'},{'JAM_MODERATE_TRAFFIC'},11,{6},5.0
2e68e815,2e68e814c,2020-09-25,13,{'JAM'},{'JAM'},38,{6},5.921052631578948
2e68e815,2e68e814c,2020-09-27,15,{'JAM'},{'JAM_MODERATE_TRAFFIC'},30,{6},5.0
2e68e815,2e68e814c,2020-10-02,16,{'JAM'},"{'JAM_STAND_STILL_TRAFFIC', 'JAM_HEAVY_TRAFFIC'}",51,{6},5.1568627450980395
2e68e815,2e68e814c,2020-10-03,10,{'JAM'},{'JAM_STAND_STILL_TRAFFIC'},32,{6},5.0
2e68e815,2e68e814c,2020-10-03,12,{'JAM'},{'JAM'},32,{6},5.0
2e68e815,2e68e814c,2020-10-03,13,{'JAM'},{'JAM_STAND_STILL_TRAFFIC'},75,"{6, 7}",5.213333333333333
2e68e815,2e68e814c,2020-10-03,14,{'JAM'},{'JAM_STAND_STILL_TRAFFIC'},32,{6},5.53125
2e68e815,2e68e814c,2020-10-05,9,{'JAM'},{'JAM_HEAVY_TRAFFIC'},5,{7},5.0
2e68e815,2e68e814c,2020-10-05,17,{'JAM'},{'JAM_STAND_STILL_TRAFFIC'},7,{6},6.857142857142857
2e68e815,2e68e814c,2020-10-09,14,{'JAM'},"{'JAM_STAND_STILL_TRAFFIC', 'JAM_HEAVY_TRAFFIC'}",65,"{1, 7}",5.246153846153846
2e68e815,2e68e814c,2020-10-10,16,{'JAM'},"{'JAM_STAND_STILL_TRAFFIC', 'JAM_HEAVY_TRAFFIC'}",55,"{6, 7}",5.763636363636364
2e68e815,2e68e814c,2020-10-12,15,{'JAM'},{'JAM_STAND_STILL_TRAFFIC'},8,{7},5.0
2e68e815,2e68e814c,2020-10-12,17,{'JAM'},{'JAM_STAND_STILL_TRAFFIC'},31,{6},5.903225806451613
2e68e815,2e68e814c,2020-10-13,7,{'JAM'},{'JAM_HEAVY_TRAFFIC'},32,{6},5.46875
2e68e815,2e68e814c,2020-10-14,7,{'JAM'},"{'JAM_STAND_STILL_TRAFFIC', 'JAM_MODERATE_TRAFFIC'}",50,"{6, 7}",5.34
2e68e815,2e68e814c,2020-10-14,10,{'JAM'},{'JAM_STAND_STILL_TRAFFIC'},14,{6},5.428571428571429
2e68e815,2e68e814c,2020-10-14,18,{'JAM'},{'JAM'},30,{6},5.0
2e68e815,2e68e814c,2020-10-15,7,{'JAM'},{'JAM_MODERATE_TRAFFIC'},30,{6},5.0
2e68e815,2e68e814c,2020-10-15,10,{'JAM'},{'JAM_HEAVY_TRAFFIC'},10,{6},6.0
2e68e815,2e68e814c,2020-10-15,17,{'JAM'},{'JAM_STAND_STILL_TRAFFIC'},32,{6},6.0625
2e68e815,2e68e814c,2020-10-16,16,{'JAM'},{'JAM_STAND_STILL_TRAFFIC'},31,{6},6.548387096774194
2e68e815,2e68e814c,2020-10-16,18,{'JAM'},{'JAM_HEAVY_TRAFFIC'},32,{7},5.25
2e68e815,2e68e814c,2020-10-17,14,{'JAM'},{'JAM_STAND_STILL_TRAFFIC'},35,{7},5.0
2e68e815,2e68e814c,2020-10-17,15,{'JAM'},{'JAM_STAND_STILL_TRAFFIC'},18,{6},5.0
2e68e815,2e68e814c,2020-10-18,13,{'JAM'},{'JAM_STAND_STILL_TRAFFIC'},36,"{6, 7}",5.472222222222222
2e68e815,2e68e814c,2020-10-18,14,{'JAM'},{'JAM_STAND_STILL_TRAFFIC'},30,{7},5.0
2e68e815,2e68e814c,2020-10-19,7,"{'JAM', 'WEATHERHAZARD'}","{'HAZARD_ON_SHOULDER_CAR_STOPPED', 'JAM_STAND_STILL_TRAFFIC', 'JAM_MODERATE_TRAFFIC'}",72,{6},5.541666666666667
2e68e815,2e68e814c,2020-10-19,16,{'JAM'},{'JAM_STAND_STILL_TRAFFIC'},24,{6},6.666666666666667
2e68e815,2e68e814c,2020-10-20,13,{'JAM'},{'JAM_MODERATE_TRAFFIC'},34,{6},5.4411764705882355
2e68e815,2e68e814c,2020-10-21,7,{'JAM'},{'JAM_HEAVY_TRAFFIC'},40,{6},5.375
2e68e815,2e68e814c,2020-10-21,10,{'JAM'},{'JAM_STAND_STILL_TRAFFIC'},31,{6},5.483870967741935
2e68e815,2e68e814c,2020-10-21,16,{'JAM'},{'JAM_STAND_STILL_TRAFFIC'},11,{6},5.0
2e68e815,2e68e814c,2020-10-23,7,{'JAM'},{'JAM_HEAVY_TRAFFIC'},30,{6},5.0
2e68e815,2e68e814c,2020-10-23,9,{'JAM'},{'JAM_STAND_STILL_TRAFFIC'},61,{6},6.327868852459017
2e68e815,2e68e814c,2020-10-23,17,{'JAM'},{'JAM_STAND_STILL_TRAFFIC'},81,{7},5.7407407407407405
2e68e815,2e68e814c,2020-10-24,9,{'JAM'},{'JAM_MODERATE_TRAFFIC'},9,{6},5.0
2e68e815,2e68e814c,2020-10-24,12,{'JAM'},{'JAM_HEAVY_TRAFFIC'},43,"{6, 7}",5.372093023255814
2e68e815,2e68e814c,2020-10-24,15,{'JAM'},{'JAM_HEAVY_TRAFFIC'},30,{6},5.0
2e68e815,2e68e814c,2020-10-24,17,{'JAM'},{'JAM_STAND_STILL_TRAFFIC'},12,{6},5.0
2e68e815,2e68e814c,2020-10-26,11,{'JAM'},{'JAM_STAND_STILL_TRAFFIC'},30,{7},5.0
2e68e815,2e68e814c,2020-10-26,13,{'JAM'},{'JAM_STAND_STILL_TRAFFIC'},20,{6},5.0
2e68e815,2e68e814c,2020-10-26,19,{'JAM'},{'JAM_HEAVY_TRAFFIC'},31,{6},5.0
2e68e815,2e68e814c,2020-10-27,7,{'JAM'},{'JAM_MODERATE_TRAFFIC'},33,{6},5.0
2e68e815,2e68e814c,2020-10-27,8,{'JAM'},{'JAM_STAND_STILL_TRAFFIC'},2,{6},5.0
2e68e815,2e68e814c,2020-10-27,12,{'JAM'},{'JAM_HEAVY_TRAFFIC'},30,{6},5.0
2e68e815,2e68e814c,2020-10-27,13,{'JAM'},{'JAM_STAND_STILL_TRAFFIC'},16,{6},6.0
2e68e815,2e68e814c,2020-10-27,14,{'JAM'},{'JAM_STAND_STILL_TRAFFIC'},31,{1},5.0
2e68e815,2e68e814c,2020-10-28,11,{'JAM'},{'JAM_HEAVY_TRAFFIC'},32,{6},6.1875
2e68e815,2e68e814c,2020-10-28,17,{'JAM'},{'JAM_STAND_STILL_TRAFFIC'},31,{6},5.0
2e68e815,2e68e814c,2020-10-29,14,{'JAM'},{'JAM_STAND_STILL_TRAFFIC'},15,{7},6.0
2e68e815,2e68e814c,2020-10-30,10,{'JAM'},{'JAM'},30,{7},5.0
2e68e815,2e68e814c,2020-10-30,13,{'JAM'},{'JAM_STAND_STILL_TRAFFIC'},31,{6},5.483870967741935
2e68e815,2e68e814c,2020-10-30,15,{'JAM'},{'JAM_STAND_STILL_TRAFFIC'},57,{7},5.0
2e68e815,2e68e814c,2020-10-31,11,{'JAM'},"{'JAM_STAND_STILL_TRAFFIC', 'JAM_HEAVY_TRAFFIC'}",76,{6},5.592105263157895
2e68e815,2e68e814c,2020-10-31,14,{'JAM'},{'JAM_STAND_STILL_TRAFFIC'},30,{7},7.7
2e68e815,2e68e814c,2020-11-01,12,{'JAM'},{'JAM_HEAVY_TRAFFIC'},30,{7},5.0
2e68e815,2e68e814c,2020-11-01,13,{'JAM'},{'JAM_STAND_STILL_TRAFFIC'},30,{7},5.0
2e68e815,2e68e814c,2020-11-02,7,{'JAM'},{'JAM_STAND_STILL_TRAFFIC'},71,{7},5.788732394366197
2e68e815,2e68e814c,2020-11-02,11,{'JAM'},{'JAM_MODERATE_TRAFFIC'},31,{6},5.0
2e68e815,2e68e814c,2020-11-02,14,{'JAM'},{'JAM_HEAVY_TRAFFIC'},24,{6},5.0
2e68e815,2e68e814c,2020-11-02,16,{'JAM'},{'JAM_STAND_STILL_TRAFFIC'},83,{7},6.602409638554217
2e68e815,2e68e814c,2020-11-03,9,{'JAM'},"{'JAM_STAND_STILL_TRAFFIC', 'JAM_HEAVY_TRAFFIC'}",62,{6},6.467741935483871
2e68e815,2e68e814c,2020-11-04,10,{'JAM'},{'JAM'},33,{6},5.0
2e68e815,2e68e814c,2020-11-04,11,{'JAM'},{'JAM_HEAVY_TRAFFIC'},17,{6},5.0
2e68e815,2e68e814c,2020-11-05,7,{'JAM'},{'JAM_HEAVY_TRAFFIC'},6,{7},5.0
2e68e815,2e68e814c,2020-11-06,13,{'JAM'},{'JAM_HEAVY_TRAFFIC'},31,{6},5.870967741935484
2e68e815,2e68e814c,2020-11-06,14,{'JAM'},{'JAM_STAND_STILL_TRAFFIC'},33,{7},5.96969696969697
2e68e815,2e68e814c,2020-11-06,16,{'JAM'},{'JAM_STAND_STILL_TRAFFIC'},26,{6},6.0
2e68e815,2e68e814c,2020-11-07,11,{'JAM'},{'JAM_HEAVY_TRAFFIC'},30,{6},5.0
2e68e815,2e68e814c,2020-11-07,15,{'JAM'},"{'JAM_STAND_STILL_TRAFFIC', 'JAM_HEAVY_TRAFFIC'}",75,"{6, 7}",5.6
2e68e815,2e68e814c,2020-11-07,16,{'JAM'},{'JAM_STAND_STILL_TRAFFIC'},26,{6},6.884615384615385
2e68e815,2e68e814c,2020-11-07,17,{'JAM'},{'JAM_HEAVY_TRAFFIC'},38,{6},7.342105263157895
2e68e815,2e68e814c,2020-11-08,17,{'JAM'},{'JAM_MODERATE_TRAFFIC'},30,{6},5.0
2e68e815,2e68e814c,2020-11-09,6,{'JAM'},{'JAM_STAND_STILL_TRAFFIC'},30,{6},5.0
2e68e815,2e68e814c,2020-11-09,14,{'JAM'},{'JAM_STAND_STILL_TRAFFIC'},17,{6},6.647058823529412
2e68e815,2e68e814c,2020-11-09,17,{'JAM'},{'JAM_STAND_STILL_TRAFFIC'},6,{6},5.0
2e68e815,2e68e814c,2020-11-10,7,{'JAM'},{'JAM_MODERATE_TRAFFIC'},6,{6},5.0
2e68e815,2e68e814c,2020-11-11,11,{'JAM'},{'JAM_HEAVY_TRAFFIC'},8,{7},5.625
2e68e815,2e68e814c,2020-11-11,17,{'JAM'},{'JAM_STAND_STILL_TRAFFIC'},31,{6},5.645161290322581
2e68e815,2e68e814c,2020-11-13,17,{'JAM'},{'JAM_STAND_STILL_TRAFFIC'},27,{6},5.0
2e68e815,2e68e814c,2020-11-15,14,{'JAM'},{'JAM_STAND_STILL_TRAFFIC'},20,{6},5.0
2e68e815,2e68e814c,2020-11-17,9,{'JAM'},{'JAM_HEAVY_TRAFFIC'},35,{6},6.742857142857143
2e68e815,2e68e814c,2020-11-17,10,{'JAM'},{'JAM_HEAVY_TRAFFIC'},30,{6},5.0
2e68e815,2e68e814c,2020-11-17,11,{'JAM'},{'JAM_STAND_STILL_TRAFFIC'},31,{6},5.0
2e68e815,2e68e814c,2020-11-17,12,{'JAM'},{'JAM'},30,{7},5.0
2e68e815,2e68e814c,2020-11-18,7,{'JAM'},{'JAM_STAND_STILL_TRAFFIC'},27,{6},5.111111111111111
2e68e815,2e68e814c,2020-11-18,10,{'JAM'},{'JAM_MODERATE_TRAFFIC'},30,{6},5.0
2e68e815,2e68e814c,2020-11-20,14,{'JAM'},"{'JAM_STAND_STILL_TRAFFIC', 'JAM_MODERATE_TRAFFIC'}",69,"{6, 7}",7.0144927536231885
2e68e815,2e68e814c,2020-11-21,12,{'JAM'},{'JAM_STAND_STILL_TRAFFIC'},5,{7},6.0
2e68e815,2e68e814c,2020-11-21,15,{'JAM'},{'JAM_MODERATE_TRAFFIC'},48,{6},5.375
2e68e815,2e68e8154,2020-10-01,7,{'ACCIDENT'},{'ACCIDENT'},120,{1},5.0
2e68e815,2e68e815c,2020-11-07,19,{'JAM'},{'JAM_STAND_STILL_TRAFFIC'},5,{1},5.0
2e68e817,2e68e816c,2020-09-02,14,{'JAM'},{'JAM_HEAVY_TRAFFIC'},29,{6},5.0
2e68e817,2e68e816c,2020-09-02,15,{'JAM'},{'JAM_STAND_STILL_TRAFFIC'},38,{6},5.2631578947368425
2e68e817,2e68e816c,2020-09-03,7,{'JAM'},{'JAM_HEAVY_TRAFFIC'},32,{6},5.0
2e68e817,2e68e816c,2020-09-04,16,{'JAM'},{'JAM_STAND_STILL_TRAFFIC'},38,"{6, 7}",5.0
2e68e817,2e68e816c,2020-09-08,10,{'JAM'},{'JAM_STAND_STILL_TRAFFIC'},31,{6},5.838709677419355
2e68e817,2e68e816c,2020-09-13,14,{'JAM'},{'JAM_STAND_STILL_TRAFFIC'},30,{6},5.0
2e68e817,2e68e816c,2020-09-15,8,{'JAM'},{'JAM_STAND_STILL_TRAFFIC'},32,{6},5.0
2e68e817,2e68e816c,2020-09-21,7,{'JAM'},{'JAM_STAND_STILL_TRAFFIC'},54,"{6, 7}",5.37037037037037
2e68e817,2e68e816c,2020-09-22,7,{'JAM'},{'JAM_STAND_STILL_TRAFFIC'},33,{6},5.0
2e68e817,2e68e816c,2020-10-02,15,{'JAM'},{'JAM_STAND_STILL_TRAFFIC'},30,{7},5.0
2e68e817,2e68e816c,2020-10-03,14,{'JAM'},{'JAM_STAND_STILL_TRAFFIC'},27,{6},6.0
2e68e817,2e68e816c,2020-10-03,16,{'JAM'},{'JAM_STAND_STILL_TRAFFIC'},36,{7},5.5
2e68e817,2e68e816c,2020-10-06,13,{'WEATHERHAZARD'},{'HAZARD_ON_ROAD_CAR_STOPPED'},12,{6},5.5
2e68e817,2e68e816c,2020-10-09,14,{'JAM'},{'JAM_MODERATE_TRAFFIC'},30,{7},5.0
2e68e817,2e68e816c,2020-10-10,15,{'JAM'},{'JAM_STAND_STILL_TRAFFIC'},43,{6},7.395348837209302
2e68e817,2e68e816c,2020-10-10,16,{'JAM'},{'JAM_MODERATE_TRAFFIC'},31,{6},5.0
2e68e817,2e68e816c,2020-10-12,14,{'JAM'},{'JAM_HEAVY_TRAFFIC'},33,{6},5.0
2e68e817,2e68e816c,2020-10-16,15,{'JAM'},{'JAM_STAND_STILL_TRAFFIC'},31,{6},5.838709677419355
2e68e817,2e68e816c,2020-10-16,17,{'JAM'},{'JAM_STAND_STILL_TRAFFIC'},33,{7},5.0
2e68e817,2e68e816c,2020-10-17,14,{'JAM'},{'JAM_STAND_STILL_TRAFFIC'},30,{7},6.733333333333333
2e68e817,2e68e816c,2020-10-24,14,{'JAM'},{'JAM_STAND_STILL_TRAFFIC'},31,{6},5.0
2e68e817,2e68e816c,2020-10-24,16,{'JAM'},{'JAM_HEAVY_TRAFFIC'},31,{6},5.0
2e68e817,2e68e816c,2020-10-27,17,{'JAM'},{'JAM_STAND_STILL_TRAFFIC'},31,{6},5.0
2e68e817,2e68e816c,2020-10-27,18,{'JAM'},{'JAM_HEAVY_TRAFFIC'},31,{6},5.516129032258065
2e68e817,2e68e816c,2020-10-28,13,{'JAM'},{'JAM'},30,{6},5.0
2e68e817,2e68e816c,2020-10-29,15,{'JAM'},{'JAM'},11,{7},5.0
2e68e817,2e68e816c,2020-10-30,14,{'JAM'},{'JAM'},33,{6},5.0
2e68e817,2e68e816c,2020-11-01,13,{'JAM'},{'JAM_STAND_STILL_TRAFFIC'},31,{7},5.0
2e68e817,2e68e816c,2020-11-06,16,{'JAM'},{'JAM_STAND_STILL_TRAFFIC'},5,{6},5.0
2e68e817,2e68e816c,2020-11-07,16,{'JAM'},{'JAM_STAND_STILL_TRAFFIC'},32,{6},7.84375
2e68e817,2e68e816c,2020-11-07,17,{'JAM'},{'JAM_STAND_STILL_TRAFFIC'},26,{7},6.6923076923076925
2e68e817,2e68e816c,2020-11-07,18,{'JAM'},{'JAM_STAND_STILL_TRAFFIC'},31,{6},5.0
2e68e817,2e68e816c,2020-11-09,8,{'JAM'},{'JAM_HEAVY_TRAFFIC'},44,{6},5.363636363636363
2e68e817,2e68e816c,2020-11-09,11,{'JAM'},{'JAM_STAND_STILL_TRAFFIC'},29,{6},5.0
2e68e817,2e68e816c,2020-11-11,12,{'JAM'},{'JAM_STAND_STILL_TRAFFIC'},47,{6},5.361702127659575
2e68e817,2e68e816c,2020-11-17,10,{'JAM'},{'JAM_STAND_STILL_TRAFFIC'},31,{6},5.0
2e68e817,2e68e816c,2020-11-20,13,{'JAM'},{'JAM_STAND_STILL_TRAFFIC'},20,{6},9.6
2e68e817,2e68e816c,2020-11-22,18,{'JAM'},{'JAM_MODERATE_TRAFFIC'},8,{6},5.0
2e68e819,2e68e819c,2020-09-04,17,{'JAM'},{'JAM_STAND_STILL_TRAFFIC'},61,{1},5.0
2e68e819,2e68e819c,2020-09-06,12,{'JAM'},{'JAM_HEAVY_TRAFFIC'},25,{1},5.0
2e68e819,2e68e819c,2020-09-06,19,{'JAM'},{'JAM_STAND_STILL_TRAFFIC'},30,{1},5.0
2e68e819,2e68e819c,2020-10-19,14,{'JAM'},{'JAM_STAND_STILL_TRAFFIC'},31,{1},5.0
2e68e819,2e68e819c,2020-10-19,15,{'JAM'},{'JAM_STAND_STILL_TRAFFIC'},32,{1},5.0
2e68e819,2e68e819c,2020-11-06,18,{'JAM'},{'JAM_STAND_STILL_TRAFFIC'},53,{1},5.0
2e68e819,2e68e819c,2020-11-17,17,{'JAM'},{'JAM_STAND_STILL_TRAFFIC'},34,{1},5.0
2e68e81b,2e68e81a4,2020-09-06,14,{'JAM'},{'JAM'},10,{6},5.0
2e68e81b,2e68e81a4,2020-09-21,17,{'JAM'},{'JAM_MODERATE_TRAFFIC'},31,{6},5.0
2e68e81b,2e68e81a4,2020-10-05,14,{'JAM'},{'JAM'},7,{6},5.0
2e68e81b,2e68e81a4,2020-10-12,17,{'JAM'},{'JAM_HEAVY_TRAFFIC'},19,{6},5.0
2e68e81b,2e68e81a4,2020-10-21,16,{'JAM'},{'JAM'},32,{6},5.0
2e68e81b,2e68e81a4,2020-10-21,18,{'JAM'},{'JAM_STAND_STILL_TRAFFIC'},31,{7},5.0
2e68e81b,2e68e81a4,2020-10-22,18,{'JAM'},{'JAM_HEAVY_TRAFFIC'},31,{6},5.0
2e68e81b,2e68e81a4,2020-10-23,18,{'JAM'},{'JAM_MODERATE_TRAFFIC'},34,{6},5.5588235294117645
2e68e81b,2e68e81a4,2020-10-26,18,{'JAM'},{'JAM_STAND_STILL_TRAFFIC'},27,{6},5.0
2e68e81b,2e68e81a4,2020-10-30,14,{'JAM'},{'JAM_STAND_STILL_TRAFFIC'},9,{6},5.0
2e68e81b,2e68e81a4,2020-10-30,19,{'JAM'},{'JAM'},34,{7},5.0
2e68e81b,2e68e81a4,2020-11-01,10,{'WEATHERHAZARD'},{'HAZARD_ON_ROAD_CONSTRUCTION'},89,{7},5.786516853932584
2e68e81b,2e68e81a4,2020-11-01,13,{'JAM'},{'JAM_HEAVY_TRAFFIC'},34,{6},5.0
2e68e81b,2e68e81a4,2020-11-07,14,{'JAM'},{'JAM_STAND_STILL_TRAFFIC'},30,{6},5.0
2e68e81b,2e68e81a4,2020-11-09,16,{'JAM'},{'JAM_STAND_STILL_TRAFFIC'},32,{6},5.0
2e68e81b,2e68e81a4,2020-11-10,17,{'JAM'},{'JAM_STAND_STILL_TRAFFIC'},32,{6},5.96875
2e68e81b,2e68e81ac,2020-10-20,15,{'JAM'},{'JAM'},30,{1},5.0
2e68e81b,2e68e81b4,2020-10-21,17,{'WEATHERHAZARD'},{'HAZARD_WEATHER_FLOOD'},30,{1},5.0
2e68e81b,2e68e81bc,2020-09-03,14,{'JAM'},{'JAM_HEAVY_TRAFFIC'},31,{6},5.0
2e68e81b,2e68e81bc,2020-09-05,17,{'JAM'},{'JAM_MODERATE_TRAFFIC'},28,{6},5.0
2e68e81b,2e68e81bc,2020-09-07,16,{'JAM'},{'JAM_STAND_STILL_TRAFFIC'},75,{6},5.24
2e68e81b,2e68e81bc,2020-09-08,18,{'JAM'},{'JAM_HEAVY_TRAFFIC'},14,{6},5.0
2e68e81b,2e68e81bc,2020-09-16,17,{'JAM'},{'JAM_STAND_STILL_TRAFFIC'},27,{6},5.925925925925926
2e68e81b,2e68e81bc,2020-10-05,7,{'JAM'},{'JAM_STAND_STILL_TRAFFIC'},5,{6},5.0
2e68e81b,2e68e81bc,2020-10-06,9,{'JAM'},{'JAM_MODERATE_TRAFFIC'},32,{6},5.0
2e68e81b,2e68e81bc,2020-10-06,12,{'JAM'},{'JAM_MODERATE_TRAFFIC'},10,{6},5.0
2e68e81b,2e68e81bc,2020-10-09,15,{'JAM'},{'JAM_MODERATE_TRAFFIC'},28,{6},5.0
2e68e81b,2e68e81bc,2020-10-10,12,{'JAM'},{'JAM_MODERATE_TRAFFIC'},19,{6},5.0
2e68e81b,2e68e81bc,2020-10-11,17,{'WEATHERHAZARD'},"{'HAZARD_ON_ROAD_ICE', 'HAZARD_ON_ROAD_POT_HOLE'}",55,{6},5.181818181818182
2e68e81b,2e68e81bc,2020-10-20,18,{'JAM'},{'JAM_HEAVY_TRAFFIC'},34,{6},5.970588235294118
2e68e81b,2e68e81bc,2020-10-24,13,{'JAM'},{'JAM'},31,{1},6.935483870967742
2e68e81b,2e68e81bc,2020-10-24,15,{'JAM'},{'JAM_HEAVY_TRAFFIC'},30,{6},5.0
2e68e81b,2e68e81bc,2020-10-26,7,{'JAM'},{'JAM_HEAVY_TRAFFIC'},31,{7},5.0
2e68e81b,2e68e81bc,2020-10-26,17,{'JAM'},{'JAM_HEAVY_TRAFFIC'},31,{7},6.193548387096774
2e68e81b,2e68e81bc,2020-10-27,21,{'JAM'},{'JAM_STAND_STILL_TRAFFIC'},33,{7},5.909090909090909
2e68e81b,2e68e81bc,2020-10-30,14,{'JAM'},{'JAM_STAND_STILL_TRAFFIC'},33,{6},5.0
2e68e81b,2e68e81bc,2020-11-02,17,{'JAM'},{'JAM_HEAVY_TRAFFIC'},73,{6},5.0
2e68e81b,2e68e81bc,2020-11-06,18,{'JAM'},{'JAM_STAND_STILL_TRAFFIC'},34,{6},5.0
2e68e81b,2e68e81bc,2020-11-17,16,{'JAM'},{'JAM_HEAVY_TRAFFIC'},32,{6},5.0
2e68e81d,2e68e81c4,2020-09-22,19,{'JAM'},{'JAM_STAND_STILL_TRAFFIC'},1,{6},5.0
2e68e81d,2e68e81c4,2020-09-27,10,{'WEATHERHAZARD'},{'HAZARD_ON_ROAD_CAR_STOPPED'},30,{1},5.0
2e68e81d,2e68e81c4,2020-10-02,13,{'JAM'},{'JAM_STAND_STILL_TRAFFIC'},30,{2},5.0
2e68e81d,2e68e81c4,2020-10-03,9,{'JAM'},{'JAM_HEAVY_TRAFFIC'},14,{2},5.0
2e68e81d,2e68e81c4,2020-10-03,11,{'JAM'},{'JAM_HEAVY_TRAFFIC'},8,{2},5.0
2e68e81d,2e68e81c4,2020-10-27,19,{'JAM'},{'JAM_HEAVY_TRAFFIC'},31,{6},5.0
2e68e81d,2e68e81c4,2020-11-02,7,{'JAM'},{'JAM_HEAVY_TRAFFIC'},30,{7},5.0
2e68e81d,2e68e81c4,2020-11-15,9,{'JAM'},{'JAM_HEAVY_TRAFFIC'},30,{7},5.0
2e68e81d,2e68e81cc,2020-09-16,18,{'JAM'},{'JAM_STAND_STILL_TRAFFIC'},29,{6},5.0
2e68e81d,2e68e81cc,2020-09-22,18,{'JAM'},{'JAM_HEAVY_TRAFFIC'},32,{7},5.0
2e68e81d,2e68e81cc,2020-09-22,19,{'JAM'},{'JAM_STAND_STILL_TRAFFIC'},29,{6},7.241379310344827
2e68e81d,2e68e81cc,2020-09-28,18,{'JAM'},{'JAM_HEAVY_TRAFFIC'},32,{7},5.0
2e68e81d,2e68e81cc,2020-10-02,19,{'JAM'},{'JAM_HEAVY_TRAFFIC'},44,{6},7.4772727272727275
2e68e81d,2e68e81cc,2020-10-05,18,{'JAM'},{'JAM_HEAVY_TRAFFIC'},30,{6},5.8
2e68e81d,2e68e81cc,2020-10-21,18,{'JAM'},{'JAM_HEAVY_TRAFFIC'},44,{6},6.2272727272727275
2e68e81d,2e68e81cc,2020-10-27,18,{'JAM'},{'JAM'},31,{6},5.0
2e68e81d,2e68e81cc,2020-10-27,19,{'JAM'},{'JAM'},47,{7},5.382978723404255
2e68e81d,2e68e81cc,2020-10-31,12,{'JAM'},{'JAM_STAND_STILL_TRAFFIC'},10,{1},5.0
2e68e81d,2e68e81cc,2020-11-22,11,{'JAM'},{'JAM_STAND_STILL_TRAFFIC'},33,{7},5.0
2e68e81d,2e68e81d4,2020-09-22,18,{'JAM'},{'JAM_HEAVY_TRAFFIC'},32,{6},5.96875
2e68e81d,2e68e81d4,2020-10-19,18,{'JAM'},{'JAM_STAND_STILL_TRAFFIC'},32,{6},6.0625
2e68e81d,2e68e81d4,2020-10-22,19,{'JAM'},{'JAM_STAND_STILL_TRAFFIC'},38,{6},5.421052631578948
2e68e81d,2e68e81d4,2020-10-26,7,{'JAM'},{'JAM_MODERATE_TRAFFIC'},30,{6},5.0
2e68e81d,2e68e81d4,2020-10-26,18,{'JAM'},{'JAM_STAND_STILL_TRAFFIC'},31,{6},5.0
2e68e81d,2e68e81d4,2020-10-31,13,{'JAM'},{'JAM_STAND_STILL_TRAFFIC'},32,{6},5.0
2e68e81d,2e68e81d4,2020-11-02,17,{'JAM'},{'JAM_HEAVY_TRAFFIC'},31,{6},6.548387096774194
2e68e81d,2e68e81d4,2020-11-05,7,{'JAM'},{'JAM_MODERATE_TRAFFIC'},37,{6},5.45945945945946
2e68e81d,2e68e81dc,2020-10-25,19,{'JAM'},{'JAM_MODERATE_TRAFFIC'},32,{6},5.0
2e68e81d,2e68e81dc,2020-11-07,14,{'JAM'},{'JAM_STAND_STILL_TRAFFIC'},31,{7},5.967741935483871
2e68e81f,2e68e81e4,2020-10-30,14,{'JAM'},{'JAM_STAND_STILL_TRAFFIC'},26,{2},5.076923076923077
2e68e81f,2e68e81e4,2020-11-01,10,{'JAM'},{'JAM_STAND_STILL_TRAFFIC'},31,{2},5.0
2e68e81f,2e68e81ec,2020-11-10,12,{'ACCIDENT'},{'ACCIDENT'},123,{1},5.0
2e68e81f,2e68e81fc,2020-09-21,13,{'JAM'},{'JAM'},30,{2},5.0
2e68e81f,2e68e81fc,2020-10-02,20,{'JAM'},{'JAM_MODERATE_TRAFFIC'},36,{2},5.0
2e68e81f,2e68e81fc,2020-11-04,6,{'JAM'},{'JAM'},31,{1},5.0
2e68e821,2e68e8204,2020-09-12,9,{'WEATHERHAZARD'},{'WEATHERHAZARD'},34,{1},5.0
2e68e821,2e68e8204,2020-09-27,11,{'JAM'},{'JAM'},30,{1},5.0
2e68e823,2e68e8224,2020-10-25,12,{'JAM'},{'JAM_HEAVY_TRAFFIC'},30,{1},5.0
2e68e823,2e68e8224,2020-11-02,21,{'JAM'},{'JAM'},30,{1},5.0
2e68e823,2e68e822c,2020-10-10,14,{'WEATHERHAZARD'},{'WEATHERHAZARD'},30,{2},5.0
2e68e823,2e68e823c,2020-10-13,11,{'JAM'},{'JAM_MODERATE_TRAFFIC'},32,{2},6.96875
2e68e825,2e68e8244,2020-10-19,15,"{'JAM', 'ACCIDENT'}","{'JAM', 'ACCIDENT'}",153,{2},5.0
2e68e827,2e68e8264,2020-11-16,11,{'WEATHERHAZARD'},{'HAZARD_WEATHER'},33,{1},5.0
2e68e829,2e68e8294,2020-10-10,12,{'JAM'},{'JAM_HEAVY_TRAFFIC'},24,{2},5.0
2e68e829,2e68e8294,2020-10-30,13,{'JAM'},{'JAM_STAND_STILL_TRAFFIC'},31,{2},5.0
2e68e829,2e68e829c,2020-09-05,18,{'JAM'},{'JAM_MODERATE_TRAFFIC'},6,{2},5.0
2e68e829,2e68e829c,2020-09-14,12,{'JAM'},{'JAM_STAND_STILL_TRAFFIC'},25,{2},5.0
2e68e829,2e68e829c,2020-10-10,12,{'JAM'},"{'JAM_STAND_STILL_TRAFFIC', 'JAM_HEAVY_TRAFFIC'}",47,{2},5.0
2e68e829,2e68e829c,2020-10-24,10,{'JAM'},{'JAM_HEAVY_TRAFFIC'},34,{2},5.4411764705882355
2e68e829,2e68e829c,2020-10-24,11,{'JAM'},{'JAM_HEAVY_TRAFFIC'},9,{2},5.0
2e68e82b,2e68e82b4,2020-10-29,19,"{'JAM', 'WEATHERHAZARD'}","{'JAM', 'HAZARD_WEATHER_HEAVY_SNOW', 'HAZARD_WEATHER_FLOOD'}",106,{1},5.0
2e68e82f,2e68e82ec,2020-10-10,12,{'JAM'},{'JAM_STAND_STILL_TRAFFIC'},25,{2},5.0
2e68e82f,2e68e82ec,2020-11-07,13,{'JAM'},{'JAM_STAND_STILL_TRAFFIC'},33,{2},5.0
2e68e82f,2e68e82ec,2020-11-21,21,{'ACCIDENT'},{'ACCIDENT'},122,{2},5.0
2e68e82f,2e68e82f4,2020-09-19,16,{'JAM'},{'JAM_HEAVY_TRAFFIC'},32,{2},5.0
2e68e82f,2e68e82f4,2020-10-03,20,{'JAM'},{'JAM'},32,{2},5.0
2e68e82f,2e68e82f4,2020-10-10,12,{'JAM'},{'JAM_HEAVY_TRAFFIC'},26,{2},5.0
2e68e82f,2e68e82f4,2020-10-10,13,{'JAM'},{'JAM_STAND_STILL_TRAFFIC'},30,{2},5.0
2e68e82f,2e68e82f4,2020-10-10,17,{'JAM'},{'JAM_HEAVY_TRAFFIC'},31,{2},5.0
2e68e82f,2e68e82f4,2020-10-15,18,{'JAM'},{'JAM'},31,{2},6.0
2e68e82f,2e68e82f4,2020-10-17,13,{'JAM'},{'JAM_HEAVY_TRAFFIC'},33,{2},5.0
2e68e82f,2e68e82f4,2020-10-26,17,{'JAM'},{'JAM_STAND_STILL_TRAFFIC'},26,{2},5.0
2e68e82f,2e68e82f4,2020-11-01,15,{'JAM'},{'JAM_HEAVY_TRAFFIC'},30,{1},5.0
2e68e82f,2e68e82f4,2020-11-08,12,{'JAM'},{'JAM_HEAVY_TRAFFIC'},35,{2},5.0
2e68e82f,2e68e82f4,2020-11-14,16,{'JAM'},{'JAM_STAND_STILL_TRAFFIC'},29,{2},5.0
2e68e82f,2e68e82f4,2020-11-14,18,{'JAM'},{'JAM_MODERATE_TRAFFIC'},34,{2},5.0
2e68e82f,2e68e82f4,2020-11-15,16,{'WEATHERHAZARD'},{'WEATHERHAZARD'},31,{2},5.0
2e68e82f,2e68e82fc,2020-09-07,17,{'JAM'},"{'JAM', 'JAM_STAND_STILL_TRAFFIC'}",65,{2},5.8
2e68e82f,2e68e82fc,2020-09-10,18,{'JAM'},{'JAM_HEAVY_TRAFFIC'},33,{2},6.0
2e68e82f,2e68e82fc,2020-09-18,16,{'JAM'},{'JAM_STAND_STILL_TRAFFIC'},31,{2},5.0
2e68e82f,2e68e82fc,2020-09-26,9,{'JAM'},{'JAM_STAND_STILL_TRAFFIC'},30,{2},5.0
2e68e82f,2e68e82fc,2020-09-29,11,{'JAM'},{'JAM_MODERATE_TRAFFIC'},44,{2},5.0
2e68e82f,2e68e82fc,2020-10-03,16,{'JAM'},{'JAM_STAND_STILL_TRAFFIC'},45,{2},5.355555555555555
2e68e82f,2e68e82fc,2020-10-03,19,{'JAM'},{'JAM_STAND_STILL_TRAFFIC'},31,{2},5.0
2e68e82f,2e68e82fc,2020-10-09,16,{'JAM'},{'JAM_STAND_STILL_TRAFFIC'},19,{2},5.0
2e68e82f,2e68e82fc,2020-10-10,12,{'JAM'},{'JAM_HEAVY_TRAFFIC'},26,{2},5.0
2e68e82f,2e68e82fc,2020-10-28,17,{'JAM'},{'JAM_HEAVY_TRAFFIC'},44,{2},6.340909090909091
2e68e82f,2e68e82fc,2020-10-31,13,{'JAM'},{'JAM_STAND_STILL_TRAFFIC'},30,{2},5.0
2e68e82f,2e68e82fc,2020-11-07,11,{'JAM'},{'JAM_HEAVY_TRAFFIC'},30,{2},5.0
2e68e82f,2e68e82fc,2020-11-07,14,{'JAM'},"{'JAM_STAND_STILL_TRAFFIC', 'JAM_HEAVY_TRAFFIC'}",63,{2},5.0
2e68e82f,2e68e82fc,2020-11-07,15,{'JAM'},{'JAM_HEAVY_TRAFFIC'},32,{2},5.0
2e68e82f,2e68e82fc,2020-11-14,18,{'JAM'},{'JAM_MODERATE_TRAFFIC'},33,{2},5.0
2e68e82f,2e68e82fc,2020-11-17,16,{'JAM'},{'JAM_STAND_STILL_TRAFFIC'},31,{2},5.806451612903226
2e68e82f,2e68e82fc,2020-11-17,17,{'JAM'},{'JAM_HEAVY_TRAFFIC'},38,{2},5.5
2e68e82f,2e68e82fc,2020-11-20,13,{'JAM'},{'JAM_MODERATE_TRAFFIC'},20,{2},5.0
2e68e831,2e68e830c,2020-09-25,18,{'JAM'},{'JAM_MODERATE_TRAFFIC'},31,{1},6.0
2e68e831,2e68e8314,2020-11-15,13,{'JAM'},{'JAM_MODERATE_TRAFFIC'},25,{1},5.0
2e68e831,2e68e8314,2020-11-16,7,{'WEATHERHAZARD'},{'WEATHERHAZARD'},30,{1},5.0
2e68e839,2e68e8384,2020-10-05,7,{'JAM'},{'JAM_HEAVY_TRAFFIC'},30,{1},5.0
2e68e839,2e68e8384,2020-10-20,14,{'JAM'},{'JAM'},27,{2},5.0
2e68e839,2e68e838c,2020-09-01,8,{'JAM'},{'JAM_STAND_STILL_TRAFFIC'},31,{2},5.0
2e68e839,2e68e838c,2020-09-02,15,{'JAM'},{'JAM_STAND_STILL_TRAFFIC'},6,{2},5.0
2e68e839,2e68e838c,2020-09-03,16,{'JAM'},{'JAM_STAND_STILL_TRAFFIC'},30,{2},5.0
2e68e839,2e68e838c,2020-09-07,17,{'JAM'},{'JAM_STAND_STILL_TRAFFIC'},93,{2},5.0
2e68e839,2e68e838c,2020-09-08,16,{'JAM'},{'JAM_HEAVY_TRAFFIC'},34,{2},5.0
2e68e839,2e68e838c,2020-09-09,8,{'JAM'},{'JAM_MODERATE_TRAFFIC'},30,{2},5.0
2e68e839,2e68e838c,2020-09-15,7,{'JAM'},{'JAM_HEAVY_TRAFFIC'},31,{2},5.0
2e68e839,2e68e838c,2020-09-18,17,{'JAM'},{'JAM_HEAVY_TRAFFIC'},93,{2},5.0
2e68e839,2e68e838c,2020-09-24,17,{'JAM'},{'JAM_STAND_STILL_TRAFFIC'},30,{2},5.0
2e68e839,2e68e838c,2020-09-26,10,{'JAM'},{'JAM_HEAVY_TRAFFIC'},30,{2},5.0
2e68e839,2e68e838c,2020-09-26,19,{'JAM'},{'JAM_HEAVY_TRAFFIC'},63,{2},5.0
2e68e839,2e68e838c,2020-10-02,7,{'JAM'},{'JAM_MODERATE_TRAFFIC'},32,{2},5.0
2e68e839,2e68e838c,2020-10-02,16,{'JAM'},{'JAM_HEAVY_TRAFFIC'},30,{2},5.0
2e68e839,2e68e838c,2020-10-03,13,{'JAM'},{'JAM_MODERATE_TRAFFIC'},30,{2},5.0
2e68e839,2e68e838c,2020-10-03,17,{'JAM'},{'JAM_STAND_STILL_TRAFFIC'},33,{2},5.0
2e68e839,2e68e838c,2020-10-10,13,{'JAM'},{'JAM_HEAVY_TRAFFIC'},30,{2},5.0
2e68e839,2e68e838c,2020-10-10,16,{'JAM'},{'JAM_HEAVY_TRAFFIC'},33,{2},5.0
2e68e839,2e68e838c,2020-10-10,17,{'JAM'},{'JAM_STAND_STILL_TRAFFIC'},62,{2},5.5
2e68e839,2e68e838c,2020-10-14,11,{'JAM'},{'JAM_STAND_STILL_TRAFFIC'},30,{2},5.0
2e68e839,2e68e838c,2020-10-17,11,{'JAM'},{'JAM_STAND_STILL_TRAFFIC'},30,{2},5.0
2e68e839,2e68e838c,2020-10-17,13,{'JAM'},{'JAM_STAND_STILL_TRAFFIC'},30,{2},5.0
2e68e839,2e68e838c,2020-10-17,17,{'JAM'},{'JAM_STAND_STILL_TRAFFIC'},31,{2},5.0
2e68e839,2e68e838c,2020-10-21,11,{'JAM'},{'JAM_STAND_STILL_TRAFFIC'},30,{2},5.0
2e68e839,2e68e838c,2020-10-22,10,{'JAM'},{'JAM_MODERATE_TRAFFIC'},23,{2},5.0
2e68e839,2e68e838c,2020-10-26,8,{'JAM'},{'JAM'},31,{1},7.0
2e68e839,2e68e838c,2020-10-28,16,{'JAM'},{'JAM_STAND_STILL_TRAFFIC'},23,{2},5.0
2e68e839,2e68e838c,2020-10-31,12,{'JAM'},{'JAM_HEAVY_TRAFFIC'},44,{2},5.886363636363637
2e68e839,2e68e838c,2020-11-01,14,{'JAM'},{'JAM_MODERATE_TRAFFIC'},31,{2},5.0
2e68e839,2e68e838c,2020-11-02,8,{'JAM'},{'JAM'},33,{1},5.0
2e68e839,2e68e838c,2020-11-06,18,{'JAM'},{'JAM_STAND_STILL_TRAFFIC'},25,{2},5.0
2e68e839,2e68e838c,2020-11-10,7,{'JAM'},"{'JAM_STAND_STILL_TRAFFIC', 'JAM_HEAVY_TRAFFIC'}",67,{2},5.477611940298507
2e68e839,2e68e838c,2020-11-10,11,{'JAM'},{'JAM_HEAVY_TRAFFIC'},30,{2},5.0
2e68e839,2e68e838c,2020-11-21,19,{'JAM'},{'JAM_STAND_STILL_TRAFFIC'},23,{2},5.0
2e68e839,2e68e839c,2020-09-05,11,{'JAM'},{'JAM_HEAVY_TRAFFIC'},43,{2},5.4186046511627906
2e68e839,2e68e839c,2020-09-05,12,{'JAM'},"{'JAM_MODERATE_TRAFFIC', 'JAM_HEAVY_TRAFFIC'}",47,{2},5.0
2e68e839,2e68e839c,2020-09-05,19,{'JAM'},{'JAM_STAND_STILL_TRAFFIC'},64,"{1, 2}",5.515625
2e68e839,2e68e839c,2020-09-07,17,{'JAM'},{'JAM_HEAVY_TRAFFIC'},30,{2},5.0
2e68e839,2e68e839c,2020-09-17,8,{'JAM'},{'JAM_MODERATE_TRAFFIC'},30,{2},5.0
2e68e839,2e68e839c,2020-09-24,18,{'JAM'},{'JAM_MODERATE_TRAFFIC'},9,{2},5.0
2e68e839,2e68e839c,2020-09-26,10,{'JAM'},{'JAM_HEAVY_TRAFFIC'},32,{2},5.0
2e68e839,2e68e839c,2020-09-26,11,{'JAM'},{'JAM_STAND_STILL_TRAFFIC'},61,{2},5.39344262295082
2e68e839,2e68e839c,2020-10-10,12,{'JAM'},{'JAM_HEAVY_TRAFFIC'},30,{2},5.0
2e68e839,2e68e839c,2020-10-10,13,{'JAM'},{'JAM_HEAVY_TRAFFIC'},62,{2},5.5
2e68e839,2e68e839c,2020-10-10,16,{'JAM'},{'JAM_STAND_STILL_TRAFFIC'},45,{2},6.7555555555555555
2e68e839,2e68e839c,2020-10-17,13,{'JAM'},{'JAM_HEAVY_TRAFFIC'},44,{2},5.363636363636363
2e68e839,2e68e839c,2020-10-19,9,{'JAM'},{'JAM'},30,{2},5.0
2e68e839,2e68e839c,2020-10-19,13,{'JAM'},{'JAM_STAND_STILL_TRAFFIC'},31,{2},5.0
2e68e839,2e68e839c,2020-10-24,11,{'JAM'},"{'JAM_STAND_STILL_TRAFFIC', 'JAM_HEAVY_TRAFFIC'}",62,{2},5.887096774193548
2e68e839,2e68e839c,2020-10-31,13,{'JAM'},{'JAM_STAND_STILL_TRAFFIC'},32,{2},5.0
2e68e839,2e68e839c,2020-11-03,7,{'JAM'},{'JAM_HEAVY_TRAFFIC'},31,{2},5.0
2e68e839,2e68e839c,2020-11-07,13,{'JAM'},{'JAM_HEAVY_TRAFFIC'},31,{2},5.935483870967742
2e68e839,2e68e839c,2020-11-07,14,{'JAM'},{'JAM_STAND_STILL_TRAFFIC'},90,{2},5.0
2e68e839,2e68e839c,2020-11-10,7,{'JAM'},{'JAM_STAND_STILL_TRAFFIC'},31,{2},5.0
2e68e839,2e68e839c,2020-11-14,11,{'JAM'},{'JAM_HEAVY_TRAFFIC'},30,{2},5.0
2e68e839,2e68e839c,2020-11-14,13,{'JAM'},{'JAM_HEAVY_TRAFFIC'},27,{2},5.814814814814815
2e68e839,2e68e839c,2020-11-14,17,{'JAM'},{'JAM_STAND_STILL_TRAFFIC'},20,{2},5.35
2e68e83b,2e68e83a4,2020-09-05,7,{'JAM'},{'JAM_HEAVY_TRAFFIC'},6,{2},5.0
2e68e83b,2e68e83a4,2020-09-05,19,{'JAM'},{'JAM_STAND_STILL_TRAFFIC'},31,{2},5.0
2e68e83b,2e68e83a4,2020-09-15,7,{'JAM'},{'JAM_MODERATE_TRAFFIC'},29,{2},5.0
2e68e83b,2e68e83a4,2020-09-26,10,{'JAM'},{'JAM_HEAVY_TRAFFIC'},30,{2},5.0
2e68e83b,2e68e83a4,2020-09-26,11,{'JAM'},{'JAM_STAND_STILL_TRAFFIC'},94,{2},5.0
2e68e83b,2e68e83a4,2020-09-26,16,{'JAM'},{'JAM_HEAVY_TRAFFIC'},31,{2},5.0
2e68e83b,2e68e83a4,2020-09-26,18,{'JAM'},{'JAM_MODERATE_TRAFFIC'},30,{2},5.0
2e68e83b,2e68e83a4,2020-10-02,16,{'JAM'},{'JAM_STAND_STILL_TRAFFIC'},31,{2},5.0
2e68e83b,2e68e83a4,2020-10-03,17,{'JAM'},{'JAM_STAND_STILL_TRAFFIC'},63,{2},5.0
2e68e83b,2e68e83a4,2020-10-10,12,{'JAM'},{'JAM_MODERATE_TRAFFIC'},28,{2},5.0
2e68e83b,2e68e83a4,2020-10-10,13,{'JAM'},"{'JAM_STAND_STILL_TRAFFIC', 'JAM_MODERATE_TRAFFIC'}",65,{2},5.0
2e68e83b,2e68e83a4,2020-10-17,13,{'JAM'},"{'JAM_MODERATE_TRAFFIC', 'JAM_HEAVY_TRAFFIC'}",62,{2},5.0
2e68e83b,2e68e83a4,2020-10-18,15,{'JAM'},{'JAM_MODERATE_TRAFFIC'},32,{2},5.0
2e68e83b,2e68e83a4,2020-10-19,13,{'JAM'},"{'JAM_STAND_STILL_TRAFFIC', 'JAM_HEAVY_TRAFFIC'}",61,{2},5.0
2e68e83b,2e68e83a4,2020-11-03,7,{'JAM'},{'JAM'},32,{2},5.0
2e68e83b,2e68e83a4,2020-11-04,8,{'JAM'},{'JAM'},31,{2},5.0
2e68e83b,2e68e83a4,2020-11-05,8,{'JAM'},{'JAM_MODERATE_TRAFFIC'},60,{2},5.0
2e68e83b,2e68e83a4,2020-11-07,14,{'JAM'},"{'JAM_STAND_STILL_TRAFFIC', 'JAM_HEAVY_TRAFFIC'}",63,{2},5.0
2e68e83b,2e68e83a4,2020-11-07,15,{'JAM'},{'JAM_STAND_STILL_TRAFFIC'},31,{2},5.0
2e68e83b,2e68e83a4,2020-11-07,16,{'JAM'},{'JAM_STAND_STILL_TRAFFIC'},35,{2},5.4
2e68e83b,2e68e83a4,2020-11-10,7,{'JAM'},{'JAM_STAND_STILL_TRAFFIC'},30,{2},5.0
2e68e83b,2e68e83a4,2020-11-16,8,{'JAM'},{'JAM_HEAVY_TRAFFIC'},30,{2},5.0
2e68e83b,2e68e83a4,2020-11-17,8,{'JAM'},{'JAM_HEAVY_TRAFFIC'},35,{2},6.428571428571429
2e68e83b,2e68e83ac,2020-09-05,19,{'JAM'},{'JAM_HEAVY_TRAFFIC'},34,{2},5.0
2e68e83b,2e68e83ac,2020-10-03,15,{'JAM'},{'JAM_STAND_STILL_TRAFFIC'},77,{2},5.6103896103896105
2e68e83b,2e68e83ac,2020-10-10,12,{'JAM'},"{'JAM_STAND_STILL_TRAFFIC', 'JAM_MODERATE_TRAFFIC'}",34,{2},5.0
2e68e83b,2e68e83ac,2020-10-10,13,{'JAM'},{'JAM_MODERATE_TRAFFIC'},31,{2},5.0
2e68e83b,2e68e83ac,2020-10-10,17,{'JAM'},{'JAM_HEAVY_TRAFFIC'},23,{1},5.0
2e68e83b,2e68e83ac,2020-10-28,17,{'JAM'},{'JAM_STAND_STILL_TRAFFIC'},30,{2},6.8
2e68e83b,2e68e83ac,2020-11-02,7,{'JAM'},{'JAM_MODERATE_TRAFFIC'},33,{2},5.0
2e68e83b,2e68e83ac,2020-11-07,11,{'JAM'},{'JAM_HEAVY_TRAFFIC'},31,{2},5.0
2e68e83b,2e68e83ac,2020-11-07,13,{'JAM'},{'JAM_HEAVY_TRAFFIC'},31,{2},5.0
2e68e83b,2e68e83ac,2020-11-07,16,{'JAM'},"{'JAM_STAND_STILL_TRAFFIC', 'JAM_HEAVY_TRAFFIC'}",94,{2},5.0
2e68e83b,2e68e83ac,2020-11-14,18,{'JAM'},{'JAM_HEAVY_TRAFFIC'},32,{20},5.0
2e68e83b,2e68e83ac,2020-11-15,14,{'JAM'},{'JAM_MODERATE_TRAFFIC'},23,{2},5.0
2e68e841,2e68e8414,2020-10-02,16,{'JAM'},{'JAM_STAND_STILL_TRAFFIC'},32,{2},6.84375
2e68e841,2e68e8414,2020-10-03,18,{'JAM'},{'JAM_HEAVY_TRAFFIC'},11,{2},5.0
2e68e841,2e68e8414,2020-10-12,17,{'JAM'},{'JAM'},32,{2},5.0
2e68e841,2e68e8414,2020-10-16,19,{'JAM'},{'JAM_STAND_STILL_TRAFFIC'},33,{2},5.212121212121212
2e68e841,2e68e8414,2020-10-23,17,{'JAM'},"{'JAM_STAND_STILL_TRAFFIC', 'JAM_MODERATE_TRAFFIC'}",56,{2},5.482142857142857
2e68e841,2e68e8414,2020-10-27,18,{'JAM'},{'JAM'},32,{2},5.0
2e68e841,2e68e8414,2020-10-30,14,{'JAM'},{'JAM_HEAVY_TRAFFIC'},31,{2},5.0
2e68e841,2e68e8414,2020-11-04,16,{'JAM'},{'JAM_HEAVY_TRAFFIC'},7,{2},7.0
2e68e841,2e68e8414,2020-11-04,18,{'JAM'},{'JAM_STAND_STILL_TRAFFIC'},75,{2},6.16
2e68e841,2e68e8414,2020-11-05,17,{'JAM'},{'JAM_STAND_STILL_TRAFFIC'},27,{2},5.0
2e68e841,2e68e8414,2020-11-06,17,{'JAM'},{'JAM_STAND_STILL_TRAFFIC'},46,{2},5.3478260869565215
2e68e841,2e68e8414,2020-11-14,12,{'JAM'},{'JAM_STAND_STILL_TRAFFIC'},10,{2},5.0
2e68e841,2e68e841c,2020-09-11,14,{'JAM'},{'JAM_HEAVY_TRAFFIC'},5,{2},6.0
2e68e841,2e68e841c,2020-09-12,12,{'JAM'},{'JAM'},7,{2},5.0
2e68e841,2e68e841c,2020-09-29,11,{'JAM'},{'JAM_STAND_STILL_TRAFFIC'},5,{2},5.0
2e68e841,2e68e841c,2020-10-16,14,{'JAM'},{'JAM_MODERATE_TRAFFIC'},31,{1},5.645161290322581
2e68e841,2e68e841c,2020-10-16,17,{'JAM'},{'JAM_STAND_STILL_TRAFFIC'},41,{2},6.341463414634147
2e68e841,2e68e841c,2020-10-16,19,{'JAM'},{'JAM_STAND_STILL_TRAFFIC'},31,{2},5.0
2e68e841,2e68e841c,2020-10-24,21,{'WEATHERHAZARD'},{'WEATHERHAZARD'},30,{1},5.0
2e68e841,2e68e841c,2020-10-27,18,{'JAM'},{'JAM_HEAVY_TRAFFIC'},32,{2},5.0
2e68e841,2e68e841c,2020-10-28,14,{'JAM'},{'JAM_HEAVY_TRAFFIC'},5,{2},5.8
2e68e841,2e68e841c,2020-10-30,14,{'JAM'},{'JAM_STAND_STILL_TRAFFIC'},39,{2},7.384615384615385
2e68e841,2e68e841c,2020-11-05,16,{'JAM'},{'JAM_STAND_STILL_TRAFFIC'},32,{2},6.0
2e68e841,2e68e841c,2020-11-05,17,{'JAM'},{'JAM_STAND_STILL_TRAFFIC'},31,{2},5.0
2e68e841,2e68e841c,2020-11-06,15,{'JAM'},{'JAM_HEAVY_TRAFFIC'},30,{2},5.0
2e68e841,2e68e841c,2020-11-14,12,{'JAM'},{'JAM_STAND_STILL_TRAFFIC'},30,{2},5.0
2e68e841,2e68e841c,2020-11-14,16,{'JAM'},{'JAM_HEAVY_TRAFFIC'},30,{2},5.0
2e68e841,2e68e841c,2020-11-21,11,{'JAM'},{'JAM_STAND_STILL_TRAFFIC'},20,{2},5.0
2e68e841,2e68e841c,2020-11-21,15,{'JAM'},{'JAM_STAND_STILL_TRAFFIC'},30,{2},5.833333333333333
2e68e843,2e68e842c,2020-09-02,9,{'JAM'},{'JAM_STAND_STILL_TRAFFIC'},6,{6},5.0
2e68e843,2e68e842c,2020-09-02,14,{'JAM'},{'JAM_HEAVY_TRAFFIC'},31,{7},5.0
2e68e843,2e68e842c,2020-09-03,13,{'JAM'},{'JAM_MODERATE_TRAFFIC'},5,{7},5.0
2e68e843,2e68e842c,2020-09-04,15,{'JAM'},{'JAM_HEAVY_TRAFFIC'},29,{7},5.0
2e68e843,2e68e842c,2020-09-04,17,{'JAM'},{'JAM_STAND_STILL_TRAFFIC'},44,{7},6.340909090909091
2e68e843,2e68e842c,2020-09-05,9,{'JAM'},{'JAM_HEAVY_TRAFFIC'},26,{7},5.0
2e68e843,2e68e842c,2020-09-05,14,{'JAM'},{'JAM_HEAVY_TRAFFIC'},32,{7},5.96875
2e68e843,2e68e842c,2020-09-06,15,{'JAM'},{'JAM_STAND_STILL_TRAFFIC'},37,{7},5.621621621621622
2e68e843,2e68e842c,2020-09-08,11,{'JAM'},{'JAM_STAND_STILL_TRAFFIC'},30,{7},5.0
2e68e843,2e68e842c,2020-09-09,16,{'JAM'},{'JAM_STAND_STILL_TRAFFIC'},6,{6},5.0
2e68e843,2e68e842c,2020-09-10,15,{'JAM'},{'JAM_HEAVY_TRAFFIC'},31,{7},5.0
2e68e843,2e68e842c,2020-09-13,16,{'JAM'},{'JAM_STAND_STILL_TRAFFIC'},10,{7},5.0
2e68e843,2e68e842c,2020-09-14,10,{'JAM'},{'JAM_MODERATE_TRAFFIC'},14,{7},5.0
2e68e843,2e68e842c,2020-09-14,20,{'JAM'},{'JAM_MODERATE_TRAFFIC'},29,{7},5.0
2e68e843,2e68e842c,2020-09-16,17,{'JAM'},{'JAM_HEAVY_TRAFFIC'},6,{7},6.0
2e68e843,2e68e842c,2020-09-17,17,{'JAM'},{'JAM_STAND_STILL_TRAFFIC'},32,{7},5.0
2e68e843,2e68e842c,2020-09-18,16,{'JAM'},{'JAM_HEAVY_TRAFFIC'},7,{7},5.0
2e68e843,2e68e842c,2020-09-18,17,{'JAM'},{'JAM_STAND_STILL_TRAFFIC'},33,{7},5.0
2e68e843,2e68e842c,2020-09-18,18,{'JAM'},{'JAM_STAND_STILL_TRAFFIC'},63,{7},5.26984126984127
2e68e843,2e68e842c,2020-09-25,19,{'JAM'},{'JAM_STAND_STILL_TRAFFIC'},31,{7},5.0
2e68e843,2e68e842c,2020-09-29,16,{'WEATHERHAZARD'},{'HAZARD_ON_SHOULDER_CAR_STOPPED'},32,{7},5.0
2e68e843,2e68e842c,2020-10-01,17,{'JAM'},{'JAM_STAND_STILL_TRAFFIC'},7,{6},5.0
2e68e843,2e68e842c,2020-10-02,16,{'JAM'},{'JAM_STAND_STILL_TRAFFIC'},31,{7},6.709677419354839
2e68e843,2e68e842c,2020-10-02,17,{'JAM'},"{'JAM_STAND_STILL_TRAFFIC', 'JAM_HEAVY_TRAFFIC'}",62,{7},5.951612903225806
2e68e843,2e68e842c,2020-10-03,11,{'JAM'},{'JAM_STAND_STILL_TRAFFIC'},33,{7},5.0
2e68e843,2e68e842c,2020-10-03,13,{'JAM'},{'JAM_STAND_STILL_TRAFFIC'},40,{7},5.425
2e68e843,2e68e842c,2020-10-04,16,{'WEATHERHAZARD'},{'HAZARD_ON_SHOULDER_CAR_STOPPED'},65,{7},5.369230769230769
2e68e843,2e68e842c,2020-10-04,17,{'JAM'},{'JAM_STAND_STILL_TRAFFIC'},32,{7},5.0
2e68e843,2e68e842c,2020-10-05,10,{'JAM'},{'JAM_STAND_STILL_TRAFFIC'},32,{7},5.0
2e68e843,2e68e842c,2020-10-05,18,{'JAM'},{'JAM'},7,{6},5.0
2e68e843,2e68e842c,2020-10-09,7,{'JAM'},{'JAM_HEAVY_TRAFFIC'},22,{6},5.0
2e68e843,2e68e842c,2020-10-09,18,{'JAM'},{'JAM_STAND_STILL_TRAFFIC'},34,{7},6.205882352941177
2e68e843,2e68e842c,2020-10-09,19,{'JAM'},{'JAM_HEAVY_TRAFFIC'},32,{7},5.0
2e68e843,2e68e842c,2020-10-09,20,{'JAM'},{'JAM_HEAVY_TRAFFIC'},31,{7},5.0
2e68e843,2e68e842c,2020-10-10,10,{'JAM'},{'JAM_STAND_STILL_TRAFFIC'},30,{7},5.0
2e68e843,2e68e842c,2020-10-10,11,{'JAM'},{'JAM_STAND_STILL_TRAFFIC'},30,{7},5.0
2e68e843,2e68e842c,2020-10-11,17,{'WEATHERHAZARD'},{'HAZARD_ON_SHOULDER_CAR_STOPPED'},30,{7},6.866666666666666
2e68e843,2e68e842c,2020-10-13,10,{'JAM'},{'JAM_HEAVY_TRAFFIC'},31,{7},5.0
2e68e843,2e68e842c,2020-10-17,10,{'JAM'},{'JAM_STAND_STILL_TRAFFIC'},32,{7},5.0
2e68e843,2e68e842c,2020-10-17,11,{'JAM'},{'JAM_STAND_STILL_TRAFFIC'},30,{7},7.6
2e68e843,2e68e842c,2020-10-17,12,{'JAM'},"{'JAM_STAND_STILL_TRAFFIC', 'JAM_HEAVY_TRAFFIC'}",93,{7},5.0
2e68e843,2e68e842c,2020-10-17,14,{'JAM'},{'JAM_STAND_STILL_TRAFFIC'},33,{6},5.7272727272727275
2e68e843,2e68e842c,2020-10-18,13,{'JAM'},{'JAM'},6,{6},5.0
2e68e843,2e68e842c,2020-10-19,7,{'JAM'},{'JAM_HEAVY_TRAFFIC'},60,"{6, 7}",5.866666666666666
2e68e843,2e68e842c,2020-10-20,16,{'JAM'},{'JAM_STAND_STILL_TRAFFIC'},31,{7},5.0
2e68e843,2e68e842c,2020-10-21,16,{'JAM'},{'JAM_STAND_STILL_TRAFFIC'},72,{7},5.569444444444445
2e68e843,2e68e842c,2020-10-21,18,{'JAM'},{'JAM'},31,{7},5.0
2e68e843,2e68e842c,2020-10-23,19,{'JAM'},{'JAM'},16,{7},6.0
2e68e843,2e68e842c,2020-10-24,6,{'JAM'},{'JAM_STAND_STILL_TRAFFIC'},32,{7},5.0
2e68e843,2e68e842c,2020-10-24,16,{'JAM'},{'JAM_HEAVY_TRAFFIC'},31,{7},5.483870967741935
2e68e843,2e68e842c,2020-10-24,18,{'JAM'},{'JAM_STAND_STILL_TRAFFIC'},8,{6},5.0
2e68e843,2e68e842c,2020-10-25,14,{'JAM'},{'JAM_HEAVY_TRAFFIC'},33,{6},5.0
2e68e843,2e68e842c,2020-10-26,8,{'JAM'},{'JAM_STAND_STILL_TRAFFIC'},53,{7},6.2075471698113205
2e68e843,2e68e842c,2020-10-26,9,{'JAM'},"{'JAM', 'JAM_STAND_STILL_TRAFFIC'}",63,"{6, 7}",5.0
2e68e843,2e68e842c,2020-10-27,11,{'JAM'},{'JAM'},31,{6},5.838709677419355
2e68e843,2e68e842c,2020-10-27,15,{'JAM'},{'JAM_STAND_STILL_TRAFFIC'},32,{7},5.5
2e68e843,2e68e842c,2020-10-27,17,{'JAM'},{'JAM_STAND_STILL_TRAFFIC'},126,"{6, 7}",5.603174603174603
2e68e843,2e68e842c,2020-10-27,18,{'JAM'},{'JAM_STAND_STILL_TRAFFIC'},66,{7},5.348484848484849
2e68e843,2e68e842c,2020-10-27,19,{'JAM'},{'JAM_STAND_STILL_TRAFFIC'},30,{7},5.766666666666667
2e68e843,2e68e842c,2020-10-28,7,{'JAM'},{'JAM_STAND_STILL_TRAFFIC'},31,{7},8.516129032258064
2e68e843,2e68e842c,2020-10-28,13,{'JAM'},{'JAM_HEAVY_TRAFFIC'},39,{7},5.0
2e68e843,2e68e842c,2020-10-29,11,{'JAM'},{'JAM_STAND_STILL_TRAFFIC'},30,{7},5.0
2e68e843,2e68e842c,2020-10-29,15,{'JAM'},{'JAM_MODERATE_TRAFFIC'},33,{7},5.0
2e68e843,2e68e842c,2020-10-29,17,{'JAM'},{'JAM_STAND_STILL_TRAFFIC'},30,{7},5.966666666666667
2e68e843,2e68e842c,2020-10-30,14,{'JAM'},{'JAM_STAND_STILL_TRAFFIC'},6,{7},5.833333333333333
2e68e843,2e68e842c,2020-10-31,16,{'JAM'},{'JAM_HEAVY_TRAFFIC'},39,{7},7.3076923076923075
2e68e843,2e68e842c,2020-11-01,14,{'JAM'},"{'JAM_STAND_STILL_TRAFFIC', 'JAM_MODERATE_TRAFFIC', 'JAM_HEAVY_TRAFFIC'}",71,"{6, 7}",5.394366197183099
2e68e843,2e68e842c,2020-11-02,19,{'JAM'},{'JAM_STAND_STILL_TRAFFIC'},33,{7},5.909090909090909
2e68e843,2e68e842c,2020-11-03,13,{'JAM'},{'JAM_HEAVY_TRAFFIC'},16,{7},5.0
2e68e843,2e68e842c,2020-11-03,17,{'JAM'},{'JAM_STAND_STILL_TRAFFIC'},29,{7},6.068965517241379
2e68e843,2e68e842c,2020-11-04,11,{'JAM'},{'JAM_HEAVY_TRAFFIC'},30,{7},5.0
2e68e843,2e68e842c,2020-11-05,10,{'JAM'},{'JAM_STAND_STILL_TRAFFIC'},32,{7},5.0
2e68e843,2e68e842c,2020-11-05,16,{'JAM'},{'JAM_STAND_STILL_TRAFFIC'},35,{7},5.0
2e68e843,2e68e842c,2020-11-05,17,{'JAM'},{'JAM_STAND_STILL_TRAFFIC'},33,{7},5.909090909090909
2e68e843,2e68e842c,2020-11-05,18,{'JAM'},{'JAM_STAND_STILL_TRAFFIC'},64,{7},5.0
2e68e843,2e68e842c,2020-11-06,7,{'JAM'},{'JAM_STAND_STILL_TRAFFIC'},31,{7},5.0
2e68e843,2e68e842c,2020-11-06,16,{'JAM'},{'JAM_STAND_STILL_TRAFFIC'},30,{7},5.0
2e68e843,2e68e842c,2020-11-06,19,{'JAM'},{'JAM_STAND_STILL_TRAFFIC'},30,{7},5.0
2e68e843,2e68e842c,2020-11-06,20,{'JAM'},{'JAM_HEAVY_TRAFFIC'},30,{7},5.0
2e68e843,2e68e842c,2020-11-07,10,{'JAM'},{'JAM_HEAVY_TRAFFIC'},31,{7},5.741935483870968
2e68e843,2e68e842c,2020-11-07,13,{'JAM'},{'JAM_MODERATE_TRAFFIC'},30,{7},5.0
2e68e843,2e68e842c,2020-11-09,10,{'JAM'},{'JAM_STAND_STILL_TRAFFIC'},8,{7},5.0
2e68e843,2e68e842c,2020-11-09,17,{'JAM'},{'JAM'},31,{7},5.0
2e68e843,2e68e842c,2020-11-10,13,{'JAM'},{'JAM_STAND_STILL_TRAFFIC'},36,{7},6.305555555555555
2e68e843,2e68e842c,2020-11-12,16,{'JAM'},{'JAM_STAND_STILL_TRAFFIC'},94,{7},5.574468085106383
2e68e843,2e68e842c,2020-11-12,17,{'JAM'},{'JAM'},15,{7},5.0
2e68e843,2e68e842c,2020-11-13,14,{'JAM'},{'JAM_STAND_STILL_TRAFFIC'},30,{7},5.8
2e68e843,2e68e842c,2020-11-13,15,{'JAM'},{'JAM_STAND_STILL_TRAFFIC'},33,{7},5.0
2e68e843,2e68e842c,2020-11-13,18,{'JAM'},{'JAM_STAND_STILL_TRAFFIC'},64,{7},5.484375
2e68e843,2e68e842c,2020-11-14,11,{'JAM'},{'JAM_HEAVY_TRAFFIC'},31,{7},5.0
2e68e843,2e68e842c,2020-11-14,13,{'JAM'},"{'JAM', 'JAM_STAND_STILL_TRAFFIC'}",58,{7},5.0
2e68e843,2e68e842c,2020-11-14,17,{'JAM'},{'JAM_MODERATE_TRAFFIC'},32,{7},5.0
2e68e843,2e68e842c,2020-11-16,17,{'JAM'},{'JAM_STAND_STILL_TRAFFIC'},22,{7},5.0
2e68e843,2e68e842c,2020-11-17,8,{'WEATHERHAZARD'},{'WEATHERHAZARD'},55,{7},6.472727272727273
2e68e843,2e68e842c,2020-11-21,12,{'JAM'},{'JAM_STAND_STILL_TRAFFIC'},16,{6},5.0
2e68e843,2e68e842c,2020-11-21,13,{'JAM'},{'JAM_HEAVY_TRAFFIC'},15,{7},5.533333333333333
2e68e843,2e68e842c,2020-11-22,12,{'JAM'},{'JAM_STAND_STILL_TRAFFIC'},9,{7},5.0
2e68e843,2e68e842c,2020-11-22,18,{'JAM'},{'JAM_STAND_STILL_TRAFFIC'},31,{7},5.0
2e68e843,2e68e8434,2020-09-04,14,{'JAM'},{'JAM_STAND_STILL_TRAFFIC'},31,{7},5.0
2e68e843,2e68e8434,2020-09-29,16,{'WEATHERHAZARD'},{'HAZARD_ON_SHOULDER_CAR_STOPPED'},29,{7},5.620689655172414
2e68e843,2e68e8434,2020-10-01,17,{'JAM'},{'JAM_STAND_STILL_TRAFFIC'},41,{7},5.414634146341464
2e68e843,2e68e8434,2020-10-03,11,{'JAM'},{'JAM_STAND_STILL_TRAFFIC'},35,{7},6.4
2e68e843,2e68e8434,2020-10-16,16,"{'JAM', 'WEATHERHAZARD'}","{'HAZARD_ON_SHOULDER_CAR_STOPPED', 'JAM_STAND_STILL_TRAFFIC'}",30,{7},5.233333333333333
2e68e843,2e68e8434,2020-10-21,16,{'JAM'},{'JAM_STAND_STILL_TRAFFIC'},26,{7},5.653846153846154
2e68e843,2e68e8434,2020-10-27,19,{'JAM'},{'JAM_HEAVY_TRAFFIC'},39,{1},5.410256410256411
2e68e843,2e68e8434,2020-11-04,14,{'JAM'},{'JAM_HEAVY_TRAFFIC'},32,{7},5.0
2e68e843,2e68e8434,2020-11-06,16,{'JAM'},{'JAM_STAND_STILL_TRAFFIC'},31,{7},5.0
2e68e843,2e68e8434,2020-11-07,10,{'JAM'},{'JAM_HEAVY_TRAFFIC'},31,{7},5.774193548387097
2e68e843,2e68e8434,2020-11-07,13,{'JAM'},{'JAM_STAND_STILL_TRAFFIC'},33,{7},5.0
2e68e843,2e68e8434,2020-11-09,9,{'JAM'},{'JAM_STAND_STILL_TRAFFIC'},31,{7},5.0
2e68e843,2e68e843c,2020-09-03,17,{'JAM'},{'JAM_STAND_STILL_TRAFFIC'},25,{7},5.0
2e68e843,2e68e843c,2020-09-04,14,{'JAM'},{'JAM_HEAVY_TRAFFIC'},31,{7},6.903225806451613
2e68e843,2e68e843c,2020-09-07,18,{'JAM'},{'JAM_STAND_STILL_TRAFFIC'},32,{7},5.0
2e68e843,2e68e843c,2020-09-10,17,{'JAM'},{'JAM_STAND_STILL_TRAFFIC'},33,{7},5.0
2e68e843,2e68e843c,2020-09-11,18,{'JAM'},{'JAM_STAND_STILL_TRAFFIC'},33,{7},5.0
2e68e843,2e68e843c,2020-09-16,18,{'JAM'},"{'JAM_STAND_STILL_TRAFFIC', 'JAM_HEAVY_TRAFFIC'}",69,{7},5.246376811594203
2e68e843,2e68e843c,2020-09-19,9,{'JAM'},{'JAM_STAND_STILL_TRAFFIC'},10,{7},5.0
2e68e843,2e68e843c,2020-09-22,16,{'JAM'},{'JAM_HEAVY_TRAFFIC'},33,{7},5.0
2e68e843,2e68e843c,2020-09-22,18,{'JAM'},"{'JAM_STAND_STILL_TRAFFIC', 'JAM_HEAVY_TRAFFIC'}",102,{7},5.049019607843137
2e68e843,2e68e843c,2020-09-22,19,{'JAM'},{'JAM_HEAVY_TRAFFIC'},31,{7},6.0
2e68e843,2e68e843c,2020-09-30,17,{'JAM'},{'JAM_STAND_STILL_TRAFFIC'},35,{7},5.0
2e68e843,2e68e843c,2020-10-02,16,{'JAM'},{'JAM_HEAVY_TRAFFIC'},48,{7},5.354166666666667
2e68e843,2e68e843c,2020-10-02,17,{'JAM'},{'JAM_STAND_STILL_TRAFFIC'},32,{7},5.0
2e68e843,2e68e843c,2020-10-03,10,{'JAM'},{'JAM_MODERATE_TRAFFIC'},8,{7},5.0
2e68e843,2e68e843c,2020-10-05,17,{'WEATHERHAZARD'},{'HAZARD_WEATHER_FOG'},16,{7},5.1875
2e68e843,2e68e843c,2020-10-09,14,{'JAM'},{'JAM_STAND_STILL_TRAFFIC'},29,{7},8.413793103448276
2e68e843,2e68e843c,2020-10-09,15,{'JAM'},{'JAM_STAND_STILL_TRAFFIC'},33,{7},5.696969696969697
2e68e843,2e68e843c,2020-10-09,19,{'JAM'},{'JAM_HEAVY_TRAFFIC'},32,{7},5.0
2e68e843,2e68e843c,2020-10-10,9,{'JAM'},{'JAM_HEAVY_TRAFFIC'},30,{7},5.0
2e68e843,2e68e843c,2020-10-16,14,{'JAM'},{'JAM_STAND_STILL_TRAFFIC'},37,{7},5.45945945945946
2e68e843,2e68e843c,2020-10-16,15,{'JAM'},{'JAM_STAND_STILL_TRAFFIC'},30,{7},5.0
2e68e843,2e68e843c,2020-10-16,16,{'JAM'},{'JAM_HEAVY_TRAFFIC'},5,{7},5.0
2e68e843,2e68e843c,2020-10-17,12,{'JAM'},{'JAM_HEAVY_TRAFFIC'},31,{7},5.0
2e68e843,2e68e843c,2020-10-21,16,{'JAM'},{'JAM_STAND_STILL_TRAFFIC'},30,{7},5.3
2e68e843,2e68e843c,2020-10-22,15,{'JAM'},{'JAM_MODERATE_TRAFFIC'},31,{7},5.0
2e68e843,2e68e843c,2020-10-23,14,{'JAM'},{'JAM_HEAVY_TRAFFIC'},32,{7},5.5
2e68e843,2e68e843c,2020-10-23,19,{'JAM'},{'JAM'},21,{7},5.0
2e68e843,2e68e843c,2020-10-24,12,{'JAM'},{'JAM_STAND_STILL_TRAFFIC'},31,{7},5.0
2e68e843,2e68e843c,2020-10-24,16,{'JAM'},{'JAM_HEAVY_TRAFFIC'},31,{7},5.0
2e68e843,2e68e843c,2020-10-26,9,{'JAM'},{'JAM_HEAVY_TRAFFIC'},23,{7},5.0
2e68e843,2e68e843c,2020-10-26,18,{'JAM'},{'JAM_HEAVY_TRAFFIC'},62,{7},5.0
2e68e843,2e68e843c,2020-10-27,11,{'JAM'},{'JAM_STAND_STILL_TRAFFIC'},17,{7},5.0
2e68e843,2e68e843c,2020-10-27,15,{'JAM'},{'JAM_HEAVY_TRAFFIC'},34,{7},5.0
2e68e843,2e68e843c,2020-10-27,17,{'JAM'},{'JAM_STAND_STILL_TRAFFIC'},28,{7},5.0
2e68e843,2e68e843c,2020-10-27,19,{'JAM'},{'JAM_STAND_STILL_TRAFFIC'},36,{7},6.0
2e68e843,2e68e843c,2020-10-28,7,{'JAM'},{'JAM_HEAVY_TRAFFIC'},30,{7},5.0
2e68e843,2e68e843c,2020-10-28,11,{'JAM'},{'JAM_STAND_STILL_TRAFFIC'},31,{7},5.0
2e68e843,2e68e843c,2020-10-28,18,{'JAM'},{'JAM_HEAVY_TRAFFIC'},32,{7},5.0
2e68e843,2e68e843c,2020-10-29,8,{'JAM'},{'JAM'},7,{7},5.0
2e68e843,2e68e843c,2020-10-31,14,{'JAM'},{'JAM_HEAVY_TRAFFIC'},29,{7},5.793103448275862
2e68e843,2e68e843c,2020-11-02,13,{'JAM'},{'JAM_STAND_STILL_TRAFFIC'},31,{7},5.0
2e68e843,2e68e843c,2020-11-02,17,{'JAM'},{'JAM_STAND_STILL_TRAFFIC'},30,{7},5.0
2e68e843,2e68e843c,2020-11-02,18,{'JAM'},{'JAM_STAND_STILL_TRAFFIC'},33,{7},5.0
2e68e843,2e68e843c,2020-11-02,19,{'JAM'},{'JAM_STAND_STILL_TRAFFIC'},31,{7},5.0
2e68e843,2e68e843c,2020-11-04,11,{'JAM'},{'JAM_MODERATE_TRAFFIC'},28,{7},5.0
2e68e843,2e68e843c,2020-11-04,17,{'JAM'},{'JAM_STAND_STILL_TRAFFIC'},36,{7},5.472222222222222
2e68e843,2e68e843c,2020-11-05,9,{'JAM'},{'JAM_STAND_STILL_TRAFFIC'},32,{7},5.0
2e68e843,2e68e843c,2020-11-05,17,{'JAM'},{'JAM_STAND_STILL_TRAFFIC'},62,{7},5.0
2e68e843,2e68e843c,2020-11-05,19,{'JAM'},{'JAM_STAND_STILL_TRAFFIC'},33,{7},5.0
2e68e843,2e68e843c,2020-11-09,18,{'JAM'},{'JAM_HEAVY_TRAFFIC'},32,{7},5.0
2e68e843,2e68e843c,2020-11-10,9,{'JAM'},{'JAM_STAND_STILL_TRAFFIC'},32,{7},6.15625
2e68e843,2e68e843c,2020-11-12,16,{'JAM'},{'JAM_STAND_STILL_TRAFFIC'},31,{7},6.774193548387097
2e68e843,2e68e843c,2020-11-13,9,{'JAM'},{'JAM_STAND_STILL_TRAFFIC'},21,{7},6.809523809523809
2e68e843,2e68e843c,2020-11-14,10,{'JAM'},{'JAM_HEAVY_TRAFFIC'},31,{7},5.0
2e68e843,2e68e843c,2020-11-14,13,{'JAM'},{'JAM_STAND_STILL_TRAFFIC'},25,{7},5.0
2e68e843,2e68e843c,2020-11-18,18,{'JAM'},{'JAM_MODERATE_TRAFFIC'},31,{7},5.0
2e68e843,2e68e843c,2020-11-21,12,{'JAM'},{'JAM_STAND_STILL_TRAFFIC'},15,{7},5.0
2e68e845,2e68e8444,2020-09-04,7,{'JAM'},{'JAM_STAND_STILL_TRAFFIC'},30,{7},5.0
2e68e845,2e68e8444,2020-09-04,16,{'JAM'},{'JAM_STAND_STILL_TRAFFIC'},32,{7},6.25
2e68e845,2e68e8444,2020-09-06,7,{'JAM'},{'JAM_STAND_STILL_TRAFFIC'},30,{2},5.0
2e68e845,2e68e8444,2020-09-10,7,{'JAM'},{'JAM_MODERATE_TRAFFIC'},24,{7},5.0
2e68e845,2e68e8444,2020-09-16,18,{'JAM'},{'JAM_HEAVY_TRAFFIC'},25,{7},5.0
2e68e845,2e68e8444,2020-09-21,8,{'JAM'},{'JAM_HEAVY_TRAFFIC'},31,{7},5.0
2e68e845,2e68e8444,2020-09-22,18,{'JAM'},{'JAM_STAND_STILL_TRAFFIC'},18,{7},7.0
2e68e845,2e68e8444,2020-09-24,9,{'JAM'},{'JAM_STAND_STILL_TRAFFIC'},36,"{2, 7}",5.0
2e68e845,2e68e8444,2020-09-25,17,{'JAM'},{'JAM_MODERATE_TRAFFIC'},31,{7},5.0
2e68e845,2e68e8444,2020-09-26,17,{'JAM'},{'JAM_HEAVY_TRAFFIC'},10,{7},5.0
2e68e845,2e68e8444,2020-09-28,17,{'JAM'},{'JAM_HEAVY_TRAFFIC'},32,{7},5.0
2e68e845,2e68e8444,2020-09-29,16,{'WEATHERHAZARD'},{'HAZARD_ON_SHOULDER_CAR_STOPPED'},31,{7},5.0
2e68e845,2e68e8444,2020-10-02,16,{'JAM'},{'JAM_HEAVY_TRAFFIC'},44,{7},5.0
2e68e845,2e68e8444,2020-10-02,18,{'JAM'},"{'JAM_STAND_STILL_TRAFFIC', 'JAM_HEAVY_TRAFFIC'}",61,"{2, 7}",5.0
2e68e845,2e68e8444,2020-10-02,19,{'JAM'},{'JAM_STAND_STILL_TRAFFIC'},32,{7},6.0
2e68e845,2e68e8444,2020-10-04,17,{'JAM'},{'JAM_HEAVY_TRAFFIC'},19,{7},5.0
2e68e845,2e68e8444,2020-10-05,9,{'JAM'},{'JAM_STAND_STILL_TRAFFIC'},32,{7},5.0
2e68e845,2e68e8444,2020-10-07,17,{'JAM'},{'JAM_HEAVY_TRAFFIC'},31,{7},5.709677419354839
2e68e845,2e68e8444,2020-10-08,17,{'JAM'},{'JAM_HEAVY_TRAFFIC'},32,{7},5.65625
2e68e845,2e68e8444,2020-10-09,18,{'JAM'},{'JAM_HEAVY_TRAFFIC'},26,{7},5.153846153846154
2e68e845,2e68e8444,2020-10-10,16,{'JAM'},{'JAM_HEAVY_TRAFFIC'},38,{7},6.0
2e68e845,2e68e8444,2020-10-11,17,{'WEATHERHAZARD'},{'HAZARD_ON_SHOULDER_CAR_STOPPED'},34,{7},5.617647058823529
2e68e845,2e68e8444,2020-10-13,7,{'JAM'},{'JAM_STAND_STILL_TRAFFIC'},31,{7},5.483870967741935
2e68e845,2e68e8444,2020-10-13,18,{'JAM'},{'JAM_MODERATE_TRAFFIC'},64,{7},5.0
2e68e845,2e68e8444,2020-10-14,18,{'JAM'},{'JAM_STAND_STILL_TRAFFIC'},31,{2},5.0
2e68e845,2e68e8444,2020-10-16,7,{'JAM'},{'JAM_HEAVY_TRAFFIC'},22,{7},5.0
2e68e845,2e68e8444,2020-10-16,15,{'JAM'},{'JAM_STAND_STILL_TRAFFIC'},33,{7},5.0
2e68e845,2e68e8444,2020-10-16,16,"{'JAM', 'WEATHERHAZARD'}","{'HAZARD_ON_SHOULDER_CAR_STOPPED', 'JAM_STAND_STILL_TRAFFIC'}",113,{7},5.035398230088496
2e68e845,2e68e8444,2020-10-17,17,{'JAM'},{'JAM_STAND_STILL_TRAFFIC'},32,{7},5.46875
2e68e845,2e68e8444,2020-10-23,9,{'JAM'},{'JAM_HEAVY_TRAFFIC'},51,{2},5.705882352941177
2e68e845,2e68e8444,2020-10-23,17,{'JAM'},{'JAM_HEAVY_TRAFFIC'},34,{7},6.0
2e68e845,2e68e8444,2020-10-24,16,{'JAM'},{'JAM_HEAVY_TRAFFIC'},30,{7},5.0
2e68e845,2e68e8444,2020-10-24,18,{'JAM'},{'JAM_STAND_STILL_TRAFFIC'},31,{7},5.0
2e68e845,2e68e8444,2020-10-25,9,{'JAM'},{'JAM_STAND_STILL_TRAFFIC'},30,{2},5.0
2e68e845,2e68e8444,2020-10-26,7,{'JAM'},{'JAM_HEAVY_TRAFFIC'},35,{7},5.457142857142857
2e68e845,2e68e8444,2020-10-27,7,{'JAM'},{'JAM_HEAVY_TRAFFIC'},31,{7},5.0
2e68e845,2e68e8444,2020-10-27,9,{'JAM'},{'JAM_HEAVY_TRAFFIC'},42,{7},6.261904761904762
2e68e845,2e68e8444,2020-10-27,17,{'JAM'},{'JAM_STAND_STILL_TRAFFIC'},31,{7},5.870967741935484
2e68e845,2e68e8444,2020-10-28,16,{'JAM'},{'JAM_STAND_STILL_TRAFFIC'},32,{7},5.78125
2e68e845,2e68e8444,2020-10-28,18,{'JAM'},{'JAM_STAND_STILL_TRAFFIC'},63,{7},5.476190476190476
2e68e845,2e68e8444,2020-10-28,19,{'JAM'},{'JAM_MODERATE_TRAFFIC'},23,{7},5.0
2e68e845,2e68e8444,2020-10-29,16,{'JAM'},{'JAM_STAND_STILL_TRAFFIC'},9,{7},5.0
2e68e845,2e68e8444,2020-10-30,14,{'JAM'},{'JAM_STAND_STILL_TRAFFIC'},64,{7},5.0
2e68e845,2e68e8444,2020-10-31,14,{'JAM'},{'JAM_HEAVY_TRAFFIC'},33,{7},5.0
2e68e845,2e68e8444,2020-10-31,16,{'JAM'},{'JAM_HEAVY_TRAFFIC'},29,{7},5.896551724137931
2e68e845,2e68e8444,2020-10-31,20,{'WEATHERHAZARD'},{'HAZARD_ON_ROAD_CAR_STOPPED'},44,{7},9.113636363636363
2e68e845,2e68e8444,2020-11-01,17,{'JAM'},{'JAM_HEAVY_TRAFFIC'},31,{7},6.0
2e68e845,2e68e8444,2020-11-01,19,{'JAM'},{'JAM_MODERATE_TRAFFIC'},12,{7},5.0
2e68e845,2e68e8444,2020-11-06,14,{'JAM'},{'JAM_HEAVY_TRAFFIC'},31,{7},5.838709677419355
2e68e845,2e68e8444,2020-11-09,16,{'JAM'},{'JAM_HEAVY_TRAFFIC'},31,{7},5.0
2e68e845,2e68e8444,2020-11-10,13,{'JAM'},{'JAM_MODERATE_TRAFFIC'},39,{7},5.410256410256411
2e68e845,2e68e8444,2020-11-10,16,{'JAM'},{'JAM_HEAVY_TRAFFIC'},30,{7},5.0
2e68e845,2e68e8444,2020-11-12,16,{'JAM'},{'JAM_STAND_STILL_TRAFFIC'},63,"{2, 7}",5.0
2e68e845,2e68e8444,2020-11-14,8,{'JAM'},{'JAM_STAND_STILL_TRAFFIC'},33,{7},5.636363636363637
2e68e845,2e68e8444,2020-11-17,8,{'JAM'},{'JAM_HEAVY_TRAFFIC'},33,{7},5.636363636363637
2e68e845,2e68e8444,2020-11-17,17,{'JAM'},{'JAM_HEAVY_TRAFFIC'},29,{7},5.0
2e68e845,2e68e8444,2020-11-17,18,{'JAM'},{'JAM_STAND_STILL_TRAFFIC'},30,{2},5.0
2e68e845,2e68e8444,2020-11-18,17,{'JAM'},{'JAM_HEAVY_TRAFFIC'},41,{1},5.390243902439025
2e68e845,2e68e8444,2020-11-18,18,{'JAM'},{'JAM_MODERATE_TRAFFIC'},30,{7},5.0
2e68e845,2e68e845c,2020-10-02,17,{'JAM'},{'JAM_STAND_STILL_TRAFFIC'},2,{7},5.0
2e68e845,2e68e845c,2020-10-02,18,{'JAM'},{'JAM_STAND_STILL_TRAFFIC'},31,{1},5.741935483870968
2e68e845,2e68e845c,2020-10-06,17,{'JAM'},{'JAM_MODERATE_TRAFFIC'},1,{7},5.0
2e68e845,2e68e845c,2020-10-28,17,{'JAM'},{'JAM_STAND_STILL_TRAFFIC'},30,{1},5.0
2e68e845,2e68e845c,2020-11-09,15,{'JAM'},{'JAM_STAND_STILL_TRAFFIC'},1,{7},5.0
2e68e845,2e68e845c,2020-11-22,11,"{'JAM', 'ACCIDENT'}","{'JAM', 'ACCIDENT'}",138,{17},5.0
2e68e847,2e68e8464,2020-09-01,10,{'JAM'},{'JAM_STAND_STILL_TRAFFIC'},30,{7},5.0
2e68e847,2e68e8464,2020-09-04,16,{'JAM'},{'JAM_STAND_STILL_TRAFFIC'},31,{7},5.0
2e68e847,2e68e8464,2020-09-04,17,{'JAM'},{'JAM_STAND_STILL_TRAFFIC'},1,{7},5.0
2e68e847,2e68e8464,2020-09-06,17,{'JAM'},"{'JAM', 'JAM_HEAVY_TRAFFIC'}",50,{7},5.0
2e68e847,2e68e8464,2020-09-07,17,{'JAM'},{'JAM_STAND_STILL_TRAFFIC'},32,{7},5.0
2e68e847,2e68e8464,2020-09-10,17,{'JAM'},{'JAM_STAND_STILL_TRAFFIC'},34,{7},5.970588235294118
2e68e847,2e68e8464,2020-09-10,18,{'JAM'},{'JAM_STAND_STILL_TRAFFIC'},31,{7},5.0
2e68e847,2e68e8464,2020-09-17,11,{'WEATHERHAZARD'},{'HAZARD_ON_ROAD_CONSTRUCTION'},24,{7},5.416666666666667
2e68e847,2e68e8464,2020-09-23,18,{'JAM'},{'JAM_HEAVY_TRAFFIC'},34,{7},6.0
2e68e847,2e68e8464,2020-09-24,16,{'JAM'},{'JAM_MODERATE_TRAFFIC'},32,{7},5.0
2e68e847,2e68e8464,2020-09-24,17,{'ACCIDENT'},{'ACCIDENT_MAJOR'},49,{7},6.591836734693878
2e68e847,2e68e8464,2020-09-29,16,{'WEATHERHAZARD'},{'HAZARD_ON_SHOULDER_CAR_STOPPED'},31,{7},5.0
2e68e847,2e68e8464,2020-10-02,17,{'JAM'},{'JAM_STAND_STILL_TRAFFIC'},64,{7},7.359375
2e68e847,2e68e8464,2020-10-03,11,{'JAM'},{'JAM_MODERATE_TRAFFIC'},30,{7},5.0
2e68e847,2e68e8464,2020-10-05,18,{'JAM'},{'JAM_MODERATE_TRAFFIC'},33,{7},5.0
2e68e847,2e68e8464,2020-10-06,17,{'JAM'},{'JAM_MODERATE_TRAFFIC'},32,{7},6.0
2e68e847,2e68e8464,2020-10-13,14,{'JAM'},{'JAM_MODERATE_TRAFFIC'},9,{7},5.0
2e68e847,2e68e8464,2020-10-16,15,{'JAM'},{'JAM_STAND_STILL_TRAFFIC'},35,{7},5.514285714285714
2e68e847,2e68e8464,2020-10-16,16,{'WEATHERHAZARD'},{'HAZARD_ON_SHOULDER_CAR_STOPPED'},30,{7},6.233333333333333
2e68e847,2e68e8464,2020-10-23,16,{'JAM'},{'JAM_STAND_STILL_TRAFFIC'},34,{7},5.0
2e68e847,2e68e8464,2020-10-26,17,{'JAM'},{'JAM_STAND_STILL_TRAFFIC'},27,{7},5.0
2e68e847,2e68e8464,2020-10-27,9,{'JAM'},{'JAM_HEAVY_TRAFFIC'},30,{7},5.0
2e68e847,2e68e8464,2020-10-29,13,{'JAM'},{'JAM_HEAVY_TRAFFIC'},41,{7},5.512195121951219
2e68e847,2e68e8464,2020-10-30,18,{'JAM'},{'JAM_STAND_STILL_TRAFFIC'},31,{7},5.0
2e68e847,2e68e8464,2020-10-31,10,{'JAM'},{'JAM_HEAVY_TRAFFIC'},33,{7},5.575757575757576
2e68e847,2e68e8464,2020-10-31,15,{'JAM'},{'JAM_STAND_STILL_TRAFFIC'},30,{7},5.0
2e68e847,2e68e8464,2020-11-02,17,{'JAM'},{'JAM_STAND_STILL_TRAFFIC'},32,{7},5.0
2e68e847,2e68e8464,2020-11-07,10,{'JAM'},{'JAM'},30,{7},5.0
2e68e847,2e68e8464,2020-11-09,15,{'JAM'},{'JAM_STAND_STILL_TRAFFIC'},48,{7},6.75
2e68e847,2e68e8464,2020-11-09,18,{'JAM'},{'JAM_HEAVY_TRAFFIC'},30,{7},5.0
2e68e847,2e68e8464,2020-11-11,14,{'JAM'},{'JAM_MODERATE_TRAFFIC'},39,{7},5.435897435897436
2e68e847,2e68e8464,2020-11-14,10,{'JAM'},{'JAM_MODERATE_TRAFFIC'},31,{7},5.0
2e68e847,2e68e8464,2020-11-15,11,{'WEATHERHAZARD'},{'WEATHERHAZARD'},31,{7},6.580645161290323
2e68e847,2e68e8464,2020-11-17,9,{'JAM'},{'JAM_HEAVY_TRAFFIC'},32,{7},5.875
2e68e847,2e68e8464,2020-11-21,12,{'JAM'},{'JAM_MODERATE_TRAFFIC'},12,{7},5.0
2e68e847,2e68e846c,2020-09-02,15,{'JAM'},{'JAM_HEAVY_TRAFFIC'},30,{2},5.566666666666666
2e68e847,2e68e846c,2020-09-02,19,{'JAM'},{'JAM_STAND_STILL_TRAFFIC'},30,{2},5.0
2e68e847,2e68e846c,2020-09-03,0,{'JAM'},{'JAM'},31,{5},5.0
2e68e847,2e68e846c,2020-09-04,18,{'JAM'},{'JAM_HEAVY_TRAFFIC'},75,{2},5.613333333333333
2e68e847,2e68e846c,2020-09-04,19,{'JAM'},{'JAM_STAND_STILL_TRAFFIC'},31,{2},5.0
2e68e847,2e68e846c,2020-09-05,19,{'JAM'},{'JAM_STAND_STILL_TRAFFIC'},33,{2},5.0
2e68e847,2e68e846c,2020-09-06,16,{'JAM'},{'JAM_HEAVY_TRAFFIC'},32,{2},5.0
2e68e847,2e68e846c,2020-09-07,17,{'JAM'},{'JAM_STAND_STILL_TRAFFIC'},31,{2},5.0
2e68e847,2e68e846c,2020-09-08,17,{'JAM'},{'JAM_STAND_STILL_TRAFFIC'},30,{2},5.0
2e68e847,2e68e846c,2020-09-11,18,{'JAM'},{'JAM'},31,{2},5.0
2e68e847,2e68e846c,2020-09-15,17,{'JAM'},{'JAM_STAND_STILL_TRAFFIC'},32,{2},5.0
2e68e847,2e68e846c,2020-09-16,18,{'JAM'},{'JAM_HEAVY_TRAFFIC'},38,{2},5.0
2e68e847,2e68e846c,2020-09-18,16,{'JAM'},{'JAM_STAND_STILL_TRAFFIC'},62,{2},5.0
2e68e847,2e68e846c,2020-09-18,17,{'JAM'},{'JAM_MODERATE_TRAFFIC'},31,{2},5.0
2e68e847,2e68e846c,2020-09-21,17,{'JAM'},"{'JAM_STAND_STILL_TRAFFIC', 'JAM_HEAVY_TRAFFIC'}",63,{2},5.492063492063492
2e68e847,2e68e846c,2020-09-22,18,{'JAM'},{'JAM_STAND_STILL_TRAFFIC'},32,{2},5.78125
2e68e847,2e68e846c,2020-09-24,9,{'JAM'},"{'JAM_STAND_STILL_TRAFFIC', 'JAM_HEAVY_TRAFFIC'}",61,{2},5.0
2e68e847,2e68e846c,2020-09-25,17,{'JAM'},{'JAM_HEAVY_TRAFFIC'},31,{2},5.0
2e68e847,2e68e846c,2020-10-01,19,{'JAM'},{'JAM_STAND_STILL_TRAFFIC'},32,{2},5.84375
2e68e847,2e68e846c,2020-10-02,17,{'JAM'},{'JAM_STAND_STILL_TRAFFIC'},31,{2},5.0
2e68e847,2e68e846c,2020-10-02,18,{'JAM'},"{'JAM_STAND_STILL_TRAFFIC', 'JAM_HEAVY_TRAFFIC'}",64,{2},5.5
2e68e847,2e68e846c,2020-10-02,19,{'JAM'},"{'JAM_STAND_STILL_TRAFFIC', 'JAM_MODERATE_TRAFFIC'}",63,{2},5.396825396825397
2e68e847,2e68e846c,2020-10-10,8,{'JAM'},{'JAM_STAND_STILL_TRAFFIC'},44,{2},5.340909090909091
2e68e847,2e68e846c,2020-10-10,12,{'JAM'},{'JAM_STAND_STILL_TRAFFIC'},31,{2},7.0
2e68e847,2e68e846c,2020-10-11,20,{'JAM'},{'JAM_MODERATE_TRAFFIC'},32,{2},5.0
2e68e847,2e68e846c,2020-10-12,4,{'JAM'},{'JAM_HEAVY_TRAFFIC'},30,{2},5.0
2e68e847,2e68e846c,2020-10-13,7,{'JAM'},{'JAM_STAND_STILL_TRAFFIC'},31,{2},6.129032258064516
2e68e847,2e68e846c,2020-10-13,18,{'JAM'},{'JAM_MODERATE_TRAFFIC'},62,{2},5.0
2e68e847,2e68e846c,2020-10-14,17,{'JAM'},{'JAM_STAND_STILL_TRAFFIC'},64,{2},5.234375
2e68e847,2e68e846c,2020-10-19,13,{'JAM'},{'JAM_STAND_STILL_TRAFFIC'},30,{2},5.0
2e68e847,2e68e846c,2020-10-19,18,{'JAM'},"{'JAM_STAND_STILL_TRAFFIC', 'JAM_MODERATE_TRAFFIC'}",66,{2},5.924242424242424
2e68e847,2e68e846c,2020-10-19,19,{'JAM'},{'JAM_STAND_STILL_TRAFFIC'},13,{2},5.0
2e68e847,2e68e846c,2020-10-20,18,{'JAM'},{'JAM_MODERATE_TRAFFIC'},30,{2},5.866666666666666
2e68e847,2e68e846c,2020-10-22,18,{'JAM'},"{'JAM_STAND_STILL_TRAFFIC', 'JAM_HEAVY_TRAFFIC'}",62,{2},5.0
2e68e847,2e68e846c,2020-10-23,11,{'JAM'},{'JAM_MODERATE_TRAFFIC'},31,{2},5.0
2e68e847,2e68e846c,2020-10-23,14,{'JAM'},{'JAM_STAND_STILL_TRAFFIC'},33,{2},5.575757575757576
2e68e847,2e68e846c,2020-10-24,18,{'JAM'},{'JAM_STAND_STILL_TRAFFIC'},27,{2},5.0
2e68e847,2e68e846c,2020-10-28,16,{'JAM'},"{'JAM', 'JAM_HEAVY_TRAFFIC'}",65,{2},5.492307692307692
2e68e847,2e68e846c,2020-10-30,16,{'JAM'},{'JAM_STAND_STILL_TRAFFIC'},30,{2},5.0
2e68e847,2e68e846c,2020-10-31,12,{'JAM'},{'JAM_STAND_STILL_TRAFFIC'},32,{2},5.0
2e68e847,2e68e846c,2020-11-02,17,{'JAM'},{'JAM_HEAVY_TRAFFIC'},32,{2},5.0
2e68e847,2e68e846c,2020-11-03,7,{'JAM'},{'JAM_HEAVY_TRAFFIC'},30,{2},7.266666666666667
2e68e847,2e68e846c,2020-11-05,12,{'JAM'},{'JAM_MODERATE_TRAFFIC'},30,{2},5.0
2e68e847,2e68e846c,2020-11-05,18,{'JAM'},{'JAM_HEAVY_TRAFFIC'},32,{2},5.90625
2e68e847,2e68e846c,2020-11-07,8,{'JAM'},{'JAM_MODERATE_TRAFFIC'},32,{2},5.0
2e68e847,2e68e846c,2020-11-07,12,{'JAM'},{'JAM_STAND_STILL_TRAFFIC'},32,{2},5.15625
2e68e847,2e68e846c,2020-11-07,15,{'JAM'},{'JAM_STAND_STILL_TRAFFIC'},32,{2},6.5
2e68e847,2e68e846c,2020-11-08,12,{'JAM'},{'JAM_HEAVY_TRAFFIC'},32,{2},5.0
2e68e847,2e68e846c,2020-11-11,10,{'JAM'},{'JAM_STAND_STILL_TRAFFIC'},30,{2},5.0
2e68e847,2e68e846c,2020-11-12,16,{'JAM'},{'JAM_STAND_STILL_TRAFFIC'},30,{2},5.0
2e68e847,2e68e846c,2020-11-12,17,{'JAM'},{'JAM_STAND_STILL_TRAFFIC'},61,{2},5.0
2e68e847,2e68e846c,2020-11-17,17,{'JAM'},{'JAM_HEAVY_TRAFFIC'},50,{2},5.36
2e68e847,2e68e846c,2020-11-18,16,{'JAM'},{'JAM_MODERATE_TRAFFIC'},36,{2},5.0
2e68e847,2e68e846c,2020-11-18,18,{'JAM'},"{'JAM_STAND_STILL_TRAFFIC', 'JAM_HEAVY_TRAFFIC'}",60,{2},5.0
2e68e847,2e68e846c,2020-11-20,17,{'JAM'},{'JAM_STAND_STILL_TRAFFIC'},11,{2},5.0
2e68e847,2e68e846c,2020-11-21,19,{'JAM'},{'JAM_STAND_STILL_TRAFFIC'},5,{2},5.0
2e68e847,2e68e8474,2020-09-01,15,{'JAM'},{'JAM_STAND_STILL_TRAFFIC'},47,{2},5.361702127659575
2e68e847,2e68e8474,2020-09-02,15,{'JAM'},{'JAM_STAND_STILL_TRAFFIC'},45,{2},6.133333333333334
2e68e847,2e68e8474,2020-09-05,12,{'JAM'},{'JAM_MODERATE_TRAFFIC'},32,{2},5.0
2e68e847,2e68e8474,2020-09-07,17,{'JAM'},"{'JAM_STAND_STILL_TRAFFIC', 'JAM_HEAVY_TRAFFIC'}",101,{2},5.0
2e68e847,2e68e8474,2020-09-12,12,{'JAM'},{'JAM'},25,{2},5.0
2e68e847,2e68e8474,2020-09-14,17,{'JAM'},{'JAM_STAND_STILL_TRAFFIC'},31,{2},5.870967741935484
2e68e847,2e68e8474,2020-09-15,7,{'JAM'},{'JAM_HEAVY_TRAFFIC'},30,{2},5.0
2e68e847,2e68e8474,2020-09-19,13,{'JAM'},{'JAM_STAND_STILL_TRAFFIC'},31,{2},5.774193548387097
2e68e847,2e68e8474,2020-09-19,14,{'JAM'},{'JAM_MODERATE_TRAFFIC'},33,{2},5.0
2e68e847,2e68e8474,2020-09-26,10,{'JAM'},{'JAM_HEAVY_TRAFFIC'},30,{2},5.0
2e68e847,2e68e8474,2020-09-26,16,{'JAM'},{'JAM_STAND_STILL_TRAFFIC'},32,{2},5.0
2e68e847,2e68e8474,2020-09-26,18,{'JAM'},{'JAM_MODERATE_TRAFFIC'},31,{2},5.0
2e68e847,2e68e8474,2020-10-02,7,{'JAM'},{'JAM_HEAVY_TRAFFIC'},30,{2},5.7
2e68e847,2e68e8474,2020-10-02,17,{'JAM'},{'JAM_STAND_STILL_TRAFFIC'},32,{2},5.0
2e68e847,2e68e8474,2020-10-02,18,{'JAM'},{'JAM_STAND_STILL_TRAFFIC'},45,{2},5.355555555555555
2e68e847,2e68e8474,2020-10-05,11,{'JAM'},{'JAM_STAND_STILL_TRAFFIC'},31,{2},5.0
2e68e847,2e68e8474,2020-10-09,18,{'JAM'},{'JAM_HEAVY_TRAFFIC'},32,{2},5.0
2e68e847,2e68e8474,2020-10-10,13,{'JAM'},{'JAM_HEAVY_TRAFFIC'},32,{2},5.0
2e68e847,2e68e8474,2020-10-11,15,{'JAM'},{'JAM_STAND_STILL_TRAFFIC'},14,{2},5.714285714285714
2e68e847,2e68e8474,2020-10-11,20,{'JAM'},{'JAM_MODERATE_TRAFFIC'},64,{2},5.0
2e68e847,2e68e8474,2020-10-12,14,{'JAM'},{'JAM_HEAVY_TRAFFIC'},32,{2},5.0
2e68e847,2e68e8474,2020-10-14,9,{'JAM'},{'JAM_STAND_STILL_TRAFFIC'},30,{2},6.0
2e68e847,2e68e8474,2020-10-14,13,{'JAM'},{'JAM_STAND_STILL_TRAFFIC'},31,{2},5.0
2e68e847,2e68e8474,2020-10-16,20,{'JAM'},{'JAM_MODERATE_TRAFFIC'},32,{2},5.0
2e68e847,2e68e8474,2020-10-19,13,{'JAM'},{'JAM_STAND_STILL_TRAFFIC'},66,{2},5.454545454545454
2e68e847,2e68e8474,2020-10-19,18,{'JAM'},{'JAM_MODERATE_TRAFFIC'},32,{2},5.0
2e68e847,2e68e8474,2020-10-27,7,{'JAM'},{'JAM_MODERATE_TRAFFIC'},30,{2},5.0
2e68e847,2e68e8474,2020-10-27,18,{'JAM'},{'JAM_STAND_STILL_TRAFFIC'},31,{2},5.0
2e68e847,2e68e8474,2020-10-27,19,{'JAM'},{'JAM_STAND_STILL_TRAFFIC'},31,{2},5.0
2e68e847,2e68e8474,2020-10-28,16,{'JAM'},{'JAM_STAND_STILL_TRAFFIC'},31,{2},5.967741935483871
2e68e847,2e68e8474,2020-10-30,19,{'JAM'},{'JAM_MODERATE_TRAFFIC'},33,{2},5.0
2e68e847,2e68e8474,2020-10-31,15,{'JAM'},{'JAM_STAND_STILL_TRAFFIC'},30,{2},5.0
2e68e847,2e68e8474,2020-11-02,14,{'JAM'},{'JAM_HEAVY_TRAFFIC'},34,{2},5.529411764705882
2e68e847,2e68e8474,2020-11-07,8,{'JAM'},"{'JAM_STAND_STILL_TRAFFIC', 'JAM_HEAVY_TRAFFIC'}",65,{2},5.230769230769231
2e68e847,2e68e8474,2020-11-07,12,{'JAM'},{'JAM_HEAVY_TRAFFIC'},43,{2},5.8604651162790695
2e68e847,2e68e8474,2020-11-07,13,{'JAM'},{'JAM_HEAVY_TRAFFIC'},31,{2},5.0
2e68e847,2e68e8474,2020-11-07,14,{'JAM'},{'JAM_STAND_STILL_TRAFFIC'},33,{2},6.636363636363637
2e68e847,2e68e8474,2020-11-07,18,{'JAM'},{'JAM_STAND_STILL_TRAFFIC'},36,{2},5.5
2e68e847,2e68e8474,2020-11-09,14,{'JAM'},{'JAM_MODERATE_TRAFFIC'},30,{2},5.0
2e68e847,2e68e8474,2020-11-12,17,{'JAM'},{'JAM_STAND_STILL_TRAFFIC'},31,{2},5.0
2e68e847,2e68e8474,2020-11-13,19,{'JAM'},{'JAM_STAND_STILL_TRAFFIC'},32,{2},5.0
2e68e847,2e68e8474,2020-11-17,17,{'JAM'},{'JAM_HEAVY_TRAFFIC'},46,{2},5.391304347826087
2e68e847,2e68e8474,2020-11-18,18,{'JAM'},{'JAM_STAND_STILL_TRAFFIC'},30,{2},5.0
2e68e847,2e68e8474,2020-11-19,19,{'JAM'},{'JAM_STAND_STILL_TRAFFIC'},32,{2},5.0
2e68e847,2e68e847c,2020-09-02,17,{'JAM'},{'JAM_STAND_STILL_TRAFFIC'},30,{2},5.0
2e68e847,2e68e847c,2020-09-22,19,{'JAM'},{'JAM_STAND_STILL_TRAFFIC'},30,{2},5.0
2e68e847,2e68e847c,2020-10-27,18,{'JAM'},{'JAM_HEAVY_TRAFFIC'},28,{2},5.0
2e68e847,2e68e847c,2020-11-10,16,{'JAM'},{'JAM_HEAVY_TRAFFIC'},7,{2},5.714285714285714
2e68e847,2e68e847c,2020-11-13,19,{'JAM'},{'JAM_STAND_STILL_TRAFFIC'},30,{2},5.0
2e68e849,2e68e8484,2020-10-02,17,{'JAM'},{'JAM_STAND_STILL_TRAFFIC'},33,{2},5.0
2e68e849,2e68e8484,2020-10-07,15,{'WEATHERHAZARD'},{'WEATHERHAZARD'},32,{2},5.0
2e68e849,2e68e8484,2020-10-16,16,{'JAM'},{'JAM_STAND_STILL_TRAFFIC'},41,{2},5.439024390243903
2e68e849,2e68e8484,2020-11-07,19,{'JAM'},{'JAM_STAND_STILL_TRAFFIC'},6,{2},5.0
2e68e849,2e68e8484,2020-11-14,13,{'JAM'},{'JAM_HEAVY_TRAFFIC'},28,{2},5.678571428571429
2e68e849,2e68e848c,2020-09-04,19,{'JAM'},{'JAM_HEAVY_TRAFFIC'},37,{7},5.45945945945946
2e68e849,2e68e848c,2020-09-07,19,{'JAM'},{'JAM_STAND_STILL_TRAFFIC'},31,{7},5.0
2e68e849,2e68e848c,2020-09-10,18,{'JAM'},{'JAM_HEAVY_TRAFFIC'},31,{2},5.0
2e68e849,2e68e848c,2020-09-18,17,{'JAM'},{'JAM_HEAVY_TRAFFIC'},31,{7},5.67741935483871
2e68e849,2e68e848c,2020-09-22,18,{'JAM'},{'JAM_MODERATE_TRAFFIC'},31,{7},5.0
2e68e849,2e68e848c,2020-09-24,17,{'JAM'},{'JAM_HEAVY_TRAFFIC'},31,{7},5.0
2e68e849,2e68e848c,2020-09-25,16,{'JAM'},{'JAM_HEAVY_TRAFFIC'},31,{7},5.0
2e68e849,2e68e848c,2020-09-28,13,{'JAM'},{'JAM_STAND_STILL_TRAFFIC'},30,{7},5.966666666666667
2e68e849,2e68e848c,2020-09-29,16,{'WEATHERHAZARD'},{'HAZARD_ON_SHOULDER_CAR_STOPPED'},31,{7},5.0
2e68e849,2e68e848c,2020-10-02,14,{'JAM'},{'JAM_STAND_STILL_TRAFFIC'},31,{7},5.0
2e68e849,2e68e848c,2020-10-02,17,{'JAM'},{'JAM_MODERATE_TRAFFIC'},31,{7},5.0
2e68e849,2e68e848c,2020-10-04,16,{'WEATHERHAZARD'},{'HAZARD_ON_SHOULDER_CAR_STOPPED'},21,{7},5.619047619047619
2e68e849,2e68e848c,2020-10-05,16,{'JAM'},{'JAM_STAND_STILL_TRAFFIC'},30,{2},6.0
2e68e849,2e68e848c,2020-10-05,18,{'JAM'},{'JAM_MODERATE_TRAFFIC'},31,{7},5.0
2e68e849,2e68e848c,2020-10-07,9,{'JAM'},{'JAM_HEAVY_TRAFFIC'},30,{7},5.0
2e68e849,2e68e848c,2020-10-16,15,{'JAM'},{'JAM_STAND_STILL_TRAFFIC'},32,{7},5.0
2e68e849,2e68e848c,2020-10-20,18,{'JAM'},{'JAM_HEAVY_TRAFFIC'},29,{7},5.0
2e68e849,2e68e848c,2020-10-22,17,{'JAM'},{'JAM_HEAVY_TRAFFIC'},30,{7},5.0
2e68e849,2e68e848c,2020-10-28,19,{'JAM'},{'JAM'},25,{7},5.0
2e68e849,2e68e848c,2020-10-30,18,{'JAM'},{'JAM_STAND_STILL_TRAFFIC'},35,{7},5.0
2e68e849,2e68e848c,2020-11-02,18,{'JAM'},{'JAM_STAND_STILL_TRAFFIC'},30,{7},5.6
2e68e849,2e68e848c,2020-11-05,8,{'JAM'},{'JAM_STAND_STILL_TRAFFIC'},31,{7},5.0
2e68e849,2e68e848c,2020-11-06,18,{'JAM'},{'JAM_STAND_STILL_TRAFFIC'},34,{7},5.5
2e68e849,2e68e848c,2020-11-09,15,{'JAM'},{'JAM_STAND_STILL_TRAFFIC'},31,{7},5.032258064516129
2e68e849,2e68e848c,2020-11-10,10,{'JAM'},{'JAM_STAND_STILL_TRAFFIC'},33,{7},5.848484848484849
2e68e849,2e68e848c,2020-11-16,17,{'JAM'},{'JAM_HEAVY_TRAFFIC'},23,{7},5.0
2e68e849,2e68e8494,2020-11-18,8,{'JAM'},{'JAM'},33,{1},5.0
2e68e849,2e68e849c,2020-10-20,15,{'JAM'},{'JAM_STAND_STILL_TRAFFIC'},26,{1},5.0
2e68e84b,2e68e84bc,2020-10-11,17,"{'JAM', 'ACCIDENT'}","{'JAM_MODERATE_TRAFFIC', 'ACCIDENT', 'ACCIDENT_MINOR'}",289,{1},5.615916955017301
2e68e84d,2e68e84c4,2020-09-03,19,{'JAM'},{'JAM_MODERATE_TRAFFIC'},6,{7},5.0
2e68e84d,2e68e84c4,2020-10-06,14,{'JAM'},"{'JAM_STAND_STILL_TRAFFIC', 'JAM_HEAVY_TRAFFIC'}",61,{7},5.508196721311475
2e68e84d,2e68e84c4,2020-10-12,10,{'JAM'},{'JAM'},30,{7},5.0
2e68e84d,2e68e84c4,2020-10-19,17,{'JAM'},{'JAM_STAND_STILL_TRAFFIC'},32,{7},5.96875
2e68e84d,2e68e84c4,2020-10-20,16,{'JAM'},{'JAM_STAND_STILL_TRAFFIC'},33,{7},5.96969696969697
2e68e84d,2e68e84c4,2020-10-24,14,{'JAM'},{'JAM_STAND_STILL_TRAFFIC'},30,{7},5.0
2e68e84d,2e68e84c4,2020-10-29,15,{'JAM'},{'JAM_STAND_STILL_TRAFFIC'},21,{7},5.380952380952381
2e68e84d,2e68e84c4,2020-11-13,18,{'JAM'},{'JAM_STAND_STILL_TRAFFIC'},29,{7},7.0
2e68e84d,2e68e84dc,2020-10-16,16,{'WEATHERHAZARD'},{'HAZARD_ON_SHOULDER_CAR_STOPPED'},33,{4},6.757575757575758
2e68e84f,2e68e84e4,2020-09-28,17,{'JAM'},{'JAM_MODERATE_TRAFFIC'},12,{4},5.0
2e68e84f,2e68e84e4,2020-09-29,16,{'WEATHERHAZARD'},{'HAZARD_ON_SHOULDER_CAR_STOPPED'},33,{4},5.0
2e68e84f,2e68e84e4,2020-10-02,16,{'WEATHERHAZARD'},{'HAZARD_ON_SHOULDER_CAR_STOPPED'},8,{4},6.5
2e68e84f,2e68e84e4,2020-10-05,17,{'JAM'},{'JAM_HEAVY_TRAFFIC'},36,{4},8.194444444444445
2e68e84f,2e68e84e4,2020-10-08,17,{'JAM'},{'JAM_STAND_STILL_TRAFFIC'},31,{4},5.903225806451613
2e68e84f,2e68e84e4,2020-10-09,17,{'JAM'},{'JAM_STAND_STILL_TRAFFIC'},47,{4},5.361702127659575
2e68e84f,2e68e84e4,2020-10-09,18,{'JAM'},{'JAM_HEAVY_TRAFFIC'},32,{4},5.0
2e68e84f,2e68e84e4,2020-10-16,16,{'WEATHERHAZARD'},{'HAZARD_ON_SHOULDER_CAR_STOPPED'},31,{4},5.580645161290323
2e68e84f,2e68e84e4,2020-10-16,17,{'JAM'},{'JAM_STAND_STILL_TRAFFIC'},22,{4},5.0
2e68e84f,2e68e84e4,2020-10-26,15,{'JAM'},{'JAM_STAND_STILL_TRAFFIC'},4,{4},5.0
2e68e84f,2e68e84e4,2020-10-30,13,{'JAM'},{'JAM_HEAVY_TRAFFIC'},5,{4},5.0
2e68e84f,2e68e84e4,2020-11-06,17,{'JAM'},{'JAM_STAND_STILL_TRAFFIC'},1,{4},5.0
2e68e84f,2e68e84e4,2020-11-07,16,{'JAM'},{'JAM_STAND_STILL_TRAFFIC'},32,{4},5.6875
2e68e84f,2e68e84e4,2020-11-11,16,{'JAM'},{'JAM_HEAVY_TRAFFIC'},33,{4},5.0
2e68e84f,2e68e84e4,2020-11-12,17,{'JAM'},{'JAM_HEAVY_TRAFFIC'},48,{4},5.291666666666667
2e68e84f,2e68e84e4,2020-11-13,11,{'JAM'},{'JAM_MODERATE_TRAFFIC'},9,{4},5.888888888888889
2e68e84f,2e68e84e4,2020-11-13,18,{'JAM'},{'JAM_STAND_STILL_TRAFFIC'},31,{1},5.935483870967742
2e68e84f,2e68e84e4,2020-11-13,19,{'JAM'},{'JAM_STAND_STILL_TRAFFIC'},34,{4},5.382352941176471
2e68e84f,2e68e84e4,2020-11-16,17,{'JAM'},{'JAM_HEAVY_TRAFFIC'},31,{4},5.935483870967742
2e68e84f,2e68e84ec,2020-09-03,13,{'JAM'},{'JAM_HEAVY_TRAFFIC'},5,{7},5.0
2e68e84f,2e68e84ec,2020-09-05,13,{'JAM'},{'JAM_MODERATE_TRAFFIC'},5,{7},5.0
2e68e84f,2e68e84ec,2020-09-08,12,{'JAM'},{'JAM_HEAVY_TRAFFIC'},38,{4},5.0
2e68e84f,2e68e84ec,2020-09-10,14,{'JAM'},{'JAM_HEAVY_TRAFFIC'},6,{4},5.0
2e68e84f,2e68e84ec,2020-09-10,19,{'JAM'},{'JAM_STAND_STILL_TRAFFIC'},6,{7},5.0
2e68e84f,2e68e84ec,2020-09-12,9,{'JAM'},{'JAM_MODERATE_TRAFFIC'},33,{7},5.0
2e68e84f,2e68e84ec,2020-09-18,16,{'JAM'},{'JAM_HEAVY_TRAFFIC'},6,{4},5.0
2e68e84f,2e68e84ec,2020-09-18,17,{'ACCIDENT'},{'ACCIDENT_MAJOR'},72,{4},6.888888888888889
2e68e84f,2e68e84ec,2020-09-26,17,{'JAM'},{'JAM_HEAVY_TRAFFIC'},6,{7},5.0
2e68e84f,2e68e84ec,2020-09-29,16,{'WEATHERHAZARD'},{'HAZARD_ON_SHOULDER_CAR_STOPPED'},62,"{4, 7}",5.0
2e68e84f,2e68e84ec,2020-10-02,14,{'JAM'},{'JAM_STAND_STILL_TRAFFIC'},31,{7},5.0
2e68e84f,2e68e84ec,2020-10-02,16,{'JAM'},{'JAM_STAND_STILL_TRAFFIC'},5,{4},5.0
2e68e84f,2e68e84ec,2020-10-03,16,{'JAM'},{'JAM_HEAVY_TRAFFIC'},32,{7},6.9375
2e68e84f,2e68e84ec,2020-10-04,16,"{'JAM', 'WEATHERHAZARD'}","{'HAZARD_ON_SHOULDER_CAR_STOPPED', 'JAM_STAND_STILL_TRAFFIC'}",39,"{4, 7}",5.794871794871795
2e68e84f,2e68e84ec,2020-10-05,17,{'JAM'},{'JAM_STAND_STILL_TRAFFIC'},34,{4},5.5
2e68e84f,2e68e84ec,2020-10-05,18,{'JAM'},{'JAM_HEAVY_TRAFFIC'},31,{7},5.0
2e68e84f,2e68e84ec,2020-10-07,14,{'JAM'},{'JAM_STAND_STILL_TRAFFIC'},22,{4},5.0
2e68e84f,2e68e84ec,2020-10-07,17,{'JAM'},{'JAM_HEAVY_TRAFFIC'},7,{7},5.0
2e68e84f,2e68e84ec,2020-10-09,17,{'JAM'},{'JAM_STAND_STILL_TRAFFIC'},31,{7},5.967741935483871
2e68e84f,2e68e84ec,2020-10-10,10,{'JAM'},{'JAM_HEAVY_TRAFFIC'},31,{7},5.0
2e68e84f,2e68e84ec,2020-10-10,12,{'JAM'},{'JAM_STAND_STILL_TRAFFIC'},20,{7},5.0
2e68e84f,2e68e84ec,2020-10-11,17,{'WEATHERHAZARD'},{'HAZARD_ON_SHOULDER_CAR_STOPPED'},27,{7},5.37037037037037
2e68e84f,2e68e84ec,2020-10-13,14,{'JAM'},{'JAM_MODERATE_TRAFFIC'},16,{7},5.0
2e68e84f,2e68e84ec,2020-10-15,15,{'JAM'},{'JAM_HEAVY_TRAFFIC'},8,{7},5.0
2e68e84f,2e68e84ec,2020-10-16,15,{'JAM'},{'JAM_STAND_STILL_TRAFFIC'},31,{7},5.0
2e68e84f,2e68e84ec,2020-10-16,16,"{'JAM', 'WEATHERHAZARD'}","{'HAZARD_ON_SHOULDER_CAR_STOPPED', 'HAZARD_WEATHER_HAIL', 'JAM_STAND_STILL_TRAFFIC', 'JAM_HEAVY_TRAFFIC'}",108,"{4, 7}",5.416666666666667
2e68e84f,2e68e84ec,2020-10-18,18,{'JAM'},{'JAM_MODERATE_TRAFFIC'},6,{4},5.0
2e68e84f,2e68e84ec,2020-10-18,19,{'JAM'},{'JAM_HEAVY_TRAFFIC'},11,{7},5.0
2e68e84f,2e68e84ec,2020-10-19,12,{'JAM'},{'JAM_STAND_STILL_TRAFFIC'},5,{4},5.0
2e68e84f,2e68e84ec,2020-10-20,17,{'JAM'},{'JAM_HEAVY_TRAFFIC'},22,{4},6.363636363636363
2e68e84f,2e68e84ec,2020-10-29,13,{'JAM'},{'JAM_HEAVY_TRAFFIC'},31,{7},5.0
2e68e84f,2e68e84ec,2020-10-29,15,{'JAM'},{'JAM_STAND_STILL_TRAFFIC'},31,{7},5.0
2e68e84f,2e68e84ec,2020-10-30,10,{'WEATHERHAZARD'},{'HAZARD_ON_SHOULDER_CAR_STOPPED'},31,{4},5.483870967741935
2e68e84f,2e68e84ec,2020-10-30,14,{'JAM'},{'JAM_STAND_STILL_TRAFFIC'},17,{4},5.0
2e68e84f,2e68e84ec,2020-10-31,10,{'JAM'},{'JAM_MODERATE_TRAFFIC'},7,{7},5.0
2e68e84f,2e68e84ec,2020-11-03,7,{'JAM'},{'JAM_STAND_STILL_TRAFFIC'},31,{7},5.645161290322581
2e68e84f,2e68e84ec,2020-11-04,15,{'JAM'},{'JAM'},31,{7},5.0
2e68e84f,2e68e84ec,2020-11-06,16,{'JAM'},{'JAM_STAND_STILL_TRAFFIC'},45,{7},5.355555555555555
2e68e84f,2e68e84ec,2020-11-08,14,{'JAM'},{'JAM_STAND_STILL_TRAFFIC'},20,{7},5.0
2e68e84f,2e68e84ec,2020-11-09,9,{'JAM'},{'JAM_HEAVY_TRAFFIC'},10,{7},5.9
2e68e84f,2e68e84ec,2020-11-09,17,{'JAM'},{'JAM_STAND_STILL_TRAFFIC'},31,{1},5.0
2e68e84f,2e68e84ec,2020-11-10,13,{'JAM'},{'JAM_MODERATE_TRAFFIC'},31,{7},5.67741935483871
2e68e84f,2e68e84ec,2020-11-13,18,{'JAM'},{'JAM_STAND_STILL_TRAFFIC'},2,{7},5.5
2e68e84f,2e68e84ec,2020-11-14,13,{'JAM'},{'JAM_STAND_STILL_TRAFFIC'},30,{7},5.0
2e68e84f,2e68e84ec,2020-11-21,11,{'JAM'},{'JAM_HEAVY_TRAFFIC'},9,{7},5.555555555555555
2e68e84f,2e68e84f4,2020-09-04,17,{'JAM'},{'JAM_STAND_STILL_TRAFFIC'},30,{7},6.0
2e68e84f,2e68e84f4,2020-09-23,9,{'JAM'},{'JAM_STAND_STILL_TRAFFIC'},30,{7},5.0
2e68e84f,2e68e84f4,2020-10-02,16,{'WEATHERHAZARD'},{'HAZARD_ON_SHOULDER_CAR_STOPPED'},35,{7},5.428571428571429
2e68e84f,2e68e84f4,2020-10-08,17,{'JAM'},{'JAM_HEAVY_TRAFFIC'},30,{7},5.0
2e68e84f,2e68e84f4,2020-10-14,12,{'JAM'},{'JAM_MODERATE_TRAFFIC'},31,{7},5.0
2e68e84f,2e68e84f4,2020-10-16,15,{'JAM'},{'JAM_STAND_STILL_TRAFFIC'},31,{7},5.0
2e68e84f,2e68e84f4,2020-10-26,9,{'JAM'},{'JAM_STAND_STILL_TRAFFIC'},34,{7},5.0
2e68e84f,2e68e84f4,2020-10-28,19,{'WEATHERHAZARD'},{'WEATHERHAZARD'},31,{7},5.0
2e68e84f,2e68e84f4,2020-11-07,11,{'JAM'},{'JAM_MODERATE_TRAFFIC'},31,{7},5.0
2e68e84f,2e68e84f4,2020-11-10,17,{'JAM'},{'JAM_MODERATE_TRAFFIC'},31,{7},5.0
2e68e84f,2e68e84f4,2020-11-13,17,{'JAM'},{'JAM_STAND_STILL_TRAFFIC'},31,{1},5.0
2e68e84f,2e68e84f4,2020-11-13,19,{'JAM'},{'JAM_HEAVY_TRAFFIC'},32,{7},5.78125
2e68e84f,2e68e84f4,2020-11-16,15,{'JAM'},{'JAM_HEAVY_TRAFFIC'},31,{7},5.0
2e68e84f,2e68e84f4,2020-11-19,16,{'JAM'},{'JAM_MODERATE_TRAFFIC'},32,{7},5.0
2e68e84f,2e68e84f4,2020-11-22,15,{'JAM'},{'JAM_HEAVY_TRAFFIC'},31,{7},5.967741935483871
2e68e853,2e68e853c,2020-09-26,11,{'WEATHERHAZARD'},{'HAZARD_ON_ROAD_CONSTRUCTION'},192,{4},5.260416666666667
2e68e853,2e68e853c,2020-10-05,18,{'JAM'},{'JAM_HEAVY_TRAFFIC'},35,{4},6.314285714285714
2e68e853,2e68e853c,2020-11-13,11,{'JAM'},{'JAM_MODERATE_TRAFFIC'},5,{4},5.0
2e68e857,2e68e8564,2020-10-16,17,{'JAM'},{'JAM_STAND_STILL_TRAFFIC'},31,{1},5.0
2e68e857,2e68e8564,2020-10-31,17,{'JAM'},{'JAM'},6,{1},5.0
2e68e857,2e68e8574,2020-09-29,19,{'WEATHERHAZARD'},{'WEATHERHAZARD'},33,{1},5.0
2e68e857,2e68e857c,2020-09-02,17,{'JAM'},{'JAM_STAND_STILL_TRAFFIC'},6,{1},5.0
2e68e85b,2e68e85b4,2020-09-10,10,{'JAM'},{'JAM'},32,{1},5.0
2e68e85b,2e68e85bc,2020-09-10,11,{'WEATHERHAZARD'},{'HAZARD_ON_ROAD_POT_HOLE'},1393,{1},5.784637473079684
2e68e85b,2e68e85bc,2020-10-03,16,{'JAM'},{'JAM'},30,{2},5.0
2e68e85b,2e68e85bc,2020-10-08,17,{'WEATHERHAZARD'},{'HAZARD_ON_SHOULDER_CAR_STOPPED'},32,{1},5.0
2e68e85d,2e68e85c4,2020-11-21,17,{'JAM'},{'JAM_HEAVY_TRAFFIC'},28,{1},5.0
2e68e85d,2e68e85d4,2020-09-02,16,{'WEATHERHAZARD'},{'HAZARD_ON_SHOULDER_CAR_STOPPED'},51,{6},5.313725490196078
2e68e85d,2e68e85d4,2020-09-03,13,{'JAM'},{'JAM_STAND_STILL_TRAFFIC'},11,{6},5.909090909090909
2e68e85d,2e68e85d4,2020-09-03,16,{'JAM'},{'JAM_STAND_STILL_TRAFFIC'},29,{6},5.0
2e68e85d,2e68e85d4,2020-09-05,17,{'JAM'},{'JAM_STAND_STILL_TRAFFIC'},30,{6},5.0
2e68e85d,2e68e85d4,2020-09-05,21,{'WEATHERHAZARD'},{'WEATHERHAZARD'},31,{6},5.0
2e68e85d,2e68e85d4,2020-09-09,17,{'JAM'},"{'JAM_STAND_STILL_TRAFFIC', 'JAM_HEAVY_TRAFFIC'}",28,{6},5.071428571428571
2e68e85d,2e68e85d4,2020-09-10,13,{'JAM'},{'JAM'},6,{6},5.0
2e68e85d,2e68e85d4,2020-09-11,16,{'JAM'},{'JAM_STAND_STILL_TRAFFIC'},43,{6},5.372093023255814
2e68e85d,2e68e85d4,2020-09-16,14,{'JAM'},{'JAM_MODERATE_TRAFFIC'},30,{6},5.0
2e68e85d,2e68e85d4,2020-09-16,18,{'JAM'},"{'JAM_MODERATE_TRAFFIC', 'JAM_HEAVY_TRAFFIC'}",68,{6},5.4411764705882355
2e68e85d,2e68e85d4,2020-09-19,13,{'JAM'},{'JAM_HEAVY_TRAFFIC'},30,{6},5.0
2e68e85d,2e68e85d4,2020-09-23,18,{'JAM'},{'JAM_HEAVY_TRAFFIC'},13,{6},5.0
2e68e85d,2e68e85d4,2020-09-24,17,{'JAM'},{'JAM_HEAVY_TRAFFIC'},31,{6},5.0
2e68e85d,2e68e85d4,2020-09-26,13,{'JAM'},{'JAM_STAND_STILL_TRAFFIC'},30,{6},5.0
2e68e85d,2e68e85d4,2020-09-30,17,{'JAM'},{'JAM_HEAVY_TRAFFIC'},23,{6},5.0
2e68e85d,2e68e85d4,2020-10-01,17,{'JAM'},{'JAM_STAND_STILL_TRAFFIC'},44,{6},5.431818181818182
2e68e85d,2e68e85d4,2020-10-02,18,{'JAM'},{'JAM_STAND_STILL_TRAFFIC'},51,{6},5.921568627450981
2e68e85d,2e68e85d4,2020-10-05,8,{'JAM'},{'JAM_STAND_STILL_TRAFFIC'},30,{7},6.0
2e68e85d,2e68e85d4,2020-10-06,17,{'JAM'},{'JAM'},34,{6},5.0
2e68e85d,2e68e85d4,2020-10-08,23,{'JAM'},{'JAM_STAND_STILL_TRAFFIC'},31,{6},5.0
2e68e85d,2e68e85d4,2020-10-10,12,{'JAM'},{'JAM'},21,{6},5.0
2e68e85d,2e68e85d4,2020-10-16,15,{'JAM'},{'JAM_HEAVY_TRAFFIC'},31,{6},5.580645161290323
2e68e85d,2e68e85d4,2020-10-17,15,{'JAM'},{'JAM_STAND_STILL_TRAFFIC'},18,{6},5.0
2e68e85d,2e68e85d4,2020-10-22,8,{'JAM'},{'JAM_STAND_STILL_TRAFFIC'},14,{6},7.214285714285714
2e68e85d,2e68e85d4,2020-10-22,17,{'JAM'},{'JAM_STAND_STILL_TRAFFIC'},39,{6},5.410256410256411
2e68e85d,2e68e85d4,2020-10-23,16,{'JAM'},{'JAM_STAND_STILL_TRAFFIC'},37,{6},6.5675675675675675
2e68e85d,2e68e85d4,2020-10-24,16,{'JAM'},{'JAM_STAND_STILL_TRAFFIC'},33,{6},5.0
2e68e85d,2e68e85d4,2020-10-26,7,{'JAM'},{'JAM_MODERATE_TRAFFIC'},31,{7},5.0
2e68e85d,2e68e85d4,2020-10-26,16,{'JAM'},{'JAM_STAND_STILL_TRAFFIC'},5,{6},5.0
2e68e85d,2e68e85d4,2020-10-30,14,{'JAM'},{'JAM_MODERATE_TRAFFIC'},28,{6},5.857142857142857
2e68e85d,2e68e85d4,2020-10-31,14,{'JAM'},{'JAM_HEAVY_TRAFFIC'},39,{6},7.769230769230769
2e68e85d,2e68e85d4,2020-11-02,17,{'JAM'},{'JAM_HEAVY_TRAFFIC'},31,{6},6.903225806451613
2e68e85d,2e68e85d4,2020-11-04,13,{'JAM'},{'JAM_HEAVY_TRAFFIC'},32,{6},5.0
2e68e85d,2e68e85d4,2020-11-09,7,{'JAM'},{'JAM_MODERATE_TRAFFIC'},32,{6},5.0
2e68e85d,2e68e85d4,2020-11-18,17,{'JAM'},{'JAM_STAND_STILL_TRAFFIC'},28,{6},5.0
2e68e85d,2e68e85d4,2020-11-19,17,{'JAM'},{'JAM_STAND_STILL_TRAFFIC'},35,{6},5.457142857142857
2e68e85d,2e68e85d4,2020-11-20,16,{'JAM'},{'JAM_HEAVY_TRAFFIC'},8,{6},5.0
2e68e85d,2e68e85d4,2020-11-21,15,{'JAM'},{'JAM_STAND_STILL_TRAFFIC'},30,{6},6.8
2e68e85d,2e68e85dc,2020-09-01,17,{'JAM'},{'JAM_HEAVY_TRAFFIC'},31,{6},5.0
2e68e85d,2e68e85dc,2020-09-02,16,{'WEATHERHAZARD'},{'HAZARD_ON_SHOULDER_CAR_STOPPED'},28,{6},5.607142857142857
2e68e85d,2e68e85dc,2020-09-17,17,{'JAM'},{'JAM_STAND_STILL_TRAFFIC'},33,{6},5.454545454545454
2e68e85d,2e68e85dc,2020-09-18,17,{'JAM'},{'JAM_STAND_STILL_TRAFFIC'},30,{6},5.733333333333333
2e68e85d,2e68e85dc,2020-09-24,12,{'WEATHERHAZARD'},{'WEATHERHAZARD'},32,{6},5.0
2e68e85d,2e68e85dc,2020-09-25,17,{'JAM'},{'JAM_STAND_STILL_TRAFFIC'},34,{6},5.470588235294118
2e68e85d,2e68e85dc,2020-10-09,15,{'JAM'},{'JAM_STAND_STILL_TRAFFIC'},32,{6},6.65625
2e68e85d,2e68e85dc,2020-10-19,17,{'JAM'},{'JAM_STAND_STILL_TRAFFIC'},34,{6},5.294117647058823
2e68e85d,2e68e85dc,2020-10-21,17,{'JAM'},{'JAM_STAND_STILL_TRAFFIC'},30,{6},8.233333333333333
2e68e85d,2e68e85dc,2020-10-21,18,{'JAM'},{'JAM_HEAVY_TRAFFIC'},12,{6},5.333333333333333
2e68e85d,2e68e85dc,2020-10-27,17,{'JAM'},{'JAM_STAND_STILL_TRAFFIC'},26,{6},5.0
2e68e85d,2e68e85dc,2020-10-27,18,{'JAM'},{'JAM_STAND_STILL_TRAFFIC'},32,{6},5.0
2e68e85d,2e68e85dc,2020-10-28,13,{'JAM'},{'JAM_HEAVY_TRAFFIC'},31,{6},5.0
2e68e85d,2e68e85dc,2020-11-07,16,{'JAM'},{'JAM_STAND_STILL_TRAFFIC'},32,{6},5.0
2e68e85d,2e68e85dc,2020-11-19,9,{'JAM'},{'JAM_HEAVY_TRAFFIC'},32,{6},5.71875
2e68e85d,2e68e85dc,2020-11-21,12,{'JAM'},{'JAM_STAND_STILL_TRAFFIC'},5,{6},5.0
2e68e85d,2e68e85dc,2020-11-21,14,{'JAM'},{'JAM_STAND_STILL_TRAFFIC'},31,{6},5.774193548387097
2e68e85f,2e68e85e4,2020-09-02,16,"{'JAM', 'WEATHERHAZARD'}","{'HAZARD_ON_SHOULDER_CAR_STOPPED', 'JAM_STAND_STILL_TRAFFIC'}",71,{6},5.816901408450704
2e68e85f,2e68e85e4,2020-09-03,13,{'JAM'},{'JAM_STAND_STILL_TRAFFIC'},32,{6},5.0
2e68e85f,2e68e85e4,2020-09-17,17,{'JAM'},{'JAM_STAND_STILL_TRAFFIC'},29,{6},5.0
2e68e85f,2e68e85e4,2020-09-21,12,{'JAM'},{'JAM_STAND_STILL_TRAFFIC'},26,{6},5.0
2e68e85f,2e68e85e4,2020-09-26,15,{'JAM'},{'JAM_HEAVY_TRAFFIC'},13,{6},5.0
2e68e85f,2e68e85e4,2020-10-02,16,{'JAM'},{'JAM_STAND_STILL_TRAFFIC'},34,{6},6.617647058823529
2e68e85f,2e68e85e4,2020-10-05,8,{'JAM'},{'JAM_STAND_STILL_TRAFFIC'},6,{6},5.833333333333333
2e68e85f,2e68e85e4,2020-10-05,18,{'JAM'},{'JAM_STAND_STILL_TRAFFIC'},54,"{2, 6}",5.314814814814815
2e68e85f,2e68e85e4,2020-10-07,7,{'WEATHERHAZARD'},{'HAZARD_ON_SHOULDER_CAR_STOPPED'},14,{6},5.071428571428571
2e68e85f,2e68e85e4,2020-10-08,17,{'JAM'},{'JAM_STAND_STILL_TRAFFIC'},39,{6},5.410256410256411
2e68e85f,2e68e85e4,2020-10-10,12,{'JAM'},{'JAM_STAND_STILL_TRAFFIC'},16,{6},5.9375
2e68e85f,2e68e85e4,2020-10-19,16,{'JAM'},{'JAM_STAND_STILL_TRAFFIC'},13,{6},5.0
2e68e85f,2e68e85e4,2020-10-21,17,{'JAM'},{'JAM_STAND_STILL_TRAFFIC'},30,{6},5.0
2e68e85f,2e68e85e4,2020-10-23,17,{'JAM'},{'JAM'},28,{6},5.0
2e68e85f,2e68e85e4,2020-10-28,15,{'JAM'},{'JAM_STAND_STILL_TRAFFIC'},31,{6},5.0
2e68e85f,2e68e85e4,2020-10-31,14,{'ACCIDENT'},{'ACCIDENT'},75,{2},5.933333333333334
2e68e85f,2e68e85e4,2020-11-02,18,{'JAM'},{'JAM_STAND_STILL_TRAFFIC'},30,{6},5.0
2e68e85f,2e68e85e4,2020-11-05,11,{'JAM'},{'JAM_STAND_STILL_TRAFFIC'},5,{6},5.0
2e68e85f,2e68e85e4,2020-11-12,14,{'JAM'},{'JAM_HEAVY_TRAFFIC'},16,{6},5.0
2e68e85f,2e68e85e4,2020-11-12,17,{'JAM'},{'JAM_HEAVY_TRAFFIC'},33,{2},5.0
2e68e85f,2e68e85e4,2020-11-17,12,{'JAM'},{'JAM_STAND_STILL_TRAFFIC'},32,{6},5.0
2e68e85f,2e68e85e4,2020-11-18,13,{'JAM'},{'JAM_STAND_STILL_TRAFFIC'},45,{6},6.155555555555556
2e68e85f,2e68e85e4,2020-11-20,15,{'JAM'},{'JAM_STAND_STILL_TRAFFIC'},19,{6},5.0
2e68e85f,2e68e85e4,2020-11-20,17,{'JAM'},{'JAM_STAND_STILL_TRAFFIC'},30,{6},5.466666666666667
2e68e85f,2e68e85e4,2020-11-21,11,{'JAM'},{'JAM_STAND_STILL_TRAFFIC'},20,{6},5.0
2e68e85f,2e68e85e4,2020-11-21,12,{'JAM'},{'JAM_STAND_STILL_TRAFFIC'},12,{6},5.0
2e68e85f,2e68e85ec,2020-09-03,17,{'JAM'},{'JAM_STAND_STILL_TRAFFIC'},5,{2},5.0
2e68e85f,2e68e85ec,2020-09-06,13,{'JAM'},{'JAM'},31,{1},5.0
2e68e85f,2e68e85ec,2020-10-01,16,{'JAM'},{'JAM'},5,{2},5.0
2e68e85f,2e68e85fc,2020-09-02,16,{'WEATHERHAZARD'},{'HAZARD_ON_SHOULDER_CAR_STOPPED'},35,{6},6.0
2e68e85f,2e68e85fc,2020-09-03,17,{'JAM'},{'JAM_STAND_STILL_TRAFFIC'},37,{6},5.405405405405405
2e68e85f,2e68e85fc,2020-10-03,13,{'JAM'},{'JAM_HEAVY_TRAFFIC'},31,{6},5.0
2e68e85f,2e68e85fc,2020-10-05,17,{'JAM'},{'JAM_STAND_STILL_TRAFFIC'},31,{6},5.0
2e68e85f,2e68e85fc,2020-10-30,16,{'JAM'},{'JAM_HEAVY_TRAFFIC'},34,{6},5.0
2e68e85f,2e68e85fc,2020-11-14,15,{'JAM'},{'JAM_STAND_STILL_TRAFFIC'},7,{6},5.0
2e68e85f,2e68e85fc,2020-11-17,13,{'JAM'},{'JAM_HEAVY_TRAFFIC'},31,{6},5.0
2e68e85f,2e68e85fc,2020-11-19,9,{'JAM'},{'JAM_MODERATE_TRAFFIC'},14,{6},5.5
2e68e861,2e68e860c,2020-09-11,17,{'JAM'},{'JAM_STAND_STILL_TRAFFIC'},33,{2},5.0
2e68e861,2e68e860c,2020-10-05,18,{'JAM'},{'JAM_MODERATE_TRAFFIC'},30,{2},5.0
2e68e861,2e68e860c,2020-10-19,17,{'JAM'},{'JAM_MODERATE_TRAFFIC'},30,{2},5.0
2e68e861,2e68e860c,2020-11-10,17,{'JAM'},{'JAM_MODERATE_TRAFFIC'},30,{2},5.0
2e68e861,2e68e860c,2020-11-17,17,{'JAM'},"{'JAM_STAND_STILL_TRAFFIC', 'JAM_HEAVY_TRAFFIC'}",90,{2},5.388888888888889
2e68e861,2e68e8614,2020-10-01,17,{'JAM'},{'JAM_STAND_STILL_TRAFFIC'},9,{2},5.0
2e68e861,2e68e8614,2020-10-27,18,{'JAM'},{'JAM_HEAVY_TRAFFIC'},31,{2},5.0
2e68e863,2e68e862c,2020-09-25,14,{'JAM'},{'JAM_STAND_STILL_TRAFFIC'},32,{7},5.75
2e68e863,2e68e862c,2020-10-03,11,{'JAM'},{'JAM_STAND_STILL_TRAFFIC'},30,{7},5.0
2e68e863,2e68e862c,2020-10-16,17,{'JAM'},{'JAM_STAND_STILL_TRAFFIC'},31,{7},5.0
2e68e863,2e68e862c,2020-10-30,20,{'JAM'},{'JAM_STAND_STILL_TRAFFIC'},33,{7},5.0
2e68e863,2e68e8634,2020-10-19,16,{'JAM'},{'JAM_HEAVY_TRAFFIC'},30,{2},5.0
2e68e863,2e68e8634,2020-10-30,16,{'JAM'},{'JAM_STAND_STILL_TRAFFIC'},29,{7},5.0
2e68e863,2e68e8634,2020-11-07,9,{'JAM'},{'JAM_MODERATE_TRAFFIC'},31,{7},5.0
2e68e863,2e68e8634,2020-11-08,15,{'JAM'},{'JAM_HEAVY_TRAFFIC'},41,{7},5.365853658536586
2e68e863,2e68e8634,2020-11-13,17,{'JAM'},{'JAM_STAND_STILL_TRAFFIC'},36,{7},5.555555555555555
2e68e863,2e68e863c,2020-09-04,17,{'JAM'},{'JAM_STAND_STILL_TRAFFIC'},34,{7},5.0
2e68e863,2e68e863c,2020-09-04,19,{'JAM'},{'JAM'},30,{7},5.0
2e68e863,2e68e863c,2020-09-05,13,{'JAM'},{'JAM_STAND_STILL_TRAFFIC'},30,{7},5.0
2e68e863,2e68e863c,2020-09-07,17,{'JAM'},{'JAM_HEAVY_TRAFFIC'},31,{2},5.0
2e68e863,2e68e863c,2020-09-19,14,{'JAM'},{'JAM_HEAVY_TRAFFIC'},39,{7},6.410256410256411
2e68e863,2e68e863c,2020-09-22,18,{'JAM'},{'JAM_STAND_STILL_TRAFFIC'},25,{7},5.0
2e68e863,2e68e863c,2020-10-03,10,{'JAM'},{'JAM_MODERATE_TRAFFIC'},13,{2},5.0
2e68e863,2e68e863c,2020-10-05,11,{'JAM'},{'JAM_STAND_STILL_TRAFFIC'},30,{7},5.0
2e68e863,2e68e863c,2020-10-09,13,{'JAM'},{'JAM_HEAVY_TRAFFIC'},39,{7},7.205128205128205
2e68e863,2e68e863c,2020-10-16,17,{'JAM'},{'JAM_STAND_STILL_TRAFFIC'},40,{7},5.375
2e68e863,2e68e863c,2020-10-19,17,{'JAM'},{'JAM_HEAVY_TRAFFIC'},33,{7},5.909090909090909
2e68e863,2e68e863c,2020-10-26,16,{'JAM'},{'JAM_STAND_STILL_TRAFFIC'},30,{7},5.0
2e68e863,2e68e863c,2020-10-29,10,{'JAM'},{'JAM'},15,{1},5.0
2e68e863,2e68e863c,2020-11-01,14,{'JAM'},{'JAM_MODERATE_TRAFFIC'},30,{7},5.0
2e68e863,2e68e863c,2020-11-03,8,{'JAM'},{'JAM_MODERATE_TRAFFIC'},31,{7},5.0
2e68e863,2e68e863c,2020-11-08,11,{'JAM'},{'JAM_HEAVY_TRAFFIC'},35,{7},5.857142857142857
2e68e863,2e68e863c,2020-11-08,13,{'JAM'},{'JAM_HEAVY_TRAFFIC'},31,{7},5.0
2e68e863,2e68e863c,2020-11-14,14,{'JAM'},{'JAM_MODERATE_TRAFFIC'},24,{7},5.0
2e68e863,2e68e863c,2020-11-16,17,{'JAM'},{'JAM_MODERATE_TRAFFIC'},23,{7},5.0
2e68e863,2e68e863c,2020-11-20,17,{'JAM'},{'JAM_STAND_STILL_TRAFFIC'},19,{2},6.105263157894737
2e68e865,2e68e8644,2020-09-04,17,{'JAM'},{'JAM_STAND_STILL_TRAFFIC'},31,{7},5.0
2e68e865,2e68e8644,2020-09-05,16,{'JAM'},{'JAM_STAND_STILL_TRAFFIC'},33,{7},5.757575757575758
2e68e865,2e68e8644,2020-10-12,17,{'JAM'},{'JAM'},31,{2},5.0
2e68e865,2e68e8644,2020-10-13,17,{'JAM'},{'JAM_STAND_STILL_TRAFFIC'},35,{7},6.714285714285714
2e68e865,2e68e8644,2020-10-16,17,{'JAM'},{'JAM_STAND_STILL_TRAFFIC'},64,{2},5.0
2e68e865,2e68e8644,2020-10-28,17,{'JAM'},{'JAM_HEAVY_TRAFFIC'},31,{2},5.0
2e68e865,2e68e8644,2020-10-30,13,{'JAM'},{'JAM_STAND_STILL_TRAFFIC'},30,{7},5.966666666666667
2e68e865,2e68e8644,2020-10-31,14,{'JAM'},{'JAM_STAND_STILL_TRAFFIC'},31,{7},5.0
2e68e865,2e68e8644,2020-11-12,16,{'JAM'},{'JAM_STAND_STILL_TRAFFIC'},30,{2},5.0
2e68e865,2e68e8644,2020-11-20,14,{'JAM'},{'JAM_HEAVY_TRAFFIC'},31,{7},6.161290322580645
2e68e865,2e68e864c,2020-10-12,18,{'JAM'},{'JAM_STAND_STILL_TRAFFIC'},30,{2},5.0
2e68e865,2e68e864c,2020-10-16,17,{'JAM'},{'JAM_STAND_STILL_TRAFFIC'},115,{2},5.3826086956521735
2e68e865,2e68e864c,2020-10-16,18,{'JAM'},{'JAM_STAND_STILL_TRAFFIC'},35,{2},5.428571428571429
2e68e865,2e68e8654,2020-10-21,10,{'JAM'},{'JAM_MODERATE_TRAFFIC'},36,{1},5.472222222222222
2e68e865,2e68e8654,2020-10-27,18,{'JAM'},{'JAM_MODERATE_TRAFFIC'},33,{2},5.0
2e68e865,2e68e865c,2020-09-14,17,{'JAM'},{'JAM_STAND_STILL_TRAFFIC'},31,{2},5.0
2e68e867,2e68e8664,2020-09-16,18,{'JAM'},{'JAM_STAND_STILL_TRAFFIC'},30,{7},5.0
2e68e867,2e68e8664,2020-10-03,20,{'JAM'},{'JAM_MODERATE_TRAFFIC'},18,{7},5.0
2e68e867,2e68e8664,2020-10-14,18,{'JAM'},{'JAM_STAND_STILL_TRAFFIC'},31,{7},5.612903225806452
2e68e867,2e68e8664,2020-11-04,19,{'JAM'},{'JAM'},31,{7},5.0
2e68e867,2e68e8664,2020-11-13,10,{'JAM'},{'JAM'},34,{1},5.0
2e68e867,2e68e866c,2020-09-01,11,{'JAM'},{'JAM_STAND_STILL_TRAFFIC'},35,{7},5.857142857142857
2e68e867,2e68e866c,2020-09-04,17,{'JAM'},{'JAM_STAND_STILL_TRAFFIC'},30,{7},5.0
2e68e867,2e68e866c,2020-09-08,14,{'JAM'},{'JAM_STAND_STILL_TRAFFIC'},31,{7},5.0
2e68e867,2e68e866c,2020-09-22,17,{'JAM'},{'JAM_STAND_STILL_TRAFFIC'},31,{7},5.0
2e68e867,2e68e866c,2020-09-25,18,{'JAM'},{'JAM_STAND_STILL_TRAFFIC'},30,{7},5.0
2e68e867,2e68e866c,2020-10-02,18,{'JAM'},{'JAM_STAND_STILL_TRAFFIC'},126,{7},5.373015873015873
2e68e867,2e68e866c,2020-10-02,20,{'JAM'},{'JAM_HEAVY_TRAFFIC'},30,{7},5.0
2e68e867,2e68e866c,2020-10-03,13,{'JAM'},{'JAM_STAND_STILL_TRAFFIC'},30,{7},5.0
2e68e867,2e68e866c,2020-10-10,11,{'JAM'},{'JAM_STAND_STILL_TRAFFIC'},30,{7},5.0
2e68e867,2e68e866c,2020-10-13,14,{'JAM'},{'JAM_MODERATE_TRAFFIC'},31,{7},5.0
2e68e867,2e68e866c,2020-10-14,17,{'JAM'},{'JAM_HEAVY_TRAFFIC'},31,{7},5.0
2e68e867,2e68e866c,2020-10-19,16,{'JAM'},{'JAM_STAND_STILL_TRAFFIC'},6,{7},5.0
2e68e867,2e68e866c,2020-10-21,17,{'JAM'},{'JAM_STAND_STILL_TRAFFIC'},30,{7},5.0
2e68e867,2e68e866c,2020-10-24,14,{'JAM'},{'JAM'},31,{7},5.0
2e68e867,2e68e866c,2020-10-26,16,{'JAM'},{'JAM_STAND_STILL_TRAFFIC'},30,{7},5.966666666666667
2e68e867,2e68e866c,2020-10-26,17,{'JAM'},{'JAM_MODERATE_TRAFFIC'},32,{7},5.78125
2e68e867,2e68e866c,2020-10-30,16,{'JAM'},{'JAM_STAND_STILL_TRAFFIC'},34,{7},5.4411764705882355
2e68e867,2e68e866c,2020-10-31,14,{'JAM'},{'JAM_HEAVY_TRAFFIC'},31,{7},5.0
2e68e867,2e68e866c,2020-11-11,16,{'JAM'},{'JAM_STAND_STILL_TRAFFIC'},7,{7},5.0
2e68e867,2e68e866c,2020-11-12,16,{'JAM'},{'JAM_STAND_STILL_TRAFFIC'},48,{7},5.0
2e68e867,2e68e867c,2020-09-02,16,{'JAM'},{'JAM_STAND_STILL_TRAFFIC'},35,"{2, 7}",5.114285714285714
2e68e867,2e68e867c,2020-09-04,17,{'JAM'},{'JAM_STAND_STILL_TRAFFIC'},45,{7},5.177777777777778
2e68e867,2e68e867c,2020-09-04,19,{'JAM'},{'JAM_STAND_STILL_TRAFFIC'},30,{2},5.933333333333334
2e68e867,2e68e867c,2020-09-06,21,{'JAM'},{'JAM_HEAVY_TRAFFIC'},31,{7},5.0
2e68e867,2e68e867c,2020-09-08,14,{'JAM'},{'JAM_STAND_STILL_TRAFFIC'},32,{7},5.0
2e68e867,2e68e867c,2020-09-10,17,{'JAM'},{'JAM_STAND_STILL_TRAFFIC'},30,{2},5.0
2e68e867,2e68e867c,2020-09-11,15,{'JAM'},{'JAM_STAND_STILL_TRAFFIC'},14,{7},5.928571428571429
2e68e867,2e68e867c,2020-09-12,14,{'JAM'},{'JAM_STAND_STILL_TRAFFIC'},32,{7},5.0
2e68e867,2e68e867c,2020-09-12,20,{'JAM'},{'JAM_STAND_STILL_TRAFFIC'},10,{7},5.0
2e68e867,2e68e867c,2020-09-14,17,{'JAM'},{'JAM_STAND_STILL_TRAFFIC'},32,{2},5.0
2e68e867,2e68e867c,2020-09-15,13,{'JAM'},{'JAM_STAND_STILL_TRAFFIC'},5,{7},5.0
2e68e867,2e68e867c,2020-09-21,16,{'JAM'},{'JAM_STAND_STILL_TRAFFIC'},30,{7},5.0
2e68e867,2e68e867c,2020-09-22,17,{'JAM'},{'JAM_STAND_STILL_TRAFFIC'},60,{7},5.416666666666667
2e68e867,2e68e867c,2020-09-22,18,{'JAM'},{'JAM_STAND_STILL_TRAFFIC'},31,{17},5.0
2e68e867,2e68e867c,2020-09-24,16,{'JAM'},{'JAM_HEAVY_TRAFFIC'},31,{7},5.0
2e68e867,2e68e867c,2020-09-24,18,{'JAM'},{'JAM_STAND_STILL_TRAFFIC'},61,{7},5.0
2e68e867,2e68e867c,2020-09-25,17,{'JAM'},{'JAM_HEAVY_TRAFFIC'},31,{7},5.0
2e68e867,2e68e867c,2020-10-01,12,{'JAM'},{'JAM_STAND_STILL_TRAFFIC'},6,{7},5.0
2e68e867,2e68e867c,2020-10-02,19,{'JAM'},{'JAM_STAND_STILL_TRAFFIC'},83,"{1, 7}",5.385542168674699
2e68e867,2e68e867c,2020-10-04,16,"{'JAM', 'WEATHERHAZARD'}","{'HAZARD_ON_SHOULDER_CAR_STOPPED', 'JAM_STAND_STILL_TRAFFIC'}",60,"{2, 7}",5.583333333333333
2e68e867,2e68e867c,2020-10-05,11,{'JAM'},{'JAM_HEAVY_TRAFFIC'},30,{7},5.0
2e68e867,2e68e867c,2020-10-05,16,{'JAM'},{'JAM_STAND_STILL_TRAFFIC'},32,{7},5.0
2e68e867,2e68e867c,2020-10-05,17,{'JAM'},{'JAM_STAND_STILL_TRAFFIC'},33,{7},5.9393939393939394
2e68e867,2e68e867c,2020-10-07,8,{'JAM'},{'JAM_STAND_STILL_TRAFFIC'},31,{7},5.0
2e68e867,2e68e867c,2020-10-09,7,{'JAM'},{'JAM_MODERATE_TRAFFIC'},31,{7},5.0
2e68e867,2e68e867c,2020-10-10,11,{'JAM'},{'JAM_STAND_STILL_TRAFFIC'},30,{7},5.6
2e68e867,2e68e867c,2020-10-12,16,{'JAM'},"{'JAM_STAND_STILL_TRAFFIC', 'JAM_HEAVY_TRAFFIC'}",37,{7},5.0
2e68e867,2e68e867c,2020-10-13,14,{'JAM'},{'JAM_MODERATE_TRAFFIC'},31,{7},5.0
2e68e867,2e68e867c,2020-10-15,16,{'JAM'},{'JAM_STAND_STILL_TRAFFIC'},62,{7},5.790322580645161
2e68e867,2e68e867c,2020-10-16,7,{'JAM'},{'JAM_MODERATE_TRAFFIC'},8,{7},5.0
2e68e867,2e68e867c,2020-10-17,14,{'JAM'},{'JAM_HEAVY_TRAFFIC'},32,{7},5.9375
2e68e867,2e68e867c,2020-10-17,22,{'JAM'},{'JAM_MODERATE_TRAFFIC'},5,{2},5.0
2e68e867,2e68e867c,2020-10-19,17,{'JAM'},{'JAM_STAND_STILL_TRAFFIC'},6,{7},6.0
2e68e867,2e68e867c,2020-10-20,16,{'JAM'},{'JAM_STAND_STILL_TRAFFIC'},33,{7},5.0
2e68e867,2e68e867c,2020-10-21,18,{'JAM'},{'JAM_STAND_STILL_TRAFFIC'},31,{2},5.0
2e68e867,2e68e867c,2020-10-22,18,{'JAM'},{'JAM_STAND_STILL_TRAFFIC'},31,{7},5.0
2e68e867,2e68e867c,2020-10-23,18,{'JAM'},{'JAM_STAND_STILL_TRAFFIC'},32,{7},5.5625
2e68e867,2e68e867c,2020-10-24,14,{'JAM'},{'JAM_HEAVY_TRAFFIC'},8,{2},5.0
2e68e867,2e68e867c,2020-10-24,17,{'JAM'},{'JAM_STAND_STILL_TRAFFIC'},30,{7},5.0
2e68e867,2e68e867c,2020-10-24,18,{'JAM'},{'JAM_STAND_STILL_TRAFFIC'},33,{7},5.0
2e68e867,2e68e867c,2020-10-26,16,{'JAM'},{'JAM_STAND_STILL_TRAFFIC'},31,{7},5.0
2e68e867,2e68e867c,2020-10-26,17,{'JAM'},{'JAM_HEAVY_TRAFFIC'},27,{7},5.0
2e68e867,2e68e867c,2020-10-27,15,{'JAM'},{'JAM_STAND_STILL_TRAFFIC'},31,{7},6.935483870967742
2e68e867,2e68e867c,2020-10-27,18,{'JAM'},{'JAM_STAND_STILL_TRAFFIC'},38,"{2, 7}",5.2105263157894735
2e68e867,2e68e867c,2020-10-28,18,{'JAM'},{'JAM_STAND_STILL_TRAFFIC'},37,{7},6.351351351351352
2e68e867,2e68e867c,2020-10-28,20,{'JAM'},{'JAM_HEAVY_TRAFFIC'},63,{7},6.0
2e68e867,2e68e867c,2020-10-30,13,{'JAM'},{'JAM_STAND_STILL_TRAFFIC'},5,{7},5.6
2e68e867,2e68e867c,2020-10-30,15,{'JAM'},{'JAM_STAND_STILL_TRAFFIC'},42,{7},7.785714285714286
2e68e867,2e68e867c,2020-10-30,20,{'JAM'},{'JAM_STAND_STILL_TRAFFIC'},32,{7},5.0
2e68e867,2e68e867c,2020-10-31,11,{'JAM'},{'JAM_STAND_STILL_TRAFFIC'},39,{7},7.666666666666667
2e68e867,2e68e867c,2020-10-31,12,{'JAM'},{'JAM_HEAVY_TRAFFIC'},32,{7},5.0
2e68e867,2e68e867c,2020-10-31,14,{'JAM'},{'JAM_STAND_STILL_TRAFFIC'},31,{7},5.0
2e68e867,2e68e867c,2020-11-01,20,{'JAM'},{'JAM_STAND_STILL_TRAFFIC'},62,{7},5.0
2e68e867,2e68e867c,2020-11-02,7,{'JAM'},"{'JAM_MODERATE_TRAFFIC', 'JAM_HEAVY_TRAFFIC'}",62,{7},5.0
2e68e867,2e68e867c,2020-11-03,7,{'ACCIDENT'},{'ACCIDENT_MAJOR'},122,{17},5.0
2e68e867,2e68e867c,2020-11-03,17,{'JAM'},{'JAM_STAND_STILL_TRAFFIC'},16,{7},5.0
2e68e867,2e68e867c,2020-11-03,18,{'JAM'},"{'JAM', 'JAM_STAND_STILL_TRAFFIC'}",26,"{2, 7}",6.0
2e68e867,2e68e867c,2020-11-05,13,{'JAM'},{'JAM_STAND_STILL_TRAFFIC'},31,{7},5.0
2e68e867,2e68e867c,2020-11-06,16,{'JAM'},{'JAM_STAND_STILL_TRAFFIC'},50,{7},7.1
2e68e867,2e68e867c,2020-11-06,18,{'JAM'},{'JAM_STAND_STILL_TRAFFIC'},63,"{2, 7}",5.26984126984127
2e68e867,2e68e867c,2020-11-07,22,{'JAM'},{'JAM_STAND_STILL_TRAFFIC'},32,{2},5.0
2e68e867,2e68e867c,2020-11-09,18,{'JAM'},{'JAM_MODERATE_TRAFFIC'},30,{7},5.0
2e68e867,2e68e867c,2020-11-10,17,{'JAM'},{'JAM_MODERATE_TRAFFIC'},32,{7},5.0
2e68e867,2e68e867c,2020-11-11,16,{'JAM'},{'JAM_STAND_STILL_TRAFFIC'},61,{7},5.0
2e68e867,2e68e867c,2020-11-11,18,{'JAM'},{'JAM_STAND_STILL_TRAFFIC'},35,{7},5.714285714285714
2e68e867,2e68e867c,2020-11-12,7,{'JAM'},{'JAM_MODERATE_TRAFFIC'},30,{7},5.0
2e68e867,2e68e867c,2020-11-12,16,{'JAM'},{'JAM_STAND_STILL_TRAFFIC'},95,{7},5.0
2e68e867,2e68e867c,2020-11-12,17,{'JAM'},{'JAM_STAND_STILL_TRAFFIC'},16,{2},5.3125
2e68e867,2e68e867c,2020-11-13,16,{'JAM'},{'JAM_STAND_STILL_TRAFFIC'},30,{7},5.0
2e68e867,2e68e867c,2020-11-18,7,{'JAM'},{'JAM_STAND_STILL_TRAFFIC'},52,{7},5.826923076923077
2e68e867,2e68e867c,2020-11-19,13,{'JAM'},"{'JAM_STAND_STILL_TRAFFIC', 'JAM_HEAVY_TRAFFIC'}",59,"{2, 7}",5.254237288135593
2e68e867,2e68e867c,2020-11-19,16,{'JAM'},{'JAM_STAND_STILL_TRAFFIC'},38,{7},5.0
2e68e867,2e68e867c,2020-11-20,21,{'JAM'},{'JAM_STAND_STILL_TRAFFIC'},35,{7},5.0
2e68e867,2e68e867c,2020-11-21,20,{'JAM'},{'JAM_MODERATE_TRAFFIC'},31,{7},5.0
2e68e869,2e68e8684,2020-09-03,11,{'JAM'},{'JAM_HEAVY_TRAFFIC'},13,{6},5.0
2e68e869,2e68e8684,2020-09-04,18,{'JAM'},{'JAM_STAND_STILL_TRAFFIC'},32,{2},5.0
2e68e869,2e68e8684,2020-09-05,7,{'JAM'},{'JAM_HEAVY_TRAFFIC'},12,{6},5.0
2e68e869,2e68e8684,2020-09-05,12,{'JAM'},{'JAM_STAND_STILL_TRAFFIC'},45,{6},6.155555555555556
2e68e869,2e68e8684,2020-09-07,16,{'JAM'},{'JAM_STAND_STILL_TRAFFIC'},9,{6},5.0
2e68e869,2e68e8684,2020-09-09,18,{'JAM'},"{'JAM_STAND_STILL_TRAFFIC', 'JAM_HEAVY_TRAFFIC'}",18,{6},5.0
2e68e869,2e68e8684,2020-09-14,17,{'JAM'},{'JAM_STAND_STILL_TRAFFIC'},92,"{2, 6}",5.5978260869565215
2e68e869,2e68e8684,2020-09-14,18,{'JAM'},{'JAM_STAND_STILL_TRAFFIC'},33,{1},5.0
2e68e869,2e68e8684,2020-09-15,7,{'JAM'},{'JAM_STAND_STILL_TRAFFIC'},5,{6},5.0
2e68e869,2e68e8684,2020-09-15,8,{'JAM'},{'JAM_STAND_STILL_TRAFFIC'},31,{6},5.0
2e68e869,2e68e8684,2020-09-17,14,{'JAM'},{'JAM_STAND_STILL_TRAFFIC'},5,{6},5.0
2e68e869,2e68e8684,2020-09-17,16,{'JAM'},{'JAM_MODERATE_TRAFFIC'},31,{6},5.0
2e68e869,2e68e8684,2020-09-17,17,{'JAM'},{'JAM_MODERATE_TRAFFIC'},17,{6},5.0
2e68e869,2e68e8684,2020-09-19,13,{'JAM'},{'JAM_STAND_STILL_TRAFFIC'},6,{6},5.333333333333333
2e68e869,2e68e8684,2020-09-22,14,{'JAM'},{'JAM_STAND_STILL_TRAFFIC'},26,{6},5.0
2e68e869,2e68e8684,2020-09-25,17,{'JAM'},{'JAM_STAND_STILL_TRAFFIC'},8,{6},5.0
2e68e869,2e68e8684,2020-09-25,18,{'JAM'},{'JAM_STAND_STILL_TRAFFIC'},8,{6},5.0
2e68e869,2e68e8684,2020-09-26,12,{'JAM'},{'JAM_STAND_STILL_TRAFFIC'},9,{6},5.0
2e68e869,2e68e8684,2020-09-29,16,{'JAM'},{'JAM_STAND_STILL_TRAFFIC'},15,{6},5.0
2e68e869,2e68e8684,2020-09-30,17,{'JAM'},{'JAM_STAND_STILL_TRAFFIC'},30,{6},5.933333333333334
2e68e869,2e68e8684,2020-10-02,17,{'JAM'},{'JAM_HEAVY_TRAFFIC'},32,{6},5.0
2e68e869,2e68e8684,2020-10-03,14,{'JAM'},{'JAM_STAND_STILL_TRAFFIC'},30,{6},5.0
2e68e869,2e68e8684,2020-10-05,11,{'JAM'},{'JAM_STAND_STILL_TRAFFIC'},64,{6},5.0
2e68e869,2e68e8684,2020-10-07,8,{'JAM'},{'JAM_STAND_STILL_TRAFFIC'},31,{6},5.0
2e68e869,2e68e8684,2020-10-08,16,{'JAM'},{'JAM_STAND_STILL_TRAFFIC'},12,{6},5.0
2e68e869,2e68e8684,2020-10-09,7,{'JAM'},{'JAM_HEAVY_TRAFFIC'},30,{6},5.933333333333334
2e68e869,2e68e8684,2020-10-09,8,{'JAM'},{'JAM_STAND_STILL_TRAFFIC'},16,{6},5.0
2e68e869,2e68e8684,2020-10-09,23,{'WEATHERHAZARD'},{'HAZARD_ON_ROAD_CONSTRUCTION'},211,{6},6.511848341232228
2e68e869,2e68e8684,2020-10-10,15,{'JAM'},{'JAM_HEAVY_TRAFFIC'},31,{6},5.645161290322581
2e68e869,2e68e8684,2020-10-12,10,{'JAM'},{'JAM_HEAVY_TRAFFIC'},13,{6},5.0
2e68e869,2e68e8684,2020-10-12,17,{'JAM'},{'JAM_HEAVY_TRAFFIC'},40,{1},6.3
2e68e869,2e68e8684,2020-10-13,7,{'JAM'},{'JAM_HEAVY_TRAFFIC'},37,{6},5.594594594594595
2e68e869,2e68e8684,2020-10-14,7,{'JAM'},{'JAM_HEAVY_TRAFFIC'},18,{6},5.0
2e68e869,2e68e8684,2020-10-14,10,{'JAM'},{'JAM_STAND_STILL_TRAFFIC'},30,{6},6.0
2e68e869,2e68e8684,2020-10-15,7,{'JAM'},{'JAM_HEAVY_TRAFFIC'},30,{6},5.0
2e68e869,2e68e8684,2020-10-15,17,{'JAM'},"{'JAM_STAND_STILL_TRAFFIC', 'JAM_HEAVY_TRAFFIC'}",87,"{1, 6}",5.850574712643678
2e68e869,2e68e8684,2020-10-16,7,{'JAM'},{'JAM_HEAVY_TRAFFIC'},29,{6},5.0
2e68e869,2e68e8684,2020-10-16,16,{'JAM'},{'JAM_HEAVY_TRAFFIC'},32,{6},5.0
2e68e869,2e68e8684,2020-10-17,10,{'JAM'},{'JAM_STAND_STILL_TRAFFIC'},33,{6},6.0
2e68e869,2e68e8684,2020-10-17,14,{'JAM'},{'JAM_STAND_STILL_TRAFFIC'},62,{6},5.758064516129032
2e68e869,2e68e8684,2020-10-18,12,{'JAM'},{'JAM_STAND_STILL_TRAFFIC'},30,{6},5.0
2e68e869,2e68e8684,2020-10-19,7,{'JAM'},{'JAM_HEAVY_TRAFFIC'},30,{6},5.0
2e68e869,2e68e8684,2020-10-19,11,{'JAM'},{'JAM_STAND_STILL_TRAFFIC'},20,{6},5.0
2e68e869,2e68e8684,2020-10-19,15,{'JAM'},{'JAM_MODERATE_TRAFFIC'},31,{6},5.967741935483871
2e68e869,2e68e8684,2020-10-19,18,{'JAM'},{'JAM_STAND_STILL_TRAFFIC'},32,{1},6.0
2e68e869,2e68e8684,2020-10-20,7,{'JAM'},{'JAM_HEAVY_TRAFFIC'},31,{6},5.67741935483871
2e68e869,2e68e8684,2020-10-20,14,{'JAM'},{'JAM_STAND_STILL_TRAFFIC'},5,{6},5.6
2e68e869,2e68e8684,2020-10-20,17,{'JAM'},{'JAM_HEAVY_TRAFFIC'},20,{6},5.0
2e68e869,2e68e8684,2020-10-21,7,{'JAM'},{'JAM_HEAVY_TRAFFIC'},35,{6},5.457142857142857
2e68e869,2e68e8684,2020-10-21,17,{'JAM'},{'JAM_STAND_STILL_TRAFFIC'},62,"{1, 6}",5.354838709677419
2e68e869,2e68e8684,2020-10-22,7,{'JAM'},{'JAM_MODERATE_TRAFFIC'},30,{6},5.0
2e68e869,2e68e8684,2020-10-22,11,{'JAM'},{'JAM_STAND_STILL_TRAFFIC'},29,"{6, 7}",5.0
2e68e869,2e68e8684,2020-10-22,17,{'JAM'},{'JAM_STAND_STILL_TRAFFIC'},20,{6},5.0
2e68e869,2e68e8684,2020-10-22,18,{'JAM'},{'JAM_HEAVY_TRAFFIC'},37,{1},5.4324324324324325
2e68e869,2e68e8684,2020-10-23,15,{'JAM'},{'JAM_STAND_STILL_TRAFFIC'},32,{6},5.0
2e68e869,2e68e8684,2020-10-23,18,{'JAM'},{'JAM_STAND_STILL_TRAFFIC'},45,{1},5.866666666666666
2e68e869,2e68e8684,2020-10-24,13,{'JAM'},{'JAM_STAND_STILL_TRAFFIC'},6,{6},5.0
2e68e869,2e68e8684,2020-10-24,14,{'JAM'},{'JAM_HEAVY_TRAFFIC'},17,{6},5.0
2e68e869,2e68e8684,2020-10-24,16,{'JAM'},{'JAM_HEAVY_TRAFFIC'},32,{6},5.0
2e68e869,2e68e8684,2020-10-24,17,{'JAM'},{'JAM_HEAVY_TRAFFIC'},31,{1},7.0
2e68e869,2e68e8684,2020-10-25,14,{'JAM'},{'JAM_STAND_STILL_TRAFFIC'},30,{6},5.0
2e68e869,2e68e8684,2020-10-25,15,{'JAM'},{'JAM'},5,{6},5.0
2e68e869,2e68e8684,2020-10-26,7,{'JAM'},{'JAM_HEAVY_TRAFFIC'},30,{6},5.0
2e68e869,2e68e8684,2020-10-26,14,{'JAM'},{'JAM_STAND_STILL_TRAFFIC'},30,{6},6.0
2e68e869,2e68e8684,2020-10-27,7,{'JAM'},{'JAM_HEAVY_TRAFFIC'},31,{6},5.967741935483871
2e68e869,2e68e8684,2020-10-28,15,{'JAM'},{'JAM_STAND_STILL_TRAFFIC'},27,{6},5.0
2e68e869,2e68e8684,2020-10-28,17,{'JAM'},{'JAM_STAND_STILL_TRAFFIC'},31,{6},5.0
2e68e869,2e68e8684,2020-10-29,13,{'JAM'},{'JAM_MODERATE_TRAFFIC'},6,{1},5.0
2e68e869,2e68e8684,2020-10-30,15,{'JAM'},{'JAM_STAND_STILL_TRAFFIC'},29,{6},5.275862068965517
2e68e869,2e68e8684,2020-11-01,14,{'JAM'},{'JAM_STAND_STILL_TRAFFIC'},62,{6},6.483870967741935
2e68e869,2e68e8684,2020-11-02,7,{'JAM'},{'JAM_MODERATE_TRAFFIC'},32,{6},5.0
2e68e869,2e68e8684,2020-11-02,11,{'JAM'},{'JAM'},30,{2},5.0
2e68e869,2e68e8684,2020-11-02,15,{'JAM'},{'JAM_STAND_STILL_TRAFFIC'},6,{6},5.0
2e68e869,2e68e8684,2020-11-03,9,{'JAM'},{'JAM_STAND_STILL_TRAFFIC'},26,{6},6.038461538461538
2e68e869,2e68e8684,2020-11-04,17,{'JAM'},{'JAM_STAND_STILL_TRAFFIC'},42,{6},6.142857142857143
2e68e869,2e68e8684,2020-11-05,16,{'JAM'},{'JAM'},32,{6},5.0
2e68e869,2e68e8684,2020-11-07,11,{'JAM'},{'JAM_STAND_STILL_TRAFFIC'},30,{6},5.0
2e68e869,2e68e8684,2020-11-07,16,{'JAM'},{'JAM_HEAVY_TRAFFIC'},22,{1},6.7727272727272725
2e68e869,2e68e8684,2020-11-09,7,{'JAM'},{'JAM_MODERATE_TRAFFIC'},31,{6},5.0
2e68e869,2e68e8684,2020-11-09,8,{'JAM'},{'JAM_STAND_STILL_TRAFFIC'},30,{6},5.666666666666667
2e68e869,2e68e8684,2020-11-11,7,{'JAM'},{'JAM_HEAVY_TRAFFIC'},37,{6},6.0
2e68e869,2e68e8684,2020-11-12,17,{'JAM'},{'JAM_STAND_STILL_TRAFFIC'},98,"{1, 2, 6}",5.6938775510204085
2e68e869,2e68e8684,2020-11-16,8,{'JAM'},{'JAM_STAND_STILL_TRAFFIC'},44,{6},6.113636363636363
2e68e869,2e68e8684,2020-11-16,9,{'JAM'},{'JAM_STAND_STILL_TRAFFIC'},32,{6},5.0
2e68e869,2e68e8684,2020-11-18,13,{'JAM'},{'JAM_STAND_STILL_TRAFFIC'},30,{6},5.966666666666667
2e68e869,2e68e8684,2020-11-20,16,{'JAM'},{'JAM_HEAVY_TRAFFIC'},31,{6},6.0
2e68e869,2e68e8684,2020-11-20,17,{'JAM'},{'JAM_HEAVY_TRAFFIC'},6,{1},5.0
2e68e869,2e68e8684,2020-11-21,11,{'JAM'},{'JAM_STAND_STILL_TRAFFIC'},7,{6},5.0
2e68e869,2e68e8684,2020-11-21,14,{'JAM'},{'JAM_STAND_STILL_TRAFFIC'},17,{6},5.117647058823529
2e68e869,2e68e8684,2020-11-21,16,{'JAM'},{'JAM_HEAVY_TRAFFIC'},37,{1},5.756756756756757
2e68e869,2e68e868c,2020-09-10,17,{'JAM'},{'JAM_STAND_STILL_TRAFFIC'},30,{1},5.0
2e68e869,2e68e868c,2020-09-14,17,{'JAM'},{'JAM_HEAVY_TRAFFIC'},30,{1},5.0
2e68e869,2e68e868c,2020-10-09,17,{'JAM'},{'JAM_HEAVY_TRAFFIC'},7,{1},5.0
2e68e869,2e68e868c,2020-10-16,16,{'JAM'},{'JAM_STAND_STILL_TRAFFIC'},32,{2},5.75
2e68e869,2e68e868c,2020-10-19,18,{'JAM'},{'JAM_STAND_STILL_TRAFFIC'},104,"{1, 2}",5.9326923076923075
2e68e869,2e68e868c,2020-10-20,17,{'JAM'},{'JAM_MODERATE_TRAFFIC'},8,{1},5.0
2e68e869,2e68e868c,2020-10-22,18,{'JAM'},{'JAM_STAND_STILL_TRAFFIC'},32,{1},5.78125
2e68e869,2e68e868c,2020-10-24,17,{'JAM'},"{'JAM_STAND_STILL_TRAFFIC', 'JAM_HEAVY_TRAFFIC'}",40,{1},5.075
2e68e869,2e68e868c,2020-10-27,18,{'JAM'},{'JAM_HEAVY_TRAFFIC'},60,{1},6.283333333333333
2e68e869,2e68e868c,2020-10-30,17,{'JAM'},{'JAM_STAND_STILL_TRAFFIC'},6,{2},5.0
2e68e869,2e68e868c,2020-11-21,17,{'JAM'},{'JAM_STAND_STILL_TRAFFIC'},16,{2},5.75
2e68e869,2e68e869c,2020-09-02,9,{'JAM'},{'JAM_STAND_STILL_TRAFFIC'},11,{6},5.0
2e68e869,2e68e869c,2020-09-02,12,{'JAM'},{'JAM'},32,{6},5.0
2e68e869,2e68e869c,2020-09-03,8,{'JAM'},{'JAM'},21,{6},5.0
2e68e869,2e68e869c,2020-09-03,11,{'JAM'},{'JAM_STAND_STILL_TRAFFIC'},15,{6},5.0
2e68e869,2e68e869c,2020-09-03,15,{'JAM'},{'JAM_HEAVY_TRAFFIC'},24,{6},5.0
2e68e869,2e68e869c,2020-09-03,16,{'JAM'},{'JAM_STAND_STILL_TRAFFIC'},34,{6},5.0
2e68e869,2e68e869c,2020-09-05,16,{'JAM'},{'JAM_STAND_STILL_TRAFFIC'},30,{6},5.666666666666667
2e68e869,2e68e869c,2020-09-08,17,{'JAM'},{'JAM_STAND_STILL_TRAFFIC'},38,{6},5.421052631578948
2e68e869,2e68e869c,2020-09-09,8,{'JAM'},{'JAM'},30,{6},5.0
2e68e869,2e68e869c,2020-09-09,12,{'JAM'},{'JAM_HEAVY_TRAFFIC'},33,{6},5.0
2e68e869,2e68e869c,2020-09-10,11,{'JAM'},{'JAM_STAND_STILL_TRAFFIC'},30,{6},5.0
2e68e869,2e68e869c,2020-09-11,14,{'JAM'},{'JAM_HEAVY_TRAFFIC'},32,{6},5.96875
2e68e869,2e68e869c,2020-09-11,16,{'JAM'},{'JAM_HEAVY_TRAFFIC'},30,{6},7.0
2e68e869,2e68e869c,2020-09-12,18,{'JAM'},{'JAM_STAND_STILL_TRAFFIC'},27,{6},5.0
2e68e869,2e68e869c,2020-09-14,17,{'JAM'},{'JAM_STAND_STILL_TRAFFIC'},30,{6},5.0
2e68e869,2e68e869c,2020-09-15,16,{'JAM'},{'JAM_HEAVY_TRAFFIC'},23,{6},5.0
2e68e869,2e68e869c,2020-09-16,9,{'JAM'},{'JAM_HEAVY_TRAFFIC'},33,{6},5.96969696969697
2e68e869,2e68e869c,2020-09-17,17,{'JAM'},{'JAM_STAND_STILL_TRAFFIC'},32,{6},5.65625
2e68e869,2e68e869c,2020-09-18,15,{'JAM'},{'JAM_HEAVY_TRAFFIC'},31,{6},5.0
2e68e869,2e68e869c,2020-09-18,16,{'JAM'},{'JAM_HEAVY_TRAFFIC'},33,{6},5.0
2e68e869,2e68e869c,2020-09-18,17,{'JAM'},{'JAM_HEAVY_TRAFFIC'},29,{6},5.586206896551724
2e68e869,2e68e869c,2020-09-18,18,{'JAM'},{'JAM'},31,{6},5.0
2e68e869,2e68e869c,2020-09-21,16,{'JAM'},{'JAM_STAND_STILL_TRAFFIC'},30,{6},5.0
2e68e869,2e68e869c,2020-09-21,17,{'JAM'},{'JAM_HEAVY_TRAFFIC'},31,{6},5.0
2e68e869,2e68e869c,2020-09-21,18,{'JAM'},{'JAM_STAND_STILL_TRAFFIC'},31,{6},5.0
2e68e869,2e68e869c,2020-09-25,16,{'JAM'},{'JAM_HEAVY_TRAFFIC'},33,{6},5.0
2e68e869,2e68e869c,2020-09-25,17,{'JAM'},{'JAM_HEAVY_TRAFFIC'},31,{6},5.0
2e68e869,2e68e869c,2020-09-25,19,{'JAM'},{'JAM_STAND_STILL_TRAFFIC'},40,{6},5.425
2e68e869,2e68e869c,2020-09-28,7,{'JAM'},{'JAM_STAND_STILL_TRAFFIC'},6,{6},5.0
2e68e869,2e68e869c,2020-09-28,17,{'JAM'},{'JAM_STAND_STILL_TRAFFIC'},33,{6},6.909090909090909
2e68e869,2e68e869c,2020-09-29,10,{'JAM'},{'JAM_STAND_STILL_TRAFFIC'},39,{6},5.230769230769231
2e68e869,2e68e869c,2020-09-30,7,{'JAM'},{'JAM_STAND_STILL_TRAFFIC'},30,{6},5.0
2e68e869,2e68e869c,2020-09-30,17,{'JAM'},"{'JAM_STAND_STILL_TRAFFIC', 'JAM_MODERATE_TRAFFIC'}",63,{6},5.0
2e68e869,2e68e869c,2020-10-02,8,{'JAM'},{'JAM_STAND_STILL_TRAFFIC'},23,{6},5.304347826086956
2e68e869,2e68e869c,2020-10-02,15,{'JAM'},{'JAM_HEAVY_TRAFFIC'},32,{6},5.0
2e68e869,2e68e869c,2020-10-02,16,{'JAM'},{'JAM_STAND_STILL_TRAFFIC'},31,{6},5.67741935483871
2e68e869,2e68e869c,2020-10-02,17,{'JAM'},{'JAM_HEAVY_TRAFFIC'},30,{6},5.0
2e68e869,2e68e869c,2020-10-03,11,{'JAM'},{'JAM_HEAVY_TRAFFIC'},22,{6},6.7727272727272725
2e68e869,2e68e869c,2020-10-03,15,{'JAM'},{'JAM_STAND_STILL_TRAFFIC'},31,{6},5.0
2e68e869,2e68e869c,2020-10-05,15,{'JAM'},{'JAM_STAND_STILL_TRAFFIC'},38,{6},6.368421052631579
2e68e869,2e68e869c,2020-10-06,7,{'JAM'},{'JAM_HEAVY_TRAFFIC'},32,{6},5.0
2e68e869,2e68e869c,2020-10-06,17,{'JAM'},{'JAM_STAND_STILL_TRAFFIC'},30,{6},6.866666666666666
2e68e869,2e68e869c,2020-10-07,10,{'JAM'},{'JAM_MODERATE_TRAFFIC'},30,{6},5.0
2e68e869,2e68e869c,2020-10-07,17,{'JAM'},{'JAM_HEAVY_TRAFFIC'},44,{6},5.363636363636363
2e68e869,2e68e869c,2020-10-08,16,{'JAM'},{'JAM_MODERATE_TRAFFIC'},30,{6},5.0
2e68e869,2e68e869c,2020-10-08,18,{'JAM'},{'JAM_STAND_STILL_TRAFFIC'},36,{6},5.444444444444445
2e68e869,2e68e869c,2020-10-09,16,{'JAM'},{'JAM_HEAVY_TRAFFIC'},31,{6},5.870967741935484
2e68e869,2e68e869c,2020-10-09,19,{'JAM'},{'JAM_STAND_STILL_TRAFFIC'},33,{6},5.96969696969697
2e68e869,2e68e869c,2020-10-10,13,{'JAM'},"{'JAM_STAND_STILL_TRAFFIC', 'JAM_MODERATE_TRAFFIC'}",23,{6},6.478260869565218
2e68e869,2e68e869c,2020-10-10,14,{'JAM'},{'JAM_STAND_STILL_TRAFFIC'},60,{6},5.466666666666667
2e68e869,2e68e869c,2020-10-12,12,{'JAM'},{'JAM_STAND_STILL_TRAFFIC'},34,{6},5.0
2e68e869,2e68e869c,2020-10-12,16,{'JAM'},{'JAM_MODERATE_TRAFFIC'},31,{6},5.0
2e68e869,2e68e869c,2020-10-13,7,{'JAM'},{'JAM_HEAVY_TRAFFIC'},64,{6},5.5625
2e68e869,2e68e869c,2020-10-13,11,{'JAM'},{'JAM_MODERATE_TRAFFIC'},31,{6},5.0
2e68e869,2e68e869c,2020-10-14,7,{'JAM'},{'JAM_HEAVY_TRAFFIC'},45,{6},5.377777777777778
2e68e869,2e68e869c,2020-10-15,7,{'JAM'},{'JAM_HEAVY_TRAFFIC'},31,{6},5.0
2e68e869,2e68e869c,2020-10-15,10,{'JAM'},{'JAM_STAND_STILL_TRAFFIC'},30,{6},5.0
2e68e869,2e68e869c,2020-10-15,17,{'JAM'},{'JAM_HEAVY_TRAFFIC'},22,{6},5.181818181818182
2e68e869,2e68e869c,2020-10-16,7,{'JAM'},{'JAM_HEAVY_TRAFFIC'},30,{6},5.0
2e68e869,2e68e869c,2020-10-16,16,"{'JAM', 'WEATHERHAZARD'}","{'HAZARD_WEATHER_HAIL', 'JAM_HEAVY_TRAFFIC'}",54,{6},5.074074074074074
2e68e869,2e68e869c,2020-10-19,13,{'JAM'},{'JAM_HEAVY_TRAFFIC'},31,{6},6.0
2e68e869,2e68e869c,2020-10-20,11,{'JAM'},{'JAM_MODERATE_TRAFFIC'},32,{6},5.0
2e68e869,2e68e869c,2020-10-20,17,{'JAM'},{'JAM_HEAVY_TRAFFIC'},32,{6},5.5
2e68e869,2e68e869c,2020-10-21,7,{'JAM'},{'JAM_HEAVY_TRAFFIC'},31,{6},5.935483870967742
2e68e869,2e68e869c,2020-10-22,16,{'JAM'},{'JAM_HEAVY_TRAFFIC'},30,{6},7.3
2e68e869,2e68e869c,2020-10-23,11,{'JAM'},{'JAM_STAND_STILL_TRAFFIC'},31,{6},5.0
2e68e869,2e68e869c,2020-10-23,13,{'JAM'},{'JAM_MODERATE_TRAFFIC'},30,{6},5.0
2e68e869,2e68e869c,2020-10-24,13,{'JAM'},{'JAM_STAND_STILL_TRAFFIC'},30,{6},5.0
2e68e869,2e68e869c,2020-10-24,16,{'JAM'},{'JAM_HEAVY_TRAFFIC'},18,{6},5.0
2e68e869,2e68e869c,2020-10-26,8,{'JAM'},{'JAM_STAND_STILL_TRAFFIC'},32,{6},5.0
2e68e869,2e68e869c,2020-10-26,9,{'JAM'},"{'JAM_STAND_STILL_TRAFFIC', 'JAM_MODERATE_TRAFFIC'}",70,{6},5.0
2e68e869,2e68e869c,2020-10-26,16,{'JAM'},{'JAM_STAND_STILL_TRAFFIC'},32,{6},5.96875
2e68e869,2e68e869c,2020-10-26,17,{'JAM'},{'JAM_HEAVY_TRAFFIC'},28,{6},5.0
2e68e869,2e68e869c,2020-10-26,18,{'JAM'},{'JAM_STAND_STILL_TRAFFIC'},30,{6},5.0
2e68e869,2e68e869c,2020-10-27,7,{'JAM'},"{'JAM_STAND_STILL_TRAFFIC', 'JAM_HEAVY_TRAFFIC'}",36,{6},5.0
2e68e869,2e68e869c,2020-10-27,11,{'JAM'},{'JAM_STAND_STILL_TRAFFIC'},5,{6},5.0
2e68e869,2e68e869c,2020-10-27,19,{'JAM'},{'JAM_HEAVY_TRAFFIC'},30,{6},5.0
2e68e869,2e68e869c,2020-10-28,17,{'JAM'},{'JAM_HEAVY_TRAFFIC'},29,{6},5.0
2e68e869,2e68e869c,2020-10-28,18,{'JAM'},{'JAM_HEAVY_TRAFFIC'},32,{6},5.0
2e68e869,2e68e869c,2020-10-29,15,{'JAM'},{'JAM_STAND_STILL_TRAFFIC'},30,{6},5.0
2e68e869,2e68e869c,2020-10-30,16,{'JAM'},{'JAM_STAND_STILL_TRAFFIC'},32,{6},5.0
2e68e869,2e68e869c,2020-10-31,14,{'JAM'},{'JAM_STAND_STILL_TRAFFIC'},41,{6},5.365853658536586
2e68e869,2e68e869c,2020-10-31,15,{'JAM'},{'JAM_STAND_STILL_TRAFFIC'},17,{6},5.0
2e68e869,2e68e869c,2020-11-02,7,{'JAM'},{'JAM_HEAVY_TRAFFIC'},44,{6},5.363636363636363
2e68e869,2e68e869c,2020-11-03,17,{'JAM'},{'JAM_STAND_STILL_TRAFFIC'},37,{6},5.4324324324324325
2e68e869,2e68e869c,2020-11-03,18,"{'JAM', 'ACCIDENT'}","{'JAM_STAND_STILL_TRAFFIC', 'ACCIDENT_MAJOR'}",68,{6},6.279411764705882
2e68e869,2e68e869c,2020-11-04,12,{'JAM'},{'JAM_HEAVY_TRAFFIC'},32,{6},5.0
2e68e869,2e68e869c,2020-11-05,15,{'JAM'},{'JAM'},33,{6},5.9393939393939394
2e68e869,2e68e869c,2020-11-05,16,{'JAM'},"{'JAM_STAND_STILL_TRAFFIC', 'JAM_HEAVY_TRAFFIC'}",61,{6},6.163934426229508
2e68e869,2e68e869c,2020-11-06,7,{'JAM'},{'JAM_STAND_STILL_TRAFFIC'},31,{6},5.0
2e68e869,2e68e869c,2020-11-06,8,{'JAM'},{'JAM_HEAVY_TRAFFIC'},40,{6},6.125
2e68e869,2e68e869c,2020-11-06,18,{'JAM'},{'JAM_STAND_STILL_TRAFFIC'},30,{6},5.0
2e68e869,2e68e869c,2020-11-07,16,{'JAM'},{'JAM_STAND_STILL_TRAFFIC'},32,{6},5.9375
2e68e869,2e68e869c,2020-11-09,8,{'JAM'},{'JAM_HEAVY_TRAFFIC'},32,{6},5.5
2e68e869,2e68e869c,2020-11-10,14,{'JAM'},{'JAM_MODERATE_TRAFFIC'},6,{6},5.0
2e68e869,2e68e869c,2020-11-11,11,{'JAM'},{'JAM_STAND_STILL_TRAFFIC'},57,{6},9.385964912280702
2e68e869,2e68e869c,2020-11-12,15,{'JAM'},{'JAM_STAND_STILL_TRAFFIC'},22,{6},5.590909090909091
2e68e869,2e68e869c,2020-11-12,17,{'JAM'},{'JAM_HEAVY_TRAFFIC'},32,{6},5.0
2e68e869,2e68e869c,2020-11-13,14,{'JAM'},{'JAM_MODERATE_TRAFFIC'},31,{6},5.0
2e68e869,2e68e869c,2020-11-13,15,{'JAM'},{'JAM_STAND_STILL_TRAFFIC'},33,{6},5.0
2e68e869,2e68e869c,2020-11-13,16,{'JAM'},{'JAM_HEAVY_TRAFFIC'},31,{6},5.0
2e68e869,2e68e869c,2020-11-14,15,{'JAM'},{'JAM_STAND_STILL_TRAFFIC'},22,{6},5.0
2e68e869,2e68e869c,2020-11-16,8,{'JAM'},{'JAM_STAND_STILL_TRAFFIC'},30,{6},5.5
2e68e869,2e68e869c,2020-11-16,9,{'JAM'},{'JAM_STAND_STILL_TRAFFIC'},17,{6},7.9411764705882355
2e68e869,2e68e869c,2020-11-16,15,{'JAM'},{'JAM_HEAVY_TRAFFIC'},31,{6},5.0
2e68e869,2e68e869c,2020-11-16,17,{'JAM'},{'JAM_STAND_STILL_TRAFFIC'},10,{6},5.0
2e68e869,2e68e869c,2020-11-17,12,{'JAM'},{'JAM_STAND_STILL_TRAFFIC'},23,{6},5.956521739130435
2e68e869,2e68e869c,2020-11-20,17,{'JAM'},"{'JAM_STAND_STILL_TRAFFIC', 'JAM_HEAVY_TRAFFIC'}",46,{6},5.434782608695652
2e68e869,2e68e869c,2020-11-21,12,{'JAM'},{'JAM_STAND_STILL_TRAFFIC'},13,{6},5.0
2e68e869,2e68e869c,2020-11-21,15,{'JAM'},{'JAM_STAND_STILL_TRAFFIC'},39,{6},6.384615384615385
2e68e86b,2e68e86a4,2020-09-02,12,{'JAM'},{'JAM_HEAVY_TRAFFIC'},22,{7},5.0
2e68e86b,2e68e86a4,2020-09-04,9,{'JAM'},{'JAM_STAND_STILL_TRAFFIC'},30,{6},5.0
2e68e86b,2e68e86a4,2020-09-04,10,{'JAM'},{'JAM_MODERATE_TRAFFIC'},31,{6},5.0
2e68e86b,2e68e86a4,2020-09-05,9,{'JAM'},{'JAM_HEAVY_TRAFFIC'},24,{6},5.0
2e68e86b,2e68e86a4,2020-09-05,12,{'JAM'},{'JAM_STAND_STILL_TRAFFIC'},30,{6},5.966666666666667
2e68e86b,2e68e86a4,2020-09-05,21,{'JAM'},{'JAM_STAND_STILL_TRAFFIC'},16,{6},5.0
2e68e86b,2e68e86a4,2020-09-06,10,{'JAM'},{'JAM_STAND_STILL_TRAFFIC'},5,{6},5.0
2e68e86b,2e68e86a4,2020-09-10,7,{'JAM'},{'JAM_HEAVY_TRAFFIC'},30,{6},5.0
2e68e86b,2e68e86a4,2020-09-11,14,{'JAM'},{'JAM_HEAVY_TRAFFIC'},30,{2},6.0
2e68e86b,2e68e86a4,2020-09-11,19,{'JAM'},{'JAM_HEAVY_TRAFFIC'},11,{7},5.0
2e68e86b,2e68e86a4,2020-09-12,11,{'JAM'},{'JAM_MODERATE_TRAFFIC'},31,{2},5.0
2e68e86b,2e68e86a4,2020-09-14,10,{'JAM'},{'JAM_HEAVY_TRAFFIC'},34,{6},5.0
2e68e86b,2e68e86a4,2020-09-14,11,{'JAM'},{'JAM'},31,{6},5.0
2e68e86b,2e68e86a4,2020-09-18,15,{'JAM'},{'JAM_STAND_STILL_TRAFFIC'},32,{6},5.0
2e68e86b,2e68e86a4,2020-09-18,17,{'JAM'},{'JAM_STAND_STILL_TRAFFIC'},32,{6},5.0
2e68e86b,2e68e86a4,2020-09-21,16,{'JAM'},{'JAM_STAND_STILL_TRAFFIC'},32,{6},5.0
2e68e86b,2e68e86a4,2020-09-24,9,{'JAM'},{'JAM_STAND_STILL_TRAFFIC'},5,{2},5.8
2e68e86b,2e68e86a4,2020-09-24,10,{'JAM'},{'JAM_HEAVY_TRAFFIC'},5,{6},5.0
2e68e86b,2e68e86a4,2020-09-26,10,{'JAM'},{'JAM_STAND_STILL_TRAFFIC'},7,{2},5.0
2e68e86b,2e68e86a4,2020-09-26,12,{'JAM'},{'JAM_STAND_STILL_TRAFFIC'},30,{2},5.0
2e68e86b,2e68e86a4,2020-09-29,16,{'WEATHERHAZARD'},{'HAZARD_ON_SHOULDER_CAR_STOPPED'},10,{6},5.1
2e68e86b,2e68e86a4,2020-09-30,7,{'JAM'},{'JAM_STAND_STILL_TRAFFIC'},32,{6},5.0
2e68e86b,2e68e86a4,2020-10-02,14,{'JAM'},{'JAM_MODERATE_TRAFFIC'},43,{6},5.395348837209302
2e68e86b,2e68e86a4,2020-10-02,16,{'WEATHERHAZARD'},{'HAZARD_ON_SHOULDER_CAR_STOPPED'},13,{6},5.846153846153846
2e68e86b,2e68e86a4,2020-10-03,11,{'JAM'},{'JAM_HEAVY_TRAFFIC'},21,{6},5.0
2e68e86b,2e68e86a4,2020-10-05,10,{'JAM'},{'JAM_HEAVY_TRAFFIC'},11,{6},5.0
2e68e86b,2e68e86a4,2020-10-05,16,{'JAM'},{'JAM_HEAVY_TRAFFIC'},30,{6},5.0
2e68e86b,2e68e86a4,2020-10-06,9,{'JAM'},{'JAM_MODERATE_TRAFFIC'},14,{6},5.0
2e68e86b,2e68e86a4,2020-10-06,11,{'JAM'},{'JAM_STAND_STILL_TRAFFIC'},33,{6},5.0
2e68e86b,2e68e86a4,2020-10-09,17,{'JAM'},{'JAM_HEAVY_TRAFFIC'},23,{6},5.0
2e68e86b,2e68e86a4,2020-10-10,10,{'JAM'},{'JAM_STAND_STILL_TRAFFIC'},31,{6},5.0
2e68e86b,2e68e86a4,2020-10-10,11,{'JAM'},{'JAM_STAND_STILL_TRAFFIC'},8,{6},5.0
2e68e86b,2e68e86a4,2020-10-10,13,{'JAM'},"{'JAM_STAND_STILL_TRAFFIC', 'JAM_HEAVY_TRAFFIC'}",56,{6},5.964285714285714
2e68e86b,2e68e86a4,2020-10-10,14,{'JAM'},{'JAM_MODERATE_TRAFFIC'},16,{6},5.0
2e68e86b,2e68e86a4,2020-10-10,16,{'JAM'},{'JAM_MODERATE_TRAFFIC'},31,{2},5.0
2e68e86b,2e68e86a4,2020-10-11,17,{'JAM'},{'JAM_STAND_STILL_TRAFFIC'},30,{2},5.0
2e68e86b,2e68e86a4,2020-10-11,19,{'JAM'},{'JAM_STAND_STILL_TRAFFIC'},31,{7},5.580645161290323
2e68e86b,2e68e86a4,2020-10-12,17,{'JAM'},{'JAM_HEAVY_TRAFFIC'},31,{6},5.0
2e68e86b,2e68e86a4,2020-10-13,7,{'JAM'},{'JAM_HEAVY_TRAFFIC'},33,{6},6.393939393939394
2e68e86b,2e68e86a4,2020-10-13,10,{'JAM'},{'JAM_MODERATE_TRAFFIC'},31,{6},5.0
2e68e86b,2e68e86a4,2020-10-13,17,{'JAM'},{'JAM_MODERATE_TRAFFIC'},37,{6},5.0
2e68e86b,2e68e86a4,2020-10-14,7,{'JAM'},{'JAM_STAND_STILL_TRAFFIC'},15,{6},5.0
2e68e86b,2e68e86a4,2020-10-14,8,{'JAM'},{'JAM_HEAVY_TRAFFIC'},5,{6},5.0
2e68e86b,2e68e86a4,2020-10-15,17,{'JAM'},{'JAM_STAND_STILL_TRAFFIC'},43,{6},6.209302325581396
2e68e86b,2e68e86a4,2020-10-16,16,{'WEATHERHAZARD'},{'HAZARD_ON_SHOULDER_CAR_STOPPED'},62,{6},5.483870967741935
2e68e86b,2e68e86a4,2020-10-16,17,{'JAM'},{'JAM_STAND_STILL_TRAFFIC'},8,{2},5.0
2e68e86b,2e68e86a4,2020-10-16,18,{'JAM'},{'JAM_HEAVY_TRAFFIC'},6,{6},5.833333333333333
2e68e86b,2e68e86a4,2020-10-17,16,{'JAM'},{'JAM_STAND_STILL_TRAFFIC'},8,{6},5.0
2e68e86b,2e68e86a4,2020-10-19,7,{'JAM'},{'JAM_HEAVY_TRAFFIC'},32,{6},5.0
2e68e86b,2e68e86a4,2020-10-19,17,{'JAM'},{'JAM_STAND_STILL_TRAFFIC'},68,{2},5.764705882352941
2e68e86b,2e68e86a4,2020-10-19,18,{'JAM'},{'JAM_STAND_STILL_TRAFFIC'},52,{6},8.634615384615385
2e68e86b,2e68e86a4,2020-10-20,10,{'JAM'},{'JAM_STAND_STILL_TRAFFIC'},6,{6},5.0
2e68e86b,2e68e86a4,2020-10-20,16,{'JAM'},{'JAM_STAND_STILL_TRAFFIC'},31,{6},5.0
2e68e86b,2e68e86a4,2020-10-20,17,{'JAM'},{'JAM_HEAVY_TRAFFIC'},31,{6},6.032258064516129
2e68e86b,2e68e86a4,2020-10-21,15,{'JAM'},{'JAM_HEAVY_TRAFFIC'},32,{7},5.84375
2e68e86b,2e68e86a4,2020-10-22,7,{'JAM'},{'JAM_HEAVY_TRAFFIC'},6,{6},6.0
2e68e86b,2e68e86a4,2020-10-22,9,{'JAM'},{'JAM_STAND_STILL_TRAFFIC'},42,{7},7.261904761904762
2e68e86b,2e68e86a4,2020-10-23,16,{'JAM'},{'JAM_STAND_STILL_TRAFFIC'},31,{2},5.0
2e68e86b,2e68e86a4,2020-10-24,17,{'JAM'},{'JAM_STAND_STILL_TRAFFIC'},37,{6},5.4324324324324325
2e68e86b,2e68e86a4,2020-10-25,11,{'JAM'},{'JAM_MODERATE_TRAFFIC'},31,{2},5.0
2e68e86b,2e68e86a4,2020-10-25,14,{'ACCIDENT'},{'ACCIDENT_MAJOR'},85,{6},6.894117647058824
2e68e86b,2e68e86a4,2020-10-25,15,{'JAM'},{'JAM_STAND_STILL_TRAFFIC'},10,{6},5.9
2e68e86b,2e68e86a4,2020-10-26,9,{'JAM'},{'JAM_HEAVY_TRAFFIC'},33,{6},5.484848484848484
2e68e86b,2e68e86a4,2020-10-26,12,{'JAM'},{'JAM_STAND_STILL_TRAFFIC'},31,{6},5.0
2e68e86b,2e68e86a4,2020-10-27,10,{'JAM'},{'JAM_STAND_STILL_TRAFFIC'},28,{6},5.0
2e68e86b,2e68e86a4,2020-10-27,17,{'JAM'},{'JAM_STAND_STILL_TRAFFIC'},31,{6},5.935483870967742
2e68e86b,2e68e86a4,2020-10-28,15,{'JAM'},{'JAM_STAND_STILL_TRAFFIC'},46,{2},7.282608695652174
2e68e86b,2e68e86a4,2020-10-28,17,{'JAM'},{'JAM_HEAVY_TRAFFIC'},31,{2},5.0
2e68e86b,2e68e86a4,2020-10-28,18,{'JAM'},{'JAM_STAND_STILL_TRAFFIC'},34,{2},5.0
2e68e86b,2e68e86a4,2020-10-30,14,{'JAM'},{'JAM_STAND_STILL_TRAFFIC'},30,{2},5.0
2e68e86b,2e68e86a4,2020-10-31,9,{'JAM'},{'JAM_STAND_STILL_TRAFFIC'},30,{2},5.0
2e68e86b,2e68e86a4,2020-11-02,17,{'JAM'},{'JAM_HEAVY_TRAFFIC'},64,{6},5.40625
2e68e86b,2e68e86a4,2020-11-03,9,{'JAM'},{'JAM_HEAVY_TRAFFIC'},5,{6},5.0
2e68e86b,2e68e86a4,2020-11-03,17,{'JAM'},{'JAM_HEAVY_TRAFFIC'},30,{6},5.8
2e68e86b,2e68e86a4,2020-11-03,19,{'JAM'},{'JAM_STAND_STILL_TRAFFIC'},17,{6},5.0
2e68e86b,2e68e86a4,2020-11-04,10,{'JAM'},{'JAM_STAND_STILL_TRAFFIC'},44,{6},5.363636363636363
2e68e86b,2e68e86a4,2020-11-05,7,{'JAM'},{'JAM_STAND_STILL_TRAFFIC'},6,{6},5.0
2e68e86b,2e68e86a4,2020-11-05,16,{'JAM'},{'JAM_STAND_STILL_TRAFFIC'},31,{2},5.967741935483871
2e68e86b,2e68e86a4,2020-11-05,18,{'JAM'},{'JAM_STAND_STILL_TRAFFIC'},62,{2},5.0
2e68e86b,2e68e86a4,2020-11-06,7,{'JAM'},{'JAM_STAND_STILL_TRAFFIC'},9,{6},5.0
2e68e86b,2e68e86a4,2020-11-10,8,{'JAM'},{'JAM_HEAVY_TRAFFIC'},5,{6},5.0
2e68e86b,2e68e86a4,2020-11-14,13,{'JAM'},{'JAM'},28,{6},5.392857142857143
2e68e86b,2e68e86a4,2020-11-14,15,{'JAM'},{'JAM_STAND_STILL_TRAFFIC'},31,{6},5.0
2e68e86b,2e68e86a4,2020-11-15,8,{'JAM'},{'JAM_HEAVY_TRAFFIC'},32,{2},5.75
2e68e86b,2e68e86a4,2020-11-15,16,{'JAM'},{'JAM_MODERATE_TRAFFIC'},31,{2},5.0
2e68e86b,2e68e86a4,2020-11-16,8,{'JAM'},{'JAM_STAND_STILL_TRAFFIC'},5,{6},5.0
2e68e86b,2e68e86a4,2020-11-16,9,{'JAM'},{'JAM_STAND_STILL_TRAFFIC'},27,{6},5.925925925925926
2e68e86b,2e68e86a4,2020-11-18,16,{'JAM'},{'JAM_STAND_STILL_TRAFFIC'},33,{6},6.454545454545454
2e68e86b,2e68e86a4,2020-11-20,15,{'JAM'},{'JAM_STAND_STILL_TRAFFIC'},31,{6},6.967741935483871
2e68e86b,2e68e86a4,2020-11-21,11,{'JAM'},{'JAM_STAND_STILL_TRAFFIC'},14,{2},5.714285714285714
2e68e86b,2e68e86a4,2020-11-21,12,{'JAM'},{'JAM_STAND_STILL_TRAFFIC'},3,{6},5.0
2e68e86b,2e68e86ac,2020-09-01,11,{'JAM'},{'JAM_MODERATE_TRAFFIC'},31,{6},5.0
2e68e86b,2e68e86ac,2020-09-02,14,{'JAM'},{'JAM_STAND_STILL_TRAFFIC'},31,{7},5.0
2e68e86b,2e68e86ac,2020-09-04,14,{'JAM'},{'JAM_HEAVY_TRAFFIC'},8,{7},5.0
2e68e86b,2e68e86ac,2020-09-05,12,{'JAM'},{'JAM_HEAVY_TRAFFIC'},7,{6},5.0
2e68e86b,2e68e86ac,2020-09-05,17,{'JAM'},{'JAM_HEAVY_TRAFFIC'},27,{7},5.0
2e68e86b,2e68e86ac,2020-09-05,19,{'JAM'},{'JAM_STAND_STILL_TRAFFIC'},46,{6},5.804347826086956
2e68e86b,2e68e86ac,2020-09-06,17,{'JAM'},{'JAM_MODERATE_TRAFFIC'},15,{6},5.0
2e68e86b,2e68e86ac,2020-09-07,16,{'JAM'},{'JAM_STAND_STILL_TRAFFIC'},15,{6},7.0
2e68e86b,2e68e86ac,2020-09-08,10,{'JAM'},{'JAM_STAND_STILL_TRAFFIC'},27,{6},5.851851851851852
2e68e86b,2e68e86ac,2020-09-12,18,{'JAM'},{'JAM_MODERATE_TRAFFIC'},32,{6},5.0
2e68e86b,2e68e86ac,2020-09-15,17,{'JAM'},{'JAM_STAND_STILL_TRAFFIC'},32,{7},5.0
2e68e86b,2e68e86ac,2020-09-20,8,{'ACCIDENT'},{'ACCIDENT'},120,{6},5.508333333333334
2e68e86b,2e68e86ac,2020-09-26,14,{'WEATHERHAZARD'},{'WEATHERHAZARD'},42,{2},5.9523809523809526
2e68e86b,2e68e86ac,2020-09-27,16,{'JAM'},{'JAM_STAND_STILL_TRAFFIC'},10,{7},5.0
2e68e86b,2e68e86ac,2020-09-28,7,{'JAM'},{'JAM_STAND_STILL_TRAFFIC'},5,{6},5.0
2e68e86b,2e68e86ac,2020-09-30,13,{'JAM'},{'JAM_HEAVY_TRAFFIC'},6,{6},6.0
2e68e86b,2e68e86ac,2020-10-01,15,{'JAM'},{'JAM_STAND_STILL_TRAFFIC'},31,{6},5.0
2e68e86b,2e68e86ac,2020-10-03,12,{'JAM'},{'JAM'},32,{7},5.0
2e68e86b,2e68e86ac,2020-10-03,19,{'JAM'},{'JAM_HEAVY_TRAFFIC'},32,{7},5.96875
2e68e86b,2e68e86ac,2020-10-04,16,{'JAM'},{'JAM_STAND_STILL_TRAFFIC'},30,{6},5.7
2e68e86b,2e68e86ac,2020-10-05,16,{'JAM'},{'JAM_STAND_STILL_TRAFFIC'},33,{6},5.0
2e68e86b,2e68e86ac,2020-10-05,17,{'JAM'},{'JAM_STAND_STILL_TRAFFIC'},33,{6},5.0
2e68e86b,2e68e86ac,2020-10-06,12,{'JAM'},{'JAM_MODERATE_TRAFFIC'},32,{6},5.0
2e68e86b,2e68e86ac,2020-10-09,14,{'JAM'},{'JAM_STAND_STILL_TRAFFIC'},33,{6},5.545454545454546
2e68e86b,2e68e86ac,2020-10-14,7,{'JAM'},{'JAM_MODERATE_TRAFFIC'},23,{6},6.0
2e68e86b,2e68e86ac,2020-10-14,10,{'JAM'},{'JAM_MODERATE_TRAFFIC'},38,{7},5.421052631578948
2e68e86b,2e68e86ac,2020-10-15,13,{'JAM'},{'JAM_STAND_STILL_TRAFFIC'},32,{6},6.4375
2e68e86b,2e68e86ac,2020-10-16,17,{'JAM'},{'JAM_HEAVY_TRAFFIC'},30,{7},5.0
2e68e86b,2e68e86ac,2020-10-19,16,{'JAM'},"{'JAM_STAND_STILL_TRAFFIC', 'JAM_HEAVY_TRAFFIC'}",14,{6},5.357142857142857
2e68e86b,2e68e86ac,2020-10-20,13,{'JAM'},{'JAM_STAND_STILL_TRAFFIC'},16,{6},5.0
2e68e86b,2e68e86ac,2020-10-20,18,{'JAM'},"{'JAM_STAND_STILL_TRAFFIC', 'JAM_HEAVY_TRAFFIC'}",57,{6},5.0
2e68e86b,2e68e86ac,2020-10-22,7,{'JAM'},{'JAM_HEAVY_TRAFFIC'},30,{7},5.766666666666667
2e68e86b,2e68e86ac,2020-10-23,7,{'JAM'},{'JAM_HEAVY_TRAFFIC'},44,{6},5.363636363636363
2e68e86b,2e68e86ac,2020-10-26,11,{'JAM'},{'JAM_STAND_STILL_TRAFFIC'},34,{7},6.0
2e68e86b,2e68e86ac,2020-10-26,13,{'JAM'},{'JAM_STAND_STILL_TRAFFIC'},41,{6},6.2682926829268295
2e68e86b,2e68e86ac,2020-10-27,8,{'JAM'},{'JAM_STAND_STILL_TRAFFIC'},28,{6},6.0
2e68e86b,2e68e86ac,2020-10-28,19,{'JAM'},{'JAM_STAND_STILL_TRAFFIC'},32,{7},5.0
2e68e86b,2e68e86ac,2020-10-29,15,{'JAM'},{'JAM_STAND_STILL_TRAFFIC'},32,{7},5.0
2e68e86b,2e68e86ac,2020-10-30,16,{'JAM'},{'JAM_STAND_STILL_TRAFFIC'},18,{7},5.0
2e68e86b,2e68e86ac,2020-10-31,11,{'JAM'},{'JAM_STAND_STILL_TRAFFIC'},32,{6},5.0
2e68e86b,2e68e86ac,2020-11-02,16,{'JAM'},{'JAM_STAND_STILL_TRAFFIC'},32,{7},5.75
2e68e86b,2e68e86ac,2020-11-02,17,{'JAM'},{'JAM_STAND_STILL_TRAFFIC'},44,{7},6.25
2e68e86b,2e68e86ac,2020-11-03,14,{'JAM'},{'JAM_MODERATE_TRAFFIC'},31,{7},5.0
2e68e86b,2e68e86ac,2020-11-05,7,{'JAM'},{'JAM_HEAVY_TRAFFIC'},33,{7},5.757575757575758
2e68e86b,2e68e86ac,2020-11-05,19,{'JAM'},{'JAM_MODERATE_TRAFFIC'},5,{6},5.0
2e68e86b,2e68e86ac,2020-11-06,19,{'JAM'},{'JAM_STAND_STILL_TRAFFIC'},31,{7},5.838709677419355
2e68e86b,2e68e86ac,2020-11-08,12,{'JAM'},{'JAM'},31,{6},5.0
2e68e86b,2e68e86ac,2020-11-09,15,{'JAM'},{'JAM_HEAVY_TRAFFIC'},30,{6},5.866666666666666
2e68e86b,2e68e86ac,2020-11-09,17,{'JAM'},{'JAM_STAND_STILL_TRAFFIC'},30,{7},6.866666666666666
2e68e86b,2e68e86ac,2020-11-12,17,{'JAM'},{'JAM_STAND_STILL_TRAFFIC'},18,{7},5.0
2e68e86b,2e68e86ac,2020-11-12,19,{'JAM'},{'JAM_STAND_STILL_TRAFFIC'},39,{7},6.282051282051282
2e68e86b,2e68e86ac,2020-11-15,13,{'JAM'},{'JAM_STAND_STILL_TRAFFIC'},25,{7},5.0
2e68e86b,2e68e86ac,2020-11-17,16,{'JAM'},{'JAM_STAND_STILL_TRAFFIC'},30,{7},5.0
2e68e86b,2e68e86ac,2020-11-18,7,{'JAM'},{'JAM_STAND_STILL_TRAFFIC'},8,{6},5.0
2e68e86b,2e68e86ac,2020-11-18,13,{'JAM'},{'JAM_STAND_STILL_TRAFFIC'},52,{6},5.711538461538462
2e68e86b,2e68e86ac,2020-11-19,7,{'JAM'},{'JAM_HEAVY_TRAFFIC'},33,{7},5.0
2e68e86b,2e68e86ac,2020-11-21,12,{'JAM'},{'JAM_STAND_STILL_TRAFFIC'},23,"{6, 7}",5.0
2e68e86b,2e68e86ac,2020-11-22,15,{'JAM'},{'JAM_HEAVY_TRAFFIC'},25,{6},5.68
2e68e86b,2e68e86b4,2020-09-01,11,{'JAM'},{'JAM_STAND_STILL_TRAFFIC'},30,{7},5.566666666666666
2e68e86b,2e68e86b4,2020-09-02,11,{'JAM'},{'JAM_HEAVY_TRAFFIC'},31,{6},5.0
2e68e86b,2e68e86b4,2020-09-02,18,{'JAM'},{'JAM_STAND_STILL_TRAFFIC'},24,{6},6.75
2e68e86b,2e68e86b4,2020-09-03,14,{'JAM'},"{'JAM_STAND_STILL_TRAFFIC', 'JAM_MODERATE_TRAFFIC'}",63,"{6, 7}",5.0
2e68e86b,2e68e86b4,2020-09-04,15,{'JAM'},{'JAM_HEAVY_TRAFFIC'},33,{6},5.0
2e68e86b,2e68e86b4,2020-09-04,17,{'JAM'},{'JAM_STAND_STILL_TRAFFIC'},30,{6},5.0
2e68e86b,2e68e86b4,2020-09-05,7,{'JAM'},{'JAM_STAND_STILL_TRAFFIC'},30,{6},5.0
2e68e86b,2e68e86b4,2020-09-05,9,{'JAM'},{'JAM'},25,{6},5.0
2e68e86b,2e68e86b4,2020-09-05,12,{'JAM'},{'JAM_STAND_STILL_TRAFFIC'},32,{6},5.0
2e68e86b,2e68e86b4,2020-09-05,16,{'JAM'},{'JAM_STAND_STILL_TRAFFIC'},60,{6},5.5
2e68e86b,2e68e86b4,2020-09-05,18,{'JAM'},{'JAM_MODERATE_TRAFFIC'},29,{6},5.0
2e68e86b,2e68e86b4,2020-09-06,11,{'JAM'},{'JAM_STAND_STILL_TRAFFIC'},40,{6},5.4
2e68e86b,2e68e86b4,2020-09-06,12,{'JAM'},{'JAM_MODERATE_TRAFFIC'},20,{6},5.0
2e68e86b,2e68e86b4,2020-09-06,15,{'JAM'},{'JAM_STAND_STILL_TRAFFIC'},31,{6},5.0
2e68e86b,2e68e86b4,2020-09-07,13,{'JAM'},{'JAM_STAND_STILL_TRAFFIC'},31,{6},5.612903225806452
2e68e86b,2e68e86b4,2020-09-07,16,{'JAM'},{'JAM_STAND_STILL_TRAFFIC'},23,{6},5.0
2e68e86b,2e68e86b4,2020-09-08,13,{'JAM'},{'JAM_MODERATE_TRAFFIC'},8,{6},5.0
2e68e86b,2e68e86b4,2020-09-09,11,{'JAM'},{'JAM_HEAVY_TRAFFIC'},31,{6},5.0
2e68e86b,2e68e86b4,2020-09-09,12,{'JAM'},{'JAM_STAND_STILL_TRAFFIC'},30,{6},5.9
2e68e86b,2e68e86b4,2020-09-10,17,{'JAM'},{'JAM_HEAVY_TRAFFIC'},33,{6},5.696969696969697
2e68e86b,2e68e86b4,2020-09-11,15,{'JAM'},{'JAM_STAND_STILL_TRAFFIC'},45,{6},5.355555555555555
2e68e86b,2e68e86b4,2020-09-12,11,{'JAM'},{'JAM_MODERATE_TRAFFIC'},30,{6},5.0
2e68e86b,2e68e86b4,2020-09-12,18,{'JAM'},{'JAM_MODERATE_TRAFFIC'},32,{6},5.0
2e68e86b,2e68e86b4,2020-09-13,10,{'JAM'},{'JAM_MODERATE_TRAFFIC'},45,{6},5.355555555555555
2e68e86b,2e68e86b4,2020-09-13,16,{'JAM'},{'JAM_HEAVY_TRAFFIC'},28,{7},5.0
2e68e86b,2e68e86b4,2020-09-13,17,{'JAM'},{'JAM_STAND_STILL_TRAFFIC'},30,{6},5.0
2e68e86b,2e68e86b4,2020-09-14,10,{'JAM'},{'JAM_HEAVY_TRAFFIC'},31,{6},5.0
2e68e86b,2e68e86b4,2020-09-15,7,{'JAM'},{'JAM_STAND_STILL_TRAFFIC'},30,{7},5.0
2e68e86b,2e68e86b4,2020-09-15,17,{'JAM'},{'JAM'},31,{6},5.0
2e68e86b,2e68e86b4,2020-09-17,16,{'JAM'},{'JAM_HEAVY_TRAFFIC'},30,{6},5.0
2e68e86b,2e68e86b4,2020-09-18,16,{'JAM'},{'JAM_HEAVY_TRAFFIC'},12,{7},5.0
2e68e86b,2e68e86b4,2020-09-19,14,{'JAM'},{'JAM_MODERATE_TRAFFIC'},32,{7},5.0
2e68e86b,2e68e86b4,2020-09-22,7,{'JAM'},{'JAM_STAND_STILL_TRAFFIC'},31,{6},5.0
2e68e86b,2e68e86b4,2020-09-22,14,{'JAM'},"{'JAM_STAND_STILL_TRAFFIC', 'JAM_HEAVY_TRAFFIC'}",22,{6},5.0
2e68e86b,2e68e86b4,2020-09-22,16,{'JAM'},{'JAM_HEAVY_TRAFFIC'},38,{6},5.368421052631579
2e68e86b,2e68e86b4,2020-09-22,18,{'JAM'},{'JAM_HEAVY_TRAFFIC'},32,{6},6.0
2e68e86b,2e68e86b4,2020-09-23,9,{'JAM'},{'JAM_STAND_STILL_TRAFFIC'},31,{6},5.0
2e68e86b,2e68e86b4,2020-09-25,8,{'JAM'},{'JAM_HEAVY_TRAFFIC'},33,{6},5.0
2e68e86b,2e68e86b4,2020-09-25,11,{'JAM'},{'JAM_MODERATE_TRAFFIC'},31,{6},5.0
2e68e86b,2e68e86b4,2020-09-25,14,{'JAM'},{'JAM_STAND_STILL_TRAFFIC'},31,{7},5.0
2e68e86b,2e68e86b4,2020-09-25,16,{'JAM'},{'JAM_STAND_STILL_TRAFFIC'},31,{6},5.0
2e68e86b,2e68e86b4,2020-09-25,18,{'JAM'},{'JAM_STAND_STILL_TRAFFIC'},30,{6},5.0
2e68e86b,2e68e86b4,2020-09-26,12,{'JAM'},{'JAM_MODERATE_TRAFFIC'},31,{6},5.516129032258065
2e68e86b,2e68e86b4,2020-09-26,15,{'JAM'},{'JAM'},31,{6},5.0
2e68e86b,2e68e86b4,2020-09-26,17,{'JAM'},{'JAM_MODERATE_TRAFFIC'},8,{6},5.0
2e68e86b,2e68e86b4,2020-09-27,12,{'JAM'},{'JAM_MODERATE_TRAFFIC'},30,{6},5.0
2e68e86b,2e68e86b4,2020-09-27,14,{'JAM'},{'JAM_MODERATE_TRAFFIC'},31,{6},5.0
2e68e86b,2e68e86b4,2020-09-27,16,{'JAM'},{'JAM_STAND_STILL_TRAFFIC'},35,{6},5.542857142857143
2e68e86b,2e68e86b4,2020-09-28,9,{'JAM'},{'JAM_STAND_STILL_TRAFFIC'},8,{6},5.0
2e68e86b,2e68e86b4,2020-09-28,16,{'JAM'},{'JAM_MODERATE_TRAFFIC'},46,{6},5.3478260869565215
2e68e86b,2e68e86b4,2020-09-30,10,{'JAM'},{'JAM_HEAVY_TRAFFIC'},31,{6},5.0
2e68e86b,2e68e86b4,2020-09-30,12,{'JAM'},{'JAM_MODERATE_TRAFFIC'},25,{6},5.0
2e68e86b,2e68e86b4,2020-09-30,13,{'JAM'},{'JAM_HEAVY_TRAFFIC'},25,{6},5.0
2e68e86b,2e68e86b4,2020-10-01,17,{'JAM'},{'JAM_STAND_STILL_TRAFFIC'},31,{6},8.516129032258064
2e68e86b,2e68e86b4,2020-10-02,15,{'JAM'},{'JAM_STAND_STILL_TRAFFIC'},31,{7},5.0
2e68e86b,2e68e86b4,2020-10-02,17,{'JAM'},{'JAM_STAND_STILL_TRAFFIC'},30,{6},5.0
2e68e86b,2e68e86b4,2020-10-03,13,{'JAM'},{'JAM_STAND_STILL_TRAFFIC'},7,{7},5.0
2e68e86b,2e68e86b4,2020-10-04,14,{'JAM'},{'JAM_STAND_STILL_TRAFFIC'},24,{6},5.125
2e68e86b,2e68e86b4,2020-10-05,10,{'JAM'},{'JAM_STAND_STILL_TRAFFIC'},30,{6},5.7
2e68e86b,2e68e86b4,2020-10-05,15,{'JAM'},"{'JAM_STAND_STILL_TRAFFIC', 'JAM_MODERATE_TRAFFIC'}",66,{6},5.2272727272727275
2e68e86b,2e68e86b4,2020-10-05,17,{'JAM'},{'JAM_STAND_STILL_TRAFFIC'},26,{6},10.0
2e68e86b,2e68e86b4,2020-10-06,7,{'JAM'},{'JAM_HEAVY_TRAFFIC'},31,{6},5.870967741935484
2e68e86b,2e68e86b4,2020-10-07,10,{'JAM'},{'JAM'},30,{6},5.0
2e68e86b,2e68e86b4,2020-10-08,16,{'JAM'},{'JAM_MODERATE_TRAFFIC'},31,{6},5.967741935483871
2e68e86b,2e68e86b4,2020-10-08,17,{'JAM'},{'JAM_STAND_STILL_TRAFFIC'},31,{6},5.0
2e68e86b,2e68e86b4,2020-10-09,17,{'JAM'},{'JAM_HEAVY_TRAFFIC'},30,{6},5.0
2e68e86b,2e68e86b4,2020-10-10,9,{'JAM'},{'JAM'},30,{6},5.0
2e68e86b,2e68e86b4,2020-10-10,13,{'JAM'},"{'JAM_STAND_STILL_TRAFFIC', 'JAM_HEAVY_TRAFFIC'}",62,"{6, 7}",5.0
2e68e86b,2e68e86b4,2020-10-10,14,{'JAM'},{'JAM_STAND_STILL_TRAFFIC'},37,{6},5.45945945945946
2e68e86b,2e68e86b4,2020-10-10,15,{'JAM'},{'JAM_STAND_STILL_TRAFFIC'},17,{7},5.9411764705882355
2e68e86b,2e68e86b4,2020-10-10,16,{'JAM'},{'JAM_STAND_STILL_TRAFFIC'},15,{6},8.0
2e68e86b,2e68e86b4,2020-10-11,17,{'WEATHERHAZARD'},{'HAZARD_WEATHER_FOG'},41,{6},5.780487804878049
2e68e86b,2e68e86b4,2020-10-12,13,{'JAM'},{'JAM_STAND_STILL_TRAFFIC'},31,{6},5.483870967741935
2e68e86b,2e68e86b4,2020-10-12,14,{'JAM'},{'JAM_STAND_STILL_TRAFFIC'},31,{7},5.0
2e68e86b,2e68e86b4,2020-10-13,12,{'JAM'},{'JAM'},29,{6},5.0
2e68e86b,2e68e86b4,2020-10-13,17,{'JAM'},{'JAM_MODERATE_TRAFFIC'},20,{6},5.0
2e68e86b,2e68e86b4,2020-10-14,13,{'JAM'},{'JAM_STAND_STILL_TRAFFIC'},31,{6},5.0
2e68e86b,2e68e86b4,2020-10-14,17,{'JAM'},{'JAM_HEAVY_TRAFFIC'},39,{7},5.461538461538462
2e68e86b,2e68e86b4,2020-10-16,14,{'JAM'},{'JAM_HEAVY_TRAFFIC'},6,{6},5.0
2e68e86b,2e68e86b4,2020-10-16,17,{'JAM'},{'JAM_HEAVY_TRAFFIC'},31,{6},5.0
2e68e86b,2e68e86b4,2020-10-18,10,{'JAM'},{'JAM_STAND_STILL_TRAFFIC'},23,{6},5.0
2e68e86b,2e68e86b4,2020-10-18,11,{'JAM'},{'JAM_MODERATE_TRAFFIC'},24,{6},5.0
2e68e86b,2e68e86b4,2020-10-18,13,{'JAM'},{'JAM_STAND_STILL_TRAFFIC'},42,{6},5.809523809523809
2e68e86b,2e68e86b4,2020-10-19,8,{'JAM'},{'JAM_MODERATE_TRAFFIC'},33,{6},5.454545454545454
2e68e86b,2e68e86b4,2020-10-19,17,{'JAM'},{'JAM_STAND_STILL_TRAFFIC'},44,{6},5.340909090909091
2e68e86b,2e68e86b4,2020-10-20,7,{'JAM'},{'JAM_HEAVY_TRAFFIC'},35,{7},5.428571428571429
2e68e86b,2e68e86b4,2020-10-20,12,{'JAM'},{'JAM_HEAVY_TRAFFIC'},33,{6},5.0
2e68e86b,2e68e86b4,2020-10-20,16,{'JAM'},{'JAM_HEAVY_TRAFFIC'},31,{7},5.0
2e68e86b,2e68e86b4,2020-10-21,16,{'JAM'},{'JAM_HEAVY_TRAFFIC'},30,{6},5.0
2e68e86b,2e68e86b4,2020-10-21,17,{'JAM'},{'JAM_STAND_STILL_TRAFFIC'},33,{6},7.484848484848484
2e68e86b,2e68e86b4,2020-10-21,18,{'JAM'},{'JAM_MODERATE_TRAFFIC'},45,{6},5.333333333333333
2e68e86b,2e68e86b4,2020-10-23,15,{'JAM'},{'JAM_STAND_STILL_TRAFFIC'},34,{6},5.529411764705882
2e68e86b,2e68e86b4,2020-10-23,17,{'JAM'},{'JAM_STAND_STILL_TRAFFIC'},61,{7},5.967213114754099
2e68e86b,2e68e86b4,2020-10-24,16,{'JAM'},{'JAM_HEAVY_TRAFFIC'},31,{7},5.0
2e68e86b,2e68e86b4,2020-10-24,17,{'WEATHERHAZARD'},{'HAZARD_WEATHER_FOG'},31,{6},6.0
2e68e86b,2e68e86b4,2020-10-26,7,{'JAM'},{'JAM_HEAVY_TRAFFIC'},39,{6},5.410256410256411
2e68e86b,2e68e86b4,2020-10-26,17,{'JAM'},{'JAM_MODERATE_TRAFFIC'},46,{6},5.369565217391305
2e68e86b,2e68e86b4,2020-10-27,13,{'JAM'},{'JAM_HEAVY_TRAFFIC'},30,{6},5.0
2e68e86b,2e68e86b4,2020-10-28,15,{'JAM'},{'JAM_STAND_STILL_TRAFFIC'},6,{7},5.0
2e68e86b,2e68e86b4,2020-10-28,19,{'JAM'},{'JAM_STAND_STILL_TRAFFIC'},11,{7},5.0
2e68e86b,2e68e86b4,2020-10-29,17,{'JAM'},{'JAM_MODERATE_TRAFFIC'},33,{6},5.0
2e68e86b,2e68e86b4,2020-10-30,9,{'JAM'},{'JAM_MODERATE_TRAFFIC'},34,{6},5.0
2e68e86b,2e68e86b4,2020-10-30,11,{'JAM'},{'JAM_MODERATE_TRAFFIC'},30,{6},5.0
2e68e86b,2e68e86b4,2020-10-30,15,{'JAM'},{'JAM_HEAVY_TRAFFIC'},33,{6},6.575757575757576
2e68e86b,2e68e86b4,2020-10-30,16,{'JAM'},{'JAM_STAND_STILL_TRAFFIC'},61,"{6, 7}",5.80327868852459
2e68e86b,2e68e86b4,2020-10-30,18,{'JAM'},{'JAM_HEAVY_TRAFFIC'},31,{6},5.0
2e68e86b,2e68e86b4,2020-10-31,15,{'JAM'},{'JAM'},29,{6},5.0
2e68e86b,2e68e86b4,2020-11-01,12,{'JAM'},"{'JAM', 'JAM_HEAVY_TRAFFIC'}",64,"{6, 7}",5.0
2e68e86b,2e68e86b4,2020-11-01,16,{'JAM'},{'JAM_HEAVY_TRAFFIC'},33,{6},5.696969696969697
2e68e86b,2e68e86b4,2020-11-02,17,{'JAM'},{'JAM_HEAVY_TRAFFIC'},30,{6},5.666666666666667
2e68e86b,2e68e86b4,2020-11-03,9,{'JAM'},{'JAM_STAND_STILL_TRAFFIC'},30,{6},5.966666666666667
2e68e86b,2e68e86b4,2020-11-03,13,{'JAM'},{'JAM'},31,{6},5.0
2e68e86b,2e68e86b4,2020-11-03,15,{'JAM'},{'JAM'},32,{6},5.0
2e68e86b,2e68e86b4,2020-11-03,17,{'JAM'},{'JAM_HEAVY_TRAFFIC'},39,{6},6.076923076923077
2e68e86b,2e68e86b4,2020-11-04,7,{'JAM'},{'JAM_MODERATE_TRAFFIC'},31,{6},5.0
2e68e86b,2e68e86b4,2020-11-05,13,{'JAM'},{'JAM_STAND_STILL_TRAFFIC'},33,{6},6.696969696969697
2e68e86b,2e68e86b4,2020-11-05,15,{'JAM'},{'JAM_MODERATE_TRAFFIC'},33,{6},6.03030303030303
2e68e86b,2e68e86b4,2020-11-05,17,{'JAM'},{'JAM_HEAVY_TRAFFIC'},34,{6},5.470588235294118
2e68e86b,2e68e86b4,2020-11-06,13,{'JAM'},{'JAM_HEAVY_TRAFFIC'},29,{6},5.0
2e68e86b,2e68e86b4,2020-11-06,18,{'JAM'},{'JAM_STAND_STILL_TRAFFIC'},75,"{6, 7}",5.226666666666667
2e68e86b,2e68e86b4,2020-11-07,12,{'JAM'},{'JAM'},32,{6},5.0
2e68e86b,2e68e86b4,2020-11-09,8,{'JAM'},{'JAM_STAND_STILL_TRAFFIC'},31,{6},5.516129032258065
2e68e86b,2e68e86b4,2020-11-09,14,{'JAM'},{'JAM_HEAVY_TRAFFIC'},31,{6},5.0
2e68e86b,2e68e86b4,2020-11-10,13,{'JAM'},{'JAM_HEAVY_TRAFFIC'},50,{6},5.32
2e68e86b,2e68e86b4,2020-11-11,11,{'JAM'},{'JAM_HEAVY_TRAFFIC'},31,{6},5.0
2e68e86b,2e68e86b4,2020-11-11,12,{'JAM'},{'JAM_STAND_STILL_TRAFFIC'},32,{6},5.53125
2e68e86b,2e68e86b4,2020-11-11,16,{'JAM'},{'JAM_STAND_STILL_TRAFFIC'},29,{6},6.310344827586207
2e68e86b,2e68e86b4,2020-11-12,18,{'JAM'},{'JAM'},31,{6},5.0
2e68e86b,2e68e86b4,2020-11-13,14,{'JAM'},"{'JAM_STAND_STILL_TRAFFIC', 'JAM_HEAVY_TRAFFIC'}",96,"{6, 7}",5.197916666666667
2e68e86b,2e68e86b4,2020-11-15,14,{'JAM'},{'JAM_HEAVY_TRAFFIC'},30,{6},5.0
2e68e86b,2e68e86b4,2020-11-15,19,{'JAM'},{'JAM_STAND_STILL_TRAFFIC'},33,{6},5.0
2e68e86b,2e68e86b4,2020-11-16,16,{'JAM'},{'JAM_HEAVY_TRAFFIC'},33,{6},5.0
2e68e86b,2e68e86b4,2020-11-17,8,{'JAM'},{'JAM_HEAVY_TRAFFIC'},6,{6},5.0
2e68e86b,2e68e86b4,2020-11-17,12,{'JAM'},"{'JAM', 'JAM_STAND_STILL_TRAFFIC'}",61,"{6, 7}",5.491803278688525
2e68e86b,2e68e86b4,2020-11-17,13,{'JAM'},{'JAM_STAND_STILL_TRAFFIC'},30,{6},5.0
2e68e86b,2e68e86b4,2020-11-17,17,{'JAM'},{'JAM_STAND_STILL_TRAFFIC'},45,{6},5.4222222222222225
2e68e86b,2e68e86b4,2020-11-18,7,{'JAM'},{'JAM_STAND_STILL_TRAFFIC'},26,{6},6.615384615384615
2e68e86b,2e68e86b4,2020-11-19,13,{'JAM'},{'JAM_STAND_STILL_TRAFFIC'},9,{6},5.0
2e68e86b,2e68e86b4,2020-11-19,19,{'JAM'},{'JAM_STAND_STILL_TRAFFIC'},8,{6},5.0
2e68e86b,2e68e86b4,2020-11-20,17,{'JAM'},{'JAM'},28,{6},5.0
2e68e86b,2e68e86b4,2020-11-21,13,{'JAM'},"{'JAM_STAND_STILL_TRAFFIC', 'JAM_HEAVY_TRAFFIC'}",31,"{6, 7}",5.483870967741935
2e68e86b,2e68e86b4,2020-11-21,14,{'JAM'},{'JAM'},30,{6},5.7
2e68e86b,2e68e86b4,2020-11-21,15,{'JAM'},{'JAM_STAND_STILL_TRAFFIC'},31,{6},5.0
2e68e86b,2e68e86b4,2020-11-21,19,{'JAM'},{'JAM_STAND_STILL_TRAFFIC'},31,{7},5.0
2e68e86b,2e68e86b4,2020-11-22,11,{'JAM'},{'JAM'},31,{6},5.0
2e68e86b,2e68e86b4,2020-11-22,12,{'JAM'},{'JAM_HEAVY_TRAFFIC'},32,{6},5.0
2e68e86b,2e68e86b4,2020-11-22,16,{'JAM'},{'JAM_STAND_STILL_TRAFFIC'},22,{6},5.0
2e68e86b,2e68e86bc,2020-09-02,12,{'JAM'},{'JAM_HEAVY_TRAFFIC'},25,{7},5.0
2e68e86b,2e68e86bc,2020-09-04,17,{'JAM'},{'JAM_STAND_STILL_TRAFFIC'},41,{7},6.121951219512195
2e68e86b,2e68e86bc,2020-09-04,18,{'JAM'},{'JAM_STAND_STILL_TRAFFIC'},32,{7},5.9375
2e68e86b,2e68e86bc,2020-09-06,14,{'WEATHERHAZARD'},{'HAZARD_ON_ROAD_CAR_STOPPED'},43,{7},5.976744186046512
2e68e86b,2e68e86bc,2020-09-08,10,{'JAM'},{'JAM_STAND_STILL_TRAFFIC'},31,{7},5.0
2e68e86b,2e68e86bc,2020-09-16,18,{'JAM'},{'JAM_STAND_STILL_TRAFFIC'},28,{7},5.0
2e68e86b,2e68e86bc,2020-09-24,17,{'JAM'},{'JAM_STAND_STILL_TRAFFIC'},32,{7},5.65625
2e68e86b,2e68e86bc,2020-09-25,17,{'JAM'},{'JAM_STAND_STILL_TRAFFIC'},31,{7},5.0
2e68e86b,2e68e86bc,2020-09-28,14,{'JAM'},{'JAM_STAND_STILL_TRAFFIC'},5,{7},5.8
2e68e86b,2e68e86bc,2020-09-29,16,{'JAM'},{'JAM_STAND_STILL_TRAFFIC'},40,{7},5.425
2e68e86b,2e68e86bc,2020-09-30,7,{'JAM'},{'JAM_STAND_STILL_TRAFFIC'},31,{7},5.0
2e68e86b,2e68e86bc,2020-10-02,16,{'WEATHERHAZARD'},{'HAZARD_ON_SHOULDER_CAR_STOPPED'},17,{7},5.823529411764706
2e68e86b,2e68e86bc,2020-10-04,14,{'JAM'},{'JAM_STAND_STILL_TRAFFIC'},7,{7},5.0
2e68e86b,2e68e86bc,2020-10-05,10,{'JAM'},{'JAM_STAND_STILL_TRAFFIC'},30,{7},5.0
2e68e86b,2e68e86bc,2020-10-09,10,{'JAM'},"{'JAM', 'JAM_STAND_STILL_TRAFFIC'}",42,{7},5.738095238095238
2e68e86b,2e68e86bc,2020-10-16,16,"{'JAM', 'WEATHERHAZARD'}","{'HAZARD_WEATHER_HAIL', 'JAM_STAND_STILL_TRAFFIC'}",97,{7},5.34020618556701
2e68e86b,2e68e86bc,2020-10-17,10,{'JAM'},{'JAM_STAND_STILL_TRAFFIC'},30,{7},5.6
2e68e86b,2e68e86bc,2020-10-17,12,{'JAM'},{'JAM_STAND_STILL_TRAFFIC'},11,{7},5.0
2e68e86b,2e68e86bc,2020-10-17,21,{'JAM'},{'JAM_HEAVY_TRAFFIC'},32,{7},5.75
2e68e86b,2e68e86bc,2020-10-18,13,{'JAM'},{'JAM_STAND_STILL_TRAFFIC'},26,{7},5.0
2e68e86b,2e68e86bc,2020-10-21,8,{'JAM'},{'JAM_MODERATE_TRAFFIC'},6,{7},5.0
2e68e86b,2e68e86bc,2020-10-21,10,{'JAM'},{'JAM_HEAVY_TRAFFIC'},30,{7},5.0
2e68e86b,2e68e86bc,2020-10-22,11,{'JAM'},{'JAM_STAND_STILL_TRAFFIC'},63,{7},5.0
2e68e86b,2e68e86bc,2020-10-23,9,{'JAM'},{'JAM_STAND_STILL_TRAFFIC'},62,{7},5.435483870967742
2e68e86b,2e68e86bc,2020-10-24,11,{'JAM'},{'JAM_STAND_STILL_TRAFFIC'},32,{7},6.75
2e68e86b,2e68e86bc,2020-10-25,11,{'JAM'},{'JAM_STAND_STILL_TRAFFIC'},32,{7},5.625
2e68e86b,2e68e86bc,2020-10-25,15,{'JAM'},{'JAM_HEAVY_TRAFFIC'},7,{7},5.0
2e68e86b,2e68e86bc,2020-10-25,17,{'JAM'},{'JAM_MODERATE_TRAFFIC'},30,{7},5.0
2e68e86b,2e68e86bc,2020-10-27,12,{'JAM'},"{'JAM_STAND_STILL_TRAFFIC', 'JAM_HEAVY_TRAFFIC'}",39,{7},5.717948717948718
2e68e86b,2e68e86bc,2020-10-28,20,{'JAM'},{'JAM_HEAVY_TRAFFIC'},31,{7},5.0
2e68e86b,2e68e86bc,2020-10-29,15,{'JAM'},{'JAM_STAND_STILL_TRAFFIC'},27,{7},5.0
2e68e86b,2e68e86bc,2020-10-29,19,{'JAM'},{'JAM_MODERATE_TRAFFIC'},31,{7},5.0
2e68e86b,2e68e86bc,2020-10-30,14,{'JAM'},{'JAM_HEAVY_TRAFFIC'},6,{7},5.0
2e68e86b,2e68e86bc,2020-10-30,15,{'JAM'},{'JAM_HEAVY_TRAFFIC'},30,{7},5.0
2e68e86b,2e68e86bc,2020-11-01,15,{'JAM'},{'JAM_HEAVY_TRAFFIC'},32,{7},5.0
2e68e86b,2e68e86bc,2020-11-01,18,{'JAM'},{'JAM_MODERATE_TRAFFIC'},33,{7},5.0
2e68e86b,2e68e86bc,2020-11-02,18,{'JAM'},{'JAM_STAND_STILL_TRAFFIC'},31,{7},5.0
2e68e86b,2e68e86bc,2020-11-04,12,{'JAM'},{'JAM_STAND_STILL_TRAFFIC'},6,{7},5.666666666666667
2e68e86b,2e68e86bc,2020-11-05,9,{'JAM'},{'JAM_STAND_STILL_TRAFFIC'},43,{7},5.8604651162790695
2e68e86b,2e68e86bc,2020-11-05,13,{'JAM'},{'JAM_STAND_STILL_TRAFFIC'},30,{7},5.0
2e68e86b,2e68e86bc,2020-11-06,14,{'JAM'},"{'JAM_STAND_STILL_TRAFFIC', 'JAM_HEAVY_TRAFFIC'}",63,{7},6.523809523809524
2e68e86b,2e68e86bc,2020-11-06,15,{'JAM'},{'JAM_STAND_STILL_TRAFFIC'},14,{7},5.0
2e68e86b,2e68e86bc,2020-11-07,21,{'JAM'},{'JAM_HEAVY_TRAFFIC'},30,{7},5.0
2e68e86b,2e68e86bc,2020-11-09,7,{'JAM'},{'JAM_STAND_STILL_TRAFFIC'},5,{7},5.0
2e68e86b,2e68e86bc,2020-11-13,15,{'JAM'},{'JAM_HEAVY_TRAFFIC'},30,{7},5.0
2e68e86b,2e68e86bc,2020-11-13,16,{'JAM'},{'JAM_STAND_STILL_TRAFFIC'},32,{7},5.0
2e68e86b,2e68e86bc,2020-11-15,10,{'JAM'},{'JAM_HEAVY_TRAFFIC'},30,{7},5.0
2e68e86b,2e68e86bc,2020-11-15,14,{'JAM'},{'JAM_HEAVY_TRAFFIC'},18,{7},5.944444444444445
2e68e86b,2e68e86bc,2020-11-16,13,{'JAM'},{'JAM_STAND_STILL_TRAFFIC'},62,{7},5.112903225806452
2e68e86b,2e68e86bc,2020-11-17,7,{'JAM'},{'JAM_STAND_STILL_TRAFFIC'},31,{7},5.0
2e68e86b,2e68e86bc,2020-11-20,20,{'JAM'},{'JAM_STAND_STILL_TRAFFIC'},32,{7},5.0
2e68e86b,2e68e86bc,2020-11-21,15,{'JAM'},{'JAM_STAND_STILL_TRAFFIC'},30,{7},5.0
2e68e86d,2e68e86c4,2020-09-01,11,{'JAM'},{'JAM_STAND_STILL_TRAFFIC'},17,{7},5.0
2e68e86d,2e68e86c4,2020-09-04,17,{'JAM'},{'JAM_STAND_STILL_TRAFFIC'},31,{7},6.580645161290323
2e68e86d,2e68e86c4,2020-09-14,17,{'JAM'},{'JAM_STAND_STILL_TRAFFIC'},33,{7},5.0
2e68e86d,2e68e86c4,2020-09-24,17,{'JAM'},{'JAM_STAND_STILL_TRAFFIC'},31,{7},5.0
2e68e86d,2e68e86c4,2020-09-28,17,{'JAM'},{'JAM_HEAVY_TRAFFIC'},33,{7},5.0
2e68e86d,2e68e86c4,2020-09-29,16,{'JAM'},{'JAM'},32,{7},5.0
2e68e86d,2e68e86c4,2020-10-02,16,{'WEATHERHAZARD'},{'HAZARD_ON_SHOULDER_CAR_STOPPED'},31,{7},5.064516129032258
2e68e86d,2e68e86c4,2020-10-06,9,{'JAM'},{'JAM'},15,{7},5.0
2e68e86d,2e68e86c4,2020-10-10,10,{'JAM'},{'JAM_STAND_STILL_TRAFFIC'},7,{7},5.0
2e68e86d,2e68e86c4,2020-10-12,8,{'JAM'},{'JAM_HEAVY_TRAFFIC'},30,{7},5.0
2e68e86d,2e68e86c4,2020-10-21,10,{'JAM'},"{'JAM_MODERATE_TRAFFIC', 'JAM_HEAVY_TRAFFIC'}",62,{7},5.0
2e68e86d,2e68e86c4,2020-10-23,9,{'JAM'},{'JAM_STAND_STILL_TRAFFIC'},19,{7},5.473684210526316
2e68e86d,2e68e86c4,2020-10-23,14,{'JAM'},{'JAM_STAND_STILL_TRAFFIC'},52,{7},6.5
2e68e86d,2e68e86c4,2020-10-30,14,{'JAM'},{'JAM_MODERATE_TRAFFIC'},34,{7},5.0
2e68e86d,2e68e86c4,2020-10-31,10,{'JAM'},{'JAM_MODERATE_TRAFFIC'},34,{7},5.0
2e68e86d,2e68e86c4,2020-11-01,15,{'JAM'},{'JAM_MODERATE_TRAFFIC'},30,{7},5.0
2e68e86d,2e68e86c4,2020-11-04,12,{'JAM'},{'JAM_STAND_STILL_TRAFFIC'},24,{7},5.0
2e68e86d,2e68e86c4,2020-11-05,9,{'JAM'},{'JAM_STAND_STILL_TRAFFIC'},43,{7},5.348837209302325
2e68e86d,2e68e86c4,2020-11-05,11,{'JAM'},{'JAM_STAND_STILL_TRAFFIC'},34,{7},5.0
2e68e86d,2e68e86c4,2020-11-10,7,{'JAM'},{'JAM_STAND_STILL_TRAFFIC'},32,{7},5.0
2e68e86d,2e68e86c4,2020-11-12,8,{'JAM'},{'JAM_MODERATE_TRAFFIC'},30,{7},5.0
2e68e86d,2e68e86cc,2020-10-10,10,{'JAM'},{'JAM_STAND_STILL_TRAFFIC'},29,{7},6.896551724137931
2e68e86d,2e68e86cc,2020-10-15,16,{'JAM'},{'JAM_STAND_STILL_TRAFFIC'},32,{7},5.65625
2e68e86d,2e68e86cc,2020-10-30,15,{'JAM'},{'JAM_STAND_STILL_TRAFFIC'},31,{7},5.0
2e68e86d,2e68e86cc,2020-10-31,14,{'JAM'},{'JAM_STAND_STILL_TRAFFIC'},29,{7},5.0
2e68e86d,2e68e86cc,2020-11-07,12,{'JAM'},{'JAM_HEAVY_TRAFFIC'},30,{7},5.0
2e68e86d,2e68e86d4,2020-09-14,9,{'JAM'},{'JAM_MODERATE_TRAFFIC'},13,{7},5.0
2e68e86d,2e68e86d4,2020-10-05,17,{'JAM'},{'JAM_HEAVY_TRAFFIC'},39,{7},5.435897435897436
2e68e86d,2e68e86d4,2020-10-31,13,{'JAM'},{'JAM_MODERATE_TRAFFIC'},31,{7},5.0
2e68e86d,2e68e86d4,2020-11-04,16,{'JAM'},"{'JAM', 'JAM_HEAVY_TRAFFIC'}",64,{7},5.0
2e68e86d,2e68e86d4,2020-11-05,18,{'JAM'},{'JAM_STAND_STILL_TRAFFIC'},31,{7},5.67741935483871
2e68e86d,2e68e86dc,2020-10-30,14,{'JAM'},{'JAM_HEAVY_TRAFFIC'},31,{7},5.0
2e68e86f,2e68e86ec,2020-09-19,19,{'JAM'},{'JAM_MODERATE_TRAFFIC'},32,{22},5.0
2e68e86f,2e68e86f4,2020-09-04,17,{'JAM'},{'JAM_STAND_STILL_TRAFFIC'},34,{2},5.0
2e68e86f,2e68e86f4,2020-09-14,17,{'JAM'},{'JAM_STAND_STILL_TRAFFIC'},61,{2},5.0
2e68e86f,2e68e86f4,2020-10-16,18,{'JAM'},{'JAM_STAND_STILL_TRAFFIC'},33,{2},5.757575757575758
2e68e86f,2e68e86f4,2020-10-23,17,{'JAM'},"{'JAM_STAND_STILL_TRAFFIC', 'JAM_HEAVY_TRAFFIC'}",58,{2},5.948275862068965
2e68e86f,2e68e86f4,2020-10-30,11,{'JAM'},{'JAM'},31,{1},5.0
2e68e86f,2e68e86f4,2020-11-05,17,{'JAM'},{'JAM_HEAVY_TRAFFIC'},36,{2},5.444444444444445
2e68e86f,2e68e86fc,2020-10-04,16,{'WEATHERHAZARD'},{'HAZARD_ON_SHOULDER_CAR_STOPPED'},31,{2},5.0
2e68e871,2e68e8704,2020-10-04,16,{'WEATHERHAZARD'},{'HAZARD_ON_SHOULDER_CAR_STOPPED'},30,{2},5.0
2e68e871,2e68e870c,2020-09-02,16,{'WEATHERHAZARD'},{'HAZARD_ON_SHOULDER_CAR_STOPPED'},32,{2},5.0
2e68e871,2e68e870c,2020-10-04,16,{'WEATHERHAZARD'},{'HAZARD_ON_SHOULDER_CAR_STOPPED'},61,{2},5.491803278688525
2e68e871,2e68e870c,2020-11-20,17,{'JAM'},{'JAM_STAND_STILL_TRAFFIC'},14,{2},5.071428571428571
2e68e873,2e68e872c,2020-09-04,17,{'JAM'},{'JAM_STAND_STILL_TRAFFIC'},32,{7},5.0
2e68e873,2e68e872c,2020-09-05,12,{'JAM'},{'JAM_STAND_STILL_TRAFFIC'},32,{7},5.0
2e68e873,2e68e872c,2020-09-29,16,{'WEATHERHAZARD'},{'HAZARD_ON_SHOULDER_CAR_STOPPED'},31,{7},5.580645161290323
2e68e873,2e68e872c,2020-10-07,13,{'JAM'},{'JAM_STAND_STILL_TRAFFIC'},36,{7},5.444444444444445
2e68e873,2e68e872c,2020-10-10,16,{'JAM'},{'JAM_STAND_STILL_TRAFFIC'},68,{7},5.117647058823529
2e68e873,2e68e872c,2020-10-16,15,{'WEATHERHAZARD'},{'HAZARD_ON_SHOULDER_CAR_STOPPED'},38,{7},5.473684210526316
2e68e873,2e68e872c,2020-10-24,11,{'JAM'},{'JAM_STAND_STILL_TRAFFIC'},30,{7},5.866666666666666
2e68e873,2e68e872c,2020-10-25,15,{'JAM'},{'JAM_HEAVY_TRAFFIC'},21,{7},5.0
2e68e873,2e68e872c,2020-10-29,15,{'JAM'},{'JAM_STAND_STILL_TRAFFIC'},31,{7},5.0
2e68e873,2e68e872c,2020-10-31,13,{'JAM'},{'JAM_STAND_STILL_TRAFFIC'},31,{7},5.0
2e68e873,2e68e872c,2020-10-31,14,{'JAM'},{'JAM_HEAVY_TRAFFIC'},36,{7},5.5
2e68e873,2e68e872c,2020-11-07,9,{'JAM'},{'JAM_STAND_STILL_TRAFFIC'},32,{7},5.0
2e68e873,2e68e872c,2020-11-22,12,{'JAM'},{'JAM_MODERATE_TRAFFIC'},24,{7},5.0
2e68e873,2e68e8734,2020-09-05,16,{'JAM'},{'JAM_STAND_STILL_TRAFFIC'},32,{7},5.96875
2e68e873,2e68e8734,2020-09-29,16,{'WEATHERHAZARD'},{'HAZARD_ON_SHOULDER_CAR_STOPPED'},30,{7},6.666666666666667
2e68e873,2e68e8734,2020-10-08,7,{'JAM'},{'JAM_HEAVY_TRAFFIC'},5,{7},5.0
2e68e873,2e68e8734,2020-10-12,17,{'JAM'},{'JAM_STAND_STILL_TRAFFIC'},14,{7},5.071428571428571
2e68e873,2e68e8734,2020-10-16,15,{'WEATHERHAZARD'},{'HAZARD_ON_SHOULDER_CAR_STOPPED'},29,{7},6.172413793103448
2e68e873,2e68e8734,2020-10-17,14,{'JAM'},{'JAM_MODERATE_TRAFFIC'},46,{7},5.3478260869565215
2e68e873,2e68e8734,2020-10-20,14,{'JAM'},{'JAM'},6,{7},5.0
2e68e873,2e68e8734,2020-10-26,9,{'JAM'},{'JAM_HEAVY_TRAFFIC'},30,{7},5.0
2e68e873,2e68e8734,2020-10-28,7,{'JAM'},{'JAM_STAND_STILL_TRAFFIC'},13,{7},5.0
2e68e873,2e68e8734,2020-10-29,23,{'WEATHERHAZARD'},{'HAZARD_ON_ROAD_POT_HOLE'},118,{7},5.872881355932203
2e68e873,2e68e8734,2020-10-30,14,{'JAM'},{'JAM'},33,{7},5.0
2e68e873,2e68e8734,2020-11-05,17,{'JAM'},{'JAM'},31,{7},5.0
2e68e873,2e68e8734,2020-11-06,14,{'JAM'},{'JAM_HEAVY_TRAFFIC'},31,{7},5.806451612903226
2e68e873,2e68e873c,2020-10-10,18,{'JAM'},{'JAM_STAND_STILL_TRAFFIC'},31,{1},5.0
2e68e875,2e68e8744,2020-09-01,15,{'WEATHERHAZARD'},{'HAZARD_ON_SHOULDER_CAR_STOPPED'},29,{2},5.0344827586206895
2e68e875,2e68e8744,2020-09-04,7,{'JAM'},{'JAM_HEAVY_TRAFFIC'},30,{2},5.0
2e68e875,2e68e8744,2020-09-04,11,{'JAM'},{'JAM_STAND_STILL_TRAFFIC'},32,{2},6.78125
2e68e875,2e68e8744,2020-09-04,15,{'JAM'},{'JAM'},31,{2},5.0
2e68e875,2e68e8744,2020-09-04,17,{'JAM'},{'JAM_HEAVY_TRAFFIC'},40,{2},6.15
2e68e875,2e68e8744,2020-09-08,7,{'JAM'},{'JAM_STAND_STILL_TRAFFIC'},16,{2},5.0
2e68e875,2e68e8744,2020-09-14,17,{'JAM'},{'JAM'},30,{2},5.0
2e68e875,2e68e8744,2020-09-15,18,{'JAM'},{'JAM_STAND_STILL_TRAFFIC'},32,{2},5.0
2e68e875,2e68e8744,2020-09-22,19,{'JAM'},{'JAM_STAND_STILL_TRAFFIC'},30,{2},5.0
2e68e875,2e68e8744,2020-09-29,16,{'JAM'},{'JAM_HEAVY_TRAFFIC'},31,{2},5.0
2e68e875,2e68e8744,2020-10-02,16,{'JAM'},{'JAM_STAND_STILL_TRAFFIC'},13,{2},5.0
2e68e875,2e68e8744,2020-10-05,20,{'JAM'},{'JAM_MODERATE_TRAFFIC'},30,{2},5.0
2e68e875,2e68e8744,2020-10-07,16,{'JAM'},{'JAM_HEAVY_TRAFFIC'},30,{2},5.0
2e68e875,2e68e8744,2020-10-16,7,{'JAM'},{'JAM_MODERATE_TRAFFIC'},30,{2},5.0
2e68e875,2e68e8744,2020-10-16,15,{'WEATHERHAZARD'},"{'HAZARD_ON_SHOULDER_CAR_STOPPED', 'HAZARD_WEATHER_HAIL'}",89,{2},5.269662921348314
2e68e875,2e68e8744,2020-10-17,14,{'JAM'},{'JAM_STAND_STILL_TRAFFIC'},53,{2},5.735849056603773
2e68e875,2e68e8744,2020-10-18,18,{'JAM'},{'JAM_MODERATE_TRAFFIC'},5,{2},5.0
2e68e875,2e68e8744,2020-10-21,11,{'JAM'},{'JAM_STAND_STILL_TRAFFIC'},100,{2},5.0
2e68e875,2e68e8744,2020-10-24,7,{'JAM'},{'JAM'},31,{2},5.0
2e68e875,2e68e8744,2020-10-24,12,{'JAM'},{'JAM_MODERATE_TRAFFIC'},28,{2},5.0
2e68e875,2e68e8744,2020-10-24,15,{'JAM'},{'JAM_HEAVY_TRAFFIC'},30,{2},5.0
2e68e875,2e68e8744,2020-10-27,13,{'JAM'},{'JAM_MODERATE_TRAFFIC'},33,{2},5.0
2e68e875,2e68e8744,2020-10-27,18,{'JAM'},{'JAM_HEAVY_TRAFFIC'},31,{2},6.967741935483871
2e68e875,2e68e8744,2020-10-29,15,{'JAM'},"{'JAM_STAND_STILL_TRAFFIC', 'JAM_HEAVY_TRAFFIC'}",37,{2},5.0
2e68e875,2e68e8744,2020-10-30,8,{'JAM'},{'JAM_MODERATE_TRAFFIC'},55,{2},5.0
2e68e875,2e68e8744,2020-10-30,13,{'JAM'},{'JAM_MODERATE_TRAFFIC'},31,{2},5.0
2e68e875,2e68e8744,2020-10-31,11,{'JAM'},{'JAM_HEAVY_TRAFFIC'},30,{2},5.633333333333334
2e68e875,2e68e8744,2020-11-02,18,{'JAM'},{'JAM_STAND_STILL_TRAFFIC'},31,{2},5.0
2e68e875,2e68e8744,2020-11-03,7,{'JAM'},{'JAM_HEAVY_TRAFFIC'},31,{2},5.0
2e68e875,2e68e8744,2020-11-06,9,{'JAM'},{'JAM_HEAVY_TRAFFIC'},32,{2},5.75
2e68e875,2e68e8744,2020-11-07,10,{'JAM'},{'JAM_STAND_STILL_TRAFFIC'},30,{2},5.0
2e68e875,2e68e8744,2020-11-13,14,{'JAM'},{'JAM_STAND_STILL_TRAFFIC'},36,{2},6.055555555555555
2e68e875,2e68e8744,2020-11-16,7,{'JAM'},{'JAM_STAND_STILL_TRAFFIC'},38,{2},6.2105263157894735
2e68e875,2e68e8744,2020-11-17,7,{'JAM'},{'JAM'},31,{2},5.0
2e68e875,2e68e8744,2020-11-17,10,{'JAM'},{'JAM'},17,{2},5.0
2e68e875,2e68e874c,2020-09-01,15,"{'JAM', 'WEATHERHAZARD'}","{'HAZARD_ON_SHOULDER_CAR_STOPPED', 'JAM_STAND_STILL_TRAFFIC'}",77,"{2, 7}",5.0
2e68e875,2e68e874c,2020-09-04,11,{'JAM'},{'JAM_STAND_STILL_TRAFFIC'},3,{2},5.0
2e68e875,2e68e874c,2020-09-04,17,{'JAM'},{'JAM_STAND_STILL_TRAFFIC'},8,{7},5.0
2e68e875,2e68e874c,2020-09-05,14,{'JAM'},{'JAM'},32,{7},5.0
2e68e875,2e68e874c,2020-09-08,11,{'JAM'},{'JAM_MODERATE_TRAFFIC'},13,{7},5.0
2e68e875,2e68e874c,2020-09-08,17,{'JAM'},{'JAM_STAND_STILL_TRAFFIC'},35,{2},5.0
2e68e875,2e68e874c,2020-09-10,15,{'JAM'},{'JAM_HEAVY_TRAFFIC'},19,{7},5.0
2e68e875,2e68e874c,2020-09-10,17,{'JAM'},{'JAM_HEAVY_TRAFFIC'},34,{7},5.0
2e68e875,2e68e874c,2020-09-19,19,{'WEATHERHAZARD'},{'WEATHERHAZARD'},31,{7},5.967741935483871
2e68e875,2e68e874c,2020-09-22,16,{'WEATHERHAZARD'},{'HAZARD_WEATHER_FLOOD'},31,{7},5.0
2e68e875,2e68e874c,2020-09-29,16,{'JAM'},{'JAM_STAND_STILL_TRAFFIC'},31,{2},5.0
2e68e875,2e68e874c,2020-10-01,13,{'JAM'},{'JAM_MODERATE_TRAFFIC'},32,{7},5.0
2e68e875,2e68e874c,2020-10-02,13,{'JAM'},{'JAM_HEAVY_TRAFFIC'},31,{7},5.0
2e68e875,2e68e874c,2020-10-03,16,{'JAM'},{'JAM_HEAVY_TRAFFIC'},31,{7},5.0
2e68e875,2e68e874c,2020-10-08,16,{'JAM'},{'JAM_HEAVY_TRAFFIC'},31,{7},5.0
2e68e875,2e68e874c,2020-10-09,14,{'JAM'},{'JAM_HEAVY_TRAFFIC'},31,{7},5.0
2e68e875,2e68e874c,2020-10-10,16,{'JAM'},{'JAM_STAND_STILL_TRAFFIC'},32,{7},5.0
2e68e875,2e68e874c,2020-10-14,18,{'JAM'},{'JAM_HEAVY_TRAFFIC'},40,{7},6.0
2e68e875,2e68e874c,2020-10-19,19,{'JAM'},{'JAM_STAND_STILL_TRAFFIC'},33,{2},5.0
2e68e875,2e68e874c,2020-10-21,12,{'JAM'},{'JAM_HEAVY_TRAFFIC'},32,{7},5.0
2e68e875,2e68e874c,2020-10-22,11,{'JAM'},{'JAM_STAND_STILL_TRAFFIC'},31,{7},5.0
2e68e875,2e68e874c,2020-10-25,15,{'JAM'},{'JAM_HEAVY_TRAFFIC'},42,{7},5.738095238095238
2e68e875,2e68e874c,2020-10-26,9,{'JAM'},{'JAM_STAND_STILL_TRAFFIC'},32,{7},5.0
2e68e875,2e68e874c,2020-10-27,18,{'JAM'},{'JAM_HEAVY_TRAFFIC'},23,{2},5.565217391304348
2e68e875,2e68e874c,2020-10-28,15,{'JAM'},{'JAM_MODERATE_TRAFFIC'},33,{7},5.0
2e68e875,2e68e874c,2020-10-29,11,{'JAM'},{'JAM_HEAVY_TRAFFIC'},30,{7},5.0
2e68e875,2e68e874c,2020-10-30,13,{'JAM'},{'JAM_STAND_STILL_TRAFFIC'},7,{2},5.0
2e68e875,2e68e874c,2020-10-31,13,{'JAM'},{'JAM_STAND_STILL_TRAFFIC'},31,{2},5.0
2e68e875,2e68e874c,2020-11-04,13,{'JAM'},{'JAM_STAND_STILL_TRAFFIC'},30,{7},5.0
2e68e875,2e68e874c,2020-11-04,15,{'JAM'},{'JAM'},34,{7},5.0
2e68e875,2e68e874c,2020-11-05,11,{'JAM'},{'JAM_MODERATE_TRAFFIC'},18,{7},5.0
2e68e875,2e68e874c,2020-11-05,14,{'JAM'},{'JAM_STAND_STILL_TRAFFIC'},31,{7},5.903225806451613
2e68e875,2e68e874c,2020-11-06,17,{'JAM'},{'JAM_HEAVY_TRAFFIC'},10,{7},5.0
2e68e875,2e68e874c,2020-11-10,19,{'WEATHERHAZARD'},{'HAZARD_WEATHER_FLOOD'},33,{2},8.878787878787879
2e68e875,2e68e874c,2020-11-13,14,{'JAM'},{'JAM_HEAVY_TRAFFIC'},31,{7},5.0
2e68e875,2e68e874c,2020-11-20,17,{'JAM'},{'JAM_MODERATE_TRAFFIC'},29,{7},5.0
2e68e875,2e68e8754,2020-09-01,17,{'JAM'},{'JAM_STAND_STILL_TRAFFIC'},10,{2},5.1
2e68e875,2e68e8754,2020-09-04,15,{'JAM'},{'JAM_STAND_STILL_TRAFFIC'},40,{2},5.35
2e68e875,2e68e8754,2020-09-05,12,{'JAM'},{'JAM_HEAVY_TRAFFIC'},5,{7},5.0
2e68e875,2e68e8754,2020-09-07,18,{'JAM'},{'JAM_STAND_STILL_TRAFFIC'},22,{2},5.0
2e68e875,2e68e8754,2020-09-14,17,{'JAM'},{'JAM_STAND_STILL_TRAFFIC'},31,{7},6.0
2e68e875,2e68e8754,2020-09-20,11,{'ACCIDENT'},{'ACCIDENT_MAJOR'},122,{7},5.754098360655738
2e68e875,2e68e8754,2020-09-25,13,{'JAM'},{'JAM_HEAVY_TRAFFIC'},30,{7},5.0
2e68e875,2e68e8754,2020-10-04,15,{'JAM'},{'JAM'},30,{2},5.0
2e68e875,2e68e8754,2020-10-10,12,{'JAM'},{'JAM_STAND_STILL_TRAFFIC'},33,{7},5.484848484848484
2e68e875,2e68e8754,2020-10-13,16,{'JAM'},{'JAM_HEAVY_TRAFFIC'},31,{2},5.0
2e68e875,2e68e8754,2020-10-23,14,{'JAM'},{'JAM_MODERATE_TRAFFIC'},30,{7},5.566666666666666
2e68e875,2e68e8754,2020-10-23,17,{'JAM'},{'JAM_MODERATE_TRAFFIC'},31,{7},5.0
2e68e875,2e68e8754,2020-10-29,11,{'JAM'},{'JAM_MODERATE_TRAFFIC'},5,{7},5.0
2e68e875,2e68e8754,2020-10-30,16,{'JAM'},{'JAM'},17,{7},7.0
2e68e875,2e68e8754,2020-11-02,12,{'JAM'},{'JAM_STAND_STILL_TRAFFIC'},13,{7},5.923076923076923
2e68e875,2e68e8754,2020-11-02,14,{'JAM'},{'JAM_STAND_STILL_TRAFFIC'},39,{2},5.897435897435898
2e68e875,2e68e8754,2020-11-03,17,{'JAM'},{'JAM_HEAVY_TRAFFIC'},16,{7},5.0
2e68e875,2e68e8754,2020-11-05,14,{'JAM'},{'JAM_STAND_STILL_TRAFFIC'},26,{7},5.846153846153846
2e68e875,2e68e8754,2020-11-06,15,{'JAM'},{'JAM_MODERATE_TRAFFIC'},25,{7},5.0
2e68e875,2e68e8754,2020-11-12,13,{'JAM'},{'JAM_STAND_STILL_TRAFFIC'},18,{1},5.0
2e68e875,2e68e8754,2020-11-14,14,{'JAM'},{'JAM_STAND_STILL_TRAFFIC'},26,{7},5.846153846153846
2e68e877,2e68e8764,2020-09-01,15,"{'JAM', 'WEATHERHAZARD'}","{'HAZARD_ON_SHOULDER_CAR_STOPPED', 'JAM_STAND_STILL_TRAFFIC'}",61,{2},5.295081967213115
2e68e877,2e68e8764,2020-09-10,17,{'JAM'},{'JAM_STAND_STILL_TRAFFIC'},31,{2},5.0
2e68e877,2e68e8764,2020-09-22,17,{'JAM'},{'JAM_STAND_STILL_TRAFFIC'},62,{2},5.0
2e68e877,2e68e8764,2020-09-22,19,{'JAM'},{'JAM_STAND_STILL_TRAFFIC'},31,{2},5.0
2e68e877,2e68e8764,2020-09-28,17,{'JAM'},{'JAM_MODERATE_TRAFFIC'},34,{2},5.0
2e68e877,2e68e8764,2020-09-29,16,{'WEATHERHAZARD'},{'HAZARD_ON_SHOULDER_CAR_STOPPED'},31,{2},5.0
2e68e877,2e68e8764,2020-10-05,17,{'JAM'},{'JAM_STAND_STILL_TRAFFIC'},64,{2},5.0
2e68e877,2e68e8764,2020-10-07,10,{'JAM'},{'JAM_STAND_STILL_TRAFFIC'},32,{2},5.46875
2e68e877,2e68e8764,2020-10-15,16,{'JAM'},{'JAM_STAND_STILL_TRAFFIC'},12,{2},5.0
2e68e877,2e68e8764,2020-10-16,13,{'JAM'},{'JAM_HEAVY_TRAFFIC'},31,{2},5.0
2e68e877,2e68e8764,2020-10-20,10,{'ACCIDENT'},{'ACCIDENT'},42,{2},5.595238095238095
2e68e877,2e68e8764,2020-10-21,18,{'JAM'},{'JAM_HEAVY_TRAFFIC'},31,{2},5.0
2e68e877,2e68e8764,2020-10-22,20,{'JAM'},{'JAM_STAND_STILL_TRAFFIC'},34,{20},5.5588235294117645
2e68e877,2e68e8764,2020-10-24,10,{'JAM'},{'JAM_MODERATE_TRAFFIC'},30,{2},5.0
2e68e877,2e68e8764,2020-10-24,19,{'WEATHERHAZARD'},{'WEATHERHAZARD'},32,{2},5.9375
2e68e877,2e68e8764,2020-10-25,17,{'JAM'},{'JAM_HEAVY_TRAFFIC'},31,{20},5.838709677419355
2e68e877,2e68e8764,2020-10-27,18,{'JAM'},{'JAM_STAND_STILL_TRAFFIC'},95,{2},5.315789473684211
2e68e877,2e68e8764,2020-10-27,19,{'JAM'},{'JAM_HEAVY_TRAFFIC'},38,{2},5.0
2e68e877,2e68e8764,2020-10-30,13,{'JAM'},{'JAM_HEAVY_TRAFFIC'},31,{2},6.419354838709677
2e68e877,2e68e8764,2020-11-02,17,{'JAM'},{'JAM_STAND_STILL_TRAFFIC'},33,{2},5.454545454545454
2e68e877,2e68e8764,2020-11-09,18,{'JAM'},{'JAM_HEAVY_TRAFFIC'},31,{2},5.0
2e68e877,2e68e8764,2020-11-10,19,{'JAM'},{'JAM_STAND_STILL_TRAFFIC'},99,{2},5.757575757575758
2e68e877,2e68e8764,2020-11-20,17,{'JAM'},{'JAM_STAND_STILL_TRAFFIC'},40,{2},6.15
2e68e877,2e68e876c,2020-09-22,17,{'JAM'},{'JAM_STAND_STILL_TRAFFIC'},31,{2},5.0
2e68e877,2e68e876c,2020-10-30,8,{'JAM'},{'JAM_MODERATE_TRAFFIC'},30,{2},5.0
2e68e877,2e68e876c,2020-11-04,11,{'JAM'},{'JAM_STAND_STILL_TRAFFIC'},32,{2},5.0
2e68e877,2e68e8774,2020-09-02,16,{'WEATHERHAZARD'},{'HAZARD_ON_SHOULDER_CAR_STOPPED'},35,{2},6.2
2e68e877,2e68e8774,2020-11-03,17,{'JAM'},{'JAM'},27,{2},5.0
2e68e877,2e68e877c,2020-09-01,16,{'JAM'},{'JAM_STAND_STILL_TRAFFIC'},30,{2},5.0
2e68e877,2e68e877c,2020-09-22,17,{'JAM'},{'JAM_STAND_STILL_TRAFFIC'},31,{2},5.0
2e68e877,2e68e877c,2020-09-22,19,{'JAM'},{'JAM_STAND_STILL_TRAFFIC'},46,{2},5.0
2e68e877,2e68e877c,2020-09-27,16,{'WEATHERHAZARD'},{'HAZARD_ON_SHOULDER_CAR_STOPPED'},32,{2},5.0
2e68e877,2e68e877c,2020-10-02,14,{'JAM'},{'JAM_STAND_STILL_TRAFFIC'},21,{2},6.0
2e68e877,2e68e877c,2020-10-02,17,{'WEATHERHAZARD'},{'HAZARD_ON_SHOULDER_CAR_STOPPED'},62,"{1, 2}",5.5
2e68e877,2e68e877c,2020-10-26,17,{'JAM'},{'JAM_STAND_STILL_TRAFFIC'},31,{2},5.0
2e68e877,2e68e877c,2020-10-27,17,{'JAM'},{'JAM_STAND_STILL_TRAFFIC'},33,{2},5.0
2e68e877,2e68e877c,2020-11-10,19,{'JAM'},{'JAM_STAND_STILL_TRAFFIC'},31,{2},5.0
2e68e877,2e68e877c,2020-11-13,16,{'JAM'},{'JAM_HEAVY_TRAFFIC'},8,{2},5.0
2e68e877,2e68e877c,2020-11-18,17,{'JAM'},{'JAM_HEAVY_TRAFFIC'},5,{20},5.0
2e68e877,2e68e877c,2020-11-20,17,{'JAM'},{'JAM_HEAVY_TRAFFIC'},21,{2},5.666666666666667
2e68e879,2e68e8784,2020-10-02,19,{'JAM'},{'JAM_HEAVY_TRAFFIC'},31,{1},6.0
2e68e879,2e68e8784,2020-11-01,12,{'JAM'},{'JAM_MODERATE_TRAFFIC'},30,{1},5.0
2e68e87b,2e68e87a4,2020-10-03,10,{'JAM'},{'JAM'},30,{17},5.0
2e68e87b,2e68e87a4,2020-11-20,17,{'JAM'},{'JAM_MODERATE_TRAFFIC'},43,{2},5.837209302325581
2e68e87b,2e68e87a4,2020-11-21,7,{'JAM'},{'JAM_MODERATE_TRAFFIC'},30,{17},5.0
2e68e87b,2e68e87b4,2020-10-31,11,{'JAM'},{'JAM'},30,{1},5.0
2e68e87d,2e68e87c4,2020-09-03,14,{'JAM'},{'JAM_STAND_STILL_TRAFFIC'},11,{7},5.0
2e68e87d,2e68e87c4,2020-09-18,15,{'JAM'},{'JAM_STAND_STILL_TRAFFIC'},22,{7},5.2272727272727275
2e68e87d,2e68e87c4,2020-10-01,12,{'JAM'},{'JAM_HEAVY_TRAFFIC'},22,{7},5.0
2e68e87d,2e68e87c4,2020-10-03,19,{'JAM'},{'JAM_STAND_STILL_TRAFFIC'},27,{7},5.0
2e68e87d,2e68e87c4,2020-10-16,17,{'JAM'},{'JAM_STAND_STILL_TRAFFIC'},30,{7},5.0
2e68e87d,2e68e87c4,2020-10-16,18,{'WEATHERHAZARD'},{'WEATHERHAZARD'},30,{7},6.933333333333334
2e68e87d,2e68e87c4,2020-10-21,15,{'JAM'},{'JAM_STAND_STILL_TRAFFIC'},30,{7},5.5
2e68e87d,2e68e87c4,2020-11-02,14,{'JAM'},{'JAM_STAND_STILL_TRAFFIC'},20,{7},5.9
2e68e87d,2e68e87c4,2020-11-05,12,{'WEATHERHAZARD'},{'WEATHERHAZARD'},21,{2},5.809523809523809
2e68e87d,2e68e87c4,2020-11-12,17,{'JAM'},{'JAM_MODERATE_TRAFFIC'},6,{7},5.0
2e68e87d,2e68e87d4,2020-09-01,9,{'ROAD_CLOSED'},{'ROAD_CLOSED_EVENT'},1079,{7},6.0
2e68e87d,2e68e87d4,2020-09-02,9,{'ROAD_CLOSED'},{'ROAD_CLOSED_EVENT'},1083,{7},6.0
2e68e87d,2e68e87d4,2020-09-03,9,{'ROAD_CLOSED'},{'ROAD_CLOSED_EVENT'},1080,{7},6.0
2e68e87d,2e68e87d4,2020-09-03,11,{'JAM'},{'JAM'},29,{7},7.0
2e68e87d,2e68e87d4,2020-09-04,9,{'ROAD_CLOSED'},{'ROAD_CLOSED_EVENT'},1076,{7},6.0
2e68e87d,2e68e87d4,2020-09-05,9,{'ROAD_CLOSED'},{'ROAD_CLOSED_EVENT'},1080,{7},6.0
2e68e87d,2e68e87d4,2020-09-06,9,{'ROAD_CLOSED'},{'ROAD_CLOSED_EVENT'},152,{7},6.0
2e68e87d,2e68e87d4,2020-09-07,9,{'ROAD_CLOSED'},{'ROAD_CLOSED_EVENT'},1078,{7},6.0
2e68e87d,2e68e87d4,2020-09-07,15,{'JAM'},{'JAM_HEAVY_TRAFFIC'},31,{7},5.0
2e68e87d,2e68e87d4,2020-09-08,9,{'ROAD_CLOSED'},{'ROAD_CLOSED_EVENT'},1082,{7},6.0
2e68e87d,2e68e87d4,2020-09-09,9,{'ROAD_CLOSED'},{'ROAD_CLOSED_EVENT'},6,{7},6.0
2e68e87d,2e68e87d4,2020-09-09,18,{'ROAD_CLOSED'},{'ROAD_CLOSED_EVENT'},55,{7},6.0
2e68e87d,2e68e87d4,2020-09-09,21,{'ROAD_CLOSED'},{'ROAD_CLOSED_EVENT'},540,{7},6.0
2e68e87d,2e68e87d4,2020-09-09,22,{'ROAD_CLOSED'},{'ROAD_CLOSED_EVENT'},480,{7},6.0
2e68e87d,2e68e87d4,2020-09-10,9,{'ROAD_CLOSED'},{'ROAD_CLOSED_EVENT'},71,{7},6.0
2e68e87d,2e68e87d4,2020-09-10,21,{'ROAD_CLOSED'},{'ROAD_CLOSED_EVENT'},3,{7},6.0
2e68e87d,2e68e87d4,2020-09-10,22,{'ROAD_CLOSED'},{'ROAD_CLOSED_EVENT'},956,{7},6.0
2e68e87d,2e68e87d4,2020-09-11,9,{'ROAD_CLOSED'},{'ROAD_CLOSED_EVENT'},63,{7},6.0
2e68e87d,2e68e87d4,2020-09-11,21,{'ROAD_CLOSED'},{'ROAD_CLOSED_EVENT'},539,{7},6.0
2e68e87d,2e68e87d4,2020-09-11,22,{'ROAD_CLOSED'},{'ROAD_CLOSED_EVENT'},480,{7},6.0
2e68e87d,2e68e87d4,2020-09-12,23,{'ROAD_CLOSED'},{'ROAD_CLOSED_EVENT'},402,{7},6.0
2e68e87d,2e68e87d4,2020-09-13,0,{'ROAD_CLOSED'},{'ROAD_CLOSED_EVENT'},358,{7},6.0
2e68e87d,2e68e87d4,2020-09-13,6,{'ROAD_CLOSED'},{'ROAD_CLOSED_EVENT'},6,{7},6.0
2e68e87d,2e68e87d4,2020-09-13,9,{'ROAD_CLOSED'},{'ROAD_CLOSED_EVENT'},1140,{7},6.0
2e68e87d,2e68e87d4,2020-09-14,9,{'ROAD_CLOSED'},{'ROAD_CLOSED_EVENT'},1143,{7},6.0
2e68e87d,2e68e87d4,2020-09-14,20,{'ROAD_CLOSED'},{'ROAD_CLOSED_EVENT'},22,{7},5.0
2e68e87d,2e68e87d4,2020-09-15,9,{'ROAD_CLOSED'},{'ROAD_CLOSED_EVENT'},1142,{7},6.0
2e68e87d,2e68e87d4,2020-09-16,9,{'ROAD_CLOSED'},{'ROAD_CLOSED_EVENT'},1142,{7},6.0
2e68e87d,2e68e87d4,2020-09-17,9,{'ROAD_CLOSED'},{'ROAD_CLOSED_EVENT'},789,{7},6.0
2e68e87d,2e68e87d4,2020-09-18,9,{'ROAD_CLOSED'},{'ROAD_CLOSED_EVENT'},1142,{7},6.0
2e68e87d,2e68e87d4,2020-09-18,21,{'ROAD_CLOSED'},{'ROAD_CLOSED_EVENT'},240,{7},6.0
2e68e87d,2e68e87d4,2020-09-19,6,{'ROAD_CLOSED'},{'ROAD_CLOSED_EVENT'},1,{7},6.0
2e68e87d,2e68e87d4,2020-09-19,9,{'ROAD_CLOSED'},{'ROAD_CLOSED_EVENT'},1148,{7},6.0
2e68e87d,2e68e87d4,2020-09-19,11,{'ROAD_CLOSED'},{'ROAD_CLOSED_EVENT'},1,{7},6.0
2e68e87d,2e68e87d4,2020-09-19,21,{'ROAD_CLOSED'},{'ROAD_CLOSED_EVENT'},248,{7},6.0
2e68e87d,2e68e87d4,2020-09-20,9,{'ROAD_CLOSED'},{'ROAD_CLOSED_EVENT'},1141,{7},6.0
2e68e87d,2e68e87d4,2020-09-20,21,{'ROAD_CLOSED'},{'ROAD_CLOSED_EVENT'},244,{7},6.0
2e68e87d,2e68e87d4,2020-09-21,6,{'ROAD_CLOSED'},{'ROAD_CLOSED_EVENT'},2,{7},6.0
2e68e87d,2e68e87d4,2020-09-21,9,{'ROAD_CLOSED'},{'ROAD_CLOSED_EVENT'},1138,{7},6.0
2e68e87d,2e68e87d4,2020-09-21,21,{'ROAD_CLOSED'},{'ROAD_CLOSED_EVENT'},246,{7},6.0
2e68e87d,2e68e87d4,2020-09-22,9,{'ROAD_CLOSED'},{'ROAD_CLOSED_EVENT'},1146,{7},6.0
2e68e87d,2e68e87d4,2020-09-22,21,{'ROAD_CLOSED'},{'ROAD_CLOSED_EVENT'},248,{7},6.0
2e68e87d,2e68e87d4,2020-09-23,9,{'ROAD_CLOSED'},{'ROAD_CLOSED_EVENT'},1140,{7},6.0
2e68e87d,2e68e87d4,2020-09-23,11,{'ROAD_CLOSED'},{'ROAD_CLOSED_EVENT'},3,{7},6.0
2e68e87d,2e68e87d4,2020-09-23,21,{'ROAD_CLOSED'},{'ROAD_CLOSED_EVENT'},246,{7},6.0
2e68e87d,2e68e87d4,2020-09-24,9,{'ROAD_CLOSED'},{'ROAD_CLOSED_EVENT'},1149,{7},6.0
2e68e87d,2e68e87d4,2020-09-24,11,{'ROAD_CLOSED'},{'ROAD_CLOSED_EVENT'},2,{7},6.0
2e68e87d,2e68e87d4,2020-09-24,21,{'ROAD_CLOSED'},{'ROAD_CLOSED_EVENT'},244,{7},6.0
2e68e87d,2e68e87d4,2020-09-25,9,{'ROAD_CLOSED'},{'ROAD_CLOSED_EVENT'},1144,{7},6.0
2e68e87d,2e68e87d4,2020-09-25,11,{'ROAD_CLOSED'},{'ROAD_CLOSED_EVENT'},1,{7},6.0
2e68e87d,2e68e87d4,2020-09-25,21,{'ROAD_CLOSED'},{'ROAD_CLOSED_EVENT'},244,{7},6.0
2e68e87d,2e68e87d4,2020-09-26,11,{'ROAD_CLOSED'},{'ROAD_CLOSED_EVENT'},1,{7},6.0
2e68e87d,2e68e87d4,2020-09-26,21,{'ROAD_CLOSED'},{'ROAD_CLOSED_EVENT'},216,{7},6.0
2e68e87d,2e68e87d4,2020-09-27,21,{'ROAD_CLOSED'},{'ROAD_CLOSED_EVENT'},242,{7},6.0
2e68e87d,2e68e87d4,2020-09-28,9,{'ROAD_CLOSED'},{'ROAD_CLOSED_EVENT'},1084,{7},6.0
2e68e87d,2e68e87d4,2020-09-28,21,{'ROAD_CLOSED'},{'ROAD_CLOSED_EVENT'},246,{7},6.0
2e68e87d,2e68e87d4,2020-09-29,9,{'ROAD_CLOSED'},{'ROAD_CLOSED_EVENT'},1083,{7},6.0
2e68e87d,2e68e87d4,2020-09-29,21,{'ROAD_CLOSED'},{'ROAD_CLOSED_EVENT'},246,{7},6.0
2e68e87d,2e68e87d4,2020-09-30,9,{'ROAD_CLOSED'},{'ROAD_CLOSED_EVENT'},1082,{7},6.0
2e68e87d,2e68e87d4,2020-09-30,21,{'ROAD_CLOSED'},{'ROAD_CLOSED_EVENT'},240,{7},6.0
2e68e87d,2e68e87d4,2020-10-01,9,{'ROAD_CLOSED'},{'ROAD_CLOSED_EVENT'},1082,{7},6.0
2e68e87d,2e68e87d4,2020-10-02,6,{'ROAD_CLOSED'},{'ROAD_CLOSED_EVENT'},1,{7},6.0
2e68e87d,2e68e87d4,2020-10-02,9,{'ROAD_CLOSED'},{'ROAD_CLOSED_EVENT'},1080,{7},6.0
2e68e87d,2e68e87d4,2020-10-03,9,{'ROAD_CLOSED'},{'ROAD_CLOSED_EVENT'},1084,{7},6.0
2e68e87d,2e68e87d4,2020-10-03,15,{'JAM'},{'JAM_HEAVY_TRAFFIC'},30,{7},5.0
2e68e87d,2e68e87d4,2020-10-04,9,{'ROAD_CLOSED'},{'ROAD_CLOSED_EVENT'},1076,{7},6.0
2e68e87d,2e68e87d4,2020-10-05,9,{'ROAD_CLOSED'},{'ROAD_CLOSED_EVENT'},1078,{7},6.0
2e68e87d,2e68e87d4,2020-10-05,11,{'JAM'},{'JAM_STAND_STILL_TRAFFIC'},30,{7},5.0
2e68e87d,2e68e87d4,2020-10-06,9,{'ROAD_CLOSED'},{'ROAD_CLOSED_EVENT'},1077,{7},6.0
2e68e87d,2e68e87d4,2020-10-07,6,{'ROAD_CLOSED'},{'ROAD_CLOSED_EVENT'},1,{7},6.0
2e68e87d,2e68e87d4,2020-10-07,9,{'ROAD_CLOSED'},{'ROAD_CLOSED_EVENT'},1075,{7},6.0
2e68e87d,2e68e87d4,2020-10-08,9,{'ROAD_CLOSED'},{'ROAD_CLOSED_EVENT'},1086,{7},6.0
2e68e87d,2e68e87d4,2020-10-09,9,{'ROAD_CLOSED'},{'ROAD_CLOSED_EVENT'},1080,{7},6.0
2e68e87d,2e68e87d4,2020-10-09,15,{'WEATHERHAZARD'},{'HAZARD_ON_ROAD_CAR_STOPPED'},29,{7},5.0
2e68e87d,2e68e87d4,2020-10-10,9,{'ROAD_CLOSED'},{'ROAD_CLOSED_EVENT'},1077,{7},6.0
2e68e87d,2e68e87d4,2020-10-16,17,{'JAM'},{'JAM'},21,{7},5.0
2e68e87d,2e68e87d4,2020-10-19,10,{'ROAD_CLOSED'},{'ROAD_CLOSED_EVENT'},964,{7},6.0
2e68e87d,2e68e87d4,2020-10-20,10,{'ROAD_CLOSED'},{'ROAD_CLOSED_EVENT'},964,{7},6.0
2e68e87d,2e68e87d4,2020-10-21,10,{'ROAD_CLOSED'},{'ROAD_CLOSED_EVENT'},952,{7},6.0
2e68e87d,2e68e87d4,2020-10-22,10,{'ROAD_CLOSED'},{'ROAD_CLOSED_EVENT'},966,{7},6.0
2e68e87d,2e68e87d4,2020-10-23,10,{'ROAD_CLOSED'},{'ROAD_CLOSED_EVENT'},964,{7},6.0
2e68e87d,2e68e87d4,2020-10-24,6,{'ROAD_CLOSED'},{'ROAD_CLOSED_EVENT'},2,{7},6.0
2e68e87d,2e68e87d4,2020-10-24,10,{'ROAD_CLOSED'},{'ROAD_CLOSED_EVENT'},960,{7},6.0
2e68e87d,2e68e87d4,2020-10-25,10,{'ROAD_CLOSED'},{'ROAD_CLOSED_EVENT'},964,{7},6.0
2e68e87d,2e68e87d4,2020-10-26,10,{'ROAD_CLOSED'},{'ROAD_CLOSED_EVENT'},968,{7},6.0
2e68e87d,2e68e87d4,2020-10-27,6,{'ACCIDENT'},{'ACCIDENT'},121,{7},5.0
2e68e87d,2e68e87d4,2020-10-27,10,{'ROAD_CLOSED'},{'ROAD_CLOSED_EVENT'},969,{7},6.0
2e68e87d,2e68e87d4,2020-10-28,10,{'ROAD_CLOSED'},{'ROAD_CLOSED_EVENT'},964,{7},6.0
2e68e87d,2e68e87d4,2020-10-29,10,{'ROAD_CLOSED'},{'ROAD_CLOSED_EVENT'},965,{7},6.0
2e68e87d,2e68e87d4,2020-10-30,10,{'ROAD_CLOSED'},{'ROAD_CLOSED_EVENT'},964,{7},6.0
2e68e87d,2e68e87d4,2020-10-31,10,{'ROAD_CLOSED'},{'ROAD_CLOSED_EVENT'},965,{7},6.0
2e68e87d,2e68e87d4,2020-11-04,17,{'JAM'},{'JAM_HEAVY_TRAFFIC'},12,{7},5.0
2e68e87d,2e68e87d4,2020-11-11,18,{'JAM'},{'JAM_STAND_STILL_TRAFFIC'},37,{7},5.486486486486487
2e68e87d,2e68e87d4,2020-11-15,12,{'JAM'},{'JAM_STAND_STILL_TRAFFIC'},5,{7},5.0
2e68e87d,2e68e87dc,2020-10-16,19,{'JAM'},{'JAM_STAND_STILL_TRAFFIC'},13,{2},5.0
2e68e87d,2e68e87dc,2020-10-28,9,{'JAM'},{'JAM'},32,{1},5.0
2e68e87d,2e68e87dc,2020-10-31,12,{'JAM'},{'JAM_STAND_STILL_TRAFFIC'},32,{2},6.90625
2e68e87f,2e68e87e4,2020-09-01,16,{'JAM'},{'JAM_HEAVY_TRAFFIC'},32,{2},5.0
2e68e87f,2e68e87e4,2020-09-04,15,{'JAM'},{'JAM_HEAVY_TRAFFIC'},10,{2},5.0
2e68e87f,2e68e87e4,2020-09-05,16,{'JAM'},{'JAM_HEAVY_TRAFFIC'},26,{2},5.0
2e68e87f,2e68e87e4,2020-09-12,16,{'JAM'},{'JAM'},31,{2},5.0
2e68e87f,2e68e87e4,2020-10-04,12,{'JAM'},{'JAM_STAND_STILL_TRAFFIC'},6,{2},5.833333333333333
2e68e87f,2e68e87e4,2020-11-02,16,{'JAM'},{'JAM_MODERATE_TRAFFIC'},31,{2},5.0
2e68e87f,2e68e87ec,2020-09-01,9,{'ROAD_CLOSED'},{'ROAD_CLOSED_EVENT'},2161,{2},6.0
2e68e87f,2e68e87ec,2020-09-01,16,{'JAM'},{'JAM_HEAVY_TRAFFIC'},31,{2},5.0
2e68e87f,2e68e87ec,2020-09-02,9,{'ROAD_CLOSED'},{'ROAD_CLOSED_EVENT'},2165,{2},6.0
2e68e87f,2e68e87ec,2020-09-03,9,{'ROAD_CLOSED'},{'ROAD_CLOSED_EVENT'},2160,{2},6.0
2e68e87f,2e68e87ec,2020-09-04,9,{'ROAD_CLOSED'},{'ROAD_CLOSED_EVENT'},2152,{2},6.0
2e68e87f,2e68e87ec,2020-09-05,9,{'ROAD_CLOSED'},{'ROAD_CLOSED_EVENT'},2160,{2},6.0
2e68e87f,2e68e87ec,2020-09-06,9,{'ROAD_CLOSED'},{'ROAD_CLOSED_EVENT'},304,{2},6.0
2e68e87f,2e68e87ec,2020-09-07,9,{'ROAD_CLOSED'},{'ROAD_CLOSED_EVENT'},2156,{2},6.0
2e68e87f,2e68e87ec,2020-09-07,21,{'ROAD_CLOSED'},{'ROAD_CLOSED'},21,{2},5.0
2e68e87f,2e68e87ec,2020-09-08,9,{'ROAD_CLOSED'},{'ROAD_CLOSED_EVENT'},2164,{2},6.0
2e68e87f,2e68e87ec,2020-09-09,9,{'ROAD_CLOSED'},{'ROAD_CLOSED_EVENT'},11,{2},6.0
2e68e87f,2e68e87ec,2020-09-09,18,{'ROAD_CLOSED'},{'ROAD_CLOSED_EVENT'},112,{2},6.0
2e68e87f,2e68e87ec,2020-09-09,21,{'ROAD_CLOSED'},{'ROAD_CLOSED_EVENT'},4,{2},6.0
2e68e87f,2e68e87ec,2020-09-09,22,{'ROAD_CLOSED'},{'ROAD_CLOSED_EVENT'},1916,{2},6.0
2e68e87f,2e68e87ec,2020-09-10,9,{'ROAD_CLOSED'},{'ROAD_CLOSED_EVENT'},141,{2},6.0
2e68e87f,2e68e87ec,2020-09-10,21,{'ROAD_CLOSED'},{'ROAD_CLOSED_EVENT'},538,{2},6.0
2e68e87f,2e68e87ec,2020-09-10,22,{'ROAD_CLOSED'},{'ROAD_CLOSED_EVENT'},1436,{2},6.0
2e68e87f,2e68e87ec,2020-09-11,6,{'ROAD_CLOSED'},{'ROAD_CLOSED_EVENT'},1,{2},6.0
2e68e87f,2e68e87ec,2020-09-11,9,{'ROAD_CLOSED'},{'ROAD_CLOSED_EVENT'},128,{2},6.0
2e68e87f,2e68e87ec,2020-09-11,17,{'JAM'},{'JAM'},21,{7},5.0
2e68e87f,2e68e87ec,2020-09-11,21,{'ROAD_CLOSED'},{'ROAD_CLOSED_EVENT'},540,{2},6.0
2e68e87f,2e68e87ec,2020-09-11,22,{'ROAD_CLOSED'},{'ROAD_CLOSED_EVENT'},1439,{2},6.0
2e68e87f,2e68e87ec,2020-09-12,6,{'ROAD_CLOSED'},{'ROAD_CLOSED_EVENT'},6,{2},6.0
2e68e87f,2e68e87ec,2020-09-12,23,{'ROAD_CLOSED'},{'ROAD_CLOSED_EVENT'},1604,{2},6.0
2e68e87f,2e68e87ec,2020-09-13,6,{'ROAD_CLOSED'},{'ROAD_CLOSED_EVENT'},6,{2},6.0
2e68e87f,2e68e87ec,2020-09-13,9,{'ROAD_CLOSED'},{'ROAD_CLOSED_EVENT'},2282,{2},6.0
2e68e87f,2e68e87ec,2020-09-14,9,{'ROAD_CLOSED'},{'ROAD_CLOSED_EVENT'},2286,{2},6.0
2e68e87f,2e68e87ec,2020-09-15,6,{'ROAD_CLOSED'},{'ROAD_CLOSED_EVENT'},2,{2},6.0
2e68e87f,2e68e87ec,2020-09-15,9,{'ROAD_CLOSED'},{'ROAD_CLOSED_EVENT'},2284,{2},6.0
2e68e87f,2e68e87ec,2020-09-16,9,{'ROAD_CLOSED'},{'ROAD_CLOSED_EVENT'},2284,{2},6.0
2e68e87f,2e68e87ec,2020-09-17,9,{'ROAD_CLOSED'},{'ROAD_CLOSED_EVENT'},1579,{2},6.0
2e68e87f,2e68e87ec,2020-09-18,9,{'ROAD_CLOSED'},{'ROAD_CLOSED_EVENT'},2288,{2},6.0
2e68e87f,2e68e87ec,2020-09-18,21,{'ROAD_CLOSED'},{'ROAD_CLOSED_EVENT'},600,{2},6.0
2e68e87f,2e68e87ec,2020-09-19,9,{'ROAD_CLOSED'},{'ROAD_CLOSED_EVENT'},2296,{2},6.0
2e68e87f,2e68e87ec,2020-09-19,11,{'ROAD_CLOSED'},{'ROAD_CLOSED_EVENT'},1,{2},6.0
2e68e87f,2e68e87ec,2020-09-19,18,{'JAM'},{'JAM_STAND_STILL_TRAFFIC'},5,{7},5.0
2e68e87f,2e68e87ec,2020-09-19,21,{'ROAD_CLOSED'},{'ROAD_CLOSED_EVENT'},620,{2},6.0
2e68e87f,2e68e87ec,2020-09-20,9,{'ROAD_CLOSED'},{'ROAD_CLOSED_EVENT'},2278,{2},6.0
2e68e87f,2e68e87ec,2020-09-20,21,{'ROAD_CLOSED'},{'ROAD_CLOSED_EVENT'},610,{2},6.0
2e68e87f,2e68e87ec,2020-09-21,6,{'ROAD_CLOSED'},{'ROAD_CLOSED_EVENT'},6,{2},6.0
2e68e87f,2e68e87ec,2020-09-21,9,{'ROAD_CLOSED'},{'ROAD_CLOSED_EVENT'},2279,{2},6.0
2e68e87f,2e68e87ec,2020-09-21,21,{'ROAD_CLOSED'},{'ROAD_CLOSED_EVENT'},611,{2},6.0
2e68e87f,2e68e87ec,2020-09-22,9,{'ROAD_CLOSED'},{'ROAD_CLOSED_EVENT'},2286,{2},6.0
2e68e87f,2e68e87ec,2020-09-22,11,{'ROAD_CLOSED'},{'ROAD_CLOSED_EVENT'},1,{2},6.0
2e68e87f,2e68e87ec,2020-09-22,21,{'ROAD_CLOSED'},{'ROAD_CLOSED_EVENT'},620,{2},6.0
2e68e87f,2e68e87ec,2020-09-23,6,{'ROAD_CLOSED'},{'ROAD_CLOSED_EVENT'},4,{2},6.0
2e68e87f,2e68e87ec,2020-09-23,9,{'ROAD_CLOSED'},{'ROAD_CLOSED_EVENT'},2280,{2},6.0
2e68e87f,2e68e87ec,2020-09-23,11,{'ROAD_CLOSED'},{'ROAD_CLOSED_EVENT'},1,{2},6.0
2e68e87f,2e68e87ec,2020-09-23,21,{'ROAD_CLOSED'},{'ROAD_CLOSED_EVENT'},615,{2},6.0
2e68e87f,2e68e87ec,2020-09-24,9,{'ROAD_CLOSED'},{'ROAD_CLOSED_EVENT'},2297,{2},6.0
2e68e87f,2e68e87ec,2020-09-24,11,{'ROAD_CLOSED'},{'ROAD_CLOSED_EVENT'},5,{2},6.0
2e68e87f,2e68e87ec,2020-09-24,21,{'ROAD_CLOSED'},{'ROAD_CLOSED_EVENT'},609,{2},6.0
2e68e87f,2e68e87ec,2020-09-25,9,{'ROAD_CLOSED'},{'ROAD_CLOSED_EVENT'},2284,{2},6.0
2e68e87f,2e68e87ec,2020-09-25,11,{'ROAD_CLOSED'},{'ROAD_CLOSED_EVENT'},3,{2},6.0
2e68e87f,2e68e87ec,2020-09-25,21,{'ROAD_CLOSED'},{'ROAD_CLOSED_EVENT'},610,{2},6.0
2e68e87f,2e68e87ec,2020-09-26,21,{'ROAD_CLOSED'},{'ROAD_CLOSED_EVENT'},540,{2},6.0
2e68e87f,2e68e87ec,2020-09-27,21,{'ROAD_CLOSED'},{'ROAD_CLOSED_EVENT'},609,{2},6.0
2e68e87f,2e68e87ec,2020-09-28,9,{'ROAD_CLOSED'},{'ROAD_CLOSED_EVENT'},2168,{2},6.0
2e68e87f,2e68e87ec,2020-09-28,21,{'ROAD_CLOSED'},{'ROAD_CLOSED_EVENT'},615,{2},6.0
2e68e87f,2e68e87ec,2020-09-29,9,{'ROAD_CLOSED'},{'ROAD_CLOSED_EVENT'},2164,{2},6.0
2e68e87f,2e68e87ec,2020-09-29,11,{'ROAD_CLOSED'},{'ROAD_CLOSED_EVENT'},3,{2},6.0
2e68e87f,2e68e87ec,2020-09-29,21,{'ROAD_CLOSED'},{'ROAD_CLOSED_EVENT'},615,{2},6.0
2e68e87f,2e68e87ec,2020-09-30,9,{'ROAD_CLOSED'},{'ROAD_CLOSED_EVENT'},2154,{2},6.0
2e68e87f,2e68e87ec,2020-09-30,21,{'ROAD_CLOSED'},{'ROAD_CLOSED_EVENT'},600,{2},6.0
2e68e87f,2e68e87ec,2020-10-01,6,{'ROAD_CLOSED'},{'ROAD_CLOSED_EVENT'},4,{2},6.0
2e68e87f,2e68e87ec,2020-10-01,9,{'ROAD_CLOSED'},{'ROAD_CLOSED_EVENT'},2161,{2},6.0
2e68e87f,2e68e87ec,2020-10-02,6,{'ROAD_CLOSED'},{'ROAD_CLOSED_EVENT'},3,{2},6.0
2e68e87f,2e68e87ec,2020-10-02,9,{'ROAD_CLOSED'},{'ROAD_CLOSED_EVENT'},2160,{2},6.0
2e68e87f,2e68e87ec,2020-10-02,18,{'JAM'},{'JAM_STAND_STILL_TRAFFIC'},30,{2},5.0
2e68e87f,2e68e87ec,2020-10-03,9,{'ROAD_CLOSED'},{'ROAD_CLOSED_EVENT'},2168,{2},6.0
2e68e87f,2e68e87ec,2020-10-04,9,{'ROAD_CLOSED'},{'ROAD_CLOSED_EVENT'},2152,{2},6.0
2e68e87f,2e68e87ec,2020-10-04,12,{'JAM'},{'JAM_STAND_STILL_TRAFFIC'},33,{2},6.96969696969697
2e68e87f,2e68e87ec,2020-10-05,9,{'ROAD_CLOSED'},{'ROAD_CLOSED_EVENT'},2159,{2},6.0
2e68e87f,2e68e87ec,2020-10-05,14,{'JAM'},{'JAM_MODERATE_TRAFFIC'},31,{2},5.580645161290323
2e68e87f,2e68e87ec,2020-10-06,6,{'ROAD_CLOSED'},{'ROAD_CLOSED_EVENT'},1,{2},6.0
2e68e87f,2e68e87ec,2020-10-06,9,{'ROAD_CLOSED'},{'ROAD_CLOSED_EVENT'},2153,{2},6.0
2e68e87f,2e68e87ec,2020-10-06,17,{'JAM'},{'JAM_MODERATE_TRAFFIC'},19,{7},5.0
2e68e87f,2e68e87ec,2020-10-07,6,{'ROAD_CLOSED'},{'ROAD_CLOSED_EVENT'},3,{2},6.0
2e68e87f,2e68e87ec,2020-10-07,9,{'ROAD_CLOSED'},{'ROAD_CLOSED_EVENT'},2150,{2},6.0
2e68e87f,2e68e87ec,2020-10-08,9,{'ROAD_CLOSED'},{'ROAD_CLOSED_EVENT'},2172,{2},6.0
2e68e87f,2e68e87ec,2020-10-09,9,{'ROAD_CLOSED'},{'ROAD_CLOSED_EVENT'},2160,{2},6.0
2e68e87f,2e68e87ec,2020-10-10,9,{'ROAD_CLOSED'},{'ROAD_CLOSED_EVENT'},2154,{2},6.0
2e68e87f,2e68e87ec,2020-10-19,10,{'ROAD_CLOSED'},{'ROAD_CLOSED_EVENT'},1927,{2},6.0
2e68e87f,2e68e87ec,2020-10-20,10,{'ROAD_CLOSED'},{'ROAD_CLOSED_EVENT'},1928,{2},6.0
2e68e87f,2e68e87ec,2020-10-21,10,{'ROAD_CLOSED'},{'ROAD_CLOSED_EVENT'},1904,{2},6.0
2e68e87f,2e68e87ec,2020-10-22,6,{'ROAD_CLOSED'},{'ROAD_CLOSED_EVENT'},1,{2},6.0
2e68e87f,2e68e87ec,2020-10-22,10,{'ROAD_CLOSED'},{'ROAD_CLOSED_EVENT'},1932,{2},6.0
2e68e87f,2e68e87ec,2020-10-23,10,{'ROAD_CLOSED'},{'ROAD_CLOSED_EVENT'},1929,{2},6.0
2e68e87f,2e68e87ec,2020-10-24,6,{'ROAD_CLOSED'},{'ROAD_CLOSED_EVENT'},9,{2},6.0
2e68e87f,2e68e87ec,2020-10-24,10,{'ROAD_CLOSED'},{'ROAD_CLOSED_EVENT'},1920,{2},6.0
2e68e87f,2e68e87ec,2020-10-25,10,{'ROAD_CLOSED'},{'ROAD_CLOSED_EVENT'},1930,{2},6.0
2e68e87f,2e68e87ec,2020-10-26,6,{'ROAD_CLOSED'},{'ROAD_CLOSED_EVENT'},1,{2},6.0
2e68e87f,2e68e87ec,2020-10-26,10,{'ROAD_CLOSED'},{'ROAD_CLOSED_EVENT'},1937,{2},6.0
2e68e87f,2e68e87ec,2020-10-27,10,{'ROAD_CLOSED'},{'ROAD_CLOSED_EVENT'},1936,{2},6.0
2e68e87f,2e68e87ec,2020-10-28,10,{'ROAD_CLOSED'},{'ROAD_CLOSED_EVENT'},1928,{2},6.04097510373444
2e68e87f,2e68e87ec,2020-10-29,10,{'ROAD_CLOSED'},{'ROAD_CLOSED_EVENT'},1928,{2},6.0
2e68e87f,2e68e87ec,2020-10-30,10,{'ROAD_CLOSED'},{'ROAD_CLOSED_EVENT'},1937,{2},6.0
2e68e87f,2e68e87ec,2020-10-31,10,{'ROAD_CLOSED'},{'ROAD_CLOSED_EVENT'},1931,{2},6.0
2e68e87f,2e68e87ec,2020-11-01,6,{'ROAD_CLOSED'},{'ROAD_CLOSED_EVENT'},3,{2},6.0
2e68e87f,2e68e87ec,2020-11-04,17,{'JAM'},{'JAM_HEAVY_TRAFFIC'},44,{7},5.340909090909091
2e68e87f,2e68e87ec,2020-11-08,16,{'JAM'},{'JAM_HEAVY_TRAFFIC'},24,{7},5.0
2e68e87f,2e68e87ec,2020-11-12,16,{'JAM'},{'JAM_STAND_STILL_TRAFFIC'},61,{2},5.0
2e68e87f,2e68e87f4,2020-09-01,9,{'ROAD_CLOSED'},{'ROAD_CLOSED_EVENT'},2154,{7},6.0
2e68e87f,2e68e87f4,2020-09-02,9,{'ROAD_CLOSED'},{'ROAD_CLOSED_EVENT'},2166,{7},6.0
2e68e87f,2e68e87f4,2020-09-03,9,{'ROAD_CLOSED'},{'ROAD_CLOSED_EVENT'},2160,{7},6.0
2e68e87f,2e68e87f4,2020-09-04,9,{'ROAD_CLOSED'},{'ROAD_CLOSED_EVENT'},2152,{7},6.0
2e68e87f,2e68e87f4,2020-09-05,9,{'ROAD_CLOSED'},{'ROAD_CLOSED_EVENT'},2162,{7},6.0
2e68e87f,2e68e87f4,2020-09-06,6,{'ROAD_CLOSED'},{'ROAD_CLOSED_EVENT'},2,{7},6.0
2e68e87f,2e68e87f4,2020-09-06,9,{'ROAD_CLOSED'},{'ROAD_CLOSED_EVENT'},304,{7},6.0
2e68e87f,2e68e87f4,2020-09-07,9,{'ROAD_CLOSED'},{'ROAD_CLOSED_EVENT'},2156,{7},6.0
2e68e87f,2e68e87f4,2020-09-08,6,{'ROAD_CLOSED'},{'ROAD_CLOSED_EVENT'},1,{7},6.0
2e68e87f,2e68e87f4,2020-09-08,9,{'ROAD_CLOSED'},{'ROAD_CLOSED_EVENT'},2164,{7},6.0
2e68e87f,2e68e87f4,2020-09-09,9,{'ROAD_CLOSED'},{'ROAD_CLOSED_EVENT'},12,{7},6.0
2e68e87f,2e68e87f4,2020-09-09,18,{'ROAD_CLOSED'},{'ROAD_CLOSED_EVENT'},112,{7},6.0
2e68e87f,2e68e87f4,2020-09-09,21,{'ROAD_CLOSED'},{'ROAD_CLOSED_EVENT'},4,{7},6.0
2e68e87f,2e68e87f4,2020-09-09,22,{'ROAD_CLOSED'},{'ROAD_CLOSED_EVENT'},1910,{7},6.0
2e68e87f,2e68e87f4,2020-09-10,9,{'ROAD_CLOSED'},{'ROAD_CLOSED_EVENT'},128,{7},6.0
2e68e87f,2e68e87f4,2020-09-10,21,{'ROAD_CLOSED'},{'ROAD_CLOSED_EVENT'},538,{7},6.0
2e68e87f,2e68e87f4,2020-09-10,22,{'ROAD_CLOSED'},{'ROAD_CLOSED_EVENT'},1437,{7},6.0
2e68e87f,2e68e87f4,2020-09-11,6,{'ROAD_CLOSED'},{'ROAD_CLOSED_EVENT'},2,{7},6.0
2e68e87f,2e68e87f4,2020-09-11,9,{'ROAD_CLOSED'},{'ROAD_CLOSED_EVENT'},125,{7},6.0
2e68e87f,2e68e87f4,2020-09-11,21,{'ROAD_CLOSED'},{'ROAD_CLOSED_EVENT'},1618,{7},6.0
2e68e87f,2e68e87f4,2020-09-11,22,{'ROAD_CLOSED'},{'ROAD_CLOSED_EVENT'},479,{7},6.0
2e68e87f,2e68e87f4,2020-09-12,6,{'ROAD_CLOSED'},{'ROAD_CLOSED_EVENT'},2,{7},6.0
2e68e87f,2e68e87f4,2020-09-12,23,{'ROAD_CLOSED'},{'ROAD_CLOSED_EVENT'},401,{7},6.0
2e68e87f,2e68e87f4,2020-09-13,0,{'ROAD_CLOSED'},{'ROAD_CLOSED_EVENT'},1074,{7},6.0
2e68e87f,2e68e87f4,2020-09-13,6,{'ROAD_CLOSED'},{'ROAD_CLOSED_EVENT'},14,{7},6.0
2e68e87f,2e68e87f4,2020-09-13,9,{'ROAD_CLOSED'},{'ROAD_CLOSED_EVENT'},2282,{7},6.0
2e68e87f,2e68e87f4,2020-09-14,9,{'ROAD_CLOSED'},{'ROAD_CLOSED_EVENT'},2285,{7},6.0
2e68e87f,2e68e87f4,2020-09-15,6,{'ROAD_CLOSED'},{'ROAD_CLOSED_EVENT'},1,{7},6.0
2e68e87f,2e68e87f4,2020-09-15,9,{'ROAD_CLOSED'},{'ROAD_CLOSED_EVENT'},2282,{7},6.0
2e68e87f,2e68e87f4,2020-09-16,9,{'ROAD_CLOSED'},{'ROAD_CLOSED_EVENT'},2284,{7},6.0
2e68e87f,2e68e87f4,2020-09-17,9,{'ROAD_CLOSED'},{'ROAD_CLOSED_EVENT'},1578,{7},6.0
2e68e87f,2e68e87f4,2020-09-18,9,{'ROAD_CLOSED'},{'ROAD_CLOSED_EVENT'},1715,{7},6.0
2e68e87f,2e68e87f4,2020-09-18,12,{'ROAD_CLOSED'},{'ROAD_CLOSED_EVENT'},572,{7},6.0
2e68e87f,2e68e87f4,2020-09-18,21,{'ROAD_CLOSED'},{'ROAD_CLOSED_EVENT'},600,{7},6.0
2e68e87f,2e68e87f4,2020-09-19,9,{'ROAD_CLOSED'},{'ROAD_CLOSED_EVENT'},2296,{7},6.0
2e68e87f,2e68e87f4,2020-09-19,21,{'ROAD_CLOSED'},{'ROAD_CLOSED_EVENT'},617,{7},6.0
2e68e87f,2e68e87f4,2020-09-20,9,{'ROAD_CLOSED'},{'ROAD_CLOSED_EVENT'},2280,{7},6.0
2e68e87f,2e68e87f4,2020-09-20,21,{'ROAD_CLOSED'},{'ROAD_CLOSED_EVENT'},610,{7},6.0
2e68e87f,2e68e87f4,2020-09-21,6,{'ROAD_CLOSED'},{'ROAD_CLOSED_EVENT'},4,{7},6.0
2e68e87f,2e68e87f4,2020-09-21,9,{'ROAD_CLOSED'},{'ROAD_CLOSED_EVENT'},2276,{7},6.0
2e68e87f,2e68e87f4,2020-09-21,21,{'ROAD_CLOSED'},{'ROAD_CLOSED_EVENT'},613,{7},6.0
2e68e87f,2e68e87f4,2020-09-22,9,{'ROAD_CLOSED'},{'ROAD_CLOSED_EVENT'},2287,{7},6.0
2e68e87f,2e68e87f4,2020-09-22,21,{'ROAD_CLOSED'},{'ROAD_CLOSED_EVENT'},620,{7},6.0
2e68e87f,2e68e87f4,2020-09-23,6,{'ROAD_CLOSED'},{'ROAD_CLOSED_EVENT'},2,{7},6.0
2e68e87f,2e68e87f4,2020-09-23,9,{'ROAD_CLOSED'},{'ROAD_CLOSED_EVENT'},2280,{7},6.0
2e68e87f,2e68e87f4,2020-09-23,11,{'ROAD_CLOSED'},{'ROAD_CLOSED_EVENT'},2,{7},6.0
2e68e87f,2e68e87f4,2020-09-23,21,{'ROAD_CLOSED'},{'ROAD_CLOSED_EVENT'},615,{7},6.0
2e68e87f,2e68e87f4,2020-09-24,9,{'ROAD_CLOSED'},{'ROAD_CLOSED_EVENT'},2296,{7},6.0
2e68e87f,2e68e87f4,2020-09-24,11,{'ROAD_CLOSED'},{'ROAD_CLOSED_EVENT'},2,{7},6.0
2e68e87f,2e68e87f4,2020-09-24,21,{'ROAD_CLOSED'},{'ROAD_CLOSED_EVENT'},609,{7},6.0
2e68e87f,2e68e87f4,2020-09-25,9,{'ROAD_CLOSED'},{'ROAD_CLOSED_EVENT'},2285,{7},6.0
2e68e87f,2e68e87f4,2020-09-25,11,{'ROAD_CLOSED'},{'ROAD_CLOSED_EVENT'},2,{7},6.0
2e68e87f,2e68e87f4,2020-09-25,21,{'ROAD_CLOSED'},{'ROAD_CLOSED_EVENT'},610,{7},6.0
2e68e87f,2e68e87f4,2020-09-26,11,{'ROAD_CLOSED'},{'ROAD_CLOSED_EVENT'},4,{7},6.0
2e68e87f,2e68e87f4,2020-09-26,21,{'ROAD_CLOSED'},{'ROAD_CLOSED_EVENT'},540,{7},6.0
2e68e87f,2e68e87f4,2020-09-27,21,{'ROAD_CLOSED'},{'ROAD_CLOSED_EVENT'},607,{7},6.0
2e68e87f,2e68e87f4,2020-09-28,9,{'ROAD_CLOSED'},{'ROAD_CLOSED_EVENT'},2168,{7},6.0
2e68e87f,2e68e87f4,2020-09-28,21,{'ROAD_CLOSED'},{'ROAD_CLOSED_EVENT'},615,{7},6.0
2e68e87f,2e68e87f4,2020-09-29,9,{'ROAD_CLOSED'},{'ROAD_CLOSED_EVENT'},2166,{7},6.0
2e68e87f,2e68e87f4,2020-09-29,11,{'ROAD_CLOSED'},{'ROAD_CLOSED_EVENT'},4,{7},6.0
2e68e87f,2e68e87f4,2020-09-29,21,{'ROAD_CLOSED'},{'ROAD_CLOSED_EVENT'},615,{7},6.0
2e68e87f,2e68e87f4,2020-09-30,9,{'ROAD_CLOSED'},{'ROAD_CLOSED_EVENT'},2154,{7},6.0
2e68e87f,2e68e87f4,2020-09-30,21,{'ROAD_CLOSED'},{'ROAD_CLOSED_EVENT'},600,{7},6.0
2e68e87f,2e68e87f4,2020-10-01,6,{'ROAD_CLOSED'},{'ROAD_CLOSED_EVENT'},4,{7},6.0
2e68e87f,2e68e87f4,2020-10-01,9,{'ROAD_CLOSED'},{'ROAD_CLOSED_EVENT'},2162,{7},6.0
2e68e87f,2e68e87f4,2020-10-02,9,{'ROAD_CLOSED'},{'ROAD_CLOSED_EVENT'},2160,{7},6.0
2e68e87f,2e68e87f4,2020-10-02,19,{'JAM'},{'JAM_STAND_STILL_TRAFFIC'},6,{7},5.0
2e68e87f,2e68e87f4,2020-10-03,9,{'ROAD_CLOSED'},{'ROAD_CLOSED_EVENT'},2168,{7},6.0
2e68e87f,2e68e87f4,2020-10-03,19,{'JAM'},{'JAM_STAND_STILL_TRAFFIC'},25,{7},5.6
2e68e87f,2e68e87f4,2020-10-04,9,{'ROAD_CLOSED'},{'ROAD_CLOSED_EVENT'},2153,{7},6.0
2e68e87f,2e68e87f4,2020-10-05,9,{'ROAD_CLOSED'},{'ROAD_CLOSED_EVENT'},2159,{7},6.0
2e68e87f,2e68e87f4,2020-10-06,6,{'ROAD_CLOSED'},{'ROAD_CLOSED_EVENT'},3,{7},6.0
2e68e87f,2e68e87f4,2020-10-06,9,{'ROAD_CLOSED'},{'ROAD_CLOSED_EVENT'},2155,{7},6.0
2e68e87f,2e68e87f4,2020-10-07,6,{'ROAD_CLOSED'},{'ROAD_CLOSED_EVENT'},1,{7},6.0
2e68e87f,2e68e87f4,2020-10-07,9,{'ROAD_CLOSED'},{'ROAD_CLOSED_EVENT'},2148,{7},6.0
2e68e87f,2e68e87f4,2020-10-08,9,{'ROAD_CLOSED'},{'ROAD_CLOSED_EVENT'},2172,{7},6.0
2e68e87f,2e68e87f4,2020-10-09,9,{'ROAD_CLOSED'},{'ROAD_CLOSED_EVENT'},2156,{7},6.0
2e68e87f,2e68e87f4,2020-10-10,9,{'ROAD_CLOSED'},{'ROAD_CLOSED_EVENT'},2154,{7},6.0
2e68e87f,2e68e87f4,2020-10-16,18,"{'JAM', 'ACCIDENT'}","{'JAM', 'ACCIDENT'}",140,{7},7.042857142857143
2e68e87f,2e68e87f4,2020-10-19,10,{'ROAD_CLOSED'},{'ROAD_CLOSED_EVENT'},1926,{7},6.0
2e68e87f,2e68e87f4,2020-10-20,10,{'ROAD_CLOSED'},{'ROAD_CLOSED_EVENT'},1928,{7},6.0
2e68e87f,2e68e87f4,2020-10-21,10,{'ROAD_CLOSED'},{'ROAD_CLOSED_EVENT'},1904,{7},6.0
2e68e87f,2e68e87f4,2020-10-22,10,{'ROAD_CLOSED'},{'ROAD_CLOSED_EVENT'},1932,{7},6.0
2e68e87f,2e68e87f4,2020-10-23,10,{'ROAD_CLOSED'},{'ROAD_CLOSED_EVENT'},1929,{7},6.0
2e68e87f,2e68e87f4,2020-10-24,6,{'ROAD_CLOSED'},{'ROAD_CLOSED_EVENT'},4,{7},6.0
2e68e87f,2e68e87f4,2020-10-24,10,{'ROAD_CLOSED'},{'ROAD_CLOSED_EVENT'},1920,{7},6.0
2e68e87f,2e68e87f4,2020-10-24,15,{'JAM'},{'JAM_MODERATE_TRAFFIC'},30,{7},5.0
2e68e87f,2e68e87f4,2020-10-25,10,{'ROAD_CLOSED'},{'ROAD_CLOSED_EVENT'},1928,{7},6.0
2e68e87f,2e68e87f4,2020-10-26,10,{'ROAD_CLOSED'},{'ROAD_CLOSED_EVENT'},1936,{7},6.0
2e68e87f,2e68e87f4,2020-10-27,10,{'ROAD_CLOSED'},{'ROAD_CLOSED_EVENT'},1937,{7},6.0
2e68e87f,2e68e87f4,2020-10-28,10,{'ROAD_CLOSED'},{'ROAD_CLOSED_EVENT'},1928,{7},6.0
2e68e87f,2e68e87f4,2020-10-29,10,{'ROAD_CLOSED'},{'ROAD_CLOSED_EVENT'},1928,{7},6.0
2e68e87f,2e68e87f4,2020-10-30,10,{'ROAD_CLOSED'},{'ROAD_CLOSED_EVENT'},1931,{7},6.0
2e68e87f,2e68e87f4,2020-10-31,10,{'ROAD_CLOSED'},{'ROAD_CLOSED_EVENT'},1931,{7},6.0
2e68e87f,2e68e87f4,2020-11-22,17,{'JAM'},{'JAM_MODERATE_TRAFFIC'},17,{7},5.0
2e68e87f,2e68e87fc,2020-09-03,15,{'JAM'},{'JAM_HEAVY_TRAFFIC'},68,{7},5.485294117647059
2e68e87f,2e68e87fc,2020-09-03,17,{'JAM'},{'JAM'},20,{7},5.0
2e68e87f,2e68e87fc,2020-09-05,19,{'WEATHERHAZARD'},{'WEATHERHAZARD'},35,{7},5.9714285714285715
2e68e87f,2e68e87fc,2020-10-05,18,{'JAM'},{'JAM'},30,{7},5.0
2e68e87f,2e68e87fc,2020-10-17,16,{'ACCIDENT'},{'ACCIDENT'},122,{1},5.0
2e68e87f,2e68e87fc,2020-10-17,17,{'JAM'},{'JAM'},31,{1},5.0
2e68e87f,2e68e87fc,2020-11-02,15,{'JAM'},{'JAM_MODERATE_TRAFFIC'},31,{7},5.0
2e68e87f,2e68e87fc,2020-11-02,17,{'JAM'},{'JAM_MODERATE_TRAFFIC'},30,{7},5.966666666666667
2e68e87f,2e68e87fc,2020-11-09,13,{'JAM'},"{'JAM_MODERATE_TRAFFIC', 'JAM_HEAVY_TRAFFIC'}",64,{7},5.0
2e68e881,2e68e8804,2020-09-01,8,{'WEATHERHAZARD'},{'WEATHERHAZARD'},32,{1},5.0
2e68e881,2e68e8804,2020-10-25,9,{'ACCIDENT'},{'ACCIDENT'},129,{7},6.217054263565892
2e68e881,2e68e8804,2020-10-31,16,{'JAM'},{'JAM'},29,{7},5.0
2e68e881,2e68e8804,2020-11-07,21,{'JAM'},{'JAM_HEAVY_TRAFFIC'},34,{2},5.0
2e68e881,2e68e880c,2020-10-23,18,{'JAM'},{'JAM'},31,{7},5.0
2e68e881,2e68e8814,2020-09-17,14,{'JAM'},{'JAM_STAND_STILL_TRAFFIC'},11,{7},5.0
2e68e881,2e68e8814,2020-10-17,15,{'JAM'},{'JAM_HEAVY_TRAFFIC'},26,{7},7.538461538461538
2e68e881,2e68e881c,2020-09-09,16,{'JAM'},{'JAM'},15,{7},5.0
2e68e881,2e68e881c,2020-11-04,0,{'JAM'},{'JAM'},30,{17},5.0
2e68e881,2e68e881c,2020-11-04,16,{'JAM'},{'JAM_HEAVY_TRAFFIC'},32,{7},5.71875
2e68e881,2e68e881c,2020-11-14,14,{'WEATHERHAZARD'},{'WEATHERHAZARD'},25,{7},5.8
2e68e883,2e68e8824,2020-09-09,16,{'JAM'},{'JAM_HEAVY_TRAFFIC'},32,{2},5.0
2e68e883,2e68e8824,2020-09-20,10,{'JAM'},{'JAM_HEAVY_TRAFFIC'},31,{2},5.0
2e68e883,2e68e8824,2020-09-20,15,{'JAM'},"{'JAM_STAND_STILL_TRAFFIC', 'JAM_HEAVY_TRAFFIC'}",63,{2},5.0
2e68e883,2e68e8824,2020-09-21,9,{'JAM'},{'JAM_STAND_STILL_TRAFFIC'},30,{2},5.0
2e68e883,2e68e8824,2020-09-21,16,{'JAM'},{'JAM_STAND_STILL_TRAFFIC'},63,"{2, 22}",5.476190476190476
2e68e883,2e68e8824,2020-09-22,9,{'JAM'},{'JAM_STAND_STILL_TRAFFIC'},62,{2},5.0
2e68e883,2e68e8824,2020-09-22,10,{'JAM'},{'JAM_STAND_STILL_TRAFFIC'},30,{2},5.933333333333334
2e68e883,2e68e8824,2020-09-22,11,{'JAM'},{'JAM_STAND_STILL_TRAFFIC'},31,{2},5.0
2e68e883,2e68e8824,2020-09-23,15,{'JAM'},{'JAM'},30,{7},5.0
2e68e883,2e68e8824,2020-09-24,10,{'JAM'},{'JAM_HEAVY_TRAFFIC'},31,{2},5.0
2e68e883,2e68e8824,2020-09-24,15,{'JAM'},{'JAM_HEAVY_TRAFFIC'},32,{2},5.0
2e68e883,2e68e8824,2020-09-25,14,{'JAM'},{'JAM_STAND_STILL_TRAFFIC'},62,{2},5.0
2e68e883,2e68e8824,2020-09-29,10,{'JAM'},{'JAM_STAND_STILL_TRAFFIC'},45,{2},5.888888888888889
2e68e883,2e68e8824,2020-10-01,9,{'JAM'},{'JAM_STAND_STILL_TRAFFIC'},30,{2},5.0
2e68e883,2e68e8824,2020-10-03,9,{'JAM'},{'JAM'},44,{2},5.431818181818182
2e68e883,2e68e8824,2020-10-03,15,{'JAM'},{'JAM_MODERATE_TRAFFIC'},30,{2},5.6
2e68e883,2e68e8824,2020-10-05,15,{'JAM'},{'JAM_STAND_STILL_TRAFFIC'},31,{2},5.0
2e68e883,2e68e8824,2020-10-06,15,{'JAM'},{'JAM_STAND_STILL_TRAFFIC'},34,{2},5.0
2e68e883,2e68e8824,2020-10-12,14,{'JAM'},"{'JAM_STAND_STILL_TRAFFIC', 'JAM_HEAVY_TRAFFIC'}",61,{2},6.131147540983607
2e68e883,2e68e8824,2020-10-15,15,{'JAM'},{'JAM_HEAVY_TRAFFIC'},27,{2},5.0
2e68e883,2e68e8824,2020-10-16,21,{'JAM'},{'JAM_MODERATE_TRAFFIC'},8,{2},5.0
2e68e883,2e68e8824,2020-10-17,14,{'JAM'},{'JAM_HEAVY_TRAFFIC'},35,{2},6.914285714285715
2e68e883,2e68e8824,2020-10-17,16,{'JAM'},{'JAM_HEAVY_TRAFFIC'},8,{7},5.0
2e68e883,2e68e8824,2020-10-18,15,{'WEATHERHAZARD'},{'HAZARD_ON_ROAD_CAR_STOPPED'},10,{2},6.1
2e68e883,2e68e8824,2020-10-20,15,{'JAM'},{'JAM_HEAVY_TRAFFIC'},32,{2},5.78125
2e68e883,2e68e8824,2020-10-21,11,{'JAM'},{'JAM_STAND_STILL_TRAFFIC'},19,{2},5.0
2e68e883,2e68e8824,2020-10-22,10,{'JAM'},{'JAM_HEAVY_TRAFFIC'},41,{2},5.414634146341464
2e68e883,2e68e8824,2020-10-22,14,{'JAM'},{'JAM_STAND_STILL_TRAFFIC'},31,{2},5.0
2e68e883,2e68e8824,2020-10-23,14,{'JAM'},{'JAM_STAND_STILL_TRAFFIC'},31,{2},5.0
2e68e883,2e68e8824,2020-10-24,21,{'JAM'},{'JAM_STAND_STILL_TRAFFIC'},33,{2},5.96969696969697
2e68e883,2e68e8824,2020-10-25,14,{'JAM'},{'JAM_HEAVY_TRAFFIC'},16,{2},5.0625
2e68e883,2e68e8824,2020-10-26,9,{'JAM'},{'JAM_STAND_STILL_TRAFFIC'},32,{2},5.0
2e68e883,2e68e8824,2020-10-28,9,{'JAM'},{'JAM_HEAVY_TRAFFIC'},35,{2},6.228571428571429
2e68e883,2e68e8824,2020-10-28,21,{'JAM'},{'JAM_HEAVY_TRAFFIC'},32,{2},5.0
2e68e883,2e68e8824,2020-10-29,21,{'JAM'},{'JAM_MODERATE_TRAFFIC'},11,{2},5.0
2e68e883,2e68e8824,2020-10-30,10,{'JAM'},"{'JAM_STAND_STILL_TRAFFIC', 'JAM_HEAVY_TRAFFIC'}",55,{2},5.2727272727272725
2e68e883,2e68e8824,2020-10-31,10,{'JAM'},"{'JAM_MODERATE_TRAFFIC', 'JAM_HEAVY_TRAFFIC'}",61,{2},5.0
2e68e883,2e68e882c,2020-09-11,12,{'JAM'},{'JAM'},8,{2},6.0
2e68e883,2e68e882c,2020-10-16,15,{'JAM'},{'JAM_HEAVY_TRAFFIC'},30,{2},5.0
2e68e883,2e68e882c,2020-10-30,12,{'JAM'},{'JAM'},32,{22},5.0
2e68e883,2e68e8834,2020-09-02,11,{'JAM'},{'JAM_MODERATE_TRAFFIC'},9,{2},5.0
2e68e883,2e68e8834,2020-09-03,19,{'JAM'},{'JAM_STAND_STILL_TRAFFIC'},26,{2},5.0
2e68e883,2e68e8834,2020-09-21,9,{'JAM'},{'JAM_MODERATE_TRAFFIC'},67,{2},5.0
2e68e883,2e68e8834,2020-09-22,9,{'JAM'},{'JAM_STAND_STILL_TRAFFIC'},37,{2},7.162162162162162
2e68e883,2e68e8834,2020-09-22,10,{'JAM'},{'JAM_MODERATE_TRAFFIC'},10,{2},5.0
2e68e883,2e68e8834,2020-09-23,15,{'JAM'},{'JAM_STAND_STILL_TRAFFIC'},30,{2},5.0
2e68e883,2e68e8834,2020-09-27,14,{'JAM'},{'JAM_HEAVY_TRAFFIC'},14,{2},5.571428571428571
2e68e883,2e68e8834,2020-10-05,9,{'JAM'},{'JAM'},30,{2},5.0
2e68e883,2e68e8834,2020-10-15,15,{'JAM'},{'JAM_HEAVY_TRAFFIC'},35,{2},5.914285714285715
2e68e883,2e68e8834,2020-10-17,14,{'JAM'},{'JAM_HEAVY_TRAFFIC'},43,{2},6.627906976744186
2e68e883,2e68e8834,2020-10-17,15,{'JAM'},{'JAM_HEAVY_TRAFFIC'},15,{2},5.0
2e68e883,2e68e8834,2020-10-19,20,{'ACCIDENT'},{'ACCIDENT'},83,{2},5.036144578313253
2e68e883,2e68e8834,2020-10-20,14,{'JAM'},{'JAM_STAND_STILL_TRAFFIC'},31,{2},5.0
2e68e883,2e68e8834,2020-10-20,15,{'JAM'},{'JAM_HEAVY_TRAFFIC'},70,{2},5.485714285714286
2e68e883,2e68e8834,2020-10-22,14,{'JAM'},{'JAM_HEAVY_TRAFFIC'},38,{2},6.026315789473684
2e68e883,2e68e8834,2020-10-27,16,{'JAM'},{'JAM_HEAVY_TRAFFIC'},30,{2},5.0
2e68e883,2e68e883c,2020-09-24,10,{'JAM'},{'JAM_HEAVY_TRAFFIC'},45,{2},5.333333333333333
2e68e883,2e68e883c,2020-09-25,13,{'JAM'},{'JAM_HEAVY_TRAFFIC'},40,{2},6.4
2e68e883,2e68e883c,2020-09-28,16,{'JAM'},{'JAM_STAND_STILL_TRAFFIC'},24,{2},5.708333333333333
2e68e883,2e68e883c,2020-10-04,12,{'JAM'},{'JAM_STAND_STILL_TRAFFIC'},30,{2},6.0
2e68e883,2e68e883c,2020-10-15,15,{'JAM'},{'JAM_HEAVY_TRAFFIC'},31,{2},5.0
2e68e883,2e68e883c,2020-10-26,17,{'JAM'},{'JAM_STAND_STILL_TRAFFIC'},22,{2},5.0
2e68e883,2e68e883c,2020-10-30,11,{'ACCIDENT'},{'ACCIDENT'},67,{2},5.6716417910447765
2e68e883,2e68e883c,2020-10-31,12,{'JAM'},{'JAM_HEAVY_TRAFFIC'},32,{2},6.46875
2e68e883,2e68e883c,2020-10-31,15,{'JAM'},{'JAM_STAND_STILL_TRAFFIC'},44,{2},6.590909090909091
2e68e883,2e68e883c,2020-10-31,17,{'JAM'},{'JAM'},6,{2},5.0
2e68e883,2e68e883c,2020-11-12,20,{'JAM'},{'JAM_STAND_STILL_TRAFFIC'},22,{2},5.0
2e68e885,2e68e8844,2020-09-16,14,{'JAM'},{'JAM_HEAVY_TRAFFIC'},7,{2},5.0
2e68e885,2e68e8844,2020-10-21,9,{'JAM'},{'JAM'},24,{2},5.0
2e68e885,2e68e8844,2020-10-31,11,{'JAM'},{'JAM_STAND_STILL_TRAFFIC'},19,{2},6.052631578947368
2e68e885,2e68e884c,2020-10-05,20,{'JAM'},{'JAM'},30,{22},5.0
2e68e885,2e68e8854,2020-09-27,10,{'JAM'},{'JAM_MODERATE_TRAFFIC'},5,{7},5.0
2e68e885,2e68e8854,2020-10-01,11,{'JAM'},{'JAM_MODERATE_TRAFFIC'},6,{7},5.0
2e68e885,2e68e8854,2020-10-21,17,{'JAM'},{'JAM_HEAVY_TRAFFIC'},30,{7},5.5
2e68e885,2e68e8854,2020-11-07,12,{'JAM'},{'JAM_STAND_STILL_TRAFFIC'},38,{7},5.7105263157894735
2e68e885,2e68e8854,2020-11-22,10,{'WEATHERHAZARD'},{'WEATHERHAZARD'},32,{7},5.0
2e68e885,2e68e885c,2020-09-15,8,{'JAM'},{'JAM_STAND_STILL_TRAFFIC'},32,{7},5.0
2e68e885,2e68e885c,2020-10-21,10,{'JAM'},{'JAM'},30,{7},5.0
2e68e885,2e68e885c,2020-10-23,7,{'JAM'},{'JAM_STAND_STILL_TRAFFIC'},41,{7},6.2439024390243905
2e68e885,2e68e885c,2020-10-26,13,{'JAM'},{'JAM_STAND_STILL_TRAFFIC'},11,{7},5.0
2e68e885,2e68e885c,2020-10-26,17,{'JAM'},{'JAM_STAND_STILL_TRAFFIC'},37,{1},5.0
2e68e885,2e68e885c,2020-10-28,18,{'JAM'},{'JAM_HEAVY_TRAFFIC'},6,{7},5.0
2e68e885,2e68e885c,2020-10-31,13,{'JAM'},{'JAM_HEAVY_TRAFFIC'},35,{7},6.942857142857143
2e68e885,2e68e885c,2020-11-13,17,{'JAM'},{'JAM_HEAVY_TRAFFIC'},33,{7},5.0
2e68e887,2e68e8864,2020-10-31,15,{'JAM'},{'JAM'},6,{7},5.0
2e68e887,2e68e886c,2020-10-18,17,{'JAM'},{'JAM'},31,{22},5.0
2e68e887,2e68e8874,2020-10-22,16,{'WEATHERHAZARD'},{'WEATHERHAZARD'},14,{7},7.071428571428571
2e68e889,2e68e888c,2020-10-17,17,{'JAM'},{'JAM_HEAVY_TRAFFIC'},30,{1},5.0
2e68e88b,2e68e88a4,2020-10-19,8,{'WEATHERHAZARD'},{'WEATHERHAZARD'},30,{2},5.0
2e68e88b,2e68e88ac,2020-10-28,7,{'JAM'},{'JAM'},30,{2},5.0
2e68e88b,2e68e88ac,2020-11-20,17,{'JAM'},{'JAM_STAND_STILL_TRAFFIC'},4,{2},5.0
2e68e88b,2e68e88bc,2020-10-19,8,{'WEATHERHAZARD'},{'WEATHERHAZARD'},32,{2},5.0
2e68e88d,2e68e88c4,2020-11-12,17,{'JAM'},{'JAM_STAND_STILL_TRAFFIC'},11,{2},5.0
2e68e88d,2e68e88c4,2020-11-14,20,{'ACCIDENT'},{'ACCIDENT'},123,{1},5.0
2e68e88d,2e68e88cc,2020-11-20,17,"{'WEATHERHAZARD', 'ACCIDENT'}","{'HAZARD_ON_ROAD_OBJECT', 'ACCIDENT_MINOR'}",96,{6},6.708333333333333
2e68e88d,2e68e88d4,2020-09-03,12,{'JAM'},{'JAM_STAND_STILL_TRAFFIC'},6,{6},5.0
2e68e88d,2e68e88d4,2020-09-04,13,{'JAM'},{'JAM_HEAVY_TRAFFIC'},14,{2},5.0
2e68e88d,2e68e88d4,2020-09-07,12,{'JAM'},{'JAM_STAND_STILL_TRAFFIC'},5,{6},5.0
2e68e88d,2e68e88d4,2020-09-10,17,{'JAM'},{'JAM'},31,{6},5.0
2e68e88d,2e68e88d4,2020-09-12,15,{'JAM'},{'JAM_STAND_STILL_TRAFFIC'},6,{6},5.0
2e68e88d,2e68e88d4,2020-09-15,17,{'JAM'},"{'JAM_STAND_STILL_TRAFFIC', 'JAM_HEAVY_TRAFFIC'}",85,{6},5.411764705882353
2e68e88d,2e68e88d4,2020-09-16,13,{'JAM'},{'JAM_STAND_STILL_TRAFFIC'},10,{6},5.0
2e68e88d,2e68e88d4,2020-09-23,17,{'JAM'},{'JAM_MODERATE_TRAFFIC'},30,{6},5.0
2e68e88d,2e68e88d4,2020-09-24,13,{'JAM'},{'JAM_HEAVY_TRAFFIC'},11,{6},5.0
2e68e88d,2e68e88d4,2020-09-24,15,{'JAM'},{'JAM'},7,{6},5.0
2e68e88d,2e68e88d4,2020-09-25,18,{'JAM'},{'JAM_STAND_STILL_TRAFFIC'},9,{6},6.111111111111111
2e68e88d,2e68e88d4,2020-09-28,16,{'JAM'},{'JAM_MODERATE_TRAFFIC'},32,{6},5.0
2e68e88d,2e68e88d4,2020-10-01,17,{'JAM'},{'JAM_STAND_STILL_TRAFFIC'},35,{6},5.742857142857143
2e68e88d,2e68e88d4,2020-10-02,16,{'JAM'},{'JAM_MODERATE_TRAFFIC'},33,{6},5.0
2e68e88d,2e68e88d4,2020-10-07,15,{'JAM'},{'JAM_MODERATE_TRAFFIC'},21,{6},5.0
2e68e88d,2e68e88d4,2020-10-08,15,{'JAM'},{'JAM_STAND_STILL_TRAFFIC'},26,{6},6.0
2e68e88d,2e68e88d4,2020-10-10,14,{'JAM'},{'JAM_STAND_STILL_TRAFFIC'},6,{6},5.0
2e68e88d,2e68e88d4,2020-10-17,12,{'JAM'},{'JAM_STAND_STILL_TRAFFIC'},14,{6},5.0
2e68e88d,2e68e88d4,2020-10-19,14,{'JAM'},{'JAM_STAND_STILL_TRAFFIC'},25,{6},5.0
2e68e88d,2e68e88d4,2020-10-21,17,{'JAM'},{'JAM_HEAVY_TRAFFIC'},30,{6},5.6
2e68e88d,2e68e88d4,2020-10-24,16,{'JAM'},{'JAM_MODERATE_TRAFFIC'},31,{6},5.0
2e68e88d,2e68e88d4,2020-10-24,17,{'JAM'},{'JAM_MODERATE_TRAFFIC'},36,{6},5.0
2e68e88d,2e68e88d4,2020-10-26,10,{'JAM'},{'JAM_STAND_STILL_TRAFFIC'},26,{6},5.0
2e68e88d,2e68e88d4,2020-10-27,18,{'JAM'},{'JAM_HEAVY_TRAFFIC'},8,{6},5.0
2e68e88d,2e68e88d4,2020-10-28,14,"{'JAM', 'WEATHERHAZARD'}","{'HAZARD_ON_ROAD_CONSTRUCTION', 'JAM_HEAVY_TRAFFIC'}",68,{6},6.3088235294117645
2e68e88d,2e68e88d4,2020-10-30,13,{'JAM'},{'JAM'},33,{6},5.0
2e68e88d,2e68e88d4,2020-10-30,16,{'JAM'},{'JAM_STAND_STILL_TRAFFIC'},31,{6},5.0
2e68e88d,2e68e88d4,2020-10-31,14,"{'JAM', 'WEATHERHAZARD'}","{'HAZARD_ON_ROAD_CONSTRUCTION', 'JAM_HEAVY_TRAFFIC'}",69,{6},5.0
2e68e88d,2e68e88d4,2020-10-31,15,{'JAM'},{'JAM_MODERATE_TRAFFIC'},30,{6},5.0
2e68e88d,2e68e88d4,2020-11-02,11,{'JAM'},{'JAM_HEAVY_TRAFFIC'},6,{6},5.0
2e68e88d,2e68e88d4,2020-11-02,18,{'JAM'},{'JAM_STAND_STILL_TRAFFIC'},18,{6},5.0
2e68e88d,2e68e88d4,2020-11-04,14,{'JAM'},{'JAM_STAND_STILL_TRAFFIC'},33,{6},5.0
2e68e88d,2e68e88d4,2020-11-04,17,{'JAM'},"{'JAM_STAND_STILL_TRAFFIC', 'JAM_HEAVY_TRAFFIC'}",47,{6},5.0
2e68e88d,2e68e88d4,2020-11-05,17,{'JAM'},{'JAM_STAND_STILL_TRAFFIC'},30,{6},5.0
2e68e88d,2e68e88d4,2020-11-06,17,{'JAM'},{'JAM'},10,{6},6.0
2e68e88d,2e68e88d4,2020-11-07,15,{'JAM'},{'JAM_STAND_STILL_TRAFFIC'},20,{6},5.0
2e68e88d,2e68e88d4,2020-11-07,19,{'JAM'},{'JAM_MODERATE_TRAFFIC'},30,{6},5.0
2e68e88d,2e68e88d4,2020-11-09,11,{'JAM'},{'JAM'},32,{6},5.0
2e68e88d,2e68e88d4,2020-11-10,16,{'JAM'},{'JAM_STAND_STILL_TRAFFIC'},85,{6},5.6
2e68e88d,2e68e88d4,2020-11-11,11,{'JAM'},{'JAM_STAND_STILL_TRAFFIC'},22,{6},5.636363636363637
2e68e88d,2e68e88d4,2020-11-11,16,{'JAM'},{'JAM_HEAVY_TRAFFIC'},32,{6},5.78125
2e68e88d,2e68e88d4,2020-11-12,12,{'JAM'},{'JAM_STAND_STILL_TRAFFIC'},30,{6},5.966666666666667
2e68e88d,2e68e88d4,2020-11-12,17,{'JAM'},{'JAM_STAND_STILL_TRAFFIC'},68,{6},6.573529411764706
2e68e88d,2e68e88d4,2020-11-13,14,{'JAM'},{'JAM_MODERATE_TRAFFIC'},33,{6},5.848484848484849
2e68e88d,2e68e88d4,2020-11-13,16,{'JAM'},{'JAM_MODERATE_TRAFFIC'},31,{6},5.516129032258065
2e68e88d,2e68e88d4,2020-11-14,8,{'JAM'},{'JAM_STAND_STILL_TRAFFIC'},15,{6},5.0
2e68e88d,2e68e88d4,2020-11-14,15,{'JAM'},{'JAM_MODERATE_TRAFFIC'},31,{6},5.0
2e68e88d,2e68e88d4,2020-11-14,16,{'JAM'},{'JAM'},29,{6},5.0
2e68e88d,2e68e88d4,2020-11-16,13,{'JAM'},{'JAM_HEAVY_TRAFFIC'},30,{6},5.0
2e68e88d,2e68e88d4,2020-11-17,16,{'JAM'},{'JAM'},20,{6},5.0
2e68e88d,2e68e88d4,2020-11-18,13,{'JAM'},{'JAM_STAND_STILL_TRAFFIC'},30,{6},5.0
2e68e88d,2e68e88d4,2020-11-20,17,{'JAM'},"{'JAM_STAND_STILL_TRAFFIC', 'JAM_HEAVY_TRAFFIC'}",50,{6},5.2
2e68e88d,2e68e88d4,2020-11-21,12,{'JAM'},{'JAM_STAND_STILL_TRAFFIC'},10,{6},5.8
2e68e88d,2e68e88d4,2020-11-21,13,{'JAM'},{'JAM_MODERATE_TRAFFIC'},7,{6},5.0
2e68e88d,2e68e88d4,2020-11-21,14,{'JAM'},{'JAM_MODERATE_TRAFFIC'},30,{6},5.0
2e68e88d,2e68e88dc,2020-11-01,8,{'JAM'},{'JAM'},31,{1},5.0
2e68e88f,2e68e88f4,2020-09-04,13,{'JAM'},{'JAM_MODERATE_TRAFFIC'},6,{2},5.0
2e68e88f,2e68e88f4,2020-09-06,17,{'JAM'},{'JAM_HEAVY_TRAFFIC'},6,{2},5.0
2e68e88f,2e68e88f4,2020-10-29,14,{'JAM'},{'JAM_STAND_STILL_TRAFFIC'},31,{2},5.0
2e68e88f,2e68e88f4,2020-10-29,20,{'JAM'},{'JAM_MODERATE_TRAFFIC'},12,{2},5.0
2e68e88f,2e68e88f4,2020-10-30,14,{'JAM'},{'JAM_HEAVY_TRAFFIC'},28,{2},5.0
2e68e88f,2e68e88f4,2020-11-05,17,{'JAM'},{'JAM_HEAVY_TRAFFIC'},7,{2},5.0
2e68e88f,2e68e88f4,2020-11-12,17,{'JAM'},{'JAM_STAND_STILL_TRAFFIC'},47,{2},5.319148936170213
2e68e88f,2e68e88f4,2020-11-15,12,{'JAM'},{'JAM_STAND_STILL_TRAFFIC'},31,{2},5.0
2e68e891,2e68e890c,2020-09-08,14,{'JAM'},{'JAM_HEAVY_TRAFFIC'},18,{7},5.777777777777778
2e68e891,2e68e890c,2020-11-08,12,{'JAM'},{'JAM'},6,{7},5.0
2e68e891,2e68e891c,2020-09-03,15,{'JAM'},{'JAM_HEAVY_TRAFFIC'},31,{7},5.0
2e68e891,2e68e891c,2020-10-06,11,{'JAM'},{'JAM_STAND_STILL_TRAFFIC'},9,{7},5.0
2e68e891,2e68e891c,2020-10-23,17,{'JAM'},{'JAM_STAND_STILL_TRAFFIC'},30,{7},5.0
2e68e893,2e68e8924,2020-09-10,11,{'JAM'},{'JAM_STAND_STILL_TRAFFIC'},31,{7},5.0
2e68e893,2e68e8924,2020-09-11,20,{'WEATHERHAZARD'},{'WEATHERHAZARD'},32,{7},5.71875
2e68e893,2e68e8924,2020-09-17,16,{'JAM'},{'JAM_STAND_STILL_TRAFFIC'},25,{7},5.2
2e68e893,2e68e8924,2020-10-02,18,{'JAM'},{'JAM_STAND_STILL_TRAFFIC'},31,{7},5.0
2e68e893,2e68e8924,2020-10-09,18,{'JAM'},{'JAM_STAND_STILL_TRAFFIC'},30,{7},9.566666666666666
2e68e893,2e68e8924,2020-10-20,16,{'JAM'},{'JAM_MODERATE_TRAFFIC'},10,{7},5.0
2e68e893,2e68e8924,2020-10-23,18,{'JAM'},{'JAM_STAND_STILL_TRAFFIC'},35,{7},6.3428571428571425
2e68e893,2e68e8924,2020-10-31,15,{'JAM'},{'JAM_STAND_STILL_TRAFFIC'},22,{7},5.363636363636363
2e68e893,2e68e8924,2020-11-03,18,{'JAM'},{'JAM_STAND_STILL_TRAFFIC'},12,{7},5.416666666666667
2e68e893,2e68e8924,2020-11-09,17,{'JAM'},{'JAM_STAND_STILL_TRAFFIC'},44,{7},7.318181818181818
2e68e893,2e68e8924,2020-11-16,18,{'JAM'},{'JAM_HEAVY_TRAFFIC'},9,{7},5.0
2e68e893,2e68e8924,2020-11-20,17,{'JAM'},{'JAM_STAND_STILL_TRAFFIC'},21,{7},7.571428571428571
2e68e893,2e68e892c,2020-09-03,12,{'JAM'},{'JAM_STAND_STILL_TRAFFIC'},30,{6},5.0
2e68e893,2e68e892c,2020-09-04,18,{'JAM'},{'JAM_HEAVY_TRAFFIC'},30,{7},5.0
2e68e893,2e68e892c,2020-09-04,19,{'JAM'},{'JAM_STAND_STILL_TRAFFIC'},33,{7},5.0
2e68e893,2e68e892c,2020-09-18,17,{'JAM'},{'JAM_STAND_STILL_TRAFFIC'},6,{7},5.0
2e68e893,2e68e892c,2020-09-19,15,{'JAM'},{'JAM'},5,{6},5.0
2e68e893,2e68e892c,2020-09-26,12,{'JAM'},{'JAM_STAND_STILL_TRAFFIC'},16,{6},5.0
2e68e893,2e68e892c,2020-10-05,8,{'JAM'},{'JAM_STAND_STILL_TRAFFIC'},31,{7},5.0
2e68e893,2e68e892c,2020-10-05,18,{'JAM'},{'JAM_STAND_STILL_TRAFFIC'},63,{7},5.476190476190476
2e68e893,2e68e892c,2020-10-08,17,{'JAM'},{'JAM'},32,{7},5.0
2e68e893,2e68e892c,2020-10-09,18,{'JAM'},{'JAM_STAND_STILL_TRAFFIC'},32,{7},5.0
2e68e893,2e68e892c,2020-10-12,17,{'JAM'},{'JAM_HEAVY_TRAFFIC'},32,{7},5.0
2e68e893,2e68e892c,2020-10-13,9,{'JAM'},{'JAM_MODERATE_TRAFFIC'},33,{7},5.0
2e68e893,2e68e892c,2020-10-18,13,{'JAM'},{'JAM'},9,{6},5.0
2e68e893,2e68e892c,2020-10-22,8,{'JAM'},{'JAM_MODERATE_TRAFFIC'},62,{7},5.451612903225806
2e68e893,2e68e892c,2020-10-22,12,{'JAM'},{'JAM_STAND_STILL_TRAFFIC'},32,{7},5.0
2e68e893,2e68e892c,2020-10-23,18,{'JAM'},{'JAM_STAND_STILL_TRAFFIC'},29,{7},5.0
2e68e893,2e68e892c,2020-10-26,12,{'JAM'},{'JAM_STAND_STILL_TRAFFIC'},42,{7},5.380952380952381
2e68e893,2e68e892c,2020-10-26,16,{'JAM'},{'JAM_HEAVY_TRAFFIC'},6,{6},5.0
2e68e893,2e68e892c,2020-10-27,18,{'JAM'},{'JAM_STAND_STILL_TRAFFIC'},30,{7},5.0
2e68e893,2e68e892c,2020-10-28,15,{'JAM'},{'JAM_MODERATE_TRAFFIC'},18,{7},7.0
2e68e893,2e68e892c,2020-11-02,17,{'JAM'},{'JAM_STAND_STILL_TRAFFIC'},44,{7},5.954545454545454
2e68e893,2e68e892c,2020-11-06,18,{'JAM'},{'JAM_STAND_STILL_TRAFFIC'},46,{7},5.782608695652174
2e68e893,2e68e892c,2020-11-06,19,{'WEATHERHAZARD'},{'HAZARD_ON_ROAD_TRAFFIC_LIGHT_FAULT'},44,{7},5.363636363636363
2e68e893,2e68e892c,2020-11-08,12,{'JAM'},"{'JAM_MODERATE_TRAFFIC', 'JAM_HEAVY_TRAFFIC'}",60,{7},5.416666666666667
2e68e893,2e68e892c,2020-11-09,17,{'JAM'},{'JAM_STAND_STILL_TRAFFIC'},45,{6},6.688888888888889
2e68e893,2e68e892c,2020-11-09,18,{'WEATHERHAZARD'},{'HAZARD_ON_ROAD_CAR_STOPPED'},31,{6},6.580645161290323
2e68e893,2e68e892c,2020-11-10,17,{'JAM'},{'JAM_STAND_STILL_TRAFFIC'},45,{6},5.377777777777778
2e68e893,2e68e892c,2020-11-13,14,{'JAM'},{'JAM_STAND_STILL_TRAFFIC'},33,{7},6.787878787878788
2e68e893,2e68e892c,2020-11-14,14,{'WEATHERHAZARD'},{'WEATHERHAZARD'},29,{7},5.931034482758621
2e68e893,2e68e892c,2020-11-14,15,{'JAM'},{'JAM_STAND_STILL_TRAFFIC'},31,{7},5.0
2e68e893,2e68e892c,2020-11-14,17,{'JAM'},{'JAM_STAND_STILL_TRAFFIC'},44,{7},6.0
2e68e893,2e68e892c,2020-11-15,16,{'JAM'},{'JAM_HEAVY_TRAFFIC'},30,{7},5.0
2e68e893,2e68e892c,2020-11-16,15,{'JAM'},{'JAM_STAND_STILL_TRAFFIC'},29,{7},5.0
2e68e893,2e68e892c,2020-11-17,12,{'JAM'},{'JAM_STAND_STILL_TRAFFIC'},33,{6},6.0606060606060606
2e68e893,2e68e892c,2020-11-20,18,{'JAM'},{'JAM_MODERATE_TRAFFIC'},14,{6},5.0
2e68e893,2e68e8934,2020-09-03,12,{'JAM'},{'JAM_HEAVY_TRAFFIC'},18,{6},5.0
2e68e893,2e68e8934,2020-09-05,13,{'JAM'},{'JAM_HEAVY_TRAFFIC'},28,{6},5.0
2e68e893,2e68e8934,2020-10-25,17,{'JAM'},{'JAM'},27,{6},5.0
2e68e893,2e68e8934,2020-11-10,17,{'JAM'},{'JAM_STAND_STILL_TRAFFIC'},62,{6},5.451612903225806
2e68e893,2e68e8934,2020-11-17,12,{'JAM'},{'JAM_STAND_STILL_TRAFFIC'},61,{6},5.524590163934426
2e68e895,2e68e8944,2020-09-12,17,{'JAM'},{'JAM_STAND_STILL_TRAFFIC'},15,{1},6.0
2e68e895,2e68e8944,2020-09-24,17,{'JAM'},{'JAM_MODERATE_TRAFFIC'},31,{1},5.0
2e68e895,2e68e8944,2020-10-16,17,{'JAM'},{'JAM_STAND_STILL_TRAFFIC'},34,{1},5.0
2e68e895,2e68e8944,2020-11-04,17,{'JAM'},{'JAM_STAND_STILL_TRAFFIC'},30,{1},5.8
2e68e895,2e68e894c,2020-09-03,12,{'JAM'},{'JAM_STAND_STILL_TRAFFIC'},24,{6},5.0
2e68e895,2e68e894c,2020-09-12,17,{'JAM'},{'JAM_STAND_STILL_TRAFFIC'},15,{1},5.0
2e68e895,2e68e894c,2020-09-21,11,{'JAM'},{'JAM_HEAVY_TRAFFIC'},34,{6},5.0
2e68e895,2e68e894c,2020-10-03,13,{'JAM'},{'JAM_MODERATE_TRAFFIC'},8,{6},5.0
2e68e895,2e68e894c,2020-10-05,11,{'JAM'},{'JAM_STAND_STILL_TRAFFIC'},18,{6},5.0
2e68e895,2e68e894c,2020-10-05,14,{'JAM'},"{'JAM_STAND_STILL_TRAFFIC', 'JAM_HEAVY_TRAFFIC'}",49,"{1, 6}",5.0
2e68e895,2e68e894c,2020-10-15,17,{'JAM'},{'JAM_STAND_STILL_TRAFFIC'},32,{1},6.75
2e68e895,2e68e894c,2020-10-17,15,{'JAM'},{'JAM_STAND_STILL_TRAFFIC'},12,{6},5.916666666666667
2e68e895,2e68e894c,2020-10-20,16,{'JAM'},{'JAM_HEAVY_TRAFFIC'},6,{6},5.0
2e68e895,2e68e894c,2020-10-26,16,{'JAM'},{'JAM_STAND_STILL_TRAFFIC'},57,{6},7.5964912280701755
2e68e895,2e68e894c,2020-10-26,17,{'JAM'},{'JAM_STAND_STILL_TRAFFIC'},26,{1},5.0
2e68e895,2e68e894c,2020-10-30,18,{'JAM'},{'JAM_STAND_STILL_TRAFFIC'},27,{6},5.0
2e68e895,2e68e894c,2020-10-31,11,{'JAM'},{'JAM_HEAVY_TRAFFIC'},20,{6},5.0
2e68e895,2e68e894c,2020-11-04,17,{'JAM'},{'JAM_STAND_STILL_TRAFFIC'},30,{1},7.4
2e68e895,2e68e894c,2020-11-06,17,{'JAM'},{'JAM_STAND_STILL_TRAFFIC'},8,{6},5.0
2e68e895,2e68e894c,2020-11-07,18,{'JAM'},{'JAM_HEAVY_TRAFFIC'},31,{1},5.0
2e68e895,2e68e894c,2020-11-09,18,{'JAM'},{'JAM_STAND_STILL_TRAFFIC'},30,{1},5.0
2e68e895,2e68e894c,2020-11-11,16,{'JAM'},{'JAM'},30,{1},5.0
2e68e895,2e68e894c,2020-11-15,20,{'JAM'},{'JAM_MODERATE_TRAFFIC'},30,{6},5.0
2e68e895,2e68e894c,2020-11-17,7,{'JAM'},{'JAM_MODERATE_TRAFFIC'},12,{6},5.0
2e68e895,2e68e894c,2020-11-17,12,{'JAM'},{'JAM_STAND_STILL_TRAFFIC'},32,{6},5.46875
2e68e895,2e68e894c,2020-11-18,13,{'JAM'},{'JAM_STAND_STILL_TRAFFIC'},48,{6},5.75
2e68e895,2e68e894c,2020-11-19,9,{'JAM'},{'JAM_HEAVY_TRAFFIC'},16,{6},5.9375
2e68e895,2e68e894c,2020-11-19,17,{'JAM'},{'JAM_STAND_STILL_TRAFFIC'},30,{1},5.8
2e68e895,2e68e894c,2020-11-19,18,{'JAM'},{'JAM_STAND_STILL_TRAFFIC'},32,{6},5.0
2e68e895,2e68e894c,2020-11-20,15,{'JAM'},{'JAM_STAND_STILL_TRAFFIC'},20,{6},5.0
2e68e895,2e68e8954,2020-10-20,15,{'JAM'},{'JAM_HEAVY_TRAFFIC'},31,{6},6.161290322580645
2e68e895,2e68e8954,2020-10-22,16,{'JAM'},{'JAM_STAND_STILL_TRAFFIC'},32,{20},5.0
2e68e897,2e68e896c,2020-11-13,19,{'JAM'},{'JAM'},31,{1},5.0
2e68e897,2e68e8974,2020-10-25,14,{'JAM'},{'JAM'},32,{1},5.0
2e68e899,2e68e8984,2020-09-01,17,{'JAM'},{'JAM_MODERATE_TRAFFIC'},32,{7},5.0
2e68e899,2e68e8984,2020-09-05,21,{'JAM'},{'JAM_MODERATE_TRAFFIC'},31,{7},5.0
2e68e899,2e68e8984,2020-09-15,8,{'JAM'},{'JAM_STAND_STILL_TRAFFIC'},32,{7},5.0
2e68e899,2e68e8984,2020-10-26,15,{'JAM'},{'JAM_HEAVY_TRAFFIC'},31,{7},5.0
2e68e899,2e68e8994,2020-09-01,9,{'ROAD_CLOSED'},{'ROAD_CLOSED_EVENT'},2155,{7},6.0
2e68e899,2e68e8994,2020-09-02,9,{'ROAD_CLOSED'},{'ROAD_CLOSED_EVENT'},2167,{7},6.0
2e68e899,2e68e8994,2020-09-02,11,{'JAM'},{'JAM_HEAVY_TRAFFIC'},4,{7},5.0
2e68e899,2e68e8994,2020-09-03,9,{'ROAD_CLOSED'},{'ROAD_CLOSED_EVENT'},2160,{7},6.0
2e68e899,2e68e8994,2020-09-04,9,{'ROAD_CLOSED'},{'ROAD_CLOSED_EVENT'},2152,{7},6.0
2e68e899,2e68e8994,2020-09-05,9,{'ROAD_CLOSED'},{'ROAD_CLOSED_EVENT'},2161,{7},6.0
2e68e899,2e68e8994,2020-09-06,9,{'ROAD_CLOSED'},{'ROAD_CLOSED_EVENT'},304,{7},6.0
2e68e899,2e68e8994,2020-09-07,9,{'ROAD_CLOSED'},{'ROAD_CLOSED_EVENT'},2156,{7},6.0
2e68e899,2e68e8994,2020-09-08,9,{'ROAD_CLOSED'},{'ROAD_CLOSED_EVENT'},2164,{7},6.0
2e68e899,2e68e8994,2020-09-09,9,{'ROAD_CLOSED'},{'ROAD_CLOSED_EVENT'},1627,{7},6.0
2e68e899,2e68e8994,2020-09-12,23,{'ROAD_CLOSED'},{'ROAD_CLOSED_EVENT'},405,{7},6.0
2e68e899,2e68e8994,2020-09-13,0,{'ROAD_CLOSED'},{'ROAD_CLOSED_EVENT'},1074,{7},6.0
2e68e899,2e68e8994,2020-09-13,6,{'ROAD_CLOSED'},{'ROAD_CLOSED_EVENT'},13,{7},6.0
2e68e899,2e68e8994,2020-09-13,9,{'ROAD_CLOSED'},{'ROAD_CLOSED_EVENT'},2283,{7},6.0
2e68e899,2e68e8994,2020-09-14,9,{'ROAD_CLOSED'},{'ROAD_CLOSED_EVENT'},2286,{7},6.0
2e68e899,2e68e8994,2020-09-15,9,{'ROAD_CLOSED'},{'ROAD_CLOSED_EVENT'},2280,{7},6.0
2e68e899,2e68e8994,2020-09-16,9,{'ROAD_CLOSED'},{'ROAD_CLOSED_EVENT'},2284,{7},6.0
2e68e899,2e68e8994,2020-09-17,9,{'ROAD_CLOSED'},{'ROAD_CLOSED_EVENT'},1579,{7},6.0
2e68e899,2e68e8994,2020-09-18,9,{'ROAD_CLOSED'},{'ROAD_CLOSED_EVENT'},2286,{7},6.0
2e68e899,2e68e8994,2020-09-18,21,{'ROAD_CLOSED'},{'ROAD_CLOSED_EVENT'},600,{7},6.0
2e68e899,2e68e8994,2020-09-19,6,{'ROAD_CLOSED'},{'ROAD_CLOSED_EVENT'},1,{7},6.0
2e68e899,2e68e8994,2020-09-19,9,{'ROAD_CLOSED'},{'ROAD_CLOSED_EVENT'},2295,{7},6.0
2e68e899,2e68e8994,2020-09-19,11,{'ROAD_CLOSED'},{'ROAD_CLOSED_EVENT'},2,{7},6.0
2e68e899,2e68e8994,2020-09-19,21,{'ROAD_CLOSED'},{'ROAD_CLOSED_EVENT'},618,{7},6.0
2e68e899,2e68e8994,2020-09-20,9,{'ROAD_CLOSED'},{'ROAD_CLOSED_EVENT'},2277,{7},6.0
2e68e899,2e68e8994,2020-09-20,21,{'ROAD_CLOSED'},{'ROAD_CLOSED_EVENT'},610,{7},6.0
2e68e899,2e68e8994,2020-09-21,6,{'ROAD_CLOSED'},{'ROAD_CLOSED_EVENT'},6,{7},6.0
2e68e899,2e68e8994,2020-09-21,9,{'ROAD_CLOSED'},{'ROAD_CLOSED_EVENT'},2282,{7},6.0
2e68e899,2e68e8994,2020-09-21,21,{'ROAD_CLOSED'},{'ROAD_CLOSED_EVENT'},615,{7},6.0
2e68e899,2e68e8994,2020-09-22,9,{'ROAD_CLOSED'},{'ROAD_CLOSED_EVENT'},2288,{7},6.0
2e68e899,2e68e8994,2020-09-22,21,{'ROAD_CLOSED'},{'ROAD_CLOSED_EVENT'},620,{7},6.0
2e68e899,2e68e8994,2020-09-23,9,{'ROAD_CLOSED'},{'ROAD_CLOSED_EVENT'},2280,{7},6.0
2e68e899,2e68e8994,2020-09-23,11,{'ROAD_CLOSED'},{'ROAD_CLOSED_EVENT'},2,{7},6.0
2e68e899,2e68e8994,2020-09-23,21,{'ROAD_CLOSED'},{'ROAD_CLOSED_EVENT'},615,{7},6.0
2e68e899,2e68e8994,2020-09-24,6,{'ROAD_CLOSED'},{'ROAD_CLOSED_EVENT'},2,{7},6.0
2e68e899,2e68e8994,2020-09-24,9,{'ROAD_CLOSED'},{'ROAD_CLOSED_EVENT'},2297,{7},6.0
2e68e899,2e68e8994,2020-09-24,11,{'ROAD_CLOSED'},{'ROAD_CLOSED_EVENT'},4,{7},6.0
2e68e899,2e68e8994,2020-09-24,21,{'ROAD_CLOSED'},{'ROAD_CLOSED_EVENT'},609,{7},6.0
2e68e899,2e68e8994,2020-09-25,9,{'ROAD_CLOSED'},{'ROAD_CLOSED_EVENT'},2284,{7},6.0
2e68e899,2e68e8994,2020-09-25,11,{'ROAD_CLOSED'},{'ROAD_CLOSED_EVENT'},2,{7},6.0
2e68e899,2e68e8994,2020-09-25,21,{'ROAD_CLOSED'},{'ROAD_CLOSED_EVENT'},610,{7},6.0
2e68e899,2e68e8994,2020-09-26,11,{'ROAD_CLOSED'},{'ROAD_CLOSED_EVENT'},1,{7},6.0
2e68e899,2e68e8994,2020-09-26,21,{'ROAD_CLOSED'},{'ROAD_CLOSED_EVENT'},540,{7},6.0
2e68e899,2e68e8994,2020-09-27,21,{'ROAD_CLOSED'},{'ROAD_CLOSED_EVENT'},607,{7},6.0
2e68e899,2e68e8994,2020-09-28,9,{'ROAD_CLOSED'},{'ROAD_CLOSED_EVENT'},2168,{7},6.0
2e68e899,2e68e8994,2020-09-28,21,{'ROAD_CLOSED'},{'ROAD_CLOSED_EVENT'},615,{7},6.0
2e68e899,2e68e8994,2020-09-29,9,{'ROAD_CLOSED'},{'ROAD_CLOSED_EVENT'},2165,{7},6.0
2e68e899,2e68e8994,2020-09-29,11,{'ROAD_CLOSED'},{'ROAD_CLOSED_EVENT'},4,{7},6.0
2e68e899,2e68e8994,2020-09-29,21,{'ROAD_CLOSED'},{'ROAD_CLOSED_EVENT'},615,{7},6.0
2e68e899,2e68e8994,2020-09-30,9,{'ROAD_CLOSED'},{'ROAD_CLOSED_EVENT'},2157,{7},6.0
2e68e899,2e68e8994,2020-09-30,21,{'ROAD_CLOSED'},{'ROAD_CLOSED_EVENT'},600,{7},6.0
2e68e899,2e68e8994,2020-10-01,6,{'ROAD_CLOSED'},{'ROAD_CLOSED_EVENT'},6,{7},6.0
2e68e899,2e68e8994,2020-10-01,9,{'ROAD_CLOSED'},{'ROAD_CLOSED_EVENT'},2162,{7},6.0
2e68e899,2e68e8994,2020-10-02,9,{'ROAD_CLOSED'},{'ROAD_CLOSED_EVENT'},2160,{7},6.0
2e68e899,2e68e8994,2020-10-03,9,{'ROAD_CLOSED'},{'ROAD_CLOSED_EVENT'},2167,{7},6.0
2e68e899,2e68e8994,2020-10-04,9,{'ROAD_CLOSED'},{'ROAD_CLOSED_EVENT'},2153,{7},6.0
2e68e899,2e68e8994,2020-10-05,9,{'ROAD_CLOSED'},{'ROAD_CLOSED_EVENT'},2158,{7},6.0
2e68e899,2e68e8994,2020-10-06,6,{'ROAD_CLOSED'},{'ROAD_CLOSED_EVENT'},2,{7},6.0
2e68e899,2e68e8994,2020-10-06,9,{'ROAD_CLOSED'},{'ROAD_CLOSED_EVENT'},2154,{7},6.0
2e68e899,2e68e8994,2020-10-07,6,{'ROAD_CLOSED'},{'ROAD_CLOSED_EVENT'},4,{7},6.0
2e68e899,2e68e8994,2020-10-07,9,{'ROAD_CLOSED'},{'ROAD_CLOSED_EVENT'},2148,{7},6.0
2e68e899,2e68e8994,2020-10-08,9,{'ROAD_CLOSED'},{'ROAD_CLOSED_EVENT'},2172,{7},6.0
2e68e899,2e68e8994,2020-10-09,9,{'ROAD_CLOSED'},{'ROAD_CLOSED_EVENT'},2158,{7},6.0
2e68e899,2e68e8994,2020-10-10,9,{'ROAD_CLOSED'},{'ROAD_CLOSED_EVENT'},2155,{7},6.0
2e68e899,2e68e8994,2020-10-19,10,{'ROAD_CLOSED'},{'ROAD_CLOSED_EVENT'},1928,{7},6.0
2e68e899,2e68e8994,2020-10-20,10,{'ROAD_CLOSED'},{'ROAD_CLOSED_EVENT'},1928,{7},6.0
2e68e899,2e68e8994,2020-10-21,10,{'ROAD_CLOSED'},{'ROAD_CLOSED_EVENT'},1903,{7},6.0
2e68e899,2e68e8994,2020-10-22,10,{'ROAD_CLOSED'},{'ROAD_CLOSED_EVENT'},1932,{7},6.496894409937888
2e68e899,2e68e8994,2020-10-23,10,{'ROAD_CLOSED'},{'ROAD_CLOSED_EVENT'},1928,{7},6.0
2e68e899,2e68e8994,2020-10-24,6,{'ROAD_CLOSED'},{'ROAD_CLOSED_EVENT'},14,{7},6.0
2e68e899,2e68e8994,2020-10-24,10,{'ROAD_CLOSED'},{'ROAD_CLOSED_EVENT'},1920,{7},6.0
2e68e899,2e68e8994,2020-10-25,10,{'ROAD_CLOSED'},{'ROAD_CLOSED_EVENT'},1931,{7},6.0
2e68e899,2e68e8994,2020-10-26,10,{'ROAD_CLOSED'},{'ROAD_CLOSED_EVENT'},1936,{7},6.0
2e68e899,2e68e8994,2020-10-26,13,{'JAM'},{'JAM_HEAVY_TRAFFIC'},30,{2},5.0
2e68e899,2e68e8994,2020-10-27,10,{'ROAD_CLOSED'},{'ROAD_CLOSED_EVENT'},1937,{7},6.0
2e68e899,2e68e8994,2020-10-28,10,{'ROAD_CLOSED'},{'ROAD_CLOSED_EVENT'},1928,{7},6.0
2e68e899,2e68e8994,2020-10-29,10,{'ROAD_CLOSED'},{'ROAD_CLOSED_EVENT'},1928,{7},6.0
2e68e899,2e68e8994,2020-10-30,10,{'ROAD_CLOSED'},{'ROAD_CLOSED_EVENT'},1930,{7},6.0
2e68e899,2e68e8994,2020-10-31,10,{'ROAD_CLOSED'},{'ROAD_CLOSED_EVENT'},1930,{7},6.0
2e68e899,2e68e899c,2020-09-01,9,{'ROAD_CLOSED'},{'ROAD_CLOSED_EVENT'},2696,{7},6.0
2e68e899,2e68e899c,2020-09-02,6,{'ROAD_CLOSED'},{'ROAD_CLOSED_EVENT'},1,{7},6.0
2e68e899,2e68e899c,2020-09-02,9,{'ROAD_CLOSED'},{'ROAD_CLOSED_EVENT'},2707,{7},6.0
2e68e899,2e68e899c,2020-09-03,9,{'ROAD_CLOSED'},{'ROAD_CLOSED_EVENT'},2700,{7},6.0
2e68e899,2e68e899c,2020-09-03,19,{'JAM'},{'JAM_STAND_STILL_TRAFFIC'},22,{7},5.0
2e68e899,2e68e899c,2020-09-04,9,"{'ROAD_CLOSED', 'WEATHERHAZARD'}","{'WEATHERHAZARD', 'ROAD_CLOSED_EVENT'}",2721,{7},5.994119808893789
2e68e899,2e68e899c,2020-09-05,9,{'ROAD_CLOSED'},{'ROAD_CLOSED_EVENT'},2702,{7},6.0
2e68e899,2e68e899c,2020-09-05,17,{'JAM'},{'JAM_HEAVY_TRAFFIC'},27,{7},5.0
2e68e899,2e68e899c,2020-09-06,6,{'ROAD_CLOSED'},{'ROAD_CLOSED_EVENT'},4,{7},6.0
2e68e899,2e68e899c,2020-09-06,9,{'ROAD_CLOSED'},{'ROAD_CLOSED_EVENT'},380,{7},6.0
2e68e899,2e68e899c,2020-09-07,9,{'ROAD_CLOSED'},{'ROAD_CLOSED_EVENT'},2695,{7},6.0
2e68e899,2e68e899c,2020-09-08,9,{'ROAD_CLOSED'},{'ROAD_CLOSED_EVENT'},2705,{7},6.0
2e68e899,2e68e899c,2020-09-08,20,{'JAM'},{'JAM_MODERATE_TRAFFIC'},17,{7},5.0
2e68e899,2e68e899c,2020-09-09,6,{'ROAD_CLOSED'},{'ROAD_CLOSED_EVENT'},1,{7},6.0
2e68e899,2e68e899c,2020-09-09,9,{'ROAD_CLOSED'},{'ROAD_CLOSED_EVENT'},2713,{7},6.0
2e68e899,2e68e899c,2020-09-12,23,{'ROAD_CLOSED'},{'ROAD_CLOSED_EVENT'},2025,{7},6.0
2e68e899,2e68e899c,2020-09-13,6,{'ROAD_CLOSED'},{'ROAD_CLOSED_EVENT'},11,{7},6.0
2e68e899,2e68e899c,2020-09-13,9,{'ROAD_CLOSED'},{'ROAD_CLOSED_EVENT'},2854,{7},6.0
2e68e899,2e68e899c,2020-09-14,9,{'ROAD_CLOSED'},{'ROAD_CLOSED_EVENT'},2857,{7},6.0
2e68e899,2e68e899c,2020-09-15,6,{'ROAD_CLOSED'},{'ROAD_CLOSED_EVENT'},6,{7},6.0
2e68e899,2e68e899c,2020-09-15,9,{'ROAD_CLOSED'},{'ROAD_CLOSED_EVENT'},2853,{7},6.0
2e68e899,2e68e899c,2020-09-16,9,{'ROAD_CLOSED'},{'ROAD_CLOSED_EVENT'},2855,{7},6.0
2e68e899,2e68e899c,2020-09-17,9,{'ROAD_CLOSED'},{'ROAD_CLOSED_EVENT'},1972,{7},6.0
2e68e899,2e68e899c,2020-09-18,9,{'ROAD_CLOSED'},{'ROAD_CLOSED_EVENT'},2857,{7},6.0
2e68e899,2e68e899c,2020-09-18,17,{'JAM'},{'JAM_STAND_STILL_TRAFFIC'},30,{7},5.5
2e68e899,2e68e899c,2020-09-18,21,{'ROAD_CLOSED'},{'ROAD_CLOSED_EVENT'},600,{7},6.0
2e68e899,2e68e899c,2020-09-19,9,{'ROAD_CLOSED'},{'ROAD_CLOSED_EVENT'},2870,{7},6.0
2e68e899,2e68e899c,2020-09-19,11,{'ROAD_CLOSED'},{'ROAD_CLOSED_EVENT'},1,{7},6.0
2e68e899,2e68e899c,2020-09-19,21,{'ROAD_CLOSED'},{'ROAD_CLOSED_EVENT'},619,{7},6.0
2e68e899,2e68e899c,2020-09-20,9,{'ROAD_CLOSED'},{'ROAD_CLOSED_EVENT'},2846,{7},6.0
2e68e899,2e68e899c,2020-09-20,21,{'ROAD_CLOSED'},{'ROAD_CLOSED_EVENT'},610,{7},6.0
2e68e899,2e68e899c,2020-09-21,6,{'ROAD_CLOSED'},{'ROAD_CLOSED_EVENT'},6,{7},6.0
2e68e899,2e68e899c,2020-09-21,9,{'ROAD_CLOSED'},{'ROAD_CLOSED_EVENT'},2845,{7},6.0
2e68e899,2e68e899c,2020-09-21,21,{'ROAD_CLOSED'},{'ROAD_CLOSED_EVENT'},615,{7},6.0
2e68e899,2e68e899c,2020-09-22,9,{'ROAD_CLOSED'},{'ROAD_CLOSED_EVENT'},2857,{7},6.0
2e68e899,2e68e899c,2020-09-22,21,{'ROAD_CLOSED'},{'ROAD_CLOSED_EVENT'},620,{7},6.0
2e68e899,2e68e899c,2020-09-23,6,{'ROAD_CLOSED'},{'ROAD_CLOSED_EVENT'},2,{7},6.0
2e68e899,2e68e899c,2020-09-23,9,{'ROAD_CLOSED'},{'ROAD_CLOSED_EVENT'},2850,{7},6.0
2e68e899,2e68e899c,2020-09-23,11,{'ROAD_CLOSED'},{'ROAD_CLOSED_EVENT'},1,{7},6.0
2e68e899,2e68e899c,2020-09-23,21,{'ROAD_CLOSED'},{'ROAD_CLOSED_EVENT'},615,{7},6.0
2e68e899,2e68e899c,2020-09-24,9,{'ROAD_CLOSED'},{'ROAD_CLOSED_EVENT'},2872,{7},6.0
2e68e899,2e68e899c,2020-09-24,11,{'ROAD_CLOSED'},{'ROAD_CLOSED_EVENT'},10,{7},6.0
2e68e899,2e68e899c,2020-09-24,21,{'ROAD_CLOSED'},{'ROAD_CLOSED_EVENT'},609,{7},6.0
2e68e899,2e68e899c,2020-09-25,9,{'ROAD_CLOSED'},{'ROAD_CLOSED_EVENT'},2858,{7},6.0
2e68e899,2e68e899c,2020-09-25,11,{'ROAD_CLOSED'},{'ROAD_CLOSED_EVENT'},3,{7},6.0
2e68e899,2e68e899c,2020-09-25,21,{'ROAD_CLOSED'},{'ROAD_CLOSED_EVENT'},610,{7},6.0
2e68e899,2e68e899c,2020-09-26,11,{'ROAD_CLOSED'},{'ROAD_CLOSED_EVENT'},2,{7},6.0
2e68e899,2e68e899c,2020-09-26,21,{'ROAD_CLOSED'},{'ROAD_CLOSED_EVENT'},540,{7},6.0
2e68e899,2e68e899c,2020-09-27,13,{'JAM'},{'JAM_MODERATE_TRAFFIC'},23,{7},5.0
2e68e899,2e68e899c,2020-09-27,21,{'ROAD_CLOSED'},{'ROAD_CLOSED_EVENT'},607,{7},6.0
2e68e899,2e68e899c,2020-09-28,9,{'ROAD_CLOSED'},{'ROAD_CLOSED_EVENT'},2710,{7},6.0
2e68e899,2e68e899c,2020-09-28,21,{'ROAD_CLOSED'},{'ROAD_CLOSED_EVENT'},615,{7},6.0
2e68e899,2e68e899c,2020-09-29,9,{'ROAD_CLOSED'},{'ROAD_CLOSED_EVENT'},2705,{7},6.0
2e68e899,2e68e899c,2020-09-29,11,{'ROAD_CLOSED'},{'ROAD_CLOSED_EVENT'},6,{7},6.0
2e68e899,2e68e899c,2020-09-29,21,{'ROAD_CLOSED'},{'ROAD_CLOSED_EVENT'},615,{7},6.0
2e68e899,2e68e899c,2020-09-30,9,{'ROAD_CLOSED'},{'ROAD_CLOSED_EVENT'},2697,{7},6.0
2e68e899,2e68e899c,2020-09-30,21,{'ROAD_CLOSED'},{'ROAD_CLOSED_EVENT'},600,{7},6.0
2e68e899,2e68e899c,2020-10-01,6,{'ROAD_CLOSED'},{'ROAD_CLOSED_EVENT'},8,{7},6.0
2e68e899,2e68e899c,2020-10-01,9,{'ROAD_CLOSED'},{'ROAD_CLOSED_EVENT'},2703,{7},6.0
2e68e899,2e68e899c,2020-10-02,9,{'ROAD_CLOSED'},{'ROAD_CLOSED_EVENT'},2701,{7},6.0
2e68e899,2e68e899c,2020-10-02,11,{'JAM'},{'JAM_STAND_STILL_TRAFFIC'},30,{1},5.0
2e68e899,2e68e899c,2020-10-02,16,{'JAM'},{'JAM_HEAVY_TRAFFIC'},32,{7},5.71875
2e68e899,2e68e899c,2020-10-03,9,{'ROAD_CLOSED'},{'ROAD_CLOSED_EVENT'},2710,{7},6.0
2e68e899,2e68e899c,2020-10-03,17,{'JAM'},{'JAM_MODERATE_TRAFFIC'},32,{7},5.0
2e68e899,2e68e899c,2020-10-04,9,{'ROAD_CLOSED'},{'ROAD_CLOSED_EVENT'},2690,{7},6.0
2e68e899,2e68e899c,2020-10-05,9,{'ROAD_CLOSED'},{'ROAD_CLOSED_EVENT'},2699,{7},6.0
2e68e899,2e68e899c,2020-10-06,9,{'ROAD_CLOSED'},{'ROAD_CLOSED_EVENT'},2694,{7},6.0
2e68e899,2e68e899c,2020-10-07,6,{'ROAD_CLOSED'},{'ROAD_CLOSED_EVENT'},6,{7},6.0
2e68e899,2e68e899c,2020-10-07,9,{'ROAD_CLOSED'},{'ROAD_CLOSED_EVENT'},2688,{7},6.0
2e68e899,2e68e899c,2020-10-08,9,{'ROAD_CLOSED'},{'ROAD_CLOSED_EVENT'},2715,{7},6.0
2e68e899,2e68e899c,2020-10-09,9,{'ROAD_CLOSED'},{'ROAD_CLOSED_EVENT'},2696,{7},6.0
2e68e899,2e68e899c,2020-10-10,9,{'ROAD_CLOSED'},{'ROAD_CLOSED_EVENT'},2694,{7},6.0
2e68e899,2e68e899c,2020-10-14,15,{'JAM'},{'JAM_STAND_STILL_TRAFFIC'},6,{7},5.0
2e68e899,2e68e899c,2020-10-15,10,{'JAM'},{'JAM_MODERATE_TRAFFIC'},13,{7},5.0
2e68e899,2e68e899c,2020-10-17,14,{'JAM'},{'JAM_HEAVY_TRAFFIC'},31,{7},5.67741935483871
2e68e899,2e68e899c,2020-10-18,13,{'JAM'},{'JAM_MODERATE_TRAFFIC'},23,{7},5.0
2e68e899,2e68e899c,2020-10-18,14,{'JAM'},{'JAM_MODERATE_TRAFFIC'},18,{7},5.0
2e68e899,2e68e899c,2020-10-19,10,{'ROAD_CLOSED'},{'ROAD_CLOSED_EVENT'},2409,{7},6.0
2e68e899,2e68e899c,2020-10-20,10,{'ROAD_CLOSED'},{'ROAD_CLOSED_EVENT'},2410,{7},6.0
2e68e899,2e68e899c,2020-10-21,10,{'ROAD_CLOSED'},{'ROAD_CLOSED_EVENT'},2380,{7},6.0
2e68e899,2e68e899c,2020-10-22,9,{'JAM'},{'JAM'},9,{7},5.0
2e68e899,2e68e899c,2020-10-22,10,{'ROAD_CLOSED'},{'ROAD_CLOSED_EVENT'},2415,{7},6.596273291925466
2e68e899,2e68e899c,2020-10-23,10,{'ROAD_CLOSED'},{'ROAD_CLOSED_EVENT'},2411,{7},6.0
2e68e899,2e68e899c,2020-10-23,16,{'JAM'},{'JAM'},31,{7},6.838709677419355
2e68e899,2e68e899c,2020-10-24,6,{'ROAD_CLOSED'},{'ROAD_CLOSED_EVENT'},10,{7},6.0
2e68e899,2e68e899c,2020-10-24,10,{'ROAD_CLOSED'},{'ROAD_CLOSED_EVENT'},2400,{7},6.0
2e68e899,2e68e899c,2020-10-25,10,{'ROAD_CLOSED'},{'ROAD_CLOSED_EVENT'},2414,{7},6.0
2e68e899,2e68e899c,2020-10-26,10,{'ROAD_CLOSED'},{'ROAD_CLOSED_EVENT'},2420,{7},6.0
2e68e899,2e68e899c,2020-10-26,17,{'JAM'},{'JAM_STAND_STILL_TRAFFIC'},34,{7},5.470588235294118
2e68e899,2e68e899c,2020-10-27,10,{'ROAD_CLOSED'},{'ROAD_CLOSED_EVENT'},2424,{7},6.0
2e68e899,2e68e899c,2020-10-28,10,{'ROAD_CLOSED'},{'ROAD_CLOSED_EVENT'},2410,{7},6.0
2e68e899,2e68e899c,2020-10-29,10,{'ROAD_CLOSED'},{'ROAD_CLOSED_EVENT'},2410,{7},6.0
2e68e899,2e68e899c,2020-10-29,16,{'JAM'},{'JAM_MODERATE_TRAFFIC'},33,{7},5.545454545454546
2e68e899,2e68e899c,2020-10-30,10,{'ROAD_CLOSED'},{'ROAD_CLOSED_EVENT'},2407,{7},6.0
2e68e899,2e68e899c,2020-10-30,15,{'JAM'},{'JAM_STAND_STILL_TRAFFIC'},28,{7},6.0
2e68e899,2e68e899c,2020-10-30,16,{'JAM'},{'JAM_STAND_STILL_TRAFFIC'},57,{7},6.508771929824562
2e68e899,2e68e899c,2020-10-31,10,{'ROAD_CLOSED'},{'ROAD_CLOSED_EVENT'},2413,{7},6.0
2e68e899,2e68e899c,2020-10-31,13,{'JAM'},{'JAM_HEAVY_TRAFFIC'},12,{7},5.0
2e68e899,2e68e899c,2020-11-01,6,{'ROAD_CLOSED'},{'ROAD_CLOSED_EVENT'},5,{7},6.0
2e68e899,2e68e899c,2020-11-01,11,{'JAM'},{'JAM_HEAVY_TRAFFIC'},32,{7},5.0
2e68e899,2e68e899c,2020-11-03,17,{'JAM'},{'JAM_MODERATE_TRAFFIC'},32,{7},5.0
2e68e899,2e68e899c,2020-11-08,11,{'JAM'},{'JAM_STAND_STILL_TRAFFIC'},35,{7},5.4
2e68e899,2e68e899c,2020-11-11,10,{'JAM'},{'JAM_STAND_STILL_TRAFFIC'},22,{7},5.0
2e68e899,2e68e899c,2020-11-15,13,{'JAM'},{'JAM_HEAVY_TRAFFIC'},25,{7},5.0
2e68e89b,2e68e89a4,2020-09-01,9,{'ROAD_CLOSED'},{'ROAD_CLOSED_EVENT'},2157,{2},6.0
2e68e89b,2e68e89a4,2020-09-02,9,{'ROAD_CLOSED'},{'ROAD_CLOSED_EVENT'},2165,{2},6.0
2e68e89b,2e68e89a4,2020-09-03,9,{'ROAD_CLOSED'},{'ROAD_CLOSED_EVENT'},2160,{2},6.0
2e68e89b,2e68e89a4,2020-09-04,9,{'ROAD_CLOSED'},{'ROAD_CLOSED_EVENT'},2152,{2},6.163568773234201
2e68e89b,2e68e89a4,2020-09-05,9,{'ROAD_CLOSED'},{'ROAD_CLOSED_EVENT'},2162,{2},6.0
2e68e89b,2e68e89a4,2020-09-05,21,{'JAM'},{'JAM'},33,{2},5.0
2e68e89b,2e68e89a4,2020-09-06,6,{'ROAD_CLOSED'},{'ROAD_CLOSED_EVENT'},4,{2},6.0
2e68e89b,2e68e89a4,2020-09-06,9,{'ROAD_CLOSED'},{'ROAD_CLOSED_EVENT'},304,{2},6.0
2e68e89b,2e68e89a4,2020-09-07,9,{'ROAD_CLOSED'},{'ROAD_CLOSED_EVENT'},2156,{2},6.0
2e68e89b,2e68e89a4,2020-09-08,9,{'ROAD_CLOSED'},{'ROAD_CLOSED_EVENT'},2164,{2},6.0
2e68e89b,2e68e89a4,2020-09-09,6,{'ROAD_CLOSED'},{'ROAD_CLOSED_EVENT'},2,{2},6.0
2e68e89b,2e68e89a4,2020-09-09,9,{'ROAD_CLOSED'},{'ROAD_CLOSED_EVENT'},13,{2},6.0
2e68e89b,2e68e89a4,2020-09-09,18,{'ROAD_CLOSED'},{'ROAD_CLOSED_EVENT'},112,{2},6.0
2e68e89b,2e68e89a4,2020-09-09,21,{'ROAD_CLOSED'},{'ROAD_CLOSED_EVENT'},1619,{2},6.0
2e68e89b,2e68e89a4,2020-09-09,22,{'ROAD_CLOSED'},{'ROAD_CLOSED_EVENT'},478,{2},6.0
2e68e89b,2e68e89a4,2020-09-10,9,{'ROAD_CLOSED'},{'ROAD_CLOSED_EVENT'},130,{2},6.0
2e68e89b,2e68e89a4,2020-09-10,12,{'JAM'},{'JAM_MODERATE_TRAFFIC'},7,{7},5.0
2e68e89b,2e68e89a4,2020-09-10,21,{'ROAD_CLOSED'},{'ROAD_CLOSED_EVENT'},544,{2},6.0
2e68e89b,2e68e89a4,2020-09-10,22,{'ROAD_CLOSED'},{'ROAD_CLOSED_EVENT'},1434,{2},6.0
2e68e89b,2e68e89a4,2020-09-11,6,{'ROAD_CLOSED'},{'ROAD_CLOSED_EVENT'},4,{2},6.0
2e68e89b,2e68e89a4,2020-09-11,9,{'ROAD_CLOSED'},{'ROAD_CLOSED_EVENT'},128,{2},6.0
2e68e89b,2e68e89a4,2020-09-11,21,{'ROAD_CLOSED'},{'ROAD_CLOSED_EVENT'},539,{2},6.0
2e68e89b,2e68e89a4,2020-09-11,22,{'ROAD_CLOSED'},{'ROAD_CLOSED_EVENT'},1439,{2},6.0
2e68e89b,2e68e89a4,2020-09-12,23,{'ROAD_CLOSED'},{'ROAD_CLOSED_EVENT'},808,{2},6.0
2e68e89b,2e68e89a4,2020-09-13,0,{'ROAD_CLOSED'},{'ROAD_CLOSED_EVENT'},716,{2},6.0
2e68e89b,2e68e89a4,2020-09-13,6,{'ROAD_CLOSED'},{'ROAD_CLOSED_EVENT'},10,{2},6.0
2e68e89b,2e68e89a4,2020-09-13,9,{'ROAD_CLOSED'},{'ROAD_CLOSED_EVENT'},2283,{2},6.0
2e68e89b,2e68e89a4,2020-09-14,9,{'ROAD_CLOSED'},{'ROAD_CLOSED_EVENT'},2286,{2},6.0
2e68e89b,2e68e89a4,2020-09-15,6,{'ROAD_CLOSED'},{'ROAD_CLOSED_EVENT'},1,{2},6.0
2e68e89b,2e68e89a4,2020-09-15,8,{'JAM'},"{'JAM_STAND_STILL_TRAFFIC', 'JAM_HEAVY_TRAFFIC'}",60,{7},5.483333333333333
2e68e89b,2e68e89a4,2020-09-15,9,{'ROAD_CLOSED'},{'ROAD_CLOSED_EVENT'},2284,{2},6.0
2e68e89b,2e68e89a4,2020-09-16,9,{'ROAD_CLOSED'},{'ROAD_CLOSED_EVENT'},2284,{2},6.0
2e68e89b,2e68e89a4,2020-09-16,17,{'JAM'},{'JAM'},18,{2},5.0
2e68e89b,2e68e89a4,2020-09-17,9,{'ROAD_CLOSED'},{'ROAD_CLOSED_EVENT'},1577,{2},6.0
2e68e89b,2e68e89a4,2020-09-18,9,{'ROAD_CLOSED'},{'ROAD_CLOSED_EVENT'},2288,{2},6.0
2e68e89b,2e68e89a4,2020-09-18,17,{'JAM'},{'JAM_STAND_STILL_TRAFFIC'},8,{7},5.0
2e68e89b,2e68e89a4,2020-09-18,21,{'ROAD_CLOSED'},{'ROAD_CLOSED_EVENT'},960,{2},6.0
2e68e89b,2e68e89a4,2020-09-19,9,{'ROAD_CLOSED'},{'ROAD_CLOSED_EVENT'},2296,{2},6.0
2e68e89b,2e68e89a4,2020-09-19,21,{'ROAD_CLOSED'},{'ROAD_CLOSED_EVENT'},990,{2},6.0
2e68e89b,2e68e89a4,2020-09-20,9,{'ROAD_CLOSED'},{'ROAD_CLOSED_EVENT'},2279,{2},6.0
2e68e89b,2e68e89a4,2020-09-20,21,{'ROAD_CLOSED'},{'ROAD_CLOSED_EVENT'},976,{2},6.0
2e68e89b,2e68e89a4,2020-09-21,6,{'ROAD_CLOSED'},{'ROAD_CLOSED_EVENT'},6,{2},6.0
2e68e89b,2e68e89a4,2020-09-21,9,{'ROAD_CLOSED'},{'ROAD_CLOSED_EVENT'},2279,{2},6.0
2e68e89b,2e68e89a4,2020-09-21,11,{'ROAD_CLOSED'},{'ROAD_CLOSED_EVENT'},1,{2},6.0
2e68e89b,2e68e89a4,2020-09-21,21,{'ROAD_CLOSED'},{'ROAD_CLOSED_EVENT'},982,{2},6.0
2e68e89b,2e68e89a4,2020-09-22,9,{'ROAD_CLOSED'},{'ROAD_CLOSED_EVENT'},2291,{2},6.0
2e68e89b,2e68e89a4,2020-09-22,11,{'ROAD_CLOSED'},{'ROAD_CLOSED_EVENT'},2,{2},6.0
2e68e89b,2e68e89a4,2020-09-22,15,{'JAM'},"{'JAM', 'JAM_HEAVY_TRAFFIC'}",49,{7},5.0
2e68e89b,2e68e89a4,2020-09-22,16,"{'JAM', 'WEATHERHAZARD'}","{'HAZARD_WEATHER_FLOOD', 'JAM_STAND_STILL_TRAFFIC'}",62,{2},5.935483870967742
2e68e89b,2e68e89a4,2020-09-22,21,{'ROAD_CLOSED'},{'ROAD_CLOSED_EVENT'},992,{2},6.0
2e68e89b,2e68e89a4,2020-09-23,9,{'ROAD_CLOSED'},{'ROAD_CLOSED_EVENT'},2280,{2},6.0
2e68e89b,2e68e89a4,2020-09-23,11,{'ROAD_CLOSED'},{'ROAD_CLOSED_EVENT'},2,{2},6.0
2e68e89b,2e68e89a4,2020-09-23,21,{'ROAD_CLOSED'},{'ROAD_CLOSED_EVENT'},984,{2},6.0
2e68e89b,2e68e89a4,2020-09-24,6,{'ROAD_CLOSED'},{'ROAD_CLOSED_EVENT'},1,{2},6.0
2e68e89b,2e68e89a4,2020-09-24,9,{'ROAD_CLOSED'},{'ROAD_CLOSED_EVENT'},2296,{2},6.0
2e68e89b,2e68e89a4,2020-09-24,11,{'ROAD_CLOSED'},{'ROAD_CLOSED_EVENT'},4,{2},6.0
2e68e89b,2e68e89a4,2020-09-24,21,{'ROAD_CLOSED'},{'ROAD_CLOSED_EVENT'},972,{2},6.0
2e68e89b,2e68e89a4,2020-09-25,9,{'ROAD_CLOSED'},{'ROAD_CLOSED_EVENT'},2284,{2},6.0
2e68e89b,2e68e89a4,2020-09-25,11,{'ROAD_CLOSED'},{'ROAD_CLOSED_EVENT'},3,{2},6.0
2e68e89b,2e68e89a4,2020-09-25,21,{'ROAD_CLOSED'},{'ROAD_CLOSED_EVENT'},976,{2},6.0
2e68e89b,2e68e89a4,2020-09-26,11,{'ROAD_CLOSED'},{'ROAD_CLOSED_EVENT'},5,{2},6.0
2e68e89b,2e68e89a4,2020-09-26,21,{'ROAD_CLOSED'},{'ROAD_CLOSED_EVENT'},864,{2},6.0
2e68e89b,2e68e89a4,2020-09-27,3,{'WEATHERHAZARD'},{'WEATHERHAZARD'},31,{7},5.0
2e68e89b,2e68e89a4,2020-09-27,16,{'JAM'},{'JAM_STAND_STILL_TRAFFIC'},18,{7},5.0
2e68e89b,2e68e89a4,2020-09-27,21,{'ROAD_CLOSED'},{'ROAD_CLOSED_EVENT'},972,{2},6.0
2e68e89b,2e68e89a4,2020-09-28,9,{'ROAD_CLOSED'},{'ROAD_CLOSED_EVENT'},2168,{2},6.0
2e68e89b,2e68e89a4,2020-09-28,21,{'ROAD_CLOSED'},{'ROAD_CLOSED_EVENT'},984,{2},6.0
2e68e89b,2e68e89a4,2020-09-29,9,{'ROAD_CLOSED'},{'ROAD_CLOSED_EVENT'},2165,{2},6.0
2e68e89b,2e68e89a4,2020-09-29,11,{'ROAD_CLOSED'},{'ROAD_CLOSED_EVENT'},4,{2},6.0
2e68e89b,2e68e89a4,2020-09-29,21,{'ROAD_CLOSED'},{'ROAD_CLOSED_EVENT'},984,{2},6.0
2e68e89b,2e68e89a4,2020-09-30,9,{'ROAD_CLOSED'},{'ROAD_CLOSED_EVENT'},2155,{2},6.0
2e68e89b,2e68e89a4,2020-09-30,21,{'ROAD_CLOSED'},{'ROAD_CLOSED_EVENT'},960,{2},6.0
2e68e89b,2e68e89a4,2020-10-01,6,{'ROAD_CLOSED'},{'ROAD_CLOSED_EVENT'},4,{2},6.0
2e68e89b,2e68e89a4,2020-10-01,9,{'ROAD_CLOSED'},{'ROAD_CLOSED_EVENT'},2162,{2},6.0
2e68e89b,2e68e89a4,2020-10-01,11,{'ROAD_CLOSED'},{'ROAD_CLOSED_EVENT'},4,{2},6.0
2e68e89b,2e68e89a4,2020-10-02,6,{'ROAD_CLOSED'},{'ROAD_CLOSED_EVENT'},2,{2},6.0
2e68e89b,2e68e89a4,2020-10-02,9,{'ROAD_CLOSED'},{'ROAD_CLOSED_EVENT'},2160,{2},6.0
2e68e89b,2e68e89a4,2020-10-03,6,{'ROAD_CLOSED'},{'ROAD_CLOSED_EVENT'},1,{2},6.0
2e68e89b,2e68e89a4,2020-10-03,9,{'ROAD_CLOSED'},{'ROAD_CLOSED_EVENT'},2168,{2},6.0
2e68e89b,2e68e89a4,2020-10-04,9,{'ROAD_CLOSED'},{'ROAD_CLOSED_EVENT'},2153,{2},6.0
2e68e89b,2e68e89a4,2020-10-05,9,{'ROAD_CLOSED'},{'ROAD_CLOSED_EVENT'},2158,{2},6.0
2e68e89b,2e68e89a4,2020-10-06,6,{'ROAD_CLOSED'},{'ROAD_CLOSED_EVENT'},5,{2},6.0
2e68e89b,2e68e89a4,2020-10-06,9,{'ROAD_CLOSED'},{'ROAD_CLOSED_EVENT'},2155,{2},6.0
2e68e89b,2e68e89a4,2020-10-07,6,{'ROAD_CLOSED'},{'ROAD_CLOSED_EVENT'},8,{2},6.0
2e68e89b,2e68e89a4,2020-10-07,9,{'ROAD_CLOSED'},{'ROAD_CLOSED_EVENT'},2151,{2},6.0
2e68e89b,2e68e89a4,2020-10-08,9,{'ROAD_CLOSED'},{'ROAD_CLOSED_EVENT'},2172,{2},6.0
2e68e89b,2e68e89a4,2020-10-08,14,{'JAM'},{'JAM_STAND_STILL_TRAFFIC'},6,{7},5.0
2e68e89b,2e68e89a4,2020-10-08,17,{'JAM'},{'JAM_HEAVY_TRAFFIC'},32,{7},5.0
2e68e89b,2e68e89a4,2020-10-09,9,{'ROAD_CLOSED'},{'ROAD_CLOSED_EVENT'},2159,{2},6.0
2e68e89b,2e68e89a4,2020-10-10,6,{'ROAD_CLOSED'},{'ROAD_CLOSED_EVENT'},1,{2},6.0
2e68e89b,2e68e89a4,2020-10-10,9,{'ROAD_CLOSED'},{'ROAD_CLOSED_EVENT'},2154,{2},6.0
2e68e89b,2e68e89a4,2020-10-18,10,{'JAM'},{'JAM_HEAVY_TRAFFIC'},21,{7},5.0
2e68e89b,2e68e89a4,2020-10-19,10,{'ROAD_CLOSED'},{'ROAD_CLOSED_EVENT'},1927,{2},6.0
2e68e89b,2e68e89a4,2020-10-20,10,{'ROAD_CLOSED'},{'ROAD_CLOSED_EVENT'},1928,{2},6.0
2e68e89b,2e68e89a4,2020-10-21,10,{'ROAD_CLOSED'},{'ROAD_CLOSED_EVENT'},1904,{2},6.0
2e68e89b,2e68e89a4,2020-10-22,10,{'ROAD_CLOSED'},{'ROAD_CLOSED_EVENT'},1932,{2},6.7437888198757765
2e68e89b,2e68e89a4,2020-10-23,10,{'ROAD_CLOSED'},{'ROAD_CLOSED_EVENT'},1929,{2},6.0
2e68e89b,2e68e89a4,2020-10-23,17,{'JAM'},{'JAM_MODERATE_TRAFFIC'},30,{2},5.0
2e68e89b,2e68e89a4,2020-10-24,6,{'ROAD_CLOSED'},{'ROAD_CLOSED_EVENT'},6,{2},6.0
2e68e89b,2e68e89a4,2020-10-24,10,"{'JAM', 'ROAD_CLOSED'}","{'JAM', 'ROAD_CLOSED_EVENT'}",1950,"{2, 7}",5.984615384615385
2e68e89b,2e68e89a4,2020-10-25,10,{'ROAD_CLOSED'},{'ROAD_CLOSED_EVENT'},1928,{2},6.0
2e68e89b,2e68e89a4,2020-10-26,10,{'ROAD_CLOSED'},{'ROAD_CLOSED_EVENT'},1935,{2},6.0
2e68e89b,2e68e89a4,2020-10-26,16,{'JAM'},{'JAM_STAND_STILL_TRAFFIC'},30,{7},5.0
2e68e89b,2e68e89a4,2020-10-27,10,{'ROAD_CLOSED'},{'ROAD_CLOSED_EVENT'},1939,{2},6.0
2e68e89b,2e68e89a4,2020-10-27,18,{'JAM'},{'JAM_STAND_STILL_TRAFFIC'},33,{7},5.0
2e68e89b,2e68e89a4,2020-10-28,10,{'ROAD_CLOSED'},{'ROAD_CLOSED_EVENT'},1928,{2},6.0
2e68e89b,2e68e89a4,2020-10-29,10,{'ROAD_CLOSED'},{'ROAD_CLOSED_EVENT'},1929,{2},6.0
2e68e89b,2e68e89a4,2020-10-30,10,{'ROAD_CLOSED'},{'ROAD_CLOSED_EVENT'},1937,{2},6.0
2e68e89b,2e68e89a4,2020-10-31,10,{'ROAD_CLOSED'},{'ROAD_CLOSED_EVENT'},1929,{2},6.0
2e68e89b,2e68e89a4,2020-10-31,13,{'JAM'},{'JAM_HEAVY_TRAFFIC'},10,{7},5.0
2e68e89b,2e68e89a4,2020-11-02,19,{'JAM'},{'JAM_STAND_STILL_TRAFFIC'},28,{7},5.571428571428571
2e68e89b,2e68e89a4,2020-11-04,12,{'JAM'},{'JAM_HEAVY_TRAFFIC'},31,{2},5.0
2e68e89b,2e68e89a4,2020-11-05,14,{'JAM'},{'JAM'},30,{7},5.0
2e68e89b,2e68e89a4,2020-11-07,14,{'JAM'},{'JAM_MODERATE_TRAFFIC'},13,{7},5.0
2e68e89b,2e68e89a4,2020-11-07,19,{'JAM'},{'JAM_STAND_STILL_TRAFFIC'},31,{7},5.0
2e68e89b,2e68e89a4,2020-11-08,11,{'JAM'},{'JAM_STAND_STILL_TRAFFIC'},7,{7},5.571428571428571
2e68e89b,2e68e89a4,2020-11-11,13,{'JAM'},{'JAM_HEAVY_TRAFFIC'},6,{7},5.0
2e68e89b,2e68e89a4,2020-11-16,14,{'JAM'},{'JAM'},31,{7},5.0
2e68e89b,2e68e89a4,2020-11-18,14,{'JAM'},{'JAM_HEAVY_TRAFFIC'},26,{7},5.346153846153846
2e68e89b,2e68e89a4,2020-11-22,12,{'JAM'},{'JAM_HEAVY_TRAFFIC'},30,{2},5.0
2e68e89b,2e68e89ac,2020-09-01,9,{'ROAD_CLOSED'},{'ROAD_CLOSED_EVENT'},1619,{2},6.0
2e68e89b,2e68e89ac,2020-09-02,9,{'ROAD_CLOSED'},{'ROAD_CLOSED_EVENT'},1625,{2},6.0
2e68e89b,2e68e89ac,2020-09-03,9,{'ROAD_CLOSED'},{'ROAD_CLOSED_EVENT'},1620,{2},6.0
2e68e89b,2e68e89ac,2020-09-04,9,{'ROAD_CLOSED'},{'ROAD_CLOSED_EVENT'},1614,{2},6.0
2e68e89b,2e68e89ac,2020-09-05,9,{'ROAD_CLOSED'},{'ROAD_CLOSED_EVENT'},1623,{2},6.0
2e68e89b,2e68e89ac,2020-09-06,6,{'ROAD_CLOSED'},{'ROAD_CLOSED_EVENT'},3,{2},6.0
2e68e89b,2e68e89ac,2020-09-06,9,{'ROAD_CLOSED'},{'ROAD_CLOSED_EVENT'},228,{2},6.0
2e68e89b,2e68e89ac,2020-09-07,9,{'ROAD_CLOSED'},{'ROAD_CLOSED_EVENT'},1617,{2},6.0
2e68e89b,2e68e89ac,2020-09-08,6,{'ROAD_CLOSED'},{'ROAD_CLOSED_EVENT'},2,{2},6.0
2e68e89b,2e68e89ac,2020-09-08,9,{'ROAD_CLOSED'},{'ROAD_CLOSED_EVENT'},1623,{2},6.0
2e68e89b,2e68e89ac,2020-09-09,6,{'ROAD_CLOSED'},{'ROAD_CLOSED_EVENT'},1,{2},6.0
2e68e89b,2e68e89ac,2020-09-09,9,{'ROAD_CLOSED'},{'ROAD_CLOSED_EVENT'},9,{2},6.0
2e68e89b,2e68e89ac,2020-09-09,18,{'ROAD_CLOSED'},{'ROAD_CLOSED_EVENT'},84,{2},6.0
2e68e89b,2e68e89ac,2020-09-09,21,{'ROAD_CLOSED'},{'ROAD_CLOSED_EVENT'},541,{2},6.0
2e68e89b,2e68e89ac,2020-09-09,22,{'ROAD_CLOSED'},{'ROAD_CLOSED_EVENT'},958,{2},6.0
2e68e89b,2e68e89ac,2020-09-10,9,{'ROAD_CLOSED'},{'ROAD_CLOSED_EVENT'},101,{2},6.0
2e68e89b,2e68e89ac,2020-09-10,21,{'ROAD_CLOSED'},{'ROAD_CLOSED_EVENT'},1079,{2},6.0
2e68e89b,2e68e89ac,2020-09-10,22,{'ROAD_CLOSED'},{'ROAD_CLOSED_EVENT'},478,{2},6.0
2e68e89b,2e68e89ac,2020-09-11,6,{'ROAD_CLOSED'},{'ROAD_CLOSED_EVENT'},1,{2},6.0
2e68e89b,2e68e89ac,2020-09-11,9,{'ROAD_CLOSED'},{'ROAD_CLOSED_EVENT'},95,{2},6.0
2e68e89b,2e68e89ac,2020-09-11,22,{'ROAD_CLOSED'},{'ROAD_CLOSED_EVENT'},1439,{2},6.0
2e68e89b,2e68e89ac,2020-09-12,23,{'ROAD_CLOSED'},{'ROAD_CLOSED_EVENT'},808,{2},6.0
2e68e89b,2e68e89ac,2020-09-13,0,{'ROAD_CLOSED'},{'ROAD_CLOSED_EVENT'},358,{2},6.0
2e68e89b,2e68e89ac,2020-09-13,6,{'ROAD_CLOSED'},{'ROAD_CLOSED_EVENT'},6,{2},6.0
2e68e89b,2e68e89ac,2020-09-13,9,{'ROAD_CLOSED'},{'ROAD_CLOSED_EVENT'},1711,{2},6.0
2e68e89b,2e68e89ac,2020-09-14,9,{'ROAD_CLOSED'},{'ROAD_CLOSED_EVENT'},1713,{2},6.0
2e68e89b,2e68e89ac,2020-09-15,8,{'JAM'},{'JAM_STAND_STILL_TRAFFIC'},30,{7},5.0
2e68e89b,2e68e89ac,2020-09-15,9,{'ROAD_CLOSED'},{'ROAD_CLOSED_EVENT'},1713,{2},6.0
2e68e89b,2e68e89ac,2020-09-16,9,{'ROAD_CLOSED'},{'ROAD_CLOSED_EVENT'},1713,{2},6.0
2e68e89b,2e68e89ac,2020-09-17,9,{'ROAD_CLOSED'},{'ROAD_CLOSED_EVENT'},1182,{2},6.0
2e68e89b,2e68e89ac,2020-09-18,9,{'ROAD_CLOSED'},{'ROAD_CLOSED_EVENT'},1714,{2},6.0
2e68e89b,2e68e89ac,2020-09-18,21,{'ROAD_CLOSED'},{'ROAD_CLOSED_EVENT'},360,{2},6.0
2e68e89b,2e68e89ac,2020-09-19,9,{'ROAD_CLOSED'},{'ROAD_CLOSED_EVENT'},1722,{2},6.0
2e68e89b,2e68e89ac,2020-09-19,21,{'ROAD_CLOSED'},{'ROAD_CLOSED_EVENT'},371,{2},6.0
2e68e89b,2e68e89ac,2020-09-20,9,{'ROAD_CLOSED'},{'ROAD_CLOSED_EVENT'},1708,{2},6.0
2e68e89b,2e68e89ac,2020-09-20,21,{'ROAD_CLOSED'},{'ROAD_CLOSED_EVENT'},366,{2},6.0
2e68e89b,2e68e89ac,2020-09-21,6,{'ROAD_CLOSED'},{'ROAD_CLOSED_EVENT'},6,{2},6.0
2e68e89b,2e68e89ac,2020-09-21,9,{'ROAD_CLOSED'},{'ROAD_CLOSED_EVENT'},1713,{2},6.0
2e68e89b,2e68e89ac,2020-09-21,11,{'ROAD_CLOSED'},{'ROAD_CLOSED_EVENT'},1,{2},6.0
2e68e89b,2e68e89ac,2020-09-21,21,{'ROAD_CLOSED'},{'ROAD_CLOSED_EVENT'},369,{2},6.0
2e68e89b,2e68e89ac,2020-09-22,9,{'ROAD_CLOSED'},{'ROAD_CLOSED_EVENT'},1715,{2},6.0
2e68e89b,2e68e89ac,2020-09-22,21,{'ROAD_CLOSED'},{'ROAD_CLOSED_EVENT'},372,{2},6.0
2e68e89b,2e68e89ac,2020-09-23,9,{'ROAD_CLOSED'},{'ROAD_CLOSED_EVENT'},1710,{2},6.0
2e68e89b,2e68e89ac,2020-09-23,21,{'ROAD_CLOSED'},{'ROAD_CLOSED_EVENT'},369,{2},6.0
2e68e89b,2e68e89ac,2020-09-24,6,{'ROAD_CLOSED'},{'ROAD_CLOSED_EVENT'},1,{2},6.0
2e68e89b,2e68e89ac,2020-09-24,9,{'ROAD_CLOSED'},{'ROAD_CLOSED_EVENT'},1722,{2},6.0
2e68e89b,2e68e89ac,2020-09-24,11,{'ROAD_CLOSED'},{'ROAD_CLOSED_EVENT'},4,{2},6.0
2e68e89b,2e68e89ac,2020-09-24,21,{'ROAD_CLOSED'},{'ROAD_CLOSED_EVENT'},365,{2},6.0
2e68e89b,2e68e89ac,2020-09-25,9,{'ROAD_CLOSED'},{'ROAD_CLOSED_EVENT'},1714,{2},6.0
2e68e89b,2e68e89ac,2020-09-25,21,{'ROAD_CLOSED'},{'ROAD_CLOSED_EVENT'},366,{2},6.0
2e68e89b,2e68e89ac,2020-09-26,11,{'ROAD_CLOSED'},{'ROAD_CLOSED_EVENT'},3,{2},6.0
2e68e89b,2e68e89ac,2020-09-26,21,{'ROAD_CLOSED'},{'ROAD_CLOSED_EVENT'},324,{2},6.0
2e68e89b,2e68e89ac,2020-09-27,21,{'ROAD_CLOSED'},{'ROAD_CLOSED_EVENT'},367,{2},6.0
2e68e89b,2e68e89ac,2020-09-28,9,{'ROAD_CLOSED'},{'ROAD_CLOSED_EVENT'},1626,{2},6.0
2e68e89b,2e68e89ac,2020-09-28,21,{'ROAD_CLOSED'},{'ROAD_CLOSED_EVENT'},369,{2},6.0
2e68e89b,2e68e89ac,2020-09-29,9,{'ROAD_CLOSED'},{'ROAD_CLOSED_EVENT'},1625,{2},6.0
2e68e89b,2e68e89ac,2020-09-29,11,{'ROAD_CLOSED'},{'ROAD_CLOSED_EVENT'},3,{2},6.0
2e68e89b,2e68e89ac,2020-09-29,21,{'ROAD_CLOSED'},{'ROAD_CLOSED_EVENT'},369,{2},6.0
2e68e89b,2e68e89ac,2020-09-30,9,{'ROAD_CLOSED'},{'ROAD_CLOSED_EVENT'},1615,{2},6.0
2e68e89b,2e68e89ac,2020-09-30,21,{'ROAD_CLOSED'},{'ROAD_CLOSED_EVENT'},360,{2},6.0
2e68e89b,2e68e89ac,2020-10-01,6,{'ROAD_CLOSED'},{'ROAD_CLOSED_EVENT'},2,{2},6.0
2e68e89b,2e68e89ac,2020-10-01,9,{'ROAD_CLOSED'},{'ROAD_CLOSED_EVENT'},1621,{2},6.0
2e68e89b,2e68e89ac,2020-10-01,11,{'ROAD_CLOSED'},{'ROAD_CLOSED_EVENT'},1,{2},6.0
2e68e89b,2e68e89ac,2020-10-02,6,{'ROAD_CLOSED'},{'ROAD_CLOSED_EVENT'},1,{2},6.0
2e68e89b,2e68e89ac,2020-10-02,9,{'ROAD_CLOSED'},{'ROAD_CLOSED_EVENT'},1620,{2},6.0
2e68e89b,2e68e89ac,2020-10-03,9,{'ROAD_CLOSED'},{'ROAD_CLOSED_EVENT'},1626,{2},6.0
2e68e89b,2e68e89ac,2020-10-04,9,{'ROAD_CLOSED'},{'ROAD_CLOSED_EVENT'},1614,{2},6.0
2e68e89b,2e68e89ac,2020-10-05,9,{'ROAD_CLOSED'},{'ROAD_CLOSED_EVENT'},1620,{2},6.0
2e68e89b,2e68e89ac,2020-10-06,6,{'ROAD_CLOSED'},{'ROAD_CLOSED_EVENT'},3,{2},6.0
2e68e89b,2e68e89ac,2020-10-06,9,{'ROAD_CLOSED'},{'ROAD_CLOSED_EVENT'},1615,{2},6.0
2e68e89b,2e68e89ac,2020-10-07,6,{'ROAD_CLOSED'},{'ROAD_CLOSED_EVENT'},4,{2},6.0
2e68e89b,2e68e89ac,2020-10-07,9,{'ROAD_CLOSED'},{'ROAD_CLOSED_EVENT'},1612,{2},6.0
2e68e89b,2e68e89ac,2020-10-08,9,{'ROAD_CLOSED'},{'ROAD_CLOSED_EVENT'},1629,{2},6.0
2e68e89b,2e68e89ac,2020-10-09,9,{'ROAD_CLOSED'},{'ROAD_CLOSED_EVENT'},1620,{2},6.0
2e68e89b,2e68e89ac,2020-10-09,17,{'JAM'},{'JAM_STAND_STILL_TRAFFIC'},8,{7},5.0
2e68e89b,2e68e89ac,2020-10-10,9,{'ROAD_CLOSED'},{'ROAD_CLOSED_EVENT'},1614,{2},6.0
2e68e89b,2e68e89ac,2020-10-19,10,{'ROAD_CLOSED'},{'ROAD_CLOSED_EVENT'},1445,{2},6.0
2e68e89b,2e68e89ac,2020-10-20,10,{'ROAD_CLOSED'},{'ROAD_CLOSED_EVENT'},1446,{2},6.0
2e68e89b,2e68e89ac,2020-10-21,10,{'ROAD_CLOSED'},{'ROAD_CLOSED_EVENT'},1428,{2},6.0
2e68e89b,2e68e89ac,2020-10-22,10,{'ROAD_CLOSED'},{'ROAD_CLOSED_EVENT'},1449,{2},6.991718426501035
2e68e89b,2e68e89ac,2020-10-23,10,{'ROAD_CLOSED'},{'ROAD_CLOSED_EVENT'},1446,{2},6.0
2e68e89b,2e68e89ac,2020-10-24,6,{'ROAD_CLOSED'},{'ROAD_CLOSED_EVENT'},9,{2},6.0
2e68e89b,2e68e89ac,2020-10-24,10,{'ROAD_CLOSED'},{'ROAD_CLOSED_EVENT'},1440,{2},6.0
2e68e89b,2e68e89ac,2020-10-25,10,{'ROAD_CLOSED'},{'ROAD_CLOSED_EVENT'},1448,{2},6.0
2e68e89b,2e68e89ac,2020-10-26,6,{'ROAD_CLOSED'},{'ROAD_CLOSED_EVENT'},1,{2},6.0
2e68e89b,2e68e89ac,2020-10-26,10,{'ROAD_CLOSED'},{'ROAD_CLOSED_EVENT'},1452,{2},6.0
2e68e89b,2e68e89ac,2020-10-27,10,{'ROAD_CLOSED'},{'ROAD_CLOSED_EVENT'},1453,{2},6.0
2e68e89b,2e68e89ac,2020-10-28,10,{'ROAD_CLOSED'},{'ROAD_CLOSED_EVENT'},1446,{2},6.0
2e68e89b,2e68e89ac,2020-10-29,10,{'ROAD_CLOSED'},{'ROAD_CLOSED_EVENT'},1447,{2},6.0
2e68e89b,2e68e89ac,2020-10-30,10,{'ROAD_CLOSED'},{'ROAD_CLOSED_EVENT'},1452,{2},6.0
2e68e89b,2e68e89ac,2020-10-31,10,{'ROAD_CLOSED'},{'ROAD_CLOSED_EVENT'},1446,{2},6.0
2e68e89b,2e68e89ac,2020-10-31,15,{'JAM'},{'JAM_HEAVY_TRAFFIC'},16,{7},5.0
2e68e89b,2e68e89ac,2020-11-12,14,{'JAM'},{'JAM_MODERATE_TRAFFIC'},10,{7},5.0
2e68e89b,2e68e89ac,2020-11-18,7,{'JAM'},{'JAM_HEAVY_TRAFFIC'},9,{7},5.888888888888889
2e68e89d,2e68e89c4,2020-11-02,18,{'JAM'},{'JAM_STAND_STILL_TRAFFIC'},21,{2},5.0
2e68e89d,2e68e89cc,2020-09-02,11,{'JAM'},{'JAM_MODERATE_TRAFFIC'},30,{2},5.0
2e68e89d,2e68e89cc,2020-09-02,16,{'JAM'},{'JAM_STAND_STILL_TRAFFIC'},32,{2},5.625
2e68e89d,2e68e89cc,2020-09-16,13,{'JAM'},{'JAM_STAND_STILL_TRAFFIC'},25,{2},5.0
2e68e89d,2e68e89cc,2020-09-18,15,{'JAM'},{'JAM_HEAVY_TRAFFIC'},29,{2},5.0
2e68e89d,2e68e89cc,2020-09-20,10,{'JAM'},{'JAM_MODERATE_TRAFFIC'},30,{2},5.0
2e68e89d,2e68e89cc,2020-10-06,15,{'JAM'},{'JAM_HEAVY_TRAFFIC'},45,{2},5.4
2e68e89d,2e68e89cc,2020-10-09,15,{'JAM'},{'JAM_HEAVY_TRAFFIC'},31,{2},5.0
2e68e89d,2e68e89cc,2020-10-15,15,{'JAM'},{'JAM_STAND_STILL_TRAFFIC'},31,{2},5.0
2e68e89d,2e68e89cc,2020-10-28,17,{'JAM'},{'JAM_STAND_STILL_TRAFFIC'},30,{2},5.0
2e68e89d,2e68e89d4,2020-10-25,14,{'JAM'},{'JAM_MODERATE_TRAFFIC'},30,{2},5.0
2e68e89f,2e68e89e4,2020-10-16,8,{'JAM'},{'JAM_HEAVY_TRAFFIC'},19,{2},5.631578947368421
2e68e89f,2e68e89e4,2020-10-21,11,{'JAM'},{'JAM_HEAVY_TRAFFIC'},31,{2},5.0
2e68e89f,2e68e89e4,2020-10-25,10,{'JAM'},{'JAM_HEAVY_TRAFFIC'},31,{2},5.0
2e68e89f,2e68e89e4,2020-10-29,10,{'JAM'},{'JAM_HEAVY_TRAFFIC'},32,{2},5.46875
2e68e89f,2e68e89e4,2020-11-05,9,{'JAM'},{'JAM_HEAVY_TRAFFIC'},31,{2},5.0
2e68e89f,2e68e89ec,2020-09-01,9,{'ROAD_CLOSED'},{'ROAD_CLOSED_EVENT'},1079,{7},6.0
2e68e89f,2e68e89ec,2020-09-02,9,{'ROAD_CLOSED'},{'ROAD_CLOSED_EVENT'},1083,{7},6.0
2e68e89f,2e68e89ec,2020-09-02,10,{'JAM'},"{'JAM_MODERATE_TRAFFIC', 'JAM_HEAVY_TRAFFIC'}",92,{2},5.326086956521739
2e68e89f,2e68e89ec,2020-09-03,9,{'ROAD_CLOSED'},{'ROAD_CLOSED_EVENT'},1080,{7},6.0
2e68e89f,2e68e89ec,2020-09-04,9,{'ROAD_CLOSED'},{'ROAD_CLOSED_EVENT'},1076,{7},6.0
2e68e89f,2e68e89ec,2020-09-05,6,{'ROAD_CLOSED'},{'ROAD_CLOSED_EVENT'},1,{7},6.0
2e68e89f,2e68e89ec,2020-09-05,7,{'JAM'},{'JAM_HEAVY_TRAFFIC'},30,{2},5.0
2e68e89f,2e68e89ec,2020-09-05,9,{'ROAD_CLOSED'},{'ROAD_CLOSED_EVENT'},1082,{7},6.0
2e68e89f,2e68e89ec,2020-09-06,9,{'ROAD_CLOSED'},{'ROAD_CLOSED_EVENT'},152,{7},6.0
2e68e89f,2e68e89ec,2020-09-07,9,{'ROAD_CLOSED'},{'ROAD_CLOSED_EVENT'},1078,{7},6.0
2e68e89f,2e68e89ec,2020-09-08,9,{'ROAD_CLOSED'},{'ROAD_CLOSED_EVENT'},1082,{7},6.0
2e68e89f,2e68e89ec,2020-09-09,9,{'ROAD_CLOSED'},{'ROAD_CLOSED_EVENT'},1085,{7},6.0
2e68e89f,2e68e89ec,2020-09-12,7,{'JAM'},{'JAM_STAND_STILL_TRAFFIC'},32,{2},5.0
2e68e89f,2e68e89ec,2020-09-12,8,{'JAM'},{'JAM_HEAVY_TRAFFIC'},39,{2},5.410256410256411
2e68e89f,2e68e89ec,2020-09-12,23,{'ROAD_CLOSED'},{'ROAD_CLOSED_EVENT'},405,{7},6.0
2e68e89f,2e68e89ec,2020-09-13,0,{'ROAD_CLOSED'},{'ROAD_CLOSED_EVENT'},358,{7},6.0
2e68e89f,2e68e89ec,2020-09-13,6,{'ROAD_CLOSED'},{'ROAD_CLOSED_EVENT'},7,{7},6.0
2e68e89f,2e68e89ec,2020-09-13,9,{'ROAD_CLOSED'},{'ROAD_CLOSED_EVENT'},1140,{7},6.0
2e68e89f,2e68e89ec,2020-09-14,9,{'ROAD_CLOSED'},{'ROAD_CLOSED_EVENT'},1142,{7},6.0
2e68e89f,2e68e89ec,2020-09-15,9,{'ROAD_CLOSED'},{'ROAD_CLOSED_EVENT'},1140,{7},6.0
2e68e89f,2e68e89ec,2020-09-16,9,{'ROAD_CLOSED'},{'ROAD_CLOSED_EVENT'},1142,{7},6.0
2e68e89f,2e68e89ec,2020-09-17,9,{'ROAD_CLOSED'},{'ROAD_CLOSED_EVENT'},789,{7},6.0
2e68e89f,2e68e89ec,2020-09-18,9,{'ROAD_CLOSED'},{'ROAD_CLOSED_EVENT'},1143,{7},6.0
2e68e89f,2e68e89ec,2020-09-18,21,{'ROAD_CLOSED'},{'ROAD_CLOSED_EVENT'},240,{7},6.0
2e68e89f,2e68e89ec,2020-09-19,8,{'JAM'},{'JAM_STAND_STILL_TRAFFIC'},31,{2},5.0
2e68e89f,2e68e89ec,2020-09-19,9,{'ROAD_CLOSED'},{'ROAD_CLOSED_EVENT'},1148,{7},6.0
2e68e89f,2e68e89ec,2020-09-19,21,{'ROAD_CLOSED'},{'ROAD_CLOSED_EVENT'},248,{7},6.0
2e68e89f,2e68e89ec,2020-09-20,9,{'ROAD_CLOSED'},{'ROAD_CLOSED_EVENT'},1140,{7},6.0
2e68e89f,2e68e89ec,2020-09-20,21,{'ROAD_CLOSED'},{'ROAD_CLOSED_EVENT'},244,{7},6.0
2e68e89f,2e68e89ec,2020-09-21,6,{'ROAD_CLOSED'},{'ROAD_CLOSED_EVENT'},4,{7},6.0
2e68e89f,2e68e89ec,2020-09-21,9,{'ROAD_CLOSED'},{'ROAD_CLOSED_EVENT'},1144,{7},6.0
2e68e89f,2e68e89ec,2020-09-21,21,{'ROAD_CLOSED'},{'ROAD_CLOSED_EVENT'},246,{7},6.0
2e68e89f,2e68e89ec,2020-09-22,9,{'ROAD_CLOSED'},{'ROAD_CLOSED_EVENT'},1144,{7},6.0
2e68e89f,2e68e89ec,2020-09-22,21,{'ROAD_CLOSED'},{'ROAD_CLOSED_EVENT'},248,{7},6.0
2e68e89f,2e68e89ec,2020-09-23,9,{'ROAD_CLOSED'},{'ROAD_CLOSED_EVENT'},1140,{7},6.0
2e68e89f,2e68e89ec,2020-09-23,21,{'ROAD_CLOSED'},{'ROAD_CLOSED_EVENT'},246,{7},6.0
2e68e89f,2e68e89ec,2020-09-24,9,{'ROAD_CLOSED'},{'ROAD_CLOSED_EVENT'},1149,{7},6.0
2e68e89f,2e68e89ec,2020-09-24,11,{'ROAD_CLOSED'},{'ROAD_CLOSED_EVENT'},4,{7},6.0
2e68e89f,2e68e89ec,2020-09-24,21,{'ROAD_CLOSED'},{'ROAD_CLOSED_EVENT'},243,{7},6.0
2e68e89f,2e68e89ec,2020-09-25,9,{'ROAD_CLOSED'},{'ROAD_CLOSED_EVENT'},1142,{7},6.0
2e68e89f,2e68e89ec,2020-09-25,21,{'ROAD_CLOSED'},{'ROAD_CLOSED_EVENT'},244,{7},6.0
2e68e89f,2e68e89ec,2020-09-26,9,{'JAM'},{'JAM_HEAVY_TRAFFIC'},31,{2},5.0
2e68e89f,2e68e89ec,2020-09-26,21,{'ROAD_CLOSED'},{'ROAD_CLOSED_EVENT'},216,{7},6.0
2e68e89f,2e68e89ec,2020-09-27,21,{'ROAD_CLOSED'},{'ROAD_CLOSED_EVENT'},244,{7},6.0
2e68e89f,2e68e89ec,2020-09-28,9,{'ROAD_CLOSED'},{'ROAD_CLOSED_EVENT'},1084,{7},6.0
2e68e89f,2e68e89ec,2020-09-28,21,{'ROAD_CLOSED'},{'ROAD_CLOSED_EVENT'},246,{7},6.0
2e68e89f,2e68e89ec,2020-09-29,9,{'ROAD_CLOSED'},{'ROAD_CLOSED_EVENT'},1082,{7},6.0
2e68e89f,2e68e89ec,2020-09-29,11,{'ROAD_CLOSED'},{'ROAD_CLOSED_EVENT'},3,{7},6.0
2e68e89f,2e68e89ec,2020-09-29,21,{'ROAD_CLOSED'},{'ROAD_CLOSED_EVENT'},246,{7},6.0
2e68e89f,2e68e89ec,2020-09-30,9,{'ROAD_CLOSED'},{'ROAD_CLOSED_EVENT'},1077,{7},6.0
2e68e89f,2e68e89ec,2020-09-30,21,{'ROAD_CLOSED'},{'ROAD_CLOSED_EVENT'},240,{7},6.0
2e68e89f,2e68e89ec,2020-10-01,6,{'ROAD_CLOSED'},{'ROAD_CLOSED_EVENT'},4,{7},6.0
2e68e89f,2e68e89ec,2020-10-01,9,{'ROAD_CLOSED'},{'ROAD_CLOSED_EVENT'},1082,{7},6.0
2e68e89f,2e68e89ec,2020-10-01,11,{'ROAD_CLOSED'},{'ROAD_CLOSED_EVENT'},1,{7},6.0
2e68e89f,2e68e89ec,2020-10-02,9,{'ROAD_CLOSED'},{'ROAD_CLOSED_EVENT'},1080,{7},6.0
2e68e89f,2e68e89ec,2020-10-03,9,{'ROAD_CLOSED'},{'ROAD_CLOSED_EVENT'},1084,{7},6.0
2e68e89f,2e68e89ec,2020-10-04,9,{'ROAD_CLOSED'},{'ROAD_CLOSED_EVENT'},1076,{7},6.0
2e68e89f,2e68e89ec,2020-10-05,9,{'ROAD_CLOSED'},{'ROAD_CLOSED_EVENT'},1080,{7},6.0
2e68e89f,2e68e89ec,2020-10-06,9,{'ROAD_CLOSED'},{'ROAD_CLOSED_EVENT'},1077,{7},6.0
2e68e89f,2e68e89ec,2020-10-07,9,{'ROAD_CLOSED'},{'ROAD_CLOSED_EVENT'},1074,{7},6.0
2e68e89f,2e68e89ec,2020-10-08,9,{'ROAD_CLOSED'},{'ROAD_CLOSED_EVENT'},1086,{7},6.0
2e68e89f,2e68e89ec,2020-10-09,9,{'ROAD_CLOSED'},{'ROAD_CLOSED_EVENT'},1077,{7},6.0
2e68e89f,2e68e89ec,2020-10-10,9,{'ROAD_CLOSED'},{'ROAD_CLOSED_EVENT'},1077,{7},6.0
2e68e89f,2e68e89ec,2020-10-17,10,{'JAM'},{'JAM_HEAVY_TRAFFIC'},43,{2},5.348837209302325
2e68e89f,2e68e89ec,2020-10-19,10,{'ROAD_CLOSED'},{'ROAD_CLOSED_EVENT'},964,{7},6.0
2e68e89f,2e68e89ec,2020-10-20,10,{'ROAD_CLOSED'},{'ROAD_CLOSED_EVENT'},964,{7},6.0
2e68e89f,2e68e89ec,2020-10-21,10,{'ROAD_CLOSED'},{'ROAD_CLOSED_EVENT'},952,{7},6.0
2e68e89f,2e68e89ec,2020-10-22,10,{'ROAD_CLOSED'},{'ROAD_CLOSED_EVENT'},966,{7},6.496894409937888
2e68e89f,2e68e89ec,2020-10-23,10,{'ROAD_CLOSED'},{'ROAD_CLOSED_EVENT'},964,{7},6.0
2e68e89f,2e68e89ec,2020-10-24,6,{'ROAD_CLOSED'},{'ROAD_CLOSED_EVENT'},2,{7},6.0
2e68e89f,2e68e89ec,2020-10-24,10,{'ROAD_CLOSED'},{'ROAD_CLOSED_EVENT'},960,{7},6.0
2e68e89f,2e68e89ec,2020-10-25,10,{'ROAD_CLOSED'},{'ROAD_CLOSED_EVENT'},966,{7},6.0
2e68e89f,2e68e89ec,2020-10-26,10,{'ROAD_CLOSED'},{'ROAD_CLOSED_EVENT'},968,{7},6.0
2e68e89f,2e68e89ec,2020-10-27,10,{'ROAD_CLOSED'},{'ROAD_CLOSED_EVENT'},969,{7},6.0
2e68e89f,2e68e89ec,2020-10-28,10,{'ROAD_CLOSED'},{'ROAD_CLOSED_EVENT'},964,{7},6.0
2e68e89f,2e68e89ec,2020-10-29,10,{'ROAD_CLOSED'},{'ROAD_CLOSED_EVENT'},964,{7},6.0
2e68e89f,2e68e89ec,2020-10-30,10,{'ROAD_CLOSED'},{'ROAD_CLOSED_EVENT'},966,{7},6.0
2e68e89f,2e68e89ec,2020-10-31,10,"{'JAM', 'ROAD_CLOSED'}","{'ROAD_CLOSED_EVENT', 'JAM_HEAVY_TRAFFIC'}",1025,"{2, 7}",5.998048780487805
2e68e89f,2e68e89ec,2020-11-01,6,{'ROAD_CLOSED'},{'ROAD_CLOSED_EVENT'},3,{7},6.0
2e68e89f,2e68e89fc,2020-09-02,10,{'JAM'},{'JAM_MODERATE_TRAFFIC'},30,{2},5.0
2e68e89f,2e68e89fc,2020-09-28,14,{'JAM'},{'JAM_STAND_STILL_TRAFFIC'},30,{2},5.966666666666667
2e68e89f,2e68e89fc,2020-10-01,7,{'JAM'},{'JAM_HEAVY_TRAFFIC'},30,{1},5.0
2e68e89f,2e68e89fc,2020-10-29,10,{'JAM'},{'JAM_HEAVY_TRAFFIC'},61,{2},5.0
2e68e89f,2e68e89fc,2020-11-04,10,{'JAM'},{'JAM_MODERATE_TRAFFIC'},30,{2},5.0
2e68e8a1,2e68e8a04,2020-10-19,9,{'JAM'},{'JAM_STAND_STILL_TRAFFIC'},30,{2},5.0
2e68e8a1,2e68e8a04,2020-11-02,8,{'JAM'},{'JAM_MODERATE_TRAFFIC'},30,{2},5.0
2e68e8a1,2e68e8a04,2020-11-02,9,{'JAM'},{'JAM_STAND_STILL_TRAFFIC'},30,{2},5.0
2e68e8a1,2e68e8a1c,2020-10-17,12,{'JAM'},{'JAM_HEAVY_TRAFFIC'},17,{2},5.0
2e68e8a3,2e68e8a2c,2020-09-01,9,{'ROAD_CLOSED'},{'ROAD_CLOSED_EVENT'},1079,{2},6.0
2e68e8a3,2e68e8a2c,2020-09-02,9,{'ROAD_CLOSED'},{'ROAD_CLOSED_EVENT'},1084,{2},6.0
2e68e8a3,2e68e8a2c,2020-09-03,9,{'ROAD_CLOSED'},{'ROAD_CLOSED_EVENT'},1080,{2},6.0
2e68e8a3,2e68e8a2c,2020-09-03,10,{'JAM'},{'JAM_STAND_STILL_TRAFFIC'},12,{7},5.0
2e68e8a3,2e68e8a2c,2020-09-04,9,{'ROAD_CLOSED'},{'ROAD_CLOSED_EVENT'},1076,{2},6.0
2e68e8a3,2e68e8a2c,2020-09-05,9,{'ROAD_CLOSED'},{'ROAD_CLOSED_EVENT'},1080,{2},6.0
2e68e8a3,2e68e8a2c,2020-09-06,9,{'ROAD_CLOSED'},{'ROAD_CLOSED_EVENT'},152,{2},6.0
2e68e8a3,2e68e8a2c,2020-09-07,9,{'ROAD_CLOSED'},{'ROAD_CLOSED_EVENT'},1078,{2},6.0
2e68e8a3,2e68e8a2c,2020-09-08,9,{'ROAD_CLOSED'},{'ROAD_CLOSED_EVENT'},1082,{2},6.0
2e68e8a3,2e68e8a2c,2020-09-09,9,{'ROAD_CLOSED'},{'ROAD_CLOSED_EVENT'},7,{2},6.0
2e68e8a3,2e68e8a2c,2020-09-09,18,{'ROAD_CLOSED'},{'ROAD_CLOSED_EVENT'},58,{2},6.0
2e68e8a3,2e68e8a2c,2020-09-09,21,{'ROAD_CLOSED'},{'ROAD_CLOSED_EVENT'},540,{2},6.0
2e68e8a3,2e68e8a2c,2020-09-09,22,{'ROAD_CLOSED'},{'ROAD_CLOSED_EVENT'},479,{2},6.0
2e68e8a3,2e68e8a2c,2020-09-10,9,{'ROAD_CLOSED'},{'ROAD_CLOSED_EVENT'},65,{2},6.0
2e68e8a3,2e68e8a2c,2020-09-10,21,{'ROAD_CLOSED'},{'ROAD_CLOSED_EVENT'},541,{2},6.0
2e68e8a3,2e68e8a2c,2020-09-10,22,{'ROAD_CLOSED'},{'ROAD_CLOSED_EVENT'},479,{2},6.0
2e68e8a3,2e68e8a2c,2020-09-11,9,{'ROAD_CLOSED'},{'ROAD_CLOSED_EVENT'},62,{2},6.0
2e68e8a3,2e68e8a2c,2020-09-11,21,{'ROAD_CLOSED'},{'ROAD_CLOSED_EVENT'},1080,{2},6.0
2e68e8a3,2e68e8a2c,2020-09-12,6,{'ROAD_CLOSED'},{'ROAD_CLOSED_EVENT'},1,{2},6.0
2e68e8a3,2e68e8a2c,2020-09-12,23,{'ROAD_CLOSED'},{'ROAD_CLOSED_EVENT'},806,{2},6.0
2e68e8a3,2e68e8a2c,2020-09-13,6,{'ROAD_CLOSED'},{'ROAD_CLOSED_EVENT'},8,{2},6.0
2e68e8a3,2e68e8a2c,2020-09-13,9,{'ROAD_CLOSED'},{'ROAD_CLOSED_EVENT'},1142,{2},6.0
2e68e8a3,2e68e8a2c,2020-09-14,9,{'ROAD_CLOSED'},{'ROAD_CLOSED_EVENT'},1142,{2},6.0
2e68e8a3,2e68e8a2c,2020-09-15,6,{'ROAD_CLOSED'},{'ROAD_CLOSED_EVENT'},1,{2},6.0
2e68e8a3,2e68e8a2c,2020-09-15,9,{'ROAD_CLOSED'},{'ROAD_CLOSED_EVENT'},1142,{2},6.0
2e68e8a3,2e68e8a2c,2020-09-16,9,{'ROAD_CLOSED'},{'ROAD_CLOSED_EVENT'},1142,{2},6.0
2e68e8a3,2e68e8a2c,2020-09-17,9,{'ROAD_CLOSED'},{'ROAD_CLOSED_EVENT'},790,{2},6.0
2e68e8a3,2e68e8a2c,2020-09-18,9,{'ROAD_CLOSED'},{'ROAD_CLOSED_EVENT'},1144,{2},6.0
2e68e8a3,2e68e8a2c,2020-09-18,21,{'ROAD_CLOSED'},{'ROAD_CLOSED_EVENT'},240,{2},6.0
2e68e8a3,2e68e8a2c,2020-09-19,9,{'ROAD_CLOSED'},{'ROAD_CLOSED_EVENT'},1147,{2},6.0
2e68e8a3,2e68e8a2c,2020-09-19,21,{'ROAD_CLOSED'},{'ROAD_CLOSED_EVENT'},247,{2},6.0
2e68e8a3,2e68e8a2c,2020-09-20,9,{'ROAD_CLOSED'},{'ROAD_CLOSED_EVENT'},1138,{2},6.0
2e68e8a3,2e68e8a2c,2020-09-20,21,{'ROAD_CLOSED'},{'ROAD_CLOSED_EVENT'},244,{2},6.0
2e68e8a3,2e68e8a2c,2020-09-21,6,{'ROAD_CLOSED'},{'ROAD_CLOSED_EVENT'},2,{2},6.0
2e68e8a3,2e68e8a2c,2020-09-21,9,{'ROAD_CLOSED'},{'ROAD_CLOSED_EVENT'},1138,{2},6.0
2e68e8a3,2e68e8a2c,2020-09-21,21,{'ROAD_CLOSED'},{'ROAD_CLOSED_EVENT'},244,{2},6.0
2e68e8a3,2e68e8a2c,2020-09-22,9,{'ROAD_CLOSED'},{'ROAD_CLOSED_EVENT'},1142,{2},6.0
2e68e8a3,2e68e8a2c,2020-09-22,21,{'ROAD_CLOSED'},{'ROAD_CLOSED_EVENT'},248,{2},6.0
2e68e8a3,2e68e8a2c,2020-09-23,6,{'ROAD_CLOSED'},{'ROAD_CLOSED_EVENT'},2,{2},6.0
2e68e8a3,2e68e8a2c,2020-09-23,9,{'ROAD_CLOSED'},{'ROAD_CLOSED_EVENT'},1140,{2},6.0
2e68e8a3,2e68e8a2c,2020-09-23,21,{'ROAD_CLOSED'},{'ROAD_CLOSED_EVENT'},246,{2},6.0
2e68e8a3,2e68e8a2c,2020-09-24,6,{'ROAD_CLOSED'},{'ROAD_CLOSED_EVENT'},1,{2},6.0
2e68e8a3,2e68e8a2c,2020-09-24,9,{'ROAD_CLOSED'},{'ROAD_CLOSED_EVENT'},1149,{2},6.0
2e68e8a3,2e68e8a2c,2020-09-24,21,{'ROAD_CLOSED'},{'ROAD_CLOSED_EVENT'},243,{2},6.0
2e68e8a3,2e68e8a2c,2020-09-25,9,{'ROAD_CLOSED'},{'ROAD_CLOSED_EVENT'},1143,{2},6.0
2e68e8a3,2e68e8a2c,2020-09-25,11,{'ROAD_CLOSED'},{'ROAD_CLOSED_EVENT'},1,{2},6.0
2e68e8a3,2e68e8a2c,2020-09-25,21,{'ROAD_CLOSED'},{'ROAD_CLOSED_EVENT'},244,{2},6.0
2e68e8a3,2e68e8a2c,2020-09-26,11,{'ROAD_CLOSED'},{'ROAD_CLOSED_EVENT'},1,{2},6.0
2e68e8a3,2e68e8a2c,2020-09-26,21,{'ROAD_CLOSED'},{'ROAD_CLOSED_EVENT'},216,{2},6.0
2e68e8a3,2e68e8a2c,2020-09-27,21,{'ROAD_CLOSED'},{'ROAD_CLOSED_EVENT'},244,{2},6.0
2e68e8a3,2e68e8a2c,2020-09-28,9,{'ROAD_CLOSED'},{'ROAD_CLOSED_EVENT'},1084,{2},6.0
2e68e8a3,2e68e8a2c,2020-09-28,21,{'ROAD_CLOSED'},{'ROAD_CLOSED_EVENT'},246,{2},6.0
2e68e8a3,2e68e8a2c,2020-09-29,9,{'ROAD_CLOSED'},{'ROAD_CLOSED_EVENT'},1082,{2},6.0
2e68e8a3,2e68e8a2c,2020-09-29,11,{'ROAD_CLOSED'},{'ROAD_CLOSED_EVENT'},2,{2},6.0
2e68e8a3,2e68e8a2c,2020-09-29,15,{'JAM'},{'JAM'},31,{7},5.0
2e68e8a3,2e68e8a2c,2020-09-29,21,{'ROAD_CLOSED'},{'ROAD_CLOSED_EVENT'},246,{2},6.0
2e68e8a3,2e68e8a2c,2020-09-30,9,{'ROAD_CLOSED'},{'ROAD_CLOSED_EVENT'},1080,{2},6.0
2e68e8a3,2e68e8a2c,2020-09-30,13,{'JAM'},{'JAM_HEAVY_TRAFFIC'},5,{2},5.0
2e68e8a3,2e68e8a2c,2020-09-30,21,{'ROAD_CLOSED'},{'ROAD_CLOSED_EVENT'},240,{2},6.0
2e68e8a3,2e68e8a2c,2020-10-01,6,{'ROAD_CLOSED'},{'ROAD_CLOSED_EVENT'},2,{2},6.0
2e68e8a3,2e68e8a2c,2020-10-01,9,{'ROAD_CLOSED'},{'ROAD_CLOSED_EVENT'},1081,{2},6.0
2e68e8a3,2e68e8a2c,2020-10-02,6,{'ROAD_CLOSED'},{'ROAD_CLOSED_EVENT'},1,{2},6.0
2e68e8a3,2e68e8a2c,2020-10-02,9,{'ROAD_CLOSED'},{'ROAD_CLOSED_EVENT'},1080,{2},6.0
2e68e8a3,2e68e8a2c,2020-10-03,9,{'ROAD_CLOSED'},{'ROAD_CLOSED_EVENT'},1084,{2},6.0
2e68e8a3,2e68e8a2c,2020-10-04,9,{'ROAD_CLOSED'},{'ROAD_CLOSED_EVENT'},1076,{2},6.0
2e68e8a3,2e68e8a2c,2020-10-05,9,{'ROAD_CLOSED'},{'ROAD_CLOSED_EVENT'},1078,{2},6.0
2e68e8a3,2e68e8a2c,2020-10-05,17,{'JAM'},{'JAM_MODERATE_TRAFFIC'},6,{7},5.0
2e68e8a3,2e68e8a2c,2020-10-06,9,{'ROAD_CLOSED'},{'ROAD_CLOSED_EVENT'},1077,{2},6.0
2e68e8a3,2e68e8a2c,2020-10-07,6,{'ROAD_CLOSED'},{'ROAD_CLOSED_EVENT'},2,{2},6.0
2e68e8a3,2e68e8a2c,2020-10-07,9,{'ROAD_CLOSED'},{'ROAD_CLOSED_EVENT'},1076,{2},6.0
2e68e8a3,2e68e8a2c,2020-10-08,9,{'ROAD_CLOSED'},{'ROAD_CLOSED_EVENT'},1086,{2},6.0
2e68e8a3,2e68e8a2c,2020-10-09,9,{'ROAD_CLOSED'},{'ROAD_CLOSED_EVENT'},1077,{2},6.0
2e68e8a3,2e68e8a2c,2020-10-10,9,{'ROAD_CLOSED'},{'ROAD_CLOSED_EVENT'},1077,{2},6.0
2e68e8a3,2e68e8a2c,2020-10-19,10,{'ROAD_CLOSED'},{'ROAD_CLOSED_EVENT'},963,{2},6.0
2e68e8a3,2e68e8a2c,2020-10-20,10,{'ROAD_CLOSED'},{'ROAD_CLOSED_EVENT'},964,{2},6.0
2e68e8a3,2e68e8a2c,2020-10-21,10,{'ROAD_CLOSED'},{'ROAD_CLOSED_EVENT'},952,{2},6.0
2e68e8a3,2e68e8a2c,2020-10-22,10,{'ROAD_CLOSED'},{'ROAD_CLOSED_EVENT'},966,{2},6.495859213250518
2e68e8a3,2e68e8a2c,2020-10-23,10,{'ROAD_CLOSED'},{'ROAD_CLOSED_EVENT'},964,{2},6.0
2e68e8a3,2e68e8a2c,2020-10-24,10,{'ROAD_CLOSED'},{'ROAD_CLOSED_EVENT'},960,{2},6.0
2e68e8a3,2e68e8a2c,2020-10-25,10,{'ROAD_CLOSED'},{'ROAD_CLOSED_EVENT'},966,{2},6.0
2e68e8a3,2e68e8a2c,2020-10-26,10,{'ROAD_CLOSED'},{'ROAD_CLOSED_EVENT'},968,{2},6.0
2e68e8a3,2e68e8a2c,2020-10-27,10,{'ROAD_CLOSED'},{'ROAD_CLOSED_EVENT'},969,{2},6.0
2e68e8a3,2e68e8a2c,2020-10-27,15,{'JAM'},{'JAM_STAND_STILL_TRAFFIC'},31,{7},5.0
2e68e8a3,2e68e8a2c,2020-10-28,10,{'ROAD_CLOSED'},{'ROAD_CLOSED_EVENT'},964,{2},6.0
2e68e8a3,2e68e8a2c,2020-10-29,10,{'ROAD_CLOSED'},{'ROAD_CLOSED_EVENT'},964,{2},6.0
2e68e8a3,2e68e8a2c,2020-10-30,10,{'ROAD_CLOSED'},{'ROAD_CLOSED_EVENT'},967,{2},6.0
2e68e8a3,2e68e8a2c,2020-10-31,10,{'ROAD_CLOSED'},{'ROAD_CLOSED_EVENT'},964,{2},6.0
2e68e8a3,2e68e8a2c,2020-10-31,13,{'JAM'},{'JAM_MODERATE_TRAFFIC'},10,{2},5.0
2e68e8a3,2e68e8a2c,2020-11-03,11,{'JAM'},{'JAM_STAND_STILL_TRAFFIC'},31,{2},5.0
2e68e8a3,2e68e8a2c,2020-11-04,10,{'WEATHERHAZARD'},{'WEATHERHAZARD'},30,{7},6.4
2e68e8a3,2e68e8a2c,2020-11-07,21,{'JAM'},{'JAM'},11,{2},5.0
2e68e8a3,2e68e8a2c,2020-11-12,14,{'JAM'},{'JAM_MODERATE_TRAFFIC'},31,{7},5.0
2e68e8a3,2e68e8a2c,2020-11-13,17,{'JAM'},{'JAM_MODERATE_TRAFFIC'},24,{7},5.208333333333333
2e68e8a3,2e68e8a34,2020-09-01,9,{'ROAD_CLOSED'},{'ROAD_CLOSED_EVENT'},540,{2},6.0
2e68e8a3,2e68e8a34,2020-09-02,9,{'ROAD_CLOSED'},{'ROAD_CLOSED_EVENT'},541,{2},6.0
2e68e8a3,2e68e8a34,2020-09-03,9,{'ROAD_CLOSED'},{'ROAD_CLOSED_EVENT'},540,{2},6.0
2e68e8a3,2e68e8a34,2020-09-04,9,{'ROAD_CLOSED'},{'ROAD_CLOSED_EVENT'},538,{2},6.0
2e68e8a3,2e68e8a34,2020-09-05,9,{'ROAD_CLOSED'},{'ROAD_CLOSED_EVENT'},541,{2},6.0
2e68e8a3,2e68e8a34,2020-09-06,9,{'ROAD_CLOSED'},{'ROAD_CLOSED_EVENT'},76,{2},6.0
2e68e8a3,2e68e8a34,2020-09-07,9,{'ROAD_CLOSED'},{'ROAD_CLOSED_EVENT'},539,{2},6.0
2e68e8a3,2e68e8a34,2020-09-08,6,{'ROAD_CLOSED'},{'ROAD_CLOSED_EVENT'},1,{2},6.0
2e68e8a3,2e68e8a34,2020-09-08,9,{'ROAD_CLOSED'},{'ROAD_CLOSED_EVENT'},541,{2},6.0
2e68e8a3,2e68e8a34,2020-09-09,9,{'ROAD_CLOSED'},{'ROAD_CLOSED_EVENT'},3,{2},6.0
2e68e8a3,2e68e8a34,2020-09-09,18,{'ROAD_CLOSED'},{'ROAD_CLOSED_EVENT'},27,{2},6.0
2e68e8a3,2e68e8a34,2020-09-09,21,{'ROAD_CLOSED'},{'ROAD_CLOSED_EVENT'},540,{2},6.0
2e68e8a3,2e68e8a34,2020-09-10,9,{'ROAD_CLOSED'},{'ROAD_CLOSED_EVENT'},574,{2},6.0
2e68e8a3,2e68e8a34,2020-09-11,9,{'ROAD_CLOSED'},{'ROAD_CLOSED_EVENT'},32,{2},6.0
2e68e8a3,2e68e8a34,2020-09-11,22,{'ROAD_CLOSED'},{'ROAD_CLOSED_EVENT'},479,{2},6.0
2e68e8a3,2e68e8a34,2020-09-12,23,{'ROAD_CLOSED'},{'ROAD_CLOSED_EVENT'},403,{2},6.0
2e68e8a3,2e68e8a34,2020-09-13,6,{'ROAD_CLOSED'},{'ROAD_CLOSED_EVENT'},2,{2},6.0
2e68e8a3,2e68e8a34,2020-09-13,9,{'ROAD_CLOSED'},{'ROAD_CLOSED_EVENT'},571,{2},6.0
2e68e8a3,2e68e8a34,2020-09-14,9,{'ROAD_CLOSED'},{'ROAD_CLOSED_EVENT'},572,{2},6.0
2e68e8a3,2e68e8a34,2020-09-15,6,{'ROAD_CLOSED'},{'ROAD_CLOSED_EVENT'},1,{2},6.0
2e68e8a3,2e68e8a34,2020-09-15,9,{'ROAD_CLOSED'},{'ROAD_CLOSED_EVENT'},571,{2},6.0
2e68e8a3,2e68e8a34,2020-09-16,9,{'ROAD_CLOSED'},{'ROAD_CLOSED_EVENT'},571,{2},6.0
2e68e8a3,2e68e8a34,2020-09-17,9,{'ROAD_CLOSED'},{'ROAD_CLOSED_EVENT'},395,{2},6.0
2e68e8a3,2e68e8a34,2020-09-18,9,{'ROAD_CLOSED'},{'ROAD_CLOSED_EVENT'},572,{2},6.0
2e68e8a3,2e68e8a34,2020-09-18,21,{'ROAD_CLOSED'},{'ROAD_CLOSED_EVENT'},120,{2},6.0
2e68e8a3,2e68e8a34,2020-09-19,9,{'ROAD_CLOSED'},{'ROAD_CLOSED_EVENT'},574,{2},6.0
2e68e8a3,2e68e8a34,2020-09-19,21,{'ROAD_CLOSED'},{'ROAD_CLOSED_EVENT'},123,{2},6.0
2e68e8a3,2e68e8a34,2020-09-20,9,{'ROAD_CLOSED'},{'ROAD_CLOSED_EVENT'},569,{2},6.0
2e68e8a3,2e68e8a34,2020-09-20,21,{'ROAD_CLOSED'},{'ROAD_CLOSED_EVENT'},122,{2},6.0
2e68e8a3,2e68e8a34,2020-09-21,6,{'ROAD_CLOSED'},{'ROAD_CLOSED_EVENT'},2,{2},6.0
2e68e8a3,2e68e8a34,2020-09-21,9,{'ROAD_CLOSED'},{'ROAD_CLOSED_EVENT'},569,{2},6.0
2e68e8a3,2e68e8a34,2020-09-21,21,{'ROAD_CLOSED'},{'ROAD_CLOSED_EVENT'},123,{2},6.0
2e68e8a3,2e68e8a34,2020-09-22,9,{'ROAD_CLOSED'},{'ROAD_CLOSED_EVENT'},573,{2},6.0
2e68e8a3,2e68e8a34,2020-09-22,21,{'ROAD_CLOSED'},{'ROAD_CLOSED_EVENT'},124,{2},6.0
2e68e8a3,2e68e8a34,2020-09-23,9,{'ROAD_CLOSED'},{'ROAD_CLOSED_EVENT'},570,{2},6.0
2e68e8a3,2e68e8a34,2020-09-23,21,{'ROAD_CLOSED'},{'ROAD_CLOSED_EVENT'},123,{2},6.0
2e68e8a3,2e68e8a34,2020-09-24,9,{'ROAD_CLOSED'},{'ROAD_CLOSED_EVENT'},574,{2},6.0
2e68e8a3,2e68e8a34,2020-09-24,11,{'ROAD_CLOSED'},{'ROAD_CLOSED_EVENT'},2,{2},6.0
2e68e8a3,2e68e8a34,2020-09-24,21,{'ROAD_CLOSED'},{'ROAD_CLOSED_EVENT'},122,{2},6.0
2e68e8a3,2e68e8a34,2020-09-25,9,{'ROAD_CLOSED'},{'ROAD_CLOSED_EVENT'},571,{2},6.0
2e68e8a3,2e68e8a34,2020-09-25,21,{'ROAD_CLOSED'},{'ROAD_CLOSED_EVENT'},122,{2},6.0
2e68e8a3,2e68e8a34,2020-09-26,11,{'ROAD_CLOSED'},{'ROAD_CLOSED_EVENT'},2,{2},6.0
2e68e8a3,2e68e8a34,2020-09-26,21,{'ROAD_CLOSED'},{'ROAD_CLOSED_EVENT'},108,{2},6.0
2e68e8a3,2e68e8a34,2020-09-27,21,{'ROAD_CLOSED'},{'ROAD_CLOSED_EVENT'},121,{2},6.0
2e68e8a3,2e68e8a34,2020-09-28,9,{'ROAD_CLOSED'},{'ROAD_CLOSED_EVENT'},542,{2},6.0
2e68e8a3,2e68e8a34,2020-09-28,21,{'ROAD_CLOSED'},{'ROAD_CLOSED_EVENT'},123,{2},6.0
2e68e8a3,2e68e8a34,2020-09-29,9,{'ROAD_CLOSED'},{'ROAD_CLOSED_EVENT'},542,{2},6.0
2e68e8a3,2e68e8a34,2020-09-29,11,{'ROAD_CLOSED'},{'ROAD_CLOSED_EVENT'},1,{2},6.0
2e68e8a3,2e68e8a34,2020-09-29,21,{'ROAD_CLOSED'},{'ROAD_CLOSED_EVENT'},123,{2},6.0
2e68e8a3,2e68e8a34,2020-09-30,9,{'ROAD_CLOSED'},{'ROAD_CLOSED_EVENT'},538,{2},6.0
2e68e8a3,2e68e8a34,2020-09-30,21,{'ROAD_CLOSED'},{'ROAD_CLOSED_EVENT'},120,{2},6.0
2e68e8a3,2e68e8a34,2020-10-01,6,{'ROAD_CLOSED'},{'ROAD_CLOSED_EVENT'},2,{2},6.0
2e68e8a3,2e68e8a34,2020-10-01,9,{'ROAD_CLOSED'},{'ROAD_CLOSED_EVENT'},540,{2},6.0
2e68e8a3,2e68e8a34,2020-10-01,11,{'ROAD_CLOSED'},{'ROAD_CLOSED_EVENT'},1,{2},6.0
2e68e8a3,2e68e8a34,2020-10-02,6,{'ROAD_CLOSED'},{'ROAD_CLOSED_EVENT'},2,{2},6.0
2e68e8a3,2e68e8a34,2020-10-02,9,{'ROAD_CLOSED'},{'ROAD_CLOSED_EVENT'},540,{2},6.0
2e68e8a3,2e68e8a34,2020-10-03,9,{'ROAD_CLOSED'},{'ROAD_CLOSED_EVENT'},541,{2},6.0
2e68e8a3,2e68e8a34,2020-10-04,9,{'ROAD_CLOSED'},{'ROAD_CLOSED_EVENT'},538,{2},6.0
2e68e8a3,2e68e8a34,2020-10-05,9,{'ROAD_CLOSED'},{'ROAD_CLOSED_EVENT'},540,{2},6.0
2e68e8a3,2e68e8a34,2020-10-05,17,{'JAM'},{'JAM_MODERATE_TRAFFIC'},32,{7},5.0
2e68e8a3,2e68e8a34,2020-10-06,6,{'ROAD_CLOSED'},{'ROAD_CLOSED_EVENT'},1,{2},6.0
2e68e8a3,2e68e8a34,2020-10-06,9,{'ROAD_CLOSED'},{'ROAD_CLOSED_EVENT'},539,{2},6.0
2e68e8a3,2e68e8a34,2020-10-07,9,{'ROAD_CLOSED'},{'ROAD_CLOSED_EVENT'},537,{2},6.0
2e68e8a3,2e68e8a34,2020-10-08,9,{'ROAD_CLOSED'},{'ROAD_CLOSED_EVENT'},543,{2},6.0
2e68e8a3,2e68e8a34,2020-10-09,9,{'ROAD_CLOSED'},{'ROAD_CLOSED_EVENT'},540,{2},6.0
2e68e8a3,2e68e8a34,2020-10-10,9,{'ROAD_CLOSED'},{'ROAD_CLOSED_EVENT'},538,{2},6.0
2e68e8a3,2e68e8a34,2020-10-19,10,{'ROAD_CLOSED'},{'ROAD_CLOSED_EVENT'},482,{2},6.0
2e68e8a3,2e68e8a34,2020-10-20,10,{'ROAD_CLOSED'},{'ROAD_CLOSED_EVENT'},482,{2},6.0
2e68e8a3,2e68e8a34,2020-10-21,10,{'ROAD_CLOSED'},{'ROAD_CLOSED_EVENT'},476,{2},6.0
2e68e8a3,2e68e8a34,2020-10-22,10,{'ROAD_CLOSED'},{'ROAD_CLOSED_EVENT'},483,{2},6.991718426501035
2e68e8a3,2e68e8a34,2020-10-23,10,{'ROAD_CLOSED'},{'ROAD_CLOSED_EVENT'},482,{2},6.0
2e68e8a3,2e68e8a34,2020-10-24,6,{'ROAD_CLOSED'},{'ROAD_CLOSED_EVENT'},1,{2},6.0
2e68e8a3,2e68e8a34,2020-10-24,10,{'ROAD_CLOSED'},{'ROAD_CLOSED_EVENT'},480,{2},6.0
2e68e8a3,2e68e8a34,2020-10-25,10,{'ROAD_CLOSED'},{'ROAD_CLOSED_EVENT'},483,{2},6.0
2e68e8a3,2e68e8a34,2020-10-26,10,{'ROAD_CLOSED'},{'ROAD_CLOSED_EVENT'},484,{2},6.0
2e68e8a3,2e68e8a34,2020-10-27,10,{'ROAD_CLOSED'},{'ROAD_CLOSED_EVENT'},485,{2},6.0
2e68e8a3,2e68e8a34,2020-10-28,10,{'ROAD_CLOSED'},{'ROAD_CLOSED_EVENT'},482,{2},6.0
2e68e8a3,2e68e8a34,2020-10-29,10,{'ROAD_CLOSED'},{'ROAD_CLOSED_EVENT'},482,{2},6.0
2e68e8a3,2e68e8a34,2020-10-30,10,{'ROAD_CLOSED'},{'ROAD_CLOSED_EVENT'},485,{2},6.0
2e68e8a3,2e68e8a34,2020-10-31,10,{'ROAD_CLOSED'},{'ROAD_CLOSED_EVENT'},483,{2},6.0
2e68e8a3,2e68e8a3c,2020-10-31,15,{'WEATHERHAZARD'},{'HAZARD_ON_ROAD_CONSTRUCTION'},37,{7},5.162162162162162
2e68e8a3,2e68e8a3c,2020-11-10,12,{'JAM'},{'JAM_STAND_STILL_TRAFFIC'},5,{1},5.8
2e68e8a3,2e68e8a3c,2020-11-13,17,{'JAM'},{'JAM_MODERATE_TRAFFIC'},23,{7},5.0
2e68e8a7,2e68e8a6c,2020-09-30,10,{'JAM'},{'JAM_STAND_STILL_TRAFFIC'},32,{7},5.125
2e68e8ab,2e68e8aa4,2020-09-02,13,{'JAM'},{'JAM_STAND_STILL_TRAFFIC'},28,{7},5.0
2e68e8ab,2e68e8aa4,2020-09-29,17,{'JAM'},{'JAM_MODERATE_TRAFFIC'},6,{7},5.833333333333333
2e68e8ab,2e68e8aa4,2020-10-02,17,{'JAM'},{'JAM_STAND_STILL_TRAFFIC'},34,{7},5.0
2e68e8ab,2e68e8aa4,2020-10-05,17,{'JAM'},{'JAM_HEAVY_TRAFFIC'},31,{7},5.0
2e68e8ab,2e68e8aa4,2020-10-17,13,{'JAM'},{'JAM_HEAVY_TRAFFIC'},36,{7},6.111111111111111
2e68e8ab,2e68e8aa4,2020-10-18,13,{'JAM'},{'JAM_STAND_STILL_TRAFFIC'},33,{7},5.909090909090909
2e68e8ab,2e68e8aa4,2020-10-18,14,{'JAM'},{'JAM_STAND_STILL_TRAFFIC'},32,{7},5.96875
2e68e8ab,2e68e8aa4,2020-10-24,15,{'JAM'},{'JAM_STAND_STILL_TRAFFIC'},33,{7},5.0
2e68e8ab,2e68e8aa4,2020-10-28,18,{'JAM'},{'JAM_MODERATE_TRAFFIC'},7,{7},5.0
2e68e8ab,2e68e8aa4,2020-10-30,16,{'JAM'},{'JAM_STAND_STILL_TRAFFIC'},35,{7},5.914285714285715
2e68e8ab,2e68e8aa4,2020-10-30,18,{'JAM'},"{'JAM_STAND_STILL_TRAFFIC', 'JAM_MODERATE_TRAFFIC'}",51,{7},5.588235294117647
2e68e8ab,2e68e8aa4,2020-11-04,17,{'JAM'},{'JAM_HEAVY_TRAFFIC'},35,{7},5.4
2e68e8ab,2e68e8aa4,2020-11-06,16,{'JAM'},{'JAM_STAND_STILL_TRAFFIC'},32,{7},6.0
2e68e8ab,2e68e8aa4,2020-11-13,15,{'JAM'},{'JAM_STAND_STILL_TRAFFIC'},30,{7},6.6
2e68e8ab,2e68e8aa4,2020-11-14,15,{'JAM'},{'JAM_STAND_STILL_TRAFFIC'},59,{7},5.4576271186440675
2e68e8ab,2e68e8aa4,2020-11-14,16,{'JAM'},{'JAM_STAND_STILL_TRAFFIC'},28,{7},5.0
2e68e8ab,2e68e8aa4,2020-11-14,18,{'JAM'},{'JAM'},61,{7},5.475409836065574
2e68e8ab,2e68e8aa4,2020-11-16,13,{'JAM'},{'JAM_STAND_STILL_TRAFFIC'},32,{7},5.0
2e68e8ab,2e68e8aa4,2020-11-19,17,{'JAM'},{'JAM_MODERATE_TRAFFIC'},30,{7},5.566666666666666
2e68e8ab,2e68e8aac,2020-09-02,14,{'JAM'},{'JAM_MODERATE_TRAFFIC'},32,{6},5.0
2e68e8ab,2e68e8aac,2020-09-03,11,{'JAM'},"{'JAM_STAND_STILL_TRAFFIC', 'JAM_MODERATE_TRAFFIC'}",40,{6},5.0
2e68e8ab,2e68e8aac,2020-09-06,12,{'JAM'},{'JAM_MODERATE_TRAFFIC'},5,{6},5.0
2e68e8ab,2e68e8aac,2020-09-06,20,{'JAM'},{'JAM_MODERATE_TRAFFIC'},5,{4},5.0
2e68e8ab,2e68e8aac,2020-09-08,8,{'JAM'},{'JAM_MODERATE_TRAFFIC'},30,{6},5.0
2e68e8ab,2e68e8aac,2020-09-08,14,{'WEATHERHAZARD'},{'WEATHERHAZARD'},29,{4},5.379310344827586
2e68e8ab,2e68e8aac,2020-09-11,14,{'JAM'},{'JAM_MODERATE_TRAFFIC'},14,"{4, 6}",5.0
2e68e8ab,2e68e8aac,2020-09-11,16,{'JAM'},{'JAM_HEAVY_TRAFFIC'},32,{4},5.96875
2e68e8ab,2e68e8aac,2020-09-13,11,{'JAM'},{'JAM_MODERATE_TRAFFIC'},33,{6},5.0
2e68e8ab,2e68e8aac,2020-09-14,11,{'JAM'},{'JAM_STAND_STILL_TRAFFIC'},30,{6},5.0
2e68e8ab,2e68e8aac,2020-09-15,17,{'JAM'},{'JAM_STAND_STILL_TRAFFIC'},32,{6},5.0
2e68e8ab,2e68e8aac,2020-09-19,11,{'JAM'},{'JAM_MODERATE_TRAFFIC'},30,{6},5.0
2e68e8ab,2e68e8aac,2020-09-20,11,{'JAM'},{'JAM_MODERATE_TRAFFIC'},15,{6},5.0
2e68e8ab,2e68e8aac,2020-09-20,15,{'JAM'},{'JAM_HEAVY_TRAFFIC'},20,{6},5.35
2e68e8ab,2e68e8aac,2020-09-25,9,{'JAM'},{'JAM_MODERATE_TRAFFIC'},30,{6},5.0
2e68e8ab,2e68e8aac,2020-09-25,21,{'JAM'},{'JAM_MODERATE_TRAFFIC'},7,{4},5.0
2e68e8ab,2e68e8aac,2020-09-28,10,{'JAM'},{'JAM'},30,{6},5.0
2e68e8ab,2e68e8aac,2020-09-28,12,{'WEATHERHAZARD'},{'HAZARD_ON_ROAD_CAR_STOPPED'},30,{4},5.066666666666666
2e68e8ab,2e68e8aac,2020-10-01,16,{'JAM'},{'JAM_MODERATE_TRAFFIC'},7,{6},5.0
2e68e8ab,2e68e8aac,2020-10-03,14,{'JAM'},{'JAM_MODERATE_TRAFFIC'},33,{4},5.0
2e68e8ab,2e68e8aac,2020-10-04,18,{'JAM'},{'JAM_MODERATE_TRAFFIC'},16,{6},5.0
2e68e8ab,2e68e8aac,2020-10-05,15,{'JAM'},{'JAM_STAND_STILL_TRAFFIC'},17,{4},5.0
2e68e8ab,2e68e8aac,2020-10-10,16,{'JAM'},{'JAM_STAND_STILL_TRAFFIC'},24,{4},6.0
2e68e8ab,2e68e8aac,2020-10-11,12,{'JAM'},{'JAM_HEAVY_TRAFFIC'},33,{6},5.0
2e68e8ab,2e68e8aac,2020-10-13,10,{'JAM'},{'JAM_MODERATE_TRAFFIC'},31,{6},5.0
2e68e8ab,2e68e8aac,2020-10-14,11,{'JAM'},{'JAM_MODERATE_TRAFFIC'},16,{6},5.0
2e68e8ab,2e68e8aac,2020-10-15,13,{'JAM'},{'JAM_STAND_STILL_TRAFFIC'},22,{6},5.0
2e68e8ab,2e68e8aac,2020-10-17,12,{'JAM'},{'JAM_STAND_STILL_TRAFFIC'},6,{6},5.5
2e68e8ab,2e68e8aac,2020-10-18,12,{'JAM'},{'JAM_MODERATE_TRAFFIC'},30,{6},5.0
2e68e8ab,2e68e8aac,2020-10-18,13,{'WEATHERHAZARD'},{'HAZARD_WEATHER_FLOOD'},100,{7},6.81
2e68e8ab,2e68e8aac,2020-10-21,11,{'JAM'},{'JAM_MODERATE_TRAFFIC'},13,{6},5.0
2e68e8ab,2e68e8aac,2020-10-21,18,{'JAM'},{'JAM_STAND_STILL_TRAFFIC'},9,{4},5.0
2e68e8ab,2e68e8aac,2020-10-23,7,{'JAM'},{'JAM_MODERATE_TRAFFIC'},33,{6},5.0
2e68e8ab,2e68e8aac,2020-10-24,9,{'JAM'},{'JAM_MODERATE_TRAFFIC'},30,{6},5.7
2e68e8ab,2e68e8aac,2020-10-24,10,{'JAM'},{'JAM_MODERATE_TRAFFIC'},6,{6},5.0
2e68e8ab,2e68e8aac,2020-10-24,11,{'JAM'},{'JAM_HEAVY_TRAFFIC'},45,{6},5.355555555555555
2e68e8ab,2e68e8aac,2020-10-24,13,{'JAM'},{'JAM_STAND_STILL_TRAFFIC'},32,{7},5.0
2e68e8ab,2e68e8aac,2020-10-24,18,{'JAM'},{'JAM_MODERATE_TRAFFIC'},9,{6},5.0
2e68e8ab,2e68e8aac,2020-10-25,12,{'JAM'},{'JAM_MODERATE_TRAFFIC'},30,{6},5.0
2e68e8ab,2e68e8aac,2020-10-26,8,{'JAM'},{'JAM'},33,{6},5.0
2e68e8ab,2e68e8aac,2020-10-26,12,{'JAM'},{'JAM_MODERATE_TRAFFIC'},30,{6},5.0
2e68e8ab,2e68e8aac,2020-10-26,15,{'JAM'},{'JAM_MODERATE_TRAFFIC'},17,{4},5.0
2e68e8ab,2e68e8aac,2020-10-27,11,{'JAM'},{'JAM_HEAVY_TRAFFIC'},32,{6},5.8125
2e68e8ab,2e68e8aac,2020-10-28,19,{'JAM'},{'JAM_MODERATE_TRAFFIC'},6,{4},5.0
2e68e8ab,2e68e8aac,2020-10-29,13,{'JAM'},{'JAM_MODERATE_TRAFFIC'},14,{4},5.0
2e68e8ab,2e68e8aac,2020-10-31,21,{'JAM'},{'JAM_MODERATE_TRAFFIC'},10,{6},5.0
2e68e8ab,2e68e8aac,2020-11-01,14,{'JAM'},{'JAM_STAND_STILL_TRAFFIC'},44,{6},5.863636363636363
2e68e8ab,2e68e8aac,2020-11-03,14,{'JAM'},{'JAM_MODERATE_TRAFFIC'},31,{6},5.0
2e68e8ab,2e68e8aac,2020-11-05,11,{'JAM'},{'JAM_MODERATE_TRAFFIC'},30,{6},5.0
2e68e8ab,2e68e8aac,2020-11-06,18,{'JAM'},{'JAM_HEAVY_TRAFFIC'},32,{7},5.0
2e68e8ab,2e68e8aac,2020-11-09,10,{'JAM'},{'JAM_MODERATE_TRAFFIC'},30,{6},5.0
2e68e8ab,2e68e8aac,2020-11-09,15,{'JAM'},{'JAM_STAND_STILL_TRAFFIC'},35,{6},5.485714285714286
2e68e8ab,2e68e8aac,2020-11-10,18,{'JAM'},{'JAM_MODERATE_TRAFFIC'},22,{6},5.0
2e68e8ab,2e68e8aac,2020-11-11,10,{'JAM'},{'JAM_MODERATE_TRAFFIC'},30,{6},5.0
2e68e8ab,2e68e8aac,2020-11-11,17,{'JAM'},{'JAM_MODERATE_TRAFFIC'},16,{4},5.0
2e68e8ab,2e68e8aac,2020-11-12,20,{'JAM'},{'JAM_MODERATE_TRAFFIC'},31,{4},5.0
2e68e8ab,2e68e8aac,2020-11-13,17,{'JAM'},{'JAM_STAND_STILL_TRAFFIC'},35,{6},5.0
2e68e8ab,2e68e8aac,2020-11-13,18,{'JAM'},{'JAM_STAND_STILL_TRAFFIC'},31,{7},5.935483870967742
2e68e8ab,2e68e8aac,2020-11-14,13,{'JAM'},{'JAM_HEAVY_TRAFFIC'},22,{4},6.0
2e68e8ab,2e68e8aac,2020-11-14,18,{'JAM'},"{'JAM', 'JAM_STAND_STILL_TRAFFIC'}",62,"{4, 7}",5.5
2e68e8ab,2e68e8aac,2020-11-15,17,{'JAM'},{'JAM_MODERATE_TRAFFIC'},10,{6},5.0
2e68e8ab,2e68e8aac,2020-11-17,10,{'JAM'},"{'JAM', 'JAM_STAND_STILL_TRAFFIC'}",37,"{4, 7}",5.0
2e68e8ab,2e68e8aac,2020-11-17,18,{'JAM'},{'JAM_HEAVY_TRAFFIC'},30,{7},5.0
2e68e8ab,2e68e8aac,2020-11-18,17,{'JAM'},{'JAM_STAND_STILL_TRAFFIC'},15,{4},5.0
2e68e8ab,2e68e8aac,2020-11-19,18,{'WEATHERHAZARD'},{'HAZARD_ON_SHOULDER_CAR_STOPPED'},40,{6},6.525
2e68e8ab,2e68e8aac,2020-11-22,13,{'JAM'},{'JAM_MODERATE_TRAFFIC'},29,{6},5.0
2e68e8ab,2e68e8ab4,2020-09-28,11,{'JAM'},{'JAM_STAND_STILL_TRAFFIC'},34,{6},5.4411764705882355
2e68e8ab,2e68e8ab4,2020-09-28,12,{'WEATHERHAZARD'},{'HAZARD_ON_ROAD_CAR_STOPPED'},32,{6},5.0
2e68e8ab,2e68e8ab4,2020-10-26,17,{'WEATHERHAZARD'},{'WEATHERHAZARD'},29,{1},5.0
2e68e8ab,2e68e8ab4,2020-10-28,16,{'JAM'},{'JAM_STAND_STILL_TRAFFIC'},33,{1},5.0
2e68e8ab,2e68e8ab4,2020-11-06,17,{'ACCIDENT'},{'ACCIDENT'},97,{1},5.0
2e68e8ab,2e68e8ab4,2020-11-09,15,{'JAM'},{'JAM_STAND_STILL_TRAFFIC'},31,{6},5.0
2e68e8ab,2e68e8ab4,2020-11-13,15,{'JAM'},{'JAM_STAND_STILL_TRAFFIC'},20,{6},5.0
2e68e8ab,2e68e8abc,2020-09-08,17,{'JAM'},{'JAM_MODERATE_TRAFFIC'},5,{6},5.0
2e68e8ab,2e68e8abc,2020-09-16,15,{'JAM'},{'JAM_MODERATE_TRAFFIC'},34,{6},5.0
2e68e8ab,2e68e8abc,2020-10-04,18,{'JAM'},{'JAM_MODERATE_TRAFFIC'},9,{6},5.0
2e68e8ad,2e68e8ac4,2020-09-14,7,{'ACCIDENT'},{'ACCIDENT_MINOR'},122,{6},5.614754098360656
2e68e8ad,2e68e8ac4,2020-09-28,11,{'JAM'},"{'JAM_STAND_STILL_TRAFFIC', 'JAM_MODERATE_TRAFFIC'}",57,{6},6.175438596491228
2e68e8ad,2e68e8ac4,2020-10-03,14,{'JAM'},{'JAM_MODERATE_TRAFFIC'},28,{6},5.0
2e68e8ad,2e68e8ac4,2020-10-24,17,{'JAM'},{'JAM_STAND_STILL_TRAFFIC'},36,{6},5.0
2e68e8ad,2e68e8adc,2020-09-01,17,{'ACCIDENT'},{'ACCIDENT'},120,{6},5.0
2e68e8b1,2e68e8b0c,2020-09-24,15,{'JAM'},{'JAM_HEAVY_TRAFFIC'},31,{6},5.0
2e68e8b1,2e68e8b0c,2020-10-04,18,{'JAM'},{'JAM_MODERATE_TRAFFIC'},7,{6},5.0
2e68e8b1,2e68e8b0c,2020-10-10,15,{'JAM'},{'JAM_HEAVY_TRAFFIC'},13,{6},5.769230769230769
2e68e8b1,2e68e8b0c,2020-10-27,13,{'JAM'},{'JAM_MODERATE_TRAFFIC'},15,{6},5.0
2e68e8b1,2e68e8b0c,2020-10-28,18,{'JAM'},{'JAM_HEAVY_TRAFFIC'},30,{6},5.0
2e68e8b1,2e68e8b0c,2020-10-30,16,{'JAM'},{'JAM_STAND_STILL_TRAFFIC'},30,{6},5.0
2e68e8b1,2e68e8b0c,2020-11-07,12,"{'JAM', 'WEATHERHAZARD'}","{'HAZARD_ON_SHOULDER_CAR_STOPPED', 'JAM_STAND_STILL_TRAFFIC'}",39,{6},6.230769230769231
2e68e8b1,2e68e8b0c,2020-11-14,19,{'JAM'},{'JAM_HEAVY_TRAFFIC'},34,{6},5.0
2e68e8b1,2e68e8b0c,2020-11-14,20,{'JAM'},{'JAM_STAND_STILL_TRAFFIC'},32,{6},5.0
2e68e8b1,2e68e8b0c,2020-11-20,22,{'JAM'},{'JAM'},8,{6},5.0
2e68e8b1,2e68e8b14,2020-11-02,12,{'JAM'},{'JAM_HEAVY_TRAFFIC'},43,{1},6.093023255813954
2e68e8b1,2e68e8b14,2020-11-12,11,{'JAM'},{'JAM_STAND_STILL_TRAFFIC'},31,{1},5.0
2e68e8b1,2e68e8b1c,2020-09-20,15,{'JAM'},{'JAM_MODERATE_TRAFFIC'},10,{6},5.0
2e68e8b1,2e68e8b1c,2020-10-27,13,{'JAM'},{'JAM_MODERATE_TRAFFIC'},32,{6},5.0
2e68e8b3,2e68e8b3c,2020-09-21,10,{'JAM'},{'JAM_STAND_STILL_TRAFFIC'},60,{1},5.0
2e68e8b7,2e68e8b6c,2020-09-03,16,{'JAM'},"{'JAM_STAND_STILL_TRAFFIC', 'JAM_HEAVY_TRAFFIC'}",55,{1},5.0
2e68e8b7,2e68e8b6c,2020-10-06,15,{'JAM'},{'JAM_HEAVY_TRAFFIC'},15,{1},5.0
2e68e8b7,2e68e8b6c,2020-11-02,12,{'JAM'},{'JAM_HEAVY_TRAFFIC'},3,{1},5.0
2e68e8b7,2e68e8b74,2020-10-15,15,{'JAM'},{'JAM_STAND_STILL_TRAFFIC'},7,{1},5.0
2e68e8b7,2e68e8b74,2020-11-11,17,{'JAM'},{'JAM'},30,{1},5.0
2e68e8b9,2e68e8b84,2020-09-14,17,{'JAM'},{'JAM_HEAVY_TRAFFIC'},24,{7},5.0
2e68e8b9,2e68e8b84,2020-09-20,15,{'JAM'},{'JAM_MODERATE_TRAFFIC'},25,{7},5.0
2e68e8b9,2e68e8b84,2020-10-04,18,{'JAM'},{'JAM_MODERATE_TRAFFIC'},33,{7},5.0
2e68e8b9,2e68e8b84,2020-10-13,10,{'JAM'},{'JAM_HEAVY_TRAFFIC'},32,{7},5.0
2e68e8b9,2e68e8b84,2020-10-13,12,{'JAM'},{'JAM_STAND_STILL_TRAFFIC'},32,{7},5.0
2e68e8b9,2e68e8b84,2020-10-17,20,{'JAM'},{'JAM_MODERATE_TRAFFIC'},7,{7},5.0
2e68e8b9,2e68e8b84,2020-10-19,10,{'JAM'},{'JAM_HEAVY_TRAFFIC'},30,{7},5.0
2e68e8b9,2e68e8b84,2020-10-20,15,{'JAM'},{'JAM_STAND_STILL_TRAFFIC'},28,{7},5.0
2e68e8b9,2e68e8b84,2020-10-21,11,{'JAM'},{'JAM_HEAVY_TRAFFIC'},9,{7},6.0
2e68e8b9,2e68e8b84,2020-10-24,17,"{'JAM', 'WEATHERHAZARD'}","{'HAZARD_WEATHER_FLOOD', 'JAM_HEAVY_TRAFFIC'}",76,{7},6.592105263157895
2e68e8b9,2e68e8b84,2020-10-28,18,{'JAM'},{'JAM_STAND_STILL_TRAFFIC'},93,{7},5.666666666666667
2e68e8b9,2e68e8b84,2020-10-30,15,{'JAM'},{'JAM_STAND_STILL_TRAFFIC'},33,{7},6.0
2e68e8b9,2e68e8b84,2020-10-30,17,{'JAM'},{'JAM_STAND_STILL_TRAFFIC'},31,{7},5.903225806451613
2e68e8b9,2e68e8b84,2020-10-31,15,{'JAM'},{'JAM_MODERATE_TRAFFIC'},33,{7},5.0
2e68e8b9,2e68e8b84,2020-11-04,9,{'JAM'},{'JAM_HEAVY_TRAFFIC'},31,{7},5.0
2e68e8b9,2e68e8b84,2020-11-07,10,{'JAM'},{'JAM_HEAVY_TRAFFIC'},64,{7},5.0
2e68e8b9,2e68e8b84,2020-11-07,18,{'JAM'},{'JAM_STAND_STILL_TRAFFIC'},35,{7},5.0
2e68e8b9,2e68e8b84,2020-11-14,11,{'JAM'},{'JAM_STAND_STILL_TRAFFIC'},30,{7},5.0
2e68e8b9,2e68e8b84,2020-11-14,19,{'JAM'},"{'JAM_STAND_STILL_TRAFFIC', 'JAM_HEAVY_TRAFFIC'}",62,{7},5.0
2e68e8b9,2e68e8b84,2020-11-18,16,{'JAM'},{'JAM_HEAVY_TRAFFIC'},31,{7},5.741935483870968
2e68e8b9,2e68e8b84,2020-11-21,14,{'JAM'},{'JAM_MODERATE_TRAFFIC'},30,{7},5.866666666666666
2e68e8b9,2e68e8b94,2020-09-01,9,{'JAM'},{'JAM_HEAVY_TRAFFIC'},6,{6},5.0
2e68e8b9,2e68e8b94,2020-09-02,13,{'JAM'},{'JAM_STAND_STILL_TRAFFIC'},6,{6},5.0
2e68e8b9,2e68e8b94,2020-09-02,17,{'JAM'},{'JAM_HEAVY_TRAFFIC'},30,{7},5.0
2e68e8b9,2e68e8b94,2020-09-03,12,{'JAM'},"{'JAM_STAND_STILL_TRAFFIC', 'JAM_HEAVY_TRAFFIC'}",36,"{6, 7}",5.0
2e68e8b9,2e68e8b94,2020-09-05,17,{'JAM'},{'JAM_STAND_STILL_TRAFFIC'},14,{7},5.0
2e68e8b9,2e68e8b94,2020-09-06,14,{'JAM'},{'JAM_STAND_STILL_TRAFFIC'},30,{7},7.933333333333334
2e68e8b9,2e68e8b94,2020-09-10,17,{'JAM'},{'JAM_HEAVY_TRAFFIC'},31,{6},5.0
2e68e8b9,2e68e8b94,2020-09-13,15,{'JAM'},{'JAM_HEAVY_TRAFFIC'},14,{7},5.0
2e68e8b9,2e68e8b94,2020-09-18,17,{'JAM'},{'JAM_HEAVY_TRAFFIC'},31,{6},5.0
2e68e8b9,2e68e8b94,2020-09-25,17,{'JAM'},{'JAM_HEAVY_TRAFFIC'},30,{7},6.8
2e68e8b9,2e68e8b94,2020-09-28,10,{'JAM'},{'JAM_MODERATE_TRAFFIC'},21,{6},5.0
2e68e8b9,2e68e8b94,2020-09-30,10,{'JAM'},{'JAM_STAND_STILL_TRAFFIC'},30,{6},5.0
2e68e8b9,2e68e8b94,2020-10-01,8,{'JAM'},{'JAM_MODERATE_TRAFFIC'},30,{7},5.0
2e68e8b9,2e68e8b94,2020-10-01,12,{'JAM'},{'JAM_MODERATE_TRAFFIC'},7,{7},5.0
2e68e8b9,2e68e8b94,2020-10-01,17,{'JAM'},{'JAM_STAND_STILL_TRAFFIC'},35,{6},5.914285714285715
2e68e8b9,2e68e8b94,2020-10-02,11,{'JAM'},{'JAM_HEAVY_TRAFFIC'},19,{7},5.0
2e68e8b9,2e68e8b94,2020-10-02,17,{'JAM'},"{'JAM_STAND_STILL_TRAFFIC', 'JAM_HEAVY_TRAFFIC'}",65,"{6, 7}",5.461538461538462
2e68e8b9,2e68e8b94,2020-10-02,21,{'JAM'},{'JAM_MODERATE_TRAFFIC'},6,{7},5.0
2e68e8b9,2e68e8b94,2020-10-04,18,{'JAM'},{'JAM_MODERATE_TRAFFIC'},5,{7},5.0
2e68e8b9,2e68e8b94,2020-10-05,11,{'JAM'},{'JAM_STAND_STILL_TRAFFIC'},18,{6},6.0
2e68e8b9,2e68e8b94,2020-10-09,17,{'JAM'},{'JAM_STAND_STILL_TRAFFIC'},5,{6},6.0
2e68e8b9,2e68e8b94,2020-10-11,19,{'JAM'},{'JAM_MODERATE_TRAFFIC'},33,{7},5.0
2e68e8b9,2e68e8b94,2020-10-13,10,{'JAM'},{'JAM_STAND_STILL_TRAFFIC'},30,{7},5.566666666666666
2e68e8b9,2e68e8b94,2020-10-14,16,{'JAM'},{'JAM_STAND_STILL_TRAFFIC'},30,{7},5.0
2e68e8b9,2e68e8b94,2020-10-15,12,{'JAM'},{'JAM_HEAVY_TRAFFIC'},13,{7},5.0
2e68e8b9,2e68e8b94,2020-10-17,17,{'JAM'},{'JAM_HEAVY_TRAFFIC'},31,{7},5.0
2e68e8b9,2e68e8b94,2020-10-17,20,{'JAM'},{'JAM_MODERATE_TRAFFIC'},31,{7},5.0
2e68e8b9,2e68e8b94,2020-10-19,10,{'JAM'},{'JAM_HEAVY_TRAFFIC'},32,{7},5.0
2e68e8b9,2e68e8b94,2020-10-19,14,{'JAM'},{'JAM_STAND_STILL_TRAFFIC'},33,{7},5.0
2e68e8b9,2e68e8b94,2020-10-20,17,{'JAM'},{'JAM_HEAVY_TRAFFIC'},31,{7},5.0
2e68e8b9,2e68e8b94,2020-10-22,14,{'JAM'},{'JAM_HEAVY_TRAFFIC'},32,{7},6.0
2e68e8b9,2e68e8b94,2020-10-23,13,{'JAM'},{'JAM_STAND_STILL_TRAFFIC'},32,{7},5.0
2e68e8b9,2e68e8b94,2020-10-24,11,{'JAM'},{'JAM_HEAVY_TRAFFIC'},32,{7},5.0
2e68e8b9,2e68e8b94,2020-10-24,18,{'JAM'},{'JAM_STAND_STILL_TRAFFIC'},35,{6},5.885714285714286
2e68e8b9,2e68e8b94,2020-10-26,9,{'JAM'},{'JAM_STAND_STILL_TRAFFIC'},30,{7},5.0
2e68e8b9,2e68e8b94,2020-10-26,10,{'JAM'},{'JAM_STAND_STILL_TRAFFIC'},31,{6},5.0
2e68e8b9,2e68e8b94,2020-10-26,18,{'JAM'},{'JAM_STAND_STILL_TRAFFIC'},33,{6},5.363636363636363
2e68e8b9,2e68e8b94,2020-10-27,13,{'JAM'},{'JAM_MODERATE_TRAFFIC'},10,{6},5.0
2e68e8b9,2e68e8b94,2020-10-28,16,{'JAM'},{'JAM_STAND_STILL_TRAFFIC'},33,{6},5.0
2e68e8b9,2e68e8b94,2020-10-30,15,{'JAM'},{'JAM_STAND_STILL_TRAFFIC'},33,{7},5.0
2e68e8b9,2e68e8b94,2020-10-30,16,{'JAM'},{'JAM_STAND_STILL_TRAFFIC'},31,{6},6.774193548387097
2e68e8b9,2e68e8b94,2020-10-30,18,{'JAM'},{'JAM_HEAVY_TRAFFIC'},9,{7},5.0
2e68e8b9,2e68e8b94,2020-10-31,14,{'JAM'},"{'JAM_MODERATE_TRAFFIC', 'JAM_HEAVY_TRAFFIC'}",62,"{6, 7}",5.0
2e68e8b9,2e68e8b94,2020-10-31,15,{'JAM'},"{'JAM_STAND_STILL_TRAFFIC', 'JAM_HEAVY_TRAFFIC'}",61,{7},5.508196721311475
2e68e8b9,2e68e8b94,2020-11-02,10,{'JAM'},{'JAM_STAND_STILL_TRAFFIC'},13,{6},5.0
2e68e8b9,2e68e8b94,2020-11-04,10,{'JAM'},{'JAM'},21,{6},5.0
2e68e8b9,2e68e8b94,2020-11-06,20,{'JAM'},{'JAM_STAND_STILL_TRAFFIC'},5,{7},5.0
2e68e8b9,2e68e8b94,2020-11-07,10,{'JAM'},{'JAM_MODERATE_TRAFFIC'},32,{7},5.0
2e68e8b9,2e68e8b94,2020-11-07,12,{'WEATHERHAZARD'},{'HAZARD_ON_SHOULDER_CAR_STOPPED'},23,{7},7.217391304347826
2e68e8b9,2e68e8b94,2020-11-07,17,{'JAM'},{'JAM_STAND_STILL_TRAFFIC'},26,{7},6.0
2e68e8b9,2e68e8b94,2020-11-09,12,{'JAM'},{'JAM_MODERATE_TRAFFIC'},36,{6},5.0
2e68e8b9,2e68e8b94,2020-11-11,15,{'JAM'},{'JAM'},7,{6},5.0
2e68e8b9,2e68e8b94,2020-11-13,17,{'JAM'},"{'JAM_STAND_STILL_TRAFFIC', 'JAM_HEAVY_TRAFFIC'}",62,{7},5.338709677419355
2e68e8b9,2e68e8b94,2020-11-13,18,{'JAM'},{'JAM_HEAVY_TRAFFIC'},17,{6},5.823529411764706
2e68e8b9,2e68e8b94,2020-11-14,13,{'JAM'},{'JAM_STAND_STILL_TRAFFIC'},27,{7},5.037037037037037
2e68e8b9,2e68e8b94,2020-11-14,19,{'JAM'},{'JAM_STAND_STILL_TRAFFIC'},32,{7},6.46875
2e68e8b9,2e68e8b94,2020-11-14,20,{'JAM'},{'JAM_STAND_STILL_TRAFFIC'},31,{7},5.0
2e68e8b9,2e68e8b94,2020-11-18,15,{'JAM'},{'JAM_STAND_STILL_TRAFFIC'},37,{7},5.45945945945946
2e68e8b9,2e68e8b94,2020-11-20,15,{'JAM'},{'JAM_STAND_STILL_TRAFFIC'},47,{6},5.319148936170213
2e68e8b9,2e68e8b94,2020-11-21,11,{'JAM'},{'JAM_STAND_STILL_TRAFFIC'},6,{7},5.0
2e68e8b9,2e68e8b94,2020-11-21,12,{'JAM'},{'JAM_STAND_STILL_TRAFFIC'},8,{7},6.0
2e68e8b9,2e68e8b94,2020-11-21,20,{'JAM'},{'JAM_HEAVY_TRAFFIC'},32,{7},5.90625
2e68e8b9,2e68e8b9c,2020-09-03,10,{'WEATHERHAZARD'},{'WEATHERHAZARD'},32,{7},5.0
2e68e8b9,2e68e8b9c,2020-09-03,12,{'JAM'},{'JAM_STAND_STILL_TRAFFIC'},8,{6},5.0
2e68e8b9,2e68e8b9c,2020-09-05,9,{'JAM'},{'JAM_HEAVY_TRAFFIC'},23,{6},5.0
2e68e8b9,2e68e8b9c,2020-09-09,17,{'JAM'},{'JAM_MODERATE_TRAFFIC'},29,{6},5.0
2e68e8b9,2e68e8b9c,2020-10-03,11,{'JAM'},{'JAM_MODERATE_TRAFFIC'},24,{6},5.0
2e68e8b9,2e68e8b9c,2020-10-09,15,{'JAM'},{'JAM_HEAVY_TRAFFIC'},42,{6},5.380952380952381
2e68e8b9,2e68e8b9c,2020-10-13,8,{'JAM'},{'JAM_MODERATE_TRAFFIC'},30,{6},5.0
2e68e8b9,2e68e8b9c,2020-10-13,10,{'JAM'},{'JAM_HEAVY_TRAFFIC'},31,{7},5.0
2e68e8b9,2e68e8b9c,2020-10-22,8,{'JAM'},{'JAM_HEAVY_TRAFFIC'},30,{6},5.0
2e68e8b9,2e68e8b9c,2020-10-23,14,{'JAM'},{'JAM_MODERATE_TRAFFIC'},33,{6},5.0
2e68e8b9,2e68e8b9c,2020-10-24,8,{'WEATHERHAZARD'},{'WEATHERHAZARD'},30,{6},5.5
2e68e8b9,2e68e8b9c,2020-10-24,10,{'JAM'},{'JAM_HEAVY_TRAFFIC'},32,{6},5.46875
2e68e8b9,2e68e8b9c,2020-10-28,14,{'JAM'},{'JAM_STAND_STILL_TRAFFIC'},31,{6},5.0
2e68e8b9,2e68e8b9c,2020-10-28,16,{'JAM'},{'JAM_STAND_STILL_TRAFFIC'},31,{6},5.0
2e68e8b9,2e68e8b9c,2020-10-28,18,{'JAM'},{'JAM_STAND_STILL_TRAFFIC'},30,{6},5.0
2e68e8b9,2e68e8b9c,2020-10-30,18,{'JAM'},{'JAM_STAND_STILL_TRAFFIC'},30,{6},5.0
2e68e8b9,2e68e8b9c,2020-11-14,14,{'JAM'},{'JAM_HEAVY_TRAFFIC'},25,{7},5.96
2e68e8b9,2e68e8b9c,2020-11-14,19,{'JAM'},{'JAM_STAND_STILL_TRAFFIC'},50,{6},5.7
2e68e8b9,2e68e8b9c,2020-11-14,20,{'JAM'},{'JAM_STAND_STILL_TRAFFIC'},5,{1},5.2
2e68e8b9,2e68e8b9c,2020-11-16,10,{'JAM'},{'JAM_HEAVY_TRAFFIC'},18,{6},5.0
2e68e8bb,2e68e8ba4,2020-09-20,15,{'JAM'},{'JAM_MODERATE_TRAFFIC'},21,{6},5.0
2e68e8bb,2e68e8ba4,2020-10-30,18,{'JAM'},{'JAM_STAND_STILL_TRAFFIC'},33,{6},5.0
2e68e8bb,2e68e8ba4,2020-11-17,17,{'JAM'},{'JAM'},31,{6},5.0
2e68e8bb,2e68e8bbc,2020-09-12,9,{'JAM'},{'JAM_MODERATE_TRAFFIC'},34,{7},5.0
2e68e8bb,2e68e8bbc,2020-09-30,14,{'JAM'},{'JAM_STAND_STILL_TRAFFIC'},25,{7},5.0
2e68e8bb,2e68e8bbc,2020-10-01,14,{'JAM'},{'JAM_MODERATE_TRAFFIC'},30,{7},5.0
2e68e8bb,2e68e8bbc,2020-10-18,13,{'WEATHERHAZARD'},"{'WEATHERHAZARD', 'HAZARD_WEATHER_FLOOD'}",62,{7},5.967741935483871
2e68e8bb,2e68e8bbc,2020-10-24,11,{'JAM'},{'JAM_HEAVY_TRAFFIC'},12,{7},5.0
2e68e8bb,2e68e8bbc,2020-10-26,10,{'JAM'},{'JAM_HEAVY_TRAFFIC'},31,{7},5.0
2e68e8bb,2e68e8bbc,2020-10-28,18,{'JAM'},{'JAM_STAND_STILL_TRAFFIC'},33,{7},5.484848484848484
2e68e8bb,2e68e8bbc,2020-10-29,15,{'WEATHERHAZARD'},{'HAZARD_WEATHER_FLOOD'},62,{7},5.0
2e68e8bb,2e68e8bbc,2020-10-29,16,{'JAM'},{'JAM_MODERATE_TRAFFIC'},30,{7},5.0
2e68e8bb,2e68e8bbc,2020-10-30,15,{'JAM'},{'JAM_HEAVY_TRAFFIC'},31,{7},5.645161290322581
2e68e8bb,2e68e8bbc,2020-10-30,17,{'JAM'},{'JAM_HEAVY_TRAFFIC'},68,{7},5.5
2e68e8bb,2e68e8bbc,2020-10-31,14,{'JAM'},{'JAM_MODERATE_TRAFFIC'},31,{7},5.0
2e68e8bb,2e68e8bbc,2020-11-02,17,{'JAM'},{'JAM_STAND_STILL_TRAFFIC'},31,{7},5.0
2e68e8bb,2e68e8bbc,2020-11-21,14,{'JAM'},{'JAM'},9,{7},5.0
2e68e8bd,2e68e8bc4,2020-10-18,13,{'WEATHERHAZARD'},{'HAZARD_WEATHER_FLOOD'},30,{7},5.0
2e68e8bd,2e68e8bc4,2020-10-31,14,{'JAM'},{'JAM_MODERATE_TRAFFIC'},31,{7},5.0
2e68e8bd,2e68e8bcc,2020-10-18,13,{'WEATHERHAZARD'},{'HAZARD_WEATHER_FLOOD'},30,{7},6.0
2e68e8bd,2e68e8bcc,2020-11-02,8,{'JAM'},{'JAM_MODERATE_TRAFFIC'},30,{7},5.0
2e68e8bd,2e68e8bcc,2020-11-10,20,{'WEATHERHAZARD'},{'HAZARD_WEATHER_FLOOD'},32,{7},7.25
2e68e8bd,2e68e8bcc,2020-11-14,19,{'WEATHERHAZARD'},{'HAZARD_WEATHER_FLOOD'},30,{7},5.633333333333334
2e68e8bd,2e68e8bd4,2020-10-24,16,{'JAM'},{'JAM_STAND_STILL_TRAFFIC'},34,{2},5.9411764705882355
2e68e8bf,2e68e8be4,2020-09-01,9,{'JAM'},{'JAM_STAND_STILL_TRAFFIC'},20,{2},5.0
2e68e8bf,2e68e8be4,2020-10-24,18,{'JAM'},{'JAM_HEAVY_TRAFFIC'},8,{2},5.0
2e68e8bf,2e68e8be4,2020-11-13,17,{'JAM'},{'JAM_MODERATE_TRAFFIC'},14,{2},5.0
2e68e8bf,2e68e8be4,2020-11-14,16,{'JAM'},{'JAM_MODERATE_TRAFFIC'},18,{2},5.0
2e68e8bf,2e68e8bec,2020-09-03,12,{'JAM'},{'JAM_MODERATE_TRAFFIC'},27,{6},5.0
2e68e8bf,2e68e8bec,2020-10-24,18,{'JAM'},{'JAM_STAND_STILL_TRAFFIC'},7,{6},5.0
2e68e8bf,2e68e8bec,2020-10-27,13,{'JAM'},{'JAM_MODERATE_TRAFFIC'},31,{6},5.0
2e68e8bf,2e68e8bec,2020-10-28,12,{'JAM'},{'JAM_HEAVY_TRAFFIC'},31,{6},5.0
2e68e8bf,2e68e8bec,2020-10-28,18,{'JAM'},{'JAM'},30,{6},5.0
2e68e8bf,2e68e8bec,2020-10-30,17,{'JAM'},{'JAM_HEAVY_TRAFFIC'},33,{6},5.0
2e68e8bf,2e68e8bec,2020-10-30,18,{'JAM'},{'JAM_HEAVY_TRAFFIC'},41,{6},6.804878048780488
2e68e8bf,2e68e8bec,2020-11-07,19,{'JAM'},{'JAM_STAND_STILL_TRAFFIC'},30,{6},5.6
2e68e8bf,2e68e8bf4,2020-09-03,12,{'JAM'},{'JAM_STAND_STILL_TRAFFIC'},4,{6},5.0
2e68e8bf,2e68e8bf4,2020-09-22,17,{'JAM'},{'JAM'},31,{2},5.0
2e68e8bf,2e68e8bf4,2020-09-22,18,{'JAM'},{'JAM_HEAVY_TRAFFIC'},31,{2},5.967741935483871
2e68e8bf,2e68e8bf4,2020-09-29,18,{'JAM'},"{'JAM_STAND_STILL_TRAFFIC', 'JAM_HEAVY_TRAFFIC'}",62,{2},5.0
2e68e8bf,2e68e8bf4,2020-10-02,18,{'JAM'},{'JAM_STAND_STILL_TRAFFIC'},66,{2},5.454545454545454
2e68e8bf,2e68e8bf4,2020-10-02,19,{'JAM'},{'JAM_MODERATE_TRAFFIC'},31,{2},5.0
2e68e8bf,2e68e8bf4,2020-10-30,13,{'JAM'},{'JAM_STAND_STILL_TRAFFIC'},40,{2},5.4
2e68e8bf,2e68e8bf4,2020-10-30,16,{'JAM'},{'JAM_STAND_STILL_TRAFFIC'},62,{2},6.67741935483871
2e68e8bf,2e68e8bf4,2020-10-30,18,{'JAM'},{'JAM_STAND_STILL_TRAFFIC'},33,{6},5.0
2e68e8bf,2e68e8bf4,2020-10-31,10,{'JAM'},{'JAM_HEAVY_TRAFFIC'},30,{2},5.0
2e68e8bf,2e68e8bf4,2020-10-31,13,{'JAM'},{'JAM_STAND_STILL_TRAFFIC'},31,{2},5.0
2e68e8bf,2e68e8bf4,2020-10-31,16,"{'JAM', 'WEATHERHAZARD'}","{'JAM_STAND_STILL_TRAFFIC', 'HAZARD_ON_ROAD_POT_HOLE'}",17,"{2, 6}",5.117647058823529
2e68e8bf,2e68e8bf4,2020-11-03,7,{'JAM'},{'JAM_STAND_STILL_TRAFFIC'},30,{6},6.566666666666666
2e68e8bf,2e68e8bf4,2020-11-07,17,{'JAM'},{'JAM_HEAVY_TRAFFIC'},33,{2},5.96969696969697
2e68e8bf,2e68e8bf4,2020-11-07,19,{'JAM'},{'JAM_HEAVY_TRAFFIC'},93,"{2, 6}",5.0
2e68e8bf,2e68e8bf4,2020-11-09,12,{'JAM'},{'JAM_MODERATE_TRAFFIC'},31,{2},5.0
2e68e8bf,2e68e8bf4,2020-11-13,17,{'JAM'},{'JAM_MODERATE_TRAFFIC'},44,{2},6.340909090909091
2e68e8bf,2e68e8bf4,2020-11-14,19,{'JAM'},{'JAM_STAND_STILL_TRAFFIC'},33,{6},5.0
2e68e8bf,2e68e8bfc,2020-09-01,9,{'JAM'},{'JAM_STAND_STILL_TRAFFIC'},7,{2},5.0
2e68e8bf,2e68e8bfc,2020-09-03,12,"{'JAM', 'WEATHERHAZARD'}","{'HAZARD_ON_ROAD_CAR_STOPPED', 'JAM_STAND_STILL_TRAFFIC', 'JAM_HEAVY_TRAFFIC'}",92,{6},5.0
2e68e8bf,2e68e8bfc,2020-09-14,11,{'JAM'},{'JAM_STAND_STILL_TRAFFIC'},21,{6},5.0
2e68e8bf,2e68e8bfc,2020-09-19,16,{'JAM'},{'JAM_STAND_STILL_TRAFFIC'},31,{2},6.903225806451613
2e68e8bf,2e68e8bfc,2020-09-24,10,{'JAM'},{'JAM_STAND_STILL_TRAFFIC'},6,{6},5.0
2e68e8bf,2e68e8bfc,2020-10-01,17,{'JAM'},{'JAM_STAND_STILL_TRAFFIC'},31,{6},5.0
2e68e8bf,2e68e8bfc,2020-10-26,14,{'JAM'},{'JAM_MODERATE_TRAFFIC'},6,{2},5.0
2e68e8bf,2e68e8bfc,2020-10-27,13,{'JAM'},{'JAM_MODERATE_TRAFFIC'},32,{2},5.0
2e68e8bf,2e68e8bfc,2020-10-30,16,{'JAM'},{'JAM_STAND_STILL_TRAFFIC'},32,{2},5.0
2e68e8bf,2e68e8bfc,2020-10-31,16,{'JAM'},{'JAM_STAND_STILL_TRAFFIC'},30,{2},5.533333333333333
2e68e8bf,2e68e8bfc,2020-11-07,17,{'JAM'},{'JAM_HEAVY_TRAFFIC'},8,{2},5.0
2e68e8bf,2e68e8bfc,2020-11-09,17,{'JAM'},{'JAM_STAND_STILL_TRAFFIC'},11,{2},6.0
2e68e8bf,2e68e8bfc,2020-11-21,11,{'JAM'},{'JAM_HEAVY_TRAFFIC'},10,{2},5.0
2e68e8bf,2e68e8bfc,2020-11-21,12,{'JAM'},{'JAM_STAND_STILL_TRAFFIC'},3,{6},5.666666666666667
2e68e8bf,2e68e8bfc,2020-11-22,10,{'JAM'},{'JAM_MODERATE_TRAFFIC'},11,{6},5.0
2e68e8c1,2e68e8c0c,2020-09-09,17,{'JAM'},{'JAM_MODERATE_TRAFFIC'},7,{2},5.0
2e68e8c1,2e68e8c0c,2020-09-12,17,{'JAM'},{'JAM_STAND_STILL_TRAFFIC'},33,{2},5.0
2e68e8c1,2e68e8c0c,2020-09-12,18,{'JAM'},{'JAM_HEAVY_TRAFFIC'},36,{2},5.444444444444445
2e68e8c1,2e68e8c0c,2020-09-15,17,{'JAM'},{'JAM_STAND_STILL_TRAFFIC'},34,{2},5.0
2e68e8c1,2e68e8c0c,2020-09-22,18,{'JAM'},{'JAM_STAND_STILL_TRAFFIC'},58,{2},7.862068965517241
2e68e8c1,2e68e8c0c,2020-10-11,17,{'JAM'},{'JAM_MODERATE_TRAFFIC'},26,{2},5.0
2e68e8c1,2e68e8c0c,2020-10-15,19,{'JAM'},{'JAM_HEAVY_TRAFFIC'},32,{2},5.0
2e68e8c1,2e68e8c0c,2020-10-19,18,{'JAM'},{'JAM_STAND_STILL_TRAFFIC'},45,{2},7.088888888888889
2e68e8c1,2e68e8c0c,2020-10-24,13,{'JAM'},{'JAM_HEAVY_TRAFFIC'},65,{2},6.338461538461538
2e68e8c1,2e68e8c0c,2020-10-24,17,{'JAM'},{'JAM_HEAVY_TRAFFIC'},31,{2},5.612903225806452
2e68e8c1,2e68e8c0c,2020-10-26,17,{'JAM'},{'JAM_STAND_STILL_TRAFFIC'},31,{2},6.193548387096774
2e68e8c1,2e68e8c0c,2020-10-27,13,{'JAM'},{'JAM_MODERATE_TRAFFIC'},34,{2},5.0
2e68e8c1,2e68e8c0c,2020-10-28,17,{'JAM'},{'JAM_STAND_STILL_TRAFFIC'},30,{2},5.0
2e68e8c1,2e68e8c0c,2020-10-30,13,{'JAM'},{'JAM_HEAVY_TRAFFIC'},36,{2},5.0
2e68e8c1,2e68e8c0c,2020-10-30,15,{'JAM'},{'JAM_STAND_STILL_TRAFFIC'},32,{2},5.78125
2e68e8c1,2e68e8c0c,2020-10-30,16,{'JAM'},{'JAM_STAND_STILL_TRAFFIC'},33,{2},5.0
2e68e8c1,2e68e8c0c,2020-11-03,17,{'JAM'},{'JAM_HEAVY_TRAFFIC'},31,{2},5.0
2e68e8c1,2e68e8c0c,2020-11-07,17,{'JAM'},{'JAM_STAND_STILL_TRAFFIC'},38,{2},6.447368421052632
2e68e8c1,2e68e8c0c,2020-11-07,18,{'JAM'},{'JAM_STAND_STILL_TRAFFIC'},32,{2},5.0
2e68e8c1,2e68e8c0c,2020-11-07,19,{'JAM'},"{'JAM_STAND_STILL_TRAFFIC', 'JAM_HEAVY_TRAFFIC'}",64,{2},5.4375
2e68e8c1,2e68e8c0c,2020-11-12,17,{'JAM'},{'JAM_STAND_STILL_TRAFFIC'},31,{2},5.0
2e68e8c1,2e68e8c0c,2020-11-14,14,{'JAM'},{'JAM_STAND_STILL_TRAFFIC'},21,{2},5.0
2e68e8c1,2e68e8c14,2020-10-02,17,{'JAM'},{'JAM_STAND_STILL_TRAFFIC'},32,{2},5.0
2e68e8c1,2e68e8c14,2020-10-02,18,{'JAM'},{'JAM_STAND_STILL_TRAFFIC'},31,{2},6.967741935483871
2e68e8c1,2e68e8c14,2020-10-20,16,{'JAM'},{'JAM_MODERATE_TRAFFIC'},32,{2},5.0
2e68e8c1,2e68e8c14,2020-10-27,13,{'JAM'},{'JAM_MODERATE_TRAFFIC'},8,{2},5.0
2e68e8c1,2e68e8c14,2020-10-30,15,{'JAM'},{'JAM_STAND_STILL_TRAFFIC'},60,{2},5.0
2e68e8c1,2e68e8c14,2020-10-30,16,{'JAM'},{'JAM_HEAVY_TRAFFIC'},32,{2},5.0
2e68e8c1,2e68e8c14,2020-11-03,10,"{'JAM', 'WEATHERHAZARD'}","{'JAM', 'HAZARD_ON_ROAD_CONSTRUCTION'}",722,{1},5.0
2e68e8c1,2e68e8c14,2020-11-06,17,{'JAM'},{'JAM_STAND_STILL_TRAFFIC'},20,{2},5.0
2e68e8c1,2e68e8c14,2020-11-06,18,{'JAM'},{'JAM_STAND_STILL_TRAFFIC'},34,{2},5.0
2e68e8c1,2e68e8c14,2020-11-07,15,{'JAM'},{'JAM_HEAVY_TRAFFIC'},60,{2},5.0
2e68e8c1,2e68e8c14,2020-11-07,17,{'JAM'},{'JAM_STAND_STILL_TRAFFIC'},24,{2},5.791666666666667
2e68e8c1,2e68e8c14,2020-11-07,18,{'JAM'},{'JAM_STAND_STILL_TRAFFIC'},32,{2},5.5625
2e68e8c1,2e68e8c14,2020-11-07,19,{'JAM'},{'JAM_STAND_STILL_TRAFFIC'},27,{2},5.0
2e68e8c1,2e68e8c14,2020-11-13,17,{'JAM'},"{'JAM_MODERATE_TRAFFIC', 'JAM_HEAVY_TRAFFIC'}",92,{2},5.0
2e68e8c1,2e68e8c14,2020-11-14,10,{'JAM'},{'JAM_HEAVY_TRAFFIC'},30,{2},5.0
2e68e8c1,2e68e8c14,2020-11-14,12,{'JAM'},{'JAM_STAND_STILL_TRAFFIC'},5,{2},5.0
2e68e8c1,2e68e8c14,2020-11-14,20,{'JAM'},{'JAM_STAND_STILL_TRAFFIC'},72,{2},5.0
2e68e8c1,2e68e8c14,2020-11-14,21,{'JAM'},{'JAM_STAND_STILL_TRAFFIC'},32,{2},5.0
2e68e8c1,2e68e8c1c,2020-11-09,18,{'JAM'},{'JAM_STAND_STILL_TRAFFIC'},32,{2},5.0
2e68e8c1,2e68e8c1c,2020-11-13,17,{'JAM'},{'JAM_MODERATE_TRAFFIC'},29,{2},5.0
2e68e8c1,2e68e8c1c,2020-11-14,18,{'JAM'},{'JAM_HEAVY_TRAFFIC'},31,{2},5.0
2e68e8c1,2e68e8c1c,2020-11-14,20,{'JAM'},{'JAM_HEAVY_TRAFFIC'},31,{2},5.0
2e68e8c3,2e68e8c34,2020-10-04,22,{'JAM'},{'JAM_HEAVY_TRAFFIC'},30,{2},5.0
2e68e8c3,2e68e8c34,2020-10-16,15,{'JAM'},{'JAM_STAND_STILL_TRAFFIC'},32,{2},5.0
2e68e8c3,2e68e8c34,2020-10-20,19,{'JAM'},{'JAM_STAND_STILL_TRAFFIC'},30,{2},9.133333333333333
2e68e8c3,2e68e8c34,2020-10-20,20,{'JAM'},{'JAM_STAND_STILL_TRAFFIC'},30,{2},5.0
2e68e8c3,2e68e8c34,2020-10-22,9,{'JAM'},{'JAM_STAND_STILL_TRAFFIC'},43,{2},5.372093023255814
2e68e8c3,2e68e8c34,2020-10-30,14,{'JAM'},{'JAM_STAND_STILL_TRAFFIC'},61,{2},5.0
2e68e8c3,2e68e8c34,2020-10-30,15,{'JAM'},{'JAM_HEAVY_TRAFFIC'},30,{2},5.0
2e68e8c3,2e68e8c34,2020-11-07,15,{'JAM'},{'JAM_MODERATE_TRAFFIC'},24,{2},5.0
2e68e8c3,2e68e8c34,2020-11-09,17,{'JAM'},{'JAM_STAND_STILL_TRAFFIC'},61,{2},5.475409836065574
2e68e8c3,2e68e8c34,2020-11-09,21,{'JAM'},{'JAM_STAND_STILL_TRAFFIC'},32,{20},5.0
2e68e8c3,2e68e8c34,2020-11-14,20,{'JAM'},"{'JAM_STAND_STILL_TRAFFIC', 'JAM_HEAVY_TRAFFIC'}",40,{2},5.7
2e68e8c3,2e68e8c34,2020-11-14,22,{'JAM'},{'JAM_HEAVY_TRAFFIC'},21,{2},5.0
2e68e8c3,2e68e8c34,2020-11-21,17,{'JAM'},{'JAM_STAND_STILL_TRAFFIC'},22,{2},5.0
2e68e8c3,2e68e8c3c,2020-09-09,17,{'JAM'},{'JAM_MODERATE_TRAFFIC'},4,{2},5.0
2e68e8c3,2e68e8c3c,2020-09-22,17,{'JAM'},{'JAM_STAND_STILL_TRAFFIC'},65,{2},5.246153846153846
2e68e8c3,2e68e8c3c,2020-10-02,18,{'JAM'},{'JAM_HEAVY_TRAFFIC'},63,{2},5.317460317460317
2e68e8c3,2e68e8c3c,2020-10-20,17,{'WEATHERHAZARD'},{'HAZARD_WEATHER_FLOOD'},31,{2},5.0
2e68e8c3,2e68e8c3c,2020-10-24,17,{'JAM'},{'JAM'},30,{2},5.8
2e68e8c3,2e68e8c3c,2020-10-24,18,{'JAM'},{'JAM_HEAVY_TRAFFIC'},30,{2},5.0
2e68e8c3,2e68e8c3c,2020-11-07,15,{'JAM'},{'JAM_HEAVY_TRAFFIC'},80,{2},5.225
2e68e8c3,2e68e8c3c,2020-11-07,19,{'JAM'},{'JAM_STAND_STILL_TRAFFIC'},31,{2},5.0
2e68e8c3,2e68e8c3c,2020-11-09,18,{'JAM'},{'JAM_STAND_STILL_TRAFFIC'},31,{2},5.0
2e68e8c3,2e68e8c3c,2020-11-10,21,{'JAM'},{'JAM_STAND_STILL_TRAFFIC'},32,{2},5.53125
2e68e8c3,2e68e8c3c,2020-11-13,17,{'JAM'},{'JAM_HEAVY_TRAFFIC'},31,{2},6.645161290322581
2e68e8c3,2e68e8c3c,2020-11-14,21,{'JAM'},{'JAM_HEAVY_TRAFFIC'},65,{2},5.0
2e68e8c3,2e68e8c3c,2020-11-21,16,{'JAM'},{'JAM_STAND_STILL_TRAFFIC'},31,{2},5.935483870967742
2e68e8c7,2e68e8c7c,2020-09-29,11,{'JAM'},{'JAM_STAND_STILL_TRAFFIC'},30,{7},5.0
2e68e8c7,2e68e8c7c,2020-10-05,18,{'JAM'},{'JAM'},33,{7},5.0
2e68e8c7,2e68e8c7c,2020-10-17,20,{'JAM'},{'JAM_MODERATE_TRAFFIC'},6,{7},5.0
2e68e8c7,2e68e8c7c,2020-10-19,10,{'JAM'},{'JAM_MODERATE_TRAFFIC'},30,{7},5.0
2e68e8c7,2e68e8c7c,2020-10-19,18,{'JAM'},{'JAM_HEAVY_TRAFFIC'},32,{7},5.0
2e68e8c7,2e68e8c7c,2020-10-21,16,{'JAM'},{'JAM_HEAVY_TRAFFIC'},30,{7},5.0
2e68e8c7,2e68e8c7c,2020-11-16,16,{'JAM'},{'JAM_HEAVY_TRAFFIC'},31,{7},5.483870967741935
2e68e8c9,2e68e8c84,2020-09-11,9,{'JAM'},{'JAM_STAND_STILL_TRAFFIC'},33,{7},5.0
2e68e8c9,2e68e8c84,2020-09-20,15,{'JAM'},{'JAM_MODERATE_TRAFFIC'},66,{7},5.0
2e68e8c9,2e68e8c84,2020-09-25,17,{'JAM'},{'JAM_HEAVY_TRAFFIC'},30,{7},5.0
2e68e8c9,2e68e8c84,2020-09-30,12,{'JAM'},{'JAM_STAND_STILL_TRAFFIC'},32,{7},5.0
2e68e8c9,2e68e8c84,2020-10-04,18,{'JAM'},{'JAM_MODERATE_TRAFFIC'},11,{7},5.0
2e68e8c9,2e68e8c84,2020-10-05,18,{'JAM'},{'JAM_HEAVY_TRAFFIC'},25,{7},5.0
2e68e8c9,2e68e8c84,2020-10-14,16,{'JAM'},{'JAM_HEAVY_TRAFFIC'},35,{7},5.457142857142857
2e68e8c9,2e68e8c84,2020-10-19,10,{'JAM'},{'JAM_MODERATE_TRAFFIC'},30,{7},5.0
2e68e8c9,2e68e8c84,2020-10-19,18,{'JAM'},{'JAM_STAND_STILL_TRAFFIC'},32,{7},5.5
2e68e8c9,2e68e8c84,2020-11-02,16,{'JAM'},{'JAM_HEAVY_TRAFFIC'},33,{7},5.0
2e68e8c9,2e68e8c8c,2020-09-01,17,{'JAM'},{'JAM_HEAVY_TRAFFIC'},33,{7},5.0
2e68e8c9,2e68e8c8c,2020-09-03,9,{'JAM'},{'JAM_MODERATE_TRAFFIC'},35,{7},5.0
2e68e8c9,2e68e8c8c,2020-09-03,10,{'JAM'},{'JAM_HEAVY_TRAFFIC'},29,{7},5.0
2e68e8c9,2e68e8c8c,2020-09-03,11,{'JAM'},{'JAM_HEAVY_TRAFFIC'},32,{7},5.0
2e68e8c9,2e68e8c8c,2020-09-03,17,{'JAM'},{'JAM_STAND_STILL_TRAFFIC'},31,{7},5.0
2e68e8c9,2e68e8c8c,2020-09-07,15,{'JAM'},{'JAM_MODERATE_TRAFFIC'},32,{7},5.0
2e68e8c9,2e68e8c8c,2020-09-07,17,{'JAM'},{'JAM_HEAVY_TRAFFIC'},32,{7},5.0
2e68e8c9,2e68e8c8c,2020-09-09,17,{'JAM'},{'JAM_STAND_STILL_TRAFFIC'},17,{7},5.0
2e68e8c9,2e68e8c8c,2020-09-10,13,{'JAM'},{'JAM_MODERATE_TRAFFIC'},12,{7},5.0
2e68e8c9,2e68e8c8c,2020-09-16,10,{'JAM'},{'JAM_STAND_STILL_TRAFFIC'},32,{7},5.75
2e68e8c9,2e68e8c8c,2020-09-16,15,{'JAM'},"{'JAM_MODERATE_TRAFFIC', 'JAM_HEAVY_TRAFFIC'}",61,{7},5.0
2e68e8c9,2e68e8c8c,2020-09-17,13,{'JAM'},{'JAM_HEAVY_TRAFFIC'},24,{7},5.0
2e68e8c9,2e68e8c8c,2020-09-17,14,{'JAM'},{'JAM_STAND_STILL_TRAFFIC'},12,{7},5.0
2e68e8c9,2e68e8c8c,2020-09-24,8,{'JAM'},{'JAM_STAND_STILL_TRAFFIC'},30,{7},5.933333333333334
2e68e8c9,2e68e8c8c,2020-09-24,17,{'JAM'},{'JAM_HEAVY_TRAFFIC'},32,{7},5.0
2e68e8c9,2e68e8c8c,2020-09-29,7,{'JAM'},{'JAM_MODERATE_TRAFFIC'},30,{7},5.0
2e68e8c9,2e68e8c8c,2020-09-29,11,{'JAM'},{'JAM_STAND_STILL_TRAFFIC'},31,{7},5.0
2e68e8c9,2e68e8c8c,2020-09-29,12,{'JAM'},{'JAM_HEAVY_TRAFFIC'},31,{7},5.0
2e68e8c9,2e68e8c8c,2020-10-03,10,{'JAM'},{'JAM_MODERATE_TRAFFIC'},30,{7},5.0
2e68e8c9,2e68e8c8c,2020-10-04,17,{'JAM'},{'JAM_MODERATE_TRAFFIC'},30,{7},5.0
2e68e8c9,2e68e8c8c,2020-10-05,18,{'JAM'},{'JAM_HEAVY_TRAFFIC'},30,{7},5.0
2e68e8c9,2e68e8c8c,2020-10-07,13,{'JAM'},{'JAM_HEAVY_TRAFFIC'},30,{7},5.0
2e68e8c9,2e68e8c8c,2020-10-08,11,{'JAM'},{'JAM_HEAVY_TRAFFIC'},31,{7},5.0
2e68e8c9,2e68e8c8c,2020-10-08,17,{'JAM'},{'JAM_HEAVY_TRAFFIC'},31,{7},5.0
2e68e8c9,2e68e8c8c,2020-10-10,16,{'JAM'},{'JAM_HEAVY_TRAFFIC'},32,{7},5.0
2e68e8c9,2e68e8c8c,2020-10-13,10,{'JAM'},{'JAM_MODERATE_TRAFFIC'},30,{7},5.0
2e68e8c9,2e68e8c8c,2020-10-15,14,{'JAM'},{'JAM'},21,{7},5.0
2e68e8c9,2e68e8c8c,2020-10-16,15,{'JAM'},{'JAM_MODERATE_TRAFFIC'},34,{7},5.0
2e68e8c9,2e68e8c8c,2020-10-16,18,{'JAM'},{'JAM_HEAVY_TRAFFIC'},31,{7},5.935483870967742
2e68e8c9,2e68e8c8c,2020-10-17,12,{'JAM'},{'JAM_MODERATE_TRAFFIC'},31,{7},5.0
2e68e8c9,2e68e8c8c,2020-10-17,13,{'JAM'},{'JAM_MODERATE_TRAFFIC'},32,{7},5.0
2e68e8c9,2e68e8c8c,2020-10-17,20,{'JAM'},{'JAM_MODERATE_TRAFFIC'},5,{7},5.0
2e68e8c9,2e68e8c8c,2020-10-18,11,{'JAM'},{'JAM_STAND_STILL_TRAFFIC'},8,{7},5.0
2e68e8c9,2e68e8c8c,2020-10-19,10,{'JAM'},{'JAM_MODERATE_TRAFFIC'},62,{7},5.0
2e68e8c9,2e68e8c8c,2020-10-19,16,{'JAM'},{'JAM_HEAVY_TRAFFIC'},31,{7},5.0
2e68e8c9,2e68e8c8c,2020-10-22,15,{'JAM'},{'JAM_MODERATE_TRAFFIC'},32,{7},5.0
2e68e8c9,2e68e8c8c,2020-10-22,16,{'JAM'},{'JAM_HEAVY_TRAFFIC'},57,{7},5.859649122807017
2e68e8c9,2e68e8c8c,2020-10-23,9,{'JAM'},{'JAM_STAND_STILL_TRAFFIC'},31,{7},5.612903225806452
2e68e8c9,2e68e8c8c,2020-10-24,10,{'JAM'},{'JAM_HEAVY_TRAFFIC'},30,{7},5.633333333333334
2e68e8c9,2e68e8c8c,2020-10-26,12,{'JAM'},{'JAM_HEAVY_TRAFFIC'},38,{7},5.421052631578948
2e68e8c9,2e68e8c8c,2020-10-26,16,{'JAM'},{'JAM_HEAVY_TRAFFIC'},32,{7},5.96875
2e68e8c9,2e68e8c8c,2020-10-30,15,{'JAM'},{'JAM_STAND_STILL_TRAFFIC'},32,{7},5.0
2e68e8c9,2e68e8c8c,2020-10-31,8,{'JAM'},{'JAM_MODERATE_TRAFFIC'},31,{7},5.0
2e68e8c9,2e68e8c8c,2020-10-31,9,{'JAM'},{'JAM_HEAVY_TRAFFIC'},31,{7},5.0
2e68e8c9,2e68e8c8c,2020-10-31,11,{'JAM'},{'JAM_MODERATE_TRAFFIC'},30,{7},5.0
2e68e8c9,2e68e8c8c,2020-11-01,11,{'JAM'},{'JAM'},31,{7},5.0
2e68e8c9,2e68e8c8c,2020-11-01,15,{'JAM'},{'JAM_STAND_STILL_TRAFFIC'},7,{7},5.0
2e68e8c9,2e68e8c8c,2020-11-02,11,{'JAM'},{'JAM_STAND_STILL_TRAFFIC'},30,{7},5.0
2e68e8c9,2e68e8c8c,2020-11-02,18,{'JAM'},{'JAM_STAND_STILL_TRAFFIC'},31,{7},5.0
2e68e8c9,2e68e8c8c,2020-11-03,8,{'JAM'},{'JAM_STAND_STILL_TRAFFIC'},32,{7},5.0
2e68e8c9,2e68e8c8c,2020-11-05,10,{'JAM'},{'JAM_STAND_STILL_TRAFFIC'},30,{7},5.0
2e68e8c9,2e68e8c8c,2020-11-06,7,{'JAM'},{'JAM_STAND_STILL_TRAFFIC'},39,{7},5.871794871794871
2e68e8c9,2e68e8c8c,2020-11-09,8,{'JAM'},{'JAM_HEAVY_TRAFFIC'},33,{7},5.7272727272727275
2e68e8c9,2e68e8c8c,2020-11-09,16,{'JAM'},{'JAM_STAND_STILL_TRAFFIC'},38,{7},5.394736842105263
2e68e8c9,2e68e8c8c,2020-11-10,8,{'JAM'},{'JAM_STAND_STILL_TRAFFIC'},31,{7},5.0
2e68e8c9,2e68e8c8c,2020-11-11,13,{'JAM'},{'JAM_MODERATE_TRAFFIC'},33,{7},5.96969696969697
2e68e8c9,2e68e8c8c,2020-11-13,18,{'JAM'},{'JAM_HEAVY_TRAFFIC'},31,{7},5.0
2e68e8c9,2e68e8c8c,2020-11-14,15,{'JAM'},{'JAM_STAND_STILL_TRAFFIC'},30,{7},5.6
2e68e8c9,2e68e8c8c,2020-11-16,13,{'JAM'},{'JAM_HEAVY_TRAFFIC'},14,{7},5.0
2e68e8c9,2e68e8c8c,2020-11-17,11,{'JAM'},{'JAM_STAND_STILL_TRAFFIC'},10,{7},5.2
2e68e8c9,2e68e8c94,2020-09-28,13,{'JAM'},{'JAM_STAND_STILL_TRAFFIC'},56,{2},5.0
2e68e8c9,2e68e8c94,2020-11-14,11,{'JAM'},{'JAM_STAND_STILL_TRAFFIC'},30,{2},5.0
2e68e8cb,2e68e8ca4,2020-09-28,13,{'JAM'},{'JAM_STAND_STILL_TRAFFIC'},61,{2},5.491803278688525
2e68e8cb,2e68e8ca4,2020-09-30,13,{'JAM'},{'JAM_STAND_STILL_TRAFFIC'},18,{2},5.0
2e68e8cb,2e68e8ca4,2020-10-05,8,{'JAM'},{'JAM_STAND_STILL_TRAFFIC'},31,{2},5.0
2e68e8cb,2e68e8ca4,2020-10-09,15,{'JAM'},{'JAM_MODERATE_TRAFFIC'},33,{2},5.0
2e68e8cb,2e68e8ca4,2020-10-20,18,{'JAM'},{'JAM_STAND_STILL_TRAFFIC'},32,{2},6.0
2e68e8cb,2e68e8ca4,2020-11-17,10,{'JAM'},{'JAM_STAND_STILL_TRAFFIC'},30,{2},5.0
2e68e8cb,2e68e8cac,2020-10-05,8,{'JAM'},{'JAM_STAND_STILL_TRAFFIC'},30,{2},5.0
2e68e8cb,2e68e8cac,2020-11-13,7,{'JAM'},{'JAM'},15,{2},5.0
2e68e8cb,2e68e8cac,2020-11-18,20,{'JAM'},{'JAM_STAND_STILL_TRAFFIC'},19,{2},5.0
2e68e8cb,2e68e8cac,2020-11-20,16,{'JAM'},{'JAM_STAND_STILL_TRAFFIC'},31,{2},5.0
2e68e8cb,2e68e8cbc,2020-09-02,12,{'JAM'},{'JAM_STAND_STILL_TRAFFIC'},33,{2},6.0
2e68e8cd,2e68e8cc4,2020-09-12,15,{'JAM'},{'JAM'},5,{4},5.0
2e68e8cd,2e68e8cc4,2020-10-26,13,{'JAM'},{'JAM_MODERATE_TRAFFIC'},8,{4},5.0
2e68e8cd,2e68e8cc4,2020-11-16,6,{'JAM'},{'JAM_MODERATE_TRAFFIC'},32,{1},5.0
2e68e8cd,2e68e8cc4,2020-11-20,17,{'WEATHERHAZARD'},{'HAZARD_ON_SHOULDER'},31,{4},5.0
2e68e8cd,2e68e8cdc,2020-09-02,17,{'JAM'},{'JAM_HEAVY_TRAFFIC'},6,{7},5.0
2e68e8cd,2e68e8cdc,2020-09-09,17,{'JAM'},{'JAM_STAND_STILL_TRAFFIC'},28,{7},5.0
2e68e8cd,2e68e8cdc,2020-09-17,16,{'JAM'},{'JAM_MODERATE_TRAFFIC'},32,{7},5.0
2e68e8cd,2e68e8cdc,2020-09-19,13,{'JAM'},{'JAM_HEAVY_TRAFFIC'},31,{7},5.0
2e68e8cd,2e68e8cdc,2020-09-20,15,{'JAM'},{'JAM_MODERATE_TRAFFIC'},30,{7},5.0
2e68e8cd,2e68e8cdc,2020-09-22,18,{'JAM'},{'JAM_MODERATE_TRAFFIC'},31,{7},9.0
2e68e8cd,2e68e8cdc,2020-10-01,18,{'JAM'},{'JAM_STAND_STILL_TRAFFIC'},10,{7},5.0
2e68e8cd,2e68e8cdc,2020-10-18,12,{'JAM'},{'JAM_MODERATE_TRAFFIC'},30,{7},5.0
2e68e8cd,2e68e8cdc,2020-10-18,17,{'JAM'},{'JAM_MODERATE_TRAFFIC'},30,{7},5.0
2e68e8cd,2e68e8cdc,2020-10-25,17,{'JAM'},{'JAM_MODERATE_TRAFFIC'},24,{7},5.0
2e68e8cd,2e68e8cdc,2020-10-30,17,{'JAM'},{'JAM_STAND_STILL_TRAFFIC'},72,{7},5.916666666666667
2e68e8cd,2e68e8cdc,2020-11-09,7,{'JAM'},{'JAM'},31,{7},5.0
2e68e8cd,2e68e8cdc,2020-11-12,11,{'JAM'},{'JAM_MODERATE_TRAFFIC'},11,{1},5.0
2e68e8cd,2e68e8cdc,2020-11-12,20,{'JAM'},{'JAM_HEAVY_TRAFFIC'},31,{1},5.967741935483871
2e68e8cd,2e68e8cdc,2020-11-12,21,{'WEATHERHAZARD'},{'HAZARD_WEATHER_FOG'},31,{1},5.0
2e68e8cd,2e68e8cdc,2020-11-20,13,{'JAM'},{'JAM_STAND_STILL_TRAFFIC'},31,{7},5.741935483870968
2e68e8cd,2e68e8cdc,2020-11-22,18,{'JAM'},{'JAM_MODERATE_TRAFFIC'},32,{7},5.0
2e68e8cf,2e68e8ce4,2020-09-01,13,{'JAM'},{'JAM_HEAVY_TRAFFIC'},32,{7},5.0
2e68e8cf,2e68e8ce4,2020-09-12,14,{'JAM'},{'JAM_STAND_STILL_TRAFFIC'},20,{7},5.0
2e68e8cf,2e68e8ce4,2020-09-13,17,{'JAM'},{'JAM_MODERATE_TRAFFIC'},53,{7},5.0
2e68e8cf,2e68e8ce4,2020-09-18,16,{'JAM'},{'JAM_HEAVY_TRAFFIC'},32,{7},5.0
2e68e8cf,2e68e8ce4,2020-09-23,11,{'JAM'},{'JAM_STAND_STILL_TRAFFIC'},7,{7},5.0
2e68e8cf,2e68e8ce4,2020-09-25,17,{'JAM'},"{'JAM_STAND_STILL_TRAFFIC', 'JAM_HEAVY_TRAFFIC'}",92,{7},5.304347826086956
2e68e8cf,2e68e8ce4,2020-09-28,16,{'JAM'},{'JAM_HEAVY_TRAFFIC'},32,{7},5.0
2e68e8cf,2e68e8ce4,2020-10-01,18,{'JAM'},{'JAM_HEAVY_TRAFFIC'},32,{7},5.0
2e68e8cf,2e68e8ce4,2020-10-04,18,{'WEATHERHAZARD'},{'HAZARD_ON_SHOULDER'},31,{20},5.0
2e68e8cf,2e68e8ce4,2020-10-08,17,{'JAM'},{'JAM_STAND_STILL_TRAFFIC'},41,{7},5.390243902439025
2e68e8cf,2e68e8ce4,2020-10-09,17,{'JAM'},{'JAM_HEAVY_TRAFFIC'},37,{7},5.4324324324324325
2e68e8cf,2e68e8ce4,2020-10-10,15,{'JAM'},{'JAM_HEAVY_TRAFFIC'},21,{7},5.0
2e68e8cf,2e68e8ce4,2020-10-11,18,{'WEATHERHAZARD'},{'HAZARD_ON_ROAD_OBJECT'},61,{7},5.0
2e68e8cf,2e68e8ce4,2020-10-16,14,{'JAM'},{'JAM_STAND_STILL_TRAFFIC'},30,{7},5.566666666666666
2e68e8cf,2e68e8ce4,2020-10-17,20,{'JAM'},{'JAM_MODERATE_TRAFFIC'},31,{7},5.0
2e68e8cf,2e68e8ce4,2020-10-20,11,{'JAM'},{'JAM_HEAVY_TRAFFIC'},33,{1},5.0
2e68e8cf,2e68e8ce4,2020-10-20,17,{'JAM'},{'JAM_HEAVY_TRAFFIC'},30,{7},5.0
2e68e8cf,2e68e8ce4,2020-10-21,11,{'JAM'},{'JAM_MODERATE_TRAFFIC'},11,{7},5.0
2e68e8cf,2e68e8ce4,2020-10-25,14,{'JAM'},"{'JAM_STAND_STILL_TRAFFIC', 'JAM_HEAVY_TRAFFIC'}",62,{7},5.5
2e68e8cf,2e68e8ce4,2020-10-26,17,{'JAM'},{'JAM_MODERATE_TRAFFIC'},45,{7},5.377777777777778
2e68e8cf,2e68e8ce4,2020-10-28,13,{'JAM'},{'JAM_MODERATE_TRAFFIC'},30,{7},5.0
2e68e8cf,2e68e8ce4,2020-10-28,17,{'JAM'},{'JAM_STAND_STILL_TRAFFIC'},30,{7},5.0
2e68e8cf,2e68e8ce4,2020-10-30,16,{'JAM'},{'JAM_STAND_STILL_TRAFFIC'},35,{7},5.0
2e68e8cf,2e68e8ce4,2020-10-31,16,{'JAM'},{'JAM_HEAVY_TRAFFIC'},30,{7},5.0
2e68e8cf,2e68e8ce4,2020-10-31,20,{'JAM'},{'JAM_MODERATE_TRAFFIC'},31,{7},5.0
2e68e8cf,2e68e8ce4,2020-11-01,16,{'JAM'},{'JAM_MODERATE_TRAFFIC'},5,{7},5.0
2e68e8cf,2e68e8ce4,2020-11-06,16,{'JAM'},{'JAM_HEAVY_TRAFFIC'},6,{7},5.0
2e68e8cf,2e68e8ce4,2020-11-10,20,{'JAM'},{'JAM_HEAVY_TRAFFIC'},47,{7},5.382978723404255
2e68e8cf,2e68e8ce4,2020-11-15,17,{'JAM'},{'JAM_MODERATE_TRAFFIC'},2,{7},5.0
2e68e8cf,2e68e8ce4,2020-11-20,13,{'JAM'},{'JAM_STAND_STILL_TRAFFIC'},31,{7},5.741935483870968
2e68e8cf,2e68e8ce4,2020-11-22,18,{'JAM'},{'JAM_MODERATE_TRAFFIC'},31,{7},5.0
2e68e8cf,2e68e8cec,2020-09-01,11,{'JAM'},{'JAM_STAND_STILL_TRAFFIC'},35,{7},5.0
2e68e8cf,2e68e8cec,2020-09-01,17,{'JAM'},{'JAM_HEAVY_TRAFFIC'},41,{7},5.512195121951219
2e68e8cf,2e68e8cec,2020-09-01,18,{'JAM'},{'JAM'},32,{7},5.0
2e68e8cf,2e68e8cec,2020-09-02,17,{'JAM'},{'JAM_MODERATE_TRAFFIC'},6,{4},5.0
2e68e8cf,2e68e8cec,2020-09-03,9,{'JAM'},{'JAM_STAND_STILL_TRAFFIC'},31,{7},5.0
2e68e8cf,2e68e8cec,2020-09-07,17,{'JAM'},{'JAM_HEAVY_TRAFFIC'},31,{7},5.0
2e68e8cf,2e68e8cec,2020-09-09,17,{'JAM'},{'JAM_STAND_STILL_TRAFFIC'},23,{7},5.0
2e68e8cf,2e68e8cec,2020-09-11,10,{'JAM'},{'JAM_STAND_STILL_TRAFFIC'},30,{7},5.0
2e68e8cf,2e68e8cec,2020-09-11,15,{'JAM'},{'JAM'},30,{7},9.0
2e68e8cf,2e68e8cec,2020-09-14,16,{'JAM'},{'JAM_STAND_STILL_TRAFFIC'},30,{7},5.966666666666667
2e68e8cf,2e68e8cec,2020-09-15,13,{'JAM'},{'JAM_HEAVY_TRAFFIC'},12,{7},5.0
2e68e8cf,2e68e8cec,2020-09-15,15,{'JAM'},{'JAM_STAND_STILL_TRAFFIC'},30,{7},5.0
2e68e8cf,2e68e8cec,2020-09-16,8,{'JAM'},{'JAM_STAND_STILL_TRAFFIC'},31,{7},5.0
2e68e8cf,2e68e8cec,2020-09-16,11,{'JAM'},{'JAM_STAND_STILL_TRAFFIC'},31,{7},5.0
2e68e8cf,2e68e8cec,2020-09-16,15,{'JAM'},{'JAM_HEAVY_TRAFFIC'},30,{7},5.0
2e68e8cf,2e68e8cec,2020-09-17,13,{'JAM'},{'JAM_HEAVY_TRAFFIC'},27,{7},5.0
2e68e8cf,2e68e8cec,2020-09-17,14,{'JAM'},{'JAM_STAND_STILL_TRAFFIC'},16,{7},5.0
2e68e8cf,2e68e8cec,2020-09-18,15,{'JAM'},{'JAM_STAND_STILL_TRAFFIC'},30,{7},5.0
2e68e8cf,2e68e8cec,2020-09-20,9,{'JAM'},{'JAM'},6,{4},5.0
2e68e8cf,2e68e8cec,2020-09-20,15,{'JAM'},{'JAM_MODERATE_TRAFFIC'},34,{7},5.0
2e68e8cf,2e68e8cec,2020-09-22,14,{'JAM'},{'JAM_STAND_STILL_TRAFFIC'},8,{7},5.0
2e68e8cf,2e68e8cec,2020-09-23,10,{'JAM'},{'JAM_STAND_STILL_TRAFFIC'},31,{7},5.903225806451613
2e68e8cf,2e68e8cec,2020-09-23,11,{'JAM'},{'JAM_STAND_STILL_TRAFFIC'},63,{7},5.0
2e68e8cf,2e68e8cec,2020-09-24,8,{'JAM'},{'JAM_STAND_STILL_TRAFFIC'},30,{7},5.0
2e68e8cf,2e68e8cec,2020-09-26,9,{'JAM'},{'JAM_MODERATE_TRAFFIC'},30,{7},5.0
2e68e8cf,2e68e8cec,2020-09-28,7,{'JAM'},{'JAM_HEAVY_TRAFFIC'},31,{7},5.935483870967742
2e68e8cf,2e68e8cec,2020-09-28,12,{'JAM'},{'JAM_STAND_STILL_TRAFFIC'},31,{7},5.0
2e68e8cf,2e68e8cec,2020-09-29,7,{'JAM'},{'JAM_MODERATE_TRAFFIC'},30,{7},5.0
2e68e8cf,2e68e8cec,2020-10-01,8,{'JAM'},{'JAM_HEAVY_TRAFFIC'},31,{7},5.0
2e68e8cf,2e68e8cec,2020-10-02,15,{'JAM'},{'JAM_STAND_STILL_TRAFFIC'},29,{7},5.0
2e68e8cf,2e68e8cec,2020-10-02,16,{'JAM'},{'JAM_STAND_STILL_TRAFFIC'},30,{7},5.0
2e68e8cf,2e68e8cec,2020-10-02,18,{'JAM'},{'JAM_STAND_STILL_TRAFFIC'},35,{7},6.6571428571428575
2e68e8cf,2e68e8cec,2020-10-03,11,{'JAM'},{'JAM_STAND_STILL_TRAFFIC'},63,{7},5.0
2e68e8cf,2e68e8cec,2020-10-04,17,{'JAM'},{'JAM_MODERATE_TRAFFIC'},6,{7},5.0
2e68e8cf,2e68e8cec,2020-10-07,11,{'JAM'},{'JAM_HEAVY_TRAFFIC'},32,{7},5.0
2e68e8cf,2e68e8cec,2020-10-07,13,{'JAM'},{'JAM_STAND_STILL_TRAFFIC'},33,{7},5.0
2e68e8cf,2e68e8cec,2020-10-09,17,{'JAM'},{'JAM_MODERATE_TRAFFIC'},31,{7},5.0
2e68e8cf,2e68e8cec,2020-10-10,12,{'JAM'},{'JAM_HEAVY_TRAFFIC'},56,{7},5.517857142857143
2e68e8cf,2e68e8cec,2020-10-10,15,{'JAM'},{'JAM_MODERATE_TRAFFIC'},25,{4},5.0
2e68e8cf,2e68e8cec,2020-10-12,7,{'JAM'},{'JAM_STAND_STILL_TRAFFIC'},7,{7},5.0
2e68e8cf,2e68e8cec,2020-10-12,9,{'JAM'},{'JAM'},30,{7},5.0
2e68e8cf,2e68e8cec,2020-10-12,10,{'JAM'},{'JAM_HEAVY_TRAFFIC'},31,{7},5.0
2e68e8cf,2e68e8cec,2020-10-12,15,{'JAM'},{'JAM_HEAVY_TRAFFIC'},31,{7},5.0
2e68e8cf,2e68e8cec,2020-10-12,17,{'JAM'},{'JAM_STAND_STILL_TRAFFIC'},32,{7},5.96875
2e68e8cf,2e68e8cec,2020-10-13,7,{'JAM'},{'JAM_STAND_STILL_TRAFFIC'},38,{7},5.473684210526316
2e68e8cf,2e68e8cec,2020-10-15,16,{'JAM'},"{'JAM_MODERATE_TRAFFIC', 'JAM_HEAVY_TRAFFIC'}",40,{7},5.0
2e68e8cf,2e68e8cec,2020-10-16,15,{'JAM'},{'JAM_HEAVY_TRAFFIC'},30,{7},5.0
2e68e8cf,2e68e8cec,2020-10-17,10,{'JAM'},{'JAM_HEAVY_TRAFFIC'},33,{7},5.0
2e68e8cf,2e68e8cec,2020-10-17,13,{'JAM'},{'JAM_HEAVY_TRAFFIC'},31,{7},5.0
2e68e8cf,2e68e8cec,2020-10-17,20,{'JAM'},{'JAM_MODERATE_TRAFFIC'},27,{7},5.0
2e68e8cf,2e68e8cec,2020-10-18,12,{'JAM'},{'JAM_MODERATE_TRAFFIC'},5,{7},5.0
2e68e8cf,2e68e8cec,2020-10-19,8,{'JAM'},{'JAM_STAND_STILL_TRAFFIC'},31,{7},5.612903225806452
2e68e8cf,2e68e8cec,2020-10-19,15,{'JAM'},{'JAM_STAND_STILL_TRAFFIC'},30,{7},5.0
2e68e8cf,2e68e8cec,2020-10-22,7,{'JAM'},{'JAM_HEAVY_TRAFFIC'},31,{7},5.0
2e68e8cf,2e68e8cec,2020-10-22,14,{'JAM'},{'JAM_HEAVY_TRAFFIC'},31,{7},5.774193548387097
2e68e8cf,2e68e8cec,2020-10-22,15,{'JAM'},{'JAM_STAND_STILL_TRAFFIC'},32,{7},5.0
2e68e8cf,2e68e8cec,2020-10-23,9,{'JAM'},"{'JAM_STAND_STILL_TRAFFIC', 'JAM_HEAVY_TRAFFIC'}",72,{7},5.791666666666667
2e68e8cf,2e68e8cec,2020-10-23,18,{'JAM'},{'JAM_HEAVY_TRAFFIC'},6,{7},5.0
2e68e8cf,2e68e8cec,2020-10-25,14,{'JAM'},{'JAM_STAND_STILL_TRAFFIC'},31,{7},5.0
2e68e8cf,2e68e8cec,2020-10-25,17,{'JAM'},{'JAM_MODERATE_TRAFFIC'},5,{4},5.0
2e68e8cf,2e68e8cec,2020-10-26,8,{'JAM'},"{'JAM_STAND_STILL_TRAFFIC', 'JAM_HEAVY_TRAFFIC'}",66,{7},5.575757575757576
2e68e8cf,2e68e8cec,2020-10-26,9,{'JAM'},{'JAM_STAND_STILL_TRAFFIC'},31,{7},7.935483870967742
2e68e8cf,2e68e8cec,2020-10-26,15,{'JAM'},{'JAM_HEAVY_TRAFFIC'},36,{7},5.0
2e68e8cf,2e68e8cec,2020-10-27,10,{'JAM'},{'JAM_STAND_STILL_TRAFFIC'},31,{7},5.0
2e68e8cf,2e68e8cec,2020-10-27,14,{'JAM'},{'JAM_STAND_STILL_TRAFFIC'},63,{7},5.0
2e68e8cf,2e68e8cec,2020-10-30,15,{'JAM'},{'JAM_STAND_STILL_TRAFFIC'},79,{7},6.037974683544304
2e68e8cf,2e68e8cec,2020-10-31,11,{'JAM'},{'JAM_HEAVY_TRAFFIC'},53,{7},5.0
2e68e8cf,2e68e8cec,2020-10-31,20,{'JAM'},{'JAM_MODERATE_TRAFFIC'},7,{7},5.0
2e68e8cf,2e68e8cec,2020-11-01,12,{'JAM'},{'JAM_MODERATE_TRAFFIC'},5,{4},5.0
2e68e8cf,2e68e8cec,2020-11-02,7,{'JAM'},"{'JAM_MODERATE_TRAFFIC', 'JAM_HEAVY_TRAFFIC'}",65,{7},5.430769230769231
2e68e8cf,2e68e8cec,2020-11-03,7,{'JAM'},{'JAM_STAND_STILL_TRAFFIC'},32,{7},7.34375
2e68e8cf,2e68e8cec,2020-11-03,8,{'JAM'},{'JAM_STAND_STILL_TRAFFIC'},36,{7},5.027777777777778
2e68e8cf,2e68e8cec,2020-11-03,10,{'JAM'},{'JAM_HEAVY_TRAFFIC'},62,{7},5.0
2e68e8cf,2e68e8cec,2020-11-05,10,{'JAM'},{'JAM_STAND_STILL_TRAFFIC'},30,{7},5.0
2e68e8cf,2e68e8cec,2020-11-06,8,{'JAM'},{'JAM_HEAVY_TRAFFIC'},31,{7},5.0
2e68e8cf,2e68e8cec,2020-11-06,13,{'JAM'},{'JAM_STAND_STILL_TRAFFIC'},30,{7},5.0
2e68e8cf,2e68e8cec,2020-11-07,10,{'JAM'},{'JAM_STAND_STILL_TRAFFIC'},31,{7},5.0
2e68e8cf,2e68e8cec,2020-11-09,8,{'JAM'},{'JAM_HEAVY_TRAFFIC'},63,{7},5.253968253968254
2e68e8cf,2e68e8cec,2020-11-09,13,{'JAM'},{'JAM_STAND_STILL_TRAFFIC'},94,{7},5.0
2e68e8cf,2e68e8cec,2020-11-10,20,{'JAM'},{'JAM_MODERATE_TRAFFIC'},6,{4},5.0
2e68e8cf,2e68e8cec,2020-11-11,13,{'JAM'},{'JAM_STAND_STILL_TRAFFIC'},44,{7},5.363636363636363
2e68e8cf,2e68e8cec,2020-11-11,14,{'JAM'},{'JAM_STAND_STILL_TRAFFIC'},31,{7},5.0
2e68e8cf,2e68e8cec,2020-11-11,18,{'JAM'},{'JAM_HEAVY_TRAFFIC'},47,{7},6.148936170212766
2e68e8cf,2e68e8cec,2020-11-14,15,{'JAM'},{'JAM_STAND_STILL_TRAFFIC'},31,{7},5.0
2e68e8cf,2e68e8cec,2020-11-14,20,{'JAM'},{'JAM_STAND_STILL_TRAFFIC'},24,{7},5.0
2e68e8cf,2e68e8cec,2020-11-17,8,{'JAM'},{'JAM_STAND_STILL_TRAFFIC'},30,{7},5.833333333333333
2e68e8cf,2e68e8cec,2020-11-17,9,{'JAM'},{'JAM_STAND_STILL_TRAFFIC'},37,{7},7.405405405405405
2e68e8cf,2e68e8cec,2020-11-17,10,{'JAM'},{'JAM_STAND_STILL_TRAFFIC'},65,{7},5.4
2e68e8cf,2e68e8cec,2020-11-21,13,{'JAM'},{'JAM_HEAVY_TRAFFIC'},14,{7},5.571428571428571
2e68e8cf,2e68e8cec,2020-11-21,14,{'JAM'},{'JAM_HEAVY_TRAFFIC'},59,{7},5.627118644067797
2e68e8cf,2e68e8cec,2020-11-21,16,{'JAM'},{'JAM_STAND_STILL_TRAFFIC'},29,{7},5.551724137931035
2e68e8cf,2e68e8cf4,2020-09-11,10,{'JAM'},{'JAM_STAND_STILL_TRAFFIC'},28,{7},5.0
2e68e8cf,2e68e8cf4,2020-09-16,8,{'JAM'},{'JAM_STAND_STILL_TRAFFIC'},30,{7},5.0
2e68e8cf,2e68e8cf4,2020-09-16,14,{'JAM'},{'JAM'},31,{7},5.967741935483871
2e68e8cf,2e68e8cf4,2020-09-23,10,{'JAM'},{'JAM_STAND_STILL_TRAFFIC'},30,{7},5.0
2e68e8cf,2e68e8cf4,2020-09-24,8,{'JAM'},{'JAM_STAND_STILL_TRAFFIC'},30,{7},6.0
2e68e8cf,2e68e8cf4,2020-10-03,14,{'JAM'},{'JAM_HEAVY_TRAFFIC'},30,{7},5.0
2e68e8cf,2e68e8cf4,2020-10-12,9,{'JAM'},{'JAM_MODERATE_TRAFFIC'},32,{7},5.0
2e68e8cf,2e68e8cf4,2020-10-13,10,{'JAM'},{'JAM_HEAVY_TRAFFIC'},30,{7},5.0
2e68e8cf,2e68e8cf4,2020-10-17,8,{'JAM'},{'JAM_HEAVY_TRAFFIC'},30,{7},6.0
2e68e8cf,2e68e8cf4,2020-10-19,10,{'JAM'},{'JAM_HEAVY_TRAFFIC'},30,{7},5.0
2e68e8cf,2e68e8cf4,2020-10-22,7,{'JAM'},{'JAM_MODERATE_TRAFFIC'},30,{7},5.0
2e68e8cf,2e68e8cf4,2020-10-24,13,{'JAM'},{'JAM_MODERATE_TRAFFIC'},30,{7},5.0
2e68e8cf,2e68e8cf4,2020-10-26,12,{'JAM'},{'JAM_HEAVY_TRAFFIC'},38,{7},5.421052631578948
2e68e8cf,2e68e8cf4,2020-11-02,8,{'JAM'},{'JAM_STAND_STILL_TRAFFIC'},30,{7},5.0
2e68e8cf,2e68e8cf4,2020-11-09,8,{'JAM'},{'JAM_HEAVY_TRAFFIC'},32,{7},5.625
2e68e8cf,2e68e8cf4,2020-11-16,9,{'JAM'},{'JAM_STAND_STILL_TRAFFIC'},31,{7},5.0
2e68e8cf,2e68e8cf4,2020-11-17,10,{'JAM'},{'JAM_STAND_STILL_TRAFFIC'},31,{7},5.0
2e68e8cf,2e68e8cf4,2020-11-19,13,{'JAM'},{'JAM_HEAVY_TRAFFIC'},34,{7},5.0
2e68e8d3,2e68e8d24,2020-09-07,18,{'JAM'},{'JAM_HEAVY_TRAFFIC'},31,{7},5.0
2e68e8dd,2e68e8dc4,2020-09-22,18,{'ROAD_CLOSED'},{'ROAD_CLOSED_EVENT'},156,{2},6.0
2e68e8dd,2e68e8dcc,2020-09-22,18,"{'JAM', 'ROAD_CLOSED'}","{'JAM_STAND_STILL_TRAFFIC', 'ROAD_CLOSED_EVENT'}",201,{2},6.029850746268656
2e68e8dd,2e68e8dcc,2020-09-30,22,{'JAM'},{'JAM_STAND_STILL_TRAFFIC'},32,{2},5.0
2e68e8dd,2e68e8dcc,2020-10-04,22,{'JAM'},{'JAM_STAND_STILL_TRAFFIC'},30,{2},5.6
2e68e8dd,2e68e8dcc,2020-10-14,13,{'JAM'},{'JAM_STAND_STILL_TRAFFIC'},32,{2},5.0
2e68e8dd,2e68e8dcc,2020-10-15,19,{'JAM'},{'JAM_STAND_STILL_TRAFFIC'},32,{2},5.0
2e68e8dd,2e68e8dcc,2020-10-16,15,{'JAM'},{'JAM_STAND_STILL_TRAFFIC'},30,{2},5.0
2e68e8dd,2e68e8dcc,2020-10-16,17,{'JAM'},{'JAM_STAND_STILL_TRAFFIC'},31,{2},5.0
2e68e8dd,2e68e8dcc,2020-10-19,17,"{'JAM', 'WEATHERHAZARD'}","{'HAZARD_WEATHER_FLOOD', 'JAM_STAND_STILL_TRAFFIC'}",152,{2},7.269736842105263
2e68e8dd,2e68e8dcc,2020-10-19,18,"{'JAM', 'WEATHERHAZARD'}","{'HAZARD_WEATHER_FLOOD', 'JAM_STAND_STILL_TRAFFIC'}",96,{2},6.729166666666667
2e68e8dd,2e68e8dcc,2020-10-20,9,{'JAM'},{'JAM_STAND_STILL_TRAFFIC'},34,{2},5.0
2e68e8dd,2e68e8dcc,2020-10-20,18,{'WEATHERHAZARD'},{'HAZARD_WEATHER_FLOOD'},30,{2},6.2
2e68e8dd,2e68e8dcc,2020-10-20,20,"{'JAM', 'WEATHERHAZARD'}","{'HAZARD_WEATHER_FLOOD', 'JAM_STAND_STILL_TRAFFIC'}",112,{2},6.491071428571429
2e68e8dd,2e68e8dcc,2020-10-22,9,{'JAM'},{'JAM_STAND_STILL_TRAFFIC'},36,{2},5.444444444444445
2e68e8dd,2e68e8dcc,2020-10-22,10,{'JAM'},{'JAM_STAND_STILL_TRAFFIC'},28,{2},6.0
2e68e8dd,2e68e8dcc,2020-10-23,16,{'JAM'},{'JAM_HEAVY_TRAFFIC'},11,{2},5.0
2e68e8dd,2e68e8dcc,2020-10-23,17,{'JAM'},{'JAM_HEAVY_TRAFFIC'},31,{2},5.806451612903226
2e68e8dd,2e68e8dcc,2020-10-24,17,{'JAM'},{'JAM_STAND_STILL_TRAFFIC'},32,{2},5.0
2e68e8dd,2e68e8dcc,2020-10-25,13,{'JAM'},{'JAM_STAND_STILL_TRAFFIC'},32,{2},5.0
2e68e8dd,2e68e8dcc,2020-10-25,14,{'JAM'},{'JAM_STAND_STILL_TRAFFIC'},31,{2},5.0
2e68e8dd,2e68e8dcc,2020-11-07,15,{'JAM'},"{'JAM_STAND_STILL_TRAFFIC', 'JAM_MODERATE_TRAFFIC'}",40,{2},6.0
2e68e8dd,2e68e8dcc,2020-11-09,16,{'JAM'},{'JAM_STAND_STILL_TRAFFIC'},32,{2},5.0
2e68e8dd,2e68e8dcc,2020-11-09,17,{'JAM'},{'JAM_STAND_STILL_TRAFFIC'},30,{2},6.0
2e68e8dd,2e68e8dcc,2020-11-09,21,{'JAM'},{'JAM_STAND_STILL_TRAFFIC'},28,{2},5.0
2e68e8dd,2e68e8dcc,2020-11-10,17,{'JAM'},{'JAM'},31,{2},5.903225806451613
2e68e8e5,2e68e8e54,2020-11-04,13,{'JAM'},{'JAM_STAND_STILL_TRAFFIC'},31,{4},5.0
2e68e8e5,2e68e8e5c,2020-09-18,19,{'JAM'},{'JAM'},31,{4},5.0
2e68e8e5,2e68e8e5c,2020-11-13,11,{'JAM'},{'JAM_MODERATE_TRAFFIC'},9,{4},5.0
2e68e8e7,2e68e8e64,2020-10-13,10,{'WEATHERHAZARD'},{'HAZARD_ON_ROAD_CONSTRUCTION'},183,{4},7.612021857923497
2e68e8e7,2e68e8e64,2020-10-29,22,{'JAM'},{'JAM'},17,{1},5.0
2e68e8e7,2e68e8e64,2020-11-04,13,{'JAM'},{'JAM_HEAVY_TRAFFIC'},31,{4},5.0
2e68e8e7,2e68e8e64,2020-11-16,12,{'WEATHERHAZARD'},{'HAZARD_ON_ROAD_CONSTRUCTION'},334,{4},8.3562874251497
2e68e8e9,2e68e8e8c,2020-10-13,1,{'JAM'},{'JAM'},31,{1},5.0
2e68e8eb,2e68e8ea4,2020-11-06,19,{'WEATHERHAZARD'},{'HAZARD_ON_ROAD_POT_HOLE'},844,{2},7.154028436018957
2e68e8eb,2e68e8ea4,2020-11-09,12,{'JAM'},{'JAM_MODERATE_TRAFFIC'},31,{2},5.0
2e68e8eb,2e68e8ebc,2020-10-15,14,{'WEATHERHAZARD'},{'WEATHERHAZARD'},31,{2},5.0
2e68e8eb,2e68e8ebc,2020-10-26,15,{'JAM'},{'JAM_MODERATE_TRAFFIC'},14,{2},5.0
2e68e8eb,2e68e8ebc,2020-10-26,16,{'JAM'},{'JAM_MODERATE_TRAFFIC'},17,{2},5.0
2e68e8eb,2e68e8ebc,2020-10-27,13,{'JAM'},{'JAM_MODERATE_TRAFFIC'},8,{2},5.0
2e68e8eb,2e68e8ebc,2020-11-13,16,{'JAM'},{'JAM_MODERATE_TRAFFIC'},7,{2},5.0
2e68e8eb,2e68e8ebc,2020-11-13,17,{'JAM'},{'JAM_MODERATE_TRAFFIC'},13,{2},5.0
2e68e8ed,2e68e8ec4,2020-10-27,12,{'JAM'},{'JAM_MODERATE_TRAFFIC'},52,{2},5.0
2e68e8ed,2e68e8ec4,2020-11-09,12,{'JAM'},{'JAM_MODERATE_TRAFFIC'},33,{2},5.0
2e68e8ed,2e68e8ecc,2020-11-19,6,{'JAM'},{'JAM_MODERATE_TRAFFIC'},30,{1},5.0
2e68e8ed,2e68e8ed4,2020-09-03,15,{'JAM'},{'JAM_HEAVY_TRAFFIC'},20,{7},5.0
2e68e8ed,2e68e8ed4,2020-10-03,19,{'JAM'},{'JAM_STAND_STILL_TRAFFIC'},30,{7},6.0
2e68e8ed,2e68e8ed4,2020-10-24,11,{'JAM'},{'JAM'},30,{1},5.0
2e68e8ed,2e68e8ed4,2020-10-26,12,{'JAM'},{'JAM_STAND_STILL_TRAFFIC'},32,{7},5.0
2e68e8ed,2e68e8ed4,2020-10-27,16,{'JAM'},{'JAM'},32,{7},5.0
2e68e8ed,2e68e8ed4,2020-11-15,12,{'JAM'},{'JAM_STAND_STILL_TRAFFIC'},30,{7},5.0
2e68e8ef,2e68e8ee4,2020-09-04,22,{'JAM'},{'JAM'},24,{1},5.0
2e68e8ef,2e68e8ee4,2020-09-22,17,{'JAM'},{'JAM_STAND_STILL_TRAFFIC'},31,{2},5.0
2e68e8ef,2e68e8ee4,2020-10-02,17,{'JAM'},{'JAM_STAND_STILL_TRAFFIC'},34,{2},5.5
2e68e8ef,2e68e8ee4,2020-10-09,17,{'JAM'},{'JAM_HEAVY_TRAFFIC'},15,{2},5.0
2e68e8ef,2e68e8ee4,2020-11-12,8,{'JAM'},{'JAM_HEAVY_TRAFFIC'},30,{2},5.0
2e68e8ef,2e68e8ee4,2020-11-16,8,{'JAM'},{'JAM_STAND_STILL_TRAFFIC'},31,{2},5.0
2e68e8ef,2e68e8ee4,2020-11-20,17,{'JAM'},{'JAM_HEAVY_TRAFFIC'},9,{2},5.0
2e68e8ef,2e68e8ef4,2020-10-02,0,{'JAM'},{'JAM_MODERATE_TRAFFIC'},31,{1},5.0
2e68e8ef,2e68e8efc,2020-11-03,17,{'JAM'},{'JAM_MODERATE_TRAFFIC'},5,{4},5.0
2e68e8ef,2e68e8efc,2020-11-04,13,{'JAM'},{'JAM_STAND_STILL_TRAFFIC'},34,{4},5.0
2e68e8ef,2e68e8efc,2020-11-04,14,{'JAM'},{'JAM_STAND_STILL_TRAFFIC'},3,{4},5.0
2e68e8ef,2e68e8efc,2020-11-12,10,{'JAM'},{'JAM_STAND_STILL_TRAFFIC'},31,{4},5.709677419354839
2e68e8f1,2e68e8f04,2020-09-15,18,{'JAM'},{'JAM_STAND_STILL_TRAFFIC'},30,{7},5.0
2e68e8f1,2e68e8f04,2020-09-23,10,{'JAM'},{'JAM_STAND_STILL_TRAFFIC'},33,{7},5.0
2e68e8f1,2e68e8f04,2020-10-24,11,{'JAM'},{'JAM_MODERATE_TRAFFIC'},32,{22},5.0
2e68e8f1,2e68e8f04,2020-10-27,11,{'JAM'},{'JAM_MODERATE_TRAFFIC'},32,{7},5.0
2e68e8f1,2e68e8f04,2020-10-27,12,{'JAM'},{'JAM_MODERATE_TRAFFIC'},33,{7},5.0
2e68e8f1,2e68e8f04,2020-10-28,8,{'JAM'},{'JAM_MODERATE_TRAFFIC'},30,{7},5.0
2e68e8f1,2e68e8f04,2020-11-01,13,{'JAM'},{'JAM_MODERATE_TRAFFIC'},35,{7},5.0
2e68e8f1,2e68e8f04,2020-11-04,12,{'JAM'},{'JAM_HEAVY_TRAFFIC'},30,{7},5.0
2e68e8f1,2e68e8f04,2020-11-06,15,{'JAM'},{'JAM_STAND_STILL_TRAFFIC'},23,{7},6.0
2e68e8f1,2e68e8f04,2020-11-07,12,{'JAM'},{'JAM_MODERATE_TRAFFIC'},8,{7},5.0
2e68e8f1,2e68e8f04,2020-11-09,10,{'JAM'},{'JAM_STAND_STILL_TRAFFIC'},31,{7},5.0
2e68e8f1,2e68e8f04,2020-11-09,12,{'JAM'},{'JAM_MODERATE_TRAFFIC'},30,{7},5.0
2e68e8f1,2e68e8f04,2020-11-12,8,{'JAM'},{'JAM_STAND_STILL_TRAFFIC'},6,{4},5.0
2e68e8f1,2e68e8f04,2020-11-12,11,{'JAM'},{'JAM_HEAVY_TRAFFIC'},32,{7},5.0
2e68e8f1,2e68e8f04,2020-11-13,16,{'JAM'},{'JAM_STAND_STILL_TRAFFIC'},31,{7},5.0
2e68e8f1,2e68e8f04,2020-11-14,13,{'JAM'},{'JAM_STAND_STILL_TRAFFIC'},30,{7},5.266666666666667
2e68e8f1,2e68e8f04,2020-11-20,16,{'JAM'},{'JAM_STAND_STILL_TRAFFIC'},30,{7},5.0
2e68e8f1,2e68e8f0c,2020-09-26,12,{'JAM'},{'JAM'},34,{22},5.0
2e68e8f1,2e68e8f0c,2020-10-02,18,{'JAM'},{'JAM_HEAVY_TRAFFIC'},31,{7},5.0
2e68e8f1,2e68e8f0c,2020-10-24,18,{'JAM'},{'JAM_STAND_STILL_TRAFFIC'},31,{7},5.0
2e68e8f1,2e68e8f0c,2020-11-11,8,{'JAM'},{'JAM_MODERATE_TRAFFIC'},31,{7},5.0
2e68e8f1,2e68e8f0c,2020-11-11,17,{'JAM'},{'JAM_STAND_STILL_TRAFFIC'},31,{7},5.0
2e68e8f1,2e68e8f0c,2020-11-16,8,{'JAM'},{'JAM_STAND_STILL_TRAFFIC'},32,{7},5.65625
2e68e8f1,2e68e8f1c,2020-09-01,15,{'JAM'},{'JAM_STAND_STILL_TRAFFIC'},30,{7},5.0
2e68e8f1,2e68e8f1c,2020-09-02,16,{'WEATHERHAZARD'},{'HAZARD_ON_SHOULDER_CAR_STOPPED'},31,{4},5.0
2e68e8f1,2e68e8f1c,2020-09-04,9,{'JAM'},{'JAM_STAND_STILL_TRAFFIC'},31,{7},5.0
2e68e8f1,2e68e8f1c,2020-09-04,19,{'JAM'},{'JAM_HEAVY_TRAFFIC'},34,{7},5.0
2e68e8f1,2e68e8f1c,2020-09-05,10,{'JAM'},{'JAM_MODERATE_TRAFFIC'},29,{2},5.0
2e68e8f1,2e68e8f1c,2020-09-06,17,{'JAM'},{'JAM_HEAVY_TRAFFIC'},34,{7},5.0
2e68e8f1,2e68e8f1c,2020-09-09,10,{'JAM'},{'JAM_STAND_STILL_TRAFFIC'},31,{7},5.0
2e68e8f1,2e68e8f1c,2020-09-09,11,{'JAM'},{'JAM'},34,{4},5.0
2e68e8f1,2e68e8f1c,2020-09-12,19,{'JAM'},{'JAM_STAND_STILL_TRAFFIC'},30,{7},5.0
2e68e8f1,2e68e8f1c,2020-09-15,17,{'JAM'},{'JAM_HEAVY_TRAFFIC'},30,{2},5.0
2e68e8f1,2e68e8f1c,2020-09-16,11,{'JAM'},"{'JAM_STAND_STILL_TRAFFIC', 'JAM_HEAVY_TRAFFIC'}",60,{7},5.0
2e68e8f1,2e68e8f1c,2020-09-19,14,{'JAM'},"{'JAM_STAND_STILL_TRAFFIC', 'JAM_MODERATE_TRAFFIC'}",56,"{4, 7}",5.0
2e68e8f1,2e68e8f1c,2020-09-20,9,{'JAM'},{'JAM_STAND_STILL_TRAFFIC'},26,{7},5.0
2e68e8f1,2e68e8f1c,2020-09-22,17,{'JAM'},{'JAM_HEAVY_TRAFFIC'},6,{4},5.0
2e68e8f1,2e68e8f1c,2020-09-26,11,{'JAM'},{'JAM_STAND_STILL_TRAFFIC'},33,{7},5.0
2e68e8f1,2e68e8f1c,2020-10-02,17,{'JAM'},{'JAM_HEAVY_TRAFFIC'},35,{4},5.485714285714286
2e68e8f1,2e68e8f1c,2020-10-03,10,{'JAM'},{'JAM_MODERATE_TRAFFIC'},33,{7},5.0
2e68e8f1,2e68e8f1c,2020-10-05,7,{'JAM'},{'JAM_STAND_STILL_TRAFFIC'},6,{4},5.0
2e68e8f1,2e68e8f1c,2020-10-05,9,{'JAM'},{'JAM_HEAVY_TRAFFIC'},35,{7},5.0
2e68e8f1,2e68e8f1c,2020-10-05,12,{'JAM'},{'JAM_STAND_STILL_TRAFFIC'},23,{7},5.0
2e68e8f1,2e68e8f1c,2020-10-09,15,{'JAM'},{'JAM_HEAVY_TRAFFIC'},14,{7},5.0
2e68e8f1,2e68e8f1c,2020-10-09,17,{'JAM'},{'JAM_STAND_STILL_TRAFFIC'},31,{7},10.0
2e68e8f1,2e68e8f1c,2020-10-13,10,{'JAM'},"{'JAM_STAND_STILL_TRAFFIC', 'JAM_MODERATE_TRAFFIC'}",49,"{4, 7}",5.36734693877551
2e68e8f1,2e68e8f1c,2020-10-17,14,{'JAM'},{'JAM_HEAVY_TRAFFIC'},31,{7},5.0
2e68e8f1,2e68e8f1c,2020-10-19,17,{'JAM'},{'JAM_STAND_STILL_TRAFFIC'},32,{4},6.6875
2e68e8f1,2e68e8f1c,2020-10-22,10,{'JAM'},{'JAM_STAND_STILL_TRAFFIC'},36,"{4, 7}",6.166666666666667
2e68e8f1,2e68e8f1c,2020-10-23,9,{'JAM'},{'JAM_STAND_STILL_TRAFFIC'},5,{4},5.0
2e68e8f1,2e68e8f1c,2020-10-23,16,{'JAM'},{'JAM_HEAVY_TRAFFIC'},30,{7},5.0
2e68e8f1,2e68e8f1c,2020-10-23,18,{'JAM'},{'JAM_STAND_STILL_TRAFFIC'},32,{7},5.90625
2e68e8f1,2e68e8f1c,2020-10-26,13,{'JAM'},"{'JAM_STAND_STILL_TRAFFIC', 'JAM_MODERATE_TRAFFIC'}",62,"{4, 7}",5.0
2e68e8f1,2e68e8f1c,2020-10-26,15,{'JAM'},{'JAM_MODERATE_TRAFFIC'},32,{7},5.0
2e68e8f1,2e68e8f1c,2020-10-27,11,{'JAM'},{'JAM_MODERATE_TRAFFIC'},7,{4},5.0
2e68e8f1,2e68e8f1c,2020-10-28,10,{'JAM'},{'JAM_STAND_STILL_TRAFFIC'},12,{4},5.0
2e68e8f1,2e68e8f1c,2020-10-28,11,{'JAM'},{'JAM_STAND_STILL_TRAFFIC'},33,{7},6.181818181818182
2e68e8f1,2e68e8f1c,2020-10-29,13,{'JAM'},{'JAM_STAND_STILL_TRAFFIC'},8,{4},5.0
2e68e8f1,2e68e8f1c,2020-10-30,15,{'JAM'},{'JAM_HEAVY_TRAFFIC'},33,{7},5.7272727272727275
2e68e8f1,2e68e8f1c,2020-10-31,16,{'JAM'},{'JAM_MODERATE_TRAFFIC'},30,{7},5.0
2e68e8f1,2e68e8f1c,2020-11-02,16,{'JAM'},{'JAM_STAND_STILL_TRAFFIC'},61,{7},5.0
2e68e8f1,2e68e8f1c,2020-11-03,15,{'JAM'},{'JAM_MODERATE_TRAFFIC'},18,{4},5.0
2e68e8f1,2e68e8f1c,2020-11-04,11,{'JAM'},{'JAM_HEAVY_TRAFFIC'},24,{4},5.0
2e68e8f1,2e68e8f1c,2020-11-04,14,{'JAM'},{'JAM_STAND_STILL_TRAFFIC'},29,{4},6.0
2e68e8f1,2e68e8f1c,2020-11-04,16,{'JAM'},{'JAM_HEAVY_TRAFFIC'},55,{7},5.763636363636364
2e68e8f1,2e68e8f1c,2020-11-06,13,{'JAM'},{'JAM_MODERATE_TRAFFIC'},30,{7},6.0
2e68e8f1,2e68e8f1c,2020-11-06,15,{'JAM'},{'JAM_STAND_STILL_TRAFFIC'},9,{7},5.0
2e68e8f1,2e68e8f1c,2020-11-06,18,{'JAM'},{'JAM_STAND_STILL_TRAFFIC'},92,{7},5.369565217391305
2e68e8f1,2e68e8f1c,2020-11-07,12,{'JAM'},{'JAM_MODERATE_TRAFFIC'},7,{4},5.0
2e68e8f1,2e68e8f1c,2020-11-07,18,{'JAM'},{'JAM_HEAVY_TRAFFIC'},31,{7},5.483870967741935
2e68e8f1,2e68e8f1c,2020-11-08,21,{'JAM'},{'JAM_MODERATE_TRAFFIC'},11,{4},5.0
2e68e8f1,2e68e8f1c,2020-11-09,10,{'JAM'},{'JAM_MODERATE_TRAFFIC'},30,{4},5.0
2e68e8f1,2e68e8f1c,2020-11-09,12,{'JAM'},{'JAM_MODERATE_TRAFFIC'},6,{2},5.0
2e68e8f1,2e68e8f1c,2020-11-09,14,{'JAM'},{'JAM_STAND_STILL_TRAFFIC'},2,{7},5.0
2e68e8f1,2e68e8f1c,2020-11-09,17,{'JAM'},{'JAM_STAND_STILL_TRAFFIC'},83,"{4, 7}",5.445783132530121
2e68e8f1,2e68e8f1c,2020-11-10,12,{'JAM'},{'JAM_HEAVY_TRAFFIC'},31,{7},5.0
2e68e8f1,2e68e8f1c,2020-11-10,14,{'JAM'},{'JAM_STAND_STILL_TRAFFIC'},15,{4},5.0
2e68e8f1,2e68e8f1c,2020-11-10,15,{'JAM'},{'JAM_HEAVY_TRAFFIC'},30,{7},5.0
2e68e8f1,2e68e8f1c,2020-11-10,16,{'JAM'},{'JAM_STAND_STILL_TRAFFIC'},21,{7},5.714285714285714
2e68e8f1,2e68e8f1c,2020-11-11,8,{'JAM'},{'JAM_STAND_STILL_TRAFFIC'},31,{7},5.0
2e68e8f1,2e68e8f1c,2020-11-11,10,{'JAM'},{'JAM_HEAVY_TRAFFIC'},41,{7},5.439024390243903
2e68e8f1,2e68e8f1c,2020-11-11,11,{'JAM'},{'JAM_STAND_STILL_TRAFFIC'},78,"{4, 7}",5.205128205128205
2e68e8f1,2e68e8f1c,2020-11-12,10,{'JAM'},{'JAM_HEAVY_TRAFFIC'},30,{7},5.0
2e68e8f1,2e68e8f1c,2020-11-12,14,{'JAM'},{'JAM_STAND_STILL_TRAFFIC'},31,{7},5.0
2e68e8f1,2e68e8f1c,2020-11-12,17,{'JAM'},{'JAM_STAND_STILL_TRAFFIC'},65,"{4, 7}",5.523076923076923
2e68e8f1,2e68e8f1c,2020-11-13,9,{'JAM'},"{'JAM_STAND_STILL_TRAFFIC', 'JAM_HEAVY_TRAFFIC'}",62,"{2, 7}",5.0
2e68e8f1,2e68e8f1c,2020-11-13,15,{'JAM'},{'JAM_HEAVY_TRAFFIC'},28,{4},5.0
2e68e8f1,2e68e8f1c,2020-11-14,13,{'JAM'},{'JAM_STAND_STILL_TRAFFIC'},54,"{4, 7}",5.333333333333333
2e68e8f1,2e68e8f1c,2020-11-14,15,{'JAM'},{'JAM_STAND_STILL_TRAFFIC'},63,{4},5.0
2e68e8f1,2e68e8f1c,2020-11-16,8,{'JAM'},"{'JAM_STAND_STILL_TRAFFIC', 'JAM_HEAVY_TRAFFIC'}",167,"{2, 7}",5.359281437125748
2e68e8f1,2e68e8f1c,2020-11-16,12,{'JAM'},{'JAM_MODERATE_TRAFFIC'},5,{4},5.6
2e68e8f1,2e68e8f1c,2020-11-17,7,{'JAM'},{'JAM_STAND_STILL_TRAFFIC'},37,{2},5.45945945945946
2e68e8f1,2e68e8f1c,2020-11-17,8,{'JAM'},{'JAM_STAND_STILL_TRAFFIC'},65,{7},6.076923076923077
2e68e8f1,2e68e8f1c,2020-11-18,9,{'JAM'},{'JAM_STAND_STILL_TRAFFIC'},7,{7},5.571428571428571
2e68e8f1,2e68e8f1c,2020-11-21,14,{'JAM'},{'JAM_MODERATE_TRAFFIC'},30,{2},5.0
2e68e8f1,2e68e8f1c,2020-11-21,16,{'JAM'},{'JAM_STAND_STILL_TRAFFIC'},60,{7},5.283333333333333
2e68e8f3,2e68e8f24,2020-09-18,18,{'JAM'},{'JAM_MODERATE_TRAFFIC'},27,{7},5.814814814814815
2e68e8f3,2e68e8f24,2020-10-05,17,{'JAM'},{'JAM_HEAVY_TRAFFIC'},32,{7},5.0
2e68e8f3,2e68e8f24,2020-10-07,14,{'JAM'},{'JAM'},33,{7},5.0
2e68e8f3,2e68e8f24,2020-10-09,17,{'JAM'},{'JAM_STAND_STILL_TRAFFIC'},8,{7},5.0
2e68e8f3,2e68e8f24,2020-10-13,15,{'JAM'},{'JAM_MODERATE_TRAFFIC'},31,{7},5.0
2e68e8f3,2e68e8f24,2020-10-16,16,{'JAM'},{'JAM_HEAVY_TRAFFIC'},32,{7},5.0
2e68e8f3,2e68e8f24,2020-10-16,17,{'JAM'},{'JAM'},32,{7},5.9375
2e68e8f3,2e68e8f24,2020-11-04,13,{'JAM'},{'JAM_STAND_STILL_TRAFFIC'},30,{7},5.0
2e68e8f3,2e68e8f24,2020-11-06,15,{'JAM'},{'JAM_HEAVY_TRAFFIC'},31,{7},5.967741935483871
2e68e8f3,2e68e8f24,2020-11-06,18,{'JAM'},{'JAM_STAND_STILL_TRAFFIC'},42,{7},7.261904761904762
2e68e8f3,2e68e8f24,2020-11-06,20,{'JAM'},{'JAM_HEAVY_TRAFFIC'},15,{7},5.0
2e68e8f3,2e68e8f24,2020-11-07,12,{'JAM'},{'JAM'},31,{7},5.0
2e68e8f3,2e68e8f24,2020-11-08,17,{'JAM'},{'JAM_MODERATE_TRAFFIC'},12,{7},5.0
2e68e8f3,2e68e8f24,2020-11-09,14,{'JAM'},{'JAM_STAND_STILL_TRAFFIC'},29,{7},9.827586206896552
2e68e8f3,2e68e8f24,2020-11-10,10,{'JAM'},{'JAM_STAND_STILL_TRAFFIC'},30,{7},5.0
2e68e8f3,2e68e8f24,2020-11-11,15,{'JAM'},{'JAM_STAND_STILL_TRAFFIC'},31,{7},5.0
2e68e8f3,2e68e8f24,2020-11-17,8,{'JAM'},{'JAM_STAND_STILL_TRAFFIC'},5,{7},5.0
2e68e8f3,2e68e8f24,2020-11-20,16,{'JAM'},{'JAM_HEAVY_TRAFFIC'},30,{7},5.9
2e68e8f3,2e68e8f24,2020-11-21,11,{'JAM'},{'JAM_HEAVY_TRAFFIC'},20,{7},5.7
2e68e8f3,2e68e8f24,2020-11-21,16,{'JAM'},{'JAM_STAND_STILL_TRAFFIC'},32,{7},6.03125
2e68e8f3,2e68e8f2c,2020-09-02,16,{'WEATHERHAZARD'},{'HAZARD_ON_SHOULDER_CAR_STOPPED'},32,{7},6.59375
2e68e8f3,2e68e8f2c,2020-09-03,16,{'JAM'},{'JAM_HEAVY_TRAFFIC'},30,{7},5.0
2e68e8f3,2e68e8f2c,2020-09-26,15,{'JAM'},{'JAM_HEAVY_TRAFFIC'},19,{7},5.578947368421052
2e68e8f3,2e68e8f2c,2020-09-30,9,{'JAM'},{'JAM_STAND_STILL_TRAFFIC'},7,{7},5.0
2e68e8f3,2e68e8f2c,2020-10-02,16,{'JAM'},"{'JAM_MODERATE_TRAFFIC', 'JAM_HEAVY_TRAFFIC'}",63,{7},5.0
2e68e8f3,2e68e8f2c,2020-10-03,10,{'JAM'},{'JAM_MODERATE_TRAFFIC'},21,{7},5.0
2e68e8f3,2e68e8f2c,2020-10-05,7,{'JAM'},{'JAM_STAND_STILL_TRAFFIC'},30,{7},6.0
2e68e8f3,2e68e8f2c,2020-10-05,18,{'JAM'},{'JAM_STAND_STILL_TRAFFIC'},31,{7},5.0
2e68e8f3,2e68e8f2c,2020-10-10,9,{'JAM'},{'JAM_MODERATE_TRAFFIC'},12,{7},5.0
2e68e8f3,2e68e8f2c,2020-10-11,10,{'JAM'},{'JAM_STAND_STILL_TRAFFIC'},14,{7},7.071428571428571
2e68e8f3,2e68e8f2c,2020-10-14,8,{'JAM'},{'JAM_STAND_STILL_TRAFFIC'},6,{7},5.0
2e68e8f3,2e68e8f2c,2020-10-17,18,{'JAM'},{'JAM_HEAVY_TRAFFIC'},31,{7},5.548387096774194
2e68e8f3,2e68e8f2c,2020-10-20,16,{'JAM'},{'JAM_HEAVY_TRAFFIC'},30,{7},5.0
2e68e8f3,2e68e8f2c,2020-10-24,16,{'JAM'},{'JAM'},33,{7},5.0
2e68e8f3,2e68e8f2c,2020-10-26,8,{'JAM'},{'JAM_HEAVY_TRAFFIC'},31,{7},5.0
2e68e8f3,2e68e8f2c,2020-10-26,10,{'JAM'},{'JAM_HEAVY_TRAFFIC'},33,{7},5.0
2e68e8f3,2e68e8f2c,2020-10-26,16,{'JAM'},{'JAM_STAND_STILL_TRAFFIC'},30,{7},5.0
2e68e8f3,2e68e8f2c,2020-10-28,11,{'JAM'},{'JAM_STAND_STILL_TRAFFIC'},30,{7},5.833333333333333
2e68e8f3,2e68e8f2c,2020-10-28,15,{'JAM'},{'JAM_MODERATE_TRAFFIC'},13,{7},5.0
2e68e8f3,2e68e8f2c,2020-10-31,11,{'JAM'},{'JAM_STAND_STILL_TRAFFIC'},31,{7},5.0
2e68e8f3,2e68e8f2c,2020-10-31,13,{'JAM'},{'JAM_STAND_STILL_TRAFFIC'},61,{7},5.327868852459017
2e68e8f3,2e68e8f2c,2020-11-02,16,{'JAM'},{'JAM_STAND_STILL_TRAFFIC'},34,{7},5.0
2e68e8f3,2e68e8f2c,2020-11-04,17,{'JAM'},{'JAM_STAND_STILL_TRAFFIC'},41,{7},7.073170731707317
2e68e8f3,2e68e8f2c,2020-11-04,19,{'JAM'},{'JAM_STAND_STILL_TRAFFIC'},23,{7},5.0
2e68e8f3,2e68e8f2c,2020-11-05,12,{'JAM'},{'JAM_HEAVY_TRAFFIC'},14,{7},5.0
2e68e8f3,2e68e8f2c,2020-11-06,19,{'JAM'},{'JAM_STAND_STILL_TRAFFIC'},66,{7},6.348484848484849
2e68e8f3,2e68e8f2c,2020-11-06,20,{'JAM'},{'JAM'},30,{7},5.0
2e68e8f3,2e68e8f2c,2020-11-07,14,{'JAM'},{'JAM_HEAVY_TRAFFIC'},30,{7},5.8
2e68e8f3,2e68e8f2c,2020-11-07,18,{'ACCIDENT'},{'ACCIDENT'},62,{7},6.387096774193548
2e68e8f3,2e68e8f2c,2020-11-09,17,{'JAM'},{'JAM_STAND_STILL_TRAFFIC'},61,{7},5.80327868852459
2e68e8f3,2e68e8f2c,2020-11-09,18,{'JAM'},{'JAM_STAND_STILL_TRAFFIC'},61,{7},5.0
2e68e8f3,2e68e8f2c,2020-11-09,19,{'JAM'},{'JAM_STAND_STILL_TRAFFIC'},40,{7},7.025
2e68e8f3,2e68e8f2c,2020-11-10,10,{'JAM'},{'JAM_STAND_STILL_TRAFFIC'},31,{7},5.0
2e68e8f3,2e68e8f2c,2020-11-10,16,{'JAM'},{'JAM_STAND_STILL_TRAFFIC'},32,{7},5.0
2e68e8f3,2e68e8f2c,2020-11-12,12,{'JAM'},{'JAM_STAND_STILL_TRAFFIC'},30,{7},5.0
2e68e8f3,2e68e8f2c,2020-11-12,19,{'JAM'},{'JAM_STAND_STILL_TRAFFIC'},30,{7},5.0
2e68e8f3,2e68e8f2c,2020-11-13,10,{'JAM'},{'JAM_STAND_STILL_TRAFFIC'},31,{7},5.0
2e68e8f3,2e68e8f2c,2020-11-13,17,{'JAM'},{'JAM_HEAVY_TRAFFIC'},65,{7},5.507692307692308
2e68e8f3,2e68e8f2c,2020-11-21,18,{'JAM'},{'JAM_HEAVY_TRAFFIC'},5,{7},6.0
2e68e8f3,2e68e8f34,2020-09-01,8,{'WEATHERHAZARD'},{'HAZARD_ON_ROAD_CONSTRUCTION'},458,{6},6.382096069868996
2e68e8f3,2e68e8f34,2020-09-02,9,"{'JAM', 'WEATHERHAZARD'}","{'HAZARD_ON_ROAD_CONSTRUCTION', 'JAM_MODERATE_TRAFFIC'}",508,{6},8.31496062992126
2e68e8f3,2e68e8f34,2020-09-03,12,{'WEATHERHAZARD'},{'HAZARD_ON_ROAD_CONSTRUCTION'},312,{6},6.144230769230769
2e68e8f3,2e68e8f34,2020-09-04,10,{'WEATHERHAZARD'},{'HAZARD_ON_ROAD_CONSTRUCTION'},382,{6},7.615183246073299
2e68e8f3,2e68e8f34,2020-09-05,7,{'WEATHERHAZARD'},{'HAZARD_ON_ROAD_CONSTRUCTION'},49,{6},6.612244897959184
2e68e8f3,2e68e8f34,2020-09-07,16,{'JAM'},{'JAM_STAND_STILL_TRAFFIC'},31,{6},5.0
2e68e8f3,2e68e8f34,2020-09-08,10,{'WEATHERHAZARD'},{'HAZARD_ON_ROAD_CONSTRUCTION'},184,{6},7.836956521739131
2e68e8f3,2e68e8f34,2020-09-09,10,{'WEATHERHAZARD'},{'HAZARD_ON_ROAD_CONSTRUCTION'},264,{6},8.534090909090908
2e68e8f3,2e68e8f34,2020-09-11,11,{'WEATHERHAZARD'},{'HAZARD_ON_ROAD_CONSTRUCTION'},179,{6},8.050279329608939
2e68e8f3,2e68e8f34,2020-09-12,16,{'WEATHERHAZARD'},{'HAZARD_ON_ROAD_CONSTRUCTION'},9,{6},5.777777777777778
2e68e8f3,2e68e8f34,2020-09-13,13,{'JAM'},{'JAM_HEAVY_TRAFFIC'},27,{6},6.0
2e68e8f3,2e68e8f34,2020-09-14,13,{'WEATHERHAZARD'},{'HAZARD_ON_ROAD_CONSTRUCTION'},185,{6},8.178378378378378
2e68e8f3,2e68e8f34,2020-10-16,17,{'JAM'},{'JAM_MODERATE_TRAFFIC'},30,{6},5.0
2e68e8f3,2e68e8f34,2020-10-23,17,{'JAM'},{'JAM_STAND_STILL_TRAFFIC'},15,{6},5.0
2e68e8f3,2e68e8f34,2020-10-28,8,{'WEATHERHAZARD'},{'WEATHERHAZARD'},39,{6},5.435897435897436
2e68e8f3,2e68e8f34,2020-11-04,17,{'JAM'},{'JAM_STAND_STILL_TRAFFIC'},36,{6},6.916666666666667
2e68e8f3,2e68e8f34,2020-11-10,17,{'JAM'},{'JAM_STAND_STILL_TRAFFIC'},59,{6},5.796610169491525
2e68e8f3,2e68e8f34,2020-11-12,17,{'JAM'},{'JAM_STAND_STILL_TRAFFIC'},40,{6},5.8
2e68e8f3,2e68e8f34,2020-11-13,16,{'JAM'},{'JAM_HEAVY_TRAFFIC'},34,{6},5.0
2e68e8f3,2e68e8f34,2020-11-20,17,{'JAM'},"{'JAM_STAND_STILL_TRAFFIC', 'JAM_HEAVY_TRAFFIC'}",81,{6},5.827160493827161
2e68e8f5,2e68e8f4c,2020-11-20,17,{'JAM'},{'JAM_HEAVY_TRAFFIC'},25,{6},5.28
2e68e8f5,2e68e8f54,2020-09-01,8,{'WEATHERHAZARD'},{'HAZARD_ON_ROAD_CONSTRUCTION'},415,{6},6.081927710843374
2e68e8f5,2e68e8f54,2020-09-02,9,{'WEATHERHAZARD'},{'HAZARD_ON_ROAD_CONSTRUCTION'},421,{6},7.9168646080760094
2e68e8f5,2e68e8f54,2020-09-03,12,{'WEATHERHAZARD'},{'HAZARD_ON_ROAD_CONSTRUCTION'},313,{6},6.654952076677317
2e68e8f5,2e68e8f54,2020-09-04,10,{'WEATHERHAZARD'},{'HAZARD_ON_ROAD_CONSTRUCTION'},132,{6},5.6893939393939394
2e68e8f5,2e68e8f54,2020-09-05,7,"{'JAM', 'WEATHERHAZARD'}","{'JAM_STAND_STILL_TRAFFIC', 'HAZARD_ON_ROAD_CONSTRUCTION'}",437,{6},6.480549199084668
2e68e8f5,2e68e8f54,2020-11-17,15,{'JAM'},{'JAM_STAND_STILL_TRAFFIC'},31,{6},5.774193548387097
2e68e8f5,2e68e8f5c,2020-11-17,14,{'JAM'},{'JAM_MODERATE_TRAFFIC'},30,{1},5.0
2e68e8fb,2e68e8fa4,2020-09-14,13,{'JAM'},{'JAM_STAND_STILL_TRAFFIC'},33,{7},5.0
2e68e8fb,2e68e8fa4,2020-09-15,18,{'JAM'},{'JAM_STAND_STILL_TRAFFIC'},32,{7},5.0
2e68e8fb,2e68e8fa4,2020-09-16,11,{'JAM'},{'JAM_HEAVY_TRAFFIC'},33,{7},5.0
2e68e8fb,2e68e8fa4,2020-09-18,17,{'JAM'},{'JAM_STAND_STILL_TRAFFIC'},30,{7},5.0
2e68e8fb,2e68e8fa4,2020-09-23,10,{'JAM'},{'JAM_STAND_STILL_TRAFFIC'},32,{7},5.0
2e68e8fb,2e68e8fa4,2020-10-01,8,{'JAM'},{'JAM_MODERATE_TRAFFIC'},29,{7},5.0
2e68e8fb,2e68e8fa4,2020-10-02,18,{'JAM'},{'JAM_HEAVY_TRAFFIC'},31,{7},5.0
2e68e8fb,2e68e8fa4,2020-10-05,17,{'JAM'},{'JAM_HEAVY_TRAFFIC'},65,{7},5.0
2e68e8fb,2e68e8fa4,2020-10-23,18,{'JAM'},{'JAM_STAND_STILL_TRAFFIC'},35,{7},5.828571428571428
2e68e8fb,2e68e8fa4,2020-10-26,13,{'JAM'},{'JAM_HEAVY_TRAFFIC'},30,{7},5.0
2e68e8fb,2e68e8fa4,2020-10-27,12,{'JAM'},{'JAM_MODERATE_TRAFFIC'},30,{7},5.0
2e68e8fb,2e68e8fa4,2020-11-04,14,{'JAM'},{'JAM_STAND_STILL_TRAFFIC'},33,{1},5.606060606060606
2e68e8fb,2e68e8fa4,2020-11-05,19,{'JAM'},{'JAM_HEAVY_TRAFFIC'},42,{1},5.428571428571429
2e68e8fb,2e68e8fa4,2020-11-07,14,{'JAM'},{'JAM_MODERATE_TRAFFIC'},31,{7},5.0
2e68e8fb,2e68e8fa4,2020-11-08,21,{'JAM'},{'JAM_MODERATE_TRAFFIC'},33,{7},5.0
2e68e8fb,2e68e8fa4,2020-11-09,10,{'JAM'},{'JAM_HEAVY_TRAFFIC'},31,{7},5.0
2e68e8fb,2e68e8fa4,2020-11-11,8,{'JAM'},{'JAM_MODERATE_TRAFFIC'},31,{7},5.967741935483871
2e68e8fb,2e68e8fa4,2020-11-13,16,{'JAM'},{'JAM_MODERATE_TRAFFIC'},17,{7},5.0
2e68e8fb,2e68e8fa4,2020-11-16,8,{'JAM'},{'JAM_STAND_STILL_TRAFFIC'},35,{7},6.571428571428571
2e68ef35,2e68ef354,2020-09-21,13,{'JAM'},{'JAM_MODERATE_TRAFFIC'},10,{2},5.0
2e68ef37,2e68ef37c,2020-09-07,16,{'JAM'},{'JAM_STAND_STILL_TRAFFIC'},30,{2},5.0
2e68ef37,2e68ef37c,2020-09-16,10,{'JAM'},{'JAM_MODERATE_TRAFFIC'},30,{2},5.0
2e68ef37,2e68ef37c,2020-09-26,20,{'JAM'},{'JAM_MODERATE_TRAFFIC'},7,{2},5.0
2e68ef37,2e68ef37c,2020-09-29,10,{'WEATHERHAZARD'},{'HAZARD_ON_ROAD_POT_HOLE'},415,{2},5.36867469879518
2e68ef37,2e68ef37c,2020-10-10,20,{'JAM'},{'JAM_HEAVY_TRAFFIC'},5,{2},5.0
2e68ef37,2e68ef37c,2020-10-19,8,{'JAM'},{'JAM_HEAVY_TRAFFIC'},30,{2},6.6
2e68ef37,2e68ef37c,2020-10-22,11,{'JAM'},{'JAM_HEAVY_TRAFFIC'},31,{2},5.0
2e68ef37,2e68ef37c,2020-11-09,17,{'JAM'},{'JAM_STAND_STILL_TRAFFIC'},31,{2},5.0
2e68ef37,2e68ef37c,2020-11-09,18,{'JAM'},"{'JAM_STAND_STILL_TRAFFIC', 'JAM_HEAVY_TRAFFIC'}",61,{2},5.491803278688525
2e68ef37,2e68ef37c,2020-11-16,16,{'JAM'},{'JAM_MODERATE_TRAFFIC'},7,{2},5.0
2e68ef47,2e68ef47c,2020-11-09,18,{'JAM'},{'JAM_HEAVY_TRAFFIC'},31,{2},5.0
2e68ef49,2e68ef484,2020-09-01,17,{'JAM'},{'JAM_HEAVY_TRAFFIC'},31,{2},5.0
2e68ef49,2e68ef484,2020-09-16,12,{'JAM'},{'JAM_MODERATE_TRAFFIC'},6,{2},5.0
2e68ef49,2e68ef484,2020-09-19,11,{'JAM'},{'JAM_STAND_STILL_TRAFFIC'},12,{2},5.0
2e68ef49,2e68ef484,2020-09-22,12,{'JAM'},{'JAM_MODERATE_TRAFFIC'},20,{2},5.0
2e68ef49,2e68ef484,2020-09-26,20,{'JAM'},{'JAM_MODERATE_TRAFFIC'},32,{2},5.0
2e68ef49,2e68ef484,2020-10-03,13,{'JAM'},{'JAM_STAND_STILL_TRAFFIC'},33,{2},5.0
2e68ef49,2e68ef484,2020-10-05,17,{'JAM'},{'JAM_HEAVY_TRAFFIC'},32,{2},5.0
2e68ef49,2e68ef484,2020-10-10,14,{'JAM'},{'JAM_STAND_STILL_TRAFFIC'},25,{2},5.0
2e68ef49,2e68ef484,2020-10-28,12,{'JAM'},{'JAM_STAND_STILL_TRAFFIC'},31,{2},5.0
2e68ef49,2e68ef484,2020-10-29,17,{'JAM'},{'JAM_HEAVY_TRAFFIC'},32,{2},5.0
2e68ef49,2e68ef484,2020-10-30,15,{'JAM'},{'JAM_HEAVY_TRAFFIC'},31,{2},5.0
2e68ef49,2e68ef484,2020-11-05,17,{'JAM'},{'JAM_HEAVY_TRAFFIC'},31,{2},5.0
2e68ef49,2e68ef484,2020-11-06,16,{'JAM'},{'JAM_HEAVY_TRAFFIC'},27,{2},6.0
2e68ef49,2e68ef484,2020-11-09,17,{'JAM'},{'JAM_STAND_STILL_TRAFFIC'},66,{2},6.287878787878788
2e68ef49,2e68ef484,2020-11-09,18,{'JAM'},{'JAM_HEAVY_TRAFFIC'},29,{2},5.0
2e68ef49,2e68ef484,2020-11-14,19,{'JAM'},{'JAM_HEAVY_TRAFFIC'},31,{2},5.0
2e68ef49,2e68ef484,2020-11-21,17,{'JAM'},{'JAM_STAND_STILL_TRAFFIC'},12,{2},5.0
2e68ef49,2e68ef48c,2020-09-26,11,{'JAM'},{'JAM_HEAVY_TRAFFIC'},30,{2},5.0
2e68ef49,2e68ef48c,2020-10-03,12,{'JAM'},{'JAM_HEAVY_TRAFFIC'},31,{2},5.0
2e68ef49,2e68ef48c,2020-10-13,12,{'JAM'},{'JAM_HEAVY_TRAFFIC'},35,{2},5.0
2e68ef49,2e68ef48c,2020-10-13,15,{'JAM'},{'JAM_HEAVY_TRAFFIC'},30,{2},5.0
2e68ef49,2e68ef48c,2020-10-26,11,{'JAM'},{'JAM_HEAVY_TRAFFIC'},30,{2},5.0
2e68ef49,2e68ef48c,2020-10-31,11,{'JAM'},{'JAM_STAND_STILL_TRAFFIC'},30,{2},5.0
2e68ef49,2e68ef48c,2020-10-31,15,{'JAM'},{'JAM_STAND_STILL_TRAFFIC'},32,{2},5.0
2e68ef49,2e68ef48c,2020-11-09,15,{'JAM'},{'JAM_HEAVY_TRAFFIC'},43,{2},5.395348837209302
2e68ef49,2e68ef48c,2020-11-09,18,{'JAM'},{'JAM_STAND_STILL_TRAFFIC'},29,{2},5.0
2e68ef49,2e68ef48c,2020-11-11,11,{'JAM'},{'JAM_HEAVY_TRAFFIC'},38,{2},6.394736842105263
2e68ef49,2e68ef48c,2020-11-14,19,{'JAM'},{'JAM_HEAVY_TRAFFIC'},31,{2},5.870967741935484
2e68ef49,2e68ef48c,2020-11-16,16,{'JAM'},{'JAM_MODERATE_TRAFFIC'},30,{2},5.0
2e68ef49,2e68ef49c,2020-09-01,17,{'JAM'},{'JAM_STAND_STILL_TRAFFIC'},32,{2},5.0
2e68ef49,2e68ef49c,2020-09-15,9,{'JAM'},{'JAM_HEAVY_TRAFFIC'},30,{2},5.0
2e68ef49,2e68ef49c,2020-09-30,13,{'JAM'},{'JAM_MODERATE_TRAFFIC'},8,{2},5.0
2e68ef49,2e68ef49c,2020-10-10,20,{'JAM'},{'JAM_MODERATE_TRAFFIC'},7,{2},5.0
2e68ef49,2e68ef49c,2020-10-29,17,{'JAM'},{'JAM_STAND_STILL_TRAFFIC'},32,{2},5.0
2e68ef49,2e68ef49c,2020-11-05,17,{'JAM'},{'JAM_HEAVY_TRAFFIC'},30,{2},5.0
2e68ef49,2e68ef49c,2020-11-06,18,{'JAM'},{'JAM_MODERATE_TRAFFIC'},31,{2},5.0
2e68ef49,2e68ef49c,2020-11-09,17,{'JAM'},{'JAM_STAND_STILL_TRAFFIC'},31,{2},5.0
2e68ef49,2e68ef49c,2020-11-09,18,{'JAM'},{'JAM_STAND_STILL_TRAFFIC'},122,{2},5.213114754098361
2e68ef49,2e68ef49c,2020-11-16,16,{'JAM'},{'JAM_MODERATE_TRAFFIC'},31,{2},5.0
2e68ef49,2e68ef49c,2020-11-21,11,{'JAM'},{'JAM_STAND_STILL_TRAFFIC'},24,{2},5.833333333333333
2e68ef4b,2e68ef4a4,2020-09-30,13,{'JAM'},{'JAM_HEAVY_TRAFFIC'},13,{2},5.923076923076923
2e68ef4b,2e68ef4a4,2020-10-20,18,{'JAM'},{'JAM'},33,{2},5.0
2e68ef4b,2e68ef4a4,2020-10-31,8,{'JAM'},{'JAM_HEAVY_TRAFFIC'},30,{2},6.0
2e68ef4b,2e68ef4ac,2020-11-06,18,{'JAM'},{'JAM_STAND_STILL_TRAFFIC'},30,{2},5.0
2e68ef4b,2e68ef4bc,2020-09-04,1,{'JAM'},{'JAM_MODERATE_TRAFFIC'},31,{1},5.0
2e68ef4b,2e68ef4bc,2020-09-05,1,{'JAM'},{'JAM_MODERATE_TRAFFIC'},31,{8},5.0
2e68ef4d,2e68ef4d4,2020-09-02,10,{'JAM'},{'JAM_STAND_STILL_TRAFFIC'},5,{1},5.0
2e68ef4d,2e68ef4dc,2020-09-01,15,{'JAM'},{'JAM'},9,{1},5.0
2e68ef4d,2e68ef4dc,2020-09-02,10,{'JAM'},{'JAM_STAND_STILL_TRAFFIC'},34,{1},5.852941176470588
2e68ef4d,2e68ef4dc,2020-09-15,10,{'JAM'},{'JAM_HEAVY_TRAFFIC'},31,{1},5.0
2e68ef4d,2e68ef4dc,2020-10-10,20,{'JAM'},{'JAM_MODERATE_TRAFFIC'},7,{2},5.0
2e68ef4d,2e68ef4dc,2020-10-17,15,{'JAM'},{'JAM'},32,{1},5.0
2e68ef4d,2e68ef4dc,2020-10-27,14,{'JAM'},{'JAM_STAND_STILL_TRAFFIC'},31,{1},5.0
2e68ef4d,2e68ef4dc,2020-11-02,11,{'JAM'},{'JAM_STAND_STILL_TRAFFIC'},72,"{1, 2}",5.222222222222222
2e68ef4d,2e68ef4dc,2020-11-03,11,{'JAM'},"{'JAM_STAND_STILL_TRAFFIC', 'JAM_HEAVY_TRAFFIC'}",64,{1},5.0
2e68ef4d,2e68ef4dc,2020-11-10,14,{'JAM'},{'JAM_HEAVY_TRAFFIC'},32,{1},5.0
2e68ef4d,2e68ef4dc,2020-11-16,12,{'JAM'},{'JAM_STAND_STILL_TRAFFIC'},34,{1},5.0
2e68ef4d,2e68ef4dc,2020-11-21,13,{'JAM'},{'JAM_STAND_STILL_TRAFFIC'},15,{1},6.466666666666667
2e68ef4f,2e68ef4e4,2020-09-11,15,{'JAM'},{'JAM_MODERATE_TRAFFIC'},7,{2},5.0
2e68ef4f,2e68ef4e4,2020-09-18,14,{'JAM'},{'JAM_STAND_STILL_TRAFFIC'},34,{2},5.0
2e68ef4f,2e68ef4e4,2020-09-21,10,{'JAM'},{'JAM_MODERATE_TRAFFIC'},33,{2},5.0
2e68ef4f,2e68ef4e4,2020-10-09,15,{'JAM'},{'JAM_HEAVY_TRAFFIC'},31,{2},5.0
2e68ef4f,2e68ef4e4,2020-10-10,13,{'JAM'},{'JAM_STAND_STILL_TRAFFIC'},35,{1},5.0
2e68ef4f,2e68ef4e4,2020-10-10,14,{'JAM'},{'JAM_STAND_STILL_TRAFFIC'},33,{2},5.0
2e68ef4f,2e68ef4e4,2020-10-12,11,{'JAM'},{'JAM_HEAVY_TRAFFIC'},5,{2},5.0
2e68ef4f,2e68ef4e4,2020-10-12,14,{'JAM'},{'JAM_STAND_STILL_TRAFFIC'},30,{1},5.0
2e68ef4f,2e68ef4e4,2020-10-17,14,{'JAM'},{'JAM_STAND_STILL_TRAFFIC'},31,{2},5.0
2e68ef4f,2e68ef4e4,2020-10-21,12,{'JAM'},{'JAM_STAND_STILL_TRAFFIC'},6,{2},5.0
2e68ef4f,2e68ef4e4,2020-10-23,11,{'JAM'},{'JAM_STAND_STILL_TRAFFIC'},36,{2},5.055555555555555
2e68ef4f,2e68ef4e4,2020-10-26,14,{'JAM'},{'JAM_STAND_STILL_TRAFFIC'},41,{2},5.0
2e68ef4f,2e68ef4e4,2020-10-27,10,{'JAM'},{'JAM_STAND_STILL_TRAFFIC'},7,{2},5.0
2e68ef4f,2e68ef4e4,2020-11-03,11,{'JAM'},{'JAM_HEAVY_TRAFFIC'},63,{2},5.0
2e68ef4f,2e68ef4e4,2020-11-04,11,{'JAM'},{'JAM_HEAVY_TRAFFIC'},30,{1},6.0
2e68ef4f,2e68ef4e4,2020-11-04,12,{'JAM'},{'JAM_STAND_STILL_TRAFFIC'},32,{2},5.0
2e68ef4f,2e68ef4e4,2020-11-09,18,{'JAM'},{'JAM_HEAVY_TRAFFIC'},32,{2},5.0
2e68ef4f,2e68ef4e4,2020-11-13,14,{'JAM'},{'JAM_STAND_STILL_TRAFFIC'},52,{2},5.903846153846154
2e68ef4f,2e68ef4e4,2020-11-16,13,{'JAM'},{'JAM_STAND_STILL_TRAFFIC'},65,{2},5.0
2e68ef4f,2e68ef4e4,2020-11-16,15,{'JAM'},{'JAM_MODERATE_TRAFFIC'},31,{2},5.0
2e68ef4f,2e68ef4e4,2020-11-21,13,{'JAM'},{'JAM_STAND_STILL_TRAFFIC'},8,{2},5.875
2e68ef4f,2e68ef4ec,2020-09-11,20,{'JAM'},{'JAM_HEAVY_TRAFFIC'},31,{1},5.0
2e68ef4f,2e68ef4ec,2020-09-26,20,{'JAM'},{'JAM_MODERATE_TRAFFIC'},36,{1},5.0
2e68ef4f,2e68ef4ec,2020-09-30,15,{'JAM'},{'JAM_HEAVY_TRAFFIC'},34,{2},5.0
2e68ef4f,2e68ef4ec,2020-10-27,14,{'JAM'},{'JAM_HEAVY_TRAFFIC'},31,{2},5.0
2e68ef4f,2e68ef4ec,2020-11-02,14,{'JAM'},{'JAM_HEAVY_TRAFFIC'},31,{2},5.0
2e68ef4f,2e68ef4ec,2020-11-03,10,{'JAM'},{'JAM_MODERATE_TRAFFIC'},30,{2},5.933333333333334
2e68ef4f,2e68ef4ec,2020-11-10,12,{'JAM'},{'JAM_STAND_STILL_TRAFFIC'},30,{2},5.0
2e68ef4f,2e68ef4ec,2020-11-16,12,{'JAM'},{'JAM_HEAVY_TRAFFIC'},37,{2},5.405405405405405
2e68ef4f,2e68ef4ec,2020-11-16,17,{'JAM'},{'JAM_MODERATE_TRAFFIC'},10,{1},5.0
2e68ef4f,2e68ef4f4,2020-09-26,12,{'JAM'},{'JAM_HEAVY_TRAFFIC'},30,{2},5.0
2e68ef4f,2e68ef4f4,2020-10-28,12,{'JAM'},{'JAM_STAND_STILL_TRAFFIC'},30,{2},5.0
2e68ef4f,2e68ef4f4,2020-11-22,11,{'JAM'},{'JAM_HEAVY_TRAFFIC'},32,{2},5.0
2e68ef4f,2e68ef4f4,2020-11-22,14,{'JAM'},{'JAM_HEAVY_TRAFFIC'},23,{2},7.130434782608695
2e68ef4f,2e68ef4fc,2020-09-12,12,{'WEATHERHAZARD'},{'WEATHERHAZARD'},31,{1},5.0
2e68ef4f,2e68ef4fc,2020-10-03,14,{'JAM'},{'JAM_STAND_STILL_TRAFFIC'},21,{2},5.0
2e68ef51,2e68ef504,2020-09-22,14,{'JAM'},{'JAM_HEAVY_TRAFFIC'},33,{1},5.0
2e68ef51,2e68ef50c,2020-09-01,15,{'JAM'},{'JAM_HEAVY_TRAFFIC'},32,{2},5.0
2e68ef51,2e68ef50c,2020-10-14,16,{'ACCIDENT'},{'ACCIDENT_MAJOR'},123,{2},5.0
2e68ef51,2e68ef50c,2020-10-20,16,{'JAM'},{'JAM_STAND_STILL_TRAFFIC'},41,{2},5.0
2e68ef51,2e68ef514,2020-09-28,16,{'JAM'},{'JAM_HEAVY_TRAFFIC'},8,{2},5.0
2e68ef51,2e68ef514,2020-10-05,16,{'JAM'},{'JAM_HEAVY_TRAFFIC'},6,{2},5.0
2e68ef51,2e68ef514,2020-10-10,16,{'JAM'},{'JAM_HEAVY_TRAFFIC'},31,{1},5.0
2e68ef51,2e68ef514,2020-10-20,16,{'JAM'},{'JAM_STAND_STILL_TRAFFIC'},32,{1},5.0
2e68ef51,2e68ef514,2020-10-23,17,{'JAM'},{'JAM_HEAVY_TRAFFIC'},32,{2},5.0
2e68ef51,2e68ef514,2020-11-03,12,{'JAM'},{'JAM_STAND_STILL_TRAFFIC'},5,{1},5.0
2e68ef51,2e68ef514,2020-11-09,16,{'JAM'},{'JAM_STAND_STILL_TRAFFIC'},32,{2},5.0
2e68ef51,2e68ef51c,2020-10-02,16,{'JAM'},{'JAM_STAND_STILL_TRAFFIC'},32,{2},5.0
2e68ef51,2e68ef51c,2020-10-24,13,{'JAM'},{'JAM_STAND_STILL_TRAFFIC'},31,{2},6.0
2e68ef51,2e68ef51c,2020-11-16,12,{'JAM'},{'JAM_STAND_STILL_TRAFFIC'},31,{2},6.67741935483871
2e68ef53,2e68ef524,2020-09-02,10,{'JAM'},{'JAM_STAND_STILL_TRAFFIC'},30,{2},5.0
2e68ef53,2e68ef524,2020-09-03,7,{'JAM'},{'JAM_STAND_STILL_TRAFFIC'},33,{2},5.424242424242424
2e68ef53,2e68ef524,2020-09-12,12,{'JAM'},{'JAM_HEAVY_TRAFFIC'},30,{2},5.0
2e68ef53,2e68ef524,2020-09-14,17,{'JAM'},{'JAM_STAND_STILL_TRAFFIC'},42,{2},5.380952380952381
2e68ef53,2e68ef524,2020-09-15,11,{'JAM'},{'JAM'},32,{2},5.0
2e68ef53,2e68ef524,2020-09-16,11,{'JAM'},{'JAM_STAND_STILL_TRAFFIC'},31,{2},5.0
2e68ef53,2e68ef524,2020-09-17,11,{'JAM'},{'JAM_STAND_STILL_TRAFFIC'},32,{2},10.0
2e68ef53,2e68ef524,2020-09-18,14,{'JAM'},"{'JAM_STAND_STILL_TRAFFIC', 'JAM_HEAVY_TRAFFIC'}",62,{2},5.0
2e68ef53,2e68ef524,2020-09-21,10,{'JAM'},{'JAM_HEAVY_TRAFFIC'},32,{2},5.0
2e68ef53,2e68ef524,2020-09-24,11,{'JAM'},{'JAM_STAND_STILL_TRAFFIC'},32,{2},5.0
2e68ef53,2e68ef524,2020-09-26,20,{'JAM'},{'JAM_MODERATE_TRAFFIC'},34,{2},5.0
2e68ef53,2e68ef524,2020-10-02,16,{'JAM'},{'JAM'},33,{1},5.0
2e68ef53,2e68ef524,2020-10-05,17,{'JAM'},{'JAM_HEAVY_TRAFFIC'},34,{2},5.0
2e68ef53,2e68ef524,2020-10-10,14,{'JAM'},{'JAM_STAND_STILL_TRAFFIC'},8,{2},5.0
2e68ef53,2e68ef524,2020-10-10,15,{'JAM'},{'JAM_STAND_STILL_TRAFFIC'},23,{2},5.0
2e68ef53,2e68ef524,2020-10-14,16,{'JAM'},{'JAM_MODERATE_TRAFFIC'},31,{2},5.0
2e68ef53,2e68ef524,2020-10-15,10,{'JAM'},{'JAM'},31,{2},5.0
2e68ef53,2e68ef524,2020-10-16,7,{'JAM'},{'JAM_HEAVY_TRAFFIC'},31,{2},5.0
2e68ef53,2e68ef524,2020-10-16,14,{'JAM'},{'JAM_STAND_STILL_TRAFFIC'},31,{2},5.645161290322581
2e68ef53,2e68ef524,2020-10-19,17,{'JAM'},{'JAM_HEAVY_TRAFFIC'},30,{2},5.0
2e68ef53,2e68ef524,2020-10-20,10,{'JAM'},{'JAM_HEAVY_TRAFFIC'},33,{2},5.0
2e68ef53,2e68ef524,2020-10-21,12,{'JAM'},{'JAM_STAND_STILL_TRAFFIC'},31,{2},5.0
2e68ef53,2e68ef524,2020-10-23,17,{'JAM'},{'JAM_STAND_STILL_TRAFFIC'},46,{2},6.108695652173913
2e68ef53,2e68ef524,2020-10-24,13,{'JAM'},"{'JAM_STAND_STILL_TRAFFIC', 'JAM_HEAVY_TRAFFIC'}",62,{2},5.0
2e68ef53,2e68ef524,2020-10-24,14,{'JAM'},{'JAM_HEAVY_TRAFFIC'},31,{2},5.0
2e68ef53,2e68ef524,2020-10-28,18,{'JAM'},{'JAM_HEAVY_TRAFFIC'},30,{2},5.0
2e68ef53,2e68ef524,2020-10-30,11,{'JAM'},{'JAM_MODERATE_TRAFFIC'},30,{2},5.0
2e68ef53,2e68ef524,2020-10-30,13,{'JAM'},{'JAM_HEAVY_TRAFFIC'},31,{2},5.0
2e68ef53,2e68ef524,2020-11-02,10,{'JAM'},{'JAM_STAND_STILL_TRAFFIC'},30,{2},5.0
2e68ef53,2e68ef524,2020-11-02,14,{'JAM'},{'JAM_HEAVY_TRAFFIC'},62,"{1, 2}",5.0
2e68ef53,2e68ef524,2020-11-02,17,{'JAM'},{'JAM_STAND_STILL_TRAFFIC'},30,{2},5.0
2e68ef53,2e68ef524,2020-11-02,18,{'JAM'},{'JAM_STAND_STILL_TRAFFIC'},36,{2},5.0
2e68ef53,2e68ef524,2020-11-03,17,{'JAM'},"{'JAM_MODERATE_TRAFFIC', 'JAM_HEAVY_TRAFFIC'}",66,{2},5.636363636363637
2e68ef53,2e68ef524,2020-11-04,10,{'JAM'},{'JAM_HEAVY_TRAFFIC'},60,{2},5.35
2e68ef53,2e68ef524,2020-11-04,12,{'JAM'},{'JAM_STAND_STILL_TRAFFIC'},30,{2},6.0
2e68ef53,2e68ef524,2020-11-04,13,{'JAM'},{'JAM_STAND_STILL_TRAFFIC'},33,{2},5.0
2e68ef53,2e68ef524,2020-11-10,14,{'JAM'},{'JAM_HEAVY_TRAFFIC'},31,{2},5.0
2e68ef53,2e68ef524,2020-11-13,14,{'JAM'},{'JAM_STAND_STILL_TRAFFIC'},48,{2},6.0
2e68ef53,2e68ef524,2020-11-16,12,{'JAM'},{'JAM_STAND_STILL_TRAFFIC'},32,{2},5.0
2e68ef53,2e68ef524,2020-11-16,13,{'JAM'},{'JAM_STAND_STILL_TRAFFIC'},33,{2},5.0
2e68ef53,2e68ef524,2020-11-16,14,{'JAM'},{'JAM_STAND_STILL_TRAFFIC'},32,{2},5.0
2e68ef53,2e68ef524,2020-11-16,17,{'JAM'},{'JAM_MODERATE_TRAFFIC'},62,{2},5.0
2e68ef53,2e68ef52c,2020-10-26,8,{'JAM'},{'JAM_MODERATE_TRAFFIC'},30,{1},5.0
2e68ef53,2e68ef52c,2020-11-05,11,{'JAM'},{'JAM_STAND_STILL_TRAFFIC'},31,{1},5.0
2e68ef53,2e68ef534,2020-11-09,13,{'JAM'},{'JAM_MODERATE_TRAFFIC'},31,{1},5.0
2e68ef53,2e68ef53c,2020-09-18,17,{'JAM'},{'JAM_HEAVY_TRAFFIC'},5,{2},5.0
2e68ef53,2e68ef53c,2020-09-21,11,{'JAM'},{'JAM_HEAVY_TRAFFIC'},32,{2},5.0
2e68ef53,2e68ef53c,2020-10-01,12,{'JAM'},{'JAM_HEAVY_TRAFFIC'},31,{2},5.0
2e68ef53,2e68ef53c,2020-10-16,17,{'JAM'},{'JAM_HEAVY_TRAFFIC'},32,{2},5.90625
2e68ef53,2e68ef53c,2020-10-19,13,{'JAM'},{'JAM_STAND_STILL_TRAFFIC'},31,{2},5.0
2e68ef53,2e68ef53c,2020-10-24,13,{'JAM'},{'JAM_STAND_STILL_TRAFFIC'},52,{2},5.9423076923076925
2e68ef53,2e68ef53c,2020-10-26,14,{'JAM'},{'JAM_STAND_STILL_TRAFFIC'},33,{2},5.0
2e68ef53,2e68ef53c,2020-11-05,14,{'JAM'},{'JAM_HEAVY_TRAFFIC'},31,{2},5.0
2e68ef53,2e68ef53c,2020-11-06,19,{'JAM'},{'JAM_HEAVY_TRAFFIC'},33,{2},5.575757575757576
2e68ef53,2e68ef53c,2020-11-07,17,{'JAM'},{'JAM'},26,{1},5.0
2e68ef53,2e68ef53c,2020-11-09,17,{'JAM'},{'JAM_STAND_STILL_TRAFFIC'},32,{2},5.0
2e68ef53,2e68ef53c,2020-11-11,15,{'JAM'},{'JAM_HEAVY_TRAFFIC'},14,{2},6.0
2e68ef53,2e68ef53c,2020-11-20,11,{'JAM'},{'JAM_MODERATE_TRAFFIC'},29,{1},5.0
2e68ef55,2e68ef54c,2020-09-15,13,{'JAM'},{'JAM_STAND_STILL_TRAFFIC'},5,{2},5.0
2e68ef55,2e68ef54c,2020-09-16,17,{'JAM'},{'JAM_STAND_STILL_TRAFFIC'},31,{2},5.0
2e68ef55,2e68ef54c,2020-09-26,20,{'JAM'},{'JAM_MODERATE_TRAFFIC'},34,{2},5.0
2e68ef55,2e68ef54c,2020-10-10,13,{'JAM'},"{'JAM_STAND_STILL_TRAFFIC', 'JAM_HEAVY_TRAFFIC'}",60,"{1, 2}",5.416666666666667
2e68ef55,2e68ef54c,2020-10-12,7,{'JAM'},{'JAM_MODERATE_TRAFFIC'},30,{2},5.0
2e68ef55,2e68ef54c,2020-10-14,16,{'JAM'},{'JAM_MODERATE_TRAFFIC'},32,{2},5.0
2e68ef55,2e68ef54c,2020-10-24,13,{'JAM'},{'JAM_STAND_STILL_TRAFFIC'},38,{2},5.0
2e68ef55,2e68ef54c,2020-11-09,17,{'JAM'},{'JAM_STAND_STILL_TRAFFIC'},33,{2},5.0
2e68ef55,2e68ef54c,2020-11-11,15,{'JAM'},{'JAM_HEAVY_TRAFFIC'},29,{2},6.0
2e68ef55,2e68ef54c,2020-11-13,14,{'JAM'},{'JAM_STAND_STILL_TRAFFIC'},6,{2},5.0
2e68ef55,2e68ef54c,2020-11-13,17,{'JAM'},{'JAM_MODERATE_TRAFFIC'},31,{2},5.548387096774194
2e68ef55,2e68ef54c,2020-11-16,17,{'JAM'},{'JAM_MODERATE_TRAFFIC'},31,{2},5.0
2e68ef55,2e68ef554,2020-09-02,17,{'JAM'},{'JAM_MODERATE_TRAFFIC'},7,{4},5.0
2e68ef55,2e68ef554,2020-09-03,18,{'JAM'},{'JAM_MODERATE_TRAFFIC'},33,{4},5.0
2e68ef55,2e68ef554,2020-09-08,16,{'JAM'},{'JAM_MODERATE_TRAFFIC'},18,{4},5.0
2e68ef55,2e68ef554,2020-09-11,14,{'JAM'},{'JAM_MODERATE_TRAFFIC'},31,{4},5.0
2e68ef55,2e68ef554,2020-09-11,16,{'JAM'},{'JAM_HEAVY_TRAFFIC'},25,{4},5.0
2e68ef55,2e68ef554,2020-09-11,20,{'JAM'},{'JAM_MODERATE_TRAFFIC'},10,{4},5.0
2e68ef55,2e68ef554,2020-09-13,17,{'JAM'},{'JAM_MODERATE_TRAFFIC'},12,{4},5.0
2e68ef55,2e68ef554,2020-09-14,17,{'JAM'},{'JAM_STAND_STILL_TRAFFIC'},6,{4},5.0
2e68ef55,2e68ef554,2020-09-19,16,{'JAM'},{'JAM_MODERATE_TRAFFIC'},6,{4},5.0
2e68ef55,2e68ef554,2020-10-02,16,{'JAM'},{'JAM_STAND_STILL_TRAFFIC'},31,{4},5.0
2e68ef55,2e68ef554,2020-10-02,17,{'JAM'},{'JAM_HEAVY_TRAFFIC'},31,{4},5.0
2e68ef55,2e68ef554,2020-10-03,9,{'JAM'},{'JAM_MODERATE_TRAFFIC'},1,{4},5.0
2e68ef55,2e68ef554,2020-10-05,13,{'JAM'},{'JAM_HEAVY_TRAFFIC'},31,{2},5.0
2e68ef55,2e68ef554,2020-10-09,15,{'JAM'},{'JAM_HEAVY_TRAFFIC'},31,{4},5.0
2e68ef55,2e68ef554,2020-10-10,10,{'JAM'},{'JAM_MODERATE_TRAFFIC'},31,{4},5.0
2e68ef55,2e68ef554,2020-10-10,12,{'JAM'},{'JAM_HEAVY_TRAFFIC'},37,{2},7.162162162162162
2e68ef55,2e68ef554,2020-10-10,14,{'JAM'},{'JAM_STAND_STILL_TRAFFIC'},17,{4},5.0
2e68ef55,2e68ef554,2020-10-10,16,{'JAM'},{'JAM_STAND_STILL_TRAFFIC'},26,{4},5.0
2e68ef55,2e68ef554,2020-10-16,14,{'JAM'},{'JAM_STAND_STILL_TRAFFIC'},13,{2},5.0
2e68ef55,2e68ef554,2020-10-16,16,{'JAM'},{'JAM_STAND_STILL_TRAFFIC'},33,{4},5.0
2e68ef55,2e68ef554,2020-10-17,17,{'JAM'},{'JAM_MODERATE_TRAFFIC'},5,{4},5.0
2e68ef55,2e68ef554,2020-10-18,14,{'JAM'},"{'JAM_STAND_STILL_TRAFFIC', 'JAM_HEAVY_TRAFFIC'}",23,{4},5.608695652173913
2e68ef55,2e68ef554,2020-10-23,17,{'JAM'},{'JAM_STAND_STILL_TRAFFIC'},29,{4},5.689655172413793
2e68ef55,2e68ef554,2020-10-24,18,{'JAM'},{'JAM_MODERATE_TRAFFIC'},5,{4},5.0
2e68ef55,2e68ef554,2020-10-25,17,{'JAM'},{'JAM_MODERATE_TRAFFIC'},5,{4},5.0
2e68ef55,2e68ef554,2020-10-26,12,{'JAM'},{'JAM_MODERATE_TRAFFIC'},46,{4},5.369565217391305
2e68ef55,2e68ef554,2020-10-26,14,{'JAM'},{'JAM_HEAVY_TRAFFIC'},30,{4},5.0
2e68ef55,2e68ef554,2020-10-27,17,{'JAM'},{'JAM_STAND_STILL_TRAFFIC'},23,{4},5.0
2e68ef55,2e68ef554,2020-10-28,17,{'JAM'},{'JAM_STAND_STILL_TRAFFIC'},39,{4},7.128205128205129
2e68ef55,2e68ef554,2020-10-29,13,{'JAM'},{'JAM_MODERATE_TRAFFIC'},16,{4},6.0
2e68ef55,2e68ef554,2020-10-29,14,{'JAM'},{'JAM_STAND_STILL_TRAFFIC'},30,{4},5.0
2e68ef55,2e68ef554,2020-10-30,14,{'JAM'},{'JAM_STAND_STILL_TRAFFIC'},31,{4},5.0
2e68ef55,2e68ef554,2020-10-30,15,{'JAM'},{'JAM_STAND_STILL_TRAFFIC'},33,{4},5.0606060606060606
2e68ef55,2e68ef554,2020-10-31,21,{'JAM'},{'JAM_MODERATE_TRAFFIC'},17,{4},6.0
2e68ef55,2e68ef554,2020-11-02,16,{'JAM'},{'JAM'},18,{4},5.5
2e68ef55,2e68ef554,2020-11-06,15,{'JAM'},{'JAM'},30,{4},5.0
2e68ef55,2e68ef554,2020-11-07,12,{'JAM'},{'JAM_STAND_STILL_TRAFFIC'},14,{4},5.0
2e68ef55,2e68ef554,2020-11-07,15,{'JAM'},{'JAM_MODERATE_TRAFFIC'},10,{4},5.0
2e68ef55,2e68ef554,2020-11-07,16,{'JAM'},{'JAM_STAND_STILL_TRAFFIC'},21,{4},5.0
2e68ef55,2e68ef554,2020-11-08,10,{'JAM'},{'JAM_MODERATE_TRAFFIC'},5,{4},5.0
2e68ef55,2e68ef554,2020-11-09,15,{'JAM'},{'JAM_HEAVY_TRAFFIC'},18,{4},5.0
2e68ef55,2e68ef554,2020-11-09,17,{'JAM'},{'JAM_HEAVY_TRAFFIC'},35,{4},7.0
2e68ef55,2e68ef554,2020-11-09,18,{'JAM'},"{'JAM_MODERATE_TRAFFIC', 'JAM_HEAVY_TRAFFIC'}",56,{4},5.0
2e68ef55,2e68ef554,2020-11-11,10,{'JAM'},{'JAM_STAND_STILL_TRAFFIC'},30,{4},5.0
2e68ef55,2e68ef554,2020-11-14,13,{'JAM'},{'JAM_HEAVY_TRAFFIC'},3,{4},5.0
2e68ef55,2e68ef554,2020-11-15,17,"{'JAM', 'WEATHERHAZARD'}","{'HAZARD_ON_ROAD_CONSTRUCTION', 'JAM_MODERATE_TRAFFIC'}",30,{4},5.433333333333334
2e68ef55,2e68ef554,2020-11-16,13,{'JAM'},{'JAM_HEAVY_TRAFFIC'},12,{4},5.0
2e68ef55,2e68ef554,2020-11-16,17,{'JAM'},{'JAM_MODERATE_TRAFFIC'},6,{2},5.0
2e68ef55,2e68ef554,2020-11-19,18,{'WEATHERHAZARD'},{'HAZARD_ON_SHOULDER_CAR_STOPPED'},42,{4},6.142857142857143
2e68ef55,2e68ef554,2020-11-20,14,{'JAM'},"{'JAM_STAND_STILL_TRAFFIC', 'JAM_HEAVY_TRAFFIC'}",77,{4},5.662337662337662
2e68ef55,2e68ef554,2020-11-20,17,{'JAM'},{'JAM_HEAVY_TRAFFIC'},18,{4},5.0
2e68ef55,2e68ef554,2020-11-22,13,{'JAM'},{'JAM_MODERATE_TRAFFIC'},5,{4},5.0
2e68ef55,2e68ef55c,2020-09-11,14,{'JAM'},{'JAM_HEAVY_TRAFFIC'},9,{4},5.0
2e68ef55,2e68ef55c,2020-10-03,14,{'JAM'},{'JAM_MODERATE_TRAFFIC'},32,{4},5.0
2e68ef55,2e68ef55c,2020-10-09,16,{'JAM'},{'JAM_HEAVY_TRAFFIC'},31,{4},5.0
2e68ef55,2e68ef55c,2020-10-10,14,{'JAM'},{'JAM_STAND_STILL_TRAFFIC'},15,{4},6.0
2e68ef55,2e68ef55c,2020-10-10,15,{'JAM'},"{'JAM', 'JAM_HEAVY_TRAFFIC'}",34,{4},7.205882352941177
2e68ef55,2e68ef55c,2020-10-13,10,{'JAM'},{'JAM_MODERATE_TRAFFIC'},38,{4},5.7894736842105265
2e68ef55,2e68ef55c,2020-10-16,14,{'JAM'},{'JAM_HEAVY_TRAFFIC'},40,{4},5.675
2e68ef55,2e68ef55c,2020-10-18,14,{'JAM'},{'JAM_HEAVY_TRAFFIC'},5,{4},5.0
2e68ef55,2e68ef55c,2020-10-18,18,{'JAM'},{'JAM_MODERATE_TRAFFIC'},5,{4},5.0
2e68ef55,2e68ef55c,2020-10-19,17,{'JAM'},{'JAM_MODERATE_TRAFFIC'},32,{4},5.0
2e68ef55,2e68ef55c,2020-10-23,14,{'JAM'},{'JAM_STAND_STILL_TRAFFIC'},22,{4},5.0
2e68ef55,2e68ef55c,2020-10-24,11,{'JAM'},{'JAM_MODERATE_TRAFFIC'},8,{4},5.0
2e68ef55,2e68ef55c,2020-10-24,16,{'JAM'},{'JAM_STAND_STILL_TRAFFIC'},39,{4},6.256410256410256
2e68ef55,2e68ef55c,2020-10-28,10,{'JAM'},{'JAM_HEAVY_TRAFFIC'},9,{4},5.0
2e68ef55,2e68ef55c,2020-10-28,14,{'JAM'},{'JAM_STAND_STILL_TRAFFIC'},42,{4},6.261904761904762
2e68ef55,2e68ef55c,2020-10-28,16,{'JAM'},{'JAM_HEAVY_TRAFFIC'},33,{4},6.303030303030303
2e68ef55,2e68ef55c,2020-10-29,14,{'JAM'},{'JAM_STAND_STILL_TRAFFIC'},22,{4},5.0
2e68ef55,2e68ef55c,2020-10-31,15,{'JAM'},{'JAM_MODERATE_TRAFFIC'},15,{4},5.0
2e68ef55,2e68ef55c,2020-11-01,16,{'JAM'},{'JAM_MODERATE_TRAFFIC'},6,{4},5.0
2e68ef55,2e68ef55c,2020-11-03,14,{'JAM'},{'JAM_MODERATE_TRAFFIC'},31,{4},5.0
2e68ef55,2e68ef55c,2020-11-03,17,{'JAM'},{'JAM_MODERATE_TRAFFIC'},6,{4},5.0
2e68ef55,2e68ef55c,2020-11-04,21,{'JAM'},{'JAM_MODERATE_TRAFFIC'},5,{4},5.0
2e68ef55,2e68ef55c,2020-11-05,17,{'JAM'},{'JAM_MODERATE_TRAFFIC'},6,{4},5.0
2e68ef55,2e68ef55c,2020-11-06,17,{'JAM'},{'JAM_MODERATE_TRAFFIC'},15,{4},5.0
2e68ef55,2e68ef55c,2020-11-09,10,{'JAM'},{'JAM_MODERATE_TRAFFIC'},6,{4},5.0
2e68ef55,2e68ef55c,2020-11-09,15,{'JAM'},{'JAM_HEAVY_TRAFFIC'},50,{4},8.0
2e68ef55,2e68ef55c,2020-11-09,16,{'JAM'},{'JAM_HEAVY_TRAFFIC'},36,{4},5.416666666666667
2e68ef55,2e68ef55c,2020-11-09,17,{'JAM'},{'JAM_HEAVY_TRAFFIC'},23,{4},5.0
2e68ef55,2e68ef55c,2020-11-10,18,{'JAM'},{'JAM_MODERATE_TRAFFIC'},5,{4},5.0
2e68ef55,2e68ef55c,2020-11-10,20,{'JAM'},{'JAM_MODERATE_TRAFFIC'},32,{4},5.0
2e68ef55,2e68ef55c,2020-11-16,12,{'JAM'},{'JAM_MODERATE_TRAFFIC'},7,{4},5.0
2e68ef55,2e68ef55c,2020-11-16,13,{'JAM'},{'JAM_STAND_STILL_TRAFFIC'},32,{4},5.96875
2e68ef55,2e68ef55c,2020-11-17,3,{'JAM'},{'JAM_MODERATE_TRAFFIC'},7,{4},5.0
2e68ef55,2e68ef55c,2020-11-18,17,{'JAM'},{'JAM_HEAVY_TRAFFIC'},31,{4},5.0
2e68ef55,2e68ef55c,2020-11-22,18,{'JAM'},{'JAM_MODERATE_TRAFFIC'},6,{4},5.0
2e68ef57,2e68ef574,2020-09-05,18,{'JAM'},{'JAM_STAND_STILL_TRAFFIC'},28,{2},5.0
2e68ef57,2e68ef574,2020-09-25,14,{'JAM'},{'JAM_STAND_STILL_TRAFFIC'},31,{2},5.0
2e68ef57,2e68ef574,2020-10-16,15,{'JAM'},{'JAM_STAND_STILL_TRAFFIC'},31,{2},5.0
2e68ef57,2e68ef574,2020-11-02,14,{'JAM'},{'JAM_HEAVY_TRAFFIC'},33,{2},5.0
2e68ef57,2e68ef574,2020-11-12,12,{'JAM'},{'JAM_STAND_STILL_TRAFFIC'},31,{2},5.0
2e68ef57,2e68ef574,2020-11-13,14,{'JAM'},{'JAM_STAND_STILL_TRAFFIC'},30,{2},5.933333333333334
2e68ef57,2e68ef57c,2020-09-02,13,{'JAM'},{'JAM_HEAVY_TRAFFIC'},18,{2},5.0
2e68ef57,2e68ef57c,2020-09-05,8,{'JAM'},{'JAM_HEAVY_TRAFFIC'},30,{2},5.0
2e68ef57,2e68ef57c,2020-09-12,11,{'JAM'},{'JAM_STAND_STILL_TRAFFIC'},31,{2},5.0
2e68ef57,2e68ef57c,2020-09-22,17,{'JAM'},{'JAM_STAND_STILL_TRAFFIC'},32,{2},5.0
2e68ef57,2e68ef57c,2020-09-23,14,{'JAM'},{'JAM_STAND_STILL_TRAFFIC'},31,{2},5.0
2e68ef57,2e68ef57c,2020-09-28,11,{'ACCIDENT'},{'ACCIDENT_MINOR'},126,{2},6.634920634920635
2e68ef57,2e68ef57c,2020-10-03,12,{'JAM'},{'JAM_HEAVY_TRAFFIC'},27,{2},5.0
2e68ef57,2e68ef57c,2020-10-17,14,{'JAM'},{'JAM_MODERATE_TRAFFIC'},33,{2},6.696969696969697
2e68ef57,2e68ef57c,2020-10-31,11,{'JAM'},{'JAM_STAND_STILL_TRAFFIC'},30,{2},5.0
2e68ef57,2e68ef57c,2020-11-09,15,{'JAM'},{'JAM_STAND_STILL_TRAFFIC'},32,{2},7.0
2e68ef57,2e68ef57c,2020-11-09,16,{'JAM'},{'JAM_STAND_STILL_TRAFFIC'},31,{2},5.0
2e68ef57,2e68ef57c,2020-11-20,15,{'JAM'},{'JAM_STAND_STILL_TRAFFIC'},30,{2},5.0
2e68ef59,2e68ef584,2020-09-14,17,{'JAM'},{'JAM_HEAVY_TRAFFIC'},31,{2},5.0
2e68ef59,2e68ef584,2020-09-17,14,{'JAM'},{'JAM_STAND_STILL_TRAFFIC'},14,{2},5.0
2e68ef59,2e68ef584,2020-09-23,15,{'JAM'},{'JAM_HEAVY_TRAFFIC'},30,{2},5.0
2e68ef59,2e68ef584,2020-09-25,13,{'JAM'},{'JAM_HEAVY_TRAFFIC'},62,{2},5.0
2e68ef59,2e68ef584,2020-09-26,18,{'JAM'},{'JAM_HEAVY_TRAFFIC'},31,{2},5.0
2e68ef59,2e68ef584,2020-09-28,11,{'JAM'},{'JAM_HEAVY_TRAFFIC'},30,{2},5.0
2e68ef59,2e68ef584,2020-10-01,9,{'JAM'},{'JAM_HEAVY_TRAFFIC'},32,{2},5.0
2e68ef59,2e68ef584,2020-10-03,15,{'JAM'},{'JAM_STAND_STILL_TRAFFIC'},30,{2},5.0
2e68ef59,2e68ef584,2020-10-05,14,{'JAM'},{'JAM_STAND_STILL_TRAFFIC'},31,{2},5.0
2e68ef59,2e68ef584,2020-10-14,14,{'JAM'},{'JAM_STAND_STILL_TRAFFIC'},35,{2},5.685714285714286
2e68ef59,2e68ef584,2020-10-16,17,{'JAM'},{'JAM_HEAVY_TRAFFIC'},31,{2},5.0
2e68ef59,2e68ef584,2020-10-20,14,{'JAM'},{'JAM_STAND_STILL_TRAFFIC'},31,{2},5.0
2e68ef59,2e68ef584,2020-10-23,14,{'JAM'},{'JAM_STAND_STILL_TRAFFIC'},33,{2},5.0
2e68ef59,2e68ef584,2020-10-24,15,{'JAM'},{'JAM_STAND_STILL_TRAFFIC'},32,{2},5.0
2e68ef59,2e68ef584,2020-10-31,17,{'JAM'},{'JAM_HEAVY_TRAFFIC'},30,{2},6.0
2e68ef59,2e68ef584,2020-11-08,11,{'JAM'},{'JAM_STAND_STILL_TRAFFIC'},6,{2},5.0
2e68ef59,2e68ef584,2020-11-09,15,{'JAM'},"{'JAM_STAND_STILL_TRAFFIC', 'JAM_HEAVY_TRAFFIC'}",71,{2},7.169014084507042
2e68ef59,2e68ef584,2020-11-10,13,{'JAM'},{'JAM_HEAVY_TRAFFIC'},31,{2},5.806451612903226
2e68ef59,2e68ef584,2020-11-14,15,{'JAM'},{'JAM_STAND_STILL_TRAFFIC'},31,{2},6.0
2e68ef59,2e68ef584,2020-11-17,14,{'JAM'},{'JAM_STAND_STILL_TRAFFIC'},30,{2},5.0
2e68ef59,2e68ef58c,2020-09-12,11,{'JAM'},{'JAM_STAND_STILL_TRAFFIC'},32,{2},5.875
2e68ef59,2e68ef58c,2020-09-12,17,{'JAM'},{'JAM_STAND_STILL_TRAFFIC'},63,{2},5.4603174603174605
2e68ef59,2e68ef58c,2020-09-25,13,{'JAM'},{'JAM_HEAVY_TRAFFIC'},31,{2},5.0
2e68ef59,2e68ef58c,2020-09-26,18,{'JAM'},{'JAM_STAND_STILL_TRAFFIC'},31,{2},5.0
2e68ef59,2e68ef58c,2020-10-03,15,{'JAM'},{'JAM_STAND_STILL_TRAFFIC'},31,{2},5.0
2e68ef59,2e68ef58c,2020-10-20,14,{'JAM'},{'JAM_STAND_STILL_TRAFFIC'},32,{2},5.0
2e68ef59,2e68ef58c,2020-10-21,14,{'JAM'},{'JAM_STAND_STILL_TRAFFIC'},31,{2},5.0
2e68ef59,2e68ef58c,2020-10-24,15,{'JAM'},{'JAM_STAND_STILL_TRAFFIC'},30,{2},5.8
2e68ef59,2e68ef58c,2020-11-09,14,{'JAM'},{'JAM_STAND_STILL_TRAFFIC'},30,{2},8.333333333333334
2e68ef59,2e68ef58c,2020-11-17,14,{'JAM'},{'JAM_STAND_STILL_TRAFFIC'},31,{2},5.0
2e68ef59,2e68ef58c,2020-11-18,14,{'JAM'},{'JAM_STAND_STILL_TRAFFIC'},43,{1},5.372093023255814
2e68ef59,2e68ef594,2020-10-18,15,{'JAM'},{'JAM'},31,{1},5.0
2e68ef5b,2e68ef5a4,2020-09-07,17,{'JAM'},{'JAM_STAND_STILL_TRAFFIC'},32,{1},5.0
2e68ef5b,2e68ef5a4,2020-11-06,17,{'ACCIDENT'},{'ACCIDENT'},109,{1},5.0
2e68ef5b,2e68ef5ac,2020-10-16,19,{'JAM'},{'JAM_STAND_STILL_TRAFFIC'},30,{1},5.0
2e68ef5b,2e68ef5b4,2020-10-08,10,{'JAM'},{'JAM_HEAVY_TRAFFIC'},31,{1},5.0
2e68ef5b,2e68ef5b4,2020-10-16,19,{'JAM'},{'JAM_HEAVY_TRAFFIC'},30,{1},5.0
2e68ef5b,2e68ef5b4,2020-11-09,18,{'JAM'},{'JAM_HEAVY_TRAFFIC'},31,{1},5.0
2e68ef5b,2e68ef5bc,2020-09-01,14,{'JAM'},{'JAM_STAND_STILL_TRAFFIC'},6,{1},5.0
2e68ef5d,2e68ef5c4,2020-09-25,9,{'WEATHERHAZARD'},{'HAZARD_ON_ROAD_CONSTRUCTION'},417,{4},6.249400479616307
2e68ef5d,2e68ef5c4,2020-10-24,18,{'JAM'},{'JAM_MODERATE_TRAFFIC'},8,{4},5.0
2e68ef5d,2e68ef5c4,2020-11-10,18,{'JAM'},{'JAM_MODERATE_TRAFFIC'},8,{4},5.0
2e68ef5d,2e68ef5d4,2020-11-07,15,{'JAM'},{'JAM_MODERATE_TRAFFIC'},27,{4},5.0
2e68ef5d,2e68ef5dc,2020-09-11,17,{'JAM'},{'JAM_STAND_STILL_TRAFFIC'},13,{4},5.0
2e68ef5d,2e68ef5dc,2020-11-05,9,{'WEATHERHAZARD'},{'HAZARD_ON_ROAD_CONSTRUCTION'},800,{4},8.42875
2e68ef5f,2e68ef5e4,2020-11-16,23,{'JAM'},{'JAM_STAND_STILL_TRAFFIC'},32,{1},5.0
2e68ef69,2e68ef684,2020-09-18,11,{'WEATHERHAZARD'},{'HAZARD_ON_ROAD_CONSTRUCTION'},46,{4},7.0
2e698343,2e6983424,2020-09-05,0,{'JAM'},{'JAM_HEAVY_TRAFFIC'},7,{6},5.0
2e69835f,2e69835ec,2020-10-21,23,{'JAM'},{'JAM_MODERATE_TRAFFIC'},31,{6},5.0
2e698457,2e698457c,2020-10-09,10,{'ACCIDENT'},{'ACCIDENT'},121,{2},5.0
2e698457,2e698457c,2020-10-11,15,{'JAM'},{'JAM_HEAVY_TRAFFIC'},31,{2},5.0
2e698457,2e698457c,2020-10-11,19,{'JAM'},{'JAM_HEAVY_TRAFFIC'},32,{2},5.0
2e698457,2e698457c,2020-11-01,19,{'JAM'},{'JAM_HEAVY_TRAFFIC'},63,{2},5.0
2e698459,2e6984584,2020-11-19,19,{'JAM'},{'JAM_MODERATE_TRAFFIC'},34,{1},5.0
2e698459,2e698458c,2020-11-19,19,{'WEATHERHAZARD'},{'HAZARD_WEATHER_FLOOD'},30,{1},5.0
2e698461,2e698461c,2020-09-25,16,{'WEATHERHAZARD'},{'WEATHERHAZARD'},30,{1},5.0
2e698461,2e698461c,2020-10-03,13,{'WEATHERHAZARD'},{'HAZARD_ON_SHOULDER_ANIMALS'},32,{1},5.0
2e698463,2e6984624,2020-11-12,5,{'JAM'},{'JAM'},32,{1},5.0
2e69848d,2e69848cc,2020-10-23,19,{'JAM'},{'JAM'},31,{1},5.0
2e698493,2e6984924,2020-09-04,19,{'JAM'},{'JAM'},29,{1},5.0
2e698493,2e6984934,2020-09-02,17,{'JAM'},{'JAM_STAND_STILL_TRAFFIC'},29,{6},5.0
2e698493,2e6984934,2020-10-24,12,{'JAM'},{'JAM_MODERATE_TRAFFIC'},29,{6},5.9655172413793105
2e698493,2e6984934,2020-11-01,15,{'JAM'},{'JAM_HEAVY_TRAFFIC'},17,{6},8.0
2e698493,2e6984934,2020-11-01,16,{'JAM'},{'JAM_HEAVY_TRAFFIC'},30,{6},5.0
2e698493,2e6984934,2020-11-11,15,{'JAM'},{'JAM_HEAVY_TRAFFIC'},35,{6},5.942857142857143
2e698493,2e6984934,2020-11-16,17,{'JAM'},{'JAM_MODERATE_TRAFFIC'},21,{6},5.0
2e698495,2e6984944,2020-10-07,13,{'JAM'},{'JAM_STAND_STILL_TRAFFIC'},21,{6},5.619047619047619
2e698495,2e6984944,2020-11-01,14,{'JAM'},{'JAM_HEAVY_TRAFFIC'},26,{6},6.923076923076923
2e698495,2e698494c,2020-11-01,15,{'JAM'},{'JAM_HEAVY_TRAFFIC'},8,{6},5.0
2e698495,2e698494c,2020-11-14,14,{'ACCIDENT'},{'ACCIDENT'},113,{6},5.0
2e698495,2e698495c,2020-09-13,11,{'WEATHERHAZARD'},{'HAZARD_ON_ROAD_CONSTRUCTION'},416,{6},7.0985576923076925
2e698495,2e698495c,2020-11-01,14,{'JAM'},{'JAM_HEAVY_TRAFFIC'},16,{6},9.0
2e698499,2e6984994,2020-11-16,6,{'JAM'},{'JAM_MODERATE_TRAFFIC'},33,{1},5.0
2e6984a1,2e6984a14,2020-11-19,7,{'JAM'},{'JAM'},32,{6},5.0
2e6984a7,2e6984a74,2020-10-06,15,{'JAM'},{'JAM'},33,{2},5.0
2e6984a9,2e6984a84,2020-10-07,14,"{'JAM', 'ACCIDENT'}","{'JAM_STAND_STILL_TRAFFIC', 'ACCIDENT_MAJOR'}",151,{1},5.0
2e6984af,2e6984afc,2020-11-01,9,{'JAM'},{'JAM'},30,{1},5.0
2e6984b1,2e6984b0c,2020-09-10,9,{'JAM'},{'JAM'},41,{2},5.0
2e6984b1,2e6984b1c,2020-09-20,17,{'JAM'},{'JAM'},31,{1},5.0
2e6984b9,2e6984b84,2020-10-14,17,{'JAM'},{'JAM_STAND_STILL_TRAFFIC'},33,{7},5.0
2e6984b9,2e6984b84,2020-10-23,17,{'JAM'},{'JAM_MODERATE_TRAFFIC'},31,{7},5.0
2e6984b9,2e6984b84,2020-10-28,15,{'JAM'},{'JAM_HEAVY_TRAFFIC'},32,{7},5.0
2e6984b9,2e6984b84,2020-11-01,15,{'JAM'},{'JAM_HEAVY_TRAFFIC'},31,{7},5.0
2e6984b9,2e6984b84,2020-11-02,8,{'JAM'},{'JAM_STAND_STILL_TRAFFIC'},30,{7},5.0
2e6984b9,2e6984b84,2020-11-02,9,{'JAM'},{'JAM_HEAVY_TRAFFIC'},30,{7},5.0
2e6984b9,2e6984b84,2020-11-11,8,{'JAM'},{'JAM_HEAVY_TRAFFIC'},33,{7},5.0
2e6984b9,2e6984b8c,2020-09-11,6,{'JAM'},{'JAM_HEAVY_TRAFFIC'},33,{7},5.848484848484849
2e6984b9,2e6984b8c,2020-09-12,14,{'JAM'},{'JAM'},30,{7},5.0
2e6984b9,2e6984b8c,2020-09-22,16,{'JAM'},{'JAM_HEAVY_TRAFFIC'},8,{7},5.0
2e6984b9,2e6984b8c,2020-11-01,15,{'JAM'},{'JAM_HEAVY_TRAFFIC'},32,{7},5.0
2e6984b9,2e6984b8c,2020-11-06,17,{'JAM'},{'JAM_STAND_STILL_TRAFFIC'},16,{7},5.0
2e6984b9,2e6984b94,2020-10-26,17,{'JAM'},{'JAM_HEAVY_TRAFFIC'},31,{7},5.0
2e6984b9,2e6984b94,2020-10-26,18,{'JAM'},{'JAM_STAND_STILL_TRAFFIC'},65,{2},5.0
2e6984b9,2e6984b94,2020-11-19,17,{'JAM'},{'JAM_STAND_STILL_TRAFFIC'},33,{2},5.0
2e6984bd,2e6984bc4,2020-09-08,0,{'JAM'},{'JAM_STAND_STILL_TRAFFIC'},37,"{6, 7}",5.0
2e6984bd,2e6984bc4,2020-09-15,17,{'JAM'},{'JAM_STAND_STILL_TRAFFIC'},30,{6},5.0
2e6984bd,2e6984bc4,2020-09-21,17,{'JAM'},{'JAM_HEAVY_TRAFFIC'},31,{7},5.0
2e6984bd,2e6984bcc,2020-11-02,6,"{'JAM', 'ACCIDENT'}","{'JAM_HEAVY_TRAFFIC', 'ACCIDENT_MAJOR'}",157,{6},7.031847133757962
2e6984bd,2e6984bd4,2020-11-02,5,{'JAM'},{'JAM_STAND_STILL_TRAFFIC'},30,{1},6.0
2e6984bf,2e6984be4,2020-09-15,17,{'JAM'},{'JAM_STAND_STILL_TRAFFIC'},33,{6},5.0
2e6984bf,2e6984be4,2020-09-15,18,{'ACCIDENT'},{'ACCIDENT_MINOR'},122,{6},7.5
2e6984bf,2e6984be4,2020-10-11,0,{'JAM'},{'JAM'},30,{6},5.0
2e6984bf,2e6984be4,2020-10-26,11,{'WEATHERHAZARD'},{'HAZARD_ON_ROAD_CAR_STOPPED'},32,{6},5.8125
2e6984bf,2e6984be4,2020-11-01,15,{'JAM'},{'JAM_MODERATE_TRAFFIC'},34,{6},5.4411764705882355
2e6984bf,2e6984bec,2020-09-04,16,{'JAM'},{'JAM_HEAVY_TRAFFIC'},29,{7},5.896551724137931
2e6984bf,2e6984bec,2020-09-12,14,{'JAM'},{'JAM'},6,{7},5.0
2e6984bf,2e6984bec,2020-09-15,17,{'ACCIDENT'},{'ACCIDENT'},120,{7},5.0
2e6984bf,2e6984bec,2020-10-01,13,{'JAM'},{'JAM'},30,{7},5.0
2e6984bf,2e6984bec,2020-10-03,16,{'ACCIDENT'},{'ACCIDENT'},123,{7},5.0
2e6984bf,2e6984bec,2020-10-12,18,{'JAM'},{'JAM_HEAVY_TRAFFIC'},33,{7},5.0
2e6984bf,2e6984bec,2020-11-14,10,{'JAM'},{'JAM_STAND_STILL_TRAFFIC'},31,{7},5.0
2e6984c1,2e6984c04,2020-10-06,15,{'WEATHERHAZARD'},{'HAZARD_WEATHER_HEAVY_SNOW'},33,{1},5.787878787878788
2e6984c7,2e6984c7c,2020-09-10,13,{'JAM'},{'JAM_MODERATE_TRAFFIC'},25,{7},5.96
2e6984c7,2e6984c7c,2020-09-10,16,{'JAM'},{'JAM'},18,{7},5.0
2e6984c7,2e6984c7c,2020-09-11,7,{'JAM'},{'JAM_HEAVY_TRAFFIC'},31,{7},5.0
2e6984c7,2e6984c7c,2020-09-11,18,{'JAM'},{'JAM_HEAVY_TRAFFIC'},45,{7},5.355555555555555
2e6984c7,2e6984c7c,2020-09-14,15,{'JAM'},{'JAM_STAND_STILL_TRAFFIC'},30,{7},5.0
2e6984c7,2e6984c7c,2020-09-21,9,{'JAM'},{'JAM_HEAVY_TRAFFIC'},30,{7},5.0
2e6984c7,2e6984c7c,2020-10-26,17,{'JAM'},{'JAM_HEAVY_TRAFFIC'},30,{7},5.866666666666666
2e6984c7,2e6984c7c,2020-10-30,15,{'JAM'},{'JAM_STAND_STILL_TRAFFIC'},32,{7},5.0
2e6984c7,2e6984c7c,2020-10-31,19,{'JAM'},{'JAM_MODERATE_TRAFFIC'},34,{7},5.676470588235294
2e6984c7,2e6984c7c,2020-11-01,15,{'JAM'},{'JAM_STAND_STILL_TRAFFIC'},6,{7},5.0
2e6984c7,2e6984c7c,2020-11-01,20,{'JAM'},{'JAM_STAND_STILL_TRAFFIC'},31,{7},5.0
2e6984c7,2e6984c7c,2020-11-02,8,{'JAM'},{'JAM_STAND_STILL_TRAFFIC'},30,{7},5.0
2e6984c7,2e6984c7c,2020-11-02,10,{'JAM'},{'JAM_MODERATE_TRAFFIC'},32,{7},5.84375
2e6984c7,2e6984c7c,2020-11-04,15,{'JAM'},{'JAM_MODERATE_TRAFFIC'},33,{7},5.0
2e6984c7,2e6984c7c,2020-11-05,7,{'JAM'},{'JAM_STAND_STILL_TRAFFIC'},31,{7},5.0
2e6984c7,2e6984c7c,2020-11-10,14,{'JAM'},{'JAM_HEAVY_TRAFFIC'},31,{7},6.0
2e6984c7,2e6984c7c,2020-11-12,10,{'JAM'},{'JAM_HEAVY_TRAFFIC'},43,{7},5.348837209302325
2e6984c7,2e6984c7c,2020-11-13,7,{'JAM'},{'JAM_STAND_STILL_TRAFFIC'},26,{7},5.0
2e6984c7,2e6984c7c,2020-11-19,17,{'JAM'},{'JAM'},32,{7},5.0
2e6984c9,2e6984c84,2020-10-28,14,{'JAM'},{'JAM_STAND_STILL_TRAFFIC'},36,{7},5.444444444444445
2e6984c9,2e6984c84,2020-11-01,13,{'JAM'},{'JAM_STAND_STILL_TRAFFIC'},31,{7},6.0
2e6984c9,2e6984c84,2020-11-21,11,{'JAM'},{'JAM_HEAVY_TRAFFIC'},21,{7},5.0
2e6984c9,2e6984c8c,2020-09-03,11,{'JAM'},{'JAM_MODERATE_TRAFFIC'},31,{7},5.0
2e6984c9,2e6984c8c,2020-09-11,7,{'JAM'},{'JAM_HEAVY_TRAFFIC'},34,{7},5.0
2e6984c9,2e6984c8c,2020-09-11,13,{'JAM'},{'JAM_STAND_STILL_TRAFFIC'},31,{7},5.0
2e6984c9,2e6984c8c,2020-09-12,16,{'JAM'},{'JAM_MODERATE_TRAFFIC'},31,{7},5.0
2e6984c9,2e6984c8c,2020-09-14,8,{'JAM'},{'JAM_MODERATE_TRAFFIC'},10,{7},5.0
2e6984c9,2e6984c8c,2020-10-05,10,{'JAM'},{'JAM_HEAVY_TRAFFIC'},32,{7},5.5625
2e6984c9,2e6984c8c,2020-10-12,8,{'JAM'},{'JAM'},30,{7},5.0
2e6984c9,2e6984c8c,2020-10-26,16,{'JAM'},{'JAM_STAND_STILL_TRAFFIC'},31,{7},5.0
2e6984c9,2e6984c8c,2020-10-30,16,{'JAM'},{'JAM_HEAVY_TRAFFIC'},16,{7},5.0
2e6984c9,2e6984c8c,2020-10-30,17,{'JAM'},{'JAM_MODERATE_TRAFFIC'},30,{7},5.0
2e6984c9,2e6984c8c,2020-11-01,15,{'JAM'},{'JAM_STAND_STILL_TRAFFIC'},26,{7},6.0
2e6984c9,2e6984c8c,2020-11-02,9,{'JAM'},{'JAM_HEAVY_TRAFFIC'},31,{7},5.0
2e6984c9,2e6984c8c,2020-11-11,7,{'JAM'},{'JAM_HEAVY_TRAFFIC'},33,{7},5.0
2e6984c9,2e6984c8c,2020-11-18,14,{'JAM'},{'JAM_MODERATE_TRAFFIC'},20,{7},5.0
2e6984c9,2e6984c94,2020-09-26,11,{'JAM'},{'JAM_HEAVY_TRAFFIC'},30,{2},5.0
2e6984cb,2e6984ca4,2020-09-29,17,{'JAM'},{'JAM_STAND_STILL_TRAFFIC'},33,{2},5.0
2e6984cb,2e6984cac,2020-09-28,15,{'WEATHERHAZARD'},{'HAZARD_ON_ROAD_CONSTRUCTION'},721,{2},9.472954230235784
2e6984cb,2e6984cac,2020-10-29,9,{'JAM'},{'JAM'},5,{2},5.0
2e6984cf,2e6984cec,2020-09-14,17,{'JAM'},{'JAM_MODERATE_TRAFFIC'},30,{7},5.0
2e6984cf,2e6984cec,2020-11-10,14,{'JAM'},{'JAM_HEAVY_TRAFFIC'},31,{7},5.0
2e6984cf,2e6984cec,2020-11-18,17,{'JAM'},{'JAM_MODERATE_TRAFFIC'},25,{7},5.0
2e6984cf,2e6984cf4,2020-09-10,9,{'JAM'},{'JAM'},6,{2},5.0
2e6984cf,2e6984cf4,2020-10-27,17,{'JAM'},{'JAM_STAND_STILL_TRAFFIC'},7,{2},5.0
2e6984d1,2e6984d0c,2020-11-19,18,{'JAM'},{'JAM'},31,{1},7.0
2e6984d3,2e6984d24,2020-11-18,14,{'JAM'},{'JAM_HEAVY_TRAFFIC'},17,{7},5.0
2e6984d3,2e6984d2c,2020-09-11,22,{'JAM'},{'JAM_HEAVY_TRAFFIC'},10,{1},5.9
2e6984d3,2e6984d34,2020-09-29,18,{'JAM'},{'JAM_HEAVY_TRAFFIC'},33,{7},5.0
2e6984d3,2e6984d34,2020-11-09,14,{'JAM'},{'JAM_MODERATE_TRAFFIC'},32,{7},5.0
2e6984d5,2e6984d44,2020-09-16,16,{'JAM'},{'JAM_STAND_STILL_TRAFFIC'},27,{2},5.0
2e6984d5,2e6984d44,2020-10-06,14,{'JAM'},{'JAM_HEAVY_TRAFFIC'},32,{2},5.0
2e6984d5,2e6984d44,2020-10-20,13,{'JAM'},{'JAM_HEAVY_TRAFFIC'},31,{2},5.0
2e6984d5,2e6984d44,2020-11-02,7,{'JAM'},{'JAM_STAND_STILL_TRAFFIC'},30,{2},5.0
2e6984d5,2e6984d44,2020-11-02,13,{'JAM'},{'JAM_HEAVY_TRAFFIC'},35,{2},5.0
2e6984d5,2e6984d4c,2020-10-09,16,{'JAM'},{'JAM_STAND_STILL_TRAFFIC'},31,{2},5.0
2e6984d5,2e6984d4c,2020-11-10,9,{'JAM'},{'JAM_HEAVY_TRAFFIC'},33,{2},5.484848484848484
2e6984d7,2e6984d6c,2020-10-06,14,{'JAM'},{'JAM_MODERATE_TRAFFIC'},32,{2},5.0
2e6984d7,2e6984d74,2020-09-05,23,{'WEATHERHAZARD'},{'HAZARD_ON_ROAD_POT_HOLE'},2826,{1},5.0
2e6984d7,2e6984d74,2020-10-07,19,{'JAM'},{'JAM_STAND_STILL_TRAFFIC'},32,{2},5.0
2e6984d7,2e6984d74,2020-10-08,9,{'JAM'},{'JAM'},31,{20},5.0
2e6984d7,2e6984d74,2020-10-09,14,{'JAM'},{'JAM_HEAVY_TRAFFIC'},30,{2},5.0
2e6984d7,2e6984d74,2020-11-04,20,{'JAM'},{'JAM_HEAVY_TRAFFIC'},18,{2},5.0
2e6984d9,2e6984d84,2020-10-15,11,{'JAM'},{'JAM_MODERATE_TRAFFIC'},31,{2},5.967741935483871
2e6984d9,2e6984d84,2020-10-26,18,{'JAM'},{'JAM_HEAVY_TRAFFIC'},27,{2},5.0
2e6984d9,2e6984d84,2020-11-06,17,{'JAM'},{'JAM_HEAVY_TRAFFIC'},24,{2},5.0
2e6984d9,2e6984d84,2020-11-12,14,{'JAM'},{'JAM_STAND_STILL_TRAFFIC'},31,{2},5.0
2e6984d9,2e6984d8c,2020-09-23,5,{'WEATHERHAZARD'},{'HAZARD_ON_ROAD_POT_HOLE'},1581,{2},8.096774193548388
2e6984d9,2e6984d8c,2020-10-12,20,{'WEATHERHAZARD'},{'HAZARD_ON_ROAD_POT_HOLE'},2568,{2},8.475856697819315
2e6984d9,2e6984d8c,2020-10-22,7,{'JAM'},{'JAM_HEAVY_TRAFFIC'},16,{2},5.0
2e6984d9,2e6984d8c,2020-10-23,17,{'JAM'},{'JAM_MODERATE_TRAFFIC'},34,{2},5.470588235294118
2e6984d9,2e6984d8c,2020-10-27,17,{'JAM'},{'JAM_HEAVY_TRAFFIC'},35,{2},5.0
2e6984d9,2e6984d8c,2020-10-28,16,{'WEATHERHAZARD'},{'HAZARD_ON_ROAD_POT_HOLE'},3188,{2},8.72961104140527
2e6984d9,2e6984d8c,2020-11-01,14,{'JAM'},{'JAM_STAND_STILL_TRAFFIC'},33,{2},5.0
2e6984d9,2e6984d8c,2020-11-09,20,{'WEATHERHAZARD'},{'HAZARD_ON_ROAD_POT_HOLE'},2630,{2},9.890874524714828
2e6984d9,2e6984d9c,2020-10-09,15,{'JAM'},{'JAM_HEAVY_TRAFFIC'},30,{2},5.0
2e6984df,2e6984de4,2020-10-21,14,{'JAM'},{'JAM_STAND_STILL_TRAFFIC'},31,{1},5.0
2e6984df,2e6984df4,2020-10-09,15,{'JAM'},{'JAM_HEAVY_TRAFFIC'},34,{2},5.0
2e6984df,2e6984df4,2020-10-26,18,{'JAM'},{'JAM_STAND_STILL_TRAFFIC'},31,{2},5.0
2e6984df,2e6984df4,2020-11-08,11,{'JAM'},"{'JAM_STAND_STILL_TRAFFIC', 'JAM_HEAVY_TRAFFIC'}",65,{2},5.6923076923076925
2e6984df,2e6984df4,2020-11-12,13,{'JAM'},{'JAM_HEAVY_TRAFFIC'},42,{2},5.357142857142857
2e6984e1,2e6984e0c,2020-11-11,7,{'JAM'},{'JAM_MODERATE_TRAFFIC'},30,{1},5.0
2e6984e3,2e6984e2c,2020-09-06,17,{'JAM'},{'JAM'},30,{6},5.0
2e6984e3,2e6984e2c,2020-09-09,17,{'JAM'},{'JAM_MODERATE_TRAFFIC'},11,{6},5.0
2e6984e3,2e6984e2c,2020-09-13,18,{'JAM'},{'JAM_STAND_STILL_TRAFFIC'},32,{6},5.0
2e6984e3,2e6984e2c,2020-09-21,18,{'JAM'},{'JAM_STAND_STILL_TRAFFIC'},35,{6},5.0
2e6984e3,2e6984e2c,2020-09-27,17,{'JAM'},{'JAM_HEAVY_TRAFFIC'},31,{6},5.0
2e6984e3,2e6984e2c,2020-09-28,19,{'JAM'},{'JAM_STAND_STILL_TRAFFIC'},32,{6},5.0
2e6984e3,2e6984e2c,2020-10-04,20,{'JAM'},{'JAM_STAND_STILL_TRAFFIC'},31,{6},5.0
2e6984e3,2e6984e2c,2020-10-04,21,{'JAM'},{'JAM_STAND_STILL_TRAFFIC'},32,{6},5.0
2e6984e3,2e6984e2c,2020-10-07,16,{'JAM'},{'JAM_MODERATE_TRAFFIC'},8,{6},6.0
2e6984e3,2e6984e2c,2020-10-12,5,{'JAM'},{'JAM_STAND_STILL_TRAFFIC'},31,{6},5.0
2e6984e3,2e6984e2c,2020-10-12,18,{'JAM'},{'JAM_HEAVY_TRAFFIC'},31,{6},5.0
2e6984e3,2e6984e2c,2020-10-18,17,{'JAM'},{'JAM_HEAVY_TRAFFIC'},31,{6},5.0
2e6984e3,2e6984e2c,2020-10-24,12,{'JAM'},{'JAM_MODERATE_TRAFFIC'},28,{6},5.0
2e6984e3,2e6984e2c,2020-10-24,20,{'JAM'},{'JAM_HEAVY_TRAFFIC'},31,{6},5.0
2e6984e3,2e6984e2c,2020-10-29,17,{'JAM'},{'JAM_HEAVY_TRAFFIC'},34,{6},6.5588235294117645
2e6984e3,2e6984e2c,2020-10-31,21,{'JAM'},{'JAM_STAND_STILL_TRAFFIC'},31,{6},5.0
2e6984e3,2e6984e2c,2020-11-08,21,{'JAM'},{'JAM_HEAVY_TRAFFIC'},30,{6},5.0
2e6984e3,2e6984e2c,2020-11-10,18,{'JAM'},{'JAM_HEAVY_TRAFFIC'},31,{6},5.0
2e6984e3,2e6984e2c,2020-11-12,14,{'JAM'},{'JAM_STAND_STILL_TRAFFIC'},30,{6},5.0
2e6984e3,2e6984e2c,2020-11-13,17,{'JAM'},{'JAM'},30,{6},5.0
2e6984e3,2e6984e2c,2020-11-14,16,{'JAM'},{'JAM_HEAVY_TRAFFIC'},29,{6},5.0
2e6984e3,2e6984e2c,2020-11-16,7,{'JAM'},{'JAM'},5,{6},5.0
2e6984e3,2e6984e2c,2020-11-20,17,{'JAM'},{'JAM_HEAVY_TRAFFIC'},26,{6},5.0
2e6984e3,2e6984e34,2020-09-04,20,{'JAM'},{'JAM_HEAVY_TRAFFIC'},19,{6},5.0
2e6984e3,2e6984e34,2020-09-13,18,{'JAM'},{'JAM_STAND_STILL_TRAFFIC'},30,{6},5.0
2e6984e3,2e6984e34,2020-09-13,19,{'JAM'},{'JAM_STAND_STILL_TRAFFIC'},33,{6},5.0
2e6984e3,2e6984e34,2020-10-07,16,{'JAM'},{'JAM_MODERATE_TRAFFIC'},5,{6},5.0
2e6984e3,2e6984e34,2020-10-11,18,{'JAM'},{'JAM_HEAVY_TRAFFIC'},33,{6},5.848484848484849
2e6984e3,2e6984e34,2020-10-11,19,{'JAM'},{'JAM_HEAVY_TRAFFIC'},33,{6},5.0
2e6984e3,2e6984e34,2020-10-17,17,{'JAM'},{'JAM_STAND_STILL_TRAFFIC'},32,{6},5.0
2e6984e3,2e6984e34,2020-10-18,12,{'JAM'},{'JAM_STAND_STILL_TRAFFIC'},31,{6},5.67741935483871
2e6984e3,2e6984e34,2020-10-18,17,{'JAM'},{'JAM_HEAVY_TRAFFIC'},26,{6},5.0
2e6984e3,2e6984e34,2020-10-27,18,{'JAM'},{'JAM_HEAVY_TRAFFIC'},30,{6},5.0
2e6984e3,2e6984e34,2020-10-29,17,{'JAM'},{'JAM_HEAVY_TRAFFIC'},21,{6},9.19047619047619
2e6984e3,2e6984e34,2020-10-31,16,{'JAM'},{'JAM_STAND_STILL_TRAFFIC'},29,{6},5.655172413793103
2e6984e3,2e6984e34,2020-11-01,0,{'JAM'},{'JAM_HEAVY_TRAFFIC'},30,{6},5.0
2e6984e3,2e6984e34,2020-11-01,17,{'JAM'},{'JAM_HEAVY_TRAFFIC'},64,{6},5.0
2e6984e3,2e6984e34,2020-11-01,19,{'JAM'},{'JAM_HEAVY_TRAFFIC'},31,{6},5.0
2e6984e3,2e6984e34,2020-11-01,21,{'JAM'},{'JAM_MODERATE_TRAFFIC'},31,{6},5.0
2e6984e3,2e6984e34,2020-11-01,22,{'JAM'},{'JAM_STAND_STILL_TRAFFIC'},32,{6},5.0
2e6984e3,2e6984e34,2020-11-02,3,{'JAM'},{'JAM_HEAVY_TRAFFIC'},32,{6},5.78125
2e6984e3,2e6984e34,2020-11-08,20,{'JAM'},{'JAM_HEAVY_TRAFFIC'},31,{6},5.0
2e6984e3,2e6984e34,2020-11-18,11,{'JAM'},{'JAM_STAND_STILL_TRAFFIC'},32,{6},5.0
2e6984e5,2e6984e4c,2020-09-06,19,{'JAM'},{'JAM_MODERATE_TRAFFIC'},32,{6},5.0
2e6984e5,2e6984e4c,2020-09-07,18,{'JAM'},{'JAM_HEAVY_TRAFFIC'},33,{6},6.0
2e6984e5,2e6984e4c,2020-10-11,18,{'JAM'},{'JAM_STAND_STILL_TRAFFIC'},31,{6},5.0
2e6984e5,2e6984e4c,2020-10-17,17,{'JAM'},{'JAM_STAND_STILL_TRAFFIC'},31,{6},5.0
2e6984e5,2e6984e4c,2020-10-18,11,{'JAM'},{'JAM'},31,{6},5.67741935483871
2e6984e5,2e6984e4c,2020-10-19,6,{'JAM'},{'JAM_STAND_STILL_TRAFFIC'},4,{6},5.5
2e6984e5,2e6984e4c,2020-10-19,7,{'JAM'},{'JAM_STAND_STILL_TRAFFIC'},65,{6},5.0
2e6984e5,2e6984e4c,2020-10-19,9,{'JAM'},{'JAM_STAND_STILL_TRAFFIC'},31,{6},5.0
2e6984e5,2e6984e4c,2020-10-25,17,{'JAM'},{'JAM_STAND_STILL_TRAFFIC'},95,{6},5.0
2e6984e5,2e6984e4c,2020-10-29,17,{'JAM'},{'JAM_HEAVY_TRAFFIC'},42,{6},6.404761904761905
2e6984e5,2e6984e4c,2020-10-31,16,{'JAM'},"{'JAM_STAND_STILL_TRAFFIC', 'JAM_HEAVY_TRAFFIC'}",59,{6},5.0
2e6984e5,2e6984e4c,2020-11-01,0,{'JAM'},{'JAM_HEAVY_TRAFFIC'},31,{6},5.0
2e6984e5,2e6984e4c,2020-11-17,16,{'JAM'},{'JAM_MODERATE_TRAFFIC'},26,{6},5.0
2e6984e5,2e6984e54,2020-09-30,9,{'JAM'},{'JAM_STAND_STILL_TRAFFIC'},31,{6},5.0
2e6984e5,2e6984e54,2020-10-04,20,{'JAM'},{'JAM_STAND_STILL_TRAFFIC'},32,{6},5.0
2e6984e5,2e6984e54,2020-10-19,6,{'JAM'},{'JAM_STAND_STILL_TRAFFIC'},28,{6},7.0
2e6984e5,2e6984e54,2020-10-19,7,"{'JAM', 'WEATHERHAZARD'}","{'HAZARD_ON_ROAD_OBJECT', 'JAM_STAND_STILL_TRAFFIC', 'HAZARD_ON_SHOULDER_MISSING_SIGN'}",166,{6},5.620481927710843
2e6984e5,2e6984e54,2020-10-31,16,{'JAM'},{'JAM_HEAVY_TRAFFIC'},29,{6},5.0
2e6984e5,2e6984e54,2020-10-31,23,{'JAM'},{'JAM_STAND_STILL_TRAFFIC'},32,{6},5.0
2e6984e5,2e6984e54,2020-11-01,15,{'JAM'},"{'JAM_STAND_STILL_TRAFFIC', 'JAM_HEAVY_TRAFFIC'}",60,{6},5.933333333333334
2e6984e5,2e6984e54,2020-11-01,16,{'JAM'},{'JAM_STAND_STILL_TRAFFIC'},30,{6},5.0
2e6984e5,2e6984e54,2020-11-01,22,{'JAM'},{'JAM_MODERATE_TRAFFIC'},37,{6},5.0
2e6984ed,2e6984ecc,2020-10-24,0,{'JAM'},{'JAM_MODERATE_TRAFFIC'},13,{6},5.0
2e6984ed,2e6984ecc,2020-10-24,12,{'JAM'},{'JAM_HEAVY_TRAFFIC'},27,{6},5.0
2e6984ed,2e6984ecc,2020-11-01,14,{'JAM'},{'JAM_HEAVY_TRAFFIC'},23,{6},5.0
2e6984ed,2e6984ecc,2020-11-01,15,{'JAM'},{'JAM_HEAVY_TRAFFIC'},14,{6},7.0
2e6984ed,2e6984ecc,2020-11-14,8,{'JAM'},{'JAM_MODERATE_TRAFFIC'},30,{6},5.0
2e6984ed,2e6984ecc,2020-11-14,18,{'JAM'},{'JAM_HEAVY_TRAFFIC'},30,{6},5.0
2e6984ed,2e6984ecc,2020-11-14,20,{'JAM'},{'JAM_MODERATE_TRAFFIC'},31,{6},5.0
2e6984ed,2e6984ecc,2020-11-15,17,{'JAM'},{'JAM_HEAVY_TRAFFIC'},25,{6},5.0
2e6984ed,2e6984ecc,2020-11-15,21,{'JAM'},{'JAM_HEAVY_TRAFFIC'},30,{6},5.0
2e6984ed,2e6984ecc,2020-11-16,9,{'JAM'},{'JAM_STAND_STILL_TRAFFIC'},30,{6},5.0
2e6984ed,2e6984ecc,2020-11-22,15,{'JAM'},{'JAM_STAND_STILL_TRAFFIC'},30,{6},5.0
2e6984ed,2e6984edc,2020-11-13,16,{'JAM'},{'JAM_STAND_STILL_TRAFFIC'},6,{6},5.0
2e6984ed,2e6984edc,2020-11-14,14,{'JAM'},{'JAM_STAND_STILL_TRAFFIC'},30,{6},5.0
2e6984ed,2e6984edc,2020-11-14,18,{'JAM'},{'JAM_STAND_STILL_TRAFFIC'},32,{6},5.0
2e6984ed,2e6984edc,2020-11-17,16,{'JAM'},{'JAM'},31,{6},5.0
2e6984ed,2e6984edc,2020-11-20,20,{'JAM'},{'JAM'},33,{6},5.0
2e6984ed,2e6984edc,2020-11-21,10,{'JAM'},{'JAM_HEAVY_TRAFFIC'},32,{6},5.0
2e6984ed,2e6984edc,2020-11-21,14,{'JAM'},{'JAM_STAND_STILL_TRAFFIC'},29,{6},5.0
2e6984ed,2e6984edc,2020-11-21,17,{'JAM'},{'JAM'},12,{6},6.0
2e6984ef,2e6984ee4,2020-10-04,20,{'JAM'},{'JAM_HEAVY_TRAFFIC'},5,{6},5.0
2e6984ef,2e6984ee4,2020-11-01,14,{'JAM'},{'JAM_STAND_STILL_TRAFFIC'},32,{6},5.0
2e6984ef,2e6984ee4,2020-11-01,16,{'JAM'},"{'JAM', 'JAM_HEAVY_TRAFFIC'}",64,{6},5.0
2e6984ef,2e6984ee4,2020-11-01,20,{'JAM'},{'JAM_STAND_STILL_TRAFFIC'},46,{6},5.434782608695652
2e6984ef,2e6984ee4,2020-11-12,16,{'JAM'},{'JAM_MODERATE_TRAFFIC'},31,{6},5.0
2e6984ef,2e6984efc,2020-10-31,17,{'JAM'},{'JAM_STAND_STILL_TRAFFIC'},31,{6},5.0
2e6984ef,2e6984efc,2020-10-31,19,{'JAM'},{'JAM_STAND_STILL_TRAFFIC'},33,{6},5.909090909090909
2e6984ef,2e6984efc,2020-10-31,23,{'JAM'},{'JAM_STAND_STILL_TRAFFIC'},33,{6},5.0
2e6984ef,2e6984efc,2020-11-01,14,{'JAM'},{'JAM_STAND_STILL_TRAFFIC'},30,{6},5.0
2e6984ef,2e6984efc,2020-11-01,15,{'JAM'},{'JAM_STAND_STILL_TRAFFIC'},30,{6},5.0
2e6984ef,2e6984efc,2020-11-01,16,{'JAM'},{'JAM_STAND_STILL_TRAFFIC'},47,{6},5.340425531914893
2e6984ef,2e6984efc,2020-11-01,18,{'JAM'},{'JAM_STAND_STILL_TRAFFIC'},24,{6},5.0
2e6984ef,2e6984efc,2020-11-01,20,{'JAM'},{'JAM_STAND_STILL_TRAFFIC'},30,{6},5.0
2e6984ef,2e6984efc,2020-11-11,15,{'JAM'},{'JAM'},30,{6},5.0
2e6984f7,2e6984f74,2020-10-04,11,{'JAM'},{'JAM_STAND_STILL_TRAFFIC'},30,{1},5.566666666666666
2e6984f9,2e6984f84,2020-09-14,17,{'JAM'},{'JAM_HEAVY_TRAFFIC'},63,{2},5.0
2e6984f9,2e6984f84,2020-10-23,11,{'JAM'},{'JAM'},30,{2},5.0
2e6984f9,2e6984f84,2020-11-01,19,{'JAM'},{'JAM_MODERATE_TRAFFIC'},31,{2},5.0
2e6984f9,2e6984f9c,2020-09-05,19,{'JAM'},{'JAM_HEAVY_TRAFFIC'},30,{2},5.0
2e6984f9,2e6984f9c,2020-10-03,19,{'JAM'},{'JAM_STAND_STILL_TRAFFIC'},31,{2},5.0
2e6984f9,2e6984f9c,2020-10-11,15,{'WEATHERHAZARD'},{'HAZARD_ON_ROAD_POT_HOLE'},1913,{2},9.14636696288552
2e6984f9,2e6984f9c,2020-10-19,7,{'JAM'},{'JAM_HEAVY_TRAFFIC'},30,{2},5.0
2e6984f9,2e6984f9c,2020-10-20,8,{'JAM'},{'JAM_HEAVY_TRAFFIC'},31,{2},5.967741935483871
2e6984f9,2e6984f9c,2020-11-08,14,{'JAM'},{'JAM_STAND_STILL_TRAFFIC'},30,{2},5.0
2e6984f9,2e6984f9c,2020-11-15,11,{'JAM'},{'JAM_HEAVY_TRAFFIC'},30,{2},5.0
2e6984fb,2e6984fa4,2020-09-05,20,{'JAM'},{'JAM_STAND_STILL_TRAFFIC'},29,{2},5.0
2e6984fb,2e6984fa4,2020-10-20,8,{'JAM'},{'JAM_STAND_STILL_TRAFFIC'},2,{2},5.0
2e6984fb,2e6984fa4,2020-10-21,7,{'JAM'},{'JAM_MODERATE_TRAFFIC'},31,{2},5.0
2e6984fb,2e6984fb4,2020-10-19,7,{'JAM'},{'JAM_STAND_STILL_TRAFFIC'},32,{6},5.0
2e6984fb,2e6984fb4,2020-10-19,9,{'JAM'},{'JAM'},30,{2},5.0
2e6984fb,2e6984fb4,2020-10-22,7,{'JAM'},{'JAM_HEAVY_TRAFFIC'},61,{2},5.377049180327869
2e6984fb,2e6984fb4,2020-11-02,7,{'JAM'},{'JAM_STAND_STILL_TRAFFIC'},31,{2},5.0
2e6984fb,2e6984fb4,2020-11-05,7,{'JAM'},"{'JAM_STAND_STILL_TRAFFIC', 'JAM_MODERATE_TRAFFIC'}",62,{2},5.0
2e6984fb,2e6984fbc,2020-10-20,8,{'JAM'},"{'JAM_STAND_STILL_TRAFFIC', 'JAM_HEAVY_TRAFFIC'}",90,{2},5.322222222222222
2e6984fb,2e6984fbc,2020-10-20,9,{'JAM'},{'JAM_HEAVY_TRAFFIC'},33,{2},5.0
2e6984fb,2e6984fbc,2020-11-05,7,{'JAM'},{'JAM_HEAVY_TRAFFIC'},31,{2},5.0
2e6984fd,2e6984fcc,2020-09-19,8,{'JAM'},{'JAM_MODERATE_TRAFFIC'},31,{6},5.0
2e698501,2e698500c,2020-09-06,16,{'JAM'},{'JAM_STAND_STILL_TRAFFIC'},29,{2},5.0
2e698501,2e6985014,2020-10-09,11,{'WEATHERHAZARD'},{'HAZARD_WEATHER_FLOOD'},34,{2},5.0
2e698501,2e6985014,2020-11-19,17,{'JAM'},{'JAM_HEAVY_TRAFFIC'},29,{2},5.0
2e698501,2e698501c,2020-10-27,14,{'JAM'},{'JAM_MODERATE_TRAFFIC'},34,{22},5.0
2e698503,2e698502c,2020-09-07,5,{'WEATHERHAZARD'},{'HAZARD_ON_ROAD_POT_HOLE'},43,{6},8.0
2e698503,2e698502c,2020-09-17,18,{'JAM'},{'JAM'},31,{7},5.0
2e698503,2e698502c,2020-10-27,11,{'JAM'},{'JAM_HEAVY_TRAFFIC'},30,{6},5.0
2e698503,2e698502c,2020-10-29,23,{'JAM'},{'JAM_MODERATE_TRAFFIC'},7,{7},5.0
2e698503,2e698502c,2020-11-02,7,{'JAM'},{'JAM_STAND_STILL_TRAFFIC'},32,{6},5.0
2e698503,2e698502c,2020-11-06,16,{'JAM'},{'JAM_HEAVY_TRAFFIC'},16,{6},5.0
2e698503,2e6985034,2020-09-22,14,{'WEATHERHAZARD'},{'WEATHERHAZARD'},29,{1},5.0
2e698503,2e6985034,2020-10-03,15,"{'JAM', 'ACCIDENT'}","{'JAM', 'ACCIDENT'}",152,{6},5.0
2e698503,2e6985034,2020-10-13,12,"{'JAM', 'ACCIDENT'}","{'JAM', 'ACCIDENT'}",114,{1},5.0
2e698503,2e6985034,2020-10-17,14,{'JAM'},{'JAM_HEAVY_TRAFFIC'},32,{6},5.0
2e698503,2e6985034,2020-10-20,17,{'JAM'},{'JAM_HEAVY_TRAFFIC'},33,{6},5.0
2e698503,2e698503c,2020-09-08,18,"{'JAM', 'WEATHERHAZARD'}","{'JAM_STAND_STILL_TRAFFIC', 'HAZARD_ON_ROAD_POT_HOLE'}",3095,{2},6.463974151857835
2e698503,2e698503c,2020-11-10,17,{'JAM'},{'JAM_HEAVY_TRAFFIC'},31,{2},5.0
2e698507,2e698506c,2020-10-24,17,{'JAM'},{'JAM_HEAVY_TRAFFIC'},31,{2},5.0
2e698507,2e698506c,2020-11-20,0,{'JAM'},{'JAM_MODERATE_TRAFFIC'},31,{1},5.0
2e69850f,2e69850f4,2020-11-22,20,{'JAM'},{'JAM_MODERATE_TRAFFIC'},31,{8},5.0
2e698513,2e6985124,2020-11-22,7,{'JAM'},{'JAM_MODERATE_TRAFFIC'},32,{1},6.9375
2e698513,2e698512c,2020-10-31,17,{'JAM'},{'JAM'},33,{2},5.757575757575758
2e698513,2e698512c,2020-11-01,14,{'JAM'},{'JAM_STAND_STILL_TRAFFIC'},31,{1},5.0
2e698513,2e698512c,2020-11-08,21,"{'JAM', 'ACCIDENT'}","{'JAM', 'ACCIDENT_MAJOR'}",151,{1},5.0
2e698513,2e6985134,2020-10-08,20,{'JAM'},{'JAM_STAND_STILL_TRAFFIC'},30,{22},5.0
2e698515,2e6985154,2020-09-18,16,{'JAM'},{'JAM_STAND_STILL_TRAFFIC'},30,{6},5.0
2e698515,2e6985154,2020-10-01,11,{'JAM'},{'JAM_HEAVY_TRAFFIC'},29,{6},5.0
2e698515,2e6985154,2020-10-07,15,{'JAM'},{'JAM_HEAVY_TRAFFIC'},31,{6},5.0
2e698515,2e6985154,2020-10-09,4,{'JAM'},{'JAM'},32,{6},5.0
2e698515,2e6985154,2020-10-09,5,{'JAM'},{'JAM_STAND_STILL_TRAFFIC'},32,{6},5.0
2e698515,2e6985154,2020-10-12,17,{'JAM'},{'JAM_HEAVY_TRAFFIC'},32,{6},5.9375
2e698515,2e6985154,2020-10-19,14,{'WEATHERHAZARD'},{'HAZARD_ON_ROAD_CAR_STOPPED'},32,{6},5.0
2e698515,2e6985154,2020-10-26,17,{'JAM'},{'JAM_STAND_STILL_TRAFFIC'},24,{6},6.0
2e698515,2e698515c,2020-09-06,17,{'JAM'},{'JAM_MODERATE_TRAFFIC'},6,{6},5.0
2e698515,2e698515c,2020-10-07,13,{'JAM'},{'JAM_STAND_STILL_TRAFFIC'},15,{6},5.0
2e698515,2e698515c,2020-10-07,14,{'JAM'},{'JAM_STAND_STILL_TRAFFIC'},31,{6},5.0
2e698515,2e698515c,2020-10-07,15,{'JAM'},{'JAM_STAND_STILL_TRAFFIC'},32,{6},5.0
2e698515,2e698515c,2020-10-26,17,{'JAM'},"{'JAM', 'JAM_STAND_STILL_TRAFFIC', 'JAM_HEAVY_TRAFFIC'}",76,{6},6.171052631578948
2e698517,2e6985164,2020-10-26,17,{'JAM'},{'JAM_STAND_STILL_TRAFFIC'},27,{6},6.0
2e698517,2e6985174,2020-09-09,13,{'JAM'},{'JAM'},32,{6},5.0
2e698517,2e6985174,2020-09-23,13,{'JAM'},{'JAM_MODERATE_TRAFFIC'},32,{6},5.0
2e698517,2e6985174,2020-09-23,16,{'JAM'},{'JAM_STAND_STILL_TRAFFIC'},31,{6},5.0
2e698517,2e6985174,2020-10-08,15,{'JAM'},{'JAM_STAND_STILL_TRAFFIC'},8,{6},5.0
2e698517,2e6985174,2020-10-13,10,{'JAM'},{'JAM'},30,{6},5.0
2e698517,2e698517c,2020-09-07,14,{'JAM'},{'JAM'},32,{6},5.0
2e698517,2e698517c,2020-09-12,9,{'JAM'},{'JAM_MODERATE_TRAFFIC'},31,{6},5.0
2e698517,2e698517c,2020-09-12,12,{'JAM'},{'JAM_STAND_STILL_TRAFFIC'},31,{6},5.0
2e698517,2e698517c,2020-09-14,17,{'JAM'},"{'JAM', 'JAM_STAND_STILL_TRAFFIC', 'JAM_HEAVY_TRAFFIC'}",41,{1},5.0
2e698517,2e698517c,2020-10-05,17,{'JAM'},{'JAM_HEAVY_TRAFFIC'},29,{1},5.0
2e698517,2e698517c,2020-10-08,15,{'JAM'},{'JAM_STAND_STILL_TRAFFIC'},32,{6},5.0
2e698517,2e698517c,2020-10-08,16,{'JAM'},{'JAM_STAND_STILL_TRAFFIC'},8,{6},5.0
2e698517,2e698517c,2020-10-09,13,{'JAM'},{'JAM_MODERATE_TRAFFIC'},20,{6},5.0
2e698517,2e698517c,2020-10-10,13,{'JAM'},{'JAM_MODERATE_TRAFFIC'},23,{6},5.0
2e698517,2e698517c,2020-10-14,17,{'JAM'},{'JAM_STAND_STILL_TRAFFIC'},30,{1},5.0
2e698517,2e698517c,2020-10-15,10,{'JAM'},{'JAM_MODERATE_TRAFFIC'},30,{6},5.0
2e698517,2e698517c,2020-11-16,17,{'JAM'},{'JAM_HEAVY_TRAFFIC'},9,{1},8.0
2e698517,2e698517c,2020-11-18,8,{'JAM'},{'JAM_STAND_STILL_TRAFFIC'},31,{6},5.0
2e698517,2e698517c,2020-11-19,17,{'JAM'},{'JAM_STAND_STILL_TRAFFIC'},30,{1},5.0
2e698519,2e698519c,2020-09-01,15,{'JAM'},{'JAM_MODERATE_TRAFFIC'},31,{6},5.0
2e698519,2e698519c,2020-10-03,13,{'JAM'},{'JAM_MODERATE_TRAFFIC'},18,{6},5.0
2e698519,2e698519c,2020-10-06,10,{'JAM'},{'JAM_STAND_STILL_TRAFFIC'},31,{6},5.0
2e698519,2e698519c,2020-10-08,16,{'JAM'},{'JAM_STAND_STILL_TRAFFIC'},26,{6},6.0
2e698519,2e698519c,2020-10-26,6,{'JAM'},{'JAM_STAND_STILL_TRAFFIC'},31,{6},5.0
2e698519,2e698519c,2020-10-26,18,{'JAM'},{'JAM_HEAVY_TRAFFIC'},27,{6},5.62962962962963
2e698519,2e698519c,2020-11-02,6,{'JAM'},{'JAM_STAND_STILL_TRAFFIC'},35,{6},5.485714285714286
2e698519,2e698519c,2020-11-04,14,{'JAM'},{'JAM_STAND_STILL_TRAFFIC'},16,{6},5.0
2e698519,2e698519c,2020-11-09,7,{'JAM'},{'JAM'},32,{6},5.0
2e69851b,2e69851a4,2020-09-02,6,{'JAM'},{'JAM_STAND_STILL_TRAFFIC'},30,{6},5.0
2e69851b,2e69851a4,2020-09-06,18,{'JAM'},{'JAM_HEAVY_TRAFFIC'},11,{6},5.0
2e69851b,2e69851a4,2020-09-22,16,{'JAM'},{'JAM_HEAVY_TRAFFIC'},73,{6},5.0
2e69851b,2e69851a4,2020-09-23,15,{'JAM'},{'JAM_HEAVY_TRAFFIC'},31,{6},5.0
2e69851b,2e69851a4,2020-09-24,6,{'JAM'},{'JAM'},31,{6},5.0
2e69851b,2e69851a4,2020-10-01,14,{'JAM'},{'JAM_HEAVY_TRAFFIC'},31,{6},5.0
2e69851b,2e69851a4,2020-10-06,6,{'JAM'},{'JAM_HEAVY_TRAFFIC'},30,{6},5.0
2e69851b,2e69851a4,2020-10-08,18,{'JAM'},{'JAM_STAND_STILL_TRAFFIC'},30,{6},5.0
2e69851b,2e69851a4,2020-10-16,14,{'JAM'},{'JAM_STAND_STILL_TRAFFIC'},11,{6},5.0
2e69851b,2e69851a4,2020-10-16,15,{'JAM'},{'JAM_HEAVY_TRAFFIC'},32,{6},5.0
2e69851b,2e69851a4,2020-10-19,13,{'JAM'},{'JAM_STAND_STILL_TRAFFIC'},31,{6},5.0
2e69851b,2e69851a4,2020-10-22,20,{'JAM'},{'JAM_HEAVY_TRAFFIC'},31,{6},5.741935483870968
2e69851b,2e69851a4,2020-10-28,15,{'JAM'},{'JAM_HEAVY_TRAFFIC'},32,{6},5.0
2e69851b,2e69851a4,2020-11-01,16,{'JAM'},{'JAM_MODERATE_TRAFFIC'},12,{6},5.0
2e69851b,2e69851a4,2020-11-02,6,{'JAM'},{'JAM_STAND_STILL_TRAFFIC'},60,{6},5.816666666666666
2e69851b,2e69851a4,2020-11-02,7,{'JAM'},{'JAM_STAND_STILL_TRAFFIC'},30,{6},5.733333333333333
2e69851b,2e69851a4,2020-11-02,16,{'JAM'},{'JAM_STAND_STILL_TRAFFIC'},31,{6},6.0
2e69851b,2e69851a4,2020-11-03,13,{'JAM'},{'JAM'},33,{6},5.0
2e69851b,2e69851a4,2020-11-03,14,{'JAM'},{'JAM_MODERATE_TRAFFIC'},32,{6},5.0
2e69851b,2e69851a4,2020-11-04,14,{'JAM'},{'JAM_STAND_STILL_TRAFFIC'},78,{6},5.0
2e69851b,2e69851a4,2020-11-12,7,{'JAM'},{'JAM_STAND_STILL_TRAFFIC'},30,{6},5.0
2e69851b,2e69851a4,2020-11-18,15,{'JAM'},{'JAM_STAND_STILL_TRAFFIC'},31,{6},5.0
2e69851b,2e69851bc,2020-09-19,21,{'JAM'},{'JAM_MODERATE_TRAFFIC'},30,{6},5.0
2e69851b,2e69851bc,2020-10-08,17,{'JAM'},{'JAM_STAND_STILL_TRAFFIC'},35,{6},5.0
2e69851b,2e69851bc,2020-10-22,6,{'ACCIDENT'},{'ACCIDENT_MAJOR'},122,{6},6.311475409836065
2e69851b,2e69851bc,2020-10-26,9,{'JAM'},{'JAM_MODERATE_TRAFFIC'},30,{6},5.0
2e69851b,2e69851bc,2020-11-03,14,{'JAM'},{'JAM_MODERATE_TRAFFIC'},32,{6},5.0
2e69851b,2e69851bc,2020-11-06,10,{'JAM'},{'JAM_HEAVY_TRAFFIC'},5,{6},5.0
2e69851b,2e69851bc,2020-11-12,16,{'JAM'},{'JAM_STAND_STILL_TRAFFIC'},32,{6},5.0
2e69851d,2e69851c4,2020-10-22,6,{'JAM'},{'JAM_STAND_STILL_TRAFFIC'},30,{6},5.933333333333334
2e69851d,2e69851c4,2020-11-21,0,{'WEATHERHAZARD'},{'HAZARD_ON_ROAD_POT_HOLE'},692,{2},5.592485549132948
2e69851d,2e69851cc,2020-10-07,15,{'JAM'},{'JAM_STAND_STILL_TRAFFIC'},30,{6},5.633333333333334
2e69851d,2e69851cc,2020-10-14,10,{'JAM'},{'JAM'},31,{6},5.0
2e69851d,2e69851d4,2020-09-05,13,{'JAM'},{'JAM_STAND_STILL_TRAFFIC'},30,{6},5.0
2e69851d,2e69851d4,2020-09-06,17,{'JAM'},{'JAM_STAND_STILL_TRAFFIC'},30,{2},5.0
2e69851d,2e69851d4,2020-09-09,11,{'JAM'},{'JAM_MODERATE_TRAFFIC'},31,{6},5.0
2e69851d,2e69851d4,2020-09-12,19,{'JAM'},{'JAM_STAND_STILL_TRAFFIC'},31,{6},5.0
2e69851d,2e69851d4,2020-09-14,12,{'JAM'},{'JAM_MODERATE_TRAFFIC'},6,{6},5.0
2e69851d,2e69851d4,2020-09-17,11,{'JAM'},{'JAM_MODERATE_TRAFFIC'},30,{6},5.0
2e69851d,2e69851d4,2020-09-22,11,{'JAM'},{'JAM_HEAVY_TRAFFIC'},22,{6},5.0
2e69851d,2e69851d4,2020-09-22,13,{'JAM'},{'JAM_MODERATE_TRAFFIC'},6,{6},5.0
2e69851d,2e69851d4,2020-09-22,18,{'JAM'},{'JAM_STAND_STILL_TRAFFIC'},32,{2},5.0
2e69851d,2e69851d4,2020-09-23,17,{'JAM'},{'JAM_MODERATE_TRAFFIC'},31,{6},5.0
2e69851d,2e69851d4,2020-09-25,15,{'JAM'},{'JAM_STAND_STILL_TRAFFIC'},34,{2},5.0
2e69851d,2e69851d4,2020-09-27,16,{'JAM'},{'JAM_MODERATE_TRAFFIC'},17,{6},5.0
2e69851d,2e69851d4,2020-09-30,18,{'JAM'},{'JAM_HEAVY_TRAFFIC'},10,{6},5.0
2e69851d,2e69851d4,2020-10-03,10,{'JAM'},{'JAM_STAND_STILL_TRAFFIC'},30,{2},5.0
2e69851d,2e69851d4,2020-10-04,12,{'JAM'},{'JAM'},30,{2},5.0
2e69851d,2e69851d4,2020-10-08,21,{'JAM'},{'JAM_STAND_STILL_TRAFFIC'},30,{6},5.0
2e69851d,2e69851d4,2020-10-14,17,{'JAM'},{'JAM_STAND_STILL_TRAFFIC'},31,{6},5.0
2e69851d,2e69851d4,2020-10-15,3,{'JAM'},"{'JAM_MODERATE_TRAFFIC', 'JAM_HEAVY_TRAFFIC'}",62,{6},5.0
2e69851d,2e69851d4,2020-10-18,17,{'JAM'},{'JAM_HEAVY_TRAFFIC'},33,{2},5.0
2e69851d,2e69851d4,2020-10-19,12,{'JAM'},{'JAM_STAND_STILL_TRAFFIC'},61,{2},5.0
2e69851d,2e69851d4,2020-10-21,15,{'JAM'},{'JAM_HEAVY_TRAFFIC'},5,{6},5.0
2e69851d,2e69851d4,2020-10-22,7,{'JAM'},{'JAM_STAND_STILL_TRAFFIC'},31,{6},5.67741935483871
2e69851d,2e69851d4,2020-10-24,12,{'JAM'},{'JAM_MODERATE_TRAFFIC'},28,{6},5.0
2e69851d,2e69851d4,2020-10-24,14,{'JAM'},{'JAM_HEAVY_TRAFFIC'},31,{2},5.0
2e69851d,2e69851d4,2020-10-24,16,{'JAM'},{'JAM_STAND_STILL_TRAFFIC'},31,{6},5.0
2e69851d,2e69851d4,2020-10-26,9,{'JAM'},{'JAM_HEAVY_TRAFFIC'},30,{6},5.0
2e69851d,2e69851d4,2020-10-26,11,{'JAM'},{'JAM_HEAVY_TRAFFIC'},30,{6},5.966666666666667
2e69851d,2e69851d4,2020-10-28,21,{'JAM'},{'JAM'},33,{6},5.0
2e69851d,2e69851d4,2020-10-29,17,{'JAM'},{'JAM_HEAVY_TRAFFIC'},15,{6},5.933333333333334
2e69851d,2e69851d4,2020-10-31,16,{'JAM'},{'JAM_HEAVY_TRAFFIC'},30,{6},5.0
2e69851d,2e69851d4,2020-11-01,8,{'JAM'},{'JAM_MODERATE_TRAFFIC'},30,{6},5.0
2e69851d,2e69851d4,2020-11-03,3,"{'JAM', 'WEATHERHAZARD'}","{'HAZARD_ON_ROAD_OBJECT', 'JAM_HEAVY_TRAFFIC'}",90,{6},5.0
2e69851d,2e69851d4,2020-11-08,21,{'JAM'},{'JAM_HEAVY_TRAFFIC'},31,{6},5.0
2e69851d,2e69851d4,2020-11-09,17,{'JAM'},{'JAM_HEAVY_TRAFFIC'},30,{6},5.0
2e69851d,2e69851d4,2020-11-12,6,{'JAM'},"{'JAM', 'JAM_STAND_STILL_TRAFFIC'}",61,{2},5.442622950819672
2e69851d,2e69851d4,2020-11-12,13,{'JAM'},{'JAM_STAND_STILL_TRAFFIC'},31,{2},5.0
2e69851d,2e69851d4,2020-11-13,18,{'JAM'},{'JAM_STAND_STILL_TRAFFIC'},6,{2},5.0
2e69851d,2e69851d4,2020-11-14,7,{'JAM'},{'JAM'},31,{6},5.0
2e69851d,2e69851d4,2020-11-14,12,{'JAM'},{'JAM_STAND_STILL_TRAFFIC'},30,{2},5.0
2e69851d,2e69851d4,2020-11-15,18,{'JAM'},{'JAM_STAND_STILL_TRAFFIC'},17,{6},5.9411764705882355
2e69851d,2e69851d4,2020-11-16,6,{'JAM'},{'JAM'},32,{2},5.0
2e69851d,2e69851d4,2020-11-16,7,{'JAM'},{'JAM_STAND_STILL_TRAFFIC'},33,{6},5.0
2e69851d,2e69851d4,2020-11-22,5,{'JAM'},{'JAM_STAND_STILL_TRAFFIC'},31,{6},5.0
2e69851d,2e69851d4,2020-11-22,14,{'JAM'},{'JAM'},23,{7},5.0
2e69851d,2e69851d4,2020-11-22,21,{'JAM'},{'JAM_STAND_STILL_TRAFFIC'},31,{2},5.580645161290323
2e69851d,2e69851dc,2020-09-05,13,{'JAM'},{'JAM_STAND_STILL_TRAFFIC'},31,{2},5.0
2e69851d,2e69851dc,2020-09-06,13,{'JAM'},{'JAM_STAND_STILL_TRAFFIC'},30,{2},5.533333333333333
2e69851d,2e69851dc,2020-09-19,15,{'JAM'},{'JAM_STAND_STILL_TRAFFIC'},31,{2},5.0
2e69851d,2e69851dc,2020-09-26,21,{'JAM'},{'JAM_HEAVY_TRAFFIC'},31,{2},5.0
2e69851d,2e69851dc,2020-10-03,10,{'JAM'},{'JAM_STAND_STILL_TRAFFIC'},31,{2},5.0
2e69851d,2e69851dc,2020-10-08,19,{'JAM'},{'JAM_STAND_STILL_TRAFFIC'},35,{2},5.0
2e69851d,2e69851dc,2020-10-17,16,{'JAM'},{'JAM_STAND_STILL_TRAFFIC'},18,{2},5.0
2e69851d,2e69851dc,2020-10-19,11,{'JAM'},{'JAM_HEAVY_TRAFFIC'},35,{2},5.9714285714285715
2e69851d,2e69851dc,2020-11-02,18,{'JAM'},{'JAM_HEAVY_TRAFFIC'},32,{2},5.0
2e69851d,2e69851dc,2020-11-06,18,{'JAM'},{'JAM_HEAVY_TRAFFIC'},31,{2},5.0
2e69851d,2e69851dc,2020-11-09,18,{'JAM'},{'JAM_STAND_STILL_TRAFFIC'},32,{2},5.0
2e69851d,2e69851dc,2020-11-11,7,{'JAM'},{'JAM_HEAVY_TRAFFIC'},63,{2},5.0
2e69851d,2e69851dc,2020-11-12,6,"{'JAM', 'ACCIDENT'}","{'JAM_STAND_STILL_TRAFFIC', 'ACCIDENT'}",151,{2},5.211920529801325
2e69851d,2e69851dc,2020-11-12,10,{'JAM'},{'JAM_STAND_STILL_TRAFFIC'},30,{2},6.0
2e69851d,2e69851dc,2020-11-16,6,{'JAM'},{'JAM_STAND_STILL_TRAFFIC'},33,{2},5.0
2e69851d,2e69851dc,2020-11-22,16,{'JAM'},{'JAM_HEAVY_TRAFFIC'},31,{2},5.0
2e69851f,2e69851e4,2020-09-02,11,{'JAM'},{'JAM'},32,{2},5.0
2e69851f,2e69851e4,2020-09-19,14,{'JAM'},{'JAM_MODERATE_TRAFFIC'},33,{2},5.0
2e69851f,2e69851e4,2020-10-05,18,{'JAM'},{'JAM_STAND_STILL_TRAFFIC'},31,{2},5.0
2e69851f,2e69851e4,2020-10-17,14,{'JAM'},{'JAM_STAND_STILL_TRAFFIC'},30,{2},5.0
2e69851f,2e69851e4,2020-10-22,7,{'JAM'},{'JAM_HEAVY_TRAFFIC'},17,{2},5.0
2e69851f,2e69851e4,2020-10-23,17,{'JAM'},{'JAM_HEAVY_TRAFFIC'},60,{2},6.066666666666666
2e69851f,2e69851e4,2020-10-30,17,{'JAM'},{'JAM_HEAVY_TRAFFIC'},30,{2},5.0
2e69851f,2e69851e4,2020-11-06,9,{'JAM'},{'JAM_STAND_STILL_TRAFFIC'},31,{2},5.774193548387097
2e69851f,2e69851e4,2020-11-14,13,{'JAM'},{'JAM_STAND_STILL_TRAFFIC'},27,{2},5.0
2e69851f,2e69851fc,2020-09-02,11,{'JAM'},{'JAM_STAND_STILL_TRAFFIC'},30,{2},5.0
2e69851f,2e69851fc,2020-10-17,10,{'JAM'},{'JAM_STAND_STILL_TRAFFIC'},32,{2},9.8125
2e69851f,2e69851fc,2020-10-23,17,{'JAM'},{'JAM_HEAVY_TRAFFIC'},2,{2},5.0
2e69851f,2e69851fc,2020-10-26,18,{'JAM'},{'JAM_HEAVY_TRAFFIC'},37,{2},5.0
2e69851f,2e69851fc,2020-11-02,18,{'JAM'},{'JAM_HEAVY_TRAFFIC'},30,{2},5.0
2e69851f,2e69851fc,2020-11-05,17,{'JAM'},{'JAM_MODERATE_TRAFFIC'},31,{2},5.0
2e69851f,2e69851fc,2020-11-06,15,{'JAM'},{'JAM_STAND_STILL_TRAFFIC'},30,{2},5.933333333333334
2e69851f,2e69851fc,2020-11-12,14,{'JAM'},{'JAM_STAND_STILL_TRAFFIC'},32,{2},5.0
2e69851f,2e69851fc,2020-11-16,18,{'JAM'},{'JAM_STAND_STILL_TRAFFIC'},8,{2},5.0
2e69851f,2e69851fc,2020-11-20,18,{'JAM'},{'JAM_HEAVY_TRAFFIC'},30,{2},5.0
2e698521,2e6985204,2020-10-26,18,{'JAM'},{'JAM_HEAVY_TRAFFIC'},31,{2},5.0
2e698521,2e6985204,2020-11-02,18,{'JAM'},{'JAM_HEAVY_TRAFFIC'},31,{2},5.0
2e698521,2e6985214,2020-10-26,18,{'WEATHERHAZARD'},{'HAZARD_ON_SHOULDER_CAR_STOPPED'},32,{2},5.625
2e698527,2e6985274,2020-09-10,9,{'JAM'},{'JAM'},31,{2},5.0
2e698527,2e6985274,2020-11-02,6,{'JAM'},{'JAM'},27,{2},5.0
2e698527,2e6985274,2020-11-04,14,{'JAM'},{'JAM'},31,{2},5.0
2e69852d,2e69852c4,2020-10-06,10,{'WEATHERHAZARD'},{'HAZARD_ON_SHOULDER_CAR_STOPPED'},30,{2},5.0
2e69852f,2e69852ec,2020-10-31,0,{'JAM'},{'JAM_HEAVY_TRAFFIC'},33,{1},5.0
2e698533,2e6985334,2020-09-04,18,{'JAM'},{'JAM_STAND_STILL_TRAFFIC'},30,{2},6.0
2e698533,2e6985334,2020-09-24,16,{'JAM'},{'JAM_STAND_STILL_TRAFFIC'},31,{2},5.0
2e698533,2e6985334,2020-09-25,17,{'JAM'},{'JAM_STAND_STILL_TRAFFIC'},29,{2},5.0
2e698533,2e6985334,2020-09-30,11,{'JAM'},{'JAM_HEAVY_TRAFFIC'},33,{2},5.0
2e698533,2e6985334,2020-10-06,17,{'JAM'},{'JAM_HEAVY_TRAFFIC'},6,{2},5.0
2e698533,2e6985334,2020-10-12,10,{'JAM'},{'JAM_MODERATE_TRAFFIC'},5,{2},5.0
2e698533,2e6985334,2020-10-14,10,{'JAM'},{'JAM_MODERATE_TRAFFIC'},35,{2},5.0
2e698533,2e6985334,2020-10-14,16,{'JAM'},{'JAM_HEAVY_TRAFFIC'},31,{2},7.064516129032258
2e698533,2e6985334,2020-10-16,10,{'JAM'},{'JAM'},31,{2},5.0
2e698533,2e6985334,2020-10-20,17,{'JAM'},{'JAM_STAND_STILL_TRAFFIC'},31,{2},5.0
2e698533,2e6985334,2020-10-21,7,{'JAM'},{'JAM_STAND_STILL_TRAFFIC'},8,{2},5.0
2e698533,2e6985334,2020-10-23,16,{'JAM'},{'JAM_HEAVY_TRAFFIC'},30,{2},5.0
2e698533,2e6985334,2020-10-27,16,{'JAM'},{'JAM_STAND_STILL_TRAFFIC'},31,{2},5.0
2e698533,2e6985334,2020-11-03,7,{'JAM'},{'JAM_STAND_STILL_TRAFFIC'},31,{2},5.0
2e698533,2e6985334,2020-11-04,17,{'JAM'},{'JAM_HEAVY_TRAFFIC'},46,{2},5.326086956521739
2e698533,2e6985334,2020-11-11,15,{'JAM'},{'JAM_STAND_STILL_TRAFFIC'},39,{2},5.153846153846154
2e698533,2e6985334,2020-11-12,7,{'JAM'},{'JAM_STAND_STILL_TRAFFIC'},28,{2},5.964285714285714
2e698533,2e6985334,2020-11-13,18,{'JAM'},{'JAM_STAND_STILL_TRAFFIC'},31,{2},5.838709677419355
2e698533,2e6985334,2020-11-16,17,{'JAM'},{'JAM_STAND_STILL_TRAFFIC'},23,{2},5.913043478260869
2e698533,2e6985334,2020-11-17,17,{'JAM'},{'JAM_STAND_STILL_TRAFFIC'},31,{2},5.0
2e698533,2e6985334,2020-11-18,15,{'JAM'},{'JAM_HEAVY_TRAFFIC'},33,{2},5.0
2e698533,2e6985334,2020-11-18,17,{'JAM'},{'JAM_STAND_STILL_TRAFFIC'},5,{2},5.0
2e698533,2e698533c,2020-09-11,17,{'JAM'},{'JAM_HEAVY_TRAFFIC'},31,{2},5.0
2e698533,2e698533c,2020-09-17,17,{'WEATHERHAZARD'},{'HAZARD_ON_ROAD_CONSTRUCTION'},282,{2},5.918439716312057
2e698533,2e698533c,2020-10-09,17,{'JAM'},{'JAM_HEAVY_TRAFFIC'},48,{2},6.291666666666667
2e698533,2e698533c,2020-10-14,16,{'JAM'},{'JAM_STAND_STILL_TRAFFIC'},32,{2},5.0
2e698533,2e698533c,2020-11-05,14,{'JAM'},{'JAM_HEAVY_TRAFFIC'},31,{2},5.0
2e698533,2e698533c,2020-11-20,17,{'JAM'},{'JAM_STAND_STILL_TRAFFIC'},18,{2},5.0
2e698535,2e6985354,2020-11-12,14,{'JAM'},{'JAM_MODERATE_TRAFFIC'},31,{2},5.0
2e698539,2e6985384,2020-10-07,16,{'JAM'},{'JAM_STAND_STILL_TRAFFIC'},32,{1},5.0
2e698539,2e698539c,2020-10-06,10,{'WEATHERHAZARD'},{'HAZARD_ON_SHOULDER_CAR_STOPPED'},31,{1},5.0
2e698539,2e698539c,2020-10-12,10,{'WEATHERHAZARD'},{'HAZARD_ON_SHOULDER_CAR_STOPPED'},30,{1},5.0
2e698539,2e698539c,2020-10-14,7,{'JAM'},{'JAM'},31,{1},5.0
2e69853b,2e69853a4,2020-10-12,8,{'WEATHERHAZARD'},{'HAZARD_ON_SHOULDER_CAR_STOPPED'},30,{1},5.0
2e69853b,2e69853b4,2020-09-11,18,{'JAM'},{'JAM_HEAVY_TRAFFIC'},6,{1},5.0
2e69853b,2e69853b4,2020-10-26,18,{'JAM'},{'JAM_STAND_STILL_TRAFFIC'},26,{2},5.0
2e69853b,2e69853b4,2020-11-13,17,{'JAM'},{'JAM_HEAVY_TRAFFIC'},31,{1},5.0
2e69853d,2e69853c4,2020-10-07,8,{'JAM'},{'JAM_STAND_STILL_TRAFFIC'},30,{1},5.0
2e69853d,2e69853c4,2020-10-07,10,{'JAM'},{'JAM_STAND_STILL_TRAFFIC'},5,{1},5.0
2e69853d,2e69853c4,2020-10-09,15,{'JAM'},{'JAM_STAND_STILL_TRAFFIC'},32,{1},5.0
2e69853d,2e69853c4,2020-10-09,18,{'JAM'},{'JAM_STAND_STILL_TRAFFIC'},8,{1},5.0
2e69853d,2e69853c4,2020-10-20,10,{'JAM'},{'JAM_STAND_STILL_TRAFFIC'},30,{1},5.0
2e69853d,2e69853c4,2020-11-02,6,{'JAM'},{'JAM_STAND_STILL_TRAFFIC'},31,{1},5.0
2e69853d,2e69853c4,2020-11-10,11,{'JAM'},{'JAM_HEAVY_TRAFFIC'},30,{1},6.0
2e69853d,2e69853c4,2020-11-13,20,{'JAM'},{'JAM_HEAVY_TRAFFIC'},31,{1},5.0
2e69853d,2e69853cc,2020-09-02,16,{'JAM'},{'JAM_STAND_STILL_TRAFFIC'},32,{1},5.0
2e69853d,2e69853cc,2020-09-03,15,{'JAM'},{'JAM_MODERATE_TRAFFIC'},8,{1},5.0
2e69853d,2e69853cc,2020-09-16,17,{'JAM'},{'JAM_HEAVY_TRAFFIC'},29,{1},5.0
2e69853d,2e69853cc,2020-09-18,17,{'JAM'},{'JAM_HEAVY_TRAFFIC'},35,{1},5.0
2e69853d,2e69853cc,2020-09-23,16,{'JAM'},{'JAM_MODERATE_TRAFFIC'},19,{1},5.0
2e69853d,2e69853cc,2020-10-05,17,{'JAM'},{'JAM_HEAVY_TRAFFIC'},31,{1},5.0
2e69853d,2e69853cc,2020-10-14,17,{'JAM'},{'JAM'},30,{1},6.0
2e69853d,2e69853cc,2020-10-22,16,{'JAM'},{'JAM_STAND_STILL_TRAFFIC'},7,{1},5.0
2e69853d,2e69853cc,2020-11-03,16,{'JAM'},{'JAM_STAND_STILL_TRAFFIC'},31,{1},5.0
2e69853d,2e69853cc,2020-11-03,17,{'JAM'},{'JAM_STAND_STILL_TRAFFIC'},32,{1},5.0
2e69853d,2e69853cc,2020-11-04,16,{'JAM'},{'JAM_STAND_STILL_TRAFFIC'},30,{1},5.0
2e69853d,2e69853cc,2020-11-06,18,{'JAM'},{'JAM_HEAVY_TRAFFIC'},32,{1},5.0
2e69853d,2e69853cc,2020-11-07,13,{'JAM'},{'JAM_HEAVY_TRAFFIC'},31,{1},5.0
2e69853d,2e69853cc,2020-11-09,16,{'JAM'},{'JAM_HEAVY_TRAFFIC'},61,{1},6.704918032786885
2e69853d,2e69853cc,2020-11-11,17,{'JAM'},{'JAM_HEAVY_TRAFFIC'},21,{1},5.0
2e69853d,2e69853cc,2020-11-16,17,{'JAM'},{'JAM_STAND_STILL_TRAFFIC'},17,{1},8.941176470588236
2e69853d,2e69853cc,2020-11-17,17,{'JAM'},{'JAM_STAND_STILL_TRAFFIC'},29,{1},5.0
2e69853d,2e69853cc,2020-11-19,17,{'JAM'},{'JAM_STAND_STILL_TRAFFIC'},30,{1},5.0
2e69853d,2e69853cc,2020-11-20,16,{'JAM'},{'JAM_STAND_STILL_TRAFFIC'},24,{1},5.0
2e69853d,2e69853d4,2020-09-10,9,{'JAM'},{'JAM'},30,{1},5.0
2e69853d,2e69853d4,2020-09-14,17,{'WEATHERHAZARD'},{'WEATHERHAZARD'},31,{1},5.483870967741935
2e69853d,2e69853d4,2020-10-05,21,{'JAM'},{'JAM'},31,{1},5.0
2e69853d,2e69853d4,2020-10-06,6,{'JAM'},{'JAM_STAND_STILL_TRAFFIC'},30,{1},5.0
2e69853d,2e69853d4,2020-11-02,7,{'JAM'},{'JAM_STAND_STILL_TRAFFIC'},30,{1},5.0
2e69853d,2e69853d4,2020-11-03,16,{'JAM'},{'JAM_STAND_STILL_TRAFFIC'},5,{1},5.0
2e69853d,2e69853d4,2020-11-06,18,{'WEATHERHAZARD'},{'HAZARD_ON_ROAD_POT_HOLE'},51,{1},6.803921568627451
2e69853d,2e69853d4,2020-11-09,19,{'JAM'},{'JAM'},30,{22},5.0
2e69853d,2e69853d4,2020-11-10,11,{'JAM'},{'JAM_HEAVY_TRAFFIC'},30,{1},5.0
2e69853d,2e69853d4,2020-11-16,17,{'JAM'},{'JAM_HEAVY_TRAFFIC'},6,{1},8.0
2e69853d,2e69853dc,2020-10-09,15,{'JAM'},{'JAM_HEAVY_TRAFFIC'},31,{22},5.935483870967742
2e69853d,2e69853dc,2020-11-02,7,{'JAM'},{'JAM_STAND_STILL_TRAFFIC'},30,{1},9.0
2e69853d,2e69853dc,2020-11-10,5,{'JAM'},{'JAM_STAND_STILL_TRAFFIC'},30,{1},5.0
2e698541,2e698541c,2020-10-07,13,{'JAM'},{'JAM_STAND_STILL_TRAFFIC'},16,{6},5.0
2e698541,2e698541c,2020-10-08,21,{'JAM'},{'JAM_STAND_STILL_TRAFFIC'},30,{6},5.0
2e698541,2e698541c,2020-10-26,18,{'JAM'},{'JAM_STAND_STILL_TRAFFIC'},27,{6},5.0
2e698543,2e6985424,2020-09-25,6,{'JAM'},{'JAM_HEAVY_TRAFFIC'},30,{6},5.0
2e698543,2e6985424,2020-10-07,13,{'JAM'},{'JAM_STAND_STILL_TRAFFIC'},35,{6},6.314285714285714
2e698543,2e6985424,2020-10-07,14,{'JAM'},{'JAM_STAND_STILL_TRAFFIC'},81,{6},7.555555555555555
2e698543,2e6985424,2020-10-09,11,{'WEATHERHAZARD'},{'HAZARD_ON_ROAD_OBJECT'},61,{6},5.0
2e698543,2e6985424,2020-10-15,13,{'WEATHERHAZARD'},"{'HAZARD_ON_SHOULDER_CAR_STOPPED', 'HAZARD_ON_ROAD_CONSTRUCTION'}",139,{6},5.798561151079137
2e698543,2e6985424,2020-10-26,16,{'JAM'},{'JAM_HEAVY_TRAFFIC'},49,{6},5.36734693877551
2e698543,2e6985424,2020-10-26,18,{'JAM'},{'JAM_STAND_STILL_TRAFFIC'},33,{6},5.484848484848484
2e698543,2e6985424,2020-10-27,13,{'JAM'},{'JAM_HEAVY_TRAFFIC'},8,{6},5.0
2e698543,2e6985424,2020-11-07,14,{'JAM'},{'JAM'},31,{6},6.0
2e698543,2e6985424,2020-11-16,18,{'WEATHERHAZARD'},{'HAZARD_ON_ROAD_CAR_STOPPED'},4,{6},8.0
2e698543,2e698542c,2020-09-25,6,{'JAM'},{'JAM_HEAVY_TRAFFIC'},38,{6},6.421052631578948
2e698543,2e698542c,2020-09-25,7,{'ACCIDENT'},{'ACCIDENT'},120,{6},7.133333333333334
2e698543,2e698542c,2020-09-25,17,{'JAM'},{'JAM_HEAVY_TRAFFIC'},31,{6},5.0
2e698543,2e698542c,2020-10-23,17,{'JAM'},{'JAM_HEAVY_TRAFFIC'},33,{6},5.575757575757576
2e698543,2e698542c,2020-10-26,18,{'JAM'},{'JAM_STAND_STILL_TRAFFIC'},28,{6},6.5
2e698543,2e698542c,2020-10-27,13,{'JAM'},{'JAM_HEAVY_TRAFFIC'},7,{6},5.0
2e698543,2e6985434,2020-10-26,17,{'JAM'},{'JAM_STAND_STILL_TRAFFIC'},32,{2},5.6875
2e698543,2e6985434,2020-11-10,17,{'JAM'},{'JAM_MODERATE_TRAFFIC'},30,{2},5.0
2e698545,2e698544c,2020-10-26,18,{'JAM'},{'JAM_HEAVY_TRAFFIC'},26,{2},5.0
2e698545,2e698544c,2020-11-03,16,{'JAM'},{'JAM_HEAVY_TRAFFIC'},24,{2},6.0
2e698545,2e698544c,2020-11-13,17,{'JAM'},{'JAM_HEAVY_TRAFFIC'},29,{2},6.0
2e698545,2e6985454,2020-09-07,15,{'JAM'},{'JAM_MODERATE_TRAFFIC'},31,{2},5.0
2e698545,2e6985454,2020-09-10,8,{'JAM'},{'JAM_HEAVY_TRAFFIC'},32,{2},5.0
2e698545,2e6985454,2020-09-14,17,{'JAM'},{'JAM_STAND_STILL_TRAFFIC'},31,{2},5.0
2e698545,2e6985454,2020-10-13,18,{'JAM'},{'JAM_MODERATE_TRAFFIC'},31,{2},5.903225806451613
2e698545,2e6985454,2020-10-21,13,{'WEATHERHAZARD'},{'HAZARD_ON_ROAD_POT_HOLE'},1379,{2},6.695431472081219
2e698545,2e6985454,2020-10-23,18,{'JAM'},{'JAM_STAND_STILL_TRAFFIC'},27,{2},5.592592592592593
2e698545,2e6985454,2020-10-26,17,{'JAM'},{'JAM_STAND_STILL_TRAFFIC'},26,{2},5.0
2e698545,2e6985454,2020-11-03,16,{'JAM'},{'JAM_HEAVY_TRAFFIC'},4,{2},5.0
2e698545,2e6985454,2020-11-13,17,{'JAM'},{'JAM_HEAVY_TRAFFIC'},3,{2},5.0
2e69854b,2e69854ac,2020-10-06,17,{'JAM'},{'JAM'},8,{1},5.0
2e69854d,2e69854cc,2020-09-11,11,{'JAM'},{'JAM_HEAVY_TRAFFIC'},8,{2},5.0
2e69854d,2e69854cc,2020-10-12,17,{'JAM'},{'JAM_HEAVY_TRAFFIC'},23,{2},5.0
2e69854d,2e69854cc,2020-10-21,16,{'JAM'},{'JAM_STAND_STILL_TRAFFIC'},32,{2},5.53125
2e69854d,2e69854cc,2020-11-18,7,{'JAM'},{'JAM_STAND_STILL_TRAFFIC'},62,{2},5.483870967741935
2e69854d,2e69854cc,2020-11-18,8,{'JAM'},{'JAM_HEAVY_TRAFFIC'},30,{2},8.0
2e69854d,2e69854d4,2020-09-10,8,{'JAM'},{'JAM_HEAVY_TRAFFIC'},32,{1},5.0
2e69854d,2e69854d4,2020-09-14,16,{'JAM'},{'JAM_STAND_STILL_TRAFFIC'},32,{1},5.0
2e69854d,2e69854d4,2020-09-21,17,{'JAM'},{'JAM_STAND_STILL_TRAFFIC'},31,{1},5.774193548387097
2e69854d,2e69854d4,2020-10-21,17,{'JAM'},{'JAM_STAND_STILL_TRAFFIC'},33,{1},5.0
2e69854d,2e69854d4,2020-10-21,18,{'JAM'},{'JAM_STAND_STILL_TRAFFIC'},16,{1},5.0
2e69854d,2e69854d4,2020-10-26,18,{'JAM'},{'JAM_HEAVY_TRAFFIC'},35,{1},5.0
2e69854d,2e69854dc,2020-09-01,16,{'JAM'},{'JAM_STAND_STILL_TRAFFIC'},31,{1},5.0
2e69854d,2e69854dc,2020-09-08,15,{'JAM'},{'JAM_HEAVY_TRAFFIC'},32,{2},5.0
2e69854d,2e69854dc,2020-09-10,17,{'JAM'},{'JAM_STAND_STILL_TRAFFIC'},7,{2},5.0
2e69854d,2e69854dc,2020-09-14,17,{'JAM'},{'JAM_STAND_STILL_TRAFFIC'},30,{2},5.0
2e69854d,2e69854dc,2020-09-15,18,{'JAM'},{'JAM_MODERATE_TRAFFIC'},31,{2},6.064516129032258
2e69854d,2e69854dc,2020-09-22,17,{'JAM'},{'JAM_HEAVY_TRAFFIC'},32,{2},5.0
2e69854d,2e69854dc,2020-09-29,18,{'JAM'},{'JAM_HEAVY_TRAFFIC'},25,{2},8.8
2e69854d,2e69854dc,2020-10-05,16,{'JAM'},{'JAM_HEAVY_TRAFFIC'},7,{2},5.0
2e69854d,2e69854dc,2020-10-08,19,{'JAM'},{'JAM_HEAVY_TRAFFIC'},31,{2},5.0
2e69854d,2e69854dc,2020-10-09,16,{'JAM'},{'JAM_HEAVY_TRAFFIC'},31,{2},5.0
2e69854d,2e69854dc,2020-10-13,17,{'JAM'},{'JAM_STAND_STILL_TRAFFIC'},34,{1},5.0
2e69854d,2e69854dc,2020-10-21,18,{'JAM'},{'JAM_STAND_STILL_TRAFFIC'},47,{1},5.361702127659575
2e69854d,2e69854dc,2020-10-26,18,{'JAM'},{'JAM_HEAVY_TRAFFIC'},28,{2},5.0
2e69854d,2e69854dc,2020-11-18,7,{'JAM'},{'JAM_STAND_STILL_TRAFFIC'},30,{2},8.833333333333334
2e69854d,2e69854dc,2020-11-21,9,{'ACCIDENT'},{'ACCIDENT'},123,{2},6.569105691056911
2e69854f,2e69854e4,2020-10-21,18,{'JAM'},{'JAM_HEAVY_TRAFFIC'},31,{2},5.709677419354839
2e69854f,2e69854e4,2020-10-26,17,{'JAM'},{'JAM_STAND_STILL_TRAFFIC'},26,{2},5.769230769230769
2e69854f,2e69854e4,2020-10-30,17,{'JAM'},{'JAM_STAND_STILL_TRAFFIC'},31,{2},5.0
2e698551,2e6985504,2020-09-04,14,{'JAM'},{'JAM_STAND_STILL_TRAFFIC'},26,{2},5.0
2e698551,2e6985504,2020-09-07,14,{'JAM'},{'JAM_MODERATE_TRAFFIC'},32,{2},5.0
2e698551,2e6985504,2020-09-10,6,{'JAM'},{'JAM_STAND_STILL_TRAFFIC'},19,{2},5.0
2e698551,2e6985504,2020-09-14,16,{'JAM'},{'JAM_STAND_STILL_TRAFFIC'},30,{2},5.0
2e698551,2e6985504,2020-10-19,16,{'JAM'},{'JAM_MODERATE_TRAFFIC'},31,{2},5.612903225806452
2e698551,2e6985504,2020-10-21,16,{'JAM'},{'JAM_MODERATE_TRAFFIC'},31,{2},5.0
2e698551,2e6985504,2020-11-12,17,{'JAM'},{'JAM_HEAVY_TRAFFIC'},31,{2},5.741935483870968
2e698551,2e6985504,2020-11-20,21,{'WEATHERHAZARD'},{'HAZARD_ON_ROAD_CAR_STOPPED'},31,{2},5.0
2e698551,2e6985514,2020-09-20,20,{'WEATHERHAZARD'},{'HAZARD_WEATHER_FLOOD'},30,{2},5.033333333333333
2e698551,2e6985514,2020-10-08,19,{'JAM'},{'JAM_STAND_STILL_TRAFFIC'},32,{2},5.0
2e698551,2e6985514,2020-10-21,14,{'JAM'},{'JAM_STAND_STILL_TRAFFIC'},31,{2},5.0
2e698551,2e6985514,2020-10-21,17,{'JAM'},{'JAM_STAND_STILL_TRAFFIC'},47,{2},5.340425531914893
2e698551,2e698551c,2020-09-04,17,{'JAM'},{'JAM_STAND_STILL_TRAFFIC'},6,{2},5.0
2e698551,2e698551c,2020-09-10,8,{'JAM'},{'JAM_HEAVY_TRAFFIC'},32,{2},5.0
2e698551,2e698551c,2020-09-16,10,{'JAM'},{'JAM_STAND_STILL_TRAFFIC'},31,{2},5.0
2e698551,2e698551c,2020-10-12,14,{'JAM'},{'JAM_HEAVY_TRAFFIC'},31,{2},5.0
2e698551,2e698551c,2020-10-21,16,{'JAM'},{'JAM_STAND_STILL_TRAFFIC'},33,{2},5.0
2e698551,2e698551c,2020-10-21,17,{'JAM'},{'JAM_STAND_STILL_TRAFFIC'},62,{2},8.983870967741936
2e698551,2e698551c,2020-10-23,17,{'JAM'},{'JAM_STAND_STILL_TRAFFIC'},28,{2},5.0
2e698553,2e6985524,2020-09-10,6,{'JAM'},{'JAM_STAND_STILL_TRAFFIC'},30,{2},5.0
2e698553,2e6985524,2020-09-29,18,{'JAM'},{'JAM_MODERATE_TRAFFIC'},27,{2},8.0
2e698553,2e6985524,2020-10-08,19,{'JAM'},{'JAM_STAND_STILL_TRAFFIC'},32,{2},5.0
2e698553,2e6985524,2020-10-21,18,{'JAM'},{'JAM_STAND_STILL_TRAFFIC'},31,{2},5.0
2e698553,2e6985534,2020-10-01,0,{'JAM'},{'JAM_HEAVY_TRAFFIC'},30,{1},5.0
2e698557,2e6985564,2020-10-08,18,{'JAM'},{'JAM_STAND_STILL_TRAFFIC'},33,{2},5.0
2e698557,2e698556c,2020-10-08,17,{'JAM'},{'JAM_STAND_STILL_TRAFFIC'},30,{2},5.0
2e698559,2e6985594,2020-09-08,18,{'WEATHERHAZARD'},{'HAZARD_ON_ROAD_CAR_STOPPED'},8,{1},5.0
2e69855d,2e69855c4,2020-09-25,7,{'JAM'},{'JAM_HEAVY_TRAFFIC'},40,{6},7.575
2e69855d,2e69855c4,2020-10-02,7,{'JAM'},{'JAM_STAND_STILL_TRAFFIC'},21,{6},5.0
2e69855d,2e69855c4,2020-10-05,17,{'JAM'},{'JAM_STAND_STILL_TRAFFIC'},33,{1},5.0
2e69855d,2e69855c4,2020-10-07,14,{'JAM'},{'JAM_STAND_STILL_TRAFFIC'},43,{6},6.651162790697675
2e69855d,2e69855c4,2020-10-26,16,{'JAM'},{'JAM_MODERATE_TRAFFIC'},33,{6},6.0
2e69855d,2e69855c4,2020-10-26,17,{'JAM'},{'JAM_HEAVY_TRAFFIC'},33,{6},5.0
2e69855d,2e69855cc,2020-10-09,8,{'JAM'},{'JAM_HEAVY_TRAFFIC'},33,{6},5.0
2e69855d,2e69855cc,2020-11-08,14,{'JAM'},{'JAM_HEAVY_TRAFFIC'},30,{6},5.0
2e69855d,2e69855d4,2020-09-05,12,{'JAM'},{'JAM_MODERATE_TRAFFIC'},30,{6},5.0
2e69855d,2e69855d4,2020-09-25,6,{'JAM'},{'JAM_HEAVY_TRAFFIC'},42,{6},5.928571428571429
2e69855d,2e69855d4,2020-10-08,22,{'JAM'},{'JAM_HEAVY_TRAFFIC'},9,{6},5.0
2e69855d,2e69855d4,2020-11-01,16,{'JAM'},{'JAM_STAND_STILL_TRAFFIC'},30,{6},5.0
2e69855d,2e69855d4,2020-11-08,15,"{'JAM', 'WEATHERHAZARD'}","{'HAZARD_WEATHER_FLOOD', 'JAM_STAND_STILL_TRAFFIC'}",75,{6},5.2
2e69855f,2e69855ec,2020-09-01,17,{'JAM'},{'JAM_HEAVY_TRAFFIC'},30,{6},5.0
2e69855f,2e69855ec,2020-09-08,14,{'WEATHERHAZARD'},{'HAZARD_ON_SHOULDER_CAR_STOPPED'},31,{6},5.0
2e69855f,2e69855ec,2020-09-10,16,{'JAM'},{'JAM_HEAVY_TRAFFIC'},30,{6},5.0
2e69855f,2e69855ec,2020-09-10,17,{'JAM'},{'JAM_STAND_STILL_TRAFFIC'},36,{6},5.0
2e69855f,2e69855ec,2020-10-05,17,{'JAM'},{'JAM_MODERATE_TRAFFIC'},46,{6},5.565217391304348
2e69855f,2e69855ec,2020-10-06,11,{'JAM'},{'JAM_HEAVY_TRAFFIC'},32,{6},5.0
2e69855f,2e69855ec,2020-10-07,13,{'JAM'},{'JAM_STAND_STILL_TRAFFIC'},11,{6},5.0
2e69855f,2e69855ec,2020-10-08,20,{'JAM'},{'JAM_MODERATE_TRAFFIC'},84,{6},6.607142857142857
2e69855f,2e69855ec,2020-10-08,21,{'JAM'},{'JAM_STAND_STILL_TRAFFIC'},32,{6},5.0
2e69855f,2e69855ec,2020-10-19,17,{'JAM'},{'JAM_HEAVY_TRAFFIC'},30,{6},5.533333333333333
2e69855f,2e69855ec,2020-10-30,15,{'JAM'},{'JAM_HEAVY_TRAFFIC'},11,{6},5.0
2e69855f,2e69855ec,2020-11-03,13,{'JAM'},{'JAM_MODERATE_TRAFFIC'},30,{6},5.566666666666666
2e69855f,2e69855f4,2020-09-03,16,{'WEATHERHAZARD'},{'HAZARD_ON_ROAD_POT_HOLE'},926,{2},7.606911447084233
2e69855f,2e69855f4,2020-09-04,17,{'WEATHERHAZARD'},{'HAZARD_ON_ROAD_POT_HOLE'},842,{2},9.338479809976247
2e69855f,2e69855f4,2020-09-06,18,{'WEATHERHAZARD'},{'HAZARD_ON_ROAD_POT_HOLE'},253,{2},5.304347826086956
2e69855f,2e69855f4,2020-09-08,14,{'WEATHERHAZARD'},{'HAZARD_ON_ROAD_POT_HOLE'},2810,{2},7.923843416370107
2e69855f,2e69855f4,2020-09-08,18,{'WEATHERHAZARD'},{'HAZARD_ON_ROAD_POT_HOLE'},1175,{2},6.9285106382978725
2e69855f,2e69855f4,2020-09-09,18,{'WEATHERHAZARD'},{'HAZARD_ON_ROAD_POT_HOLE'},1143,{2},6.0236220472440944
2e69855f,2e69855f4,2020-09-10,16,{'JAM'},{'JAM_MODERATE_TRAFFIC'},31,{6},5.0
2e69855f,2e69855f4,2020-09-13,9,{'WEATHERHAZARD'},{'HAZARD_ON_ROAD_POT_HOLE'},782,{2},6.360613810741688
2e69855f,2e69855f4,2020-09-15,18,{'WEATHERHAZARD'},{'HAZARD_ON_ROAD_POT_HOLE'},1814,{2},6.234288864388093
2e69855f,2e69855f4,2020-09-17,18,{'WEATHERHAZARD'},{'HAZARD_ON_ROAD_POT_HOLE'},1705,{2},6.889149560117302
2e69855f,2e69855f4,2020-09-22,18,{'WEATHERHAZARD'},{'HAZARD_ON_ROAD_POT_HOLE'},1280,{2},5.05859375
2e69855f,2e69855f4,2020-09-27,12,{'WEATHERHAZARD'},{'HAZARD_ON_ROAD_POT_HOLE'},457,{2},7.1181619256017505
2e69855f,2e69855f4,2020-09-27,19,{'WEATHERHAZARD'},{'HAZARD_ON_ROAD_POT_HOLE'},1043,{2},8.238734419942473
2e69855f,2e69855f4,2020-09-28,16,{'WEATHERHAZARD'},{'HAZARD_ON_ROAD_POT_HOLE'},1389,{2},5.944564434845212
2e69855f,2e69855f4,2020-09-30,17,{'JAM'},{'JAM_HEAVY_TRAFFIC'},32,{6},5.0
2e69855f,2e69855f4,2020-10-02,10,{'WEATHERHAZARD'},"{'HAZARD_ON_ROAD_CAR_STOPPED', 'HAZARD_ON_ROAD_POT_HOLE'}",1540,"{2, 6}",6.238311688311688
2e69855f,2e69855f4,2020-10-03,17,{'JAM'},{'JAM_STAND_STILL_TRAFFIC'},31,{6},5.0
2e69855f,2e69855f4,2020-10-03,18,{'JAM'},{'JAM_STAND_STILL_TRAFFIC'},31,{6},5.0
2e69855f,2e69855f4,2020-10-04,6,{'WEATHERHAZARD'},{'HAZARD_ON_ROAD_POT_HOLE'},717,{2},6.762900976290098
2e69855f,2e69855f4,2020-10-05,17,{'JAM'},{'JAM_MODERATE_TRAFFIC'},6,{6},5.0
2e69855f,2e69855f4,2020-10-07,13,{'JAM'},{'JAM_HEAVY_TRAFFIC'},30,{6},5.6
2e69855f,2e69855f4,2020-10-07,19,{'WEATHERHAZARD'},{'HAZARD_ON_ROAD_POT_HOLE'},1442,{2},7.127600554785021
2e69855f,2e69855f4,2020-10-08,18,{'JAM'},{'JAM_HEAVY_TRAFFIC'},32,{2},5.0
2e69855f,2e69855f4,2020-10-08,20,{'JAM'},{'JAM_MODERATE_TRAFFIC'},49,{6},7.3061224489795915
2e69855f,2e69855f4,2020-10-08,22,{'JAM'},{'JAM_STAND_STILL_TRAFFIC'},9,{6},5.777777777777778
2e69855f,2e69855f4,2020-10-09,17,{'WEATHERHAZARD'},{'HAZARD_ON_ROAD_POT_HOLE'},1206,{2},7.781094527363184
2e69855f,2e69855f4,2020-10-11,20,{'WEATHERHAZARD'},{'HAZARD_ON_ROAD_POT_HOLE'},320,{2},6.68125
2e69855f,2e69855f4,2020-10-16,19,{'JAM'},{'JAM_STAND_STILL_TRAFFIC'},30,{6},5.0
2e69855f,2e69855f4,2020-10-19,17,{'WEATHERHAZARD'},{'HAZARD_ON_ROAD_POT_HOLE'},1526,{2},8.528178243774574
2e69855f,2e69855f4,2020-10-21,11,{'WEATHERHAZARD'},{'HAZARD_ON_ROAD_CAR_STOPPED'},34,{2},5.0
2e69855f,2e69855f4,2020-10-25,19,{'WEATHERHAZARD'},{'HAZARD_ON_ROAD_POT_HOLE'},1175,{2},6.962553191489362
2e69855f,2e69855f4,2020-10-27,21,{'WEATHERHAZARD'},{'HAZARD_ON_ROAD_POT_HOLE'},818,{2},6.643031784841075
2e69855f,2e69855f4,2020-10-28,23,{'WEATHERHAZARD'},{'HAZARD_ON_ROAD_POT_HOLE'},923,{2},6.599133261105092
2e69855f,2e69855f4,2020-10-30,18,{'WEATHERHAZARD'},{'HAZARD_ON_ROAD_POT_HOLE'},3382,{2},8.124186871673565
2e69855f,2e69855f4,2020-10-31,12,{'JAM'},{'JAM'},30,{2},5.0
2e69855f,2e69855f4,2020-11-03,19,{'WEATHERHAZARD'},{'HAZARD_ON_ROAD_POT_HOLE'},1119,{2},5.93923145665773
2e69855f,2e69855f4,2020-11-04,13,{'WEATHERHAZARD'},{'HAZARD_ON_ROAD_POT_HOLE'},1244,{2},7.336816720257235
2e69855f,2e69855f4,2020-11-05,18,{'JAM'},{'JAM_MODERATE_TRAFFIC'},31,{6},5.0
2e69855f,2e69855f4,2020-11-08,22,{'WEATHERHAZARD'},{'HAZARD_ON_ROAD_POT_HOLE'},1356,{2},6.392330383480826
2e69855f,2e69855f4,2020-11-10,18,{'WEATHERHAZARD'},{'HAZARD_ON_ROAD_POT_HOLE'},1463,{2},5.725905673274094
2e69855f,2e69855f4,2020-11-16,18,{'JAM'},{'JAM_MODERATE_TRAFFIC'},1,{6},8.0
2e698561,2e6985604,2020-10-26,19,{'JAM'},{'JAM_HEAVY_TRAFFIC'},31,{2},5.645161290322581
2e698561,2e6985604,2020-10-27,21,{'WEATHERHAZARD'},{'HAZARD_ON_ROAD_CAR_STOPPED'},30,{2},5.0
2e698561,2e698560c,2020-10-23,17,{'JAM'},{'JAM_MODERATE_TRAFFIC'},29,{1},5.0
2e698561,2e6985614,2020-11-17,18,{'WEATHERHAZARD'},{'HAZARD_ON_ROAD_POT_HOLE'},975,{1},6.708717948717949
2e698563,2e698562c,2020-09-02,18,{'JAM'},{'JAM_STAND_STILL_TRAFFIC'},29,{2},5.0
2e698567,2e6985664,2020-09-29,15,{'WEATHERHAZARD'},{'WEATHERHAZARD'},33,{1},5.0
2e698569,2e6985684,2020-09-11,1,{'JAM'},{'JAM'},33,{1},5.0
2e698569,2e698569c,2020-09-10,17,{'JAM'},{'JAM'},37,{1},5.0
2e698569,2e698569c,2020-10-26,23,{'JAM'},{'JAM'},32,{1},5.0
2e698569,2e698569c,2020-10-29,1,{'JAM'},{'JAM'},34,{1},5.0
2e698569,2e698569c,2020-10-29,19,{'JAM'},{'JAM'},33,{1},5.0
2e698569,2e698569c,2020-10-31,11,{'JAM'},{'JAM'},30,{1},5.0
2e698569,2e698569c,2020-11-07,3,{'JAM'},{'JAM'},32,{1},5.0
2e698569,2e698569c,2020-11-09,18,{'JAM'},{'JAM'},31,{1},5.0
2e698569,2e698569c,2020-11-13,22,{'JAM'},{'JAM'},30,{1},5.0
2e698569,2e698569c,2020-11-15,9,{'JAM'},{'JAM'},29,{1},5.0
2e69856b,2e69856a4,2020-09-10,9,{'JAM'},{'JAM'},32,{1},5.0
2e69856b,2e69856ac,2020-09-12,12,{'JAM'},{'JAM_STAND_STILL_TRAFFIC'},10,{6},5.0
2e69856b,2e69856ac,2020-10-26,18,{'JAM'},{'JAM_STAND_STILL_TRAFFIC'},63,{6},5.825396825396825
2e69856b,2e69856ac,2020-10-27,13,{'JAM'},{'JAM_HEAVY_TRAFFIC'},7,{6},5.0
2e698577,2e698576c,2020-10-21,14,{'JAM'},{'JAM_MODERATE_TRAFFIC'},30,{1},5.0
2e69857d,2e69857d4,2020-10-08,8,{'JAM'},{'JAM_HEAVY_TRAFFIC'},31,{2},5.0
2e69857d,2e69857d4,2020-10-22,19,{'JAM'},{'JAM_MODERATE_TRAFFIC'},31,{2},5.0
2e69857d,2e69857d4,2020-11-07,19,{'JAM'},{'JAM_STAND_STILL_TRAFFIC'},33,{2},5.787878787878788
2e69857d,2e69857d4,2020-11-21,20,{'JAM'},{'JAM_MODERATE_TRAFFIC'},23,{2},5.0
2e69857d,2e69857dc,2020-11-07,18,{'JAM'},{'JAM_STAND_STILL_TRAFFIC'},33,{2},5.9393939393939394
2e69857d,2e69857dc,2020-11-07,19,{'JAM'},{'JAM_STAND_STILL_TRAFFIC'},64,{2},5.0
2e69857d,2e69857dc,2020-11-14,16,{'JAM'},{'JAM_STAND_STILL_TRAFFIC'},23,{2},5.0
2e69857d,2e69857dc,2020-11-14,17,{'JAM'},{'JAM_STAND_STILL_TRAFFIC'},7,"{1, 2}",5.0
2e698587,2e6985874,2020-11-21,20,{'JAM'},{'JAM'},32,{1},5.0
2e69859b,2e69859ac,2020-11-04,14,{'WEATHERHAZARD'},{'HAZARD_WEATHER_HEAVY_SNOW'},31,{1},5.0
2e6985af,2e6985ae4,2020-10-10,1,{'JAM'},{'JAM'},31,{1},5.0
2e6985b3,2e6985b2c,2020-09-21,21,{'ACCIDENT'},{'ACCIDENT_MINOR'},120,{1},5.0
2e6985b3,2e6985b3c,2020-10-05,11,{'JAM'},{'JAM_STAND_STILL_TRAFFIC'},32,{1},5.0
2e6985ed,2e6985edc,2020-11-07,21,{'JAM'},{'JAM'},13,{2},5.0
2e6985f5,2e6985f54,2020-09-29,6,{'ACCIDENT'},{'ACCIDENT_MAJOR'},121,{1},5.0
2e69882b,2e69882ac,2020-11-05,7,{'JAM'},{'JAM'},31,{1},5.0
2e698853,2e698853c,2020-11-03,9,"{'JAM', 'WEATHERHAZARD'}","{'JAM', 'WEATHERHAZARD'}",61,{1},5.0
2e698897,2e6988974,2020-11-20,22,{'ACCIDENT'},{'ACCIDENT'},122,{1},5.0
2e6988b9,2e6988b84,2020-11-19,18,{'WEATHERHAZARD'},{'HAZARD_ON_ROAD_POT_HOLE'},10638,{2},8.811712727956383
2e6988c1,2e6988c04,2020-11-19,18,{'WEATHERHAZARD'},{'HAZARD_ON_ROAD_POT_HOLE'},9766,{2},7.210935900061438
2e6988c1,2e6988c0c,2020-11-19,18,{'WEATHERHAZARD'},{'HAZARD_ON_ROAD_POT_HOLE'},10784,{2},8.714855341246292
2e6988c3,2e6988c24,2020-10-04,17,{'JAM'},{'JAM_STAND_STILL_TRAFFIC'},30,{2},5.0
2e6988cb,2e6988cac,2020-10-03,14,{'JAM'},{'JAM'},30,{1},5.0
2e6988df,2e6988dfc,2020-10-01,11,{'JAM'},{'JAM_HEAVY_TRAFFIC'},31,{2},5.0
2e6988e9,2e6988e8c,2020-10-06,19,{'ACCIDENT'},{'ACCIDENT_MINOR'},122,{1},5.0
2e6988e9,2e6988e9c,2020-11-19,18,{'WEATHERHAZARD'},{'HAZARD_ON_ROAD_POT_HOLE'},2655,{2},6.834651600753296
2e6988eb,2e6988eac,2020-11-08,13,{'WEATHERHAZARD'},{'HAZARD_ON_ROAD_POT_HOLE'},10027,{2},9.57245437319238
2e6988eb,2e6988eac,2020-11-08,15,{'WEATHERHAZARD'},{'WEATHERHAZARD'},33,{2},5.0
2e6988eb,2e6988eac,2020-11-19,18,{'WEATHERHAZARD'},{'HAZARD_ON_ROAD_POT_HOLE'},4701,{2},9.081259306530525
2e698901,2e698900c,2020-10-21,20,"{'JAM', 'ACCIDENT'}","{'ACCIDENT', 'JAM_HEAVY_TRAFFIC'}",151,{1},5.0
2e698907,2e6989074,2020-09-10,21,{'JAM'},{'JAM_HEAVY_TRAFFIC'},30,{2},5.0
2e698907,2e6989074,2020-10-18,16,{'JAM'},{'JAM_MODERATE_TRAFFIC'},31,{2},5.0
2e698909,2e6989094,2020-10-18,13,{'WEATHERHAZARD'},{'HAZARD_ON_SHOULDER'},30,{1},5.0
2e69890b,2e69890ac,2020-09-22,17,{'JAM'},{'JAM'},33,{1},5.0
2e69890d,2e69890c4,2020-11-06,17,"{'WEATHERHAZARD', 'ACCIDENT'}","{'HAZARD_WEATHER_FLOOD', 'ACCIDENT_MAJOR'}",119,{1},5.0
2e698913,2e698913c,2020-11-20,21,{'JAM'},{'JAM'},32,{1},5.0
2e698917,2e698916c,2020-11-20,20,{'JAM'},{'JAM_MODERATE_TRAFFIC'},33,{2},5.0
2e69891b,2e69891ac,2020-09-08,9,{'JAM'},{'JAM'},30,{1},5.0
2e698921,2e6989204,2020-11-10,8,{'ACCIDENT'},{'ACCIDENT_MAJOR'},124,{1},5.0
2e698921,2e6989214,2020-10-14,18,{'JAM'},{'JAM'},31,{1},5.0
2e698921,2e6989214,2020-10-31,16,{'WEATHERHAZARD'},{'WEATHERHAZARD'},29,{1},5.0
2e698921,2e698921c,2020-10-25,14,{'JAM'},{'JAM_MODERATE_TRAFFIC'},30,{1},5.0
2e698923,2e698922c,2020-11-21,6,{'JAM'},{'JAM_MODERATE_TRAFFIC'},32,{2},5.0
2e69892f,2e69892e4,2020-09-04,7,{'ACCIDENT'},{'ACCIDENT_MINOR'},121,{2},5.0
2e69892f,2e69892e4,2020-09-27,7,"{'JAM', 'ACCIDENT'}","{'JAM_STAND_STILL_TRAFFIC', 'ACCIDENT_MAJOR'}",153,{2},5.0
2e69892f,2e69892f4,2020-11-09,17,{'JAM'},{'JAM_MODERATE_TRAFFIC'},31,{2},5.0
2e69892f,2e69892fc,2020-09-11,14,{'JAM'},{'JAM'},8,{2},5.0
2e69892f,2e69892fc,2020-11-22,11,{'JAM'},{'JAM_STAND_STILL_TRAFFIC'},16,{2},5.0
2e698931,2e6989304,2020-10-15,2,"{'WEATHERHAZARD', 'ACCIDENT'}","{'HAZARD_ON_ROAD_OBJECT', 'ACCIDENT_MINOR'}",180,{1},5.0
2e698935,2e698934c,2020-09-06,17,{'JAM'},{'JAM_STAND_STILL_TRAFFIC'},62,{2},5.0
2e698935,2e698934c,2020-10-26,6,{'JAM'},{'JAM_MODERATE_TRAFFIC'},60,{22},6.0
2e698935,2e698934c,2020-10-31,11,{'JAM'},{'JAM_HEAVY_TRAFFIC'},61,{2},6.0
2e698935,2e698934c,2020-11-07,14,{'JAM'},{'JAM_MODERATE_TRAFFIC'},60,{2},5.0
2e698935,2e698934c,2020-11-14,18,{'JAM'},{'JAM_STAND_STILL_TRAFFIC'},60,{2},5.0
2e698935,2e6989354,2020-09-05,21,{'JAM'},{'JAM_MODERATE_TRAFFIC'},16,{2},5.0
2e698935,2e6989354,2020-09-21,17,{'JAM'},{'JAM_STAND_STILL_TRAFFIC'},60,{2},5.0
2e698935,2e6989354,2020-10-03,15,{'JAM'},{'JAM_STAND_STILL_TRAFFIC'},60,{2},5.966666666666667
2e698935,2e6989354,2020-10-10,14,{'JAM'},{'JAM'},64,{2},6.0
2e698935,2e6989354,2020-10-17,19,{'JAM'},{'JAM_HEAVY_TRAFFIC'},68,{2},5.0
2e698935,2e6989354,2020-10-18,17,{'JAM'},{'JAM_HEAVY_TRAFFIC'},60,{2},5.0
2e698935,2e6989354,2020-10-25,11,{'JAM'},"{'JAM_STAND_STILL_TRAFFIC', 'JAM_HEAVY_TRAFFIC'}",124,{2},5.0
2e698935,2e6989354,2020-11-01,10,{'JAM'},{'JAM_HEAVY_TRAFFIC'},60,{2},5.0
2e698935,2e6989354,2020-11-01,15,{'JAM'},{'JAM_STAND_STILL_TRAFFIC'},61,{2},5.0
2e698935,2e6989354,2020-11-21,10,{'JAM'},{'JAM_STAND_STILL_TRAFFIC'},60,{2},5.0
2e698935,2e6989354,2020-11-21,15,{'JAM'},{'JAM_MODERATE_TRAFFIC'},62,{2},5.0
2e698935,2e6989354,2020-11-22,11,{'JAM'},{'JAM_HEAVY_TRAFFIC'},52,{2},5.0
2e698935,2e698935c,2020-09-05,11,{'JAM'},{'JAM_HEAVY_TRAFFIC'},74,{2},5.0
2e698935,2e698935c,2020-09-15,15,{'JAM'},{'JAM_HEAVY_TRAFFIC'},37,{2},5.0
2e698935,2e698935c,2020-10-10,14,{'JAM'},{'JAM_STAND_STILL_TRAFFIC'},64,{2},5.0
2e698935,2e698935c,2020-10-10,15,{'JAM'},{'JAM_MODERATE_TRAFFIC'},62,{2},5.870967741935484
2e698935,2e698935c,2020-11-07,14,{'JAM'},{'JAM_STAND_STILL_TRAFFIC'},64,{2},5.0
2e698935,2e698935c,2020-11-08,17,{'JAM'},{'JAM_STAND_STILL_TRAFFIC'},14,{2},5.0
2e698935,2e698935c,2020-11-21,15,{'JAM'},{'JAM_STAND_STILL_TRAFFIC'},40,{2},5.0
2e698935,2e698935c,2020-11-22,11,{'JAM'},{'JAM'},32,{2},5.0
2e698937,2e6989364,2020-10-10,15,{'JAM'},{'JAM_HEAVY_TRAFFIC'},60,{2},5.0
2e698937,2e6989364,2020-11-06,0,{'ACCIDENT'},{'ACCIDENT_MAJOR'},242,{1},5.0
2e698937,2e698936c,2020-10-10,13,{'JAM'},{'JAM_HEAVY_TRAFFIC'},10,{2},5.0
2e698937,2e6989374,2020-10-23,7,{'JAM'},{'JAM_MODERATE_TRAFFIC'},34,{1},5.0
2e69893d,2e69893c4,2020-10-05,9,{'WEATHERHAZARD'},{'WEATHERHAZARD'},30,{1},5.0
2e69893d,2e69893c4,2020-11-06,17,{'JAM'},{'JAM'},13,{1},5.0
2e69893d,2e69893dc,2020-10-04,13,{'JAM'},{'JAM'},33,{2},5.0
2e69893f,2e69893e4,2020-09-10,8,{'JAM'},{'JAM_MODERATE_TRAFFIC'},33,{1},5.0
2e69893f,2e69893ec,2020-10-11,20,{'ACCIDENT'},{'ACCIDENT_MINOR'},122,{1},5.0
2e69893f,2e69893f4,2020-11-02,16,{'JAM'},{'JAM_MODERATE_TRAFFIC'},30,{1},5.0
2e698949,2e6989484,2020-11-22,11,{'JAM'},{'JAM'},12,{2},5.0
2e698949,2e698949c,2020-09-14,21,{'WEATHERHAZARD'},"{'HAZARD_ON_ROAD_CAR_STOPPED', 'HAZARD_WEATHER_FLOOD'}",127,{1},5.0
2e69894b,2e69894ac,2020-09-12,20,{'JAM'},{'JAM_STAND_STILL_TRAFFIC'},60,{2},5.9
2e69894b,2e69894ac,2020-09-16,17,{'JAM'},{'JAM_STAND_STILL_TRAFFIC'},7,{2},5.0
2e69894b,2e69894ac,2020-09-18,17,{'JAM'},{'JAM_HEAVY_TRAFFIC'},50,{2},5.0
2e69894b,2e69894ac,2020-09-30,17,{'JAM'},{'JAM_HEAVY_TRAFFIC'},64,{2},5.0
2e69894b,2e69894ac,2020-10-25,10,{'JAM'},{'JAM_HEAVY_TRAFFIC'},10,{2},5.0
2e69894b,2e69894ac,2020-10-28,19,{'JAM'},{'JAM_STAND_STILL_TRAFFIC'},60,{2},5.0
2e69894b,2e69894ac,2020-10-29,17,{'JAM'},{'JAM_STAND_STILL_TRAFFIC'},62,{2},5.0
2e69894b,2e69894b4,2020-10-10,15,{'JAM'},{'JAM_HEAVY_TRAFFIC'},62,{1},6.0
2e69894d,2e69894dc,2020-10-03,17,{'JAM'},{'JAM_HEAVY_TRAFFIC'},60,{2},5.0
2e69894d,2e69894dc,2020-10-10,17,{'JAM'},{'JAM_HEAVY_TRAFFIC'},94,{2},5.0
2e69894d,2e69894dc,2020-10-31,10,{'JAM'},{'JAM_STAND_STILL_TRAFFIC'},55,{2},5.0
2e69894d,2e69894dc,2020-11-07,12,{'JAM'},{'JAM_STAND_STILL_TRAFFIC'},62,{2},6.903225806451613
2e69894d,2e69894dc,2020-11-07,17,{'JAM'},{'JAM'},52,{2},5.0
2e698951,2e6989504,2020-10-12,0,"{'JAM', 'ACCIDENT'}","{'JAM', 'ACCIDENT'}",302,{2},5.0
2e698951,2e6989504,2020-11-14,19,{'JAM'},{'JAM'},64,{1},5.0
2e698951,2e6989514,2020-10-10,17,{'JAM'},{'JAM_HEAVY_TRAFFIC'},22,{2},5.0
2e698953,2e6989524,2020-09-05,10,{'JAM'},{'JAM_MODERATE_TRAFFIC'},132,{2},5.0
2e698953,2e6989524,2020-09-06,14,{'JAM'},{'JAM_MODERATE_TRAFFIC'},61,{2},5.0
2e698953,2e6989524,2020-09-13,17,{'JAM'},{'JAM_STAND_STILL_TRAFFIC'},76,{2},5.0
2e698953,2e6989524,2020-09-26,17,{'JAM'},{'JAM_STAND_STILL_TRAFFIC'},62,{2},5.0
2e698953,2e6989524,2020-10-03,18,{'JAM'},"{'JAM_STAND_STILL_TRAFFIC', 'JAM_HEAVY_TRAFFIC'}",186,{2},5.0
2e698953,2e6989524,2020-10-05,14,{'WEATHERHAZARD'},{'HAZARD_ON_ROAD_CONSTRUCTION'},866,{2},6.906466512702078
2e698953,2e6989524,2020-10-08,17,{'JAM'},{'JAM_HEAVY_TRAFFIC'},46,{2},5.0
2e698953,2e6989524,2020-10-10,17,{'JAM'},{'JAM_HEAVY_TRAFFIC'},126,{2},5.0
2e698953,2e6989524,2020-10-17,13,{'JAM'},{'JAM_STAND_STILL_TRAFFIC'},62,{2},6.0
2e698953,2e6989524,2020-10-17,17,{'JAM'},{'JAM_HEAVY_TRAFFIC'},64,{2},5.0
2e698953,2e6989524,2020-10-24,17,"{'JAM', 'WEATHERHAZARD'}","{'JAM_MODERATE_TRAFFIC', 'HAZARD_ON_ROAD_POT_HOLE'}",286,{2},6.3076923076923075
2e698953,2e6989524,2020-10-25,16,{'JAM'},{'JAM_HEAVY_TRAFFIC'},64,{2},5.0
2e698953,2e6989524,2020-10-31,18,{'JAM'},{'JAM_HEAVY_TRAFFIC'},62,{2},5.0
2e698953,2e6989524,2020-11-01,14,{'JAM'},{'JAM_HEAVY_TRAFFIC'},66,{2},5.0
2e698953,2e6989524,2020-11-05,17,{'JAM'},{'JAM_STAND_STILL_TRAFFIC'},61,{2},5.0
2e698953,2e6989524,2020-11-07,13,{'JAM'},{'JAM_STAND_STILL_TRAFFIC'},60,{2},5.0
2e698953,2e6989524,2020-11-08,16,{'JAM'},{'JAM'},38,{2},5.0
2e698953,2e6989524,2020-11-10,17,{'JAM'},{'JAM_HEAVY_TRAFFIC'},125,{2},5.0
2e698953,2e6989524,2020-11-18,14,{'JAM'},{'JAM_STAND_STILL_TRAFFIC'},34,{2},5.0
2e698953,2e698952c,2020-09-28,15,{'WEATHERHAZARD'},{'HAZARD_ON_ROAD_POT_HOLE'},1632,{2},9.269607843137255
2e698953,2e698952c,2020-10-15,12,{'WEATHERHAZARD'},{'HAZARD_ON_ROAD_CONSTRUCTION'},98,{2},6.0
2e698953,2e698952c,2020-10-24,17,{'JAM'},{'JAM_STAND_STILL_TRAFFIC'},64,{2},5.0
2e698953,2e698952c,2020-11-07,11,{'JAM'},{'JAM_HEAVY_TRAFFIC'},58,{2},5.0
2e698953,2e698952c,2020-11-18,17,{'JAM'},{'JAM_STAND_STILL_TRAFFIC'},60,{2},5.0
2e698953,2e698953c,2020-10-03,18,{'JAM'},{'JAM_HEAVY_TRAFFIC'},62,{2},5.0
2e698953,2e698953c,2020-11-07,11,{'JAM'},{'JAM_HEAVY_TRAFFIC'},50,{2},5.28
2e698955,2e6989554,2020-11-07,14,{'JAM'},{'JAM'},62,{1},5.967741935483871
2e698955,2e6989554,2020-11-08,14,{'JAM'},{'JAM_MODERATE_TRAFFIC'},64,{1},5.0
2e698957,2e6989564,2020-10-31,12,{'JAM'},{'JAM_STAND_STILL_TRAFFIC'},16,{2},5.0
2e698957,2e698956c,2020-09-26,17,{'JAM'},{'JAM'},15,{2},5.0
2e698957,2e698956c,2020-10-31,12,{'JAM'},{'JAM_STAND_STILL_TRAFFIC'},62,{2},5.0
2e698959,2e698958c,2020-11-10,18,{'JAM'},{'JAM'},62,{1},5.0
2e69895b,2e69895a4,2020-10-11,20,{'JAM'},{'JAM'},62,{2},5.0
2e69895d,2e69895cc,2020-10-29,22,{'JAM'},{'JAM_MODERATE_TRAFFIC'},20,{22},5.0
2e698961,2e6989604,2020-09-05,13,{'JAM'},{'JAM_MODERATE_TRAFFIC'},58,{2},5.0
2e698961,2e6989604,2020-09-05,15,{'JAM'},{'JAM_HEAVY_TRAFFIC'},46,{2},5.0
2e698961,2e6989604,2020-09-26,17,{'JAM'},{'JAM'},62,{2},5.0
2e698961,2e6989604,2020-09-27,17,{'JAM'},{'JAM_MODERATE_TRAFFIC'},64,{2},5.0
2e698961,2e6989604,2020-10-04,15,{'JAM'},{'JAM_HEAVY_TRAFFIC'},32,{2},5.0
2e698961,2e6989604,2020-10-04,16,{'JAM'},{'JAM_HEAVY_TRAFFIC'},60,{2},5.0
2e698961,2e6989604,2020-10-10,17,{'JAM'},{'JAM_HEAVY_TRAFFIC'},65,{2},5.0
2e698961,2e6989604,2020-10-17,17,{'JAM'},{'JAM_HEAVY_TRAFFIC'},65,{2},5.0
2e698961,2e6989604,2020-10-17,19,{'JAM'},{'JAM_HEAVY_TRAFFIC'},72,{2},5.0
2e698961,2e6989604,2020-10-18,11,{'JAM'},{'JAM_HEAVY_TRAFFIC'},59,{2},5.0
2e698961,2e6989604,2020-10-18,16,{'JAM'},{'JAM_STAND_STILL_TRAFFIC'},62,{2},5.0
2e698961,2e6989604,2020-10-24,14,{'JAM'},{'JAM_STAND_STILL_TRAFFIC'},68,{2},5.0
2e698961,2e6989604,2020-10-28,18,{'JAM'},{'JAM_HEAVY_TRAFFIC'},68,{2},5.0
2e698961,2e6989604,2020-10-31,13,{'JAM'},{'JAM_MODERATE_TRAFFIC'},60,{2},5.0
2e698961,2e6989604,2020-11-01,12,{'JAM'},{'JAM_STAND_STILL_TRAFFIC'},64,{2},5.0
2e698961,2e6989604,2020-11-07,17,{'JAM'},{'JAM_HEAVY_TRAFFIC'},106,{2},5.386792452830188
2e698961,2e6989604,2020-11-07,18,{'JAM'},{'JAM_HEAVY_TRAFFIC'},60,{2},5.0
2e698961,2e6989604,2020-11-09,18,{'JAM'},{'JAM_STAND_STILL_TRAFFIC'},66,{2},5.0
2e698961,2e6989604,2020-11-14,16,{'JAM'},{'JAM_HEAVY_TRAFFIC'},61,{2},5.0
2e698961,2e6989604,2020-11-14,19,{'JAM'},{'JAM_STAND_STILL_TRAFFIC'},64,{2},5.0
2e698961,2e6989604,2020-11-14,20,{'JAM'},{'JAM_STAND_STILL_TRAFFIC'},60,{2},5.733333333333333
2e698961,2e6989614,2020-09-22,1,{'WEATHERHAZARD'},"{'HAZARD_ON_ROAD_CONSTRUCTION', 'HAZARD_ON_ROAD_POT_HOLE'}",3218,{1},5.0
2e698961,2e6989614,2020-11-17,17,{'JAM'},{'JAM_STAND_STILL_TRAFFIC'},62,{1},5.0
2e698961,2e698961c,2020-10-28,20,{'JAM'},{'JAM_STAND_STILL_TRAFFIC'},70,{2},5.0
2e698961,2e698961c,2020-10-29,20,{'JAM'},{'JAM_STAND_STILL_TRAFFIC'},44,{2},5.0
2e698963,2e6989624,2020-09-25,18,{'JAM'},{'JAM_MODERATE_TRAFFIC'},68,{1},5.0
2e698963,2e698962c,2020-10-28,20,{'JAM'},{'JAM_STAND_STILL_TRAFFIC'},65,{2},5.0
2e698965,2e698965c,2020-10-12,21,{'JAM'},{'JAM_HEAVY_TRAFFIC'},31,{1},5.0
2e698967,2e6989674,2020-09-06,18,{'JAM'},{'JAM_STAND_STILL_TRAFFIC'},19,{2},5.0
2e698967,2e6989674,2020-09-30,15,{'WEATHERHAZARD'},{'HAZARD_ON_ROAD_CAR_STOPPED'},53,{2},5.849056603773585
2e698967,2e6989674,2020-10-08,9,{'JAM'},{'JAM'},34,{1},5.0
2e698967,2e6989674,2020-10-08,17,{'JAM'},{'JAM_HEAVY_TRAFFIC'},60,{1},5.0
2e698967,2e698967c,2020-09-06,18,{'JAM'},{'JAM_HEAVY_TRAFFIC'},31,{2},5.0
2e698967,2e698967c,2020-10-18,19,{'JAM'},{'JAM_HEAVY_TRAFFIC'},30,{2},5.0
2e698971,2e698970c,2020-09-30,0,{'JAM'},{'JAM_STAND_STILL_TRAFFIC'},31,{1},5.0
2e698975,2e6989754,2020-09-02,16,"{'JAM', 'ACCIDENT'}","{'JAM_HEAVY_TRAFFIC', 'ACCIDENT_MAJOR'}",152,{1},5.0
2e698975,2e6989754,2020-09-15,15,{'ACCIDENT'},{'ACCIDENT_MAJOR'},97,{1},5.0
2e698975,2e6989754,2020-09-24,7,"{'JAM', 'ACCIDENT'}","{'JAM_HEAVY_TRAFFIC', 'ACCIDENT_MAJOR'}",150,{1},5.0
2e698975,2e6989754,2020-10-02,18,"{'JAM', 'ACCIDENT'}","{'JAM_HEAVY_TRAFFIC', 'ACCIDENT_MAJOR'}",152,{1},5.0
2e698975,2e6989754,2020-10-06,7,"{'JAM', 'ACCIDENT'}","{'JAM_HEAVY_TRAFFIC', 'ACCIDENT_MAJOR'}",154,{1},5.0
2e698975,2e6989754,2020-10-10,18,"{'JAM', 'ACCIDENT'}","{'JAM_HEAVY_TRAFFIC', 'ACCIDENT_MAJOR'}",154,{1},5.0
2e698975,2e6989754,2020-10-14,8,{'ACCIDENT'},{'ACCIDENT_MAJOR'},120,{1},5.0
2e698975,2e6989754,2020-10-16,6,"{'JAM', 'ACCIDENT'}","{'ACCIDENT_MAJOR', 'JAM_HEAVY_TRAFFIC'}",151,{1},5.0
2e698975,2e6989754,2020-11-01,16,"{'JAM', 'ACCIDENT'}","{'JAM_HEAVY_TRAFFIC', 'ACCIDENT_MAJOR'}",152,{1},5.0
2e698975,2e6989754,2020-11-03,8,"{'JAM', 'ACCIDENT'}","{'JAM_HEAVY_TRAFFIC', 'ACCIDENT_MAJOR'}",151,{1},5.0
2e698975,2e6989754,2020-11-13,11,"{'JAM', 'ACCIDENT'}","{'JAM_HEAVY_TRAFFIC', 'ACCIDENT_MAJOR'}",150,{1},5.0
2e69897b,2e69897bc,2020-10-27,19,{'WEATHERHAZARD'},{'HAZARD_WEATHER_FLOOD'},62,{1},5.0
2e69897d,2e69897d4,2020-10-11,17,{'JAM'},{'JAM_HEAVY_TRAFFIC'},60,{1},5.0
2e69897d,2e69897d4,2020-10-17,0,{'JAM'},{'JAM_MODERATE_TRAFFIC'},70,{2},5.0
2e69897d,2e69897d4,2020-10-27,19,{'WEATHERHAZARD'},{'HAZARD_WEATHER_FLOOD'},66,{1},5.0
2e69897d,2e69897d4,2020-11-14,17,{'JAM'},{'JAM_STAND_STILL_TRAFFIC'},63,{2},5.0
2e69897d,2e69897d4,2020-11-14,20,{'JAM'},{'JAM_STAND_STILL_TRAFFIC'},62,{1},5.0
2e69897d,2e69897d4,2020-11-21,20,{'JAM'},{'JAM_STAND_STILL_TRAFFIC'},35,{1},5.0
2e69897f,2e69897e4,2020-09-28,15,{'JAM'},{'JAM'},60,{1},5.0
2e698981,2e698980c,2020-10-12,10,{'ACCIDENT'},{'ACCIDENT_MAJOR'},120,{1},5.0
2e698985,2e698985c,2020-09-02,18,{'JAM'},{'JAM_STAND_STILL_TRAFFIC'},17,{1},5.0
2e698985,2e698985c,2020-10-25,16,{'JAM'},{'JAM'},30,{1},5.0
2e698985,2e698985c,2020-11-14,9,"{'JAM', 'WEATHERHAZARD'}","{'HAZARD_ON_SHOULDER_CAR_STOPPED', 'JAM_MODERATE_TRAFFIC'}",62,{1},5.0
2e698987,2e6989874,2020-10-04,17,{'JAM'},{'JAM_HEAVY_TRAFFIC'},31,{1},5.0
2e698987,2e6989874,2020-11-09,7,{'JAM'},{'JAM_STAND_STILL_TRAFFIC'},30,{1},5.0
2e698987,2e6989874,2020-11-21,15,{'WEATHERHAZARD'},{'HAZARD_ON_ROAD_POT_HOLE'},89,{1},5.977528089887641
2e698987,2e698987c,2020-09-10,21,"{'JAM', 'WEATHERHAZARD'}","{'HAZARD_ON_ROAD_POT_HOLE', 'JAM_HEAVY_TRAFFIC'}",1478,{1},6.994587280108254
2e698987,2e698987c,2020-11-14,17,{'JAM'},{'JAM_HEAVY_TRAFFIC'},30,{1},5.966666666666667
2e698987,2e698987c,2020-11-18,7,{'JAM'},{'JAM_HEAVY_TRAFFIC'},24,{1},5.0
2e69898b,2e69898ac,2020-09-29,21,"{'WEATHERHAZARD', 'ACCIDENT'}","{'HAZARD_WEATHER_FLOOD', 'ACCIDENT_MAJOR'}",71,{1},5.0
2e698991,2e698990c,2020-09-11,16,{'WEATHERHAZARD'},{'HAZARD_ON_ROAD_POT_HOLE'},1934,{1},8.656670113753878
2e698991,2e698991c,2020-10-11,11,{'JAM'},{'JAM_STAND_STILL_TRAFFIC'},30,{1},5.0
2e698995,2e698994c,2020-09-25,19,{'JAM'},{'JAM'},5,{1},5.0
2e698995,2e698994c,2020-11-21,11,{'WEATHERHAZARD'},{'HAZARD_ON_ROAD_POT_HOLE'},12335,{1},6.997730036481556
2e698999,2e6989984,2020-09-10,21,{'ACCIDENT'},{'ACCIDENT_MAJOR'},87,{1},5.0
2e698999,2e698999c,2020-09-27,16,{'JAM'},{'JAM_STAND_STILL_TRAFFIC'},23,{1},5.956521739130435
2e69899b,2e69899a4,2020-09-02,17,{'JAM'},{'JAM_STAND_STILL_TRAFFIC'},87,{1},7.908045977011494
2e69899b,2e69899a4,2020-09-05,15,{'WEATHERHAZARD'},{'WEATHERHAZARD'},32,{1},5.0
2e69899b,2e69899a4,2020-09-06,17,{'JAM'},{'JAM_STAND_STILL_TRAFFIC'},23,{1},5.0
2e69899b,2e69899a4,2020-10-11,17,{'JAM'},{'JAM_MODERATE_TRAFFIC'},32,{1},5.0
2e69899b,2e69899a4,2020-11-15,17,{'JAM'},{'JAM_STAND_STILL_TRAFFIC'},30,{1},5.0
2e69899b,2e69899ac,2020-10-11,17,{'JAM'},{'JAM_STAND_STILL_TRAFFIC'},64,{1},5.390625
2e69899b,2e69899ac,2020-11-14,17,{'JAM'},{'JAM_STAND_STILL_TRAFFIC'},36,{1},6.972222222222222
2e6989a3,2e6989a2c,2020-09-28,8,"{'JAM', 'ACCIDENT'}","{'JAM_HEAVY_TRAFFIC', 'ACCIDENT_MAJOR'}",151,{1},5.0
2e6989a3,2e6989a3c,2020-09-13,10,{'WEATHERHAZARD'},{'WEATHERHAZARD'},37,{1},5.0
2e6989a5,2e6989a44,2020-10-08,8,{'WEATHERHAZARD'},{'WEATHERHAZARD'},30,{1},5.0
2e6989a5,2e6989a54,2020-09-10,21,{'JAM'},{'JAM_HEAVY_TRAFFIC'},5,{1},5.0
2e6989a5,2e6989a54,2020-10-19,19,{'ACCIDENT'},{'ACCIDENT'},121,{1},5.0
2e6989a9,2e6989a9c,2020-11-10,21,{'WEATHERHAZARD'},{'WEATHERHAZARD'},30,{2},5.0
2e6989ab,2e6989ab4,2020-11-06,7,{'ACCIDENT'},{'ACCIDENT'},121,{1},5.0
2e6989ab,2e6989abc,2020-11-06,16,{'JAM'},{'JAM_HEAVY_TRAFFIC'},32,{1},5.0
2e6989b1,2e6989b0c,2020-11-14,14,{'WEATHERHAZARD'},{'WEATHERHAZARD'},25,{2},5.0
2e6989b7,2e6989b64,2020-11-10,15,{'JAM'},{'JAM_STAND_STILL_TRAFFIC'},31,{2},5.0
2e6989bb,2e6989bac,2020-11-18,23,{'ACCIDENT'},{'ACCIDENT_MAJOR'},121,{22},5.0
2e6989bb,2e6989bb4,2020-09-03,23,{'ACCIDENT'},{'ACCIDENT'},120,{1},5.0
2e6989c1,2e6989c04,2020-09-19,18,{'JAM'},{'JAM_STAND_STILL_TRAFFIC'},31,{1},5.0
2e6989c7,2e6989c6c,2020-10-19,18,{'ACCIDENT'},{'ACCIDENT'},123,{1},5.0
2e6989c9,2e6989c9c,2020-09-03,9,{'JAM'},{'JAM_HEAVY_TRAFFIC'},36,{1},5.0
2e6989cd,2e6989cdc,2020-11-20,15,{'WEATHERHAZARD'},{'WEATHERHAZARD'},30,{1},5.0
2e6989e9,2e6989e94,2020-11-14,10,{'WEATHERHAZARD'},{'HAZARD_ON_ROAD_POT_HOLE'},11081,{1},7.241404205396625
2e6989e9,2e6989e94,2020-11-21,11,{'WEATHERHAZARD'},{'WEATHERHAZARD'},24,{1},6.0
2e6989eb,2e6989eb4,2020-11-14,9,{'WEATHERHAZARD'},{'HAZARD_ON_ROAD_POT_HOLE'},1,{1},5.0
2e6989eb,2e6989eb4,2020-11-21,11,{'WEATHERHAZARD'},{'HAZARD_ON_ROAD_POT_HOLE'},12633,{1},6.841051215071638
2e6989eb,2e6989ebc,2020-11-14,9,{'WEATHERHAZARD'},{'HAZARD_ON_ROAD_POT_HOLE'},5129,{1},9.823747319165529
2e6989ed,2e6989ed4,2020-09-11,16,{'WEATHERHAZARD'},{'HAZARD_ON_ROAD_POT_HOLE'},5527,{1},6.649538628550751
2e6989f7,2e6989f6c,2020-10-12,7,{'JAM'},{'JAM'},30,{1},5.0
2e698a09,2e698a094,2020-10-15,18,{'JAM'},{'JAM_STAND_STILL_TRAFFIC'},32,{2},5.0
2e698a0f,2e698a0e4,2020-09-06,20,{'JAM'},{'JAM_STAND_STILL_TRAFFIC'},32,{2},5.0
2e698a0f,2e698a0e4,2020-10-15,18,{'JAM'},{'JAM_STAND_STILL_TRAFFIC'},62,{2},5.0
2e698a0f,2e698a0e4,2020-10-20,17,{'JAM'},{'JAM_HEAVY_TRAFFIC'},31,{2},5.0
2e698a0f,2e698a0ec,2020-09-05,20,{'JAM'},{'JAM'},31,{2},5.0
2e698a0f,2e698a0ec,2020-09-06,16,{'JAM'},{'JAM_STAND_STILL_TRAFFIC'},32,{2},5.0
2e698a0f,2e698a0ec,2020-09-06,17,{'JAM'},{'JAM_HEAVY_TRAFFIC'},30,{2},5.0
2e698a0f,2e698a0ec,2020-10-19,10,{'WEATHERHAZARD'},{'HAZARD_ON_ROAD_POT_HOLE'},777,{2},8.806949806949808
2e698a0f,2e698a0ec,2020-11-07,15,{'JAM'},{'JAM'},32,{1},5.0
2e698a0f,2e698a0fc,2020-10-28,7,{'JAM'},{'JAM'},33,{1},5.0
2e698a11,2e698a114,2020-10-19,10,{'WEATHERHAZARD'},{'HAZARD_ON_ROAD_POT_HOLE'},1720,{2},9.715697674418605
2e698a11,2e698a11c,2020-10-10,16,{'JAM'},{'JAM_HEAVY_TRAFFIC'},33,{2},5.0
2e698a11,2e698a11c,2020-10-14,20,{'JAM'},{'JAM_STAND_STILL_TRAFFIC'},30,{2},5.0
2e698a11,2e698a11c,2020-10-19,10,{'WEATHERHAZARD'},{'HAZARD_ON_ROAD_POT_HOLE'},1,{2},5.0
2e698a15,2e698a154,2020-10-15,14,{'ACCIDENT'},{'ACCIDENT_MAJOR'},97,{1},5.0
2e698a15,2e698a154,2020-10-27,19,{'JAM'},{'JAM_STAND_STILL_TRAFFIC'},30,{1},5.0
2e698a17,2e698a16c,2020-09-27,11,{'WEATHERHAZARD'},{'HAZARD_ON_ROAD_CONSTRUCTION'},56,{2},5.214285714285714
2e698a17,2e698a16c,2020-10-08,15,{'JAM'},{'JAM_HEAVY_TRAFFIC'},31,{1},5.0
2e698a27,2e698a27c,2020-09-20,18,{'JAM'},{'JAM'},32,{1},5.0
2e698a29,2e698a284,2020-09-26,17,{'JAM'},{'JAM_HEAVY_TRAFFIC'},31,{1},5.0
2e698a29,2e698a284,2020-10-04,18,{'JAM'},{'JAM_STAND_STILL_TRAFFIC'},30,{1},5.0
2e698a29,2e698a284,2020-11-07,17,{'JAM'},{'JAM_STAND_STILL_TRAFFIC'},30,{1},5.7
2e698a29,2e698a28c,2020-10-24,17,{'JAM'},{'JAM_STAND_STILL_TRAFFIC'},36,{1},5.0
2e698a29,2e698a28c,2020-11-07,17,{'JAM'},{'JAM_HEAVY_TRAFFIC'},31,{1},5.612903225806452
2e698a29,2e698a28c,2020-11-21,15,{'JAM'},{'JAM_HEAVY_TRAFFIC'},14,{1},5.0
2e698a29,2e698a29c,2020-10-13,17,{'JAM'},{'JAM_HEAVY_TRAFFIC'},32,{1},5.0
2e698a29,2e698a29c,2020-10-24,17,{'JAM'},{'JAM_STAND_STILL_TRAFFIC'},68,{1},6.323529411764706
2e698a29,2e698a29c,2020-11-07,17,{'JAM'},{'JAM_MODERATE_TRAFFIC'},30,{1},5.0
2e698a29,2e698a29c,2020-11-15,17,{'JAM'},{'JAM_HEAVY_TRAFFIC'},28,{1},5.0
2e698a29,2e698a29c,2020-11-21,15,"{'JAM', 'WEATHERHAZARD'}","{'JAM_STAND_STILL_TRAFFIC', 'HAZARD_ON_ROAD_CONSTRUCTION'}",670,{1},9.340298507462686
2e698a2d,2e698a2cc,2020-10-18,12,{'ACCIDENT'},{'ACCIDENT'},244,{1},5.0
2e698a2f,2e698a2f4,2020-09-12,20,{'JAM'},{'JAM_MODERATE_TRAFFIC'},11,{1},5.0
2e698a2f,2e698a2f4,2020-10-24,17,{'JAM'},{'JAM_STAND_STILL_TRAFFIC'},32,{1},5.0
2e698a33,2e698a334,2020-10-19,10,{'WEATHERHAZARD'},{'HAZARD_ON_SHOULDER_CAR_STOPPED'},60,{1},5.0
2e698a37,2e698a374,2020-11-02,11,{'WEATHERHAZARD'},{'WEATHERHAZARD'},31,{1},5.0
2e698a3b,2e698a3a4,2020-10-19,10,{'WEATHERHAZARD'},{'HAZARD_ON_SHOULDER_MISSING_SIGN'},30,{2},5.0
2e698a3b,2e698a3bc,2020-10-17,15,{'WEATHERHAZARD'},{'HAZARD_ON_ROAD_CONSTRUCTION'},217,{2},6.0
2e698a3b,2e698a3bc,2020-10-19,10,{'WEATHERHAZARD'},{'HAZARD_ON_ROAD_POT_HOLE'},2137,{2},8.073935423490875
2e698a3b,2e698a3bc,2020-11-19,0,{'JAM'},{'JAM_MODERATE_TRAFFIC'},32,{1},5.0
2e698a3d,2e698a3cc,2020-10-21,15,{'WEATHERHAZARD'},{'WEATHERHAZARD'},31,{1},5.0
2e698a3d,2e698a3dc,2020-11-02,18,{'JAM'},{'JAM_MODERATE_TRAFFIC'},31,{22},5.0
2e698a41,2e698a404,2020-09-12,18,{'WEATHERHAZARD'},{'WEATHERHAZARD'},30,{1},6.0
2e698a41,2e698a404,2020-09-15,12,{'JAM'},{'JAM_STAND_STILL_TRAFFIC'},31,{1},5.0
2e698a41,2e698a404,2020-09-17,19,"{'JAM', 'ACCIDENT'}","{'JAM_STAND_STILL_TRAFFIC', 'ACCIDENT'}",151,{1},5.0
2e698a45,2e698a454,2020-09-04,18,{'JAM'},{'JAM_STAND_STILL_TRAFFIC'},10,{1},5.7
2e698a45,2e698a454,2020-10-21,18,{'JAM'},{'JAM_STAND_STILL_TRAFFIC'},34,{1},6.176470588235294
2e698a45,2e698a454,2020-10-26,17,{'WEATHERHAZARD'},{'HAZARD_ON_SHOULDER_CAR_STOPPED'},28,{1},5.0
2e698a45,2e698a454,2020-11-06,16,{'WEATHERHAZARD'},{'HAZARD_ON_SHOULDER_CAR_STOPPED'},27,{1},5.0
2e698a4b,2e698a4bc,2020-10-19,10,{'JAM'},{'JAM_MODERATE_TRAFFIC'},31,{2},5.0
2e698a4d,2e698a4c4,2020-11-03,13,{'WEATHERHAZARD'},{'HAZARD_ON_ROAD_POT_HOLE'},104,{2},7.144230769230769
2e698a4d,2e698a4cc,2020-10-12,7,{'JAM'},{'JAM_STAND_STILL_TRAFFIC'},62,{1},5.0
2e698a4d,2e698a4d4,2020-09-02,7,{'JAM'},{'JAM_HEAVY_TRAFFIC'},7,{1},5.0
2e698a4d,2e698a4d4,2020-09-04,8,{'JAM'},{'JAM_HEAVY_TRAFFIC'},9,{1},5.0
2e698a4d,2e698a4d4,2020-09-06,17,{'JAM'},{'JAM_STAND_STILL_TRAFFIC'},7,{1},5.714285714285714
2e698a4d,2e698a4d4,2020-09-11,7,{'JAM'},{'JAM_HEAVY_TRAFFIC'},21,{1},5.0
2e698a4d,2e698a4d4,2020-09-11,17,{'JAM'},{'JAM_STAND_STILL_TRAFFIC'},13,{1},5.923076923076923
2e698a4d,2e698a4d4,2020-09-12,17,{'JAM'},{'JAM_HEAVY_TRAFFIC'},6,{1},5.0
2e698a4d,2e698a4d4,2020-09-17,17,{'JAM'},{'JAM_STAND_STILL_TRAFFIC'},31,{1},5.0
2e698a4d,2e698a4d4,2020-09-27,17,{'JAM'},{'JAM_HEAVY_TRAFFIC'},32,{1},5.9375
2e698a4d,2e698a4d4,2020-09-27,18,{'JAM'},{'JAM_STAND_STILL_TRAFFIC'},8,{1},5.0
2e698a4d,2e698a4d4,2020-09-28,18,{'JAM'},{'JAM_HEAVY_TRAFFIC'},62,{1},5.419354838709677
2e698a4d,2e698a4d4,2020-10-02,18,{'JAM'},{'JAM_STAND_STILL_TRAFFIC'},10,{1},5.6
2e698a4d,2e698a4d4,2020-10-04,16,{'JAM'},{'JAM_STAND_STILL_TRAFFIC'},33,{1},5.0
2e698a4d,2e698a4d4,2020-10-09,7,{'JAM'},{'JAM_HEAVY_TRAFFIC'},30,{1},5.933333333333334
2e698a4d,2e698a4d4,2020-10-09,16,{'JAM'},{'JAM_STAND_STILL_TRAFFIC'},60,{1},5.0
2e698a4d,2e698a4d4,2020-10-09,17,{'JAM'},{'JAM_HEAVY_TRAFFIC'},35,{1},5.0
2e698a4d,2e698a4d4,2020-10-10,16,{'JAM'},{'JAM_HEAVY_TRAFFIC'},32,{1},5.90625
2e698a4d,2e698a4d4,2020-10-11,17,{'JAM'},{'JAM_HEAVY_TRAFFIC'},64,{1},5.0
2e698a4d,2e698a4d4,2020-10-16,7,{'JAM'},{'JAM_HEAVY_TRAFFIC'},31,{1},5.0
2e698a4d,2e698a4d4,2020-10-17,15,{'JAM'},{'JAM_HEAVY_TRAFFIC'},24,{1},5.0
2e698a4d,2e698a4d4,2020-10-17,16,{'JAM'},{'JAM_STAND_STILL_TRAFFIC'},79,{1},5.0
2e698a4d,2e698a4d4,2020-10-18,16,{'JAM'},{'JAM_HEAVY_TRAFFIC'},32,{1},5.0
2e698a4d,2e698a4d4,2020-10-20,16,{'JAM'},{'JAM_STAND_STILL_TRAFFIC'},32,{1},5.0
2e698a4d,2e698a4d4,2020-10-21,7,{'JAM'},{'JAM_HEAVY_TRAFFIC'},60,{1},5.0
2e698a4d,2e698a4d4,2020-10-23,7,{'JAM'},{'JAM_HEAVY_TRAFFIC'},22,{1},5.0
2e698a4d,2e698a4d4,2020-10-23,19,{'JAM'},{'JAM_MODERATE_TRAFFIC'},35,{1},5.0
2e698a4d,2e698a4d4,2020-10-24,15,"{'JAM', 'ACCIDENT'}","{'JAM_HEAVY_TRAFFIC', 'ACCIDENT_MINOR'}",156,{1},6.089743589743589
2e698a4d,2e698a4d4,2020-10-25,16,{'JAM'},{'JAM'},31,{1},5.0
2e698a4d,2e698a4d4,2020-10-26,7,{'JAM'},{'JAM_STAND_STILL_TRAFFIC'},35,{1},5.428571428571429
2e698a4d,2e698a4d4,2020-10-26,17,{'JAM'},{'JAM_STAND_STILL_TRAFFIC'},35,{1},5.0
2e698a4d,2e698a4d4,2020-10-27,17,{'JAM'},{'JAM_STAND_STILL_TRAFFIC'},31,{1},5.0
2e698a4d,2e698a4d4,2020-10-27,19,{'JAM'},{'JAM_MODERATE_TRAFFIC'},9,{1},5.0
2e698a4d,2e698a4d4,2020-10-28,19,{'JAM'},{'JAM_MODERATE_TRAFFIC'},33,{1},5.0
2e698a4d,2e698a4d4,2020-11-01,12,{'JAM'},{'JAM_STAND_STILL_TRAFFIC'},17,{1},5.0
2e698a4d,2e698a4d4,2020-11-02,7,{'JAM'},{'JAM_STAND_STILL_TRAFFIC'},31,{1},5.0
2e698a4d,2e698a4d4,2020-11-05,7,{'JAM'},{'JAM_HEAVY_TRAFFIC'},62,{1},5.0
2e698a4d,2e698a4d4,2020-11-05,8,{'JAM'},{'JAM_STAND_STILL_TRAFFIC'},34,{1},5.0
2e698a4d,2e698a4d4,2020-11-05,19,{'JAM'},{'JAM_HEAVY_TRAFFIC'},18,{1},5.0
2e698a4d,2e698a4d4,2020-11-07,10,{'WEATHERHAZARD'},{'HAZARD_ON_ROAD_POT_HOLE'},106,{1},5.660377358490566
2e698a4d,2e698a4d4,2020-11-09,7,{'JAM'},{'JAM_HEAVY_TRAFFIC'},62,{1},5.806451612903226
2e698a4d,2e698a4d4,2020-11-09,17,{'JAM'},{'JAM_STAND_STILL_TRAFFIC'},34,{1},5.0
2e698a4d,2e698a4d4,2020-11-11,17,{'JAM'},{'JAM_STAND_STILL_TRAFFIC'},95,{1},5.315789473684211
2e698a4d,2e698a4d4,2020-11-12,17,{'JAM'},{'JAM_HEAVY_TRAFFIC'},32,{1},5.0
2e698a4d,2e698a4d4,2020-11-14,16,{'JAM'},{'JAM_STAND_STILL_TRAFFIC'},52,{1},5.0
2e698a4d,2e698a4d4,2020-11-15,14,{'JAM'},{'JAM_STAND_STILL_TRAFFIC'},31,{1},5.0
2e698a4d,2e698a4d4,2020-11-15,16,{'JAM'},{'JAM_STAND_STILL_TRAFFIC'},31,{1},5.0
2e698a4d,2e698a4d4,2020-11-20,17,{'JAM'},{'JAM_STAND_STILL_TRAFFIC'},60,{1},5.0
2e698a4d,2e698a4d4,2020-11-21,10,{'JAM'},{'JAM_MODERATE_TRAFFIC'},21,{1},5.571428571428571
2e698a4d,2e698a4d4,2020-11-21,13,{'JAM'},{'JAM_HEAVY_TRAFFIC'},35,{1},5.0
2e698a4d,2e698a4d4,2020-11-21,14,{'JAM'},{'JAM_HEAVY_TRAFFIC'},32,{1},5.0
2e698a4d,2e698a4d4,2020-11-21,17,{'JAM'},{'JAM_HEAVY_TRAFFIC'},31,{1},5.967741935483871
2e698a4d,2e698a4d4,2020-11-21,18,{'JAM'},{'JAM_STAND_STILL_TRAFFIC'},31,{1},5.0
2e698a4d,2e698a4d4,2020-11-22,17,{'JAM'},{'JAM_HEAVY_TRAFFIC'},31,{1},5.0
2e698a4d,2e698a4dc,2020-09-23,18,{'JAM'},{'JAM_STAND_STILL_TRAFFIC'},31,{1},5.903225806451613
2e698a4d,2e698a4dc,2020-09-27,17,{'JAM'},{'JAM_HEAVY_TRAFFIC'},44,{1},6.181818181818182
2e698a4d,2e698a4dc,2020-10-01,18,{'JAM'},{'JAM_STAND_STILL_TRAFFIC'},32,{1},5.0
2e698a4d,2e698a4dc,2020-10-04,17,{'JAM'},{'JAM_STAND_STILL_TRAFFIC'},9,{1},5.666666666666667
2e698a4d,2e698a4dc,2020-10-09,17,{'JAM'},{'JAM_HEAVY_TRAFFIC'},31,{1},5.967741935483871
2e698a4d,2e698a4dc,2020-10-20,16,{'JAM'},{'JAM_STAND_STILL_TRAFFIC'},14,{1},5.0
2e698a4d,2e698a4dc,2020-11-02,18,{'JAM'},{'JAM_STAND_STILL_TRAFFIC'},30,{1},5.0
2e698a4d,2e698a4dc,2020-11-07,13,{'JAM'},{'JAM_MODERATE_TRAFFIC'},32,{1},5.0
2e698a4d,2e698a4dc,2020-11-11,17,{'JAM'},{'JAM_STAND_STILL_TRAFFIC'},30,{1},5.5
2e698a4f,2e698a4e4,2020-09-04,18,{'JAM'},{'JAM_STAND_STILL_TRAFFIC'},27,{1},8.444444444444445
2e698a4f,2e698a4e4,2020-09-11,17,{'JAM'},{'JAM_HEAVY_TRAFFIC'},32,{1},5.96875
2e698a4f,2e698a4e4,2020-09-16,18,{'JAM'},{'JAM_STAND_STILL_TRAFFIC'},20,{1},6.0
2e698a4f,2e698a4e4,2020-09-21,17,{'JAM'},{'JAM_STAND_STILL_TRAFFIC'},6,{1},5.0
2e698a4f,2e698a4e4,2020-09-29,17,{'JAM'},{'JAM_STAND_STILL_TRAFFIC'},46,{1},6.3478260869565215
2e698a4f,2e698a4e4,2020-10-01,19,{'JAM'},{'JAM_STAND_STILL_TRAFFIC'},30,{1},5.833333333333333
2e698a4f,2e698a4e4,2020-10-02,17,{'JAM'},{'JAM_STAND_STILL_TRAFFIC'},31,{1},5.0
2e698a4f,2e698a4e4,2020-10-02,18,{'JAM'},{'JAM_HEAVY_TRAFFIC'},31,{1},5.0
2e698a4f,2e698a4e4,2020-10-12,17,{'JAM'},{'JAM_STAND_STILL_TRAFFIC'},32,{1},6.21875
2e698a4f,2e698a4e4,2020-10-18,17,{'JAM'},{'JAM_STAND_STILL_TRAFFIC'},9,{1},5.0
2e698a4f,2e698a4e4,2020-10-24,8,"{'JAM', 'WEATHERHAZARD'}","{'HAZARD_ON_ROAD_CAR_STOPPED', 'JAM_HEAVY_TRAFFIC'}",60,{1},5.0
2e698a4f,2e698a4e4,2020-10-28,18,{'JAM'},{'JAM_STAND_STILL_TRAFFIC'},4,{1},5.0
2e698a4f,2e698a4e4,2020-11-08,17,{'JAM'},{'JAM_HEAVY_TRAFFIC'},32,{1},5.0
2e698a4f,2e698a4e4,2020-11-09,17,{'JAM'},{'JAM_STAND_STILL_TRAFFIC'},35,{1},5.457142857142857
2e698a4f,2e698a4e4,2020-11-11,18,{'JAM'},{'JAM_STAND_STILL_TRAFFIC'},30,{1},5.0
2e698a4f,2e698a4e4,2020-11-13,18,{'JAM'},{'JAM_HEAVY_TRAFFIC'},30,{1},5.0
2e698a4f,2e698a4e4,2020-11-22,17,{'JAM'},{'JAM_HEAVY_TRAFFIC'},30,{1},6.933333333333334
2e698a4f,2e698a4ec,2020-11-07,10,{'WEATHERHAZARD'},{'HAZARD_ON_ROAD_POT_HOLE'},1344,{2},8.152529761904763
2e698a4f,2e698a4fc,2020-09-04,18,{'JAM'},{'JAM_STAND_STILL_TRAFFIC'},2,{1},7.0
2e698a4f,2e698a4fc,2020-09-09,17,{'JAM'},{'JAM_STAND_STILL_TRAFFIC'},5,{1},5.0
2e698a4f,2e698a4fc,2020-09-16,18,{'JAM'},{'JAM_STAND_STILL_TRAFFIC'},2,{1},5.0
2e698a4f,2e698a4fc,2020-10-02,17,{'JAM'},{'JAM_STAND_STILL_TRAFFIC'},25,{1},8.44
2e698a4f,2e698a4fc,2020-10-02,19,{'JAM'},{'JAM_STAND_STILL_TRAFFIC'},30,{1},5.666666666666667
2e698a4f,2e698a4fc,2020-10-12,18,{'JAM'},{'JAM_STAND_STILL_TRAFFIC'},6,{1},5.0
2e698a4f,2e698a4fc,2020-10-21,17,{'JAM'},{'JAM_STAND_STILL_TRAFFIC'},32,{1},5.0
2e698a4f,2e698a4fc,2020-10-28,18,{'JAM'},{'JAM_STAND_STILL_TRAFFIC'},28,{1},7.0
2e698a4f,2e698a4fc,2020-11-02,18,{'JAM'},{'JAM_STAND_STILL_TRAFFIC'},16,{1},6.0
2e698a4f,2e698a4fc,2020-11-04,8,{'JAM'},{'JAM_STAND_STILL_TRAFFIC'},30,{1},5.0
2e698a4f,2e698a4fc,2020-11-09,18,{'JAM'},{'JAM_STAND_STILL_TRAFFIC'},30,{1},6.566666666666666
2e698a4f,2e698a4fc,2020-11-20,17,{'JAM'},{'JAM_STAND_STILL_TRAFFIC'},45,{1},6.066666666666666
2e698a5b,2e698a5b4,2020-10-02,19,{'JAM'},{'JAM_HEAVY_TRAFFIC'},38,{1},8.236842105263158
2e698a5d,2e698a5cc,2020-11-11,19,{'JAM'},{'JAM_STAND_STILL_TRAFFIC'},31,{1},5.0
2e698a6b,2e698a6a4,2020-11-11,17,{'JAM'},{'JAM_STAND_STILL_TRAFFIC'},5,{1},5.0
2e698b87,2e698b874,2020-09-06,18,{'JAM'},{'JAM'},31,{1},5.0
2e698b87,2e698b874,2020-09-27,18,{'ACCIDENT'},{'ACCIDENT'},120,{1},5.0
2e698b87,2e698b874,2020-10-03,9,{'ACCIDENT'},{'ACCIDENT'},120,{1},6.0
2e698b87,2e698b874,2020-11-01,19,{'ACCIDENT'},{'ACCIDENT'},120,{1},5.0
2e698b87,2e698b87c,2020-09-03,19,{'JAM'},{'JAM'},30,{2},5.0
2e698b87,2e698b87c,2020-10-26,10,"{'JAM', 'WEATHERHAZARD', 'ACCIDENT'}","{'HAZARD_ON_SHOULDER_ANIMALS', 'JAM_STAND_STILL_TRAFFIC', 'ACCIDENT_MAJOR'}",189,{1},5.079365079365079
2e698b87,2e698b87c,2020-11-05,7,"{'JAM', 'WEATHERHAZARD', 'ACCIDENT'}","{'JAM_STAND_STILL_TRAFFIC', 'HAZARD_WEATHER_FOG', 'ACCIDENT_MAJOR'}",179,"{1, 2}",5.0
2e698b8b,2e698b8a4,2020-09-03,8,{'JAM'},{'JAM_MODERATE_TRAFFIC'},41,{6},5.2439024390243905
2e698b8b,2e698b8a4,2020-09-05,13,{'JAM'},{'JAM_STAND_STILL_TRAFFIC'},30,{6},5.0
2e698b8b,2e698b8a4,2020-09-11,14,{'JAM'},{'JAM_STAND_STILL_TRAFFIC'},44,{6},5.409090909090909
2e698b8b,2e698b8a4,2020-09-11,18,{'JAM'},{'JAM_STAND_STILL_TRAFFIC'},31,{6},5.0
2e698b8b,2e698b8a4,2020-09-15,19,{'JAM'},{'JAM_STAND_STILL_TRAFFIC'},17,{6},5.0
2e698b8b,2e698b8a4,2020-09-20,16,{'JAM'},{'JAM_HEAVY_TRAFFIC'},5,{6},5.0
2e698b8b,2e698b8a4,2020-09-24,19,{'JAM'},{'JAM_HEAVY_TRAFFIC'},27,{6},6.333333333333333
2e698b8b,2e698b8a4,2020-09-28,15,{'JAM'},{'JAM'},6,{6},5.0
2e698b8b,2e698b8a4,2020-10-03,17,{'JAM'},{'JAM_STAND_STILL_TRAFFIC'},33,{6},5.0
2e698b8b,2e698b8a4,2020-10-08,9,"{'JAM', 'WEATHERHAZARD'}","{'HAZARD_ON_SHOULDER_CAR_STOPPED', 'JAM_STAND_STILL_TRAFFIC'}",68,{6},5.514705882352941
2e698b8b,2e698b8a4,2020-10-14,16,{'JAM'},{'JAM_STAND_STILL_TRAFFIC'},21,{6},5.0
2e698b8b,2e698b8a4,2020-10-16,16,{'JAM'},{'JAM'},30,{6},5.0
2e698b8b,2e698b8a4,2020-10-25,19,{'JAM'},{'JAM_HEAVY_TRAFFIC'},30,{6},5.0
2e698b8b,2e698b8a4,2020-11-06,19,{'JAM'},{'JAM_STAND_STILL_TRAFFIC'},31,{6},5.0
2e698b8b,2e698b8a4,2020-11-09,10,{'JAM'},{'JAM_HEAVY_TRAFFIC'},17,{6},5.0
2e698b8b,2e698b8a4,2020-11-09,14,{'JAM'},{'JAM_MODERATE_TRAFFIC'},31,{6},5.0
2e698b8b,2e698b8a4,2020-11-10,14,"{'JAM', 'WEATHERHAZARD'}","{'HAZARD_ON_ROAD_CONSTRUCTION', 'JAM_HEAVY_TRAFFIC'}",88,{6},5.613636363636363
2e698b8b,2e698b8a4,2020-11-10,17,{'JAM'},{'JAM_STAND_STILL_TRAFFIC'},33,{6},5.0
2e698b8b,2e698b8a4,2020-11-12,19,{'JAM'},{'JAM_MODERATE_TRAFFIC'},36,{6},5.0
2e698b8b,2e698b8a4,2020-11-19,12,{'JAM'},{'JAM_HEAVY_TRAFFIC'},30,{6},5.0
2e698b8b,2e698b8a4,2020-11-19,14,{'JAM'},{'JAM'},23,{6},5.0
2e698b8b,2e698b8a4,2020-11-20,9,{'JAM'},{'JAM_STAND_STILL_TRAFFIC'},18,{6},5.888888888888889
2e698b8b,2e698b8a4,2020-11-21,14,"{'JAM', 'WEATHERHAZARD'}","{'HAZARD_ON_SHOULDER_CAR_STOPPED', 'JAM_HEAVY_TRAFFIC'}",71,{6},5.47887323943662
2e698b8b,2e698b8ac,2020-11-14,11,{'JAM'},{'JAM_HEAVY_TRAFFIC'},5,{2},5.0
2e698b8b,2e698b8bc,2020-10-15,7,{'JAM'},{'JAM_STAND_STILL_TRAFFIC'},30,{6},5.566666666666666
2e698b8b,2e698b8bc,2020-11-04,17,{'JAM'},{'JAM_HEAVY_TRAFFIC'},35,{6},5.0
2e698b8b,2e698b8bc,2020-11-06,19,{'JAM'},{'JAM_STAND_STILL_TRAFFIC'},33,{6},5.0
2e698b8b,2e698b8bc,2020-11-10,17,{'JAM'},{'JAM_HEAVY_TRAFFIC'},34,{6},5.0
2e698b8b,2e698b8bc,2020-11-21,14,{'JAM'},{'JAM_STAND_STILL_TRAFFIC'},31,{6},5.0
2e698b8d,2e698b8c4,2020-10-08,9,{'JAM'},{'JAM_STAND_STILL_TRAFFIC'},31,{6},5.0
2e698b8d,2e698b8c4,2020-10-16,16,{'JAM'},{'JAM_STAND_STILL_TRAFFIC'},32,{6},6.96875
2e698b8d,2e698b8c4,2020-11-06,15,{'JAM'},{'JAM_MODERATE_TRAFFIC'},31,{6},5.0
2e698b8f,2e698b8e4,2020-10-08,9,{'JAM'},{'JAM_HEAVY_TRAFFIC'},31,{6},5.0
2e698b8f,2e698b8e4,2020-11-11,7,{'JAM'},{'JAM_HEAVY_TRAFFIC'},16,{6},5.0
2e698b8f,2e698b8e4,2020-11-16,7,{'JAM'},"{'JAM_MODERATE_TRAFFIC', 'JAM_HEAVY_TRAFFIC'}",63,{6},5.507936507936508
2e698b8f,2e698b8f4,2020-11-15,10,{'JAM'},{'JAM_STAND_STILL_TRAFFIC'},30,{22},5.0
2e698b91,2e698b914,2020-09-19,18,{'JAM'},{'JAM_HEAVY_TRAFFIC'},31,{6},5.0
2e698b91,2e698b914,2020-09-29,18,{'JAM'},{'JAM_HEAVY_TRAFFIC'},21,{6},5.0
2e698b91,2e698b914,2020-10-08,9,{'JAM'},"{'JAM', 'JAM_STAND_STILL_TRAFFIC'}",61,{6},5.508196721311475
2e698b91,2e698b914,2020-10-24,8,{'JAM'},{'JAM_MODERATE_TRAFFIC'},30,{6},5.0
2e698b91,2e698b914,2020-11-03,8,{'JAM'},{'JAM_STAND_STILL_TRAFFIC'},32,{6},5.78125
2e698b91,2e698b914,2020-11-06,19,{'JAM'},{'JAM_STAND_STILL_TRAFFIC'},33,{6},5.0
2e698b91,2e698b914,2020-11-16,18,{'JAM'},"{'JAM_STAND_STILL_TRAFFIC', 'JAM_MODERATE_TRAFFIC'}",57,{6},5.0
2e698b91,2e698b914,2020-11-18,7,{'JAM'},{'JAM_HEAVY_TRAFFIC'},26,{6},5.0
2e698b91,2e698b914,2020-11-19,14,{'JAM'},{'JAM_HEAVY_TRAFFIC'},31,{6},5.967741935483871
2e698b91,2e698b91c,2020-10-10,16,{'JAM'},{'JAM_HEAVY_TRAFFIC'},6,{6},5.0
2e698b91,2e698b91c,2020-11-07,16,{'JAM'},{'JAM'},10,{6},6.0
2e698b91,2e698b91c,2020-11-11,7,{'JAM'},{'JAM_HEAVY_TRAFFIC'},30,{6},5.0
2e698b91,2e698b91c,2020-11-16,7,{'JAM'},{'JAM_HEAVY_TRAFFIC'},30,{6},5.0
2e698b93,2e698b934,2020-10-02,17,{'JAM'},{'JAM_STAND_STILL_TRAFFIC'},31,{2},5.741935483870968
2e698b93,2e698b934,2020-10-24,17,{'WEATHERHAZARD'},{'HAZARD_ON_ROAD_POT_HOLE'},1139,{2},9.360842844600526
2e698b93,2e698b934,2020-11-22,13,{'JAM'},{'JAM_STAND_STILL_TRAFFIC'},27,{2},5.0
2e698b95,2e698b944,2020-10-07,17,{'JAM'},{'JAM_HEAVY_TRAFFIC'},30,{17},5.0
2e698b95,2e698b944,2020-10-14,17,{'JAM'},{'JAM_HEAVY_TRAFFIC'},29,{2},5.0
2e698b95,2e698b944,2020-10-15,9,{'JAM'},{'JAM'},31,{2},5.0
2e698b95,2e698b944,2020-10-24,17,{'WEATHERHAZARD'},{'HAZARD_ON_ROAD_POT_HOLE'},1163,{2},6.5932932072226995
2e698b95,2e698b944,2020-10-27,10,{'JAM'},{'JAM_STAND_STILL_TRAFFIC'},32,{2},6.4375
2e698b95,2e698b944,2020-10-31,14,{'JAM'},{'JAM_STAND_STILL_TRAFFIC'},61,{2},5.0
2e698b95,2e698b944,2020-11-01,15,{'WEATHERHAZARD'},{'HAZARD_ON_ROAD_POT_HOLE'},331,{2},9.570996978851964
2e698b95,2e698b944,2020-11-03,8,{'JAM'},{'JAM_STAND_STILL_TRAFFIC'},26,{2},5.0
2e698b95,2e698b944,2020-11-04,13,{'JAM'},{'JAM_STAND_STILL_TRAFFIC'},32,{2},5.0
2e698b95,2e698b944,2020-11-04,14,{'JAM'},{'JAM_STAND_STILL_TRAFFIC'},41,{2},5.536585365853658
2e698b95,2e698b944,2020-11-04,15,{'JAM'},"{'JAM_STAND_STILL_TRAFFIC', 'JAM_MODERATE_TRAFFIC'}",62,{2},5.0
2e698b95,2e698b944,2020-11-12,12,{'JAM'},{'JAM_STAND_STILL_TRAFFIC'},32,{2},5.0
2e698b95,2e698b944,2020-11-14,13,{'JAM'},{'JAM'},30,{2},5.0
2e698b95,2e698b944,2020-11-14,14,{'JAM'},{'JAM_STAND_STILL_TRAFFIC'},16,{2},5.0
2e698b95,2e698b944,2020-11-17,17,{'JAM'},{'JAM_STAND_STILL_TRAFFIC'},32,{2},5.0
2e698b95,2e698b944,2020-11-18,17,{'JAM'},{'JAM_STAND_STILL_TRAFFIC'},22,{2},5.954545454545454
2e698b95,2e698b944,2020-11-20,17,{'JAM'},{'JAM_HEAVY_TRAFFIC'},44,{2},6.181818181818182
2e698b95,2e698b944,2020-11-20,18,{'JAM'},{'JAM_STAND_STILL_TRAFFIC'},11,{2},5.181818181818182
2e698b95,2e698b944,2020-11-20,19,"{'JAM', 'WEATHERHAZARD'}","{'HAZARD_ON_ROAD_CAR_STOPPED', 'JAM_HEAVY_TRAFFIC'}",42,{2},5.0
2e698b95,2e698b944,2020-11-21,15,{'WEATHERHAZARD'},{'HAZARD_ON_ROAD_CONSTRUCTION'},262,{2},5.870229007633588
2e698b95,2e698b944,2020-11-21,18,{'JAM'},{'JAM_STAND_STILL_TRAFFIC'},30,{2},5.0
2e698b95,2e698b944,2020-11-22,13,"{'JAM', 'WEATHERHAZARD'}","{'JAM_STAND_STILL_TRAFFIC', 'HAZARD_ON_ROAD_CONSTRUCTION'}",750,{1},6.58
2e698b95,2e698b944,2020-11-22,21,{'JAM'},{'JAM_STAND_STILL_TRAFFIC'},29,{2},6.931034482758621
2e698b97,2e698b964,2020-09-11,7,{'JAM'},{'JAM'},30,{6},5.0
2e698b97,2e698b964,2020-10-07,10,{'JAM'},{'JAM_STAND_STILL_TRAFFIC'},26,{6},5.0
2e698b97,2e698b964,2020-10-08,8,{'WEATHERHAZARD'},{'WEATHERHAZARD'},31,{6},5.0
2e698b97,2e698b964,2020-10-21,9,{'JAM'},{'JAM_STAND_STILL_TRAFFIC'},14,{6},5.0
2e698b97,2e698b964,2020-10-21,10,{'JAM'},{'JAM_HEAVY_TRAFFIC'},5,{2},5.0
2e698b97,2e698b964,2020-10-24,11,{'JAM'},{'JAM'},32,{1},5.0
2e698b97,2e698b964,2020-11-01,11,{'JAM'},{'JAM_STAND_STILL_TRAFFIC'},44,{6},5.0
2e698b97,2e698b964,2020-11-01,15,{'JAM'},{'JAM_STAND_STILL_TRAFFIC'},30,{6},5.966666666666667
2e698b97,2e698b964,2020-11-02,10,{'JAM'},{'JAM_MODERATE_TRAFFIC'},31,{6},5.0
2e698b97,2e698b964,2020-11-05,11,{'JAM'},{'JAM_HEAVY_TRAFFIC'},23,{6},5.0
2e698b97,2e698b964,2020-11-05,15,{'WEATHERHAZARD'},{'HAZARD_ON_ROAD_POT_HOLE'},160,{6},8.65
2e698b97,2e698b964,2020-11-05,16,{'WEATHERHAZARD'},{'HAZARD_ON_SHOULDER_CAR_STOPPED'},19,{6},5.421052631578948
2e698b97,2e698b964,2020-11-06,22,{'WEATHERHAZARD'},{'HAZARD_ON_SHOULDER_CAR_STOPPED'},14,{6},5.714285714285714
2e698b97,2e698b964,2020-11-18,10,{'JAM'},{'JAM'},33,{6},5.0
2e698b97,2e698b964,2020-11-20,16,{'JAM'},{'JAM_MODERATE_TRAFFIC'},43,{6},6.27906976744186
2e698b97,2e698b96c,2020-09-03,8,"{'JAM', 'WEATHERHAZARD'}","{'HAZARD_ON_ROAD_POT_HOLE', 'JAM_HEAVY_TRAFFIC'}",398,{2},6.055276381909548
2e698b97,2e698b96c,2020-09-14,13,{'JAM'},{'JAM_MODERATE_TRAFFIC'},31,{2},5.0
2e698b97,2e698b96c,2020-09-30,19,{'JAM'},"{'JAM_STAND_STILL_TRAFFIC', 'JAM_HEAVY_TRAFFIC'}",56,"{1, 2}",5.0
2e698b97,2e698b96c,2020-10-06,19,{'JAM'},{'JAM_MODERATE_TRAFFIC'},31,{2},5.0
2e698b97,2e698b96c,2020-10-07,18,{'JAM'},{'JAM_STAND_STILL_TRAFFIC'},46,{2},6.173913043478261
2e698b97,2e698b96c,2020-10-10,16,{'JAM'},{'JAM_HEAVY_TRAFFIC'},34,{6},5.0
2e698b97,2e698b96c,2020-10-14,15,{'JAM'},{'JAM_HEAVY_TRAFFIC'},32,{2},5.0
2e698b97,2e698b96c,2020-10-20,16,"{'JAM', 'WEATHERHAZARD'}","{'JAM_MODERATE_TRAFFIC', 'HAZARD_ON_ROAD_POT_HOLE'}",229,{2},8.34934497816594
2e698b97,2e698b96c,2020-10-21,14,{'WEATHERHAZARD'},{'HAZARD_ON_ROAD_POT_HOLE'},1267,{2},9.054459352801894
2e698b97,2e698b96c,2020-10-23,12,{'WEATHERHAZARD'},{'HAZARD_ON_ROAD_POT_HOLE'},271,{2},8.07749077490775
2e698b97,2e698b96c,2020-10-23,17,{'JAM'},{'JAM_STAND_STILL_TRAFFIC'},31,{1},5.0
2e698b97,2e698b96c,2020-10-24,17,{'WEATHERHAZARD'},{'HAZARD_ON_ROAD_POT_HOLE'},687,{2},7.95924308588064
2e698b97,2e698b96c,2020-10-24,18,{'JAM'},{'JAM'},25,{1},5.0
2e698b97,2e698b96c,2020-10-27,10,{'JAM'},{'JAM_STAND_STILL_TRAFFIC'},30,{2},5.766666666666667
2e698b97,2e698b96c,2020-10-28,14,{'JAM'},{'JAM_HEAVY_TRAFFIC'},31,{2},5.0
2e698b97,2e698b96c,2020-10-28,19,{'JAM'},{'JAM_STAND_STILL_TRAFFIC'},33,{2},5.0
2e698b97,2e698b96c,2020-10-29,13,{'JAM'},{'JAM_HEAVY_TRAFFIC'},33,{6},5.0
2e698b97,2e698b96c,2020-11-01,12,{'WEATHERHAZARD'},{'HAZARD_ON_ROAD_POT_HOLE'},206,{2},8.669902912621358
2e698b97,2e698b96c,2020-11-01,17,{'WEATHERHAZARD'},{'HAZARD_ON_ROAD_POT_HOLE'},2854,{2},8.92571829011913
2e698b97,2e698b96c,2020-11-03,7,{'JAM'},{'JAM_STAND_STILL_TRAFFIC'},39,{2},7.769230769230769
2e698b97,2e698b96c,2020-11-03,8,{'JAM'},{'JAM_HEAVY_TRAFFIC'},18,{2},5.0
2e698b97,2e698b96c,2020-11-03,13,{'JAM'},{'JAM_MODERATE_TRAFFIC'},12,{2},5.0
2e698b97,2e698b96c,2020-11-03,23,{'WEATHERHAZARD'},{'HAZARD_ON_ROAD_POT_HOLE'},705,{2},7.567375886524823
2e698b97,2e698b96c,2020-11-04,12,{'JAM'},{'JAM_STAND_STILL_TRAFFIC'},31,{2},5.0
2e698b97,2e698b96c,2020-11-04,14,{'JAM'},{'JAM_STAND_STILL_TRAFFIC'},35,{2},5.485714285714286
2e698b97,2e698b96c,2020-11-04,15,{'WEATHERHAZARD'},{'HAZARD_ON_ROAD_CAR_STOPPED'},31,{2},5.0
2e698b97,2e698b96c,2020-11-05,0,{'WEATHERHAZARD'},{'HAZARD_ON_ROAD_POT_HOLE'},435,{2},6.117241379310345
2e698b97,2e698b96c,2020-11-07,14,{'JAM'},{'JAM_HEAVY_TRAFFIC'},48,{2},5.0
2e698b97,2e698b96c,2020-11-07,15,{'WEATHERHAZARD'},{'HAZARD_ON_ROAD_POT_HOLE'},24,{2},6.416666666666667
2e698b97,2e698b96c,2020-11-09,7,{'JAM'},{'JAM_STAND_STILL_TRAFFIC'},31,{2},5.0
2e698b97,2e698b96c,2020-11-10,16,{'JAM'},{'JAM_HEAVY_TRAFFIC'},10,{2},5.0
2e698b97,2e698b96c,2020-11-11,10,{'WEATHERHAZARD'},{'HAZARD_ON_ROAD_CONSTRUCTION'},101,{2},5.871287128712871
2e698b97,2e698b96c,2020-11-11,13,"{'JAM', 'WEATHERHAZARD'}","{'JAM_MODERATE_TRAFFIC', 'HAZARD_ON_ROAD_POT_HOLE'}",176,{2},6.045454545454546
2e698b97,2e698b96c,2020-11-12,12,{'JAM'},{'JAM_STAND_STILL_TRAFFIC'},44,{2},6.295454545454546
2e698b97,2e698b96c,2020-11-15,11,{'WEATHERHAZARD'},{'HAZARD_ON_ROAD_CONSTRUCTION'},521,{2},8.504798464491362
2e698b97,2e698b96c,2020-11-18,16,{'JAM'},{'JAM_STAND_STILL_TRAFFIC'},6,{2},5.0
2e698b97,2e698b96c,2020-11-19,12,{'WEATHERHAZARD'},{'HAZARD_ON_ROAD_CAR_STOPPED'},31,{2},5.0
2e698b97,2e698b96c,2020-11-19,17,{'JAM'},"{'JAM_STAND_STILL_TRAFFIC', 'JAM_MODERATE_TRAFFIC'}",96,{2},5.510416666666667
2e698b97,2e698b96c,2020-11-20,17,{'JAM'},{'JAM_STAND_STILL_TRAFFIC'},12,{1},5.0
2e698b97,2e698b96c,2020-11-20,19,{'JAM'},{'JAM_MODERATE_TRAFFIC'},33,{2},5.0
2e698b97,2e698b96c,2020-11-21,21,{'JAM'},{'JAM_MODERATE_TRAFFIC'},30,{2},6.466666666666667
2e698b97,2e698b96c,2020-11-22,21,{'JAM'},{'JAM_STAND_STILL_TRAFFIC'},1,{2},5.0
2e698b97,2e698b974,2020-09-03,8,{'JAM'},{'JAM_HEAVY_TRAFFIC'},30,{6},5.0
2e698b97,2e698b974,2020-09-04,16,"{'JAM', 'ACCIDENT'}","{'ACCIDENT_MAJOR', 'JAM_MODERATE_TRAFFIC', 'JAM_HEAVY_TRAFFIC'}",88,{6},5.3977272727272725
2e698b97,2e698b974,2020-09-14,13,{'JAM'},{'JAM_STAND_STILL_TRAFFIC'},9,{6},5.0
2e698b97,2e698b974,2020-09-17,9,{'JAM'},{'JAM_HEAVY_TRAFFIC'},26,{6},5.0
2e698b97,2e698b974,2020-09-25,16,{'JAM'},{'JAM_HEAVY_TRAFFIC'},34,{6},5.970588235294118
2e698b97,2e698b974,2020-10-10,10,{'JAM'},{'JAM_HEAVY_TRAFFIC'},41,{6},5.365853658536586
2e698b97,2e698b974,2020-10-12,20,{'JAM'},{'JAM_STAND_STILL_TRAFFIC'},8,{6},5.0
2e698b97,2e698b974,2020-10-14,17,{'JAM'},{'JAM_MODERATE_TRAFFIC'},23,{6},5.0
2e698b97,2e698b974,2020-10-27,7,{'JAM'},{'JAM_STAND_STILL_TRAFFIC'},31,{2},5.0
2e698b97,2e698b974,2020-10-27,10,{'JAM'},{'JAM_STAND_STILL_TRAFFIC'},30,{6},6.0
2e698b97,2e698b974,2020-10-27,19,{'JAM'},{'JAM_STAND_STILL_TRAFFIC'},44,{6},5.0
2e698b97,2e698b974,2020-10-28,19,{'JAM'},{'JAM_STAND_STILL_TRAFFIC'},31,{6},5.0
2e698b97,2e698b974,2020-11-01,13,{'JAM'},{'JAM_STAND_STILL_TRAFFIC'},33,{6},5.0
2e698b97,2e698b974,2020-11-02,10,{'JAM'},{'JAM_STAND_STILL_TRAFFIC'},63,{6},5.0
2e698b97,2e698b974,2020-11-05,13,{'JAM'},{'JAM_MODERATE_TRAFFIC'},32,{6},5.0
2e698b97,2e698b974,2020-11-11,7,{'JAM'},{'JAM_STAND_STILL_TRAFFIC'},28,{6},5.0
2e698b97,2e698b974,2020-11-12,17,{'JAM'},{'JAM_STAND_STILL_TRAFFIC'},31,{2},5.0
2e698b97,2e698b974,2020-11-16,8,{'JAM'},{'JAM_HEAVY_TRAFFIC'},32,{6},5.0
2e698b97,2e698b974,2020-11-16,17,{'JAM'},{'JAM_STAND_STILL_TRAFFIC'},31,{2},5.0
2e698b97,2e698b974,2020-11-18,11,{'JAM'},{'JAM_STAND_STILL_TRAFFIC'},31,{6},5.0
2e698b97,2e698b974,2020-11-18,15,{'JAM'},{'JAM'},31,{2},5.0
2e698b97,2e698b974,2020-11-19,12,{'JAM'},{'JAM_STAND_STILL_TRAFFIC'},10,{6},5.0
2e698b97,2e698b974,2020-11-19,15,{'JAM'},{'JAM_STAND_STILL_TRAFFIC'},31,{2},5.0
2e698b97,2e698b97c,2020-09-03,6,{'JAM'},{'JAM_HEAVY_TRAFFIC'},30,{6},5.0
2e698b97,2e698b97c,2020-09-09,9,{'JAM'},"{'JAM_MODERATE_TRAFFIC', 'JAM_HEAVY_TRAFFIC'}",45,{6},5.0
2e698b97,2e698b97c,2020-09-11,6,{'JAM'},"{'JAM_STAND_STILL_TRAFFIC', 'JAM_MODERATE_TRAFFIC'}",163,{6},6.276073619631902
2e698b97,2e698b97c,2020-09-14,7,{'JAM'},{'JAM_HEAVY_TRAFFIC'},25,{6},5.0
2e698b97,2e698b97c,2020-09-16,17,{'JAM'},{'JAM_STAND_STILL_TRAFFIC'},28,{6},6.535714285714286
2e698b97,2e698b97c,2020-09-16,18,{'WEATHERHAZARD'},{'HAZARD_ON_ROAD_CAR_STOPPED'},45,{6},8.133333333333333
2e698b97,2e698b97c,2020-09-17,7,{'JAM'},{'JAM_HEAVY_TRAFFIC'},35,{6},5.0
2e698b97,2e698b97c,2020-09-22,10,{'JAM'},{'JAM_HEAVY_TRAFFIC'},7,{6},5.0
2e698b97,2e698b97c,2020-09-24,16,{'WEATHERHAZARD'},{'WEATHERHAZARD'},33,{6},6.96969696969697
2e698b97,2e698b97c,2020-09-25,19,{'JAM'},{'JAM'},12,{6},5.0
2e698b97,2e698b97c,2020-09-27,16,{'JAM'},{'JAM'},6,{6},5.0
2e698b97,2e698b97c,2020-09-29,9,{'JAM'},{'JAM'},6,{6},5.0
2e698b97,2e698b97c,2020-10-03,13,{'JAM'},{'JAM_MODERATE_TRAFFIC'},31,{6},5.0
2e698b97,2e698b97c,2020-10-05,7,{'JAM'},{'JAM_HEAVY_TRAFFIC'},30,{6},5.0
2e698b97,2e698b97c,2020-10-05,8,{'JAM'},{'JAM_STAND_STILL_TRAFFIC'},30,{6},5.0
2e698b97,2e698b97c,2020-10-06,7,{'JAM'},{'JAM_MODERATE_TRAFFIC'},33,{6},5.0
2e698b97,2e698b97c,2020-10-07,9,{'JAM'},{'JAM'},31,{6},6.419354838709677
2e698b97,2e698b97c,2020-10-08,12,{'JAM'},{'JAM'},43,{6},5.0
2e698b97,2e698b97c,2020-10-09,7,{'JAM'},{'JAM_MODERATE_TRAFFIC'},31,{6},5.0
2e698b97,2e698b97c,2020-10-14,9,{'JAM'},{'JAM_HEAVY_TRAFFIC'},30,{6},5.0
2e698b97,2e698b97c,2020-10-15,17,{'JAM'},{'JAM_MODERATE_TRAFFIC'},30,{6},5.0
2e698b97,2e698b97c,2020-10-17,19,"{'JAM', 'WEATHERHAZARD'}","{'HAZARD_ON_ROAD_POT_HOLE', 'JAM_HEAVY_TRAFFIC'}",44,{6},5.2272727272727275
2e698b97,2e698b97c,2020-10-21,8,{'JAM'},{'JAM_STAND_STILL_TRAFFIC'},62,{6},5.838709677419355
2e698b97,2e698b97c,2020-10-21,9,{'JAM'},{'JAM_STAND_STILL_TRAFFIC'},31,{6},5.0
2e698b97,2e698b97c,2020-10-22,7,{'JAM'},{'JAM_STAND_STILL_TRAFFIC'},7,{6},5.0
2e698b97,2e698b97c,2020-10-24,13,{'WEATHERHAZARD'},{'WEATHERHAZARD'},21,{6},5.666666666666667
2e698b97,2e698b97c,2020-10-27,7,{'JAM'},{'JAM_HEAVY_TRAFFIC'},30,{6},5.0
2e698b97,2e698b97c,2020-10-28,19,{'JAM'},{'JAM_STAND_STILL_TRAFFIC'},33,{6},5.0
2e698b97,2e698b97c,2020-10-29,19,{'JAM'},{'JAM_STAND_STILL_TRAFFIC'},10,{6},5.0
2e698b97,2e698b97c,2020-10-30,22,{'JAM'},{'JAM_HEAVY_TRAFFIC'},32,{6},5.0
2e698b97,2e698b97c,2020-11-01,10,{'JAM'},{'JAM_STAND_STILL_TRAFFIC'},31,{6},5.0
2e698b97,2e698b97c,2020-11-01,13,{'JAM'},{'JAM_STAND_STILL_TRAFFIC'},30,{6},6.9
2e698b97,2e698b97c,2020-11-03,8,{'JAM'},{'JAM_STAND_STILL_TRAFFIC'},25,{6},5.84
2e698b97,2e698b97c,2020-11-05,8,{'JAM'},{'JAM_STAND_STILL_TRAFFIC'},9,{6},5.0
2e698b97,2e698b97c,2020-11-11,7,{'JAM'},{'JAM_HEAVY_TRAFFIC'},30,{6},5.0
2e698b97,2e698b97c,2020-11-13,13,{'JAM'},{'JAM_HEAVY_TRAFFIC'},36,{6},5.0
2e698b97,2e698b97c,2020-11-15,14,{'JAM'},{'JAM_STAND_STILL_TRAFFIC'},21,{6},5.0
2e698b97,2e698b97c,2020-11-19,6,{'JAM'},{'JAM_HEAVY_TRAFFIC'},30,{6},5.0
2e698b97,2e698b97c,2020-11-19,12,{'JAM'},{'JAM_STAND_STILL_TRAFFIC'},10,{6},5.0
2e698b99,2e698b984,2020-09-22,13,{'ACCIDENT'},{'ACCIDENT_MINOR'},24,{6},5.0
2e698b99,2e698b984,2020-10-05,11,{'JAM'},{'JAM_STAND_STILL_TRAFFIC'},31,{6},5.0
2e698b99,2e698b984,2020-10-19,11,{'JAM'},{'JAM_MODERATE_TRAFFIC'},15,{6},5.0
2e698b99,2e698b984,2020-10-23,14,{'JAM'},{'JAM_STAND_STILL_TRAFFIC'},36,{6},5.111111111111111
2e698b99,2e698b984,2020-10-23,16,{'JAM'},{'JAM_STAND_STILL_TRAFFIC'},41,{6},8.634146341463415
2e698b99,2e698b984,2020-10-28,17,{'JAM'},{'JAM_MODERATE_TRAFFIC'},33,{6},5.0
2e698b99,2e698b984,2020-10-28,19,{'JAM'},{'JAM_STAND_STILL_TRAFFIC'},7,{6},5.0
2e698b99,2e698b984,2020-11-02,9,{'JAM'},{'JAM_HEAVY_TRAFFIC'},30,{6},5.0
2e698b99,2e698b984,2020-11-20,19,{'JAM'},{'JAM_MODERATE_TRAFFIC'},31,{6},5.0
2e698ba3,2e698ba2c,2020-10-08,12,{'JAM'},{'JAM_MODERATE_TRAFFIC'},26,{6},5.0
2e698ba3,2e698ba2c,2020-10-13,15,{'JAM'},{'JAM_STAND_STILL_TRAFFIC'},32,{6},5.0
2e698ba3,2e698ba2c,2020-10-17,17,{'JAM'},{'JAM_MODERATE_TRAFFIC'},33,{6},5.0
2e698ba3,2e698ba2c,2020-10-23,8,{'JAM'},{'JAM'},32,{6},5.0
2e698ba3,2e698ba2c,2020-10-23,16,{'JAM'},{'JAM_STAND_STILL_TRAFFIC'},9,{6},6.0
2e698ba3,2e698ba2c,2020-10-27,10,{'JAM'},{'JAM_STAND_STILL_TRAFFIC'},32,{6},5.90625
2e698ba3,2e698ba2c,2020-10-28,5,{'JAM'},{'JAM_STAND_STILL_TRAFFIC'},31,{6},5.967741935483871
2e698ba3,2e698ba2c,2020-10-28,19,{'JAM'},{'JAM_STAND_STILL_TRAFFIC'},24,{6},6.75
2e698ba3,2e698ba2c,2020-10-28,20,{'JAM'},{'JAM_HEAVY_TRAFFIC'},30,{6},5.833333333333333
2e698ba3,2e698ba2c,2020-11-01,11,{'JAM'},{'JAM_HEAVY_TRAFFIC'},31,{6},5.838709677419355
2e698ba3,2e698ba2c,2020-11-13,7,{'JAM'},{'JAM_HEAVY_TRAFFIC'},23,{6},5.0
2e698ba3,2e698ba2c,2020-11-18,18,{'JAM'},{'JAM_HEAVY_TRAFFIC'},31,{6},5.0
2e698ba3,2e698ba2c,2020-11-20,16,{'JAM'},{'JAM_HEAVY_TRAFFIC'},32,{6},5.0
2e698bb1,2e698bb04,2020-11-04,19,{'WEATHERHAZARD'},{'HAZARD_ON_ROAD_OBJECT'},63,{2},6.0
2e698bb1,2e698bb04,2020-11-06,16,{'WEATHERHAZARD'},{'HAZARD_ON_ROAD_CONSTRUCTION'},176,{2},7.954545454545454
2e698bb1,2e698bb04,2020-11-06,19,{'WEATHERHAZARD'},{'HAZARD_ON_SHOULDER_CAR_STOPPED'},9,{2},5.888888888888889
2e698bb1,2e698bb04,2020-11-07,0,{'WEATHERHAZARD'},{'HAZARD_ON_ROAD_CONSTRUCTION'},659,{2},5.880121396054628
2e698bb3,2e698bb2c,2020-10-09,17,{'JAM'},{'JAM_HEAVY_TRAFFIC'},21,{1},6.714285714285714
2e698bb3,2e698bb2c,2020-10-17,16,{'JAM'},{'JAM_STAND_STILL_TRAFFIC'},8,{1},5.0
2e698bb3,2e698bb2c,2020-10-28,17,{'JAM'},{'JAM'},30,{1},6.0
2e698bb5,2e698bb5c,2020-11-20,8,{'JAM'},{'JAM_HEAVY_TRAFFIC'},64,{1},5.0
2e698bb7,2e698bb64,2020-10-31,14,{'ACCIDENT'},{'ACCIDENT_MINOR'},242,{1},5.0
2e698bb7,2e698bb74,2020-09-01,19,{'JAM'},{'JAM'},34,{2},5.0
2e698bb7,2e698bb74,2020-09-26,10,{'JAM'},{'JAM'},30,{2},5.0
2e698bb7,2e698bb74,2020-10-01,13,{'JAM'},{'JAM_HEAVY_TRAFFIC'},8,{2},5.875
2e698bb7,2e698bb74,2020-10-15,9,{'JAM'},{'JAM'},32,{1},5.0
2e698bb9,2e698bb84,2020-09-01,17,{'JAM'},{'JAM_STAND_STILL_TRAFFIC'},30,{2},5.0
2e698bb9,2e698bb84,2020-09-07,17,{'JAM'},{'JAM_STAND_STILL_TRAFFIC'},19,{2},5.052631578947368
2e698bb9,2e698bb84,2020-09-24,17,{'JAM'},{'JAM_STAND_STILL_TRAFFIC'},62,{2},5.435483870967742
2e698bb9,2e698bb84,2020-09-26,15,{'JAM'},{'JAM_MODERATE_TRAFFIC'},33,{2},5.0
2e698bb9,2e698bb84,2020-09-28,17,{'JAM'},{'JAM_STAND_STILL_TRAFFIC'},31,{2},6.0
2e698bb9,2e698bb84,2020-09-29,17,{'JAM'},{'JAM_HEAVY_TRAFFIC'},32,{2},5.0
2e698bb9,2e698bb84,2020-10-02,20,{'JAM'},"{'JAM_STAND_STILL_TRAFFIC', 'JAM_HEAVY_TRAFFIC'}",62,{2},5.0
2e698bb9,2e698bb84,2020-10-03,17,{'JAM'},{'JAM_STAND_STILL_TRAFFIC'},185,{2},5.3621621621621625
2e698bb9,2e698bb84,2020-10-04,17,{'JAM'},{'JAM_STAND_STILL_TRAFFIC'},43,{2},5.767441860465116
2e698bb9,2e698bb84,2020-10-05,19,{'JAM'},{'JAM_STAND_STILL_TRAFFIC'},130,{2},5.223076923076923
2e698bb9,2e698bb84,2020-10-16,1,{'JAM'},{'JAM_HEAVY_TRAFFIC'},30,{2},5.0
2e698bb9,2e698bb84,2020-10-17,16,{'JAM'},{'JAM_HEAVY_TRAFFIC'},62,{2},5.451612903225806
2e698bb9,2e698bb84,2020-10-24,17,{'JAM'},"{'JAM_STAND_STILL_TRAFFIC', 'JAM_HEAVY_TRAFFIC'}",109,{2},5.458715596330276
2e698bb9,2e698bb84,2020-10-24,18,{'JAM'},{'JAM_STAND_STILL_TRAFFIC'},5,{2},5.0
2e698bb9,2e698bb84,2020-10-26,19,{'JAM'},{'JAM_STAND_STILL_TRAFFIC'},31,{2},5.0
2e698bb9,2e698bb84,2020-10-28,17,{'JAM'},{'JAM_HEAVY_TRAFFIC'},35,{2},5.0
2e698bb9,2e698bb84,2020-10-28,18,{'JAM'},{'JAM_HEAVY_TRAFFIC'},93,{2},5.0
2e698bb9,2e698bb84,2020-11-01,15,{'WEATHERHAZARD'},{'HAZARD_WEATHER_FLOOD'},30,{2},5.0
2e698bb9,2e698bb84,2020-11-01,16,{'JAM'},{'JAM_HEAVY_TRAFFIC'},67,{2},5.0
2e698bb9,2e698bb84,2020-11-03,18,{'JAM'},{'JAM_STAND_STILL_TRAFFIC'},31,{2},5.0
2e698bb9,2e698bb84,2020-11-06,20,{'JAM'},{'JAM_STAND_STILL_TRAFFIC'},31,{2},5.0
2e698bb9,2e698bb84,2020-11-07,14,{'JAM'},{'JAM_HEAVY_TRAFFIC'},56,{2},5.0
2e698bb9,2e698bb84,2020-11-07,17,{'JAM'},"{'JAM_MODERATE_TRAFFIC', 'JAM_HEAVY_TRAFFIC'}",45,{2},5.0
2e698bb9,2e698bb84,2020-11-07,18,{'JAM'},{'JAM'},33,{2},5.0
2e698bb9,2e698bb84,2020-11-12,17,{'JAM'},{'JAM_HEAVY_TRAFFIC'},31,{2},5.903225806451613
2e698bb9,2e698bb84,2020-11-17,19,{'JAM'},"{'JAM_STAND_STILL_TRAFFIC', 'JAM_HEAVY_TRAFFIC'}",113,{2},5.929203539823009
2e698bb9,2e698bb84,2020-11-20,19,{'JAM'},"{'JAM_STAND_STILL_TRAFFIC', 'JAM_HEAVY_TRAFFIC'}",104,{2},5.153846153846154
2e698bb9,2e698bb84,2020-11-20,20,{'JAM'},{'JAM_MODERATE_TRAFFIC'},64,{2},5.0
2e698bb9,2e698bb84,2020-11-20,23,"{'JAM', 'WEATHERHAZARD', 'ACCIDENT'}","{'JAM', 'WEATHERHAZARD', 'HAZARD_ON_ROAD', 'ACCIDENT_MINOR'}",214,{2},5.135514018691588
2e698bb9,2e698bb84,2020-11-21,16,{'JAM'},{'JAM_STAND_STILL_TRAFFIC'},61,{2},5.0
2e698bb9,2e698bb94,2020-11-06,18,{'WEATHERHAZARD'},{'HAZARD_ON_SHOULDER_CAR_STOPPED'},47,{2},6.468085106382978
2e698bb9,2e698bb94,2020-11-20,6,{'JAM'},"{'JAM', 'JAM_STAND_STILL_TRAFFIC', 'JAM_HEAVY_TRAFFIC'}",68,{2},5.0
2e698bb9,2e698bb94,2020-11-22,13,{'WEATHERHAZARD'},{'HAZARD_ON_ROAD_CONSTRUCTION'},331,{2},8.027190332326285
2e698bb9,2e698bb9c,2020-09-02,18,{'JAM'},{'JAM_STAND_STILL_TRAFFIC'},6,{2},6.0
2e698bb9,2e698bb9c,2020-10-01,18,{'JAM'},{'JAM_STAND_STILL_TRAFFIC'},32,{2},5.0
2e698bb9,2e698bb9c,2020-10-02,18,{'JAM'},{'JAM_STAND_STILL_TRAFFIC'},9,{2},5.0
2e698bb9,2e698bb9c,2020-10-03,17,{'JAM'},{'JAM_STAND_STILL_TRAFFIC'},97,{2},6.154639175257732
2e698bb9,2e698bb9c,2020-10-03,18,{'JAM'},{'JAM_STAND_STILL_TRAFFIC'},31,{2},5.0
2e698bb9,2e698bb9c,2020-10-04,17,{'JAM'},{'JAM_HEAVY_TRAFFIC'},45,{2},6.355555555555555
2e698bb9,2e698bb9c,2020-10-05,19,{'JAM'},{'JAM_STAND_STILL_TRAFFIC'},98,{2},5.63265306122449
2e698bb9,2e698bb9c,2020-10-24,17,{'JAM'},"{'JAM_STAND_STILL_TRAFFIC', 'JAM_HEAVY_TRAFFIC'}",29,{2},6.931034482758621
2e698bb9,2e698bb9c,2020-10-25,16,{'ACCIDENT'},{'ACCIDENT_MAJOR'},121,{1},5.0
2e698bb9,2e698bb9c,2020-10-27,13,{'JAM'},{'JAM_HEAVY_TRAFFIC'},14,{2},5.0
2e698bb9,2e698bb9c,2020-10-28,17,{'JAM'},{'JAM_STAND_STILL_TRAFFIC'},32,{2},5.0
2e698bb9,2e698bb9c,2020-10-28,19,{'JAM'},{'JAM_HEAVY_TRAFFIC'},34,{2},5.0
2e698bb9,2e698bb9c,2020-11-05,18,{'JAM'},{'JAM_STAND_STILL_TRAFFIC'},43,{2},5.0
2e698bb9,2e698bb9c,2020-11-10,17,{'JAM'},{'JAM_STAND_STILL_TRAFFIC'},33,{2},5.0
2e698bb9,2e698bb9c,2020-11-16,17,{'JAM'},{'JAM_STAND_STILL_TRAFFIC'},30,{2},5.0
2e698bb9,2e698bb9c,2020-11-20,19,{'JAM'},{'JAM_STAND_STILL_TRAFFIC'},73,{2},5.657534246575342
2e698bbb,2e698bba4,2020-09-03,10,{'ACCIDENT'},{'ACCIDENT'},120,{2},5.0
2e698bbb,2e698bba4,2020-10-04,18,{'WEATHERHAZARD'},{'WEATHERHAZARD'},32,{2},5.0625
2e698bbb,2e698bba4,2020-11-09,12,{'JAM'},{'JAM_MODERATE_TRAFFIC'},30,{2},5.0
2e698bbb,2e698bbac,2020-11-04,19,{'WEATHERHAZARD'},{'HAZARD_ON_ROAD_OBJECT'},63,{2},6.984126984126984
2e698bbb,2e698bbb4,2020-09-08,21,"{'JAM', 'ACCIDENT'}","{'JAM_STAND_STILL_TRAFFIC', 'ACCIDENT'}",147,{1},5.0
2e698bbb,2e698bbbc,2020-11-04,11,{'WEATHERHAZARD'},{'HAZARD_ON_ROAD_CONSTRUCTION'},175,{2},7.628571428571429
2e698bbb,2e698bbbc,2020-11-17,17,{'WEATHERHAZARD'},{'HAZARD_ON_ROAD_CONSTRUCTION'},125,{2},5.872
2e698bbb,2e698bbbc,2020-11-20,14,{'WEATHERHAZARD'},{'HAZARD_ON_ROAD_CONSTRUCTION'},147,{2},6.782312925170068
2e698bbb,2e698bbbc,2020-11-21,12,{'WEATHERHAZARD'},{'HAZARD_ON_ROAD_CONSTRUCTION'},92,{2},8.66304347826087
2e698bbb,2e698bbbc,2020-11-22,14,{'WEATHERHAZARD'},{'HAZARD_ON_ROAD_CONSTRUCTION'},66,{2},7.5606060606060606
2e698bbb,2e698bbbc,2020-11-22,16,{'WEATHERHAZARD'},{'HAZARD_ON_ROAD_CONSTRUCTION'},103,{2},6.970873786407767
2e698bbd,2e698bbc4,2020-09-06,20,{'JAM'},{'JAM_STAND_STILL_TRAFFIC'},33,{2},5.0
2e698bbd,2e698bbc4,2020-09-06,21,{'WEATHERHAZARD'},{'HAZARD_ON_ROAD_CONSTRUCTION'},73,{2},6.506849315068493
2e698bbd,2e698bbc4,2020-11-05,15,{'WEATHERHAZARD'},{'HAZARD_ON_SHOULDER_CAR_STOPPED'},36,{2},5.527777777777778
2e698bbd,2e698bbc4,2020-11-17,17,{'JAM'},{'JAM_HEAVY_TRAFFIC'},33,{2},5.878787878787879
2e698bbd,2e698bbc4,2020-11-19,14,{'WEATHERHAZARD'},{'HAZARD_ON_ROAD_CONSTRUCTION'},91,{2},7.285714285714286
2e698bbd,2e698bbc4,2020-11-20,8,{'JAM'},{'JAM'},33,{2},5.0
2e698bbd,2e698bbc4,2020-11-20,16,"{'JAM', 'WEATHERHAZARD'}","{'JAM', 'HAZARD_ON_ROAD_CONSTRUCTION'}",252,{2},8.603174603174603
2e698bbd,2e698bbcc,2020-09-10,14,{'ACCIDENT'},{'ACCIDENT_MINOR'},40,{1},5.275
2e698bbd,2e698bbdc,2020-09-19,15,{'JAM'},{'JAM'},6,{2},5.0
2e698bbd,2e698bbdc,2020-11-08,6,{'WEATHERHAZARD'},{'WEATHERHAZARD'},35,{6},5.0
2e698bbd,2e698bbdc,2020-11-17,23,{'JAM'},{'JAM'},6,{2},5.0
2e698bbf,2e698bbe4,2020-11-04,15,{'JAM'},{'JAM_MODERATE_TRAFFIC'},31,{20},5.0
2e698bc1,2e698bc0c,2020-10-17,19,{'WEATHERHAZARD'},{'HAZARD_ON_ROAD_CONSTRUCTION'},721,{2},7.9750346740638
2e698bc1,2e698bc0c,2020-10-20,12,{'WEATHERHAZARD'},{'HAZARD_WEATHER'},31,{1},5.0
2e698bc1,2e698bc14,2020-10-30,9,{'JAM'},{'JAM_MODERATE_TRAFFIC'},62,{1},5.0
2e698bc1,2e698bc1c,2020-10-11,20,{'ACCIDENT'},{'ACCIDENT_MAJOR'},121,{1},5.0
2e698bc1,2e698bc1c,2020-10-12,17,{'JAM'},{'JAM_STAND_STILL_TRAFFIC'},32,{1},5.0
2e698bc5,2e698bc54,2020-10-30,17,{'ACCIDENT'},{'ACCIDENT'},242,{2},5.789256198347108
2e698bc5,2e698bc5c,2020-10-30,17,{'WEATHERHAZARD'},{'HAZARD_WEATHER_HEAVY_SNOW'},66,{2},5.0
2e698bc7,2e698bc64,2020-09-13,16,{'JAM'},{'JAM_HEAVY_TRAFFIC'},60,{2},5.0
2e698bc7,2e698bc64,2020-10-03,16,{'JAM'},{'JAM_STAND_STILL_TRAFFIC'},64,{2},5.0
2e698bc7,2e698bc64,2020-10-03,18,{'JAM'},{'JAM_STAND_STILL_TRAFFIC'},60,{2},5.866666666666666
2e698bc7,2e698bc64,2020-10-04,16,{'JAM'},{'JAM_STAND_STILL_TRAFFIC'},68,{2},5.0
2e698bc7,2e698bc64,2020-10-07,17,{'JAM'},{'JAM'},60,{2},5.0
2e698bc7,2e698bc64,2020-10-17,11,{'JAM'},{'JAM_HEAVY_TRAFFIC'},44,{2},5.0
2e698bc7,2e698bc64,2020-11-14,17,{'JAM'},{'JAM_STAND_STILL_TRAFFIC'},54,{2},5.0
2e698bc7,2e698bc64,2020-11-15,17,{'JAM'},{'JAM_STAND_STILL_TRAFFIC'},49,{2},5.755102040816326
2e698bc7,2e698bc64,2020-11-21,17,{'JAM'},{'JAM_STAND_STILL_TRAFFIC'},29,{2},5.0
2e698bc7,2e698bc64,2020-11-22,16,{'JAM'},{'JAM_STAND_STILL_TRAFFIC'},64,{2},5.0
2e698bc7,2e698bc74,2020-10-03,18,{'JAM'},{'JAM_STAND_STILL_TRAFFIC'},30,{2},5.0
2e698bc7,2e698bc7c,2020-09-04,18,{'JAM'},{'JAM_STAND_STILL_TRAFFIC'},62,{2},5.0
2e698bc7,2e698bc7c,2020-09-07,17,{'JAM'},{'JAM_STAND_STILL_TRAFFIC'},16,{2},7.0
2e698bc7,2e698bc7c,2020-09-09,17,{'JAM'},{'JAM_STAND_STILL_TRAFFIC'},56,{2},5.0
2e698bc7,2e698bc7c,2020-09-24,17,{'JAM'},{'JAM_STAND_STILL_TRAFFIC'},30,{2},5.0
2e698bc7,2e698bc7c,2020-09-29,17,{'JAM'},{'JAM_STAND_STILL_TRAFFIC'},40,{2},5.4
2e698bc7,2e698bc7c,2020-09-29,19,{'JAM'},{'JAM_STAND_STILL_TRAFFIC'},15,{2},5.0
2e698bc7,2e698bc7c,2020-10-02,20,{'JAM'},{'JAM_HEAVY_TRAFFIC'},29,{2},6.0
2e698bc7,2e698bc7c,2020-10-03,16,{'JAM'},{'JAM_STAND_STILL_TRAFFIC'},66,{2},5.0
2e698bc7,2e698bc7c,2020-10-03,17,{'JAM'},{'JAM_STAND_STILL_TRAFFIC'},62,{2},5.0
2e698bc7,2e698bc7c,2020-10-03,18,{'JAM'},{'JAM_STAND_STILL_TRAFFIC'},64,{2},5.96875
2e698bc7,2e698bc7c,2020-10-04,16,{'JAM'},{'JAM_STAND_STILL_TRAFFIC'},32,{2},5.0
2e698bc7,2e698bc7c,2020-10-04,18,{'JAM'},{'JAM_STAND_STILL_TRAFFIC'},62,{2},5.0
2e698bc7,2e698bc7c,2020-10-05,17,{'JAM'},{'JAM_STAND_STILL_TRAFFIC'},31,{2},5.0
2e698bc7,2e698bc7c,2020-10-09,18,{'JAM'},{'JAM_STAND_STILL_TRAFFIC'},30,{2},5.0
2e698bc7,2e698bc7c,2020-10-24,18,{'JAM'},{'JAM_STAND_STILL_TRAFFIC'},26,{2},6.0
2e698bc7,2e698bc7c,2020-10-28,14,{'JAM'},{'JAM'},62,{2},5.0
2e698bc7,2e698bc7c,2020-10-28,18,{'JAM'},{'JAM_STAND_STILL_TRAFFIC'},61,{2},5.0
2e698bc7,2e698bc7c,2020-10-31,19,{'JAM'},{'JAM_MODERATE_TRAFFIC'},32,{2},5.0
2e698bc7,2e698bc7c,2020-11-06,20,{'JAM'},{'JAM_STAND_STILL_TRAFFIC'},10,{2},5.0
2e698bc7,2e698bc7c,2020-11-07,15,{'JAM'},{'JAM_HEAVY_TRAFFIC'},61,{2},5.0
2e698bc7,2e698bc7c,2020-11-09,17,{'JAM'},{'JAM_MODERATE_TRAFFIC'},31,{2},5.0
2e698bc7,2e698bc7c,2020-11-12,19,{'JAM'},{'JAM_MODERATE_TRAFFIC'},31,{2},5.0
2e698bc7,2e698bc7c,2020-11-14,17,{'JAM'},{'JAM_STAND_STILL_TRAFFIC'},98,{2},5.0
2e698bc7,2e698bc7c,2020-11-16,18,{'JAM'},"{'JAM_STAND_STILL_TRAFFIC', 'JAM_HEAVY_TRAFFIC'}",51,{2},5.333333333333333
2e698bc7,2e698bc7c,2020-11-17,19,{'JAM'},{'JAM_STAND_STILL_TRAFFIC'},132,{2},5.803030303030303
2e698bc7,2e698bc7c,2020-11-20,16,{'JAM'},{'JAM_MODERATE_TRAFFIC'},32,{2},5.96875
2e698bc7,2e698bc7c,2020-11-20,18,{'JAM'},{'JAM_STAND_STILL_TRAFFIC'},63,{2},5.0
2e698bc7,2e698bc7c,2020-11-20,19,{'JAM'},{'JAM_STAND_STILL_TRAFFIC'},30,{2},5.0
2e698bc9,2e698bc94,2020-11-04,9,{'WEATHERHAZARD'},{'HAZARD_ON_ROAD_POT_HOLE'},20082,{1},9.505875908774026
2e698bc9,2e698bc94,2020-11-09,17,{'WEATHERHAZARD'},{'HAZARD_ON_SHOULDER_ANIMALS'},62,{1},5.0
2e698bc9,2e698bc9c,2020-11-04,9,{'WEATHERHAZARD'},{'HAZARD_ON_ROAD'},62,{2},5.0
2e698bcb,2e698bcbc,2020-11-04,9,{'WEATHERHAZARD'},{'HAZARD_ON_ROAD_POT_HOLE'},3640,{2},8.642307692307693
2e698bcd,2e698bcc4,2020-09-18,12,{'ACCIDENT'},{'ACCIDENT_MAJOR'},150,{1},5.0
2e698bcd,2e698bcc4,2020-09-23,22,{'ACCIDENT'},{'ACCIDENT_MAJOR'},240,{1},5.0
2e698bcd,2e698bcdc,2020-10-28,19,{'JAM'},{'JAM'},60,{1},5.0
2e698bcf,2e698bce4,2020-09-16,13,"{'JAM', 'ACCIDENT'}","{'JAM_HEAVY_TRAFFIC', 'ACCIDENT_MAJOR'}",311,{1},5.0
2e698bcf,2e698bce4,2020-10-12,11,"{'JAM', 'ACCIDENT'}","{'JAM_HEAVY_TRAFFIC', 'ACCIDENT_MAJOR'}",302,{1},5.0
2e698bcf,2e698bce4,2020-11-15,21,{'ACCIDENT'},{'ACCIDENT_MAJOR'},244,{1},5.0
2e698bcf,2e698bcec,2020-10-19,10,{'WEATHERHAZARD'},{'HAZARD_ON_SHOULDER_CAR_STOPPED'},62,{2},5.0
2e698bcf,2e698bcf4,2020-11-01,21,{'WEATHERHAZARD'},"{'WEATHERHAZARD', 'HAZARD_WEATHER'}",122,{1},5.0
2e698bd1,2e698bd04,2020-10-19,10,{'WEATHERHAZARD'},{'HAZARD_ON_ROAD_POT_HOLE'},172,{2},5.598837209302325
2e698bd1,2e698bd04,2020-11-04,11,{'WEATHERHAZARD'},{'HAZARD_ON_ROAD_POT_HOLE'},448,{2},5.227678571428571
2e698bd1,2e698bd04,2020-11-06,19,{'WEATHERHAZARD'},{'HAZARD_ON_ROAD_POT_HOLE'},1242,{2},8.035426731078905
2e698bd1,2e698bd04,2020-11-20,17,{'WEATHERHAZARD'},{'HAZARD_ON_ROAD_CONSTRUCTION'},549,{2},7.33879781420765
2e698bd1,2e698bd14,2020-10-17,16,{'JAM'},{'JAM_HEAVY_TRAFFIC'},125,{2},5.0
2e698bd1,2e698bd14,2020-10-24,10,{'JAM'},{'JAM_HEAVY_TRAFFIC'},26,{2},5.0
2e698bd1,2e698bd14,2020-10-24,18,"{'JAM', 'WEATHERHAZARD'}","{'JAM_STAND_STILL_TRAFFIC', 'HAZARD_ON_ROAD_TRAFFIC_LIGHT_FAULT'}",144,{2},5.0
2e698bd1,2e698bd14,2020-11-01,16,{'JAM'},{'JAM_STAND_STILL_TRAFFIC'},66,{2},5.0
2e698bd1,2e698bd14,2020-11-07,17,{'JAM'},{'JAM_HEAVY_TRAFFIC'},53,{2},5.0
2e698bd1,2e698bd14,2020-11-14,17,{'JAM'},{'JAM_STAND_STILL_TRAFFIC'},68,{2},5.0
2e698bd1,2e698bd1c,2020-10-04,0,{'WEATHERHAZARD'},{'WEATHERHAZARD'},64,{1},5.0
2e698bd1,2e698bd1c,2020-10-17,17,{'JAM'},{'JAM_HEAVY_TRAFFIC'},60,{2},5.9
2e698bd1,2e698bd1c,2020-11-06,19,{'WEATHERHAZARD'},{'HAZARD_ON_SHOULDER_CAR_STOPPED'},56,{1},6.607142857142857
2e698bd3,2e698bd24,2020-11-06,19,{'WEATHERHAZARD'},{'HAZARD_ON_SHOULDER_CAR_STOPPED'},14,{1},5.0
2e698bd3,2e698bd34,2020-10-21,11,{'WEATHERHAZARD'},{'HAZARD_ON_ROAD'},60,{2},5.0
2e698bd3,2e698bd34,2020-11-01,16,{'WEATHERHAZARD'},{'HAZARD_WEATHER_FLOOD'},62,{2},5.870967741935484
2e698bd3,2e698bd3c,2020-11-11,8,{'JAM'},{'JAM'},60,{1},5.0
2e698bd5,2e698bd4c,2020-09-14,7,{'JAM'},{'JAM_HEAVY_TRAFFIC'},61,{1},5.0
2e698bd7,2e698bd6c,2020-11-06,13,{'JAM'},{'JAM_MODERATE_TRAFFIC'},60,{2},5.0
2e698bd7,2e698bd74,2020-09-05,9,{'JAM'},{'JAM_STAND_STILL_TRAFFIC'},24,{1},5.0
2e698bd7,2e698bd7c,2020-10-26,19,{'WEATHERHAZARD'},{'HAZARD_WEATHER_FLOOD'},70,{1},5.0
2e698bd7,2e698bd7c,2020-10-31,10,{'JAM'},{'JAM_STAND_STILL_TRAFFIC'},66,{1},5.0
2e698bd7,2e698bd7c,2020-11-21,20,{'JAM'},{'JAM_STAND_STILL_TRAFFIC'},33,{1},5.0
2e698bd9,2e698bd8c,2020-10-07,21,{'JAM'},{'JAM'},62,{1},5.0
2e698bd9,2e698bd94,2020-10-22,6,{'JAM'},{'JAM_HEAVY_TRAFFIC'},62,{1},5.967741935483871
2e698bdb,2e698bda4,2020-11-16,19,{'JAM'},{'JAM_STAND_STILL_TRAFFIC'},62,{2},5.0
2e698bdb,2e698bdac,2020-10-03,13,{'WEATHERHAZARD'},{'WEATHERHAZARD'},34,{2},5.705882352941177
2e698bdb,2e698bdac,2020-11-13,18,{'JAM'},{'JAM_HEAVY_TRAFFIC'},60,{2},5.0
2e698bdb,2e698bdbc,2020-10-02,14,{'JAM'},{'JAM_HEAVY_TRAFFIC'},60,{2},5.0
2e698bdb,2e698bdbc,2020-10-11,10,{'JAM'},{'JAM_STAND_STILL_TRAFFIC'},60,{2},5.0
2e698bdd,2e698bddc,2020-10-11,18,{'JAM'},{'JAM_MODERATE_TRAFFIC'},10,{2},5.0
2e698bdd,2e698bddc,2020-10-30,21,{'JAM'},{'JAM_MODERATE_TRAFFIC'},64,{1},5.0
2e698bdf,2e698bde4,2020-10-25,17,{'JAM'},{'JAM_STAND_STILL_TRAFFIC'},60,{2},5.0
2e698bdf,2e698bdfc,2020-09-01,20,{'JAM'},{'JAM_STAND_STILL_TRAFFIC'},70,"{1, 2}",5.0
2e698bdf,2e698bdfc,2020-09-13,19,{'JAM'},{'JAM_HEAVY_TRAFFIC'},62,{2},5.0
2e698bdf,2e698bdfc,2020-09-19,17,{'JAM'},{'JAM_STAND_STILL_TRAFFIC'},64,{1},6.0
2e698bdf,2e698bdfc,2020-09-26,17,{'JAM'},{'JAM_STAND_STILL_TRAFFIC'},62,{1},5.0
2e698bdf,2e698bdfc,2020-10-02,17,{'JAM'},{'JAM_HEAVY_TRAFFIC'},65,{2},5.0
2e698bdf,2e698bdfc,2020-10-03,18,{'JAM'},{'JAM_STAND_STILL_TRAFFIC'},65,{2},7.0
2e698bdf,2e698bdfc,2020-10-04,15,{'JAM'},{'JAM_STAND_STILL_TRAFFIC'},23,{1},5.260869565217392
2e698bdf,2e698bdfc,2020-10-04,16,{'JAM'},{'JAM_HEAVY_TRAFFIC'},14,{1},5.0
2e698bdf,2e698bdfc,2020-10-04,18,{'JAM'},{'JAM_HEAVY_TRAFFIC'},60,{1},5.0
2e698bdf,2e698bdfc,2020-10-09,17,{'JAM'},{'JAM_STAND_STILL_TRAFFIC'},62,{1},5.0
2e698bdf,2e698bdfc,2020-10-17,18,{'JAM'},{'JAM_HEAVY_TRAFFIC'},62,{20},5.0
2e698bdf,2e698bdfc,2020-10-18,19,{'JAM'},{'JAM_STAND_STILL_TRAFFIC'},64,{2},5.0
2e698bdf,2e698bdfc,2020-10-21,17,{'JAM'},{'JAM_MODERATE_TRAFFIC'},60,{1},5.0
2e698bdf,2e698bdfc,2020-10-28,17,{'JAM'},{'JAM_STAND_STILL_TRAFFIC'},126,"{1, 2}",6.007936507936508
2e698bdf,2e698bdfc,2020-10-28,18,{'JAM'},"{'JAM_STAND_STILL_TRAFFIC', 'JAM_HEAVY_TRAFFIC'}",121,{1},5.0
2e698bdf,2e698bdfc,2020-10-28,19,{'JAM'},{'JAM_HEAVY_TRAFFIC'},10,{1},5.0
2e698bdf,2e698bdfc,2020-10-28,20,{'JAM'},{'JAM_STAND_STILL_TRAFFIC'},12,{1},5.0
2e698bdf,2e698bdfc,2020-11-05,17,{'JAM'},"{'JAM', 'JAM_STAND_STILL_TRAFFIC', 'JAM_HEAVY_TRAFFIC'}",186,"{1, 2}",5.0
2e698bdf,2e698bdfc,2020-11-07,17,{'JAM'},{'JAM_STAND_STILL_TRAFFIC'},57,{1},5.982456140350878
2e698bdf,2e698bdfc,2020-11-07,18,{'JAM'},{'JAM_HEAVY_TRAFFIC'},10,{1},5.0
2e698bdf,2e698bdfc,2020-11-07,19,{'JAM'},{'JAM'},90,{1},6.288888888888889
2e698bdf,2e698bdfc,2020-11-08,14,{'JAM'},{'JAM_MODERATE_TRAFFIC'},66,{2},5.0
2e698bdf,2e698bdfc,2020-11-09,18,{'JAM'},{'JAM_STAND_STILL_TRAFFIC'},62,{2},6.580645161290323
2e698bdf,2e698bdfc,2020-11-14,17,{'JAM'},{'JAM_STAND_STILL_TRAFFIC'},34,{1},6.0
2e698bdf,2e698bdfc,2020-11-14,19,{'JAM'},{'JAM_HEAVY_TRAFFIC'},61,{1},5.672131147540983
2e698bdf,2e698bdfc,2020-11-15,17,{'JAM'},{'JAM'},61,{2},5.0
2e698bdf,2e698bdfc,2020-11-20,19,{'JAM'},{'JAM_MODERATE_TRAFFIC'},64,{2},5.0
2e698be1,2e698be04,2020-09-01,20,{'JAM'},{'JAM_HEAVY_TRAFFIC'},60,{1},5.0
2e698be1,2e698be04,2020-10-03,19,{'JAM'},{'JAM_STAND_STILL_TRAFFIC'},48,{1},5.0
2e698be1,2e698be04,2020-10-21,17,{'JAM'},"{'JAM_MODERATE_TRAFFIC', 'JAM_HEAVY_TRAFFIC'}",122,{1},5.0
2e698be1,2e698be04,2020-10-28,17,{'JAM'},{'JAM_STAND_STILL_TRAFFIC'},64,{1},7.65625
2e698be1,2e698be04,2020-10-28,18,{'JAM'},{'JAM_STAND_STILL_TRAFFIC'},190,{1},5.315789473684211
2e698be1,2e698be04,2020-10-28,19,{'JAM'},"{'JAM_MODERATE_TRAFFIC', 'JAM_HEAVY_TRAFFIC'}",46,{1},5.0
2e698be1,2e698be04,2020-10-29,19,{'JAM'},{'JAM_STAND_STILL_TRAFFIC'},14,{1},5.0
2e698be1,2e698be04,2020-11-07,19,{'JAM'},"{'JAM', 'JAM_STAND_STILL_TRAFFIC'}",130,{1},5.0
2e698be1,2e698be04,2020-11-08,16,{'JAM'},{'JAM'},62,{1},5.967741935483871
2e698be1,2e698be04,2020-11-12,18,{'JAM'},{'JAM_STAND_STILL_TRAFFIC'},50,{1},5.0
2e698be1,2e698be04,2020-11-13,17,{'JAM'},{'JAM_STAND_STILL_TRAFFIC'},44,{1},5.0
2e698be1,2e698be04,2020-11-14,20,{'JAM'},{'JAM_STAND_STILL_TRAFFIC'},62,{1},5.0
2e698be1,2e698be04,2020-11-21,19,{'JAM'},{'JAM_HEAVY_TRAFFIC'},53,{1},5.962264150943396
2e698be1,2e698be04,2020-11-22,16,{'JAM'},{'JAM_STAND_STILL_TRAFFIC'},60,{1},5.0
2e698be1,2e698be1c,2020-10-03,13,{'JAM'},{'JAM_STAND_STILL_TRAFFIC'},64,{2},5.0
2e698be1,2e698be1c,2020-10-17,16,{'JAM'},{'JAM_HEAVY_TRAFFIC'},35,{1},5.0
2e698be5,2e698be4c,2020-10-31,11,{'JAM'},{'JAM_STAND_STILL_TRAFFIC'},89,{2},5.370786516853933
2e698be5,2e698be54,2020-10-31,12,{'JAM'},{'JAM_HEAVY_TRAFFIC'},62,{2},5.0
2e698be5,2e698be54,2020-11-04,14,{'JAM'},{'JAM_STAND_STILL_TRAFFIC'},64,{2},5.0
2e698be9,2e698be9c,2020-10-14,11,{'WEATHERHAZARD'},{'WEATHERHAZARD'},32,{1},6.0
2e698bed,2e698bec4,2020-09-04,19,{'JAM'},{'JAM_STAND_STILL_TRAFFIC'},32,{2},5.0
2e698bed,2e698bec4,2020-09-05,17,{'JAM'},{'JAM_STAND_STILL_TRAFFIC'},27,{2},5.0
2e698bed,2e698bec4,2020-09-14,16,{'JAM'},{'JAM_MODERATE_TRAFFIC'},18,{2},5.0
2e698bed,2e698bec4,2020-09-15,16,{'JAM'},{'JAM_STAND_STILL_TRAFFIC'},34,{2},5.470588235294118
2e698bed,2e698bec4,2020-09-25,17,{'JAM'},{'JAM_STAND_STILL_TRAFFIC'},1,{2},5.0
2e698bed,2e698bec4,2020-09-28,17,{'JAM'},{'JAM_HEAVY_TRAFFIC'},32,{2},5.0
2e698bed,2e698bec4,2020-09-29,16,{'JAM'},{'JAM_HEAVY_TRAFFIC'},31,{2},5.0
2e698bed,2e698bec4,2020-10-03,16,{'JAM'},{'JAM_MODERATE_TRAFFIC'},5,{2},5.0
2e698bed,2e698bec4,2020-10-08,16,{'JAM'},{'JAM_STAND_STILL_TRAFFIC'},31,{2},5.0
2e698bed,2e698bec4,2020-10-20,7,{'JAM'},{'JAM_STAND_STILL_TRAFFIC'},30,{2},5.0
2e698bed,2e698bec4,2020-10-20,16,{'JAM'},{'JAM_MODERATE_TRAFFIC'},5,{2},5.0
2e698bed,2e698bec4,2020-10-21,7,{'JAM'},{'JAM_MODERATE_TRAFFIC'},31,{2},5.0
2e698bed,2e698bec4,2020-11-03,17,{'JAM'},{'JAM_HEAVY_TRAFFIC'},32,{2},5.0
2e698bed,2e698bec4,2020-11-07,14,{'JAM'},{'JAM_MODERATE_TRAFFIC'},15,{2},5.0
2e698bed,2e698bec4,2020-11-07,15,{'JAM'},{'JAM_STAND_STILL_TRAFFIC'},60,{2},5.483333333333333
2e698bed,2e698bec4,2020-11-08,13,{'JAM'},{'JAM_HEAVY_TRAFFIC'},23,{2},5.0
2e698bed,2e698bec4,2020-11-10,14,{'JAM'},{'JAM_MODERATE_TRAFFIC'},21,{2},5.0
2e698bed,2e698becc,2020-09-03,17,"{'JAM', 'WEATHERHAZARD'}","{'JAM_STAND_STILL_TRAFFIC', 'HAZARD_ON_ROAD_CONSTRUCTION'}",275,{2},5.843636363636364
2e698bed,2e698becc,2020-09-18,15,{'JAM'},{'JAM_HEAVY_TRAFFIC'},8,{2},5.0
2e698bed,2e698becc,2020-09-30,17,{'JAM'},{'JAM_STAND_STILL_TRAFFIC'},31,{2},5.0
2e698bed,2e698becc,2020-10-02,17,{'JAM'},"{'JAM_STAND_STILL_TRAFFIC', 'JAM_HEAVY_TRAFFIC'}",42,{2},5.738095238095238
2e698bed,2e698becc,2020-10-31,14,{'JAM'},{'JAM_STAND_STILL_TRAFFIC'},32,{2},5.0
2e698bed,2e698becc,2020-11-20,19,{'WEATHERHAZARD'},{'HAZARD_ON_ROAD_CAR_STOPPED'},32,{2},5.0
2e698bed,2e698becc,2020-11-21,11,{'WEATHERHAZARD'},{'WEATHERHAZARD'},31,{2},5.0
2e698bef,2e698beec,2020-09-25,17,{'JAM'},{'JAM_STAND_STILL_TRAFFIC'},32,{2},6.0
2e698bef,2e698beec,2020-10-02,17,{'JAM'},{'JAM_HEAVY_TRAFFIC'},30,{2},5.0
2e698bef,2e698beec,2020-10-24,17,{'WEATHERHAZARD'},{'HAZARD_ON_ROAD_POT_HOLE'},1436,{2},8.583565459610028
2e698bef,2e698beec,2020-10-31,13,{'JAM'},{'JAM_STAND_STILL_TRAFFIC'},93,{2},5.32258064516129
2e698bef,2e698bef4,2020-10-31,13,{'JAM'},{'JAM_STAND_STILL_TRAFFIC'},30,{2},5.9
2e698bef,2e698befc,2020-11-03,7,{'JAM'},{'JAM_HEAVY_TRAFFIC'},94,{2},5.361702127659575
2e698bf1,2e698bf04,2020-09-05,15,"{'JAM', 'WEATHERHAZARD'}","{'WEATHERHAZARD', 'JAM_HEAVY_TRAFFIC'}",63,{1},5.0
2e698bf1,2e698bf0c,2020-09-08,21,{'ACCIDENT'},{'ACCIDENT_MAJOR'},122,{1},5.0
2e698bf1,2e698bf0c,2020-11-20,21,"{'JAM', 'WEATHERHAZARD'}","{'HAZARD_ON_ROAD_CONSTRUCTION', 'JAM_MODERATE_TRAFFIC'}",753,{2},5.0
2e698bf3,2e698bf24,2020-09-08,1,{'WEATHERHAZARD'},{'WEATHERHAZARD'},30,{22},5.0
2e698bf3,2e698bf2c,2020-09-08,1,{'WEATHERHAZARD'},{'WEATHERHAZARD'},31,{1},5.0
2e698bf3,2e698bf3c,2020-10-16,13,{'JAM'},{'JAM'},31,{1},5.0
2e698bf5,2e698bf4c,2020-10-11,16,{'ACCIDENT'},{'ACCIDENT'},108,{2},5.0
2e698bf9,2e698bf84,2020-09-27,22,{'ACCIDENT'},{'ACCIDENT'},120,{1},5.0
2e698bf9,2e698bf8c,2020-09-07,12,{'JAM'},{'JAM'},8,{1},5.0
2e698bfb,2e698bfa4,2020-11-14,12,"{'JAM', 'ACCIDENT'}","{'JAM', 'ACCIDENT'}",300,{1},5.0
2e698bfb,2e698bfb4,2020-10-31,12,{'JAM'},{'JAM_STAND_STILL_TRAFFIC'},60,{2},5.0
2e698bfb,2e698bfb4,2020-10-31,13,{'JAM'},{'JAM'},60,{2},5.966666666666667
2e698bfd,2e698bfc4,2020-09-04,10,{'WEATHERHAZARD'},{'WEATHERHAZARD'},58,{2},5.0
2e698bfd,2e698bfc4,2020-10-04,16,{'JAM'},{'JAM_HEAVY_TRAFFIC'},66,{2},5.0
2e698bfd,2e698bfc4,2020-10-04,18,{'JAM'},{'JAM_STAND_STILL_TRAFFIC'},124,{2},5.0
2e698bfd,2e698bfc4,2020-10-08,16,{'JAM'},{'JAM_MODERATE_TRAFFIC'},64,{2},5.0
2e698bfd,2e698bfc4,2020-10-10,12,{'JAM'},{'JAM_STAND_STILL_TRAFFIC'},58,{2},5.0
2e698bfd,2e698bfc4,2020-10-11,19,{'JAM'},{'JAM_STAND_STILL_TRAFFIC'},62,{2},5.0
2e698bfd,2e698bfc4,2020-10-18,16,{'JAM'},{'JAM_HEAVY_TRAFFIC'},66,{2},5.0
2e698bfd,2e698bfc4,2020-10-31,12,{'JAM'},{'JAM_STAND_STILL_TRAFFIC'},61,{2},5.0
2e698bfd,2e698bfc4,2020-11-01,20,{'JAM'},{'JAM_STAND_STILL_TRAFFIC'},60,{2},5.633333333333334
2e698bfd,2e698bfc4,2020-11-04,17,{'JAM'},{'JAM_HEAVY_TRAFFIC'},65,{1},5.0
2e698bfd,2e698bfcc,2020-09-03,18,{'JAM'},{'JAM_MODERATE_TRAFFIC'},63,{2},5.0
2e698bfd,2e698bfcc,2020-09-12,19,{'JAM'},"{'JAM_STAND_STILL_TRAFFIC', 'JAM_HEAVY_TRAFFIC'}",124,{2},5.0
2e698bfd,2e698bfcc,2020-09-20,18,{'JAM'},{'JAM_MODERATE_TRAFFIC'},62,{20},5.0
2e698bfd,2e698bfcc,2020-10-03,12,{'JAM'},{'JAM_STAND_STILL_TRAFFIC'},60,{2},5.0
2e698bfd,2e698bfcc,2020-10-04,15,{'JAM'},{'JAM_STAND_STILL_TRAFFIC'},60,{2},5.0
2e698bfd,2e698bfcc,2020-10-10,15,{'JAM'},{'JAM_HEAVY_TRAFFIC'},65,{2},5.0
2e698bfd,2e698bfcc,2020-10-16,15,{'JAM'},{'JAM_HEAVY_TRAFFIC'},64,{2},5.0
2e698bfd,2e698bfcc,2020-10-19,16,{'JAM'},{'JAM_STAND_STILL_TRAFFIC'},64,{2},5.0
2e698bfd,2e698bfcc,2020-10-24,17,"{'JAM', 'WEATHERHAZARD'}","{'JAM_MODERATE_TRAFFIC', 'HAZARD_ON_ROAD_POT_HOLE'}",2547,{2},9.499803690616412
2e698bfd,2e698bfcc,2020-10-25,9,{'WEATHERHAZARD'},{'HAZARD_ON_ROAD_POT_HOLE'},279,{2},5.247311827956989
2e698bfd,2e698bfcc,2020-10-25,18,{'JAM'},{'JAM_HEAVY_TRAFFIC'},62,{2},5.0
2e698bfd,2e698bfcc,2020-10-29,16,{'JAM'},{'JAM_HEAVY_TRAFFIC'},64,{2},5.0
2e698bfd,2e698bfcc,2020-10-31,12,{'JAM'},"{'JAM_STAND_STILL_TRAFFIC', 'JAM_HEAVY_TRAFFIC'}",156,{2},5.0
2e698bfd,2e698bfcc,2020-10-31,14,{'JAM'},{'JAM_MODERATE_TRAFFIC'},10,{2},5.0
2e698bfd,2e698bfcc,2020-10-31,15,{'JAM'},{'JAM_HEAVY_TRAFFIC'},12,{2},5.0
2e698bfd,2e698bfcc,2020-11-02,18,{'JAM'},{'JAM_MODERATE_TRAFFIC'},60,{2},5.0
2e698bfd,2e698bfcc,2020-11-04,14,{'JAM'},{'JAM_STAND_STILL_TRAFFIC'},65,{2},5.0
2e698bfd,2e698bfcc,2020-11-06,14,{'WEATHERHAZARD'},{'HAZARD_ON_ROAD_POT_HOLE'},137,{2},5.401459854014599
2e698bfd,2e698bfcc,2020-11-21,12,{'JAM'},{'JAM_HEAVY_TRAFFIC'},35,{2},5.0
2e698bfd,2e698bfcc,2020-11-22,15,{'JAM'},{'JAM_STAND_STILL_TRAFFIC'},43,{2},5.0
2e698bfd,2e698bfd4,2020-09-11,13,{'JAM'},{'JAM_STAND_STILL_TRAFFIC'},60,{2},5.0
2e698bfd,2e698bfd4,2020-09-24,7,{'JAM'},{'JAM_MODERATE_TRAFFIC'},61,{2},5.0
2e698bfd,2e698bfd4,2020-11-06,14,{'JAM'},{'JAM_HEAVY_TRAFFIC'},62,{2},5.0
2e698bfd,2e698bfd4,2020-11-14,11,{'JAM'},{'JAM_HEAVY_TRAFFIC'},44,{2},6.0
2e698bfd,2e698bfdc,2020-09-05,11,{'JAM'},{'JAM_HEAVY_TRAFFIC'},64,{2},5.0
2e698bfd,2e698bfdc,2020-09-12,11,{'JAM'},{'JAM_HEAVY_TRAFFIC'},18,{2},5.0
2e698bfd,2e698bfdc,2020-10-24,19,{'JAM'},{'JAM_HEAVY_TRAFFIC'},50,{2},5.0
2e698bfd,2e698bfdc,2020-10-25,16,{'JAM'},{'JAM_STAND_STILL_TRAFFIC'},62,{2},5.935483870967742
2e698bfd,2e698bfdc,2020-10-31,10,{'JAM'},{'JAM_MODERATE_TRAFFIC'},10,{2},5.0
2e698bfd,2e698bfdc,2020-11-12,20,{'JAM'},{'JAM_MODERATE_TRAFFIC'},62,{2},5.0
2e698bff,2e698bfec,2020-09-21,11,{'JAM'},{'JAM_MODERATE_TRAFFIC'},64,{2},5.0
2e698bff,2e698bfec,2020-10-03,20,{'JAM'},{'JAM_HEAVY_TRAFFIC'},58,{2},5.0
2e698bff,2e698bfec,2020-10-29,16,{'JAM'},{'JAM_MODERATE_TRAFFIC'},60,{2},5.0
2e698bff,2e698bfec,2020-10-29,17,{'JAM'},{'JAM_MODERATE_TRAFFIC'},10,{2},5.0
2e698bff,2e698bfec,2020-10-31,12,{'JAM'},"{'JAM_STAND_STILL_TRAFFIC', 'JAM_HEAVY_TRAFFIC'}",118,{2},5.279661016949152
2e698bff,2e698bfec,2020-11-03,9,{'JAM'},{'JAM'},64,{1},5.0
2e698bff,2e698bff4,2020-09-26,13,{'JAM'},{'JAM_HEAVY_TRAFFIC'},60,{2},5.0
2e698c01,2e698c004,2020-09-02,20,{'ACCIDENT'},{'ACCIDENT'},240,{1},5.0
2e698c01,2e698c004,2020-09-26,13,{'JAM'},{'JAM_HEAVY_TRAFFIC'},28,{2},5.0
2e698c01,2e698c004,2020-10-03,15,{'JAM'},{'JAM_STAND_STILL_TRAFFIC'},60,{2},5.95
2e698c01,2e698c004,2020-11-07,13,{'JAM'},{'JAM_HEAVY_TRAFFIC'},60,{2},5.0
2e698c01,2e698c00c,2020-10-27,9,{'JAM'},{'JAM_STAND_STILL_TRAFFIC'},18,{2},5.0
2e698c01,2e698c00c,2020-11-07,12,{'JAM'},{'JAM_STAND_STILL_TRAFFIC'},65,{2},5.0
2e698c01,2e698c014,2020-09-05,11,{'JAM'},{'JAM_HEAVY_TRAFFIC'},60,{2},5.0
2e698c01,2e698c014,2020-09-17,0,{'JAM'},{'JAM_HEAVY_TRAFFIC'},31,{1},5.0
2e698c01,2e698c014,2020-09-30,14,{'JAM'},{'JAM_HEAVY_TRAFFIC'},62,{2},5.0
2e698c01,2e698c014,2020-10-03,13,{'JAM'},{'JAM_STAND_STILL_TRAFFIC'},30,{2},5.0
2e698c01,2e698c014,2020-10-09,13,{'JAM'},{'JAM_STAND_STILL_TRAFFIC'},66,{2},5.0
2e698c01,2e698c014,2020-10-17,11,{'JAM'},{'JAM_STAND_STILL_TRAFFIC'},30,{2},5.666666666666667
2e698c01,2e698c014,2020-10-17,13,{'JAM'},"{'JAM_STAND_STILL_TRAFFIC', 'JAM_HEAVY_TRAFFIC'}",67,{2},5.0
2e698c01,2e698c014,2020-10-27,9,{'JAM'},{'JAM_HEAVY_TRAFFIC'},60,{2},5.7
2e698c01,2e698c014,2020-11-13,9,{'JAM'},"{'JAM_STAND_STILL_TRAFFIC', 'JAM_HEAVY_TRAFFIC'}",90,{2},5.0
2e698c01,2e698c01c,2020-10-27,9,{'JAM'},{'JAM_HEAVY_TRAFFIC'},62,{1},5.645161290322581
2e698c01,2e698c01c,2020-11-05,20,{'JAM'},{'JAM'},61,{1},5.0
2e698c03,2e698c02c,2020-10-07,17,{'WEATHERHAZARD'},{'HAZARD_ON_ROAD_CONSTRUCTION'},139,{1},5.438848920863309
2e698c03,2e698c034,2020-09-05,16,{'JAM'},{'JAM_STAND_STILL_TRAFFIC'},31,{2},5.0
2e698c03,2e698c034,2020-09-29,17,{'JAM'},{'JAM_STAND_STILL_TRAFFIC'},33,{2},5.0
2e698c03,2e698c034,2020-10-01,17,{'JAM'},{'JAM_HEAVY_TRAFFIC'},6,{2},5.0
2e698c03,2e698c034,2020-10-02,18,{'JAM'},{'JAM_HEAVY_TRAFFIC'},18,{2},5.0
2e698c03,2e698c034,2020-10-03,13,{'JAM'},{'JAM_STAND_STILL_TRAFFIC'},32,{2},5.0
2e698c03,2e698c034,2020-10-10,14,{'JAM'},{'JAM_MODERATE_TRAFFIC'},34,{2},5.0
2e698c03,2e698c034,2020-10-10,16,{'JAM'},{'JAM'},31,{2},5.0
2e698c03,2e698c034,2020-10-15,11,{'JAM'},{'JAM_STAND_STILL_TRAFFIC'},13,{2},5.0
2e698c03,2e698c034,2020-10-17,12,{'JAM'},{'JAM_HEAVY_TRAFFIC'},32,{2},5.0
2e698c03,2e698c034,2020-10-23,19,{'JAM'},{'JAM_STAND_STILL_TRAFFIC'},7,{2},5.0
2e698c03,2e698c034,2020-10-24,16,{'JAM'},{'JAM_STAND_STILL_TRAFFIC'},33,{2},5.0
2e698c03,2e698c034,2020-10-26,17,{'JAM'},{'JAM_STAND_STILL_TRAFFIC'},31,{2},5.0
2e698c03,2e698c034,2020-10-26,18,{'JAM'},{'JAM_STAND_STILL_TRAFFIC'},30,{2},5.0
2e698c03,2e698c034,2020-10-29,17,{'JAM'},{'JAM_HEAVY_TRAFFIC'},30,{2},5.0
2e698c03,2e698c034,2020-10-31,14,{'JAM'},{'JAM'},34,{2},5.0
2e698c03,2e698c034,2020-11-03,18,{'JAM'},"{'JAM_STAND_STILL_TRAFFIC', 'JAM_HEAVY_TRAFFIC'}",36,{2},5.0
2e698c03,2e698c034,2020-11-04,17,{'JAM'},{'JAM_STAND_STILL_TRAFFIC'},31,{2},5.0
2e698c03,2e698c034,2020-11-06,18,{'JAM'},{'JAM_MODERATE_TRAFFIC'},32,{2},5.0
2e698c03,2e698c034,2020-11-07,15,{'JAM'},{'JAM_STAND_STILL_TRAFFIC'},30,{2},5.0
2e698c03,2e698c034,2020-11-10,19,{'JAM'},{'JAM_STAND_STILL_TRAFFIC'},30,{2},5.0
2e698c03,2e698c034,2020-11-13,18,{'JAM'},{'JAM_STAND_STILL_TRAFFIC'},32,{2},5.0
2e698c03,2e698c034,2020-11-18,8,{'JAM'},{'JAM_HEAVY_TRAFFIC'},43,{2},5.441860465116279
2e698c03,2e698c03c,2020-09-01,11,{'JAM'},{'JAM_STAND_STILL_TRAFFIC'},16,{2},5.8125
2e698c03,2e698c03c,2020-09-01,18,{'JAM'},{'JAM_HEAVY_TRAFFIC'},17,{2},5.0
2e698c03,2e698c03c,2020-10-01,16,{'JAM'},{'JAM_STAND_STILL_TRAFFIC'},7,{2},5.0
2e698c03,2e698c03c,2020-10-17,11,{'JAM'},{'JAM_HEAVY_TRAFFIC'},31,{2},5.0
2e698c03,2e698c03c,2020-10-27,10,{'JAM'},{'JAM_MODERATE_TRAFFIC'},30,{2},5.0
2e698c03,2e698c03c,2020-10-27,16,{'JAM'},{'JAM_STAND_STILL_TRAFFIC'},32,{2},5.0
2e698c03,2e698c03c,2020-10-31,13,{'JAM'},{'JAM_HEAVY_TRAFFIC'},5,{2},5.0
2e698c03,2e698c03c,2020-11-05,7,{'JAM'},{'JAM_MODERATE_TRAFFIC'},30,{2},5.0
2e698c05,2e698c054,2020-10-09,18,{'JAM'},{'JAM_STAND_STILL_TRAFFIC'},32,{2},5.0
2e698c05,2e698c054,2020-10-31,20,{'JAM'},{'JAM_STAND_STILL_TRAFFIC'},31,{2},5.0
2e698c05,2e698c05c,2020-10-18,2,{'JAM'},{'JAM_HEAVY_TRAFFIC'},32,{2},5.0
2e698c07,2e698c06c,2020-10-26,19,{'JAM'},{'JAM_HEAVY_TRAFFIC'},37,{1},5.0
2e698c07,2e698c07c,2020-10-04,16,{'WEATHERHAZARD'},{'WEATHERHAZARD'},30,{22},5.0
2e698c09,2e698c094,2020-10-03,14,{'JAM'},{'JAM'},31,{2},5.0
2e698c09,2e698c094,2020-10-03,21,{'JAM'},{'JAM'},32,{2},5.0
2e698c0b,2e698c0ac,2020-09-02,18,{'JAM'},{'JAM'},33,{1},5.0
2e698c0b,2e698c0ac,2020-09-06,10,{'JAM'},{'JAM'},30,{1},5.0
2e698c0b,2e698c0ac,2020-10-01,18,{'JAM'},{'JAM'},32,{1},5.0
2e698c0b,2e698c0b4,2020-11-19,7,{'JAM'},{'JAM'},32,{1},5.0
2e698c0b,2e698c0bc,2020-11-07,16,{'JAM'},{'JAM_MODERATE_TRAFFIC'},13,{2},5.0
2e698c0d,2e698c0c4,2020-10-08,16,{'JAM'},{'JAM'},31,{1},5.0
2e698c0d,2e698c0d4,2020-10-26,13,{'JAM'},{'JAM_MODERATE_TRAFFIC'},31,{1},5.0
2e698c0d,2e698c0dc,2020-11-21,20,{'JAM'},{'JAM'},35,{1},5.0
2e698c0f,2e698c0ec,2020-09-03,13,{'JAM'},{'JAM_MODERATE_TRAFFIC'},30,{1},5.0
2e698c0f,2e698c0ec,2020-09-30,9,{'JAM'},{'JAM_MODERATE_TRAFFIC'},30,{1},5.0
2e698c0f,2e698c0ec,2020-10-05,18,{'JAM'},{'JAM'},33,{1},5.0
2e698c0f,2e698c0ec,2020-11-04,8,{'JAM'},{'JAM_MODERATE_TRAFFIC'},31,{1},5.0
2e698c0f,2e698c0fc,2020-11-07,14,{'JAM'},{'JAM_MODERATE_TRAFFIC'},32,{2},5.0
2e698c13,2e698c12c,2020-09-03,14,{'ACCIDENT'},{'ACCIDENT'},118,{1},5.0
2e698c13,2e698c134,2020-09-29,15,{'ACCIDENT'},{'ACCIDENT'},121,{22},5.0
2e698c13,2e698c134,2020-10-08,13,{'JAM'},{'JAM_STAND_STILL_TRAFFIC'},32,{2},5.0
2e698c15,2e698c14c,2020-09-03,9,{'JAM'},{'JAM_HEAVY_TRAFFIC'},30,{6},5.0
2e698c15,2e698c14c,2020-09-03,17,{'JAM'},{'JAM_STAND_STILL_TRAFFIC'},32,{6},5.0
2e698c15,2e698c14c,2020-09-05,13,{'JAM'},{'JAM_STAND_STILL_TRAFFIC'},31,{6},8.0
2e698c15,2e698c14c,2020-09-09,14,{'JAM'},{'JAM_STAND_STILL_TRAFFIC'},31,{6},5.0
2e698c15,2e698c14c,2020-09-09,16,{'JAM'},{'JAM_HEAVY_TRAFFIC'},32,{6},5.0
2e698c15,2e698c14c,2020-09-10,19,{'JAM'},{'JAM_HEAVY_TRAFFIC'},32,{6},5.34375
2e698c15,2e698c14c,2020-09-11,12,{'JAM'},{'JAM_STAND_STILL_TRAFFIC'},20,{6},5.2
2e698c15,2e698c14c,2020-09-11,18,"{'JAM', 'WEATHERHAZARD'}","{'HAZARD_ON_SHOULDER_CAR_STOPPED', 'JAM_STAND_STILL_TRAFFIC'}",61,"{2, 6}",5.0
2e698c15,2e698c14c,2020-09-18,18,{'JAM'},{'JAM_STAND_STILL_TRAFFIC'},31,{6},6.0
2e698c15,2e698c14c,2020-09-23,16,{'JAM'},{'JAM_HEAVY_TRAFFIC'},32,{6},5.0
2e698c15,2e698c14c,2020-09-25,6,{'JAM'},"{'JAM_STAND_STILL_TRAFFIC', 'JAM_MODERATE_TRAFFIC'}",51,{6},5.705882352941177
2e698c15,2e698c14c,2020-09-25,14,{'JAM'},{'JAM_HEAVY_TRAFFIC'},31,{6},5.0
2e698c15,2e698c14c,2020-09-26,9,{'WEATHERHAZARD'},{'HAZARD_ON_SHOULDER_CAR_STOPPED'},39,{6},6.102564102564102
2e698c15,2e698c14c,2020-09-26,16,{'JAM'},{'JAM_STAND_STILL_TRAFFIC'},30,{6},5.0
2e698c15,2e698c14c,2020-09-28,13,{'JAM'},{'JAM_STAND_STILL_TRAFFIC'},32,{6},5.0
2e698c15,2e698c14c,2020-09-29,14,{'JAM'},{'JAM_STAND_STILL_TRAFFIC'},32,{6},5.0
2e698c15,2e698c14c,2020-10-03,15,{'JAM'},{'JAM_STAND_STILL_TRAFFIC'},30,{6},5.0
2e698c15,2e698c14c,2020-10-03,19,{'JAM'},{'JAM_STAND_STILL_TRAFFIC'},32,{6},6.0
2e698c15,2e698c14c,2020-10-05,12,{'JAM'},{'JAM_STAND_STILL_TRAFFIC'},33,{6},5.0
2e698c15,2e698c14c,2020-10-08,7,{'JAM'},{'JAM_STAND_STILL_TRAFFIC'},33,{6},5.0
2e698c15,2e698c14c,2020-10-08,10,{'JAM'},{'JAM_STAND_STILL_TRAFFIC'},30,{6},5.0
2e698c15,2e698c14c,2020-10-08,13,{'JAM'},{'JAM_STAND_STILL_TRAFFIC'},31,{6},5.0
2e698c15,2e698c14c,2020-10-13,12,{'JAM'},{'JAM_STAND_STILL_TRAFFIC'},31,{2},5.0
2e698c15,2e698c14c,2020-10-14,18,{'JAM'},{'JAM_STAND_STILL_TRAFFIC'},33,{6},5.0
2e698c15,2e698c14c,2020-10-15,17,{'JAM'},{'JAM_MODERATE_TRAFFIC'},31,{6},5.0
2e698c15,2e698c14c,2020-10-17,13,{'JAM'},{'JAM'},25,{6},5.96
2e698c15,2e698c14c,2020-10-19,13,{'JAM'},{'JAM_HEAVY_TRAFFIC'},6,{6},5.0
2e698c15,2e698c14c,2020-10-22,16,{'JAM'},{'JAM_STAND_STILL_TRAFFIC'},30,{6},5.0
2e698c15,2e698c14c,2020-10-26,17,{'JAM'},{'JAM_STAND_STILL_TRAFFIC'},31,{6},5.0
2e698c15,2e698c14c,2020-10-30,15,{'JAM'},{'JAM_HEAVY_TRAFFIC'},33,{6},5.0
2e698c15,2e698c14c,2020-10-31,14,{'JAM'},{'JAM_HEAVY_TRAFFIC'},30,{6},5.0
2e698c15,2e698c14c,2020-11-02,18,{'JAM'},{'JAM_STAND_STILL_TRAFFIC'},30,{6},5.0
2e698c15,2e698c14c,2020-11-04,13,{'JAM'},{'JAM_STAND_STILL_TRAFFIC'},32,{6},5.0
2e698c15,2e698c14c,2020-11-04,15,{'JAM'},{'JAM_MODERATE_TRAFFIC'},30,{6},5.0
2e698c15,2e698c14c,2020-11-04,18,{'JAM'},{'JAM_STAND_STILL_TRAFFIC'},30,{6},5.0
2e698c15,2e698c14c,2020-11-06,19,{'JAM'},{'JAM_STAND_STILL_TRAFFIC'},32,{6},7.125
2e698c15,2e698c14c,2020-11-08,13,{'JAM'},{'JAM_STAND_STILL_TRAFFIC'},30,{6},5.0
2e698c15,2e698c14c,2020-11-10,16,{'JAM'},{'JAM_MODERATE_TRAFFIC'},33,{6},5.0
2e698c15,2e698c14c,2020-11-11,11,{'JAM'},{'JAM_HEAVY_TRAFFIC'},32,{6},5.0
2e698c15,2e698c14c,2020-11-12,15,{'JAM'},{'JAM_STAND_STILL_TRAFFIC'},32,{6},5.0
2e698c15,2e698c14c,2020-11-17,16,{'JAM'},{'JAM_STAND_STILL_TRAFFIC'},30,{6},5.0
2e698c15,2e698c14c,2020-11-22,14,{'JAM'},{'JAM_STAND_STILL_TRAFFIC'},32,{6},5.0
2e698c15,2e698c154,2020-09-04,8,{'JAM'},{'JAM_MODERATE_TRAFFIC'},30,{6},5.0
2e698c15,2e698c154,2020-09-23,16,{'JAM'},{'JAM_HEAVY_TRAFFIC'},33,{6},5.0
2e698c15,2e698c154,2020-09-25,5,{'JAM'},{'JAM_STAND_STILL_TRAFFIC'},31,{6},5.0
2e698c15,2e698c154,2020-09-25,16,{'JAM'},"{'JAM_STAND_STILL_TRAFFIC', 'JAM_HEAVY_TRAFFIC'}",64,{6},5.0
2e698c15,2e698c154,2020-10-06,18,{'JAM'},{'JAM_STAND_STILL_TRAFFIC'},31,{6},5.0
2e698c15,2e698c154,2020-10-13,15,{'JAM'},{'JAM_STAND_STILL_TRAFFIC'},31,{6},5.0
2e698c15,2e698c154,2020-10-17,13,{'JAM'},{'JAM_MODERATE_TRAFFIC'},32,{6},5.0
2e698c15,2e698c154,2020-10-23,18,{'JAM'},{'JAM_STAND_STILL_TRAFFIC'},33,{6},5.7272727272727275
2e698c15,2e698c154,2020-10-25,13,{'JAM'},{'JAM_STAND_STILL_TRAFFIC'},30,{6},5.0
2e698c15,2e698c154,2020-10-27,16,{'JAM'},{'JAM_STAND_STILL_TRAFFIC'},33,{6},5.0
2e698c15,2e698c154,2020-11-04,16,{'JAM'},{'JAM_STAND_STILL_TRAFFIC'},30,{6},5.0
2e698c15,2e698c154,2020-11-11,10,"{'JAM', 'ACCIDENT'}","{'JAM', 'ACCIDENT'}",182,{1},6.445054945054945
2e698c15,2e698c154,2020-11-17,16,{'JAM'},{'JAM_STAND_STILL_TRAFFIC'},31,{6},5.0
2e698c15,2e698c15c,2020-09-04,18,{'JAM'},{'JAM_HEAVY_TRAFFIC'},30,{6},5.0
2e698c15,2e698c15c,2020-09-05,13,{'JAM'},{'JAM_STAND_STILL_TRAFFIC'},31,{6},8.0
2e698c15,2e698c15c,2020-09-09,12,{'JAM'},{'JAM_HEAVY_TRAFFIC'},31,{6},5.0
2e698c15,2e698c15c,2020-09-11,17,{'JAM'},{'JAM_HEAVY_TRAFFIC'},32,{1},5.0
2e698c15,2e698c15c,2020-09-11,18,{'JAM'},{'JAM_STAND_STILL_TRAFFIC'},34,{6},5.970588235294118
2e698c15,2e698c15c,2020-09-15,18,{'JAM'},{'JAM_HEAVY_TRAFFIC'},32,{6},5.0
2e698c15,2e698c15c,2020-09-18,18,{'JAM'},{'JAM_MODERATE_TRAFFIC'},32,{6},5.0
2e698c15,2e698c15c,2020-09-23,18,{'JAM'},{'JAM_HEAVY_TRAFFIC'},31,{6},5.0
2e698c15,2e698c15c,2020-09-25,6,{'JAM'},{'JAM_MODERATE_TRAFFIC'},11,{6},6.0
2e698c15,2e698c15c,2020-09-25,16,{'JAM'},{'JAM_STAND_STILL_TRAFFIC'},30,{6},5.0
2e698c15,2e698c15c,2020-09-25,19,{'JAM'},{'JAM_STAND_STILL_TRAFFIC'},30,{6},5.0
2e698c15,2e698c15c,2020-09-30,19,{'JAM'},{'JAM_STAND_STILL_TRAFFIC'},20,{6},5.45
2e698c15,2e698c15c,2020-10-02,18,{'JAM'},{'JAM_HEAVY_TRAFFIC'},31,{6},5.0
2e698c15,2e698c15c,2020-10-03,17,{'JAM'},{'JAM_STAND_STILL_TRAFFIC'},30,{6},5.0
2e698c15,2e698c15c,2020-10-03,18,{'JAM'},"{'JAM_STAND_STILL_TRAFFIC', 'JAM_MODERATE_TRAFFIC'}",61,{6},5.491803278688525
2e698c15,2e698c15c,2020-10-05,17,{'JAM'},{'JAM_STAND_STILL_TRAFFIC'},65,{6},5.0
2e698c15,2e698c15c,2020-10-07,8,{'WEATHERHAZARD'},{'HAZARD_ON_SHOULDER_CAR_STOPPED'},30,{6},5.966666666666667
2e698c15,2e698c15c,2020-10-09,18,{'JAM'},{'JAM_STAND_STILL_TRAFFIC'},32,{6},5.0
2e698c15,2e698c15c,2020-10-12,17,{'JAM'},{'JAM_STAND_STILL_TRAFFIC'},30,{6},5.0
2e698c15,2e698c15c,2020-10-12,18,{'JAM'},{'JAM_STAND_STILL_TRAFFIC'},45,{6},5.333333333333333
2e698c15,2e698c15c,2020-10-13,8,{'JAM'},{'JAM_HEAVY_TRAFFIC'},32,{6},5.0
2e698c15,2e698c15c,2020-10-14,18,{'JAM'},{'JAM_STAND_STILL_TRAFFIC'},33,{6},5.0
2e698c15,2e698c15c,2020-10-15,17,{'JAM'},{'JAM_HEAVY_TRAFFIC'},31,{6},5.967741935483871
2e698c15,2e698c15c,2020-10-17,13,{'JAM'},{'JAM_MODERATE_TRAFFIC'},30,{6},5.0
2e698c15,2e698c15c,2020-10-17,15,{'JAM'},{'JAM_HEAVY_TRAFFIC'},37,{6},5.4324324324324325
2e698c15,2e698c15c,2020-10-21,13,{'JAM'},"{'JAM_STAND_STILL_TRAFFIC', 'JAM_HEAVY_TRAFFIC'}",105,{6},5.895238095238096
2e698c15,2e698c15c,2020-10-21,14,{'JAM'},"{'JAM', 'JAM_STAND_STILL_TRAFFIC'}",63,{6},5.317460317460317
2e698c15,2e698c15c,2020-10-21,18,{'JAM'},{'JAM_STAND_STILL_TRAFFIC'},19,{6},5.0
2e698c15,2e698c15c,2020-10-22,18,{'JAM'},{'JAM'},28,{6},5.0
2e698c15,2e698c15c,2020-10-25,13,{'JAM'},{'JAM_STAND_STILL_TRAFFIC'},34,{6},5.0588235294117645
2e698c15,2e698c15c,2020-10-27,19,{'JAM'},{'JAM_HEAVY_TRAFFIC'},46,{6},5.0
2e698c15,2e698c15c,2020-10-28,18,{'JAM'},{'JAM_HEAVY_TRAFFIC'},31,{6},5.0
2e698c15,2e698c15c,2020-10-30,17,{'JAM'},{'JAM_STAND_STILL_TRAFFIC'},33,{6},5.0
2e698c15,2e698c15c,2020-10-31,10,{'JAM'},{'JAM_HEAVY_TRAFFIC'},17,{6},5.529411764705882
2e698c15,2e698c15c,2020-10-31,17,{'JAM'},{'JAM_MODERATE_TRAFFIC'},30,{6},5.0
2e698c15,2e698c15c,2020-11-02,18,{'JAM'},{'JAM_HEAVY_TRAFFIC'},31,{6},5.870967741935484
2e698c15,2e698c15c,2020-11-03,18,{'JAM'},{'JAM'},32,{6},5.0
2e698c15,2e698c15c,2020-11-04,16,{'JAM'},{'JAM_HEAVY_TRAFFIC'},31,{6},5.0
2e698c15,2e698c15c,2020-11-07,12,{'JAM'},{'JAM_MODERATE_TRAFFIC'},32,{6},5.0
2e698c15,2e698c15c,2020-11-07,15,{'JAM'},{'JAM_STAND_STILL_TRAFFIC'},30,{6},5.8
2e698c15,2e698c15c,2020-11-08,13,{'JAM'},{'JAM_STAND_STILL_TRAFFIC'},30,{6},5.0
2e698c15,2e698c15c,2020-11-09,17,{'JAM'},{'JAM_STAND_STILL_TRAFFIC'},32,{6},5.59375
2e698c15,2e698c15c,2020-11-10,15,{'JAM'},{'JAM'},31,{6},5.0
2e698c15,2e698c15c,2020-11-11,11,{'JAM'},{'JAM_MODERATE_TRAFFIC'},31,{6},5.0
2e698c15,2e698c15c,2020-11-11,17,{'JAM'},{'JAM_STAND_STILL_TRAFFIC'},32,{6},5.0
2e698c15,2e698c15c,2020-11-12,15,{'JAM'},{'JAM_HEAVY_TRAFFIC'},13,{6},7.538461538461538
2e698c15,2e698c15c,2020-11-13,16,{'JAM'},{'JAM_STAND_STILL_TRAFFIC'},31,{6},5.0
2e698c15,2e698c15c,2020-11-13,18,{'JAM'},{'JAM_STAND_STILL_TRAFFIC'},33,{6},5.0
2e698c15,2e698c15c,2020-11-13,20,{'JAM'},{'JAM_HEAVY_TRAFFIC'},34,{6},5.264705882352941
2e698c15,2e698c15c,2020-11-17,17,{'JAM'},{'JAM_STAND_STILL_TRAFFIC'},31,{6},5.0
2e698c15,2e698c15c,2020-11-19,11,{'JAM'},{'JAM_HEAVY_TRAFFIC'},30,{6},5.0
2e698c17,2e698c174,2020-10-02,18,{'JAM'},{'JAM_MODERATE_TRAFFIC'},31,{7},5.0
2e698c17,2e698c17c,2020-09-27,16,{'JAM'},{'JAM_MODERATE_TRAFFIC'},9,{7},5.0
2e698c17,2e698c17c,2020-10-21,19,{'WEATHERHAZARD'},{'HAZARD_ON_ROAD_CAR_STOPPED'},32,{7},7.375
2e698c17,2e698c17c,2020-10-21,20,{'ACCIDENT'},{'ACCIDENT_MAJOR'},15,{7},5.133333333333334
2e698c17,2e698c17c,2020-10-29,6,{'WEATHERHAZARD'},{'WEATHERHAZARD'},30,{2},5.0
2e698c17,2e698c17c,2020-10-31,10,{'JAM'},{'JAM_HEAVY_TRAFFIC'},5,{7},5.0
2e698c17,2e698c17c,2020-11-07,14,{'JAM'},{'JAM'},25,{7},5.0
2e698c17,2e698c17c,2020-11-07,16,{'JAM'},{'JAM_STAND_STILL_TRAFFIC'},30,{7},5.0
2e698c17,2e698c17c,2020-11-13,17,{'JAM'},{'JAM_MODERATE_TRAFFIC'},57,{7},5.894736842105263
2e698c19,2e698c184,2020-10-08,12,{'JAM'},{'JAM_HEAVY_TRAFFIC'},32,{7},5.0
2e698c19,2e698c184,2020-10-21,12,{'WEATHERHAZARD'},{'HAZARD_ON_ROAD_CAR_STOPPED'},46,{7},5.521739130434782
2e698c19,2e698c184,2020-11-17,16,{'JAM'},{'JAM_STAND_STILL_TRAFFIC'},30,{7},5.833333333333333
2e698c19,2e698c184,2020-11-17,17,{'JAM'},{'JAM_STAND_STILL_TRAFFIC'},25,{7},7.0
2e698c19,2e698c194,2020-11-06,19,{'WEATHERHAZARD'},{'HAZARD_ON_ROAD_CAR_STOPPED'},36,{2},7.638888888888889
2e698c19,2e698c19c,2020-09-04,18,{'JAM'},{'JAM_MODERATE_TRAFFIC'},37,"{2, 7}",5.0
2e698c19,2e698c19c,2020-09-16,17,{'JAM'},{'JAM_MODERATE_TRAFFIC'},32,{2},5.46875
2e698c19,2e698c19c,2020-10-02,17,{'JAM'},{'JAM_HEAVY_TRAFFIC'},5,{7},5.0
2e698c19,2e698c19c,2020-10-06,17,{'JAM'},{'JAM_HEAVY_TRAFFIC'},30,{2},5.0
2e698c19,2e698c19c,2020-10-08,9,{'JAM'},{'JAM'},6,{2},5.0
2e698c19,2e698c19c,2020-10-08,12,{'JAM'},{'JAM_HEAVY_TRAFFIC'},6,{2},6.0
2e698c19,2e698c19c,2020-10-17,18,{'WEATHERHAZARD'},{'WEATHERHAZARD'},15,{2},8.2
2e698c19,2e698c19c,2020-10-26,18,{'JAM'},{'JAM_STAND_STILL_TRAFFIC'},31,{2},5.0
2e698c19,2e698c19c,2020-11-17,17,{'JAM'},{'JAM_STAND_STILL_TRAFFIC'},37,{7},5.594594594594595
2e698c19,2e698c19c,2020-11-17,18,{'JAM'},{'JAM_STAND_STILL_TRAFFIC'},18,{7},6.0
2e698c1b,2e698c1a4,2020-09-11,17,{'WEATHERHAZARD'},{'HAZARD_ON_SHOULDER_CAR_STOPPED'},30,{2},5.633333333333334
2e698c1b,2e698c1a4,2020-11-18,16,{'JAM'},{'JAM_MODERATE_TRAFFIC'},32,{2},5.0
2e698c1b,2e698c1b4,2020-09-16,13,{'WEATHERHAZARD'},{'HAZARD_ON_ROAD_OBJECT'},61,{2},5.0
2e698c1b,2e698c1bc,2020-09-05,15,{'JAM'},{'JAM'},6,{20},5.0
2e698c1b,2e698c1bc,2020-09-07,19,{'JAM'},{'JAM'},31,{20},5.0
2e698c1d,2e698c1c4,2020-10-17,15,{'JAM'},{'JAM'},30,{20},5.0
2e698c1d,2e698c1cc,2020-09-01,18,{'JAM'},{'JAM_STAND_STILL_TRAFFIC'},33,{2},5.0
2e698c1d,2e698c1cc,2020-09-02,18,{'JAM'},{'JAM_STAND_STILL_TRAFFIC'},32,{2},5.0
2e698c1d,2e698c1cc,2020-09-04,18,{'JAM'},{'JAM_STAND_STILL_TRAFFIC'},60,{2},5.0
2e698c1d,2e698c1cc,2020-09-05,20,{'JAM'},{'JAM_STAND_STILL_TRAFFIC'},6,{2},5.0
2e698c1d,2e698c1cc,2020-09-07,18,{'JAM'},{'JAM'},30,{2},5.0
2e698c1d,2e698c1cc,2020-09-09,19,{'JAM'},{'JAM_STAND_STILL_TRAFFIC'},32,{2},5.0
2e698c1d,2e698c1cc,2020-09-12,11,{'JAM'},{'JAM_HEAVY_TRAFFIC'},18,{2},5.944444444444445
2e698c1d,2e698c1cc,2020-09-12,16,{'JAM'},{'JAM_MODERATE_TRAFFIC'},31,{2},5.0
2e698c1d,2e698c1cc,2020-09-18,17,{'JAM'},{'JAM_STAND_STILL_TRAFFIC'},31,{2},5.0
2e698c1d,2e698c1cc,2020-09-18,20,{'JAM'},{'JAM_STAND_STILL_TRAFFIC'},30,{2},5.0
2e698c1d,2e698c1cc,2020-09-28,18,{'JAM'},{'JAM_STAND_STILL_TRAFFIC'},35,{2},5.0
2e698c1d,2e698c1cc,2020-10-01,18,{'JAM'},{'JAM_STAND_STILL_TRAFFIC'},43,{2},5.395348837209302
2e698c1d,2e698c1cc,2020-10-02,18,{'JAM'},{'JAM_STAND_STILL_TRAFFIC'},31,{2},5.0
2e698c1d,2e698c1cc,2020-10-03,17,{'JAM'},{'JAM_HEAVY_TRAFFIC'},36,{2},5.444444444444445
2e698c1d,2e698c1cc,2020-10-03,19,{'JAM'},{'JAM_HEAVY_TRAFFIC'},30,{2},5.0
2e698c1d,2e698c1cc,2020-10-05,19,{'JAM'},{'JAM_STAND_STILL_TRAFFIC'},31,{2},5.0
2e698c1d,2e698c1cc,2020-10-06,17,{'JAM'},{'JAM_STAND_STILL_TRAFFIC'},32,{1},5.0
2e698c1d,2e698c1cc,2020-10-07,12,{'ACCIDENT'},{'ACCIDENT'},121,{1},5.0
2e698c1d,2e698c1cc,2020-10-10,17,{'JAM'},{'JAM_STAND_STILL_TRAFFIC'},19,{2},5.0
2e698c1d,2e698c1cc,2020-10-11,16,{'JAM'},{'JAM_HEAVY_TRAFFIC'},32,{2},5.0
2e698c1d,2e698c1cc,2020-10-12,18,{'JAM'},{'JAM_STAND_STILL_TRAFFIC'},33,{2},5.454545454545454
2e698c1d,2e698c1cc,2020-10-13,18,{'JAM'},{'JAM_MODERATE_TRAFFIC'},61,{2},5.0
2e698c1d,2e698c1cc,2020-10-16,20,{'JAM'},{'JAM_STAND_STILL_TRAFFIC'},15,{2},5.0
2e698c1d,2e698c1cc,2020-10-17,11,{'JAM'},{'JAM_MODERATE_TRAFFIC'},30,{2},5.0
2e698c1d,2e698c1cc,2020-10-20,17,{'JAM'},{'JAM_STAND_STILL_TRAFFIC'},32,{2},5.84375
2e698c1d,2e698c1cc,2020-10-21,17,{'JAM'},"{'JAM_STAND_STILL_TRAFFIC', 'JAM_MODERATE_TRAFFIC'}",63,{2},5.0
2e698c1d,2e698c1cc,2020-10-22,18,{'JAM'},{'JAM_STAND_STILL_TRAFFIC'},30,{2},5.0
2e698c1d,2e698c1cc,2020-10-23,19,{'JAM'},{'JAM_STAND_STILL_TRAFFIC'},162,{2},5.716049382716049
2e698c1d,2e698c1cc,2020-10-26,17,{'JAM'},{'JAM_STAND_STILL_TRAFFIC'},31,{2},5.870967741935484
2e698c1d,2e698c1cc,2020-10-26,18,{'JAM'},{'JAM_HEAVY_TRAFFIC'},67,{2},5.0
2e698c1d,2e698c1cc,2020-10-27,16,{'JAM'},{'JAM_STAND_STILL_TRAFFIC'},44,{2},5.386363636363637
2e698c1d,2e698c1cc,2020-10-27,18,{'JAM'},{'JAM_HEAVY_TRAFFIC'},30,{2},5.9
2e698c1d,2e698c1cc,2020-10-28,19,{'JAM'},{'JAM_STAND_STILL_TRAFFIC'},33,{2},5.0
2e698c1d,2e698c1cc,2020-10-28,20,{'JAM'},{'JAM_STAND_STILL_TRAFFIC'},55,{2},5.0
2e698c1d,2e698c1cc,2020-10-29,17,{'JAM'},{'JAM_MODERATE_TRAFFIC'},32,{2},5.0
2e698c1d,2e698c1cc,2020-10-30,19,{'JAM'},{'JAM_MODERATE_TRAFFIC'},34,{2},5.0
2e698c1d,2e698c1cc,2020-10-31,17,{'JAM'},{'JAM_HEAVY_TRAFFIC'},30,{2},5.0
2e698c1d,2e698c1cc,2020-10-31,19,{'JAM'},{'JAM_STAND_STILL_TRAFFIC'},32,{2},5.9375
2e698c1d,2e698c1cc,2020-11-01,11,{'JAM'},{'JAM_STAND_STILL_TRAFFIC'},26,{2},5.0
2e698c1d,2e698c1cc,2020-11-01,20,{'JAM'},{'JAM_STAND_STILL_TRAFFIC'},32,{2},5.96875
2e698c1d,2e698c1cc,2020-11-03,18,{'JAM'},{'JAM_STAND_STILL_TRAFFIC'},30,{2},5.0
2e698c1d,2e698c1cc,2020-11-04,17,{'JAM'},{'JAM_STAND_STILL_TRAFFIC'},30,{2},5.0
2e698c1d,2e698c1cc,2020-11-05,18,{'JAM'},{'JAM_HEAVY_TRAFFIC'},32,{2},5.0
2e698c1d,2e698c1cc,2020-11-06,18,{'JAM'},{'JAM_STAND_STILL_TRAFFIC'},30,{2},5.0
2e698c1d,2e698c1cc,2020-11-06,19,{'JAM'},{'JAM'},32,{2},5.0
2e698c1d,2e698c1cc,2020-11-07,17,{'JAM'},{'JAM_STAND_STILL_TRAFFIC'},31,{2},5.0
2e698c1d,2e698c1cc,2020-11-07,19,{'JAM'},{'JAM_STAND_STILL_TRAFFIC'},62,{2},5.0
2e698c1d,2e698c1cc,2020-11-07,20,{'JAM'},{'JAM_STAND_STILL_TRAFFIC'},32,{2},5.0
2e698c1d,2e698c1cc,2020-11-08,14,{'JAM'},{'JAM_STAND_STILL_TRAFFIC'},30,{2},6.766666666666667
2e698c1d,2e698c1cc,2020-11-09,18,{'JAM'},{'JAM_STAND_STILL_TRAFFIC'},62,{2},5.0
2e698c1d,2e698c1cc,2020-11-10,17,{'JAM'},{'JAM_MODERATE_TRAFFIC'},31,{2},5.0
2e698c1d,2e698c1cc,2020-11-10,18,{'JAM'},{'JAM_STAND_STILL_TRAFFIC'},31,{2},5.0
2e698c1d,2e698c1cc,2020-11-11,19,{'JAM'},{'JAM_HEAVY_TRAFFIC'},63,{2},5.761904761904762
2e698c1d,2e698c1cc,2020-11-12,17,{'JAM'},{'JAM_STAND_STILL_TRAFFIC'},43,{2},5.511627906976744
2e698c1d,2e698c1cc,2020-11-12,20,{'JAM'},{'JAM_MODERATE_TRAFFIC'},31,{2},5.0
2e698c1d,2e698c1cc,2020-11-13,18,{'JAM'},{'JAM_STAND_STILL_TRAFFIC'},31,{2},5.0
2e698c1d,2e698c1cc,2020-11-13,19,{'JAM'},"{'JAM_STAND_STILL_TRAFFIC', 'JAM_HEAVY_TRAFFIC'}",100,{2},5.44
2e698c1d,2e698c1cc,2020-11-14,19,{'JAM'},{'JAM_STAND_STILL_TRAFFIC'},31,{2},5.0
2e698c1d,2e698c1cc,2020-11-14,20,{'JAM'},{'JAM_HEAVY_TRAFFIC'},96,"{1, 2}",5.333333333333333
2e698c1d,2e698c1cc,2020-11-14,22,{'JAM'},{'JAM_HEAVY_TRAFFIC'},54,{2},6.777777777777778
2e698c1d,2e698c1cc,2020-11-15,20,{'JAM'},"{'JAM_STAND_STILL_TRAFFIC', 'JAM_HEAVY_TRAFFIC'}",64,{2},5.0
2e698c1d,2e698c1cc,2020-11-16,16,{'JAM'},{'JAM_STAND_STILL_TRAFFIC'},33,{2},5.9393939393939394
2e698c1d,2e698c1cc,2020-11-20,16,{'JAM'},{'JAM_HEAVY_TRAFFIC'},33,{2},5.0
2e698c1d,2e698c1cc,2020-11-21,8,{'JAM'},{'JAM_MODERATE_TRAFFIC'},32,{2},5.0
2e698c1d,2e698c1d4,2020-09-02,17,{'JAM'},{'JAM_STAND_STILL_TRAFFIC'},24,{2},5.916666666666667
2e698c1d,2e698c1d4,2020-09-03,18,{'JAM'},{'JAM_STAND_STILL_TRAFFIC'},13,{2},5.0
2e698c1d,2e698c1d4,2020-09-04,19,{'JAM'},{'JAM_STAND_STILL_TRAFFIC'},31,{2},5.0
2e698c1d,2e698c1d4,2020-09-07,19,{'JAM'},{'JAM_STAND_STILL_TRAFFIC'},6,{2},5.0
2e698c1d,2e698c1d4,2020-09-09,17,{'JAM'},{'JAM_HEAVY_TRAFFIC'},32,{2},7.9375
2e698c1d,2e698c1d4,2020-09-28,18,{'JAM'},{'JAM_STAND_STILL_TRAFFIC'},30,{2},5.0
2e698c1d,2e698c1d4,2020-10-01,17,{'JAM'},{'JAM_STAND_STILL_TRAFFIC'},31,{2},5.903225806451613
2e698c1d,2e698c1d4,2020-10-01,18,{'JAM'},{'JAM'},30,{2},5.0
2e698c1d,2e698c1d4,2020-10-06,17,{'JAM'},{'JAM_STAND_STILL_TRAFFIC'},31,{2},5.967741935483871
2e698c1d,2e698c1d4,2020-10-07,19,{'JAM'},{'JAM_STAND_STILL_TRAFFIC'},31,{2},5.0
2e698c1d,2e698c1d4,2020-10-10,17,{'JAM'},{'JAM_STAND_STILL_TRAFFIC'},32,{2},5.0
2e698c1d,2e698c1d4,2020-10-12,18,{'JAM'},{'JAM_STAND_STILL_TRAFFIC'},31,{2},5.0
2e698c1d,2e698c1d4,2020-10-20,17,{'JAM'},{'JAM_STAND_STILL_TRAFFIC'},32,{2},5.0
2e698c1d,2e698c1d4,2020-10-21,17,{'JAM'},{'JAM_HEAVY_TRAFFIC'},32,{2},5.0
2e698c1d,2e698c1d4,2020-10-22,18,{'JAM'},{'JAM_HEAVY_TRAFFIC'},6,{2},5.0
2e698c1d,2e698c1d4,2020-10-27,18,{'JAM'},{'JAM_STAND_STILL_TRAFFIC'},58,{2},5.0
2e698c1d,2e698c1d4,2020-10-28,17,{'JAM'},{'JAM_HEAVY_TRAFFIC'},15,{2},5.0
2e698c1d,2e698c1d4,2020-10-28,18,{'JAM'},{'JAM_STAND_STILL_TRAFFIC'},5,{2},5.0
2e698c1d,2e698c1d4,2020-10-28,19,{'JAM'},{'JAM_HEAVY_TRAFFIC'},33,{2},6.0
2e698c1d,2e698c1d4,2020-10-28,20,{'JAM'},{'JAM_STAND_STILL_TRAFFIC'},35,{2},5.457142857142857
2e698c1d,2e698c1d4,2020-11-01,20,{'JAM'},{'JAM_STAND_STILL_TRAFFIC'},30,{2},5.0
2e698c1d,2e698c1d4,2020-11-05,17,{'JAM'},{'JAM_HEAVY_TRAFFIC'},31,{2},5.709677419354839
2e698c1d,2e698c1d4,2020-11-07,17,{'JAM'},{'JAM_STAND_STILL_TRAFFIC'},5,{2},5.0
2e698c1d,2e698c1d4,2020-11-07,18,{'JAM'},{'JAM_HEAVY_TRAFFIC'},32,{2},5.0
2e698c1d,2e698c1d4,2020-11-07,20,{'JAM'},{'JAM_STAND_STILL_TRAFFIC'},34,{2},7.0
2e698c1d,2e698c1d4,2020-11-08,14,{'JAM'},{'JAM_STAND_STILL_TRAFFIC'},6,{2},5.0
2e698c1d,2e698c1d4,2020-11-09,18,{'JAM'},{'JAM_STAND_STILL_TRAFFIC'},32,{2},5.0
2e698c1d,2e698c1d4,2020-11-11,17,{'JAM'},{'JAM_STAND_STILL_TRAFFIC'},30,{2},5.0
2e698c1d,2e698c1d4,2020-11-12,17,{'JAM'},{'JAM_STAND_STILL_TRAFFIC'},5,{2},5.0
2e698c1d,2e698c1d4,2020-11-13,18,{'JAM'},{'JAM_STAND_STILL_TRAFFIC'},32,{2},5.0
2e698c1d,2e698c1d4,2020-11-13,19,{'JAM'},{'JAM_STAND_STILL_TRAFFIC'},32,{2},5.0
2e698c1d,2e698c1d4,2020-11-14,18,{'JAM'},{'JAM_HEAVY_TRAFFIC'},21,{2},5.0
2e698c1d,2e698c1d4,2020-11-14,22,{'JAM'},{'JAM_HEAVY_TRAFFIC'},6,{2},5.0
2e698c1d,2e698c1d4,2020-11-18,18,{'JAM'},{'JAM_STAND_STILL_TRAFFIC'},33,{2},5.0
2e698c1d,2e698c1d4,2020-11-20,16,{'JAM'},{'JAM_STAND_STILL_TRAFFIC'},16,{2},5.0
2e698c1d,2e698c1dc,2020-09-02,17,{'JAM'},{'JAM_STAND_STILL_TRAFFIC'},26,{2},5.0
2e698c1d,2e698c1dc,2020-09-04,19,{'JAM'},"{'JAM_STAND_STILL_TRAFFIC', 'JAM_HEAVY_TRAFFIC'}",37,{2},5.162162162162162
2e698c1d,2e698c1dc,2020-09-05,17,{'JAM'},{'JAM_HEAVY_TRAFFIC'},16,{2},5.0
2e698c1d,2e698c1dc,2020-09-25,17,{'JAM'},{'JAM_STAND_STILL_TRAFFIC'},32,{2},5.0
2e698c1d,2e698c1dc,2020-09-25,18,{'JAM'},{'JAM_STAND_STILL_TRAFFIC'},10,{2},5.0
2e698c1d,2e698c1dc,2020-09-28,18,{'JAM'},{'JAM_STAND_STILL_TRAFFIC'},5,{2},5.0
2e698c1d,2e698c1dc,2020-10-01,18,{'JAM'},{'JAM_STAND_STILL_TRAFFIC'},59,{2},5.033898305084746
2e698c1d,2e698c1dc,2020-10-03,17,{'JAM'},{'JAM_HEAVY_TRAFFIC'},30,{2},5.0
2e698c1d,2e698c1dc,2020-10-03,18,{'JAM'},{'JAM_STAND_STILL_TRAFFIC'},33,{2},7.7272727272727275
2e698c1d,2e698c1dc,2020-10-05,18,{'JAM'},{'JAM_STAND_STILL_TRAFFIC'},31,{2},5.0
2e698c1d,2e698c1dc,2020-10-06,17,{'JAM'},"{'JAM_STAND_STILL_TRAFFIC', 'JAM_HEAVY_TRAFFIC'}",48,{2},5.625
2e698c1d,2e698c1dc,2020-10-08,13,{'JAM'},{'JAM_STAND_STILL_TRAFFIC'},28,{2},5.0
2e698c1d,2e698c1dc,2020-10-12,18,{'JAM'},{'JAM_STAND_STILL_TRAFFIC'},8,{2},5.5
2e698c1d,2e698c1dc,2020-10-28,17,{'JAM'},{'JAM_STAND_STILL_TRAFFIC'},46,{2},5.391304347826087
2e698c1d,2e698c1dc,2020-10-28,18,{'JAM'},{'JAM_STAND_STILL_TRAFFIC'},28,{2},5.428571428571429
2e698c1d,2e698c1dc,2020-10-28,19,{'JAM'},"{'JAM_STAND_STILL_TRAFFIC', 'JAM_HEAVY_TRAFFIC'}",56,{2},5.0
2e698c1d,2e698c1dc,2020-11-02,18,{'JAM'},{'JAM_HEAVY_TRAFFIC'},30,{2},5.0
2e698c1d,2e698c1dc,2020-11-05,17,{'JAM'},{'JAM_HEAVY_TRAFFIC'},24,{2},5.0
2e698c1d,2e698c1dc,2020-11-06,18,{'JAM'},{'JAM'},33,{2},5.0
2e698c1d,2e698c1dc,2020-11-07,18,{'JAM'},{'JAM_HEAVY_TRAFFIC'},64,{2},5.0
2e698c1d,2e698c1dc,2020-11-07,19,{'JAM'},{'JAM_STAND_STILL_TRAFFIC'},30,{2},5.0
2e698c1d,2e698c1dc,2020-11-08,14,{'JAM'},{'JAM_STAND_STILL_TRAFFIC'},6,{2},6.833333333333333
2e698c1d,2e698c1dc,2020-11-08,16,{'JAM'},{'JAM_STAND_STILL_TRAFFIC'},8,{2},5.0
2e698c1d,2e698c1dc,2020-11-09,18,{'JAM'},{'JAM_STAND_STILL_TRAFFIC'},30,{2},5.0
2e698c1d,2e698c1dc,2020-11-12,18,{'JAM'},{'JAM_STAND_STILL_TRAFFIC'},6,{2},5.333333333333333
2e698c1d,2e698c1dc,2020-11-13,17,{'JAM'},{'JAM_HEAVY_TRAFFIC'},44,{2},5.363636363636363
2e698c1d,2e698c1dc,2020-11-13,18,{'JAM'},{'JAM_STAND_STILL_TRAFFIC'},32,{2},5.0
2e698c1d,2e698c1dc,2020-11-17,17,{'JAM'},{'JAM_STAND_STILL_TRAFFIC'},23,{2},5.0
2e698c1d,2e698c1dc,2020-11-18,18,{'JAM'},{'JAM_STAND_STILL_TRAFFIC'},30,{2},5.0
2e698c1d,2e698c1dc,2020-11-20,21,{'JAM'},{'JAM_MODERATE_TRAFFIC'},17,{2},5.0
2e698c1f,2e698c1e4,2020-09-01,18,{'JAM'},{'JAM_STAND_STILL_TRAFFIC'},25,{2},6.52
2e698c1f,2e698c1e4,2020-09-04,18,{'JAM'},{'JAM_HEAVY_TRAFFIC'},32,{2},5.0
2e698c1f,2e698c1e4,2020-09-05,17,{'JAM'},{'JAM_HEAVY_TRAFFIC'},30,{2},5.0
2e698c1f,2e698c1e4,2020-09-05,18,{'JAM'},{'JAM_MODERATE_TRAFFIC'},36,{2},5.0
2e698c1f,2e698c1e4,2020-09-06,20,{'JAM'},{'JAM_HEAVY_TRAFFIC'},31,{2},5.0
2e698c1f,2e698c1e4,2020-09-16,18,{'JAM'},{'JAM_STAND_STILL_TRAFFIC'},57,{2},5.0
2e698c1f,2e698c1e4,2020-09-24,9,{'JAM'},{'JAM'},31,{20},5.0
2e698c1f,2e698c1e4,2020-09-28,13,{'JAM'},{'JAM_STAND_STILL_TRAFFIC'},33,{2},5.0
2e698c1f,2e698c1e4,2020-10-01,18,{'JAM'},{'JAM_HEAVY_TRAFFIC'},45,{2},5.666666666666667
2e698c1f,2e698c1e4,2020-10-02,11,{'JAM'},{'JAM_HEAVY_TRAFFIC'},32,{2},5.0
2e698c1f,2e698c1e4,2020-10-02,18,{'JAM'},"{'JAM_STAND_STILL_TRAFFIC', 'JAM_HEAVY_TRAFFIC'}",66,{2},6.0606060606060606
2e698c1f,2e698c1e4,2020-10-03,18,{'JAM'},{'JAM_HEAVY_TRAFFIC'},30,{2},6.0
2e698c1f,2e698c1e4,2020-10-04,17,{'JAM'},{'JAM_STAND_STILL_TRAFFIC'},31,{2},5.967741935483871
2e698c1f,2e698c1e4,2020-10-06,17,{'JAM'},{'JAM_HEAVY_TRAFFIC'},5,{2},5.0
2e698c1f,2e698c1e4,2020-10-07,13,{'JAM'},{'JAM_MODERATE_TRAFFIC'},33,{2},5.0
2e698c1f,2e698c1e4,2020-10-07,18,{'JAM'},{'JAM_HEAVY_TRAFFIC'},37,{2},5.0
2e698c1f,2e698c1e4,2020-10-08,13,{'JAM'},{'JAM_STAND_STILL_TRAFFIC'},67,"{2, 20}",5.343283582089552
2e698c1f,2e698c1e4,2020-10-17,18,{'JAM'},{'JAM_STAND_STILL_TRAFFIC'},27,{2},5.0
2e698c1f,2e698c1e4,2020-10-24,13,{'JAM'},{'JAM_MODERATE_TRAFFIC'},31,{2},5.0
2e698c1f,2e698c1e4,2020-10-24,15,{'JAM'},{'JAM_STAND_STILL_TRAFFIC'},30,{2},5.0
2e698c1f,2e698c1e4,2020-10-24,18,{'JAM'},{'JAM_HEAVY_TRAFFIC'},30,{1},5.0
2e698c1f,2e698c1e4,2020-10-25,15,{'JAM'},{'JAM_HEAVY_TRAFFIC'},25,{2},5.0
2e698c1f,2e698c1e4,2020-10-27,17,{'JAM'},{'JAM_HEAVY_TRAFFIC'},8,{2},5.0
2e698c1f,2e698c1e4,2020-10-27,18,{'JAM'},"{'JAM_MODERATE_TRAFFIC', 'JAM_HEAVY_TRAFFIC'}",108,{2},5.138888888888889
2e698c1f,2e698c1e4,2020-10-28,15,{'JAM'},{'JAM_STAND_STILL_TRAFFIC'},7,{2},5.0
2e698c1f,2e698c1e4,2020-10-31,17,{'JAM'},{'JAM_HEAVY_TRAFFIC'},34,{2},5.0
2e698c1f,2e698c1e4,2020-11-04,18,{'JAM'},{'JAM_STAND_STILL_TRAFFIC'},71,{2},5.0
2e698c1f,2e698c1e4,2020-11-07,14,{'JAM'},{'JAM_STAND_STILL_TRAFFIC'},29,{2},5.0
2e698c1f,2e698c1e4,2020-11-07,17,{'JAM'},"{'JAM_STAND_STILL_TRAFFIC', 'JAM_MODERATE_TRAFFIC', 'JAM_HEAVY_TRAFFIC'}",94,{2},5.0
2e698c1f,2e698c1e4,2020-11-07,18,{'JAM'},{'JAM_HEAVY_TRAFFIC'},64,{2},5.0
2e698c1f,2e698c1e4,2020-11-07,20,{'JAM'},{'JAM_STAND_STILL_TRAFFIC'},22,{2},5.0
2e698c1f,2e698c1e4,2020-11-08,17,{'JAM'},{'JAM_STAND_STILL_TRAFFIC'},31,{2},5.0
2e698c1f,2e698c1e4,2020-11-12,13,{'JAM'},{'JAM'},32,{20},5.0
2e698c1f,2e698c1e4,2020-11-12,18,{'JAM'},{'JAM_HEAVY_TRAFFIC'},31,{2},5.967741935483871
2e698c1f,2e698c1e4,2020-11-13,17,{'JAM'},{'JAM_STAND_STILL_TRAFFIC'},42,{2},5.357142857142857
2e698c1f,2e698c1e4,2020-11-14,16,{'JAM'},{'JAM_HEAVY_TRAFFIC'},32,{2},5.0
2e698c1f,2e698c1e4,2020-11-14,20,{'JAM'},{'JAM_STAND_STILL_TRAFFIC'},63,{2},5.0
2e698c1f,2e698c1e4,2020-11-17,17,{'JAM'},{'JAM_HEAVY_TRAFFIC'},34,{2},5.0
2e698c1f,2e698c1e4,2020-11-18,19,{'JAM'},{'JAM_MODERATE_TRAFFIC'},30,{2},5.0
2e698c1f,2e698c1e4,2020-11-20,18,{'JAM'},{'JAM_STAND_STILL_TRAFFIC'},30,{2},5.0
2e698c1f,2e698c1e4,2020-11-21,16,{'JAM'},{'JAM_STAND_STILL_TRAFFIC'},42,{2},5.738095238095238
2e698c1f,2e698c1ec,2020-09-22,14,{'JAM'},{'JAM'},31,{20},5.0
2e698c1f,2e698c1ec,2020-10-27,18,{'JAM'},{'JAM_HEAVY_TRAFFIC'},31,{2},5.0
2e698c1f,2e698c1f4,2020-09-26,10,{'JAM'},{'JAM_MODERATE_TRAFFIC'},31,{2},5.0
2e698c1f,2e698c1f4,2020-09-28,13,{'JAM'},{'JAM_STAND_STILL_TRAFFIC'},32,{2},5.0
2e698c1f,2e698c1f4,2020-10-03,11,{'JAM'},{'JAM_STAND_STILL_TRAFFIC'},31,{2},5.0
2e698c1f,2e698c1f4,2020-10-04,17,{'JAM'},{'JAM_STAND_STILL_TRAFFIC'},9,{2},5.0
2e698c1f,2e698c1f4,2020-10-05,18,{'JAM'},{'JAM_MODERATE_TRAFFIC'},15,{2},5.8
2e698c1f,2e698c1f4,2020-10-10,12,{'JAM'},{'JAM_STAND_STILL_TRAFFIC'},30,{2},5.0
2e698c1f,2e698c1f4,2020-10-10,13,{'JAM'},{'JAM_HEAVY_TRAFFIC'},31,{2},5.709677419354839
2e698c1f,2e698c1f4,2020-10-15,11,{'JAM'},{'JAM_STAND_STILL_TRAFFIC'},31,{2},5.0
2e698c1f,2e698c1f4,2020-10-17,12,{'JAM'},{'JAM_STAND_STILL_TRAFFIC'},34,{2},5.970588235294118
2e698c1f,2e698c1f4,2020-10-24,15,{'JAM'},{'JAM_STAND_STILL_TRAFFIC'},22,{2},5.0
2e698c1f,2e698c1f4,2020-10-24,18,{'JAM'},"{'JAM_STAND_STILL_TRAFFIC', 'JAM_HEAVY_TRAFFIC'}",62,{2},5.0
2e698c1f,2e698c1f4,2020-10-25,15,{'JAM'},{'JAM_HEAVY_TRAFFIC'},65,{2},5.230769230769231
2e698c1f,2e698c1f4,2020-10-27,13,{'JAM'},{'JAM_STAND_STILL_TRAFFIC'},26,{2},5.0
2e698c1f,2e698c1f4,2020-10-30,14,{'JAM'},{'JAM_MODERATE_TRAFFIC'},34,{2},5.0
2e698c1f,2e698c1f4,2020-10-31,15,{'JAM'},{'JAM_HEAVY_TRAFFIC'},30,{2},5.0
2e698c1f,2e698c1f4,2020-11-03,15,{'JAM'},{'JAM_STAND_STILL_TRAFFIC'},30,{2},5.0
2e698c1f,2e698c1f4,2020-11-04,12,{'JAM'},{'JAM_STAND_STILL_TRAFFIC'},33,{2},5.0
2e698c1f,2e698c1f4,2020-11-07,11,{'JAM'},"{'JAM', 'JAM_STAND_STILL_TRAFFIC'}",61,{2},5.0
2e698c1f,2e698c1f4,2020-11-07,12,{'JAM'},{'JAM_STAND_STILL_TRAFFIC'},28,{2},6.0
2e698c1f,2e698c1f4,2020-11-20,21,{'JAM'},{'JAM_MODERATE_TRAFFIC'},24,{2},5.0
2e698c1f,2e698c1f4,2020-11-21,16,{'JAM'},{'JAM_STAND_STILL_TRAFFIC'},30,{2},5.0
2e698c1f,2e698c1fc,2020-09-28,13,{'JAM'},{'JAM_STAND_STILL_TRAFFIC'},30,{2},5.0
2e698c1f,2e698c1fc,2020-10-03,11,{'JAM'},{'JAM_HEAVY_TRAFFIC'},33,{2},5.0
2e698c1f,2e698c1fc,2020-10-31,17,{'JAM'},{'JAM_STAND_STILL_TRAFFIC'},30,{2},6.9
2e698c1f,2e698c1fc,2020-11-01,11,{'JAM'},{'JAM_STAND_STILL_TRAFFIC'},35,{2},5.0
2e698c21,2e698c204,2020-10-03,11,{'JAM'},{'JAM_HEAVY_TRAFFIC'},30,{2},5.0
2e698c21,2e698c204,2020-10-28,11,{'JAM'},{'JAM'},31,{20},6.0
2e698c21,2e698c204,2020-10-31,11,{'JAM'},{'JAM_STAND_STILL_TRAFFIC'},6,{2},5.0
2e698c21,2e698c204,2020-10-31,21,{'JAM'},{'JAM_HEAVY_TRAFFIC'},31,{2},5.0
2e698c21,2e698c204,2020-11-01,11,{'JAM'},{'JAM_STAND_STILL_TRAFFIC'},37,{2},5.0
2e698c21,2e698c204,2020-11-01,17,{'JAM'},{'JAM_STAND_STILL_TRAFFIC'},65,{2},5.0
2e698c21,2e698c204,2020-11-17,18,{'JAM'},{'JAM_STAND_STILL_TRAFFIC'},32,{2},5.0
2e698c21,2e698c20c,2020-09-18,17,{'JAM'},{'JAM_HEAVY_TRAFFIC'},31,{2},5.870967741935484
2e698c21,2e698c20c,2020-10-03,11,{'JAM'},{'JAM_MODERATE_TRAFFIC'},30,{2},5.0
2e698c21,2e698c20c,2020-10-25,13,{'JAM'},{'JAM_STAND_STILL_TRAFFIC'},20,{2},5.6
2e698c21,2e698c20c,2020-10-31,11,{'JAM'},"{'JAM_STAND_STILL_TRAFFIC', 'JAM_HEAVY_TRAFFIC'}",50,{2},5.0
2e698c21,2e698c20c,2020-10-31,12,{'JAM'},{'JAM_HEAVY_TRAFFIC'},34,{2},5.970588235294118
2e698c21,2e698c20c,2020-10-31,18,{'JAM'},{'JAM_STAND_STILL_TRAFFIC'},38,{2},5.473684210526316
2e698c21,2e698c20c,2020-10-31,19,{'JAM'},{'JAM_STAND_STILL_TRAFFIC'},6,{2},5.0
2e698c21,2e698c21c,2020-09-05,12,{'JAM'},{'JAM_HEAVY_TRAFFIC'},31,{2},5.0
2e698c21,2e698c21c,2020-09-05,21,{'JAM'},"{'JAM_STAND_STILL_TRAFFIC', 'JAM_HEAVY_TRAFFIC'}",53,{2},5.0
2e698c21,2e698c21c,2020-10-03,11,{'JAM'},{'JAM_STAND_STILL_TRAFFIC'},31,{2},5.0
2e698c21,2e698c21c,2020-10-10,14,{'JAM'},{'JAM_HEAVY_TRAFFIC'},6,{2},5.0
2e698c21,2e698c21c,2020-10-24,14,{'JAM'},{'JAM_STAND_STILL_TRAFFIC'},30,{2},5.0
2e698c21,2e698c21c,2020-10-31,15,{'JAM'},{'JAM_HEAVY_TRAFFIC'},31,{2},5.0
2e698c21,2e698c21c,2020-11-01,16,{'JAM'},{'JAM_STAND_STILL_TRAFFIC'},18,{2},5.944444444444445
2e698c21,2e698c21c,2020-11-07,12,{'JAM'},{'JAM_STAND_STILL_TRAFFIC'},34,{2},5.0
2e698c21,2e698c21c,2020-11-07,15,{'JAM'},{'JAM_STAND_STILL_TRAFFIC'},30,{2},5.0
2e698c21,2e698c21c,2020-11-14,12,{'JAM'},{'JAM_HEAVY_TRAFFIC'},30,{2},5.0
2e698c21,2e698c21c,2020-11-22,17,{'JAM'},{'JAM_MODERATE_TRAFFIC'},16,{2},5.0
2e698c23,2e698c224,2020-10-02,18,{'JAM'},{'JAM_STAND_STILL_TRAFFIC'},30,{2},5.933333333333334
2e698c23,2e698c224,2020-11-17,17,{'JAM'},{'JAM_HEAVY_TRAFFIC'},31,{2},5.967741935483871
2e698c23,2e698c22c,2020-09-14,13,{'JAM'},{'JAM_MODERATE_TRAFFIC'},31,{7},5.0
2e698c23,2e698c234,2020-09-08,21,{'WEATHERHAZARD'},{'WEATHERHAZARD'},30,{7},5.966666666666667
2e698c23,2e698c234,2020-09-12,13,{'JAM'},{'JAM'},6,{7},5.0
2e698c23,2e698c234,2020-09-18,17,{'JAM'},{'JAM_MODERATE_TRAFFIC'},25,{7},5.0
2e698c23,2e698c234,2020-10-16,19,{'JAM'},{'JAM_HEAVY_TRAFFIC'},44,{7},6.318181818181818
2e698c23,2e698c234,2020-11-21,18,{'ACCIDENT'},{'ACCIDENT'},7,{7},5.571428571428571
2e698c23,2e698c23c,2020-09-01,20,{'JAM'},{'JAM_STAND_STILL_TRAFFIC'},32,{7},5.0
2e698c23,2e698c23c,2020-09-06,21,{'JAM'},{'JAM_STAND_STILL_TRAFFIC'},30,{7},5.0
2e698c23,2e698c23c,2020-09-11,17,{'JAM'},{'JAM_HEAVY_TRAFFIC'},32,{7},5.0
2e698c23,2e698c23c,2020-09-12,10,{'JAM'},{'JAM_HEAVY_TRAFFIC'},31,{2},5.0
2e698c23,2e698c23c,2020-09-15,15,{'JAM'},{'JAM_STAND_STILL_TRAFFIC'},21,{7},5.0
2e698c23,2e698c23c,2020-09-18,17,{'JAM'},{'JAM_HEAVY_TRAFFIC'},31,{7},5.967741935483871
2e698c23,2e698c23c,2020-09-23,18,{'JAM'},{'JAM_HEAVY_TRAFFIC'},21,{7},5.857142857142857
2e698c23,2e698c23c,2020-09-24,21,{'JAM'},{'JAM_STAND_STILL_TRAFFIC'},31,{7},5.0
2e698c23,2e698c23c,2020-09-30,20,{'JAM'},{'JAM_STAND_STILL_TRAFFIC'},30,{7},5.0
2e698c23,2e698c23c,2020-10-02,18,{'JAM'},{'JAM_STAND_STILL_TRAFFIC'},31,{7},5.0
2e698c23,2e698c23c,2020-10-05,12,{'JAM'},"{'JAM_STAND_STILL_TRAFFIC', 'JAM_MODERATE_TRAFFIC'}",72,"{2, 7}",5.222222222222222
2e698c23,2e698c23c,2020-10-05,18,{'JAM'},{'JAM_HEAVY_TRAFFIC'},35,{7},5.457142857142857
2e698c23,2e698c23c,2020-10-06,18,{'JAM'},"{'JAM_STAND_STILL_TRAFFIC', 'JAM_HEAVY_TRAFFIC'}",63,{7},7.365079365079365
2e698c23,2e698c23c,2020-10-08,12,{'JAM'},{'JAM_STAND_STILL_TRAFFIC'},27,{2},5.555555555555555
2e698c23,2e698c23c,2020-10-10,17,{'JAM'},{'JAM_HEAVY_TRAFFIC'},35,{7},5.885714285714286
2e698c23,2e698c23c,2020-10-11,14,{'JAM'},{'JAM_HEAVY_TRAFFIC'},20,{7},5.0
2e698c23,2e698c23c,2020-10-12,17,{'JAM'},{'JAM_STAND_STILL_TRAFFIC'},33,{7},5.0
2e698c23,2e698c23c,2020-10-15,5,"{'JAM', 'ACCIDENT'}","{'JAM', 'ACCIDENT'}",152,{2},5.0
2e698c23,2e698c23c,2020-10-17,17,{'JAM'},{'JAM_MODERATE_TRAFFIC'},32,{7},5.0
2e698c23,2e698c23c,2020-10-19,17,{'JAM'},{'JAM_STAND_STILL_TRAFFIC'},63,{7},5.507936507936508
2e698c23,2e698c23c,2020-10-19,18,{'JAM'},{'JAM'},30,{7},5.0
2e698c23,2e698c23c,2020-10-21,19,{'JAM'},{'JAM_HEAVY_TRAFFIC'},31,{7},5.0
2e698c23,2e698c23c,2020-10-25,16,{'JAM'},"{'JAM_STAND_STILL_TRAFFIC', 'JAM_HEAVY_TRAFFIC'}",60,{7},5.933333333333334
2e698c23,2e698c23c,2020-10-26,18,{'JAM'},{'JAM_STAND_STILL_TRAFFIC'},32,{7},5.0
2e698c23,2e698c23c,2020-10-27,16,{'JAM'},{'JAM_STAND_STILL_TRAFFIC'},32,{7},5.8125
2e698c23,2e698c23c,2020-11-03,16,{'JAM'},{'JAM_MODERATE_TRAFFIC'},32,{7},5.0
2e698c23,2e698c23c,2020-11-04,18,{'JAM'},{'JAM'},30,{7},5.0
2e698c23,2e698c23c,2020-11-05,20,{'JAM'},{'JAM_STAND_STILL_TRAFFIC'},31,{7},5.0
2e698c23,2e698c23c,2020-11-06,17,{'JAM'},{'JAM_HEAVY_TRAFFIC'},31,{7},5.967741935483871
2e698c23,2e698c23c,2020-11-07,13,{'JAM'},{'JAM_STAND_STILL_TRAFFIC'},30,{7},5.8
2e698c23,2e698c23c,2020-11-07,15,{'JAM'},{'JAM_STAND_STILL_TRAFFIC'},30,{2},5.0
2e698c23,2e698c23c,2020-11-08,11,{'JAM'},{'JAM'},5,{2},5.0
2e698c23,2e698c23c,2020-11-09,11,{'JAM'},{'JAM_STAND_STILL_TRAFFIC'},30,{7},5.0
2e698c23,2e698c23c,2020-11-10,17,{'JAM'},{'JAM_MODERATE_TRAFFIC'},31,{7},5.0
2e698c23,2e698c23c,2020-11-14,20,{'JAM'},{'JAM_HEAVY_TRAFFIC'},31,{7},5.741935483870968
2e698c23,2e698c23c,2020-11-16,8,{'JAM'},{'JAM_HEAVY_TRAFFIC'},40,{2},5.4
2e698c23,2e698c23c,2020-11-16,16,{'JAM'},{'JAM_STAND_STILL_TRAFFIC'},31,{7},5.0
2e698c23,2e698c23c,2020-11-21,10,{'JAM'},{'JAM_MODERATE_TRAFFIC'},30,{7},5.0
2e698c23,2e698c23c,2020-11-22,21,{'JAM'},{'JAM_MODERATE_TRAFFIC'},30,{20},5.0
2e698c25,2e698c244,2020-09-04,18,{'JAM'},{'JAM_STAND_STILL_TRAFFIC'},6,{2},5.0
2e698c25,2e698c244,2020-09-05,17,{'JAM'},{'JAM_STAND_STILL_TRAFFIC'},32,{7},5.96875
2e698c25,2e698c244,2020-09-09,18,{'JAM'},{'JAM_STAND_STILL_TRAFFIC'},31,{7},5.0
2e698c25,2e698c244,2020-09-10,15,{'ROAD_CLOSED'},{'ROAD_CLOSED_CONSTRUCTION'},22,{2},5.0
2e698c25,2e698c244,2020-09-11,15,{'ROAD_CLOSED'},{'ROAD_CLOSED_CONSTRUCTION'},22,{2},5.0
2e698c25,2e698c244,2020-09-12,12,{'ROAD_CLOSED'},{'ROAD_CLOSED'},22,{2},5.0
2e698c25,2e698c244,2020-10-19,7,{'JAM'},{'JAM_MODERATE_TRAFFIC'},6,{7},5.0
2e698c25,2e698c244,2020-10-20,16,{'JAM'},{'JAM_STAND_STILL_TRAFFIC'},49,{7},5.408163265306122
2e698c25,2e698c244,2020-11-03,16,{'JAM'},{'JAM_MODERATE_TRAFFIC'},45,{7},5.0
2e698c25,2e698c244,2020-11-03,19,{'JAM'},{'JAM_HEAVY_TRAFFIC'},33,{7},5.0
2e698c25,2e698c244,2020-11-06,17,{'JAM'},{'JAM_MODERATE_TRAFFIC'},33,{7},5.0
2e698c25,2e698c244,2020-11-10,17,{'JAM'},{'JAM_MODERATE_TRAFFIC'},31,{7},5.0
2e698c25,2e698c244,2020-11-17,18,{'JAM'},{'JAM_STAND_STILL_TRAFFIC'},15,{2},5.0
2e698c25,2e698c24c,2020-10-14,16,{'JAM'},{'JAM'},31,{22},5.0
2e698c25,2e698c25c,2020-10-02,15,{'JAM'},{'JAM'},31,{20},5.0
2e698c25,2e698c25c,2020-10-26,16,{'JAM'},{'JAM'},65,{2},5.0
2e698c25,2e698c25c,2020-11-04,16,{'JAM'},{'JAM'},32,{2},6.0
2e698c25,2e698c25c,2020-11-05,15,{'JAM'},{'JAM'},30,{20},5.0
2e698c27,2e698c264,2020-09-01,16,{'JAM'},{'JAM_MODERATE_TRAFFIC'},30,{7},5.0
2e698c27,2e698c264,2020-09-11,9,{'JAM'},{'JAM_MODERATE_TRAFFIC'},5,{2},5.0
2e698c27,2e698c264,2020-09-12,10,{'JAM'},{'JAM_MODERATE_TRAFFIC'},31,{7},5.0
2e698c27,2e698c264,2020-09-17,18,{'JAM'},{'JAM_STAND_STILL_TRAFFIC'},30,{7},5.0
2e698c27,2e698c264,2020-09-30,10,{'JAM'},{'JAM_HEAVY_TRAFFIC'},30,{7},5.0
2e698c27,2e698c264,2020-10-10,13,{'JAM'},{'JAM_STAND_STILL_TRAFFIC'},27,{7},6.0
2e698c27,2e698c264,2020-10-15,11,{'JAM'},{'JAM_HEAVY_TRAFFIC'},31,{2},6.0
2e698c27,2e698c264,2020-11-06,20,{'JAM'},{'JAM_HEAVY_TRAFFIC'},31,{2},5.0
2e698c27,2e698c264,2020-11-14,17,{'JAM'},{'JAM_STAND_STILL_TRAFFIC'},30,{7},5.0
2e698c27,2e698c264,2020-11-15,16,{'JAM'},{'JAM'},1,{7},5.0
2e698c27,2e698c264,2020-11-21,10,{'JAM'},{'JAM_MODERATE_TRAFFIC'},30,{7},5.0
2e698c27,2e698c26c,2020-09-05,13,{'JAM'},{'JAM_HEAVY_TRAFFIC'},30,{7},5.0
2e698c27,2e698c26c,2020-09-06,14,{'JAM'},{'JAM'},30,{7},5.0
2e698c27,2e698c26c,2020-09-07,13,{'JAM'},{'JAM_MODERATE_TRAFFIC'},32,{7},5.0
2e698c27,2e698c26c,2020-09-11,11,{'JAM'},{'JAM_HEAVY_TRAFFIC'},30,{7},5.0
2e698c27,2e698c26c,2020-09-23,14,{'JAM'},{'JAM_STAND_STILL_TRAFFIC'},42,{7},5.0
2e698c27,2e698c26c,2020-10-10,13,{'JAM'},{'JAM_STAND_STILL_TRAFFIC'},3,{7},5.0
2e698c27,2e698c26c,2020-10-10,15,{'JAM'},{'JAM'},6,{7},5.0
2e698c27,2e698c26c,2020-10-11,14,{'JAM'},{'JAM'},30,{7},6.0
2e698c27,2e698c26c,2020-10-22,13,{'JAM'},{'JAM_MODERATE_TRAFFIC'},32,{7},5.0
2e698c27,2e698c26c,2020-10-22,16,{'JAM'},{'JAM_MODERATE_TRAFFIC'},31,{7},5.0
2e698c27,2e698c26c,2020-10-24,16,{'JAM'},{'JAM_STAND_STILL_TRAFFIC'},33,{7},5.0
2e698c27,2e698c26c,2020-10-24,21,"{'JAM', 'ACCIDENT'}","{'JAM_STAND_STILL_TRAFFIC', 'ACCIDENT_MAJOR'}",154,{20},5.0
2e698c27,2e698c26c,2020-10-27,11,{'JAM'},{'JAM_STAND_STILL_TRAFFIC'},31,{7},5.0
2e698c27,2e698c26c,2020-11-01,15,{'JAM'},{'JAM_MODERATE_TRAFFIC'},30,{7},5.0
2e698c27,2e698c26c,2020-11-02,16,{'JAM'},{'JAM_HEAVY_TRAFFIC'},30,{7},6.6
2e698c27,2e698c26c,2020-11-03,13,{'JAM'},{'JAM_HEAVY_TRAFFIC'},25,{7},5.0
2e698c27,2e698c26c,2020-11-03,14,{'JAM'},{'JAM_HEAVY_TRAFFIC'},30,{7},5.0
2e698c27,2e698c26c,2020-11-06,15,{'JAM'},{'JAM_HEAVY_TRAFFIC'},33,{7},5.0
2e698c27,2e698c26c,2020-11-12,11,{'JAM'},{'JAM_STAND_STILL_TRAFFIC'},33,{7},5.0
2e698c27,2e698c26c,2020-11-15,16,{'JAM'},{'JAM'},31,{7},6.0
2e698c27,2e698c26c,2020-11-21,11,{'JAM'},{'JAM_STAND_STILL_TRAFFIC'},67,{7},5.2388059701492535
2e698c27,2e698c274,2020-10-04,11,{'JAM'},{'JAM_STAND_STILL_TRAFFIC'},31,{2},5.0
2e698c27,2e698c274,2020-10-10,12,{'JAM'},{'JAM_STAND_STILL_TRAFFIC'},6,{2},5.666666666666667
2e698c27,2e698c274,2020-10-31,11,{'JAM'},{'JAM_STAND_STILL_TRAFFIC'},30,{1},5.0
2e698c27,2e698c274,2020-11-01,11,{'JAM'},{'JAM_MODERATE_TRAFFIC'},30,{2},5.0
2e698c27,2e698c274,2020-11-01,17,{'JAM'},{'JAM_STAND_STILL_TRAFFIC'},6,{2},5.0
2e698c27,2e698c274,2020-11-07,21,{'JAM'},{'JAM_HEAVY_TRAFFIC'},32,{2},5.0
2e698c27,2e698c274,2020-11-11,9,{'JAM'},{'JAM_HEAVY_TRAFFIC'},32,{2},5.0
2e698c27,2e698c274,2020-11-16,8,{'JAM'},{'JAM_STAND_STILL_TRAFFIC'},34,{2},5.0
2e698c27,2e698c27c,2020-09-10,6,{'JAM'},{'JAM_HEAVY_TRAFFIC'},32,{2},5.0
2e698c27,2e698c27c,2020-09-17,20,{'WEATHERHAZARD'},{'HAZARD_ON_ROAD_TRAFFIC_LIGHT_FAULT'},33,{2},5.0
2e698c27,2e698c27c,2020-09-30,10,{'JAM'},{'JAM_HEAVY_TRAFFIC'},32,{7},5.0
2e698c27,2e698c27c,2020-10-12,17,{'JAM'},{'JAM_STAND_STILL_TRAFFIC'},30,{2},5.0
2e698c27,2e698c27c,2020-10-15,11,{'JAM'},{'JAM_HEAVY_TRAFFIC'},19,{2},5.0
2e698c27,2e698c27c,2020-10-22,14,{'JAM'},{'JAM_STAND_STILL_TRAFFIC'},5,{2},5.0
2e698c27,2e698c27c,2020-10-31,15,{'JAM'},{'JAM_HEAVY_TRAFFIC'},9,{2},5.0
2e698c27,2e698c27c,2020-10-31,17,{'JAM'},{'JAM_STAND_STILL_TRAFFIC'},33,{2},6.333333333333333
2e698c27,2e698c27c,2020-10-31,20,{'JAM'},{'JAM_STAND_STILL_TRAFFIC'},28,{7},5.0
2e698c27,2e698c27c,2020-10-31,21,{'JAM'},{'JAM_STAND_STILL_TRAFFIC'},6,{7},5.0
2e698c27,2e698c27c,2020-11-06,17,{'JAM'},{'JAM_STAND_STILL_TRAFFIC'},40,"{2, 20}",5.925
2e698c27,2e698c27c,2020-11-11,9,{'JAM'},"{'JAM', 'JAM_MODERATE_TRAFFIC'}",64,{2},5.0
2e698c27,2e698c27c,2020-11-19,18,{'JAM'},{'JAM_STAND_STILL_TRAFFIC'},33,{2},5.0
2e698c27,2e698c27c,2020-11-19,19,{'JAM'},{'JAM_HEAVY_TRAFFIC'},30,{7},5.0
2e698c27,2e698c27c,2020-11-21,15,{'JAM'},{'JAM'},9,{2},5.0
2e698c27,2e698c27c,2020-11-22,16,{'JAM'},{'JAM_HEAVY_TRAFFIC'},35,{2},5.0
2e698c29,2e698c284,2020-09-10,6,{'JAM'},{'JAM_MODERATE_TRAFFIC'},30,{7},5.0
2e698c29,2e698c284,2020-09-11,17,{'JAM'},{'JAM_HEAVY_TRAFFIC'},16,{7},5.0
2e698c29,2e698c284,2020-10-12,10,{'JAM'},{'JAM_HEAVY_TRAFFIC'},31,{7},5.0
2e698c29,2e698c284,2020-10-17,6,{'WEATHERHAZARD'},{'HAZARD_ON_ROAD_CAR_STOPPED'},30,{7},5.0
2e698c29,2e698c284,2020-10-27,11,{'JAM'},{'JAM_HEAVY_TRAFFIC'},7,{7},5.0
2e698c29,2e698c284,2020-10-27,16,{'JAM'},{'JAM_STAND_STILL_TRAFFIC'},41,{7},5.390243902439025
2e698c29,2e698c284,2020-10-31,16,{'JAM'},{'JAM_STAND_STILL_TRAFFIC'},31,{7},5.741935483870968
2e698c29,2e698c284,2020-11-02,17,{'JAM'},{'JAM_HEAVY_TRAFFIC'},31,{7},5.0
2e698c29,2e698c284,2020-11-05,19,{'JAM'},{'JAM_STAND_STILL_TRAFFIC'},32,{7},5.0
2e698c29,2e698c284,2020-11-14,12,{'JAM'},{'JAM_STAND_STILL_TRAFFIC'},30,{7},5.0
2e698c29,2e698c284,2020-11-20,21,{'JAM'},{'JAM_MODERATE_TRAFFIC'},19,{7},5.0
2e698c2b,2e698c2a4,2020-09-25,14,{'JAM'},{'JAM_MODERATE_TRAFFIC'},30,{1},5.0
2e698c2b,2e698c2a4,2020-09-25,19,{'JAM'},{'JAM_MODERATE_TRAFFIC'},30,{1},5.0
2e698c2b,2e698c2a4,2020-11-04,12,{'JAM'},{'JAM_MODERATE_TRAFFIC'},64,{1},5.0
2e698c2b,2e698c2a4,2020-11-04,19,{'JAM'},{'JAM_MODERATE_TRAFFIC'},30,{1},5.0
2e698c2b,2e698c2b4,2020-11-04,12,{'JAM'},{'JAM_MODERATE_TRAFFIC'},6,{2},5.0
2e698c2b,2e698c2bc,2020-09-25,14,{'JAM'},{'JAM_MODERATE_TRAFFIC'},31,{2},5.0
2e698c2b,2e698c2bc,2020-09-29,18,{'JAM'},{'JAM_STAND_STILL_TRAFFIC'},10,{2},5.0
2e698c2b,2e698c2bc,2020-10-11,10,{'JAM'},{'JAM'},30,{2},5.0
2e698c2b,2e698c2bc,2020-11-04,19,{'JAM'},{'JAM_MODERATE_TRAFFIC'},33,{1},5.0
2e698c2d,2e698c2cc,2020-09-08,19,{'JAM'},{'JAM_MODERATE_TRAFFIC'},7,{2},5.0
2e698c2d,2e698c2cc,2020-09-10,6,{'JAM'},{'JAM_HEAVY_TRAFFIC'},31,{2},5.0
2e698c2d,2e698c2cc,2020-09-11,8,{'JAM'},{'JAM_HEAVY_TRAFFIC'},29,{2},5.0
2e698c2d,2e698c2cc,2020-09-19,6,{'JAM'},{'JAM_HEAVY_TRAFFIC'},32,{2},5.0
2e698c2d,2e698c2cc,2020-09-20,16,{'JAM'},{'JAM_MODERATE_TRAFFIC'},31,{2},5.0
2e698c2d,2e698c2cc,2020-09-22,12,{'JAM'},{'JAM_MODERATE_TRAFFIC'},7,{2},5.0
2e698c2d,2e698c2cc,2020-09-25,14,{'JAM'},{'JAM_MODERATE_TRAFFIC'},6,{2},5.0
2e698c2d,2e698c2cc,2020-10-15,11,{'JAM'},{'JAM_STAND_STILL_TRAFFIC'},6,{2},5.0
2e698c2d,2e698c2cc,2020-10-31,19,{'ACCIDENT'},{'ACCIDENT_MINOR'},6,{2},5.166666666666667
2e698c2d,2e698c2cc,2020-11-04,19,{'JAM'},{'JAM_MODERATE_TRAFFIC'},12,{2},5.0
2e698c2d,2e698c2dc,2020-09-05,11,{'JAM'},{'JAM_HEAVY_TRAFFIC'},31,{2},5.838709677419355
2e698c2d,2e698c2dc,2020-09-05,12,{'JAM'},{'JAM_HEAVY_TRAFFIC'},30,{2},5.0
2e698c2d,2e698c2dc,2020-09-05,13,{'JAM'},{'JAM_HEAVY_TRAFFIC'},31,{2},8.0
2e698c2d,2e698c2dc,2020-09-05,16,{'JAM'},{'JAM_HEAVY_TRAFFIC'},29,{2},5.0
2e698c2d,2e698c2dc,2020-09-10,6,{'JAM'},{'JAM_HEAVY_TRAFFIC'},29,{2},5.0
2e698c2d,2e698c2dc,2020-09-12,12,{'JAM'},"{'JAM', 'JAM_HEAVY_TRAFFIC'}",62,{2},5.0
2e698c2d,2e698c2dc,2020-10-01,8,{'JAM'},{'JAM_HEAVY_TRAFFIC'},6,{2},5.0
2e698c2d,2e698c2dc,2020-10-04,15,{'JAM'},{'JAM_STAND_STILL_TRAFFIC'},18,{2},5.0
2e698c2d,2e698c2dc,2020-10-20,17,{'JAM'},{'JAM_STAND_STILL_TRAFFIC'},7,{2},5.0
2e698c2d,2e698c2dc,2020-10-22,17,{'JAM'},{'JAM_HEAVY_TRAFFIC'},30,{2},6.0
2e698c2d,2e698c2dc,2020-10-24,12,{'JAM'},{'JAM_STAND_STILL_TRAFFIC'},28,{2},5.0
2e698c2d,2e698c2dc,2020-10-24,15,{'JAM'},{'JAM_MODERATE_TRAFFIC'},6,{2},5.833333333333333
2e698c2d,2e698c2dc,2020-10-24,16,{'JAM'},{'JAM_STAND_STILL_TRAFFIC'},31,{2},5.0
2e698c2d,2e698c2dc,2020-10-25,13,{'JAM'},{'JAM_HEAVY_TRAFFIC'},14,{2},5.0
2e698c2d,2e698c2dc,2020-10-31,19,{'JAM'},{'JAM'},6,{2},5.0
2e698c2d,2e698c2dc,2020-11-04,19,{'JAM'},{'JAM_MODERATE_TRAFFIC'},11,{2},5.0
2e698c2d,2e698c2dc,2020-11-05,17,{'JAM'},{'JAM_STAND_STILL_TRAFFIC'},33,{2},5.0
2e698c2d,2e698c2dc,2020-11-06,17,{'JAM'},{'JAM_HEAVY_TRAFFIC'},32,{2},5.96875
2e698c2d,2e698c2dc,2020-11-07,14,{'JAM'},{'JAM_STAND_STILL_TRAFFIC'},30,{2},5.0
2e698c2d,2e698c2dc,2020-11-07,16,{'JAM'},{'JAM_STAND_STILL_TRAFFIC'},30,{2},5.0
2e698c2d,2e698c2dc,2020-11-09,19,{'JAM'},{'JAM_STAND_STILL_TRAFFIC'},32,{2},5.0
2e698c2d,2e698c2dc,2020-11-13,17,{'ACCIDENT'},{'ACCIDENT_MAJOR'},120,{2},5.558333333333334
2e698c2d,2e698c2dc,2020-11-16,15,{'JAM'},{'JAM'},5,{2},5.0
2e698c2f,2e698c2e4,2020-10-20,15,{'JAM'},{'JAM'},5,{2},5.0
2e698c2f,2e698c2e4,2020-11-12,15,{'JAM'},{'JAM'},30,{2},5.0
2e698c31,2e698c304,2020-09-04,18,{'JAM'},{'JAM_HEAVY_TRAFFIC'},30,{6},6.0
2e698c31,2e698c304,2020-09-11,18,{'JAM'},{'JAM_STAND_STILL_TRAFFIC'},30,{6},5.966666666666667
2e698c31,2e698c304,2020-09-18,17,{'JAM'},{'JAM_HEAVY_TRAFFIC'},33,{6},5.0
2e698c31,2e698c304,2020-09-21,11,{'WEATHERHAZARD'},{'WEATHERHAZARD'},30,{20},5.0
2e698c31,2e698c304,2020-09-26,12,{'JAM'},{'JAM_STAND_STILL_TRAFFIC'},10,{6},5.0
2e698c31,2e698c304,2020-10-03,17,{'JAM'},{'JAM_MODERATE_TRAFFIC'},5,{6},5.0
2e698c31,2e698c304,2020-10-05,17,{'JAM'},{'JAM_MODERATE_TRAFFIC'},30,{6},5.0
2e698c31,2e698c304,2020-10-08,12,{'JAM'},{'JAM_STAND_STILL_TRAFFIC'},71,"{20, 6}",5.211267605633803
2e698c31,2e698c304,2020-10-08,13,{'JAM'},"{'JAM', 'JAM_STAND_STILL_TRAFFIC'}",140,"{2, 20, 6}",6.807142857142857
2e698c31,2e698c304,2020-10-08,14,{'JAM'},{'JAM_STAND_STILL_TRAFFIC'},24,{6},5.0
2e698c31,2e698c304,2020-10-12,8,{'JAM'},{'JAM_HEAVY_TRAFFIC'},19,{6},5.0
2e698c31,2e698c304,2020-10-27,15,{'JAM'},{'JAM_HEAVY_TRAFFIC'},37,{6},6.378378378378378
2e698c31,2e698c304,2020-11-02,8,{'JAM'},{'JAM_HEAVY_TRAFFIC'},34,{1},5.0
2e698c31,2e698c304,2020-11-03,16,{'JAM'},{'JAM_MODERATE_TRAFFIC'},31,{6},5.0
2e698c31,2e698c304,2020-11-04,10,{'ACCIDENT'},{'ACCIDENT_MAJOR'},121,{2},5.0
2e698c31,2e698c304,2020-11-05,8,{'JAM'},{'JAM_HEAVY_TRAFFIC'},30,{6},5.0
2e698c31,2e698c304,2020-11-05,9,{'JAM'},{'JAM_MODERATE_TRAFFIC'},32,{6},5.0
2e698c31,2e698c304,2020-11-06,17,{'JAM'},{'JAM_HEAVY_TRAFFIC'},64,{6},5.5
2e698c31,2e698c304,2020-11-10,17,{'JAM'},{'JAM_HEAVY_TRAFFIC'},36,{6},5.472222222222222
2e698c31,2e698c304,2020-11-16,18,{'JAM'},{'JAM'},34,{2},5.0
2e698c31,2e698c30c,2020-10-02,17,{'JAM'},{'JAM_STAND_STILL_TRAFFIC'},6,{2},5.0
2e698c31,2e698c30c,2020-10-20,15,{'WEATHERHAZARD'},{'WEATHERHAZARD'},30,{20},5.0
2e698c31,2e698c30c,2020-11-14,6,{'JAM'},{'JAM'},31,{1},5.0
2e698c31,2e698c314,2020-09-03,17,{'JAM'},{'JAM_MODERATE_TRAFFIC'},22,{7},5.0
2e698c31,2e698c314,2020-09-03,18,{'JAM'},{'JAM_STAND_STILL_TRAFFIC'},17,{7},5.0
2e698c31,2e698c314,2020-09-14,16,{'JAM'},{'JAM_STAND_STILL_TRAFFIC'},30,{7},5.0
2e698c31,2e698c314,2020-09-14,17,{'JAM'},{'JAM_STAND_STILL_TRAFFIC'},63,"{2, 7}",5.253968253968254
2e698c31,2e698c314,2020-09-15,17,"{'JAM', 'WEATHERHAZARD'}","{'HAZARD_ON_ROAD_CONSTRUCTION', 'JAM_HEAVY_TRAFFIC'}",337,{7},8.415430267062314
2e698c31,2e698c314,2020-09-16,17,{'JAM'},{'JAM_HEAVY_TRAFFIC'},63,{7},5.761904761904762
2e698c31,2e698c314,2020-09-19,17,{'JAM'},{'JAM_STAND_STILL_TRAFFIC'},13,{7},5.0
2e698c31,2e698c314,2020-09-21,17,{'JAM'},{'JAM_HEAVY_TRAFFIC'},105,"{22, 7}",5.180952380952381
2e698c31,2e698c314,2020-09-22,17,{'JAM'},{'JAM_HEAVY_TRAFFIC'},31,{7},5.0
2e698c31,2e698c314,2020-09-25,14,{'JAM'},{'JAM_HEAVY_TRAFFIC'},30,{7},5.0
2e698c31,2e698c314,2020-09-28,18,{'JAM'},{'JAM_STAND_STILL_TRAFFIC'},31,{7},5.0
2e698c31,2e698c314,2020-10-01,8,{'JAM'},{'JAM_HEAVY_TRAFFIC'},32,{20},5.0
2e698c31,2e698c314,2020-10-01,11,{'JAM'},{'JAM_MODERATE_TRAFFIC'},33,{20},5.0
2e698c31,2e698c314,2020-10-01,16,{'JAM'},{'JAM_STAND_STILL_TRAFFIC'},44,{7},5.386363636363637
2e698c31,2e698c314,2020-10-01,17,{'JAM'},{'JAM_STAND_STILL_TRAFFIC'},55,{7},7.163636363636364
2e698c31,2e698c314,2020-10-02,19,{'JAM'},{'JAM_HEAVY_TRAFFIC'},17,{7},5.0
2e698c31,2e698c314,2020-10-03,18,{'JAM'},{'JAM_HEAVY_TRAFFIC'},14,{2},5.857142857142857
2e698c31,2e698c314,2020-10-03,19,{'JAM'},{'JAM_HEAVY_TRAFFIC'},30,{7},5.0
2e698c31,2e698c314,2020-10-05,16,{'JAM'},{'JAM_MODERATE_TRAFFIC'},35,{7},6.3428571428571425
2e698c31,2e698c314,2020-10-05,17,{'JAM'},{'JAM_STAND_STILL_TRAFFIC'},60,{7},5.383333333333334
2e698c31,2e698c314,2020-10-05,18,{'JAM'},{'JAM_STAND_STILL_TRAFFIC'},45,{7},7.177777777777778
2e698c31,2e698c314,2020-10-07,17,"{'JAM', 'WEATHERHAZARD'}","{'WEATHERHAZARD', 'JAM_STAND_STILL_TRAFFIC'}",65,"{20, 7}",5.876923076923077
2e698c31,2e698c314,2020-10-08,11,{'JAM'},"{'JAM_STAND_STILL_TRAFFIC', 'JAM_HEAVY_TRAFFIC'}",43,{2},5.162790697674419
2e698c31,2e698c314,2020-10-08,12,{'JAM'},{'JAM_STAND_STILL_TRAFFIC'},39,{1},5.384615384615385
2e698c31,2e698c314,2020-10-08,13,{'JAM'},{'JAM_STAND_STILL_TRAFFIC'},42,{7},5.380952380952381
2e698c31,2e698c314,2020-10-09,18,{'JAM'},{'JAM_STAND_STILL_TRAFFIC'},31,{20},6.67741935483871
2e698c31,2e698c314,2020-10-10,15,{'JAM'},"{'JAM', 'JAM_HEAVY_TRAFFIC'}",60,"{2, 7}",5.0
2e698c31,2e698c314,2020-10-10,16,{'JAM'},{'JAM_STAND_STILL_TRAFFIC'},29,{7},6.517241379310345
2e698c31,2e698c314,2020-10-14,17,{'JAM'},{'JAM_HEAVY_TRAFFIC'},33,{7},5.03030303030303
2e698c31,2e698c314,2020-10-15,17,{'JAM'},{'JAM_HEAVY_TRAFFIC'},31,{22},5.0
2e698c31,2e698c314,2020-10-15,18,{'JAM'},{'JAM_MODERATE_TRAFFIC'},30,{7},5.0
2e698c31,2e698c314,2020-10-16,17,{'JAM'},{'JAM_STAND_STILL_TRAFFIC'},60,{7},5.0
2e698c31,2e698c314,2020-10-17,15,{'JAM'},{'JAM_HEAVY_TRAFFIC'},39,{7},5.410256410256411
2e698c31,2e698c314,2020-10-18,16,{'WEATHERHAZARD'},{'HAZARD_ON_ROAD_CONSTRUCTION'},154,{7},8.168831168831169
2e698c31,2e698c314,2020-10-19,17,{'JAM'},{'JAM_STAND_STILL_TRAFFIC'},32,{7},5.0
2e698c31,2e698c314,2020-10-20,15,{'JAM'},{'JAM_STAND_STILL_TRAFFIC'},62,{20},5.370967741935484
2e698c31,2e698c314,2020-10-21,14,{'WEATHERHAZARD'},{'HAZARD_WEATHER_FLOOD'},40,{7},7.9
2e698c31,2e698c314,2020-10-22,16,{'JAM'},{'JAM_HEAVY_TRAFFIC'},32,{7},5.0
2e698c31,2e698c314,2020-10-22,17,{'JAM'},{'JAM_STAND_STILL_TRAFFIC'},60,{7},5.466666666666667
2e698c31,2e698c314,2020-10-23,17,{'JAM'},{'JAM_STAND_STILL_TRAFFIC'},18,{7},5.444444444444445
2e698c31,2e698c314,2020-10-23,18,{'JAM'},{'JAM_STAND_STILL_TRAFFIC'},60,{7},5.9
2e698c31,2e698c314,2020-10-23,19,{'JAM'},{'JAM_MODERATE_TRAFFIC'},32,{7},5.0
2e698c31,2e698c314,2020-10-26,17,{'JAM'},{'JAM_HEAVY_TRAFFIC'},6,{7},5.0
2e698c31,2e698c314,2020-10-27,7,{'JAM'},{'JAM_MODERATE_TRAFFIC'},31,{7},5.935483870967742
2e698c31,2e698c314,2020-10-27,17,{'JAM'},{'JAM_STAND_STILL_TRAFFIC'},92,"{2, 20}",5.630434782608695
2e698c31,2e698c314,2020-10-27,18,{'JAM'},"{'JAM_STAND_STILL_TRAFFIC', 'JAM_HEAVY_TRAFFIC'}",135,"{2, 7}",6.54074074074074
2e698c31,2e698c314,2020-10-28,15,{'JAM'},"{'JAM_STAND_STILL_TRAFFIC', 'JAM_HEAVY_TRAFFIC'}",128,"{2, 7}",5.1328125
2e698c31,2e698c314,2020-10-28,18,{'JAM'},{'JAM_STAND_STILL_TRAFFIC'},32,{2},5.8125
2e698c31,2e698c314,2020-10-28,19,{'JAM'},{'JAM_HEAVY_TRAFFIC'},31,{7},5.0
2e698c31,2e698c314,2020-10-30,20,"{'JAM', 'WEATHERHAZARD'}","{'HAZARD_ON_ROAD_CONSTRUCTION', 'JAM_HEAVY_TRAFFIC'}",242,{7},8.483471074380166
2e698c31,2e698c314,2020-10-31,13,{'JAM'},"{'JAM_STAND_STILL_TRAFFIC', 'JAM_HEAVY_TRAFFIC'}",235,"{2, 22, 7}",5.770212765957447
2e698c31,2e698c314,2020-10-31,14,{'JAM'},"{'JAM_STAND_STILL_TRAFFIC', 'JAM_HEAVY_TRAFFIC'}",69,{2},5.449275362318841
2e698c31,2e698c314,2020-10-31,16,{'JAM'},{'JAM_STAND_STILL_TRAFFIC'},32,{7},5.0
2e698c31,2e698c314,2020-10-31,17,{'JAM'},{'JAM_STAND_STILL_TRAFFIC'},45,{7},5.377777777777778
2e698c31,2e698c314,2020-11-02,18,{'JAM'},{'JAM_HEAVY_TRAFFIC'},47,{7},5.0
2e698c31,2e698c314,2020-11-03,18,{'JAM'},{'JAM_HEAVY_TRAFFIC'},20,{2},5.0
2e698c31,2e698c314,2020-11-04,17,{'JAM'},{'JAM_HEAVY_TRAFFIC'},32,{2},5.875
2e698c31,2e698c314,2020-11-04,18,{'JAM'},{'JAM_STAND_STILL_TRAFFIC'},91,{7},5.769230769230769
2e698c31,2e698c314,2020-11-05,18,{'JAM'},"{'JAM_STAND_STILL_TRAFFIC', 'JAM_HEAVY_TRAFFIC'}",50,"{2, 7}",5.0
2e698c31,2e698c314,2020-11-06,17,{'JAM'},{'JAM_STAND_STILL_TRAFFIC'},42,{7},5.476190476190476
2e698c31,2e698c314,2020-11-07,14,{'JAM'},{'JAM_STAND_STILL_TRAFFIC'},31,{2},5.0
2e698c31,2e698c314,2020-11-11,16,{'JAM'},{'JAM_STAND_STILL_TRAFFIC'},30,{7},5.0
2e698c31,2e698c314,2020-11-11,18,{'JAM'},{'JAM_STAND_STILL_TRAFFIC'},94,"{22, 7}",5.414893617021277
2e698c31,2e698c314,2020-11-13,17,{'JAM'},{'JAM_STAND_STILL_TRAFFIC'},47,{7},5.8936170212765955
2e698c31,2e698c314,2020-11-14,16,{'JAM'},{'JAM_STAND_STILL_TRAFFIC'},80,{2},5.675
2e698c31,2e698c314,2020-11-14,20,{'JAM'},{'JAM_STAND_STILL_TRAFFIC'},31,{7},5.0
2e698c31,2e698c314,2020-11-15,15,{'JAM'},{'JAM_HEAVY_TRAFFIC'},32,{7},5.0
2e698c31,2e698c314,2020-11-15,16,{'JAM'},{'JAM_HEAVY_TRAFFIC'},68,{7},5.764705882352941
2e698c31,2e698c314,2020-11-17,16,{'JAM'},"{'JAM_STAND_STILL_TRAFFIC', 'JAM_HEAVY_TRAFFIC'}",70,{7},5.242857142857143
2e698c31,2e698c314,2020-11-19,16,{'JAM'},{'JAM_STAND_STILL_TRAFFIC'},31,{7},5.0
2e698c31,2e698c314,2020-11-21,16,{'JAM'},{'JAM_STAND_STILL_TRAFFIC'},51,{7},6.352941176470588
2e698c31,2e698c31c,2020-09-05,16,{'JAM'},{'JAM'},6,{6},6.0
2e698c31,2e698c31c,2020-09-09,18,{'JAM'},{'JAM_STAND_STILL_TRAFFIC'},31,{6},5.0
2e698c31,2e698c31c,2020-09-10,18,{'JAM'},{'JAM_HEAVY_TRAFFIC'},20,{2},5.9
2e698c31,2e698c31c,2020-09-15,17,{'JAM'},{'JAM_HEAVY_TRAFFIC'},33,{6},5.96969696969697
2e698c31,2e698c31c,2020-09-18,17,{'JAM'},{'JAM_MODERATE_TRAFFIC'},31,{20},5.0
2e698c31,2e698c31c,2020-09-20,15,{'JAM'},{'JAM_MODERATE_TRAFFIC'},22,{7},5.0
2e698c31,2e698c31c,2020-09-25,15,{'JAM'},{'JAM_HEAVY_TRAFFIC'},5,{2},5.0
2e698c31,2e698c31c,2020-10-03,15,{'JAM'},{'JAM_STAND_STILL_TRAFFIC'},19,{6},5.0
2e698c31,2e698c31c,2020-10-04,15,{'JAM'},{'JAM_STAND_STILL_TRAFFIC'},6,{6},5.0
2e698c31,2e698c31c,2020-10-08,11,{'JAM'},"{'JAM_STAND_STILL_TRAFFIC', 'JAM_HEAVY_TRAFFIC'}",88,{6},7.181818181818182
2e698c31,2e698c31c,2020-10-08,12,{'JAM'},{'JAM_STAND_STILL_TRAFFIC'},44,{2},5.4772727272727275
2e698c31,2e698c31c,2020-10-08,13,{'JAM'},{'JAM_STAND_STILL_TRAFFIC'},72,{6},5.75
2e698c31,2e698c31c,2020-10-08,14,{'JAM'},{'JAM_HEAVY_TRAFFIC'},5,{6},5.0
2e698c31,2e698c31c,2020-10-10,16,{'JAM'},{'JAM_STAND_STILL_TRAFFIC'},11,{7},5.0
2e698c31,2e698c31c,2020-10-13,22,{'JAM'},{'JAM_MODERATE_TRAFFIC'},6,{7},5.0
2e698c31,2e698c31c,2020-10-14,7,{'JAM'},{'JAM_STAND_STILL_TRAFFIC'},7,{6},5.0
2e698c31,2e698c31c,2020-10-14,17,{'JAM'},{'JAM_HEAVY_TRAFFIC'},7,{2},5.0
2e698c31,2e698c31c,2020-10-15,14,{'JAM'},{'JAM_STAND_STILL_TRAFFIC'},15,{6},5.0
2e698c31,2e698c31c,2020-10-15,17,{'JAM'},{'JAM'},20,{6},5.0
2e698c31,2e698c31c,2020-10-16,17,{'JAM'},{'JAM_HEAVY_TRAFFIC'},31,{2},5.0
2e698c31,2e698c31c,2020-10-17,7,{'JAM'},{'JAM_HEAVY_TRAFFIC'},8,{2},5.0
2e698c31,2e698c31c,2020-10-19,9,{'WEATHERHAZARD'},{'HAZARD_ON_SHOULDER_CAR_STOPPED'},14,{6},6.714285714285714
2e698c31,2e698c31c,2020-10-20,5,{'JAM'},{'JAM_HEAVY_TRAFFIC'},8,{6},5.0
2e698c31,2e698c31c,2020-10-20,15,{'JAM'},"{'JAM_STAND_STILL_TRAFFIC', 'JAM_HEAVY_TRAFFIC'}",78,{6},5.4743589743589745
2e698c31,2e698c31c,2020-10-20,18,{'JAM'},{'JAM_HEAVY_TRAFFIC'},39,"{6, 7}",5.0
2e698c31,2e698c31c,2020-10-21,16,{'JAM'},{'JAM_HEAVY_TRAFFIC'},35,"{2, 6}",5.828571428571428
2e698c31,2e698c31c,2020-10-21,17,{'JAM'},{'JAM_HEAVY_TRAFFIC'},28,{2},5.0
2e698c31,2e698c31c,2020-10-22,6,{'JAM'},{'JAM_MODERATE_TRAFFIC'},31,{2},5.0
2e698c31,2e698c31c,2020-10-22,17,{'JAM'},{'JAM_HEAVY_TRAFFIC'},31,{2},5.0
2e698c31,2e698c31c,2020-10-24,6,{'JAM'},{'JAM_HEAVY_TRAFFIC'},16,{7},5.0
2e698c31,2e698c31c,2020-10-24,14,{'JAM'},{'JAM_HEAVY_TRAFFIC'},31,{6},5.0
2e698c31,2e698c31c,2020-10-24,15,{'JAM'},{'JAM_HEAVY_TRAFFIC'},7,{2},5.0
2e698c31,2e698c31c,2020-10-24,16,{'JAM'},{'JAM_STAND_STILL_TRAFFIC'},31,{7},5.0
2e698c31,2e698c31c,2020-10-24,21,{'ACCIDENT'},{'ACCIDENT_MAJOR'},29,{6},6.517241379310345
2e698c31,2e698c31c,2020-10-27,14,{'JAM'},{'JAM_STAND_STILL_TRAFFIC'},31,{7},5.0
2e698c31,2e698c31c,2020-10-27,15,{'JAM'},{'JAM_HEAVY_TRAFFIC'},32,{6},5.0
2e698c31,2e698c31c,2020-10-27,16,{'JAM'},{'JAM_STAND_STILL_TRAFFIC'},31,{6},5.258064516129032
2e698c31,2e698c31c,2020-10-28,13,{'JAM'},{'JAM_HEAVY_TRAFFIC'},32,{6},5.8125
2e698c31,2e698c31c,2020-10-28,14,{'JAM'},{'JAM_STAND_STILL_TRAFFIC'},62,"{6, 7}",5.0
2e698c31,2e698c31c,2020-10-30,20,{'JAM'},{'JAM_HEAVY_TRAFFIC'},28,{7},5.0
2e698c31,2e698c31c,2020-10-31,12,{'JAM'},{'JAM_HEAVY_TRAFFIC'},6,{6},5.0
2e698c31,2e698c31c,2020-10-31,19,{'ACCIDENT'},{'ACCIDENT'},88,{2},6.068181818181818
2e698c31,2e698c31c,2020-11-01,17,{'JAM'},{'JAM_STAND_STILL_TRAFFIC'},5,{6},5.6
2e698c31,2e698c31c,2020-11-03,16,{'JAM'},{'JAM_MODERATE_TRAFFIC'},30,{6},5.0
2e698c31,2e698c31c,2020-11-04,17,{'JAM'},{'JAM_HEAVY_TRAFFIC'},34,{2},5.852941176470588
2e698c31,2e698c31c,2020-11-04,19,{'JAM'},{'JAM_MODERATE_TRAFFIC'},11,{2},5.0
2e698c31,2e698c31c,2020-11-05,18,{'JAM'},{'JAM_HEAVY_TRAFFIC'},31,{7},5.0
2e698c31,2e698c31c,2020-11-06,14,{'JAM'},{'JAM_STAND_STILL_TRAFFIC'},35,{6},5.0
2e698c31,2e698c31c,2020-11-07,9,{'JAM'},{'JAM_MODERATE_TRAFFIC'},30,{6},5.0
2e698c31,2e698c31c,2020-11-07,16,{'JAM'},{'JAM_STAND_STILL_TRAFFIC'},32,{2},7.5625
2e698c31,2e698c31c,2020-11-10,17,{'JAM'},{'JAM_HEAVY_TRAFFIC'},5,{6},5.0
2e698c31,2e698c31c,2020-11-10,18,{'JAM'},{'JAM_STAND_STILL_TRAFFIC'},4,{6},6.0
2e698c31,2e698c31c,2020-11-11,7,{'JAM'},{'JAM_STAND_STILL_TRAFFIC'},5,{6},5.0
2e698c31,2e698c31c,2020-11-14,7,{'ACCIDENT'},{'ACCIDENT'},90,{6},6.111111111111111
2e698c31,2e698c31c,2020-11-14,15,{'WEATHERHAZARD'},{'WEATHERHAZARD'},13,{6},5.461538461538462
2e698c31,2e698c31c,2020-11-18,14,{'JAM'},{'JAM_MODERATE_TRAFFIC'},31,{6},5.0
2e698c31,2e698c31c,2020-11-21,10,{'JAM'},{'JAM_MODERATE_TRAFFIC'},24,{6},5.0
2e698c31,2e698c31c,2020-11-21,22,{'JAM'},{'JAM'},27,{7},5.0
2e698c31,2e698c31c,2020-11-22,14,{'JAM'},{'JAM_HEAVY_TRAFFIC'},9,{7},5.0
2e698c33,2e698c324,2020-09-02,12,{'JAM'},{'JAM_STAND_STILL_TRAFFIC'},32,{6},5.0
2e698c33,2e698c324,2020-09-03,16,{'JAM'},{'JAM_MODERATE_TRAFFIC'},27,{6},5.0
2e698c33,2e698c324,2020-09-04,17,{'JAM'},{'JAM_MODERATE_TRAFFIC'},31,{6},5.0
2e698c33,2e698c324,2020-09-08,13,{'JAM'},{'JAM_STAND_STILL_TRAFFIC'},14,{6},5.0
2e698c33,2e698c324,2020-09-09,14,{'JAM'},{'JAM_STAND_STILL_TRAFFIC'},33,{2},5.484848484848484
2e698c33,2e698c324,2020-09-10,12,{'JAM'},{'JAM_HEAVY_TRAFFIC'},7,{6},5.0
2e698c33,2e698c324,2020-09-10,13,{'JAM'},{'JAM_HEAVY_TRAFFIC'},20,{6},5.0
2e698c33,2e698c324,2020-09-11,16,{'JAM'},{'JAM_HEAVY_TRAFFIC'},30,{6},5.566666666666666
2e698c33,2e698c324,2020-09-17,10,{'JAM'},{'JAM_HEAVY_TRAFFIC'},9,{6},5.222222222222222
2e698c33,2e698c324,2020-09-18,17,{'JAM'},{'JAM_HEAVY_TRAFFIC'},31,{4},5.0
2e698c33,2e698c324,2020-09-19,14,{'JAM'},{'JAM_STAND_STILL_TRAFFIC'},33,{6},5.96969696969697
2e698c33,2e698c324,2020-09-21,10,{'WEATHERHAZARD'},{'HAZARD_ON_ROAD_CONSTRUCTION'},15,{6},5.2
2e698c33,2e698c324,2020-09-26,12,{'JAM'},{'JAM_HEAVY_TRAFFIC'},45,{4},5.355555555555555
2e698c33,2e698c324,2020-09-26,15,{'JAM'},{'JAM_MODERATE_TRAFFIC'},31,{6},5.0
2e698c33,2e698c324,2020-09-26,16,{'JAM'},{'JAM_HEAVY_TRAFFIC'},39,{6},6.3076923076923075
2e698c33,2e698c324,2020-09-27,12,{'JAM'},{'JAM_STAND_STILL_TRAFFIC'},31,{6},5.0
2e698c33,2e698c324,2020-09-28,13,{'JAM'},{'JAM_STAND_STILL_TRAFFIC'},30,{6},5.766666666666667
2e698c33,2e698c324,2020-09-29,6,{'WEATHERHAZARD'},{'WEATHERHAZARD'},32,{6},5.1875
2e698c33,2e698c324,2020-10-01,7,{'JAM'},{'JAM_MODERATE_TRAFFIC'},31,{6},5.0
2e698c33,2e698c324,2020-10-01,8,{'JAM'},"{'JAM_STAND_STILL_TRAFFIC', 'JAM_HEAVY_TRAFFIC'}",35,{6},5.142857142857143
2e698c33,2e698c324,2020-10-01,11,{'JAM'},{'JAM_HEAVY_TRAFFIC'},25,{6},5.68
2e698c33,2e698c324,2020-10-02,13,{'JAM'},{'JAM_HEAVY_TRAFFIC'},30,{6},5.0
2e698c33,2e698c324,2020-10-03,11,{'JAM'},{'JAM_HEAVY_TRAFFIC'},30,{4},5.0
2e698c33,2e698c324,2020-10-03,13,{'JAM'},{'JAM_STAND_STILL_TRAFFIC'},30,{6},5.0
2e698c33,2e698c324,2020-10-04,13,{'JAM'},{'JAM_STAND_STILL_TRAFFIC'},14,"{4, 6}",5.0
2e698c33,2e698c324,2020-10-04,14,{'JAM'},{'JAM_STAND_STILL_TRAFFIC'},6,{6},5.0
2e698c33,2e698c324,2020-10-05,7,{'JAM'},{'JAM_MODERATE_TRAFFIC'},15,{6},5.0
2e698c33,2e698c324,2020-10-05,15,{'JAM'},{'JAM_MODERATE_TRAFFIC'},9,{6},5.0
2e698c33,2e698c324,2020-10-08,12,{'JAM'},{'JAM_STAND_STILL_TRAFFIC'},31,{6},5.0
2e698c33,2e698c324,2020-10-08,13,{'JAM'},{'JAM_HEAVY_TRAFFIC'},30,{6},5.0
2e698c33,2e698c324,2020-10-08,14,{'JAM'},{'JAM_STAND_STILL_TRAFFIC'},31,{6},5.741935483870968
2e698c33,2e698c324,2020-10-08,19,{'JAM'},{'JAM_HEAVY_TRAFFIC'},20,{6},5.0
2e698c33,2e698c324,2020-10-10,9,{'JAM'},{'JAM_STAND_STILL_TRAFFIC'},35,{6},5.0
2e698c33,2e698c324,2020-10-10,11,{'JAM'},{'JAM_HEAVY_TRAFFIC'},30,{6},5.0
2e698c33,2e698c324,2020-10-10,16,{'JAM'},{'JAM_STAND_STILL_TRAFFIC'},31,{6},5.0
2e698c33,2e698c324,2020-10-12,7,{'JAM'},{'JAM_STAND_STILL_TRAFFIC'},32,{6},5.0
2e698c33,2e698c324,2020-10-13,15,{'JAM'},{'JAM_HEAVY_TRAFFIC'},20,{6},5.0
2e698c33,2e698c324,2020-10-14,7,{'JAM'},{'JAM_HEAVY_TRAFFIC'},33,{6},5.0
2e698c33,2e698c324,2020-10-14,16,{'JAM'},{'JAM_MODERATE_TRAFFIC'},30,{6},5.0
2e698c33,2e698c324,2020-10-15,9,{'JAM'},{'JAM_MODERATE_TRAFFIC'},14,{6},5.0
2e698c33,2e698c324,2020-10-15,17,{'JAM'},"{'JAM_STAND_STILL_TRAFFIC', 'JAM_HEAVY_TRAFFIC'}",31,{6},5.516129032258065
2e698c33,2e698c324,2020-10-19,13,{'JAM'},{'JAM_MODERATE_TRAFFIC'},6,{6},5.0
2e698c33,2e698c324,2020-10-20,16,{'JAM'},{'JAM_STAND_STILL_TRAFFIC'},31,{6},5.0
2e698c33,2e698c324,2020-10-21,16,{'JAM'},{'JAM_HEAVY_TRAFFIC'},3,{2},5.0
2e698c33,2e698c324,2020-10-22,17,{'JAM'},{'JAM_STAND_STILL_TRAFFIC'},35,{6},5.514285714285714
2e698c33,2e698c324,2020-10-24,13,{'JAM'},{'JAM_MODERATE_TRAFFIC'},60,{6},5.0
2e698c33,2e698c324,2020-10-24,16,{'JAM'},{'JAM_HEAVY_TRAFFIC'},33,{6},5.0
2e698c33,2e698c324,2020-10-25,16,{'JAM'},{'JAM_HEAVY_TRAFFIC'},31,{6},5.0
2e698c33,2e698c324,2020-10-25,19,{'JAM'},{'JAM_STAND_STILL_TRAFFIC'},31,{6},5.0
2e698c33,2e698c324,2020-10-26,7,{'JAM'},{'JAM_MODERATE_TRAFFIC'},30,{6},5.0
2e698c33,2e698c324,2020-10-27,8,{'JAM'},{'JAM_MODERATE_TRAFFIC'},34,{6},5.0
2e698c33,2e698c324,2020-10-27,15,{'JAM'},{'JAM_HEAVY_TRAFFIC'},19,{6},5.0
2e698c33,2e698c324,2020-10-28,16,{'JAM'},{'JAM_MODERATE_TRAFFIC'},31,{6},5.0
2e698c33,2e698c324,2020-10-28,17,{'JAM'},"{'JAM_STAND_STILL_TRAFFIC', 'JAM_HEAVY_TRAFFIC'}",62,{6},5.0
2e698c33,2e698c324,2020-10-29,2,{'WEATHERHAZARD'},{'WEATHERHAZARD'},33,{6},5.0
2e698c33,2e698c324,2020-10-29,14,{'JAM'},"{'JAM_MODERATE_TRAFFIC', 'JAM_HEAVY_TRAFFIC'}",41,{6},5.121951219512195
2e698c33,2e698c324,2020-10-31,12,{'JAM'},{'JAM_HEAVY_TRAFFIC'},30,{6},5.0
2e698c33,2e698c324,2020-11-02,7,{'JAM'},{'JAM_HEAVY_TRAFFIC'},6,{6},6.666666666666667
2e698c33,2e698c324,2020-11-02,16,{'JAM'},{'JAM_HEAVY_TRAFFIC'},30,{6},5.733333333333333
2e698c33,2e698c324,2020-11-02,17,{'JAM'},{'JAM_STAND_STILL_TRAFFIC'},31,{6},5.0
2e698c33,2e698c324,2020-11-03,16,{'JAM'},{'JAM_HEAVY_TRAFFIC'},60,{6},5.0
2e698c33,2e698c324,2020-11-03,17,{'JAM'},{'JAM_HEAVY_TRAFFIC'},35,{2},5.0
2e698c33,2e698c324,2020-11-04,8,{'JAM'},{'JAM_HEAVY_TRAFFIC'},7,{6},5.0
2e698c33,2e698c324,2020-11-04,19,{'JAM'},{'JAM_MODERATE_TRAFFIC'},33,{20},5.0
2e698c33,2e698c324,2020-11-05,3,{'ACCIDENT'},{'ACCIDENT_MINOR'},130,{6},5.923076923076923
2e698c33,2e698c324,2020-11-05,17,{'JAM'},{'JAM_STAND_STILL_TRAFFIC'},29,{2},7.862068965517241
2e698c33,2e698c324,2020-11-06,15,{'JAM'},{'JAM_HEAVY_TRAFFIC'},44,{6},5.0
2e698c33,2e698c324,2020-11-06,16,{'JAM'},{'JAM_STAND_STILL_TRAFFIC'},35,{6},5.0
2e698c33,2e698c324,2020-11-06,17,{'JAM'},{'JAM_STAND_STILL_TRAFFIC'},32,{6},5.78125
2e698c33,2e698c324,2020-11-06,18,{'JAM'},{'JAM_STAND_STILL_TRAFFIC'},30,{6},6.0
2e698c33,2e698c324,2020-11-07,11,{'JAM'},{'JAM_HEAVY_TRAFFIC'},30,{6},5.0
2e698c33,2e698c324,2020-11-07,15,{'JAM'},{'JAM_HEAVY_TRAFFIC'},32,{6},5.96875
2e698c33,2e698c324,2020-11-07,16,{'JAM'},{'JAM_STAND_STILL_TRAFFIC'},30,{2},5.733333333333333
2e698c33,2e698c324,2020-11-07,17,{'JAM'},{'JAM_HEAVY_TRAFFIC'},24,{2},5.458333333333333
2e698c33,2e698c324,2020-11-07,18,{'JAM'},{'JAM_HEAVY_TRAFFIC'},33,{6},5.515151515151516
2e698c33,2e698c324,2020-11-08,13,{'JAM'},{'JAM_HEAVY_TRAFFIC'},45,{6},5.333333333333333
2e698c33,2e698c324,2020-11-09,18,{'JAM'},{'JAM_STAND_STILL_TRAFFIC'},7,{6},5.0
2e698c33,2e698c324,2020-11-10,17,{'JAM'},"{'JAM_STAND_STILL_TRAFFIC', 'JAM_MODERATE_TRAFFIC', 'JAM_HEAVY_TRAFFIC'}",93,"{20, 6}",5.0
2e698c33,2e698c324,2020-11-11,14,{'JAM'},{'JAM_STAND_STILL_TRAFFIC'},25,{6},5.08
2e698c33,2e698c324,2020-11-11,17,{'JAM'},"{'JAM_MODERATE_TRAFFIC', 'JAM_HEAVY_TRAFFIC'}",33,{6},5.0
2e698c33,2e698c324,2020-11-11,19,{'JAM'},"{'JAM_STAND_STILL_TRAFFIC', 'JAM_MODERATE_TRAFFIC'}",40,{6},5.425
2e698c33,2e698c324,2020-11-12,12,{'JAM'},{'JAM_HEAVY_TRAFFIC'},10,{6},5.0
2e698c33,2e698c324,2020-11-13,14,{'JAM'},{'JAM_MODERATE_TRAFFIC'},36,{6},5.444444444444445
2e698c33,2e698c324,2020-11-14,15,{'JAM'},{'JAM_MODERATE_TRAFFIC'},30,{6},5.0
2e698c33,2e698c324,2020-11-16,18,{'JAM'},{'JAM_STAND_STILL_TRAFFIC'},30,{6},5.0
2e698c33,2e698c324,2020-11-17,7,{'JAM'},{'JAM_HEAVY_TRAFFIC'},19,{6},5.0
2e698c33,2e698c324,2020-11-17,13,{'JAM'},{'JAM_HEAVY_TRAFFIC'},31,{6},5.0
2e698c33,2e698c324,2020-11-18,8,{'JAM'},{'JAM_MODERATE_TRAFFIC'},30,{6},5.0
2e698c33,2e698c324,2020-11-18,16,{'JAM'},{'JAM_HEAVY_TRAFFIC'},32,{6},5.0
2e698c33,2e698c324,2020-11-19,11,{'JAM'},{'JAM_HEAVY_TRAFFIC'},29,{6},5.0
2e698c33,2e698c324,2020-11-19,15,{'JAM'},{'JAM_HEAVY_TRAFFIC'},31,{6},5.0
2e698c33,2e698c324,2020-11-20,18,{'JAM'},"{'JAM_MODERATE_TRAFFIC', 'JAM_HEAVY_TRAFFIC'}",64,{6},5.234375
2e698c33,2e698c324,2020-11-20,19,{'WEATHERHAZARD'},{'WEATHERHAZARD'},3,{6},5.666666666666667
2e698c33,2e698c324,2020-11-21,11,{'JAM'},{'JAM_HEAVY_TRAFFIC'},32,{6},5.0
2e698c33,2e698c324,2020-11-21,13,{'JAM'},{'JAM'},31,{6},5.0
2e698c33,2e698c324,2020-11-21,15,{'JAM'},{'JAM_STAND_STILL_TRAFFIC'},30,{6},5.7
2e698c33,2e698c324,2020-11-21,16,{'JAM'},{'JAM_STAND_STILL_TRAFFIC'},34,{6},6.411764705882353
2e698c33,2e698c32c,2020-09-21,8,{'JAM'},{'JAM'},32,{20},5.0
2e698c33,2e698c32c,2020-09-29,13,{'JAM'},{'JAM'},9,{20},6.0
2e698c33,2e698c32c,2020-10-05,11,{'JAM'},{'JAM_HEAVY_TRAFFIC'},31,{6},5.0
2e698c33,2e698c32c,2020-10-14,7,{'JAM'},{'JAM_MODERATE_TRAFFIC'},30,{6},5.0
2e698c33,2e698c32c,2020-10-23,14,{'JAM'},{'JAM_MODERATE_TRAFFIC'},30,{6},5.0
2e698c33,2e698c32c,2020-11-09,17,{'JAM'},{'JAM_MODERATE_TRAFFIC'},31,{6},5.0
2e698c33,2e698c32c,2020-11-17,13,{'JAM'},{'JAM'},31,{6},5.0
2e698c33,2e698c334,2020-09-01,11,{'WEATHERHAZARD'},{'HAZARD_ON_SHOULDER_CAR_STOPPED'},31,{6},5.0
2e698c33,2e698c334,2020-09-08,6,{'WEATHERHAZARD'},{'HAZARD_ON_ROAD_CAR_STOPPED'},43,{1},9.651162790697674
2e698c33,2e698c334,2020-09-08,8,{'JAM'},{'JAM_HEAVY_TRAFFIC'},24,{6},5.0
2e698c33,2e698c334,2020-09-08,10,{'WEATHERHAZARD'},"{'HAZARD_ON_SHOULDER_CAR_STOPPED', 'WEATHERHAZARD'}",72,"{1, 6}",6.291666666666667
2e698c33,2e698c334,2020-09-08,15,{'JAM'},{'JAM_STAND_STILL_TRAFFIC'},31,{4},5.580645161290323
2e698c33,2e698c334,2020-09-10,12,{'JAM'},{'JAM_HEAVY_TRAFFIC'},10,{1},5.8
2e698c33,2e698c334,2020-09-11,16,{'JAM'},{'JAM_HEAVY_TRAFFIC'},46,{6},5.3478260869565215
2e698c33,2e698c334,2020-09-14,13,{'JAM'},{'JAM_MODERATE_TRAFFIC'},31,{6},5.0
2e698c33,2e698c334,2020-09-15,17,{'WEATHERHAZARD'},{'HAZARD_ON_SHOULDER_CAR_STOPPED'},31,{4},5.0
2e698c33,2e698c334,2020-09-17,7,{'JAM'},{'JAM_HEAVY_TRAFFIC'},22,{1},5.954545454545454
2e698c33,2e698c334,2020-09-17,17,{'JAM'},{'JAM_MODERATE_TRAFFIC'},31,{6},5.0
2e698c33,2e698c334,2020-09-18,19,{'JAM'},{'JAM_STAND_STILL_TRAFFIC'},30,{6},5.0
2e698c33,2e698c334,2020-09-18,20,{'JAM'},{'JAM_STAND_STILL_TRAFFIC'},45,{6},6.311111111111111
2e698c33,2e698c334,2020-09-19,14,{'JAM'},{'JAM_HEAVY_TRAFFIC'},37,{6},5.0
2e698c33,2e698c334,2020-09-24,9,{'WEATHERHAZARD'},{'HAZARD_ON_SHOULDER_CAR_STOPPED'},30,{6},5.0
2e698c33,2e698c334,2020-09-24,11,{'JAM'},{'JAM_HEAVY_TRAFFIC'},29,{6},5.0
2e698c33,2e698c334,2020-09-27,16,{'JAM'},{'JAM_HEAVY_TRAFFIC'},19,{6},5.0
2e698c33,2e698c334,2020-09-28,12,{'JAM'},{'JAM_STAND_STILL_TRAFFIC'},30,{6},5.0
2e698c33,2e698c334,2020-09-29,21,{'JAM'},{'JAM_STAND_STILL_TRAFFIC'},32,{6},5.0
2e698c33,2e698c334,2020-09-30,13,{'JAM'},{'JAM_HEAVY_TRAFFIC'},44,{6},5.409090909090909
2e698c33,2e698c334,2020-10-01,6,{'ACCIDENT'},{'ACCIDENT_MINOR'},34,{1},6.529411764705882
2e698c33,2e698c334,2020-10-01,7,"{'JAM', 'ACCIDENT'}","{'ACCIDENT_MAJOR', 'JAM_HEAVY_TRAFFIC'}",43,{6},5.558139534883721
2e698c33,2e698c334,2020-10-01,8,"{'JAM', 'WEATHERHAZARD', 'ACCIDENT'}","{'JAM_HEAVY_TRAFFIC', 'HAZARD_ON_ROAD_CAR_STOPPED', 'ACCIDENT', 'ACCIDENT_MAJOR'}",257,"{1, 6}",7.517509727626459
2e698c33,2e698c334,2020-10-01,13,{'JAM'},{'JAM_STAND_STILL_TRAFFIC'},7,{1},5.0
2e698c33,2e698c334,2020-10-01,16,{'JAM'},{'JAM_HEAVY_TRAFFIC'},51,{6},7.470588235294118
2e698c33,2e698c334,2020-10-03,13,{'JAM'},{'JAM_MODERATE_TRAFFIC'},8,{6},5.0
2e698c33,2e698c334,2020-10-03,15,{'JAM'},{'JAM_HEAVY_TRAFFIC'},42,{6},5.357142857142857
2e698c33,2e698c334,2020-10-04,14,{'JAM'},{'JAM_STAND_STILL_TRAFFIC'},27,{6},5.0
2e698c33,2e698c334,2020-10-04,17,{'JAM'},{'JAM_HEAVY_TRAFFIC'},30,{6},5.0
2e698c33,2e698c334,2020-10-05,7,{'JAM'},{'JAM_MODERATE_TRAFFIC'},27,{1},5.0
2e698c33,2e698c334,2020-10-05,11,{'JAM'},{'JAM_HEAVY_TRAFFIC'},16,{6},5.0
2e698c33,2e698c334,2020-10-07,14,{'JAM'},{'JAM_STAND_STILL_TRAFFIC'},51,{6},5.333333333333333
2e698c33,2e698c334,2020-10-08,11,{'JAM'},{'JAM_STAND_STILL_TRAFFIC'},65,"{1, 6}",5.030769230769231
2e698c33,2e698c334,2020-10-09,14,{'JAM'},{'JAM_STAND_STILL_TRAFFIC'},31,{6},6.290322580645161
2e698c33,2e698c334,2020-10-10,9,{'JAM'},"{'JAM_MODERATE_TRAFFIC', 'JAM_HEAVY_TRAFFIC'}",62,{6},5.0
2e698c33,2e698c334,2020-10-10,10,{'JAM'},{'JAM_STAND_STILL_TRAFFIC'},31,{6},5.0
2e698c33,2e698c334,2020-10-10,11,{'JAM'},{'JAM_MODERATE_TRAFFIC'},33,{6},5.0
2e698c33,2e698c334,2020-10-12,7,"{'JAM', 'WEATHERHAZARD'}","{'HAZARD_ON_SHOULDER_CAR_STOPPED', 'JAM_HEAVY_TRAFFIC'}",73,{1},6.945205479452055
2e698c33,2e698c334,2020-10-12,8,{'JAM'},{'JAM_STAND_STILL_TRAFFIC'},34,{6},5.0
2e698c33,2e698c334,2020-10-14,11,{'JAM'},{'JAM_STAND_STILL_TRAFFIC'},30,{6},6.0
2e698c33,2e698c334,2020-10-15,17,{'JAM'},{'JAM_HEAVY_TRAFFIC'},46,{6},8.173913043478262
2e698c33,2e698c334,2020-10-17,13,{'JAM'},{'JAM_HEAVY_TRAFFIC'},31,{6},5.0
2e698c33,2e698c334,2020-10-17,14,{'WEATHERHAZARD'},{'HAZARD_ON_SHOULDER_CAR_STOPPED'},34,{1},6.0588235294117645
2e698c33,2e698c334,2020-10-19,7,{'JAM'},{'JAM_HEAVY_TRAFFIC'},30,{6},5.0
2e698c33,2e698c334,2020-10-21,11,{'JAM'},{'JAM_HEAVY_TRAFFIC'},5,{4},5.0
2e698c33,2e698c334,2020-10-21,12,{'JAM'},{'JAM_MODERATE_TRAFFIC'},33,{6},5.0
2e698c33,2e698c334,2020-10-22,16,{'JAM'},{'JAM_HEAVY_TRAFFIC'},33,{6},5.0
2e698c33,2e698c334,2020-10-23,15,{'JAM'},{'JAM'},32,{1},5.0
2e698c33,2e698c334,2020-10-24,16,{'JAM'},"{'JAM_MODERATE_TRAFFIC', 'JAM_HEAVY_TRAFFIC'}",99,"{1, 6}",5.161616161616162
2e698c33,2e698c334,2020-10-25,20,{'WEATHERHAZARD'},{'HAZARD_ON_ROAD_CAR_STOPPED'},12,{1},7.916666666666667
2e698c33,2e698c334,2020-10-26,15,{'JAM'},{'JAM_STAND_STILL_TRAFFIC'},32,{6},5.0
2e698c33,2e698c334,2020-10-27,7,{'JAM'},{'JAM_HEAVY_TRAFFIC'},33,{6},5.0
2e698c33,2e698c334,2020-10-28,13,{'JAM'},{'JAM_MODERATE_TRAFFIC'},28,{1},5.0
2e698c33,2e698c334,2020-10-28,16,{'JAM'},{'JAM_HEAVY_TRAFFIC'},12,{1},5.0
2e698c33,2e698c334,2020-10-28,19,{'JAM'},{'JAM_MODERATE_TRAFFIC'},30,{6},5.0
2e698c33,2e698c334,2020-11-01,14,{'JAM'},{'JAM_HEAVY_TRAFFIC'},32,{6},6.0625
2e698c33,2e698c334,2020-11-01,15,{'JAM'},{'JAM_HEAVY_TRAFFIC'},30,{6},5.0
2e698c33,2e698c334,2020-11-02,11,{'JAM'},{'JAM_HEAVY_TRAFFIC'},24,{6},5.0
2e698c33,2e698c334,2020-11-03,16,{'JAM'},{'JAM_HEAVY_TRAFFIC'},30,{6},5.0
2e698c33,2e698c334,2020-11-04,13,{'JAM'},{'JAM_STAND_STILL_TRAFFIC'},33,{6},5.0
2e698c33,2e698c334,2020-11-04,19,{'JAM'},{'JAM_MODERATE_TRAFFIC'},63,"{1, 6}",5.0
2e698c33,2e698c334,2020-11-05,7,{'JAM'},{'JAM_MODERATE_TRAFFIC'},33,{6},5.0
2e698c33,2e698c334,2020-11-06,8,{'JAM'},{'JAM_HEAVY_TRAFFIC'},30,{6},5.0
2e698c33,2e698c334,2020-11-06,9,{'JAM'},{'JAM_HEAVY_TRAFFIC'},31,{6},5.0
2e698c33,2e698c334,2020-11-06,15,{'JAM'},{'JAM_HEAVY_TRAFFIC'},40,{6},5.4
2e698c33,2e698c334,2020-11-06,17,{'JAM'},{'JAM_STAND_STILL_TRAFFIC'},37,"{1, 6}",5.0
2e698c33,2e698c334,2020-11-07,10,{'JAM'},{'JAM_HEAVY_TRAFFIC'},46,{6},6.217391304347826
2e698c33,2e698c334,2020-11-07,15,{'JAM'},{'JAM_MODERATE_TRAFFIC'},19,{6},5.0
2e698c33,2e698c334,2020-11-08,17,{'JAM'},{'JAM_HEAVY_TRAFFIC'},30,{6},5.0
2e698c33,2e698c334,2020-11-10,17,{'JAM'},"{'JAM_STAND_STILL_TRAFFIC', 'JAM_HEAVY_TRAFFIC'}",41,{6},5.097560975609756
2e698c33,2e698c334,2020-11-11,7,{'JAM'},{'JAM_MODERATE_TRAFFIC'},39,{6},5.923076923076923
2e698c33,2e698c334,2020-11-12,12,{'JAM'},"{'JAM_MODERATE_TRAFFIC', 'JAM_HEAVY_TRAFFIC'}",63,{6},5.0
2e698c33,2e698c334,2020-11-13,21,{'JAM'},{'JAM_MODERATE_TRAFFIC'},32,{6},5.0
2e698c33,2e698c334,2020-11-14,9,{'JAM'},{'JAM_HEAVY_TRAFFIC'},7,{6},5.0
2e698c33,2e698c334,2020-11-15,16,{'JAM'},{'JAM_HEAVY_TRAFFIC'},31,{6},5.0
2e698c33,2e698c334,2020-11-16,7,{'JAM'},{'JAM_MODERATE_TRAFFIC'},30,{6},5.0
2e698c33,2e698c334,2020-11-17,8,{'JAM'},{'JAM_STAND_STILL_TRAFFIC'},35,{6},5.457142857142857
2e698c33,2e698c334,2020-11-17,10,{'JAM'},{'JAM_MODERATE_TRAFFIC'},30,{6},5.0
2e698c33,2e698c334,2020-11-19,15,{'JAM'},{'JAM_MODERATE_TRAFFIC'},31,{6},5.0
2e698c33,2e698c334,2020-11-21,10,{'JAM'},{'JAM_HEAVY_TRAFFIC'},40,{6},5.375
2e698c33,2e698c334,2020-11-21,15,{'JAM'},{'JAM_HEAVY_TRAFFIC'},36,{6},5.444444444444445
2e698c33,2e698c334,2020-11-21,16,{'JAM'},{'JAM_MODERATE_TRAFFIC'},31,{6},5.483870967741935
2e698c33,2e698c33c,2020-09-03,14,{'JAM'},"{'JAM_STAND_STILL_TRAFFIC', 'JAM_MODERATE_TRAFFIC'}",61,{4},5.475409836065574
2e698c33,2e698c33c,2020-09-03,17,{'JAM'},{'JAM_STAND_STILL_TRAFFIC'},31,{4},5.0
2e698c33,2e698c33c,2020-09-04,19,{'JAM'},{'JAM_HEAVY_TRAFFIC'},60,"{1, 7}",5.0
2e698c33,2e698c33c,2020-09-05,15,{'JAM'},{'JAM_HEAVY_TRAFFIC'},20,{4},5.0
2e698c33,2e698c33c,2020-09-06,16,{'JAM'},{'JAM'},30,{4},5.0
2e698c33,2e698c33c,2020-09-08,18,{'WEATHERHAZARD'},{'HAZARD_ON_ROAD_CAR_STOPPED'},31,{4},5.0
2e698c33,2e698c33c,2020-09-09,18,{'JAM'},{'JAM_HEAVY_TRAFFIC'},33,{4},5.0
2e698c33,2e698c33c,2020-09-10,12,{'JAM'},{'JAM_HEAVY_TRAFFIC'},26,{4},5.0
2e698c33,2e698c33c,2020-09-10,13,{'JAM'},{'JAM_HEAVY_TRAFFIC'},6,{4},5.0
2e698c33,2e698c33c,2020-09-11,10,{'JAM'},{'JAM_HEAVY_TRAFFIC'},5,{4},5.0
2e698c33,2e698c33c,2020-09-11,18,{'JAM'},{'JAM_STAND_STILL_TRAFFIC'},26,{7},5.0
2e698c33,2e698c33c,2020-09-11,19,{'JAM'},{'JAM_STAND_STILL_TRAFFIC'},30,{4},5.9
2e698c33,2e698c33c,2020-09-12,13,{'WEATHERHAZARD'},{'HAZARD_ON_ROAD_CONSTRUCTION'},15,{4},5.4
2e698c33,2e698c33c,2020-09-15,19,{'JAM'},{'JAM_STAND_STILL_TRAFFIC'},30,{4},5.0
2e698c33,2e698c33c,2020-09-16,12,{'WEATHERHAZARD'},{'HAZARD_ON_SHOULDER_CAR_STOPPED'},9,{4},5.666666666666667
2e698c33,2e698c33c,2020-09-16,17,{'JAM'},{'JAM_HEAVY_TRAFFIC'},31,{4},5.903225806451613
2e698c33,2e698c33c,2020-09-17,18,{'JAM'},{'JAM_HEAVY_TRAFFIC'},27,{4},5.962962962962963
2e698c33,2e698c33c,2020-09-18,17,{'JAM'},{'JAM_STAND_STILL_TRAFFIC'},31,{7},5.0
2e698c33,2e698c33c,2020-09-20,10,{'JAM'},{'JAM'},5,{1},5.0
2e698c33,2e698c33c,2020-09-21,4,{'WEATHERHAZARD'},{'HAZARD_ON_ROAD_POT_HOLE'},144,{7},5.277777777777778
2e698c33,2e698c33c,2020-09-22,17,{'JAM'},{'JAM_HEAVY_TRAFFIC'},31,{7},5.0
2e698c33,2e698c33c,2020-09-23,16,{'JAM'},{'JAM_HEAVY_TRAFFIC'},9,{4},5.0
2e698c33,2e698c33c,2020-09-25,18,{'JAM'},{'JAM_STAND_STILL_TRAFFIC'},33,{4},5.0
2e698c33,2e698c33c,2020-09-26,11,{'JAM'},{'JAM_HEAVY_TRAFFIC'},9,{4},6.0
2e698c33,2e698c33c,2020-09-26,15,{'JAM'},{'JAM_STAND_STILL_TRAFFIC'},101,{4},6.237623762376238
2e698c33,2e698c33c,2020-09-26,21,{'WEATHERHAZARD'},{'HAZARD_ON_SHOULDER_CAR_STOPPED'},24,{4},6.791666666666667
2e698c33,2e698c33c,2020-09-26,23,{'WEATHERHAZARD'},{'WEATHERHAZARD'},1,{6},5.0
2e698c33,2e698c33c,2020-09-27,19,{'WEATHERHAZARD'},{'HAZARD_ON_ROAD_CAR_STOPPED'},32,{4},5.53125
2e698c33,2e698c33c,2020-09-29,9,{'JAM'},{'JAM_MODERATE_TRAFFIC'},5,{4},5.0
2e698c33,2e698c33c,2020-10-01,10,{'JAM'},{'JAM_HEAVY_TRAFFIC'},31,{4},5.0
2e698c33,2e698c33c,2020-10-01,11,{'JAM'},{'JAM_STAND_STILL_TRAFFIC'},30,{4},5.0
2e698c33,2e698c33c,2020-10-02,14,{'JAM'},{'JAM_STAND_STILL_TRAFFIC'},36,{7},5.472222222222222
2e698c33,2e698c33c,2020-10-02,17,{'JAM'},{'JAM_STAND_STILL_TRAFFIC'},31,{7},5.0
2e698c33,2e698c33c,2020-10-02,18,{'JAM'},{'JAM_STAND_STILL_TRAFFIC'},27,{4},9.37037037037037
2e698c33,2e698c33c,2020-10-03,13,{'JAM'},{'JAM_MODERATE_TRAFFIC'},30,{4},5.866666666666666
2e698c33,2e698c33c,2020-10-03,15,{'JAM'},{'JAM_STAND_STILL_TRAFFIC'},37,{4},5.405405405405405
2e698c33,2e698c33c,2020-10-04,13,{'JAM'},{'JAM_STAND_STILL_TRAFFIC'},5,{4},5.4
2e698c33,2e698c33c,2020-10-04,14,{'JAM'},{'JAM_STAND_STILL_TRAFFIC'},42,{6},5.380952380952381
2e698c33,2e698c33c,2020-10-04,17,{'WEATHERHAZARD'},{'HAZARD_ON_SHOULDER_CAR_STOPPED'},13,{4},5.923076923076923
2e698c33,2e698c33c,2020-10-05,4,{'WEATHERHAZARD'},{'HAZARD_ON_ROAD_POT_HOLE'},2509,{7},6.401355121562376
2e698c33,2e698c33c,2020-10-05,16,{'JAM'},{'JAM_STAND_STILL_TRAFFIC'},34,{4},5.911764705882353
2e698c33,2e698c33c,2020-10-05,17,{'JAM'},{'JAM_STAND_STILL_TRAFFIC'},31,{7},5.935483870967742
2e698c33,2e698c33c,2020-10-07,17,{'JAM'},{'JAM_STAND_STILL_TRAFFIC'},40,"{4, 7}",5.5
2e698c33,2e698c33c,2020-10-08,11,{'JAM'},{'JAM_MODERATE_TRAFFIC'},32,{20},5.0
2e698c33,2e698c33c,2020-10-08,12,{'JAM'},{'JAM_HEAVY_TRAFFIC'},33,{4},5.0
2e698c33,2e698c33c,2020-10-08,14,{'JAM'},{'JAM_STAND_STILL_TRAFFIC'},61,"{4, 7}",5.0
2e698c33,2e698c33c,2020-10-09,14,{'JAM'},{'JAM_STAND_STILL_TRAFFIC'},109,{4},5.844036697247707
2e698c33,2e698c33c,2020-10-10,11,{'JAM'},{'JAM_MODERATE_TRAFFIC'},30,{4},5.0
2e698c33,2e698c33c,2020-10-10,12,{'JAM'},{'JAM_HEAVY_TRAFFIC'},17,{4},5.0
2e698c33,2e698c33c,2020-10-10,13,{'JAM'},{'JAM_HEAVY_TRAFFIC'},33,{4},5.0
2e698c33,2e698c33c,2020-10-11,11,{'WEATHERHAZARD'},{'HAZARD_ON_SHOULDER_CAR_STOPPED'},19,{4},6.631578947368421
2e698c33,2e698c33c,2020-10-11,12,{'JAM'},{'JAM_STAND_STILL_TRAFFIC'},30,{2},5.0
2e698c33,2e698c33c,2020-10-15,15,{'JAM'},{'JAM_HEAVY_TRAFFIC'},32,{4},5.0
2e698c33,2e698c33c,2020-10-15,16,{'JAM'},{'JAM_STAND_STILL_TRAFFIC'},27,{4},5.0
2e698c33,2e698c33c,2020-10-16,19,{'JAM'},{'JAM_HEAVY_TRAFFIC'},33,{4},5.636363636363637
2e698c33,2e698c33c,2020-10-17,13,{'JAM'},{'JAM_HEAVY_TRAFFIC'},30,{6},5.0
2e698c33,2e698c33c,2020-10-18,13,{'JAM'},{'JAM_MODERATE_TRAFFIC'},30,{2},5.0
2e698c33,2e698c33c,2020-10-18,14,{'JAM'},{'JAM_HEAVY_TRAFFIC'},31,{7},5.0
2e698c33,2e698c33c,2020-10-19,11,{'JAM'},{'JAM_HEAVY_TRAFFIC'},25,{4},5.0
2e698c33,2e698c33c,2020-10-19,17,{'JAM'},{'JAM_STAND_STILL_TRAFFIC'},30,{7},5.0
2e698c33,2e698c33c,2020-10-19,18,{'JAM'},{'JAM_MODERATE_TRAFFIC'},32,{4},5.6875
2e698c33,2e698c33c,2020-10-20,16,{'JAM'},{'JAM_STAND_STILL_TRAFFIC'},32,{7},5.0
2e698c33,2e698c33c,2020-10-20,17,{'JAM'},{'JAM_STAND_STILL_TRAFFIC'},30,{4},5.0
2e698c33,2e698c33c,2020-10-21,11,{'WEATHERHAZARD'},{'HAZARD_ON_ROAD_POT_HOLE'},40,{7},7.725
2e698c33,2e698c33c,2020-10-21,14,{'WEATHERHAZARD'},{'HAZARD_WEATHER_FLOOD'},31,{1},6.645161290322581
2e698c33,2e698c33c,2020-10-21,15,{'JAM'},{'JAM_STAND_STILL_TRAFFIC'},31,{4},5.806451612903226
2e698c33,2e698c33c,2020-10-21,17,{'JAM'},{'JAM_HEAVY_TRAFFIC'},32,{7},5.0
2e698c33,2e698c33c,2020-10-21,18,{'JAM'},"{'JAM_STAND_STILL_TRAFFIC', 'JAM_HEAVY_TRAFFIC'}",71,"{4, 7}",5.47887323943662
2e698c33,2e698c33c,2020-10-22,17,{'JAM'},{'JAM_STAND_STILL_TRAFFIC'},33,"{1, 7}",5.0
2e698c33,2e698c33c,2020-10-22,18,{'JAM'},{'JAM_STAND_STILL_TRAFFIC'},30,{7},5.0
2e698c33,2e698c33c,2020-10-23,14,{'JAM'},{'JAM_STAND_STILL_TRAFFIC'},32,{4},5.0
2e698c33,2e698c33c,2020-10-23,17,{'JAM'},{'JAM'},71,{20},5.422535211267606
2e698c33,2e698c33c,2020-10-23,18,{'JAM'},{'JAM_STAND_STILL_TRAFFIC'},67,"{4, 7}",5.597014925373134
2e698c33,2e698c33c,2020-10-23,20,{'JAM'},{'JAM_STAND_STILL_TRAFFIC'},33,{7},5.909090909090909
2e698c33,2e698c33c,2020-10-24,16,{'JAM'},{'JAM_MODERATE_TRAFFIC'},31,{6},5.0
2e698c33,2e698c33c,2020-10-26,9,{'JAM'},{'JAM_HEAVY_TRAFFIC'},6,{7},5.0
2e698c33,2e698c33c,2020-10-26,13,{'WEATHERHAZARD'},{'HAZARD_ON_SHOULDER_CAR_STOPPED'},31,{4},7.483870967741935
2e698c33,2e698c33c,2020-10-27,14,{'JAM'},{'JAM_STAND_STILL_TRAFFIC'},31,{4},5.0
2e698c33,2e698c33c,2020-10-27,18,"{'JAM', 'WEATHERHAZARD'}","{'HAZARD_ON_ROAD_CAR_STOPPED', 'JAM_STAND_STILL_TRAFFIC'}",56,"{4, 7}",5.821428571428571
2e698c33,2e698c33c,2020-10-27,20,{'WEATHERHAZARD'},{'HAZARD_ON_ROAD_CAR_STOPPED'},45,{4},5.355555555555555
2e698c33,2e698c33c,2020-10-28,11,{'JAM'},{'JAM_STAND_STILL_TRAFFIC'},34,{4},5.0
2e698c33,2e698c33c,2020-10-29,10,{'JAM'},{'JAM_STAND_STILL_TRAFFIC'},30,{7},5.0
2e698c33,2e698c33c,2020-10-30,18,{'WEATHERHAZARD'},"{'HAZARD_ON_SHOULDER_CAR_STOPPED', 'HAZARD_ON_ROAD_POT_HOLE'}",50,"{4, 7}",6.24
2e698c33,2e698c33c,2020-10-31,10,{'JAM'},{'JAM_HEAVY_TRAFFIC'},5,{4},5.0
2e698c33,2e698c33c,2020-10-31,15,{'JAM'},{'JAM_STAND_STILL_TRAFFIC'},32,{4},5.0
2e698c33,2e698c33c,2020-11-01,17,{'JAM'},{'JAM_HEAVY_TRAFFIC'},30,{7},5.0
2e698c33,2e698c33c,2020-11-01,19,{'WEATHERHAZARD'},{'HAZARD_ON_ROAD_POT_HOLE'},56,{7},8.428571428571429
2e698c33,2e698c33c,2020-11-02,16,{'JAM'},"{'JAM_STAND_STILL_TRAFFIC', 'JAM_MODERATE_TRAFFIC'}",62,{4},5.0
2e698c33,2e698c33c,2020-11-04,19,{'JAM'},{'JAM_MODERATE_TRAFFIC'},6,{4},5.0
2e698c33,2e698c33c,2020-11-05,18,{'JAM'},{'JAM_STAND_STILL_TRAFFIC'},31,{7},5.0
2e698c33,2e698c33c,2020-11-06,17,{'JAM'},{'JAM_STAND_STILL_TRAFFIC'},31,{4},5.0
2e698c33,2e698c33c,2020-11-07,12,{'JAM'},{'JAM_STAND_STILL_TRAFFIC'},25,{4},5.96
2e698c33,2e698c33c,2020-11-07,13,{'JAM'},{'JAM_HEAVY_TRAFFIC'},5,{4},5.6
2e698c33,2e698c33c,2020-11-09,17,{'JAM'},{'JAM_STAND_STILL_TRAFFIC'},32,{4},5.53125
2e698c33,2e698c33c,2020-11-09,19,{'JAM'},{'JAM_HEAVY_TRAFFIC'},21,{7},5.380952380952381
2e698c33,2e698c33c,2020-11-10,18,{'JAM'},{'JAM_STAND_STILL_TRAFFIC'},30,{1},5.966666666666667
2e698c33,2e698c33c,2020-11-11,20,{'WEATHERHAZARD'},{'HAZARD_ON_SHOULDER_CAR_STOPPED'},15,{4},7.066666666666666
2e698c33,2e698c33c,2020-11-12,11,{'WEATHERHAZARD'},{'HAZARD_ON_ROAD_CAR_STOPPED'},4,{4},7.0
2e698c33,2e698c33c,2020-11-12,14,{'JAM'},{'JAM_STAND_STILL_TRAFFIC'},15,{4},5.066666666666666
2e698c33,2e698c33c,2020-11-12,19,{'JAM'},{'JAM_MODERATE_TRAFFIC'},31,{4},5.0
2e698c33,2e698c33c,2020-11-13,15,{'JAM'},{'JAM_MODERATE_TRAFFIC'},31,{4},5.0
2e698c33,2e698c33c,2020-11-13,16,{'JAM'},{'JAM_STAND_STILL_TRAFFIC'},31,{4},5.0
2e698c33,2e698c33c,2020-11-15,13,{'JAM'},{'JAM_STAND_STILL_TRAFFIC'},12,{4},6.0
2e698c33,2e698c33c,2020-11-15,15,{'JAM'},{'JAM_STAND_STILL_TRAFFIC'},18,{4},5.0
2e698c33,2e698c33c,2020-11-17,17,{'WEATHERHAZARD'},{'HAZARD_ON_ROAD_CAR_STOPPED'},5,{4},5.8
2e698c33,2e698c33c,2020-11-18,12,{'JAM'},{'JAM_HEAVY_TRAFFIC'},30,{4},5.0
2e698c33,2e698c33c,2020-11-18,13,{'JAM'},{'JAM_HEAVY_TRAFFIC'},19,{4},5.0
2e698c33,2e698c33c,2020-11-18,14,{'JAM'},{'JAM_MODERATE_TRAFFIC'},33,{4},5.0
2e698c33,2e698c33c,2020-11-19,17,{'JAM'},{'JAM_STAND_STILL_TRAFFIC'},31,{4},5.0
2e698c33,2e698c33c,2020-11-20,21,{'WEATHERHAZARD'},{'HAZARD_ON_SHOULDER_CAR_STOPPED'},25,{4},6.56
2e698c33,2e698c33c,2020-11-21,11,{'JAM'},{'JAM_HEAVY_TRAFFIC'},33,{4},6.424242424242424
2e698c33,2e698c33c,2020-11-21,14,{'JAM'},{'JAM_STAND_STILL_TRAFFIC'},44,{1},6.909090909090909
2e698c33,2e698c33c,2020-11-22,11,{'JAM'},{'JAM_HEAVY_TRAFFIC'},30,{4},5.0
2e698c33,2e698c33c,2020-11-22,14,{'JAM'},"{'JAM_STAND_STILL_TRAFFIC', 'JAM_HEAVY_TRAFFIC'}",54,{4},5.037037037037037
2e698c33,2e698c33c,2020-11-22,17,{'JAM'},{'JAM_MODERATE_TRAFFIC'},31,{4},5.0
2e698c33,2e698c33c,2020-11-22,19,{'WEATHERHAZARD'},{'HAZARD_ON_ROAD_POT_HOLE'},115,{7},8.391304347826088
2e698c33,2e698c33c,2020-11-22,20,{'JAM'},{'JAM_MODERATE_TRAFFIC'},32,{4},5.0
2e698c35,2e698c344,2020-09-05,15,{'JAM'},{'JAM_HEAVY_TRAFFIC'},38,{7},5.7368421052631575
2e698c35,2e698c344,2020-09-07,18,{'JAM'},{'JAM_STAND_STILL_TRAFFIC'},36,{7},5.444444444444445
2e698c35,2e698c344,2020-09-14,17,{'JAM'},{'JAM_HEAVY_TRAFFIC'},38,{22},6.0
2e698c35,2e698c344,2020-09-16,18,{'JAM'},{'JAM_STAND_STILL_TRAFFIC'},5,{7},5.0
2e698c35,2e698c344,2020-09-21,17,{'JAM'},{'JAM_HEAVY_TRAFFIC'},8,{7},5.0
2e698c35,2e698c344,2020-09-22,15,{'JAM'},{'JAM_STAND_STILL_TRAFFIC'},34,{7},5.0
2e698c35,2e698c344,2020-09-26,11,{'JAM'},{'JAM_HEAVY_TRAFFIC'},23,{4},7.913043478260869
2e698c35,2e698c344,2020-09-26,16,{'JAM'},{'JAM_MODERATE_TRAFFIC'},30,{7},5.0
2e698c35,2e698c344,2020-09-30,17,{'JAM'},{'JAM_STAND_STILL_TRAFFIC'},31,{7},5.0
2e698c35,2e698c344,2020-10-01,17,{'JAM'},{'JAM_HEAVY_TRAFFIC'},33,{7},5.9393939393939394
2e698c35,2e698c344,2020-10-01,18,{'JAM'},{'JAM_HEAVY_TRAFFIC'},30,{7},5.833333333333333
2e698c35,2e698c344,2020-10-02,18,{'JAM'},{'JAM_STAND_STILL_TRAFFIC'},30,{7},5.0
2e698c35,2e698c344,2020-10-03,14,{'JAM'},{'JAM_HEAVY_TRAFFIC'},30,{7},5.0
2e698c35,2e698c344,2020-10-03,19,{'JAM'},{'JAM_HEAVY_TRAFFIC'},30,{22},5.0
2e698c35,2e698c344,2020-10-05,17,{'JAM'},{'JAM_STAND_STILL_TRAFFIC'},38,{7},6.052631578947368
2e698c35,2e698c344,2020-10-06,18,{'JAM'},{'JAM_HEAVY_TRAFFIC'},31,{7},5.741935483870968
2e698c35,2e698c344,2020-10-08,11,{'JAM'},{'JAM_STAND_STILL_TRAFFIC'},124,"{1, 22, 7}",5.725806451612903
2e698c35,2e698c344,2020-10-08,12,{'JAM'},{'JAM_STAND_STILL_TRAFFIC'},155,"{1, 22, 7}",5.0
2e698c35,2e698c344,2020-10-08,14,{'JAM'},{'JAM_STAND_STILL_TRAFFIC'},29,{7},5.0
2e698c35,2e698c344,2020-10-09,18,{'JAM'},{'JAM_STAND_STILL_TRAFFIC'},125,"{1, 7}",5.0
2e698c35,2e698c344,2020-10-10,16,{'JAM'},"{'JAM_STAND_STILL_TRAFFIC', 'JAM_HEAVY_TRAFFIC'}",75,{7},5.213333333333333
2e698c35,2e698c344,2020-10-15,17,{'JAM'},"{'JAM_STAND_STILL_TRAFFIC', 'JAM_HEAVY_TRAFFIC'}",105,"{8, 22, 7}",5.704761904761905
2e698c35,2e698c344,2020-10-16,17,{'JAM'},{'JAM_STAND_STILL_TRAFFIC'},30,{7},5.0
2e698c35,2e698c344,2020-10-17,15,{'JAM'},"{'JAM_STAND_STILL_TRAFFIC', 'JAM_HEAVY_TRAFFIC'}",150,"{22, 7}",5.6066666666666665
2e698c35,2e698c344,2020-10-19,17,{'JAM'},{'JAM_HEAVY_TRAFFIC'},32,{7},5.0
2e698c35,2e698c344,2020-10-20,16,{'JAM'},{'JAM_STAND_STILL_TRAFFIC'},35,{7},6.428571428571429
2e698c35,2e698c344,2020-10-21,16,{'JAM'},{'JAM_STAND_STILL_TRAFFIC'},33,{7},5.0
2e698c35,2e698c344,2020-10-21,17,{'JAM'},{'JAM_STAND_STILL_TRAFFIC'},22,{7},6.0
2e698c35,2e698c344,2020-10-22,18,{'JAM'},{'JAM_STAND_STILL_TRAFFIC'},43,{7},5.0
2e698c35,2e698c344,2020-10-23,17,{'JAM'},{'JAM_STAND_STILL_TRAFFIC'},5,{7},5.0
2e698c35,2e698c344,2020-10-23,18,{'JAM'},"{'JAM_STAND_STILL_TRAFFIC', 'JAM_HEAVY_TRAFFIC'}",79,{7},5.620253164556962
2e698c35,2e698c344,2020-10-23,20,{'JAM'},"{'JAM_STAND_STILL_TRAFFIC', 'JAM_HEAVY_TRAFFIC'}",42,{7},5.666666666666667
2e698c35,2e698c344,2020-10-25,12,{'WEATHERHAZARD'},{'HAZARD_ON_SHOULDER_CAR_STOPPED'},3,{4},5.333333333333333
2e698c35,2e698c344,2020-10-27,15,{'JAM'},{'JAM_STAND_STILL_TRAFFIC'},25,{7},5.88
2e698c35,2e698c344,2020-10-27,18,{'JAM'},{'JAM_STAND_STILL_TRAFFIC'},101,"{22, 7}",5.158415841584159
2e698c35,2e698c344,2020-10-27,19,{'JAM'},{'JAM_STAND_STILL_TRAFFIC'},33,{7},5.0
2e698c35,2e698c344,2020-10-28,13,{'JAM'},{'JAM_STAND_STILL_TRAFFIC'},6,{22},5.0
2e698c35,2e698c344,2020-10-28,14,{'JAM'},{'JAM_STAND_STILL_TRAFFIC'},63,{7},5.444444444444445
2e698c35,2e698c344,2020-10-28,15,{'JAM'},{'JAM_STAND_STILL_TRAFFIC'},66,{7},5.257575757575758
2e698c35,2e698c344,2020-10-28,17,"{'JAM', 'WEATHERHAZARD'}","{'HAZARD_ON_ROAD_CAR_STOPPED', 'JAM_HEAVY_TRAFFIC'}",42,"{4, 22}",5.4523809523809526
2e698c35,2e698c344,2020-10-31,13,{'JAM'},{'JAM_STAND_STILL_TRAFFIC'},30,{7},5.0
2e698c35,2e698c344,2020-10-31,17,{'JAM'},{'JAM_STAND_STILL_TRAFFIC'},122,{7},5.0
2e698c35,2e698c344,2020-11-02,16,{'JAM'},{'JAM_HEAVY_TRAFFIC'},30,{4},5.0
2e698c35,2e698c344,2020-11-03,17,{'JAM'},{'JAM_STAND_STILL_TRAFFIC'},94,{7},5.0
2e698c35,2e698c344,2020-11-04,17,{'JAM'},{'JAM_STAND_STILL_TRAFFIC'},50,{7},5.4
2e698c35,2e698c344,2020-11-05,16,{'JAM'},{'JAM_STAND_STILL_TRAFFIC'},19,{7},5.315789473684211
2e698c35,2e698c344,2020-11-05,17,{'JAM'},{'JAM_STAND_STILL_TRAFFIC'},64,{7},5.0
2e698c35,2e698c344,2020-11-07,15,{'JAM'},{'JAM_STAND_STILL_TRAFFIC'},62,"{22, 7}",5.0
2e698c35,2e698c344,2020-11-09,17,{'JAM'},{'JAM_STAND_STILL_TRAFFIC'},31,{7},5.0
2e698c35,2e698c344,2020-11-10,18,{'JAM'},{'JAM_HEAVY_TRAFFIC'},30,{7},5.0
2e698c35,2e698c344,2020-11-11,17,{'JAM'},"{'JAM', 'JAM_STAND_STILL_TRAFFIC'}",132,"{22, 7}",5.53030303030303
2e698c35,2e698c344,2020-11-12,11,{'WEATHERHAZARD'},{'HAZARD_ON_ROAD_CAR_STOPPED'},5,{4},5.8
2e698c35,2e698c344,2020-11-13,16,{'JAM'},{'JAM_HEAVY_TRAFFIC'},36,{7},6.333333333333333
2e698c35,2e698c344,2020-11-13,17,{'JAM'},{'JAM_STAND_STILL_TRAFFIC'},31,{7},5.580645161290323
2e698c35,2e698c344,2020-11-13,19,{'JAM'},{'JAM_STAND_STILL_TRAFFIC'},32,{7},6.875
2e698c35,2e698c344,2020-11-14,11,{'JAM'},{'JAM_STAND_STILL_TRAFFIC'},15,{7},5.0
2e698c35,2e698c344,2020-11-14,17,{'JAM'},{'JAM_HEAVY_TRAFFIC'},33,{7},5.0
2e698c35,2e698c344,2020-11-21,17,{'JAM'},{'JAM_HEAVY_TRAFFIC'},18,{7},5.944444444444445
2e698c35,2e698c34c,2020-09-02,16,{'JAM'},{'JAM_STAND_STILL_TRAFFIC'},38,{4},5.421052631578948
2e698c35,2e698c34c,2020-09-02,17,{'JAM'},{'JAM_STAND_STILL_TRAFFIC'},30,{4},5.0
2e698c35,2e698c34c,2020-09-03,16,{'JAM'},{'JAM_HEAVY_TRAFFIC'},31,{4},5.0
2e698c35,2e698c34c,2020-09-03,17,{'JAM'},"{'JAM_STAND_STILL_TRAFFIC', 'JAM_HEAVY_TRAFFIC'}",67,{4},6.074626865671642
2e698c35,2e698c34c,2020-09-04,17,{'JAM'},{'JAM_HEAVY_TRAFFIC'},37,{4},5.405405405405405
2e698c35,2e698c34c,2020-09-07,16,{'JAM'},{'JAM_HEAVY_TRAFFIC'},46,{4},5.8478260869565215
2e698c35,2e698c34c,2020-09-07,17,{'JAM'},{'JAM_STAND_STILL_TRAFFIC'},31,{4},5.0
2e698c35,2e698c34c,2020-09-08,17,{'JAM'},{'JAM_MODERATE_TRAFFIC'},31,{4},5.0
2e698c35,2e698c34c,2020-09-09,18,{'WEATHERHAZARD'},{'HAZARD_ON_ROAD_CONSTRUCTION'},623,{4},9.558587479935795
2e698c35,2e698c34c,2020-09-09,19,{'JAM'},{'JAM_HEAVY_TRAFFIC'},11,{4},5.0
2e698c35,2e698c34c,2020-09-10,12,{'JAM'},{'JAM_HEAVY_TRAFFIC'},8,{4},5.0
2e698c35,2e698c34c,2020-09-10,15,{'JAM'},"{'JAM', 'JAM_HEAVY_TRAFFIC'}",35,{4},5.0
2e698c35,2e698c34c,2020-09-10,16,{'JAM'},{'JAM_STAND_STILL_TRAFFIC'},6,{4},5.0
2e698c35,2e698c34c,2020-09-11,13,{'JAM'},{'JAM_HEAVY_TRAFFIC'},7,{4},6.0
2e698c35,2e698c34c,2020-09-11,16,{'JAM'},{'JAM_STAND_STILL_TRAFFIC'},28,{4},5.0
2e698c35,2e698c34c,2020-09-11,17,{'JAM'},{'JAM_HEAVY_TRAFFIC'},35,{4},5.0
2e698c35,2e698c34c,2020-09-11,18,{'JAM'},{'JAM_STAND_STILL_TRAFFIC'},29,{4},5.655172413793103
2e698c35,2e698c34c,2020-09-16,12,{'WEATHERHAZARD'},{'HAZARD_ON_SHOULDER_CAR_STOPPED'},32,{4},5.71875
2e698c35,2e698c34c,2020-09-18,16,{'JAM'},{'JAM_HEAVY_TRAFFIC'},16,{4},5.0
2e698c35,2e698c34c,2020-09-18,20,{'JAM'},{'JAM_STAND_STILL_TRAFFIC'},54,{4},5.777777777777778
2e698c35,2e698c34c,2020-09-22,14,{'JAM'},{'JAM_STAND_STILL_TRAFFIC'},32,{4},5.0
2e698c35,2e698c34c,2020-09-22,16,{'JAM'},{'JAM_STAND_STILL_TRAFFIC'},32,{4},5.0
2e698c35,2e698c34c,2020-09-24,17,{'WEATHERHAZARD'},{'HAZARD_ON_SHOULDER_CAR_STOPPED'},39,{4},7.0256410256410255
2e698c35,2e698c34c,2020-09-26,12,{'JAM'},{'JAM_HEAVY_TRAFFIC'},23,{4},5.0
2e698c35,2e698c34c,2020-09-26,16,"{'JAM', 'ACCIDENT'}","{'JAM_STAND_STILL_TRAFFIC', 'ACCIDENT_MAJOR'}",29,{4},5.103448275862069
2e698c35,2e698c34c,2020-09-30,16,{'JAM'},{'JAM_STAND_STILL_TRAFFIC'},31,{4},5.0
2e698c35,2e698c34c,2020-10-01,17,{'JAM'},{'JAM_STAND_STILL_TRAFFIC'},6,{4},5.0
2e698c35,2e698c34c,2020-10-01,19,{'JAM'},{'JAM_STAND_STILL_TRAFFIC'},13,{4},5.384615384615385
2e698c35,2e698c34c,2020-10-06,15,{'JAM'},{'JAM_HEAVY_TRAFFIC'},6,{4},5.0
2e698c35,2e698c34c,2020-10-07,18,{'JAM'},{'JAM_MODERATE_TRAFFIC'},26,{4},5.6923076923076925
2e698c35,2e698c34c,2020-10-08,13,{'JAM'},{'JAM_HEAVY_TRAFFIC'},31,{4},5.0
2e698c35,2e698c34c,2020-10-08,15,{'JAM'},{'JAM_STAND_STILL_TRAFFIC'},57,{4},5.0
2e698c35,2e698c34c,2020-10-09,14,"{'JAM', 'WEATHERHAZARD', 'ACCIDENT'}","{'JAM_STAND_STILL_TRAFFIC', 'HAZARD_ON_ROAD_CONSTRUCTION', 'ACCIDENT_MINOR'}",246,{4},7.109756097560975
2e698c35,2e698c34c,2020-10-09,15,{'JAM'},{'JAM_STAND_STILL_TRAFFIC'},18,{4},5.0
2e698c35,2e698c34c,2020-10-10,15,{'JAM'},{'JAM'},7,{4},5.0
2e698c35,2e698c34c,2020-10-13,18,{'JAM'},{'JAM_STAND_STILL_TRAFFIC'},40,{4},5.0
2e698c35,2e698c34c,2020-10-14,16,{'JAM'},"{'JAM_STAND_STILL_TRAFFIC', 'JAM_HEAVY_TRAFFIC'}",43,{4},5.534883720930233
2e698c35,2e698c34c,2020-10-14,19,{'JAM'},{'JAM_HEAVY_TRAFFIC'},57,{4},5.0
2e698c35,2e698c34c,2020-10-16,17,{'JAM'},{'JAM_HEAVY_TRAFFIC'},31,{4},5.870967741935484
2e698c35,2e698c34c,2020-10-16,19,{'JAM'},{'JAM_HEAVY_TRAFFIC'},36,{4},5.472222222222222
2e698c35,2e698c34c,2020-10-19,17,{'JAM'},{'JAM_HEAVY_TRAFFIC'},31,{4},5.0
2e698c35,2e698c34c,2020-10-20,15,{'JAM'},{'JAM_STAND_STILL_TRAFFIC'},29,{4},5.0
2e698c35,2e698c34c,2020-10-20,16,{'JAM'},{'JAM_STAND_STILL_TRAFFIC'},31,{4},5.967741935483871
2e698c35,2e698c34c,2020-10-21,14,{'JAM'},{'JAM_STAND_STILL_TRAFFIC'},30,{4},5.0
2e698c35,2e698c34c,2020-10-21,19,{'JAM'},{'JAM_HEAVY_TRAFFIC'},47,{4},5.9361702127659575
2e698c35,2e698c34c,2020-10-23,17,{'JAM'},{'JAM_STAND_STILL_TRAFFIC'},50,{4},5.36
2e698c35,2e698c34c,2020-10-23,20,{'JAM'},{'JAM_STAND_STILL_TRAFFIC'},40,{4},5.35
2e698c35,2e698c34c,2020-10-24,15,{'JAM'},{'JAM_HEAVY_TRAFFIC'},42,{4},6.357142857142857
2e698c35,2e698c34c,2020-10-26,16,"{'JAM', 'WEATHERHAZARD'}","{'HAZARD_ON_ROAD_CAR_STOPPED', 'JAM_STAND_STILL_TRAFFIC'}",62,{4},6.612903225806452
2e698c35,2e698c34c,2020-10-26,17,{'JAM'},{'JAM_HEAVY_TRAFFIC'},31,{4},5.0
2e698c35,2e698c34c,2020-10-27,14,{'JAM'},{'JAM_STAND_STILL_TRAFFIC'},33,{4},5.0
2e698c35,2e698c34c,2020-10-27,15,{'JAM'},{'JAM_HEAVY_TRAFFIC'},29,{4},6.0
2e698c35,2e698c34c,2020-10-27,17,{'JAM'},{'JAM_STAND_STILL_TRAFFIC'},40,{4},5.425
2e698c35,2e698c34c,2020-10-27,18,{'JAM'},{'JAM_HEAVY_TRAFFIC'},25,{4},5.0
2e698c35,2e698c34c,2020-10-28,17,{'JAM'},{'JAM_HEAVY_TRAFFIC'},30,{4},5.0
2e698c35,2e698c34c,2020-10-28,21,{'JAM'},{'JAM_STAND_STILL_TRAFFIC'},8,{4},5.0
2e698c35,2e698c34c,2020-10-30,17,{'JAM'},{'JAM_STAND_STILL_TRAFFIC'},60,{4},5.0
2e698c35,2e698c34c,2020-11-02,16,{'JAM'},{'JAM_HEAVY_TRAFFIC'},44,{4},5.363636363636363
2e698c35,2e698c34c,2020-11-02,18,{'JAM'},{'JAM_HEAVY_TRAFFIC'},31,{4},5.0
2e698c35,2e698c34c,2020-11-04,18,{'JAM'},{'JAM_HEAVY_TRAFFIC'},31,{4},6.806451612903226
2e698c35,2e698c34c,2020-11-05,18,{'JAM'},{'JAM_STAND_STILL_TRAFFIC'},34,{4},5.823529411764706
2e698c35,2e698c34c,2020-11-06,7,{'WEATHERHAZARD'},{'HAZARD_ON_SHOULDER_CAR_STOPPED'},28,{4},6.142857142857143
2e698c35,2e698c34c,2020-11-06,15,{'JAM'},{'JAM_STAND_STILL_TRAFFIC'},21,{4},5.0
2e698c35,2e698c34c,2020-11-09,17,{'JAM'},{'JAM_STAND_STILL_TRAFFIC'},31,{4},6.354838709677419
2e698c35,2e698c34c,2020-11-09,18,{'JAM'},{'JAM_STAND_STILL_TRAFFIC'},31,{4},5.0
2e698c35,2e698c34c,2020-11-09,19,{'JAM'},{'JAM_MODERATE_TRAFFIC'},16,{4},5.0
2e698c35,2e698c34c,2020-11-10,17,{'JAM'},{'JAM_STAND_STILL_TRAFFIC'},7,{4},5.0
2e698c35,2e698c34c,2020-11-11,14,{'JAM'},{'JAM_STAND_STILL_TRAFFIC'},16,{4},5.0
2e698c35,2e698c34c,2020-11-11,15,{'JAM'},{'JAM_HEAVY_TRAFFIC'},32,{4},5.625
2e698c35,2e698c34c,2020-11-11,19,{'JAM'},"{'JAM_STAND_STILL_TRAFFIC', 'JAM_HEAVY_TRAFFIC'}",56,{4},5.928571428571429
2e698c35,2e698c34c,2020-11-12,7,{'JAM'},{'JAM_MODERATE_TRAFFIC'},7,{4},5.0
2e698c35,2e698c34c,2020-11-12,11,{'JAM'},{'JAM_MODERATE_TRAFFIC'},30,{4},6.766666666666667
2e698c35,2e698c34c,2020-11-12,17,{'JAM'},"{'JAM_STAND_STILL_TRAFFIC', 'JAM_HEAVY_TRAFFIC'}",38,{4},5.0
2e698c35,2e698c34c,2020-11-13,16,{'JAM'},{'JAM_STAND_STILL_TRAFFIC'},33,{4},5.0
2e698c35,2e698c34c,2020-11-15,13,{'JAM'},{'JAM_STAND_STILL_TRAFFIC'},25,{4},5.0
2e698c35,2e698c34c,2020-11-16,18,{'JAM'},{'JAM_HEAVY_TRAFFIC'},62,{4},5.0
2e698c35,2e698c34c,2020-11-16,19,{'JAM'},{'JAM_HEAVY_TRAFFIC'},30,{4},5.666666666666667
2e698c35,2e698c34c,2020-11-16,20,{'JAM'},{'JAM_HEAVY_TRAFFIC'},31,{4},5.774193548387097
2e698c35,2e698c34c,2020-11-18,12,{'JAM'},{'JAM_HEAVY_TRAFFIC'},5,{4},5.0
2e698c35,2e698c34c,2020-11-18,16,{'JAM'},{'JAM'},6,{4},5.0
2e698c35,2e698c34c,2020-11-19,16,{'JAM'},{'JAM_HEAVY_TRAFFIC'},38,{4},5.394736842105263
2e698c35,2e698c34c,2020-11-19,17,{'JAM'},{'JAM_STAND_STILL_TRAFFIC'},31,{4},5.0
2e698c35,2e698c34c,2020-11-20,16,{'JAM'},{'JAM_MODERATE_TRAFFIC'},29,{4},5.862068965517241
2e698c35,2e698c34c,2020-11-20,17,{'JAM'},{'JAM_STAND_STILL_TRAFFIC'},65,{4},5.0
2e698c35,2e698c34c,2020-11-20,18,{'JAM'},{'JAM_STAND_STILL_TRAFFIC'},39,{4},6.076923076923077
2e698c35,2e698c34c,2020-11-20,21,{'WEATHERHAZARD'},{'HAZARD_ON_SHOULDER_CAR_STOPPED'},7,{4},5.714285714285714
2e698c35,2e698c34c,2020-11-21,14,{'JAM'},{'JAM_HEAVY_TRAFFIC'},34,{4},7.176470588235294
2e698c35,2e698c34c,2020-11-21,16,{'JAM'},{'JAM_HEAVY_TRAFFIC'},13,{4},5.461538461538462
2e698c35,2e698c354,2020-09-03,16,{'WEATHERHAZARD'},{'HAZARD_ON_ROAD_CONSTRUCTION'},31,{4},5.935483870967742
2e698c35,2e698c354,2020-09-07,23,{'JAM'},{'JAM'},11,{4},5.0
2e698c35,2e698c354,2020-09-22,7,{'WEATHERHAZARD'},{'HAZARD_ON_ROAD_CONSTRUCTION'},85,{4},8.258823529411766
2e698c35,2e698c354,2020-09-24,17,{'JAM'},{'JAM_STAND_STILL_TRAFFIC'},34,{1},5.0
2e698c35,2e698c354,2020-09-25,15,{'JAM'},{'JAM_MODERATE_TRAFFIC'},33,{4},5.636363636363637
2e698c35,2e698c354,2020-09-26,11,{'JAM'},{'JAM_STAND_STILL_TRAFFIC'},15,{4},5.0
2e698c35,2e698c354,2020-09-27,23,{'JAM'},{'JAM_HEAVY_TRAFFIC'},43,{4},6.604651162790698
2e698c35,2e698c354,2020-09-28,0,{'JAM'},{'JAM_STAND_STILL_TRAFFIC'},33,{4},5.0
2e698c35,2e698c354,2020-10-04,13,{'JAM'},{'JAM_STAND_STILL_TRAFFIC'},6,{4},5.0
2e698c35,2e698c354,2020-10-12,18,{'JAM'},{'JAM_MODERATE_TRAFFIC'},29,{4},5.0
2e698c35,2e698c354,2020-10-15,16,{'JAM'},{'JAM_HEAVY_TRAFFIC'},31,{4},5.0
2e698c35,2e698c354,2020-10-17,18,{'JAM'},{'JAM_HEAVY_TRAFFIC'},7,{4},5.0
2e698c35,2e698c354,2020-10-19,14,{'WEATHERHAZARD'},{'HAZARD_ON_ROAD_CAR_STOPPED'},30,{4},5.633333333333334
2e698c35,2e698c354,2020-10-20,16,{'JAM'},{'JAM_HEAVY_TRAFFIC'},31,{4},5.0
2e698c35,2e698c354,2020-10-20,17,{'JAM'},"{'JAM_STAND_STILL_TRAFFIC', 'JAM_MODERATE_TRAFFIC'}",48,{4},5.0
2e698c35,2e698c354,2020-10-20,18,{'JAM'},{'JAM_HEAVY_TRAFFIC'},30,{4},5.833333333333333
2e698c35,2e698c354,2020-10-22,17,{'JAM'},{'JAM_MODERATE_TRAFFIC'},12,{4},5.583333333333333
2e698c35,2e698c354,2020-10-23,18,{'JAM'},{'JAM_HEAVY_TRAFFIC'},33,{4},5.515151515151516
2e698c35,2e698c354,2020-10-23,19,{'JAM'},{'JAM_MODERATE_TRAFFIC'},30,{4},5.566666666666666
2e698c35,2e698c354,2020-10-27,17,{'JAM'},{'JAM_HEAVY_TRAFFIC'},32,{4},6.53125
2e698c35,2e698c354,2020-11-05,18,{'JAM'},{'JAM_HEAVY_TRAFFIC'},27,{4},5.0
2e698c35,2e698c354,2020-11-06,14,{'JAM'},{'JAM_STAND_STILL_TRAFFIC'},24,{4},5.0
2e698c35,2e698c354,2020-11-12,16,{'JAM'},{'JAM_HEAVY_TRAFFIC'},31,{4},5.967741935483871
2e698c35,2e698c354,2020-11-12,19,{'WEATHERHAZARD'},{'HAZARD_ON_SHOULDER_CAR_STOPPED'},1,{4},5.0
2e698c35,2e698c354,2020-11-14,2,{'WEATHERHAZARD'},{'WEATHERHAZARD'},31,{4},5.0
2e698c35,2e698c354,2020-11-19,9,"{'JAM', 'WEATHERHAZARD'}","{'JAM_STAND_STILL_TRAFFIC', 'HAZARD_ON_ROAD_CONSTRUCTION'}",40,{4},6.45
2e698c35,2e698c354,2020-11-21,15,{'JAM'},{'JAM_STAND_STILL_TRAFFIC'},29,{4},5.0
2e698c35,2e698c35c,2020-09-11,12,{'JAM'},{'JAM_STAND_STILL_TRAFFIC'},5,{4},5.0
2e698c35,2e698c35c,2020-09-14,17,{'JAM'},{'JAM_STAND_STILL_TRAFFIC'},21,{7},5.0
2e698c35,2e698c35c,2020-09-22,14,{'JAM'},{'JAM'},7,{4},5.0
2e698c35,2e698c35c,2020-09-25,17,{'JAM'},{'JAM'},33,{20},5.0
2e698c35,2e698c35c,2020-10-01,18,{'JAM'},{'JAM_MODERATE_TRAFFIC'},21,{7},5.0
2e698c35,2e698c35c,2020-10-02,18,{'JAM'},{'JAM_STAND_STILL_TRAFFIC'},30,{7},5.0
2e698c35,2e698c35c,2020-10-03,14,{'JAM'},{'JAM_STAND_STILL_TRAFFIC'},34,{7},5.588235294117647
2e698c35,2e698c35c,2020-10-03,15,{'JAM'},{'JAM_HEAVY_TRAFFIC'},33,{7},5.484848484848484
2e698c35,2e698c35c,2020-10-03,16,{'JAM'},{'JAM_STAND_STILL_TRAFFIC'},44,{7},5.363636363636363
2e698c35,2e698c35c,2020-10-05,17,{'JAM'},{'JAM_STAND_STILL_TRAFFIC'},30,{7},5.0
2e698c35,2e698c35c,2020-10-07,0,{'JAM'},{'JAM'},31,{7},5.0
2e698c35,2e698c35c,2020-10-07,18,{'JAM'},{'JAM_STAND_STILL_TRAFFIC'},51,{7},5.921568627450981
2e698c35,2e698c35c,2020-10-08,11,{'JAM'},{'JAM_STAND_STILL_TRAFFIC'},43,{2},5.4186046511627906
2e698c35,2e698c35c,2020-10-08,12,{'JAM'},{'JAM_STAND_STILL_TRAFFIC'},13,{7},5.0
2e698c35,2e698c35c,2020-10-08,13,{'JAM'},{'JAM_HEAVY_TRAFFIC'},32,{7},5.0
2e698c35,2e698c35c,2020-10-08,14,{'JAM'},"{'JAM_STAND_STILL_TRAFFIC', 'JAM_HEAVY_TRAFFIC'}",40,{7},5.0
2e698c35,2e698c35c,2020-10-09,17,{'JAM'},{'JAM_STAND_STILL_TRAFFIC'},7,{7},5.0
2e698c35,2e698c35c,2020-10-09,18,{'JAM'},{'JAM_STAND_STILL_TRAFFIC'},61,"{20, 7}",5.754098360655738
2e698c35,2e698c35c,2020-10-10,12,{'JAM'},{'JAM_HEAVY_TRAFFIC'},5,{7},6.0
2e698c35,2e698c35c,2020-10-10,17,{'JAM'},{'JAM_HEAVY_TRAFFIC'},31,{7},5.0
2e698c35,2e698c35c,2020-10-13,17,{'JAM'},{'JAM_STAND_STILL_TRAFFIC'},12,{7},5.0
2e698c35,2e698c35c,2020-10-17,14,{'JAM'},{'JAM_HEAVY_TRAFFIC'},53,{7},5.30188679245283
2e698c35,2e698c35c,2020-10-19,17,{'JAM'},{'JAM_HEAVY_TRAFFIC'},32,{2},5.0
2e698c35,2e698c35c,2020-10-23,15,{'WEATHERHAZARD'},{'HAZARD_WEATHER_FLOOD'},30,{7},6.833333333333333
2e698c35,2e698c35c,2020-10-23,17,{'JAM'},"{'JAM_STAND_STILL_TRAFFIC', 'JAM_HEAVY_TRAFFIC'}",77,"{22, 7}",5.766233766233766
2e698c35,2e698c35c,2020-10-25,15,{'WEATHERHAZARD'},{'HAZARD_ON_ROAD_CAR_STOPPED'},30,{4},5.5
2e698c35,2e698c35c,2020-10-27,15,{'JAM'},{'JAM_MODERATE_TRAFFIC'},32,{7},5.8125
2e698c35,2e698c35c,2020-10-27,16,{'JAM'},"{'JAM_STAND_STILL_TRAFFIC', 'JAM_MODERATE_TRAFFIC'}",51,"{20, 7}",5.588235294117647
2e698c35,2e698c35c,2020-10-27,17,{'JAM'},{'JAM_STAND_STILL_TRAFFIC'},35,{7},5.828571428571428
2e698c35,2e698c35c,2020-10-27,18,{'JAM'},{'JAM_HEAVY_TRAFFIC'},30,{7},5.0
2e698c35,2e698c35c,2020-10-28,13,{'JAM'},{'JAM_STAND_STILL_TRAFFIC'},63,{7},5.888888888888889
2e698c35,2e698c35c,2020-10-28,14,{'JAM'},{'JAM_STAND_STILL_TRAFFIC'},31,{7},5.0
2e698c35,2e698c35c,2020-10-28,15,{'JAM'},{'JAM_STAND_STILL_TRAFFIC'},30,{7},5.0
2e698c35,2e698c35c,2020-10-29,11,{'WEATHERHAZARD'},{'HAZARD_ON_SHOULDER_CAR_STOPPED'},38,{4},6.868421052631579
2e698c35,2e698c35c,2020-10-31,13,{'JAM'},{'JAM_STAND_STILL_TRAFFIC'},31,{7},5.0
2e698c35,2e698c35c,2020-10-31,15,{'JAM'},{'JAM_STAND_STILL_TRAFFIC'},31,{7},7.419354838709677
2e698c35,2e698c35c,2020-10-31,17,{'JAM'},{'JAM_STAND_STILL_TRAFFIC'},145,"{4, 22, 7}",5.2620689655172415
2e698c35,2e698c35c,2020-11-03,17,{'JAM'},"{'JAM', 'JAM_STAND_STILL_TRAFFIC'}",93,{7},5.913978494623656
2e698c35,2e698c35c,2020-11-05,16,{'JAM'},"{'JAM', 'JAM_STAND_STILL_TRAFFIC'}",29,{7},5.206896551724138
2e698c35,2e698c35c,2020-11-05,17,{'JAM'},{'JAM_STAND_STILL_TRAFFIC'},62,{7},5.0
2e698c35,2e698c35c,2020-11-07,14,{'JAM'},{'JAM_STAND_STILL_TRAFFIC'},31,{7},5.935483870967742
2e698c35,2e698c35c,2020-11-07,15,{'JAM'},{'JAM_STAND_STILL_TRAFFIC'},32,{20},5.0
2e698c35,2e698c35c,2020-11-11,17,{'JAM'},{'JAM_STAND_STILL_TRAFFIC'},31,{7},5.0
2e698c35,2e698c35c,2020-11-12,19,{'WEATHERHAZARD'},{'HAZARD_ON_SHOULDER_CAR_STOPPED'},12,{4},6.75
2e698c35,2e698c35c,2020-11-13,16,{'JAM'},{'JAM_STAND_STILL_TRAFFIC'},31,{7},5.0
2e698c35,2e698c35c,2020-11-13,17,{'JAM'},{'JAM_STAND_STILL_TRAFFIC'},84,{7},6.011904761904762
2e698c35,2e698c35c,2020-11-13,18,{'JAM'},{'JAM_STAND_STILL_TRAFFIC'},39,{7},7.205128205128205
2e698c35,2e698c35c,2020-11-14,18,{'JAM'},{'JAM_STAND_STILL_TRAFFIC'},35,{7},6.114285714285714
2e698c35,2e698c35c,2020-11-14,20,{'WEATHERHAZARD'},{'HAZARD_ON_ROAD_CONSTRUCTION'},220,{7},8.25
2e698c35,2e698c35c,2020-11-18,17,{'JAM'},{'JAM_HEAVY_TRAFFIC'},30,{4},5.0
2e698c35,2e698c35c,2020-11-18,18,{'JAM'},{'JAM_STAND_STILL_TRAFFIC'},54,{7},5.555555555555555
2e698c37,2e698c364,2020-09-01,16,{'JAM'},{'JAM'},33,{1},6.0
2e698c37,2e698c364,2020-10-27,18,{'JAM'},{'JAM_HEAVY_TRAFFIC'},8,{2},5.0
2e698c37,2e698c364,2020-11-20,19,{'JAM'},{'JAM_HEAVY_TRAFFIC'},6,{2},5.0
2e698c37,2e698c36c,2020-10-03,14,{'JAM'},{'JAM_HEAVY_TRAFFIC'},6,{2},5.0
2e698c37,2e698c36c,2020-10-27,18,{'JAM'},{'JAM_HEAVY_TRAFFIC'},6,{2},5.0
2e698c37,2e698c36c,2020-10-27,19,{'JAM'},{'JAM_HEAVY_TRAFFIC'},6,{2},5.0
2e698c39,2e698c38c,2020-09-12,18,{'JAM'},{'JAM'},6,{2},5.0
2e698c39,2e698c38c,2020-10-28,21,{'JAM'},{'JAM'},30,{2},5.0
2e698c39,2e698c39c,2020-10-29,10,{'JAM'},{'JAM_STAND_STILL_TRAFFIC'},20,{22},5.0
2e698c3b,2e698c3a4,2020-11-22,19,{'JAM'},{'JAM'},32,{1},5.0
2e698c3b,2e698c3ac,2020-09-05,7,{'WEATHERHAZARD'},{'HAZARD_ON_SHOULDER_CAR_STOPPED'},30,{1},5.0
2e698c3b,2e698c3ac,2020-09-08,13,{'JAM'},{'JAM'},10,{1},5.0
2e698c3b,2e698c3ac,2020-09-09,17,{'JAM'},{'JAM_MODERATE_TRAFFIC'},32,{6},5.5
2e698c3b,2e698c3ac,2020-09-11,16,{'JAM'},{'JAM_HEAVY_TRAFFIC'},31,{6},5.0
2e698c3b,2e698c3ac,2020-09-11,17,"{'JAM', 'WEATHERHAZARD'}","{'HAZARD_ON_SHOULDER_CAR_STOPPED', 'JAM_STAND_STILL_TRAFFIC'}",77,{6},5.103896103896104
2e698c3b,2e698c3ac,2020-09-12,15,{'JAM'},{'JAM_MODERATE_TRAFFIC'},33,{6},5.0
2e698c3b,2e698c3ac,2020-09-18,17,{'JAM'},{'JAM_MODERATE_TRAFFIC'},30,{6},5.0
2e698c3b,2e698c3ac,2020-09-27,12,{'JAM'},{'JAM_STAND_STILL_TRAFFIC'},12,{6},5.0
2e698c3b,2e698c3ac,2020-09-29,18,{'JAM'},{'JAM_HEAVY_TRAFFIC'},30,{6},5.0
2e698c3b,2e698c3ac,2020-10-02,18,{'JAM'},{'JAM_HEAVY_TRAFFIC'},40,{6},5.425
2e698c3b,2e698c3ac,2020-10-08,12,{'JAM'},{'JAM_STAND_STILL_TRAFFIC'},58,{6},5.0
2e698c3b,2e698c3ac,2020-10-08,13,{'JAM'},{'JAM_STAND_STILL_TRAFFIC'},63,{6},5.825396825396825
2e698c3b,2e698c3ac,2020-10-08,14,{'JAM'},{'JAM_STAND_STILL_TRAFFIC'},45,{6},5.0
2e698c3b,2e698c3ac,2020-10-16,17,{'JAM'},{'JAM_STAND_STILL_TRAFFIC'},34,{6},5.0
2e698c3b,2e698c3ac,2020-10-21,14,{'JAM'},{'JAM_MODERATE_TRAFFIC'},31,{6},5.0
2e698c3b,2e698c3ac,2020-10-24,21,"{'JAM', 'ACCIDENT'}","{'JAM_STAND_STILL_TRAFFIC', 'ACCIDENT_MAJOR'}",62,{6},5.870967741935484
2e698c3b,2e698c3ac,2020-11-06,14,{'JAM'},{'JAM_STAND_STILL_TRAFFIC'},63,{6},5.444444444444445
2e698c3b,2e698c3ac,2020-11-06,16,{'JAM'},{'JAM_STAND_STILL_TRAFFIC'},30,{6},5.0
2e698c3b,2e698c3ac,2020-11-17,16,"{'JAM', 'WEATHERHAZARD'}","{'HAZARD_ON_ROAD', 'JAM_HEAVY_TRAFFIC'}",113,{6},8.123893805309734
2e698c3b,2e698c3ac,2020-11-21,21,{'JAM'},{'JAM_STAND_STILL_TRAFFIC'},45,{6},5.533333333333333
2e698c3b,2e698c3ac,2020-11-22,17,{'JAM'},{'JAM_MODERATE_TRAFFIC'},31,{6},5.0
2e698c3b,2e698c3b4,2020-09-11,18,{'WEATHERHAZARD'},{'HAZARD_ON_SHOULDER_CAR_STOPPED'},42,{6},6.0476190476190474
2e698c3b,2e698c3b4,2020-09-19,17,{'JAM'},{'JAM_HEAVY_TRAFFIC'},23,{7},5.0
2e698c3b,2e698c3b4,2020-10-20,16,{'JAM'},{'JAM_HEAVY_TRAFFIC'},32,{6},5.0
2e698c3b,2e698c3b4,2020-11-06,16,{'JAM'},{'JAM_STAND_STILL_TRAFFIC'},22,{6},5.0
2e698c3b,2e698c3b4,2020-11-08,12,{'JAM'},{'JAM'},8,{6},5.0
2e698c3b,2e698c3b4,2020-11-10,16,{'JAM'},{'JAM_HEAVY_TRAFFIC'},25,{6},5.68
2e698c3b,2e698c3b4,2020-11-17,12,{'JAM'},{'JAM_HEAVY_TRAFFIC'},32,{6},5.0
2e698c3b,2e698c3b4,2020-11-17,17,{'JAM'},{'JAM_STAND_STILL_TRAFFIC'},19,{6},5.7894736842105265
2e698c3d,2e698c3cc,2020-09-04,16,{'JAM'},{'JAM_HEAVY_TRAFFIC'},29,{7},5.0
2e698c3d,2e698c3cc,2020-09-19,17,{'JAM'},{'JAM_STAND_STILL_TRAFFIC'},6,{6},5.0
2e698c3d,2e698c3cc,2020-09-22,13,{'JAM'},{'JAM'},7,{1},5.0
2e698c3d,2e698c3cc,2020-10-01,16,{'ACCIDENT'},{'ACCIDENT'},121,{1},5.305785123966942
2e698c3d,2e698c3cc,2020-10-06,9,"{'JAM', 'WEATHERHAZARD'}","{'HAZARD_ON_ROAD_CONSTRUCTION', 'JAM_HEAVY_TRAFFIC'}",61,"{6, 7}",6.229508196721311
2e698c3d,2e698c3cc,2020-10-08,10,{'JAM'},{'JAM_STAND_STILL_TRAFFIC'},31,{6},5.0
2e698c3d,2e698c3cc,2020-10-08,12,{'JAM'},{'JAM_STAND_STILL_TRAFFIC'},31,{7},5.0
2e698c3d,2e698c3cc,2020-10-20,16,{'JAM'},{'JAM_STAND_STILL_TRAFFIC'},21,{6},5.0
2e698c3d,2e698c3cc,2020-10-20,17,{'JAM'},{'JAM'},17,{6},5.0
2e698c3d,2e698c3cc,2020-10-21,19,{'JAM'},{'JAM_MODERATE_TRAFFIC'},15,{7},7.0
2e698c3d,2e698c3cc,2020-11-04,8,{'JAM'},{'JAM_HEAVY_TRAFFIC'},5,{7},5.2
2e698c3d,2e698c3cc,2020-11-06,16,{'JAM'},{'JAM_STAND_STILL_TRAFFIC'},7,{7},5.0
2e698c3d,2e698c3cc,2020-11-13,18,{'JAM'},{'JAM_HEAVY_TRAFFIC'},41,{6},6.146341463414634
2e698c3d,2e698c3cc,2020-11-17,12,{'JAM'},{'JAM'},20,{7},5.0
2e698c3d,2e698c3cc,2020-11-17,16,{'JAM'},{'JAM_HEAVY_TRAFFIC'},31,{7},5.0
2e698c3d,2e698c3cc,2020-11-17,17,{'JAM'},{'JAM_STAND_STILL_TRAFFIC'},89,"{6, 7}",5.820224719101123
2e698c3d,2e698c3d4,2020-09-05,13,{'JAM'},{'JAM_HEAVY_TRAFFIC'},11,{7},8.0
2e698c3d,2e698c3d4,2020-09-10,6,{'JAM'},{'JAM_MODERATE_TRAFFIC'},5,{6},8.0
2e698c3d,2e698c3d4,2020-09-11,17,{'JAM'},{'JAM_HEAVY_TRAFFIC'},30,{6},5.0
2e698c3d,2e698c3d4,2020-09-11,18,{'WEATHERHAZARD'},{'HAZARD_ON_SHOULDER_CAR_STOPPED'},25,{6},6.12
2e698c3d,2e698c3d4,2020-09-16,14,{'JAM'},{'JAM_MODERATE_TRAFFIC'},6,{6},5.0
2e698c3d,2e698c3d4,2020-09-30,10,{'JAM'},{'JAM_MODERATE_TRAFFIC'},32,{7},5.0
2e698c3d,2e698c3d4,2020-10-02,18,{'JAM'},{'JAM_HEAVY_TRAFFIC'},32,{6},5.0
2e698c3d,2e698c3d4,2020-10-04,23,{'WEATHERHAZARD'},{'HAZARD_ON_SHOULDER_CAR_STOPPED'},31,{7},5.0
2e698c3d,2e698c3d4,2020-10-06,18,{'JAM'},{'JAM_STAND_STILL_TRAFFIC'},13,{7},5.0
2e698c3d,2e698c3d4,2020-10-08,10,{'JAM'},{'JAM_STAND_STILL_TRAFFIC'},33,{7},5.0
2e698c3d,2e698c3d4,2020-10-12,17,{'JAM'},{'JAM_STAND_STILL_TRAFFIC'},62,{7},5.0
2e698c3d,2e698c3d4,2020-10-15,14,{'JAM'},{'JAM_STAND_STILL_TRAFFIC'},7,{6},5.142857142857143
2e698c3d,2e698c3d4,2020-10-20,17,{'JAM'},{'JAM_MODERATE_TRAFFIC'},8,{6},5.0
2e698c3d,2e698c3d4,2020-10-21,14,{'JAM'},"{'JAM_STAND_STILL_TRAFFIC', 'JAM_HEAVY_TRAFFIC'}",92,"{6, 7}",6.054347826086956
2e698c3d,2e698c3d4,2020-10-21,19,{'JAM'},{'JAM_MODERATE_TRAFFIC'},24,{7},5.708333333333333
2e698c3d,2e698c3d4,2020-10-22,16,{'JAM'},{'JAM_STAND_STILL_TRAFFIC'},9,{7},5.0
2e698c3d,2e698c3d4,2020-10-26,17,{'JAM'},{'JAM_HEAVY_TRAFFIC'},30,{7},5.0
2e698c3d,2e698c3d4,2020-11-03,18,{'JAM'},{'JAM_STAND_STILL_TRAFFIC'},14,{7},5.0
2e698c3d,2e698c3d4,2020-11-05,8,{'JAM'},{'JAM_STAND_STILL_TRAFFIC'},19,{6},5.0
2e698c3d,2e698c3d4,2020-11-21,10,{'JAM'},{'JAM_MODERATE_TRAFFIC'},30,{7},5.0
2e698c3d,2e698c3dc,2020-09-05,14,{'WEATHERHAZARD'},{'HAZARD_ON_SHOULDER_CAR_STOPPED'},14,{6},5.571428571428571
2e698c3d,2e698c3dc,2020-09-07,17,{'JAM'},{'JAM_MODERATE_TRAFFIC'},31,{6},5.0
2e698c3d,2e698c3dc,2020-09-11,18,{'JAM'},"{'JAM_STAND_STILL_TRAFFIC', 'JAM_HEAVY_TRAFFIC'}",61,{6},5.0
2e698c3d,2e698c3dc,2020-09-15,18,{'JAM'},"{'JAM_STAND_STILL_TRAFFIC', 'JAM_HEAVY_TRAFFIC'}",60,{6},5.0
2e698c3d,2e698c3dc,2020-09-25,13,{'JAM'},{'JAM_STAND_STILL_TRAFFIC'},65,{6},5.430769230769231
2e698c3d,2e698c3dc,2020-09-25,16,{'JAM'},{'JAM_STAND_STILL_TRAFFIC'},30,{6},6.0
2e698c3d,2e698c3dc,2020-09-25,18,{'JAM'},{'JAM_STAND_STILL_TRAFFIC'},62,{6},5.82258064516129
2e698c3d,2e698c3dc,2020-10-02,18,{'JAM'},{'JAM_STAND_STILL_TRAFFIC'},38,{6},5.421052631578948
2e698c3d,2e698c3dc,2020-10-02,19,{'JAM'},{'JAM_HEAVY_TRAFFIC'},17,{6},5.0
2e698c3d,2e698c3dc,2020-10-06,18,{'JAM'},{'JAM_HEAVY_TRAFFIC'},31,{6},5.0
2e698c3d,2e698c3dc,2020-10-10,15,{'JAM'},{'JAM_STAND_STILL_TRAFFIC'},30,{6},5.0
2e698c3d,2e698c3dc,2020-10-12,15,{'JAM'},{'JAM_STAND_STILL_TRAFFIC'},6,{6},5.0
2e698c3d,2e698c3dc,2020-10-14,18,{'JAM'},{'JAM_STAND_STILL_TRAFFIC'},31,{6},5.0
2e698c3d,2e698c3dc,2020-10-17,13,{'JAM'},{'JAM_MODERATE_TRAFFIC'},22,{6},5.0
2e698c3d,2e698c3dc,2020-10-20,18,{'JAM'},{'JAM_STAND_STILL_TRAFFIC'},30,{6},5.566666666666666
2e698c3d,2e698c3dc,2020-10-21,13,{'JAM'},"{'JAM_STAND_STILL_TRAFFIC', 'JAM_HEAVY_TRAFFIC'}",77,{6},5.779220779220779
2e698c3d,2e698c3dc,2020-10-21,14,{'JAM'},{'JAM_STAND_STILL_TRAFFIC'},39,{6},5.410256410256411
2e698c3d,2e698c3dc,2020-10-31,10,{'WEATHERHAZARD'},{'HAZARD_ON_ROAD_CAR_STOPPED'},44,{6},6.840909090909091
2e698c3d,2e698c3dc,2020-11-04,0,{'JAM'},{'JAM_STAND_STILL_TRAFFIC'},31,{6},5.0
2e698c3d,2e698c3dc,2020-11-06,17,{'JAM'},{'JAM_STAND_STILL_TRAFFIC'},31,{6},5.0
2e698c3d,2e698c3dc,2020-11-07,15,{'JAM'},"{'JAM_STAND_STILL_TRAFFIC', 'JAM_HEAVY_TRAFFIC'}",72,{6},5.791666666666667
2e698c3d,2e698c3dc,2020-11-13,14,{'JAM'},{'JAM_STAND_STILL_TRAFFIC'},18,{6},5.0
2e698c3d,2e698c3dc,2020-11-13,20,{'JAM'},{'JAM_STAND_STILL_TRAFFIC'},27,{6},6.111111111111111
2e698c3d,2e698c3dc,2020-11-21,16,{'JAM'},{'JAM'},30,{6},5.0
2e698c3f,2e698c3e4,2020-09-02,18,{'JAM'},{'JAM_HEAVY_TRAFFIC'},30,{6},5.0
2e698c3f,2e698c3e4,2020-09-05,13,{'JAM'},{'JAM'},31,{6},5.0
2e698c3f,2e698c3e4,2020-09-10,18,{'JAM'},{'JAM_HEAVY_TRAFFIC'},30,{6},5.0
2e698c3f,2e698c3e4,2020-09-25,16,{'JAM'},{'JAM_HEAVY_TRAFFIC'},30,{6},5.0
2e698c3f,2e698c3e4,2020-10-10,15,{'JAM'},{'JAM_STAND_STILL_TRAFFIC'},30,{6},5.0
2e698c3f,2e698c3e4,2020-10-12,17,{'JAM'},{'JAM_STAND_STILL_TRAFFIC'},7,{6},5.0
2e698c3f,2e698c3e4,2020-10-21,14,{'JAM'},{'JAM_STAND_STILL_TRAFFIC'},30,{6},6.0
2e698c3f,2e698c3e4,2020-11-10,18,{'JAM'},{'JAM_STAND_STILL_TRAFFIC'},30,{6},5.0
2e698c3f,2e698c3e4,2020-11-13,14,{'JAM'},{'JAM_MODERATE_TRAFFIC'},14,{6},5.0
2e698c3f,2e698c3e4,2020-11-19,13,{'JAM'},{'JAM_STAND_STILL_TRAFFIC'},8,{6},5.0
2e698c3f,2e698c3f4,2020-11-19,23,{'JAM'},{'JAM'},30,{1},5.0
2e698c41,2e698c404,2020-09-09,9,{'WEATHERHAZARD'},{'HAZARD_ON_ROAD_POT_HOLE'},2421,{2},6.804213135068154
2e698c41,2e698c404,2020-09-11,18,{'WEATHERHAZARD'},{'HAZARD_ON_SHOULDER_CAR_STOPPED'},30,{2},5.0
2e698c41,2e698c404,2020-11-05,9,{'ACCIDENT'},{'ACCIDENT'},122,{1},5.860655737704918
2e698c41,2e698c404,2020-11-05,10,"{'JAM', 'ACCIDENT'}","{'JAM', 'ACCIDENT'}",152,{1},5.8618421052631575
2e698c41,2e698c41c,2020-09-11,18,{'WEATHERHAZARD'},{'HAZARD_ON_SHOULDER_CAR_STOPPED'},33,{2},5.0
2e698c41,2e698c41c,2020-09-22,7,{'JAM'},{'JAM_MODERATE_TRAFFIC'},33,{1},5.0
2e698c41,2e698c41c,2020-11-08,17,{'WEATHERHAZARD'},{'HAZARD_WEATHER'},30,{2},5.0
2e698c43,2e698c424,2020-09-16,17,{'JAM'},{'JAM_STAND_STILL_TRAFFIC'},32,{2},5.0
2e698c43,2e698c424,2020-10-03,10,{'JAM'},{'JAM_STAND_STILL_TRAFFIC'},30,{2},5.0
2e698c43,2e698c424,2020-10-14,7,{'JAM'},{'JAM_HEAVY_TRAFFIC'},32,{2},5.6875
2e698c43,2e698c424,2020-11-05,17,{'JAM'},{'JAM_STAND_STILL_TRAFFIC'},31,{2},5.0
2e698c43,2e698c42c,2020-09-01,17,{'JAM'},{'JAM_HEAVY_TRAFFIC'},32,{2},5.0
2e698c43,2e698c42c,2020-09-03,19,{'JAM'},{'JAM'},5,{2},5.0
2e698c43,2e698c42c,2020-09-06,14,{'JAM'},{'JAM_HEAVY_TRAFFIC'},23,{2},5.0
2e698c43,2e698c42c,2020-09-06,16,{'JAM'},{'JAM_STAND_STILL_TRAFFIC'},31,{2},5.0
2e698c43,2e698c42c,2020-09-06,17,{'JAM'},{'JAM_STAND_STILL_TRAFFIC'},33,{2},5.0
2e698c43,2e698c42c,2020-09-08,10,{'JAM'},{'JAM_HEAVY_TRAFFIC'},30,{2},5.0
2e698c43,2e698c42c,2020-09-10,13,{'WEATHERHAZARD'},{'HAZARD_ON_SHOULDER_CAR_STOPPED'},46,{2},5.0
2e698c43,2e698c42c,2020-09-10,17,{'JAM'},{'JAM_MODERATE_TRAFFIC'},33,{2},5.0
2e698c43,2e698c42c,2020-09-12,19,{'JAM'},{'JAM_STAND_STILL_TRAFFIC'},7,{2},5.0
2e698c43,2e698c42c,2020-09-19,13,{'JAM'},{'JAM_HEAVY_TRAFFIC'},61,{2},5.639344262295082
2e698c43,2e698c42c,2020-09-21,7,{'JAM'},{'JAM_HEAVY_TRAFFIC'},30,{2},7.4
2e698c43,2e698c42c,2020-09-21,19,{'JAM'},{'JAM'},31,{2},5.0
2e698c43,2e698c42c,2020-09-22,16,{'JAM'},{'JAM_STAND_STILL_TRAFFIC'},31,{2},5.0
2e698c43,2e698c42c,2020-09-24,9,{'WEATHERHAZARD'},{'HAZARD_ON_SHOULDER_CAR_STOPPED'},31,{2},5.0
2e698c43,2e698c42c,2020-09-25,20,{'JAM'},{'JAM_STAND_STILL_TRAFFIC'},32,{2},5.0
2e698c43,2e698c42c,2020-09-26,0,{'JAM'},{'JAM_HEAVY_TRAFFIC'},31,{2},5.0
2e698c43,2e698c42c,2020-09-26,17,{'JAM'},{'JAM_HEAVY_TRAFFIC'},31,{2},5.0
2e698c43,2e698c42c,2020-09-29,18,{'JAM'},{'JAM_HEAVY_TRAFFIC'},30,{2},5.0
2e698c43,2e698c42c,2020-09-30,18,{'JAM'},{'JAM_STAND_STILL_TRAFFIC'},33,{2},5.0
2e698c43,2e698c42c,2020-09-30,19,{'JAM'},{'JAM_STAND_STILL_TRAFFIC'},30,{2},5.0
2e698c43,2e698c42c,2020-10-01,14,{'JAM'},"{'JAM_STAND_STILL_TRAFFIC', 'JAM_HEAVY_TRAFFIC'}",72,{2},5.0
2e698c43,2e698c42c,2020-10-03,12,{'JAM'},{'JAM_STAND_STILL_TRAFFIC'},31,{2},5.0
2e698c43,2e698c42c,2020-10-03,14,{'JAM'},{'JAM'},31,{2},5.0
2e698c43,2e698c42c,2020-10-05,16,{'JAM'},{'JAM_STAND_STILL_TRAFFIC'},61,{2},5.0
2e698c43,2e698c42c,2020-10-08,9,{'JAM'},"{'JAM_STAND_STILL_TRAFFIC', 'JAM_HEAVY_TRAFFIC'}",60,{2},5.0
2e698c43,2e698c42c,2020-10-08,11,{'JAM'},{'JAM'},31,{2},5.0
2e698c43,2e698c42c,2020-10-08,12,{'JAM'},{'JAM_STAND_STILL_TRAFFIC'},29,{2},7.0
2e698c43,2e698c42c,2020-10-08,14,{'JAM'},{'JAM_HEAVY_TRAFFIC'},29,{2},5.0
2e698c43,2e698c42c,2020-10-09,17,{'JAM'},{'JAM_HEAVY_TRAFFIC'},32,{2},5.0
2e698c43,2e698c42c,2020-10-10,11,{'JAM'},{'JAM_MODERATE_TRAFFIC'},32,{2},5.0
2e698c43,2e698c42c,2020-10-10,16,{'JAM'},"{'JAM_STAND_STILL_TRAFFIC', 'JAM_HEAVY_TRAFFIC'}",63,{2},5.0
2e698c43,2e698c42c,2020-10-12,10,{'JAM'},{'JAM_HEAVY_TRAFFIC'},39,{2},5.0
2e698c43,2e698c42c,2020-10-17,16,{'JAM'},{'JAM_STAND_STILL_TRAFFIC'},42,{2},5.428571428571429
2e698c43,2e698c42c,2020-10-17,20,{'JAM'},{'JAM_STAND_STILL_TRAFFIC'},31,{2},5.0
2e698c43,2e698c42c,2020-10-18,14,{'JAM'},{'JAM_HEAVY_TRAFFIC'},33,{2},5.0
2e698c43,2e698c42c,2020-10-18,19,{'JAM'},{'JAM_STAND_STILL_TRAFFIC'},34,{2},5.0
2e698c43,2e698c42c,2020-10-21,17,{'JAM'},{'JAM_STAND_STILL_TRAFFIC'},32,{2},5.0
2e698c43,2e698c42c,2020-10-24,14,{'JAM'},{'JAM_HEAVY_TRAFFIC'},14,{2},5.0
2e698c43,2e698c42c,2020-10-24,16,{'JAM'},"{'JAM_STAND_STILL_TRAFFIC', 'JAM_HEAVY_TRAFFIC'}",63,{2},5.0
2e698c43,2e698c42c,2020-10-25,9,{'JAM'},{'JAM_HEAVY_TRAFFIC'},31,{2},5.0
2e698c43,2e698c42c,2020-10-26,7,{'JAM'},{'JAM_HEAVY_TRAFFIC'},64,{2},5.0
2e698c43,2e698c42c,2020-10-27,10,{'JAM'},{'JAM_MODERATE_TRAFFIC'},31,{2},5.0
2e698c43,2e698c42c,2020-10-27,20,{'JAM'},{'JAM_STAND_STILL_TRAFFIC'},33,{2},5.0
2e698c43,2e698c42c,2020-10-28,16,{'JAM'},{'JAM'},30,{2},5.0
2e698c43,2e698c42c,2020-10-29,17,{'JAM'},{'JAM_STAND_STILL_TRAFFIC'},32,{2},5.65625
2e698c43,2e698c42c,2020-11-01,18,{'JAM'},{'JAM_HEAVY_TRAFFIC'},13,{2},5.0
2e698c43,2e698c42c,2020-11-02,13,{'JAM'},{'JAM_STAND_STILL_TRAFFIC'},34,{2},5.0
2e698c43,2e698c42c,2020-11-02,18,{'JAM'},"{'JAM_STAND_STILL_TRAFFIC', 'JAM_HEAVY_TRAFFIC'}",95,{2},5.0
2e698c43,2e698c42c,2020-11-03,10,{'JAM'},{'JAM_HEAVY_TRAFFIC'},83,{2},5.433734939759036
2e698c43,2e698c42c,2020-11-03,11,{'JAM'},{'JAM_STAND_STILL_TRAFFIC'},30,{2},5.0
2e698c43,2e698c42c,2020-11-03,13,{'JAM'},{'JAM_MODERATE_TRAFFIC'},6,{2},5.0
2e698c43,2e698c42c,2020-11-03,20,{'JAM'},{'JAM_STAND_STILL_TRAFFIC'},30,{2},5.0
2e698c43,2e698c42c,2020-11-05,10,{'JAM'},{'JAM_MODERATE_TRAFFIC'},6,{2},5.0
2e698c43,2e698c42c,2020-11-05,17,{'JAM'},{'JAM_STAND_STILL_TRAFFIC'},63,{2},5.492063492063492
2e698c43,2e698c42c,2020-11-05,18,{'JAM'},"{'JAM', 'JAM_HEAVY_TRAFFIC'}",40,{2},5.0
2e698c43,2e698c42c,2020-11-06,17,{'JAM'},"{'JAM', 'JAM_MODERATE_TRAFFIC', 'JAM_HEAVY_TRAFFIC'}",93,{2},5.32258064516129
2e698c43,2e698c42c,2020-11-06,19,{'JAM'},{'JAM_STAND_STILL_TRAFFIC'},33,{2},5.0
2e698c43,2e698c42c,2020-11-07,20,{'JAM'},{'JAM_MODERATE_TRAFFIC'},19,{2},5.0
2e698c43,2e698c42c,2020-11-09,7,{'JAM'},"{'JAM', 'JAM_STAND_STILL_TRAFFIC'}",61,{2},5.475409836065574
2e698c43,2e698c42c,2020-11-09,18,{'JAM'},{'JAM_STAND_STILL_TRAFFIC'},31,{2},5.0
2e698c43,2e698c42c,2020-11-14,20,{'JAM'},{'JAM_STAND_STILL_TRAFFIC'},60,{2},5.0
2e698c43,2e698c42c,2020-11-15,20,{'JAM'},{'JAM_STAND_STILL_TRAFFIC'},24,{2},5.0
2e698c43,2e698c42c,2020-11-17,17,{'JAM'},{'JAM_STAND_STILL_TRAFFIC'},59,{2},5.0
2e698c43,2e698c42c,2020-11-17,19,{'JAM'},"{'JAM_STAND_STILL_TRAFFIC', 'JAM_HEAVY_TRAFFIC'}",97,{2},5.206185567010309
2e698c43,2e698c42c,2020-11-18,12,{'JAM'},{'JAM_HEAVY_TRAFFIC'},9,{2},5.0
2e698c43,2e698c42c,2020-11-19,12,{'WEATHERHAZARD'},{'WEATHERHAZARD'},31,{1},5.0
2e698c43,2e698c42c,2020-11-21,10,{'JAM'},{'JAM_STAND_STILL_TRAFFIC'},26,{2},5.0
2e698c43,2e698c42c,2020-11-21,11,{'JAM'},{'JAM_HEAVY_TRAFFIC'},30,{2},5.866666666666666
2e698c43,2e698c434,2020-09-01,17,{'JAM'},{'JAM_HEAVY_TRAFFIC'},31,{2},5.0
2e698c43,2e698c434,2020-09-12,19,{'JAM'},{'JAM_HEAVY_TRAFFIC'},31,{2},5.0
2e698c43,2e698c434,2020-09-17,19,{'JAM'},{'JAM_STAND_STILL_TRAFFIC'},6,{2},5.0
2e698c43,2e698c434,2020-09-19,20,{'JAM'},{'JAM_HEAVY_TRAFFIC'},31,{2},5.0
2e698c43,2e698c434,2020-09-21,7,{'JAM'},{'JAM_HEAVY_TRAFFIC'},36,{2},5.888888888888889
2e698c43,2e698c434,2020-09-23,19,{'JAM'},{'JAM_STAND_STILL_TRAFFIC'},11,{2},5.0
2e698c43,2e698c434,2020-09-24,8,{'WEATHERHAZARD'},{'HAZARD_ON_ROAD_OBJECT'},60,{2},5.0
2e698c43,2e698c434,2020-09-25,20,{'JAM'},{'JAM_STAND_STILL_TRAFFIC'},204,"{1, 2}",5.0931372549019605
2e698c43,2e698c434,2020-09-26,0,{'JAM'},{'JAM_HEAVY_TRAFFIC'},106,{2},5.0
2e698c43,2e698c434,2020-09-26,20,{'JAM'},{'JAM_STAND_STILL_TRAFFIC'},62,{2},5.887096774193548
2e698c43,2e698c434,2020-10-01,14,{'JAM'},{'JAM_HEAVY_TRAFFIC'},31,{2},5.0
2e698c43,2e698c434,2020-10-01,17,{'JAM'},{'JAM_STAND_STILL_TRAFFIC'},31,{2},5.0
2e698c43,2e698c434,2020-10-10,10,{'JAM'},"{'JAM_STAND_STILL_TRAFFIC', 'JAM_HEAVY_TRAFFIC'}",61,{2},5.0
2e698c43,2e698c434,2020-10-17,19,{'JAM'},"{'JAM', 'JAM_STAND_STILL_TRAFFIC'}",63,{2},5.0
2e698c43,2e698c434,2020-10-17,20,{'JAM'},{'JAM_STAND_STILL_TRAFFIC'},32,{2},5.0
2e698c43,2e698c434,2020-10-22,12,{'JAM'},{'JAM'},30,{2},5.0
2e698c43,2e698c434,2020-10-24,8,{'JAM'},{'JAM_STAND_STILL_TRAFFIC'},30,{2},5.0
2e698c43,2e698c434,2020-10-24,17,{'JAM'},{'JAM_STAND_STILL_TRAFFIC'},30,{2},5.0
2e698c43,2e698c434,2020-10-28,14,{'JAM'},{'JAM_HEAVY_TRAFFIC'},32,{2},5.0
2e698c43,2e698c434,2020-10-28,16,{'JAM'},{'JAM'},31,{2},5.0
2e698c43,2e698c434,2020-10-29,17,{'JAM'},{'JAM_STAND_STILL_TRAFFIC'},125,{2},5.168
2e698c43,2e698c434,2020-11-02,17,{'JAM'},{'JAM_STAND_STILL_TRAFFIC'},64,{2},5.0
2e698c43,2e698c434,2020-11-03,20,{'JAM'},{'JAM_STAND_STILL_TRAFFIC'},31,{2},5.935483870967742
2e698c43,2e698c434,2020-11-05,17,{'JAM'},{'JAM_STAND_STILL_TRAFFIC'},33,{2},5.0
2e698c43,2e698c434,2020-11-05,18,{'JAM'},{'JAM_HEAVY_TRAFFIC'},62,{2},5.0
2e698c43,2e698c434,2020-11-05,19,{'JAM'},{'JAM_STAND_STILL_TRAFFIC'},64,{2},5.8125
2e698c43,2e698c434,2020-11-05,20,{'JAM'},{'JAM_STAND_STILL_TRAFFIC'},31,{2},5.0
2e698c43,2e698c434,2020-11-05,21,{'JAM'},{'JAM_HEAVY_TRAFFIC'},15,{2},5.933333333333334
2e698c43,2e698c434,2020-11-06,18,{'JAM'},{'JAM_STAND_STILL_TRAFFIC'},31,{2},5.0
2e698c43,2e698c434,2020-11-07,17,{'JAM'},"{'JAM_MODERATE_TRAFFIC', 'JAM_HEAVY_TRAFFIC'}",62,{2},5.0
2e698c43,2e698c434,2020-11-14,19,{'JAM'},{'JAM_STAND_STILL_TRAFFIC'},31,{2},5.0
2e698c43,2e698c43c,2020-09-11,18,{'WEATHERHAZARD'},{'HAZARD_ON_SHOULDER_CAR_STOPPED'},30,{1},5.966666666666667
2e698c47,2e698c464,2020-09-02,14,"{'JAM', 'WEATHERHAZARD'}","{'JAM_STAND_STILL_TRAFFIC', 'HAZARD_ON_ROAD_POT_HOLE'}",3403,{1},7.846018219218337
2e698c47,2e698c464,2020-09-02,21,{'WEATHERHAZARD'},{'HAZARD_ON_ROAD_POT_HOLE'},2943,{1},7.4209989806320085
2e698c47,2e698c464,2020-09-05,9,{'WEATHERHAZARD'},{'HAZARD_ON_ROAD_POT_HOLE'},3646,{1},8.979429511793747
2e698c47,2e698c464,2020-09-05,10,{'WEATHERHAZARD'},"{'HAZARD_ON_ROAD_POT_HOLE', 'HAZARD_ON_ROAD_ROAD_KILL'}",3668,{1},6.9860959651035985
2e698c47,2e698c464,2020-09-18,19,{'WEATHERHAZARD'},{'HAZARD_ON_ROAD_POT_HOLE'},5346,{1},9.263935652824541
2e698c47,2e698c464,2020-09-21,19,{'WEATHERHAZARD'},{'HAZARD_ON_ROAD_POT_HOLE'},6144,{1},5.117513020833333
2e698c47,2e698c464,2020-09-21,20,"{'JAM', 'WEATHERHAZARD'}","{'HAZARD_WEATHER_FLOOD', 'JAM_STAND_STILL_TRAFFIC'}",62,{1},5.0
2e698c47,2e698c464,2020-09-29,19,"{'JAM', 'WEATHERHAZARD'}","{'JAM_STAND_STILL_TRAFFIC', 'HAZARD_ON_ROAD_POT_HOLE'}",8919,{1},6.1642560825204615
2e698c47,2e698c464,2020-10-15,21,{'WEATHERHAZARD'},"{'HAZARD_ON_ROAD_CAR_STOPPED', 'HAZARD_ON_ROAD_POT_HOLE'}",10092,{1},5.288545382481173
2e698c47,2e698c464,2020-10-20,21,{'WEATHERHAZARD'},{'HAZARD_ON_ROAD_POT_HOLE'},10074,{1},5.645026801667659
2e698c47,2e698c46c,2020-11-08,14,{'JAM'},{'JAM'},31,{1},5.0
2e698c49,2e698c494,2020-09-04,1,{'WEATHERHAZARD'},{'HAZARD_ON_ROAD_POT_HOLE'},635,{1},6.456692913385827
2e698c49,2e698c494,2020-09-05,10,{'WEATHERHAZARD'},{'HAZARD_ON_ROAD_POT_HOLE'},184,{1},5.668478260869565
2e698c49,2e698c494,2020-09-07,21,{'WEATHERHAZARD'},"{'HAZARD_ON_SHOULDER_CAR_STOPPED', 'HAZARD_ON_ROAD_POT_HOLE', 'HAZARD_ON_ROAD_ROAD_KILL'}",892,{1},9.60762331838565
2e698c49,2e698c494,2020-09-08,20,"{'JAM', 'WEATHERHAZARD'}","{'JAM_STAND_STILL_TRAFFIC', 'HAZARD_ON_ROAD_POT_HOLE'}",1132,{1},9.373674911660778
2e698c49,2e698c494,2020-09-08,23,{'WEATHERHAZARD'},{'HAZARD_ON_ROAD_ROAD_KILL'},31,{1},5.0
2e698c49,2e698c494,2020-09-10,0,{'WEATHERHAZARD'},{'HAZARD_ON_ROAD_POT_HOLE'},2467,{1},8.394811511957844
2e698c49,2e698c494,2020-09-11,21,{'WEATHERHAZARD'},{'HAZARD_ON_ROAD_POT_HOLE'},1095,{1},7.011872146118722
2e698c49,2e698c494,2020-09-11,23,{'WEATHERHAZARD'},"{'HAZARD_ON_ROAD_CAR_STOPPED', 'HAZARD_ON_ROAD_POT_HOLE'}",974,{1},7.090349075975359
2e698c49,2e698c494,2020-09-12,22,{'WEATHERHAZARD'},"{'HAZARD_ON_ROAD_CAR_STOPPED', 'HAZARD_ON_ROAD_POT_HOLE'}",1101,{1},5.426884650317893
2e698c49,2e698c494,2020-09-14,2,{'WEATHERHAZARD'},"{'HAZARD_WEATHER_FLOOD', 'HAZARD_ON_ROAD_POT_HOLE'}",526,{1},6.095057034220532
2e698c49,2e698c494,2020-09-15,1,{'WEATHERHAZARD'},"{'HAZARD_ON_ROAD_CAR_STOPPED', 'HAZARD_WEATHER_FLOOD', 'HAZARD_ON_ROAD_POT_HOLE'}",608,{1},6.6792763157894735
2e698c49,2e698c494,2020-09-15,2,{'WEATHERHAZARD'},{'HAZARD_WEATHER_FLOOD'},31,{1},5.0
2e698c49,2e698c494,2020-09-17,2,{'WEATHERHAZARD'},{'HAZARD_ON_ROAD_POT_HOLE'},1895,{1},8.703430079155673
2e698c49,2e698c494,2020-09-17,22,{'WEATHERHAZARD'},{'HAZARD_ON_SHOULDER_CAR_STOPPED'},23,{1},5.0
2e698c49,2e698c494,2020-09-18,1,{'WEATHERHAZARD'},"{'HAZARD_ON_SHOULDER_CAR_STOPPED', 'HAZARD_ON_ROAD_POT_HOLE'}",1187,{1},8.443976411120472
2e698c49,2e698c494,2020-09-18,18,{'WEATHERHAZARD'},{'HAZARD_ON_SHOULDER_CAR_STOPPED'},30,{1},5.0
2e698c49,2e698c494,2020-09-19,21,"{'JAM', 'WEATHERHAZARD'}","{'JAM_STAND_STILL_TRAFFIC', 'HAZARD_ON_ROAD_POT_HOLE'}",1106,{1},6.987341772151899
2e698c49,2e698c494,2020-09-20,0,"{'JAM', 'WEATHERHAZARD'}","{'HAZARD_ON_SHOULDER_CAR_STOPPED', 'JAM_STAND_STILL_TRAFFIC'}",64,{1},5.0
2e698c49,2e698c494,2020-09-20,1,{'WEATHERHAZARD'},{'HAZARD_ON_ROAD_POT_HOLE'},802,{1},7.778054862842893
2e698c49,2e698c494,2020-09-20,10,{'WEATHERHAZARD'},{'HAZARD_ON_SHOULDER_CAR_STOPPED'},67,{7},6.925373134328358
2e698c49,2e698c494,2020-09-20,22,{'WEATHERHAZARD'},"{'HAZARD_ON_ROAD_CAR_STOPPED', 'HAZARD_ON_ROAD_POT_HOLE'}",1026,{1},5.639376218323587
2e698c49,2e698c494,2020-09-21,14,{'WEATHERHAZARD'},{'HAZARD_ON_ROAD_CONSTRUCTION'},126,{7},7.380952380952381
2e698c49,2e698c494,2020-09-22,2,{'WEATHERHAZARD'},"{'HAZARD_WEATHER_FLOOD', 'HAZARD_ON_ROAD_POT_HOLE'}",718,{1},6.3008356545961
2e698c49,2e698c494,2020-09-22,21,{'WEATHERHAZARD'},{'HAZARD_ON_ROAD_POT_HOLE'},1892,{1},5.84830866807611
2e698c49,2e698c494,2020-09-23,1,{'WEATHERHAZARD'},{'HAZARD_ON_ROAD_CAR_STOPPED'},35,{1},6.0
2e698c49,2e698c494,2020-09-26,1,"{'JAM', 'WEATHERHAZARD'}","{'HAZARD_ON_SHOULDER_CAR_STOPPED', 'JAM_STAND_STILL_TRAFFIC', 'HAZARD_ON_ROAD_POT_HOLE'}",805,{1},5.0335403726708075
2e698c49,2e698c494,2020-09-30,1,{'WEATHERHAZARD'},"{'HAZARD_WEATHER_FLOOD', 'HAZARD_ON_ROAD_POT_HOLE'}",877,{1},7.272519954389966
2e698c49,2e698c494,2020-10-01,10,{'JAM'},{'JAM_STAND_STILL_TRAFFIC'},15,{7},5.0
2e698c49,2e698c494,2020-10-03,0,{'WEATHERHAZARD'},"{'HAZARD_WEATHER_FLOOD', 'HAZARD_ON_ROAD_POT_HOLE'}",727,{1},5.126547455295736
2e698c49,2e698c494,2020-10-03,14,{'JAM'},{'JAM_HEAVY_TRAFFIC'},30,{7},5.0
2e698c49,2e698c494,2020-10-03,16,{'JAM'},{'JAM_STAND_STILL_TRAFFIC'},60,{7},5.0
2e698c49,2e698c494,2020-10-08,12,{'JAM'},"{'JAM_STAND_STILL_TRAFFIC', 'JAM_HEAVY_TRAFFIC'}",72,{7},5.222222222222222
2e698c49,2e698c494,2020-10-08,13,{'JAM'},{'JAM_STAND_STILL_TRAFFIC'},31,{7},5.0
2e698c49,2e698c494,2020-10-10,1,{'WEATHERHAZARD'},"{'HAZARD_ON_ROAD_CAR_STOPPED', 'HAZARD_WEATHER_FLOOD', 'HAZARD_ON_ROAD_POT_HOLE'}",798,{1},5.053884711779449
2e698c49,2e698c494,2020-10-10,15,{'JAM'},{'JAM_HEAVY_TRAFFIC'},32,{7},5.9375
2e698c49,2e698c494,2020-10-10,16,{'JAM'},{'JAM_HEAVY_TRAFFIC'},40,{7},5.425
2e698c49,2e698c494,2020-10-11,20,{'WEATHERHAZARD'},"{'HAZARD_ON_ROAD_CAR_STOPPED', 'HAZARD_ON_ROAD_POT_HOLE'}",740,{1},5.933783783783784
2e698c49,2e698c494,2020-10-12,0,{'WEATHERHAZARD'},"{'HAZARD_ON_ROAD_CAR_STOPPED', 'HAZARD_ON_ROAD_POT_HOLE'}",700,{1},8.041428571428572
2e698c49,2e698c494,2020-10-14,21,{'WEATHERHAZARD'},"{'HAZARD_ON_ROAD_CAR_STOPPED', 'HAZARD_ON_ROAD_POT_HOLE'}",2218,{1},5.207844905320108
2e698c49,2e698c494,2020-10-15,22,{'WEATHERHAZARD'},"{'HAZARD_ON_SHOULDER_CAR_STOPPED', 'HAZARD_ON_ROAD_POT_HOLE'}",1330,{1},8.642105263157895
2e698c49,2e698c494,2020-10-16,0,{'WEATHERHAZARD'},{'HAZARD_ON_SHOULDER_CAR_STOPPED'},33,{1},5.0
2e698c49,2e698c494,2020-10-17,15,{'JAM'},{'JAM_HEAVY_TRAFFIC'},38,{7},5.552631578947368
2e698c49,2e698c494,2020-10-21,1,{'WEATHERHAZARD'},"{'HAZARD_ON_SHOULDER_CAR_STOPPED', 'HAZARD_ON_ROAD_POT_HOLE'}",703,{1},7.009957325746799
2e698c49,2e698c494,2020-10-23,21,{'WEATHERHAZARD'},"{'HAZARD_ON_SHOULDER_CAR_STOPPED', 'HAZARD_ON_ROAD_POT_HOLE'}",1119,{1},5.4387846291331545
2e698c49,2e698c494,2020-10-25,0,{'WEATHERHAZARD'},"{'HAZARD_ON_SHOULDER_CAR_STOPPED', 'HAZARD_ON_ROAD_POT_HOLE'}",694,{1},5.069164265129683
2e698c49,2e698c494,2020-10-27,18,{'JAM'},{'JAM_STAND_STILL_TRAFFIC'},55,"{22, 7}",5.0
2e698c49,2e698c494,2020-10-28,13,{'JAM'},{'JAM_STAND_STILL_TRAFFIC'},31,{7},5.0
2e698c49,2e698c494,2020-10-28,15,{'JAM'},{'JAM_HEAVY_TRAFFIC'},7,{7},5.0
2e698c49,2e698c494,2020-10-31,15,{'JAM'},{'JAM_STAND_STILL_TRAFFIC'},32,{7},5.0
2e698c49,2e698c494,2020-10-31,17,{'JAM'},{'JAM_HEAVY_TRAFFIC'},31,{7},5.967741935483871
2e698c49,2e698c494,2020-11-10,20,{'WEATHERHAZARD'},"{'HAZARD_ON_SHOULDER_CAR_STOPPED', 'HAZARD_ON_ROAD_POT_HOLE'}",1234,{1},5.464343598055105
2e698c49,2e698c494,2020-11-12,2,{'WEATHERHAZARD'},"{'HAZARD_ON_SHOULDER_CAR_STOPPED', 'HAZARD_ON_ROAD_POT_HOLE'}",913,{1},6.096385542168675
2e698c49,2e698c494,2020-11-12,21,{'WEATHERHAZARD'},"{'HAZARD_ON_SHOULDER_CAR_STOPPED', 'HAZARD_ON_ROAD_POT_HOLE'}",924,{1},7.886363636363637
2e698c49,2e698c494,2020-11-13,0,{'WEATHERHAZARD'},{'HAZARD_ON_ROAD_CAR_STOPPED'},31,{1},5.0
2e698c49,2e698c494,2020-11-13,1,{'WEATHERHAZARD'},{'HAZARD_ON_SHOULDER_CAR_STOPPED'},31,{1},5.0
2e698c49,2e698c494,2020-11-13,21,{'WEATHERHAZARD'},"{'HAZARD_ON_SHOULDER_CAR_STOPPED', 'HAZARD_ON_ROAD_POT_HOLE'}",791,{1},6.8482932996207335
2e698c49,2e698c494,2020-11-14,0,{'WEATHERHAZARD'},"{'HAZARD_ON_SHOULDER_CAR_STOPPED', 'HAZARD_WEATHER_FLOOD', 'HAZARD_ON_ROAD_POT_HOLE'}",903,{1},5.657807308970099
2e698c49,2e698c494,2020-11-14,17,{'JAM'},{'JAM_STAND_STILL_TRAFFIC'},33,{7},5.0
2e698c49,2e698c494,2020-11-14,23,{'WEATHERHAZARD'},"{'HAZARD_ON_ROAD_CAR_STOPPED', 'HAZARD_ON_ROAD_POT_HOLE'}",915,{1},5.60655737704918
2e698c49,2e698c494,2020-11-15,1,{'WEATHERHAZARD'},"{'HAZARD_ON_ROAD_CAR_STOPPED', 'HAZARD_ON_ROAD_POT_HOLE'}",757,{1},5.906208718626156
2e698c49,2e698c494,2020-11-16,23,{'WEATHERHAZARD'},{'HAZARD_ON_ROAD_POT_HOLE'},949,{1},6.611169652265542
2e698c49,2e698c494,2020-11-17,1,{'WEATHERHAZARD'},"{'HAZARD_WEATHER_FLOOD', 'HAZARD_ON_ROAD_POT_HOLE'}",685,{1},5.538686131386862
2e698c49,2e698c49c,2020-10-01,18,{'JAM'},{'JAM_HEAVY_TRAFFIC'},31,{7},6.0
2e698c49,2e698c49c,2020-10-08,12,{'JAM'},{'JAM_STAND_STILL_TRAFFIC'},32,{7},5.0
2e698c49,2e698c49c,2020-10-08,13,{'JAM'},{'JAM_STAND_STILL_TRAFFIC'},36,{7},7.277777777777778
2e698c49,2e698c49c,2020-10-10,16,{'JAM'},{'JAM_STAND_STILL_TRAFFIC'},31,{7},5.0
2e698c49,2e698c49c,2020-10-27,10,{'JAM'},{'JAM'},7,{7},5.0
2e698c49,2e698c49c,2020-10-27,16,{'JAM'},{'JAM_STAND_STILL_TRAFFIC'},10,{7},6.0
2e698c49,2e698c49c,2020-10-27,17,{'JAM'},{'JAM_STAND_STILL_TRAFFIC'},8,{7},5.125
2e698c49,2e698c49c,2020-10-27,18,{'JAM'},{'JAM_STAND_STILL_TRAFFIC'},73,{7},7.438356164383562
2e698c49,2e698c49c,2020-10-28,14,{'JAM'},{'JAM_STAND_STILL_TRAFFIC'},31,{7},5.0
2e698c49,2e698c49c,2020-10-28,15,{'JAM'},{'JAM_HEAVY_TRAFFIC'},33,{7},5.0
2e698c49,2e698c49c,2020-10-28,16,{'JAM'},{'JAM_HEAVY_TRAFFIC'},31,{1},5.0
2e698c49,2e698c49c,2020-10-31,17,{'JAM'},{'JAM_STAND_STILL_TRAFFIC'},32,{7},5.96875
2e698c49,2e698c49c,2020-11-07,15,{'JAM'},{'JAM_STAND_STILL_TRAFFIC'},34,{7},5.970588235294118
2e698c49,2e698c49c,2020-11-21,16,{'JAM'},{'JAM_STAND_STILL_TRAFFIC'},54,{7},5.907407407407407
2e698c4b,2e698c4a4,2020-09-09,19,{'WEATHERHAZARD'},{'HAZARD_ON_SHOULDER_CAR_STOPPED'},15,{4},5.333333333333333
2e698c4b,2e698c4a4,2020-09-11,15,"{'JAM', 'WEATHERHAZARD'}","{'HAZARD_ON_SHOULDER_CAR_STOPPED', 'JAM_HEAVY_TRAFFIC'}",42,"{1, 7}",5.023809523809524
2e698c4b,2e698c4a4,2020-09-15,19,{'WEATHERHAZARD'},{'HAZARD_ON_SHOULDER_CAR_STOPPED'},39,{4},7.333333333333333
2e698c4b,2e698c4a4,2020-09-21,17,{'JAM'},{'JAM_STAND_STILL_TRAFFIC'},37,{4},5.4324324324324325
2e698c4b,2e698c4a4,2020-09-21,18,{'WEATHERHAZARD'},{'HAZARD_ON_ROAD_CONSTRUCTION'},76,{4},9.93421052631579
2e698c4b,2e698c4a4,2020-09-22,10,{'JAM'},{'JAM_HEAVY_TRAFFIC'},22,{4},5.0
2e698c4b,2e698c4a4,2020-09-22,18,{'WEATHERHAZARD'},{'HAZARD_ON_ROAD_CONSTRUCTION'},31,{4},7.419354838709677
2e698c4b,2e698c4a4,2020-09-24,13,{'JAM'},{'JAM_STAND_STILL_TRAFFIC'},13,{4},6.0
2e698c4b,2e698c4a4,2020-09-25,14,{'WEATHERHAZARD'},{'HAZARD_ON_ROAD_CONSTRUCTION'},42,{4},9.023809523809524
2e698c4b,2e698c4a4,2020-09-26,12,{'JAM'},{'JAM_HEAVY_TRAFFIC'},32,{4},5.0
2e698c4b,2e698c4a4,2020-09-26,13,{'ACCIDENT'},{'ACCIDENT'},76,{4},6.75
2e698c4b,2e698c4a4,2020-09-27,21,{'WEATHERHAZARD'},{'HAZARD_ON_ROAD_CONSTRUCTION'},160,{4},7.91875
2e698c4b,2e698c4a4,2020-09-28,18,{'JAM'},{'JAM_STAND_STILL_TRAFFIC'},30,{4},5.0
2e698c4b,2e698c4a4,2020-09-29,18,{'JAM'},{'JAM_STAND_STILL_TRAFFIC'},31,{4},5.935483870967742
2e698c4b,2e698c4a4,2020-09-30,14,{'JAM'},{'JAM_STAND_STILL_TRAFFIC'},31,{4},5.0
2e698c4b,2e698c4a4,2020-09-30,16,{'JAM'},{'JAM_HEAVY_TRAFFIC'},31,{4},5.838709677419355
2e698c4b,2e698c4a4,2020-10-01,17,{'JAM'},{'JAM_HEAVY_TRAFFIC'},5,{7},5.0
2e698c4b,2e698c4a4,2020-10-01,18,{'JAM'},"{'JAM_MODERATE_TRAFFIC', 'JAM_HEAVY_TRAFFIC'}",49,{7},5.0
2e698c4b,2e698c4a4,2020-10-02,18,{'JAM'},{'JAM_STAND_STILL_TRAFFIC'},31,{7},5.0
2e698c4b,2e698c4a4,2020-10-03,14,{'JAM'},{'JAM_HEAVY_TRAFFIC'},31,{7},6.387096774193548
2e698c4b,2e698c4a4,2020-10-03,16,{'JAM'},{'JAM_STAND_STILL_TRAFFIC'},34,{7},5.0
2e698c4b,2e698c4a4,2020-10-04,21,{'WEATHERHAZARD'},{'HAZARD_ON_ROAD_CONSTRUCTION'},515,{4},8.365048543689321
2e698c4b,2e698c4a4,2020-10-08,12,{'JAM'},{'JAM_STAND_STILL_TRAFFIC'},33,{7},5.0
2e698c4b,2e698c4a4,2020-10-08,13,{'JAM'},{'JAM_HEAVY_TRAFFIC'},25,{7},5.16
2e698c4b,2e698c4a4,2020-10-08,14,{'JAM'},{'JAM_STAND_STILL_TRAFFIC'},16,{7},5.0
2e698c4b,2e698c4a4,2020-10-09,16,{'JAM'},{'JAM'},33,{7},5.9393939393939394
2e698c4b,2e698c4a4,2020-10-10,14,{'JAM'},{'JAM_HEAVY_TRAFFIC'},5,{7},5.0
2e698c4b,2e698c4a4,2020-10-10,15,{'JAM'},{'JAM_STAND_STILL_TRAFFIC'},31,{7},5.0
2e698c4b,2e698c4a4,2020-10-14,17,{'WEATHERHAZARD'},{'HAZARD_ON_ROAD_CONSTRUCTION'},50,{4},8.06
2e698c4b,2e698c4a4,2020-10-17,16,{'JAM'},{'JAM_STAND_STILL_TRAFFIC'},13,{7},5.0
2e698c4b,2e698c4a4,2020-10-17,17,{'JAM'},{'JAM_STAND_STILL_TRAFFIC'},13,{7},5.0
2e698c4b,2e698c4a4,2020-10-19,17,{'JAM'},{'JAM_HEAVY_TRAFFIC'},6,{7},5.0
2e698c4b,2e698c4a4,2020-10-23,15,{'WEATHERHAZARD'},{'HAZARD_WEATHER_FLOOD'},32,{7},5.6875
2e698c4b,2e698c4a4,2020-10-27,17,{'JAM'},{'JAM_STAND_STILL_TRAFFIC'},31,{7},5.0
2e698c4b,2e698c4a4,2020-10-27,18,{'JAM'},{'JAM_STAND_STILL_TRAFFIC'},63,"{1, 7}",5.380952380952381
2e698c4b,2e698c4a4,2020-10-28,14,{'JAM'},{'JAM_STAND_STILL_TRAFFIC'},33,{7},5.0
2e698c4b,2e698c4a4,2020-10-28,15,{'JAM'},{'JAM_HEAVY_TRAFFIC'},64,{7},5.0
2e698c4b,2e698c4a4,2020-10-31,11,{'JAM'},{'JAM_HEAVY_TRAFFIC'},31,{7},5.483870967741935
2e698c4b,2e698c4a4,2020-11-05,16,{'JAM'},{'JAM'},5,{7},7.0
2e698c4b,2e698c4a4,2020-11-05,17,{'JAM'},{'JAM_HEAVY_TRAFFIC'},24,{7},5.0
2e698c4b,2e698c4a4,2020-11-05,18,{'JAM'},{'JAM_HEAVY_TRAFFIC'},58,{7},5.551724137931035
2e698c4b,2e698c4a4,2020-11-06,13,{'WEATHERHAZARD'},{'HAZARD_WEATHER_FLOOD'},39,{4},6.333333333333333
2e698c4b,2e698c4a4,2020-11-06,15,{'JAM'},{'JAM_HEAVY_TRAFFIC'},5,{4},5.0
2e698c4b,2e698c4a4,2020-11-07,15,{'JAM'},"{'JAM_STAND_STILL_TRAFFIC', 'JAM_HEAVY_TRAFFIC'}",61,{7},5.0
2e698c4b,2e698c4a4,2020-11-11,19,{'JAM'},{'JAM_STAND_STILL_TRAFFIC'},6,{4},5.333333333333333
2e698c4b,2e698c4a4,2020-11-12,16,{'WEATHERHAZARD'},{'HAZARD_ON_ROAD_POT_HOLE'},98,{7},5.6938775510204085
2e698c4b,2e698c4a4,2020-11-13,17,{'JAM'},{'JAM_HEAVY_TRAFFIC'},32,{7},5.0
2e698c4b,2e698c4a4,2020-11-14,17,{'JAM'},{'JAM_STAND_STILL_TRAFFIC'},37,{7},5.486486486486487
2e698c4b,2e698c4b4,2020-09-14,16,{'JAM'},{'JAM'},33,{1},5.0
2e698c4b,2e698c4b4,2020-09-26,7,{'JAM'},{'JAM_MODERATE_TRAFFIC'},30,{1},5.0
2e698c4b,2e698c4bc,2020-09-19,13,{'JAM'},{'JAM_STAND_STILL_TRAFFIC'},30,{4},6.0
2e698c4b,2e698c4bc,2020-09-21,10,"{'JAM', 'WEATHERHAZARD'}","{'JAM_STAND_STILL_TRAFFIC', 'HAZARD_ON_ROAD_CONSTRUCTION'}",182,{4},7.175824175824176
2e698c4b,2e698c4bc,2020-09-21,17,{'JAM'},{'JAM_STAND_STILL_TRAFFIC'},31,{4},6.516129032258065
2e698c4b,2e698c4bc,2020-09-22,17,{'JAM'},{'JAM_STAND_STILL_TRAFFIC'},31,{4},5.0
2e698c4b,2e698c4bc,2020-09-22,18,{'JAM'},{'JAM_STAND_STILL_TRAFFIC'},30,{4},5.0
2e698c4b,2e698c4bc,2020-09-23,17,{'JAM'},{'JAM_HEAVY_TRAFFIC'},32,{4},5.0
2e698c4b,2e698c4bc,2020-09-23,18,{'WEATHERHAZARD'},{'HAZARD_ON_ROAD_CONSTRUCTION'},30,{4},8.3
2e698c4b,2e698c4bc,2020-09-24,13,{'JAM'},{'JAM_STAND_STILL_TRAFFIC'},1,{4},5.0
2e698c4b,2e698c4bc,2020-09-24,17,{'JAM'},{'JAM_HEAVY_TRAFFIC'},33,{4},5.0
2e698c4b,2e698c4bc,2020-09-24,18,{'JAM'},{'JAM_MODERATE_TRAFFIC'},30,{4},5.0
2e698c4b,2e698c4bc,2020-09-26,13,{'JAM'},{'JAM_HEAVY_TRAFFIC'},31,{4},5.0
2e698c4b,2e698c4bc,2020-09-28,15,{'JAM'},{'JAM_STAND_STILL_TRAFFIC'},31,{4},5.903225806451613
2e698c4b,2e698c4bc,2020-09-28,17,{'JAM'},{'JAM_HEAVY_TRAFFIC'},31,{4},5.612903225806452
2e698c4b,2e698c4bc,2020-09-28,19,{'JAM'},{'JAM_MODERATE_TRAFFIC'},31,{4},5.0
2e698c4b,2e698c4bc,2020-09-29,19,{'JAM'},{'JAM_HEAVY_TRAFFIC'},31,{4},5.0
2e698c4b,2e698c4bc,2020-10-06,9,{'JAM'},{'JAM_MODERATE_TRAFFIC'},7,{7},5.0
2e698c4b,2e698c4bc,2020-10-19,10,{'JAM'},{'JAM_MODERATE_TRAFFIC'},5,{7},5.0
2e698c4d,2e698c4c4,2020-10-25,16,{'WEATHERHAZARD'},{'HAZARD_ON_ROAD_CONSTRUCTION'},66,{7},6.621212121212121
2e698c4d,2e698c4dc,2020-09-11,15,{'WEATHERHAZARD'},{'HAZARD_ON_SHOULDER_CAR_STOPPED'},23,{7},6.956521739130435
2e698c4d,2e698c4dc,2020-09-24,9,{'WEATHERHAZARD'},{'HAZARD_ON_ROAD_CONSTRUCTION'},63,{7},5.492063492063492
2e698c4d,2e698c4dc,2020-10-17,19,"{'JAM', 'ACCIDENT'}","{'JAM_STAND_STILL_TRAFFIC', 'ACCIDENT_MAJOR'}",118,{7},8.211864406779661
2e698c4d,2e698c4dc,2020-10-22,9,{'JAM'},{'JAM'},5,{7},5.0
2e698c4d,2e698c4dc,2020-10-26,8,{'JAM'},{'JAM_MODERATE_TRAFFIC'},9,{7},5.0
2e698c4d,2e698c4dc,2020-11-04,16,{'JAM'},{'JAM_HEAVY_TRAFFIC'},5,{7},5.0
2e698c4f,2e698c4e4,2020-09-02,18,{'WEATHERHAZARD'},{'HAZARD_ON_SHOULDER_CAR_STOPPED'},32,{1},5.0
2e698c4f,2e698c4e4,2020-09-05,22,{'WEATHERHAZARD'},{'HAZARD_ON_SHOULDER_CAR_STOPPED'},34,{2},5.0
2e698c4f,2e698c4e4,2020-09-11,15,{'WEATHERHAZARD'},{'HAZARD_ON_SHOULDER_CAR_STOPPED'},30,{1},6.0
2e698c4f,2e698c4e4,2020-09-12,19,{'WEATHERHAZARD'},{'HAZARD_ON_SHOULDER_CAR_STOPPED'},32,{1},5.0
2e698c4f,2e698c4e4,2020-09-14,19,{'WEATHERHAZARD'},{'HAZARD_ON_SHOULDER_CAR_STOPPED'},62,{1},5.5
2e698c4f,2e698c4e4,2020-09-25,0,{'JAM'},{'JAM_STAND_STILL_TRAFFIC'},30,{7},5.0
2e698c4f,2e698c4e4,2020-09-29,18,{'WEATHERHAZARD'},{'HAZARD_ON_SHOULDER_CAR_STOPPED'},64,{1},5.0
2e698c4f,2e698c4e4,2020-10-01,17,{'WEATHERHAZARD'},{'HAZARD_ON_SHOULDER_CAR_STOPPED'},32,{1},5.5625
2e698c4f,2e698c4e4,2020-10-04,11,{'WEATHERHAZARD'},{'HAZARD_ON_SHOULDER'},31,{2},5.0
2e698c4f,2e698c4e4,2020-10-04,18,{'WEATHERHAZARD'},{'HAZARD_ON_SHOULDER_CAR_STOPPED'},31,{2},5.0
2e698c4f,2e698c4e4,2020-10-05,5,{'WEATHERHAZARD'},{'HAZARD_ON_SHOULDER_CAR_STOPPED'},31,{1},5.0
2e698c4f,2e698c4e4,2020-10-05,15,{'WEATHERHAZARD'},"{'HAZARD_ON_SHOULDER_CAR_STOPPED', 'HAZARD_ON_ROAD_CAR_STOPPED'}",84,"{1, 7}",5.404761904761905
2e698c4f,2e698c4e4,2020-10-10,18,{'WEATHERHAZARD'},{'HAZARD_ON_SHOULDER_CAR_STOPPED'},32,{2},5.0
2e698c4f,2e698c4e4,2020-10-11,20,{'WEATHERHAZARD'},{'HAZARD_ON_SHOULDER_CAR_STOPPED'},32,{2},5.0
2e698c4f,2e698c4e4,2020-10-19,20,{'WEATHERHAZARD'},{'HAZARD_ON_SHOULDER_CAR_STOPPED'},31,{1},5.0
2e698c4f,2e698c4e4,2020-10-24,5,{'WEATHERHAZARD'},{'HAZARD_ON_SHOULDER_CAR_STOPPED'},33,{1},5.0
2e698c4f,2e698c4e4,2020-10-24,16,{'WEATHERHAZARD'},{'HAZARD_ON_SHOULDER_CAR_STOPPED'},94,"{1, 2}",5.638297872340425
2e698c4f,2e698c4e4,2020-10-25,21,{'WEATHERHAZARD'},{'HAZARD_ON_SHOULDER_CAR_STOPPED'},61,{1},5.475409836065574
2e698c4f,2e698c4e4,2020-10-29,17,{'WEATHERHAZARD'},{'HAZARD_ON_SHOULDER_CAR_STOPPED'},31,{1},5.0
2e698c4f,2e698c4e4,2020-10-31,18,{'WEATHERHAZARD'},{'HAZARD_ON_SHOULDER_CAR_STOPPED'},63,{1},5.0
2e698c4f,2e698c4e4,2020-11-05,17,{'WEATHERHAZARD'},{'HAZARD_ON_SHOULDER_CAR_STOPPED'},60,{1},5.0
2e698c4f,2e698c4e4,2020-11-07,18,{'WEATHERHAZARD'},{'HAZARD_ON_SHOULDER_CAR_STOPPED'},32,{2},5.0
2e698c4f,2e698c4e4,2020-11-08,16,"{'JAM', 'WEATHERHAZARD'}","{'HAZARD_ON_SHOULDER_CAR_STOPPED', 'JAM_HEAVY_TRAFFIC'}",93,"{1, 2}",5.279569892473118
2e698c4f,2e698c4e4,2020-11-11,18,{'WEATHERHAZARD'},{'HAZARD_ON_SHOULDER_CAR_STOPPED'},61,{1},5.491803278688525
2e698c4f,2e698c4e4,2020-11-13,13,{'WEATHERHAZARD'},{'HAZARD_ON_SHOULDER_CAR_STOPPED'},32,{1},6.0
2e698c4f,2e698c4e4,2020-11-13,21,{'WEATHERHAZARD'},{'HAZARD_ON_SHOULDER_CAR_STOPPED'},30,{1},6.666666666666667
2e698c4f,2e698c4e4,2020-11-16,16,{'WEATHERHAZARD'},{'HAZARD_ON_SHOULDER_CAR_STOPPED'},31,{1},5.0
2e698c4f,2e698c4e4,2020-11-16,21,{'WEATHERHAZARD'},{'HAZARD_ON_SHOULDER_CAR_STOPPED'},30,{1},5.0
2e698c4f,2e698c4e4,2020-11-19,15,{'WEATHERHAZARD'},{'HAZARD_ON_SHOULDER_CAR_STOPPED'},94,"{1, 2}",5.0
2e698c4f,2e698c4e4,2020-11-21,16,{'WEATHERHAZARD'},{'HAZARD_ON_SHOULDER_CAR_STOPPED'},125,"{1, 2}",5.424
2e698c4f,2e698c4e4,2020-11-22,5,{'WEATHERHAZARD'},{'HAZARD_ON_SHOULDER_CAR_STOPPED'},31,{1},5.0
2e698c4f,2e698c4e4,2020-11-22,19,{'WEATHERHAZARD'},{'HAZARD_ON_SHOULDER_CAR_STOPPED'},101,"{1, 2}",5.96039603960396
2e698c4f,2e698c4ec,2020-09-11,15,{'WEATHERHAZARD'},"{'HAZARD_ON_SHOULDER_CAR_STOPPED', 'HAZARD_ON_ROAD_CONSTRUCTION'}",342,{1},5.0
2e698c4f,2e698c4ec,2020-09-21,15,{'WEATHERHAZARD'},{'HAZARD_ON_SHOULDER_CAR_STOPPED'},31,{1},6.0
2e698c4f,2e698c4ec,2020-09-28,9,{'WEATHERHAZARD'},{'HAZARD_ON_ROAD_CONSTRUCTION'},163,{7},6.680981595092025
2e698c4f,2e698c4ec,2020-10-03,15,{'JAM'},{'JAM_HEAVY_TRAFFIC'},31,{7},5.0
2e698c4f,2e698c4ec,2020-10-04,17,{'WEATHERHAZARD'},{'HAZARD_ON_ROAD_CONSTRUCTION'},47,{7},6.319148936170213
2e698c4f,2e698c4ec,2020-10-05,15,{'WEATHERHAZARD'},{'HAZARD_ON_ROAD_CONSTRUCTION'},721,{1},5.754507628294036
2e698c4f,2e698c4ec,2020-10-14,15,{'WEATHERHAZARD'},{'HAZARD_ON_SHOULDER_CAR_STOPPED'},32,{1},5.0
2e698c4f,2e698c4ec,2020-10-19,20,{'WEATHERHAZARD'},{'HAZARD_ON_ROAD_CONSTRUCTION'},721,{1},5.0
2e698c4f,2e698c4ec,2020-10-24,2,{'JAM'},{'JAM_STAND_STILL_TRAFFIC'},32,{7},5.0
2e698c4f,2e698c4ec,2020-11-14,16,{'JAM'},{'JAM_STAND_STILL_TRAFFIC'},32,{7},10.0
2e698c4f,2e698c4ec,2020-11-14,17,{'JAM'},{'JAM_STAND_STILL_TRAFFIC'},32,{7},5.0
2e698c4f,2e698c4ec,2020-11-16,21,{'WEATHERHAZARD'},{'HAZARD_ON_SHOULDER_CAR_STOPPED'},31,{1},5.0
2e698c4f,2e698c4ec,2020-11-19,16,{'WEATHERHAZARD'},{'HAZARD_ON_SHOULDER_CAR_STOPPED'},30,{1},6.966666666666667
2e698c4f,2e698c4ec,2020-11-21,16,{'WEATHERHAZARD'},"{'HAZARD_ON_SHOULDER_CAR_STOPPED', 'HAZARD_ON_ROAD_CONSTRUCTION'}",752,{1},5.9388297872340425
2e698c4f,2e698c4f4,2020-09-02,18,{'WEATHERHAZARD'},{'HAZARD_ON_SHOULDER_CAR_STOPPED'},29,{1},6.0
2e698c4f,2e698c4f4,2020-09-11,15,{'WEATHERHAZARD'},{'HAZARD_ON_SHOULDER_CAR_STOPPED'},31,{1},5.0
2e698c4f,2e698c4f4,2020-09-11,18,{'WEATHERHAZARD'},{'HAZARD_ON_SHOULDER_CAR_STOPPED'},64,{1},5.0
2e698c4f,2e698c4f4,2020-09-12,19,{'WEATHERHAZARD'},{'HAZARD_ON_SHOULDER_CAR_STOPPED'},31,{1},5.0
2e698c4f,2e698c4f4,2020-09-14,19,{'WEATHERHAZARD'},{'HAZARD_ON_SHOULDER_CAR_STOPPED'},30,{1},7.0
2e698c4f,2e698c4f4,2020-09-17,13,{'WEATHERHAZARD'},{'HAZARD_ON_SHOULDER_CAR_STOPPED'},32,{1},6.0
2e698c4f,2e698c4f4,2020-09-20,16,{'WEATHERHAZARD'},{'HAZARD_ON_SHOULDER_CAR_STOPPED'},95,{1},5.0
2e698c4f,2e698c4f4,2020-09-21,19,{'WEATHERHAZARD'},{'HAZARD_ON_SHOULDER_CAR_STOPPED'},31,{1},6.0
2e698c4f,2e698c4f4,2020-09-26,17,{'WEATHERHAZARD'},{'HAZARD_ON_SHOULDER_CAR_STOPPED'},32,{1},5.0
2e698c4f,2e698c4f4,2020-10-05,15,{'WEATHERHAZARD'},{'HAZARD_ON_SHOULDER_CAR_STOPPED'},33,{1},5.0
2e698c4f,2e698c4f4,2020-10-14,15,{'WEATHERHAZARD'},{'HAZARD_ON_SHOULDER_CAR_STOPPED'},30,{1},5.0
2e698c4f,2e698c4f4,2020-10-16,18,{'WEATHERHAZARD'},{'HAZARD_ON_SHOULDER_CAR_STOPPED'},63,{1},5.0
2e698c4f,2e698c4f4,2020-10-17,17,{'WEATHERHAZARD'},{'HAZARD_ON_SHOULDER_CAR_STOPPED'},94,{1},5.329787234042553
2e698c4f,2e698c4f4,2020-10-18,16,{'WEATHERHAZARD'},{'HAZARD_ON_SHOULDER_CAR_STOPPED'},30,{1},5.0
2e698c4f,2e698c4f4,2020-10-19,20,{'WEATHERHAZARD'},{'HAZARD_ON_SHOULDER_CAR_STOPPED'},31,{1},5.0
2e698c4f,2e698c4f4,2020-10-24,5,{'WEATHERHAZARD'},{'HAZARD_ON_SHOULDER_CAR_STOPPED'},34,{1},5.0
2e698c4f,2e698c4f4,2020-10-24,16,{'WEATHERHAZARD'},{'HAZARD_ON_SHOULDER_CAR_STOPPED'},41,{1},6.365853658536586
2e698c4f,2e698c4f4,2020-10-27,17,{'WEATHERHAZARD'},{'HAZARD_ON_SHOULDER_CAR_STOPPED'},63,{1},5.0
2e698c4f,2e698c4f4,2020-10-29,17,{'WEATHERHAZARD'},{'HAZARD_ON_SHOULDER_CAR_STOPPED'},36,{1},5.0
2e698c4f,2e698c4f4,2020-10-30,16,{'WEATHERHAZARD'},{'HAZARD_ON_SHOULDER_CAR_STOPPED'},63,{1},5.0
2e698c4f,2e698c4f4,2020-10-30,17,{'WEATHERHAZARD'},{'HAZARD_ON_SHOULDER_CAR_STOPPED'},35,{1},5.0
2e698c4f,2e698c4f4,2020-10-31,18,{'WEATHERHAZARD'},{'HAZARD_ON_SHOULDER_CAR_STOPPED'},32,{1},5.96875
2e698c4f,2e698c4f4,2020-11-04,17,{'WEATHERHAZARD'},{'HAZARD_ON_SHOULDER_CAR_STOPPED'},63,{1},5.0
2e698c4f,2e698c4f4,2020-11-05,17,{'WEATHERHAZARD'},{'HAZARD_ON_SHOULDER_CAR_STOPPED'},31,{1},5.0
2e698c4f,2e698c4f4,2020-11-07,18,{'WEATHERHAZARD'},{'HAZARD_ON_SHOULDER_CAR_STOPPED'},30,{1},6.0
2e698c4f,2e698c4f4,2020-11-08,16,{'WEATHERHAZARD'},{'HAZARD_ON_SHOULDER_CAR_STOPPED'},30,{1},5.0
2e698c4f,2e698c4f4,2020-11-11,18,{'WEATHERHAZARD'},{'HAZARD_ON_SHOULDER_CAR_STOPPED'},31,{1},5.967741935483871
2e698c4f,2e698c4f4,2020-11-13,21,{'WEATHERHAZARD'},{'HAZARD_ON_SHOULDER_CAR_STOPPED'},31,{1},5.709677419354839
2e698c4f,2e698c4f4,2020-11-14,18,{'WEATHERHAZARD'},{'HAZARD_ON_SHOULDER_CAR_STOPPED'},31,{1},6.225806451612903
2e698c4f,2e698c4f4,2020-11-19,15,{'WEATHERHAZARD'},{'HAZARD_ON_SHOULDER_CAR_STOPPED'},31,{1},5.0
2e698c4f,2e698c4f4,2020-11-22,19,{'WEATHERHAZARD'},{'HAZARD_ON_SHOULDER_CAR_STOPPED'},37,{1},6.027027027027027
2e698c4f,2e698c4fc,2020-09-11,18,{'WEATHERHAZARD'},{'HAZARD_ON_SHOULDER_CAR_STOPPED'},33,{1},5.0
2e698c4f,2e698c4fc,2020-09-17,13,{'WEATHERHAZARD'},{'HAZARD_ON_SHOULDER_CAR_STOPPED'},33,{2},5.0
2e698c4f,2e698c4fc,2020-09-20,16,{'WEATHERHAZARD'},{'HAZARD_ON_SHOULDER_CAR_STOPPED'},33,{2},5.0
2e698c4f,2e698c4fc,2020-10-17,17,{'WEATHERHAZARD'},{'HAZARD_ON_SHOULDER_CAR_STOPPED'},1,{1},5.0
2e698c4f,2e698c4fc,2020-10-30,17,{'WEATHERHAZARD'},{'HAZARD_ON_SHOULDER_CAR_STOPPED'},36,{1},5.0
2e698c4f,2e698c4fc,2020-11-07,18,{'WEATHERHAZARD'},{'HAZARD_ON_SHOULDER_CAR_STOPPED'},32,{2},5.0
2e698c51,2e698c50c,2020-09-05,11,{'JAM'},{'JAM_STAND_STILL_TRAFFIC'},30,{2},5.0
2e698c51,2e698c50c,2020-09-20,17,{'WEATHERHAZARD'},{'WEATHERHAZARD'},30,{2},5.0
2e698c51,2e698c50c,2020-10-03,13,{'JAM'},{'JAM_MODERATE_TRAFFIC'},8,{2},5.0
2e698c51,2e698c50c,2020-10-09,18,{'JAM'},{'JAM_STAND_STILL_TRAFFIC'},31,{2},5.0
2e698c51,2e698c50c,2020-10-24,9,{'JAM'},{'JAM_STAND_STILL_TRAFFIC'},30,{2},5.0
2e698c51,2e698c50c,2020-10-26,17,{'JAM'},{'JAM_MODERATE_TRAFFIC'},50,{2},5.4
2e698c51,2e698c50c,2020-11-12,15,{'JAM'},{'JAM_MODERATE_TRAFFIC'},7,{2},5.0
2e698c51,2e698c514,2020-09-02,18,{'WEATHERHAZARD'},{'HAZARD_ON_SHOULDER_CAR_STOPPED'},31,{1},5.741935483870968
2e698c51,2e698c514,2020-09-11,18,{'WEATHERHAZARD'},{'HAZARD_ON_SHOULDER_CAR_STOPPED'},31,{1},5.0
2e698c51,2e698c514,2020-09-12,5,{'WEATHERHAZARD'},{'HAZARD_ON_SHOULDER_CAR_STOPPED'},30,{1},5.0
2e698c51,2e698c514,2020-09-12,19,{'WEATHERHAZARD'},{'HAZARD_ON_SHOULDER_CAR_STOPPED'},32,{1},5.0
2e698c51,2e698c514,2020-09-14,19,{'WEATHERHAZARD'},{'HAZARD_ON_SHOULDER_CAR_STOPPED'},61,{1},5.0
2e698c51,2e698c514,2020-09-17,13,{'WEATHERHAZARD'},{'HAZARD_ON_SHOULDER_CAR_STOPPED'},32,{1},5.0
2e698c51,2e698c514,2020-09-21,15,{'WEATHERHAZARD'},{'HAZARD_ON_SHOULDER_CAR_STOPPED'},31,{1},5.548387096774194
2e698c51,2e698c514,2020-09-26,17,{'WEATHERHAZARD'},{'HAZARD_ON_SHOULDER_CAR_STOPPED'},31,{1},5.0
2e698c51,2e698c514,2020-09-27,14,{'WEATHERHAZARD'},{'HAZARD_ON_SHOULDER_CAR_STOPPED'},60,{1},5.0
2e698c51,2e698c514,2020-09-30,16,{'JAM'},{'JAM_MODERATE_TRAFFIC'},31,{2},5.0
2e698c51,2e698c514,2020-10-01,17,{'WEATHERHAZARD'},{'HAZARD_ON_SHOULDER_CAR_STOPPED'},35,{1},5.628571428571429
2e698c51,2e698c514,2020-10-04,18,{'WEATHERHAZARD'},{'HAZARD_ON_SHOULDER_CAR_STOPPED'},30,{1},5.0
2e698c51,2e698c514,2020-10-05,15,{'WEATHERHAZARD'},{'HAZARD_ON_SHOULDER_CAR_STOPPED'},31,{1},5.0
2e698c51,2e698c514,2020-10-08,17,{'JAM'},{'JAM_STAND_STILL_TRAFFIC'},35,{2},5.6
2e698c51,2e698c514,2020-10-16,18,{'WEATHERHAZARD'},{'HAZARD_ON_SHOULDER_CAR_STOPPED'},60,{1},5.666666666666667
2e698c51,2e698c514,2020-10-19,5,{'WEATHERHAZARD'},{'HAZARD_ON_SHOULDER_CAR_STOPPED'},30,{1},5.0
2e698c51,2e698c514,2020-10-19,20,{'WEATHERHAZARD'},{'HAZARD_ON_SHOULDER_CAR_STOPPED'},30,{1},5.0
2e698c51,2e698c514,2020-10-23,12,{'WEATHERHAZARD'},{'HAZARD_ON_SHOULDER_CAR_STOPPED'},66,{1},5.5
2e698c51,2e698c514,2020-10-23,13,{'WEATHERHAZARD'},{'HAZARD_ON_SHOULDER_CAR_STOPPED'},31,{1},5.0
2e698c51,2e698c514,2020-10-27,17,{'WEATHERHAZARD'},{'HAZARD_ON_SHOULDER_CAR_STOPPED'},30,{1},5.933333333333334
2e698c51,2e698c514,2020-11-08,16,{'WEATHERHAZARD'},{'HAZARD_ON_SHOULDER_CAR_STOPPED'},30,{1},5.0
2e698c51,2e698c514,2020-11-10,20,{'JAM'},{'JAM_STAND_STILL_TRAFFIC'},31,{2},5.580645161290323
2e698c51,2e698c514,2020-11-11,18,{'WEATHERHAZARD'},{'HAZARD_ON_SHOULDER_CAR_STOPPED'},40,{1},6.475
2e698c51,2e698c514,2020-11-13,13,{'WEATHERHAZARD'},{'HAZARD_ON_SHOULDER_CAR_STOPPED'},31,{1},5.129032258064516
2e698c51,2e698c514,2020-11-16,16,{'WEATHERHAZARD'},{'HAZARD_ON_SHOULDER_CAR_STOPPED'},30,{1},5.0
2e698c51,2e698c514,2020-11-19,16,{'WEATHERHAZARD'},{'HAZARD_ON_SHOULDER_CAR_STOPPED'},31,{1},5.0
2e698c51,2e698c514,2020-11-21,16,{'WEATHERHAZARD'},{'HAZARD_ON_SHOULDER_CAR_STOPPED'},32,{1},5.0
2e698c51,2e698c514,2020-11-22,17,{'WEATHERHAZARD'},{'HAZARD_ON_SHOULDER_CAR_STOPPED'},31,{1},5.0
2e698c51,2e698c51c,2020-09-11,15,{'WEATHERHAZARD'},{'HAZARD_ON_SHOULDER_CAR_STOPPED'},62,{2},5.0
2e698c51,2e698c51c,2020-09-11,18,{'WEATHERHAZARD'},{'HAZARD_ON_SHOULDER_CAR_STOPPED'},31,{2},5.0
2e698c51,2e698c51c,2020-09-14,19,{'WEATHERHAZARD'},{'HAZARD_ON_SHOULDER_CAR_STOPPED'},31,{2},5.0
2e698c51,2e698c51c,2020-09-21,15,{'WEATHERHAZARD'},{'HAZARD_ON_SHOULDER_CAR_STOPPED'},33,{2},5.0
2e698c51,2e698c51c,2020-09-27,14,{'WEATHERHAZARD'},{'HAZARD_ON_SHOULDER_CAR_STOPPED'},30,{2},5.766666666666667
2e698c51,2e698c51c,2020-10-01,17,{'WEATHERHAZARD'},{'HAZARD_ON_SHOULDER_CAR_STOPPED'},31,{2},5.548387096774194
2e698c51,2e698c51c,2020-10-05,15,{'WEATHERHAZARD'},{'HAZARD_ON_SHOULDER_CAR_STOPPED'},30,{2},5.866666666666666
2e698c51,2e698c51c,2020-10-14,15,{'WEATHERHAZARD'},{'HAZARD_ON_SHOULDER_CAR_STOPPED'},33,{2},5.0
2e698c51,2e698c51c,2020-10-18,16,{'JAM'},{'JAM_HEAVY_TRAFFIC'},5,{2},5.0
2e698c51,2e698c51c,2020-10-23,12,{'WEATHERHAZARD'},{'HAZARD_ON_SHOULDER_CAR_STOPPED'},31,{2},5.0
2e698c51,2e698c51c,2020-10-24,16,{'WEATHERHAZARD'},{'HAZARD_ON_SHOULDER_CAR_STOPPED'},32,{1},5.71875
2e698c51,2e698c51c,2020-10-27,17,{'WEATHERHAZARD'},{'HAZARD_ON_SHOULDER_CAR_STOPPED'},34,{2},5.0
2e698c51,2e698c51c,2020-10-29,17,{'WEATHERHAZARD'},{'HAZARD_ON_SHOULDER_CAR_STOPPED'},76,{2},5.2631578947368425
2e698c51,2e698c51c,2020-10-30,17,{'WEATHERHAZARD'},{'HAZARD_ON_SHOULDER_CAR_STOPPED'},31,{1},5.0
2e698c51,2e698c51c,2020-11-04,17,{'WEATHERHAZARD'},{'HAZARD_ON_SHOULDER_CAR_STOPPED'},31,{1},5.0
2e698c51,2e698c51c,2020-11-05,17,{'WEATHERHAZARD'},{'HAZARD_ON_SHOULDER_CAR_STOPPED'},30,{2},5.0
2e698c51,2e698c51c,2020-11-16,20,{'WEATHERHAZARD'},{'HAZARD_ON_SHOULDER_CAR_STOPPED'},31,{2},5.0
2e698c53,2e698c524,2020-09-08,14,{'WEATHERHAZARD'},{'HAZARD_ON_ROAD_CONSTRUCTION'},64,{7},5.71875
2e698c53,2e698c524,2020-09-11,15,{'WEATHERHAZARD'},{'HAZARD_ON_SHOULDER_CAR_STOPPED'},47,{7},5.872340425531915
2e698c53,2e698c524,2020-09-11,18,{'JAM'},{'JAM_STAND_STILL_TRAFFIC'},30,{2},5.966666666666667
2e698c53,2e698c524,2020-09-12,3,{'WEATHERHAZARD'},{'HAZARD_ON_ROAD_POT_HOLE'},640,{7},6.259375
2e698c53,2e698c524,2020-10-13,17,{'JAM'},{'JAM_STAND_STILL_TRAFFIC'},6,{7},5.0
2e698c53,2e698c524,2020-10-16,18,{'WEATHERHAZARD'},{'HAZARD_ON_SHOULDER_CAR_STOPPED'},30,{1},5.0
2e698c53,2e698c524,2020-10-23,13,"{'JAM', 'WEATHERHAZARD'}","{'HAZARD_ON_SHOULDER_CAR_STOPPED', 'JAM_STAND_STILL_TRAFFIC'}",39,{2},5.153846153846154
2e698c53,2e698c524,2020-10-29,19,{'JAM'},{'JAM_HEAVY_TRAFFIC'},20,"{2, 7}",5.85
2e698c53,2e698c52c,2020-10-23,13,{'WEATHERHAZARD'},{'HAZARD_ON_SHOULDER_CAR_STOPPED'},32,{2},5.9375
2e698c53,2e698c52c,2020-10-29,19,{'JAM'},{'JAM_MODERATE_TRAFFIC'},32,{2},5.96875
2e698c53,2e698c53c,2020-09-02,18,{'WEATHERHAZARD'},{'HAZARD_ON_SHOULDER_CAR_STOPPED'},32,{1},5.8125
2e698c53,2e698c53c,2020-09-05,21,{'WEATHERHAZARD'},{'HAZARD_ON_SHOULDER_CAR_STOPPED'},19,{7},6.684210526315789
2e698c53,2e698c53c,2020-09-12,5,{'WEATHERHAZARD'},{'HAZARD_ON_SHOULDER_CAR_STOPPED'},45,{7},5.844444444444444
2e698c53,2e698c53c,2020-09-12,19,{'WEATHERHAZARD'},{'HAZARD_ON_SHOULDER_CAR_STOPPED'},31,{1},5.903225806451613
2e698c53,2e698c53c,2020-09-14,12,{'WEATHERHAZARD'},{'HAZARD_ON_SHOULDER_CAR_STOPPED'},1,{7},5.0
2e698c53,2e698c53c,2020-09-14,19,{'WEATHERHAZARD'},{'HAZARD_ON_SHOULDER_CAR_STOPPED'},31,{7},6.161290322580645
2e698c53,2e698c53c,2020-09-17,13,{'WEATHERHAZARD'},{'HAZARD_ON_SHOULDER_CAR_STOPPED'},32,{1},5.0
2e698c53,2e698c53c,2020-09-19,5,{'WEATHERHAZARD'},{'HAZARD_ON_SHOULDER_CAR_STOPPED'},31,{7},6.0
2e698c53,2e698c53c,2020-09-20,5,{'WEATHERHAZARD'},{'HAZARD_ON_SHOULDER_CAR_STOPPED'},61,"{1, 7}",5.0
2e698c53,2e698c53c,2020-09-20,16,{'WEATHERHAZARD'},{'HAZARD_ON_SHOULDER_CAR_STOPPED'},28,{7},6.892857142857143
2e698c53,2e698c53c,2020-09-21,15,{'WEATHERHAZARD'},{'HAZARD_ON_SHOULDER_CAR_STOPPED'},6,{7},5.666666666666667
2e698c53,2e698c53c,2020-09-23,19,{'WEATHERHAZARD'},{'WEATHERHAZARD'},13,{7},5.0
2e698c53,2e698c53c,2020-09-26,5,{'WEATHERHAZARD'},{'HAZARD_ON_SHOULDER_CAR_STOPPED'},31,{7},6.0
2e698c53,2e698c53c,2020-09-27,14,{'WEATHERHAZARD'},{'HAZARD_ON_SHOULDER_CAR_STOPPED'},72,"{1, 7}",6.055555555555555
2e698c53,2e698c53c,2020-09-29,18,{'WEATHERHAZARD'},{'HAZARD_ON_SHOULDER_CAR_STOPPED'},30,{1},5.0
2e698c53,2e698c53c,2020-10-01,17,{'WEATHERHAZARD'},{'HAZARD_ON_SHOULDER_CAR_STOPPED'},52,"{1, 7}",6.288461538461538
2e698c53,2e698c53c,2020-10-02,18,"{'JAM', 'WEATHERHAZARD'}","{'HAZARD_ON_ROAD_CAR_STOPPED', 'JAM_STAND_STILL_TRAFFIC'}",39,{7},5.410256410256411
2e698c53,2e698c53c,2020-10-04,18,"{'JAM', 'WEATHERHAZARD'}","{'HAZARD_ON_SHOULDER_CAR_STOPPED', 'HAZARD_ON_ROAD_CONSTRUCTION', 'JAM_HEAVY_TRAFFIC'}",67,"{1, 7}",6.462686567164179
2e698c53,2e698c53c,2020-10-05,5,{'WEATHERHAZARD'},{'HAZARD_ON_SHOULDER_CAR_STOPPED'},77,"{1, 7}",5.207792207792208
2e698c53,2e698c53c,2020-10-05,15,{'WEATHERHAZARD'},{'HAZARD_ON_SHOULDER_CAR_STOPPED'},71,"{1, 7}",6.929577464788732
2e698c53,2e698c53c,2020-10-09,6,{'JAM'},{'JAM'},5,{7},5.0
2e698c53,2e698c53c,2020-10-11,5,{'WEATHERHAZARD'},{'HAZARD_ON_SHOULDER_CAR_STOPPED'},30,{7},7.0
2e698c53,2e698c53c,2020-10-11,20,{'WEATHERHAZARD'},{'HAZARD_ON_SHOULDER_CAR_STOPPED'},62,{7},5.112903225806452
2e698c53,2e698c53c,2020-10-14,15,{'WEATHERHAZARD'},{'HAZARD_ON_SHOULDER_CAR_STOPPED'},34,"{1, 7}",5.088235294117647
2e698c53,2e698c53c,2020-10-16,18,{'WEATHERHAZARD'},{'HAZARD_ON_SHOULDER_CAR_STOPPED'},31,{7},5.645161290322581
2e698c53,2e698c53c,2020-10-17,5,{'WEATHERHAZARD'},{'HAZARD_ON_SHOULDER_CAR_STOPPED'},31,{1},5.354838709677419
2e698c53,2e698c53c,2020-10-17,17,{'WEATHERHAZARD'},{'HAZARD_ON_SHOULDER_CAR_STOPPED'},68,{7},5.514705882352941
2e698c53,2e698c53c,2020-10-18,16,{'WEATHERHAZARD'},{'HAZARD_ON_SHOULDER_CAR_STOPPED'},15,{7},5.4
2e698c53,2e698c53c,2020-10-19,20,{'WEATHERHAZARD'},{'HAZARD_ON_SHOULDER_CAR_STOPPED'},35,{7},5.457142857142857
2e698c53,2e698c53c,2020-10-23,13,{'WEATHERHAZARD'},{'HAZARD_ON_SHOULDER_CAR_STOPPED'},84,"{1, 7}",5.226190476190476
2e698c53,2e698c53c,2020-10-24,5,{'WEATHERHAZARD'},{'HAZARD_ON_SHOULDER_CAR_STOPPED'},61,"{1, 7}",5.885245901639344
2e698c53,2e698c53c,2020-10-24,16,{'WEATHERHAZARD'},{'HAZARD_ON_ROAD_CONSTRUCTION'},21,{7},6.238095238095238
2e698c53,2e698c53c,2020-10-27,13,{'JAM'},{'JAM_HEAVY_TRAFFIC'},5,{7},5.8
2e698c53,2e698c53c,2020-10-27,17,{'WEATHERHAZARD'},{'HAZARD_ON_SHOULDER_CAR_STOPPED'},31,{1},5.935483870967742
2e698c53,2e698c53c,2020-10-28,5,{'WEATHERHAZARD'},{'HAZARD_ON_SHOULDER_CAR_STOPPED'},34,{1},5.0
2e698c53,2e698c53c,2020-10-29,5,{'WEATHERHAZARD'},{'HAZARD_ON_SHOULDER_CAR_STOPPED'},55,"{1, 7}",5.254545454545455
2e698c53,2e698c53c,2020-10-29,16,{'WEATHERHAZARD'},{'HAZARD_ON_SHOULDER_CAR_STOPPED'},42,{7},7.261904761904762
2e698c53,2e698c53c,2020-10-30,16,{'WEATHERHAZARD'},{'HAZARD_ON_SHOULDER_CAR_STOPPED'},6,{7},6.166666666666667
2e698c53,2e698c53c,2020-10-30,17,{'WEATHERHAZARD'},{'HAZARD_ON_SHOULDER_CAR_STOPPED'},31,{1},5.0
2e698c53,2e698c53c,2020-10-31,5,{'WEATHERHAZARD'},{'HAZARD_ON_SHOULDER_CAR_STOPPED'},64,"{1, 7}",5.125
2e698c53,2e698c53c,2020-11-04,11,{'WEATHERHAZARD'},{'HAZARD_ON_SHOULDER_CAR_STOPPED'},42,"{1, 7}",5.380952380952381
2e698c53,2e698c53c,2020-11-05,16,{'WEATHERHAZARD'},{'HAZARD_ON_SHOULDER_CAR_STOPPED'},61,"{1, 7}",5.39344262295082
2e698c53,2e698c53c,2020-11-06,13,{'JAM'},{'JAM_HEAVY_TRAFFIC'},33,{7},6.515151515151516
2e698c53,2e698c53c,2020-11-07,15,{'WEATHERHAZARD'},{'HAZARD_ON_ROAD_CAR_STOPPED'},33,{7},6.333333333333333
2e698c53,2e698c53c,2020-11-07,18,{'WEATHERHAZARD'},{'HAZARD_ON_SHOULDER_CAR_STOPPED'},32,{1},5.0
2e698c53,2e698c53c,2020-11-08,16,{'WEATHERHAZARD'},{'HAZARD_ON_SHOULDER_CAR_STOPPED'},30,{1},5.4
2e698c53,2e698c53c,2020-11-11,5,{'WEATHERHAZARD'},{'HAZARD_ON_SHOULDER_CAR_STOPPED'},32,{7},6.0
2e698c53,2e698c53c,2020-11-13,13,{'WEATHERHAZARD'},{'HAZARD_ON_SHOULDER_CAR_STOPPED'},13,{7},7.076923076923077
2e698c53,2e698c53c,2020-11-14,5,{'WEATHERHAZARD'},{'HAZARD_ON_SHOULDER_CAR_STOPPED'},62,"{1, 7}",5.0
2e698c53,2e698c53c,2020-11-14,17,{'WEATHERHAZARD'},{'HAZARD_ON_SHOULDER_CAR_STOPPED'},30,{1},6.8
2e698c53,2e698c53c,2020-11-16,10,{'WEATHERHAZARD'},{'WEATHERHAZARD'},31,{7},6.903225806451613
2e698c53,2e698c53c,2020-11-16,16,{'WEATHERHAZARD'},"{'HAZARD_ON_SHOULDER_CAR_STOPPED', 'HAZARD_ON_SHOULDER'}",55,"{1, 7}",5.618181818181818
2e698c53,2e698c53c,2020-11-19,15,{'WEATHERHAZARD'},{'HAZARD_ON_SHOULDER_CAR_STOPPED'},34,{1},5.0
2e698c53,2e698c53c,2020-11-19,16,{'WEATHERHAZARD'},{'HAZARD_ON_SHOULDER_CAR_STOPPED'},38,"{1, 7}",5.157894736842105
2e698c53,2e698c53c,2020-11-21,16,{'WEATHERHAZARD'},{'HAZARD_ON_SHOULDER_CAR_STOPPED'},47,"{1, 7}",5.468085106382978
2e698c53,2e698c53c,2020-11-22,5,{'WEATHERHAZARD'},{'HAZARD_ON_SHOULDER_CAR_STOPPED'},31,{1},5.0
2e698c53,2e698c53c,2020-11-22,17,{'WEATHERHAZARD'},{'HAZARD_ON_SHOULDER_CAR_STOPPED'},30,{1},5.0
2e698c55,2e698c544,2020-09-01,18,{'JAM'},{'JAM_MODERATE_TRAFFIC'},31,{7},6.0
2e698c55,2e698c544,2020-09-02,18,{'WEATHERHAZARD'},{'HAZARD_ON_ROAD_CONSTRUCTION'},39,{7},6.3076923076923075
2e698c55,2e698c544,2020-09-05,5,{'WEATHERHAZARD'},{'HAZARD_ON_SHOULDER_CAR_STOPPED'},38,{7},5.157894736842105
2e698c55,2e698c544,2020-09-05,19,{'JAM'},{'JAM_STAND_STILL_TRAFFIC'},34,{7},5.970588235294118
2e698c55,2e698c544,2020-09-05,20,{'JAM'},{'JAM_HEAVY_TRAFFIC'},30,{7},5.6
2e698c55,2e698c544,2020-09-08,16,{'JAM'},{'JAM_STAND_STILL_TRAFFIC'},31,{7},5.935483870967742
2e698c55,2e698c544,2020-09-10,14,{'WEATHERHAZARD'},{'HAZARD_ON_SHOULDER_CAR_STOPPED'},31,{2},5.806451612903226
2e698c55,2e698c544,2020-09-11,17,{'JAM'},{'JAM_MODERATE_TRAFFIC'},30,{7},5.0
2e698c55,2e698c544,2020-09-12,5,{'WEATHERHAZARD'},{'HAZARD_ON_SHOULDER_CAR_STOPPED'},31,{4},5.0
2e698c55,2e698c544,2020-09-12,11,{'JAM'},{'JAM'},30,{7},5.0
2e698c55,2e698c544,2020-09-14,12,{'WEATHERHAZARD'},{'HAZARD_ON_SHOULDER_CAR_STOPPED'},29,"{4, 7}",5.758620689655173
2e698c55,2e698c544,2020-09-17,13,{'WEATHERHAZARD'},{'HAZARD_ON_ROAD_CONSTRUCTION'},59,{7},7.033898305084746
2e698c55,2e698c544,2020-09-19,5,{'WEATHERHAZARD'},{'HAZARD_ON_SHOULDER_CAR_STOPPED'},33,{4},5.545454545454546
2e698c55,2e698c544,2020-09-19,15,{'JAM'},{'JAM_STAND_STILL_TRAFFIC'},31,{7},6.0
2e698c55,2e698c544,2020-09-20,5,{'WEATHERHAZARD'},{'HAZARD_ON_SHOULDER_CAR_STOPPED'},31,{4},5.0
2e698c55,2e698c544,2020-09-21,15,{'WEATHERHAZARD'},{'HAZARD_ON_SHOULDER_CAR_STOPPED'},36,{4},5.888888888888889
2e698c55,2e698c544,2020-09-22,15,{'JAM'},{'JAM_MODERATE_TRAFFIC'},21,{7},5.0
2e698c55,2e698c544,2020-09-22,16,{'JAM'},{'JAM_HEAVY_TRAFFIC'},32,{7},5.0
2e698c55,2e698c544,2020-09-22,17,{'JAM'},{'JAM_STAND_STILL_TRAFFIC'},32,{7},5.0
2e698c55,2e698c544,2020-09-23,16,{'JAM'},{'JAM_HEAVY_TRAFFIC'},32,{7},5.0
2e698c55,2e698c544,2020-09-23,17,{'JAM'},{'JAM_HEAVY_TRAFFIC'},38,{7},5.473684210526316
2e698c55,2e698c544,2020-09-24,10,{'JAM'},{'JAM_MODERATE_TRAFFIC'},31,{7},5.0
2e698c55,2e698c544,2020-09-24,17,{'JAM'},{'JAM_STAND_STILL_TRAFFIC'},48,{7},5.0
2e698c55,2e698c544,2020-09-25,17,{'JAM'},{'JAM_STAND_STILL_TRAFFIC'},44,{7},7.568181818181818
2e698c55,2e698c544,2020-09-26,5,{'WEATHERHAZARD'},{'HAZARD_ON_SHOULDER_CAR_STOPPED'},31,{4},5.0
2e698c55,2e698c544,2020-09-26,13,{'JAM'},{'JAM_MODERATE_TRAFFIC'},30,{7},5.0
2e698c55,2e698c544,2020-09-26,17,{'WEATHERHAZARD'},{'HAZARD_ON_SHOULDER_CAR_STOPPED'},14,{7},5.357142857142857
2e698c55,2e698c544,2020-10-02,17,{'JAM'},{'JAM_HEAVY_TRAFFIC'},66,{7},5.2272727272727275
2e698c55,2e698c544,2020-10-03,13,{'JAM'},{'JAM_HEAVY_TRAFFIC'},30,{7},5.533333333333333
2e698c55,2e698c544,2020-10-04,16,{'JAM'},{'JAM_HEAVY_TRAFFIC'},30,{7},5.0
2e698c55,2e698c544,2020-10-04,17,{'JAM'},{'JAM_STAND_STILL_TRAFFIC'},5,{7},5.0
2e698c55,2e698c544,2020-10-04,18,{'JAM'},"{'JAM_STAND_STILL_TRAFFIC', 'JAM_HEAVY_TRAFFIC'}",94,{7},5.9361702127659575
2e698c55,2e698c544,2020-10-05,5,{'WEATHERHAZARD'},{'HAZARD_ON_SHOULDER_CAR_STOPPED'},31,{7},5.0
2e698c55,2e698c544,2020-10-05,15,{'WEATHERHAZARD'},{'HAZARD_ON_SHOULDER_CAR_STOPPED'},44,{7},7.204545454545454
2e698c55,2e698c544,2020-10-05,18,{'JAM'},{'JAM_STAND_STILL_TRAFFIC'},35,{7},5.457142857142857
2e698c55,2e698c544,2020-10-06,18,{'JAM'},"{'JAM_MODERATE_TRAFFIC', 'JAM_HEAVY_TRAFFIC'}",52,{7},5.673076923076923
2e698c55,2e698c544,2020-10-08,14,{'JAM'},{'JAM_MODERATE_TRAFFIC'},31,{7},5.0
2e698c55,2e698c544,2020-10-10,5,{'WEATHERHAZARD'},{'HAZARD_ON_SHOULDER_CAR_STOPPED'},62,"{4, 7}",5.0
2e698c55,2e698c544,2020-10-10,12,{'JAM'},{'JAM_HEAVY_TRAFFIC'},30,{7},5.0
2e698c55,2e698c544,2020-10-10,13,{'JAM'},{'JAM_HEAVY_TRAFFIC'},32,{7},5.875
2e698c55,2e698c544,2020-10-10,18,{'JAM'},{'JAM_STAND_STILL_TRAFFIC'},43,{7},5.441860465116279
2e698c55,2e698c544,2020-10-11,14,{'JAM'},{'JAM_HEAVY_TRAFFIC'},30,{7},5.0
2e698c55,2e698c544,2020-10-11,15,{'JAM'},{'JAM_HEAVY_TRAFFIC'},30,{7},5.0
2e698c55,2e698c544,2020-10-11,20,{'WEATHERHAZARD'},{'HAZARD_ON_SHOULDER_CAR_STOPPED'},31,{7},5.483870967741935
2e698c55,2e698c544,2020-10-17,5,{'WEATHERHAZARD'},{'HAZARD_ON_SHOULDER_CAR_STOPPED'},60,{7},5.083333333333333
2e698c55,2e698c544,2020-10-18,5,{'WEATHERHAZARD'},{'HAZARD_ON_SHOULDER_CAR_STOPPED'},63,{7},5.476190476190476
2e698c55,2e698c544,2020-10-19,5,{'WEATHERHAZARD'},{'HAZARD_ON_SHOULDER_CAR_STOPPED'},45,{7},6.2444444444444445
2e698c55,2e698c544,2020-10-24,5,{'WEATHERHAZARD'},{'HAZARD_ON_SHOULDER_CAR_STOPPED'},33,{4},5.0
2e698c55,2e698c544,2020-10-24,10,{'JAM'},{'JAM_MODERATE_TRAFFIC'},30,{7},5.0
2e698c55,2e698c544,2020-10-24,13,{'JAM'},{'JAM'},30,{7},5.0
2e698c55,2e698c544,2020-10-24,14,{'JAM'},{'JAM_STAND_STILL_TRAFFIC'},30,{7},5.0
2e698c55,2e698c544,2020-10-24,15,{'JAM'},{'JAM_STAND_STILL_TRAFFIC'},30,{7},5.0
2e698c55,2e698c544,2020-10-24,16,{'JAM'},{'JAM_STAND_STILL_TRAFFIC'},31,{7},5.0
2e698c55,2e698c544,2020-10-24,17,{'JAM'},{'JAM_HEAVY_TRAFFIC'},33,{7},5.0
2e698c55,2e698c544,2020-10-27,12,{'JAM'},"{'JAM_STAND_STILL_TRAFFIC', 'JAM_HEAVY_TRAFFIC'}",25,{7},5.2
2e698c55,2e698c544,2020-10-27,13,{'WEATHERHAZARD'},{'HAZARD_ON_SHOULDER_CAR_STOPPED'},31,{7},5.967741935483871
2e698c55,2e698c544,2020-10-29,5,{'WEATHERHAZARD'},{'HAZARD_ON_SHOULDER_CAR_STOPPED'},30,{4},5.0
2e698c55,2e698c544,2020-10-30,17,{'WEATHERHAZARD'},{'HAZARD_ON_SHOULDER_CAR_STOPPED'},33,{7},7.818181818181818
2e698c55,2e698c544,2020-10-31,18,{'WEATHERHAZARD'},{'HAZARD_ON_SHOULDER_CAR_STOPPED'},2,{7},5.0
2e698c55,2e698c544,2020-11-01,13,{'JAM'},{'JAM_STAND_STILL_TRAFFIC'},32,{7},5.0
2e698c55,2e698c544,2020-11-02,7,{'JAM'},{'JAM_STAND_STILL_TRAFFIC'},27,{4},5.0
2e698c55,2e698c544,2020-11-04,17,{'WEATHERHAZARD'},{'HAZARD_ON_ROAD_CONSTRUCTION'},42,{7},7.095238095238095
2e698c55,2e698c544,2020-11-05,16,{'WEATHERHAZARD'},{'HAZARD_ON_SHOULDER_CAR_STOPPED'},30,{7},5.533333333333333
2e698c55,2e698c544,2020-11-05,17,{'JAM'},"{'JAM_STAND_STILL_TRAFFIC', 'JAM_HEAVY_TRAFFIC'}",38,{7},6.605263157894737
2e698c55,2e698c544,2020-11-06,3,{'WEATHERHAZARD'},{'WEATHERHAZARD'},32,{7},5.0
2e698c55,2e698c544,2020-11-07,11,{'JAM'},{'JAM_STAND_STILL_TRAFFIC'},30,{7},5.0
2e698c55,2e698c544,2020-11-07,12,{'JAM'},{'JAM_HEAVY_TRAFFIC'},32,{7},5.9375
2e698c55,2e698c544,2020-11-07,14,{'JAM'},{'JAM_STAND_STILL_TRAFFIC'},31,{7},5.0
2e698c55,2e698c544,2020-11-07,15,{'JAM'},{'JAM_HEAVY_TRAFFIC'},76,{7},5.421052631578948
2e698c55,2e698c544,2020-11-08,16,{'WEATHERHAZARD'},{'HAZARD_ON_SHOULDER_CAR_STOPPED'},18,{7},6.111111111111111
2e698c55,2e698c544,2020-11-11,5,{'WEATHERHAZARD'},{'HAZARD_ON_SHOULDER_CAR_STOPPED'},32,{4},5.0
2e698c55,2e698c544,2020-11-13,13,{'WEATHERHAZARD'},{'HAZARD_ON_SHOULDER_CAR_STOPPED'},13,{7},6.230769230769231
2e698c55,2e698c544,2020-11-14,17,"{'JAM', 'WEATHERHAZARD'}","{'HAZARD_ON_SHOULDER_CAR_STOPPED', 'JAM_MODERATE_TRAFFIC', 'JAM_HEAVY_TRAFFIC'}",85,{7},5.635294117647059
2e698c55,2e698c544,2020-11-16,20,{'WEATHERHAZARD'},{'HAZARD_ON_SHOULDER_CAR_STOPPED'},30,{7},9.266666666666667
2e698c55,2e698c544,2020-11-19,16,{'WEATHERHAZARD'},{'HAZARD_ON_SHOULDER_CAR_STOPPED'},7,{7},5.857142857142857
2e698c55,2e698c544,2020-11-20,19,{'JAM'},{'JAM_HEAVY_TRAFFIC'},31,{7},5.0
2e698c55,2e698c544,2020-11-22,5,{'WEATHERHAZARD'},{'HAZARD_ON_SHOULDER_CAR_STOPPED'},30,{7},5.9
2e698c55,2e698c54c,2020-09-06,20,{'JAM'},{'JAM_STAND_STILL_TRAFFIC'},31,{1},5.0
2e698c55,2e698c54c,2020-09-25,8,{'JAM'},{'JAM'},31,{1},5.0
2e698c55,2e698c54c,2020-11-16,8,{'JAM'},{'JAM'},30,{1},5.0
2e698c55,2e698c55c,2020-09-01,18,{'JAM'},"{'JAM_STAND_STILL_TRAFFIC', 'JAM_HEAVY_TRAFFIC'}",19,{7},5.0
2e698c55,2e698c55c,2020-09-02,18,"{'JAM', 'WEATHERHAZARD'}","{'HAZARD_ON_SHOULDER_CAR_STOPPED', 'JAM_STAND_STILL_TRAFFIC'}",50,{7},5.84
2e698c55,2e698c55c,2020-09-03,13,{'WEATHERHAZARD'},{'HAZARD_ON_ROAD_CONSTRUCTION'},21,{7},5.380952380952381
2e698c55,2e698c55c,2020-09-05,21,{'WEATHERHAZARD'},{'HAZARD_ON_SHOULDER_CAR_STOPPED'},31,{7},6.064516129032258
2e698c55,2e698c55c,2020-09-08,16,{'JAM'},{'JAM_STAND_STILL_TRAFFIC'},62,{7},5.483870967741935
2e698c55,2e698c55c,2020-09-11,8,{'JAM'},{'JAM_HEAVY_TRAFFIC'},8,{7},5.0
2e698c55,2e698c55c,2020-09-12,19,{'WEATHERHAZARD'},{'HAZARD_ON_SHOULDER_CAR_STOPPED'},17,{7},7.352941176470588
2e698c55,2e698c55c,2020-09-13,19,{'WEATHERHAZARD'},{'HAZARD_ON_SHOULDER_MISSING_SIGN'},34,{7},5.470588235294118
2e698c55,2e698c55c,2020-09-14,19,{'WEATHERHAZARD'},{'HAZARD_ON_SHOULDER_CAR_STOPPED'},31,{7},5.0
2e698c55,2e698c55c,2020-09-17,13,{'WEATHERHAZARD'},{'HAZARD_ON_SHOULDER_CAR_STOPPED'},33,{7},5.424242424242424
2e698c55,2e698c55c,2020-09-20,16,{'WEATHERHAZARD'},{'HAZARD_ON_SHOULDER_CAR_STOPPED'},22,{7},6.5
2e698c55,2e698c55c,2020-09-22,11,"{'JAM', 'ACCIDENT'}","{'JAM_STAND_STILL_TRAFFIC', 'ACCIDENT_MINOR'}",58,{1},5.310344827586207
2e698c55,2e698c55c,2020-09-22,14,{'JAM'},{'JAM_STAND_STILL_TRAFFIC'},29,{7},5.9655172413793105
2e698c55,2e698c55c,2020-09-22,15,{'JAM'},{'JAM_STAND_STILL_TRAFFIC'},29,{7},5.0
2e698c55,2e698c55c,2020-09-23,10,{'JAM'},{'JAM_STAND_STILL_TRAFFIC'},60,{7},5.0
2e698c55,2e698c55c,2020-09-24,10,{'JAM'},"{'JAM_MODERATE_TRAFFIC', 'JAM_HEAVY_TRAFFIC'}",60,{7},5.0
2e698c55,2e698c55c,2020-09-24,11,{'JAM'},{'JAM_STAND_STILL_TRAFFIC'},42,{7},5.380952380952381
2e698c55,2e698c55c,2020-09-27,10,{'ACCIDENT'},{'ACCIDENT'},121,{4},5.0
2e698c55,2e698c55c,2020-09-30,11,{'JAM'},{'JAM_HEAVY_TRAFFIC'},33,{7},5.0
2e698c55,2e698c55c,2020-10-01,17,"{'JAM', 'WEATHERHAZARD'}","{'HAZARD_ON_SHOULDER_CAR_STOPPED', 'JAM_HEAVY_TRAFFIC'}",63,{4},5.698412698412699
2e698c55,2e698c55c,2020-10-03,11,{'JAM'},{'JAM_HEAVY_TRAFFIC'},17,{7},5.0
2e698c55,2e698c55c,2020-10-03,14,{'JAM'},{'JAM_STAND_STILL_TRAFFIC'},30,{7},5.0
2e698c55,2e698c55c,2020-10-03,16,{'JAM'},"{'JAM_MODERATE_TRAFFIC', 'JAM_HEAVY_TRAFFIC'}",62,{7},5.758064516129032
2e698c55,2e698c55c,2020-10-04,18,"{'JAM', 'WEATHERHAZARD'}","{'JAM', 'HAZARD_ON_SHOULDER_CAR_STOPPED', 'JAM_STAND_STILL_TRAFFIC'}",98,{7},5.020408163265306
2e698c55,2e698c55c,2020-10-05,15,{'WEATHERHAZARD'},{'HAZARD_ON_SHOULDER_CAR_STOPPED'},26,{7},7.230769230769231
2e698c55,2e698c55c,2020-10-07,18,{'JAM'},{'JAM_MODERATE_TRAFFIC'},30,{7},5.0
2e698c55,2e698c55c,2020-10-08,14,{'JAM'},{'JAM_HEAVY_TRAFFIC'},23,{7},5.0
2e698c55,2e698c55c,2020-10-10,10,{'JAM'},{'JAM_HEAVY_TRAFFIC'},5,{7},5.0
2e698c55,2e698c55c,2020-10-10,13,{'JAM'},{'JAM_STAND_STILL_TRAFFIC'},32,{7},5.0
2e698c55,2e698c55c,2020-10-10,17,{'JAM'},{'JAM_HEAVY_TRAFFIC'},31,{7},5.0
2e698c55,2e698c55c,2020-10-11,5,{'WEATHERHAZARD'},{'HAZARD_ON_SHOULDER_CAR_STOPPED'},31,{4},5.0
2e698c55,2e698c55c,2020-10-11,17,{'JAM'},"{'JAM_STAND_STILL_TRAFFIC', 'JAM_HEAVY_TRAFFIC'}",61,{7},5.0
2e698c55,2e698c55c,2020-10-11,20,{'WEATHERHAZARD'},{'HAZARD_ON_SHOULDER_CAR_STOPPED'},31,{7},5.516129032258065
2e698c55,2e698c55c,2020-10-12,18,{'JAM'},{'JAM_MODERATE_TRAFFIC'},66,{7},5.0
2e698c55,2e698c55c,2020-10-16,14,{'JAM'},{'JAM_STAND_STILL_TRAFFIC'},11,{7},5.0
2e698c55,2e698c55c,2020-10-16,18,"{'JAM', 'WEATHERHAZARD'}","{'HAZARD_ON_SHOULDER_CAR_STOPPED', 'JAM_HEAVY_TRAFFIC'}",50,{7},6.3
2e698c55,2e698c55c,2020-10-17,11,{'JAM'},{'JAM_MODERATE_TRAFFIC'},31,{7},5.0
2e698c55,2e698c55c,2020-10-17,14,{'JAM'},{'JAM_HEAVY_TRAFFIC'},30,{7},5.0
2e698c55,2e698c55c,2020-10-17,16,{'JAM'},{'JAM_HEAVY_TRAFFIC'},30,{7},6.733333333333333
2e698c55,2e698c55c,2020-10-17,17,{'JAM'},{'JAM_STAND_STILL_TRAFFIC'},31,{7},5.0
2e698c55,2e698c55c,2020-10-18,14,{'WEATHERHAZARD'},{'WEATHERHAZARD'},26,{7},5.3076923076923075
2e698c55,2e698c55c,2020-10-18,16,{'WEATHERHAZARD'},{'HAZARD_ON_SHOULDER_CAR_STOPPED'},16,{7},6.125
2e698c55,2e698c55c,2020-10-18,17,{'JAM'},{'JAM_HEAVY_TRAFFIC'},30,{7},5.0
2e698c55,2e698c55c,2020-10-20,18,{'JAM'},{'JAM_HEAVY_TRAFFIC'},33,{7},5.848484848484849
2e698c55,2e698c55c,2020-10-23,13,{'WEATHERHAZARD'},{'HAZARD_ON_SHOULDER_CAR_STOPPED'},31,{7},6.129032258064516
2e698c55,2e698c55c,2020-10-24,10,{'JAM'},{'JAM_HEAVY_TRAFFIC'},30,{7},5.0
2e698c55,2e698c55c,2020-10-24,16,{'WEATHERHAZARD'},{'HAZARD_ON_SHOULDER_CAR_STOPPED'},21,{7},7.380952380952381
2e698c55,2e698c55c,2020-10-24,17,{'JAM'},{'JAM_STAND_STILL_TRAFFIC'},31,{7},5.0
2e698c55,2e698c55c,2020-10-25,18,{'JAM'},{'JAM_MODERATE_TRAFFIC'},12,{7},5.0
2e698c55,2e698c55c,2020-10-27,14,{'JAM'},{'JAM_HEAVY_TRAFFIC'},30,{7},5.0
2e698c55,2e698c55c,2020-10-29,10,{'JAM'},{'JAM_STAND_STILL_TRAFFIC'},14,{7},5.0
2e698c55,2e698c55c,2020-10-29,16,{'WEATHERHAZARD'},{'HAZARD_ON_SHOULDER_CAR_STOPPED'},72,{7},5.166666666666667
2e698c55,2e698c55c,2020-10-31,5,{'WEATHERHAZARD'},{'HAZARD_ON_SHOULDER_CAR_STOPPED'},32,{4},5.0
2e698c55,2e698c55c,2020-10-31,18,{'WEATHERHAZARD'},{'HAZARD_ON_SHOULDER_CAR_STOPPED'},2,{7},6.0
2e698c55,2e698c55c,2020-11-03,10,{'JAM'},{'JAM_STAND_STILL_TRAFFIC'},30,{7},5.0
2e698c55,2e698c55c,2020-11-04,15,{'JAM'},{'JAM_HEAVY_TRAFFIC'},61,{7},5.0
2e698c55,2e698c55c,2020-11-04,16,{'JAM'},"{'JAM_STAND_STILL_TRAFFIC', 'JAM_HEAVY_TRAFFIC'}",73,{7},5.575342465753424
2e698c55,2e698c55c,2020-11-04,17,{'WEATHERHAZARD'},{'HAZARD_ON_SHOULDER_CAR_STOPPED'},47,{7},5.361702127659575
2e698c55,2e698c55c,2020-11-05,17,{'JAM'},{'JAM_HEAVY_TRAFFIC'},38,"{1, 7}",5.184210526315789
2e698c55,2e698c55c,2020-11-06,8,{'WEATHERHAZARD'},{'HAZARD_ON_SHOULDER'},45,{4},7.844444444444444
2e698c55,2e698c55c,2020-11-06,13,{'JAM'},{'JAM_MODERATE_TRAFFIC'},30,{7},5.966666666666667
2e698c55,2e698c55c,2020-11-06,14,{'JAM'},{'JAM_HEAVY_TRAFFIC'},32,{7},5.0
2e698c55,2e698c55c,2020-11-07,16,{'JAM'},"{'JAM_STAND_STILL_TRAFFIC', 'JAM_HEAVY_TRAFFIC'}",61,{7},5.0
2e698c55,2e698c55c,2020-11-07,18,{'WEATHERHAZARD'},{'HAZARD_ON_SHOULDER_CAR_STOPPED'},24,{7},5.916666666666667
2e698c55,2e698c55c,2020-11-08,16,{'WEATHERHAZARD'},{'HAZARD_ON_SHOULDER_CAR_STOPPED'},32,{7},7.78125
2e698c55,2e698c55c,2020-11-08,18,{'JAM'},{'JAM_MODERATE_TRAFFIC'},27,{7},5.0
2e698c55,2e698c55c,2020-11-09,7,{'JAM'},{'JAM'},9,{7},5.0
2e698c55,2e698c55c,2020-11-10,8,{'JAM'},{'JAM'},5,{7},5.0
2e698c55,2e698c55c,2020-11-11,18,"{'JAM', 'WEATHERHAZARD'}","{'HAZARD_ON_SHOULDER_CAR_STOPPED', 'JAM_HEAVY_TRAFFIC'}",38,{7},5.105263157894737
2e698c55,2e698c55c,2020-11-12,9,{'WEATHERHAZARD'},{'HAZARD_ON_ROAD_CONSTRUCTION'},45,{7},7.044444444444444
2e698c55,2e698c55c,2020-11-14,23,{'ROAD_CLOSED'},{'ROAD_CLOSED_EVENT'},23007,{7},9.431129656191594
2e698c55,2e698c55c,2020-11-16,16,{'WEATHERHAZARD'},{'HAZARD_ON_SHOULDER_CAR_STOPPED'},46,{7},6.108695652173913
2e698c55,2e698c55c,2020-11-17,18,{'JAM'},{'JAM_HEAVY_TRAFFIC'},29,{7},5.0
2e698c55,2e698c55c,2020-11-19,5,{'WEATHERHAZARD'},{'HAZARD_ON_SHOULDER_CAR_STOPPED'},31,{4},5.0
2e698c55,2e698c55c,2020-11-19,15,{'WEATHERHAZARD'},{'HAZARD_ON_SHOULDER_CAR_STOPPED'},40,{7},5.925
2e698c55,2e698c55c,2020-11-19,17,{'JAM'},{'JAM_HEAVY_TRAFFIC'},31,{7},5.806451612903226
2e698c55,2e698c55c,2020-11-20,14,{'JAM'},"{'JAM_STAND_STILL_TRAFFIC', 'JAM_HEAVY_TRAFFIC'}",56,{7},5.0
2e698c55,2e698c55c,2020-11-20,19,{'JAM'},{'JAM_HEAVY_TRAFFIC'},31,{7},5.0
2e698c55,2e698c55c,2020-11-21,16,{'WEATHERHAZARD'},{'HAZARD_ON_SHOULDER_CAR_STOPPED'},31,{7},7.096774193548387
2e698c55,2e698c55c,2020-11-21,18,{'JAM'},{'JAM_MODERATE_TRAFFIC'},5,{7},5.0
2e698c57,2e698c564,2020-11-16,20,{'JAM'},{'JAM'},31,{22},5.0
2e698c57,2e698c56c,2020-10-02,12,{'JAM'},{'JAM_MODERATE_TRAFFIC'},21,{2},5.0
2e698c57,2e698c56c,2020-10-29,14,{'JAM'},{'JAM_HEAVY_TRAFFIC'},6,{2},5.0
2e698c57,2e698c57c,2020-09-13,21,{'JAM'},{'JAM'},33,{1},5.0
2e698c59,2e698c594,2020-10-14,11,{'JAM'},{'JAM'},30,{1},7.933333333333334
2e698c59,2e698c594,2020-10-29,19,{'JAM'},{'JAM_MODERATE_TRAFFIC'},30,{1},5.0
2e698c5b,2e698c5a4,2020-09-30,12,"{'JAM', 'ACCIDENT'}","{'JAM_STAND_STILL_TRAFFIC', 'ACCIDENT'}",152,{1},5.0
2e698c5b,2e698c5ac,2020-09-01,17,{'JAM'},{'JAM_HEAVY_TRAFFIC'},30,{2},5.0
2e698c5b,2e698c5ac,2020-09-10,13,{'WEATHERHAZARD'},{'HAZARD_ON_SHOULDER_CAR_STOPPED'},19,{2},5.052631578947368
2e698c5b,2e698c5ac,2020-09-11,18,"{'JAM', 'WEATHERHAZARD'}","{'HAZARD_ON_SHOULDER_CAR_STOPPED', 'JAM_HEAVY_TRAFFIC'}",70,{1},5.0
2e698c5b,2e698c5ac,2020-09-25,23,{'JAM'},{'JAM_HEAVY_TRAFFIC'},51,{2},5.549019607843137
2e698c5b,2e698c5ac,2020-10-02,18,{'JAM'},{'JAM_HEAVY_TRAFFIC'},31,{2},5.0
2e698c5b,2e698c5ac,2020-10-16,9,"{'JAM', 'ACCIDENT'}","{'JAM_STAND_STILL_TRAFFIC', 'ACCIDENT_MAJOR'}",116,{2},6.431034482758621
2e698c5b,2e698c5ac,2020-10-23,13,{'JAM'},{'JAM_STAND_STILL_TRAFFIC'},30,{2},5.0
2e698c5b,2e698c5ac,2020-11-05,20,{'JAM'},{'JAM_STAND_STILL_TRAFFIC'},31,{2},5.967741935483871
2e698c5b,2e698c5b4,2020-09-25,23,{'JAM'},{'JAM_HEAVY_TRAFFIC'},94,{2},5.0
2e698c5b,2e698c5b4,2020-09-26,20,{'JAM'},"{'JAM_STAND_STILL_TRAFFIC', 'JAM_HEAVY_TRAFFIC'}",62,{2},5.0
2e698c5b,2e698c5b4,2020-10-08,13,{'JAM'},{'JAM_HEAVY_TRAFFIC'},24,{2},5.0
2e698c5b,2e698c5b4,2020-10-09,17,{'JAM'},{'JAM_STAND_STILL_TRAFFIC'},35,{2},5.457142857142857
2e698c5b,2e698c5b4,2020-10-17,16,{'JAM'},{'JAM_HEAVY_TRAFFIC'},62,{2},5.0
2e698c5b,2e698c5b4,2020-10-29,17,{'JAM'},{'JAM_STAND_STILL_TRAFFIC'},6,{2},5.0
2e698c5b,2e698c5b4,2020-10-31,11,{'JAM'},{'JAM_HEAVY_TRAFFIC'},30,{2},5.0
2e698c5b,2e698c5b4,2020-11-05,20,{'JAM'},{'JAM_STAND_STILL_TRAFFIC'},35,{2},7.371428571428571
2e698c5b,2e698c5b4,2020-11-18,17,{'JAM'},{'JAM_MODERATE_TRAFFIC'},30,{1},5.0
2e698c5b,2e698c5bc,2020-10-30,19,{'JAM'},{'JAM_MODERATE_TRAFFIC'},31,{1},5.0
2e698c5d,2e698c5cc,2020-09-25,20,{'JAM'},{'JAM_STAND_STILL_TRAFFIC'},32,{2},5.0
2e698c5d,2e698c5d4,2020-09-24,21,{'JAM'},{'JAM_HEAVY_TRAFFIC'},20,{2},5.0
2e698c5d,2e698c5d4,2020-09-29,18,{'JAM'},{'JAM_HEAVY_TRAFFIC'},30,{2},5.0
2e698c5d,2e698c5d4,2020-11-06,19,{'JAM'},{'JAM_STAND_STILL_TRAFFIC'},31,{2},6.774193548387097
2e698c5d,2e698c5dc,2020-09-03,16,{'JAM'},{'JAM_HEAVY_TRAFFIC'},18,{2},5.0
2e698c5d,2e698c5dc,2020-11-01,19,{'JAM'},{'JAM_HEAVY_TRAFFIC'},31,{2},5.0
2e698c5d,2e698c5dc,2020-11-19,15,{'JAM'},{'JAM_MODERATE_TRAFFIC'},11,{2},5.0
2e698c5f,2e698c5fc,2020-09-30,14,{'JAM'},{'JAM'},31,{22},5.935483870967742
2e698c5f,2e698c5fc,2020-10-21,15,{'ACCIDENT'},{'ACCIDENT_MAJOR'},122,{22},5.30327868852459
2e698c61,2e698c604,2020-09-13,17,{'JAM'},{'JAM_MODERATE_TRAFFIC'},31,{2},5.0
2e698c61,2e698c604,2020-11-01,13,{'JAM'},{'JAM_MODERATE_TRAFFIC'},26,{2},5.0
2e698c61,2e698c604,2020-11-06,13,{'JAM'},{'JAM_STAND_STILL_TRAFFIC'},30,{2},5.0
2e698c61,2e698c604,2020-11-20,17,{'JAM'},{'JAM_HEAVY_TRAFFIC'},46,{2},5.3478260869565215
2e698c61,2e698c604,2020-11-20,19,{'JAM'},{'JAM_HEAVY_TRAFFIC'},32,{2},5.0
2e698c61,2e698c60c,2020-10-02,18,{'JAM'},{'JAM_STAND_STILL_TRAFFIC'},21,{2},5.0
2e698c61,2e698c60c,2020-10-17,18,{'JAM'},{'JAM_STAND_STILL_TRAFFIC'},5,{2},5.0
2e698c61,2e698c60c,2020-11-14,9,{'JAM'},{'JAM'},19,{2},5.0
2e698c61,2e698c60c,2020-11-14,14,{'JAM'},{'JAM'},17,{2},5.0
2e698c61,2e698c60c,2020-11-17,19,{'JAM'},{'JAM_MODERATE_TRAFFIC'},21,{2},5.0
2e698c61,2e698c60c,2020-11-18,21,{'JAM'},{'JAM_STAND_STILL_TRAFFIC'},32,{2},5.0
2e698c65,2e698c644,2020-11-21,20,{'JAM'},{'JAM_MODERATE_TRAFFIC'},31,{1},5.0
2e698c65,2e698c64c,2020-09-09,18,{'JAM'},{'JAM_MODERATE_TRAFFIC'},31,{1},5.0
2e698c65,2e698c654,2020-09-29,18,{'ACCIDENT'},{'ACCIDENT'},120,{1},5.0
2e698c69,2e698c684,2020-10-04,10,"{'JAM', 'ACCIDENT'}","{'JAM', 'ACCIDENT'}",150,{22},5.0
2e698c69,2e698c68c,2020-10-24,15,{'JAM'},{'JAM_STAND_STILL_TRAFFIC'},5,{1},5.0
2e698c69,2e698c68c,2020-11-14,7,{'JAM'},{'JAM'},31,{1},5.0
2e698c69,2e698c694,2020-10-08,12,{'JAM'},{'JAM_HEAVY_TRAFFIC'},31,{2},5.0
2e698c69,2e698c69c,2020-09-05,19,{'JAM'},{'JAM_HEAVY_TRAFFIC'},31,{2},5.0
2e698c69,2e698c69c,2020-09-06,16,{'JAM'},{'JAM_HEAVY_TRAFFIC'},29,{2},5.0
2e698c69,2e698c69c,2020-09-12,20,{'JAM'},{'JAM_STAND_STILL_TRAFFIC'},30,{2},6.0
2e698c69,2e698c69c,2020-10-01,18,{'JAM'},{'JAM_STAND_STILL_TRAFFIC'},27,{2},5.0
2e698c69,2e698c69c,2020-10-07,22,{'JAM'},{'JAM_HEAVY_TRAFFIC'},33,{1},5.0
2e698c69,2e698c69c,2020-10-08,12,{'JAM'},{'JAM_STAND_STILL_TRAFFIC'},3,{2},5.333333333333333
2e698c69,2e698c69c,2020-10-10,12,{'JAM'},{'JAM_STAND_STILL_TRAFFIC'},25,{2},5.0
2e698c69,2e698c69c,2020-10-10,14,{'JAM'},{'JAM_STAND_STILL_TRAFFIC'},32,{2},6.0
2e698c69,2e698c69c,2020-10-12,10,{'JAM'},{'JAM_HEAVY_TRAFFIC'},34,{2},5.470588235294118
2e698c69,2e698c69c,2020-10-12,17,{'JAM'},{'JAM_HEAVY_TRAFFIC'},29,{2},5.689655172413793
2e698c69,2e698c69c,2020-10-17,19,{'JAM'},{'JAM_STAND_STILL_TRAFFIC'},30,{2},5.633333333333334
2e698c69,2e698c69c,2020-10-21,17,{'JAM'},{'JAM_HEAVY_TRAFFIC'},65,{2},5.0
2e698c69,2e698c69c,2020-10-23,17,{'JAM'},{'JAM_STAND_STILL_TRAFFIC'},32,{2},5.0
2e698c69,2e698c69c,2020-10-24,18,{'JAM'},{'JAM_STAND_STILL_TRAFFIC'},33,{2},5.0
2e698c69,2e698c69c,2020-10-25,8,"{'WEATHERHAZARD', 'ACCIDENT'}","{'WEATHERHAZARD', 'ACCIDENT_MAJOR'}",150,{1},5.0
2e698c69,2e698c69c,2020-11-02,17,{'JAM'},{'JAM_STAND_STILL_TRAFFIC'},30,{2},5.566666666666666
2e698c69,2e698c69c,2020-11-07,19,{'JAM'},{'JAM_STAND_STILL_TRAFFIC'},31,{2},5.0
2e698c69,2e698c69c,2020-11-14,20,{'JAM'},{'JAM_HEAVY_TRAFFIC'},61,{2},5.950819672131147
2e698c6b,2e698c6ac,2020-09-04,15,{'JAM'},{'JAM'},29,{1},5.0
2e698c6b,2e698c6ac,2020-10-31,16,{'WEATHERHAZARD'},{'HAZARD_WEATHER_FLOOD'},30,{1},5.0
2e698c6b,2e698c6ac,2020-11-05,17,{'JAM'},{'JAM'},33,{1},5.0
2e698c6b,2e698c6ac,2020-11-20,12,"{'WEATHERHAZARD', 'ACCIDENT'}","{'HAZARD_WEATHER', 'ACCIDENT_MAJOR'}",151,{1},5.357615894039735
2e698c6b,2e698c6b4,2020-09-04,8,{'WEATHERHAZARD'},{'HAZARD_ON_ROAD_CAR_STOPPED'},43,{6},7.558139534883721
2e698c6b,2e698c6b4,2020-09-04,11,{'JAM'},{'JAM_HEAVY_TRAFFIC'},16,{6},5.0
2e698c6b,2e698c6b4,2020-09-04,16,{'JAM'},{'JAM_MODERATE_TRAFFIC'},31,{6},5.0
2e698c6b,2e698c6b4,2020-09-12,15,{'JAM'},{'JAM_STAND_STILL_TRAFFIC'},32,{6},8.0
2e698c6b,2e698c6b4,2020-09-12,17,{'JAM'},{'JAM_HEAVY_TRAFFIC'},26,{6},5.961538461538462
2e698c6b,2e698c6b4,2020-09-15,21,{'WEATHERHAZARD'},{'HAZARD_ON_ROAD_CAR_STOPPED'},31,{6},5.0
2e698c6b,2e698c6b4,2020-09-24,15,{'JAM'},{'JAM_STAND_STILL_TRAFFIC'},30,{6},5.0
2e698c6b,2e698c6b4,2020-09-25,16,{'JAM'},"{'JAM_STAND_STILL_TRAFFIC', 'JAM_HEAVY_TRAFFIC'}",60,{6},5.0
2e698c6b,2e698c6b4,2020-09-27,15,{'WEATHERHAZARD'},{'HAZARD_ON_SHOULDER_CAR_STOPPED'},30,{6},5.0
2e698c6b,2e698c6b4,2020-09-28,17,{'JAM'},{'JAM_STAND_STILL_TRAFFIC'},17,{6},5.0
2e698c6b,2e698c6b4,2020-10-03,15,{'JAM'},{'JAM_STAND_STILL_TRAFFIC'},30,{6},5.0
2e698c6b,2e698c6b4,2020-10-05,14,{'JAM'},{'JAM_HEAVY_TRAFFIC'},65,{6},5.461538461538462
2e698c6b,2e698c6b4,2020-10-08,10,{'JAM'},{'JAM_HEAVY_TRAFFIC'},6,{6},5.0
2e698c6b,2e698c6b4,2020-10-08,11,{'JAM'},{'JAM_STAND_STILL_TRAFFIC'},80,{6},6.025
2e698c6b,2e698c6b4,2020-10-17,10,{'JAM'},{'JAM_STAND_STILL_TRAFFIC'},18,{6},5.0
2e698c6b,2e698c6b4,2020-10-26,11,{'JAM'},{'JAM_STAND_STILL_TRAFFIC'},33,{6},6.7272727272727275
2e698c6b,2e698c6b4,2020-11-03,13,{'JAM'},{'JAM_MODERATE_TRAFFIC'},30,{6},5.0
2e698c6b,2e698c6b4,2020-11-07,15,{'WEATHERHAZARD'},{'HAZARD_ON_ROAD_CAR_STOPPED'},20,{6},5.7
2e698c6b,2e698c6b4,2020-11-08,13,{'JAM'},"{'JAM_MODERATE_TRAFFIC', 'JAM_HEAVY_TRAFFIC'}",63,{6},5.0
2e698c6b,2e698c6b4,2020-11-10,14,{'JAM'},{'JAM_HEAVY_TRAFFIC'},32,{6},5.0
2e698c6b,2e698c6b4,2020-11-19,12,{'JAM'},{'JAM_STAND_STILL_TRAFFIC'},30,{6},5.866666666666666
2e698c6b,2e698c6b4,2020-11-20,10,{'WEATHERHAZARD'},{'HAZARD_ON_ROAD_CAR_STOPPED'},53,{6},8.037735849056604
2e698c6d,2e698c6c4,2020-09-03,9,{'JAM'},{'JAM_HEAVY_TRAFFIC'},32,{6},5.84375
2e698c6d,2e698c6c4,2020-09-06,10,{'JAM'},{'JAM_MODERATE_TRAFFIC'},29,{6},5.0
2e698c6d,2e698c6c4,2020-09-06,16,{'JAM'},{'JAM_MODERATE_TRAFFIC'},30,{6},5.0
2e698c6d,2e698c6c4,2020-09-12,17,{'JAM'},{'JAM'},31,{6},5.0
2e698c6d,2e698c6c4,2020-09-13,16,{'JAM'},{'JAM_HEAVY_TRAFFIC'},14,{6},5.0
2e698c6d,2e698c6c4,2020-09-13,18,{'JAM'},{'JAM_STAND_STILL_TRAFFIC'},22,{6},5.909090909090909
2e698c6d,2e698c6c4,2020-09-21,10,{'JAM'},{'JAM_HEAVY_TRAFFIC'},32,{6},5.0
2e698c6d,2e698c6c4,2020-09-21,12,{'JAM'},{'JAM_HEAVY_TRAFFIC'},30,{6},5.0
2e698c6d,2e698c6c4,2020-09-26,14,{'JAM'},{'JAM_HEAVY_TRAFFIC'},31,{6},5.0
2e698c6d,2e698c6c4,2020-10-03,17,{'JAM'},{'JAM_STAND_STILL_TRAFFIC'},5,{6},5.0
2e698c6d,2e698c6c4,2020-10-05,9,{'JAM'},{'JAM_MODERATE_TRAFFIC'},30,{6},5.0
2e698c6d,2e698c6c4,2020-10-06,15,{'JAM'},{'JAM_MODERATE_TRAFFIC'},32,{6},5.0
2e698c6d,2e698c6c4,2020-10-07,16,{'JAM'},{'JAM_MODERATE_TRAFFIC'},31,{6},5.0
2e698c6d,2e698c6c4,2020-10-08,12,{'JAM'},{'JAM_HEAVY_TRAFFIC'},45,{6},7.644444444444445
2e698c6d,2e698c6c4,2020-10-08,14,{'JAM'},{'JAM_STAND_STILL_TRAFFIC'},27,{6},9.88888888888889
2e698c6d,2e698c6c4,2020-10-08,17,{'JAM'},{'JAM_MODERATE_TRAFFIC'},32,{6},5.0
2e698c6d,2e698c6c4,2020-10-10,19,{'JAM'},{'JAM_STAND_STILL_TRAFFIC'},30,{6},5.7
2e698c6d,2e698c6c4,2020-10-12,16,{'JAM'},{'JAM_HEAVY_TRAFFIC'},31,{6},5.0
2e698c6d,2e698c6c4,2020-10-13,15,{'JAM'},{'JAM'},32,{6},5.0
2e698c6d,2e698c6c4,2020-10-19,15,{'JAM'},{'JAM_MODERATE_TRAFFIC'},30,{6},5.0
2e698c6d,2e698c6c4,2020-10-24,12,{'JAM'},{'JAM'},27,{6},5.0
2e698c6d,2e698c6c4,2020-10-24,14,{'JAM'},{'JAM_HEAVY_TRAFFIC'},32,{6},5.0
2e698c6d,2e698c6c4,2020-10-26,10,{'JAM'},{'JAM_STAND_STILL_TRAFFIC'},30,{6},5.0
2e698c6d,2e698c6c4,2020-10-31,17,{'JAM'},{'JAM_HEAVY_TRAFFIC'},79,{6},5.582278481012659
2e698c6d,2e698c6c4,2020-11-02,11,{'JAM'},{'JAM_MODERATE_TRAFFIC'},35,{6},5.542857142857143
2e698c6d,2e698c6c4,2020-11-06,11,{'JAM'},{'JAM_MODERATE_TRAFFIC'},31,{6},5.0
2e698c6d,2e698c6c4,2020-11-10,15,{'JAM'},{'JAM_STAND_STILL_TRAFFIC'},45,{6},5.377777777777778
2e698c6d,2e698c6c4,2020-11-11,9,{'JAM'},{'JAM'},31,{6},5.0
2e698c6d,2e698c6c4,2020-11-12,18,{'JAM'},{'JAM_STAND_STILL_TRAFFIC'},35,{6},5.0
2e698c6d,2e698c6c4,2020-11-12,20,{'JAM'},"{'JAM_STAND_STILL_TRAFFIC', 'JAM_MODERATE_TRAFFIC'}",49,"{2, 6}",6.020408163265306
2e698c6d,2e698c6c4,2020-11-15,11,{'JAM'},{'JAM_HEAVY_TRAFFIC'},10,{6},5.0
2e698c6d,2e698c6c4,2020-11-16,16,{'JAM'},{'JAM_HEAVY_TRAFFIC'},32,{6},5.53125
2e698c6d,2e698c6c4,2020-11-16,17,{'JAM'},{'JAM_HEAVY_TRAFFIC'},6,{2},5.0
2e698c6d,2e698c6c4,2020-11-16,18,{'JAM'},{'JAM_HEAVY_TRAFFIC'},32,{6},5.0
2e698c6d,2e698c6c4,2020-11-21,21,{'JAM'},{'JAM_STAND_STILL_TRAFFIC'},31,{6},5.0
2e698c6d,2e698c6c4,2020-11-22,9,{'JAM'},{'JAM_HEAVY_TRAFFIC'},20,{6},5.0
2e698c6d,2e698c6c4,2020-11-22,14,{'JAM'},{'JAM_HEAVY_TRAFFIC'},30,{6},5.0
2e698c6d,2e698c6c4,2020-11-22,15,{'JAM'},{'JAM_HEAVY_TRAFFIC'},33,{6},5.515151515151516
2e698c6d,2e698c6cc,2020-09-03,9,{'JAM'},{'JAM_STAND_STILL_TRAFFIC'},32,{6},5.0
2e698c6d,2e698c6cc,2020-09-05,14,{'JAM'},{'JAM_HEAVY_TRAFFIC'},63,{6},5.9523809523809526
2e698c6d,2e698c6cc,2020-09-10,7,{'JAM'},{'JAM_STAND_STILL_TRAFFIC'},18,{6},5.0
2e698c6d,2e698c6cc,2020-09-11,11,{'WEATHERHAZARD'},{'HAZARD_ON_ROAD_CONSTRUCTION'},23,{6},6.695652173913044
2e698c6d,2e698c6cc,2020-09-11,15,{'WEATHERHAZARD'},{'HAZARD_ON_ROAD_CONSTRUCTION'},90,{6},8.966666666666667
2e698c6d,2e698c6cc,2020-09-11,17,{'JAM'},{'JAM_HEAVY_TRAFFIC'},30,{6},5.0
2e698c6d,2e698c6cc,2020-09-12,12,{'WEATHERHAZARD'},{'HAZARD_ON_ROAD_CONSTRUCTION'},140,{6},8.778571428571428
2e698c6d,2e698c6cc,2020-09-13,10,{'WEATHERHAZARD'},{'HAZARD_ON_ROAD_CONSTRUCTION'},66,{6},6.909090909090909
2e698c6d,2e698c6cc,2020-09-13,11,{'JAM'},{'JAM_HEAVY_TRAFFIC'},30,{6},5.0
2e698c6d,2e698c6cc,2020-09-13,20,{'WEATHERHAZARD'},{'HAZARD_ON_ROAD_CONSTRUCTION'},59,{6},7.288135593220339
2e698c6d,2e698c6cc,2020-09-16,15,{'JAM'},{'JAM_HEAVY_TRAFFIC'},28,{6},5.0
2e698c6d,2e698c6cc,2020-09-17,17,{'JAM'},{'JAM_STAND_STILL_TRAFFIC'},33,{6},5.0
2e698c6d,2e698c6cc,2020-09-19,10,{'WEATHERHAZARD'},{'HAZARD_ON_ROAD_CONSTRUCTION'},29,{6},7.517241379310345
2e698c6d,2e698c6cc,2020-09-20,10,{'WEATHERHAZARD'},{'HAZARD_ON_ROAD_CONSTRUCTION'},48,{6},8.25
2e698c6d,2e698c6cc,2020-09-24,15,{'JAM'},{'JAM_STAND_STILL_TRAFFIC'},34,{6},5.0
2e698c6d,2e698c6cc,2020-09-30,14,{'JAM'},{'JAM_MODERATE_TRAFFIC'},31,{6},5.0
2e698c6d,2e698c6cc,2020-10-01,17,{'JAM'},{'JAM_STAND_STILL_TRAFFIC'},30,{6},5.766666666666667
2e698c6d,2e698c6cc,2020-10-02,16,{'JAM'},{'JAM_STAND_STILL_TRAFFIC'},32,{6},5.0
2e698c6d,2e698c6cc,2020-10-03,6,{'JAM'},{'JAM_MODERATE_TRAFFIC'},31,{6},5.0
2e698c6d,2e698c6cc,2020-10-05,14,{'JAM'},{'JAM_HEAVY_TRAFFIC'},33,{6},5.0
2e698c6d,2e698c6cc,2020-10-06,14,{'WEATHERHAZARD'},{'WEATHERHAZARD'},17,{6},6.117647058823529
2e698c6d,2e698c6cc,2020-10-06,15,{'JAM'},{'JAM_HEAVY_TRAFFIC'},30,{6},5.0
2e698c6d,2e698c6cc,2020-10-08,10,{'JAM'},{'JAM_STAND_STILL_TRAFFIC'},32,{6},5.0
2e698c6d,2e698c6cc,2020-10-08,11,{'JAM'},{'JAM'},31,{6},5.0
2e698c6d,2e698c6cc,2020-10-08,12,{'JAM'},{'JAM_HEAVY_TRAFFIC'},31,{6},5.709677419354839
2e698c6d,2e698c6cc,2020-10-08,13,{'JAM'},{'JAM_STAND_STILL_TRAFFIC'},33,{6},5.0
2e698c6d,2e698c6cc,2020-10-15,12,{'JAM'},{'JAM_MODERATE_TRAFFIC'},31,{6},5.0
2e698c6d,2e698c6cc,2020-10-17,13,{'JAM'},{'JAM_MODERATE_TRAFFIC'},30,{6},5.0
2e698c6d,2e698c6cc,2020-10-20,8,{'JAM'},{'JAM_STAND_STILL_TRAFFIC'},30,{6},5.0
2e698c6d,2e698c6cc,2020-10-23,9,{'JAM'},{'JAM_HEAVY_TRAFFIC'},31,{6},5.0
2e698c6d,2e698c6cc,2020-10-23,17,{'JAM'},{'JAM_MODERATE_TRAFFIC'},31,{6},5.0
2e698c6d,2e698c6cc,2020-10-25,13,{'JAM'},{'JAM_HEAVY_TRAFFIC'},31,{6},5.0
2e698c6d,2e698c6cc,2020-10-26,11,{'JAM'},{'JAM_STAND_STILL_TRAFFIC'},32,{6},5.78125
2e698c6d,2e698c6cc,2020-10-27,20,{'JAM'},{'JAM_STAND_STILL_TRAFFIC'},26,{6},5.0
2e698c6d,2e698c6cc,2020-10-30,17,{'JAM'},{'JAM_HEAVY_TRAFFIC'},35,{6},5.0
2e698c6d,2e698c6cc,2020-11-02,16,{'JAM'},{'JAM_STAND_STILL_TRAFFIC'},30,{6},6.733333333333333
2e698c6d,2e698c6cc,2020-11-04,8,{'JAM'},{'JAM_STAND_STILL_TRAFFIC'},33,{6},5.0
2e698c6d,2e698c6cc,2020-11-04,13,{'JAM'},{'JAM_STAND_STILL_TRAFFIC'},30,{6},5.0
2e698c6d,2e698c6cc,2020-11-04,16,{'JAM'},{'JAM_STAND_STILL_TRAFFIC'},32,{6},5.0
2e698c6d,2e698c6cc,2020-11-05,10,{'JAM'},{'JAM_STAND_STILL_TRAFFIC'},30,{6},5.966666666666667
2e698c6d,2e698c6cc,2020-11-07,16,{'JAM'},{'JAM_HEAVY_TRAFFIC'},32,{6},5.65625
2e698c6d,2e698c6cc,2020-11-08,13,{'JAM'},{'JAM_MODERATE_TRAFFIC'},30,{6},5.0
2e698c6d,2e698c6cc,2020-11-09,9,{'JAM'},{'JAM_MODERATE_TRAFFIC'},30,{6},5.0
2e698c6d,2e698c6cc,2020-11-10,11,{'JAM'},{'JAM_STAND_STILL_TRAFFIC'},32,{6},5.5625
2e698c6d,2e698c6cc,2020-11-10,16,{'JAM'},{'JAM_HEAVY_TRAFFIC'},30,{6},5.0
2e698c6d,2e698c6cc,2020-11-12,17,{'JAM'},{'JAM_STAND_STILL_TRAFFIC'},26,{6},5.0
2e698c6d,2e698c6cc,2020-11-15,10,{'JAM'},{'JAM_MODERATE_TRAFFIC'},30,{6},5.0
2e698c6d,2e698c6cc,2020-11-16,17,{'JAM'},{'JAM_MODERATE_TRAFFIC'},12,{6},5.0
2e698c6d,2e698c6cc,2020-11-20,10,{'JAM'},{'JAM_MODERATE_TRAFFIC'},30,{6},5.0
2e698c6d,2e698c6d4,2020-10-06,17,{'JAM'},{'JAM_HEAVY_TRAFFIC'},6,{2},5.0
2e698c6d,2e698c6d4,2020-10-08,14,{'JAM'},{'JAM_STAND_STILL_TRAFFIC'},6,{2},5.0
2e698c6d,2e698c6dc,2020-09-01,9,{'WEATHERHAZARD'},{'HAZARD_ON_ROAD_CAR_STOPPED'},31,{6},5.0
2e698c6d,2e698c6dc,2020-09-01,13,{'JAM'},{'JAM_MODERATE_TRAFFIC'},32,{6},5.0
2e698c6d,2e698c6dc,2020-09-01,18,{'JAM'},{'JAM_HEAVY_TRAFFIC'},33,{6},5.0
2e698c6d,2e698c6dc,2020-09-01,20,{'JAM'},{'JAM_MODERATE_TRAFFIC'},31,{6},5.0
2e698c6d,2e698c6dc,2020-09-02,16,{'JAM'},{'JAM_HEAVY_TRAFFIC'},32,{6},5.0
2e698c6d,2e698c6dc,2020-09-03,9,{'WEATHERHAZARD'},{'HAZARD_ON_ROAD_CAR_STOPPED'},17,{6},5.411764705882353
2e698c6d,2e698c6dc,2020-09-03,18,{'JAM'},"{'JAM', 'JAM_HEAVY_TRAFFIC'}",57,{6},5.0
2e698c6d,2e698c6dc,2020-09-04,18,{'JAM'},{'JAM_STAND_STILL_TRAFFIC'},32,{2},5.0
2e698c6d,2e698c6dc,2020-09-04,19,{'JAM'},{'JAM_MODERATE_TRAFFIC'},31,{2},5.0
2e698c6d,2e698c6dc,2020-09-05,14,{'JAM'},{'JAM_HEAVY_TRAFFIC'},32,{6},5.0
2e698c6d,2e698c6dc,2020-09-06,11,{'JAM'},{'JAM_MODERATE_TRAFFIC'},30,{6},5.0
2e698c6d,2e698c6dc,2020-09-08,18,{'JAM'},{'JAM_STAND_STILL_TRAFFIC'},30,{2},5.0
2e698c6d,2e698c6dc,2020-09-09,18,{'JAM'},{'JAM_HEAVY_TRAFFIC'},32,{2},5.0
2e698c6d,2e698c6dc,2020-09-11,8,{'JAM'},{'JAM'},39,{6},5.435897435897436
2e698c6d,2e698c6dc,2020-09-12,14,{'JAM'},{'JAM_STAND_STILL_TRAFFIC'},34,{6},5.0
2e698c6d,2e698c6dc,2020-09-15,16,{'JAM'},{'JAM_HEAVY_TRAFFIC'},31,{2},5.0
2e698c6d,2e698c6dc,2020-09-18,18,{'JAM'},{'JAM_HEAVY_TRAFFIC'},32,{6},5.0
2e698c6d,2e698c6dc,2020-09-19,14,{'JAM'},{'JAM_HEAVY_TRAFFIC'},16,{6},5.0
2e698c6d,2e698c6dc,2020-09-21,17,{'JAM'},{'JAM_STAND_STILL_TRAFFIC'},31,{6},5.0
2e698c6d,2e698c6dc,2020-09-22,16,{'JAM'},{'JAM_STAND_STILL_TRAFFIC'},31,{6},5.0
2e698c6d,2e698c6dc,2020-09-23,12,{'JAM'},{'JAM_MODERATE_TRAFFIC'},31,{6},5.0
2e698c6d,2e698c6dc,2020-09-23,18,{'JAM'},{'JAM_STAND_STILL_TRAFFIC'},28,{2},5.0
2e698c6d,2e698c6dc,2020-09-25,13,{'JAM'},{'JAM_HEAVY_TRAFFIC'},30,{6},5.0
2e698c6d,2e698c6dc,2020-09-26,18,{'JAM'},{'JAM_MODERATE_TRAFFIC'},33,{6},5.0
2e698c6d,2e698c6dc,2020-09-28,17,{'JAM'},{'JAM_HEAVY_TRAFFIC'},30,{6},5.666666666666667
2e698c6d,2e698c6dc,2020-09-30,17,{'JAM'},"{'JAM_MODERATE_TRAFFIC', 'JAM_HEAVY_TRAFFIC'}",50,{6},5.0
2e698c6d,2e698c6dc,2020-09-30,19,{'JAM'},{'JAM_HEAVY_TRAFFIC'},31,{6},5.0
2e698c6d,2e698c6dc,2020-10-01,17,{'JAM'},{'JAM_STAND_STILL_TRAFFIC'},33,{6},5.0
2e698c6d,2e698c6dc,2020-10-01,21,{'WEATHERHAZARD'},{'HAZARD_ON_SHOULDER_CAR_STOPPED'},46,{6},7.304347826086956
2e698c6d,2e698c6dc,2020-10-02,18,{'JAM'},"{'JAM_STAND_STILL_TRAFFIC', 'JAM_HEAVY_TRAFFIC'}",63,"{2, 6}",5.4603174603174605
2e698c6d,2e698c6dc,2020-10-03,12,{'JAM'},{'JAM_MODERATE_TRAFFIC'},29,{6},5.0
2e698c6d,2e698c6dc,2020-10-05,12,{'JAM'},{'JAM_MODERATE_TRAFFIC'},32,{6},5.0
2e698c6d,2e698c6dc,2020-10-05,15,{'JAM'},{'JAM_STAND_STILL_TRAFFIC'},34,{6},5.0
2e698c6d,2e698c6dc,2020-10-05,18,{'JAM'},{'JAM_STAND_STILL_TRAFFIC'},64,"{2, 6}",5.0
2e698c6d,2e698c6dc,2020-10-06,13,{'JAM'},{'JAM_MODERATE_TRAFFIC'},10,{6},5.0
2e698c6d,2e698c6dc,2020-10-06,14,{'JAM'},{'JAM_HEAVY_TRAFFIC'},23,{6},5.0
2e698c6d,2e698c6dc,2020-10-08,10,{'JAM'},{'JAM_STAND_STILL_TRAFFIC'},31,{2},5.0
2e698c6d,2e698c6dc,2020-10-08,11,{'JAM'},"{'JAM_STAND_STILL_TRAFFIC', 'JAM_HEAVY_TRAFFIC'}",63,"{2, 6}",5.0
2e698c6d,2e698c6dc,2020-10-08,12,{'JAM'},{'JAM_HEAVY_TRAFFIC'},45,{2},6.266666666666667
2e698c6d,2e698c6dc,2020-10-08,13,{'JAM'},"{'JAM_STAND_STILL_TRAFFIC', 'JAM_HEAVY_TRAFFIC'}",97,"{2, 6}",5.443298969072165
2e698c6d,2e698c6dc,2020-10-08,14,{'JAM'},{'JAM_STAND_STILL_TRAFFIC'},16,{6},5.375
2e698c6d,2e698c6dc,2020-10-09,18,{'JAM'},{'JAM_STAND_STILL_TRAFFIC'},32,{2},5.5
2e698c6d,2e698c6dc,2020-10-10,12,{'JAM'},{'JAM_STAND_STILL_TRAFFIC'},33,{6},5.0
2e698c6d,2e698c6dc,2020-10-10,15,{'JAM'},"{'JAM_STAND_STILL_TRAFFIC', 'JAM_HEAVY_TRAFFIC'}",75,"{2, 6}",5.693333333333333
2e698c6d,2e698c6dc,2020-10-11,13,{'JAM'},{'JAM_MODERATE_TRAFFIC'},31,{6},5.0
2e698c6d,2e698c6dc,2020-10-12,17,{'JAM'},{'JAM_STAND_STILL_TRAFFIC'},6,{6},5.0
2e698c6d,2e698c6dc,2020-10-14,15,{'JAM'},{'JAM_MODERATE_TRAFFIC'},31,{6},5.0
2e698c6d,2e698c6dc,2020-10-15,15,{'JAM'},{'JAM_MODERATE_TRAFFIC'},30,{6},5.0
2e698c6d,2e698c6dc,2020-10-15,17,{'JAM'},{'JAM_STAND_STILL_TRAFFIC'},34,{2},5.0
2e698c6d,2e698c6dc,2020-10-15,18,{'JAM'},"{'JAM_STAND_STILL_TRAFFIC', 'JAM_HEAVY_TRAFFIC'}",71,{6},5.535211267605634
2e698c6d,2e698c6dc,2020-10-16,18,{'JAM'},{'JAM_STAND_STILL_TRAFFIC'},71,{6},5.436619718309859
2e698c6d,2e698c6dc,2020-10-16,19,{'JAM'},{'JAM_HEAVY_TRAFFIC'},37,{6},5.4324324324324325
2e698c6d,2e698c6dc,2020-10-17,15,{'JAM'},{'JAM_STAND_STILL_TRAFFIC'},34,{6},5.4411764705882355
2e698c6d,2e698c6dc,2020-10-19,17,{'JAM'},{'JAM_HEAVY_TRAFFIC'},33,{6},5.9393939393939394
2e698c6d,2e698c6dc,2020-10-19,19,{'JAM'},{'JAM_STAND_STILL_TRAFFIC'},64,"{2, 6}",5.0
2e698c6d,2e698c6dc,2020-10-20,18,{'JAM'},{'JAM_HEAVY_TRAFFIC'},31,{2},5.0
2e698c6d,2e698c6dc,2020-10-21,13,{'JAM'},{'JAM_HEAVY_TRAFFIC'},36,{6},5.472222222222222
2e698c6d,2e698c6dc,2020-10-21,14,{'JAM'},"{'JAM', 'JAM_STAND_STILL_TRAFFIC'}",62,{6},5.354838709677419
2e698c6d,2e698c6dc,2020-10-21,19,{'JAM'},{'JAM_STAND_STILL_TRAFFIC'},29,{6},5.0
2e698c6d,2e698c6dc,2020-10-22,12,{'JAM'},{'JAM_HEAVY_TRAFFIC'},33,{6},5.0
2e698c6d,2e698c6dc,2020-10-23,14,{'JAM'},{'JAM_STAND_STILL_TRAFFIC'},33,{6},5.909090909090909
2e698c6d,2e698c6dc,2020-10-23,19,{'JAM'},{'JAM_MODERATE_TRAFFIC'},32,{6},5.0
2e698c6d,2e698c6dc,2020-10-24,14,{'JAM'},"{'JAM_STAND_STILL_TRAFFIC', 'JAM_HEAVY_TRAFFIC'}",83,"{2, 6}",5.204819277108434
2e698c6d,2e698c6dc,2020-10-24,15,{'JAM'},{'JAM_STAND_STILL_TRAFFIC'},30,{6},5.0
2e698c6d,2e698c6dc,2020-10-25,16,{'JAM'},{'JAM_MODERATE_TRAFFIC'},30,{6},5.0
2e698c6d,2e698c6dc,2020-10-26,15,{'JAM'},{'JAM_STAND_STILL_TRAFFIC'},31,{6},5.0
2e698c6d,2e698c6dc,2020-10-27,19,{'JAM'},{'JAM_STAND_STILL_TRAFFIC'},31,{2},5.0
2e698c6d,2e698c6dc,2020-10-28,12,{'JAM'},{'JAM_STAND_STILL_TRAFFIC'},33,{2},5.0
2e698c6d,2e698c6dc,2020-10-28,17,{'JAM'},{'JAM_STAND_STILL_TRAFFIC'},5,{2},5.0
2e698c6d,2e698c6dc,2020-10-28,18,{'JAM'},"{'JAM_STAND_STILL_TRAFFIC', 'JAM_MODERATE_TRAFFIC'}",62,{2},5.790322580645161
2e698c6d,2e698c6dc,2020-10-31,11,{'JAM'},{'JAM_HEAVY_TRAFFIC'},34,{6},6.0
2e698c6d,2e698c6dc,2020-10-31,13,{'JAM'},{'JAM_MODERATE_TRAFFIC'},62,"{2, 6}",5.0
2e698c6d,2e698c6dc,2020-10-31,17,{'JAM'},{'JAM_STAND_STILL_TRAFFIC'},47,{2},6.1063829787234045
2e698c6d,2e698c6dc,2020-11-02,6,{'JAM'},{'JAM_HEAVY_TRAFFIC'},31,{2},5.0
2e698c6d,2e698c6dc,2020-11-02,13,{'JAM'},{'JAM_HEAVY_TRAFFIC'},32,{6},5.0
2e698c6d,2e698c6dc,2020-11-02,15,{'JAM'},{'JAM_HEAVY_TRAFFIC'},31,{6},5.0
2e698c6d,2e698c6dc,2020-11-02,18,{'JAM'},"{'JAM_STAND_STILL_TRAFFIC', 'JAM_HEAVY_TRAFFIC'}",63,"{2, 6}",5.4603174603174605
2e698c6d,2e698c6dc,2020-11-03,19,{'JAM'},{'JAM_STAND_STILL_TRAFFIC'},36,{2},6.194444444444445
2e698c6d,2e698c6dc,2020-11-04,15,{'JAM'},{'JAM'},30,{6},5.0
2e698c6d,2e698c6dc,2020-11-04,16,"{'JAM', 'WEATHERHAZARD'}","{'HAZARD_ON_SHOULDER_CAR_STOPPED', 'JAM_STAND_STILL_TRAFFIC', 'JAM_HEAVY_TRAFFIC'}",95,{6},5.336842105263158
2e698c6d,2e698c6dc,2020-11-04,17,{'JAM'},{'JAM_HEAVY_TRAFFIC'},30,{6},5.0
2e698c6d,2e698c6dc,2020-11-04,18,{'JAM'},"{'JAM_STAND_STILL_TRAFFIC', 'JAM_HEAVY_TRAFFIC'}",74,"{2, 6}",5.22972972972973
2e698c6d,2e698c6dc,2020-11-05,16,{'JAM'},{'JAM_STAND_STILL_TRAFFIC'},31,{6},5.0
2e698c6d,2e698c6dc,2020-11-05,17,{'JAM'},{'JAM_STAND_STILL_TRAFFIC'},62,{6},5.354838709677419
2e698c6d,2e698c6dc,2020-11-05,18,{'JAM'},{'JAM_STAND_STILL_TRAFFIC'},32,{2},5.0
2e698c6d,2e698c6dc,2020-11-05,19,{'JAM'},{'JAM_STAND_STILL_TRAFFIC'},34,{2},5.470588235294118
2e698c6d,2e698c6dc,2020-11-05,20,{'JAM'},{'JAM_STAND_STILL_TRAFFIC'},36,{6},5.388888888888889
2e698c6d,2e698c6dc,2020-11-06,18,{'JAM'},"{'JAM', 'JAM_HEAVY_TRAFFIC'}",92,"{2, 6}",5.315217391304348
2e698c6d,2e698c6dc,2020-11-07,14,{'JAM'},{'JAM_STAND_STILL_TRAFFIC'},69,"{2, 6}",5.246376811594203
2e698c6d,2e698c6dc,2020-11-09,11,{'JAM'},{'JAM_HEAVY_TRAFFIC'},31,{6},5.0
2e698c6d,2e698c6dc,2020-11-10,12,{'JAM'},{'JAM_HEAVY_TRAFFIC'},31,{6},5.0
2e698c6d,2e698c6dc,2020-11-10,17,{'JAM'},{'JAM_STAND_STILL_TRAFFIC'},33,{6},5.0
2e698c6d,2e698c6dc,2020-11-11,9,{'JAM'},{'JAM'},16,{6},6.0
2e698c6d,2e698c6dc,2020-11-11,20,"{'JAM', 'ACCIDENT'}","{'JAM', 'ACCIDENT'}",68,"{2, 6}",5.470588235294118
2e698c6d,2e698c6dc,2020-11-12,15,{'JAM'},{'JAM_STAND_STILL_TRAFFIC'},30,{6},5.0
2e698c6d,2e698c6dc,2020-11-12,18,{'JAM'},{'JAM_STAND_STILL_TRAFFIC'},32,{2},5.0
2e698c6d,2e698c6dc,2020-11-13,11,{'JAM'},{'JAM_HEAVY_TRAFFIC'},34,{6},5.0
2e698c6d,2e698c6dc,2020-11-13,17,{'JAM'},{'JAM_HEAVY_TRAFFIC'},30,{6},5.0
2e698c6d,2e698c6dc,2020-11-16,19,{'JAM'},{'JAM_STAND_STILL_TRAFFIC'},33,{6},5.0
2e698c6d,2e698c6dc,2020-11-17,17,{'JAM'},{'JAM_STAND_STILL_TRAFFIC'},31,{6},5.0
2e698c6d,2e698c6dc,2020-11-17,18,{'JAM'},{'JAM_STAND_STILL_TRAFFIC'},38,{6},5.421052631578948
2e698c6d,2e698c6dc,2020-11-18,14,{'JAM'},{'JAM_HEAVY_TRAFFIC'},31,{6},5.0
2e698c6f,2e698c6e4,2020-09-01,15,{'WEATHERHAZARD'},{'HAZARD_ON_SHOULDER_CAR_STOPPED'},38,{6},6.605263157894737
2e698c6f,2e698c6e4,2020-09-01,16,{'WEATHERHAZARD'},{'HAZARD_ON_ROAD_POT_HOLE'},1851,{2},8.076175040518638
2e698c6f,2e698c6e4,2020-09-02,16,{'JAM'},{'JAM_HEAVY_TRAFFIC'},15,{6},5.0
2e698c6f,2e698c6e4,2020-09-03,10,{'JAM'},{'JAM_HEAVY_TRAFFIC'},20,{2},5.0
2e698c6f,2e698c6e4,2020-09-04,18,{'JAM'},{'JAM_STAND_STILL_TRAFFIC'},32,{2},5.0
2e698c6f,2e698c6e4,2020-09-05,14,{'JAM'},{'JAM_STAND_STILL_TRAFFIC'},30,{6},5.0
2e698c6f,2e698c6e4,2020-09-25,17,{'JAM'},{'JAM_STAND_STILL_TRAFFIC'},32,{2},5.65625
2e698c6f,2e698c6e4,2020-10-08,12,{'JAM'},{'JAM_STAND_STILL_TRAFFIC'},19,{2},5.684210526315789
2e698c6f,2e698c6e4,2020-10-08,13,{'JAM'},{'JAM_STAND_STILL_TRAFFIC'},34,{2},5.0
2e698c6f,2e698c6e4,2020-10-08,14,{'JAM'},{'JAM_STAND_STILL_TRAFFIC'},50,{2},6.32
2e698c6f,2e698c6e4,2020-10-15,17,{'JAM'},{'JAM_STAND_STILL_TRAFFIC'},55,{2},5.454545454545454
2e698c6f,2e698c6e4,2020-10-15,18,{'JAM'},{'JAM_STAND_STILL_TRAFFIC'},38,{6},5.5
2e698c6f,2e698c6e4,2020-10-16,18,{'JAM'},{'JAM_STAND_STILL_TRAFFIC'},6,{6},5.0
2e698c6f,2e698c6e4,2020-10-22,16,{'JAM'},{'JAM_STAND_STILL_TRAFFIC'},6,{2},5.0
2e698c6f,2e698c6e4,2020-10-27,19,{'JAM'},{'JAM_STAND_STILL_TRAFFIC'},31,{6},5.0
2e698c6f,2e698c6e4,2020-10-28,11,{'JAM'},{'JAM_STAND_STILL_TRAFFIC'},23,{2},5.0
2e698c6f,2e698c6e4,2020-11-02,18,{'JAM'},{'JAM_STAND_STILL_TRAFFIC'},31,{2},5.0
2e698c6f,2e698c6e4,2020-11-04,18,{'JAM'},{'JAM_STAND_STILL_TRAFFIC'},30,{2},5.0
2e698c6f,2e698c6e4,2020-11-06,19,{'JAM'},"{'JAM_STAND_STILL_TRAFFIC', 'JAM_HEAVY_TRAFFIC'}",102,"{2, 6}",5.5588235294117645
2e698c6f,2e698c6e4,2020-11-07,14,{'JAM'},{'JAM_STAND_STILL_TRAFFIC'},19,{2},5.0
2e698c6f,2e698c6e4,2020-11-11,18,{'JAM'},{'JAM_HEAVY_TRAFFIC'},36,{2},5.5
2e698c6f,2e698c6e4,2020-11-17,17,{'JAM'},{'JAM_STAND_STILL_TRAFFIC'},33,{6},6.0
2e698c6f,2e698c6f4,2020-10-25,8,{'JAM'},{'JAM_MODERATE_TRAFFIC'},30,{1},5.0
2e698c71,2e698c704,2020-09-02,7,{'WEATHERHAZARD'},{'HAZARD_ON_ROAD_POT_HOLE'},339,{2},9.7905604719764
2e698c71,2e698c704,2020-09-05,13,{'WEATHERHAZARD'},{'HAZARD_ON_ROAD_POT_HOLE'},240,{2},9.870833333333334
2e698c71,2e698c704,2020-09-06,4,{'WEATHERHAZARD'},{'WEATHERHAZARD'},30,{2},6.233333333333333
2e698c71,2e698c704,2020-09-07,14,{'JAM'},{'JAM'},5,{2},5.0
2e698c71,2e698c704,2020-09-20,20,{'WEATHERHAZARD'},{'HAZARD_ON_ROAD_POT_HOLE'},685,{2},9.204379562043796
2e698c71,2e698c704,2020-09-23,7,{'WEATHERHAZARD'},{'HAZARD_ON_ROAD_POT_HOLE'},649,{2},8.855161787365176
2e698c71,2e698c704,2020-09-24,7,{'WEATHERHAZARD'},{'HAZARD_ON_ROAD_POT_HOLE'},318,{2},7.264150943396227
2e698c71,2e698c704,2020-10-05,7,{'WEATHERHAZARD'},{'HAZARD_ON_ROAD_POT_HOLE'},285,{2},8.596491228070175
2e698c71,2e698c704,2020-10-06,8,{'JAM'},{'JAM_HEAVY_TRAFFIC'},35,{6},5.457142857142857
2e698c71,2e698c704,2020-10-15,7,{'WEATHERHAZARD'},{'HAZARD_ON_ROAD_POT_HOLE'},385,{2},8.477922077922077
2e698c71,2e698c704,2020-10-29,12,{'WEATHERHAZARD'},{'HAZARD_ON_ROAD_POT_HOLE'},246,{2},7.59349593495935
2e698c71,2e698c704,2020-10-31,0,{'WEATHERHAZARD'},{'HAZARD_ON_ROAD_CAR_STOPPED'},34,{6},5.0
2e698c71,2e698c704,2020-11-04,12,{'WEATHERHAZARD'},{'HAZARD_ON_ROAD_POT_HOLE'},131,{2},7.00763358778626
2e698c71,2e698c704,2020-11-21,12,{'WEATHERHAZARD'},{'HAZARD_ON_ROAD_ROAD_KILL'},42,{2},5.523809523809524
2e698c71,2e698c70c,2020-09-11,18,{'JAM'},{'JAM'},32,{1},5.0
2e698c71,2e698c70c,2020-10-27,18,{'JAM'},{'JAM_STAND_STILL_TRAFFIC'},30,{6},5.0
2e698c71,2e698c70c,2020-10-27,21,"{'JAM', 'WEATHERHAZARD'}","{'HAZARD_ON_SHOULDER_CAR_STOPPED', 'JAM_HEAVY_TRAFFIC'}",60,{6},5.25
2e698c71,2e698c70c,2020-10-28,12,{'JAM'},{'JAM_STAND_STILL_TRAFFIC'},21,{6},5.0
2e698c71,2e698c714,2020-09-29,11,{'JAM'},{'JAM_STAND_STILL_TRAFFIC'},21,{6},5.0
2e698c71,2e698c714,2020-09-30,11,{'JAM'},{'JAM_HEAVY_TRAFFIC'},35,{6},5.0
2e698c71,2e698c714,2020-11-16,17,{'ACCIDENT'},{'ACCIDENT'},118,{22},5.0
2e698c71,2e698c71c,2020-09-01,9,{'JAM'},{'JAM_HEAVY_TRAFFIC'},30,{6},5.0
2e698c71,2e698c71c,2020-09-19,13,{'WEATHERHAZARD'},{'WEATHERHAZARD'},31,{2},5.0
2e698c71,2e698c71c,2020-09-23,7,{'WEATHERHAZARD'},{'HAZARD_ON_ROAD_POT_HOLE'},315,{2},7.714285714285714
2e698c71,2e698c71c,2020-09-23,12,{'JAM'},{'JAM'},7,{6},5.0
2e698c71,2e698c71c,2020-09-25,16,{'JAM'},{'JAM_STAND_STILL_TRAFFIC'},40,{2},6.525
2e698c71,2e698c71c,2020-09-25,19,{'JAM'},{'JAM_STAND_STILL_TRAFFIC'},7,{2},5.0
2e698c71,2e698c71c,2020-10-05,7,{'WEATHERHAZARD'},{'HAZARD_ON_ROAD_POT_HOLE'},285,{2},8.242105263157894
2e698c71,2e698c71c,2020-10-06,17,{'JAM'},{'JAM_HEAVY_TRAFFIC'},45,{2},6.311111111111111
2e698c71,2e698c71c,2020-10-07,7,{'WEATHERHAZARD'},{'HAZARD_ON_ROAD_POT_HOLE'},143,{2},6.888111888111888
2e698c71,2e698c71c,2020-10-08,12,{'JAM'},{'JAM_STAND_STILL_TRAFFIC'},34,{6},5.0
2e698c71,2e698c71c,2020-10-08,14,{'JAM'},{'JAM_STAND_STILL_TRAFFIC'},179,"{2, 6, 7}",6.318435754189944
2e698c71,2e698c71c,2020-10-11,17,{'JAM'},{'JAM'},9,{6},5.0
2e698c71,2e698c71c,2020-10-15,7,{'WEATHERHAZARD'},{'HAZARD_ON_ROAD_POT_HOLE'},176,{2},8.215909090909092
2e698c71,2e698c71c,2020-10-23,14,{'JAM'},{'JAM_STAND_STILL_TRAFFIC'},25,{6},6.16
2e698c71,2e698c71c,2020-10-26,17,{'JAM'},{'JAM_HEAVY_TRAFFIC'},36,{6},5.638888888888889
2e698c71,2e698c71c,2020-10-26,18,{'JAM'},{'JAM_HEAVY_TRAFFIC'},31,{6},5.67741935483871
2e698c71,2e698c71c,2020-10-27,19,{'JAM'},{'JAM_STAND_STILL_TRAFFIC'},29,{2},5.0
2e698c71,2e698c71c,2020-10-27,20,{'JAM'},{'JAM_STAND_STILL_TRAFFIC'},39,{6},5.512820512820513
2e698c71,2e698c71c,2020-10-29,12,{'WEATHERHAZARD'},{'HAZARD_ON_ROAD_POT_HOLE'},86,{2},6.674418604651163
2e698c71,2e698c71c,2020-11-03,14,{'WEATHERHAZARD'},{'HAZARD_ON_ROAD_CAR_STOPPED'},42,{6},5.880952380952381
2e698c71,2e698c71c,2020-11-07,17,{'JAM'},{'JAM_MODERATE_TRAFFIC'},9,{2},5.0
2e698c71,2e698c71c,2020-11-08,0,{'JAM'},{'JAM'},31,{2},5.0
2e698c71,2e698c71c,2020-11-12,7,{'WEATHERHAZARD'},{'HAZARD_ON_SHOULDER_CAR_STOPPED'},33,{6},5.181818181818182
2e698c71,2e698c71c,2020-11-13,18,{'JAM'},{'JAM_STAND_STILL_TRAFFIC'},8,{2},5.0
2e698c71,2e698c71c,2020-11-17,7,{'JAM'},{'JAM_MODERATE_TRAFFIC'},16,{6},5.0
2e698c71,2e698c71c,2020-11-17,17,{'JAM'},{'JAM_HEAVY_TRAFFIC'},33,{2},5.515151515151516
2e698c71,2e698c71c,2020-11-19,16,{'WEATHERHAZARD'},{'HAZARD_ON_ROAD_CONSTRUCTION'},59,{2},6.067796610169491
2e698c71,2e698c71c,2020-11-20,11,{'JAM'},{'JAM_HEAVY_TRAFFIC'},31,{6},5.0
2e698c73,2e698c724,2020-10-08,13,{'JAM'},{'JAM_STAND_STILL_TRAFFIC'},31,{2},5.0
2e698c73,2e698c724,2020-10-08,14,{'JAM'},{'JAM_STAND_STILL_TRAFFIC'},70,{2},5.4714285714285715
2e698c73,2e698c724,2020-10-25,12,{'JAM'},{'JAM_MODERATE_TRAFFIC'},30,{22},5.0
2e698c73,2e698c724,2020-11-13,18,{'JAM'},{'JAM_STAND_STILL_TRAFFIC'},11,{2},5.0
2e698c73,2e698c724,2020-11-17,17,{'JAM'},"{'JAM_STAND_STILL_TRAFFIC', 'JAM_HEAVY_TRAFFIC'}",67,{2},5.776119402985074
2e698c77,2e698c764,2020-09-01,8,{'WEATHERHAZARD'},{'HAZARD_ON_ROAD_CAR_STOPPED'},30,{6},5.0
2e698c77,2e698c764,2020-09-02,14,{'JAM'},{'JAM_MODERATE_TRAFFIC'},12,{6},5.0
2e698c77,2e698c764,2020-09-12,17,{'WEATHERHAZARD'},{'HAZARD_ON_ROAD_CONSTRUCTION'},21,{6},5.904761904761905
2e698c77,2e698c764,2020-09-14,10,{'JAM'},{'JAM_HEAVY_TRAFFIC'},30,{6},5.0
2e698c77,2e698c764,2020-09-30,11,{'JAM'},{'JAM_STAND_STILL_TRAFFIC'},28,{6},5.0
2e698c77,2e698c764,2020-10-19,16,{'JAM'},{'JAM_HEAVY_TRAFFIC'},31,{6},5.32258064516129
2e698c77,2e698c764,2020-11-06,17,{'JAM'},{'JAM_HEAVY_TRAFFIC'},31,{6},5.903225806451613
2e698c77,2e698c764,2020-11-10,16,{'JAM'},{'JAM_HEAVY_TRAFFIC'},30,{6},5.0
2e698c77,2e698c764,2020-11-12,18,{'JAM'},{'JAM_MODERATE_TRAFFIC'},31,{6},5.0
2e698c77,2e698c764,2020-11-19,14,{'WEATHERHAZARD'},{'HAZARD_ON_ROAD_CONSTRUCTION'},108,{6},8.12962962962963
2e698c77,2e698c764,2020-11-22,14,{'JAM'},{'JAM_MODERATE_TRAFFIC'},16,{6},5.0
2e698c77,2e698c76c,2020-09-14,11,{'JAM'},{'JAM_HEAVY_TRAFFIC'},30,{6},5.0
2e698c77,2e698c76c,2020-09-16,17,{'JAM'},{'JAM_HEAVY_TRAFFIC'},31,{6},5.0
2e698c77,2e698c76c,2020-09-30,11,{'JAM'},{'JAM_HEAVY_TRAFFIC'},30,{22},5.0
2e698c77,2e698c76c,2020-11-05,17,{'JAM'},{'JAM_HEAVY_TRAFFIC'},13,{6},5.0
2e698c77,2e698c76c,2020-11-19,17,{'JAM'},{'JAM_STAND_STILL_TRAFFIC'},33,{6},5.0
2e698c77,2e698c76c,2020-11-21,17,{'JAM'},{'JAM_HEAVY_TRAFFIC'},24,{6},5.0
2e698c79,2e698c78c,2020-11-18,23,{'JAM'},{'JAM_STAND_STILL_TRAFFIC'},30,{1},5.0
2e698c7b,2e698c7a4,2020-10-20,12,{'JAM'},{'JAM_STAND_STILL_TRAFFIC'},30,{1},5.0
2e698c7b,2e698c7ac,2020-09-01,7,{'WEATHERHAZARD'},{'HAZARD_ON_ROAD_POT_HOLE'},190,{2},7.536842105263158
2e698c7b,2e698c7ac,2020-09-03,7,{'WEATHERHAZARD'},{'HAZARD_ON_ROAD_POT_HOLE'},120,{2},7.883333333333334
2e698c7b,2e698c7ac,2020-09-05,12,{'WEATHERHAZARD'},{'HAZARD_ON_ROAD_POT_HOLE'},50,{2},8.02
2e698c7b,2e698c7ac,2020-09-05,14,{'WEATHERHAZARD'},{'HAZARD_ON_ROAD_POT_HOLE'},135,{2},8.637037037037038
2e698c7b,2e698c7ac,2020-09-06,4,{'WEATHERHAZARD'},{'HAZARD_ON_ROAD_POT_HOLE'},1170,{2},7.007692307692308
2e698c7b,2e698c7ac,2020-09-09,7,{'WEATHERHAZARD'},{'HAZARD_ON_ROAD_POT_HOLE'},216,{2},8.726851851851851
2e698c7b,2e698c7ac,2020-09-09,11,{'WEATHERHAZARD'},{'HAZARD_ON_ROAD_POT_HOLE'},506,{2},7.229249011857707
2e698c7b,2e698c7ac,2020-09-11,7,{'WEATHERHAZARD'},{'HAZARD_ON_ROAD_POT_HOLE'},716,{2},8.544692737430168
2e698c7b,2e698c7ac,2020-09-12,8,{'WEATHERHAZARD'},{'HAZARD_ON_ROAD_POT_HOLE'},127,{2},7.582677165354331
2e698c7b,2e698c7ac,2020-09-12,15,{'WEATHERHAZARD'},{'HAZARD_ON_ROAD_POT_HOLE'},281,{2},6.419928825622776
2e698c7b,2e698c7ac,2020-09-12,16,{'WEATHERHAZARD'},{'WEATHERHAZARD'},31,{2},5.0
2e698c7b,2e698c7ac,2020-09-15,7,{'WEATHERHAZARD'},{'HAZARD_ON_ROAD_POT_HOLE'},155,{2},5.393548387096774
2e698c7b,2e698c7ac,2020-09-16,7,{'WEATHERHAZARD'},{'HAZARD_ON_ROAD_POT_HOLE'},340,{2},9.044117647058824
2e698c7b,2e698c7ac,2020-09-17,7,{'WEATHERHAZARD'},{'HAZARD_ON_ROAD_POT_HOLE'},154,{2},6.616883116883117
2e698c7b,2e698c7ac,2020-09-20,20,{'WEATHERHAZARD'},{'HAZARD_ON_ROAD_POT_HOLE'},1073,{2},6.5806150978564775
2e698c7b,2e698c7ac,2020-09-21,6,{'WEATHERHAZARD'},{'HAZARD_ON_ROAD_POT_HOLE'},518,{2},7.6891891891891895
2e698c7b,2e698c7ac,2020-09-22,7,"{'JAM', 'WEATHERHAZARD'}","{'JAM_STAND_STILL_TRAFFIC', 'HAZARD_ON_ROAD_POT_HOLE'}",323,{2},8.006191950464396
2e698c7b,2e698c7ac,2020-09-23,7,{'WEATHERHAZARD'},{'HAZARD_ON_ROAD_POT_HOLE'},197,{2},7.969543147208122
2e698c7b,2e698c7ac,2020-09-24,7,{'WEATHERHAZARD'},{'HAZARD_ON_ROAD_POT_HOLE'},1110,{2},6.667567567567567
2e698c7b,2e698c7ac,2020-09-28,14,{'WEATHERHAZARD'},{'HAZARD_ON_ROAD_POT_HOLE'},168,{2},6.767857142857143
2e698c7b,2e698c7ac,2020-10-05,7,{'WEATHERHAZARD'},{'HAZARD_ON_ROAD_POT_HOLE'},345,{2},9.069565217391304
2e698c7b,2e698c7ac,2020-10-12,5,{'JAM'},{'JAM_MODERATE_TRAFFIC'},30,{2},5.0
2e698c7b,2e698c7ac,2020-10-14,16,{'WEATHERHAZARD'},{'HAZARD_ON_ROAD_POT_HOLE'},96,{2},6.3125
2e698c7b,2e698c7ac,2020-10-15,7,{'WEATHERHAZARD'},{'HAZARD_ON_ROAD_POT_HOLE'},138,{2},8.101449275362318
2e698c7b,2e698c7ac,2020-10-15,18,{'WEATHERHAZARD'},{'HAZARD_ON_ROAD_POT_HOLE'},213,{2},8.624413145539906
2e698c7b,2e698c7ac,2020-10-16,6,{'WEATHERHAZARD'},{'HAZARD_ON_ROAD_POT_HOLE'},181,{2},7.519337016574585
2e698c7b,2e698c7ac,2020-10-17,6,{'WEATHERHAZARD'},{'HAZARD_ON_ROAD_POT_HOLE'},269,{2},8.022304832713754
2e698c7b,2e698c7ac,2020-10-19,7,{'JAM'},{'JAM_MODERATE_TRAFFIC'},31,{2},5.0
2e698c7b,2e698c7ac,2020-10-20,6,{'WEATHERHAZARD'},{'HAZARD_ON_ROAD_POT_HOLE'},63,{2},6.285714285714286
2e698c7b,2e698c7ac,2020-10-21,7,{'WEATHERHAZARD'},{'HAZARD_ON_ROAD_POT_HOLE'},79,{2},5.2784810126582276
2e698c7b,2e698c7ac,2020-10-22,7,{'WEATHERHAZARD'},{'HAZARD_ON_ROAD_POT_HOLE'},148,{2},8.222972972972974
2e698c7b,2e698c7ac,2020-10-22,8,{'WEATHERHAZARD'},{'HAZARD_ON_ROAD_POT_HOLE'},262,{2},5.935114503816794
2e698c7b,2e698c7ac,2020-10-25,20,{'WEATHERHAZARD'},{'HAZARD_ON_ROAD_POT_HOLE'},677,{2},9.71344165435746
2e698c7b,2e698c7ac,2020-10-26,7,{'JAM'},{'JAM_HEAVY_TRAFFIC'},31,{2},5.0
2e698c7b,2e698c7ac,2020-10-26,8,{'JAM'},{'JAM_MODERATE_TRAFFIC'},64,{2},5.0
2e698c7b,2e698c7ac,2020-10-27,6,{'JAM'},{'JAM_MODERATE_TRAFFIC'},32,{2},5.0
2e698c7b,2e698c7ac,2020-10-27,16,{'WEATHERHAZARD'},{'HAZARD_WEATHER_FLOOD'},24,{2},5.666666666666667
2e698c7b,2e698c7ac,2020-10-29,13,{'WEATHERHAZARD'},{'HAZARD_ON_ROAD_POT_HOLE'},86,{2},7.058139534883721
2e698c7b,2e698c7ac,2020-10-31,12,{'WEATHERHAZARD'},{'HAZARD_ON_ROAD_POT_HOLE'},197,{2},8.634517766497462
2e698c7b,2e698c7ac,2020-11-01,10,{'WEATHERHAZARD'},{'HAZARD_ON_ROAD_POT_HOLE'},185,{2},8.118918918918919
2e698c7b,2e698c7ac,2020-11-01,15,{'WEATHERHAZARD'},{'HAZARD_ON_ROAD_POT_HOLE'},194,{2},7.603092783505154
2e698c7b,2e698c7ac,2020-11-02,6,{'JAM'},{'JAM_STAND_STILL_TRAFFIC'},6,{2},5.0
2e698c7b,2e698c7ac,2020-11-02,7,{'JAM'},{'JAM_HEAVY_TRAFFIC'},30,{2},5.933333333333334
2e698c7b,2e698c7ac,2020-11-04,7,{'WEATHERHAZARD'},{'HAZARD_ON_ROAD_POT_HOLE'},878,{2},9.687927107061503
2e698c7b,2e698c7ac,2020-11-05,7,{'WEATHERHAZARD'},{'HAZARD_ON_ROAD_POT_HOLE'},230,{2},9.556521739130435
2e698c7b,2e698c7ac,2020-11-09,7,{'WEATHERHAZARD'},{'HAZARD_ON_ROAD_POT_HOLE'},505,{2},7.138613861386139
2e698c7b,2e698c7ac,2020-11-10,7,"{'JAM', 'WEATHERHAZARD'}","{'JAM_MODERATE_TRAFFIC', 'HAZARD_ON_ROAD_POT_HOLE'}",93,{2},6.182795698924731
2e698c7b,2e698c7ac,2020-11-12,7,{'WEATHERHAZARD'},{'HAZARD_ON_ROAD_POT_HOLE'},204,{2},7.887254901960785
2e698c7b,2e698c7ac,2020-11-15,14,{'WEATHERHAZARD'},{'HAZARD_ON_ROAD_POT_HOLE'},372,{2},9.231182795698924
2e698c7b,2e698c7ac,2020-11-15,16,{'JAM'},{'JAM_HEAVY_TRAFFIC'},35,{2},5.0
2e698c7b,2e698c7ac,2020-11-15,17,{'WEATHERHAZARD'},{'HAZARD_ON_ROAD_POT_HOLE'},183,{2},8.153005464480874
2e698c7b,2e698c7ac,2020-11-16,5,{'JAM'},{'JAM_MODERATE_TRAFFIC'},12,{2},5.0
2e698c7b,2e698c7ac,2020-11-16,11,{'JAM'},{'JAM_HEAVY_TRAFFIC'},34,{2},5.0
2e698c7b,2e698c7ac,2020-11-16,15,{'WEATHERHAZARD'},{'HAZARD_ON_ROAD_CONSTRUCTION'},423,{2},7.534278959810875
2e698c7b,2e698c7ac,2020-11-17,7,{'JAM'},{'JAM_HEAVY_TRAFFIC'},32,{2},5.0
2e698c7b,2e698c7ac,2020-11-17,8,{'WEATHERHAZARD'},{'HAZARD_ON_ROAD_CONSTRUCTION'},387,{2},8.591731266149871
2e698c7b,2e698c7ac,2020-11-17,12,{'WEATHERHAZARD'},{'HAZARD_ON_ROAD_POT_HOLE'},112,{2},7.982142857142857
2e698c7b,2e698c7ac,2020-11-17,16,"{'JAM', 'WEATHERHAZARD'}","{'JAM_STAND_STILL_TRAFFIC', 'HAZARD_ON_ROAD_CONSTRUCTION'}",153,{2},7.954248366013072
2e698c7b,2e698c7ac,2020-11-18,7,{'WEATHERHAZARD'},{'HAZARD_ON_ROAD_CONSTRUCTION'},451,{2},7.822616407982261
2e698c7b,2e698c7ac,2020-11-18,13,{'WEATHERHAZARD'},{'HAZARD_ON_ROAD_CONSTRUCTION'},134,{2},7.7835820895522385
2e698c7b,2e698c7ac,2020-11-20,7,{'WEATHERHAZARD'},{'HAZARD_ON_ROAD_CONSTRUCTION'},151,{2},6.973509933774834
2e698c7b,2e698c7ac,2020-11-21,12,{'WEATHERHAZARD'},{'HAZARD_ON_ROAD_CONSTRUCTION'},24,{2},6.583333333333333
2e698c7b,2e698c7b4,2020-10-01,16,{'WEATHERHAZARD'},{'HAZARD_ON_ROAD_POT_HOLE'},180,{2},8.0
2e698c7b,2e698c7b4,2020-10-05,7,{'WEATHERHAZARD'},{'HAZARD_ON_ROAD_POT_HOLE'},355,{2},5.901408450704225
2e698c7b,2e698c7b4,2020-10-20,18,{'WEATHERHAZARD'},"{'HAZARD_WEATHER_FLOOD', 'HAZARD_ON_ROAD_POT_HOLE'}",333,{2},8.762762762762764
2e698c7b,2e698c7b4,2020-10-22,8,{'WEATHERHAZARD'},{'HAZARD_ON_ROAD_POT_HOLE'},548,{2},7.248175182481752
2e698c7b,2e698c7b4,2020-11-09,21,{'WEATHERHAZARD'},{'HAZARD_ON_ROAD_POT_HOLE'},749,{2},9.355140186915888
2e698c7b,2e698c7b4,2020-11-10,19,{'JAM'},{'JAM_MODERATE_TRAFFIC'},6,{2},5.0
2e698c7b,2e698c7b4,2020-11-16,19,{'JAM'},{'JAM_STAND_STILL_TRAFFIC'},63,{2},6.873015873015873
2e698c7b,2e698c7b4,2020-11-17,13,{'WEATHERHAZARD'},{'HAZARD_ON_ROAD_POT_HOLE'},211,{2},6.535545023696683
2e698c7d,2e698c7cc,2020-10-05,8,{'JAM'},{'JAM_STAND_STILL_TRAFFIC'},23,{2},5.0
2e698c7d,2e698c7cc,2020-10-06,4,{'JAM'},{'JAM_STAND_STILL_TRAFFIC'},26,{2},5.0
2e698c7d,2e698c7d4,2020-10-22,19,{'WEATHERHAZARD'},{'WEATHERHAZARD'},30,{1},5.0
2e698c7d,2e698c7dc,2020-09-02,6,{'WEATHERHAZARD'},{'HAZARD_ON_ROAD_POT_HOLE'},202,{2},8.950495049504951
2e698c7d,2e698c7dc,2020-09-04,6,{'WEATHERHAZARD'},{'HAZARD_ON_ROAD_POT_HOLE'},255,{2},9.68235294117647
2e698c7d,2e698c7dc,2020-09-08,6,{'WEATHERHAZARD'},{'HAZARD_ON_ROAD_POT_HOLE'},247,{2},9.461538461538462
2e698c7d,2e698c7dc,2020-10-05,7,{'JAM'},{'JAM_STAND_STILL_TRAFFIC'},30,{2},5.833333333333333
2e698c7d,2e698c7dc,2020-10-20,20,{'WEATHERHAZARD'},{'HAZARD_WEATHER_FLOOD'},30,{2},5.0
2e698c7f,2e698c7f4,2020-10-17,5,{'WEATHERHAZARD'},{'WEATHERHAZARD'},32,{1},5.0
2e698c81,2e698c804,2020-11-07,9,{'ACCIDENT'},{'ACCIDENT'},120,{1},5.0
2e698c81,2e698c80c,2020-11-08,16,{'JAM'},{'JAM'},32,{1},5.0
2e698c85,2e698c844,2020-09-01,9,{'WEATHERHAZARD'},{'HAZARD_ON_ROAD_POT_HOLE'},272,{2},6.073529411764706
2e698c85,2e698c844,2020-09-01,17,{'JAM'},{'JAM_STAND_STILL_TRAFFIC'},32,{2},5.0
2e698c85,2e698c844,2020-09-02,6,{'WEATHERHAZARD'},{'HAZARD_ON_ROAD_POT_HOLE'},509,{2},9.846758349705304
2e698c85,2e698c844,2020-09-03,17,{'JAM'},{'JAM_STAND_STILL_TRAFFIC'},34,{2},5.0
2e698c85,2e698c844,2020-09-04,6,{'WEATHERHAZARD'},{'HAZARD_ON_ROAD_POT_HOLE'},446,{2},9.876681614349776
2e698c85,2e698c844,2020-09-04,17,{'WEATHERHAZARD'},"{'HAZARD_ON_ROAD_CAR_STOPPED', 'HAZARD_ON_ROAD_POT_HOLE'}",120,{2},5.883333333333334
2e698c85,2e698c844,2020-09-05,12,{'WEATHERHAZARD'},{'HAZARD_ON_ROAD_POT_HOLE'},109,{2},8.18348623853211
2e698c85,2e698c844,2020-09-08,6,{'WEATHERHAZARD'},{'HAZARD_ON_ROAD_POT_HOLE'},324,{2},9.246913580246913
2e698c85,2e698c844,2020-09-12,15,{'WEATHERHAZARD'},{'HAZARD_ON_ROAD_POT_HOLE'},21,{2},6.571428571428571
2e698c85,2e698c844,2020-09-19,7,{'WEATHERHAZARD'},{'HAZARD_ON_ROAD_POT_HOLE'},82,{2},5.439024390243903
2e698c85,2e698c844,2020-09-22,16,{'WEATHERHAZARD'},{'HAZARD_ON_ROAD_POT_HOLE'},39,{2},6.512820512820513
2e698c85,2e698c844,2020-10-02,7,{'JAM'},{'JAM'},21,{2},5.0
2e698c85,2e698c844,2020-10-02,8,{'JAM'},{'JAM'},29,{2},5.0
2e698c85,2e698c844,2020-10-05,7,"{'JAM', 'WEATHERHAZARD'}","{'HAZARD_ON_ROAD_OBJECT', 'JAM_MODERATE_TRAFFIC', 'JAM_HEAVY_TRAFFIC'}",135,{2},6.185185185185185
2e698c85,2e698c844,2020-10-05,8,{'JAM'},{'JAM_HEAVY_TRAFFIC'},31,{2},5.967741935483871
2e698c85,2e698c844,2020-10-06,19,{'JAM'},{'JAM_HEAVY_TRAFFIC'},5,{2},5.0
2e698c85,2e698c844,2020-10-07,7,{'WEATHERHAZARD'},{'HAZARD_ON_ROAD_POT_HOLE'},21,{2},5.857142857142857
2e698c85,2e698c844,2020-10-08,17,{'JAM'},{'JAM_HEAVY_TRAFFIC'},11,{2},5.0
2e698c85,2e698c844,2020-10-11,19,{'JAM'},{'JAM_HEAVY_TRAFFIC'},31,{2},5.612903225806452
2e698c85,2e698c844,2020-10-15,17,{'JAM'},{'JAM_MODERATE_TRAFFIC'},30,{2},5.533333333333333
2e698c85,2e698c844,2020-10-20,19,{'JAM'},{'JAM_STAND_STILL_TRAFFIC'},31,{2},5.0
2e698c85,2e698c844,2020-10-20,20,{'JAM'},{'JAM_HEAVY_TRAFFIC'},32,{2},5.0
2e698c85,2e698c844,2020-10-21,17,"{'JAM', 'WEATHERHAZARD'}","{'HAZARD_ON_ROAD_CONSTRUCTION', 'JAM_HEAVY_TRAFFIC'}",55,{2},6.054545454545455
2e698c85,2e698c844,2020-10-21,18,{'JAM'},{'JAM_STAND_STILL_TRAFFIC'},33,{2},5.0
2e698c85,2e698c844,2020-10-23,17,{'JAM'},{'JAM_STAND_STILL_TRAFFIC'},31,{2},5.0
2e698c85,2e698c844,2020-10-23,18,{'WEATHERHAZARD'},{'HAZARD_ON_ROAD_CONSTRUCTION'},85,{2},9.270588235294118
2e698c85,2e698c844,2020-10-23,19,{'JAM'},{'JAM_STAND_STILL_TRAFFIC'},34,{2},5.529411764705882
2e698c85,2e698c844,2020-10-26,18,{'JAM'},{'JAM_STAND_STILL_TRAFFIC'},66,{2},6.2727272727272725
2e698c85,2e698c844,2020-10-26,19,"{'JAM', 'ACCIDENT'}","{'JAM_STAND_STILL_TRAFFIC', 'ACCIDENT'}",128,{2},5.0234375
2e698c85,2e698c844,2020-10-26,20,{'JAM'},{'JAM_STAND_STILL_TRAFFIC'},31,{2},5.0
2e698c85,2e698c844,2020-10-27,16,{'JAM'},{'JAM_MODERATE_TRAFFIC'},30,{2},5.0
2e698c85,2e698c844,2020-10-27,18,{'JAM'},{'JAM_STAND_STILL_TRAFFIC'},31,{2},5.0
2e698c85,2e698c844,2020-10-27,19,"{'JAM', 'WEATHERHAZARD'}","{'JAM_STAND_STILL_TRAFFIC', 'HAZARD_ON_ROAD_CONSTRUCTION', 'JAM_HEAVY_TRAFFIC'}",69,{2},6.130434782608695
2e698c85,2e698c844,2020-10-27,21,{'WEATHERHAZARD'},{'HAZARD_ON_ROAD_CONSTRUCTION'},619,{2},9.534733441033925
2e698c85,2e698c844,2020-10-28,6,{'JAM'},{'JAM_MODERATE_TRAFFIC'},6,{2},5.0
2e698c85,2e698c844,2020-11-01,7,{'WEATHERHAZARD'},{'HAZARD_ON_ROAD_CONSTRUCTION'},297,{2},8.434343434343434
2e698c85,2e698c844,2020-11-02,13,{'JAM'},{'JAM'},33,{20},5.0
2e698c85,2e698c844,2020-11-06,19,{'JAM'},{'JAM_STAND_STILL_TRAFFIC'},7,{2},5.0
2e698c85,2e698c844,2020-11-13,18,{'JAM'},{'JAM_HEAVY_TRAFFIC'},9,{2},5.0
2e698c85,2e698c844,2020-11-20,17,{'JAM'},{'JAM_STAND_STILL_TRAFFIC'},68,{2},6.102941176470588
2e698c85,2e698c844,2020-11-21,11,{'JAM'},{'JAM_MODERATE_TRAFFIC'},30,{2},5.0
2e698c85,2e698c84c,2020-11-02,13,{'JAM'},{'JAM_HEAVY_TRAFFIC'},10,{2},5.0
2e698c85,2e698c84c,2020-11-13,18,{'JAM'},{'JAM_MODERATE_TRAFFIC'},11,{2},5.0
2e698c85,2e698c84c,2020-11-17,18,{'JAM'},{'JAM_HEAVY_TRAFFIC'},19,{4},5.7368421052631575
2e698c85,2e698c854,2020-09-28,17,{'WEATHERHAZARD'},{'HAZARD_ON_SHOULDER_CAR_STOPPED'},30,{4},5.966666666666667
2e698c85,2e698c854,2020-10-02,21,{'JAM'},{'JAM_HEAVY_TRAFFIC'},30,{2},5.0
2e698c85,2e698c854,2020-10-13,7,{'JAM'},{'JAM_MODERATE_TRAFFIC'},8,{4},5.0
2e698c85,2e698c854,2020-11-03,16,{'JAM'},{'JAM_STAND_STILL_TRAFFIC'},9,{2},5.333333333333333
2e698c85,2e698c854,2020-11-05,17,{'JAM'},{'JAM_HEAVY_TRAFFIC'},17,{2},5.0
2e698c85,2e698c854,2020-11-06,12,{'JAM'},{'JAM_MODERATE_TRAFFIC'},31,{2},5.0
2e698c85,2e698c85c,2020-10-13,7,{'ACCIDENT'},{'ACCIDENT_MINOR'},144,{4},5.229166666666667
2e698c87,2e698c86c,2020-09-05,15,{'WEATHERHAZARD'},{'HAZARD_ON_ROAD_POT_HOLE'},116,{2},8.681034482758621
2e698c87,2e698c86c,2020-09-21,15,{'ACCIDENT'},{'ACCIDENT'},17,{2},5.823529411764706
2e698c87,2e698c86c,2020-09-24,7,{'JAM'},{'JAM_MODERATE_TRAFFIC'},7,{2},5.0
2e698c87,2e698c86c,2020-10-05,7,{'JAM'},"{'JAM_STAND_STILL_TRAFFIC', 'JAM_HEAVY_TRAFFIC'}",62,{2},5.0
2e698c87,2e698c86c,2020-10-25,20,{'WEATHERHAZARD'},{'HAZARD_ON_ROAD_POT_HOLE'},678,{2},9.466076696165192
2e698c87,2e698c86c,2020-10-28,6,{'JAM'},{'JAM_HEAVY_TRAFFIC'},25,{2},5.64
2e698c87,2e698c86c,2020-11-05,7,{'JAM'},{'JAM_MODERATE_TRAFFIC'},31,{2},5.0
2e698c87,2e698c86c,2020-11-17,12,{'WEATHERHAZARD'},{'HAZARD_ON_ROAD_CONSTRUCTION'},61,{2},8.21311475409836
2e698c87,2e698c86c,2020-11-17,16,{'WEATHERHAZARD'},{'HAZARD_ON_ROAD_CONSTRUCTION'},51,{2},7.333333333333333
2e698c87,2e698c86c,2020-11-18,7,{'WEATHERHAZARD'},{'HAZARD_ON_ROAD_CONSTRUCTION'},532,{2},8.892857142857142
2e698c87,2e698c86c,2020-11-18,15,"{'JAM', 'WEATHERHAZARD'}","{'JAM_STAND_STILL_TRAFFIC', 'HAZARD_ON_ROAD_CONSTRUCTION'}",126,{2},5.76984126984127
2e698c87,2e698c86c,2020-11-18,17,{'JAM'},{'JAM_HEAVY_TRAFFIC'},107,{2},5.710280373831775
2e698c87,2e698c86c,2020-11-19,8,{'JAM'},{'JAM_STAND_STILL_TRAFFIC'},21,{2},7.428571428571429
2e698c87,2e698c86c,2020-11-19,16,{'WEATHERHAZARD'},{'HAZARD_ON_ROAD_CONSTRUCTION'},61,{2},6.704918032786885
2e698c87,2e698c86c,2020-11-20,7,{'WEATHERHAZARD'},{'HAZARD_ON_ROAD_CONSTRUCTION'},144,{2},8.472222222222221
2e698c87,2e698c86c,2020-11-20,9,{'JAM'},{'JAM_STAND_STILL_TRAFFIC'},31,{2},5.0
2e698c87,2e698c86c,2020-11-20,14,"{'JAM', 'WEATHERHAZARD'}","{'JAM_STAND_STILL_TRAFFIC', 'HAZARD_ON_ROAD_CONSTRUCTION', 'HAZARD_ON_ROAD_POT_HOLE'}",252,{2},5.876984126984127
2e698c87,2e698c86c,2020-11-20,17,"{'JAM', 'WEATHERHAZARD'}","{'JAM_STAND_STILL_TRAFFIC', 'HAZARD_ON_ROAD_CONSTRUCTION'}",118,{2},7.288135593220339
2e698c87,2e698c86c,2020-11-21,12,{'WEATHERHAZARD'},{'HAZARD_ON_ROAD_CONSTRUCTION'},87,{2},8.528735632183908
2e698c87,2e698c86c,2020-11-21,17,{'JAM'},{'JAM_HEAVY_TRAFFIC'},31,{2},5.0
2e698c87,2e698c874,2020-10-05,7,{'JAM'},{'JAM_HEAVY_TRAFFIC'},78,{2},7.333333333333333
2e698c87,2e698c874,2020-10-20,20,{'WEATHERHAZARD'},{'HAZARD_WEATHER_FLOOD'},31,{2},5.0
2e698c87,2e698c874,2020-11-18,7,{'JAM'},{'JAM_HEAVY_TRAFFIC'},32,{2},5.0
2e698c87,2e698c874,2020-11-18,17,{'JAM'},{'JAM_HEAVY_TRAFFIC'},11,{2},5.0
2e698c87,2e698c874,2020-11-18,18,{'JAM'},{'JAM'},32,{2},5.0
2e698c87,2e698c874,2020-11-19,9,{'JAM'},{'JAM_HEAVY_TRAFFIC'},36,{2},5.0
2e698c87,2e698c874,2020-11-20,8,{'JAM'},{'JAM_STAND_STILL_TRAFFIC'},33,{2},5.0
2e698c87,2e698c874,2020-11-20,9,{'JAM'},{'JAM'},5,{2},5.0
2e698c87,2e698c874,2020-11-20,10,{'JAM'},{'JAM_HEAVY_TRAFFIC'},21,{2},5.0
2e698c87,2e698c874,2020-11-20,17,{'JAM'},{'JAM_STAND_STILL_TRAFFIC'},30,{2},7.766666666666667
2e698c87,2e698c874,2020-11-22,21,{'JAM'},{'JAM_MODERATE_TRAFFIC'},7,{2},5.0
2e698c87,2e698c87c,2020-10-27,2,{'JAM'},{'JAM'},32,{22},5.0
2e698c8b,2e698c8a4,2020-09-03,17,{'JAM'},{'JAM_STAND_STILL_TRAFFIC'},30,{2},5.0
2e698c8b,2e698c8a4,2020-09-10,19,"{'JAM', 'ACCIDENT'}","{'JAM', 'ACCIDENT'}",155,{1},5.0
2e698c8b,2e698c8a4,2020-09-18,19,"{'JAM', 'ACCIDENT'}","{'JAM', 'ACCIDENT'}",147,{1},5.0
2e698c8b,2e698c8a4,2020-09-24,20,{'JAM'},{'JAM'},33,{1},5.0
2e698c8b,2e698c8a4,2020-09-26,19,"{'JAM', 'ACCIDENT'}","{'JAM', 'ACCIDENT'}",307,{1},5.0
2e698c8b,2e698c8a4,2020-11-06,20,{'JAM'},{'JAM_STAND_STILL_TRAFFIC'},31,{2},5.0
2e698c8b,2e698c8a4,2020-11-20,17,{'JAM'},{'JAM_HEAVY_TRAFFIC'},34,{2},5.323529411764706
2e698c8b,2e698c8a4,2020-11-20,19,{'JAM'},{'JAM_STAND_STILL_TRAFFIC'},32,{2},6.25
2e698c8b,2e698c8ac,2020-10-03,13,{'JAM'},{'JAM_HEAVY_TRAFFIC'},30,{1},5.0
2e698c8b,2e698c8ac,2020-10-03,17,{'JAM'},{'JAM_HEAVY_TRAFFIC'},30,{1},6.933333333333334
2e698c8b,2e698c8ac,2020-10-20,18,{'WEATHERHAZARD'},{'HAZARD_WEATHER_FLOOD'},37,{2},8.108108108108109
2e698c8b,2e698c8ac,2020-11-01,15,{'JAM'},{'JAM_STAND_STILL_TRAFFIC'},8,{2},5.0
2e698c8b,2e698c8ac,2020-11-06,20,{'JAM'},{'JAM_STAND_STILL_TRAFFIC'},31,{2},5.935483870967742
2e698c8b,2e698c8ac,2020-11-08,14,{'JAM'},{'JAM_STAND_STILL_TRAFFIC'},32,{1},5.0
2e698c8b,2e698c8ac,2020-11-15,16,{'JAM'},{'JAM_STAND_STILL_TRAFFIC'},28,{2},5.0
2e698c8b,2e698c8ac,2020-11-18,17,{'JAM'},{'JAM_STAND_STILL_TRAFFIC'},31,{2},5.0
2e698c8b,2e698c8ac,2020-11-20,17,{'JAM'},{'JAM_STAND_STILL_TRAFFIC'},32,{1},5.65625
2e698c8b,2e698c8bc,2020-09-29,17,{'JAM'},{'JAM_STAND_STILL_TRAFFIC'},31,{2},5.0
2e698c8b,2e698c8bc,2020-09-29,18,{'WEATHERHAZARD'},{'HAZARD_ON_ROAD_CONSTRUCTION'},248,{2},6.193548387096774
2e698c8b,2e698c8bc,2020-10-01,17,{'JAM'},{'JAM_STAND_STILL_TRAFFIC'},22,{2},5.0
2e698c8b,2e698c8bc,2020-10-01,18,{'JAM'},{'JAM_MODERATE_TRAFFIC'},30,{2},5.0
2e698c8b,2e698c8bc,2020-10-01,21,{'JAM'},{'JAM_STAND_STILL_TRAFFIC'},30,{2},5.0
2e698c8b,2e698c8bc,2020-10-03,17,"{'JAM', 'WEATHERHAZARD'}","{'HAZARD_ON_ROAD_CONSTRUCTION', 'JAM_HEAVY_TRAFFIC'}",729,{2},8.556927297668038
2e698c8b,2e698c8bc,2020-10-04,13,{'WEATHERHAZARD'},{'HAZARD_ON_ROAD_CONSTRUCTION'},90,{2},7.311111111111111
2e698c8b,2e698c8bc,2020-10-06,18,"{'JAM', 'WEATHERHAZARD'}","{'HAZARD_ON_ROAD_CONSTRUCTION', 'JAM_HEAVY_TRAFFIC'}",753,{2},8.648074369189906
2e698c8b,2e698c8bc,2020-10-07,9,"{'JAM', 'WEATHERHAZARD'}","{'HAZARD_ON_ROAD_CONSTRUCTION', 'JAM_HEAVY_TRAFFIC'}",408,{2},8.068627450980392
2e698c8b,2e698c8bc,2020-10-07,16,{'WEATHERHAZARD'},{'HAZARD_ON_ROAD_CONSTRUCTION'},366,{2},6.885245901639344
2e698c8b,2e698c8bc,2020-10-10,11,{'JAM'},{'JAM_STAND_STILL_TRAFFIC'},29,{2},5.0
2e698c8b,2e698c8bc,2020-11-18,19,{'JAM'},{'JAM_HEAVY_TRAFFIC'},34,{2},5.0
2e698c8b,2e698c8bc,2020-11-21,16,{'JAM'},{'JAM_STAND_STILL_TRAFFIC'},30,{2},5.0
2e698c8d,2e698c8c4,2020-09-29,17,{'JAM'},{'JAM_STAND_STILL_TRAFFIC'},26,{2},5.0
2e698c8d,2e698c8c4,2020-10-06,18,{'JAM'},{'JAM_HEAVY_TRAFFIC'},32,{2},5.0
2e698c8d,2e698c8c4,2020-10-10,10,{'JAM'},{'JAM_HEAVY_TRAFFIC'},30,{2},5.0
2e698c8d,2e698c8c4,2020-11-20,18,{'JAM'},{'JAM_HEAVY_TRAFFIC'},6,{2},5.0
2e698c8d,2e698c8c4,2020-11-21,6,"{'JAM', 'ACCIDENT'}","{'JAM_STAND_STILL_TRAFFIC', 'ACCIDENT'}",129,{2},6.069767441860465
2e698c8d,2e698c8cc,2020-11-10,8,{'WEATHERHAZARD'},{'WEATHERHAZARD'},31,{1},5.0
2e698c8f,2e698c8e4,2020-09-19,19,{'WEATHERHAZARD'},{'WEATHERHAZARD'},31,{1},5.0
2e698c8f,2e698c8e4,2020-10-15,17,{'JAM'},{'JAM_MODERATE_TRAFFIC'},33,{1},5.454545454545454
2e698c8f,2e698c8ec,2020-09-01,21,{'WEATHERHAZARD'},{'HAZARD_ON_ROAD_CONSTRUCTION'},776,{4},9.494845360824742
2e698c8f,2e698c8ec,2020-09-28,16,{'JAM'},{'JAM_MODERATE_TRAFFIC'},14,{4},5.0
2e698c8f,2e698c8ec,2020-09-29,19,{'WEATHERHAZARD'},{'HAZARD_ON_SHOULDER_CAR_STOPPED'},31,{4},5.0
2e698c8f,2e698c8ec,2020-10-05,19,{'ACCIDENT'},{'ACCIDENT'},121,{1},5.43801652892562
2e698c8f,2e698c8ec,2020-10-06,15,{'JAM'},{'JAM_HEAVY_TRAFFIC'},31,{2},5.0
2e698c8f,2e698c8ec,2020-10-29,11,{'WEATHERHAZARD'},{'HAZARD_ON_SHOULDER_CAR_STOPPED'},42,{4},5.357142857142857
2e698c8f,2e698c8f4,2020-11-05,17,{'WEATHERHAZARD'},{'HAZARD_ON_SHOULDER_CAR_STOPPED'},38,{4},5.657894736842105
2e698c8f,2e698c8f4,2020-11-20,16,{'WEATHERHAZARD'},{'HAZARD_ON_ROAD_CAR_STOPPED'},35,{4},5.771428571428571
2e698c8f,2e698c8fc,2020-09-05,17,{'JAM'},"{'JAM_STAND_STILL_TRAFFIC', 'JAM_HEAVY_TRAFFIC'}",60,{2},5.0
2e698c8f,2e698c8fc,2020-09-13,16,{'JAM'},{'JAM_STAND_STILL_TRAFFIC'},18,{2},5.0
2e698c8f,2e698c8fc,2020-09-26,17,{'JAM'},{'JAM_HEAVY_TRAFFIC'},31,{2},5.0
2e698c8f,2e698c8fc,2020-10-05,11,{'JAM'},{'JAM_HEAVY_TRAFFIC'},31,{2},5.0
2e698c8f,2e698c8fc,2020-10-07,7,{'JAM'},{'JAM_STAND_STILL_TRAFFIC'},30,{2},5.0
2e698c8f,2e698c8fc,2020-10-10,15,{'JAM'},{'JAM_STAND_STILL_TRAFFIC'},32,{2},5.0
2e698c8f,2e698c8fc,2020-10-11,14,{'JAM'},{'JAM_STAND_STILL_TRAFFIC'},30,{2},5.0
2e698c8f,2e698c8fc,2020-10-23,9,{'JAM'},{'JAM_HEAVY_TRAFFIC'},61,{2},5.0
2e698c8f,2e698c8fc,2020-11-03,16,{'JAM'},{'JAM_STAND_STILL_TRAFFIC'},31,{2},5.0
2e698c8f,2e698c8fc,2020-11-05,17,{'JAM'},{'JAM_STAND_STILL_TRAFFIC'},30,{2},5.533333333333333
2e698c8f,2e698c8fc,2020-11-07,14,{'JAM'},{'JAM_MODERATE_TRAFFIC'},30,{2},5.0
2e698c8f,2e698c8fc,2020-11-07,17,{'JAM'},{'JAM_STAND_STILL_TRAFFIC'},61,{2},5.0
2e698c8f,2e698c8fc,2020-11-08,14,{'JAM'},{'JAM_HEAVY_TRAFFIC'},30,{2},5.0
2e698c8f,2e698c8fc,2020-11-08,16,{'JAM'},{'JAM_STAND_STILL_TRAFFIC'},33,{2},5.0
2e698c8f,2e698c8fc,2020-11-08,19,{'JAM'},{'JAM_STAND_STILL_TRAFFIC'},31,{2},5.0
2e698c8f,2e698c8fc,2020-11-10,15,{'JAM'},{'JAM_HEAVY_TRAFFIC'},91,{2},5.0
2e698c8f,2e698c8fc,2020-11-14,16,{'JAM'},{'JAM_MODERATE_TRAFFIC'},31,{2},5.0
2e698c8f,2e698c8fc,2020-11-17,19,{'JAM'},{'JAM_STAND_STILL_TRAFFIC'},50,{2},5.4
2e698c8f,2e698c8fc,2020-11-18,17,{'JAM'},{'JAM_STAND_STILL_TRAFFIC'},30,{2},5.0
2e698c91,2e698c91c,2020-11-21,10,{'JAM'},{'JAM_HEAVY_TRAFFIC'},31,{2},5.0
2e698c91,2e698c91c,2020-11-21,13,{'JAM'},{'JAM_STAND_STILL_TRAFFIC'},34,{2},5.0
2e698cdf,2e698cdfc,2020-11-01,22,{'ACCIDENT'},{'ACCIDENT_MAJOR'},122,{1},5.0
2e698ce3,2e698ce24,2020-10-27,16,{'JAM'},{'JAM_STAND_STILL_TRAFFIC'},33,{2},5.0
2e698ce3,2e698ce24,2020-11-04,14,{'JAM'},{'JAM_HEAVY_TRAFFIC'},19,{2},5.0
2e698ce3,2e698ce24,2020-11-06,17,{'WEATHERHAZARD'},{'HAZARD_ON_ROAD_POT_HOLE'},81,{2},5.592592592592593
2e698ce3,2e698ce34,2020-09-15,18,"{'JAM', 'WEATHERHAZARD'}","{'HAZARD_ON_ROAD_CAR_STOPPED', 'JAM_HEAVY_TRAFFIC'}",46,{7},5.5
2e698ce3,2e698ce34,2020-09-26,8,{'JAM'},{'JAM_HEAVY_TRAFFIC'},24,{7},5.0
2e698ce3,2e698ce34,2020-09-27,14,{'WEATHERHAZARD'},{'HAZARD_ON_SHOULDER_CAR_STOPPED'},31,{7},7.354838709677419
2e698ce3,2e698ce34,2020-10-26,7,{'ACCIDENT'},{'ACCIDENT'},122,{7},5.0
2e698ce3,2e698ce34,2020-10-27,13,{'JAM'},{'JAM_STAND_STILL_TRAFFIC'},31,{7},5.0
2e698ce3,2e698ce34,2020-10-27,14,{'JAM'},{'JAM_STAND_STILL_TRAFFIC'},8,{7},5.0
2e698ce3,2e698ce34,2020-11-05,18,{'JAM'},{'JAM_STAND_STILL_TRAFFIC'},39,{7},5.0
2e698ce3,2e698ce34,2020-11-05,20,{'JAM'},{'JAM_STAND_STILL_TRAFFIC'},155,{7},5.877419354838709
2e698ce3,2e698ce34,2020-11-10,19,{'JAM'},{'JAM_STAND_STILL_TRAFFIC'},16,{7},5.0
2e698ce3,2e698ce34,2020-11-20,8,{'WEATHERHAZARD'},{'HAZARD_ON_ROAD_POT_HOLE'},59,{1},5.3559322033898304
2e698ce3,2e698ce34,2020-11-21,11,{'JAM'},{'JAM_STAND_STILL_TRAFFIC'},32,{7},5.0
2e698ce3,2e698ce3c,2020-09-08,16,{'JAM'},{'JAM_HEAVY_TRAFFIC'},8,{7},5.0
2e698ce3,2e698ce3c,2020-09-08,17,{'JAM'},{'JAM_STAND_STILL_TRAFFIC'},6,{1},5.0
2e698ce3,2e698ce3c,2020-09-18,17,{'JAM'},{'JAM_MODERATE_TRAFFIC'},33,{2},5.0
2e698ce3,2e698ce3c,2020-09-23,11,{'JAM'},{'JAM_MODERATE_TRAFFIC'},5,{1},5.0
2e698ce3,2e698ce3c,2020-09-23,18,{'JAM'},{'JAM_STAND_STILL_TRAFFIC'},9,{2},5.0
2e698ce3,2e698ce3c,2020-10-09,14,{'JAM'},{'JAM_MODERATE_TRAFFIC'},35,{22},5.428571428571429
2e698ce3,2e698ce3c,2020-10-17,11,{'JAM'},{'JAM_HEAVY_TRAFFIC'},32,{2},5.0
2e698ce3,2e698ce3c,2020-10-24,14,{'WEATHERHAZARD'},{'HAZARD_ON_ROAD_POT_HOLE'},68,{1},6.6911764705882355
2e698ce3,2e698ce3c,2020-10-27,13,{'JAM'},{'JAM_STAND_STILL_TRAFFIC'},44,{20},5.340909090909091
2e698ce3,2e698ce3c,2020-11-05,18,{'JAM'},{'JAM_STAND_STILL_TRAFFIC'},33,{7},5.0
2e698ce3,2e698ce3c,2020-11-05,20,{'JAM'},{'JAM_STAND_STILL_TRAFFIC'},30,{7},5.0
2e698ce3,2e698ce3c,2020-11-05,21,{'JAM'},{'JAM_STAND_STILL_TRAFFIC'},46,{7},5.0
2e698ce3,2e698ce3c,2020-11-21,11,{'JAM'},{'JAM_HEAVY_TRAFFIC'},30,{7},5.0
2e698ce3,2e698ce3c,2020-11-21,16,{'WEATHERHAZARD'},{'HAZARD_ON_ROAD_POT_HOLE'},5,{1},6.6
2e698ce5,2e698ce54,2020-11-06,21,{'ACCIDENT'},{'ACCIDENT'},121,{1},5.0
2e698ced,2e698cec4,2020-10-24,23,{'JAM'},{'JAM'},32,{22},5.0
2e698ced,2e698cedc,2020-10-16,9,{'JAM'},{'JAM_HEAVY_TRAFFIC'},31,{1},5.0
2e698cef,2e698cee4,2020-10-03,15,{'JAM'},{'JAM_HEAVY_TRAFFIC'},5,{2},5.0
2e698cef,2e698cee4,2020-10-04,9,{'JAM'},{'JAM_HEAVY_TRAFFIC'},32,{2},5.0
2e698cf1,2e698cf0c,2020-10-31,14,{'ACCIDENT'},{'ACCIDENT_MAJOR'},66,{4},9.151515151515152
2e698cf3,2e698cf3c,2020-10-21,6,{'JAM'},{'JAM_STAND_STILL_TRAFFIC'},31,{1},5.0
2e698cf5,2e698cf44,2020-09-02,18,{'JAM'},{'JAM_HEAVY_TRAFFIC'},30,{2},5.0
2e698cf5,2e698cf44,2020-10-18,14,{'JAM'},{'JAM_STAND_STILL_TRAFFIC'},31,{1},5.0
2e698cf5,2e698cf44,2020-11-05,17,{'JAM'},{'JAM_STAND_STILL_TRAFFIC'},54,{2},5.0
2e698cf5,2e698cf44,2020-11-06,19,{'JAM'},{'JAM_STAND_STILL_TRAFFIC'},27,{2},6.0
2e698cf5,2e698cf54,2020-09-07,17,{'JAM'},{'JAM_MODERATE_TRAFFIC'},31,{2},5.0
2e698cf5,2e698cf54,2020-11-21,23,{'ACCIDENT'},{'ACCIDENT_MINOR'},121,{2},5.0
2e698cf5,2e698cf5c,2020-11-18,18,{'JAM'},{'JAM'},24,{2},5.0
2e698cf7,2e698cf6c,2020-10-31,16,{'JAM'},{'JAM_HEAVY_TRAFFIC'},8,{2},5.0
2e698cf7,2e698cf6c,2020-11-01,15,{'JAM'},{'JAM_STAND_STILL_TRAFFIC'},5,{2},5.0
2e698cf7,2e698cf6c,2020-11-19,22,{'JAM'},{'JAM_HEAVY_TRAFFIC'},6,{2},5.0
2e698cf7,2e698cf74,2020-09-02,18,{'WEATHERHAZARD'},{'HAZARD_ON_SHOULDER_CAR_STOPPED'},30,{2},7.666666666666667
2e698cf7,2e698cf74,2020-09-05,21,{'WEATHERHAZARD'},{'HAZARD_ON_SHOULDER_CAR_STOPPED'},32,{2},5.46875
2e698cf7,2e698cf74,2020-09-10,13,{'WEATHERHAZARD'},{'HAZARD_ON_ROAD_CONSTRUCTION'},147,{2},5.64625850340136
2e698cf7,2e698cf74,2020-09-14,19,{'WEATHERHAZARD'},{'HAZARD_ON_SHOULDER_CAR_STOPPED'},33,{2},5.0
2e698cf7,2e698cf74,2020-09-18,14,{'WEATHERHAZARD'},{'HAZARD_ON_SHOULDER_CAR_STOPPED'},47,{2},6.404255319148936
2e698cf7,2e698cf74,2020-09-20,16,{'WEATHERHAZARD'},{'HAZARD_ON_SHOULDER_CAR_STOPPED'},74,{2},7.148648648648648
2e698cf7,2e698cf74,2020-09-22,16,{'WEATHERHAZARD'},{'HAZARD_ON_SHOULDER_CAR_STOPPED'},31,{2},5.0
2e698cf7,2e698cf74,2020-09-26,17,{'WEATHERHAZARD'},{'HAZARD_ON_SHOULDER_CAR_STOPPED'},30,{2},6.533333333333333
2e698cf7,2e698cf74,2020-09-29,18,{'WEATHERHAZARD'},{'HAZARD_ON_SHOULDER_CAR_STOPPED'},30,{2},6.0
2e698cf7,2e698cf74,2020-10-11,20,{'WEATHERHAZARD'},{'HAZARD_ON_SHOULDER_CAR_STOPPED'},30,{2},5.0
2e698cf7,2e698cf74,2020-10-16,18,{'WEATHERHAZARD'},{'HAZARD_ON_SHOULDER_CAR_STOPPED'},33,{2},5.96969696969697
2e698cf7,2e698cf74,2020-10-29,16,{'WEATHERHAZARD'},{'HAZARD_ON_SHOULDER_CAR_STOPPED'},31,{2},5.774193548387097
2e698cf7,2e698cf74,2020-10-30,17,{'WEATHERHAZARD'},{'HAZARD_ON_SHOULDER_CAR_STOPPED'},34,{2},5.705882352941177
2e698cf7,2e698cf74,2020-10-31,18,{'WEATHERHAZARD'},{'HAZARD_ON_SHOULDER_CAR_STOPPED'},4,{2},5.5
2e698cf7,2e698cf74,2020-11-04,17,{'WEATHERHAZARD'},{'HAZARD_ON_SHOULDER_CAR_STOPPED'},35,{2},5.142857142857143
2e698cf7,2e698cf74,2020-11-05,18,{'JAM'},"{'JAM', 'JAM_STAND_STILL_TRAFFIC'}",125,"{2, 4}",5.952
2e698cf7,2e698cf74,2020-11-05,19,{'JAM'},"{'JAM', 'JAM_STAND_STILL_TRAFFIC'}",92,"{2, 4}",5.8478260869565215
2e698cf7,2e698cf74,2020-11-11,17,{'WEATHERHAZARD'},{'HAZARD_ON_SHOULDER_CAR_STOPPED'},12,{2},6.416666666666667
2e698cf7,2e698cf74,2020-11-19,16,{'WEATHERHAZARD'},{'HAZARD_ON_SHOULDER_CAR_STOPPED'},31,{2},5.67741935483871
2e698cf9,2e698cf8c,2020-09-22,8,{'JAM'},{'JAM_STAND_STILL_TRAFFIC'},30,{1},5.0
2e698cf9,2e698cf8c,2020-10-01,23,{'JAM'},{'JAM_MODERATE_TRAFFIC'},31,{1},5.0
2e698cf9,2e698cf8c,2020-10-02,0,{'ACCIDENT'},{'ACCIDENT'},123,{1},5.0
2e698cf9,2e698cf94,2020-09-13,0,{'JAM'},{'JAM'},7,{4},5.714285714285714
2e698cf9,2e698cf94,2020-09-18,14,{'WEATHERHAZARD'},{'HAZARD_ON_SHOULDER_CAR_STOPPED'},78,"{2, 4}",5.564102564102564
2e698cf9,2e698cf94,2020-09-25,16,{'WEATHERHAZARD'},{'HAZARD_ON_ROAD_CAR_STOPPED'},31,{2},5.935483870967742
2e698cf9,2e698cf94,2020-09-27,14,{'WEATHERHAZARD'},{'HAZARD_ON_SHOULDER_CAR_STOPPED'},32,{2},5.0
2e698cf9,2e698cf94,2020-09-27,18,{'WEATHERHAZARD'},{'HAZARD_ON_ROAD_CAR_STOPPED'},51,{2},5.803921568627451
2e698cf9,2e698cf94,2020-09-28,12,{'JAM'},{'JAM'},8,{4},5.0
2e698cf9,2e698cf94,2020-10-01,17,{'WEATHERHAZARD'},{'HAZARD_ON_SHOULDER_CAR_STOPPED'},34,{2},7.617647058823529
2e698cf9,2e698cf94,2020-10-09,14,{'JAM'},{'JAM_MODERATE_TRAFFIC'},5,{2},5.0
2e698cf9,2e698cf94,2020-10-10,18,{'WEATHERHAZARD'},{'HAZARD_ON_SHOULDER_CAR_STOPPED'},31,{2},5.032258064516129
2e698cf9,2e698cf94,2020-10-11,20,{'WEATHERHAZARD'},{'HAZARD_ON_SHOULDER_CAR_STOPPED'},32,{2},5.5
2e698cf9,2e698cf94,2020-10-17,15,{'JAM'},{'JAM'},33,{17},5.0
2e698cf9,2e698cf94,2020-10-31,17,{'JAM'},{'JAM_STAND_STILL_TRAFFIC'},7,{2},5.714285714285714
2e698cf9,2e698cf94,2020-11-01,13,{'JAM'},{'JAM_HEAVY_TRAFFIC'},62,{2},6.32258064516129
2e698cf9,2e698cf94,2020-11-04,17,{'JAM'},{'JAM_HEAVY_TRAFFIC'},5,{2},5.0
2e698cf9,2e698cf94,2020-11-05,15,{'JAM'},{'JAM_STAND_STILL_TRAFFIC'},33,{2},5.0
2e698cf9,2e698cf94,2020-11-05,16,{'JAM'},{'JAM_HEAVY_TRAFFIC'},46,{2},7.826086956521739
2e698cf9,2e698cf94,2020-11-05,18,{'JAM'},"{'JAM_STAND_STILL_TRAFFIC', 'JAM_HEAVY_TRAFFIC'}",62,{2},5.0
2e698cf9,2e698cf94,2020-11-05,19,{'JAM'},"{'JAM_STAND_STILL_TRAFFIC', 'JAM_HEAVY_TRAFFIC'}",95,{2},6.042105263157895
2e698cf9,2e698cf94,2020-11-05,20,{'JAM'},{'JAM_STAND_STILL_TRAFFIC'},16,{2},7.0
2e698cf9,2e698cf94,2020-11-06,13,{'JAM'},"{'JAM_STAND_STILL_TRAFFIC', 'JAM_HEAVY_TRAFFIC'}",47,"{2, 4}",5.48936170212766
2e698cf9,2e698cf94,2020-11-06,18,{'JAM'},{'JAM_HEAVY_TRAFFIC'},54,{2},6.851851851851852
2e698cf9,2e698cf94,2020-11-06,21,{'JAM'},{'JAM_HEAVY_TRAFFIC'},31,{2},5.0
2e698cf9,2e698cf94,2020-11-07,13,{'JAM'},{'JAM_HEAVY_TRAFFIC'},33,{2},7.696969696969697
2e698cf9,2e698cf94,2020-11-07,14,{'JAM'},{'JAM_HEAVY_TRAFFIC'},30,{2},5.0
2e698cf9,2e698cf94,2020-11-07,18,{'JAM'},{'JAM_STAND_STILL_TRAFFIC'},39,{2},7.333333333333333
2e698cf9,2e698cf94,2020-11-08,15,{'JAM'},{'JAM_STAND_STILL_TRAFFIC'},41,{2},5.439024390243903
2e698cf9,2e698cf94,2020-11-09,18,{'JAM'},{'JAM_HEAVY_TRAFFIC'},31,{2},5.67741935483871
2e698cf9,2e698cf94,2020-11-10,17,{'JAM'},"{'JAM_MODERATE_TRAFFIC', 'JAM_HEAVY_TRAFFIC'}",54,{2},5.0
2e698cf9,2e698cf94,2020-11-11,17,{'JAM'},{'JAM_STAND_STILL_TRAFFIC'},33,{2},5.0
2e698cf9,2e698cf94,2020-11-11,18,{'JAM'},{'JAM'},32,{2},5.6875
2e698cf9,2e698cf94,2020-11-11,19,{'JAM'},{'JAM_STAND_STILL_TRAFFIC'},38,{2},5.421052631578948
2e698cf9,2e698cf94,2020-11-12,11,{'JAM'},{'JAM_STAND_STILL_TRAFFIC'},28,{2},5.0
2e698cf9,2e698cf94,2020-11-13,15,{'JAM'},{'JAM_MODERATE_TRAFFIC'},11,{4},5.0
2e698cf9,2e698cf94,2020-11-13,17,{'JAM'},{'JAM_STAND_STILL_TRAFFIC'},50,{2},5.84
2e698cf9,2e698cf94,2020-11-13,19,{'JAM'},{'JAM_STAND_STILL_TRAFFIC'},32,{2},5.6875
2e698cf9,2e698cf94,2020-11-14,16,{'JAM'},{'JAM_STAND_STILL_TRAFFIC'},30,{2},10.0
2e698cf9,2e698cf94,2020-11-14,17,{'JAM'},{'JAM_HEAVY_TRAFFIC'},45,{2},5.4
2e698cf9,2e698cf94,2020-11-14,19,{'JAM'},{'JAM_STAND_STILL_TRAFFIC'},22,{2},5.0
2e698cf9,2e698cf94,2020-11-15,12,{'JAM'},{'JAM_STAND_STILL_TRAFFIC'},53,{2},5.69811320754717
2e698cf9,2e698cf94,2020-11-15,14,{'JAM'},{'JAM_HEAVY_TRAFFIC'},43,{2},6.3023255813953485
2e698cf9,2e698cf94,2020-11-16,17,{'JAM'},{'JAM_STAND_STILL_TRAFFIC'},41,{2},6.487804878048781
2e698cf9,2e698cf94,2020-11-18,19,{'JAM'},{'JAM_HEAVY_TRAFFIC'},30,{2},5.0
2e698cf9,2e698cf94,2020-11-19,16,{'WEATHERHAZARD'},{'HAZARD_ON_SHOULDER_CAR_STOPPED'},37,{2},5.45945945945946
2e698cf9,2e698cf94,2020-11-19,17,{'JAM'},{'JAM_STAND_STILL_TRAFFIC'},44,{2},5.386363636363637
2e698cf9,2e698cf94,2020-11-19,19,{'JAM'},{'JAM_HEAVY_TRAFFIC'},30,{2},5.6
2e698cf9,2e698cf94,2020-11-20,19,{'JAM'},{'JAM_STAND_STILL_TRAFFIC'},38,{2},6.684210526315789
2e698cf9,2e698cf94,2020-11-21,13,{'JAM'},{'JAM_HEAVY_TRAFFIC'},14,{2},5.0
2e698cf9,2e698cf9c,2020-09-01,13,{'WEATHERHAZARD'},{'HAZARD_ON_ROAD_CAR_STOPPED'},32,{2},5.0
2e698cf9,2e698cf9c,2020-09-02,18,{'WEATHERHAZARD'},{'HAZARD_ON_SHOULDER_CAR_STOPPED'},32,{2},5.84375
2e698cf9,2e698cf9c,2020-09-05,21,{'WEATHERHAZARD'},"{'HAZARD_ON_SHOULDER_CAR_STOPPED', 'HAZARD_ON_ROAD_CONSTRUCTION'}",89,"{2, 4}",6.078651685393258
2e698cf9,2e698cf9c,2020-09-12,19,{'WEATHERHAZARD'},{'HAZARD_ON_SHOULDER_CAR_STOPPED'},62,{2},5.241935483870968
2e698cf9,2e698cf9c,2020-09-14,19,{'WEATHERHAZARD'},"{'HAZARD_ON_SHOULDER_CAR_STOPPED', 'HAZARD_ON_ROAD_CONSTRUCTION'}",198,"{2, 4}",6.075757575757576
2e698cf9,2e698cf9c,2020-09-18,14,{'WEATHERHAZARD'},{'HAZARD_ON_SHOULDER_CAR_STOPPED'},30,{2},5.0
2e698cf9,2e698cf9c,2020-09-20,16,{'WEATHERHAZARD'},"{'HAZARD_ON_SHOULDER_CAR_STOPPED', 'HAZARD_ON_ROAD_CONSTRUCTION'}",165,"{2, 4}",5.5212121212121215
2e698cf9,2e698cf9c,2020-09-26,17,{'WEATHERHAZARD'},{'HAZARD_ON_SHOULDER_CAR_STOPPED'},61,"{2, 4}",5.0
2e698cf9,2e698cf9c,2020-09-27,14,{'WEATHERHAZARD'},{'HAZARD_ON_SHOULDER_CAR_STOPPED'},18,{2},5.222222222222222
2e698cf9,2e698cf9c,2020-09-27,18,{'WEATHERHAZARD'},{'HAZARD_ON_SHOULDER_CAR_STOPPED'},48,{2},6.270833333333333
2e698cf9,2e698cf9c,2020-10-04,18,{'WEATHERHAZARD'},{'HAZARD_ON_SHOULDER_CAR_STOPPED'},63,"{2, 4}",6.365079365079365
2e698cf9,2e698cf9c,2020-10-10,18,{'WEATHERHAZARD'},{'HAZARD_ON_SHOULDER_CAR_STOPPED'},70,"{2, 4}",5.328571428571428
2e698cf9,2e698cf9c,2020-10-11,20,{'WEATHERHAZARD'},{'HAZARD_ON_SHOULDER_CAR_STOPPED'},30,{2},5.0
2e698cf9,2e698cf9c,2020-10-14,15,{'WEATHERHAZARD'},{'HAZARD_ON_SHOULDER_CAR_STOPPED'},24,{2},5.708333333333333
2e698cf9,2e698cf9c,2020-10-16,18,{'WEATHERHAZARD'},{'HAZARD_ON_SHOULDER_CAR_STOPPED'},68,"{2, 4}",6.220588235294118
2e698cf9,2e698cf9c,2020-10-17,17,{'WEATHERHAZARD'},{'HAZARD_ON_SHOULDER_CAR_STOPPED'},76,{2},7.7105263157894735
2e698cf9,2e698cf9c,2020-10-19,20,{'WEATHERHAZARD'},"{'HAZARD_ON_SHOULDER_CAR_STOPPED', 'HAZARD_ON_ROAD_CONSTRUCTION'}",565,"{2, 4}",8.423008849557522
2e698cf9,2e698cf9c,2020-10-24,16,{'WEATHERHAZARD'},{'HAZARD_ON_SHOULDER_CAR_STOPPED'},63,"{2, 4}",5.444444444444445
2e698cf9,2e698cf9c,2020-10-25,21,{'WEATHERHAZARD'},{'HAZARD_ON_SHOULDER_CAR_STOPPED'},32,{4},5.59375
2e698cf9,2e698cf9c,2020-10-27,17,{'WEATHERHAZARD'},{'HAZARD_ON_SHOULDER_CAR_STOPPED'},74,"{2, 4}",6.283783783783784
2e698cf9,2e698cf9c,2020-10-28,19,{'WEATHERHAZARD'},{'HAZARD_ON_SHOULDER_CAR_STOPPED'},26,{2},5.846153846153846
2e698cf9,2e698cf9c,2020-10-31,15,{'ACCIDENT'},{'ACCIDENT_MAJOR'},121,{4},9.380165289256198
2e698cf9,2e698cf9c,2020-10-31,18,"{'WEATHERHAZARD', 'ACCIDENT'}","{'HAZARD_ON_SHOULDER_CAR_STOPPED', 'ACCIDENT_MAJOR'}",82,"{2, 4}",6.439024390243903
2e698cf9,2e698cf9c,2020-11-01,14,{'JAM'},{'JAM'},30,{2},5.0
2e698cf9,2e698cf9c,2020-11-04,17,{'WEATHERHAZARD'},{'HAZARD_ON_SHOULDER_CAR_STOPPED'},63,"{2, 4}",5.555555555555555
2e698cf9,2e698cf9c,2020-11-05,17,{'JAM'},"{'JAM_STAND_STILL_TRAFFIC', 'JAM_HEAVY_TRAFFIC'}",61,"{2, 4}",5.0
2e698cf9,2e698cf9c,2020-11-05,18,{'JAM'},"{'JAM_STAND_STILL_TRAFFIC', 'JAM_HEAVY_TRAFFIC'}",99,{2},5.151515151515151
2e698cf9,2e698cf9c,2020-11-05,19,{'JAM'},"{'JAM_STAND_STILL_TRAFFIC', 'JAM_HEAVY_TRAFFIC'}",92,"{2, 4}",5.804347826086956
2e698cf9,2e698cf9c,2020-11-05,20,{'JAM'},{'JAM_STAND_STILL_TRAFFIC'},88,{2},5.238636363636363
2e698cf9,2e698cf9c,2020-11-06,10,{'JAM'},{'JAM_STAND_STILL_TRAFFIC'},18,{2},6.0
2e698cf9,2e698cf9c,2020-11-06,13,{'JAM'},{'JAM_HEAVY_TRAFFIC'},5,{2},5.0
2e698cf9,2e698cf9c,2020-11-06,17,{'JAM'},{'JAM_STAND_STILL_TRAFFIC'},22,{2},5.0
2e698cf9,2e698cf9c,2020-11-06,18,{'JAM'},{'JAM_HEAVY_TRAFFIC'},31,{2},5.967741935483871
2e698cf9,2e698cf9c,2020-11-06,19,{'JAM'},{'JAM_STAND_STILL_TRAFFIC'},28,{2},5.0
2e698cf9,2e698cf9c,2020-11-06,20,{'JAM'},{'JAM_STAND_STILL_TRAFFIC'},21,{4},5.0
2e698cf9,2e698cf9c,2020-11-07,14,{'JAM'},{'JAM_STAND_STILL_TRAFFIC'},31,{2},5.0
2e698cf9,2e698cf9c,2020-11-07,17,{'JAM'},{'JAM_STAND_STILL_TRAFFIC'},28,{2},5.0
2e698cf9,2e698cf9c,2020-11-07,18,{'WEATHERHAZARD'},{'HAZARD_ON_SHOULDER_CAR_STOPPED'},71,"{2, 4}",6.253521126760563
2e698cf9,2e698cf9c,2020-11-08,16,{'WEATHERHAZARD'},{'HAZARD_ON_SHOULDER_CAR_STOPPED'},16,{2},5.375
2e698cf9,2e698cf9c,2020-11-09,17,{'JAM'},{'JAM_STAND_STILL_TRAFFIC'},31,{2},6.935483870967742
2e698cf9,2e698cf9c,2020-11-09,18,{'JAM'},{'JAM_HEAVY_TRAFFIC'},14,{2},5.0
2e698cf9,2e698cf9c,2020-11-09,19,{'JAM'},{'JAM_STAND_STILL_TRAFFIC'},26,{2},5.0
2e698cf9,2e698cf9c,2020-11-10,17,{'JAM'},{'JAM_MODERATE_TRAFFIC'},15,{2},6.0
2e698cf9,2e698cf9c,2020-11-10,18,{'JAM'},{'JAM_STAND_STILL_TRAFFIC'},30,{2},5.0
2e698cf9,2e698cf9c,2020-11-11,17,{'WEATHERHAZARD'},{'HAZARD_ON_SHOULDER_CAR_STOPPED'},38,{4},6.921052631578948
2e698cf9,2e698cf9c,2020-11-11,20,{'JAM'},{'JAM_STAND_STILL_TRAFFIC'},34,{2},5.0
2e698cf9,2e698cf9c,2020-11-13,16,{'WEATHERHAZARD'},{'HAZARD_ON_ROAD_CAR_STOPPED'},32,{4},7.125
2e698cf9,2e698cf9c,2020-11-13,19,{'JAM'},{'JAM_STAND_STILL_TRAFFIC'},28,{2},5.0
2e698cf9,2e698cf9c,2020-11-13,20,{'JAM'},{'JAM_HEAVY_TRAFFIC'},31,{4},5.0
2e698cf9,2e698cf9c,2020-11-14,17,{'WEATHERHAZARD'},{'HAZARD_ON_SHOULDER_CAR_STOPPED'},22,{2},7.818181818181818
2e698cf9,2e698cf9c,2020-11-16,16,{'WEATHERHAZARD'},{'HAZARD_ON_SHOULDER_CAR_STOPPED'},144,{2},6.569444444444445
2e698cf9,2e698cf9c,2020-11-16,20,{'WEATHERHAZARD'},{'HAZARD_ON_SHOULDER_CAR_STOPPED'},63,{2},6.095238095238095
2e698cf9,2e698cf9c,2020-11-18,13,{'JAM'},{'JAM'},11,{4},5.0
2e698cf9,2e698cf9c,2020-11-19,15,{'WEATHERHAZARD'},{'HAZARD_ON_SHOULDER_CAR_STOPPED'},31,{2},5.741935483870968
2e698cf9,2e698cf9c,2020-11-19,17,{'JAM'},{'JAM_STAND_STILL_TRAFFIC'},6,{4},5.0
2e698cf9,2e698cf9c,2020-11-20,19,{'JAM'},{'JAM_HEAVY_TRAFFIC'},31,{2},5.548387096774194
2e698cf9,2e698cf9c,2020-11-21,15,{'WEATHERHAZARD'},{'HAZARD_ON_SHOULDER_CAR_STOPPED'},63,"{2, 4}",7.190476190476191
2e698cf9,2e698cf9c,2020-11-22,5,{'WEATHERHAZARD'},{'HAZARD_ON_SHOULDER_CAR_STOPPED'},71,{2},5.605633802816901
2e698cf9,2e698cf9c,2020-11-22,17,{'WEATHERHAZARD'},{'HAZARD_ON_SHOULDER_CAR_STOPPED'},7,{2},5.571428571428571
2e698cfb,2e698cfac,2020-11-08,12,{'JAM'},{'JAM'},29,{1},5.0
2e698cfd,2e698cfc4,2020-09-04,20,{'JAM'},{'JAM_STAND_STILL_TRAFFIC'},30,{2},5.0
2e698cfd,2e698cfc4,2020-09-08,17,{'JAM'},{'JAM_HEAVY_TRAFFIC'},32,{2},6.84375
2e698cfd,2e698cfc4,2020-09-11,12,{'JAM'},{'JAM_STAND_STILL_TRAFFIC'},7,{7},5.0
2e698cfd,2e698cfc4,2020-09-17,9,{'JAM'},{'JAM_HEAVY_TRAFFIC'},35,{2},5.428571428571429
2e698cfd,2e698cfc4,2020-09-21,16,{'WEATHERHAZARD'},{'HAZARD_ON_ROAD_POT_HOLE'},4,{2},5.75
2e698cfd,2e698cfc4,2020-09-21,18,{'JAM'},{'JAM_MODERATE_TRAFFIC'},30,{2},5.0
2e698cfd,2e698cfc4,2020-09-24,16,{'WEATHERHAZARD'},{'HAZARD_ON_ROAD_POT_HOLE'},132,{2},5.878787878787879
2e698cfd,2e698cfc4,2020-09-27,14,{'WEATHERHAZARD'},{'HAZARD_ON_SHOULDER_CAR_STOPPED'},30,{7},6.5
2e698cfd,2e698cfc4,2020-10-05,15,{'WEATHERHAZARD'},{'HAZARD_ON_SHOULDER_CAR_STOPPED'},18,{7},6.777777777777778
2e698cfd,2e698cfc4,2020-10-05,18,{'JAM'},{'JAM_STAND_STILL_TRAFFIC'},62,{2},5.854838709677419
2e698cfd,2e698cfc4,2020-10-10,15,{'JAM'},{'JAM_HEAVY_TRAFFIC'},10,{7},5.0
2e698cfd,2e698cfc4,2020-10-10,23,{'JAM'},{'JAM_MODERATE_TRAFFIC'},32,{2},5.0
2e698cfd,2e698cfc4,2020-10-13,17,{'JAM'},{'JAM_STAND_STILL_TRAFFIC'},31,{4},5.0
2e698cfd,2e698cfc4,2020-10-14,15,"{'JAM', 'WEATHERHAZARD'}","{'HAZARD_ON_SHOULDER_CAR_STOPPED', 'JAM_STAND_STILL_TRAFFIC'}",30,{7},5.9
2e698cfd,2e698cfc4,2020-10-16,17,{'JAM'},{'JAM_STAND_STILL_TRAFFIC'},56,"{2, 7}",5.0
2e698cfd,2e698cfc4,2020-10-19,17,{'JAM'},{'JAM_HEAVY_TRAFFIC'},31,{2},5.0
2e698cfd,2e698cfc4,2020-10-20,18,{'JAM'},{'JAM_STAND_STILL_TRAFFIC'},66,"{2, 7}",5.242424242424242
2e698cfd,2e698cfc4,2020-10-22,17,{'JAM'},{'JAM_STAND_STILL_TRAFFIC'},31,{2},5.0
2e698cfd,2e698cfc4,2020-10-23,19,"{'JAM', 'WEATHERHAZARD'}","{'JAM_STAND_STILL_TRAFFIC', 'HAZARD_ON_ROAD_POT_HOLE'}",52,{2},5.384615384615385
2e698cfd,2e698cfc4,2020-10-25,11,{'WEATHERHAZARD'},{'HAZARD_ON_ROAD_POT_HOLE'},21,{7},5.285714285714286
2e698cfd,2e698cfc4,2020-10-25,14,{'JAM'},{'JAM_MODERATE_TRAFFIC'},5,{2},5.0
2e698cfd,2e698cfc4,2020-10-25,20,{'JAM'},{'JAM_HEAVY_TRAFFIC'},5,{7},5.2
2e698cfd,2e698cfc4,2020-10-26,18,{'WEATHERHAZARD'},{'HAZARD_ON_ROAD_POT_HOLE'},73,{2},7.506849315068493
2e698cfd,2e698cfc4,2020-10-27,18,{'JAM'},{'JAM_STAND_STILL_TRAFFIC'},53,"{2, 7}",5.0
2e698cfd,2e698cfc4,2020-10-28,14,{'WEATHERHAZARD'},{'HAZARD_ON_ROAD_POT_HOLE'},59,{2},6.5423728813559325
2e698cfd,2e698cfc4,2020-10-29,17,{'JAM'},{'JAM_MODERATE_TRAFFIC'},32,{2},5.0
2e698cfd,2e698cfc4,2020-10-31,9,{'JAM'},{'JAM_STAND_STILL_TRAFFIC'},32,{2},7.0
2e698cfd,2e698cfc4,2020-11-04,16,{'JAM'},{'JAM_HEAVY_TRAFFIC'},34,{7},5.588235294117647
2e698cfd,2e698cfc4,2020-11-05,16,{'JAM'},{'JAM_HEAVY_TRAFFIC'},36,{7},5.472222222222222
2e698cfd,2e698cfc4,2020-11-05,19,{'JAM'},{'JAM_HEAVY_TRAFFIC'},36,{7},5.444444444444445
2e698cfd,2e698cfc4,2020-11-05,20,{'JAM'},{'JAM_STAND_STILL_TRAFFIC'},62,{7},5.5
2e698cfd,2e698cfc4,2020-11-05,21,{'JAM'},{'JAM_STAND_STILL_TRAFFIC'},30,{7},5.0
2e698cfd,2e698cfc4,2020-11-06,13,{'JAM'},"{'JAM_MODERATE_TRAFFIC', 'JAM_HEAVY_TRAFFIC'}",69,"{2, 7}",5.0
2e698cfd,2e698cfc4,2020-11-07,16,{'JAM'},{'JAM_HEAVY_TRAFFIC'},32,{2},5.0
2e698cfd,2e698cfc4,2020-11-07,17,{'JAM'},{'JAM_HEAVY_TRAFFIC'},43,{2},5.395348837209302
2e698cfd,2e698cfc4,2020-11-07,19,{'JAM'},{'JAM_STAND_STILL_TRAFFIC'},43,{7},6.1395348837209305
2e698cfd,2e698cfc4,2020-11-08,13,{'JAM'},{'JAM_HEAVY_TRAFFIC'},33,{7},5.454545454545454
2e698cfd,2e698cfc4,2020-11-09,18,{'JAM'},{'JAM_HEAVY_TRAFFIC'},70,{7},5.6
2e698cfd,2e698cfc4,2020-11-10,19,{'JAM'},{'JAM_STAND_STILL_TRAFFIC'},31,{7},5.0
2e698cfd,2e698cfc4,2020-11-11,18,{'JAM'},{'JAM_STAND_STILL_TRAFFIC'},46,{7},5.369565217391305
2e698cfd,2e698cfc4,2020-11-12,20,{'JAM'},"{'JAM_STAND_STILL_TRAFFIC', 'JAM_HEAVY_TRAFFIC'}",95,{7},5.0
2e698cfd,2e698cfc4,2020-11-13,15,{'JAM'},{'JAM_STAND_STILL_TRAFFIC'},22,{7},5.0
2e698cfd,2e698cfc4,2020-11-13,18,{'JAM'},{'JAM_STAND_STILL_TRAFFIC'},44,{7},5.340909090909091
2e698cfd,2e698cfc4,2020-11-13,20,{'JAM'},{'JAM_STAND_STILL_TRAFFIC'},32,{7},5.625
2e698cfd,2e698cfc4,2020-11-15,10,"{'JAM', 'WEATHERHAZARD'}","{'HAZARD_WEATHER_FLOOD', 'JAM_STAND_STILL_TRAFFIC'}",34,{7},5.882352941176471
2e698cfd,2e698cfc4,2020-11-16,9,{'JAM'},{'JAM_HEAVY_TRAFFIC'},32,{7},5.0
2e698cfd,2e698cfc4,2020-11-16,20,{'JAM'},{'JAM_HEAVY_TRAFFIC'},33,{7},5.0
2e698cfd,2e698cfc4,2020-11-19,13,{'JAM'},{'JAM'},6,{7},5.0
2e698cfd,2e698cfc4,2020-11-20,16,{'JAM'},{'JAM_HEAVY_TRAFFIC'},28,{7},5.0
2e698cfd,2e698cfc4,2020-11-20,21,{'JAM'},{'JAM_HEAVY_TRAFFIC'},31,{2},5.0
2e698cfd,2e698cfc4,2020-11-21,8,{'JAM'},"{'JAM_STAND_STILL_TRAFFIC', 'JAM_HEAVY_TRAFFIC'}",53,{7},5.0
2e698cfd,2e698cfc4,2020-11-21,11,{'JAM'},"{'JAM_STAND_STILL_TRAFFIC', 'JAM_MODERATE_TRAFFIC'}",61,{7},5.426229508196721
2e698cfd,2e698cfc4,2020-11-21,12,{'JAM'},{'JAM_HEAVY_TRAFFIC'},30,{7},5.0
2e698cfd,2e698cfc4,2020-11-21,13,{'JAM'},{'JAM_HEAVY_TRAFFIC'},32,{7},5.0
2e698cfd,2e698cfc4,2020-11-21,15,{'JAM'},{'JAM_STAND_STILL_TRAFFIC'},32,{7},5.0
2e698cfd,2e698cfc4,2020-11-21,18,{'JAM'},{'JAM_STAND_STILL_TRAFFIC'},33,{7},5.0
2e698cfd,2e698cfc4,2020-11-22,10,{'JAM'},{'JAM_STAND_STILL_TRAFFIC'},31,{7},5.0
2e698cfd,2e698cfcc,2020-09-05,4,{'JAM'},{'JAM'},31,{1},5.0
2e698cfd,2e698cfcc,2020-09-20,19,{'JAM'},{'JAM_MODERATE_TRAFFIC'},5,{4},5.0
2e698cfd,2e698cfcc,2020-09-25,17,{'JAM'},{'JAM_MODERATE_TRAFFIC'},31,{7},5.0
2e698cfd,2e698cfcc,2020-09-26,8,{'ACCIDENT'},{'ACCIDENT_MINOR'},32,{7},5.65625
2e698cfd,2e698cfcc,2020-09-30,16,{'WEATHERHAZARD'},{'WEATHERHAZARD'},31,{7},5.0
2e698cfd,2e698cfcc,2020-10-07,13,{'JAM'},{'JAM_HEAVY_TRAFFIC'},28,{7},5.0
2e698cfd,2e698cfcc,2020-10-27,13,{'WEATHERHAZARD'},{'HAZARD_ON_ROAD_CAR_STOPPED'},32,{7},6.125
2e698cfd,2e698cfcc,2020-10-27,14,"{'JAM', 'WEATHERHAZARD'}","{'HAZARD_ON_ROAD_CAR_STOPPED', 'JAM_STAND_STILL_TRAFFIC'}",47,{7},8.106382978723405
2e698cfd,2e698cfcc,2020-11-04,18,{'JAM'},{'JAM_HEAVY_TRAFFIC'},24,{7},5.791666666666667
2e698cfd,2e698cfcc,2020-11-05,18,{'JAM'},{'JAM_STAND_STILL_TRAFFIC'},124,{7},5.951612903225806
2e698cfd,2e698cfcc,2020-11-05,19,{'JAM'},{'JAM_HEAVY_TRAFFIC'},64,"{4, 7}",5.25
2e698cfd,2e698cfcc,2020-11-05,20,{'JAM'},{'JAM_STAND_STILL_TRAFFIC'},59,{7},7.796610169491525
2e698cfd,2e698cfcc,2020-11-05,21,{'JAM'},{'JAM_STAND_STILL_TRAFFIC'},30,{7},5.0
2e698cfd,2e698cfcc,2020-11-07,12,{'JAM'},{'JAM_HEAVY_TRAFFIC'},38,{7},5.447368421052632
2e698cfd,2e698cfcc,2020-11-07,19,{'JAM'},{'JAM_STAND_STILL_TRAFFIC'},30,{7},5.0
2e698cfd,2e698cfcc,2020-11-10,16,{'JAM'},{'JAM_STAND_STILL_TRAFFIC'},31,{7},5.0
2e698cfd,2e698cfcc,2020-11-13,18,{'JAM'},{'JAM_HEAVY_TRAFFIC'},38,{7},6.184210526315789
2e698cfd,2e698cfcc,2020-11-13,20,{'JAM'},{'JAM_HEAVY_TRAFFIC'},34,{7},5.470588235294118
2e698cfd,2e698cfcc,2020-11-13,21,{'JAM'},{'JAM_HEAVY_TRAFFIC'},31,{7},5.0
2e698cfd,2e698cfcc,2020-11-21,10,{'JAM'},{'JAM_STAND_STILL_TRAFFIC'},30,{7},5.533333333333333
2e698cfd,2e698cfcc,2020-11-22,10,{'JAM'},{'JAM_STAND_STILL_TRAFFIC'},5,{4},5.0
2e698cfd,2e698cfcc,2020-11-22,13,{'JAM'},{'JAM_HEAVY_TRAFFIC'},30,{7},5.0
2e698cfd,2e698cfdc,2020-09-05,15,{'JAM'},{'JAM_STAND_STILL_TRAFFIC'},32,{2},5.0
2e698cfd,2e698cfdc,2020-09-23,11,{'JAM'},{'JAM_MODERATE_TRAFFIC'},32,{2},5.0
2e698cfd,2e698cfdc,2020-09-24,8,{'JAM'},{'JAM_HEAVY_TRAFFIC'},60,{2},5.0
2e698cfd,2e698cfdc,2020-09-26,12,{'JAM'},{'JAM_MODERATE_TRAFFIC'},30,{2},5.0
2e698cfd,2e698cfdc,2020-09-26,15,{'JAM'},{'JAM_STAND_STILL_TRAFFIC'},32,{2},6.0
2e698cfd,2e698cfdc,2020-09-28,9,{'JAM'},{'JAM_MODERATE_TRAFFIC'},30,{2},5.0
2e698cfd,2e698cfdc,2020-09-29,14,{'JAM'},{'JAM_HEAVY_TRAFFIC'},30,{2},5.0
2e698cfd,2e698cfdc,2020-10-04,10,{'JAM'},{'JAM_MODERATE_TRAFFIC'},42,{2},5.428571428571429
2e698cfd,2e698cfdc,2020-10-19,17,{'JAM'},{'JAM_STAND_STILL_TRAFFIC'},30,{2},5.0
2e698cfd,2e698cfdc,2020-10-20,18,{'JAM'},{'JAM_STAND_STILL_TRAFFIC'},30,{2},5.0
2e698cfd,2e698cfdc,2020-10-29,17,{'JAM'},{'JAM_MODERATE_TRAFFIC'},32,{2},5.0
2e698cfd,2e698cfdc,2020-10-31,9,{'JAM'},{'JAM_HEAVY_TRAFFIC'},32,{2},5.0
2e698cfd,2e698cfdc,2020-11-02,17,{'JAM'},{'JAM_STAND_STILL_TRAFFIC'},23,{2},5.173913043478261
2e698cfd,2e698cfdc,2020-11-03,18,{'JAM'},{'JAM_MODERATE_TRAFFIC'},31,{2},5.0
2e698cfd,2e698cfdc,2020-11-04,10,{'JAM'},"{'JAM_STAND_STILL_TRAFFIC', 'JAM_HEAVY_TRAFFIC'}",93,{2},5.0
2e698cfd,2e698cfdc,2020-11-07,16,{'JAM'},{'JAM_STAND_STILL_TRAFFIC'},33,{2},5.666666666666667
2e698cfd,2e698cfdc,2020-11-11,18,{'JAM'},{'JAM_STAND_STILL_TRAFFIC'},33,{2},5.0
2e698cfd,2e698cfdc,2020-11-11,20,{'JAM'},{'JAM_STAND_STILL_TRAFFIC'},30,{2},5.0
2e698cfd,2e698cfdc,2020-11-12,16,{'JAM'},{'JAM_HEAVY_TRAFFIC'},35,{2},5.485714285714286
2e698cfd,2e698cfdc,2020-11-14,12,{'JAM'},{'JAM_HEAVY_TRAFFIC'},30,{2},5.0
2e698cfd,2e698cfdc,2020-11-20,20,{'JAM'},{'JAM_STAND_STILL_TRAFFIC'},34,{2},5.0
2e698cff,2e698cfe4,2020-11-15,10,"{'JAM', 'ACCIDENT'}","{'JAM_HEAVY_TRAFFIC', 'ACCIDENT_MAJOR'}",153,{1},5.0
2e698cff,2e698cfec,2020-09-05,13,{'JAM'},{'JAM_HEAVY_TRAFFIC'},30,{7},5.933333333333334
2e698cff,2e698cfec,2020-09-05,14,{'JAM'},{'JAM_MODERATE_TRAFFIC'},30,{7},5.0
2e698cff,2e698cfec,2020-09-05,16,{'JAM'},{'JAM_HEAVY_TRAFFIC'},30,{7},5.0
2e698cff,2e698cfec,2020-09-10,14,{'WEATHERHAZARD'},{'HAZARD_ON_ROAD_POT_HOLE'},55,{7},7.109090909090909
2e698cff,2e698cfec,2020-09-10,17,{'JAM'},{'JAM_HEAVY_TRAFFIC'},31,{7},5.0
2e698cff,2e698cfec,2020-09-10,18,{'JAM'},{'JAM_HEAVY_TRAFFIC'},27,{7},5.0
2e698cff,2e698cfec,2020-09-11,18,{'JAM'},{'JAM'},32,{7},5.0
2e698cff,2e698cfec,2020-09-15,18,{'JAM'},{'JAM_HEAVY_TRAFFIC'},31,{7},5.935483870967742
2e698cff,2e698cfec,2020-09-16,18,{'JAM'},{'JAM_STAND_STILL_TRAFFIC'},27,{7},5.0
2e698cff,2e698cfec,2020-09-19,14,{'JAM'},{'JAM_HEAVY_TRAFFIC'},33,{7},5.0
2e698cff,2e698cfec,2020-09-19,18,{'JAM'},{'JAM_STAND_STILL_TRAFFIC'},31,{7},5.0
2e698cff,2e698cfec,2020-09-21,16,{'JAM'},"{'JAM_STAND_STILL_TRAFFIC', 'JAM_HEAVY_TRAFFIC'}",67,{7},5.626865671641791
2e698cff,2e698cfec,2020-09-21,18,{'JAM'},{'JAM_HEAVY_TRAFFIC'},7,{7},5.0
2e698cff,2e698cfec,2020-09-22,13,{'JAM'},{'JAM_HEAVY_TRAFFIC'},7,{7},5.0
2e698cff,2e698cfec,2020-09-22,17,{'JAM'},{'JAM_STAND_STILL_TRAFFIC'},30,{7},5.9
2e698cff,2e698cfec,2020-09-23,14,{'JAM'},{'JAM_MODERATE_TRAFFIC'},30,{7},5.0
2e698cff,2e698cfec,2020-09-23,17,{'JAM'},{'JAM_STAND_STILL_TRAFFIC'},30,{7},5.0
2e698cff,2e698cfec,2020-09-23,18,{'JAM'},{'JAM_HEAVY_TRAFFIC'},6,{7},5.0
2e698cff,2e698cfec,2020-09-23,19,{'JAM'},{'JAM_HEAVY_TRAFFIC'},31,{7},5.0
2e698cff,2e698cfec,2020-09-24,11,{'JAM'},{'JAM_STAND_STILL_TRAFFIC'},31,{7},5.967741935483871
2e698cff,2e698cfec,2020-09-24,13,{'JAM'},{'JAM_HEAVY_TRAFFIC'},32,{7},5.0
2e698cff,2e698cfec,2020-09-24,17,{'JAM'},{'JAM_HEAVY_TRAFFIC'},33,{7},5.0
2e698cff,2e698cfec,2020-09-25,18,{'JAM'},{'JAM_STAND_STILL_TRAFFIC'},30,{7},5.966666666666667
2e698cff,2e698cfec,2020-10-02,17,{'JAM'},{'JAM_STAND_STILL_TRAFFIC'},32,{7},5.0
2e698cff,2e698cfec,2020-10-03,14,{'JAM'},{'JAM_HEAVY_TRAFFIC'},42,{7},5.380952380952381
2e698cff,2e698cfec,2020-10-04,23,{'WEATHERHAZARD'},{'HAZARD_WEATHER_FLOOD'},31,{7},6.580645161290323
2e698cff,2e698cfec,2020-10-06,17,{'JAM'},{'JAM_HEAVY_TRAFFIC'},6,{7},5.0
2e698cff,2e698cfec,2020-10-06,18,{'JAM'},{'JAM_HEAVY_TRAFFIC'},32,{7},5.9375
2e698cff,2e698cfec,2020-10-10,9,{'JAM'},{'JAM_MODERATE_TRAFFIC'},6,{7},5.0
2e698cff,2e698cfec,2020-10-10,12,{'JAM'},{'JAM_HEAVY_TRAFFIC'},7,{7},5.0
2e698cff,2e698cfec,2020-10-10,16,{'JAM'},{'JAM_STAND_STILL_TRAFFIC'},36,{7},6.138888888888889
2e698cff,2e698cfec,2020-10-14,15,{'WEATHERHAZARD'},{'HAZARD_ON_SHOULDER_CAR_STOPPED'},52,"{2, 7}",6.230769230769231
2e698cff,2e698cfec,2020-10-17,16,{'JAM'},{'JAM_STAND_STILL_TRAFFIC'},30,{7},5.0
2e698cff,2e698cfec,2020-10-20,17,{'JAM'},{'JAM_STAND_STILL_TRAFFIC'},68,{7},5.617647058823529
2e698cff,2e698cfec,2020-10-20,18,{'JAM'},{'JAM_HEAVY_TRAFFIC'},31,{7},5.0
2e698cff,2e698cfec,2020-10-21,17,{'JAM'},{'JAM_HEAVY_TRAFFIC'},12,{7},5.0
2e698cff,2e698cfec,2020-10-21,18,{'JAM'},{'JAM_STAND_STILL_TRAFFIC'},5,{7},5.0
2e698cff,2e698cfec,2020-10-22,17,{'JAM'},{'JAM_STAND_STILL_TRAFFIC'},13,{7},5.769230769230769
2e698cff,2e698cfec,2020-10-23,17,{'JAM'},{'JAM_STAND_STILL_TRAFFIC'},42,{7},6.023809523809524
2e698cff,2e698cfec,2020-10-23,18,{'JAM'},{'JAM_STAND_STILL_TRAFFIC'},28,{7},5.428571428571429
2e698cff,2e698cfec,2020-10-23,19,{'JAM'},{'JAM_MODERATE_TRAFFIC'},31,{7},5.0
2e698cff,2e698cfec,2020-10-24,10,"{'JAM', 'WEATHERHAZARD'}","{'HAZARD_ON_ROAD_CAR_STOPPED', 'JAM_HEAVY_TRAFFIC'}",119,{7},6.907563025210084
2e698cff,2e698cfec,2020-10-24,12,{'JAM'},{'JAM_STAND_STILL_TRAFFIC'},28,{7},5.0
2e698cff,2e698cfec,2020-10-24,13,{'JAM'},{'JAM_STAND_STILL_TRAFFIC'},61,{7},5.967213114754099
2e698cff,2e698cfec,2020-10-24,14,{'JAM'},{'JAM_HEAVY_TRAFFIC'},33,{7},6.0
2e698cff,2e698cfec,2020-10-25,15,{'WEATHERHAZARD'},{'HAZARD_ON_SHOULDER_CAR_STOPPED'},24,{7},7.833333333333333
2e698cff,2e698cfec,2020-10-25,20,{'WEATHERHAZARD'},{'HAZARD_ON_ROAD_CAR_STOPPED'},37,{7},6.405405405405405
2e698cff,2e698cfec,2020-10-26,15,{'JAM'},{'JAM_HEAVY_TRAFFIC'},30,{7},5.0
2e698cff,2e698cfec,2020-10-26,17,{'JAM'},{'JAM_STAND_STILL_TRAFFIC'},26,{7},5.0
2e698cff,2e698cfec,2020-10-26,18,{'JAM'},{'JAM_HEAVY_TRAFFIC'},45,{7},5.333333333333333
2e698cff,2e698cfec,2020-10-27,11,{'JAM'},{'JAM'},24,{7},5.833333333333333
2e698cff,2e698cfec,2020-10-27,13,{'JAM'},{'JAM_HEAVY_TRAFFIC'},35,{7},5.0
2e698cff,2e698cfec,2020-10-27,17,{'JAM'},{'JAM_HEAVY_TRAFFIC'},32,{7},5.5
2e698cff,2e698cfec,2020-10-27,21,{'JAM'},{'JAM_STAND_STILL_TRAFFIC'},10,{7},5.0
2e698cff,2e698cfec,2020-10-28,13,{'JAM'},{'JAM_STAND_STILL_TRAFFIC'},17,{7},5.0
2e698cff,2e698cfec,2020-10-28,16,{'JAM'},{'JAM_HEAVY_TRAFFIC'},30,{7},5.0
2e698cff,2e698cfec,2020-10-28,17,{'JAM'},{'JAM_HEAVY_TRAFFIC'},31,{7},5.0
2e698cff,2e698cfec,2020-10-29,14,{'JAM'},{'JAM_HEAVY_TRAFFIC'},25,{7},5.16
2e698cff,2e698cfec,2020-10-30,11,{'WEATHERHAZARD'},{'HAZARD_ON_SHOULDER_CAR_STOPPED'},46,{7},6.6521739130434785
2e698cff,2e698cfec,2020-10-31,13,{'JAM'},{'JAM_HEAVY_TRAFFIC'},39,{7},5.384615384615385
2e698cff,2e698cfec,2020-10-31,20,{'JAM'},{'JAM_STAND_STILL_TRAFFIC'},33,{7},5.0
2e698cff,2e698cfec,2020-11-01,12,{'JAM'},{'JAM_STAND_STILL_TRAFFIC'},31,{7},5.0
2e698cff,2e698cfec,2020-11-01,13,{'ROAD_CLOSED'},{'ROAD_CLOSED_HAZARD'},158,{7},10.0
2e698cff,2e698cfec,2020-11-02,13,{'JAM'},{'JAM_HEAVY_TRAFFIC'},31,{7},5.0
2e698cff,2e698cfec,2020-11-02,15,{'JAM'},{'JAM_HEAVY_TRAFFIC'},31,{7},5.0
2e698cff,2e698cfec,2020-11-04,16,{'JAM'},{'JAM'},31,{7},5.580645161290323
2e698cff,2e698cfec,2020-11-04,18,{'JAM'},{'JAM_STAND_STILL_TRAFFIC'},11,{7},5.0
2e698cff,2e698cfec,2020-11-05,13,{'JAM'},{'JAM_STAND_STILL_TRAFFIC'},45,{7},5.977777777777778
2e698cff,2e698cfec,2020-11-05,14,{'JAM'},{'JAM_HEAVY_TRAFFIC'},31,{7},5.67741935483871
2e698cff,2e698cfec,2020-11-05,16,{'JAM'},{'JAM_HEAVY_TRAFFIC'},30,{7},5.0
2e698cff,2e698cfec,2020-11-06,18,{'JAM'},{'JAM_STAND_STILL_TRAFFIC'},31,{7},6.612903225806452
2e698cff,2e698cfec,2020-11-07,15,{'JAM'},{'JAM_HEAVY_TRAFFIC'},30,{7},5.0
2e698cff,2e698cfec,2020-11-07,23,{'JAM'},{'JAM_HEAVY_TRAFFIC'},6,{7},5.0
2e698cff,2e698cfec,2020-11-09,7,{'JAM'},{'JAM_HEAVY_TRAFFIC'},31,{7},5.0
2e698cff,2e698cfec,2020-11-09,8,{'JAM'},{'JAM_STAND_STILL_TRAFFIC'},30,{7},5.0
2e698cff,2e698cfec,2020-11-12,13,{'JAM'},{'JAM_HEAVY_TRAFFIC'},31,{7},5.0
2e698cff,2e698cfec,2020-11-13,19,{'JAM'},{'JAM_MODERATE_TRAFFIC'},33,{7},5.0
2e698cff,2e698cfec,2020-11-14,23,{'ROAD_CLOSED'},{'ROAD_CLOSED_EVENT'},23006,{7},6.0
2e698cff,2e698cfec,2020-11-15,21,{'JAM'},{'JAM_STAND_STILL_TRAFFIC'},32,{7},5.0
2e698cff,2e698cfec,2020-11-16,16,{'WEATHERHAZARD'},{'HAZARD_ON_SHOULDER_CAR_STOPPED'},6,{2},5.166666666666667
2e698cff,2e698cfec,2020-11-17,11,{'JAM'},{'JAM_HEAVY_TRAFFIC'},36,{2},5.416666666666667
2e698cff,2e698cfec,2020-11-18,20,{'JAM'},{'JAM_STAND_STILL_TRAFFIC'},31,{7},5.0
2e698cff,2e698cfec,2020-11-20,9,{'JAM'},{'JAM_HEAVY_TRAFFIC'},31,{7},5.0
2e698cff,2e698cfec,2020-11-21,11,{'WEATHERHAZARD'},{'HAZARD_ON_ROAD_CONSTRUCTION'},12,{7},6.5
2e698cff,2e698cfec,2020-11-22,17,{'JAM'},{'JAM_HEAVY_TRAFFIC'},30,{7},5.0
2e698cff,2e698cff4,2020-09-02,18,{'JAM'},{'JAM_HEAVY_TRAFFIC'},29,{7},5.0
2e698cff,2e698cff4,2020-09-03,18,{'JAM'},{'JAM_HEAVY_TRAFFIC'},30,{7},5.0
2e698cff,2e698cff4,2020-09-05,13,{'JAM'},{'JAM_HEAVY_TRAFFIC'},60,{7},5.983333333333333
2e698cff,2e698cff4,2020-09-05,15,{'JAM'},{'JAM_STAND_STILL_TRAFFIC'},41,{7},5.390243902439025
2e698cff,2e698cff4,2020-09-05,16,{'JAM'},{'JAM_STAND_STILL_TRAFFIC'},31,{7},5.0
2e698cff,2e698cff4,2020-09-05,21,{'WEATHERHAZARD'},{'HAZARD_ON_SHOULDER_CAR_STOPPED'},6,{7},5.0
2e698cff,2e698cff4,2020-09-08,16,{'JAM'},{'JAM_HEAVY_TRAFFIC'},32,{7},5.0
2e698cff,2e698cff4,2020-09-08,18,{'JAM'},{'JAM_MODERATE_TRAFFIC'},11,{7},5.0
2e698cff,2e698cff4,2020-09-10,17,{'JAM'},{'JAM'},30,{7},5.0
2e698cff,2e698cff4,2020-09-10,18,{'JAM'},{'JAM_HEAVY_TRAFFIC'},30,{7},5.0
2e698cff,2e698cff4,2020-09-11,17,{'JAM'},{'JAM_STAND_STILL_TRAFFIC'},30,{7},5.0
2e698cff,2e698cff4,2020-09-15,18,{'JAM'},{'JAM_HEAVY_TRAFFIC'},20,{7},5.6
2e698cff,2e698cff4,2020-09-19,11,{'JAM'},{'JAM_HEAVY_TRAFFIC'},20,{7},5.0
2e698cff,2e698cff4,2020-09-20,16,{'WEATHERHAZARD'},{'HAZARD_ON_SHOULDER_CAR_STOPPED'},31,{7},5.483870967741935
2e698cff,2e698cff4,2020-09-21,16,{'WEATHERHAZARD'},{'HAZARD_ON_ROAD_POT_HOLE'},9,{7},7.222222222222222
2e698cff,2e698cff4,2020-09-21,18,{'JAM'},{'JAM_HEAVY_TRAFFIC'},6,{7},5.0
2e698cff,2e698cff4,2020-09-22,14,{'JAM'},{'JAM_HEAVY_TRAFFIC'},5,{4},5.0
2e698cff,2e698cff4,2020-09-22,15,{'JAM'},{'JAM_HEAVY_TRAFFIC'},31,{7},5.548387096774194
2e698cff,2e698cff4,2020-09-22,16,{'JAM'},{'JAM_STAND_STILL_TRAFFIC'},28,{7},5.0
2e698cff,2e698cff4,2020-09-22,19,{'JAM'},{'JAM_HEAVY_TRAFFIC'},31,{7},5.0
2e698cff,2e698cff4,2020-09-23,10,{'JAM'},{'JAM_STAND_STILL_TRAFFIC'},30,{7},5.0
2e698cff,2e698cff4,2020-09-23,14,{'JAM'},{'JAM_MODERATE_TRAFFIC'},31,{7},5.0
2e698cff,2e698cff4,2020-09-23,18,{'JAM'},{'JAM_HEAVY_TRAFFIC'},6,{7},5.0
2e698cff,2e698cff4,2020-09-24,8,{'WEATHERHAZARD'},{'HAZARD_ON_ROAD_POT_HOLE'},29,{7},5.310344827586207
2e698cff,2e698cff4,2020-09-24,9,{'JAM'},{'JAM_MODERATE_TRAFFIC'},31,{7},5.0
2e698cff,2e698cff4,2020-09-24,11,{'JAM'},{'JAM_STAND_STILL_TRAFFIC'},32,{7},5.9375
2e698cff,2e698cff4,2020-09-24,14,{'JAM'},{'JAM_HEAVY_TRAFFIC'},5,{7},5.0
2e698cff,2e698cff4,2020-09-24,16,{'JAM'},{'JAM'},41,{7},6.7073170731707314
2e698cff,2e698cff4,2020-09-24,17,{'JAM'},{'JAM_STAND_STILL_TRAFFIC'},6,{7},5.0
2e698cff,2e698cff4,2020-09-24,18,{'JAM'},{'JAM_STAND_STILL_TRAFFIC'},32,{7},5.5
2e698cff,2e698cff4,2020-09-25,1,{'JAM'},{'JAM_STAND_STILL_TRAFFIC'},31,{2},5.0
2e698cff,2e698cff4,2020-09-25,13,{'JAM'},{'JAM_HEAVY_TRAFFIC'},7,{7},5.0
2e698cff,2e698cff4,2020-09-25,17,{'JAM'},{'JAM_MODERATE_TRAFFIC'},60,{4},5.733333333333333
2e698cff,2e698cff4,2020-09-27,18,{'WEATHERHAZARD'},{'HAZARD_ON_ROAD_CONSTRUCTION'},149,{7},8.78523489932886
2e698cff,2e698cff4,2020-10-03,14,{'JAM'},{'JAM_STAND_STILL_TRAFFIC'},33,{7},5.0
2e698cff,2e698cff4,2020-10-04,18,{'WEATHERHAZARD'},{'HAZARD_ON_SHOULDER_CAR_STOPPED'},61,{7},5.622950819672131
2e698cff,2e698cff4,2020-10-05,15,{'WEATHERHAZARD'},{'HAZARD_ON_SHOULDER_CAR_STOPPED'},40,{7},6.725
2e698cff,2e698cff4,2020-10-05,18,{'JAM'},{'JAM_STAND_STILL_TRAFFIC'},25,{7},5.44
2e698cff,2e698cff4,2020-10-06,18,{'JAM'},{'JAM_MODERATE_TRAFFIC'},31,{7},5.0
2e698cff,2e698cff4,2020-10-09,16,{'JAM'},{'JAM_HEAVY_TRAFFIC'},15,{7},5.866666666666666
2e698cff,2e698cff4,2020-10-09,17,{'JAM'},{'JAM_HEAVY_TRAFFIC'},14,{7},5.0
2e698cff,2e698cff4,2020-10-11,19,{'JAM'},{'JAM_HEAVY_TRAFFIC'},17,{7},5.0
2e698cff,2e698cff4,2020-10-12,17,{'JAM'},{'JAM_HEAVY_TRAFFIC'},52,{7},5.0
2e698cff,2e698cff4,2020-10-14,15,{'WEATHERHAZARD'},{'HAZARD_ON_SHOULDER_CAR_STOPPED'},14,{7},6.5
2e698cff,2e698cff4,2020-10-15,18,{'JAM'},{'JAM_HEAVY_TRAFFIC'},34,{7},6.470588235294118
2e698cff,2e698cff4,2020-10-17,15,{'JAM'},"{'JAM_STAND_STILL_TRAFFIC', 'JAM_HEAVY_TRAFFIC'}",65,{7},5.0
2e698cff,2e698cff4,2020-10-17,16,{'JAM'},{'JAM_STAND_STILL_TRAFFIC'},30,{7},5.0
2e698cff,2e698cff4,2020-10-17,17,{'JAM'},{'JAM_STAND_STILL_TRAFFIC'},32,{2},5.0
2e698cff,2e698cff4,2020-10-19,20,{'WEATHERHAZARD'},{'HAZARD_ON_SHOULDER_CAR_STOPPED'},40,{7},6.7
2e698cff,2e698cff4,2020-10-20,14,{'JAM'},{'JAM_STAND_STILL_TRAFFIC'},22,{4},6.681818181818182
2e698cff,2e698cff4,2020-10-20,17,{'JAM'},{'JAM_STAND_STILL_TRAFFIC'},15,{7},7.0
2e698cff,2e698cff4,2020-10-21,17,{'JAM'},{'JAM_HEAVY_TRAFFIC'},22,{7},5.7727272727272725
2e698cff,2e698cff4,2020-10-22,18,{'JAM'},{'JAM_HEAVY_TRAFFIC'},31,{7},5.0
2e698cff,2e698cff4,2020-10-23,17,{'JAM'},{'JAM_HEAVY_TRAFFIC'},31,{7},5.548387096774194
2e698cff,2e698cff4,2020-10-23,19,{'JAM'},{'JAM_STAND_STILL_TRAFFIC'},17,{7},5.0
2e698cff,2e698cff4,2020-10-24,12,{'JAM'},{'JAM_STAND_STILL_TRAFFIC'},28,{7},5.0
2e698cff,2e698cff4,2020-10-24,14,{'JAM'},{'JAM_HEAVY_TRAFFIC'},31,{7},5.0
2e698cff,2e698cff4,2020-10-26,17,{'JAM'},{'JAM_STAND_STILL_TRAFFIC'},36,{7},5.0
2e698cff,2e698cff4,2020-10-27,12,{'JAM'},{'JAM_HEAVY_TRAFFIC'},30,{4},5.0
2e698cff,2e698cff4,2020-10-27,14,{'JAM'},{'JAM_HEAVY_TRAFFIC'},43,{7},5.348837209302325
2e698cff,2e698cff4,2020-10-27,17,{'JAM'},{'JAM_HEAVY_TRAFFIC'},34,{7},5.882352941176471
2e698cff,2e698cff4,2020-10-28,19,{'WEATHERHAZARD'},{'HAZARD_ON_SHOULDER_CAR_STOPPED'},72,{7},5.291666666666667
2e698cff,2e698cff4,2020-10-29,19,{'JAM'},{'JAM_MODERATE_TRAFFIC'},6,{7},5.333333333333333
2e698cff,2e698cff4,2020-10-31,18,{'WEATHERHAZARD'},{'HAZARD_ON_SHOULDER_CAR_STOPPED'},6,{7},5.833333333333333
2e698cff,2e698cff4,2020-11-01,12,{'JAM'},{'JAM_HEAVY_TRAFFIC'},5,{7},5.0
2e698cff,2e698cff4,2020-11-02,15,{'JAM'},{'JAM_HEAVY_TRAFFIC'},32,{7},5.0
2e698cff,2e698cff4,2020-11-04,17,{'JAM'},"{'JAM_STAND_STILL_TRAFFIC', 'JAM_HEAVY_TRAFFIC'}",43,{7},5.372093023255814
2e698cff,2e698cff4,2020-11-04,20,{'JAM'},{'JAM_STAND_STILL_TRAFFIC'},8,{7},5.0
2e698cff,2e698cff4,2020-11-05,14,{'JAM'},{'JAM_STAND_STILL_TRAFFIC'},12,{2},5.0
2e698cff,2e698cff4,2020-11-05,22,{'JAM'},{'JAM_HEAVY_TRAFFIC'},32,{2},5.0
2e698cff,2e698cff4,2020-11-06,10,{'JAM'},"{'JAM_STAND_STILL_TRAFFIC', 'JAM_HEAVY_TRAFFIC'}",49,{2},5.0
2e698cff,2e698cff4,2020-11-06,18,{'JAM'},{'JAM_STAND_STILL_TRAFFIC'},48,{7},6.958333333333333
2e698cff,2e698cff4,2020-11-07,9,{'JAM'},{'JAM_HEAVY_TRAFFIC'},31,{7},5.0
2e698cff,2e698cff4,2020-11-07,10,{'JAM'},{'JAM_HEAVY_TRAFFIC'},32,{7},5.0
2e698cff,2e698cff4,2020-11-07,13,{'JAM'},{'JAM_HEAVY_TRAFFIC'},31,{2},5.0
2e698cff,2e698cff4,2020-11-07,23,{'JAM'},{'JAM_MODERATE_TRAFFIC'},31,{7},5.0
2e698cff,2e698cff4,2020-11-08,16,{'JAM'},{'JAM_STAND_STILL_TRAFFIC'},40,{7},5.775
2e698cff,2e698cff4,2020-11-09,18,{'JAM'},{'JAM_HEAVY_TRAFFIC'},30,{7},5.0
2e698cff,2e698cff4,2020-11-09,20,{'JAM'},"{'JAM_STAND_STILL_TRAFFIC', 'JAM_HEAVY_TRAFFIC'}",66,"{2, 7}",5.2727272727272725
2e698cff,2e698cff4,2020-11-10,12,{'JAM'},{'JAM'},23,{2},5.0
2e698cff,2e698cff4,2020-11-11,13,{'JAM'},{'JAM_STAND_STILL_TRAFFIC'},63,{7},5.0
2e698cff,2e698cff4,2020-11-11,18,{'JAM'},{'JAM_STAND_STILL_TRAFFIC'},33,{7},5.0
2e698cff,2e698cff4,2020-11-11,19,{'JAM'},{'JAM_STAND_STILL_TRAFFIC'},24,{2},5.0
2e698cff,2e698cff4,2020-11-12,17,{'JAM'},{'JAM_HEAVY_TRAFFIC'},31,{2},5.0
2e698cff,2e698cff4,2020-11-14,18,{'JAM'},{'JAM'},33,{20},5.0
2e698cff,2e698cff4,2020-11-14,23,{'ROAD_CLOSED'},{'ROAD_CLOSED_EVENT'},23006,{7},6.0
2e698cff,2e698cff4,2020-11-16,17,{'JAM'},{'JAM_MODERATE_TRAFFIC'},28,{7},5.0
2e698cff,2e698cff4,2020-11-17,11,{'JAM'},{'JAM'},31,{2},5.0
2e698cff,2e698cff4,2020-11-18,11,{'JAM'},{'JAM_MODERATE_TRAFFIC'},30,{2},5.833333333333333
2e698cff,2e698cff4,2020-11-18,16,{'JAM'},"{'JAM_STAND_STILL_TRAFFIC', 'JAM_HEAVY_TRAFFIC'}",74,{2},5.22972972972973
2e698cff,2e698cff4,2020-11-19,15,{'WEATHERHAZARD'},{'HAZARD_ON_SHOULDER_CAR_STOPPED'},39,{7},6.128205128205129
2e698cff,2e698cff4,2020-11-19,16,{'JAM'},{'JAM_MODERATE_TRAFFIC'},29,{2},5.0
2e698cff,2e698cff4,2020-11-19,17,{'JAM'},{'JAM_STAND_STILL_TRAFFIC'},46,{4},7.913043478260869
2e698cff,2e698cff4,2020-11-20,13,{'JAM'},{'JAM_HEAVY_TRAFFIC'},30,{7},5.0
2e698cff,2e698cff4,2020-11-20,19,{'JAM'},{'JAM_HEAVY_TRAFFIC'},31,{7},5.0
2e698cff,2e698cff4,2020-11-21,18,{'JAM'},{'JAM_MODERATE_TRAFFIC'},33,{7},5.515151515151516
2e698cff,2e698cffc,2020-09-11,11,{'JAM'},{'JAM_STAND_STILL_TRAFFIC'},22,{4},5.0
2e698cff,2e698cffc,2020-09-11,13,{'JAM'},{'JAM_HEAVY_TRAFFIC'},13,{4},7.230769230769231
2e698cff,2e698cffc,2020-09-25,18,{'JAM'},{'JAM_STAND_STILL_TRAFFIC'},31,{4},5.0
2e698cff,2e698cffc,2020-09-25,20,{'WEATHERHAZARD'},{'HAZARD_ON_ROAD_CAR_STOPPED'},31,{4},5.0
2e698cff,2e698cffc,2020-09-27,14,{'WEATHERHAZARD'},{'HAZARD_ON_SHOULDER_CAR_STOPPED'},30,{4},5.533333333333333
2e698cff,2e698cffc,2020-10-01,18,{'WEATHERHAZARD'},{'HAZARD_ON_SHOULDER_CAR_STOPPED'},32,{4},5.125
2e698cff,2e698cffc,2020-10-07,9,{'ACCIDENT'},{'ACCIDENT_MAJOR'},44,{4},9.022727272727273
2e698cff,2e698cffc,2020-10-20,14,{'JAM'},{'JAM_STAND_STILL_TRAFFIC'},35,{4},5.457142857142857
2e698cff,2e698cffc,2020-10-21,22,{'WEATHERHAZARD'},{'WEATHERHAZARD'},31,{4},5.0
2e698cff,2e698cffc,2020-10-26,17,{'JAM'},{'JAM_HEAVY_TRAFFIC'},30,{4},5.0
2e698cff,2e698cffc,2020-10-26,19,{'WEATHERHAZARD'},{'HAZARD_ON_SHOULDER_CAR_STOPPED'},25,{4},5.92
2e698cff,2e698cffc,2020-11-13,20,"{'JAM', 'WEATHERHAZARD'}","{'JAM_STAND_STILL_TRAFFIC', 'HAZARD_ON_ROAD_POT_HOLE'}",83,{4},7.566265060240964
2e698cff,2e698cffc,2020-11-20,20,{'JAM'},{'JAM_HEAVY_TRAFFIC'},30,{4},5.966666666666667
2e698d01,2e698d004,2020-09-02,12,{'JAM'},{'JAM_STAND_STILL_TRAFFIC'},8,{4},5.375
2e698d01,2e698d004,2020-09-04,21,{'WEATHERHAZARD'},{'HAZARD_ON_ROAD_CONSTRUCTION'},24,{4},8.125
2e698d01,2e698d004,2020-09-08,16,{'JAM'},"{'JAM', 'JAM_HEAVY_TRAFFIC'}",54,{4},5.592592592592593
2e698d01,2e698d004,2020-09-10,9,{'JAM'},{'JAM_STAND_STILL_TRAFFIC'},30,{4},5.0
2e698d01,2e698d004,2020-09-15,15,{'JAM'},{'JAM_STAND_STILL_TRAFFIC'},33,{4},5.0
2e698d01,2e698d004,2020-09-17,9,{'JAM'},{'JAM'},31,{4},5.0
2e698d01,2e698d004,2020-09-19,11,{'WEATHERHAZARD'},{'HAZARD_ON_ROAD_CONSTRUCTION'},63,{4},5.349206349206349
2e698d01,2e698d004,2020-09-22,6,"{'JAM', 'WEATHERHAZARD'}","{'HAZARD_ON_ROAD_CAR_STOPPED', 'JAM_STAND_STILL_TRAFFIC'}",137,{4},7.817518248175182
2e698d01,2e698d004,2020-09-22,14,{'JAM'},{'JAM_STAND_STILL_TRAFFIC'},31,{4},5.0
2e698d01,2e698d004,2020-09-22,15,{'JAM'},{'JAM_STAND_STILL_TRAFFIC'},30,{4},5.0
2e698d01,2e698d004,2020-09-24,10,{'JAM'},{'JAM_STAND_STILL_TRAFFIC'},74,{4},5.216216216216216
2e698d01,2e698d004,2020-09-26,13,{'WEATHERHAZARD'},{'HAZARD_ON_SHOULDER_CAR_STOPPED'},30,{4},7.066666666666666
2e698d01,2e698d004,2020-09-30,11,{'JAM'},{'JAM_STAND_STILL_TRAFFIC'},19,{4},5.0
2e698d01,2e698d004,2020-10-07,10,{'JAM'},{'JAM_HEAVY_TRAFFIC'},62,{4},5.467741935483871
2e698d01,2e698d004,2020-10-08,22,{'JAM'},{'JAM_STAND_STILL_TRAFFIC'},7,{4},5.0
2e698d01,2e698d004,2020-10-10,7,{'WEATHERHAZARD'},{'HAZARD_ON_ROAD_CAR_STOPPED'},26,{4},5.576923076923077
2e698d01,2e698d004,2020-10-12,15,{'WEATHERHAZARD'},{'HAZARD_ON_ROAD_CONSTRUCTION'},165,{4},7.254545454545455
2e698d01,2e698d004,2020-10-13,14,{'JAM'},{'JAM_STAND_STILL_TRAFFIC'},31,{4},5.0
2e698d01,2e698d004,2020-10-16,14,{'JAM'},{'JAM_STAND_STILL_TRAFFIC'},56,{4},5.0
2e698d01,2e698d004,2020-10-16,16,{'JAM'},{'JAM_STAND_STILL_TRAFFIC'},44,{4},5.863636363636363
2e698d01,2e698d004,2020-10-17,15,{'JAM'},{'JAM_HEAVY_TRAFFIC'},26,{4},5.0
2e698d01,2e698d004,2020-10-20,14,"{'JAM', 'WEATHERHAZARD'}","{'HAZARD_ON_ROAD_CAR_STOPPED', 'JAM_HEAVY_TRAFFIC'}",35,{4},6.771428571428571
2e698d01,2e698d004,2020-10-26,19,{'JAM'},{'JAM_HEAVY_TRAFFIC'},31,{4},5.0
2e698d01,2e698d004,2020-10-26,20,{'JAM'},{'JAM'},30,{4},5.0
2e698d01,2e698d004,2020-10-27,17,{'WEATHERHAZARD'},{'HAZARD_ON_ROAD_CONSTRUCTION'},122,{4},7.213114754098361
2e698d01,2e698d004,2020-10-29,11,{'JAM'},{'JAM_MODERATE_TRAFFIC'},30,{4},5.0
2e698d01,2e698d004,2020-10-30,17,{'WEATHERHAZARD'},{'HAZARD_ON_ROAD_CONSTRUCTION'},154,{4},6.285714285714286
2e698d01,2e698d004,2020-10-31,17,{'JAM'},{'JAM'},12,{4},5.0
2e698d01,2e698d004,2020-11-03,12,{'JAM'},{'JAM_HEAVY_TRAFFIC'},27,{4},5.2592592592592595
2e698d01,2e698d004,2020-11-03,22,{'JAM'},{'JAM_HEAVY_TRAFFIC'},31,{4},5.0
2e698d01,2e698d004,2020-11-03,23,{'JAM'},{'JAM_HEAVY_TRAFFIC'},31,{4},5.935483870967742
2e698d01,2e698d004,2020-11-05,17,{'JAM'},{'JAM_MODERATE_TRAFFIC'},30,{4},5.0
2e698d01,2e698d004,2020-11-05,18,{'JAM'},{'JAM_HEAVY_TRAFFIC'},8,{4},5.0
2e698d01,2e698d004,2020-11-06,17,{'JAM'},{'JAM_STAND_STILL_TRAFFIC'},32,{4},5.0
2e698d01,2e698d004,2020-11-06,18,{'JAM'},{'JAM_HEAVY_TRAFFIC'},31,{4},5.0
2e698d01,2e698d004,2020-11-07,7,{'JAM'},{'JAM_HEAVY_TRAFFIC'},9,{4},5.0
2e698d01,2e698d004,2020-11-10,9,{'JAM'},{'JAM_HEAVY_TRAFFIC'},30,{4},5.0
2e698d01,2e698d004,2020-11-12,10,{'JAM'},{'JAM_STAND_STILL_TRAFFIC'},35,{4},6.285714285714286
2e698d01,2e698d004,2020-11-13,9,{'JAM'},{'JAM_HEAVY_TRAFFIC'},33,{4},5.0
2e698d01,2e698d004,2020-11-14,13,{'JAM'},{'JAM_HEAVY_TRAFFIC'},31,{4},6.870967741935484
2e698d01,2e698d004,2020-11-15,10,{'JAM'},{'JAM_MODERATE_TRAFFIC'},13,{4},5.0
2e698d01,2e698d004,2020-11-17,6,{'WEATHERHAZARD'},{'HAZARD_ON_ROAD_CAR_STOPPED'},32,{4},5.34375
2e698d01,2e698d004,2020-11-17,10,{'JAM'},{'JAM_HEAVY_TRAFFIC'},30,{4},5.0
2e698d01,2e698d004,2020-11-19,11,{'JAM'},{'JAM_STAND_STILL_TRAFFIC'},15,{4},5.0
2e698d01,2e698d004,2020-11-19,16,{'JAM'},{'JAM_HEAVY_TRAFFIC'},37,{4},5.0
2e698d01,2e698d004,2020-11-19,17,{'JAM'},{'JAM_STAND_STILL_TRAFFIC'},31,{4},9.483870967741936
2e698d01,2e698d004,2020-11-19,18,{'WEATHERHAZARD'},{'HAZARD_ON_ROAD_CAR_STOPPED'},61,{4},9.836065573770492
2e698d01,2e698d004,2020-11-20,9,{'ACCIDENT'},{'ACCIDENT_MAJOR'},89,{4},8.348314606741573
2e698d01,2e698d004,2020-11-20,10,{'JAM'},{'JAM_STAND_STILL_TRAFFIC'},25,{4},5.0
2e698d01,2e698d004,2020-11-20,19,{'JAM'},{'JAM_MODERATE_TRAFFIC'},6,{4},5.0
2e698d01,2e698d004,2020-11-21,15,{'JAM'},{'JAM_HEAVY_TRAFFIC'},35,{4},6.457142857142857
2e698d01,2e698d00c,2020-09-01,13,{'JAM'},{'JAM_HEAVY_TRAFFIC'},30,{4},5.0
2e698d01,2e698d00c,2020-09-01,14,{'WEATHERHAZARD'},{'HAZARD_ON_ROAD_CONSTRUCTION'},72,{4},6.277777777777778
2e698d01,2e698d00c,2020-09-06,17,{'JAM'},{'JAM_MODERATE_TRAFFIC'},12,{4},5.0
2e698d01,2e698d00c,2020-09-08,12,{'JAM'},{'JAM_HEAVY_TRAFFIC'},19,{4},5.0
2e698d01,2e698d00c,2020-09-11,12,{'JAM'},{'JAM_STAND_STILL_TRAFFIC'},6,{4},5.833333333333333
2e698d01,2e698d00c,2020-09-11,19,{'WEATHERHAZARD'},{'HAZARD_ON_SHOULDER_CAR_STOPPED'},11,{4},5.454545454545454
2e698d01,2e698d00c,2020-09-13,19,{'JAM'},{'JAM_STAND_STILL_TRAFFIC'},26,{4},5.0
2e698d01,2e698d00c,2020-09-15,15,{'JAM'},{'JAM_STAND_STILL_TRAFFIC'},31,{4},5.0
2e698d01,2e698d00c,2020-09-22,6,{'JAM'},{'JAM_STAND_STILL_TRAFFIC'},43,{4},6.3023255813953485
2e698d01,2e698d00c,2020-09-24,10,{'JAM'},{'JAM_STAND_STILL_TRAFFIC'},43,{4},5.372093023255814
2e698d01,2e698d00c,2020-09-27,20,{'JAM'},{'JAM_MODERATE_TRAFFIC'},19,{4},5.0
2e698d01,2e698d00c,2020-09-29,15,{'JAM'},{'JAM_MODERATE_TRAFFIC'},6,{4},5.0
2e698d01,2e698d00c,2020-10-04,9,{'WEATHERHAZARD'},{'HAZARD_ON_ROAD_CONSTRUCTION'},111,{4},9.162162162162161
2e698d01,2e698d00c,2020-10-04,20,{'JAM'},{'JAM_HEAVY_TRAFFIC'},32,{4},5.0
2e698d01,2e698d00c,2020-10-09,12,{'JAM'},{'JAM_STAND_STILL_TRAFFIC'},7,{4},5.0
2e698d01,2e698d00c,2020-10-14,8,{'WEATHERHAZARD'},{'HAZARD_ON_ROAD_CONSTRUCTION'},57,{4},6.350877192982456
2e698d01,2e698d00c,2020-10-14,14,{'JAM'},{'JAM_STAND_STILL_TRAFFIC'},10,{4},5.0
2e698d01,2e698d00c,2020-10-15,14,{'WEATHERHAZARD'},{'HAZARD_ON_ROAD_CONSTRUCTION'},33,{4},6.515151515151516
2e698d01,2e698d00c,2020-10-20,14,{'JAM'},{'JAM_STAND_STILL_TRAFFIC'},32,{4},5.0
2e698d01,2e698d00c,2020-10-25,16,{'ACCIDENT'},{'ACCIDENT_MINOR'},31,{4},7.096774193548387
2e698d01,2e698d00c,2020-10-25,17,{'ACCIDENT'},{'ACCIDENT_MAJOR'},61,{4},5.540983606557377
2e698d01,2e698d00c,2020-10-25,20,{'JAM'},{'JAM_MODERATE_TRAFFIC'},22,{4},5.0
2e698d01,2e698d00c,2020-10-25,22,{'JAM'},{'JAM_HEAVY_TRAFFIC'},30,{4},6.333333333333333
2e698d01,2e698d00c,2020-10-27,3,{'WEATHERHAZARD'},{'HAZARD_ON_ROAD_CAR_STOPPED'},32,{4},5.0
2e698d01,2e698d00c,2020-10-27,6,{'WEATHERHAZARD'},{'HAZARD_ON_ROAD_CAR_STOPPED'},118,{4},8.728813559322035
2e698d01,2e698d00c,2020-10-27,21,{'JAM'},{'JAM_MODERATE_TRAFFIC'},1,{4},6.0
2e698d01,2e698d00c,2020-10-31,15,{'JAM'},{'JAM_STAND_STILL_TRAFFIC'},67,{4},5.611940298507463
2e698d01,2e698d00c,2020-10-31,16,{'JAM'},{'JAM_STAND_STILL_TRAFFIC'},34,{4},8.764705882352942
2e698d01,2e698d00c,2020-10-31,17,{'JAM'},{'JAM_STAND_STILL_TRAFFIC'},82,{4},6.341463414634147
2e698d01,2e698d00c,2020-10-31,18,{'ACCIDENT'},"{'ACCIDENT', 'ACCIDENT_MAJOR'}",190,{4},5.3578947368421055
2e698d01,2e698d00c,2020-10-31,19,{'JAM'},{'JAM_HEAVY_TRAFFIC'},31,{4},6.129032258064516
2e698d01,2e698d00c,2020-11-01,13,{'JAM'},{'JAM_HEAVY_TRAFFIC'},32,{4},6.0
2e698d01,2e698d00c,2020-11-01,16,{'WEATHERHAZARD'},{'WEATHERHAZARD'},38,{4},7.394736842105263
2e698d01,2e698d00c,2020-11-03,20,"{'JAM', 'WEATHERHAZARD'}","{'HAZARD_ON_SHOULDER_CAR_STOPPED', 'JAM_STAND_STILL_TRAFFIC'}",65,{4},6.553846153846154
2e698d01,2e698d00c,2020-11-04,7,{'JAM'},{'JAM_HEAVY_TRAFFIC'},17,{4},5.0
2e698d01,2e698d00c,2020-11-05,18,{'JAM'},{'JAM_HEAVY_TRAFFIC'},57,{4},5.0
2e698d01,2e698d00c,2020-11-05,19,{'JAM'},{'JAM_STAND_STILL_TRAFFIC'},29,{4},5.0
2e698d01,2e698d00c,2020-11-06,15,{'JAM'},{'JAM_HEAVY_TRAFFIC'},32,{4},5.0
2e698d01,2e698d00c,2020-11-06,22,{'WEATHERHAZARD'},{'HAZARD_ON_ROAD_CONSTRUCTION'},593,{4},6.365935919055649
2e698d01,2e698d00c,2020-11-07,9,{'JAM'},{'JAM_STAND_STILL_TRAFFIC'},19,{4},5.0
2e698d01,2e698d00c,2020-11-07,10,{'WEATHERHAZARD'},{'HAZARD_ON_ROAD_CAR_STOPPED'},33,{4},5.0
2e698d01,2e698d00c,2020-11-08,20,{'JAM'},{'JAM_HEAVY_TRAFFIC'},7,{4},5.0
2e698d01,2e698d00c,2020-11-08,21,{'JAM'},{'JAM_HEAVY_TRAFFIC'},49,{4},9.16326530612245
2e698d01,2e698d00c,2020-11-08,22,{'JAM'},{'JAM_STAND_STILL_TRAFFIC'},5,{4},5.0
2e698d01,2e698d00c,2020-11-08,23,{'JAM'},{'JAM'},32,{4},5.0
2e698d01,2e698d00c,2020-11-09,0,{'JAM'},{'JAM_HEAVY_TRAFFIC'},33,{4},5.333333333333333
2e698d01,2e698d00c,2020-11-15,16,{'JAM'},{'JAM_STAND_STILL_TRAFFIC'},27,{4},5.0
2e698d01,2e698d00c,2020-11-15,20,{'WEATHERHAZARD'},{'WEATHERHAZARD'},11,{4},6.545454545454546
2e698d01,2e698d00c,2020-11-15,21,{'JAM'},{'JAM_STAND_STILL_TRAFFIC'},51,{4},6.568627450980392
2e698d01,2e698d00c,2020-11-19,16,{'JAM'},{'JAM_STAND_STILL_TRAFFIC'},20,{4},5.0
2e698d01,2e698d014,2020-09-09,13,{'ACCIDENT'},{'ACCIDENT'},122,{1},5.0
2e698d01,2e698d014,2020-09-10,17,"{'JAM', 'ACCIDENT'}","{'JAM_MODERATE_TRAFFIC', 'ACCIDENT'}",151,{1},6.529801324503311
2e698d01,2e698d014,2020-09-11,10,{'JAM'},{'JAM'},10,{4},5.0
2e698d01,2e698d014,2020-09-11,12,{'JAM'},{'JAM_MODERATE_TRAFFIC'},45,{1},5.355555555555555
2e698d01,2e698d014,2020-09-11,16,{'JAM'},{'JAM'},33,{1},5.0
2e698d01,2e698d014,2020-09-12,8,{'JAM'},{'JAM'},30,{1},6.566666666666666
2e698d01,2e698d014,2020-09-12,12,"{'JAM', 'WEATHERHAZARD'}","{'JAM', 'WEATHERHAZARD'}",93,{1},6.473118279569892
2e698d01,2e698d014,2020-09-12,13,{'JAM'},{'JAM'},30,{1},5.0
2e698d01,2e698d014,2020-09-13,8,{'WEATHERHAZARD'},{'WEATHERHAZARD'},30,{1},5.0
2e698d01,2e698d014,2020-09-14,14,{'WEATHERHAZARD'},{'WEATHERHAZARD'},31,{1},5.0
2e698d01,2e698d014,2020-09-15,12,{'WEATHERHAZARD'},{'WEATHERHAZARD'},33,{1},5.0
2e698d01,2e698d014,2020-09-16,11,"{'JAM', 'WEATHERHAZARD'}","{'JAM', 'WEATHERHAZARD'}",69,{1},5.0
2e698d01,2e698d014,2020-09-19,9,{'WEATHERHAZARD'},{'WEATHERHAZARD'},34,{1},5.0
2e698d01,2e698d014,2020-09-19,12,{'WEATHERHAZARD'},{'WEATHERHAZARD'},28,{1},5.0
2e698d01,2e698d014,2020-09-21,9,{'WEATHERHAZARD'},{'WEATHERHAZARD'},30,{1},5.966666666666667
2e698d01,2e698d014,2020-09-22,9,"{'WEATHERHAZARD', 'ACCIDENT'}","{'WEATHERHAZARD', 'ACCIDENT'}",154,{1},5.0
2e698d01,2e698d014,2020-10-06,15,{'JAM'},{'JAM'},32,{1},5.0
2e698d01,2e698d014,2020-10-21,7,{'JAM'},{'JAM_STAND_STILL_TRAFFIC'},24,{2},5.0
2e698d01,2e698d014,2020-10-26,7,{'JAM'},{'JAM_HEAVY_TRAFFIC'},5,{2},6.0
2e698d01,2e698d014,2020-10-30,17,{'WEATHERHAZARD'},{'HAZARD_ON_SHOULDER_CAR_STOPPED'},1,{4},5.0
2e698d01,2e698d014,2020-11-02,7,{'JAM'},"{'JAM_STAND_STILL_TRAFFIC', 'JAM_HEAVY_TRAFFIC'}",64,{2},5.0
2e698d01,2e698d014,2020-11-05,7,{'JAM'},{'JAM_STAND_STILL_TRAFFIC'},30,{2},5.933333333333334
2e698d01,2e698d014,2020-11-05,9,{'JAM'},{'JAM_STAND_STILL_TRAFFIC'},11,{2},5.0
2e698d01,2e698d014,2020-11-07,16,{'JAM'},{'JAM_STAND_STILL_TRAFFIC'},1,{2},5.0
2e698d01,2e698d014,2020-11-09,7,{'JAM'},{'JAM_HEAVY_TRAFFIC'},8,{2},5.0
2e698d01,2e698d014,2020-11-21,10,{'JAM'},{'JAM_STAND_STILL_TRAFFIC'},31,{2},5.0
2e698d01,2e698d014,2020-11-21,11,{'JAM'},{'JAM_HEAVY_TRAFFIC'},32,{2},5.0
2e698d01,2e698d01c,2020-09-14,19,{'WEATHERHAZARD'},{'HAZARD_ON_SHOULDER_CAR_STOPPED'},35,{4},5.857142857142857
2e698d01,2e698d01c,2020-09-22,14,{'JAM'},{'JAM_STAND_STILL_TRAFFIC'},29,{4},5.0
2e698d01,2e698d01c,2020-10-30,17,{'WEATHERHAZARD'},{'HAZARD_ON_SHOULDER_CAR_STOPPED'},33,{4},6.454545454545454
2e698d01,2e698d01c,2020-11-04,17,{'WEATHERHAZARD'},{'HAZARD_ON_SHOULDER_CAR_STOPPED'},24,{4},5.416666666666667
2e698d01,2e698d01c,2020-11-06,16,{'WEATHERHAZARD'},{'HAZARD_ON_ROAD_CONSTRUCTION'},143,{4},6.356643356643357
2e698d01,2e698d01c,2020-11-13,20,{'WEATHERHAZARD'},{'HAZARD_ON_SHOULDER_CAR_STOPPED'},44,{4},8.681818181818182
2e698d03,2e698d024,2020-09-04,19,{'JAM'},{'JAM_STAND_STILL_TRAFFIC'},33,{2},5.0
2e698d03,2e698d024,2020-09-05,16,{'JAM'},{'JAM_STAND_STILL_TRAFFIC'},32,{2},5.0
2e698d03,2e698d024,2020-09-06,13,{'JAM'},{'JAM_HEAVY_TRAFFIC'},14,{2},5.0
2e698d03,2e698d024,2020-09-09,16,{'JAM'},{'JAM_HEAVY_TRAFFIC'},5,{2},5.0
2e698d03,2e698d024,2020-09-18,15,{'JAM'},{'JAM_STAND_STILL_TRAFFIC'},6,{2},5.0
2e698d03,2e698d024,2020-09-23,8,{'JAM'},{'JAM_STAND_STILL_TRAFFIC'},31,{2},5.0
2e698d03,2e698d024,2020-09-23,9,{'JAM'},{'JAM_HEAVY_TRAFFIC'},30,{2},5.0
2e698d03,2e698d024,2020-09-24,16,{'JAM'},{'JAM_STAND_STILL_TRAFFIC'},32,{4},6.9375
2e698d03,2e698d024,2020-09-25,17,{'JAM'},{'JAM_STAND_STILL_TRAFFIC'},8,{2},5.0
2e698d03,2e698d024,2020-09-28,17,{'JAM'},{'JAM_STAND_STILL_TRAFFIC'},34,{2},5.676470588235294
2e698d03,2e698d024,2020-10-01,16,{'JAM'},{'JAM_STAND_STILL_TRAFFIC'},36,{2},5.416666666666667
2e698d03,2e698d024,2020-10-01,17,{'JAM'},{'JAM_STAND_STILL_TRAFFIC'},31,{2},5.806451612903226
2e698d03,2e698d024,2020-10-01,19,{'JAM'},{'JAM_STAND_STILL_TRAFFIC'},33,{4},5.0
2e698d03,2e698d024,2020-10-05,15,{'JAM'},{'JAM_HEAVY_TRAFFIC'},34,{4},5.470588235294118
2e698d03,2e698d024,2020-10-07,18,{'JAM'},{'JAM_STAND_STILL_TRAFFIC'},30,{2},5.0
2e698d03,2e698d024,2020-10-09,19,{'JAM'},{'JAM_STAND_STILL_TRAFFIC'},31,{4},5.967741935483871
2e698d03,2e698d024,2020-10-14,15,{'JAM'},{'JAM_HEAVY_TRAFFIC'},32,{2},5.0
2e698d03,2e698d024,2020-10-16,17,{'JAM'},{'JAM_STAND_STILL_TRAFFIC'},32,{2},5.96875
2e698d03,2e698d024,2020-10-19,14,{'JAM'},{'JAM_HEAVY_TRAFFIC'},43,{2},5.186046511627907
2e698d03,2e698d024,2020-10-19,16,{'JAM'},{'JAM_MODERATE_TRAFFIC'},30,{2},5.0
2e698d03,2e698d024,2020-10-20,18,{'JAM'},{'JAM_STAND_STILL_TRAFFIC'},31,{2},5.0
2e698d03,2e698d024,2020-10-20,19,{'JAM'},{'JAM_STAND_STILL_TRAFFIC'},32,{4},5.96875
2e698d03,2e698d024,2020-10-21,17,{'JAM'},{'JAM_STAND_STILL_TRAFFIC'},36,{4},5.0
2e698d03,2e698d024,2020-10-22,12,{'JAM'},{'JAM'},6,{2},5.0
2e698d03,2e698d024,2020-10-22,15,{'JAM'},{'JAM_HEAVY_TRAFFIC'},31,{4},6.0
2e698d03,2e698d024,2020-10-23,19,{'JAM'},{'JAM_STAND_STILL_TRAFFIC'},31,{2},5.483870967741935
2e698d03,2e698d024,2020-11-02,17,{'JAM'},{'JAM_STAND_STILL_TRAFFIC'},32,{2},5.0
2e698d03,2e698d024,2020-11-02,19,{'JAM'},{'JAM_HEAVY_TRAFFIC'},31,{2},5.0
2e698d03,2e698d024,2020-11-03,16,{'JAM'},"{'JAM', 'JAM_HEAVY_TRAFFIC'}",38,"{2, 4}",5.0
2e698d03,2e698d024,2020-11-03,22,{'WEATHERHAZARD'},{'WEATHERHAZARD'},31,{2},5.0
2e698d03,2e698d024,2020-11-04,10,{'JAM'},{'JAM_STAND_STILL_TRAFFIC'},66,{2},6.0
2e698d03,2e698d024,2020-11-05,17,{'JAM'},{'JAM_STAND_STILL_TRAFFIC'},31,{2},5.0
2e698d03,2e698d024,2020-11-06,16,{'JAM'},{'JAM_STAND_STILL_TRAFFIC'},25,{2},5.0
2e698d03,2e698d024,2020-11-11,17,{'JAM'},{'JAM_STAND_STILL_TRAFFIC'},31,{2},5.0
2e698d03,2e698d024,2020-11-11,20,{'JAM'},{'JAM_HEAVY_TRAFFIC'},31,{2},5.0
2e698d03,2e698d024,2020-11-12,16,{'JAM'},{'JAM_HEAVY_TRAFFIC'},51,{2},5.0
2e698d03,2e698d024,2020-11-16,11,{'JAM'},{'JAM'},5,{2},5.0
2e698d03,2e698d024,2020-11-18,15,{'JAM'},{'JAM_HEAVY_TRAFFIC'},31,{4},6.645161290322581
2e698d03,2e698d024,2020-11-20,15,{'JAM'},{'JAM_STAND_STILL_TRAFFIC'},31,{4},6.0
2e698d03,2e698d024,2020-11-21,12,{'JAM'},{'JAM_HEAVY_TRAFFIC'},31,{2},5.0
2e698d03,2e698d024,2020-11-21,16,{'JAM'},{'JAM_HEAVY_TRAFFIC'},40,{2},5.475
2e698d03,2e698d02c,2020-11-04,10,{'JAM'},{'JAM_STAND_STILL_TRAFFIC'},31,{4},5.0
2e698d03,2e698d034,2020-09-03,16,{'JAM'},{'JAM_STAND_STILL_TRAFFIC'},7,{4},5.857142857142857
2e698d03,2e698d034,2020-09-04,20,{'ACCIDENT'},{'ACCIDENT_MAJOR'},121,{1},5.553719008264463
2e698d03,2e698d034,2020-09-05,16,{'JAM'},{'JAM_STAND_STILL_TRAFFIC'},34,{4},5.0
2e698d03,2e698d034,2020-09-08,18,{'JAM'},{'JAM_STAND_STILL_TRAFFIC'},37,{4},6.135135135135135
2e698d03,2e698d034,2020-09-10,14,{'WEATHERHAZARD'},{'HAZARD_ON_ROAD_CONSTRUCTION'},173,{4},7.53757225433526
2e698d03,2e698d034,2020-09-11,15,{'JAM'},{'JAM_STAND_STILL_TRAFFIC'},17,{4},5.0
2e698d03,2e698d034,2020-09-14,7,{'WEATHERHAZARD'},{'HAZARD_ON_ROAD_CONSTRUCTION'},163,{4},9.36196319018405
2e698d03,2e698d034,2020-09-15,17,{'JAM'},{'JAM_HEAVY_TRAFFIC'},9,{4},5.0
2e698d03,2e698d034,2020-09-15,18,{'JAM'},{'JAM_HEAVY_TRAFFIC'},28,{4},5.0
2e698d03,2e698d034,2020-09-16,6,{'WEATHERHAZARD'},{'HAZARD_ON_ROAD_CONSTRUCTION'},263,{4},9.627376425855513
2e698d03,2e698d034,2020-09-17,6,{'WEATHERHAZARD'},{'HAZARD_ON_ROAD_CONSTRUCTION'},71,{4},8.408450704225352
2e698d03,2e698d034,2020-09-21,6,{'WEATHERHAZARD'},{'HAZARD_ON_ROAD_CONSTRUCTION'},132,{4},8.295454545454545
2e698d03,2e698d034,2020-09-23,7,{'WEATHERHAZARD'},{'HAZARD_ON_ROAD_CONSTRUCTION'},46,{4},7.826086956521739
2e698d03,2e698d034,2020-09-23,10,{'JAM'},{'JAM_MODERATE_TRAFFIC'},31,{4},5.0
2e698d03,2e698d034,2020-09-24,17,{'JAM'},{'JAM_HEAVY_TRAFFIC'},7,{4},5.0
2e698d03,2e698d034,2020-09-27,16,{'WEATHERHAZARD'},{'HAZARD_ON_ROAD_CONSTRUCTION'},1,{4},5.0
2e698d03,2e698d034,2020-09-28,17,{'JAM'},{'JAM_HEAVY_TRAFFIC'},46,{4},5.8478260869565215
2e698d03,2e698d034,2020-10-03,14,{'JAM'},{'JAM_HEAVY_TRAFFIC'},30,{2},5.0
2e698d03,2e698d034,2020-10-03,15,{'JAM'},{'JAM_HEAVY_TRAFFIC'},23,{4},5.0
2e698d03,2e698d034,2020-10-05,18,{'JAM'},{'JAM'},31,{4},5.0
2e698d03,2e698d034,2020-10-07,7,{'JAM'},{'JAM_HEAVY_TRAFFIC'},20,{4},5.0
2e698d03,2e698d034,2020-10-07,9,{'WEATHERHAZARD'},{'HAZARD_ON_ROAD_POT_HOLE'},317,{2},7.694006309148265
2e698d03,2e698d034,2020-10-10,16,{'JAM'},{'JAM_STAND_STILL_TRAFFIC'},39,{4},5.410256410256411
2e698d03,2e698d034,2020-10-13,18,{'JAM'},{'JAM_STAND_STILL_TRAFFIC'},4,{4},5.0
2e698d03,2e698d034,2020-10-16,11,"{'JAM', 'WEATHERHAZARD'}","{'HAZARD_WEATHER_FLOOD', 'JAM_STAND_STILL_TRAFFIC'}",56,{2},5.0
2e698d03,2e698d034,2020-10-18,14,{'JAM'},{'JAM_HEAVY_TRAFFIC'},32,{2},5.0
2e698d03,2e698d034,2020-10-19,14,"{'JAM', 'WEATHERHAZARD'}","{'HAZARD_WEATHER_FLOOD', 'JAM_HEAVY_TRAFFIC'}",65,{2},5.0
2e698d03,2e698d034,2020-10-20,13,"{'JAM', 'WEATHERHAZARD'}","{'HAZARD_ON_SHOULDER_CAR_STOPPED', 'JAM_STAND_STILL_TRAFFIC'}",44,{4},5.068181818181818
2e698d03,2e698d034,2020-10-20,18,{'JAM'},{'JAM_HEAVY_TRAFFIC'},26,{4},6.884615384615385
2e698d03,2e698d034,2020-10-21,10,{'WEATHERHAZARD'},{'HAZARD_ON_ROAD_ROAD_KILL'},31,{2},5.548387096774194
2e698d03,2e698d034,2020-10-21,18,{'JAM'},{'JAM_HEAVY_TRAFFIC'},31,{4},6.580645161290323
2e698d03,2e698d034,2020-10-21,19,{'WEATHERHAZARD'},{'HAZARD_WEATHER_HAIL'},35,{4},6.171428571428572
2e698d03,2e698d034,2020-10-22,7,{'JAM'},{'JAM_HEAVY_TRAFFIC'},32,{4},5.0
2e698d03,2e698d034,2020-10-23,7,{'JAM'},{'JAM_MODERATE_TRAFFIC'},7,{4},5.0
2e698d03,2e698d034,2020-10-23,19,{'JAM'},{'JAM_STAND_STILL_TRAFFIC'},6,{4},5.0
2e698d03,2e698d034,2020-10-26,20,{'JAM'},{'JAM_HEAVY_TRAFFIC'},22,{4},5.0
2e698d03,2e698d034,2020-11-01,14,{'JAM'},{'JAM'},19,{2},6.0
2e698d03,2e698d034,2020-11-02,17,{'JAM'},{'JAM_STAND_STILL_TRAFFIC'},27,{4},5.0
2e698d03,2e698d034,2020-11-03,10,{'WEATHERHAZARD'},{'HAZARD_ON_ROAD_CAR_STOPPED'},30,{4},5.766666666666667
2e698d03,2e698d034,2020-11-04,19,{'JAM'},{'JAM_STAND_STILL_TRAFFIC'},30,{4},5.0
2e698d03,2e698d034,2020-11-05,19,{'JAM'},{'JAM_STAND_STILL_TRAFFIC'},32,{4},5.0
2e698d03,2e698d034,2020-11-07,16,{'JAM'},{'JAM_STAND_STILL_TRAFFIC'},5,{2},5.0
2e698d03,2e698d034,2020-11-10,7,{'JAM'},{'JAM_HEAVY_TRAFFIC'},5,{4},5.0
2e698d03,2e698d034,2020-11-11,9,{'JAM'},{'JAM_STAND_STILL_TRAFFIC'},30,{2},5.0
2e698d03,2e698d034,2020-11-11,20,{'JAM'},{'JAM_STAND_STILL_TRAFFIC'},30,{4},6.0
2e698d03,2e698d034,2020-11-12,16,{'JAM'},{'JAM_HEAVY_TRAFFIC'},31,{4},5.0
2e698d03,2e698d034,2020-11-13,7,{'JAM'},{'JAM_HEAVY_TRAFFIC'},31,{4},5.0
2e698d03,2e698d034,2020-11-13,15,{'WEATHERHAZARD'},{'HAZARD_ON_ROAD_POT_HOLE'},66,{2},6.924242424242424
2e698d03,2e698d034,2020-11-14,15,{'JAM'},{'JAM_HEAVY_TRAFFIC'},26,{2},5.730769230769231
2e698d03,2e698d034,2020-11-16,9,{'JAM'},{'JAM_HEAVY_TRAFFIC'},12,{4},5.0
2e698d03,2e698d034,2020-11-16,17,{'JAM'},{'JAM_STAND_STILL_TRAFFIC'},25,{2},5.0
2e698d03,2e698d034,2020-11-20,17,{'JAM'},{'JAM_STAND_STILL_TRAFFIC'},38,{4},5.421052631578948
2e698d03,2e698d034,2020-11-20,20,{'JAM'},{'JAM_STAND_STILL_TRAFFIC'},31,{4},5.0
2e698d03,2e698d034,2020-11-22,12,{'WEATHERHAZARD'},{'HAZARD_ON_ROAD_CONSTRUCTION'},92,{4},8.478260869565217
2e698d03,2e698d03c,2020-09-05,10,{'JAM'},{'JAM_HEAVY_TRAFFIC'},5,{2},5.0
2e698d03,2e698d03c,2020-09-06,12,{'JAM'},{'JAM_MODERATE_TRAFFIC'},8,{2},5.0
2e698d03,2e698d03c,2020-09-12,11,{'JAM'},{'JAM_STAND_STILL_TRAFFIC'},32,{2},5.96875
2e698d03,2e698d03c,2020-09-13,18,{'JAM'},{'JAM_HEAVY_TRAFFIC'},7,{2},5.0
2e698d03,2e698d03c,2020-09-21,7,{'JAM'},{'JAM_MODERATE_TRAFFIC'},5,{2},5.0
2e698d03,2e698d03c,2020-10-05,17,{'JAM'},{'JAM'},31,{2},5.0
2e698d03,2e698d03c,2020-10-06,12,{'JAM'},{'JAM_STAND_STILL_TRAFFIC'},31,{2},5.0
2e698d03,2e698d03c,2020-10-09,16,{'JAM'},{'JAM_STAND_STILL_TRAFFIC'},27,{2},5.0
2e698d03,2e698d03c,2020-10-10,10,{'JAM'},{'JAM_MODERATE_TRAFFIC'},12,{2},5.0
2e698d03,2e698d03c,2020-10-18,14,{'JAM'},{'JAM_HEAVY_TRAFFIC'},6,{4},5.0
2e698d03,2e698d03c,2020-10-19,7,{'JAM'},{'JAM_STAND_STILL_TRAFFIC'},31,{2},5.0
2e698d03,2e698d03c,2020-10-20,7,{'JAM'},{'JAM_MODERATE_TRAFFIC'},10,{2},5.0
2e698d03,2e698d03c,2020-10-21,7,{'JAM'},{'JAM_HEAVY_TRAFFIC'},28,{2},5.0
2e698d03,2e698d03c,2020-10-22,7,{'JAM'},{'JAM_MODERATE_TRAFFIC'},30,{2},5.0
2e698d03,2e698d03c,2020-10-23,7,{'JAM'},{'JAM_STAND_STILL_TRAFFIC'},31,{2},5.0
2e698d03,2e698d03c,2020-11-02,7,{'JAM'},"{'JAM_STAND_STILL_TRAFFIC', 'JAM_HEAVY_TRAFFIC'}",63,{2},5.0
2e698d03,2e698d03c,2020-11-02,14,{'JAM'},{'JAM_STAND_STILL_TRAFFIC'},31,{2},5.0
2e698d03,2e698d03c,2020-11-03,6,{'WEATHERHAZARD'},{'HAZARD_ON_ROAD_CONSTRUCTION'},202,{4},9.455445544554456
2e698d03,2e698d03c,2020-11-03,7,{'JAM'},"{'JAM_STAND_STILL_TRAFFIC', 'JAM_HEAVY_TRAFFIC'}",63,{2},5.0
2e698d03,2e698d03c,2020-11-05,7,{'JAM'},{'JAM_HEAVY_TRAFFIC'},47,{2},5.914893617021277
2e698d03,2e698d03c,2020-11-05,9,{'JAM'},"{'JAM_STAND_STILL_TRAFFIC', 'JAM_HEAVY_TRAFFIC'}",39,{2},5.0
2e698d03,2e698d03c,2020-11-05,17,{'JAM'},{'JAM_STAND_STILL_TRAFFIC'},65,{2},5.0
2e698d03,2e698d03c,2020-11-07,14,{'JAM'},{'JAM_HEAVY_TRAFFIC'},44,{2},6.340909090909091
2e698d03,2e698d03c,2020-11-07,16,{'JAM'},{'JAM_STAND_STILL_TRAFFIC'},61,{2},5.950819672131147
2e698d03,2e698d03c,2020-11-09,7,{'JAM'},"{'JAM_STAND_STILL_TRAFFIC', 'JAM_MODERATE_TRAFFIC'}",78,{2},5.217948717948718
2e698d03,2e698d03c,2020-11-09,17,{'JAM'},{'JAM_STAND_STILL_TRAFFIC'},24,{2},5.0
2e698d03,2e698d03c,2020-11-10,10,{'JAM'},{'JAM_HEAVY_TRAFFIC'},28,{2},5.928571428571429
2e698d03,2e698d03c,2020-11-11,17,{'JAM'},{'JAM_MODERATE_TRAFFIC'},31,{2},5.0
2e698d03,2e698d03c,2020-11-16,16,{'JAM'},{'JAM_MODERATE_TRAFFIC'},6,{4},5.0
2e698d03,2e698d03c,2020-11-16,19,{'JAM'},{'JAM_HEAVY_TRAFFIC'},19,{2},5.0
2e698d03,2e698d03c,2020-11-17,17,{'JAM'},{'JAM'},31,{2},5.0
2e698d03,2e698d03c,2020-11-20,16,{'JAM'},{'JAM_STAND_STILL_TRAFFIC'},30,{2},5.0
2e698d03,2e698d03c,2020-11-20,17,{'JAM'},{'JAM_STAND_STILL_TRAFFIC'},39,{2},5.410256410256411
2e698d03,2e698d03c,2020-11-21,10,{'JAM'},{'JAM_HEAVY_TRAFFIC'},61,{2},5.0
2e698d03,2e698d03c,2020-11-21,14,{'JAM'},{'JAM_HEAVY_TRAFFIC'},18,{2},5.0
2e698d05,2e698d044,2020-10-05,7,{'JAM'},{'JAM_STAND_STILL_TRAFFIC'},31,{2},5.0
2e698d05,2e698d044,2020-10-21,7,{'JAM'},{'JAM_MODERATE_TRAFFIC'},30,{2},5.0
2e698d05,2e698d044,2020-10-26,9,{'JAM'},{'JAM_MODERATE_TRAFFIC'},6,{2},5.0
2e698d05,2e698d044,2020-10-27,8,{'WEATHERHAZARD'},{'HAZARD_ON_SHOULDER_CAR_STOPPED'},42,{2},5.357142857142857
2e698d05,2e698d044,2020-11-11,16,{'WEATHERHAZARD'},{'HAZARD_ON_ROAD_CAR_STOPPED'},31,{2},5.0
2e698d05,2e698d04c,2020-10-10,15,{'JAM'},{'JAM_HEAVY_TRAFFIC'},36,{2},5.972222222222222
2e698d05,2e698d04c,2020-10-19,10,{'JAM'},{'JAM_HEAVY_TRAFFIC'},6,{2},5.0
2e698d05,2e698d04c,2020-10-22,7,{'JAM'},{'JAM_HEAVY_TRAFFIC'},9,{2},5.0
2e698d05,2e698d04c,2020-11-02,11,"{'JAM', 'ACCIDENT'}","{'JAM_HEAVY_TRAFFIC', 'ACCIDENT_MAJOR'}",157,{1},5.0
2e698d05,2e698d04c,2020-11-07,14,{'JAM'},{'JAM_HEAVY_TRAFFIC'},66,{2},5.2272727272727275
2e698d05,2e698d04c,2020-11-07,16,{'JAM'},{'JAM_STAND_STILL_TRAFFIC'},33,{2},5.0
2e698d05,2e698d04c,2020-11-08,12,{'JAM'},{'JAM_HEAVY_TRAFFIC'},32,{2},5.0
2e698d05,2e698d04c,2020-11-14,11,"{'JAM', 'WEATHERHAZARD'}","{'JAM_STAND_STILL_TRAFFIC', 'HAZARD_ON_ROAD_POT_HOLE'}",49,{2},5.204081632653061
2e698d05,2e698d04c,2020-11-16,17,{'JAM'},{'JAM_HEAVY_TRAFFIC'},21,{2},5.0
2e698d05,2e698d04c,2020-11-17,18,{'JAM'},{'JAM_STAND_STILL_TRAFFIC'},40,{2},6.425
2e698d05,2e698d054,2020-10-26,9,{'JAM'},{'JAM_HEAVY_TRAFFIC'},2,{2},5.0
2e698d05,2e698d05c,2020-10-21,7,{'JAM'},{'JAM_MODERATE_TRAFFIC'},30,{2},5.0
2e698d05,2e698d05c,2020-10-26,9,{'JAM'},{'JAM_HEAVY_TRAFFIC'},4,{2},6.0
2e698d05,2e698d05c,2020-11-03,7,{'JAM'},{'JAM_STAND_STILL_TRAFFIC'},30,{2},5.0
2e698d05,2e698d05c,2020-11-10,7,{'JAM'},{'JAM_MODERATE_TRAFFIC'},38,{2},5.447368421052632
2e698d07,2e698d06c,2020-09-25,18,{'JAM'},{'JAM_MODERATE_TRAFFIC'},25,{2},5.0
2e698d07,2e698d06c,2020-11-05,7,{'JAM'},{'JAM_STAND_STILL_TRAFFIC'},5,{2},5.0
2e698d07,2e698d06c,2020-11-07,12,{'JAM'},{'JAM_HEAVY_TRAFFIC'},30,{2},5.0
2e698d07,2e698d06c,2020-11-07,15,{'JAM'},{'JAM_STAND_STILL_TRAFFIC'},66,{2},5.484848484848484
2e698d07,2e698d06c,2020-11-07,16,{'JAM'},{'JAM_MODERATE_TRAFFIC'},32,{2},5.0
2e698d07,2e698d06c,2020-11-09,7,{'JAM'},{'JAM_STAND_STILL_TRAFFIC'},30,{2},5.0
2e698d07,2e698d06c,2020-11-21,10,{'JAM'},{'JAM_STAND_STILL_TRAFFIC'},32,{2},5.0
2e698d07,2e698d06c,2020-11-21,11,{'JAM'},{'JAM_HEAVY_TRAFFIC'},31,{2},5.0
2e698d07,2e698d074,2020-09-10,14,{'JAM'},{'JAM'},16,{4},5.0
2e698d07,2e698d074,2020-09-10,15,{'JAM'},{'JAM_HEAVY_TRAFFIC'},6,{4},5.0
2e698d07,2e698d074,2020-09-11,12,{'WEATHERHAZARD'},{'HAZARD_ON_ROAD_CAR_STOPPED'},30,{4},5.933333333333334
2e698d07,2e698d074,2020-09-15,15,{'JAM'},{'JAM_STAND_STILL_TRAFFIC'},31,{4},5.0
2e698d07,2e698d074,2020-09-16,6,{'JAM'},{'JAM_STAND_STILL_TRAFFIC'},6,{4},5.0
2e698d07,2e698d074,2020-09-17,10,{'JAM'},{'JAM_HEAVY_TRAFFIC'},19,{4},7.157894736842105
2e698d07,2e698d074,2020-09-20,10,{'JAM'},{'JAM_HEAVY_TRAFFIC'},8,{4},5.0
2e698d07,2e698d074,2020-09-22,6,{'JAM'},{'JAM_HEAVY_TRAFFIC'},33,{4},5.0
2e698d07,2e698d074,2020-09-24,10,{'JAM'},{'JAM_HEAVY_TRAFFIC'},32,{4},5.0
2e698d07,2e698d074,2020-09-28,16,{'JAM'},{'JAM_MODERATE_TRAFFIC'},5,{4},5.0
2e698d07,2e698d074,2020-10-04,20,"{'JAM', 'WEATHERHAZARD'}","{'HAZARD_WEATHER_HAIL', 'JAM_HEAVY_TRAFFIC'}",62,{4},5.241935483870968
2e698d07,2e698d074,2020-10-12,13,{'WEATHERHAZARD'},{'HAZARD_ON_SHOULDER_CAR_STOPPED'},60,{4},7.8
2e698d07,2e698d074,2020-10-12,18,{'JAM'},{'JAM_MODERATE_TRAFFIC'},6,{4},5.0
2e698d07,2e698d074,2020-10-13,12,{'JAM'},{'JAM_STAND_STILL_TRAFFIC'},32,{4},5.0
2e698d07,2e698d074,2020-10-15,14,{'JAM'},{'JAM_HEAVY_TRAFFIC'},17,{4},5.0
2e698d07,2e698d074,2020-10-17,10,{'JAM'},{'JAM_HEAVY_TRAFFIC'},15,{4},5.2
2e698d07,2e698d074,2020-10-18,16,{'JAM'},{'JAM_MODERATE_TRAFFIC'},28,{4},5.0
2e698d07,2e698d074,2020-10-20,5,{'JAM'},{'JAM_HEAVY_TRAFFIC'},8,{4},5.0
2e698d07,2e698d074,2020-10-20,14,{'JAM'},{'JAM_STAND_STILL_TRAFFIC'},39,{4},6.102564102564102
2e698d07,2e698d074,2020-10-22,7,{'JAM'},{'JAM_STAND_STILL_TRAFFIC'},30,{2},5.0
2e698d07,2e698d074,2020-10-24,16,{'WEATHERHAZARD'},{'HAZARD_ON_ROAD_CAR_STOPPED'},14,{4},5.5
2e698d07,2e698d074,2020-10-24,17,{'JAM'},{'JAM_MODERATE_TRAFFIC'},7,{4},5.0
2e698d07,2e698d074,2020-10-25,22,{'JAM'},{'JAM_HEAVY_TRAFFIC'},1,{4},6.0
2e698d07,2e698d074,2020-10-26,17,{'JAM'},{'JAM_MODERATE_TRAFFIC'},6,{4},5.0
2e698d07,2e698d074,2020-10-27,7,{'JAM'},"{'JAM_STAND_STILL_TRAFFIC', 'JAM_HEAVY_TRAFFIC'}",66,{4},5.606060606060606
2e698d07,2e698d074,2020-10-27,20,{'WEATHERHAZARD'},{'HAZARD_ON_ROAD_CAR_STOPPED'},24,{4},6.708333333333333
2e698d07,2e698d074,2020-10-27,21,{'JAM'},{'JAM_MODERATE_TRAFFIC'},4,{4},7.0
2e698d07,2e698d074,2020-10-28,6,{'JAM'},{'JAM_HEAVY_TRAFFIC'},38,{4},5.842105263157895
2e698d07,2e698d074,2020-10-28,11,{'JAM'},{'JAM_HEAVY_TRAFFIC'},30,{4},5.0
2e698d07,2e698d074,2020-10-28,14,{'WEATHERHAZARD'},{'HAZARD_ON_ROAD_CAR_STOPPED'},12,{4},6.0
2e698d07,2e698d074,2020-10-28,15,{'WEATHERHAZARD'},{'HAZARD_ON_ROAD_CAR_STOPPED'},13,{4},6.615384615384615
2e698d07,2e698d074,2020-10-29,6,{'JAM'},"{'JAM_STAND_STILL_TRAFFIC', 'JAM_HEAVY_TRAFFIC'}",82,{4},5.804878048780488
2e698d07,2e698d074,2020-10-29,11,{'JAM'},{'JAM_MODERATE_TRAFFIC'},30,{4},5.0
2e698d07,2e698d074,2020-10-30,20,{'JAM'},{'JAM_HEAVY_TRAFFIC'},19,{4},5.0
2e698d07,2e698d074,2020-11-03,23,{'JAM'},{'JAM_STAND_STILL_TRAFFIC'},28,{4},5.0
2e698d07,2e698d074,2020-11-06,18,{'JAM'},{'JAM_HEAVY_TRAFFIC'},30,{4},5.0
2e698d07,2e698d074,2020-11-07,11,{'JAM'},{'JAM_STAND_STILL_TRAFFIC'},34,{2},5.0
2e698d07,2e698d074,2020-11-07,13,{'JAM'},{'JAM_HEAVY_TRAFFIC'},27,{4},5.0
2e698d07,2e698d074,2020-11-07,15,{'JAM'},{'JAM_STAND_STILL_TRAFFIC'},40,{2},6.525
2e698d07,2e698d074,2020-11-07,16,{'JAM'},{'JAM_HEAVY_TRAFFIC'},31,{2},5.0
2e698d07,2e698d074,2020-11-08,19,{'JAM'},{'JAM_STAND_STILL_TRAFFIC'},32,{2},5.0
2e698d07,2e698d074,2020-11-08,21,{'JAM'},{'JAM_STAND_STILL_TRAFFIC'},41,{4},5.853658536585366
2e698d07,2e698d074,2020-11-08,22,{'JAM'},{'JAM_STAND_STILL_TRAFFIC'},40,{4},5.475
2e698d07,2e698d074,2020-11-09,0,{'JAM'},{'JAM_STAND_STILL_TRAFFIC'},11,{4},6.0
2e698d07,2e698d074,2020-11-10,9,{'JAM'},{'JAM_MODERATE_TRAFFIC'},30,{4},5.0
2e698d07,2e698d074,2020-11-15,13,{'JAM'},{'JAM_MODERATE_TRAFFIC'},6,{4},5.0
2e698d07,2e698d074,2020-11-17,16,{'JAM'},{'JAM_STAND_STILL_TRAFFIC'},31,{4},5.0
2e698d07,2e698d074,2020-11-19,9,{'JAM'},{'JAM_STAND_STILL_TRAFFIC'},37,{4},5.405405405405405
2e698d07,2e698d074,2020-11-19,10,{'JAM'},{'JAM_STAND_STILL_TRAFFIC'},26,{4},5.1923076923076925
2e698d07,2e698d074,2020-11-20,9,{'JAM'},{'JAM_STAND_STILL_TRAFFIC'},9,{2},5.0
2e698d07,2e698d074,2020-11-20,18,{'JAM'},{'JAM_HEAVY_TRAFFIC'},24,{4},5.0
2e698d07,2e698d074,2020-11-21,9,{'JAM'},"{'JAM', 'JAM_STAND_STILL_TRAFFIC'}",61,{4},5.704918032786885
2e698d07,2e698d07c,2020-09-15,15,{'JAM'},{'JAM_STAND_STILL_TRAFFIC'},31,{4},5.0
2e698d07,2e698d07c,2020-09-17,10,{'JAM'},{'JAM_HEAVY_TRAFFIC'},3,{4},5.0
2e698d07,2e698d07c,2020-10-13,7,{'WEATHERHAZARD'},{'HAZARD_ON_SHOULDER_CAR_STOPPED'},24,{4},5.875
2e698d07,2e698d07c,2020-10-16,17,{'JAM'},{'JAM_STAND_STILL_TRAFFIC'},33,{22},5.0
2e698d07,2e698d07c,2020-10-20,14,{'JAM'},{'JAM_STAND_STILL_TRAFFIC'},28,{4},5.0
2e698d07,2e698d07c,2020-10-29,6,{'JAM'},{'JAM_HEAVY_TRAFFIC'},31,{4},6.290322580645161
2e698d07,2e698d07c,2020-10-29,11,{'JAM'},{'JAM_HEAVY_TRAFFIC'},31,{4},5.774193548387097
2e698d07,2e698d07c,2020-11-08,21,{'JAM'},{'JAM'},34,{22},5.0
2e698d07,2e698d07c,2020-11-19,15,{'JAM'},{'JAM_HEAVY_TRAFFIC'},20,{4},5.0
2e698d07,2e698d07c,2020-11-19,19,{'JAM'},{'JAM_HEAVY_TRAFFIC'},8,{4},5.0
2e698d07,2e698d07c,2020-11-20,18,{'JAM'},{'JAM_HEAVY_TRAFFIC'},31,{22},5.0
2e698d09,2e698d084,2020-10-16,18,{'JAM'},{'JAM_HEAVY_TRAFFIC'},31,{22},6.806451612903226
2e698d0b,2e698d0a4,2020-11-21,9,{'JAM'},{'JAM'},30,{1},5.0
2e698d0b,2e698d0bc,2020-10-18,18,{'JAM'},{'JAM'},33,{2},5.0
2e698d0b,2e698d0bc,2020-10-29,18,{'JAM'},{'JAM_STAND_STILL_TRAFFIC'},30,{1},5.0
2e698d0d,2e698d0c4,2020-09-05,12,{'JAM'},{'JAM_HEAVY_TRAFFIC'},20,{2},5.0
2e698d0d,2e698d0c4,2020-10-07,7,{'JAM'},{'JAM_MODERATE_TRAFFIC'},6,{2},5.0
2e698d0d,2e698d0c4,2020-10-07,11,{'JAM'},{'JAM_HEAVY_TRAFFIC'},33,{2},5.0
2e698d0d,2e698d0c4,2020-10-07,18,{'JAM'},{'JAM_HEAVY_TRAFFIC'},30,{2},5.0
2e698d0d,2e698d0c4,2020-10-21,13,{'JAM'},{'JAM'},5,{1},5.0
2e698d0d,2e698d0c4,2020-11-07,12,{'JAM'},{'JAM_STAND_STILL_TRAFFIC'},30,{2},5.0
2e698d0d,2e698d0cc,2020-09-12,13,{'JAM'},{'JAM_HEAVY_TRAFFIC'},31,{2},5.0
2e698d0d,2e698d0cc,2020-10-08,10,{'JAM'},{'JAM_STAND_STILL_TRAFFIC'},32,{2},5.0
2e698d0d,2e698d0cc,2020-10-08,19,{'JAM'},{'JAM'},31,{2},5.0
2e698d0d,2e698d0cc,2020-10-10,16,{'JAM'},{'JAM_STAND_STILL_TRAFFIC'},31,{2},5.0
2e698d0d,2e698d0cc,2020-10-28,13,{'JAM'},{'JAM_HEAVY_TRAFFIC'},32,{2},5.0
2e698d0d,2e698d0cc,2020-11-02,17,{'JAM'},{'JAM_STAND_STILL_TRAFFIC'},30,{2},5.0
2e698d0d,2e698d0cc,2020-11-07,12,{'JAM'},{'JAM_STAND_STILL_TRAFFIC'},82,{2},6.829268292682927
2e698d0d,2e698d0cc,2020-11-08,17,{'JAM'},{'JAM_STAND_STILL_TRAFFIC'},30,{2},5.933333333333334
2e698d0d,2e698d0dc,2020-09-12,13,{'JAM'},{'JAM_HEAVY_TRAFFIC'},32,{2},5.0
2e698d0d,2e698d0dc,2020-09-21,14,{'JAM'},{'JAM_HEAVY_TRAFFIC'},31,{1},5.0
2e698d0d,2e698d0dc,2020-09-25,21,{'JAM'},{'JAM_HEAVY_TRAFFIC'},10,{1},5.0
2e698d0d,2e698d0dc,2020-09-26,15,{'JAM'},{'JAM'},31,{20},5.0
2e698d0d,2e698d0dc,2020-09-28,17,{'JAM'},{'JAM_MODERATE_TRAFFIC'},31,{2},5.0
2e698d0d,2e698d0dc,2020-10-06,17,{'JAM'},{'JAM_STAND_STILL_TRAFFIC'},31,{2},5.0
2e698d0d,2e698d0dc,2020-10-11,15,{'JAM'},{'JAM_HEAVY_TRAFFIC'},34,{2},5.0
2e698d0d,2e698d0dc,2020-11-02,17,{'JAM'},{'JAM_STAND_STILL_TRAFFIC'},31,{2},5.0
2e698d0d,2e698d0dc,2020-11-05,17,{'JAM'},{'JAM_STAND_STILL_TRAFFIC'},32,{2},5.0
2e698d0d,2e698d0dc,2020-11-15,22,{'JAM'},"{'JAM_STAND_STILL_TRAFFIC', 'JAM_MODERATE_TRAFFIC'}",48,{2},5.0
2e698d0d,2e698d0dc,2020-11-19,9,{'JAM'},{'JAM_HEAVY_TRAFFIC'},42,{2},5.357142857142857
2e698d0f,2e698d0e4,2020-09-05,17,{'JAM'},{'JAM_STAND_STILL_TRAFFIC'},33,{2},5.0
2e698d0f,2e698d0e4,2020-10-03,17,{'JAM'},{'JAM_STAND_STILL_TRAFFIC'},32,{2},5.0
2e698d0f,2e698d0e4,2020-10-06,12,{'JAM'},{'JAM_STAND_STILL_TRAFFIC'},9,{2},5.777777777777778
2e698d0f,2e698d0e4,2020-10-07,17,{'JAM'},{'JAM_MODERATE_TRAFFIC'},41,{2},6.121951219512195
2e698d0f,2e698d0e4,2020-10-16,20,{'JAM'},{'JAM_STAND_STILL_TRAFFIC'},32,{2},5.0
2e698d0f,2e698d0e4,2020-11-02,7,{'JAM'},{'JAM_STAND_STILL_TRAFFIC'},19,{2},5.0
2e698d0f,2e698d0e4,2020-11-02,17,{'JAM'},{'JAM_STAND_STILL_TRAFFIC'},33,{2},5.0
2e698d0f,2e698d0e4,2020-11-07,9,{'JAM'},{'JAM_HEAVY_TRAFFIC'},30,{2},5.0
2e698d0f,2e698d0e4,2020-11-07,17,{'JAM'},{'JAM_STAND_STILL_TRAFFIC'},31,{2},5.0
2e698d0f,2e698d0e4,2020-11-09,18,{'JAM'},{'JAM_HEAVY_TRAFFIC'},63,{2},5.0
2e698d0f,2e698d0fc,2020-09-12,15,{'JAM'},{'JAM_STAND_STILL_TRAFFIC'},30,{2},5.0
2e698d0f,2e698d0fc,2020-10-02,18,{'JAM'},{'JAM_HEAVY_TRAFFIC'},32,{2},5.0
2e698d0f,2e698d0fc,2020-10-07,18,{'JAM'},{'JAM_STAND_STILL_TRAFFIC'},30,{2},5.0
2e698d0f,2e698d0fc,2020-10-10,17,{'JAM'},"{'JAM_STAND_STILL_TRAFFIC', 'JAM_HEAVY_TRAFFIC'}",64,{2},5.96875
2e698d0f,2e698d0fc,2020-10-17,17,{'JAM'},{'JAM_MODERATE_TRAFFIC'},31,{2},5.0
2e698d0f,2e698d0fc,2020-10-23,15,{'ACCIDENT'},{'ACCIDENT'},124,{22},5.0
2e698d0f,2e698d0fc,2020-11-02,7,{'JAM'},{'JAM_STAND_STILL_TRAFFIC'},17,{2},5.9411764705882355
2e698d0f,2e698d0fc,2020-11-07,17,{'JAM'},"{'JAM_STAND_STILL_TRAFFIC', 'JAM_HEAVY_TRAFFIC'}",66,{2},5.318181818181818
2e698d11,2e698d104,2020-10-30,16,{'JAM'},{'JAM'},30,{1},5.0
2e698d11,2e698d10c,2020-09-05,11,{'JAM'},{'JAM_STAND_STILL_TRAFFIC'},30,{2},5.0
2e698d11,2e698d10c,2020-09-05,15,{'JAM'},{'JAM_STAND_STILL_TRAFFIC'},31,{2},5.0
2e698d11,2e698d10c,2020-09-12,16,{'JAM'},{'JAM_STAND_STILL_TRAFFIC'},30,{2},5.9
2e698d11,2e698d10c,2020-09-17,10,{'JAM'},{'JAM'},26,{2},5.0
2e698d11,2e698d10c,2020-09-26,15,{'JAM'},{'JAM_STAND_STILL_TRAFFIC'},33,{2},5.0
2e698d11,2e698d10c,2020-09-28,17,{'JAM'},{'JAM_STAND_STILL_TRAFFIC'},56,{2},5.0
2e698d11,2e698d10c,2020-10-03,16,{'JAM'},"{'JAM_STAND_STILL_TRAFFIC', 'JAM_HEAVY_TRAFFIC'}",35,{2},5.0
2e698d11,2e698d10c,2020-10-05,18,{'JAM'},{'JAM_STAND_STILL_TRAFFIC'},32,{2},5.0
2e698d11,2e698d10c,2020-10-10,13,{'JAM'},{'JAM_STAND_STILL_TRAFFIC'},30,{2},5.0
2e698d11,2e698d10c,2020-10-10,15,{'JAM'},{'JAM_STAND_STILL_TRAFFIC'},22,{2},5.954545454545454
2e698d11,2e698d10c,2020-10-10,16,{'JAM'},{'JAM_STAND_STILL_TRAFFIC'},65,{2},5.0
2e698d11,2e698d10c,2020-10-16,12,{'WEATHERHAZARD'},{'HAZARD_ON_ROAD_CAR_STOPPED'},32,{2},5.0
2e698d11,2e698d10c,2020-10-17,10,{'WEATHERHAZARD'},"{'HAZARD_WEATHER_FLOOD', 'HAZARD_WEATHER_FOG'}",65,{2},5.246153846153846
2e698d11,2e698d10c,2020-10-17,13,{'JAM'},{'JAM_STAND_STILL_TRAFFIC'},30,{2},5.0
2e698d11,2e698d10c,2020-10-17,16,{'JAM'},"{'JAM_STAND_STILL_TRAFFIC', 'JAM_HEAVY_TRAFFIC'}",111,{2},6.495495495495495
2e698d11,2e698d10c,2020-10-24,10,{'JAM'},{'JAM_STAND_STILL_TRAFFIC'},32,{2},5.0
2e698d11,2e698d10c,2020-10-24,15,{'JAM'},{'JAM_HEAVY_TRAFFIC'},33,{2},5.0
2e698d11,2e698d10c,2020-10-28,5,{'WEATHERHAZARD'},{'HAZARD_ON_ROAD_POT_HOLE'},162,{2},5.925925925925926
2e698d11,2e698d10c,2020-10-31,10,{'JAM'},{'JAM_HEAVY_TRAFFIC'},31,{2},5.0
2e698d11,2e698d10c,2020-11-04,17,{'JAM'},{'JAM_STAND_STILL_TRAFFIC'},5,{2},6.0
2e698d11,2e698d10c,2020-11-07,14,{'JAM'},{'JAM_HEAVY_TRAFFIC'},30,{2},5.0
2e698d11,2e698d10c,2020-11-07,16,{'JAM'},{'JAM_HEAVY_TRAFFIC'},30,{1},6.0
2e698d11,2e698d10c,2020-11-14,13,{'JAM'},{'JAM_STAND_STILL_TRAFFIC'},31,{2},6.0
2e698d11,2e698d10c,2020-11-14,16,{'JAM'},{'JAM_HEAVY_TRAFFIC'},30,{2},5.0
2e698d11,2e698d10c,2020-11-18,11,{'JAM'},{'JAM_HEAVY_TRAFFIC'},18,{2},5.0
2e698d11,2e698d114,2020-09-05,11,{'JAM'},"{'JAM_STAND_STILL_TRAFFIC', 'JAM_HEAVY_TRAFFIC'}",90,"{1, 2}",5.0
2e698d11,2e698d114,2020-09-05,12,{'JAM'},{'JAM_STAND_STILL_TRAFFIC'},16,{2},5.0
2e698d11,2e698d114,2020-09-20,20,{'JAM'},{'JAM_STAND_STILL_TRAFFIC'},6,{2},5.0
2e698d11,2e698d114,2020-10-10,14,{'JAM'},{'JAM_STAND_STILL_TRAFFIC'},31,{2},5.0
2e698d11,2e698d114,2020-10-10,15,{'JAM'},{'JAM_HEAVY_TRAFFIC'},29,{2},5.0
2e698d11,2e698d114,2020-10-10,16,{'JAM'},{'JAM_HEAVY_TRAFFIC'},34,{2},5.0
2e698d11,2e698d114,2020-10-17,15,{'JAM'},{'JAM_HEAVY_TRAFFIC'},34,{2},5.0
2e698d11,2e698d114,2020-10-17,16,{'JAM'},"{'JAM_STAND_STILL_TRAFFIC', 'JAM_HEAVY_TRAFFIC'}",124,"{1, 2}",5.225806451612903
2e698d11,2e698d114,2020-11-07,16,{'JAM'},{'JAM_STAND_STILL_TRAFFIC'},32,{2},5.0
2e698d11,2e698d114,2020-11-07,17,{'JAM'},{'JAM_STAND_STILL_TRAFFIC'},31,{2},5.0
2e698d11,2e698d114,2020-11-14,13,{'JAM'},{'JAM_STAND_STILL_TRAFFIC'},6,{1},5.0
2e698d13,2e698d124,2020-09-06,1,"{'JAM', 'ACCIDENT'}","{'JAM', 'ACCIDENT'}",152,{1},5.0
2e698d13,2e698d124,2020-10-13,23,{'JAM'},{'JAM'},5,{1},5.0
2e698d13,2e698d134,2020-09-06,9,"{'JAM', 'WEATHERHAZARD'}","{'JAM', 'WEATHERHAZARD'}",60,{8},5.0
2e698d13,2e698d13c,2020-11-07,16,{'JAM'},{'JAM'},27,{1},5.0
2e698d15,2e698d144,2020-09-12,10,{'JAM'},{'JAM_STAND_STILL_TRAFFIC'},30,{2},5.0
2e698d17,2e698d16c,2020-10-17,10,"{'JAM', 'WEATHERHAZARD'}","{'HAZARD_ON_ROAD_ICE', 'HAZARD_WEATHER_FLOOD', 'JAM_STAND_STILL_TRAFFIC'}",96,{2},5.4375
2e698d17,2e698d16c,2020-11-03,7,{'JAM'},{'JAM_HEAVY_TRAFFIC'},13,{2},5.0
2e698d17,2e698d16c,2020-11-16,10,{'WEATHERHAZARD'},{'WEATHERHAZARD'},31,{1},5.0
2e698d19,2e698d184,2020-11-20,18,"{'JAM', 'ACCIDENT'}","{'JAM_MODERATE_TRAFFIC', 'ACCIDENT_MINOR'}",152,{1},5.2894736842105265
2e698d19,2e698d18c,2020-09-12,9,{'JAM'},{'JAM_HEAVY_TRAFFIC'},6,{1},5.0
2e698d19,2e698d18c,2020-10-03,7,{'JAM'},{'JAM_HEAVY_TRAFFIC'},30,{1},5.0
2e698d19,2e698d18c,2020-10-14,6,{'JAM'},{'JAM_HEAVY_TRAFFIC'},35,{1},5.0
2e698d19,2e698d18c,2020-10-15,9,{'JAM'},{'JAM_HEAVY_TRAFFIC'},30,{1},5.0
2e698d19,2e698d18c,2020-10-21,7,{'JAM'},{'JAM_HEAVY_TRAFFIC'},30,{1},6.0
2e698d19,2e698d18c,2020-10-25,14,{'JAM'},{'JAM_HEAVY_TRAFFIC'},30,{1},5.0
2e698d19,2e698d18c,2020-10-28,9,{'JAM'},{'JAM_HEAVY_TRAFFIC'},30,{1},5.0
2e698d19,2e698d18c,2020-10-31,11,"{'JAM', 'WEATHERHAZARD'}","{'HAZARD_ON_ROAD_CONSTRUCTION', 'HAZARD_WEATHER_FOG', 'JAM_HEAVY_TRAFFIC'}",781,{1},5.201024327784891
2e698d19,2e698d18c,2020-11-01,14,{'JAM'},{'JAM_HEAVY_TRAFFIC'},31,{1},5.0
2e698d19,2e698d18c,2020-11-01,15,{'JAM'},{'JAM_HEAVY_TRAFFIC'},34,{1},5.0
2e698d19,2e698d18c,2020-11-02,10,{'JAM'},{'JAM_HEAVY_TRAFFIC'},30,{1},5.0
2e698d19,2e698d18c,2020-11-14,6,{'JAM'},{'JAM_HEAVY_TRAFFIC'},65,{1},5.0
2e698d19,2e698d18c,2020-11-14,15,{'JAM'},{'JAM_HEAVY_TRAFFIC'},42,{1},5.904761904761905
2e698d19,2e698d18c,2020-11-19,7,{'JAM'},{'JAM_HEAVY_TRAFFIC'},30,{1},5.0
2e698d19,2e698d194,2020-10-28,9,{'JAM'},{'JAM_HEAVY_TRAFFIC'},72,{2},5.222222222222222
2e698d19,2e698d194,2020-11-10,7,{'JAM'},{'JAM_HEAVY_TRAFFIC'},7,{2},5.0
2e698d19,2e698d194,2020-11-13,14,{'JAM'},{'JAM_HEAVY_TRAFFIC'},17,{2},5.0
2e698d19,2e698d194,2020-11-22,23,{'ACCIDENT'},{'ACCIDENT_MINOR'},120,{1},5.0
2e698d1b,2e698d1a4,2020-09-24,17,{'JAM'},{'JAM_HEAVY_TRAFFIC'},31,{2},5.0
2e698d1b,2e698d1a4,2020-10-17,19,{'JAM'},{'JAM_STAND_STILL_TRAFFIC'},33,{2},5.0
2e698d1b,2e698d1a4,2020-10-26,14,{'JAM'},{'JAM_HEAVY_TRAFFIC'},31,{2},5.0
2e698d1b,2e698d1a4,2020-11-06,17,{'JAM'},{'JAM_STAND_STILL_TRAFFIC'},11,{2},5.0
2e698d1b,2e698d1a4,2020-11-13,16,{'JAM'},{'JAM_HEAVY_TRAFFIC'},32,{2},5.0
2e698d1b,2e698d1ac,2020-09-04,19,{'JAM'},{'JAM_STAND_STILL_TRAFFIC'},31,{2},5.0
2e698d1b,2e698d1ac,2020-09-05,15,{'JAM'},{'JAM_STAND_STILL_TRAFFIC'},30,{2},5.0
2e698d1b,2e698d1ac,2020-09-06,17,{'ACCIDENT'},{'ACCIDENT'},121,{2},5.0
2e698d1b,2e698d1ac,2020-09-12,17,{'JAM'},{'JAM_HEAVY_TRAFFIC'},32,{2},5.0
2e698d1b,2e698d1ac,2020-09-17,9,{'JAM'},{'JAM_MODERATE_TRAFFIC'},14,{2},5.0
2e698d1b,2e698d1ac,2020-09-18,18,{'JAM'},{'JAM_HEAVY_TRAFFIC'},31,{2},5.0
2e698d1b,2e698d1ac,2020-09-21,15,{'JAM'},{'JAM_HEAVY_TRAFFIC'},33,{2},5.0
2e698d1b,2e698d1ac,2020-09-28,17,{'JAM'},{'JAM_STAND_STILL_TRAFFIC'},47,{2},5.0
2e698d1b,2e698d1ac,2020-09-28,18,{'JAM'},"{'JAM', 'JAM_HEAVY_TRAFFIC'}",62,{2},5.0
2e698d1b,2e698d1ac,2020-10-01,18,{'JAM'},{'JAM_HEAVY_TRAFFIC'},6,{2},6.0
2e698d1b,2e698d1ac,2020-10-02,17,{'JAM'},{'JAM_HEAVY_TRAFFIC'},45,{2},5.377777777777778
2e698d1b,2e698d1ac,2020-10-02,19,{'JAM'},{'JAM_STAND_STILL_TRAFFIC'},30,{2},5.0
2e698d1b,2e698d1ac,2020-10-03,10,{'JAM'},"{'JAM_STAND_STILL_TRAFFIC', 'JAM_HEAVY_TRAFFIC'}",60,{2},5.0
2e698d1b,2e698d1ac,2020-10-05,18,{'JAM'},"{'JAM_STAND_STILL_TRAFFIC', 'JAM_HEAVY_TRAFFIC'}",138,{2},5.7898550724637685
2e698d1b,2e698d1ac,2020-10-10,11,{'JAM'},{'JAM_HEAVY_TRAFFIC'},61,{2},5.491803278688525
2e698d1b,2e698d1ac,2020-10-10,12,{'JAM'},{'JAM_HEAVY_TRAFFIC'},31,{2},5.0
2e698d1b,2e698d1ac,2020-10-10,13,{'JAM'},{'JAM_STAND_STILL_TRAFFIC'},76,{2},5.815789473684211
2e698d1b,2e698d1ac,2020-10-10,15,{'JAM'},{'JAM_STAND_STILL_TRAFFIC'},31,{2},5.0
2e698d1b,2e698d1ac,2020-10-10,16,{'JAM'},{'JAM_STAND_STILL_TRAFFIC'},34,{2},5.0
2e698d1b,2e698d1ac,2020-10-10,17,{'JAM'},{'JAM_HEAVY_TRAFFIC'},61,{2},6.377049180327869
2e698d1b,2e698d1ac,2020-10-10,18,{'JAM'},{'JAM_STAND_STILL_TRAFFIC'},31,{2},6.935483870967742
2e698d1b,2e698d1ac,2020-10-13,17,{'JAM'},{'JAM_STAND_STILL_TRAFFIC'},32,{2},5.0
2e698d1b,2e698d1ac,2020-10-14,6,{'JAM'},{'JAM_HEAVY_TRAFFIC'},6,{2},5.0
2e698d1b,2e698d1ac,2020-10-17,16,{'JAM'},"{'JAM_STAND_STILL_TRAFFIC', 'JAM_HEAVY_TRAFFIC'}",161,{2},5.198757763975156
2e698d1b,2e698d1ac,2020-10-19,14,{'WEATHERHAZARD'},{'HAZARD_ON_ROAD_POT_HOLE'},115,{2},6.452173913043478
2e698d1b,2e698d1ac,2020-10-23,13,{'JAM'},{'JAM'},31,{1},5.0
2e698d1b,2e698d1ac,2020-10-25,17,{'JAM'},{'JAM_HEAVY_TRAFFIC'},30,{2},5.0
2e698d1b,2e698d1ac,2020-10-29,11,{'JAM'},{'JAM_HEAVY_TRAFFIC'},31,{2},5.0
2e698d1b,2e698d1ac,2020-10-31,16,{'JAM'},{'JAM_HEAVY_TRAFFIC'},8,{2},5.0
2e698d1b,2e698d1ac,2020-11-05,17,{'JAM'},{'JAM'},33,{2},5.0
2e698d1b,2e698d1ac,2020-11-06,17,{'JAM'},"{'JAM_STAND_STILL_TRAFFIC', 'JAM_HEAVY_TRAFFIC'}",49,{2},5.0
2e698d1b,2e698d1ac,2020-11-07,11,{'JAM'},{'JAM_STAND_STILL_TRAFFIC'},61,{2},5.245901639344262
2e698d1b,2e698d1ac,2020-11-07,12,{'JAM'},{'JAM_HEAVY_TRAFFIC'},31,{2},5.0
2e698d1b,2e698d1ac,2020-11-07,14,{'JAM'},{'JAM_HEAVY_TRAFFIC'},31,{2},5.0
2e698d1b,2e698d1ac,2020-11-07,17,{'JAM'},"{'JAM_STAND_STILL_TRAFFIC', 'JAM_HEAVY_TRAFFIC'}",127,{2},5.133858267716535
2e698d1b,2e698d1ac,2020-11-08,12,{'JAM'},{'JAM_HEAVY_TRAFFIC'},31,{2},5.0
2e698d1b,2e698d1ac,2020-11-13,15,{'JAM'},{'JAM_MODERATE_TRAFFIC'},26,{2},5.0
2e698d1b,2e698d1ac,2020-11-13,16,{'JAM'},{'JAM_HEAVY_TRAFFIC'},31,{2},5.0
2e698d1b,2e698d1ac,2020-11-14,17,{'JAM'},{'JAM_STAND_STILL_TRAFFIC'},31,{2},5.0
2e698d1b,2e698d1ac,2020-11-15,10,{'WEATHERHAZARD'},{'WEATHERHAZARD'},31,{2},5.0
2e698d1b,2e698d1ac,2020-11-16,17,{'JAM'},{'JAM_STAND_STILL_TRAFFIC'},44,{2},5.0
2e698d1b,2e698d1b4,2020-10-05,20,{'JAM'},{'JAM_MODERATE_TRAFFIC'},30,{2},5.0
2e698d1b,2e698d1b4,2020-10-10,15,{'JAM'},{'JAM_HEAVY_TRAFFIC'},15,{2},7.0
2e698d1b,2e698d1b4,2020-11-07,17,{'JAM'},{'JAM_HEAVY_TRAFFIC'},33,{2},5.878787878787879
2e698d1b,2e698d1b4,2020-11-08,12,{'JAM'},{'JAM_MODERATE_TRAFFIC'},30,{2},5.966666666666667
2e698d1b,2e698d1b4,2020-11-17,18,{'JAM'},{'JAM_HEAVY_TRAFFIC'},45,{2},6.311111111111111
2e698d1b,2e698d1bc,2020-09-04,17,{'JAM'},{'JAM_STAND_STILL_TRAFFIC'},36,{2},5.0
2e698d1b,2e698d1bc,2020-09-04,19,{'JAM'},{'JAM_STAND_STILL_TRAFFIC'},26,{2},5.0
2e698d1b,2e698d1bc,2020-09-24,18,{'JAM'},{'JAM_STAND_STILL_TRAFFIC'},18,{2},5.0
2e698d1b,2e698d1bc,2020-09-29,17,{'JAM'},{'JAM_HEAVY_TRAFFIC'},32,{2},5.0
2e698d1b,2e698d1bc,2020-10-02,17,{'JAM'},{'JAM_HEAVY_TRAFFIC'},47,{2},5.361702127659575
2e698d1b,2e698d1bc,2020-10-02,19,{'JAM'},{'JAM_STAND_STILL_TRAFFIC'},31,{2},5.0
2e698d1b,2e698d1bc,2020-10-05,17,{'JAM'},{'JAM_HEAVY_TRAFFIC'},61,{2},5.459016393442623
2e698d1b,2e698d1bc,2020-10-05,18,{'JAM'},{'JAM_HEAVY_TRAFFIC'},62,{2},5.919354838709677
2e698d1b,2e698d1bc,2020-10-07,18,{'JAM'},{'JAM_STAND_STILL_TRAFFIC'},38,{2},5.0
2e698d1b,2e698d1bc,2020-10-10,14,{'JAM'},{'JAM_STAND_STILL_TRAFFIC'},33,{2},5.0
2e698d1b,2e698d1bc,2020-10-10,16,{'JAM'},{'JAM_STAND_STILL_TRAFFIC'},62,{2},5.0
2e698d1b,2e698d1bc,2020-10-10,17,{'JAM'},{'JAM_HEAVY_TRAFFIC'},66,{2},6.0
2e698d1b,2e698d1bc,2020-10-17,16,{'JAM'},{'JAM_STAND_STILL_TRAFFIC'},61,{2},5.327868852459017
2e698d1b,2e698d1bc,2020-10-22,17,{'JAM'},"{'JAM_STAND_STILL_TRAFFIC', 'JAM_HEAVY_TRAFFIC'}",87,{2},5.505747126436781
2e698d1b,2e698d1bc,2020-10-28,17,{'JAM'},{'JAM'},21,{2},5.0
2e698d1b,2e698d1bc,2020-11-05,17,{'JAM'},{'JAM_STAND_STILL_TRAFFIC'},31,{2},5.0
2e698d1b,2e698d1bc,2020-11-07,11,{'JAM'},{'JAM_STAND_STILL_TRAFFIC'},92,{2},5.336956521739131
2e698d1b,2e698d1bc,2020-11-09,17,{'JAM'},{'JAM_STAND_STILL_TRAFFIC'},31,{2},5.0
2e698d1b,2e698d1bc,2020-11-14,17,{'JAM'},{'JAM_STAND_STILL_TRAFFIC'},32,{2},5.0
2e698d1b,2e698d1bc,2020-11-16,17,{'JAM'},{'JAM_STAND_STILL_TRAFFIC'},34,{2},5.0
2e698d1d,2e698d1c4,2020-09-01,18,{'JAM'},{'JAM_STAND_STILL_TRAFFIC'},5,{2},5.0
2e698d1d,2e698d1c4,2020-09-04,17,{'JAM'},{'JAM_HEAVY_TRAFFIC'},30,{2},5.0
2e698d1d,2e698d1c4,2020-09-08,15,{'ACCIDENT'},{'ACCIDENT_MAJOR'},16,{4},7.5
2e698d1d,2e698d1c4,2020-09-08,17,{'JAM'},{'JAM_HEAVY_TRAFFIC'},19,{2},5.0
2e698d1d,2e698d1c4,2020-09-10,17,{'JAM'},{'JAM_MODERATE_TRAFFIC'},30,{2},5.0
2e698d1d,2e698d1c4,2020-09-11,6,{'WEATHERHAZARD'},{'HAZARD_ON_ROAD_CONSTRUCTION'},92,{4},6.9021739130434785
2e698d1d,2e698d1c4,2020-09-21,17,{'JAM'},{'JAM_MODERATE_TRAFFIC'},36,{4},5.5
2e698d1d,2e698d1c4,2020-09-24,8,{'WEATHERHAZARD'},{'HAZARD_ON_SHOULDER_CAR_STOPPED'},31,{4},5.0
2e698d1d,2e698d1c4,2020-09-30,17,{'JAM'},{'JAM_HEAVY_TRAFFIC'},30,{2},5.0
2e698d1d,2e698d1c4,2020-10-01,18,{'JAM'},{'JAM_HEAVY_TRAFFIC'},25,{2},5.0
2e698d1d,2e698d1c4,2020-10-02,17,{'JAM'},{'JAM_HEAVY_TRAFFIC'},36,{2},5.0
2e698d1d,2e698d1c4,2020-10-02,18,{'JAM'},{'JAM_HEAVY_TRAFFIC'},45,{2},5.355555555555555
2e698d1d,2e698d1c4,2020-10-05,17,{'JAM'},{'JAM_STAND_STILL_TRAFFIC'},31,{4},5.870967741935484
2e698d1d,2e698d1c4,2020-10-05,18,{'JAM'},{'JAM_HEAVY_TRAFFIC'},57,"{2, 4}",5.2631578947368425
2e698d1d,2e698d1c4,2020-10-05,19,{'JAM'},{'JAM_STAND_STILL_TRAFFIC'},47,{4},5.361702127659575
2e698d1d,2e698d1c4,2020-10-07,17,{'JAM'},{'JAM_HEAVY_TRAFFIC'},45,{4},5.333333333333333
2e698d1d,2e698d1c4,2020-10-10,16,{'JAM'},{'JAM_STAND_STILL_TRAFFIC'},32,{2},5.0
2e698d1d,2e698d1c4,2020-10-12,18,{'JAM'},{'JAM_HEAVY_TRAFFIC'},31,{2},5.0
2e698d1d,2e698d1c4,2020-10-22,17,"{'JAM', 'WEATHERHAZARD'}","{'JAM', 'WEATHERHAZARD', 'JAM_HEAVY_TRAFFIC'}",132,{2},5.257575757575758
2e698d1d,2e698d1c4,2020-10-24,17,{'JAM'},{'JAM_STAND_STILL_TRAFFIC'},38,{2},5.421052631578948
2e698d1d,2e698d1c4,2020-10-26,6,{'WEATHERHAZARD'},{'HAZARD_ON_SHOULDER_CAR_STOPPED'},43,{4},7.534883720930233
2e698d1d,2e698d1c4,2020-10-26,19,{'WEATHERHAZARD'},{'HAZARD_WEATHER_FLOOD'},31,{2},5.806451612903226
2e698d1d,2e698d1c4,2020-10-27,16,{'JAM'},{'JAM_STAND_STILL_TRAFFIC'},30,{4},5.0
2e698d1d,2e698d1c4,2020-10-28,17,{'JAM'},{'JAM_HEAVY_TRAFFIC'},36,{2},5.0
2e698d1d,2e698d1c4,2020-11-03,17,{'JAM'},{'JAM_HEAVY_TRAFFIC'},31,{2},5.0
2e698d1d,2e698d1c4,2020-11-04,12,{'JAM'},{'JAM_STAND_STILL_TRAFFIC'},5,{4},5.0
2e698d1d,2e698d1c4,2020-11-08,12,{'WEATHERHAZARD'},{'HAZARD_WEATHER_FLOOD'},30,{2},5.0
2e698d1d,2e698d1c4,2020-11-19,9,{'JAM'},{'JAM'},20,{4},5.0
2e698d1d,2e698d1c4,2020-11-21,17,{'JAM'},{'JAM_STAND_STILL_TRAFFIC'},30,{2},5.0
2e698d1d,2e698d1cc,2020-09-03,19,{'WEATHERHAZARD'},{'HAZARD_ON_ROAD_POT_HOLE'},82,{4},5.036585365853658
2e698d1d,2e698d1cc,2020-09-08,16,{'JAM'},{'JAM_HEAVY_TRAFFIC'},30,{4},5.0
2e698d1d,2e698d1cc,2020-09-09,6,{'WEATHERHAZARD'},{'HAZARD_ON_ROAD_CONSTRUCTION'},93,{4},8.75268817204301
2e698d1d,2e698d1cc,2020-09-14,17,{'JAM'},{'JAM_HEAVY_TRAFFIC'},32,{4},5.0
2e698d1d,2e698d1cc,2020-09-16,18,{'JAM'},{'JAM_STAND_STILL_TRAFFIC'},36,{4},5.0
2e698d1d,2e698d1cc,2020-09-26,12,{'JAM'},{'JAM_STAND_STILL_TRAFFIC'},14,{4},5.0
2e698d1d,2e698d1cc,2020-09-27,16,{'WEATHERHAZARD'},{'HAZARD_ON_ROAD_CONSTRUCTION'},186,{4},9.17741935483871
2e698d1d,2e698d1cc,2020-09-28,6,{'WEATHERHAZARD'},{'HAZARD_ON_ROAD_CONSTRUCTION'},64,{4},7.390625
2e698d1d,2e698d1cc,2020-09-28,15,{'WEATHERHAZARD'},{'HAZARD_ON_ROAD_CONSTRUCTION'},721,{4},5.0
2e698d1d,2e698d1cc,2020-09-29,17,{'JAM'},{'JAM_STAND_STILL_TRAFFIC'},7,{4},5.857142857142857
2e698d1d,2e698d1cc,2020-09-30,17,{'JAM'},{'JAM_STAND_STILL_TRAFFIC'},31,{4},5.774193548387097
2e698d1d,2e698d1cc,2020-10-01,18,{'JAM'},{'JAM_STAND_STILL_TRAFFIC'},31,{4},5.0
2e698d1d,2e698d1cc,2020-10-02,17,{'JAM'},{'JAM_STAND_STILL_TRAFFIC'},33,{4},5.0
2e698d1d,2e698d1cc,2020-10-05,17,{'JAM'},{'JAM_STAND_STILL_TRAFFIC'},35,{4},5.457142857142857
2e698d1d,2e698d1cc,2020-10-05,19,{'JAM'},{'JAM_HEAVY_TRAFFIC'},18,{4},5.0
2e698d1d,2e698d1cc,2020-10-08,17,{'JAM'},{'JAM_HEAVY_TRAFFIC'},31,{4},5.0
2e698d1d,2e698d1cc,2020-10-09,7,{'WEATHERHAZARD'},{'HAZARD_ON_ROAD_CONSTRUCTION'},35,{4},5.9714285714285715
2e698d1d,2e698d1cc,2020-10-09,19,{'JAM'},{'JAM_STAND_STILL_TRAFFIC'},31,{4},5.741935483870968
2e698d1d,2e698d1cc,2020-10-11,18,{'WEATHERHAZARD'},{'HAZARD_ON_ROAD_POT_HOLE'},121,{4},7.24793388429752
2e698d1d,2e698d1cc,2020-10-12,17,{'JAM'},{'JAM_STAND_STILL_TRAFFIC'},36,{4},6.333333333333333
2e698d1d,2e698d1cc,2020-10-12,18,{'JAM'},{'JAM_HEAVY_TRAFFIC'},30,{4},5.0
2e698d1d,2e698d1cc,2020-10-12,19,{'JAM'},{'JAM_MODERATE_TRAFFIC'},30,{4},5.0
2e698d1d,2e698d1cc,2020-10-13,18,{'JAM'},{'JAM_STAND_STILL_TRAFFIC'},26,{4},6.0
2e698d1d,2e698d1cc,2020-10-14,16,{'JAM'},{'JAM_STAND_STILL_TRAFFIC'},62,{4},5.0
2e698d1d,2e698d1cc,2020-10-14,18,{'JAM'},{'JAM_STAND_STILL_TRAFFIC'},37,{4},5.4324324324324325
2e698d1d,2e698d1cc,2020-10-15,19,{'JAM'},{'JAM_HEAVY_TRAFFIC'},30,{4},5.0
2e698d1d,2e698d1cc,2020-10-16,18,{'JAM'},{'JAM_MODERATE_TRAFFIC'},34,{4},5.0
2e698d1d,2e698d1cc,2020-10-16,20,{'JAM'},{'JAM'},6,{4},5.0
2e698d1d,2e698d1cc,2020-10-19,17,{'JAM'},{'JAM_HEAVY_TRAFFIC'},31,{4},5.0
2e698d1d,2e698d1cc,2020-10-19,18,{'JAM'},{'JAM_STAND_STILL_TRAFFIC'},42,{4},6.285714285714286
2e698d1d,2e698d1cc,2020-10-20,17,{'JAM'},{'JAM_STAND_STILL_TRAFFIC'},31,{4},5.0
2e698d1d,2e698d1cc,2020-10-20,18,{'JAM'},{'JAM_HEAVY_TRAFFIC'},5,{4},5.0
2e698d1d,2e698d1cc,2020-10-21,15,{'WEATHERHAZARD'},{'HAZARD_ON_ROAD_CONSTRUCTION'},192,{4},7.880208333333333
2e698d1d,2e698d1cc,2020-10-21,17,{'JAM'},{'JAM_STAND_STILL_TRAFFIC'},7,{4},5.0
2e698d1d,2e698d1cc,2020-10-22,18,{'JAM'},{'JAM_STAND_STILL_TRAFFIC'},31,{4},5.0
2e698d1d,2e698d1cc,2020-10-23,10,{'JAM'},{'JAM'},31,{1},5.0
2e698d1d,2e698d1cc,2020-10-26,6,{'JAM'},{'JAM_STAND_STILL_TRAFFIC'},8,{4},5.0
2e698d1d,2e698d1cc,2020-10-26,17,{'JAM'},{'JAM_HEAVY_TRAFFIC'},5,{4},5.0
2e698d1d,2e698d1cc,2020-10-26,19,{'JAM'},{'JAM_HEAVY_TRAFFIC'},30,{4},5.0
2e698d1d,2e698d1cc,2020-10-27,17,{'JAM'},{'JAM_HEAVY_TRAFFIC'},7,{4},5.0
2e698d1d,2e698d1cc,2020-10-27,18,{'JAM'},{'JAM_HEAVY_TRAFFIC'},5,{4},5.0
2e698d1d,2e698d1cc,2020-10-28,17,{'JAM'},{'JAM_HEAVY_TRAFFIC'},6,{4},5.0
2e698d1d,2e698d1cc,2020-11-02,16,{'JAM'},{'JAM_STAND_STILL_TRAFFIC'},42,{4},6.4523809523809526
2e698d1d,2e698d1cc,2020-11-02,17,{'JAM'},{'JAM_STAND_STILL_TRAFFIC'},5,{4},6.0
2e698d1d,2e698d1cc,2020-11-02,19,{'JAM'},{'JAM_HEAVY_TRAFFIC'},30,{4},5.0
2e698d1d,2e698d1cc,2020-11-02,20,{'JAM'},{'JAM_HEAVY_TRAFFIC'},12,{4},5.75
2e698d1d,2e698d1cc,2020-11-04,17,{'JAM'},{'JAM_HEAVY_TRAFFIC'},7,{4},5.0
2e698d1d,2e698d1cc,2020-11-04,18,{'JAM'},{'JAM_STAND_STILL_TRAFFIC'},35,{4},5.9714285714285715
2e698d1d,2e698d1cc,2020-11-05,18,{'JAM'},{'JAM_HEAVY_TRAFFIC'},21,{4},5.0
2e698d1d,2e698d1cc,2020-11-06,18,{'JAM'},{'JAM_STAND_STILL_TRAFFIC'},31,{4},5.0
2e698d1d,2e698d1cc,2020-11-07,14,{'JAM'},{'JAM_HEAVY_TRAFFIC'},34,{4},5.0
2e698d1d,2e698d1cc,2020-11-07,15,{'JAM'},{'JAM_STAND_STILL_TRAFFIC'},33,{4},5.0
2e698d1d,2e698d1cc,2020-11-09,17,{'JAM'},{'JAM_STAND_STILL_TRAFFIC'},18,{4},5.0
2e698d1d,2e698d1cc,2020-11-09,19,{'JAM'},{'JAM_STAND_STILL_TRAFFIC'},31,{4},5.0
2e698d1d,2e698d1cc,2020-11-09,20,{'JAM'},{'JAM_STAND_STILL_TRAFFIC'},33,{4},5.0
2e698d1d,2e698d1cc,2020-11-10,18,{'JAM'},{'JAM_STAND_STILL_TRAFFIC'},30,{4},5.0
2e698d1d,2e698d1cc,2020-11-10,19,{'JAM'},{'JAM_HEAVY_TRAFFIC'},30,{4},5.0
2e698d1d,2e698d1cc,2020-11-10,20,{'JAM'},{'JAM_STAND_STILL_TRAFFIC'},38,{4},5.473684210526316
2e698d1d,2e698d1cc,2020-11-11,17,{'JAM'},{'JAM_STAND_STILL_TRAFFIC'},30,{4},5.0
2e698d1d,2e698d1cc,2020-11-11,19,{'JAM'},{'JAM_STAND_STILL_TRAFFIC'},25,{4},5.0
2e698d1d,2e698d1cc,2020-11-13,18,{'JAM'},{'JAM_HEAVY_TRAFFIC'},5,{4},5.0
2e698d1d,2e698d1cc,2020-11-13,19,"{'JAM', 'WEATHERHAZARD'}","{'JAM_STAND_STILL_TRAFFIC', 'HAZARD_ON_ROAD_POT_HOLE'}",788,{4},9.57994923857868
2e698d1d,2e698d1cc,2020-11-16,18,{'JAM'},{'JAM_STAND_STILL_TRAFFIC'},16,{4},5.0
2e698d1d,2e698d1cc,2020-11-17,17,{'JAM'},{'JAM_STAND_STILL_TRAFFIC'},33,{4},5.484848484848484
2e698d1d,2e698d1dc,2020-09-11,17,{'JAM'},{'JAM_HEAVY_TRAFFIC'},30,{2},5.0
2e698d1d,2e698d1dc,2020-09-23,17,{'JAM'},{'JAM_HEAVY_TRAFFIC'},32,{2},5.0
2e698d1d,2e698d1dc,2020-10-05,16,{'JAM'},{'JAM_HEAVY_TRAFFIC'},32,{2},5.0
2e698d1d,2e698d1dc,2020-10-05,18,{'JAM'},{'JAM_STAND_STILL_TRAFFIC'},48,{2},6.583333333333333
2e698d1d,2e698d1dc,2020-10-05,20,{'JAM'},{'JAM_STAND_STILL_TRAFFIC'},20,{2},5.55
2e698d1d,2e698d1dc,2020-10-07,17,{'JAM'},{'JAM_MODERATE_TRAFFIC'},36,{2},5.472222222222222
2e698d1d,2e698d1dc,2020-10-19,20,{'WEATHERHAZARD'},{'HAZARD_ON_ROAD_CAR_STOPPED'},31,{2},5.225806451612903
2e698d1d,2e698d1dc,2020-10-27,16,{'JAM'},{'JAM_HEAVY_TRAFFIC'},32,{2},6.0
2e698d1d,2e698d1dc,2020-10-28,17,{'JAM'},{'JAM_HEAVY_TRAFFIC'},6,{2},5.0
2e698d1d,2e698d1dc,2020-11-02,18,{'JAM'},{'JAM_HEAVY_TRAFFIC'},30,{2},5.0
2e698d1d,2e698d1dc,2020-11-07,12,{'JAM'},{'JAM_HEAVY_TRAFFIC'},32,{2},5.0
2e698d1f,2e698d1e4,2020-10-05,18,{'JAM'},"{'JAM_STAND_STILL_TRAFFIC', 'JAM_HEAVY_TRAFFIC'}",20,{2},6.0
2e698d1f,2e698d1e4,2020-11-04,7,{'JAM'},{'JAM_HEAVY_TRAFFIC'},24,{1},5.0
2e698d1f,2e698d1e4,2020-11-09,17,{'JAM'},{'JAM_STAND_STILL_TRAFFIC'},27,{2},5.481481481481482
2e698d1f,2e698d1e4,2020-11-17,17,{'JAM'},{'JAM_STAND_STILL_TRAFFIC'},17,{2},5.0
2e698d1f,2e698d1ec,2020-10-01,17,{'JAM'},{'JAM_STAND_STILL_TRAFFIC'},29,{2},5.379310344827586
2e698d1f,2e698d1ec,2020-10-05,18,{'JAM'},"{'JAM_STAND_STILL_TRAFFIC', 'JAM_HEAVY_TRAFFIC'}",80,{2},6.7125
2e698d1f,2e698d1ec,2020-10-26,5,{'JAM'},{'JAM'},43,{2},5.372093023255814
2e698d1f,2e698d1ec,2020-10-26,7,{'JAM'},{'JAM_HEAVY_TRAFFIC'},7,{4},5.0
2e698d1f,2e698d1ec,2020-11-04,13,{'JAM'},{'JAM_STAND_STILL_TRAFFIC'},25,{4},5.68
2e698d1f,2e698d1ec,2020-11-07,15,{'JAM'},{'JAM_HEAVY_TRAFFIC'},32,{2},6.0
2e698d1f,2e698d1ec,2020-11-07,16,{'JAM'},"{'JAM', 'JAM_HEAVY_TRAFFIC'}",61,{2},5.0
2e698d1f,2e698d1ec,2020-11-16,17,{'JAM'},{'JAM_STAND_STILL_TRAFFIC'},21,{2},5.0
2e698d1f,2e698d1ec,2020-11-17,17,{'JAM'},{'JAM_STAND_STILL_TRAFFIC'},30,{2},5.0
2e698d1f,2e698d1ec,2020-11-17,19,{'JAM'},{'JAM_HEAVY_TRAFFIC'},32,{2},5.625
2e698d21,2e698d204,2020-11-12,9,{'JAM'},{'JAM_HEAVY_TRAFFIC'},14,{1},5.0
2e698d21,2e698d214,2020-10-16,19,{'WEATHERHAZARD'},{'HAZARD_ON_ROAD_CONSTRUCTION'},145,{4},5.0
2e698d23,2e698d224,2020-11-18,8,{'JAM'},{'JAM_HEAVY_TRAFFIC'},28,{2},5.964285714285714
2e698d23,2e698d23c,2020-09-26,10,{'JAM'},{'JAM_HEAVY_TRAFFIC'},13,{2},5.0
2e698d25,2e698d254,2020-09-11,15,{'JAM'},{'JAM'},31,{22},5.0
2e698d25,2e698d254,2020-09-12,13,{'JAM'},{'JAM_STAND_STILL_TRAFFIC'},31,{2},5.0
2e698d27,2e698d264,2020-09-03,12,{'WEATHERHAZARD'},{'HAZARD_ON_SHOULDER_CAR_STOPPED'},32,{4},5.65625
2e698d27,2e698d264,2020-09-03,16,{'WEATHERHAZARD'},{'HAZARD_ON_SHOULDER_CAR_STOPPED'},52,{4},6.769230769230769
2e698d27,2e698d264,2020-09-11,16,{'WEATHERHAZARD'},{'HAZARD_ON_SHOULDER_CAR_STOPPED'},32,{4},5.75
2e698d27,2e698d264,2020-09-14,13,{'JAM'},{'JAM_HEAVY_TRAFFIC'},8,{20},5.0
2e698d27,2e698d264,2020-09-16,19,{'WEATHERHAZARD'},{'HAZARD_ON_SHOULDER_CAR_STOPPED'},32,{4},5.0
2e698d27,2e698d264,2020-09-21,16,{'WEATHERHAZARD'},{'HAZARD_ON_ROAD_CONSTRUCTION'},94,{4},6.23404255319149
2e698d27,2e698d264,2020-09-24,10,{'WEATHERHAZARD'},{'HAZARD_ON_ROAD_CONSTRUCTION'},656,{4},9.439024390243903
2e698d27,2e698d264,2020-09-28,16,{'WEATHERHAZARD'},{'HAZARD_ON_ROAD_CONSTRUCTION'},757,{4},7.795244385733157
2e698d27,2e698d264,2020-10-19,18,{'WEATHERHAZARD'},{'HAZARD_ON_ROAD_CONSTRUCTION'},55,{4},5.6909090909090905
2e698d27,2e698d264,2020-10-21,11,{'JAM'},{'JAM'},23,{4},5.0
2e698d27,2e698d264,2020-10-21,20,{'WEATHERHAZARD'},{'HAZARD_ON_SHOULDER_CAR_STOPPED'},30,{20},5.733333333333333
2e698d27,2e698d264,2020-10-26,21,{'WEATHERHAZARD'},{'HAZARD_ON_SHOULDER_CAR_STOPPED'},26,{4},5.730769230769231
2e698d27,2e698d264,2020-11-04,17,{'WEATHERHAZARD'},{'HAZARD_ON_SHOULDER_CAR_STOPPED'},37,{20},6.1891891891891895
2e698d27,2e698d264,2020-11-06,15,{'JAM'},{'JAM_MODERATE_TRAFFIC'},7,{4},5.0
2e698d27,2e698d264,2020-11-09,20,{'WEATHERHAZARD'},{'HAZARD_ON_SHOULDER_CAR_STOPPED'},5,{4},5.4
2e698d27,2e698d264,2020-11-11,21,{'WEATHERHAZARD'},{'HAZARD_ON_ROAD_CONSTRUCTION'},560,{4},8.107142857142858
2e698d27,2e698d264,2020-11-18,13,{'WEATHERHAZARD'},{'HAZARD_ON_ROAD_CONSTRUCTION'},247,{4},7.97165991902834
2e698d27,2e698d26c,2020-09-03,16,{'WEATHERHAZARD'},{'HAZARD_ON_SHOULDER_CAR_STOPPED'},31,{20},5.0
2e698d27,2e698d26c,2020-09-10,14,{'WEATHERHAZARD'},{'HAZARD_ON_SHOULDER_CAR_STOPPED'},53,{20},5.773584905660377
2e698d27,2e698d26c,2020-09-16,7,{'JAM'},{'JAM_STAND_STILL_TRAFFIC'},30,{20},5.0
2e698d27,2e698d26c,2020-09-21,7,{'WEATHERHAZARD'},{'HAZARD_WEATHER'},31,{20},5.0
2e698d27,2e698d26c,2020-10-02,13,{'WEATHERHAZARD'},{'HAZARD_ON_ROAD_CONSTRUCTION'},116,{20},7.068965517241379
2e698d27,2e698d26c,2020-10-21,12,{'JAM'},{'JAM_MODERATE_TRAFFIC'},31,{20},5.0
2e698d27,2e698d26c,2020-10-21,20,{'WEATHERHAZARD'},{'HAZARD_ON_SHOULDER_CAR_STOPPED'},31,{20},5.0
2e698d27,2e698d26c,2020-10-28,19,{'WEATHERHAZARD'},{'HAZARD_ON_SHOULDER_CAR_STOPPED'},31,{20},5.967741935483871
2e698d27,2e698d26c,2020-11-13,18,{'WEATHERHAZARD'},{'WEATHERHAZARD'},33,{20},5.0
2e698d27,2e698d26c,2020-11-18,12,{'WEATHERHAZARD'},{'HAZARD_ON_SHOULDER_CAR_STOPPED'},32,{20},5.5625
2e698d29,2e698d284,2020-10-06,11,{'JAM'},{'JAM'},34,{1},5.0
2e698d29,2e698d28c,2020-09-01,12,{'WEATHERHAZARD'},{'HAZARD_ON_ROAD_POT_HOLE'},504,{2},5.527777777777778
2e698d29,2e698d28c,2020-09-14,13,{'WEATHERHAZARD'},{'HAZARD_WEATHER_FOG'},46,{4},5.3478260869565215
2e698d29,2e698d28c,2020-10-13,19,{'WEATHERHAZARD'},{'HAZARD_ON_ROAD_CONSTRUCTION'},721,{4},7.76005547850208
2e698d29,2e698d28c,2020-11-07,16,{'JAM'},{'JAM_MODERATE_TRAFFIC'},6,{2},5.0
2e698d29,2e698d294,2020-09-12,12,{'JAM'},{'JAM_STAND_STILL_TRAFFIC'},14,{2},5.0
2e698d29,2e698d294,2020-11-07,16,{'JAM'},{'JAM_MODERATE_TRAFFIC'},37,{2},5.0
2e698d29,2e698d294,2020-11-12,18,{'WEATHERHAZARD'},{'WEATHERHAZARD'},35,{2},5.0
2e698d29,2e698d294,2020-11-13,17,{'JAM'},{'JAM_STAND_STILL_TRAFFIC'},7,{1},5.0
2e698d29,2e698d294,2020-11-13,18,{'JAM'},{'JAM_HEAVY_TRAFFIC'},7,{2},5.0
2e698d29,2e698d294,2020-11-17,19,{'ROAD_CLOSED'},{'ROAD_CLOSED'},147,{2},9.0
2e698d29,2e698d294,2020-11-18,11,{'ACCIDENT'},{'ACCIDENT'},121,{1},5.0
2e698d29,2e698d294,2020-11-20,19,{'ROAD_CLOSED'},{'ROAD_CLOSED_CONSTRUCTION'},2,{2},5.0
2e698d29,2e698d294,2020-11-21,14,{'WEATHERHAZARD'},{'HAZARD_ON_ROAD_CONSTRUCTION'},312,{2},8.195512820512821
2e698d29,2e698d29c,2020-09-13,17,{'JAM'},{'JAM'},30,{1},5.0
2e698d2b,2e698d2ac,2020-10-01,6,{'WEATHERHAZARD'},{'HAZARD_ON_ROAD_CAR_STOPPED'},31,{4},5.0
2e698d2b,2e698d2b4,2020-09-03,17,{'JAM'},{'JAM_STAND_STILL_TRAFFIC'},30,{4},5.0
2e698d2b,2e698d2b4,2020-09-05,13,{'JAM'},{'JAM_STAND_STILL_TRAFFIC'},32,{2},5.0
2e698d2b,2e698d2b4,2020-09-11,19,{'JAM'},{'JAM_STAND_STILL_TRAFFIC'},32,{4},5.0
2e698d2b,2e698d2b4,2020-09-22,13,{'JAM'},{'JAM_STAND_STILL_TRAFFIC'},9,{2},5.0
2e698d2b,2e698d2b4,2020-10-03,14,{'JAM'},{'JAM_HEAVY_TRAFFIC'},30,{2},5.0
2e698d2b,2e698d2b4,2020-10-06,17,{'JAM'},{'JAM_STAND_STILL_TRAFFIC'},30,{2},5.966666666666667
2e698d2b,2e698d2b4,2020-10-06,18,{'JAM'},{'JAM_STAND_STILL_TRAFFIC'},31,{2},5.0
2e698d2b,2e698d2b4,2020-10-10,14,{'JAM'},"{'JAM', 'JAM_MODERATE_TRAFFIC'}",64,{2},5.421875
2e698d2b,2e698d2b4,2020-10-16,17,{'JAM'},{'JAM_STAND_STILL_TRAFFIC'},32,{4},5.0
2e698d2b,2e698d2b4,2020-10-17,13,{'JAM'},{'JAM_HEAVY_TRAFFIC'},31,{2},5.0
2e698d2b,2e698d2b4,2020-11-06,16,{'WEATHERHAZARD'},{'HAZARD_ON_SHOULDER_CAR_STOPPED'},30,{4},5.333333333333333
2e698d2b,2e698d2b4,2020-11-07,13,{'JAM'},{'JAM_HEAVY_TRAFFIC'},30,{2},5.866666666666666
2e698d2b,2e698d2b4,2020-11-13,18,{'JAM'},{'JAM_STAND_STILL_TRAFFIC'},33,{4},5.848484848484849
2e698d2b,2e698d2bc,2020-10-05,17,{'JAM'},{'JAM_MODERATE_TRAFFIC'},33,{2},5.0
2e698d2b,2e698d2bc,2020-10-05,19,{'JAM'},{'JAM_HEAVY_TRAFFIC'},31,{2},5.0
2e698d2b,2e698d2bc,2020-10-06,18,{'JAM'},{'JAM_STAND_STILL_TRAFFIC'},32,{2},5.0
2e698d2b,2e698d2bc,2020-11-12,18,{'JAM'},{'JAM_STAND_STILL_TRAFFIC'},41,{2},7.414634146341464
2e698d2b,2e698d2bc,2020-11-13,17,{'JAM'},{'JAM_HEAVY_TRAFFIC'},11,{2},5.0
2e698d2b,2e698d2bc,2020-11-13,19,{'JAM'},{'JAM_STAND_STILL_TRAFFIC'},29,{2},5.0
2e698d2d,2e698d2c4,2020-11-12,18,{'JAM'},{'JAM'},5,{1},5.0
2e698d2d,2e698d2c4,2020-11-13,17,{'JAM'},{'JAM_MODERATE_TRAFFIC'},30,{1},5.666666666666667
2e698d2d,2e698d2c4,2020-11-13,19,{'JAM'},{'JAM_STAND_STILL_TRAFFIC'},57,{1},5.192982456140351
2e698d2d,2e698d2c4,2020-11-14,19,{'JAM'},"{'JAM_STAND_STILL_TRAFFIC', 'JAM_HEAVY_TRAFFIC'}",14,{1},5.0
2e698d2d,2e698d2c4,2020-11-16,19,{'JAM'},{'JAM_HEAVY_TRAFFIC'},20,{1},5.05
2e698d2d,2e698d2c4,2020-11-17,18,{'JAM'},{'JAM_STAND_STILL_TRAFFIC'},39,{1},5.384615384615385
2e698d2d,2e698d2c4,2020-11-21,16,{'JAM'},{'JAM_STAND_STILL_TRAFFIC'},7,{1},5.571428571428571
2e698d2d,2e698d2c4,2020-11-21,17,{'JAM'},{'JAM_STAND_STILL_TRAFFIC'},12,{1},5.0
2e698d2d,2e698d2d4,2020-11-13,18,{'JAM'},{'JAM_HEAVY_TRAFFIC'},31,{1},5.0
2e698d2d,2e698d2dc,2020-11-12,10,{'JAM'},{'JAM_STAND_STILL_TRAFFIC'},30,{1},5.0
2e698d2d,2e698d2dc,2020-11-13,18,{'JAM'},"{'JAM_STAND_STILL_TRAFFIC', 'JAM_HEAVY_TRAFFIC'}",40,{1},5.0
2e698d2d,2e698d2dc,2020-11-14,17,{'JAM'},{'JAM_STAND_STILL_TRAFFIC'},6,{1},5.0
2e698d2d,2e698d2dc,2020-11-14,20,{'JAM'},{'JAM'},5,{1},5.0
2e698d2d,2e698d2dc,2020-11-18,18,{'JAM'},{'JAM_HEAVY_TRAFFIC'},6,{1},5.0
2e698d2d,2e698d2dc,2020-11-20,19,{'JAM'},{'JAM_HEAVY_TRAFFIC'},10,{1},5.0
2e698d2d,2e698d2dc,2020-11-21,9,{'JAM'},{'JAM_HEAVY_TRAFFIC'},8,{1},5.0
2e698d2d,2e698d2dc,2020-11-21,17,{'JAM'},{'JAM_STAND_STILL_TRAFFIC'},5,{1},5.0
2e698d2f,2e698d2e4,2020-11-12,18,{'JAM'},{'JAM_STAND_STILL_TRAFFIC'},32,{1},5.0
2e698d2f,2e698d2e4,2020-11-13,18,{'JAM'},{'JAM_STAND_STILL_TRAFFIC'},30,{1},5.0
2e698d2f,2e698d2e4,2020-11-13,19,{'JAM'},"{'JAM', 'JAM_STAND_STILL_TRAFFIC'}",36,{1},5.0
2e698d31,2e698d30c,2020-09-15,20,"{'JAM', 'ACCIDENT'}","{'JAM_MODERATE_TRAFFIC', 'ACCIDENT_MINOR'}",153,{1},5.163398692810458
2e698d31,2e698d30c,2020-09-21,23,{'JAM'},{'JAM_MODERATE_TRAFFIC'},31,{1},5.0
2e698d31,2e698d30c,2020-09-24,18,{'JAM'},{'JAM_HEAVY_TRAFFIC'},32,{1},5.0
2e698d33,2e698d32c,2020-10-22,15,{'JAM'},{'JAM_STAND_STILL_TRAFFIC'},32,{1},5.0
2e698d33,2e698d32c,2020-11-06,23,{'WEATHERHAZARD'},{'WEATHERHAZARD'},33,{1},5.0
2e698d33,2e698d334,2020-11-14,16,{'JAM'},{'JAM_STAND_STILL_TRAFFIC'},63,{1},5.0
2e698d33,2e698d334,2020-11-14,19,{'WEATHERHAZARD'},{'WEATHERHAZARD'},31,{1},5.0
2e698d33,2e698d33c,2020-11-14,17,"{'JAM', 'WEATHERHAZARD', 'ACCIDENT'}","{'ACCIDENT', 'HAZARD_ON_ROAD_POT_HOLE', 'JAM_HEAVY_TRAFFIC'}",1851,{1},7.767152890329552
2e698d35,2e698d34c,2020-10-02,13,{'JAM'},{'JAM_STAND_STILL_TRAFFIC'},31,{7},5.806451612903226
2e698d35,2e698d34c,2020-10-02,17,{'JAM'},{'JAM_STAND_STILL_TRAFFIC'},33,{7},5.0
2e698d35,2e698d34c,2020-10-02,18,{'JAM'},{'JAM_STAND_STILL_TRAFFIC'},31,{7},6.0
2e698d35,2e698d34c,2020-10-03,16,{'JAM'},{'JAM_STAND_STILL_TRAFFIC'},30,{7},5.0
2e698d35,2e698d34c,2020-10-24,13,{'JAM'},{'JAM_STAND_STILL_TRAFFIC'},31,{7},5.967741935483871
2e698d35,2e698d34c,2020-10-24,14,{'JAM'},{'JAM_STAND_STILL_TRAFFIC'},30,{7},5.0
2e698d35,2e698d34c,2020-10-27,13,{'JAM'},{'JAM_HEAVY_TRAFFIC'},34,{7},5.4411764705882355
2e698d35,2e698d34c,2020-11-06,19,{'JAM'},{'JAM_STAND_STILL_TRAFFIC'},35,{1},5.0
2e698d35,2e698d34c,2020-11-13,19,{'JAM'},{'JAM_MODERATE_TRAFFIC'},31,{7},5.0
2e698d35,2e698d34c,2020-11-14,14,{'JAM'},{'JAM_STAND_STILL_TRAFFIC'},8,{7},5.0
2e698d35,2e698d34c,2020-11-20,13,{'JAM'},{'JAM_MODERATE_TRAFFIC'},9,{7},5.0
2e698d35,2e698d354,2020-09-03,9,{'JAM'},{'JAM_HEAVY_TRAFFIC'},33,{7},5.878787878787879
2e698d35,2e698d354,2020-09-11,16,{'JAM'},{'JAM_STAND_STILL_TRAFFIC'},31,{7},5.0
2e698d35,2e698d354,2020-09-12,10,{'JAM'},{'JAM_STAND_STILL_TRAFFIC'},32,{7},5.0
2e698d35,2e698d354,2020-09-12,12,{'JAM'},{'JAM_HEAVY_TRAFFIC'},32,{7},5.0
2e698d35,2e698d354,2020-09-12,13,{'JAM'},{'JAM_STAND_STILL_TRAFFIC'},30,{7},5.0
2e698d35,2e698d354,2020-09-25,20,{'JAM'},{'JAM_STAND_STILL_TRAFFIC'},75,{7},6.866666666666666
2e698d35,2e698d354,2020-10-02,13,{'JAM'},{'JAM_STAND_STILL_TRAFFIC'},62,{7},5.306451612903226
2e698d35,2e698d354,2020-10-02,16,{'JAM'},{'JAM_STAND_STILL_TRAFFIC'},31,{7},5.0
2e698d35,2e698d354,2020-10-02,18,{'JAM'},{'JAM_STAND_STILL_TRAFFIC'},30,{7},5.0
2e698d35,2e698d354,2020-10-03,15,{'JAM'},{'JAM'},21,{7},5.0
2e698d35,2e698d354,2020-10-03,16,{'JAM'},{'JAM_HEAVY_TRAFFIC'},33,{7},5.0
2e698d35,2e698d354,2020-10-03,17,{'JAM'},{'JAM_STAND_STILL_TRAFFIC'},31,{7},5.0
2e698d35,2e698d354,2020-10-05,16,{'WEATHERHAZARD'},{'HAZARD_ON_ROAD_POT_HOLE'},145,{7},9.337931034482759
2e698d35,2e698d354,2020-10-15,18,{'JAM'},{'JAM_STAND_STILL_TRAFFIC'},31,{7},5.0
2e698d35,2e698d354,2020-10-19,14,{'JAM'},{'JAM_STAND_STILL_TRAFFIC'},32,{7},5.0
2e698d35,2e698d354,2020-10-19,19,{'JAM'},{'JAM'},32,{7},5.0
2e698d35,2e698d354,2020-10-21,11,{'JAM'},{'JAM_STAND_STILL_TRAFFIC'},30,{7},5.0
2e698d35,2e698d354,2020-10-24,16,{'JAM'},{'JAM_STAND_STILL_TRAFFIC'},33,{7},5.0
2e698d35,2e698d354,2020-10-27,9,{'JAM'},{'JAM_STAND_STILL_TRAFFIC'},30,{7},5.0
2e698d35,2e698d354,2020-10-27,11,{'JAM'},{'JAM_STAND_STILL_TRAFFIC'},31,{7},5.0
2e698d35,2e698d354,2020-10-27,13,{'JAM'},"{'JAM_STAND_STILL_TRAFFIC', 'JAM_HEAVY_TRAFFIC'}",73,{7},5.684931506849315
2e698d35,2e698d354,2020-10-27,14,{'ACCIDENT'},{'ACCIDENT'},126,{7},8.658730158730158
2e698d35,2e698d354,2020-10-28,11,{'JAM'},"{'JAM_STAND_STILL_TRAFFIC', 'JAM_HEAVY_TRAFFIC'}",70,{7},5.214285714285714
2e698d35,2e698d354,2020-10-31,10,{'JAM'},{'JAM_MODERATE_TRAFFIC'},32,{7},5.0
2e698d35,2e698d354,2020-11-01,11,{'JAM'},{'JAM_HEAVY_TRAFFIC'},32,{7},5.0
2e698d35,2e698d354,2020-11-07,13,{'JAM'},{'JAM_STAND_STILL_TRAFFIC'},33,{7},5.0
2e698d35,2e698d354,2020-11-07,14,{'JAM'},{'JAM_STAND_STILL_TRAFFIC'},30,{7},5.0
2e698d35,2e698d354,2020-11-07,16,{'JAM'},{'JAM_STAND_STILL_TRAFFIC'},32,{1},5.0
2e698d35,2e698d354,2020-11-07,17,{'JAM'},{'JAM_STAND_STILL_TRAFFIC'},95,{7},5.0
2e698d35,2e698d354,2020-11-09,13,{'JAM'},{'JAM_STAND_STILL_TRAFFIC'},32,{7},5.0
2e698d35,2e698d354,2020-11-14,14,{'JAM'},{'JAM_STAND_STILL_TRAFFIC'},52,{7},6.173076923076923
2e698d35,2e698d354,2020-11-15,11,{'JAM'},{'JAM_HEAVY_TRAFFIC'},30,{7},5.0
2e698d35,2e698d354,2020-11-20,14,{'JAM'},{'JAM_STAND_STILL_TRAFFIC'},30,{7},5.0
2e698d37,2e698d36c,2020-10-03,10,{'JAM'},{'JAM'},31,{1},5.0
2e698d37,2e698d374,2020-09-22,11,{'ACCIDENT'},{'ACCIDENT'},77,{2},5.558441558441558
2e698d37,2e698d37c,2020-10-04,3,{'JAM'},{'JAM'},30,{1},5.0
2e698d37,2e698d37c,2020-10-12,20,{'JAM'},{'JAM_STAND_STILL_TRAFFIC'},31,{1},5.0
2e698d37,2e698d37c,2020-11-05,14,{'JAM'},{'JAM'},20,{1},5.0
2e698d39,2e698d384,2020-10-24,17,{'ROAD_CLOSED'},{'ROAD_CLOSED_EVENT'},5762,{1},9.0
2e698d39,2e698d38c,2020-09-20,6,{'JAM'},{'JAM'},31,{1},5.0
2e698d39,2e698d38c,2020-10-24,17,{'ROAD_CLOSED'},{'ROAD_CLOSED_EVENT'},20,{1},9.0
2e698d39,2e698d394,2020-09-17,9,"{'JAM', 'ACCIDENT'}","{'JAM', 'ACCIDENT'}",151,{1},5.0
2e698d3b,2e698d3a4,2020-11-02,14,{'JAM'},{'JAM_HEAVY_TRAFFIC'},5,{2},5.0
2e698d3b,2e698d3bc,2020-10-16,17,{'JAM'},{'JAM'},16,{2},5.0
2e698d3d,2e698d3c4,2020-10-13,8,{'JAM'},{'JAM_MODERATE_TRAFFIC'},34,{22},5.0
2e698d3d,2e698d3cc,2020-10-03,10,{'JAM'},{'JAM'},31,{22},5.0
2e698d3d,2e698d3cc,2020-10-27,3,{'JAM'},"{'JAM_STAND_STILL_TRAFFIC', 'JAM_HEAVY_TRAFFIC'}",62,{22},5.0
2e698d3d,2e698d3cc,2020-10-27,4,{'WEATHERHAZARD'},{'HAZARD_WEATHER_FOG'},31,{22},5.0
2e698d3f,2e698d3ec,2020-09-10,13,{'WEATHERHAZARD'},{'HAZARD_ON_ROAD_POT_HOLE'},175,{2},5.605714285714286
2e698d3f,2e698d3fc,2020-09-05,15,{'JAM'},{'JAM_HEAVY_TRAFFIC'},11,{2},5.0
2e698d3f,2e698d3fc,2020-10-29,18,{'JAM'},{'JAM_HEAVY_TRAFFIC'},32,{2},5.0
2e698d3f,2e698d3fc,2020-10-31,9,{'JAM'},{'JAM_STAND_STILL_TRAFFIC'},61,{2},5.0
2e698d41,2e698d404,2020-10-20,19,{'JAM'},{'JAM_MODERATE_TRAFFIC'},30,{2},5.0
2e698d41,2e698d404,2020-10-26,9,{'JAM'},{'JAM_HEAVY_TRAFFIC'},30,{2},5.0
2e698d41,2e698d41c,2020-09-28,17,"{'JAM', 'WEATHERHAZARD'}","{'JAM', 'HAZARD_WEATHER_FLOOD'}",65,{1},5.0
2e698d41,2e698d41c,2020-10-28,9,"{'JAM', 'WEATHERHAZARD'}","{'JAM', 'WEATHERHAZARD'}",62,{1},5.0
2e698d41,2e698d41c,2020-11-06,9,{'JAM'},{'JAM_MODERATE_TRAFFIC'},23,{2},5.0
2e698d43,2e698d424,2020-09-04,6,{'JAM'},{'JAM'},33,{17},5.0
2e698d43,2e698d424,2020-09-05,17,{'WEATHERHAZARD'},{'WEATHERHAZARD'},31,{17},5.0
2e698d43,2e698d424,2020-09-06,14,{'JAM'},{'JAM'},30,{17},5.0
2e698d43,2e698d424,2020-09-06,15,{'WEATHERHAZARD'},{'WEATHERHAZARD'},31,{17},5.0
2e698d43,2e698d424,2020-09-21,8,{'ACCIDENT'},{'ACCIDENT'},122,{17},5.0
2e698d43,2e698d424,2020-09-22,11,{'WEATHERHAZARD'},{'HAZARD_WEATHER'},31,{17},5.0
2e698d43,2e698d424,2020-09-27,10,"{'JAM', 'WEATHERHAZARD', 'ACCIDENT'}","{'WEATHERHAZARD', 'JAM_STAND_STILL_TRAFFIC', 'ACCIDENT_MAJOR'}",183,{17},5.169398907103825
2e698d43,2e698d424,2020-09-28,17,{'ACCIDENT'},{'ACCIDENT'},121,{17},5.0
2e698d43,2e698d424,2020-10-09,6,"{'JAM', 'WEATHERHAZARD', 'ACCIDENT'}","{'HAZARD_WEATHER_FLOOD', 'JAM_STAND_STILL_TRAFFIC', 'ACCIDENT'}",182,{17},5.0
2e698d43,2e698d424,2020-10-10,14,"{'JAM', 'WEATHERHAZARD', 'ACCIDENT'}","{'HAZARD_WEATHER_FLOOD', 'JAM_STAND_STILL_TRAFFIC', 'ACCIDENT'}",183,{17},5.0
2e698d43,2e698d424,2020-10-14,13,"{'JAM', 'WEATHERHAZARD', 'ACCIDENT'}","{'HAZARD_WEATHER_FLOOD', 'JAM_STAND_STILL_TRAFFIC', 'ACCIDENT'}",185,{17},5.416216216216216
2e698d43,2e698d424,2020-10-14,16,{'JAM'},{'JAM_STAND_STILL_TRAFFIC'},31,{17},5.0
2e698d43,2e698d424,2020-10-17,9,{'JAM'},{'JAM_STAND_STILL_TRAFFIC'},30,{17},7.0
2e698d43,2e698d424,2020-10-20,6,{'JAM'},{'JAM_STAND_STILL_TRAFFIC'},31,{17},5.0
2e698d43,2e698d424,2020-10-21,16,"{'JAM', 'WEATHERHAZARD', 'ACCIDENT'}","{'HAZARD_WEATHER_FOG', 'HAZARD_WEATHER_FLOOD', 'JAM_STAND_STILL_TRAFFIC', 'ACCIDENT'}",214,{17},5.144859813084112
2e698d43,2e698d424,2020-10-31,22,{'ACCIDENT'},{'ACCIDENT_MAJOR'},120,{1},5.0
2e698d43,2e698d424,2020-11-04,6,"{'JAM', 'WEATHERHAZARD'}","{'HAZARD_WEATHER_HEAVY_SNOW', 'HAZARD_ON_SHOULDER_CAR_STOPPED', 'JAM_STAND_STILL_TRAFFIC', 'HAZARD_ON_ROAD_TRAFFIC_LIGHT_FAULT'}",122,{17},5.491803278688525
2e698d43,2e698d424,2020-11-09,18,{'ACCIDENT'},{'ACCIDENT_MAJOR'},121,{1},5.0
2e698d43,2e698d424,2020-11-09,20,{'ACCIDENT'},{'ACCIDENT'},122,{1},5.0
2e698d43,2e698d424,2020-11-10,8,{'JAM'},{'JAM_HEAVY_TRAFFIC'},31,{1},5.0
2e698d43,2e698d434,2020-10-06,9,{'JAM'},{'JAM_STAND_STILL_TRAFFIC'},31,{2},5.0
2e698d43,2e698d434,2020-10-19,15,{'JAM'},{'JAM_MODERATE_TRAFFIC'},9,{2},5.0
2e698d43,2e698d434,2020-10-24,13,{'JAM'},{'JAM_STAND_STILL_TRAFFIC'},93,"{1, 2}",5.0
2e698d43,2e698d434,2020-11-04,11,{'JAM'},{'JAM_STAND_STILL_TRAFFIC'},10,{2},5.0
2e698d43,2e698d434,2020-11-11,6,{'WEATHERHAZARD'},{'HAZARD_ON_SHOULDER_CAR_STOPPED'},32,{2},5.0
2e698d43,2e698d434,2020-11-21,12,{'JAM'},{'JAM_STAND_STILL_TRAFFIC'},31,{2},5.0
2e698d43,2e698d434,2020-11-22,19,{'JAM'},{'JAM_MODERATE_TRAFFIC'},31,{2},5.0
2e698d45,2e698d444,2020-10-07,17,{'JAM'},{'JAM_HEAVY_TRAFFIC'},16,{2},5.0
2e698d45,2e698d444,2020-10-31,13,{'JAM'},{'JAM'},32,{1},5.0
2e698d45,2e698d44c,2020-09-05,11,{'JAM'},{'JAM_MODERATE_TRAFFIC'},32,{2},5.0
2e698d45,2e698d44c,2020-09-26,16,{'JAM'},{'JAM_STAND_STILL_TRAFFIC'},31,{2},5.0
2e698d45,2e698d44c,2020-10-03,19,{'JAM'},{'JAM_STAND_STILL_TRAFFIC'},62,{2},5.0
2e698d45,2e698d44c,2020-10-06,9,{'JAM'},{'JAM'},30,{2},5.0
2e698d45,2e698d44c,2020-10-06,15,{'WEATHERHAZARD'},{'WEATHERHAZARD'},31,{2},5.0
2e698d45,2e698d44c,2020-10-10,15,{'JAM'},"{'JAM_MODERATE_TRAFFIC', 'JAM_HEAVY_TRAFFIC'}",13,{2},5.0
2e698d45,2e698d44c,2020-10-12,17,{'JAM'},{'JAM_MODERATE_TRAFFIC'},30,{2},5.0
2e698d45,2e698d44c,2020-10-13,18,{'JAM'},{'JAM_MODERATE_TRAFFIC'},8,{2},5.0
2e698d45,2e698d44c,2020-10-26,14,{'JAM'},{'JAM_HEAVY_TRAFFIC'},32,{2},5.0
2e698d45,2e698d44c,2020-10-28,15,{'JAM'},{'JAM_MODERATE_TRAFFIC'},30,{2},5.0
2e698d45,2e698d44c,2020-10-31,18,{'JAM'},{'JAM_MODERATE_TRAFFIC'},30,{1},5.0
2e698d45,2e698d44c,2020-11-07,14,{'JAM'},{'JAM_STAND_STILL_TRAFFIC'},98,{2},5.0
2e698d45,2e698d44c,2020-11-14,18,{'JAM'},{'JAM_HEAVY_TRAFFIC'},31,{2},5.0
2e698d45,2e698d44c,2020-11-14,19,{'JAM'},{'JAM_STAND_STILL_TRAFFIC'},30,{2},5.0
2e698d45,2e698d454,2020-09-05,17,{'JAM'},{'JAM_HEAVY_TRAFFIC'},29,{2},5.0
2e698d45,2e698d454,2020-09-28,18,{'JAM'},{'JAM_HEAVY_TRAFFIC'},33,{2},5.0
2e698d45,2e698d454,2020-10-03,18,{'JAM'},{'JAM_HEAVY_TRAFFIC'},31,{2},5.0
2e698d45,2e698d454,2020-10-03,19,{'JAM'},{'JAM_STAND_STILL_TRAFFIC'},33,{2},5.0
2e698d45,2e698d454,2020-10-07,18,{'JAM'},{'JAM_STAND_STILL_TRAFFIC'},14,{1},5.0
2e698d45,2e698d454,2020-10-26,17,{'JAM'},{'JAM_HEAVY_TRAFFIC'},31,{2},6.0
2e698d47,2e698d464,2020-09-25,13,{'JAM'},{'JAM_MODERATE_TRAFFIC'},31,{8},5.0
2e698d47,2e698d464,2020-10-10,8,{'JAM'},{'JAM'},30,{8},6.0
2e698d49,2e698d494,2020-09-22,17,{'JAM'},{'JAM'},6,{2},5.0
2e698d49,2e698d494,2020-10-15,20,{'WEATHERHAZARD'},{'HAZARD_ON_SHOULDER_ANIMALS'},31,{1},5.0
2e698d49,2e698d49c,2020-10-16,16,{'WEATHERHAZARD'},{'HAZARD_WEATHER_FLOOD'},30,{2},5.0
2e698d49,2e698d49c,2020-10-25,14,{'WEATHERHAZARD'},{'HAZARD_WEATHER_FLOOD'},30,{2},5.0
2e698d4b,2e698d4a4,2020-10-27,11,{'JAM'},{'JAM_STAND_STILL_TRAFFIC'},31,{2},5.0
2e698d4b,2e698d4a4,2020-11-07,14,{'JAM'},{'JAM_STAND_STILL_TRAFFIC'},32,{2},5.0
2e698d4b,2e698d4a4,2020-11-07,16,{'JAM'},{'JAM_STAND_STILL_TRAFFIC'},31,{2},5.0
2e698d4b,2e698d4a4,2020-11-07,17,{'JAM'},{'JAM_STAND_STILL_TRAFFIC'},30,{2},5.0
2e698d4b,2e698d4a4,2020-11-22,13,{'JAM'},{'JAM_STAND_STILL_TRAFFIC'},6,{2},5.0
2e698d4b,2e698d4ac,2020-09-09,9,{'JAM'},{'JAM_HEAVY_TRAFFIC'},30,{7},5.0
2e698d4b,2e698d4ac,2020-09-09,21,{'JAM'},{'JAM_STAND_STILL_TRAFFIC'},14,{7},5.0
2e698d4b,2e698d4ac,2020-09-11,16,{'JAM'},{'JAM_STAND_STILL_TRAFFIC'},32,{7},5.0
2e698d4b,2e698d4ac,2020-09-12,12,{'JAM'},{'JAM_STAND_STILL_TRAFFIC'},36,{2},5.0
2e698d4b,2e698d4ac,2020-09-12,13,{'JAM'},{'JAM_STAND_STILL_TRAFFIC'},30,{7},5.0
2e698d4b,2e698d4ac,2020-09-14,6,{'WEATHERHAZARD'},{'HAZARD_ON_SHOULDER_CAR_STOPPED'},31,{2},5.0
2e698d4b,2e698d4ac,2020-09-15,18,{'WEATHERHAZARD'},{'HAZARD_WEATHER_FLOOD'},31,{7},5.0
2e698d4b,2e698d4ac,2020-09-21,18,{'JAM'},{'JAM_HEAVY_TRAFFIC'},35,{7},5.6571428571428575
2e698d4b,2e698d4ac,2020-09-22,16,{'WEATHERHAZARD'},{'HAZARD_WEATHER_FLOOD'},43,{7},7.604651162790698
2e698d4b,2e698d4ac,2020-09-25,19,{'JAM'},{'JAM_STAND_STILL_TRAFFIC'},31,{7},5.967741935483871
2e698d4b,2e698d4ac,2020-09-27,14,{'WEATHERHAZARD'},{'HAZARD_WEATHER_FLOOD'},30,{7},5.666666666666667
2e698d4b,2e698d4ac,2020-09-29,16,{'JAM'},{'JAM_MODERATE_TRAFFIC'},30,{7},5.0
2e698d4b,2e698d4ac,2020-10-02,14,{'JAM'},{'JAM_STAND_STILL_TRAFFIC'},62,{7},5.5
2e698d4b,2e698d4ac,2020-10-08,10,{'JAM'},{'JAM_HEAVY_TRAFFIC'},6,{7},5.0
2e698d4b,2e698d4ac,2020-10-10,11,{'JAM'},{'JAM_HEAVY_TRAFFIC'},30,{2},5.0
2e698d4b,2e698d4ac,2020-10-10,12,{'JAM'},{'JAM_STAND_STILL_TRAFFIC'},30,{7},5.8
2e698d4b,2e698d4ac,2020-10-15,17,{'JAM'},{'JAM_HEAVY_TRAFFIC'},31,{7},5.0
2e698d4b,2e698d4ac,2020-10-15,18,{'JAM'},"{'JAM_MODERATE_TRAFFIC', 'JAM_HEAVY_TRAFFIC'}",68,{7},5.235294117647059
2e698d4b,2e698d4ac,2020-10-17,14,{'WEATHERHAZARD'},{'HAZARD_WEATHER_FLOOD'},30,{7},5.833333333333333
2e698d4b,2e698d4ac,2020-10-19,14,{'WEATHERHAZARD'},{'HAZARD_WEATHER_FLOOD'},32,{7},6.4375
2e698d4b,2e698d4ac,2020-10-21,11,{'JAM'},{'JAM_STAND_STILL_TRAFFIC'},30,{7},5.933333333333334
2e698d4b,2e698d4ac,2020-10-22,20,{'JAM'},{'JAM_MODERATE_TRAFFIC'},32,{7},5.0
2e698d4b,2e698d4ac,2020-10-25,12,{'JAM'},{'JAM_STAND_STILL_TRAFFIC'},15,{7},5.0
2e698d4b,2e698d4ac,2020-10-26,15,{'JAM'},{'JAM_STAND_STILL_TRAFFIC'},31,{7},5.709677419354839
2e698d4b,2e698d4ac,2020-10-27,10,{'JAM'},"{'JAM_STAND_STILL_TRAFFIC', 'JAM_HEAVY_TRAFFIC'}",77,"{2, 7}",5.207792207792208
2e698d4b,2e698d4ac,2020-10-27,11,{'JAM'},{'JAM_STAND_STILL_TRAFFIC'},63,"{2, 7}",6.285714285714286
2e698d4b,2e698d4ac,2020-10-27,13,{'JAM'},"{'JAM', 'JAM_STAND_STILL_TRAFFIC'}",70,"{2, 7}",5.685714285714286
2e698d4b,2e698d4ac,2020-10-27,14,{'JAM'},{'JAM_STAND_STILL_TRAFFIC'},32,{7},5.0
2e698d4b,2e698d4ac,2020-10-28,10,{'JAM'},{'JAM_HEAVY_TRAFFIC'},31,{7},5.0
2e698d4b,2e698d4ac,2020-10-29,12,{'JAM'},{'JAM_MODERATE_TRAFFIC'},32,{7},5.0
2e698d4b,2e698d4ac,2020-10-31,16,{'JAM'},{'JAM_HEAVY_TRAFFIC'},31,{7},5.0
2e698d4b,2e698d4ac,2020-11-02,14,{'JAM'},{'JAM_HEAVY_TRAFFIC'},6,{2},5.0
2e698d4b,2e698d4ac,2020-11-03,10,{'JAM'},{'JAM_STAND_STILL_TRAFFIC'},31,{7},5.709677419354839
2e698d4b,2e698d4ac,2020-11-04,9,{'JAM'},{'JAM_MODERATE_TRAFFIC'},31,{7},5.0
2e698d4b,2e698d4ac,2020-11-06,14,{'JAM'},{'JAM_HEAVY_TRAFFIC'},31,{7},5.0
2e698d4b,2e698d4ac,2020-11-07,13,{'JAM'},{'JAM_STAND_STILL_TRAFFIC'},36,{7},5.416666666666667
2e698d4b,2e698d4ac,2020-11-07,14,{'JAM'},{'JAM_STAND_STILL_TRAFFIC'},61,"{2, 7}",5.0
2e698d4b,2e698d4ac,2020-11-07,16,{'JAM'},{'JAM_STAND_STILL_TRAFFIC'},33,{7},5.787878787878788
2e698d4b,2e698d4ac,2020-11-07,17,{'JAM'},{'JAM_STAND_STILL_TRAFFIC'},67,"{2, 7}",5.776119402985074
2e698d4b,2e698d4ac,2020-11-08,16,{'JAM'},{'JAM_MODERATE_TRAFFIC'},12,{7},5.0
2e698d4b,2e698d4ac,2020-11-16,17,{'JAM'},{'JAM_STAND_STILL_TRAFFIC'},33,{7},5.0
2e698d4b,2e698d4ac,2020-11-20,13,{'JAM'},{'JAM'},6,{2},6.0
2e698d4b,2e698d4ac,2020-11-20,16,{'JAM'},{'JAM_HEAVY_TRAFFIC'},33,{7},5.0
2e698d4b,2e698d4ac,2020-11-20,17,{'JAM'},{'JAM_STAND_STILL_TRAFFIC'},33,{7},5.0
2e698d4b,2e698d4ac,2020-11-21,11,{'JAM'},{'JAM_STAND_STILL_TRAFFIC'},44,{7},6.363636363636363
2e698d4b,2e698d4b4,2020-09-11,10,{'JAM'},{'JAM_HEAVY_TRAFFIC'},32,{7},5.0
2e698d4b,2e698d4b4,2020-09-12,11,{'JAM'},{'JAM_HEAVY_TRAFFIC'},74,{7},5.756756756756757
2e698d4b,2e698d4b4,2020-09-13,11,{'JAM'},{'JAM_MODERATE_TRAFFIC'},8,{7},5.0
2e698d4b,2e698d4b4,2020-10-17,14,{'JAM'},{'JAM_HEAVY_TRAFFIC'},15,{7},5.0
2e698d4b,2e698d4b4,2020-10-18,13,{'JAM'},{'JAM_HEAVY_TRAFFIC'},32,{7},5.0
2e698d4b,2e698d4b4,2020-10-18,14,{'JAM'},{'JAM_STAND_STILL_TRAFFIC'},28,{7},5.0
2e698d4b,2e698d4b4,2020-10-20,10,{'JAM'},{'JAM_HEAVY_TRAFFIC'},34,{7},5.0
2e698d4b,2e698d4b4,2020-10-22,12,{'JAM'},{'JAM_MODERATE_TRAFFIC'},32,{7},5.0
2e698d4b,2e698d4b4,2020-10-25,12,{'JAM'},{'JAM_HEAVY_TRAFFIC'},30,{7},5.0
2e698d4b,2e698d4b4,2020-10-25,13,{'JAM'},{'JAM_STAND_STILL_TRAFFIC'},33,{7},5.0
2e698d4b,2e698d4b4,2020-10-27,11,{'JAM'},{'JAM_STAND_STILL_TRAFFIC'},63,{7},5.0
2e698d4b,2e698d4b4,2020-10-27,12,{'JAM'},{'JAM_STAND_STILL_TRAFFIC'},6,{7},5.0
2e698d4b,2e698d4b4,2020-10-27,13,{'JAM'},{'JAM_STAND_STILL_TRAFFIC'},31,{7},5.0
2e698d4b,2e698d4b4,2020-10-27,14,{'JAM'},"{'JAM_STAND_STILL_TRAFFIC', 'JAM_MODERATE_TRAFFIC'}",64,{7},5.0
2e698d4b,2e698d4b4,2020-10-28,11,{'JAM'},{'JAM_MODERATE_TRAFFIC'},5,{7},5.0
2e698d4b,2e698d4b4,2020-11-01,11,{'JAM'},{'JAM_STAND_STILL_TRAFFIC'},6,{7},5.0
2e698d4b,2e698d4b4,2020-11-03,10,{'JAM'},{'JAM_STAND_STILL_TRAFFIC'},31,{7},5.0
2e698d4b,2e698d4b4,2020-11-07,13,{'JAM'},{'JAM_STAND_STILL_TRAFFIC'},31,{7},5.0
2e698d4b,2e698d4b4,2020-11-07,15,{'JAM'},{'JAM_STAND_STILL_TRAFFIC'},32,{7},5.0
2e698d4b,2e698d4b4,2020-11-07,16,{'JAM'},{'JAM_STAND_STILL_TRAFFIC'},62,{7},5.0
2e698d4b,2e698d4b4,2020-11-07,17,{'JAM'},{'JAM_STAND_STILL_TRAFFIC'},61,{7},5.475409836065574
2e698d4b,2e698d4b4,2020-11-07,18,{'JAM'},{'JAM_STAND_STILL_TRAFFIC'},29,{7},5.0
2e698d4b,2e698d4b4,2020-11-09,13,{'JAM'},"{'JAM_STAND_STILL_TRAFFIC', 'JAM_HEAVY_TRAFFIC'}",63,{7},5.0
2e698d4b,2e698d4b4,2020-11-13,19,{'JAM'},{'JAM_STAND_STILL_TRAFFIC'},30,{7},5.833333333333333
2e698d4d,2e698d4cc,2020-09-02,10,{'JAM'},{'JAM_HEAVY_TRAFFIC'},25,{7},5.0
2e698d4d,2e698d4cc,2020-09-09,10,{'JAM'},{'JAM'},5,{7},5.0
2e698d4d,2e698d4cc,2020-09-12,12,{'JAM'},{'JAM_STAND_STILL_TRAFFIC'},32,{7},5.0
2e698d4d,2e698d4cc,2020-09-28,18,{'JAM'},{'JAM_HEAVY_TRAFFIC'},30,{7},5.0
2e698d4d,2e698d4cc,2020-10-01,8,{'JAM'},{'JAM_MODERATE_TRAFFIC'},30,{7},5.0
2e698d4d,2e698d4cc,2020-10-02,14,{'JAM'},{'JAM_MODERATE_TRAFFIC'},23,{7},5.0
2e698d4d,2e698d4cc,2020-10-05,7,{'JAM'},{'JAM_MODERATE_TRAFFIC'},32,{7},5.0
2e698d4d,2e698d4cc,2020-10-05,11,{'JAM'},{'JAM_MODERATE_TRAFFIC'},26,{7},5.0
2e698d4d,2e698d4cc,2020-10-12,7,{'WEATHERHAZARD'},{'HAZARD_ON_SHOULDER_CAR_STOPPED'},32,{7},6.1875
2e698d4d,2e698d4cc,2020-10-16,11,"{'JAM', 'ACCIDENT'}","{'JAM', 'ACCIDENT_MAJOR'}",133,{7},5.2180451127819545
2e698d4d,2e698d4cc,2020-10-18,16,{'JAM'},{'JAM_STAND_STILL_TRAFFIC'},22,{7},5.0
2e698d4d,2e698d4cc,2020-10-27,11,{'JAM'},{'JAM_STAND_STILL_TRAFFIC'},30,{7},5.8
2e698d4d,2e698d4cc,2020-11-07,16,{'JAM'},{'JAM_STAND_STILL_TRAFFIC'},30,{7},5.0
2e698d4d,2e698d4cc,2020-11-09,11,{'JAM'},{'JAM_HEAVY_TRAFFIC'},30,{7},5.0
2e698d4d,2e698d4cc,2020-11-09,12,{'JAM'},{'JAM_STAND_STILL_TRAFFIC'},32,{7},5.0
2e698d4d,2e698d4cc,2020-11-15,12,{'JAM'},{'JAM_MODERATE_TRAFFIC'},11,{7},5.0
2e698d4d,2e698d4d4,2020-09-02,10,{'JAM'},{'JAM_HEAVY_TRAFFIC'},4,{2},5.0
2e698d4d,2e698d4d4,2020-09-04,21,{'JAM'},{'JAM_MODERATE_TRAFFIC'},8,{2},5.0
2e698d4d,2e698d4d4,2020-09-05,15,{'JAM'},{'JAM_HEAVY_TRAFFIC'},5,{7},5.0
2e698d4d,2e698d4d4,2020-09-19,19,{'JAM'},"{'JAM_STAND_STILL_TRAFFIC', 'JAM_HEAVY_TRAFFIC'}",60,"{2, 7}",5.0
2e698d4d,2e698d4d4,2020-09-20,11,{'JAM'},{'JAM_MODERATE_TRAFFIC'},5,{2},5.0
2e698d4d,2e698d4d4,2020-09-25,17,{'JAM'},{'JAM_MODERATE_TRAFFIC'},6,{2},5.0
2e698d4d,2e698d4d4,2020-10-11,4,{'WEATHERHAZARD'},{'HAZARD_ON_ROAD_OBJECT'},61,{7},5.0
2e698d4d,2e698d4d4,2020-10-17,14,{'JAM'},{'JAM_STAND_STILL_TRAFFIC'},32,{2},5.0
2e698d4d,2e698d4d4,2020-10-18,17,{'JAM'},{'JAM_STAND_STILL_TRAFFIC'},9,{2},5.0
2e698d4d,2e698d4d4,2020-10-24,12,{'JAM'},{'JAM_STAND_STILL_TRAFFIC'},21,{7},5.0
2e698d4d,2e698d4d4,2020-10-26,19,{'JAM'},{'JAM_HEAVY_TRAFFIC'},32,{2},5.0
2e698d4d,2e698d4d4,2020-10-27,9,{'JAM'},{'JAM_HEAVY_TRAFFIC'},17,{7},5.0
2e698d4d,2e698d4d4,2020-10-27,18,{'JAM'},{'JAM_HEAVY_TRAFFIC'},8,{2},5.0
2e698d4d,2e698d4d4,2020-11-02,9,{'JAM'},{'JAM_MODERATE_TRAFFIC'},5,{7},5.0
2e698d4d,2e698d4d4,2020-11-02,10,{'JAM'},{'JAM_HEAVY_TRAFFIC'},7,{2},5.0
2e698d4d,2e698d4d4,2020-11-03,13,{'JAM'},{'JAM_HEAVY_TRAFFIC'},31,{7},5.903225806451613
2e698d4d,2e698d4d4,2020-11-03,17,{'JAM'},{'JAM_STAND_STILL_TRAFFIC'},12,{2},5.0
2e698d4d,2e698d4d4,2020-11-06,19,{'JAM'},{'JAM_HEAVY_TRAFFIC'},7,{7},5.0
2e698d4d,2e698d4d4,2020-11-08,11,{'JAM'},{'JAM_STAND_STILL_TRAFFIC'},33,{7},5.0
2e698d4d,2e698d4d4,2020-11-08,16,{'JAM'},{'JAM_HEAVY_TRAFFIC'},55,"{2, 7}",5.0
2e698d4d,2e698d4d4,2020-11-11,21,{'JAM'},{'JAM_HEAVY_TRAFFIC'},37,{2},5.0
2e698d4d,2e698d4d4,2020-11-13,13,{'JAM'},{'JAM_HEAVY_TRAFFIC'},44,{7},5.590909090909091
2e698d4d,2e698d4d4,2020-11-13,19,{'JAM'},{'JAM_STAND_STILL_TRAFFIC'},28,"{2, 7}",5.392857142857143
2e698d4d,2e698d4d4,2020-11-15,12,{'JAM'},{'JAM_HEAVY_TRAFFIC'},31,{7},5.0
2e698d4d,2e698d4d4,2020-11-17,16,{'WEATHERHAZARD'},{'HAZARD_ON_SHOULDER_CAR_STOPPED'},39,{7},6.410256410256411
2e698d4d,2e698d4d4,2020-11-21,11,{'JAM'},{'JAM_STAND_STILL_TRAFFIC'},31,{7},5.580645161290323
2e698d4d,2e698d4d4,2020-11-21,12,{'ACCIDENT'},{'ACCIDENT'},121,{7},5.0
2e698d4d,2e698d4dc,2020-09-28,18,{'JAM'},{'JAM_HEAVY_TRAFFIC'},30,{2},5.0
2e698d4d,2e698d4dc,2020-10-25,14,{'JAM'},{'JAM_STAND_STILL_TRAFFIC'},31,{2},5.0
2e698d4f,2e698d4e4,2020-11-02,10,{'JAM'},{'JAM_MODERATE_TRAFFIC'},6,{2},5.0
2e698d4f,2e698d4f4,2020-10-08,15,{'JAM'},{'JAM'},31,{1},5.0
2e698d51,2e698d504,2020-10-03,19,{'JAM'},{'JAM_HEAVY_TRAFFIC'},62,{2},5.467741935483871
2e698d51,2e698d514,2020-10-18,8,{'ACCIDENT'},{'ACCIDENT_MINOR'},108,{1},5.0
2e698d51,2e698d514,2020-11-16,16,{'JAM'},{'JAM'},30,{1},5.0
2e698d51,2e698d51c,2020-10-03,19,{'JAM'},{'JAM_HEAVY_TRAFFIC'},41,{2},5.0
2e698d51,2e698d51c,2020-11-06,17,{'ACCIDENT'},{'ACCIDENT'},122,{1},5.0
2e698d53,2e698d52c,2020-09-26,8,{'JAM'},{'JAM_HEAVY_TRAFFIC'},31,{2},5.0
2e698d53,2e698d52c,2020-10-13,17,{'JAM'},{'JAM_HEAVY_TRAFFIC'},8,{2},5.0
2e698d53,2e698d52c,2020-11-03,16,{'WEATHERHAZARD'},{'HAZARD_ON_SHOULDER_CAR_STOPPED'},32,{2},5.6875
2e698d53,2e698d52c,2020-11-21,8,{'WEATHERHAZARD'},{'WEATHERHAZARD'},30,{2},5.066666666666666
2e698d53,2e698d52c,2020-11-22,13,{'JAM'},{'JAM_STAND_STILL_TRAFFIC'},32,{2},5.9375
2e698d53,2e698d52c,2020-11-22,14,{'JAM'},{'JAM_STAND_STILL_TRAFFIC'},30,{2},5.0
2e698d53,2e698d53c,2020-09-01,19,{'JAM'},{'JAM_HEAVY_TRAFFIC'},31,{2},5.0
2e698d53,2e698d53c,2020-09-13,16,{'JAM'},{'JAM_STAND_STILL_TRAFFIC'},5,{2},5.0
2e698d53,2e698d53c,2020-09-13,17,{'JAM'},{'JAM_HEAVY_TRAFFIC'},25,{2},5.0
2e698d53,2e698d53c,2020-10-11,15,{'JAM'},{'JAM_STAND_STILL_TRAFFIC'},31,{2},5.0
2e698d53,2e698d53c,2020-10-13,17,{'JAM'},{'JAM_HEAVY_TRAFFIC'},11,{2},5.0
2e698d53,2e698d53c,2020-11-01,11,{'WEATHERHAZARD'},{'HAZARD_ON_ROAD_POT_HOLE'},142,{2},5.408450704225352
2e698d55,2e698d544,2020-11-01,11,{'JAM'},{'JAM_MODERATE_TRAFFIC'},20,{2},5.0
2e698d55,2e698d544,2020-11-15,9,{'ACCIDENT'},{'ACCIDENT'},110,{2},5.045454545454546
2e698d55,2e698d554,2020-09-12,13,{'WEATHERHAZARD'},{'HAZARD_ON_ROAD_CONSTRUCTION'},722,{1},5.0
2e698d55,2e698d55c,2020-09-29,11,{'JAM'},{'JAM'},31,{1},5.0
2e698d57,2e698d564,2020-09-23,17,{'JAM'},{'JAM_STAND_STILL_TRAFFIC'},6,{2},5.0
2e698d57,2e698d564,2020-10-02,14,{'JAM'},{'JAM_MODERATE_TRAFFIC'},71,{2},5.0
2e698d57,2e698d564,2020-10-24,10,{'JAM'},{'JAM_STAND_STILL_TRAFFIC'},31,{2},5.0
2e698d57,2e698d564,2020-10-25,13,{'JAM'},{'JAM_STAND_STILL_TRAFFIC'},32,{2},5.0
2e698d57,2e698d564,2020-10-25,16,{'JAM'},{'JAM_HEAVY_TRAFFIC'},32,{2},5.0
2e698d57,2e698d564,2020-11-07,10,{'JAM'},{'JAM_HEAVY_TRAFFIC'},31,{2},5.0
2e698d57,2e698d564,2020-11-07,16,{'JAM'},{'JAM_MODERATE_TRAFFIC'},31,{2},5.0
2e698d57,2e698d56c,2020-10-02,13,{'JAM'},{'JAM_HEAVY_TRAFFIC'},29,{2},6.0
2e698d57,2e698d56c,2020-11-14,11,{'JAM'},{'JAM'},21,{1},5.0
2e698d57,2e698d574,2020-11-22,23,{'WEATHERHAZARD'},{'WEATHERHAZARD'},61,{1},5.0
2e698d57,2e698d57c,2020-11-06,0,{'WEATHERHAZARD'},{'WEATHERHAZARD'},60,{1},5.5
2e698d59,2e698d594,2020-10-28,9,{'ACCIDENT'},{'ACCIDENT'},120,{1},5.0
2e698d5b,2e698d5ac,2020-10-05,11,{'JAM'},{'JAM_MODERATE_TRAFFIC'},30,{17},5.0
2e698d5b,2e698d5ac,2020-10-15,13,{'JAM'},{'JAM_MODERATE_TRAFFIC'},37,{1},5.0
2e698d5d,2e698d5d4,2020-09-06,17,{'JAM'},{'JAM'},18,{2},5.0
2e698d5f,2e698d5fc,2020-10-25,11,{'JAM'},{'JAM_STAND_STILL_TRAFFIC'},31,{1},5.0
2e698d61,2e698d604,2020-10-16,0,{'ACCIDENT'},{'ACCIDENT'},123,{22},5.0
2e698d61,2e698d614,2020-10-30,17,{'JAM'},{'JAM'},12,{2},5.0
2e698d61,2e698d614,2020-11-01,16,{'JAM'},{'JAM_MODERATE_TRAFFIC'},26,{2},5.0
2e698d61,2e698d614,2020-11-08,15,{'JAM'},{'JAM_STAND_STILL_TRAFFIC'},31,{1},5.0
2e698d61,2e698d61c,2020-10-15,19,{'WEATHERHAZARD'},{'WEATHERHAZARD'},30,{1},5.0
2e698d63,2e698d63c,2020-11-04,9,{'JAM'},{'JAM_MODERATE_TRAFFIC'},31,{1},5.0
2e698d65,2e698d644,2020-09-05,19,{'JAM'},{'JAM_STAND_STILL_TRAFFIC'},31,{2},5.0
2e698d65,2e698d644,2020-09-05,20,{'JAM'},{'JAM_HEAVY_TRAFFIC'},8,{2},5.0
2e698d65,2e698d644,2020-10-03,17,{'JAM'},"{'JAM', 'JAM_STAND_STILL_TRAFFIC'}",37,{2},5.135135135135135
2e698d65,2e698d644,2020-10-10,13,{'JAM'},{'JAM_STAND_STILL_TRAFFIC'},32,{2},5.0
2e698d65,2e698d644,2020-10-17,12,{'JAM'},{'JAM_HEAVY_TRAFFIC'},9,{2},5.0
2e698d65,2e698d644,2020-10-17,14,{'JAM'},{'JAM_HEAVY_TRAFFIC'},24,{2},5.0
2e698d65,2e698d644,2020-10-19,16,{'JAM'},{'JAM_STAND_STILL_TRAFFIC'},22,{2},5.0
2e698d65,2e698d644,2020-10-24,11,{'JAM'},{'JAM_HEAVY_TRAFFIC'},30,{2},5.0
2e698d65,2e698d644,2020-10-24,12,{'JAM'},{'JAM_STAND_STILL_TRAFFIC'},3,{2},5.0
2e698d65,2e698d644,2020-10-24,13,{'JAM'},{'JAM_STAND_STILL_TRAFFIC'},5,{2},5.0
2e698d65,2e698d644,2020-10-28,14,{'JAM'},{'JAM_HEAVY_TRAFFIC'},31,{2},5.0
2e698d65,2e698d644,2020-10-31,13,{'JAM'},{'JAM_STAND_STILL_TRAFFIC'},31,{2},5.967741935483871
2e698d65,2e698d644,2020-10-31,15,{'JAM'},{'JAM_STAND_STILL_TRAFFIC'},32,{2},5.0
2e698d65,2e698d644,2020-11-06,15,{'JAM'},{'JAM_HEAVY_TRAFFIC'},54,{2},5.462962962962963
2e698d65,2e698d644,2020-11-07,13,{'ROAD_CLOSED'},"{'ROAD_CLOSED_CONSTRUCTION', 'ROAD_CLOSED_HAZARD'}",34,{2},5.0
2e698d65,2e698d644,2020-11-14,18,{'JAM'},{'JAM_STAND_STILL_TRAFFIC'},32,{2},5.0
2e698d65,2e698d64c,2020-09-30,18,{'JAM'},{'JAM'},31,{1},5.0
2e698d65,2e698d64c,2020-11-07,13,{'JAM'},"{'JAM_STAND_STILL_TRAFFIC', 'JAM_HEAVY_TRAFFIC'}",63,{1},5.0
2e698d65,2e698d64c,2020-11-07,17,{'JAM'},{'JAM_HEAVY_TRAFFIC'},19,{1},5.0
2e698d65,2e698d654,2020-09-02,8,{'JAM'},{'JAM_HEAVY_TRAFFIC'},30,{2},5.0
2e698d65,2e698d654,2020-09-02,17,{'JAM'},{'JAM_STAND_STILL_TRAFFIC'},32,{2},5.0
2e698d65,2e698d654,2020-09-03,8,{'JAM'},{'JAM_HEAVY_TRAFFIC'},30,{2},5.0
2e698d65,2e698d654,2020-09-05,10,{'JAM'},{'JAM_STAND_STILL_TRAFFIC'},45,{2},5.355555555555555
2e698d65,2e698d654,2020-09-05,11,{'JAM'},{'JAM_HEAVY_TRAFFIC'},34,{2},5.0
2e698d65,2e698d654,2020-09-05,20,{'JAM'},{'JAM_HEAVY_TRAFFIC'},31,{2},5.0
2e698d65,2e698d654,2020-09-05,21,{'JAM'},{'JAM_HEAVY_TRAFFIC'},30,{2},5.0
2e698d65,2e698d654,2020-09-07,16,{'JAM'},{'JAM_HEAVY_TRAFFIC'},31,{2},5.0
2e698d65,2e698d654,2020-09-11,14,{'JAM'},"{'JAM', 'JAM_STAND_STILL_TRAFFIC'}",61,{2},5.475409836065574
2e698d65,2e698d654,2020-09-11,17,{'JAM'},{'JAM_STAND_STILL_TRAFFIC'},31,{2},5.0
2e698d65,2e698d654,2020-09-12,19,{'JAM'},{'JAM_HEAVY_TRAFFIC'},32,{2},5.0
2e698d65,2e698d654,2020-09-15,14,{'JAM'},"{'JAM_STAND_STILL_TRAFFIC', 'JAM_HEAVY_TRAFFIC'}",37,{2},5.783783783783784
2e698d65,2e698d654,2020-09-18,15,{'JAM'},{'JAM_STAND_STILL_TRAFFIC'},16,{2},6.0
2e698d65,2e698d654,2020-09-19,13,{'JAM'},{'JAM_STAND_STILL_TRAFFIC'},38,{2},5.0
2e698d65,2e698d654,2020-09-22,15,{'JAM'},{'JAM_STAND_STILL_TRAFFIC'},31,{2},5.0
2e698d65,2e698d654,2020-09-23,11,{'JAM'},{'JAM_STAND_STILL_TRAFFIC'},34,{2},5.0
2e698d65,2e698d654,2020-09-23,17,{'JAM'},{'JAM_STAND_STILL_TRAFFIC'},36,{2},5.444444444444445
2e698d65,2e698d654,2020-09-25,16,{'JAM'},{'JAM_STAND_STILL_TRAFFIC'},31,{2},5.0
2e698d65,2e698d654,2020-09-25,17,{'JAM'},{'JAM_STAND_STILL_TRAFFIC'},6,{2},5.0
2e698d65,2e698d654,2020-09-26,11,{'JAM'},{'JAM_HEAVY_TRAFFIC'},33,{2},5.484848484848484
2e698d65,2e698d654,2020-09-27,12,{'JAM'},{'JAM_STAND_STILL_TRAFFIC'},30,{2},5.0
2e698d65,2e698d654,2020-09-29,14,{'JAM'},{'JAM_STAND_STILL_TRAFFIC'},31,{2},5.967741935483871
2e698d65,2e698d654,2020-09-29,16,{'JAM'},{'JAM_STAND_STILL_TRAFFIC'},44,{2},5.386363636363637
2e698d65,2e698d654,2020-09-29,17,{'JAM'},{'JAM_STAND_STILL_TRAFFIC'},31,{2},5.741935483870968
2e698d65,2e698d654,2020-09-30,8,{'JAM'},{'JAM_HEAVY_TRAFFIC'},31,{2},5.0
2e698d65,2e698d654,2020-09-30,14,{'JAM'},{'JAM_STAND_STILL_TRAFFIC'},30,{2},5.0
2e698d65,2e698d654,2020-10-02,14,{'JAM'},{'JAM_STAND_STILL_TRAFFIC'},32,{2},5.65625
2e698d65,2e698d654,2020-10-03,17,{'JAM'},{'JAM_STAND_STILL_TRAFFIC'},32,{2},5.0
2e698d65,2e698d654,2020-10-03,19,{'JAM'},{'JAM_HEAVY_TRAFFIC'},63,{2},6.825396825396825
2e698d65,2e698d654,2020-10-05,10,{'JAM'},{'JAM_STAND_STILL_TRAFFIC'},33,{2},5.0
2e698d65,2e698d654,2020-10-06,17,{'JAM'},{'JAM_STAND_STILL_TRAFFIC'},32,{2},5.0
2e698d65,2e698d654,2020-10-07,9,{'WEATHERHAZARD'},{'WEATHERHAZARD'},36,{2},5.0
2e698d65,2e698d654,2020-10-07,15,{'JAM'},{'JAM_STAND_STILL_TRAFFIC'},73,{2},5.397260273972603
2e698d65,2e698d654,2020-10-07,18,{'JAM'},{'JAM_HEAVY_TRAFFIC'},30,{2},5.0
2e698d65,2e698d654,2020-10-09,9,{'JAM'},{'JAM_HEAVY_TRAFFIC'},30,{2},5.0
2e698d65,2e698d654,2020-10-09,19,{'JAM'},{'JAM_MODERATE_TRAFFIC'},31,{2},5.967741935483871
2e698d65,2e698d654,2020-10-10,13,{'JAM'},{'JAM_STAND_STILL_TRAFFIC'},31,{2},5.0
2e698d65,2e698d654,2020-10-10,17,{'JAM'},"{'JAM_STAND_STILL_TRAFFIC', 'JAM_HEAVY_TRAFFIC'}",64,{2},5.0
2e698d65,2e698d654,2020-10-13,17,{'JAM'},{'JAM_HEAVY_TRAFFIC'},52,{2},5.788461538461538
2e698d65,2e698d654,2020-10-14,8,{'JAM'},{'JAM_HEAVY_TRAFFIC'},31,{2},5.0
2e698d65,2e698d654,2020-10-14,14,{'JAM'},{'JAM_STAND_STILL_TRAFFIC'},41,{2},6.341463414634147
2e698d65,2e698d654,2020-10-15,15,{'JAM'},{'JAM_STAND_STILL_TRAFFIC'},31,{2},5.0
2e698d65,2e698d654,2020-10-16,10,{'JAM'},{'JAM_STAND_STILL_TRAFFIC'},61,{2},5.0
2e698d65,2e698d654,2020-10-17,14,{'JAM'},{'JAM_HEAVY_TRAFFIC'},30,{2},5.0
2e698d65,2e698d654,2020-10-17,18,{'JAM'},{'JAM_HEAVY_TRAFFIC'},30,{2},5.0
2e698d65,2e698d654,2020-10-17,20,{'JAM'},{'JAM'},30,{2},5.0
2e698d65,2e698d654,2020-10-19,7,{'JAM'},{'JAM_HEAVY_TRAFFIC'},30,{2},5.0
2e698d65,2e698d654,2020-10-19,16,{'JAM'},{'JAM_HEAVY_TRAFFIC'},33,{2},5.0
2e698d65,2e698d654,2020-10-21,18,{'JAM'},{'JAM_STAND_STILL_TRAFFIC'},25,{2},5.0
2e698d65,2e698d654,2020-10-22,8,{'JAM'},{'JAM_STAND_STILL_TRAFFIC'},33,{2},5.484848484848484
2e698d65,2e698d654,2020-10-22,9,{'JAM'},"{'JAM_STAND_STILL_TRAFFIC', 'JAM_HEAVY_TRAFFIC'}",60,{2},5.0
2e698d65,2e698d654,2020-10-23,15,{'JAM'},{'JAM_STAND_STILL_TRAFFIC'},30,{2},5.0
2e698d65,2e698d654,2020-10-25,14,{'JAM'},{'JAM_STAND_STILL_TRAFFIC'},30,{2},5.0
2e698d65,2e698d654,2020-10-27,8,{'JAM'},{'JAM_STAND_STILL_TRAFFIC'},30,{2},7.666666666666667
2e698d65,2e698d654,2020-10-27,13,{'JAM'},{'JAM_HEAVY_TRAFFIC'},32,{2},5.0
2e698d65,2e698d654,2020-10-27,14,{'JAM'},{'JAM_STAND_STILL_TRAFFIC'},31,{2},5.0
2e698d65,2e698d654,2020-10-28,11,{'JAM'},{'JAM_HEAVY_TRAFFIC'},31,{2},5.0
2e698d65,2e698d654,2020-10-28,12,{'JAM'},{'JAM_STAND_STILL_TRAFFIC'},20,{2},5.0
2e698d65,2e698d654,2020-10-28,13,{'JAM'},{'JAM_STAND_STILL_TRAFFIC'},31,{2},5.0
2e698d65,2e698d654,2020-10-28,14,{'JAM'},{'JAM_STAND_STILL_TRAFFIC'},31,{2},5.0
2e698d65,2e698d654,2020-10-29,17,{'JAM'},{'JAM_STAND_STILL_TRAFFIC'},32,{2},5.0
2e698d65,2e698d654,2020-10-30,13,{'JAM'},{'JAM_HEAVY_TRAFFIC'},30,{2},5.733333333333333
2e698d65,2e698d654,2020-10-31,11,{'JAM'},{'JAM_HEAVY_TRAFFIC'},19,{2},5.0
2e698d65,2e698d654,2020-10-31,13,{'JAM'},{'JAM_STAND_STILL_TRAFFIC'},2,{2},5.0
2e698d65,2e698d654,2020-10-31,15,{'JAM'},{'JAM_STAND_STILL_TRAFFIC'},32,{2},5.0
2e698d65,2e698d654,2020-11-02,10,{'JAM'},{'JAM_HEAVY_TRAFFIC'},30,{2},5.666666666666667
2e698d65,2e698d654,2020-11-02,11,{'JAM'},{'JAM_STAND_STILL_TRAFFIC'},60,{2},5.0
2e698d65,2e698d654,2020-11-03,11,{'JAM'},{'JAM_STAND_STILL_TRAFFIC'},32,{2},5.0
2e698d65,2e698d654,2020-11-03,13,{'JAM'},{'JAM_STAND_STILL_TRAFFIC'},30,{2},5.0
2e698d65,2e698d654,2020-11-03,16,{'JAM'},{'JAM_STAND_STILL_TRAFFIC'},35,{2},5.0
2e698d65,2e698d654,2020-11-03,18,{'JAM'},{'JAM_STAND_STILL_TRAFFIC'},8,{2},6.25
2e698d65,2e698d654,2020-11-05,10,{'JAM'},{'JAM_STAND_STILL_TRAFFIC'},31,{2},5.967741935483871
2e698d65,2e698d654,2020-11-05,16,{'JAM'},{'JAM_STAND_STILL_TRAFFIC'},31,{2},5.0
2e698d65,2e698d654,2020-11-06,15,{'JAM'},{'JAM_HEAVY_TRAFFIC'},60,{2},5.0
2e698d65,2e698d654,2020-11-06,20,{'JAM'},{'JAM_STAND_STILL_TRAFFIC'},31,{2},5.0
2e698d65,2e698d654,2020-11-07,12,{'JAM'},{'JAM_HEAVY_TRAFFIC'},33,{2},5.0
2e698d65,2e698d654,2020-11-07,17,{'JAM'},{'JAM_HEAVY_TRAFFIC'},28,{1},5.0
2e698d65,2e698d654,2020-11-07,19,{'JAM'},{'JAM_STAND_STILL_TRAFFIC'},32,{2},6.9375
2e698d65,2e698d654,2020-11-08,14,{'JAM'},{'JAM_MODERATE_TRAFFIC'},33,{2},5.0
2e698d65,2e698d654,2020-11-11,13,{'JAM'},{'JAM_HEAVY_TRAFFIC'},2,{2},5.0
2e698d65,2e698d654,2020-11-11,16,{'JAM'},{'JAM_HEAVY_TRAFFIC'},32,{2},5.0
2e698d65,2e698d654,2020-11-12,16,{'JAM'},{'JAM_STAND_STILL_TRAFFIC'},11,{2},5.0
2e698d65,2e698d654,2020-11-12,17,{'JAM'},{'JAM_STAND_STILL_TRAFFIC'},43,{2},5.465116279069767
2e698d65,2e698d654,2020-11-13,13,{'JAM'},{'JAM'},12,{2},5.0
2e698d65,2e698d654,2020-11-13,17,{'JAM'},{'JAM_STAND_STILL_TRAFFIC'},30,{2},5.0
2e698d65,2e698d654,2020-11-14,17,{'JAM'},{'JAM_STAND_STILL_TRAFFIC'},31,{2},5.709677419354839
2e698d65,2e698d654,2020-11-15,15,{'JAM'},{'JAM_STAND_STILL_TRAFFIC'},21,{2},5.0
2e698d65,2e698d654,2020-11-17,19,{'JAM'},{'JAM'},31,{2},5.0
2e698d65,2e698d654,2020-11-18,7,{'JAM'},"{'JAM_STAND_STILL_TRAFFIC', 'JAM_HEAVY_TRAFFIC'}",40,{2},5.0
2e698d65,2e698d654,2020-11-18,17,{'JAM'},{'JAM_STAND_STILL_TRAFFIC'},33,{2},5.0
2e698d65,2e698d654,2020-11-19,13,{'JAM'},{'JAM_MODERATE_TRAFFIC'},29,{2},5.0
2e698d65,2e698d654,2020-11-20,14,{'JAM'},{'JAM_HEAVY_TRAFFIC'},31,{2},5.0
2e698d65,2e698d654,2020-11-21,15,{'JAM'},{'JAM_STAND_STILL_TRAFFIC'},38,{2},5.0
2e698d65,2e698d654,2020-11-22,17,{'JAM'},{'JAM_STAND_STILL_TRAFFIC'},40,{2},5.9
2e698d65,2e698d65c,2020-09-01,14,{'JAM'},{'JAM_HEAVY_TRAFFIC'},23,{2},5.0
2e698d65,2e698d65c,2020-09-05,11,{'JAM'},{'JAM_HEAVY_TRAFFIC'},30,{2},5.0
2e698d65,2e698d65c,2020-09-05,14,{'JAM'},{'JAM_STAND_STILL_TRAFFIC'},20,{2},5.0
2e698d65,2e698d65c,2020-09-24,14,{'JAM'},{'JAM_STAND_STILL_TRAFFIC'},29,{2},6.0
2e698d65,2e698d65c,2020-10-02,10,{'JAM'},{'JAM_STAND_STILL_TRAFFIC'},31,{2},5.0
2e698d65,2e698d65c,2020-10-07,15,{'JAM'},{'JAM_STAND_STILL_TRAFFIC'},13,{2},5.461538461538462
2e698d65,2e698d65c,2020-10-10,15,{'JAM'},{'JAM_STAND_STILL_TRAFFIC'},64,{2},5.453125
2e698d65,2e698d65c,2020-10-24,13,{'JAM'},{'JAM_STAND_STILL_TRAFFIC'},31,{2},6.0
2e698d65,2e698d65c,2020-10-27,14,{'JAM'},{'JAM_STAND_STILL_TRAFFIC'},32,{2},5.0
2e698d65,2e698d65c,2020-10-28,13,{'JAM'},{'JAM'},30,{2},5.0
2e698d65,2e698d65c,2020-10-28,14,{'JAM'},{'JAM_STAND_STILL_TRAFFIC'},44,{2},5.363636363636363
2e698d65,2e698d65c,2020-10-31,13,{'JAM'},{'JAM_MODERATE_TRAFFIC'},34,{2},5.0
2e698d65,2e698d65c,2020-10-31,15,{'JAM'},{'JAM_STAND_STILL_TRAFFIC'},30,{2},5.0
2e698d65,2e698d65c,2020-11-06,15,{'JAM'},{'JAM_HEAVY_TRAFFIC'},22,{2},5.954545454545454
2e698d65,2e698d65c,2020-11-07,14,{'JAM'},{'JAM'},32,{1},6.0
2e698d65,2e698d65c,2020-11-21,15,{'JAM'},{'JAM_STAND_STILL_TRAFFIC'},30,{2},5.0
2e698d67,2e698d664,2020-09-26,14,{'JAM'},{'JAM'},6,{2},5.0
2e698d67,2e698d664,2020-11-01,11,{'JAM'},{'JAM_STAND_STILL_TRAFFIC'},31,{2},5.0
2e698d67,2e698d66c,2020-09-06,19,{'JAM'},{'JAM_HEAVY_TRAFFIC'},34,{2},5.0
2e698d67,2e698d66c,2020-09-12,20,{'JAM'},{'JAM_STAND_STILL_TRAFFIC'},12,{2},5.0
2e698d67,2e698d66c,2020-09-26,14,{'JAM'},{'JAM'},30,{2},5.0
2e698d67,2e698d66c,2020-09-26,19,{'WEATHERHAZARD'},{'WEATHERHAZARD'},30,{2},5.0
2e698d67,2e698d66c,2020-10-10,13,{'JAM'},{'JAM_HEAVY_TRAFFIC'},33,{2},5.96969696969697
2e698d67,2e698d66c,2020-10-17,15,{'JAM'},{'JAM_STAND_STILL_TRAFFIC'},30,{2},5.0
2e698d67,2e698d66c,2020-10-17,17,{'JAM'},{'JAM_STAND_STILL_TRAFFIC'},34,{2},5.0
2e698d67,2e698d66c,2020-10-29,12,{'JAM'},{'JAM_MODERATE_TRAFFIC'},34,{2},5.0
2e698d67,2e698d66c,2020-10-31,15,{'JAM'},{'JAM'},12,{2},5.0
2e698d67,2e698d66c,2020-11-01,12,{'JAM'},{'JAM_HEAVY_TRAFFIC'},6,{2},5.0
2e698d67,2e698d66c,2020-11-02,10,{'JAM'},{'JAM_HEAVY_TRAFFIC'},5,{2},5.0
2e698d67,2e698d66c,2020-11-02,11,{'JAM'},{'JAM_STAND_STILL_TRAFFIC'},15,{2},5.0
2e698d67,2e698d66c,2020-11-04,11,{'JAM'},{'JAM_HEAVY_TRAFFIC'},31,{2},5.0
2e698d67,2e698d66c,2020-11-07,9,{'JAM'},{'JAM_HEAVY_TRAFFIC'},31,{2},5.0
2e698d67,2e698d66c,2020-11-16,13,{'JAM'},{'JAM_HEAVY_TRAFFIC'},30,{2},5.0
2e698d67,2e698d674,2020-10-14,10,"{'JAM', 'WEATHERHAZARD'}","{'HAZARD_ON_ROAD_CONSTRUCTION', 'JAM_MODERATE_TRAFFIC'}",1471,{1},5.483344663494222
2e698d67,2e698d674,2020-11-04,12,{'JAM'},{'JAM_STAND_STILL_TRAFFIC'},30,{1},5.0
2e698d67,2e698d67c,2020-10-04,16,{'JAM'},{'JAM_STAND_STILL_TRAFFIC'},32,{2},5.0
2e698d67,2e698d67c,2020-10-14,16,{'JAM'},"{'JAM_STAND_STILL_TRAFFIC', 'JAM_HEAVY_TRAFFIC'}",120,{2},5.0
2e698d67,2e698d67c,2020-10-17,14,{'JAM'},{'JAM_STAND_STILL_TRAFFIC'},30,{2},5.0
2e698d67,2e698d67c,2020-10-17,17,{'JAM'},{'JAM_MODERATE_TRAFFIC'},30,{2},5.0
2e698d67,2e698d67c,2020-10-24,13,{'JAM'},{'JAM_MODERATE_TRAFFIC'},32,{2},5.0
2e698d67,2e698d67c,2020-10-28,11,{'JAM'},{'JAM_HEAVY_TRAFFIC'},6,{2},5.0
2e698d67,2e698d67c,2020-11-10,11,{'WEATHERHAZARD'},{'WEATHERHAZARD'},31,{2},5.645161290322581
2e698d6b,2e698d6bc,2020-09-08,13,{'JAM'},{'JAM_STAND_STILL_TRAFFIC'},23,{22},5.0
2e698d6b,2e698d6bc,2020-10-29,12,{'JAM'},{'JAM_STAND_STILL_TRAFFIC'},31,{1},5.0
2e698d6d,2e698d6d4,2020-09-04,1,{'JAM'},{'JAM_MODERATE_TRAFFIC'},29,{22},5.0
2e698d6d,2e698d6d4,2020-09-15,20,{'ACCIDENT'},{'ACCIDENT'},121,{22},5.0
2e698d6f,2e698d6ec,2020-11-07,11,{'JAM'},{'JAM_STAND_STILL_TRAFFIC'},31,{1},5.0
2e698d71,2e698d704,2020-09-05,13,{'JAM'},{'JAM_HEAVY_TRAFFIC'},31,{2},5.0
2e698d71,2e698d704,2020-09-05,14,{'JAM'},{'JAM_STAND_STILL_TRAFFIC'},30,{2},5.0
2e698d71,2e698d704,2020-09-11,14,{'JAM'},{'JAM_STAND_STILL_TRAFFIC'},32,{2},6.0
2e698d71,2e698d704,2020-09-12,13,{'JAM'},{'JAM_STAND_STILL_TRAFFIC'},21,{2},5.0
2e698d71,2e698d704,2020-09-29,16,{'JAM'},{'JAM_HEAVY_TRAFFIC'},31,{2},5.0
2e698d71,2e698d704,2020-10-03,11,{'JAM'},{'JAM_MODERATE_TRAFFIC'},30,{2},5.0
2e698d71,2e698d704,2020-10-05,17,{'JAM'},{'JAM_STAND_STILL_TRAFFIC'},32,{2},5.0
2e698d71,2e698d704,2020-10-17,11,{'JAM'},"{'JAM_STAND_STILL_TRAFFIC', 'JAM_MODERATE_TRAFFIC'}",37,{2},5.0
2e698d71,2e698d704,2020-10-21,11,{'JAM'},{'JAM_HEAVY_TRAFFIC'},32,{2},5.0
2e698d71,2e698d704,2020-10-26,14,{'JAM'},{'JAM_HEAVY_TRAFFIC'},8,{2},5.0
2e698d71,2e698d704,2020-10-28,14,{'JAM'},{'JAM_STAND_STILL_TRAFFIC'},31,{2},5.0
2e698d71,2e698d704,2020-11-06,19,{'JAM'},{'JAM_HEAVY_TRAFFIC'},25,{2},5.0
2e698d71,2e698d704,2020-11-07,10,{'JAM'},{'JAM_STAND_STILL_TRAFFIC'},31,{2},5.0
2e698d71,2e698d704,2020-11-07,11,{'JAM'},{'JAM_STAND_STILL_TRAFFIC'},33,{2},5.0
2e698d71,2e698d704,2020-11-09,17,{'JAM'},{'JAM_STAND_STILL_TRAFFIC'},33,{2},5.0
2e698d71,2e698d704,2020-11-11,17,{'JAM'},{'JAM_MODERATE_TRAFFIC'},92,{2},5.0
2e698d71,2e698d704,2020-11-14,16,{'JAM'},{'JAM_HEAVY_TRAFFIC'},21,{2},5.0
2e698d71,2e698d704,2020-11-16,19,{'JAM'},{'JAM_STAND_STILL_TRAFFIC'},36,{2},6.472222222222222
2e698d71,2e698d704,2020-11-20,19,{'JAM'},{'JAM_STAND_STILL_TRAFFIC'},32,{2},5.0
2e698d71,2e698d704,2020-11-21,15,{'JAM'},{'JAM_HEAVY_TRAFFIC'},13,{2},6.0
2e698d71,2e698d71c,2020-11-07,10,{'JAM'},{'JAM_STAND_STILL_TRAFFIC'},30,{2},5.0
2e698d71,2e698d71c,2020-11-07,14,{'JAM'},{'JAM_HEAVY_TRAFFIC'},43,{2},5.348837209302325
2e698d73,2e698d734,2020-11-07,9,{'JAM'},{'JAM_STAND_STILL_TRAFFIC'},61,{2},5.475409836065574
2e698d73,2e698d734,2020-11-07,11,{'JAM'},{'JAM_STAND_STILL_TRAFFIC'},32,{2},6.59375
2e698d73,2e698d734,2020-11-07,12,{'JAM'},{'JAM_STAND_STILL_TRAFFIC'},103,{2},5.980582524271845
2e698d73,2e698d734,2020-11-10,20,{'JAM'},{'JAM_HEAVY_TRAFFIC'},24,{2},5.541666666666667
2e698d73,2e698d73c,2020-09-19,10,{'JAM'},{'JAM_STAND_STILL_TRAFFIC'},30,{1},5.0
2e698d73,2e698d73c,2020-11-07,10,{'JAM'},{'JAM_STAND_STILL_TRAFFIC'},30,{2},5.0
2e698d73,2e698d73c,2020-11-07,11,{'JAM'},{'JAM_STAND_STILL_TRAFFIC'},30,{2},5.0
2e698d77,2e698d77c,2020-10-14,22,{'JAM'},{'JAM_HEAVY_TRAFFIC'},41,{1},6.024390243902439
2e698d77,2e698d77c,2020-10-22,13,{'JAM'},{'JAM_STAND_STILL_TRAFFIC'},26,{1},6.884615384615385
2e698d79,2e698d794,2020-09-05,19,{'JAM'},{'JAM'},9,{2},5.0
2e698d79,2e698d794,2020-09-10,16,"{'JAM', 'WEATHERHAZARD'}","{'HAZARD_ON_SHOULDER_CAR_STOPPED', 'JAM_STAND_STILL_TRAFFIC'}",63,{2},5.0
2e698d79,2e698d794,2020-09-11,15,{'JAM'},{'JAM_HEAVY_TRAFFIC'},7,{2},5.0
2e698d79,2e698d794,2020-09-12,16,{'JAM'},"{'JAM_STAND_STILL_TRAFFIC', 'JAM_HEAVY_TRAFFIC'}",61,{2},5.983606557377049
2e698d79,2e698d794,2020-09-18,18,{'JAM'},{'JAM_STAND_STILL_TRAFFIC'},30,{2},5.0
2e698d79,2e698d794,2020-09-26,12,{'JAM'},{'JAM_STAND_STILL_TRAFFIC'},34,{2},5.0
2e698d79,2e698d794,2020-09-26,21,{'JAM'},{'JAM_HEAVY_TRAFFIC'},31,{2},5.0
2e698d79,2e698d794,2020-09-26,22,"{'JAM', 'WEATHERHAZARD'}","{'JAM_STAND_STILL_TRAFFIC', 'HAZARD_ON_ROAD_CONSTRUCTION'}",149,"{1, 2}",6.409395973154362
2e698d79,2e698d794,2020-10-02,15,{'JAM'},"{'JAM_MODERATE_TRAFFIC', 'JAM_HEAVY_TRAFFIC'}",30,{2},5.0
2e698d79,2e698d794,2020-10-02,20,{'JAM'},{'JAM_STAND_STILL_TRAFFIC'},61,"{1, 2}",5.0
2e698d79,2e698d794,2020-10-03,19,{'JAM'},{'JAM_HEAVY_TRAFFIC'},31,{2},5.0
2e698d79,2e698d794,2020-10-04,19,{'JAM'},{'JAM_HEAVY_TRAFFIC'},6,{2},5.0
2e698d79,2e698d794,2020-10-05,16,{'JAM'},{'JAM'},30,{2},5.0
2e698d79,2e698d794,2020-10-10,12,{'JAM'},{'JAM_MODERATE_TRAFFIC'},31,{2},5.0
2e698d79,2e698d794,2020-10-10,13,{'JAM'},{'JAM_STAND_STILL_TRAFFIC'},31,{2},5.0
2e698d79,2e698d794,2020-10-11,16,{'JAM'},{'JAM_HEAVY_TRAFFIC'},6,{2},5.0
2e698d79,2e698d794,2020-10-14,18,{'JAM'},{'JAM_HEAVY_TRAFFIC'},30,{2},5.0
2e698d79,2e698d794,2020-10-17,19,{'JAM'},{'JAM_STAND_STILL_TRAFFIC'},32,{2},5.0
2e698d79,2e698d794,2020-10-17,20,{'JAM'},{'JAM_STAND_STILL_TRAFFIC'},31,{2},5.0
2e698d79,2e698d794,2020-10-19,10,{'JAM'},{'JAM_HEAVY_TRAFFIC'},30,{2},5.0
2e698d79,2e698d794,2020-10-24,11,{'JAM'},{'JAM_STAND_STILL_TRAFFIC'},30,{2},5.9
2e698d79,2e698d794,2020-10-24,16,{'JAM'},{'JAM_MODERATE_TRAFFIC'},33,{2},5.0
2e698d79,2e698d794,2020-10-24,17,{'JAM'},{'JAM_HEAVY_TRAFFIC'},7,{2},5.0
2e698d79,2e698d794,2020-10-26,14,{'JAM'},{'JAM_STAND_STILL_TRAFFIC'},30,{2},5.0
2e698d79,2e698d794,2020-10-27,17,{'JAM'},{'JAM'},32,{2},5.0
2e698d79,2e698d794,2020-10-28,15,{'JAM'},{'JAM_STAND_STILL_TRAFFIC'},25,{2},5.0
2e698d79,2e698d794,2020-10-28,17,{'WEATHERHAZARD'},{'HAZARD_ON_ROAD_CAR_STOPPED'},32,{2},5.15625
2e698d79,2e698d794,2020-10-28,19,{'JAM'},{'JAM_HEAVY_TRAFFIC'},31,{2},5.0
2e698d79,2e698d794,2020-10-28,20,{'JAM'},{'JAM_MODERATE_TRAFFIC'},7,{2},5.0
2e698d79,2e698d794,2020-11-02,19,{'JAM'},{'JAM_STAND_STILL_TRAFFIC'},31,{2},5.0
2e698d79,2e698d794,2020-11-06,16,{'JAM'},{'JAM_STAND_STILL_TRAFFIC'},33,{2},5.0
2e698d79,2e698d794,2020-11-07,10,{'JAM'},{'JAM_STAND_STILL_TRAFFIC'},93,{2},5.0
2e698d79,2e698d794,2020-11-12,17,{'JAM'},{'JAM_STAND_STILL_TRAFFIC'},15,{2},5.0
2e698d79,2e698d794,2020-11-12,21,{'JAM'},{'JAM_HEAVY_TRAFFIC'},22,{2},5.045454545454546
2e698d79,2e698d794,2020-11-14,18,{'JAM'},{'JAM_STAND_STILL_TRAFFIC'},30,{2},5.0
2e698d79,2e698d794,2020-11-14,19,{'JAM'},{'JAM'},31,{2},5.967741935483871
2e698d79,2e698d794,2020-11-17,19,{'JAM'},{'JAM_STAND_STILL_TRAFFIC'},55,{2},5.418181818181818
2e698d79,2e698d794,2020-11-20,17,{'JAM'},{'JAM_HEAVY_TRAFFIC'},31,{2},5.0
2e698d79,2e698d79c,2020-09-05,12,"{'JAM', 'ACCIDENT'}","{'JAM', 'ACCIDENT'}",154,{1},5.0
2e698d79,2e698d79c,2020-11-15,19,{'JAM'},{'JAM_HEAVY_TRAFFIC'},32,{1},5.0
2e698d7b,2e698d7a4,2020-09-01,17,{'JAM'},{'JAM_STAND_STILL_TRAFFIC'},31,{2},5.0
2e698d7b,2e698d7a4,2020-09-04,14,{'JAM'},{'JAM_HEAVY_TRAFFIC'},20,{2},5.0
2e698d7b,2e698d7a4,2020-09-04,19,{'JAM'},{'JAM_HEAVY_TRAFFIC'},31,{2},5.0
2e698d7b,2e698d7a4,2020-09-04,20,{'JAM'},{'JAM_HEAVY_TRAFFIC'},31,{2},5.0
2e698d7b,2e698d7a4,2020-09-05,17,{'JAM'},{'JAM_HEAVY_TRAFFIC'},30,{2},5.0
2e698d7b,2e698d7a4,2020-09-07,17,{'JAM'},{'JAM_STAND_STILL_TRAFFIC'},33,{2},5.0
2e698d7b,2e698d7a4,2020-09-08,16,{'JAM'},{'JAM_STAND_STILL_TRAFFIC'},34,{2},5.470588235294118
2e698d7b,2e698d7a4,2020-09-15,17,{'JAM'},{'JAM_STAND_STILL_TRAFFIC'},32,{2},5.0
2e698d7b,2e698d7a4,2020-09-17,17,{'JAM'},{'JAM'},31,{2},5.0
2e698d7b,2e698d7a4,2020-09-19,10,{'JAM'},{'JAM_STAND_STILL_TRAFFIC'},30,{2},5.0
2e698d7b,2e698d7a4,2020-09-19,17,{'JAM'},{'JAM_STAND_STILL_TRAFFIC'},33,{2},5.0
2e698d7b,2e698d7a4,2020-09-22,17,{'JAM'},{'JAM_HEAVY_TRAFFIC'},31,{2},5.0
2e698d7b,2e698d7a4,2020-09-26,19,{'JAM'},{'JAM_HEAVY_TRAFFIC'},5,{2},5.0
2e698d7b,2e698d7a4,2020-09-26,23,{'JAM'},{'JAM_STAND_STILL_TRAFFIC'},30,{2},5.0
2e698d7b,2e698d7a4,2020-09-30,14,{'JAM'},{'JAM_HEAVY_TRAFFIC'},16,{2},5.0
2e698d7b,2e698d7a4,2020-09-30,16,{'JAM'},{'JAM_HEAVY_TRAFFIC'},22,{2},5.0
2e698d7b,2e698d7a4,2020-10-03,13,{'JAM'},{'JAM_HEAVY_TRAFFIC'},31,{2},5.0
2e698d7b,2e698d7a4,2020-10-03,18,{'JAM'},{'JAM_HEAVY_TRAFFIC'},32,{2},5.0
2e698d7b,2e698d7a4,2020-10-05,1,{'WEATHERHAZARD'},{'HAZARD_WEATHER_FLOOD'},32,{2},5.0
2e698d7b,2e698d7a4,2020-10-05,16,{'JAM'},{'JAM_STAND_STILL_TRAFFIC'},41,{2},5.414634146341464
2e698d7b,2e698d7a4,2020-10-05,17,{'JAM'},{'JAM_STAND_STILL_TRAFFIC'},31,{2},5.0
2e698d7b,2e698d7a4,2020-10-08,17,{'JAM'},{'JAM_MODERATE_TRAFFIC'},31,{2},5.0
2e698d7b,2e698d7a4,2020-10-09,18,{'JAM'},{'JAM_HEAVY_TRAFFIC'},31,{2},5.0
2e698d7b,2e698d7a4,2020-10-10,17,{'JAM'},{'JAM_STAND_STILL_TRAFFIC'},31,{2},5.645161290322581
2e698d7b,2e698d7a4,2020-10-11,20,{'JAM'},{'JAM_HEAVY_TRAFFIC'},7,{2},5.0
2e698d7b,2e698d7a4,2020-10-12,17,{'JAM'},{'JAM_HEAVY_TRAFFIC'},31,{2},5.0
2e698d7b,2e698d7a4,2020-10-17,16,{'JAM'},{'JAM_STAND_STILL_TRAFFIC'},32,{2},5.0
2e698d7b,2e698d7a4,2020-10-18,13,{'JAM'},{'JAM_STAND_STILL_TRAFFIC'},6,{2},5.0
2e698d7b,2e698d7a4,2020-10-21,13,{'JAM'},{'JAM_HEAVY_TRAFFIC'},17,{2},5.0
2e698d7b,2e698d7a4,2020-10-22,10,{'JAM'},{'JAM_STAND_STILL_TRAFFIC'},30,{2},5.733333333333333
2e698d7b,2e698d7a4,2020-10-23,18,{'JAM'},{'JAM_STAND_STILL_TRAFFIC'},44,{2},5.2272727272727275
2e698d7b,2e698d7a4,2020-10-24,11,{'JAM'},{'JAM_MODERATE_TRAFFIC'},33,{2},5.0
2e698d7b,2e698d7a4,2020-10-24,16,{'JAM'},"{'JAM_STAND_STILL_TRAFFIC', 'JAM_HEAVY_TRAFFIC'}",64,{2},5.0
2e698d7b,2e698d7a4,2020-10-25,19,{'JAM'},{'JAM_HEAVY_TRAFFIC'},5,{2},5.0
2e698d7b,2e698d7a4,2020-10-27,0,{'WEATHERHAZARD'},{'HAZARD_WEATHER_FLOOD'},30,{2},5.933333333333334
2e698d7b,2e698d7a4,2020-10-27,17,{'JAM'},{'JAM_HEAVY_TRAFFIC'},62,{2},5.887096774193548
2e698d7b,2e698d7a4,2020-10-27,20,{'JAM'},{'JAM_HEAVY_TRAFFIC'},23,{2},5.0
2e698d7b,2e698d7a4,2020-10-28,20,{'JAM'},{'JAM'},26,{2},5.653846153846154
2e698d7b,2e698d7a4,2020-10-29,11,{'JAM'},{'JAM_STAND_STILL_TRAFFIC'},55,{2},5.345454545454546
2e698d7b,2e698d7a4,2020-10-29,16,{'JAM'},{'JAM_HEAVY_TRAFFIC'},31,{2},5.0
2e698d7b,2e698d7a4,2020-10-30,16,{'JAM'},{'JAM_MODERATE_TRAFFIC'},31,{2},5.0
2e698d7b,2e698d7a4,2020-10-31,19,{'JAM'},{'JAM_HEAVY_TRAFFIC'},31,{2},5.0
2e698d7b,2e698d7a4,2020-10-31,20,{'JAM'},{'JAM_STAND_STILL_TRAFFIC'},30,{2},5.0
2e698d7b,2e698d7a4,2020-11-01,15,{'JAM'},{'JAM_HEAVY_TRAFFIC'},17,{2},5.0
2e698d7b,2e698d7a4,2020-11-02,16,{'JAM'},{'JAM_HEAVY_TRAFFIC'},30,{2},5.0
2e698d7b,2e698d7a4,2020-11-02,17,{'JAM'},{'JAM_HEAVY_TRAFFIC'},31,{2},5.967741935483871
2e698d7b,2e698d7a4,2020-11-03,19,{'JAM'},{'JAM_STAND_STILL_TRAFFIC'},34,{2},5.0
2e698d7b,2e698d7a4,2020-11-04,15,{'JAM'},{'JAM'},31,{2},5.0
2e698d7b,2e698d7a4,2020-11-05,17,{'JAM'},"{'JAM_MODERATE_TRAFFIC', 'JAM_HEAVY_TRAFFIC'}",60,{2},5.266666666666667
2e698d7b,2e698d7a4,2020-11-06,16,{'JAM'},{'JAM_STAND_STILL_TRAFFIC'},72,{2},5.097222222222222
2e698d7b,2e698d7a4,2020-11-07,13,{'JAM'},{'JAM_STAND_STILL_TRAFFIC'},46,{2},6.8478260869565215
2e698d7b,2e698d7a4,2020-11-07,14,{'JAM'},{'JAM'},6,{2},5.0
2e698d7b,2e698d7a4,2020-11-17,14,{'JAM'},{'JAM'},33,{2},5.0
2e698d7b,2e698d7a4,2020-11-17,19,{'JAM'},{'JAM_STAND_STILL_TRAFFIC'},29,{2},5.0
2e698d7b,2e698d7a4,2020-11-20,17,{'JAM'},{'JAM_HEAVY_TRAFFIC'},31,{2},5.612903225806452
2e698d7b,2e698d7ac,2020-09-01,12,{'JAM'},{'JAM_HEAVY_TRAFFIC'},33,{2},5.0
2e698d7b,2e698d7ac,2020-09-01,18,{'JAM'},{'JAM_HEAVY_TRAFFIC'},32,{2},5.0
2e698d7b,2e698d7ac,2020-09-03,8,{'JAM'},{'JAM_MODERATE_TRAFFIC'},6,{2},5.0
2e698d7b,2e698d7ac,2020-09-05,11,{'JAM'},{'JAM_STAND_STILL_TRAFFIC'},30,{2},5.0
2e698d7b,2e698d7ac,2020-09-05,16,{'JAM'},{'JAM_STAND_STILL_TRAFFIC'},30,{2},5.7
2e698d7b,2e698d7ac,2020-09-05,19,{'JAM'},{'JAM_HEAVY_TRAFFIC'},29,{2},5.0
2e698d7b,2e698d7ac,2020-09-05,21,{'JAM'},"{'JAM_STAND_STILL_TRAFFIC', 'JAM_HEAVY_TRAFFIC'}",62,{2},5.0
2e698d7b,2e698d7ac,2020-09-05,22,{'JAM'},{'JAM_STAND_STILL_TRAFFIC'},31,{2},5.0
2e698d7b,2e698d7ac,2020-09-06,12,{'JAM'},{'JAM_MODERATE_TRAFFIC'},30,{2},5.0
2e698d7b,2e698d7ac,2020-09-06,16,{'JAM'},{'JAM_HEAVY_TRAFFIC'},30,{2},6.966666666666667
2e698d7b,2e698d7ac,2020-09-07,12,{'JAM'},{'JAM_HEAVY_TRAFFIC'},34,{2},5.0
2e698d7b,2e698d7ac,2020-09-08,17,{'JAM'},{'JAM_STAND_STILL_TRAFFIC'},21,{2},5.0
2e698d7b,2e698d7ac,2020-09-11,13,{'JAM'},{'JAM_STAND_STILL_TRAFFIC'},30,{2},5.7
2e698d7b,2e698d7ac,2020-09-11,14,{'JAM'},{'JAM_STAND_STILL_TRAFFIC'},30,{2},5.0
2e698d7b,2e698d7ac,2020-09-12,12,{'JAM'},{'JAM_STAND_STILL_TRAFFIC'},30,{2},5.0
2e698d7b,2e698d7ac,2020-09-14,18,{'JAM'},{'JAM_STAND_STILL_TRAFFIC'},30,{2},5.0
2e698d7b,2e698d7ac,2020-09-15,15,{'JAM'},{'JAM_STAND_STILL_TRAFFIC'},32,{2},5.0
2e698d7b,2e698d7ac,2020-09-15,17,{'JAM'},{'JAM_STAND_STILL_TRAFFIC'},32,{2},5.0
2e698d7b,2e698d7ac,2020-09-17,11,{'JAM'},{'JAM_HEAVY_TRAFFIC'},5,{2},5.0
2e698d7b,2e698d7ac,2020-09-17,18,{'JAM'},{'JAM_HEAVY_TRAFFIC'},31,{2},5.0
2e698d7b,2e698d7ac,2020-09-18,15,{'JAM'},{'JAM_STAND_STILL_TRAFFIC'},9,{2},5.0
2e698d7b,2e698d7ac,2020-09-18,18,{'JAM'},{'JAM_HEAVY_TRAFFIC'},31,{2},6.0
2e698d7b,2e698d7ac,2020-09-19,9,{'JAM'},{'JAM_HEAVY_TRAFFIC'},31,{2},5.0
2e698d7b,2e698d7ac,2020-09-19,15,{'JAM'},{'JAM_MODERATE_TRAFFIC'},30,{2},5.0
2e698d7b,2e698d7ac,2020-09-19,16,{'JAM'},{'JAM_HEAVY_TRAFFIC'},35,{2},5.0
2e698d7b,2e698d7ac,2020-09-23,16,{'JAM'},{'JAM_MODERATE_TRAFFIC'},30,{2},5.0
2e698d7b,2e698d7ac,2020-09-24,14,{'JAM'},"{'JAM_STAND_STILL_TRAFFIC', 'JAM_HEAVY_TRAFFIC'}",64,{2},5.453125
2e698d7b,2e698d7ac,2020-09-24,17,{'JAM'},{'JAM_HEAVY_TRAFFIC'},33,{2},5.0
2e698d7b,2e698d7ac,2020-09-25,15,{'JAM'},{'JAM_MODERATE_TRAFFIC'},31,{2},5.0
2e698d7b,2e698d7ac,2020-09-25,16,{'JAM'},{'JAM_STAND_STILL_TRAFFIC'},31,{2},5.0
2e698d7b,2e698d7ac,2020-09-26,13,{'JAM'},{'JAM_STAND_STILL_TRAFFIC'},31,{2},5.774193548387097
2e698d7b,2e698d7ac,2020-09-26,23,{'JAM'},{'JAM_HEAVY_TRAFFIC'},30,{2},5.0
2e698d7b,2e698d7ac,2020-09-27,10,{'JAM'},{'JAM_STAND_STILL_TRAFFIC'},24,{2},5.541666666666667
2e698d7b,2e698d7ac,2020-09-27,13,{'JAM'},{'JAM_MODERATE_TRAFFIC'},32,{2},5.6875
2e698d7b,2e698d7ac,2020-09-28,9,{'JAM'},{'JAM_HEAVY_TRAFFIC'},30,{2},5.0
2e698d7b,2e698d7ac,2020-09-28,19,{'JAM'},{'JAM_HEAVY_TRAFFIC'},32,{2},5.0
2e698d7b,2e698d7ac,2020-09-29,13,{'JAM'},{'JAM_MODERATE_TRAFFIC'},16,{2},5.0
2e698d7b,2e698d7ac,2020-09-29,16,{'JAM'},{'JAM_STAND_STILL_TRAFFIC'},31,{2},5.0
2e698d7b,2e698d7ac,2020-09-30,14,{'JAM'},{'JAM'},14,{2},6.0
2e698d7b,2e698d7ac,2020-09-30,15,{'JAM'},"{'JAM_STAND_STILL_TRAFFIC', 'JAM_MODERATE_TRAFFIC'}",67,{2},5.0
2e698d7b,2e698d7ac,2020-10-01,12,{'JAM'},{'JAM_STAND_STILL_TRAFFIC'},19,{2},5.0
2e698d7b,2e698d7ac,2020-10-03,17,{'JAM'},{'JAM_HEAVY_TRAFFIC'},30,{2},5.0
2e698d7b,2e698d7ac,2020-10-03,18,{'JAM'},{'JAM_HEAVY_TRAFFIC'},48,{2},6.1875
2e698d7b,2e698d7ac,2020-10-03,19,{'JAM'},"{'JAM_STAND_STILL_TRAFFIC', 'JAM_HEAVY_TRAFFIC'}",64,{2},5.0
2e698d7b,2e698d7ac,2020-10-04,17,{'JAM'},{'JAM_STAND_STILL_TRAFFIC'},31,{2},5.0
2e698d7b,2e698d7ac,2020-10-05,17,{'JAM'},{'JAM_STAND_STILL_TRAFFIC'},41,{2},5.390243902439025
2e698d7b,2e698d7ac,2020-10-06,15,{'JAM'},{'JAM_MODERATE_TRAFFIC'},31,{2},6.0
2e698d7b,2e698d7ac,2020-10-06,17,{'JAM'},{'JAM_HEAVY_TRAFFIC'},32,{2},5.0
2e698d7b,2e698d7ac,2020-10-07,18,{'JAM'},{'JAM_HEAVY_TRAFFIC'},33,{2},5.0
2e698d7b,2e698d7ac,2020-10-09,10,{'JAM'},{'JAM_HEAVY_TRAFFIC'},37,{2},5.0
2e698d7b,2e698d7ac,2020-10-10,15,{'JAM'},{'JAM_HEAVY_TRAFFIC'},33,{2},5.696969696969697
2e698d7b,2e698d7ac,2020-10-11,15,{'JAM'},{'JAM_STAND_STILL_TRAFFIC'},21,{2},5.0
2e698d7b,2e698d7ac,2020-10-11,20,{'JAM'},{'JAM_STAND_STILL_TRAFFIC'},30,{2},5.0
2e698d7b,2e698d7ac,2020-10-12,9,{'JAM'},{'JAM_STAND_STILL_TRAFFIC'},6,{2},5.0
2e698d7b,2e698d7ac,2020-10-13,15,{'JAM'},{'JAM_HEAVY_TRAFFIC'},32,{2},5.0
2e698d7b,2e698d7ac,2020-10-14,7,{'JAM'},{'JAM_HEAVY_TRAFFIC'},31,{2},5.516129032258065
2e698d7b,2e698d7ac,2020-10-15,11,{'JAM'},{'JAM_STAND_STILL_TRAFFIC'},27,{2},5.0
2e698d7b,2e698d7ac,2020-10-15,14,{'JAM'},{'JAM'},32,{2},5.0
2e698d7b,2e698d7ac,2020-10-15,15,{'JAM'},{'JAM_STAND_STILL_TRAFFIC'},36,{2},5.0
2e698d7b,2e698d7ac,2020-10-16,11,{'JAM'},{'JAM_STAND_STILL_TRAFFIC'},32,{2},5.0
2e698d7b,2e698d7ac,2020-10-16,17,{'JAM'},{'JAM_STAND_STILL_TRAFFIC'},31,{2},5.0
2e698d7b,2e698d7ac,2020-10-17,14,{'JAM'},{'JAM_HEAVY_TRAFFIC'},33,{2},5.0
2e698d7b,2e698d7ac,2020-10-19,10,{'JAM'},{'JAM_STAND_STILL_TRAFFIC'},30,{2},5.0
2e698d7b,2e698d7ac,2020-10-20,0,{'JAM'},{'JAM_STAND_STILL_TRAFFIC'},33,{2},5.0
2e698d7b,2e698d7ac,2020-10-21,18,{'JAM'},{'JAM_HEAVY_TRAFFIC'},31,{2},5.0
2e698d7b,2e698d7ac,2020-10-21,19,{'JAM'},{'JAM_HEAVY_TRAFFIC'},30,{2},6.0
2e698d7b,2e698d7ac,2020-10-22,8,{'JAM'},{'JAM_STAND_STILL_TRAFFIC'},32,{2},5.46875
2e698d7b,2e698d7ac,2020-10-22,9,{'JAM'},{'JAM_STAND_STILL_TRAFFIC'},41,{2},6.341463414634147
2e698d7b,2e698d7ac,2020-10-23,8,{'JAM'},{'JAM_HEAVY_TRAFFIC'},30,{2},5.0
2e698d7b,2e698d7ac,2020-10-23,15,{'JAM'},{'JAM_STAND_STILL_TRAFFIC'},32,{2},5.0
2e698d7b,2e698d7ac,2020-10-23,18,{'JAM'},{'JAM_HEAVY_TRAFFIC'},50,{2},5.38
2e698d7b,2e698d7ac,2020-10-24,17,{'JAM'},{'JAM_HEAVY_TRAFFIC'},64,{2},5.0
2e698d7b,2e698d7ac,2020-10-25,14,{'JAM'},{'JAM_HEAVY_TRAFFIC'},61,{2},5.0
2e698d7b,2e698d7ac,2020-10-25,19,{'JAM'},{'JAM_HEAVY_TRAFFIC'},31,{2},5.0
2e698d7b,2e698d7ac,2020-10-26,13,{'JAM'},{'JAM_HEAVY_TRAFFIC'},31,{2},5.0
2e698d7b,2e698d7ac,2020-10-26,14,{'JAM'},{'JAM_STAND_STILL_TRAFFIC'},30,{2},6.0
2e698d7b,2e698d7ac,2020-10-27,14,{'JAM'},{'JAM_HEAVY_TRAFFIC'},33,{2},5.484848484848484
2e698d7b,2e698d7ac,2020-10-27,15,{'JAM'},{'JAM_STAND_STILL_TRAFFIC'},25,{2},5.08
2e698d7b,2e698d7ac,2020-10-27,18,{'JAM'},{'JAM_HEAVY_TRAFFIC'},31,{2},5.0
2e698d7b,2e698d7ac,2020-10-27,20,{'JAM'},{'JAM_HEAVY_TRAFFIC'},21,{2},5.0
2e698d7b,2e698d7ac,2020-10-28,12,{'JAM'},{'JAM_HEAVY_TRAFFIC'},6,{2},5.0
2e698d7b,2e698d7ac,2020-10-28,15,{'JAM'},"{'JAM_STAND_STILL_TRAFFIC', 'JAM_HEAVY_TRAFFIC'}",54,{2},5.851851851851852
2e698d7b,2e698d7ac,2020-10-28,20,{'JAM'},{'JAM_STAND_STILL_TRAFFIC'},32,{2},5.0
2e698d7b,2e698d7ac,2020-10-29,11,{'JAM'},{'JAM_STAND_STILL_TRAFFIC'},30,{2},5.0
2e698d7b,2e698d7ac,2020-10-29,12,{'JAM'},{'JAM_HEAVY_TRAFFIC'},31,{2},6.064516129032258
2e698d7b,2e698d7ac,2020-10-29,13,{'JAM'},{'JAM_MODERATE_TRAFFIC'},29,{2},5.0
2e698d7b,2e698d7ac,2020-10-29,16,{'JAM'},{'JAM_HEAVY_TRAFFIC'},32,{2},5.0
2e698d7b,2e698d7ac,2020-10-29,19,{'JAM'},{'JAM_MODERATE_TRAFFIC'},32,{2},5.0
2e698d7b,2e698d7ac,2020-10-30,16,{'JAM'},{'JAM_HEAVY_TRAFFIC'},63,{2},5.0
2e698d7b,2e698d7ac,2020-10-31,13,{'JAM'},{'JAM_STAND_STILL_TRAFFIC'},28,{2},6.0
2e698d7b,2e698d7ac,2020-10-31,15,{'JAM'},{'JAM_MODERATE_TRAFFIC'},30,{2},5.0
2e698d7b,2e698d7ac,2020-11-01,11,{'JAM'},{'JAM_HEAVY_TRAFFIC'},67,{2},5.0
2e698d7b,2e698d7ac,2020-11-02,7,{'JAM'},{'JAM_HEAVY_TRAFFIC'},32,{2},5.0
2e698d7b,2e698d7ac,2020-11-02,10,{'JAM'},{'JAM_HEAVY_TRAFFIC'},30,{2},5.7
2e698d7b,2e698d7ac,2020-11-02,11,{'JAM'},{'JAM_STAND_STILL_TRAFFIC'},32,{2},5.59375
2e698d7b,2e698d7ac,2020-11-02,16,{'JAM'},{'JAM_STAND_STILL_TRAFFIC'},48,{2},5.375
2e698d7b,2e698d7ac,2020-11-03,7,{'JAM'},{'JAM_MODERATE_TRAFFIC'},5,{2},5.0
2e698d7b,2e698d7ac,2020-11-03,18,{'JAM'},"{'JAM_STAND_STILL_TRAFFIC', 'JAM_HEAVY_TRAFFIC'}",84,{2},6.0476190476190474
2e698d7b,2e698d7ac,2020-11-04,17,{'JAM'},{'JAM_HEAVY_TRAFFIC'},31,{2},5.0
2e698d7b,2e698d7ac,2020-11-05,10,{'JAM'},{'JAM_STAND_STILL_TRAFFIC'},32,{2},5.0
2e698d7b,2e698d7ac,2020-11-05,17,{'JAM'},{'JAM_MODERATE_TRAFFIC'},32,{2},5.0
2e698d7b,2e698d7ac,2020-11-05,20,{'JAM'},{'JAM_MODERATE_TRAFFIC'},35,{2},5.0
2e698d7b,2e698d7ac,2020-11-06,20,{'JAM'},{'JAM_HEAVY_TRAFFIC'},32,{2},5.0
2e698d7b,2e698d7ac,2020-11-07,11,{'JAM'},{'JAM_STAND_STILL_TRAFFIC'},66,{2},5.0
2e698d7b,2e698d7ac,2020-11-07,14,{'JAM'},{'JAM_STAND_STILL_TRAFFIC'},46,{2},5.586956521739131
2e698d7b,2e698d7ac,2020-11-07,20,{'JAM'},{'JAM_HEAVY_TRAFFIC'},34,{2},5.0
2e698d7b,2e698d7ac,2020-11-08,13,{'JAM'},{'JAM_HEAVY_TRAFFIC'},31,{2},6.0
2e698d7b,2e698d7ac,2020-11-11,13,{'JAM'},{'JAM_HEAVY_TRAFFIC'},13,{2},6.0
2e698d7b,2e698d7ac,2020-11-11,17,{'JAM'},{'JAM_HEAVY_TRAFFIC'},30,{2},5.0
2e698d7b,2e698d7ac,2020-11-12,10,{'JAM'},{'JAM_STAND_STILL_TRAFFIC'},33,{2},5.454545454545454
2e698d7b,2e698d7ac,2020-11-12,17,{'JAM'},{'JAM_STAND_STILL_TRAFFIC'},32,{2},5.5
2e698d7b,2e698d7ac,2020-11-13,11,{'JAM'},{'JAM_MODERATE_TRAFFIC'},29,{2},5.0
2e698d7b,2e698d7ac,2020-11-13,14,{'JAM'},{'JAM_STAND_STILL_TRAFFIC'},30,{2},5.0
2e698d7b,2e698d7ac,2020-11-13,16,{'JAM'},{'JAM_STAND_STILL_TRAFFIC'},32,{2},5.0
2e698d7b,2e698d7ac,2020-11-14,15,{'JAM'},{'JAM_STAND_STILL_TRAFFIC'},31,{2},5.0
2e698d7b,2e698d7ac,2020-11-14,17,{'JAM'},{'JAM_HEAVY_TRAFFIC'},26,{2},5.0
2e698d7b,2e698d7ac,2020-11-14,20,{'JAM'},{'JAM_STAND_STILL_TRAFFIC'},30,{2},5.0
2e698d7b,2e698d7ac,2020-11-15,15,{'JAM'},"{'JAM_STAND_STILL_TRAFFIC', 'JAM_MODERATE_TRAFFIC'}",61,{2},5.0
2e698d7b,2e698d7ac,2020-11-15,17,{'JAM'},{'JAM_HEAVY_TRAFFIC'},30,{2},5.0
2e698d7b,2e698d7ac,2020-11-16,16,{'JAM'},{'JAM_STAND_STILL_TRAFFIC'},34,{2},5.470588235294118
2e698d7b,2e698d7ac,2020-11-16,19,{'JAM'},{'JAM_STAND_STILL_TRAFFIC'},66,{2},5.484848484848484
2e698d7b,2e698d7ac,2020-11-18,18,{'JAM'},{'JAM_STAND_STILL_TRAFFIC'},33,{2},5.0
2e698d7b,2e698d7ac,2020-11-19,19,{'JAM'},{'JAM_STAND_STILL_TRAFFIC'},9,{2},5.0
2e698d7b,2e698d7ac,2020-11-20,13,{'JAM'},"{'JAM_STAND_STILL_TRAFFIC', 'JAM_HEAVY_TRAFFIC'}",62,{2},5.0
2e698d7b,2e698d7ac,2020-11-21,10,{'JAM'},{'JAM'},31,{2},5.0
2e698d7b,2e698d7ac,2020-11-21,15,{'JAM'},{'JAM_STAND_STILL_TRAFFIC'},30,{2},5.0
2e698d7b,2e698d7ac,2020-11-22,20,{'JAM'},{'JAM_HEAVY_TRAFFIC'},39,{2},5.384615384615385
2e698d7b,2e698d7bc,2020-09-02,13,{'JAM'},{'JAM_HEAVY_TRAFFIC'},10,{2},5.0
2e698d7b,2e698d7bc,2020-09-05,8,{'JAM'},{'JAM_STAND_STILL_TRAFFIC'},31,{1},5.935483870967742
2e698d7b,2e698d7bc,2020-09-07,19,{'JAM'},{'JAM_STAND_STILL_TRAFFIC'},23,{2},5.0
2e698d7b,2e698d7bc,2020-09-15,17,{'JAM'},"{'JAM_MODERATE_TRAFFIC', 'JAM_HEAVY_TRAFFIC'}",63,{2},5.0
2e698d7b,2e698d7bc,2020-09-26,16,{'JAM'},{'JAM_STAND_STILL_TRAFFIC'},30,{2},5.0
2e698d7b,2e698d7bc,2020-09-26,19,{'WEATHERHAZARD'},{'HAZARD_ON_ROAD_CAR_STOPPED'},30,{2},5.0
2e698d7b,2e698d7bc,2020-09-26,21,{'JAM'},{'JAM_HEAVY_TRAFFIC'},31,{2},5.0
2e698d7b,2e698d7bc,2020-10-02,15,{'JAM'},{'JAM_HEAVY_TRAFFIC'},31,{2},5.0
2e698d7b,2e698d7bc,2020-10-08,16,{'JAM'},{'JAM_STAND_STILL_TRAFFIC'},32,{2},5.0
2e698d7b,2e698d7bc,2020-10-09,18,{'JAM'},{'JAM_HEAVY_TRAFFIC'},30,{2},5.0
2e698d7b,2e698d7bc,2020-10-11,16,{'JAM'},{'JAM_HEAVY_TRAFFIC'},31,{2},5.0
2e698d7b,2e698d7bc,2020-10-17,19,{'JAM'},{'JAM_STAND_STILL_TRAFFIC'},31,{2},5.0
2e698d7b,2e698d7bc,2020-10-18,13,{'JAM'},{'JAM_HEAVY_TRAFFIC'},7,{2},5.857142857142857
2e698d7b,2e698d7bc,2020-10-21,18,{'JAM'},{'JAM'},32,{2},5.96875
2e698d7b,2e698d7bc,2020-10-24,9,{'JAM'},{'JAM_MODERATE_TRAFFIC'},30,{2},5.0
2e698d7b,2e698d7bc,2020-10-24,13,{'JAM'},{'JAM_STAND_STILL_TRAFFIC'},32,{2},5.0
2e698d7b,2e698d7bc,2020-10-26,20,"{'JAM', 'WEATHERHAZARD'}","{'HAZARD_WEATHER_FLOOD', 'JAM_HEAVY_TRAFFIC'}",63,{2},5.9523809523809526
2e698d7b,2e698d7bc,2020-10-28,17,{'JAM'},{'JAM_HEAVY_TRAFFIC'},30,{2},5.0
2e698d7b,2e698d7bc,2020-11-02,18,{'JAM'},{'JAM_STAND_STILL_TRAFFIC'},14,{2},5.0
2e698d7b,2e698d7bc,2020-11-06,16,{'JAM'},{'JAM_STAND_STILL_TRAFFIC'},31,{2},5.0
2e698d7b,2e698d7bc,2020-11-07,10,{'JAM'},{'JAM_STAND_STILL_TRAFFIC'},5,{2},5.0
2e698d7b,2e698d7bc,2020-11-14,17,{'JAM'},{'JAM_HEAVY_TRAFFIC'},30,{2},5.0
2e698d7b,2e698d7bc,2020-11-20,13,{'JAM'},{'JAM_STAND_STILL_TRAFFIC'},31,{2},5.0
2e698d7b,2e698d7bc,2020-11-20,18,{'JAM'},{'JAM_STAND_STILL_TRAFFIC'},30,{2},5.0
2e698d7f,2e698d7e4,2020-09-29,18,{'JAM'},{'JAM_STAND_STILL_TRAFFIC'},6,{4},5.0
2e698d7f,2e698d7e4,2020-10-21,17,{'JAM'},{'JAM_MODERATE_TRAFFIC'},16,{4},5.0
2e698d7f,2e698d7e4,2020-10-27,15,{'JAM'},{'JAM_HEAVY_TRAFFIC'},31,{4},5.0
2e698d7f,2e698d7ec,2020-09-01,16,{'JAM'},{'JAM_STAND_STILL_TRAFFIC'},63,{2},6.095238095238095
2e698d7f,2e698d7ec,2020-09-01,17,{'JAM'},{'JAM_HEAVY_TRAFFIC'},30,{2},5.0
2e698d7f,2e698d7ec,2020-09-12,16,{'JAM'},{'JAM_STAND_STILL_TRAFFIC'},15,{2},5.0
2e698d7f,2e698d7ec,2020-09-25,6,{'JAM'},{'JAM_HEAVY_TRAFFIC'},8,{2},5.0
2e698d7f,2e698d7ec,2020-09-26,21,{'JAM'},{'JAM_STAND_STILL_TRAFFIC'},31,{2},5.0
2e698d7f,2e698d7ec,2020-09-26,23,{'JAM'},{'JAM_HEAVY_TRAFFIC'},15,{2},5.0
2e698d7f,2e698d7ec,2020-09-29,18,{'JAM'},{'JAM_HEAVY_TRAFFIC'},77,{2},5.584415584415584
2e698d7f,2e698d7ec,2020-10-02,17,{'JAM'},{'JAM_STAND_STILL_TRAFFIC'},30,{2},5.0
2e698d7f,2e698d7ec,2020-10-03,18,{'JAM'},{'JAM_HEAVY_TRAFFIC'},31,{2},5.0
2e698d7f,2e698d7ec,2020-10-04,19,{'JAM'},{'JAM'},5,{2},5.0
2e698d7f,2e698d7ec,2020-10-10,15,{'JAM'},{'JAM'},34,{1},5.0
2e698d7f,2e698d7ec,2020-10-16,14,{'JAM'},{'JAM_MODERATE_TRAFFIC'},31,{2},5.0
2e698d7f,2e698d7ec,2020-10-22,13,{'JAM'},{'JAM_HEAVY_TRAFFIC'},5,{2},5.0
2e698d7f,2e698d7ec,2020-10-24,16,{'JAM'},{'JAM_HEAVY_TRAFFIC'},31,{2},7.870967741935484
2e698d7f,2e698d7ec,2020-10-27,5,{'JAM'},{'JAM'},31,{2},5.0
2e698d7f,2e698d7ec,2020-10-28,15,{'JAM'},"{'JAM_STAND_STILL_TRAFFIC', 'JAM_HEAVY_TRAFFIC'}",23,{2},5.0
2e698d7f,2e698d7ec,2020-10-30,17,{'JAM'},{'JAM_HEAVY_TRAFFIC'},31,{2},5.0
2e698d7f,2e698d7ec,2020-11-05,19,{'JAM'},{'JAM_STAND_STILL_TRAFFIC'},34,{2},6.411764705882353
2e698d7f,2e698d7ec,2020-11-06,15,{'JAM'},{'JAM_STAND_STILL_TRAFFIC'},30,{2},6.0
2e698d7f,2e698d7ec,2020-11-06,16,{'JAM'},{'JAM_STAND_STILL_TRAFFIC'},31,{2},5.0
2e698d7f,2e698d7ec,2020-11-06,20,{'JAM'},{'JAM_HEAVY_TRAFFIC'},31,{2},5.0
2e698d7f,2e698d7ec,2020-11-07,10,{'JAM'},{'JAM_STAND_STILL_TRAFFIC'},33,{2},5.0
2e698d7f,2e698d7ec,2020-11-14,18,{'JAM'},{'JAM_STAND_STILL_TRAFFIC'},30,{2},5.0
2e698d7f,2e698d7ec,2020-11-20,17,{'JAM'},{'JAM_STAND_STILL_TRAFFIC'},31,{2},5.0
2e698d7f,2e698d7ec,2020-11-21,15,{'JAM'},{'JAM_STAND_STILL_TRAFFIC'},26,{2},5.0
2e698d7f,2e698d7f4,2020-09-11,17,{'JAM'},{'JAM_HEAVY_TRAFFIC'},32,{2},5.0
2e698d7f,2e698d7f4,2020-09-16,18,{'JAM'},{'JAM_HEAVY_TRAFFIC'},33,{2},5.0
2e698d7f,2e698d7f4,2020-09-23,17,{'JAM'},{'JAM_HEAVY_TRAFFIC'},32,{2},5.0
2e698d7f,2e698d7f4,2020-09-24,17,{'JAM'},"{'JAM_STAND_STILL_TRAFFIC', 'JAM_HEAVY_TRAFFIC'}",24,{2},5.0
2e698d7f,2e698d7f4,2020-09-25,17,{'JAM'},{'JAM_STAND_STILL_TRAFFIC'},31,{2},5.774193548387097
2e698d7f,2e698d7f4,2020-09-26,22,{'JAM'},{'JAM_STAND_STILL_TRAFFIC'},30,{2},5.0
2e698d7f,2e698d7f4,2020-09-29,18,{'JAM'},{'JAM_MODERATE_TRAFFIC'},33,{2},5.0
2e698d7f,2e698d7f4,2020-09-30,17,{'JAM'},{'JAM_HEAVY_TRAFFIC'},31,{2},5.0
2e698d7f,2e698d7f4,2020-10-10,15,{'JAM'},{'JAM_STAND_STILL_TRAFFIC'},55,{2},5.0
2e698d7f,2e698d7f4,2020-10-29,23,{'WEATHERHAZARD'},{'WEATHERHAZARD'},8,{1},5.0
2e698d7f,2e698d7f4,2020-10-31,12,{'JAM'},{'JAM_HEAVY_TRAFFIC'},6,{2},5.0
2e698d7f,2e698d7f4,2020-11-03,17,{'JAM'},{'JAM_HEAVY_TRAFFIC'},5,{2},5.0
2e698d7f,2e698d7f4,2020-11-05,17,{'JAM'},{'JAM_STAND_STILL_TRAFFIC'},53,{2},5.566037735849057
2e698d7f,2e698d7f4,2020-11-06,15,{'JAM'},{'JAM_STAND_STILL_TRAFFIC'},32,{2},5.0
2e698d7f,2e698d7f4,2020-11-11,17,{'JAM'},{'JAM_HEAVY_TRAFFIC'},7,{2},5.0
2e698d7f,2e698d7fc,2020-09-05,6,{'WEATHERHAZARD'},{'HAZARD_ON_SHOULDER_CAR_STOPPED'},31,{4},6.32258064516129
2e698d7f,2e698d7fc,2020-09-05,11,{'JAM'},{'JAM_HEAVY_TRAFFIC'},37,{2},5.0
2e698d7f,2e698d7fc,2020-09-11,17,{'JAM'},{'JAM_STAND_STILL_TRAFFIC'},30,{2},5.0
2e698d7f,2e698d7fc,2020-09-11,19,{'WEATHERHAZARD'},{'HAZARD_ON_ROAD_CAR_STOPPED'},33,{4},5.9393939393939394
2e698d7f,2e698d7fc,2020-09-25,18,{'JAM'},{'JAM_HEAVY_TRAFFIC'},17,{2},5.0
2e698d7f,2e698d7fc,2020-09-28,7,{'JAM'},"{'JAM_MODERATE_TRAFFIC', 'JAM_HEAVY_TRAFFIC'}",56,{2},5.0
2e698d7f,2e698d7fc,2020-09-30,17,{'WEATHERHAZARD'},{'HAZARD_ON_ROAD_CAR_STOPPED'},27,{2},5.518518518518518
2e698d7f,2e698d7fc,2020-10-10,11,{'JAM'},{'JAM_MODERATE_TRAFFIC'},5,{4},5.0
2e698d7f,2e698d7fc,2020-10-10,18,{'JAM'},{'JAM_HEAVY_TRAFFIC'},6,{4},5.0
2e698d7f,2e698d7fc,2020-10-16,17,{'JAM'},{'JAM_HEAVY_TRAFFIC'},24,{4},5.0
2e698d7f,2e698d7fc,2020-10-17,13,{'JAM'},{'JAM_HEAVY_TRAFFIC'},30,{2},5.466666666666667
2e698d7f,2e698d7fc,2020-10-17,21,{'WEATHERHAZARD'},{'HAZARD_ON_ROAD_CONSTRUCTION'},37,{4},5.054054054054054
2e698d7f,2e698d7fc,2020-10-23,23,{'JAM'},{'JAM_STAND_STILL_TRAFFIC'},7,{2},5.0
2e698d7f,2e698d7fc,2020-10-26,15,{'JAM'},{'JAM_STAND_STILL_TRAFFIC'},31,{2},5.0
2e698d7f,2e698d7fc,2020-10-26,18,{'JAM'},{'JAM_STAND_STILL_TRAFFIC'},7,{4},5.0
2e698d7f,2e698d7fc,2020-10-27,19,{'JAM'},{'JAM_HEAVY_TRAFFIC'},32,{4},5.75
2e698d7f,2e698d7fc,2020-10-28,7,{'JAM'},{'JAM_STAND_STILL_TRAFFIC'},18,{4},6.0
2e698d7f,2e698d7fc,2020-10-28,17,{'JAM'},{'JAM_STAND_STILL_TRAFFIC'},31,{4},5.967741935483871
2e698d7f,2e698d7fc,2020-11-02,19,{'JAM'},{'JAM_HEAVY_TRAFFIC'},32,{2},5.0
2e698d7f,2e698d7fc,2020-11-07,16,{'JAM'},{'JAM_HEAVY_TRAFFIC'},32,{2},5.0
2e698d7f,2e698d7fc,2020-11-10,18,{'JAM'},{'JAM_HEAVY_TRAFFIC'},30,{2},5.0
2e698d7f,2e698d7fc,2020-11-11,17,{'JAM'},{'JAM_STAND_STILL_TRAFFIC'},31,{4},6.419354838709677
2e698d7f,2e698d7fc,2020-11-12,6,{'WEATHERHAZARD'},{'HAZARD_ON_SHOULDER_CAR_STOPPED'},32,{2},5.875
2e698d7f,2e698d7fc,2020-11-12,17,{'JAM'},{'JAM_STAND_STILL_TRAFFIC'},45,{4},8.2
2e698d7f,2e698d7fc,2020-11-13,19,{'JAM'},{'JAM_HEAVY_TRAFFIC'},31,{4},5.580645161290323
2e698d7f,2e698d7fc,2020-11-17,19,{'WEATHERHAZARD'},{'HAZARD_ON_SHOULDER_CAR_STOPPED'},4,{2},6.0
2e698d7f,2e698d7fc,2020-11-17,21,{'WEATHERHAZARD'},{'HAZARD_ON_ROAD_CAR_STOPPED'},31,{4},5.741935483870968
2e698d7f,2e698d7fc,2020-11-20,17,{'JAM'},{'JAM_STAND_STILL_TRAFFIC'},34,{2},5.470588235294118
2e698d81,2e698d804,2020-09-03,17,{'JAM'},{'JAM_MODERATE_TRAFFIC'},32,{2},5.0
2e698d81,2e698d804,2020-09-08,17,{'JAM'},{'JAM_STAND_STILL_TRAFFIC'},32,{2},5.0
2e698d81,2e698d804,2020-09-25,20,{'JAM'},{'JAM_HEAVY_TRAFFIC'},7,{2},5.714285714285714
2e698d81,2e698d804,2020-09-29,17,{'JAM'},{'JAM_STAND_STILL_TRAFFIC'},32,{2},5.0
2e698d81,2e698d804,2020-09-30,17,{'JAM'},"{'JAM_STAND_STILL_TRAFFIC', 'JAM_HEAVY_TRAFFIC'}",64,{2},5.46875
2e698d81,2e698d804,2020-10-01,19,{'JAM'},{'JAM'},39,{2},6.410256410256411
2e698d81,2e698d804,2020-10-02,14,{'JAM'},{'JAM_HEAVY_TRAFFIC'},29,{2},5.517241379310345
2e698d81,2e698d804,2020-10-02,20,{'JAM'},{'JAM_MODERATE_TRAFFIC'},26,{2},5.0
2e698d81,2e698d804,2020-10-05,17,{'JAM'},{'JAM_STAND_STILL_TRAFFIC'},32,{2},5.0
2e698d81,2e698d804,2020-10-05,19,{'JAM'},"{'JAM_STAND_STILL_TRAFFIC', 'JAM_HEAVY_TRAFFIC'}",36,{2},5.0
2e698d81,2e698d804,2020-10-06,15,{'JAM'},{'JAM_HEAVY_TRAFFIC'},5,{2},5.0
2e698d81,2e698d804,2020-10-06,17,{'JAM'},{'JAM_HEAVY_TRAFFIC'},63,{2},5.0
2e698d81,2e698d804,2020-10-08,17,{'JAM'},{'JAM_HEAVY_TRAFFIC'},30,{2},5.0
2e698d81,2e698d804,2020-10-09,18,{'JAM'},{'JAM_STAND_STILL_TRAFFIC'},32,{2},5.0
2e698d81,2e698d804,2020-10-12,17,{'JAM'},"{'JAM_STAND_STILL_TRAFFIC', 'JAM_HEAVY_TRAFFIC'}",69,{2},5.0
2e698d81,2e698d804,2020-10-12,18,{'JAM'},{'JAM_STAND_STILL_TRAFFIC'},28,{2},5.0
2e698d81,2e698d804,2020-10-14,18,{'JAM'},{'JAM_STAND_STILL_TRAFFIC'},11,{2},5.0
2e698d81,2e698d804,2020-10-15,17,{'JAM'},{'JAM_HEAVY_TRAFFIC'},31,{2},5.0
2e698d81,2e698d804,2020-10-16,14,{'JAM'},{'JAM_STAND_STILL_TRAFFIC'},31,{2},5.580645161290323
2e698d81,2e698d804,2020-10-19,17,{'JAM'},{'JAM_STAND_STILL_TRAFFIC'},31,{2},5.0
2e698d81,2e698d804,2020-10-19,18,{'JAM'},{'JAM_STAND_STILL_TRAFFIC'},33,{2},5.0
2e698d81,2e698d804,2020-10-21,17,{'JAM'},{'JAM_HEAVY_TRAFFIC'},32,{2},5.0
2e698d81,2e698d804,2020-10-21,18,{'JAM'},{'JAM_HEAVY_TRAFFIC'},30,{2},5.0
2e698d81,2e698d804,2020-10-22,13,{'JAM'},"{'JAM_MODERATE_TRAFFIC', 'JAM_HEAVY_TRAFFIC'}",36,{2},5.0
2e698d81,2e698d804,2020-10-22,17,{'JAM'},{'JAM_STAND_STILL_TRAFFIC'},63,{2},5.9523809523809526
2e698d81,2e698d804,2020-10-26,16,{'JAM'},{'JAM_STAND_STILL_TRAFFIC'},41,{2},6.341463414634147
2e698d81,2e698d804,2020-10-26,18,{'JAM'},{'JAM_STAND_STILL_TRAFFIC'},31,{2},5.0
2e698d81,2e698d804,2020-10-26,19,{'JAM'},{'JAM_STAND_STILL_TRAFFIC'},94,{2},5.6063829787234045
2e698d81,2e698d804,2020-10-26,20,{'JAM'},{'JAM_STAND_STILL_TRAFFIC'},13,{2},5.0
2e698d81,2e698d804,2020-10-27,14,{'JAM'},{'JAM_STAND_STILL_TRAFFIC'},88,{2},5.511363636363637
2e698d81,2e698d804,2020-10-27,16,{'JAM'},{'JAM_MODERATE_TRAFFIC'},30,{2},5.0
2e698d81,2e698d804,2020-10-27,17,{'JAM'},{'JAM_STAND_STILL_TRAFFIC'},32,{2},5.0
2e698d81,2e698d804,2020-10-27,19,{'JAM'},"{'JAM_STAND_STILL_TRAFFIC', 'JAM_HEAVY_TRAFFIC'}",37,{2},5.0
2e698d81,2e698d804,2020-10-27,20,{'JAM'},"{'JAM_STAND_STILL_TRAFFIC', 'JAM_HEAVY_TRAFFIC'}",52,{2},5.0
2e698d81,2e698d804,2020-11-01,15,{'JAM'},{'JAM_HEAVY_TRAFFIC'},8,{2},5.0
2e698d81,2e698d804,2020-11-02,7,{'JAM'},{'JAM_HEAVY_TRAFFIC'},5,{2},5.0
2e698d81,2e698d804,2020-11-02,19,{'JAM'},{'JAM_HEAVY_TRAFFIC'},30,{2},5.8
2e698d81,2e698d804,2020-11-03,19,{'JAM'},{'JAM_HEAVY_TRAFFIC'},31,{2},5.0
2e698d81,2e698d804,2020-11-05,17,{'JAM'},{'JAM_STAND_STILL_TRAFFIC'},31,{2},5.709677419354839
2e698d81,2e698d804,2020-11-05,18,{'JAM'},"{'JAM_STAND_STILL_TRAFFIC', 'JAM_HEAVY_TRAFFIC'}",88,{2},5.0
2e698d81,2e698d804,2020-11-05,19,{'JAM'},"{'JAM_STAND_STILL_TRAFFIC', 'JAM_HEAVY_TRAFFIC'}",66,{2},5.363636363636363
2e698d81,2e698d804,2020-11-06,18,{'JAM'},{'JAM_HEAVY_TRAFFIC'},68,{2},5.220588235294118
2e698d81,2e698d804,2020-11-07,13,{'JAM'},{'JAM_HEAVY_TRAFFIC'},29,{2},5.0
2e698d81,2e698d804,2020-11-07,15,{'JAM'},{'JAM_HEAVY_TRAFFIC'},30,{2},5.0
2e698d81,2e698d804,2020-11-09,17,"{'JAM', 'WEATHERHAZARD'}","{'HAZARD_ON_ROAD_CAR_STOPPED', 'JAM_STAND_STILL_TRAFFIC'}",78,{2},5.282051282051282
2e698d81,2e698d804,2020-11-09,18,{'JAM'},{'JAM_STAND_STILL_TRAFFIC'},30,{2},5.0
2e698d81,2e698d804,2020-11-10,7,{'JAM'},{'JAM_HEAVY_TRAFFIC'},37,{2},5.45945945945946
2e698d81,2e698d804,2020-11-10,19,{'JAM'},{'JAM_STAND_STILL_TRAFFIC'},32,{2},5.0
2e698d81,2e698d804,2020-11-11,19,{'JAM'},{'JAM_STAND_STILL_TRAFFIC'},78,{2},5.115384615384615
2e698d81,2e698d804,2020-11-11,20,{'JAM'},{'JAM_HEAVY_TRAFFIC'},33,{2},5.0
2e698d81,2e698d804,2020-11-12,17,{'JAM'},"{'JAM_STAND_STILL_TRAFFIC', 'JAM_HEAVY_TRAFFIC'}",42,{2},5.690476190476191
2e698d81,2e698d804,2020-11-12,18,{'JAM'},{'JAM_STAND_STILL_TRAFFIC'},32,{2},5.0
2e698d81,2e698d804,2020-11-12,19,{'JAM'},{'JAM_STAND_STILL_TRAFFIC'},33,{2},5.0
2e698d81,2e698d804,2020-11-16,14,{'JAM'},{'JAM_STAND_STILL_TRAFFIC'},11,{2},5.0
2e698d81,2e698d804,2020-11-16,17,{'JAM'},"{'JAM_STAND_STILL_TRAFFIC', 'JAM_HEAVY_TRAFFIC'}",117,{2},5.213675213675214
2e698d81,2e698d804,2020-11-18,17,{'JAM'},"{'JAM_STAND_STILL_TRAFFIC', 'JAM_HEAVY_TRAFFIC'}",58,{2},5.896551724137931
2e698d81,2e698d804,2020-11-18,19,{'JAM'},{'JAM_HEAVY_TRAFFIC'},26,{2},5.0
2e698d81,2e698d80c,2020-09-03,18,{'JAM'},{'JAM_HEAVY_TRAFFIC'},32,{2},5.0
2e698d81,2e698d80c,2020-09-11,20,{'WEATHERHAZARD'},{'HAZARD_ON_ROAD_CAR_STOPPED'},31,{2},6.774193548387097
2e698d81,2e698d80c,2020-09-19,13,{'JAM'},{'JAM_HEAVY_TRAFFIC'},31,{2},5.0
2e698d81,2e698d80c,2020-09-24,18,{'JAM'},{'JAM_STAND_STILL_TRAFFIC'},33,{2},5.0
2e698d81,2e698d80c,2020-09-25,12,{'JAM'},{'JAM_HEAVY_TRAFFIC'},32,{2},5.0
2e698d81,2e698d80c,2020-09-28,17,{'JAM'},{'JAM_STAND_STILL_TRAFFIC'},30,{2},5.0
2e698d81,2e698d80c,2020-09-29,17,{'JAM'},{'JAM_STAND_STILL_TRAFFIC'},31,{2},5.0
2e698d81,2e698d80c,2020-10-01,18,{'JAM'},{'JAM_HEAVY_TRAFFIC'},31,{2},5.0
2e698d81,2e698d80c,2020-10-01,19,{'JAM'},{'JAM_STAND_STILL_TRAFFIC'},30,{2},5.0
2e698d81,2e698d80c,2020-10-02,12,{'JAM'},{'JAM_HEAVY_TRAFFIC'},13,{2},5.0
2e698d81,2e698d80c,2020-10-03,14,{'JAM'},{'JAM_HEAVY_TRAFFIC'},34,{2},5.0
2e698d81,2e698d80c,2020-10-06,17,{'JAM'},{'JAM_HEAVY_TRAFFIC'},31,{2},5.0
2e698d81,2e698d80c,2020-10-07,19,{'JAM'},{'JAM_HEAVY_TRAFFIC'},31,{2},5.0
2e698d81,2e698d80c,2020-10-10,16,{'JAM'},{'JAM_STAND_STILL_TRAFFIC'},33,{2},5.606060606060606
2e698d81,2e698d80c,2020-10-21,17,{'JAM'},{'JAM_HEAVY_TRAFFIC'},31,{2},5.0
2e698d81,2e698d80c,2020-10-26,18,{'JAM'},{'JAM_HEAVY_TRAFFIC'},34,{2},5.0
2e698d81,2e698d80c,2020-10-26,19,{'JAM'},{'JAM_STAND_STILL_TRAFFIC'},18,{2},5.833333333333333
2e698d81,2e698d80c,2020-10-27,17,{'JAM'},{'JAM_MODERATE_TRAFFIC'},31,{2},5.0
2e698d81,2e698d80c,2020-10-28,11,{'JAM'},{'JAM_STAND_STILL_TRAFFIC'},30,{2},5.0
2e698d81,2e698d80c,2020-10-28,17,{'JAM'},{'JAM_HEAVY_TRAFFIC'},32,{2},5.0
2e698d81,2e698d80c,2020-10-29,10,{'JAM'},{'JAM_HEAVY_TRAFFIC'},30,{2},5.0
2e698d81,2e698d80c,2020-10-29,11,{'JAM'},{'JAM'},31,{2},5.0
2e698d81,2e698d80c,2020-10-29,16,{'JAM'},{'JAM_MODERATE_TRAFFIC'},31,{2},5.0
2e698d81,2e698d80c,2020-10-29,17,{'JAM'},{'JAM_STAND_STILL_TRAFFIC'},5,{2},5.0
2e698d81,2e698d80c,2020-10-30,17,{'JAM'},{'JAM_STAND_STILL_TRAFFIC'},31,{2},5.0
2e698d81,2e698d80c,2020-10-30,19,{'JAM'},{'JAM_STAND_STILL_TRAFFIC'},35,{2},5.0
2e698d81,2e698d80c,2020-11-03,12,{'JAM'},{'JAM_STAND_STILL_TRAFFIC'},30,{2},5.866666666666666
2e698d81,2e698d80c,2020-11-05,17,{'JAM'},{'JAM_HEAVY_TRAFFIC'},30,{2},5.0
2e698d81,2e698d80c,2020-11-10,18,{'JAM'},{'JAM_STAND_STILL_TRAFFIC'},30,{2},5.0
2e698d81,2e698d81c,2020-09-12,23,{'ACCIDENT'},{'ACCIDENT'},121,{1},5.0
2e698d83,2e698d82c,2020-09-20,5,{'JAM'},{'JAM'},30,{1},5.0
2e698d85,2e698d844,2020-09-03,10,{'JAM'},{'JAM_STAND_STILL_TRAFFIC'},26,{2},5.0
2e698d85,2e698d844,2020-09-04,16,{'JAM'},{'JAM_HEAVY_TRAFFIC'},32,{2},5.0
2e698d85,2e698d844,2020-09-04,19,{'JAM'},{'JAM_STAND_STILL_TRAFFIC'},31,{2},5.0
2e698d85,2e698d844,2020-09-19,11,{'JAM'},{'JAM_STAND_STILL_TRAFFIC'},32,{2},5.0
2e698d85,2e698d844,2020-09-21,17,{'JAM'},{'JAM_HEAVY_TRAFFIC'},30,{2},5.0
2e698d85,2e698d844,2020-09-23,19,{'JAM'},{'JAM_HEAVY_TRAFFIC'},30,{2},5.0
2e698d85,2e698d844,2020-09-24,17,{'JAM'},{'JAM_STAND_STILL_TRAFFIC'},23,{2},5.0
2e698d85,2e698d844,2020-09-25,16,{'JAM'},{'JAM_HEAVY_TRAFFIC'},7,{2},5.0
2e698d85,2e698d844,2020-09-25,18,{'JAM'},{'JAM_STAND_STILL_TRAFFIC'},31,{2},5.0
2e698d85,2e698d844,2020-09-26,13,{'JAM'},{'JAM_STAND_STILL_TRAFFIC'},124,{2},5.717741935483871
2e698d85,2e698d844,2020-09-26,18,{'JAM'},{'JAM_HEAVY_TRAFFIC'},31,{2},5.0
2e698d85,2e698d844,2020-10-02,15,{'JAM'},{'JAM_STAND_STILL_TRAFFIC'},31,{2},5.0
2e698d85,2e698d844,2020-10-02,17,{'JAM'},{'JAM_STAND_STILL_TRAFFIC'},30,{2},5.0
2e698d85,2e698d844,2020-10-03,10,{'JAM'},{'JAM_STAND_STILL_TRAFFIC'},30,{2},7.0
2e698d85,2e698d844,2020-10-03,13,{'JAM'},{'JAM_HEAVY_TRAFFIC'},31,{2},5.645161290322581
2e698d85,2e698d844,2020-10-04,18,{'JAM'},{'JAM_STAND_STILL_TRAFFIC'},39,{2},5.384615384615385
2e698d85,2e698d844,2020-10-05,15,{'JAM'},{'JAM_STAND_STILL_TRAFFIC'},31,{2},5.0
2e698d85,2e698d844,2020-10-05,16,{'JAM'},{'JAM_STAND_STILL_TRAFFIC'},61,{2},5.0
2e698d85,2e698d844,2020-10-09,15,{'JAM'},{'JAM_HEAVY_TRAFFIC'},31,{2},5.0
2e698d85,2e698d844,2020-10-09,16,{'JAM'},{'JAM_HEAVY_TRAFFIC'},31,{2},5.0
2e698d85,2e698d844,2020-10-10,19,{'JAM'},{'JAM_STAND_STILL_TRAFFIC'},31,{2},5.935483870967742
2e698d85,2e698d844,2020-10-10,21,{'JAM'},{'JAM_STAND_STILL_TRAFFIC'},30,{2},5.0
2e698d85,2e698d844,2020-10-17,17,{'JAM'},{'JAM_STAND_STILL_TRAFFIC'},32,{2},5.0
2e698d85,2e698d844,2020-10-18,16,{'JAM'},{'JAM_STAND_STILL_TRAFFIC'},32,{2},5.0
2e698d85,2e698d844,2020-10-20,17,{'WEATHERHAZARD'},{'HAZARD_WEATHER_FLOOD'},31,{2},7.32258064516129
2e698d85,2e698d844,2020-10-24,11,{'JAM'},{'JAM_HEAVY_TRAFFIC'},5,{2},5.0
2e698d85,2e698d844,2020-10-28,15,{'JAM'},{'JAM_STAND_STILL_TRAFFIC'},32,{2},5.0
2e698d85,2e698d844,2020-10-29,11,{'JAM'},{'JAM_STAND_STILL_TRAFFIC'},61,{2},5.0
2e698d85,2e698d844,2020-10-29,12,{'JAM'},{'JAM_STAND_STILL_TRAFFIC'},32,{2},5.0
2e698d85,2e698d844,2020-10-29,15,{'JAM'},{'JAM_STAND_STILL_TRAFFIC'},44,{2},6.0227272727272725
2e698d85,2e698d844,2020-10-29,18,{'JAM'},{'JAM_STAND_STILL_TRAFFIC'},61,{2},5.0
2e698d85,2e698d844,2020-10-29,19,{'JAM'},{'JAM_STAND_STILL_TRAFFIC'},52,{2},5.923076923076923
2e698d85,2e698d844,2020-10-29,20,{'JAM'},{'JAM_HEAVY_TRAFFIC'},30,{2},5.0
2e698d85,2e698d844,2020-10-30,9,{'JAM'},{'JAM_STAND_STILL_TRAFFIC'},30,{2},6.766666666666667
2e698d85,2e698d844,2020-10-30,10,{'JAM'},{'JAM_STAND_STILL_TRAFFIC'},31,{2},5.935483870967742
2e698d85,2e698d844,2020-10-30,11,{'JAM'},{'JAM_STAND_STILL_TRAFFIC'},88,{2},5.988636363636363
2e698d85,2e698d844,2020-10-30,12,{'JAM'},{'JAM_HEAVY_TRAFFIC'},23,{2},5.913043478260869
2e698d85,2e698d844,2020-10-30,14,{'JAM'},{'JAM_STAND_STILL_TRAFFIC'},101,{2},5.148514851485149
2e698d85,2e698d844,2020-10-30,17,{'JAM'},{'JAM_HEAVY_TRAFFIC'},65,{2},5.0
2e698d85,2e698d844,2020-10-30,18,{'JAM'},{'JAM_STAND_STILL_TRAFFIC'},123,{2},6.219512195121951
2e698d85,2e698d844,2020-10-31,13,{'JAM'},{'JAM_STAND_STILL_TRAFFIC'},71,{2},5.802816901408451
2e698d85,2e698d844,2020-10-31,18,{'JAM'},{'JAM_STAND_STILL_TRAFFIC'},62,{2},5.0
2e698d85,2e698d844,2020-10-31,21,{'JAM'},{'JAM_STAND_STILL_TRAFFIC'},44,{2},5.0
2e698d85,2e698d844,2020-11-05,17,{'JAM'},{'JAM_HEAVY_TRAFFIC'},30,{2},5.0
2e698d85,2e698d844,2020-11-06,9,{'JAM'},{'JAM_HEAVY_TRAFFIC'},30,{2},5.0
2e698d85,2e698d844,2020-11-07,10,{'JAM'},{'JAM_HEAVY_TRAFFIC'},30,{2},5.0
2e698d85,2e698d844,2020-11-07,11,{'JAM'},{'JAM_HEAVY_TRAFFIC'},32,{2},5.0
2e698d85,2e698d844,2020-11-10,7,{'JAM'},{'JAM_MODERATE_TRAFFIC'},9,{2},5.0
2e698d85,2e698d844,2020-11-20,15,{'JAM'},{'JAM_STAND_STILL_TRAFFIC'},30,{2},5.0
2e698d85,2e698d844,2020-11-21,14,{'JAM'},{'JAM_STAND_STILL_TRAFFIC'},63,{2},5.492063492063492
2e698d85,2e698d84c,2020-09-04,9,{'JAM'},{'JAM_STAND_STILL_TRAFFIC'},10,{2},5.0
2e698d85,2e698d84c,2020-09-06,16,{'JAM'},{'JAM_HEAVY_TRAFFIC'},31,{2},5.0
2e698d85,2e698d84c,2020-09-13,17,{'JAM'},{'JAM_STAND_STILL_TRAFFIC'},64,{2},5.0
2e698d85,2e698d84c,2020-09-16,18,{'JAM'},{'JAM_HEAVY_TRAFFIC'},28,{2},5.0
2e698d85,2e698d84c,2020-09-24,14,{'JAM'},{'JAM_MODERATE_TRAFFIC'},19,{2},5.0
2e698d85,2e698d84c,2020-10-02,15,{'JAM'},{'JAM_STAND_STILL_TRAFFIC'},34,{2},6.264705882352941
2e698d85,2e698d84c,2020-10-03,14,{'JAM'},{'JAM_STAND_STILL_TRAFFIC'},30,{2},5.0
2e698d85,2e698d84c,2020-10-05,14,{'JAM'},{'JAM_STAND_STILL_TRAFFIC'},34,{2},5.9411764705882355
2e698d85,2e698d84c,2020-10-11,16,{'JAM'},{'JAM_STAND_STILL_TRAFFIC'},30,{2},5.0
2e698d85,2e698d84c,2020-10-18,16,{'JAM'},{'JAM_STAND_STILL_TRAFFIC'},32,{2},5.0
2e698d85,2e698d84c,2020-10-27,14,{'JAM'},{'JAM_STAND_STILL_TRAFFIC'},32,{2},5.0
2e698d85,2e698d84c,2020-10-29,15,{'JAM'},{'JAM_STAND_STILL_TRAFFIC'},32,{2},5.75
2e698d85,2e698d84c,2020-10-29,17,{'JAM'},{'JAM_MODERATE_TRAFFIC'},30,{2},5.0
2e698d85,2e698d84c,2020-10-30,11,{'JAM'},{'JAM_STAND_STILL_TRAFFIC'},26,{2},7.923076923076923
2e698d85,2e698d84c,2020-10-30,15,{'JAM'},{'JAM_HEAVY_TRAFFIC'},5,{2},5.4
2e698d85,2e698d84c,2020-10-30,18,{'JAM'},{'JAM_STAND_STILL_TRAFFIC'},18,{2},9.555555555555555
2e698d85,2e698d84c,2020-10-30,19,{'JAM'},{'JAM_STAND_STILL_TRAFFIC'},34,{2},6.9411764705882355
2e698d85,2e698d84c,2020-10-30,20,{'JAM'},{'JAM_STAND_STILL_TRAFFIC'},7,{2},5.0
2e698d85,2e698d84c,2020-10-31,13,{'JAM'},{'JAM_STAND_STILL_TRAFFIC'},62,{2},6.758064516129032
2e698d85,2e698d84c,2020-10-31,17,{'WEATHERHAZARD'},{'WEATHERHAZARD'},33,{1},5.2727272727272725
2e698d85,2e698d84c,2020-11-02,18,{'JAM'},{'JAM_MODERATE_TRAFFIC'},31,{2},5.0
2e698d85,2e698d84c,2020-11-07,11,{'JAM'},{'JAM_HEAVY_TRAFFIC'},33,{2},5.0
2e698d85,2e698d84c,2020-11-20,12,"{'JAM', 'WEATHERHAZARD', 'ACCIDENT'}","{'WEATHERHAZARD', 'JAM_HEAVY_TRAFFIC', 'ACCIDENT_MAJOR'}",186,{1},5.349462365591398
2e698d85,2e698d84c,2020-11-20,14,{'JAM'},{'JAM_HEAVY_TRAFFIC'},23,{2},5.0
2e698d85,2e698d84c,2020-11-21,20,{'JAM'},{'JAM_HEAVY_TRAFFIC'},28,{2},5.0
2e698d85,2e698d854,2020-09-02,13,{'JAM'},{'JAM_STAND_STILL_TRAFFIC'},7,{2},5.0
2e698d85,2e698d854,2020-09-05,17,{'JAM'},{'JAM_STAND_STILL_TRAFFIC'},32,{2},5.75
2e698d85,2e698d854,2020-09-06,16,{'JAM'},{'JAM_HEAVY_TRAFFIC'},29,{2},5.0
2e698d85,2e698d854,2020-09-11,19,{'JAM'},{'JAM_STAND_STILL_TRAFFIC'},33,{2},5.0
2e698d85,2e698d854,2020-09-14,17,{'JAM'},{'JAM_STAND_STILL_TRAFFIC'},31,{2},8.774193548387096
2e698d85,2e698d854,2020-09-14,18,{'JAM'},{'JAM_STAND_STILL_TRAFFIC'},32,{2},5.0
2e698d85,2e698d854,2020-09-19,16,{'JAM'},{'JAM_HEAVY_TRAFFIC'},30,{2},5.933333333333334
2e698d85,2e698d854,2020-10-02,16,{'JAM'},{'JAM_HEAVY_TRAFFIC'},8,{2},5.0
2e698d85,2e698d854,2020-10-04,16,{'JAM'},{'JAM_HEAVY_TRAFFIC'},31,{2},5.0
2e698d85,2e698d854,2020-10-04,17,{'JAM'},{'JAM_HEAVY_TRAFFIC'},31,{2},5.0
2e698d85,2e698d854,2020-10-04,18,{'JAM'},{'JAM_HEAVY_TRAFFIC'},24,{2},5.0
2e698d85,2e698d854,2020-10-05,16,"{'JAM', 'WEATHERHAZARD'}","{'JAM_STAND_STILL_TRAFFIC', 'HAZARD_ON_ROAD_CONSTRUCTION'}",44,{2},6.409090909090909
2e698d85,2e698d854,2020-10-10,10,{'JAM'},{'JAM_STAND_STILL_TRAFFIC'},34,{2},6.411764705882353
2e698d85,2e698d854,2020-10-10,18,{'JAM'},{'JAM_STAND_STILL_TRAFFIC'},31,{2},5.67741935483871
2e698d85,2e698d854,2020-10-17,10,{'JAM'},{'JAM_MODERATE_TRAFFIC'},7,{2},5.0
2e698d85,2e698d854,2020-10-17,11,{'JAM'},{'JAM_HEAVY_TRAFFIC'},30,{2},5.0
2e698d85,2e698d854,2020-10-20,19,{'JAM'},{'JAM_HEAVY_TRAFFIC'},30,{2},5.0
2e698d85,2e698d854,2020-10-24,10,{'JAM'},{'JAM_HEAVY_TRAFFIC'},36,{2},5.444444444444445
2e698d85,2e698d854,2020-10-24,15,{'JAM'},{'JAM_HEAVY_TRAFFIC'},32,{2},5.0
2e698d85,2e698d854,2020-10-27,14,{'JAM'},{'JAM_STAND_STILL_TRAFFIC'},31,{2},5.0
2e698d85,2e698d854,2020-10-28,10,{'JAM'},{'JAM_HEAVY_TRAFFIC'},33,{2},5.0
2e698d85,2e698d854,2020-10-28,17,{'JAM'},{'JAM_STAND_STILL_TRAFFIC'},30,{2},5.6
2e698d85,2e698d854,2020-10-28,19,{'JAM'},{'JAM_HEAVY_TRAFFIC'},31,{2},5.0
2e698d85,2e698d854,2020-10-29,11,{'JAM'},{'JAM_STAND_STILL_TRAFFIC'},44,{2},5.9772727272727275
2e698d85,2e698d854,2020-10-29,15,{'JAM'},{'JAM_STAND_STILL_TRAFFIC'},30,{2},5.0
2e698d85,2e698d854,2020-10-29,17,{'JAM'},{'JAM_STAND_STILL_TRAFFIC'},31,{2},5.0
2e698d85,2e698d854,2020-10-30,8,{'JAM'},{'JAM_HEAVY_TRAFFIC'},31,{2},5.0
2e698d85,2e698d854,2020-10-30,9,{'JAM'},{'JAM_STAND_STILL_TRAFFIC'},61,{2},5.409836065573771
2e698d85,2e698d854,2020-10-30,15,{'JAM'},{'JAM_HEAVY_TRAFFIC'},1,{2},7.0
2e698d85,2e698d854,2020-10-30,16,{'JAM'},{'JAM_STAND_STILL_TRAFFIC'},30,{2},5.0
2e698d85,2e698d854,2020-10-30,17,{'JAM'},{'JAM_STAND_STILL_TRAFFIC'},17,{2},5.0
2e698d85,2e698d854,2020-10-30,18,{'JAM'},{'JAM_STAND_STILL_TRAFFIC'},31,{2},7.870967741935484
2e698d85,2e698d854,2020-10-30,19,{'JAM'},{'JAM'},50,{2},6.34
2e698d85,2e698d854,2020-10-30,20,{'JAM'},{'JAM_HEAVY_TRAFFIC'},30,{2},5.0
2e698d85,2e698d854,2020-10-31,9,{'JAM'},{'JAM_STAND_STILL_TRAFFIC'},31,{2},5.0
2e698d85,2e698d854,2020-10-31,13,{'JAM'},{'JAM_STAND_STILL_TRAFFIC'},39,{2},7.897435897435898
2e698d85,2e698d854,2020-10-31,14,{'JAM'},{'JAM_STAND_STILL_TRAFFIC'},31,{2},6.645161290322581
2e698d85,2e698d854,2020-10-31,15,{'JAM'},{'JAM_STAND_STILL_TRAFFIC'},44,{2},8.227272727272727
2e698d85,2e698d854,2020-10-31,17,{'JAM'},{'JAM_STAND_STILL_TRAFFIC'},35,{2},5.0
2e698d85,2e698d854,2020-10-31,18,{'JAM'},{'JAM_STAND_STILL_TRAFFIC'},34,{2},6.352941176470588
2e698d85,2e698d854,2020-10-31,21,{'JAM'},{'JAM_STAND_STILL_TRAFFIC'},31,{2},5.903225806451613
2e698d85,2e698d854,2020-11-06,9,{'JAM'},{'JAM_HEAVY_TRAFFIC'},33,{2},5.0
2e698d85,2e698d854,2020-11-07,14,{'JAM'},{'JAM_STAND_STILL_TRAFFIC'},33,{2},5.0
2e698d85,2e698d854,2020-11-12,14,{'JAM'},{'JAM_STAND_STILL_TRAFFIC'},32,{2},5.0
2e698d85,2e698d854,2020-11-14,9,{'JAM'},{'JAM_HEAVY_TRAFFIC'},47,{2},5.340425531914893
2e698d85,2e698d854,2020-11-20,16,{'JAM'},{'JAM_STAND_STILL_TRAFFIC'},31,{2},5.0
2e698d85,2e698d854,2020-11-21,13,{'JAM'},{'JAM_STAND_STILL_TRAFFIC'},33,{2},5.0
2e698d85,2e698d854,2020-11-21,20,{'JAM'},{'JAM_HEAVY_TRAFFIC'},32,{2},7.6875
2e698d87,2e698d86c,2020-09-02,19,{'JAM'},{'JAM_HEAVY_TRAFFIC'},25,{2},5.0
2e698d87,2e698d86c,2020-09-05,17,{'JAM'},{'JAM_STAND_STILL_TRAFFIC'},30,{2},5.0
2e698d87,2e698d86c,2020-09-07,13,{'JAM'},{'JAM_MODERATE_TRAFFIC'},31,{2},5.0
2e698d87,2e698d86c,2020-09-08,19,{'JAM'},{'JAM_MODERATE_TRAFFIC'},31,{2},5.0
2e698d87,2e698d86c,2020-09-16,17,{'JAM'},{'JAM_HEAVY_TRAFFIC'},40,{2},5.325
2e698d87,2e698d86c,2020-09-19,17,{'JAM'},{'JAM_HEAVY_TRAFFIC'},33,{2},5.0
2e698d87,2e698d86c,2020-09-20,16,{'JAM'},{'JAM_MODERATE_TRAFFIC'},31,{2},5.0
2e698d87,2e698d86c,2020-09-25,20,{'JAM'},{'JAM_HEAVY_TRAFFIC'},31,{2},5.0
2e698d87,2e698d86c,2020-09-26,21,{'JAM'},{'JAM_HEAVY_TRAFFIC'},30,{2},5.0
2e698d87,2e698d86c,2020-09-29,15,{'JAM'},{'JAM_HEAVY_TRAFFIC'},31,{2},5.0
2e698d87,2e698d86c,2020-09-30,11,{'JAM'},{'JAM_HEAVY_TRAFFIC'},31,{2},5.0
2e698d87,2e698d86c,2020-10-02,16,{'JAM'},{'JAM_STAND_STILL_TRAFFIC'},37,{2},5.405405405405405
2e698d87,2e698d86c,2020-10-03,13,{'JAM'},{'JAM_HEAVY_TRAFFIC'},31,{2},5.0
2e698d87,2e698d86c,2020-10-03,14,{'JAM'},"{'JAM_STAND_STILL_TRAFFIC', 'JAM_HEAVY_TRAFFIC'}",62,{2},5.967741935483871
2e698d87,2e698d86c,2020-10-04,16,{'JAM'},{'JAM_HEAVY_TRAFFIC'},61,{2},6.377049180327869
2e698d87,2e698d86c,2020-10-04,17,{'WEATHERHAZARD'},{'WEATHERHAZARD'},32,{2},6.5625
2e698d87,2e698d86c,2020-10-04,18,{'JAM'},{'JAM_STAND_STILL_TRAFFIC'},35,{2},5.9714285714285715
2e698d87,2e698d86c,2020-10-05,14,{'JAM'},{'JAM_STAND_STILL_TRAFFIC'},45,{2},5.355555555555555
2e698d87,2e698d86c,2020-10-05,16,{'JAM'},{'JAM_HEAVY_TRAFFIC'},31,{2},5.741935483870968
2e698d87,2e698d86c,2020-10-06,14,{'JAM'},{'JAM_STAND_STILL_TRAFFIC'},32,{2},5.5625
2e698d87,2e698d86c,2020-10-07,15,{'JAM'},{'JAM_STAND_STILL_TRAFFIC'},32,{2},5.0
2e698d87,2e698d86c,2020-10-07,16,{'JAM'},{'JAM_HEAVY_TRAFFIC'},35,{2},5.514285714285714
2e698d87,2e698d86c,2020-10-09,10,{'JAM'},"{'JAM_STAND_STILL_TRAFFIC', 'JAM_MODERATE_TRAFFIC'}",40,{2},5.05
2e698d87,2e698d86c,2020-10-10,17,{'WEATHERHAZARD'},{'HAZARD_ON_ROAD_CAR_STOPPED'},23,{2},5.6521739130434785
2e698d87,2e698d86c,2020-10-10,21,{'JAM'},{'JAM_STAND_STILL_TRAFFIC'},6,{2},5.0
2e698d87,2e698d86c,2020-10-10,22,"{'JAM', 'WEATHERHAZARD'}","{'HAZARD_ON_ROAD_CAR_STOPPED', 'JAM_HEAVY_TRAFFIC'}",39,{2},5.6923076923076925
2e698d87,2e698d86c,2020-10-13,9,{'JAM'},{'JAM_HEAVY_TRAFFIC'},30,{2},5.0
2e698d87,2e698d86c,2020-10-19,17,{'JAM'},{'JAM_STAND_STILL_TRAFFIC'},31,{2},5.0
2e698d87,2e698d86c,2020-10-20,16,{'JAM'},{'JAM_STAND_STILL_TRAFFIC'},31,{2},7.0
2e698d87,2e698d86c,2020-10-20,17,{'JAM'},{'JAM_STAND_STILL_TRAFFIC'},31,{2},5.967741935483871
2e698d87,2e698d86c,2020-10-20,19,{'JAM'},{'JAM_STAND_STILL_TRAFFIC'},33,{2},5.0
2e698d87,2e698d86c,2020-10-21,15,{'JAM'},{'JAM_MODERATE_TRAFFIC'},31,{2},5.903225806451613
2e698d87,2e698d86c,2020-10-21,17,{'JAM'},{'JAM_STAND_STILL_TRAFFIC'},31,{2},5.0
2e698d87,2e698d86c,2020-10-26,14,{'JAM'},{'JAM_STAND_STILL_TRAFFIC'},65,{2},5.461538461538462
2e698d87,2e698d86c,2020-10-26,19,{'JAM'},{'JAM_STAND_STILL_TRAFFIC'},31,{2},5.0
2e698d87,2e698d86c,2020-10-27,11,{'JAM'},{'JAM_STAND_STILL_TRAFFIC'},34,{2},5.0
2e698d87,2e698d86c,2020-10-27,20,{'JAM'},{'JAM_STAND_STILL_TRAFFIC'},31,{2},5.870967741935484
2e698d87,2e698d86c,2020-10-28,14,{'JAM'},{'JAM_STAND_STILL_TRAFFIC'},30,{2},5.0
2e698d87,2e698d86c,2020-10-29,10,{'JAM'},{'JAM_HEAVY_TRAFFIC'},30,{2},5.0
2e698d87,2e698d86c,2020-10-29,11,{'JAM'},{'JAM_STAND_STILL_TRAFFIC'},34,{2},5.0
2e698d87,2e698d86c,2020-10-29,16,{'JAM'},{'JAM_STAND_STILL_TRAFFIC'},31,{2},5.0
2e698d87,2e698d86c,2020-10-29,17,{'JAM'},{'JAM_STAND_STILL_TRAFFIC'},33,{2},5.0
2e698d87,2e698d86c,2020-10-29,18,{'JAM'},{'JAM_STAND_STILL_TRAFFIC'},60,{2},6.483333333333333
2e698d87,2e698d86c,2020-10-30,11,{'JAM'},{'JAM_STAND_STILL_TRAFFIC'},13,{2},5.076923076923077
2e698d87,2e698d86c,2020-10-30,14,{'JAM'},{'JAM_STAND_STILL_TRAFFIC'},30,{2},6.5
2e698d87,2e698d86c,2020-10-30,15,{'JAM'},{'JAM_STAND_STILL_TRAFFIC'},31,{2},5.0
2e698d87,2e698d86c,2020-10-30,16,{'JAM'},{'JAM_STAND_STILL_TRAFFIC'},34,{2},5.0
2e698d87,2e698d86c,2020-10-30,17,{'JAM'},"{'JAM_STAND_STILL_TRAFFIC', 'JAM_HEAVY_TRAFFIC'}",44,{2},5.0
2e698d87,2e698d86c,2020-10-30,18,{'JAM'},{'JAM_STAND_STILL_TRAFFIC'},27,{2},6.962962962962963
2e698d87,2e698d86c,2020-10-30,19,{'JAM'},{'JAM_STAND_STILL_TRAFFIC'},34,{2},5.0
2e698d87,2e698d86c,2020-10-30,20,{'JAM'},{'JAM'},31,{2},5.0
2e698d87,2e698d86c,2020-10-31,13,{'JAM'},{'JAM_STAND_STILL_TRAFFIC'},30,{2},5.933333333333334
2e698d87,2e698d86c,2020-10-31,14,{'JAM'},{'JAM_STAND_STILL_TRAFFIC'},63,{2},5.285714285714286
2e698d87,2e698d86c,2020-10-31,17,{'JAM'},{'JAM'},30,{2},5.0
2e698d87,2e698d86c,2020-10-31,18,{'JAM'},{'JAM_STAND_STILL_TRAFFIC'},31,{2},5.0
2e698d87,2e698d86c,2020-10-31,19,{'JAM'},{'JAM_HEAVY_TRAFFIC'},16,{2},8.0
2e698d87,2e698d86c,2020-10-31,20,{'JAM'},{'JAM_STAND_STILL_TRAFFIC'},31,{2},5.838709677419355
2e698d87,2e698d86c,2020-10-31,21,{'JAM'},{'JAM_STAND_STILL_TRAFFIC'},66,{2},5.96969696969697
2e698d87,2e698d86c,2020-11-01,15,{'JAM'},{'JAM_STAND_STILL_TRAFFIC'},47,{2},5.617021276595745
2e698d87,2e698d86c,2020-11-03,15,{'JAM'},{'JAM_MODERATE_TRAFFIC'},31,{2},5.0
2e698d87,2e698d86c,2020-11-03,17,{'JAM'},{'JAM_STAND_STILL_TRAFFIC'},14,{2},5.0
2e698d87,2e698d86c,2020-11-03,20,{'JAM'},{'JAM_MODERATE_TRAFFIC'},31,{2},5.0
2e698d87,2e698d86c,2020-11-05,20,{'JAM'},{'JAM_STAND_STILL_TRAFFIC'},10,{2},5.0
2e698d87,2e698d86c,2020-11-07,14,{'JAM'},{'JAM_MODERATE_TRAFFIC'},30,{2},5.0
2e698d87,2e698d86c,2020-11-08,15,{'JAM'},{'JAM_HEAVY_TRAFFIC'},32,{2},6.90625
2e698d87,2e698d86c,2020-11-09,16,{'JAM'},{'JAM_STAND_STILL_TRAFFIC'},65,{2},5.0
2e698d87,2e698d86c,2020-11-12,9,{'JAM'},{'JAM_MODERATE_TRAFFIC'},19,{2},7.0
2e698d87,2e698d86c,2020-11-12,11,{'JAM'},{'JAM_HEAVY_TRAFFIC'},22,{2},5.0
2e698d87,2e698d86c,2020-11-14,15,{'JAM'},{'JAM_HEAVY_TRAFFIC'},31,{2},5.838709677419355
2e698d87,2e698d874,2020-09-03,11,{'JAM'},{'JAM_HEAVY_TRAFFIC'},15,{2},5.333333333333333
2e698d87,2e698d874,2020-09-05,17,{'JAM'},{'JAM_STAND_STILL_TRAFFIC'},31,{2},5.0
2e698d87,2e698d874,2020-09-10,10,{'JAM'},{'JAM_HEAVY_TRAFFIC'},30,{2},5.0
2e698d87,2e698d874,2020-09-10,13,{'JAM'},{'JAM_STAND_STILL_TRAFFIC'},32,{2},5.0
2e698d87,2e698d874,2020-09-11,20,{'JAM'},{'JAM_STAND_STILL_TRAFFIC'},36,{2},5.0
2e698d87,2e698d874,2020-09-18,17,{'JAM'},{'JAM_HEAVY_TRAFFIC'},32,{2},5.0
2e698d87,2e698d874,2020-09-21,11,{'JAM'},{'JAM_MODERATE_TRAFFIC'},5,{2},5.0
2e698d87,2e698d874,2020-09-23,14,{'JAM'},{'JAM_STAND_STILL_TRAFFIC'},18,{2},5.0
2e698d87,2e698d874,2020-09-25,9,{'JAM'},{'JAM'},11,{2},5.0
2e698d87,2e698d874,2020-09-25,11,{'JAM'},{'JAM'},30,{2},5.0
2e698d87,2e698d874,2020-09-25,21,{'JAM'},{'JAM_STAND_STILL_TRAFFIC'},13,{2},5.230769230769231
2e698d87,2e698d874,2020-09-26,19,{'JAM'},{'JAM_HEAVY_TRAFFIC'},33,{2},5.0
2e698d87,2e698d874,2020-09-26,22,{'JAM'},{'JAM_STAND_STILL_TRAFFIC'},38,{2},5.0
2e698d87,2e698d874,2020-09-27,16,{'JAM'},{'JAM_HEAVY_TRAFFIC'},30,{2},5.0
2e698d87,2e698d874,2020-09-29,18,{'JAM'},{'JAM_STAND_STILL_TRAFFIC'},31,{2},5.0
2e698d87,2e698d874,2020-09-30,13,{'JAM'},{'JAM_STAND_STILL_TRAFFIC'},32,{2},5.59375
2e698d87,2e698d874,2020-10-02,11,{'JAM'},{'JAM_HEAVY_TRAFFIC'},31,{2},5.0
2e698d87,2e698d874,2020-10-03,13,{'JAM'},{'JAM_STAND_STILL_TRAFFIC'},12,{2},5.0
2e698d87,2e698d874,2020-10-04,19,{'JAM'},{'JAM_MODERATE_TRAFFIC'},31,{2},5.0
2e698d87,2e698d874,2020-10-06,18,{'JAM'},{'JAM_HEAVY_TRAFFIC'},31,{2},5.0
2e698d87,2e698d874,2020-10-14,15,{'JAM'},{'JAM_HEAVY_TRAFFIC'},31,{2},5.0
2e698d87,2e698d874,2020-10-16,18,{'JAM'},{'JAM_HEAVY_TRAFFIC'},36,{2},5.0
2e698d87,2e698d874,2020-10-17,11,{'JAM'},{'JAM_HEAVY_TRAFFIC'},32,{2},5.0
2e698d87,2e698d874,2020-10-19,18,"{'JAM', 'WEATHERHAZARD'}","{'HAZARD_WEATHER_FLOOD', 'JAM_STAND_STILL_TRAFFIC'}",94,{2},6.127659574468085
2e698d87,2e698d874,2020-10-20,16,{'JAM'},{'JAM_STAND_STILL_TRAFFIC'},1,{2},5.0
2e698d87,2e698d874,2020-10-20,17,{'WEATHERHAZARD'},{'HAZARD_WEATHER_FLOOD'},30,{2},5.0
2e698d87,2e698d874,2020-10-22,11,{'JAM'},{'JAM_STAND_STILL_TRAFFIC'},30,{2},5.0
2e698d87,2e698d874,2020-10-24,11,{'JAM'},{'JAM_MODERATE_TRAFFIC'},32,{2},5.65625
2e698d87,2e698d874,2020-10-26,14,{'JAM'},{'JAM_STAND_STILL_TRAFFIC'},62,{2},5.0
2e698d87,2e698d874,2020-10-27,11,{'JAM'},{'JAM_STAND_STILL_TRAFFIC'},31,{2},5.0
2e698d87,2e698d874,2020-10-27,14,{'WEATHERHAZARD'},{'HAZARD_ON_ROAD_CAR_STOPPED'},22,{2},6.909090909090909
2e698d87,2e698d874,2020-10-27,20,{'JAM'},{'JAM_STAND_STILL_TRAFFIC'},33,{2},6.0
2e698d87,2e698d874,2020-10-28,15,{'WEATHERHAZARD'},{'HAZARD_WEATHER_HAIL'},35,{2},5.0
2e698d87,2e698d874,2020-10-29,11,{'JAM'},"{'JAM_STAND_STILL_TRAFFIC', 'JAM_HEAVY_TRAFFIC'}",131,{2},6.4961832061068705
2e698d87,2e698d874,2020-10-30,11,{'JAM'},{'JAM_HEAVY_TRAFFIC'},31,{2},5.967741935483871
2e698d87,2e698d874,2020-10-30,17,{'JAM'},{'JAM_STAND_STILL_TRAFFIC'},30,{2},5.0
2e698d87,2e698d874,2020-10-30,18,{'JAM'},{'JAM_STAND_STILL_TRAFFIC'},4,{2},5.0
2e698d87,2e698d874,2020-10-31,12,"{'JAM', 'ACCIDENT'}","{'JAM_STAND_STILL_TRAFFIC', 'ACCIDENT_MINOR'}",161,{2},5.484472049689441
2e698d87,2e698d874,2020-10-31,19,{'JAM'},{'JAM_HEAVY_TRAFFIC'},29,{2},5.172413793103448
2e698d87,2e698d874,2020-11-01,15,{'JAM'},{'JAM_STAND_STILL_TRAFFIC'},30,{2},5.0
2e698d87,2e698d874,2020-11-05,20,{'JAM'},{'JAM_STAND_STILL_TRAFFIC'},14,{2},5.0
2e698d87,2e698d874,2020-11-06,15,{'JAM'},{'JAM_HEAVY_TRAFFIC'},32,{2},5.0
2e698d87,2e698d874,2020-11-06,17,{'JAM'},{'JAM_STAND_STILL_TRAFFIC'},31,{2},5.0
2e698d87,2e698d874,2020-11-06,19,{'JAM'},{'JAM_HEAVY_TRAFFIC'},32,{2},5.0
2e698d87,2e698d874,2020-11-08,19,{'JAM'},{'JAM_MODERATE_TRAFFIC'},30,{2},5.0
2e698d87,2e698d874,2020-11-09,19,{'JAM'},{'JAM_MODERATE_TRAFFIC'},31,{2},5.0
2e698d87,2e698d874,2020-11-10,16,{'JAM'},{'JAM_STAND_STILL_TRAFFIC'},6,{2},5.0
2e698d87,2e698d874,2020-11-12,9,{'JAM'},{'JAM_MODERATE_TRAFFIC'},12,{2},5.166666666666667
2e698d87,2e698d874,2020-11-12,17,{'JAM'},{'JAM_MODERATE_TRAFFIC'},32,{2},5.0
2e698d87,2e698d874,2020-11-13,17,{'JAM'},{'JAM_STAND_STILL_TRAFFIC'},31,{2},5.0
2e698d87,2e698d874,2020-11-14,14,{'JAM'},{'JAM_HEAVY_TRAFFIC'},30,{2},5.0
2e698d87,2e698d874,2020-11-14,15,{'JAM'},{'JAM_HEAVY_TRAFFIC'},33,{2},5.9393939393939394
2e698d87,2e698d874,2020-11-15,12,{'JAM'},{'JAM_HEAVY_TRAFFIC'},12,{2},5.0
2e698d87,2e698d874,2020-11-17,10,{'JAM'},{'JAM_HEAVY_TRAFFIC'},32,{2},5.0
2e698d87,2e698d874,2020-11-17,17,{'JAM'},{'JAM_HEAVY_TRAFFIC'},31,{2},5.0
2e698d87,2e698d874,2020-11-20,17,{'JAM'},{'JAM_STAND_STILL_TRAFFIC'},30,{2},5.0
2e698d87,2e698d874,2020-11-20,18,{'JAM'},{'JAM_STAND_STILL_TRAFFIC'},32,{2},5.0
2e698d8b,2e698d8ac,2020-09-03,19,"{'JAM', 'ACCIDENT'}","{'JAM', 'ACCIDENT_MAJOR'}",155,{1},5.0
2e698d8b,2e698d8b4,2020-10-01,0,{'JAM'},{'JAM'},31,{1},5.0
2e698d8b,2e698d8b4,2020-11-21,9,{'ACCIDENT'},{'ACCIDENT'},123,{1},5.0
2e698d8b,2e698d8bc,2020-10-30,21,{'JAM'},{'JAM'},31,{22},5.0
2e698d8d,2e698d8c4,2020-09-13,22,{'JAM'},{'JAM'},35,{1},5.0
2e698d91,2e698d90c,2020-09-19,10,{'JAM'},{'JAM_STAND_STILL_TRAFFIC'},5,{2},5.0
2e698d91,2e698d90c,2020-09-21,17,{'JAM'},{'JAM_MODERATE_TRAFFIC'},44,{2},5.386363636363637
2e698d91,2e698d90c,2020-10-08,12,{'JAM'},{'JAM'},34,{1},5.0
2e698d91,2e698d90c,2020-10-10,18,{'JAM'},{'JAM_HEAVY_TRAFFIC'},31,{2},5.774193548387097
2e698d91,2e698d90c,2020-10-10,19,{'JAM'},{'JAM_STAND_STILL_TRAFFIC'},7,{2},5.0
2e698d91,2e698d90c,2020-10-17,11,{'JAM'},{'JAM_HEAVY_TRAFFIC'},22,{2},5.0
2e698d91,2e698d90c,2020-10-20,17,{'WEATHERHAZARD'},{'HAZARD_WEATHER_FLOOD'},33,{2},5.787878787878788
2e698d91,2e698d90c,2020-10-23,15,{'WEATHERHAZARD'},{'HAZARD_ON_ROAD_ROAD_KILL'},32,{2},5.0
2e698d91,2e698d90c,2020-10-28,8,{'JAM'},{'JAM'},9,{2},5.0
2e698d91,2e698d90c,2020-10-29,9,"{'JAM', 'WEATHERHAZARD'}","{'JAM_STAND_STILL_TRAFFIC', 'HAZARD_ON_ROAD_CONSTRUCTION'}",195,{2},8.23076923076923
2e698d91,2e698d90c,2020-10-29,13,{'JAM'},{'JAM_STAND_STILL_TRAFFIC'},32,{2},5.0
2e698d91,2e698d90c,2020-10-29,14,{'JAM'},{'JAM_MODERATE_TRAFFIC'},31,{2},5.0
2e698d91,2e698d90c,2020-10-29,15,{'JAM'},"{'JAM', 'JAM_STAND_STILL_TRAFFIC'}",123,{2},5.495934959349594
2e698d91,2e698d90c,2020-10-29,17,{'JAM'},{'JAM_STAND_STILL_TRAFFIC'},5,{2},6.0
2e698d91,2e698d90c,2020-10-30,14,{'JAM'},{'JAM_STAND_STILL_TRAFFIC'},72,{2},5.180555555555555
2e698d91,2e698d90c,2020-10-31,9,{'JAM'},{'JAM_MODERATE_TRAFFIC'},30,{2},5.0
2e698d91,2e698d90c,2020-11-15,16,{'JAM'},{'JAM_STAND_STILL_TRAFFIC'},31,{2},5.0
2e698d91,2e698d914,2020-10-25,0,{'WEATHERHAZARD'},{'HAZARD_WEATHER_FLOOD'},34,{2},6.794117647058823
2e698d97,2e698d964,2020-09-09,23,{'WEATHERHAZARD'},{'HAZARD_ON_ROAD_POT_HOLE'},850,{2},5.101176470588236
2e698d97,2e698d964,2020-09-14,8,{'JAM'},{'JAM_MODERATE_TRAFFIC'},8,{2},5.0
2e698d97,2e698d964,2020-09-20,20,{'WEATHERHAZARD'},{'HAZARD_ON_ROAD_POT_HOLE'},951,{2},9.654048370136698
2e698d97,2e698d964,2020-09-26,20,{'JAM'},{'JAM_HEAVY_TRAFFIC'},31,{2},5.0
2e698d97,2e698d964,2020-10-02,19,{'JAM'},{'JAM_STAND_STILL_TRAFFIC'},5,{2},5.0
2e698d97,2e698d964,2020-10-04,18,{'JAM'},{'JAM_STAND_STILL_TRAFFIC'},2,{2},5.0
2e698d97,2e698d964,2020-10-19,22,{'WEATHERHAZARD'},{'WEATHERHAZARD'},33,{1},5.0
2e698d97,2e698d964,2020-10-29,20,{'JAM'},{'JAM_HEAVY_TRAFFIC'},33,{2},5.0
2e698d97,2e698d96c,2020-09-09,23,{'WEATHERHAZARD'},{'HAZARD_ON_ROAD_POT_HOLE'},708,{2},5.086158192090395
2e698d97,2e698d96c,2020-09-22,13,{'JAM'},{'JAM_HEAVY_TRAFFIC'},5,{2},5.0
2e698d97,2e698d96c,2020-10-04,18,{'JAM'},{'JAM_STAND_STILL_TRAFFIC'},55,{2},5.454545454545454
2e698d97,2e698d96c,2020-10-10,16,{'JAM'},{'JAM_STAND_STILL_TRAFFIC'},6,{1},5.0
2e698d97,2e698d96c,2020-10-23,15,{'WEATHERHAZARD'},{'HAZARD_ON_ROAD_CAR_STOPPED'},32,{2},5.0
2e698d97,2e698d96c,2020-10-24,21,{'JAM'},"{'JAM_STAND_STILL_TRAFFIC', 'JAM_HEAVY_TRAFFIC'}",62,{2},5.5
2e698d97,2e698d96c,2020-10-30,14,{'JAM'},{'JAM_HEAVY_TRAFFIC'},11,{2},5.0
2e698d97,2e698d96c,2020-11-07,20,{'JAM'},{'JAM_STAND_STILL_TRAFFIC'},30,{2},5.0
2e698d97,2e698d974,2020-09-09,23,{'WEATHERHAZARD'},{'HAZARD_ON_ROAD_POT_HOLE'},649,{2},5.24653312788906
2e698d97,2e698d97c,2020-11-02,17,{'JAM'},{'JAM_MODERATE_TRAFFIC'},31,{1},5.0
2e698d99,2e698d984,2020-09-05,20,{'JAM'},{'JAM'},31,{1},5.0
2e698d99,2e698d994,2020-10-16,7,{'WEATHERHAZARD'},{'WEATHERHAZARD'},30,{1},5.0
2e698d99,2e698d99c,2020-10-19,8,{'JAM'},{'JAM_MODERATE_TRAFFIC'},31,{1},5.0
2e698d9b,2e698d9a4,2020-09-05,19,{'JAM'},{'JAM_STAND_STILL_TRAFFIC'},29,{2},5.0
2e698d9b,2e698d9a4,2020-09-16,17,{'JAM'},{'JAM_HEAVY_TRAFFIC'},32,{2},6.0
2e698d9b,2e698d9a4,2020-09-26,18,{'JAM'},{'JAM_MODERATE_TRAFFIC'},6,{2},5.0
2e698d9b,2e698d9a4,2020-09-26,21,{'JAM'},{'JAM_HEAVY_TRAFFIC'},64,{2},5.0
2e698d9b,2e698d9a4,2020-10-02,19,{'JAM'},{'JAM_STAND_STILL_TRAFFIC'},20,{2},5.0
2e698d9b,2e698d9a4,2020-10-04,18,{'JAM'},{'JAM_STAND_STILL_TRAFFIC'},30,{2},6.0
2e698d9b,2e698d9a4,2020-10-10,18,{'JAM'},{'JAM_STAND_STILL_TRAFFIC'},30,{2},6.933333333333334
2e698d9b,2e698d9a4,2020-10-17,11,{'JAM'},{'JAM_HEAVY_TRAFFIC'},31,{2},5.0
2e698d9b,2e698d9a4,2020-10-18,16,{'JAM'},{'JAM_STAND_STILL_TRAFFIC'},36,{2},5.0
2e698d9b,2e698d9a4,2020-10-24,16,{'JAM'},{'JAM_STAND_STILL_TRAFFIC'},31,{2},5.903225806451613
2e698d9b,2e698d9a4,2020-10-28,16,{'JAM'},{'JAM_STAND_STILL_TRAFFIC'},5,{2},5.0
2e698d9b,2e698d9a4,2020-10-29,9,{'WEATHERHAZARD'},{'HAZARD_ON_ROAD_CONSTRUCTION'},57,{2},6.543859649122807
2e698d9b,2e698d9a4,2020-10-29,12,{'WEATHERHAZARD'},{'HAZARD_ON_ROAD_CONSTRUCTION'},582,{2},6.730240549828179
2e698d9b,2e698d9a4,2020-10-30,7,{'WEATHERHAZARD'},{'HAZARD_ON_ROAD_CONSTRUCTION'},269,{2},7.925650557620818
2e698d9b,2e698d9a4,2020-10-30,14,"{'JAM', 'WEATHERHAZARD'}","{'HAZARD_ON_ROAD_CONSTRUCTION', 'JAM_HEAVY_TRAFFIC'}",148,{2},7.168918918918919
2e698d9b,2e698d9a4,2020-10-31,15,{'JAM'},{'JAM_STAND_STILL_TRAFFIC'},31,{2},5.0
2e698d9b,2e698d9a4,2020-10-31,20,{'JAM'},{'JAM_MODERATE_TRAFFIC'},31,{1},5.0
2e698d9b,2e698d9a4,2020-11-06,8,{'JAM'},{'JAM_STAND_STILL_TRAFFIC'},9,{2},5.0
2e698d9b,2e698d9a4,2020-11-07,16,{'JAM'},{'JAM_STAND_STILL_TRAFFIC'},32,{2},5.0
2e698d9b,2e698d9a4,2020-11-09,16,{'JAM'},{'JAM_STAND_STILL_TRAFFIC'},31,{2},5.0
2e698d9b,2e698d9a4,2020-11-10,7,{'JAM'},{'JAM_MODERATE_TRAFFIC'},30,{2},6.0
2e698d9b,2e698d9a4,2020-11-15,16,{'JAM'},{'JAM_STAND_STILL_TRAFFIC'},30,{2},5.0
2e698d9b,2e698d9ac,2020-09-04,9,{'JAM'},{'JAM_STAND_STILL_TRAFFIC'},31,{2},5.0
2e698d9b,2e698d9ac,2020-09-05,12,{'JAM'},{'JAM_HEAVY_TRAFFIC'},31,{2},5.0
2e698d9b,2e698d9ac,2020-09-05,18,{'JAM'},{'JAM_HEAVY_TRAFFIC'},32,{2},5.0
2e698d9b,2e698d9ac,2020-09-06,13,{'JAM'},{'JAM_HEAVY_TRAFFIC'},30,{2},5.0
2e698d9b,2e698d9ac,2020-09-11,14,{'WEATHERHAZARD'},{'WEATHERHAZARD'},30,{1},5.0
2e698d9b,2e698d9ac,2020-09-11,16,{'JAM'},{'JAM'},30,{2},5.0
2e698d9b,2e698d9ac,2020-09-12,11,{'JAM'},{'JAM_HEAVY_TRAFFIC'},32,{2},5.0
2e698d9b,2e698d9ac,2020-09-12,18,{'JAM'},{'JAM_STAND_STILL_TRAFFIC'},32,{2},5.0
2e698d9b,2e698d9ac,2020-09-14,18,{'JAM'},{'JAM_STAND_STILL_TRAFFIC'},30,{2},5.933333333333334
2e698d9b,2e698d9ac,2020-09-16,14,{'JAM'},{'JAM_HEAVY_TRAFFIC'},32,{2},5.0
2e698d9b,2e698d9ac,2020-09-18,13,{'JAM'},{'JAM_HEAVY_TRAFFIC'},26,{2},5.0
2e698d9b,2e698d9ac,2020-09-19,11,{'JAM'},{'JAM_STAND_STILL_TRAFFIC'},31,{2},5.0
2e698d9b,2e698d9ac,2020-09-19,13,{'JAM'},{'JAM_HEAVY_TRAFFIC'},31,{2},5.0
2e698d9b,2e698d9ac,2020-09-21,11,{'JAM'},{'JAM_HEAVY_TRAFFIC'},30,{2},5.0
2e698d9b,2e698d9ac,2020-09-25,19,{'JAM'},{'JAM_HEAVY_TRAFFIC'},32,{2},5.96875
2e698d9b,2e698d9ac,2020-09-27,12,{'JAM'},{'JAM_STAND_STILL_TRAFFIC'},30,{2},5.0
2e698d9b,2e698d9ac,2020-09-27,19,{'JAM'},{'JAM_MODERATE_TRAFFIC'},31,{2},5.0
2e698d9b,2e698d9ac,2020-09-28,11,{'JAM'},{'JAM_HEAVY_TRAFFIC'},31,{2},5.0
2e698d9b,2e698d9ac,2020-09-30,17,{'JAM'},{'JAM_HEAVY_TRAFFIC'},31,{2},5.0
2e698d9b,2e698d9ac,2020-09-30,19,{'JAM'},{'JAM_MODERATE_TRAFFIC'},31,{2},5.0
2e698d9b,2e698d9ac,2020-10-02,17,{'JAM'},{'JAM_HEAVY_TRAFFIC'},31,{2},5.741935483870968
2e698d9b,2e698d9ac,2020-10-04,14,{'JAM'},{'JAM_HEAVY_TRAFFIC'},30,{2},5.0
2e698d9b,2e698d9ac,2020-10-04,18,{'JAM'},{'JAM_HEAVY_TRAFFIC'},47,{2},5.340425531914893
2e698d9b,2e698d9ac,2020-10-05,16,"{'JAM', 'WEATHERHAZARD'}","{'HAZARD_ON_ROAD_CAR_STOPPED', 'JAM_MODERATE_TRAFFIC'}",61,{2},5.0
2e698d9b,2e698d9ac,2020-10-07,16,{'JAM'},{'JAM_STAND_STILL_TRAFFIC'},31,{2},5.0
2e698d9b,2e698d9ac,2020-10-08,11,{'JAM'},{'JAM'},34,{2},5.0
2e698d9b,2e698d9ac,2020-10-10,10,{'JAM'},{'JAM_STAND_STILL_TRAFFIC'},31,{2},5.483870967741935
2e698d9b,2e698d9ac,2020-10-10,16,{'JAM'},{'JAM_HEAVY_TRAFFIC'},30,{2},5.0
2e698d9b,2e698d9ac,2020-10-10,18,{'JAM'},{'JAM_STAND_STILL_TRAFFIC'},31,{2},5.967741935483871
2e698d9b,2e698d9ac,2020-10-10,19,{'JAM'},{'JAM_STAND_STILL_TRAFFIC'},31,{2},5.0
2e698d9b,2e698d9ac,2020-10-10,21,{'JAM'},{'JAM_STAND_STILL_TRAFFIC'},30,{2},5.0
2e698d9b,2e698d9ac,2020-10-11,16,{'JAM'},{'JAM_STAND_STILL_TRAFFIC'},42,{2},5.380952380952381
2e698d9b,2e698d9ac,2020-10-13,16,{'JAM'},{'JAM_STAND_STILL_TRAFFIC'},31,{2},5.0
2e698d9b,2e698d9ac,2020-10-15,9,{'JAM'},{'JAM_STAND_STILL_TRAFFIC'},31,{2},5.0
2e698d9b,2e698d9ac,2020-10-17,13,{'JAM'},{'JAM_HEAVY_TRAFFIC'},30,{2},6.8
2e698d9b,2e698d9ac,2020-10-18,9,{'JAM'},{'JAM_MODERATE_TRAFFIC'},30,{2},6.0
2e698d9b,2e698d9ac,2020-10-20,10,{'JAM'},{'JAM_MODERATE_TRAFFIC'},30,{2},5.0
2e698d9b,2e698d9ac,2020-10-20,16,{'JAM'},{'JAM_STAND_STILL_TRAFFIC'},11,{2},5.0
2e698d9b,2e698d9ac,2020-10-21,21,{'JAM'},{'JAM_STAND_STILL_TRAFFIC'},31,{2},5.0
2e698d9b,2e698d9ac,2020-10-24,16,{'JAM'},{'JAM_STAND_STILL_TRAFFIC'},61,{2},5.475409836065574
2e698d9b,2e698d9ac,2020-10-27,12,{'JAM'},{'JAM_MODERATE_TRAFFIC'},18,{2},5.0
2e698d9b,2e698d9ac,2020-10-27,14,{'JAM'},{'JAM_STAND_STILL_TRAFFIC'},32,{2},5.0
2e698d9b,2e698d9ac,2020-10-27,15,{'JAM'},{'JAM'},18,{2},5.0
2e698d9b,2e698d9ac,2020-10-28,11,{'JAM'},{'JAM_STAND_STILL_TRAFFIC'},32,{2},5.0
2e698d9b,2e698d9ac,2020-10-28,19,{'JAM'},{'JAM_STAND_STILL_TRAFFIC'},32,{2},5.9375
2e698d9b,2e698d9ac,2020-10-29,10,{'JAM'},{'JAM_STAND_STILL_TRAFFIC'},60,{2},5.0
2e698d9b,2e698d9ac,2020-10-29,11,{'JAM'},{'JAM_HEAVY_TRAFFIC'},31,{2},5.0
2e698d9b,2e698d9ac,2020-10-29,12,{'JAM'},"{'JAM_STAND_STILL_TRAFFIC', 'JAM_HEAVY_TRAFFIC'}",64,{2},5.0
2e698d9b,2e698d9ac,2020-10-29,17,{'JAM'},{'JAM_MODERATE_TRAFFIC'},31,{2},8.806451612903226
2e698d9b,2e698d9ac,2020-10-29,19,{'JAM'},{'JAM_STAND_STILL_TRAFFIC'},105,{2},6.2
2e698d9b,2e698d9ac,2020-10-30,8,{'JAM'},{'JAM_HEAVY_TRAFFIC'},31,{2},5.0
2e698d9b,2e698d9ac,2020-10-30,9,{'JAM'},{'JAM_STAND_STILL_TRAFFIC'},63,{2},5.0
2e698d9b,2e698d9ac,2020-10-30,10,{'JAM'},{'JAM_STAND_STILL_TRAFFIC'},30,{2},5.0
2e698d9b,2e698d9ac,2020-10-30,15,{'JAM'},"{'JAM_STAND_STILL_TRAFFIC', 'JAM_HEAVY_TRAFFIC'}",57,{2},6.421052631578948
2e698d9b,2e698d9ac,2020-10-30,17,{'JAM'},"{'JAM_STAND_STILL_TRAFFIC', 'JAM_HEAVY_TRAFFIC'}",115,"{1, 2}",5.269565217391304
2e698d9b,2e698d9ac,2020-10-30,18,{'JAM'},{'JAM_HEAVY_TRAFFIC'},74,{2},5.22972972972973
2e698d9b,2e698d9ac,2020-10-30,19,{'JAM'},{'JAM_STAND_STILL_TRAFFIC'},89,{2},6.202247191011236
2e698d9b,2e698d9ac,2020-10-31,9,{'JAM'},{'JAM_MODERATE_TRAFFIC'},30,{2},5.0
2e698d9b,2e698d9ac,2020-10-31,13,{'JAM'},{'JAM_STAND_STILL_TRAFFIC'},33,{2},6.96969696969697
2e698d9b,2e698d9ac,2020-10-31,17,{'JAM'},{'JAM_STAND_STILL_TRAFFIC'},33,{2},5.0
2e698d9b,2e698d9ac,2020-10-31,18,"{'JAM', 'WEATHERHAZARD'}","{'HAZARD_WEATHER_HAIL', 'JAM_STAND_STILL_TRAFFIC'}",62,{2},5.709677419354839
2e698d9b,2e698d9ac,2020-10-31,20,{'JAM'},{'JAM_STAND_STILL_TRAFFIC'},65,"{1, 2}",5.0
2e698d9b,2e698d9ac,2020-10-31,21,{'JAM'},{'JAM_STAND_STILL_TRAFFIC'},30,{2},5.933333333333334
2e698d9b,2e698d9ac,2020-10-31,22,{'JAM'},"{'JAM_STAND_STILL_TRAFFIC', 'JAM_HEAVY_TRAFFIC'}",62,{2},5.0
2e698d9b,2e698d9ac,2020-11-06,9,{'JAM'},{'JAM_HEAVY_TRAFFIC'},60,{2},5.466666666666667
2e698d9b,2e698d9ac,2020-11-06,17,{'JAM'},{'JAM_HEAVY_TRAFFIC'},40,{2},5.4
2e698d9b,2e698d9ac,2020-11-06,18,{'JAM'},{'JAM_HEAVY_TRAFFIC'},32,{2},5.0
2e698d9b,2e698d9ac,2020-11-07,10,{'JAM'},{'JAM_HEAVY_TRAFFIC'},31,{2},5.0
2e698d9b,2e698d9ac,2020-11-07,11,{'JAM'},{'JAM_STAND_STILL_TRAFFIC'},32,{2},5.0
2e698d9b,2e698d9ac,2020-11-07,20,{'JAM'},{'JAM_STAND_STILL_TRAFFIC'},30,{2},5.0
2e698d9b,2e698d9ac,2020-11-08,12,{'JAM'},{'JAM_HEAVY_TRAFFIC'},30,{2},5.0
2e698d9b,2e698d9ac,2020-11-08,16,{'JAM'},{'JAM_MODERATE_TRAFFIC'},30,{2},5.0
2e698d9b,2e698d9ac,2020-11-09,8,{'JAM'},{'JAM'},32,{2},5.0
2e698d9b,2e698d9ac,2020-11-09,10,{'JAM'},{'JAM_HEAVY_TRAFFIC'},34,{2},5.0
2e698d9b,2e698d9ac,2020-11-09,15,{'JAM'},{'JAM_MODERATE_TRAFFIC'},31,{2},5.0
2e698d9b,2e698d9ac,2020-11-09,18,{'JAM'},{'JAM_HEAVY_TRAFFIC'},33,{2},5.0
2e698d9b,2e698d9ac,2020-11-09,19,{'JAM'},{'JAM'},31,{2},6.935483870967742
2e698d9b,2e698d9ac,2020-11-13,17,{'JAM'},{'JAM_STAND_STILL_TRAFFIC'},18,{2},5.0
2e698d9b,2e698d9ac,2020-11-14,9,{'JAM'},{'JAM_HEAVY_TRAFFIC'},33,{2},5.0
2e698d9b,2e698d9ac,2020-11-14,11,{'JAM'},{'JAM_HEAVY_TRAFFIC'},30,{2},5.0
2e698d9b,2e698d9ac,2020-11-14,12,{'JAM'},{'JAM_STAND_STILL_TRAFFIC'},31,{2},5.0
2e698d9b,2e698d9ac,2020-11-17,17,{'JAM'},{'JAM_STAND_STILL_TRAFFIC'},30,{2},5.0
2e698d9b,2e698d9ac,2020-11-21,14,{'JAM'},{'JAM_HEAVY_TRAFFIC'},30,{2},5.0
2e698d9b,2e698d9ac,2020-11-21,20,{'JAM'},{'JAM_STAND_STILL_TRAFFIC'},35,{2},5.0
2e698d9b,2e698d9bc,2020-11-21,10,{'JAM'},{'JAM_STAND_STILL_TRAFFIC'},12,{1},5.0
2e698d9d,2e698d9d4,2020-09-15,17,{'JAM'},{'JAM_STAND_STILL_TRAFFIC'},24,{2},5.833333333333333
2e698d9d,2e698d9d4,2020-09-24,17,{'JAM'},{'JAM_STAND_STILL_TRAFFIC'},27,{2},5.0
2e698d9d,2e698d9d4,2020-10-02,15,{'JAM'},{'JAM_STAND_STILL_TRAFFIC'},5,{2},5.0
2e698d9d,2e698d9d4,2020-11-10,18,{'JAM'},{'JAM_MODERATE_TRAFFIC'},29,{2},5.0
2e698d9d,2e698d9d4,2020-11-12,5,{'JAM'},{'JAM_STAND_STILL_TRAFFIC'},30,{2},5.0
2e698d9d,2e698d9dc,2020-09-05,22,{'WEATHERHAZARD'},{'WEATHERHAZARD'},32,{2},5.0
2e698d9d,2e698d9dc,2020-09-24,17,{'JAM'},{'JAM_STAND_STILL_TRAFFIC'},31,{2},5.0
2e698d9d,2e698d9dc,2020-11-20,9,{'JAM'},{'JAM_MODERATE_TRAFFIC'},30,{2},5.0
2e698d9f,2e698d9e4,2020-10-10,12,{'JAM'},{'JAM_STAND_STILL_TRAFFIC'},7,{2},5.0
2e698d9f,2e698d9e4,2020-10-14,15,{'JAM'},{'JAM_MODERATE_TRAFFIC'},32,{2},5.0
2e698d9f,2e698d9e4,2020-11-10,17,{'JAM'},{'JAM_HEAVY_TRAFFIC'},31,{2},5.0
2e698d9f,2e698d9ec,2020-10-01,17,{'JAM'},{'JAM_STAND_STILL_TRAFFIC'},30,{1},5.0
2e698d9f,2e698d9fc,2020-11-10,17,{'JAM'},{'JAM_HEAVY_TRAFFIC'},31,{2},5.0
2e698da1,2e698da04,2020-10-17,19,{'JAM'},{'JAM_MODERATE_TRAFFIC'},25,{2},5.0
2e698da1,2e698da04,2020-11-07,10,{'JAM'},{'JAM_HEAVY_TRAFFIC'},5,{2},5.0
2e698da1,2e698da0c,2020-09-08,20,{'JAM'},{'JAM'},9,{2},5.0
2e698da1,2e698da0c,2020-10-09,19,{'JAM'},{'JAM_HEAVY_TRAFFIC'},7,{2},5.0
2e698da5,2e698da44,2020-10-21,11,{'JAM'},{'JAM_MODERATE_TRAFFIC'},32,{1},5.0
2e698da5,2e698da4c,2020-09-08,13,{'JAM'},{'JAM'},9,{1},5.0
2e698da5,2e698da54,2020-10-23,10,{'JAM'},{'JAM'},30,{1},5.9
2e698da7,2e698da64,2020-10-22,7,{'JAM'},{'JAM_HEAVY_TRAFFIC'},31,{1},5.0
2e698da7,2e698da74,2020-10-30,21,{'WEATHERHAZARD'},{'HAZARD_ON_ROAD_ROAD_KILL'},35,{2},5.0
2e698da7,2e698da74,2020-11-11,14,{'JAM'},{'JAM_MODERATE_TRAFFIC'},20,{2},5.0
2e698da7,2e698da7c,2020-10-02,14,{'JAM'},{'JAM_STAND_STILL_TRAFFIC'},6,{2},5.0
2e698da7,2e698da7c,2020-10-22,8,{'JAM'},{'JAM_STAND_STILL_TRAFFIC'},26,{2},5.346153846153846
2e698da7,2e698da7c,2020-10-30,21,{'WEATHERHAZARD'},{'HAZARD_ON_SHOULDER_ANIMALS'},35,{2},5.0
2e698da7,2e698da7c,2020-11-10,9,{'JAM'},{'JAM_STAND_STILL_TRAFFIC'},30,{2},5.0
2e698da9,2e698da84,2020-09-25,18,{'JAM'},{'JAM_MODERATE_TRAFFIC'},32,{2},5.0
2e698da9,2e698da84,2020-10-17,19,{'JAM'},{'JAM_HEAVY_TRAFFIC'},19,{2},5.0
2e698da9,2e698da84,2020-10-30,21,"{'JAM', 'ACCIDENT'}","{'JAM_STAND_STILL_TRAFFIC', 'ACCIDENT'}",125,{2},5.76
2e698da9,2e698da84,2020-11-07,15,{'JAM'},{'JAM_HEAVY_TRAFFIC'},30,{2},5.0
2e698da9,2e698da84,2020-11-10,10,{'JAM'},{'JAM_STAND_STILL_TRAFFIC'},15,{2},5.0
2e698da9,2e698da9c,2020-11-07,15,{'JAM'},"{'JAM_STAND_STILL_TRAFFIC', 'JAM_HEAVY_TRAFFIC'}",62,{2},7.032258064516129
2e698da9,2e698da9c,2020-11-10,11,{'JAM'},{'JAM_STAND_STILL_TRAFFIC'},6,{2},5.0
2e698dab,2e698daa4,2020-09-01,13,{'JAM'},{'JAM_HEAVY_TRAFFIC'},25,{4},5.0
2e698dab,2e698daa4,2020-09-11,18,{'JAM'},{'JAM_STAND_STILL_TRAFFIC'},31,{2},5.0
2e698dab,2e698daa4,2020-10-20,14,{'JAM'},{'JAM_STAND_STILL_TRAFFIC'},13,{4},5.0
2e698dab,2e698daa4,2020-10-27,21,{'JAM'},{'JAM_MODERATE_TRAFFIC'},6,{4},5.0
2e698dab,2e698daa4,2020-10-31,16,{'JAM'},"{'JAM_STAND_STILL_TRAFFIC', 'JAM_HEAVY_TRAFFIC'}",34,{4},5.147058823529412
2e698dab,2e698daa4,2020-10-31,17,{'JAM'},{'JAM_STAND_STILL_TRAFFIC'},35,{4},6.142857142857143
2e698dab,2e698daa4,2020-10-31,20,{'JAM'},{'JAM_HEAVY_TRAFFIC'},45,{4},6.333333333333333
2e698dab,2e698daa4,2020-10-31,21,{'JAM'},{'JAM_HEAVY_TRAFFIC'},29,{4},5.0
2e698dab,2e698daa4,2020-11-02,15,{'JAM'},{'JAM_HEAVY_TRAFFIC'},7,{4},5.0
2e698dab,2e698daa4,2020-11-05,12,{'JAM'},{'JAM_HEAVY_TRAFFIC'},25,{4},5.0
2e698dab,2e698daa4,2020-11-05,19,{'JAM'},{'JAM_STAND_STILL_TRAFFIC'},14,{4},5.0
2e698dab,2e698daa4,2020-11-06,13,{'JAM'},{'JAM_STAND_STILL_TRAFFIC'},19,{4},5.0
2e698dab,2e698daa4,2020-11-07,9,{'JAM'},{'JAM_HEAVY_TRAFFIC'},36,{4},5.472222222222222
2e698dab,2e698daa4,2020-11-08,22,{'JAM'},{'JAM'},44,{4},6.318181818181818
2e698dab,2e698daa4,2020-11-10,10,{'WEATHERHAZARD'},{'HAZARD_ON_ROAD_CONSTRUCTION'},837,{2},7.8697729988052565
2e698dab,2e698daa4,2020-11-10,11,{'JAM'},{'JAM_MODERATE_TRAFFIC'},15,{4},5.0
2e698dab,2e698daa4,2020-11-11,11,{'JAM'},{'JAM_HEAVY_TRAFFIC'},31,{4},5.645161290322581
2e698dab,2e698daa4,2020-11-15,20,{'JAM'},{'JAM'},6,{4},5.0
2e698dab,2e698daac,2020-09-02,11,{'JAM'},{'JAM_MODERATE_TRAFFIC'},15,{4},5.0
2e698dab,2e698daac,2020-09-04,11,{'JAM'},{'JAM_STAND_STILL_TRAFFIC'},13,{4},5.0
2e698dab,2e698daac,2020-09-05,10,{'WEATHERHAZARD'},{'HAZARD_ON_SHOULDER_CAR_STOPPED'},30,{4},5.933333333333334
2e698dab,2e698daac,2020-09-09,10,{'JAM'},{'JAM_MODERATE_TRAFFIC'},7,{4},5.0
2e698dab,2e698daac,2020-09-10,13,{'WEATHERHAZARD'},{'HAZARD_ON_ROAD_CONSTRUCTION'},194,{4},8.68041237113402
2e698dab,2e698daac,2020-09-22,6,{'WEATHERHAZARD'},{'HAZARD_ON_SHOULDER_CAR_STOPPED'},40,{4},5.1
2e698dab,2e698daac,2020-09-22,7,{'WEATHERHAZARD'},{'HAZARD_ON_SHOULDER_CAR_STOPPED'},30,{4},6.966666666666667
2e698dab,2e698daac,2020-10-01,14,{'JAM'},{'JAM_HEAVY_TRAFFIC'},9,{4},5.0
2e698dab,2e698daac,2020-10-03,19,{'WEATHERHAZARD'},{'HAZARD_ON_SHOULDER_CAR_STOPPED'},36,{4},6.166666666666667
2e698dab,2e698daac,2020-10-14,18,{'JAM'},{'JAM_MODERATE_TRAFFIC'},14,{4},5.0
2e698dab,2e698daac,2020-10-28,6,{'JAM'},{'JAM_HEAVY_TRAFFIC'},88,{4},5.7272727272727275
2e698dab,2e698daac,2020-10-28,7,{'JAM'},"{'JAM', 'JAM_STAND_STILL_TRAFFIC', 'JAM_HEAVY_TRAFFIC'}",62,{4},5.629032258064516
2e698dab,2e698daac,2020-10-28,8,{'JAM'},"{'JAM_STAND_STILL_TRAFFIC', 'JAM_HEAVY_TRAFFIC'}",42,{4},5.238095238095238
2e698dab,2e698daac,2020-10-29,11,{'JAM'},{'JAM_HEAVY_TRAFFIC'},20,{4},5.6
2e698dab,2e698daac,2020-10-31,17,{'JAM'},{'JAM'},32,{4},5.0
2e698dab,2e698daac,2020-11-02,17,{'JAM'},{'JAM_MODERATE_TRAFFIC'},62,{4},5.0
2e698dab,2e698daac,2020-11-04,10,{'JAM'},{'JAM_STAND_STILL_TRAFFIC'},5,{4},5.0
2e698dab,2e698daac,2020-11-05,19,{'JAM'},{'JAM_MODERATE_TRAFFIC'},8,{4},5.0
2e698dab,2e698daac,2020-11-07,9,{'JAM'},{'JAM_STAND_STILL_TRAFFIC'},20,{4},5.0
2e698dab,2e698daac,2020-11-07,11,{'JAM'},{'JAM_HEAVY_TRAFFIC'},31,{4},5.0
2e698dab,2e698daac,2020-11-07,18,{'JAM'},{'JAM_HEAVY_TRAFFIC'},24,{4},6.125
2e698dab,2e698daac,2020-11-08,22,{'JAM'},{'JAM_STAND_STILL_TRAFFIC'},5,{4},7.2
2e698dab,2e698daac,2020-11-09,17,{'JAM'},{'JAM_HEAVY_TRAFFIC'},8,{4},5.0
2e698dab,2e698daac,2020-11-10,5,{'JAM'},{'JAM_MODERATE_TRAFFIC'},10,{4},5.0
2e698dab,2e698daac,2020-11-10,10,{'JAM'},{'JAM_MODERATE_TRAFFIC'},5,{4},5.0
2e698dab,2e698daac,2020-11-10,19,{'WEATHERHAZARD'},{'HAZARD_ON_SHOULDER_CAR_STOPPED'},32,{4},6.78125
2e698dab,2e698daac,2020-11-14,13,{'WEATHERHAZARD'},{'HAZARD_ON_SHOULDER_CAR_STOPPED'},24,{4},7.541666666666667
2e698dab,2e698daac,2020-11-14,16,{'WEATHERHAZARD'},{'HAZARD_ON_ROAD_CAR_STOPPED'},29,{4},6.413793103448276
2e698dab,2e698daac,2020-11-15,21,{'JAM'},{'JAM_MODERATE_TRAFFIC'},18,{4},6.0
2e698dab,2e698daac,2020-11-16,10,{'JAM'},{'JAM_STAND_STILL_TRAFFIC'},30,{4},5.0
2e698dab,2e698daac,2020-11-16,15,{'WEATHERHAZARD'},{'HAZARD_ON_ROAD_CONSTRUCTION'},64,{4},9.03125
2e698dab,2e698daac,2020-11-18,19,{'WEATHERHAZARD'},{'HAZARD_ON_SHOULDER_CAR_STOPPED'},31,{4},5.580645161290323
2e698dab,2e698daac,2020-11-19,8,{'JAM'},{'JAM_STAND_STILL_TRAFFIC'},19,{4},5.0
2e698dab,2e698daac,2020-11-19,9,{'JAM'},"{'JAM_MODERATE_TRAFFIC', 'JAM_HEAVY_TRAFFIC'}",75,{4},5.226666666666667
2e698dab,2e698daac,2020-11-19,17,{'JAM'},{'JAM_STAND_STILL_TRAFFIC'},42,{4},6.261904761904762
2e698dab,2e698daac,2020-11-19,18,{'JAM'},{'JAM_STAND_STILL_TRAFFIC'},31,{4},5.0
2e698dab,2e698dab4,2020-09-11,11,{'JAM'},{'JAM_STAND_STILL_TRAFFIC'},5,{4},5.8
2e698dab,2e698dab4,2020-10-07,19,{'JAM'},{'JAM'},7,{4},5.0
2e698dab,2e698dab4,2020-10-13,13,{'JAM'},{'JAM_STAND_STILL_TRAFFIC'},8,{2},5.0
2e698dab,2e698dab4,2020-10-28,5,{'JAM'},"{'JAM_STAND_STILL_TRAFFIC', 'JAM_HEAVY_TRAFFIC'}",108,{4},8.87037037037037
2e698dab,2e698dab4,2020-10-28,7,{'JAM'},"{'JAM', 'JAM_HEAVY_TRAFFIC'}",64,{4},5.390625
2e698dab,2e698dab4,2020-10-28,8,{'JAM'},{'JAM_HEAVY_TRAFFIC'},61,{4},5.377049180327869
2e698dab,2e698dab4,2020-10-29,6,{'JAM'},"{'JAM', 'JAM_HEAVY_TRAFFIC'}",155,{4},7.148387096774194
2e698dab,2e698dab4,2020-10-29,7,"{'JAM', 'WEATHERHAZARD'}","{'JAM_STAND_STILL_TRAFFIC', 'HAZARD_ON_ROAD_ROAD_KILL'}",36,{4},7.138888888888889
2e698dab,2e698dab4,2020-10-29,8,{'JAM'},{'JAM_MODERATE_TRAFFIC'},31,{4},5.0
2e698dab,2e698dab4,2020-10-29,9,{'JAM'},{'JAM_STAND_STILL_TRAFFIC'},30,{4},5.0
2e698dab,2e698dab4,2020-10-31,17,{'JAM'},{'JAM_STAND_STILL_TRAFFIC'},52,{2},5.769230769230769
2e698dab,2e698dab4,2020-11-03,12,{'JAM'},{'JAM_MODERATE_TRAFFIC'},34,{2},5.0
2e698dab,2e698dab4,2020-11-08,22,{'JAM'},{'JAM_STAND_STILL_TRAFFIC'},14,{4},5.0
2e698dab,2e698dab4,2020-11-08,23,{'JAM'},{'JAM_STAND_STILL_TRAFFIC'},47,{2},6.829787234042553
2e698dab,2e698dab4,2020-11-15,21,{'JAM'},{'JAM_MODERATE_TRAFFIC'},1,{4},5.0
2e698dab,2e698dabc,2020-10-05,21,{'WEATHERHAZARD'},{'HAZARD_ON_ROAD_CONSTRUCTION'},739,{2},5.175913396481732
2e698dab,2e698dabc,2020-10-30,21,"{'JAM', 'ACCIDENT'}","{'JAM_STAND_STILL_TRAFFIC', 'ACCIDENT_MAJOR'}",140,{2},5.314285714285714
2e698dab,2e698dabc,2020-11-07,19,{'JAM'},{'JAM_HEAVY_TRAFFIC'},29,{2},5.0
2e698dad,2e698dac4,2020-11-07,12,{'JAM'},{'JAM_HEAVY_TRAFFIC'},32,{2},5.0
2e698dad,2e698dac4,2020-11-07,19,{'JAM'},{'JAM_HEAVY_TRAFFIC'},35,{1},5.514285714285714
2e698dad,2e698dac4,2020-11-11,18,{'JAM'},{'JAM_HEAVY_TRAFFIC'},31,{1},5.645161290322581
2e698dad,2e698dac4,2020-11-14,17,{'JAM'},{'JAM_HEAVY_TRAFFIC'},32,{1},5.0
2e698dad,2e698dac4,2020-11-17,18,{'JAM'},{'JAM_STAND_STILL_TRAFFIC'},31,{2},5.0
2e698dad,2e698dacc,2020-09-04,18,{'JAM'},{'JAM_HEAVY_TRAFFIC'},31,{2},5.0
2e698dad,2e698dacc,2020-09-26,18,{'JAM'},{'JAM_MODERATE_TRAFFIC'},30,{2},5.0
2e698dad,2e698dad4,2020-09-10,8,{'JAM'},{'JAM_MODERATE_TRAFFIC'},15,{2},5.0
2e698dad,2e698dad4,2020-09-26,22,{'JAM'},{'JAM_STAND_STILL_TRAFFIC'},19,{2},5.0
2e698dad,2e698dad4,2020-10-03,13,{'JAM'},{'JAM_MODERATE_TRAFFIC'},30,{2},5.0
2e698dad,2e698dad4,2020-10-03,18,{'JAM'},{'JAM_HEAVY_TRAFFIC'},26,{2},5.0
2e698dad,2e698dad4,2020-10-05,17,{'JAM'},{'JAM_MODERATE_TRAFFIC'},7,{2},5.0
2e698dad,2e698dad4,2020-10-19,20,{'JAM'},{'JAM_HEAVY_TRAFFIC'},30,{1},5.0
2e698dad,2e698dad4,2020-10-23,12,{'WEATHERHAZARD'},{'HAZARD_ON_SHOULDER_CAR_STOPPED'},60,{2},7.833333333333333
2e698dad,2e698dad4,2020-10-23,13,{'WEATHERHAZARD'},{'HAZARD_ON_SHOULDER_CAR_STOPPED'},65,{2},5.0
2e698dad,2e698dad4,2020-11-15,17,{'JAM'},{'JAM_STAND_STILL_TRAFFIC'},30,{2},5.0
2e698dad,2e698dadc,2020-09-05,10,{'WEATHERHAZARD'},{'HAZARD_ON_ROAD_POT_HOLE'},33,{2},6.333333333333333
2e698dad,2e698dadc,2020-09-25,17,{'JAM'},{'JAM_STAND_STILL_TRAFFIC'},28,{2},5.0
2e698dad,2e698dadc,2020-10-04,17,{'JAM'},{'JAM_STAND_STILL_TRAFFIC'},31,{2},5.0
2e698dad,2e698dadc,2020-10-23,13,{'WEATHERHAZARD'},{'HAZARD_ON_SHOULDER_CAR_STOPPED'},52,{2},5.788461538461538
2e698daf,2e698dae4,2020-09-03,16,{'JAM'},{'JAM_HEAVY_TRAFFIC'},5,{2},6.0
2e698daf,2e698dae4,2020-09-11,15,{'JAM'},{'JAM'},31,{2},5.0
2e698daf,2e698dae4,2020-09-12,19,{'JAM'},{'JAM_HEAVY_TRAFFIC'},6,{2},5.0
2e698daf,2e698dae4,2020-09-19,15,{'JAM'},{'JAM_STAND_STILL_TRAFFIC'},7,{2},5.0
2e698daf,2e698dae4,2020-09-21,17,{'JAM'},{'JAM_MODERATE_TRAFFIC'},25,{2},5.0
2e698daf,2e698dae4,2020-09-26,20,{'JAM'},{'JAM_HEAVY_TRAFFIC'},13,{2},5.0
2e698daf,2e698dae4,2020-09-27,17,{'JAM'},{'JAM_HEAVY_TRAFFIC'},30,{2},5.0
2e698daf,2e698dae4,2020-09-29,15,{'JAM'},{'JAM_STAND_STILL_TRAFFIC'},11,{2},5.0
2e698daf,2e698dae4,2020-10-05,17,"{'JAM', 'WEATHERHAZARD'}","{'HAZARD_ON_ROAD_CAR_STOPPED', 'JAM_HEAVY_TRAFFIC'}",91,{2},5.978021978021978
2e698daf,2e698dae4,2020-10-12,17,{'JAM'},{'JAM_STAND_STILL_TRAFFIC'},6,{2},5.0
2e698daf,2e698dae4,2020-10-17,13,"{'JAM', 'WEATHERHAZARD'}","{'HAZARD_ON_SHOULDER_CAR_STOPPED', 'JAM_HEAVY_TRAFFIC'}",61,{2},5.475409836065574
2e698daf,2e698dae4,2020-10-18,15,{'JAM'},{'JAM_HEAVY_TRAFFIC'},8,{2},5.0
2e698daf,2e698dae4,2020-10-20,17,{'JAM'},{'JAM_STAND_STILL_TRAFFIC'},26,{2},5.0
2e698daf,2e698dae4,2020-10-20,19,{'JAM'},{'JAM'},28,{2},5.0
2e698daf,2e698dae4,2020-10-21,16,{'JAM'},{'JAM_STAND_STILL_TRAFFIC'},6,{2},5.0
2e698daf,2e698dae4,2020-10-24,16,{'JAM'},{'JAM_MODERATE_TRAFFIC'},6,{2},5.0
2e698daf,2e698dae4,2020-10-24,20,{'JAM'},{'JAM_HEAVY_TRAFFIC'},6,{2},6.0
2e698daf,2e698dae4,2020-10-25,11,{'JAM'},{'JAM_HEAVY_TRAFFIC'},23,{2},5.0
2e698daf,2e698dae4,2020-10-31,13,{'WEATHERHAZARD'},{'HAZARD_ON_ROAD_CAR_STOPPED'},32,{1},5.0
2e698daf,2e698dae4,2020-11-14,21,{'JAM'},"{'JAM_STAND_STILL_TRAFFIC', 'JAM_HEAVY_TRAFFIC'}",44,{2},5.0
2e698daf,2e698daec,2020-10-02,19,{'ACCIDENT'},{'ACCIDENT'},122,{1},5.254098360655738
2e698daf,2e698dafc,2020-10-05,17,{'JAM'},{'JAM_STAND_STILL_TRAFFIC'},31,{1},5.0
2e698db1,2e698db04,2020-11-18,13,{'JAM'},{'JAM_MODERATE_TRAFFIC'},6,{2},5.0
2e698db1,2e698db1c,2020-09-12,19,{'JAM'},{'JAM_STAND_STILL_TRAFFIC'},16,{2},5.0
2e698db1,2e698db1c,2020-09-13,17,{'JAM'},{'JAM_HEAVY_TRAFFIC'},6,{2},5.0
2e698db1,2e698db1c,2020-09-19,21,{'WEATHERHAZARD'},"{'HAZARD_ON_ROAD_CAR_STOPPED', 'HAZARD_ON_ROAD_POT_HOLE'}",179,{2},7.731843575418995
2e698db1,2e698db1c,2020-10-02,17,{'JAM'},{'JAM_MODERATE_TRAFFIC'},6,{2},5.0
2e698db1,2e698db1c,2020-10-26,14,{'JAM'},{'JAM'},5,{2},5.0
2e698db1,2e698db1c,2020-11-14,12,{'JAM'},{'JAM_MODERATE_TRAFFIC'},17,{2},5.0
2e698db1,2e698db1c,2020-11-14,21,{'JAM'},{'JAM_STAND_STILL_TRAFFIC'},64,{2},5.0
2e698db3,2e698db2c,2020-09-13,6,{'JAM'},{'JAM'},5,{1},5.0
2e698db7,2e698db64,2020-10-06,17,{'WEATHERHAZARD'},{'HAZARD_ON_ROAD_POT_HOLE'},1084,{2},8.839483394833948
2e698db7,2e698db64,2020-10-07,16,{'WEATHERHAZARD'},{'HAZARD_ON_ROAD_POT_HOLE'},1498,{2},9.718958611481977
2e698db7,2e698db64,2020-10-23,15,{'WEATHERHAZARD'},{'HAZARD_ON_ROAD'},32,{2},5.53125
2e698db7,2e698db64,2020-11-08,17,{'JAM'},{'JAM'},7,{1},5.0
2e698db7,2e698db7c,2020-09-12,18,{'JAM'},{'JAM_HEAVY_TRAFFIC'},7,{2},5.0
2e698db7,2e698db7c,2020-10-07,18,{'WEATHERHAZARD'},{'HAZARD_ON_ROAD_POT_HOLE'},1502,{2},6.604527296937417
2e698db7,2e698db7c,2020-11-06,19,{'WEATHERHAZARD'},{'HAZARD_ON_ROAD_CONSTRUCTION'},720,{2},6.829166666666667
2e698db9,2e698db84,2020-11-09,11,"{'JAM', 'ACCIDENT'}","{'JAM_STAND_STILL_TRAFFIC', 'ACCIDENT'}",150,{1},5.0
2e698db9,2e698db8c,2020-10-24,17,{'JAM'},{'JAM_HEAVY_TRAFFIC'},5,{1},5.0
2e698db9,2e698db8c,2020-10-30,16,{'ACCIDENT'},{'ACCIDENT'},42,{1},5.4523809523809526
2e698db9,2e698db8c,2020-10-30,17,{'JAM'},{'JAM_HEAVY_TRAFFIC'},37,{1},5.162162162162162
2e698db9,2e698db8c,2020-10-31,15,{'JAM'},{'JAM_STAND_STILL_TRAFFIC'},30,{1},5.9
2e698db9,2e698db8c,2020-11-07,17,{'JAM'},{'JAM'},30,{1},5.0
2e698db9,2e698db94,2020-09-06,20,{'WEATHERHAZARD'},"{'HAZARD_ON_ROAD_POT_HOLE', 'HAZARD_ON_ROAD_ROAD_KILL'}",259,{2},5.436293436293436
2e698db9,2e698db94,2020-09-28,16,{'JAM'},{'JAM_STAND_STILL_TRAFFIC'},34,{2},5.0
2e698db9,2e698db94,2020-10-07,13,{'JAM'},{'JAM_STAND_STILL_TRAFFIC'},7,{2},5.0
2e698db9,2e698db94,2020-10-09,14,{'JAM'},{'JAM_HEAVY_TRAFFIC'},32,{2},5.0
2e698db9,2e698db94,2020-10-10,11,{'JAM'},{'JAM_HEAVY_TRAFFIC'},14,{2},6.0
2e698db9,2e698db94,2020-10-16,19,{'ACCIDENT'},{'ACCIDENT'},75,{22},5.0
2e698db9,2e698db94,2020-10-29,20,{'JAM'},{'JAM_STAND_STILL_TRAFFIC'},30,{2},5.0
2e698db9,2e698db94,2020-10-30,17,{'JAM'},{'JAM_HEAVY_TRAFFIC'},30,{2},5.0
2e698db9,2e698db9c,2020-11-08,18,{'JAM'},{'JAM'},32,{1},5.0
2e698dbb,2e698dbac,2020-09-03,20,{'WEATHERHAZARD'},{'HAZARD_ON_ROAD_POT_HOLE'},632,{2},6.07120253164557
2e698dbb,2e698dbac,2020-09-21,10,{'JAM'},{'JAM'},5,{1},5.0
2e698dbb,2e698dbac,2020-09-26,20,{'JAM'},{'JAM_STAND_STILL_TRAFFIC'},33,{2},5.0
2e698dbb,2e698dbb4,2020-09-07,21,{'WEATHERHAZARD'},"{'HAZARD_ON_ROAD_POT_HOLE', 'HAZARD_ON_ROAD_ROAD_KILL'}",153,{2},5.372549019607843
2e698dbb,2e698dbb4,2020-09-27,17,{'WEATHERHAZARD'},{'WEATHERHAZARD'},23,{2},5.521739130434782
2e698dbb,2e698dbb4,2020-10-03,18,{'JAM'},{'JAM_HEAVY_TRAFFIC'},33,{2},5.0
2e698dbb,2e698dbb4,2020-10-07,17,{'JAM'},{'JAM_HEAVY_TRAFFIC'},8,{2},5.0
2e698dbb,2e698dbb4,2020-10-08,17,{'JAM'},{'JAM'},32,{2},5.0
2e698dbb,2e698dbb4,2020-11-14,21,{'JAM'},{'JAM_STAND_STILL_TRAFFIC'},16,{2},5.0
2e698dbb,2e698dbbc,2020-09-05,1,{'JAM'},{'JAM'},31,{1},5.0
2e698dbb,2e698dbbc,2020-09-14,22,{'JAM'},{'JAM'},32,{2},5.0
2e698dbb,2e698dbbc,2020-10-01,18,{'JAM'},{'JAM_STAND_STILL_TRAFFIC'},31,{2},5.0
2e698dbb,2e698dbbc,2020-10-02,16,{'JAM'},{'JAM_STAND_STILL_TRAFFIC'},25,{2},5.08
2e698dbb,2e698dbbc,2020-10-09,20,{'WEATHERHAZARD'},"{'HAZARD_ON_SHOULDER_CAR_STOPPED', 'HAZARD_ON_ROAD_POT_HOLE'}",969,{1},5.957688338493292
2e698dbb,2e698dbbc,2020-10-10,14,{'JAM'},{'JAM_HEAVY_TRAFFIC'},21,{2},5.0
2e698dbb,2e698dbbc,2020-10-10,15,{'JAM'},{'JAM_HEAVY_TRAFFIC'},19,{2},5.0
2e698dbb,2e698dbbc,2020-10-17,13,{'JAM'},{'JAM_MODERATE_TRAFFIC'},26,{2},5.0
2e698dbb,2e698dbbc,2020-10-21,14,{'JAM'},{'JAM_STAND_STILL_TRAFFIC'},30,{2},5.0
2e698dbb,2e698dbbc,2020-10-22,15,{'JAM'},{'JAM_STAND_STILL_TRAFFIC'},5,{2},5.0
2e698dbb,2e698dbbc,2020-10-24,17,{'JAM'},{'JAM_MODERATE_TRAFFIC'},32,{2},5.0
2e698dbb,2e698dbbc,2020-11-20,19,{'JAM'},{'JAM_STAND_STILL_TRAFFIC'},5,{2},5.0
2e698dbd,2e698dbc4,2020-11-19,20,{'WEATHERHAZARD'},{'WEATHERHAZARD'},54,{1},5.7407407407407405
2e698dbd,2e698dbcc,2020-10-15,8,{'JAM'},{'JAM'},30,{1},5.0
2e698dbf,2e698dbe4,2020-10-05,9,{'JAM'},{'JAM_HEAVY_TRAFFIC'},20,{2},5.0
2e698dbf,2e698dbe4,2020-10-29,19,{'JAM'},{'JAM_HEAVY_TRAFFIC'},31,{1},5.0
2e698dbf,2e698dbe4,2020-10-30,18,{'JAM'},{'JAM_HEAVY_TRAFFIC'},19,{1},8.0
2e698dbf,2e698dbe4,2020-10-30,19,{'JAM'},{'JAM_STAND_STILL_TRAFFIC'},30,{1},5.0
2e698dbf,2e698dbec,2020-09-01,16,{'JAM'},{'JAM_MODERATE_TRAFFIC'},31,{2},5.0
2e698dbf,2e698dbec,2020-09-08,17,{'JAM'},{'JAM_MODERATE_TRAFFIC'},32,{1},5.0
2e698dbf,2e698dbec,2020-09-28,16,{'JAM'},{'JAM_STAND_STILL_TRAFFIC'},32,{2},5.75
2e698dbf,2e698dbec,2020-10-02,10,{'JAM'},"{'JAM_MODERATE_TRAFFIC', 'JAM_HEAVY_TRAFFIC'}",63,{2},5.0
2e698dbf,2e698dbec,2020-10-02,15,{'JAM'},{'JAM_STAND_STILL_TRAFFIC'},31,{2},5.0
2e698dbf,2e698dbec,2020-10-03,13,{'JAM'},{'JAM_HEAVY_TRAFFIC'},12,{1},6.833333333333333
2e698dbf,2e698dbec,2020-10-13,15,{'JAM'},{'JAM_STAND_STILL_TRAFFIC'},30,{2},5.0
2e698dbf,2e698dbec,2020-10-20,18,{'JAM'},{'JAM_STAND_STILL_TRAFFIC'},5,{2},5.0
2e698dbf,2e698dbec,2020-10-24,16,{'JAM'},{'JAM_STAND_STILL_TRAFFIC'},36,{2},5.0
2e698dbf,2e698dbec,2020-10-29,17,{'JAM'},{'JAM_HEAVY_TRAFFIC'},31,{1},5.0
2e698dbf,2e698dbec,2020-10-29,20,{'JAM'},{'JAM_STAND_STILL_TRAFFIC'},66,{2},5.0
2e698dbf,2e698dbec,2020-10-30,16,{'JAM'},{'JAM_HEAVY_TRAFFIC'},30,{1},6.0
2e698dbf,2e698dbec,2020-10-30,17,{'JAM'},{'JAM_STAND_STILL_TRAFFIC'},61,"{1, 2}",5.0
2e698dbf,2e698dbec,2020-10-30,18,{'JAM'},{'JAM_HEAVY_TRAFFIC'},38,{1},5.5
2e698dbf,2e698dbec,2020-10-30,19,{'JAM'},{'JAM_STAND_STILL_TRAFFIC'},32,{2},5.0
2e698dbf,2e698dbec,2020-10-31,14,{'JAM'},{'JAM_HEAVY_TRAFFIC'},30,{1},7.7
2e698dbf,2e698dbec,2020-10-31,17,{'JAM'},{'JAM_MODERATE_TRAFFIC'},31,{2},5.0
2e698dbf,2e698dbec,2020-10-31,19,{'JAM'},{'JAM_HEAVY_TRAFFIC'},33,{1},5.96969696969697
2e698dbf,2e698dbec,2020-10-31,21,{'JAM'},{'JAM_HEAVY_TRAFFIC'},29,{2},6.758620689655173
2e698dbf,2e698dbf4,2020-09-12,9,{'JAM'},{'JAM_HEAVY_TRAFFIC'},6,{2},5.0
2e698dbf,2e698dbf4,2020-09-12,17,{'JAM'},{'JAM_STAND_STILL_TRAFFIC'},31,{2},5.0
2e698dbf,2e698dbf4,2020-09-19,19,{'JAM'},{'JAM_STAND_STILL_TRAFFIC'},31,{2},5.0
2e698dbf,2e698dbf4,2020-10-02,12,{'JAM'},{'JAM_STAND_STILL_TRAFFIC'},33,{2},5.0
2e698dbf,2e698dbf4,2020-10-02,13,{'JAM'},{'JAM_STAND_STILL_TRAFFIC'},67,"{1, 2}",5.522388059701493
2e698dbf,2e698dbf4,2020-10-02,15,{'JAM'},{'JAM_STAND_STILL_TRAFFIC'},62,{2},5.0
2e698dbf,2e698dbf4,2020-10-02,17,{'JAM'},"{'JAM_STAND_STILL_TRAFFIC', 'JAM_HEAVY_TRAFFIC'}",40,{2},5.0
2e698dbf,2e698dbf4,2020-10-07,18,{'JAM'},{'JAM_HEAVY_TRAFFIC'},6,{2},5.0
2e698dbf,2e698dbf4,2020-10-10,18,{'JAM'},{'JAM_STAND_STILL_TRAFFIC'},93,{2},5.32258064516129
2e698dbf,2e698dbf4,2020-10-23,16,{'JAM'},{'JAM_MODERATE_TRAFFIC'},32,{1},5.0
2e698dbf,2e698dbf4,2020-10-24,13,{'JAM'},{'JAM_MODERATE_TRAFFIC'},30,{2},5.0
2e698dbf,2e698dbf4,2020-10-27,22,{'JAM'},{'JAM'},30,{2},5.0
2e698dbf,2e698dbf4,2020-10-28,17,{'JAM'},{'JAM_STAND_STILL_TRAFFIC'},33,{1},5.0
2e698dbf,2e698dbf4,2020-10-29,17,{'JAM'},{'JAM_STAND_STILL_TRAFFIC'},32,{2},5.0
2e698dbf,2e698dbf4,2020-10-30,16,{'JAM'},{'JAM_STAND_STILL_TRAFFIC'},30,{2},5.0
2e698dbf,2e698dbf4,2020-10-30,17,{'JAM'},{'JAM_HEAVY_TRAFFIC'},36,{1},5.0
2e698dbf,2e698dbf4,2020-10-30,18,{'JAM'},{'JAM_STAND_STILL_TRAFFIC'},32,{1},5.0
2e698dbf,2e698dbf4,2020-10-31,21,{'JAM'},{'JAM_MODERATE_TRAFFIC'},31,{1},5.0
2e698dbf,2e698dbf4,2020-11-08,16,{'JAM'},{'JAM_MODERATE_TRAFFIC'},31,{1},5.0
2e698dbf,2e698dbf4,2020-11-13,10,{'WEATHERHAZARD'},{'WEATHERHAZARD'},30,{2},5.7
2e698dbf,2e698dbf4,2020-11-14,19,{'JAM'},{'JAM_STAND_STILL_TRAFFIC'},30,{2},5.0
2e698dbf,2e698dbfc,2020-09-26,22,{'JAM'},{'JAM_STAND_STILL_TRAFFIC'},32,{2},5.0
2e698dbf,2e698dbfc,2020-10-02,17,{'JAM'},{'JAM_HEAVY_TRAFFIC'},15,{2},5.0
2e698dbf,2e698dbfc,2020-10-11,15,{'ACCIDENT'},{'ACCIDENT'},120,{1},5.0
2e698dc1,2e698dc04,2020-10-25,8,"{'JAM', 'ACCIDENT'}","{'JAM_STAND_STILL_TRAFFIC', 'ACCIDENT'}",151,{1},5.529801324503311
2e698dc1,2e698dc0c,2020-09-19,11,{'JAM'},{'JAM_STAND_STILL_TRAFFIC'},22,{2},5.0
2e698dc1,2e698dc0c,2020-10-02,17,{'JAM'},{'JAM_STAND_STILL_TRAFFIC'},32,{2},6.0
2e698dc1,2e698dc0c,2020-10-04,18,{'JAM'},{'JAM_STAND_STILL_TRAFFIC'},31,{2},5.0
2e698dc1,2e698dc0c,2020-10-10,18,{'JAM'},{'JAM_STAND_STILL_TRAFFIC'},31,{2},5.0
2e698dc1,2e698dc0c,2020-11-06,16,{'JAM'},{'JAM_STAND_STILL_TRAFFIC'},31,{2},5.0
2e698dc1,2e698dc14,2020-10-04,17,{'JAM'},{'JAM'},30,{2},5.0
2e698dc1,2e698dc1c,2020-09-14,20,{'WEATHERHAZARD'},{'HAZARD_ON_ROAD_POT_HOLE'},863,{2},7.006952491309386
2e698dc1,2e698dc1c,2020-11-13,20,{'WEATHERHAZARD'},{'HAZARD_ON_ROAD_POT_HOLE'},1737,{2},7.333909038572251
2e698dc3,2e698dc2c,2020-09-05,22,"{'JAM', 'ACCIDENT'}","{'JAM_MODERATE_TRAFFIC', 'ACCIDENT_MAJOR'}",151,{1},5.0
2e698dc3,2e698dc2c,2020-09-08,9,{'JAM'},{'JAM'},27,{7},5.0
2e698dc3,2e698dc2c,2020-09-11,12,{'JAM'},{'JAM_STAND_STILL_TRAFFIC'},13,{7},5.0
2e698dc3,2e698dc2c,2020-09-14,11,{'JAM'},{'JAM'},32,{7},5.0
2e698dc3,2e698dc2c,2020-10-12,20,{'WEATHERHAZARD'},{'HAZARD_ON_ROAD_CAR_STOPPED'},34,{7},5.4411764705882355
2e698dc3,2e698dc2c,2020-10-21,20,{'JAM'},"{'JAM_STAND_STILL_TRAFFIC', 'JAM_HEAVY_TRAFFIC'}",103,{7},5.300970873786408
2e698dc3,2e698dc2c,2020-10-21,21,{'JAM'},"{'JAM_STAND_STILL_TRAFFIC', 'JAM_HEAVY_TRAFFIC'}",93,{7},5.494623655913978
2e698dc3,2e698dc2c,2020-10-26,15,{'WEATHERHAZARD'},{'HAZARD_WEATHER_FLOOD'},44,{7},6.863636363636363
2e698dc3,2e698dc2c,2020-10-26,16,{'JAM'},{'JAM_STAND_STILL_TRAFFIC'},41,{7},5.390243902439025
2e698dc3,2e698dc2c,2020-10-26,19,{'JAM'},{'JAM_HEAVY_TRAFFIC'},104,{7},5.0
2e698dc3,2e698dc2c,2020-11-02,14,{'WEATHERHAZARD'},{'HAZARD_WEATHER_FLOOD'},52,{7},6.269230769230769
2e698dc3,2e698dc2c,2020-11-07,13,{'JAM'},{'JAM_STAND_STILL_TRAFFIC'},65,{7},5.0
2e698dc3,2e698dc2c,2020-11-14,8,{'JAM'},{'JAM'},5,{7},5.0
2e698dc3,2e698dc2c,2020-11-20,11,{'WEATHERHAZARD'},{'HAZARD_ON_SHOULDER_CAR_STOPPED'},30,{7},5.0
2e698dc3,2e698dc34,2020-09-08,13,{'JAM'},{'JAM_STAND_STILL_TRAFFIC'},13,{7},5.0
2e698dc3,2e698dc34,2020-09-24,16,{'JAM'},{'JAM_STAND_STILL_TRAFFIC'},30,{7},5.0
2e698dc3,2e698dc34,2020-09-30,19,{'JAM'},{'JAM_HEAVY_TRAFFIC'},45,{7},5.355555555555555
2e698dc3,2e698dc34,2020-10-17,16,{'JAM'},{'JAM_STAND_STILL_TRAFFIC'},27,{7},5.0
2e698dc3,2e698dc34,2020-10-20,10,{'JAM'},{'JAM'},32,{1},5.0
2e698dc3,2e698dc34,2020-10-21,20,{'JAM'},{'JAM_HEAVY_TRAFFIC'},30,{7},5.0
2e698dc3,2e698dc34,2020-10-21,21,{'JAM'},{'JAM_STAND_STILL_TRAFFIC'},26,{7},5.0
2e698dc3,2e698dc34,2020-10-24,12,{'JAM'},{'JAM_HEAVY_TRAFFIC'},28,{7},5.0
2e698dc3,2e698dc34,2020-10-26,17,{'JAM'},{'JAM_HEAVY_TRAFFIC'},62,{7},5.0
2e698dc3,2e698dc34,2020-10-26,18,{'JAM'},{'JAM_STAND_STILL_TRAFFIC'},30,{7},5.0
2e698dc3,2e698dc34,2020-11-01,13,{'JAM'},{'JAM_MODERATE_TRAFFIC'},7,{7},5.0
2e698dc3,2e698dc34,2020-11-06,10,{'JAM'},{'JAM_STAND_STILL_TRAFFIC'},32,{7},5.0
2e698dc3,2e698dc34,2020-11-12,8,{'JAM'},{'JAM_STAND_STILL_TRAFFIC'},30,{7},5.0
2e698dc3,2e698dc34,2020-11-12,9,{'JAM'},{'JAM_STAND_STILL_TRAFFIC'},12,{7},5.25
2e698dc3,2e698dc34,2020-11-17,16,{'JAM'},{'JAM_STAND_STILL_TRAFFIC'},20,{7},5.0
2e698dc3,2e698dc3c,2020-10-17,13,{'WEATHERHAZARD'},{'HAZARD_ON_ROAD_TRAFFIC_LIGHT_FAULT'},30,{1},5.0
2e698dc3,2e698dc3c,2020-10-17,22,{'ACCIDENT'},{'ACCIDENT'},120,{1},5.0
2e698dc7,2e698dc64,2020-09-04,20,{'JAM'},{'JAM_HEAVY_TRAFFIC'},30,{2},5.0
2e698dc7,2e698dc64,2020-09-09,17,{'JAM'},{'JAM_HEAVY_TRAFFIC'},22,{2},5.0
2e698dc7,2e698dc64,2020-09-11,17,{'JAM'},{'JAM_STAND_STILL_TRAFFIC'},32,{2},5.71875
2e698dc7,2e698dc64,2020-09-22,9,{'JAM'},{'JAM_HEAVY_TRAFFIC'},7,{2},5.0
2e698dc7,2e698dc64,2020-09-29,12,{'JAM'},{'JAM_MODERATE_TRAFFIC'},10,{2},5.0
2e698dc7,2e698dc64,2020-10-02,19,{'JAM'},{'JAM_STAND_STILL_TRAFFIC'},46,{2},5.3478260869565215
2e698dc7,2e698dc64,2020-10-03,12,{'JAM'},{'JAM_HEAVY_TRAFFIC'},63,{2},5.0
2e698dc7,2e698dc64,2020-10-04,10,{'JAM'},{'JAM_STAND_STILL_TRAFFIC'},30,{2},5.0
2e698dc7,2e698dc64,2020-10-04,21,{'JAM'},{'JAM_HEAVY_TRAFFIC'},5,{2},5.0
2e698dc7,2e698dc64,2020-10-06,14,{'JAM'},{'JAM_STAND_STILL_TRAFFIC'},63,{2},5.0
2e698dc7,2e698dc64,2020-10-06,15,{'JAM'},{'JAM_STAND_STILL_TRAFFIC'},66,{2},5.484848484848484
2e698dc7,2e698dc64,2020-10-06,18,{'JAM'},"{'JAM_STAND_STILL_TRAFFIC', 'JAM_HEAVY_TRAFFIC'}",56,{2},5.0
2e698dc7,2e698dc64,2020-10-09,13,{'JAM'},{'JAM_STAND_STILL_TRAFFIC'},8,{2},5.375
2e698dc7,2e698dc64,2020-10-20,17,{'JAM'},{'JAM_STAND_STILL_TRAFFIC'},31,{2},5.0
2e698dc7,2e698dc64,2020-10-25,14,{'JAM'},{'JAM_STAND_STILL_TRAFFIC'},32,{2},5.0
2e698dc7,2e698dc64,2020-10-29,15,{'JAM'},{'JAM_STAND_STILL_TRAFFIC'},35,{2},5.457142857142857
2e698dc7,2e698dc64,2020-10-31,12,{'JAM'},{'JAM_STAND_STILL_TRAFFIC'},20,{2},5.0
2e698dc7,2e698dc64,2020-10-31,15,{'JAM'},{'JAM_STAND_STILL_TRAFFIC'},16,{2},6.0
2e698dc7,2e698dc64,2020-11-04,19,{'JAM'},{'JAM_STAND_STILL_TRAFFIC'},32,{2},5.0
2e698dc7,2e698dc64,2020-11-06,14,{'JAM'},{'JAM_HEAVY_TRAFFIC'},30,{2},5.0
2e698dc7,2e698dc64,2020-11-08,14,{'JAM'},{'JAM_HEAVY_TRAFFIC'},33,{2},6.9393939393939394
2e698dc7,2e698dc64,2020-11-10,18,{'JAM'},{'JAM_HEAVY_TRAFFIC'},31,{2},6.935483870967742
2e698dc7,2e698dc64,2020-11-22,17,{'JAM'},{'JAM_STAND_STILL_TRAFFIC'},31,{2},5.0
2e698dc7,2e698dc6c,2020-09-05,17,{'JAM'},{'JAM_STAND_STILL_TRAFFIC'},19,{2},5.0
2e698dc7,2e698dc74,2020-09-06,15,{'JAM'},{'JAM_HEAVY_TRAFFIC'},6,{2},5.0
2e698dc7,2e698dc74,2020-09-10,16,{'JAM'},{'JAM_HEAVY_TRAFFIC'},32,{2},5.0
2e698dc7,2e698dc74,2020-09-11,16,{'JAM'},{'JAM_STAND_STILL_TRAFFIC'},7,{2},5.0
2e698dc7,2e698dc74,2020-09-11,18,{'JAM'},{'JAM_HEAVY_TRAFFIC'},16,{2},5.0
2e698dc7,2e698dc74,2020-09-13,19,{'JAM'},{'JAM_MODERATE_TRAFFIC'},10,{2},5.0
2e698dc7,2e698dc74,2020-09-20,16,{'JAM'},{'JAM_HEAVY_TRAFFIC'},30,{2},5.0
2e698dc7,2e698dc74,2020-09-26,22,{'JAM'},{'JAM'},31,{2},5.0
2e698dc7,2e698dc74,2020-09-27,16,{'JAM'},{'JAM_HEAVY_TRAFFIC'},17,{2},6.0
2e698dc7,2e698dc74,2020-09-30,17,{'JAM'},{'JAM_HEAVY_TRAFFIC'},5,{2},5.0
2e698dc7,2e698dc74,2020-10-07,18,{'JAM'},{'JAM_HEAVY_TRAFFIC'},31,{2},5.0
2e698dc7,2e698dc74,2020-10-08,16,{'JAM'},{'JAM_HEAVY_TRAFFIC'},7,{2},5.0
2e698dc7,2e698dc74,2020-10-10,18,{'JAM'},{'JAM_STAND_STILL_TRAFFIC'},96,{2},6.291666666666667
2e698dc7,2e698dc74,2020-10-11,14,{'JAM'},{'JAM_HEAVY_TRAFFIC'},31,{2},5.0
2e698dc7,2e698dc74,2020-10-17,16,{'JAM'},{'JAM_MODERATE_TRAFFIC'},30,{2},8.0
2e698dc7,2e698dc74,2020-10-17,20,{'JAM'},{'JAM_STAND_STILL_TRAFFIC'},65,{2},5.984615384615385
2e698dc7,2e698dc74,2020-10-18,18,{'JAM'},{'JAM_STAND_STILL_TRAFFIC'},30,{2},5.0
2e698dc7,2e698dc74,2020-10-21,17,{'JAM'},{'JAM_STAND_STILL_TRAFFIC'},21,{2},5.0
2e698dc7,2e698dc74,2020-10-27,9,{'JAM'},{'JAM_STAND_STILL_TRAFFIC'},10,{2},5.0
2e698dc7,2e698dc74,2020-10-27,14,{'JAM'},{'JAM_STAND_STILL_TRAFFIC'},35,{2},5.457142857142857
2e698dc7,2e698dc74,2020-10-30,16,{'JAM'},{'JAM_HEAVY_TRAFFIC'},6,{2},5.0
2e698dc7,2e698dc74,2020-10-30,18,{'JAM'},{'JAM'},33,{2},6.0
2e698dc7,2e698dc74,2020-10-31,11,{'JAM'},{'JAM_HEAVY_TRAFFIC'},31,{2},5.0
2e698dc7,2e698dc74,2020-11-04,18,{'JAM'},{'JAM_HEAVY_TRAFFIC'},33,{2},5.0
2e698dc7,2e698dc74,2020-11-06,18,{'JAM'},{'JAM_MODERATE_TRAFFIC'},6,{2},5.0
2e698dc7,2e698dc74,2020-11-06,19,{'JAM'},{'JAM_STAND_STILL_TRAFFIC'},26,{2},5.923076923076923
2e698dc7,2e698dc74,2020-11-07,12,{'JAM'},{'JAM_HEAVY_TRAFFIC'},21,{2},5.0
2e698dc7,2e698dc74,2020-11-14,10,{'JAM'},{'JAM'},5,{2},5.0
2e698dc7,2e698dc74,2020-11-20,10,{'JAM'},{'JAM_MODERATE_TRAFFIC'},25,{2},5.0
2e698dc7,2e698dc7c,2020-09-01,18,{'JAM'},{'JAM_HEAVY_TRAFFIC'},31,{2},5.0
2e698dc7,2e698dc7c,2020-09-13,19,{'JAM'},{'JAM_HEAVY_TRAFFIC'},33,{2},5.787878787878788
2e698dc7,2e698dc7c,2020-09-19,9,{'JAM'},{'JAM_MODERATE_TRAFFIC'},31,{2},5.0
2e698dc7,2e698dc7c,2020-09-19,12,{'JAM'},{'JAM_HEAVY_TRAFFIC'},32,{2},5.0
2e698dc7,2e698dc7c,2020-10-02,19,{'JAM'},{'JAM_STAND_STILL_TRAFFIC'},41,{2},7.7073170731707314
2e698dc7,2e698dc7c,2020-10-04,10,{'JAM'},{'JAM_STAND_STILL_TRAFFIC'},35,{2},5.0
2e698dc7,2e698dc7c,2020-10-06,14,{'JAM'},{'JAM_STAND_STILL_TRAFFIC'},32,{2},5.0
2e698dc7,2e698dc7c,2020-10-11,13,{'JAM'},{'JAM_HEAVY_TRAFFIC'},41,{2},5.365853658536586
2e698dc7,2e698dc7c,2020-10-13,16,{'JAM'},{'JAM_STAND_STILL_TRAFFIC'},6,{2},5.0
2e698dc7,2e698dc7c,2020-10-14,18,{'JAM'},{'JAM_HEAVY_TRAFFIC'},30,{2},5.0
2e698dc7,2e698dc7c,2020-10-21,17,{'JAM'},{'JAM_STAND_STILL_TRAFFIC'},11,{2},5.0
2e698dc7,2e698dc7c,2020-10-22,11,{'JAM'},{'JAM_STAND_STILL_TRAFFIC'},33,{2},5.0
2e698dc7,2e698dc7c,2020-10-24,16,{'JAM'},{'JAM_HEAVY_TRAFFIC'},62,{1},5.0
2e698dc7,2e698dc7c,2020-10-27,10,{'JAM'},{'JAM_STAND_STILL_TRAFFIC'},27,{2},5.592592592592593
2e698dc7,2e698dc7c,2020-10-27,14,{'JAM'},{'JAM_STAND_STILL_TRAFFIC'},32,{2},5.0
2e698dc7,2e698dc7c,2020-10-27,17,{'JAM'},{'JAM_MODERATE_TRAFFIC'},30,{1},5.0
2e698dc7,2e698dc7c,2020-10-28,15,{'JAM'},{'JAM_STAND_STILL_TRAFFIC'},31,{2},5.0
2e698dc7,2e698dc7c,2020-10-28,19,{'JAM'},{'JAM_MODERATE_TRAFFIC'},34,{2},5.0
2e698dc7,2e698dc7c,2020-11-06,18,{'JAM'},{'JAM_HEAVY_TRAFFIC'},31,{2},5.0
2e698dc7,2e698dc7c,2020-11-08,14,{'JAM'},{'JAM_HEAVY_TRAFFIC'},32,{2},5.0
2e698dc7,2e698dc7c,2020-11-14,10,{'JAM'},{'JAM'},32,{2},5.0
2e698dc7,2e698dc7c,2020-11-18,16,{'JAM'},{'JAM_STAND_STILL_TRAFFIC'},41,{2},5.365853658536586
2e698dc9,2e698dc8c,2020-09-04,12,{'JAM'},{'JAM_STAND_STILL_TRAFFIC'},29,{2},5.0
2e698dc9,2e698dc8c,2020-09-09,17,{'JAM'},{'JAM_HEAVY_TRAFFIC'},25,{2},5.0
2e698dc9,2e698dc8c,2020-10-03,11,{'JAM'},{'JAM_HEAVY_TRAFFIC'},31,{2},5.0
2e698dc9,2e698dc8c,2020-10-09,15,{'JAM'},{'JAM_HEAVY_TRAFFIC'},6,{2},5.0
2e698dc9,2e698dc8c,2020-11-11,7,{'JAM'},{'JAM_MODERATE_TRAFFIC'},21,{2},5.0
2e698dc9,2e698dc94,2020-09-07,14,{'JAM'},{'JAM_MODERATE_TRAFFIC'},31,{2},5.0
2e698dc9,2e698dc94,2020-09-23,13,{'JAM'},{'JAM_HEAVY_TRAFFIC'},14,{2},5.0
2e698dc9,2e698dc94,2020-09-28,17,{'JAM'},{'JAM'},5,{1},5.0
2e698dc9,2e698dc94,2020-10-10,14,{'JAM'},{'JAM'},31,{2},5.0
2e698dc9,2e698dc94,2020-10-16,11,{'JAM'},{'JAM_HEAVY_TRAFFIC'},12,{2},5.0
2e698dc9,2e698dc94,2020-10-19,18,{'JAM'},{'JAM_STAND_STILL_TRAFFIC'},31,{1},5.838709677419355
2e698dc9,2e698dc94,2020-10-21,17,{'JAM'},{'JAM_STAND_STILL_TRAFFIC'},31,{2},5.0
2e698dc9,2e698dc94,2020-10-28,9,{'JAM'},{'JAM_HEAVY_TRAFFIC'},24,{2},5.0
2e698dc9,2e698dc94,2020-11-06,16,{'JAM'},{'JAM_STAND_STILL_TRAFFIC'},31,{2},5.0
2e698dc9,2e698dc94,2020-11-07,14,{'JAM'},{'JAM_HEAVY_TRAFFIC'},19,{1},5.0
2e698dc9,2e698dc94,2020-11-07,17,{'JAM'},{'JAM_STAND_STILL_TRAFFIC'},8,{2},5.0
2e698dc9,2e698dc94,2020-11-09,19,{'JAM'},{'JAM_STAND_STILL_TRAFFIC'},31,{2},5.0
2e698dc9,2e698dc94,2020-11-14,16,{'JAM'},{'JAM_MODERATE_TRAFFIC'},6,{1},5.0
2e698dc9,2e698dc94,2020-11-20,17,{'JAM'},{'JAM_STAND_STILL_TRAFFIC'},38,{2},6.052631578947368
2e698dc9,2e698dc9c,2020-09-09,20,{'WEATHERHAZARD'},{'HAZARD_ON_ROAD_POT_HOLE'},1030,{1},6.40873786407767
2e698dcb,2e698dcac,2020-09-06,10,{'WEATHERHAZARD'},{'HAZARD_WEATHER'},34,{1},5.0
2e698dcb,2e698dcac,2020-09-16,15,"{'WEATHERHAZARD', 'ACCIDENT'}","{'WEATHERHAZARD', 'ACCIDENT', 'ACCIDENT_MINOR'}",268,{1},5.0
2e698dcb,2e698dcac,2020-09-16,16,{'JAM'},{'JAM_HEAVY_TRAFFIC'},31,{1},5.0
2e698dcb,2e698dcac,2020-11-09,11,{'ACCIDENT'},{'ACCIDENT_MAJOR'},121,{1},5.966942148760331
2e698dcb,2e698dcbc,2020-09-13,12,{'JAM'},{'JAM_STAND_STILL_TRAFFIC'},5,{2},5.0
2e698dcb,2e698dcbc,2020-09-24,17,{'JAM'},{'JAM_STAND_STILL_TRAFFIC'},25,{2},5.8
2e698dcb,2e698dcbc,2020-09-26,14,{'JAM'},{'JAM_STAND_STILL_TRAFFIC'},8,{2},5.0
2e698dcb,2e698dcbc,2020-10-12,8,{'JAM'},"{'JAM_STAND_STILL_TRAFFIC', 'JAM_HEAVY_TRAFFIC'}",8,{2},5.0
2e698dcb,2e698dcbc,2020-10-20,17,{'JAM'},{'JAM_STAND_STILL_TRAFFIC'},34,{2},5.0
2e698dcb,2e698dcbc,2020-11-07,14,{'JAM'},{'JAM_HEAVY_TRAFFIC'},30,{2},5.0
2e698dcb,2e698dcbc,2020-11-07,19,{'JAM'},{'JAM_STAND_STILL_TRAFFIC'},30,{2},5.0
2e698dcb,2e698dcbc,2020-11-12,12,{'JAM'},{'JAM_HEAVY_TRAFFIC'},32,{2},5.0
2e698dcd,2e698dcc4,2020-09-07,18,{'JAM'},{'JAM_STAND_STILL_TRAFFIC'},14,{6},6.0
2e698dcd,2e698dcc4,2020-09-07,20,{'JAM'},{'JAM_HEAVY_TRAFFIC'},25,{6},5.0
2e698dcd,2e698dcc4,2020-09-08,15,{'JAM'},{'JAM_STAND_STILL_TRAFFIC'},16,{2},5.0
2e698dcd,2e698dcc4,2020-09-10,16,{'JAM'},{'JAM_STAND_STILL_TRAFFIC'},6,{2},5.0
2e698dcd,2e698dcc4,2020-09-15,13,{'JAM'},{'JAM_MODERATE_TRAFFIC'},8,{6},5.0
2e698dcd,2e698dcc4,2020-09-22,18,{'ACCIDENT'},{'ACCIDENT'},50,{2},5.04
2e698dcd,2e698dcc4,2020-09-25,16,{'JAM'},"{'JAM_STAND_STILL_TRAFFIC', 'JAM_HEAVY_TRAFFIC'}",37,"{2, 6}",5.0
2e698dcd,2e698dcc4,2020-09-26,21,{'JAM'},{'JAM_STAND_STILL_TRAFFIC'},18,{6},5.0
2e698dcd,2e698dcc4,2020-10-01,10,{'JAM'},{'JAM_STAND_STILL_TRAFFIC'},30,{6},5.0
2e698dcd,2e698dcc4,2020-10-02,16,{'JAM'},{'JAM_HEAVY_TRAFFIC'},66,{2},5.803030303030303
2e698dcd,2e698dcc4,2020-10-03,15,{'JAM'},{'JAM_STAND_STILL_TRAFFIC'},63,{2},5.492063492063492
2e698dcd,2e698dcc4,2020-10-04,14,{'JAM'},{'JAM_STAND_STILL_TRAFFIC'},11,{2},5.0
2e698dcd,2e698dcc4,2020-10-06,15,{'JAM'},{'JAM_STAND_STILL_TRAFFIC'},8,{2},5.0
2e698dcd,2e698dcc4,2020-10-08,13,{'JAM'},{'JAM_STAND_STILL_TRAFFIC'},30,{6},5.933333333333334
2e698dcd,2e698dcc4,2020-10-08,14,{'JAM'},"{'JAM_STAND_STILL_TRAFFIC', 'JAM_HEAVY_TRAFFIC'}",57,"{2, 6}",5.280701754385965
2e698dcd,2e698dcc4,2020-10-10,18,{'JAM'},{'JAM_STAND_STILL_TRAFFIC'},7,{2},5.0
2e698dcd,2e698dcc4,2020-10-12,8,{'JAM'},{'JAM_HEAVY_TRAFFIC'},31,{2},6.0
2e698dcd,2e698dcc4,2020-10-14,16,{'JAM'},"{'JAM_STAND_STILL_TRAFFIC', 'JAM_MODERATE_TRAFFIC'}",33,{2},5.424242424242424
2e698dcd,2e698dcc4,2020-10-15,15,{'JAM'},{'JAM_STAND_STILL_TRAFFIC'},30,{2},5.0
2e698dcd,2e698dcc4,2020-10-19,18,{'JAM'},{'JAM_STAND_STILL_TRAFFIC'},6,{2},5.666666666666667
2e698dcd,2e698dcc4,2020-10-22,11,{'JAM'},{'JAM_STAND_STILL_TRAFFIC'},19,{2},5.0
2e698dcd,2e698dcc4,2020-10-27,18,{'JAM'},{'JAM_STAND_STILL_TRAFFIC'},31,{2},5.0
2e698dcd,2e698dcc4,2020-10-28,18,{'JAM'},{'JAM_MODERATE_TRAFFIC'},30,{6},5.0
2e698dcd,2e698dcc4,2020-11-02,18,{'JAM'},{'JAM_STAND_STILL_TRAFFIC'},21,{6},5.0
2e698dcd,2e698dcc4,2020-11-02,19,{'JAM'},{'JAM_STAND_STILL_TRAFFIC'},13,{2},5.538461538461538
2e698dcd,2e698dcc4,2020-11-04,8,{'JAM'},{'JAM_STAND_STILL_TRAFFIC'},30,{6},5.0
2e698dcd,2e698dcc4,2020-11-04,9,{'JAM'},{'JAM_STAND_STILL_TRAFFIC'},32,{2},5.0
2e698dcd,2e698dcc4,2020-11-04,18,{'JAM'},{'JAM_MODERATE_TRAFFIC'},22,{2},5.0
2e698dcd,2e698dcc4,2020-11-05,11,{'JAM'},{'JAM_STAND_STILL_TRAFFIC'},15,{2},5.0
2e698dcd,2e698dcc4,2020-11-05,15,{'JAM'},{'JAM_STAND_STILL_TRAFFIC'},27,{6},6.0
2e698dcd,2e698dcc4,2020-11-05,16,{'JAM'},{'JAM_STAND_STILL_TRAFFIC'},30,{6},5.0
2e698dcd,2e698dcc4,2020-11-06,14,{'JAM'},{'JAM_STAND_STILL_TRAFFIC'},24,{6},6.0
2e698dcd,2e698dcc4,2020-11-06,16,{'JAM'},{'JAM_STAND_STILL_TRAFFIC'},32,{2},5.0
2e698dcd,2e698dcc4,2020-11-09,19,{'JAM'},{'JAM_STAND_STILL_TRAFFIC'},7,{6},5.0
2e698dcd,2e698dcc4,2020-11-10,18,{'JAM'},{'JAM_STAND_STILL_TRAFFIC'},31,{2},5.0
2e698dcd,2e698dcc4,2020-11-10,19,{'ACCIDENT'},{'ACCIDENT'},31,{2},5.225806451612903
2e698dcd,2e698dcc4,2020-11-12,8,{'JAM'},{'JAM'},17,{6},5.0
2e698dcd,2e698dccc,2020-09-03,10,{'JAM'},{'JAM_HEAVY_TRAFFIC'},29,{6},5.0
2e698dcd,2e698dccc,2020-09-03,18,{'JAM'},{'JAM_HEAVY_TRAFFIC'},31,{6},5.0
2e698dcd,2e698dccc,2020-09-04,6,{'WEATHERHAZARD'},{'HAZARD_ON_ROAD_CONSTRUCTION'},244,{4},8.192622950819672
2e698dcd,2e698dccc,2020-09-04,11,{'JAM'},{'JAM_MODERATE_TRAFFIC'},31,{6},5.0
2e698dcd,2e698dccc,2020-09-04,17,{'JAM'},{'JAM_HEAVY_TRAFFIC'},30,{6},5.0
2e698dcd,2e698dccc,2020-09-08,15,"{'JAM', 'WEATHERHAZARD'}","{'JAM_STAND_STILL_TRAFFIC', 'HAZARD_ON_ROAD_TRAFFIC_LIGHT_FAULT'}",48,{6},5.0
2e698dcd,2e698dccc,2020-09-09,14,{'JAM'},{'JAM_MODERATE_TRAFFIC'},26,{6},5.0
2e698dcd,2e698dccc,2020-09-10,22,{'WEATHERHAZARD'},{'HAZARD_WEATHER_FLOOD'},14,{6},5.357142857142857
2e698dcd,2e698dccc,2020-09-11,19,{'WEATHERHAZARD'},{'HAZARD_ON_SHOULDER_CAR_STOPPED'},7,{4},5.428571428571429
2e698dcd,2e698dccc,2020-09-15,11,{'JAM'},{'JAM'},31,{6},5.0
2e698dcd,2e698dccc,2020-09-17,18,{'JAM'},{'JAM_HEAVY_TRAFFIC'},29,{6},5.0
2e698dcd,2e698dccc,2020-09-23,13,{'JAM'},{'JAM_STAND_STILL_TRAFFIC'},30,{6},5.0
2e698dcd,2e698dccc,2020-09-25,10,{'JAM'},{'JAM_STAND_STILL_TRAFFIC'},34,{6},6.0
2e698dcd,2e698dccc,2020-09-25,14,{'JAM'},{'JAM_MODERATE_TRAFFIC'},6,{6},5.0
2e698dcd,2e698dccc,2020-09-25,19,{'JAM'},{'JAM_HEAVY_TRAFFIC'},16,{6},5.9375
2e698dcd,2e698dccc,2020-09-26,15,{'JAM'},{'JAM_STAND_STILL_TRAFFIC'},30,{6},5.0
2e698dcd,2e698dccc,2020-09-30,17,{'JAM'},{'JAM_HEAVY_TRAFFIC'},46,{6},5.326086956521739
2e698dcd,2e698dccc,2020-10-01,8,{'JAM'},{'JAM'},23,{6},5.0
2e698dcd,2e698dccc,2020-10-02,18,{'JAM'},{'JAM_MODERATE_TRAFFIC'},30,{1},5.0
2e698dcd,2e698dccc,2020-10-03,16,{'JAM'},{'JAM_STAND_STILL_TRAFFIC'},31,{6},5.935483870967742
2e698dcd,2e698dccc,2020-10-04,14,{'JAM'},{'JAM_STAND_STILL_TRAFFIC'},31,{6},5.0
2e698dcd,2e698dccc,2020-10-06,8,{'JAM'},{'JAM_MODERATE_TRAFFIC'},29,{6},5.0
2e698dcd,2e698dccc,2020-10-08,12,{'JAM'},{'JAM_STAND_STILL_TRAFFIC'},10,{6},5.0
2e698dcd,2e698dccc,2020-10-08,13,{'JAM'},{'JAM_STAND_STILL_TRAFFIC'},44,"{1, 6}",5.363636363636363
2e698dcd,2e698dccc,2020-10-08,14,{'JAM'},{'JAM_HEAVY_TRAFFIC'},31,{6},7.32258064516129
2e698dcd,2e698dccc,2020-10-10,13,{'JAM'},{'JAM_HEAVY_TRAFFIC'},20,{6},5.0
2e698dcd,2e698dccc,2020-10-12,7,{'JAM'},{'JAM_STAND_STILL_TRAFFIC'},6,{6},5.0
2e698dcd,2e698dccc,2020-10-14,16,{'JAM'},{'JAM_HEAVY_TRAFFIC'},31,{6},5.0
2e698dcd,2e698dccc,2020-10-17,10,{'JAM'},{'JAM_HEAVY_TRAFFIC'},31,{6},5.0
2e698dcd,2e698dccc,2020-10-30,10,{'JAM'},{'JAM_HEAVY_TRAFFIC'},32,{6},5.75
2e698dcd,2e698dccc,2020-10-30,11,{'JAM'},{'JAM_HEAVY_TRAFFIC'},31,{6},5.0
2e698dcd,2e698dccc,2020-10-31,14,{'JAM'},{'JAM_STAND_STILL_TRAFFIC'},21,{6},5.0
2e698dcd,2e698dccc,2020-11-01,13,{'JAM'},{'JAM'},33,{6},6.484848484848484
2e698dcd,2e698dccc,2020-11-03,17,{'JAM'},{'JAM_MODERATE_TRAFFIC'},17,{6},5.0
2e698dcd,2e698dccc,2020-11-06,15,{'JAM'},{'JAM'},29,{6},5.0
2e698dcd,2e698dccc,2020-11-06,18,{'JAM'},{'JAM'},7,{4},5.0
2e698dcd,2e698dccc,2020-11-07,18,{'JAM'},{'JAM_STAND_STILL_TRAFFIC'},31,{6},5.0
2e698dcd,2e698dccc,2020-11-09,18,{'JAM'},{'JAM_HEAVY_TRAFFIC'},30,{6},5.0
2e698dcd,2e698dccc,2020-11-09,19,{'JAM'},{'JAM_HEAVY_TRAFFIC'},32,{6},5.8125
2e698dcd,2e698dccc,2020-11-16,15,{'JAM'},{'JAM_MODERATE_TRAFFIC'},6,{4},5.0
2e698dcd,2e698dccc,2020-11-18,13,{'JAM'},{'JAM_HEAVY_TRAFFIC'},18,{6},5.0
2e698dcd,2e698dccc,2020-11-19,15,{'JAM'},{'JAM_HEAVY_TRAFFIC'},19,{1},5.578947368421052
2e698dcd,2e698dccc,2020-11-21,18,{'JAM'},{'JAM_HEAVY_TRAFFIC'},14,{6},5.0
2e698dcd,2e698dcdc,2020-09-05,10,{'JAM'},{'JAM'},19,{6},5.0
2e698dcd,2e698dcdc,2020-09-06,12,{'JAM'},{'JAM_STAND_STILL_TRAFFIC'},8,{6},5.0
2e698dcd,2e698dcdc,2020-09-08,13,{'JAM'},{'JAM'},12,{6},5.0
2e698dcd,2e698dcdc,2020-09-10,19,{'JAM'},{'JAM_HEAVY_TRAFFIC'},31,{6},5.0
2e698dcd,2e698dcdc,2020-09-12,12,{'JAM'},{'JAM_MODERATE_TRAFFIC'},30,{6},5.0
2e698dcd,2e698dcdc,2020-09-22,13,{'JAM'},{'JAM_MODERATE_TRAFFIC'},11,{6},5.454545454545454
2e698dcd,2e698dcdc,2020-09-25,9,{'JAM'},{'JAM'},31,{6},5.0
2e698dcd,2e698dcdc,2020-09-29,11,{'JAM'},{'JAM_MODERATE_TRAFFIC'},13,{6},5.0
2e698dcd,2e698dcdc,2020-10-07,8,{'JAM'},{'JAM_MODERATE_TRAFFIC'},17,{6},5.0
2e698dcd,2e698dcdc,2020-10-07,12,{'JAM'},{'JAM_STAND_STILL_TRAFFIC'},25,{6},5.0
2e698dcd,2e698dcdc,2020-10-07,14,{'JAM'},{'JAM_MODERATE_TRAFFIC'},4,{6},5.25
2e698dcd,2e698dcdc,2020-10-08,13,{'JAM'},{'JAM_STAND_STILL_TRAFFIC'},17,{6},7.9411764705882355
2e698dcd,2e698dcdc,2020-10-16,14,{'JAM'},{'JAM_STAND_STILL_TRAFFIC'},30,{6},5.633333333333334
2e698dcd,2e698dcdc,2020-10-24,13,{'JAM'},{'JAM_MODERATE_TRAFFIC'},41,{6},5.365853658536586
2e698dcd,2e698dcdc,2020-10-24,16,{'JAM'},{'JAM_STAND_STILL_TRAFFIC'},28,{6},7.0
2e698dcd,2e698dcdc,2020-10-31,14,{'JAM'},{'JAM_HEAVY_TRAFFIC'},47,{6},5.340425531914893
2e698dcd,2e698dcdc,2020-10-31,18,{'JAM'},{'JAM_STAND_STILL_TRAFFIC'},31,{6},5.0
2e698dcd,2e698dcdc,2020-11-02,14,{'JAM'},{'JAM_HEAVY_TRAFFIC'},37,{6},5.945945945945946
2e698dcd,2e698dcdc,2020-11-04,8,{'JAM'},{'JAM_MODERATE_TRAFFIC'},30,{6},5.0
2e698dcd,2e698dcdc,2020-11-05,7,{'JAM'},{'JAM_STAND_STILL_TRAFFIC'},31,{6},5.0
2e698dcd,2e698dcdc,2020-11-09,8,{'JAM'},{'JAM_HEAVY_TRAFFIC'},31,{6},5.0
2e698dcd,2e698dcdc,2020-11-09,17,{'JAM'},{'JAM_HEAVY_TRAFFIC'},30,{6},5.0
2e698dcd,2e698dcdc,2020-11-10,8,{'JAM'},{'JAM_MODERATE_TRAFFIC'},30,{6},5.0
2e698dcd,2e698dcdc,2020-11-10,10,{'JAM'},{'JAM_HEAVY_TRAFFIC'},31,{6},5.0
2e698dcd,2e698dcdc,2020-11-13,13,{'JAM'},{'JAM'},32,{6},6.59375
2e698dcd,2e698dcdc,2020-11-17,6,{'JAM'},{'JAM_MODERATE_TRAFFIC'},31,{6},5.0
2e698dcd,2e698dcdc,2020-11-21,13,{'JAM'},{'JAM_STAND_STILL_TRAFFIC'},30,{6},5.0
2e698dcd,2e698dcdc,2020-11-21,14,{'JAM'},{'JAM_HEAVY_TRAFFIC'},27,{6},7.0
2e698dcf,2e698dce4,2020-09-04,13,{'JAM'},{'JAM_STAND_STILL_TRAFFIC'},30,{6},5.0
2e698dcf,2e698dce4,2020-09-04,15,{'JAM'},{'JAM_MODERATE_TRAFFIC'},29,{6},5.0
2e698dcf,2e698dce4,2020-09-04,18,{'JAM'},{'JAM_STAND_STILL_TRAFFIC'},30,{6},5.9
2e698dcf,2e698dce4,2020-09-05,10,{'JAM'},{'JAM_MODERATE_TRAFFIC'},30,{6},5.0
2e698dcf,2e698dce4,2020-09-05,11,{'JAM'},{'JAM_STAND_STILL_TRAFFIC'},34,{6},5.0
2e698dcf,2e698dce4,2020-09-05,18,{'JAM'},{'JAM_STAND_STILL_TRAFFIC'},43,{6},5.348837209302325
2e698dcf,2e698dce4,2020-09-08,14,{'JAM'},{'JAM_HEAVY_TRAFFIC'},31,{6},5.0
2e698dcf,2e698dce4,2020-09-08,15,{'JAM'},{'JAM_MODERATE_TRAFFIC'},31,{6},5.0
2e698dcf,2e698dce4,2020-09-10,12,{'JAM'},{'JAM_MODERATE_TRAFFIC'},31,{6},5.0
2e698dcf,2e698dce4,2020-09-11,15,{'JAM'},{'JAM_STAND_STILL_TRAFFIC'},33,{6},5.0
2e698dcf,2e698dce4,2020-09-11,18,{'JAM'},{'JAM_STAND_STILL_TRAFFIC'},32,{6},5.53125
2e698dcf,2e698dce4,2020-09-18,16,{'JAM'},"{'JAM', 'JAM_STAND_STILL_TRAFFIC'}",66,{6},5.242424242424242
2e698dcf,2e698dce4,2020-09-18,17,{'JAM'},{'JAM_STAND_STILL_TRAFFIC'},33,{6},6.818181818181818
2e698dcf,2e698dce4,2020-09-19,12,{'JAM'},{'JAM_HEAVY_TRAFFIC'},15,{6},5.0
2e698dcf,2e698dce4,2020-09-19,13,{'JAM'},{'JAM_STAND_STILL_TRAFFIC'},33,{6},5.0
2e698dcf,2e698dce4,2020-09-19,15,{'JAM'},{'JAM_HEAVY_TRAFFIC'},31,{6},5.0
2e698dcf,2e698dce4,2020-09-22,9,{'JAM'},{'JAM_HEAVY_TRAFFIC'},34,{6},5.5588235294117645
2e698dcf,2e698dce4,2020-09-22,17,{'JAM'},{'JAM_STAND_STILL_TRAFFIC'},31,{6},5.0
2e698dcf,2e698dce4,2020-09-24,9,{'JAM'},{'JAM_MODERATE_TRAFFIC'},63,{6},5.333333333333333
2e698dcf,2e698dce4,2020-09-25,13,{'WEATHERHAZARD'},{'HAZARD_ON_ROAD_CONSTRUCTION'},256,{6},7.2578125
2e698dcf,2e698dce4,2020-09-26,15,{'JAM'},{'JAM_MODERATE_TRAFFIC'},30,{6},5.0
2e698dcf,2e698dce4,2020-09-26,16,{'JAM'},{'JAM_HEAVY_TRAFFIC'},33,{6},5.878787878787879
2e698dcf,2e698dce4,2020-09-26,17,{'JAM'},{'JAM_STAND_STILL_TRAFFIC'},30,{6},5.0
2e698dcf,2e698dce4,2020-09-27,13,{'JAM'},{'JAM_HEAVY_TRAFFIC'},6,{6},5.0
2e698dcf,2e698dce4,2020-09-28,10,{'JAM'},{'JAM'},31,{6},5.0
2e698dcf,2e698dce4,2020-09-29,16,{'JAM'},{'JAM_STAND_STILL_TRAFFIC'},32,{6},5.0
2e698dcf,2e698dce4,2020-09-30,17,{'JAM'},{'JAM_HEAVY_TRAFFIC'},6,{6},5.0
2e698dcf,2e698dce4,2020-10-02,14,{'JAM'},{'JAM_STAND_STILL_TRAFFIC'},31,{6},5.0
2e698dcf,2e698dce4,2020-10-02,15,{'JAM'},{'JAM_STAND_STILL_TRAFFIC'},32,{6},5.0
2e698dcf,2e698dce4,2020-10-03,11,{'JAM'},{'JAM'},33,{6},5.0
2e698dcf,2e698dce4,2020-10-03,14,{'JAM'},{'JAM_STAND_STILL_TRAFFIC'},31,{6},5.0
2e698dcf,2e698dce4,2020-10-03,16,{'JAM'},{'JAM'},32,{6},7.5625
2e698dcf,2e698dce4,2020-10-04,14,{'JAM'},{'JAM_STAND_STILL_TRAFFIC'},30,{6},6.866666666666666
2e698dcf,2e698dce4,2020-10-04,15,{'JAM'},{'JAM_MODERATE_TRAFFIC'},20,{7},5.0
2e698dcf,2e698dce4,2020-10-05,10,{'JAM'},{'JAM'},32,{6},5.0
2e698dcf,2e698dce4,2020-10-05,11,{'JAM'},{'JAM_STAND_STILL_TRAFFIC'},30,{6},5.0
2e698dcf,2e698dce4,2020-10-07,11,{'JAM'},{'JAM_STAND_STILL_TRAFFIC'},31,{7},6.0
2e698dcf,2e698dce4,2020-10-07,17,{'JAM'},{'JAM_HEAVY_TRAFFIC'},33,{6},7.0
2e698dcf,2e698dce4,2020-10-07,18,{'JAM'},{'JAM_MODERATE_TRAFFIC'},31,{6},5.0
2e698dcf,2e698dce4,2020-10-08,13,{'JAM'},{'JAM_STAND_STILL_TRAFFIC'},35,{6},5.2
2e698dcf,2e698dce4,2020-10-09,15,{'JAM'},{'JAM'},32,{6},5.0
2e698dcf,2e698dce4,2020-10-10,10,{'JAM'},{'JAM_HEAVY_TRAFFIC'},21,{6},5.0
2e698dcf,2e698dce4,2020-10-10,15,{'JAM'},{'JAM_STAND_STILL_TRAFFIC'},32,{6},6.0
2e698dcf,2e698dce4,2020-10-10,16,{'JAM'},{'JAM_STAND_STILL_TRAFFIC'},32,{6},5.0
2e698dcf,2e698dce4,2020-10-12,7,{'JAM'},{'JAM_STAND_STILL_TRAFFIC'},72,"{6, 7}",6.333333333333333
2e698dcf,2e698dce4,2020-10-12,8,{'JAM'},{'JAM_STAND_STILL_TRAFFIC'},31,{7},5.0
2e698dcf,2e698dce4,2020-10-12,15,{'JAM'},{'JAM_HEAVY_TRAFFIC'},32,{6},5.0
2e698dcf,2e698dce4,2020-10-12,16,{'JAM'},{'JAM_STAND_STILL_TRAFFIC'},32,{6},5.0
2e698dcf,2e698dce4,2020-10-13,17,{'JAM'},{'JAM_MODERATE_TRAFFIC'},31,{6},5.0
2e698dcf,2e698dce4,2020-10-14,9,{'JAM'},{'JAM_MODERATE_TRAFFIC'},31,{6},5.0
2e698dcf,2e698dce4,2020-10-14,12,{'JAM'},{'JAM_STAND_STILL_TRAFFIC'},35,{6},5.0
2e698dcf,2e698dce4,2020-10-14,18,{'JAM'},{'JAM_STAND_STILL_TRAFFIC'},32,{6},5.0
2e698dcf,2e698dce4,2020-10-15,11,{'JAM'},{'JAM_HEAVY_TRAFFIC'},31,{6},5.935483870967742
2e698dcf,2e698dce4,2020-10-15,17,{'JAM'},{'JAM_HEAVY_TRAFFIC'},46,{6},5.369565217391305
2e698dcf,2e698dce4,2020-10-16,13,{'JAM'},{'JAM_HEAVY_TRAFFIC'},32,{6},5.0
2e698dcf,2e698dce4,2020-10-16,14,{'JAM'},{'JAM_STAND_STILL_TRAFFIC'},31,{7},5.483870967741935
2e698dcf,2e698dce4,2020-10-16,17,{'JAM'},{'JAM_HEAVY_TRAFFIC'},30,{6},5.0
2e698dcf,2e698dce4,2020-10-17,11,{'JAM'},{'JAM_MODERATE_TRAFFIC'},6,{7},5.0
2e698dcf,2e698dce4,2020-10-17,17,{'JAM'},{'JAM_STAND_STILL_TRAFFIC'},31,{7},5.0
2e698dcf,2e698dce4,2020-10-19,13,{'JAM'},"{'JAM_STAND_STILL_TRAFFIC', 'JAM_HEAVY_TRAFFIC'}",63,"{6, 7}",5.0
2e698dcf,2e698dce4,2020-10-19,15,{'JAM'},{'JAM_STAND_STILL_TRAFFIC'},31,{6},5.0
2e698dcf,2e698dce4,2020-10-20,11,{'JAM'},{'JAM_STAND_STILL_TRAFFIC'},30,{6},5.0
2e698dcf,2e698dce4,2020-10-20,13,{'JAM'},{'JAM_HEAVY_TRAFFIC'},32,{6},5.8125
2e698dcf,2e698dce4,2020-10-20,14,{'JAM'},{'JAM_MODERATE_TRAFFIC'},32,{6},5.0
2e698dcf,2e698dce4,2020-10-21,11,{'JAM'},{'JAM_MODERATE_TRAFFIC'},31,{7},5.0
2e698dcf,2e698dce4,2020-10-21,12,{'JAM'},{'JAM_HEAVY_TRAFFIC'},32,{6},5.0
2e698dcf,2e698dce4,2020-10-21,13,{'JAM'},{'JAM_STAND_STILL_TRAFFIC'},28,{6},5.0
2e698dcf,2e698dce4,2020-10-21,15,{'JAM'},{'JAM_HEAVY_TRAFFIC'},32,{6},5.0
2e698dcf,2e698dce4,2020-10-21,16,{'JAM'},{'JAM_HEAVY_TRAFFIC'},31,{6},5.0
2e698dcf,2e698dce4,2020-10-22,16,{'JAM'},"{'JAM', 'JAM_STAND_STILL_TRAFFIC'}",80,{6},5.4375
2e698dcf,2e698dce4,2020-10-22,18,{'JAM'},{'JAM_STAND_STILL_TRAFFIC'},31,{6},5.0
2e698dcf,2e698dce4,2020-10-23,8,{'JAM'},{'JAM_HEAVY_TRAFFIC'},18,{6},5.0
2e698dcf,2e698dce4,2020-10-23,14,{'JAM'},{'JAM_STAND_STILL_TRAFFIC'},30,{6},5.0
2e698dcf,2e698dce4,2020-10-23,16,{'JAM'},{'JAM_STAND_STILL_TRAFFIC'},32,{6},6.9375
2e698dcf,2e698dce4,2020-10-23,17,{'JAM'},{'JAM_HEAVY_TRAFFIC'},30,{6},5.0
2e698dcf,2e698dce4,2020-10-23,18,{'JAM'},{'JAM_HEAVY_TRAFFIC'},30,{6},7.333333333333333
2e698dcf,2e698dce4,2020-10-24,12,{'JAM'},"{'JAM_STAND_STILL_TRAFFIC', 'JAM_HEAVY_TRAFFIC'}",59,"{6, 7}",5.5423728813559325
2e698dcf,2e698dce4,2020-10-24,16,{'JAM'},"{'JAM_STAND_STILL_TRAFFIC', 'JAM_MODERATE_TRAFFIC'}",40,"{6, 7}",5.05
2e698dcf,2e698dce4,2020-10-24,17,{'JAM'},"{'JAM', 'JAM_STAND_STILL_TRAFFIC'}",79,{6},5.2025316455696204
2e698dcf,2e698dce4,2020-10-24,18,{'JAM'},{'JAM_HEAVY_TRAFFIC'},30,{6},5.0
2e698dcf,2e698dce4,2020-10-25,12,{'JAM'},{'JAM_STAND_STILL_TRAFFIC'},31,{6},5.0
2e698dcf,2e698dce4,2020-10-26,13,{'JAM'},{'JAM_HEAVY_TRAFFIC'},43,{6},5.395348837209302
2e698dcf,2e698dce4,2020-10-26,18,{'JAM'},{'JAM_STAND_STILL_TRAFFIC'},31,{6},5.0
2e698dcf,2e698dce4,2020-10-26,19,{'JAM'},{'JAM_HEAVY_TRAFFIC'},32,{7},5.0
2e698dcf,2e698dce4,2020-10-27,8,{'JAM'},{'JAM'},32,{6},5.0
2e698dcf,2e698dce4,2020-10-27,9,{'JAM'},{'JAM_STAND_STILL_TRAFFIC'},33,{6},5.484848484848484
2e698dcf,2e698dce4,2020-10-27,13,{'JAM'},{'JAM_HEAVY_TRAFFIC'},32,{6},5.0
2e698dcf,2e698dce4,2020-10-27,17,{'JAM'},{'JAM_STAND_STILL_TRAFFIC'},33,{6},5.0
2e698dcf,2e698dce4,2020-10-27,18,{'JAM'},{'JAM_STAND_STILL_TRAFFIC'},29,{6},6.862068965517241
2e698dcf,2e698dce4,2020-10-28,11,{'JAM'},{'JAM_STAND_STILL_TRAFFIC'},35,{6},5.0
2e698dcf,2e698dce4,2020-10-28,13,{'JAM'},"{'JAM_STAND_STILL_TRAFFIC', 'JAM_HEAVY_TRAFFIC'}",86,"{6, 7}",5.3604651162790695
2e698dcf,2e698dce4,2020-10-28,15,{'JAM'},{'JAM_HEAVY_TRAFFIC'},31,{6},5.0
2e698dcf,2e698dce4,2020-10-28,16,{'JAM'},{'JAM_STAND_STILL_TRAFFIC'},31,{6},5.0
2e698dcf,2e698dce4,2020-10-28,17,{'JAM'},{'JAM_STAND_STILL_TRAFFIC'},32,{6},5.0
2e698dcf,2e698dce4,2020-10-30,14,{'JAM'},{'JAM_MODERATE_TRAFFIC'},32,{6},5.53125
2e698dcf,2e698dce4,2020-10-31,19,{'JAM'},{'JAM_HEAVY_TRAFFIC'},42,{6},6.690476190476191
2e698dcf,2e698dce4,2020-11-02,17,{'JAM'},{'JAM_HEAVY_TRAFFIC'},33,{6},5.9393939393939394
2e698dcf,2e698dce4,2020-11-03,9,{'JAM'},{'JAM_MODERATE_TRAFFIC'},30,{6},5.0
2e698dcf,2e698dce4,2020-11-04,16,{'JAM'},{'JAM_MODERATE_TRAFFIC'},31,{6},5.0
2e698dcf,2e698dce4,2020-11-04,17,{'JAM'},{'JAM'},34,{6},5.9411764705882355
2e698dcf,2e698dce4,2020-11-04,18,{'JAM'},{'JAM_STAND_STILL_TRAFFIC'},54,{6},5.0
2e698dcf,2e698dce4,2020-11-05,9,{'JAM'},"{'JAM_STAND_STILL_TRAFFIC', 'JAM_MODERATE_TRAFFIC'}",68,{6},5.25
2e698dcf,2e698dce4,2020-11-05,15,{'JAM'},{'JAM_STAND_STILL_TRAFFIC'},67,"{6, 7}",5.0
2e698dcf,2e698dce4,2020-11-05,16,{'JAM'},{'JAM_STAND_STILL_TRAFFIC'},32,{6},5.0
2e698dcf,2e698dce4,2020-11-05,17,{'JAM'},{'JAM_HEAVY_TRAFFIC'},32,{6},5.96875
2e698dcf,2e698dce4,2020-11-05,18,{'JAM'},{'JAM_HEAVY_TRAFFIC'},32,{6},5.0
2e698dcf,2e698dce4,2020-11-06,13,{'JAM'},{'JAM_STAND_STILL_TRAFFIC'},31,{6},6.32258064516129
2e698dcf,2e698dce4,2020-11-06,14,{'JAM'},"{'JAM_STAND_STILL_TRAFFIC', 'JAM_HEAVY_TRAFFIC'}",53,{6},5.566037735849057
2e698dcf,2e698dce4,2020-11-06,16,{'JAM'},{'JAM_STAND_STILL_TRAFFIC'},32,{6},5.0
2e698dcf,2e698dce4,2020-11-07,10,{'JAM'},{'JAM_HEAVY_TRAFFIC'},34,{6},5.529411764705882
2e698dcf,2e698dce4,2020-11-07,11,{'JAM'},{'JAM_HEAVY_TRAFFIC'},32,{6},5.0
2e698dcf,2e698dce4,2020-11-07,13,{'JAM'},{'JAM_STAND_STILL_TRAFFIC'},34,{6},5.5
2e698dcf,2e698dce4,2020-11-07,15,{'JAM'},"{'JAM_STAND_STILL_TRAFFIC', 'JAM_HEAVY_TRAFFIC'}",97,"{6, 7}",5.298969072164948
2e698dcf,2e698dce4,2020-11-07,17,{'JAM'},{'JAM_STAND_STILL_TRAFFIC'},32,{7},5.90625
2e698dcf,2e698dce4,2020-11-08,11,{'JAM'},{'JAM_MODERATE_TRAFFIC'},30,{6},5.0
2e698dcf,2e698dce4,2020-11-09,13,{'JAM'},{'JAM_STAND_STILL_TRAFFIC'},34,{6},5.0
2e698dcf,2e698dce4,2020-11-09,18,{'JAM'},{'JAM_HEAVY_TRAFFIC'},31,{6},5.870967741935484
2e698dcf,2e698dce4,2020-11-09,19,{'JAM'},{'JAM_STAND_STILL_TRAFFIC'},41,{6},6.341463414634147
2e698dcf,2e698dce4,2020-11-10,7,{'JAM'},{'JAM_MODERATE_TRAFFIC'},9,{6},5.0
2e698dcf,2e698dce4,2020-11-10,13,{'JAM'},{'JAM_MODERATE_TRAFFIC'},32,{6},5.0
2e698dcf,2e698dce4,2020-11-10,14,{'JAM'},"{'JAM_STAND_STILL_TRAFFIC', 'JAM_HEAVY_TRAFFIC'}",44,"{6, 7}",5.363636363636363
2e698dcf,2e698dce4,2020-11-10,17,{'JAM'},{'JAM_STAND_STILL_TRAFFIC'},31,{6},6.580645161290323
2e698dcf,2e698dce4,2020-11-11,14,{'JAM'},{'JAM'},32,{6},5.0
2e698dcf,2e698dce4,2020-11-11,17,{'JAM'},{'JAM_HEAVY_TRAFFIC'},30,{6},5.0
2e698dcf,2e698dce4,2020-11-11,18,{'JAM'},{'JAM_STAND_STILL_TRAFFIC'},30,{6},5.0
2e698dcf,2e698dce4,2020-11-12,9,{'JAM'},{'JAM_HEAVY_TRAFFIC'},32,{6},5.75
2e698dcf,2e698dce4,2020-11-12,12,{'JAM'},{'JAM'},31,{6},6.806451612903226
2e698dcf,2e698dce4,2020-11-12,18,{'JAM'},{'JAM_STAND_STILL_TRAFFIC'},30,{6},5.0
2e698dcf,2e698dce4,2020-11-13,14,{'JAM'},{'JAM_STAND_STILL_TRAFFIC'},31,{6},6.516129032258065
2e698dcf,2e698dce4,2020-11-13,16,{'JAM'},{'JAM_STAND_STILL_TRAFFIC'},35,{6},5.0
2e698dcf,2e698dce4,2020-11-13,17,{'JAM'},{'JAM_STAND_STILL_TRAFFIC'},50,{7},5.8
2e698dcf,2e698dce4,2020-11-14,18,{'JAM'},{'JAM'},32,{6},5.0
2e698dcf,2e698dce4,2020-11-16,15,{'JAM'},{'JAM_STAND_STILL_TRAFFIC'},32,{6},5.0
2e698dcf,2e698dce4,2020-11-17,12,{'JAM'},{'JAM_HEAVY_TRAFFIC'},32,{6},6.875
2e698dcf,2e698dce4,2020-11-17,16,{'JAM'},{'JAM_STAND_STILL_TRAFFIC'},33,{6},5.909090909090909
2e698dcf,2e698dce4,2020-11-17,17,{'JAM'},{'JAM_STAND_STILL_TRAFFIC'},32,{6},5.0
2e698dcf,2e698dce4,2020-11-17,18,{'JAM'},{'JAM_STAND_STILL_TRAFFIC'},40,{6},6.2
2e698dcf,2e698dce4,2020-11-18,10,{'JAM'},{'JAM_STAND_STILL_TRAFFIC'},34,{6},5.0
2e698dcf,2e698dce4,2020-11-18,19,{'JAM'},{'JAM_STAND_STILL_TRAFFIC'},29,{6},5.0
2e698dcf,2e698dce4,2020-11-21,14,{'JAM'},{'JAM_HEAVY_TRAFFIC'},3,{6},5.0
2e698dcf,2e698dcf4,2020-11-12,8,"{'JAM', 'WEATHERHAZARD'}","{'JAM', 'WEATHERHAZARD'}",62,{1},5.0
2e698dcf,2e698dcf4,2020-11-21,12,{'ACCIDENT'},{'ACCIDENT'},120,{1},5.0
2e698dcf,2e698dcfc,2020-09-29,22,{'WEATHERHAZARD'},{'WEATHERHAZARD'},13,{22},5.0
2e698dcf,2e698dcfc,2020-11-13,11,{'ACCIDENT'},{'ACCIDENT'},121,{1},5.0
2e698dd1,2e698dd04,2020-10-08,13,{'JAM'},{'JAM_STAND_STILL_TRAFFIC'},45,{7},5.355555555555555
2e698dd1,2e698dd04,2020-10-08,14,{'JAM'},"{'JAM_STAND_STILL_TRAFFIC', 'JAM_HEAVY_TRAFFIC'}",70,"{6, 7}",5.242857142857143
2e698dd1,2e698dd04,2020-10-08,17,{'JAM'},{'JAM_STAND_STILL_TRAFFIC'},33,{7},5.0
2e698dd1,2e698dd04,2020-10-17,14,{'JAM'},{'JAM_STAND_STILL_TRAFFIC'},36,{7},5.888888888888889
2e698dd1,2e698dd04,2020-10-23,14,{'JAM'},{'JAM_STAND_STILL_TRAFFIC'},29,{7},5.103448275862069
2e698dd1,2e698dd04,2020-10-24,12,{'JAM'},{'JAM_STAND_STILL_TRAFFIC'},13,{7},5.0
2e698dd1,2e698dd04,2020-10-24,13,{'JAM'},{'JAM_STAND_STILL_TRAFFIC'},7,{7},5.0
2e698dd1,2e698dd04,2020-10-26,19,{'JAM'},{'JAM_HEAVY_TRAFFIC'},25,{7},5.0
2e698dd1,2e698dd04,2020-10-27,16,{'JAM'},{'JAM_STAND_STILL_TRAFFIC'},7,{7},5.0
2e698dd1,2e698dd04,2020-10-27,17,{'JAM'},{'JAM_STAND_STILL_TRAFFIC'},30,{7},5.0
2e698dd1,2e698dd04,2020-10-31,10,{'WEATHERHAZARD'},{'HAZARD_ON_ROAD_CONSTRUCTION'},31,{7},5.580645161290323
2e698dd1,2e698dd04,2020-11-07,12,{'JAM'},{'JAM_STAND_STILL_TRAFFIC'},62,{7},5.741935483870968
2e698dd1,2e698dd04,2020-11-07,13,{'JAM'},{'JAM_STAND_STILL_TRAFFIC'},62,{7},5.854838709677419
2e698dd1,2e698dd04,2020-11-07,15,{'JAM'},{'JAM_STAND_STILL_TRAFFIC'},64,{7},5.0
2e698dd1,2e698dd04,2020-11-12,17,{'JAM'},{'JAM_STAND_STILL_TRAFFIC'},49,{7},6.591836734693878
2e698dd1,2e698dd04,2020-11-12,18,{'JAM'},{'JAM_STAND_STILL_TRAFFIC'},31,{7},5.0
2e698dd1,2e698dd04,2020-11-14,12,{'JAM'},{'JAM_HEAVY_TRAFFIC'},32,{7},5.0
2e698dd1,2e698dd0c,2020-10-21,12,{'JAM'},{'JAM_STAND_STILL_TRAFFIC'},31,{1},5.0
2e698dd1,2e698dd14,2020-10-21,12,{'ACCIDENT'},{'ACCIDENT_MAJOR'},121,{1},5.0
2e698dd1,2e698dd1c,2020-09-25,14,{'JAM'},{'JAM_MODERATE_TRAFFIC'},33,{2},5.0
2e698dd1,2e698dd1c,2020-09-25,16,{'JAM'},{'JAM_HEAVY_TRAFFIC'},21,"{6, 7}",5.0
2e698dd1,2e698dd1c,2020-10-08,14,{'JAM'},{'JAM_HEAVY_TRAFFIC'},32,{2},5.0
2e698dd1,2e698dd1c,2020-10-10,12,{'JAM'},{'JAM_STAND_STILL_TRAFFIC'},31,{6},5.0
2e698dd1,2e698dd1c,2020-10-12,7,{'JAM'},{'JAM_HEAVY_TRAFFIC'},30,{7},5.0
2e698dd1,2e698dd1c,2020-10-27,17,{'JAM'},{'JAM_STAND_STILL_TRAFFIC'},19,{6},5.0
2e698dd1,2e698dd1c,2020-10-27,18,{'JAM'},"{'JAM_STAND_STILL_TRAFFIC', 'JAM_HEAVY_TRAFFIC'}",35,{6},5.0
2e698dd1,2e698dd1c,2020-11-03,12,{'JAM'},{'JAM_HEAVY_TRAFFIC'},5,{6},5.0
2e698dd1,2e698dd1c,2020-11-04,17,{'JAM'},{'JAM_STAND_STILL_TRAFFIC'},6,{2},5.0
2e698dd1,2e698dd1c,2020-11-05,17,{'JAM'},{'JAM_HEAVY_TRAFFIC'},31,{6},5.0
2e698dd1,2e698dd1c,2020-11-07,13,{'JAM'},{'JAM_STAND_STILL_TRAFFIC'},30,{6},5.6
2e698dd1,2e698dd1c,2020-11-09,19,{'JAM'},{'JAM_STAND_STILL_TRAFFIC'},32,{2},5.0
2e698dd1,2e698dd1c,2020-11-11,18,{'JAM'},{'JAM'},36,{7},5.0
2e698dd1,2e698dd1c,2020-11-12,14,{'JAM'},{'JAM_STAND_STILL_TRAFFIC'},31,{6},5.0
2e698dd1,2e698dd1c,2020-11-21,12,{'JAM'},{'JAM_STAND_STILL_TRAFFIC'},30,{6},5.0
2e698dd3,2e698dd24,2020-11-17,4,{'JAM'},{'JAM_HEAVY_TRAFFIC'},32,{1},5.0
2e698dd5,2e698dd4c,2020-09-25,19,{'JAM'},{'JAM_MODERATE_TRAFFIC'},7,{2},5.0
2e698dd5,2e698dd4c,2020-10-29,20,{'JAM'},{'JAM_MODERATE_TRAFFIC'},6,{2},5.0
2e698dd5,2e698dd4c,2020-11-04,12,{'JAM'},{'JAM_MODERATE_TRAFFIC'},15,{2},5.0
2e698dd5,2e698dd54,2020-10-06,15,{'JAM'},{'JAM'},31,{2},5.0
2e698dd5,2e698dd54,2020-10-08,17,{'JAM'},{'JAM_STAND_STILL_TRAFFIC'},31,{1},5.0
2e698dd5,2e698dd54,2020-10-30,10,{'WEATHERHAZARD'},{'HAZARD_ON_SHOULDER_CAR_STOPPED'},32,{2},5.0
2e698dd5,2e698dd5c,2020-09-14,17,{'JAM'},{'JAM_STAND_STILL_TRAFFIC'},14,{2},5.0
2e698dd5,2e698dd5c,2020-09-15,17,{'JAM'},{'JAM_STAND_STILL_TRAFFIC'},10,{2},5.0
2e698dd5,2e698dd5c,2020-09-22,12,{'JAM'},{'JAM_MODERATE_TRAFFIC'},30,{2},5.0
2e698dd5,2e698dd5c,2020-09-25,15,{'JAM'},{'JAM_MODERATE_TRAFFIC'},11,{2},5.0
2e698dd5,2e698dd5c,2020-09-25,19,{'JAM'},{'JAM_MODERATE_TRAFFIC'},35,{2},5.428571428571429
2e698dd5,2e698dd5c,2020-10-04,13,{'JAM'},{'JAM_STAND_STILL_TRAFFIC'},7,{6},5.0
2e698dd5,2e698dd5c,2020-10-22,16,"{'JAM', 'WEATHERHAZARD'}","{'HAZARD_ON_ROAD_OBJECT', 'JAM_STAND_STILL_TRAFFIC'}",70,{6},6.1571428571428575
2e698dd5,2e698dd5c,2020-10-22,17,{'JAM'},{'JAM_HEAVY_TRAFFIC'},33,{6},5.848484848484849
2e698dd5,2e698dd5c,2020-11-02,8,{'JAM'},{'JAM_STAND_STILL_TRAFFIC'},5,{2},5.2
2e698dd5,2e698dd5c,2020-11-04,12,{'JAM'},{'JAM_MODERATE_TRAFFIC'},8,{2},5.0
2e698dd5,2e698dd5c,2020-11-12,9,{'JAM'},{'JAM_HEAVY_TRAFFIC'},34,{6},6.323529411764706
2e698dd5,2e698dd5c,2020-11-12,17,{'JAM'},{'JAM_STAND_STILL_TRAFFIC'},45,{6},5.488888888888889
2e698dd5,2e698dd5c,2020-11-16,18,{'JAM'},{'JAM_HEAVY_TRAFFIC'},38,{6},5.2105263157894735
2e698dd7,2e698dd6c,2020-09-22,18,{'JAM'},{'JAM_MODERATE_TRAFFIC'},7,{7},5.0
2e698dd7,2e698dd6c,2020-09-24,9,{'WEATHERHAZARD'},{'HAZARD_ON_ROAD_POT_HOLE'},247,{6},5.82995951417004
2e698dd7,2e698dd74,2020-10-12,16,{'JAM'},{'JAM_STAND_STILL_TRAFFIC'},31,{6},5.0
2e698dd9,2e698dd94,2020-10-28,18,{'JAM'},{'JAM_STAND_STILL_TRAFFIC'},32,{1},5.0
2e698dd9,2e698dd9c,2020-10-30,13,{'JAM'},{'JAM_STAND_STILL_TRAFFIC'},30,{1},5.7
2e698dd9,2e698dd9c,2020-11-06,17,"{'JAM', 'ACCIDENT'}","{'JAM_STAND_STILL_TRAFFIC', 'ACCIDENT_MAJOR'}",156,{1},5.0
2e698ddb,2e698dda4,2020-11-10,6,{'ACCIDENT'},{'ACCIDENT'},120,{1},5.75
2e698ddb,2e698ddac,2020-09-27,18,{'JAM'},{'JAM'},31,{7},5.0
2e698ddb,2e698ddac,2020-10-08,10,{'JAM'},{'JAM_MODERATE_TRAFFIC'},11,{7},5.0
2e698ddb,2e698ddac,2020-10-08,14,{'JAM'},{'JAM_STAND_STILL_TRAFFIC'},31,{7},5.0
2e698ddb,2e698ddac,2020-10-08,17,{'JAM'},{'JAM_STAND_STILL_TRAFFIC'},40,{7},5.225
2e698ddb,2e698ddac,2020-10-17,11,{'JAM'},{'JAM_MODERATE_TRAFFIC'},5,{7},5.0
2e698ddb,2e698ddac,2020-10-20,16,{'JAM'},{'JAM_STAND_STILL_TRAFFIC'},32,{7},5.0
2e698ddb,2e698ddac,2020-10-26,16,{'JAM'},{'JAM_STAND_STILL_TRAFFIC'},48,{7},5.458333333333333
2e698ddb,2e698ddac,2020-10-26,18,{'JAM'},{'JAM_HEAVY_TRAFFIC'},31,{7},5.0
2e698ddb,2e698ddac,2020-11-07,13,{'JAM'},{'JAM_STAND_STILL_TRAFFIC'},61,{7},5.0
2e698ddb,2e698ddac,2020-11-20,11,{'WEATHERHAZARD'},{'HAZARD_ON_SHOULDER_CAR_STOPPED'},44,{7},5.7272727272727275
2e698ddb,2e698ddb4,2020-09-14,12,{'JAM'},{'JAM_HEAVY_TRAFFIC'},33,{7},5.0
2e698ddb,2e698ddb4,2020-09-25,9,{'JAM'},{'JAM_HEAVY_TRAFFIC'},6,{7},5.833333333333333
2e698ddb,2e698ddb4,2020-10-08,17,{'JAM'},{'JAM_STAND_STILL_TRAFFIC'},39,{7},5.512820512820513
2e698ddb,2e698ddb4,2020-10-09,18,{'WEATHERHAZARD'},{'WEATHERHAZARD'},31,{7},5.548387096774194
2e698ddb,2e698ddb4,2020-10-17,15,"{'JAM', 'ACCIDENT'}","{'JAM_STAND_STILL_TRAFFIC', 'ACCIDENT'}",78,{7},5.243589743589744
2e698ddb,2e698ddb4,2020-10-19,9,{'JAM'},{'JAM_HEAVY_TRAFFIC'},31,{7},5.0
2e698ddb,2e698ddb4,2020-10-21,21,{'JAM'},{'JAM_HEAVY_TRAFFIC'},35,{7},5.0
2e698ddb,2e698ddb4,2020-10-23,16,{'JAM'},{'JAM_MODERATE_TRAFFIC'},31,{7},5.0
2e698ddb,2e698ddb4,2020-10-26,17,{'JAM'},{'JAM_STAND_STILL_TRAFFIC'},34,{7},5.0
2e698ddb,2e698ddb4,2020-10-27,15,{'JAM'},{'JAM_HEAVY_TRAFFIC'},31,{7},5.935483870967742
2e698ddb,2e698ddb4,2020-10-27,18,{'JAM'},{'JAM_STAND_STILL_TRAFFIC'},32,{7},5.96875
2e698ddb,2e698ddb4,2020-11-02,16,{'JAM'},{'JAM_MODERATE_TRAFFIC'},19,{7},5.0
2e698ddb,2e698ddb4,2020-11-07,13,{'JAM'},{'JAM_STAND_STILL_TRAFFIC'},70,{7},5.228571428571429
2e698ddb,2e698ddb4,2020-11-07,14,{'JAM'},{'JAM_STAND_STILL_TRAFFIC'},5,{7},5.0
2e698ddb,2e698ddb4,2020-11-12,19,{'JAM'},{'JAM_HEAVY_TRAFFIC'},32,{7},5.0
2e698ddb,2e698ddb4,2020-11-21,11,{'JAM'},{'JAM_HEAVY_TRAFFIC'},30,{22},5.0
2e698ddb,2e698ddbc,2020-09-28,23,"{'JAM', 'ACCIDENT'}","{'ACCIDENT', 'JAM_HEAVY_TRAFFIC'}",130,{1},5.0
2e698ddb,2e698ddbc,2020-10-01,11,{'ACCIDENT'},{'ACCIDENT_MAJOR'},121,{1},5.0
2e698ddd,2e698ddc4,2020-09-11,19,{'JAM'},{'JAM'},31,{1},5.0
2e698ddd,2e698ddc4,2020-10-08,17,{'JAM'},{'JAM_HEAVY_TRAFFIC'},32,{2},5.0
2e698ddd,2e698ddc4,2020-10-26,17,{'JAM'},"{'JAM', 'JAM_STAND_STILL_TRAFFIC'}",109,{2},5.18348623853211
2e698ddd,2e698ddc4,2020-11-08,11,{'JAM'},{'JAM_MODERATE_TRAFFIC'},29,{2},5.0
2e698ddd,2e698ddcc,2020-09-11,13,{'JAM'},{'JAM_STAND_STILL_TRAFFIC'},6,{2},5.0
2e698ddd,2e698ddcc,2020-09-15,17,{'JAM'},{'JAM_HEAVY_TRAFFIC'},5,{2},5.0
2e698ddd,2e698ddcc,2020-09-22,20,{'JAM'},{'JAM_STAND_STILL_TRAFFIC'},21,{7},5.0
2e698ddd,2e698ddcc,2020-09-26,15,{'JAM'},{'JAM_STAND_STILL_TRAFFIC'},5,{2},5.8
2e698ddd,2e698ddcc,2020-10-02,19,{'JAM'},"{'JAM_STAND_STILL_TRAFFIC', 'JAM_MODERATE_TRAFFIC'}",37,{2},5.0
2e698ddd,2e698ddcc,2020-10-06,16,{'JAM'},{'JAM_HEAVY_TRAFFIC'},36,{7},5.5
2e698ddd,2e698ddcc,2020-10-13,15,{'JAM'},{'JAM_HEAVY_TRAFFIC'},31,{7},5.0
2e698ddd,2e698ddcc,2020-10-24,16,{'JAM'},{'JAM_STAND_STILL_TRAFFIC'},32,{2},5.0
2e698ddd,2e698ddcc,2020-10-25,13,{'JAM'},"{'JAM', 'JAM_HEAVY_TRAFFIC'}",65,{2},5.0
2e698ddd,2e698ddcc,2020-10-26,17,{'JAM'},{'JAM_STAND_STILL_TRAFFIC'},33,{1},5.0
2e698ddd,2e698ddcc,2020-10-27,9,{'JAM'},{'JAM_HEAVY_TRAFFIC'},37,{2},5.405405405405405
2e698ddd,2e698ddcc,2020-11-05,8,{'JAM'},{'JAM_STAND_STILL_TRAFFIC'},30,{2},5.5
2e698ddd,2e698ddcc,2020-11-07,9,{'JAM'},"{'JAM_STAND_STILL_TRAFFIC', 'JAM_HEAVY_TRAFFIC'}",37,{2},5.486486486486487
2e698ddd,2e698ddcc,2020-11-09,13,{'JAM'},{'JAM_MODERATE_TRAFFIC'},6,{2},5.0
2e698ddd,2e698ddcc,2020-11-12,10,{'JAM'},{'JAM_MODERATE_TRAFFIC'},20,{7},5.0
2e698ddd,2e698ddcc,2020-11-13,9,{'JAM'},{'JAM_HEAVY_TRAFFIC'},33,{2},5.0
2e698ddf,2e698dde4,2020-10-26,18,{'JAM'},"{'JAM_STAND_STILL_TRAFFIC', 'JAM_HEAVY_TRAFFIC'}",67,{2},5.388059701492537
2e698ddf,2e698dde4,2020-10-26,19,{'JAM'},{'JAM_HEAVY_TRAFFIC'},57,{2},5.456140350877193
2e698ddf,2e698ddec,2020-10-02,19,{'JAM'},{'JAM_HEAVY_TRAFFIC'},30,{2},5.733333333333333
2e698ddf,2e698ddec,2020-10-26,18,{'JAM'},"{'JAM_STAND_STILL_TRAFFIC', 'JAM_HEAVY_TRAFFIC'}",96,{2},5.0
2e698ddf,2e698ddec,2020-11-08,11,{'JAM'},{'JAM_MODERATE_TRAFFIC'},34,{2},5.0
2e698ddf,2e698ddf4,2020-09-21,17,{'JAM'},{'JAM_STAND_STILL_TRAFFIC'},30,{2},5.0
2e698ddf,2e698ddf4,2020-10-22,17,{'JAM'},{'JAM_HEAVY_TRAFFIC'},30,{2},6.466666666666667
2e698ddf,2e698ddfc,2020-09-12,16,{'JAM'},{'JAM_STAND_STILL_TRAFFIC'},31,{2},6.0
2e698ddf,2e698ddfc,2020-09-14,17,{'JAM'},{'JAM_HEAVY_TRAFFIC'},16,{2},5.0
2e698ddf,2e698ddfc,2020-09-25,16,{'JAM'},{'JAM_HEAVY_TRAFFIC'},31,{2},5.0
2e698ddf,2e698ddfc,2020-09-26,15,{'JAM'},{'JAM_STAND_STILL_TRAFFIC'},30,{2},5.0
2e698ddf,2e698ddfc,2020-09-26,20,{'JAM'},{'JAM_HEAVY_TRAFFIC'},30,{2},5.0
2e698ddf,2e698ddfc,2020-10-02,19,{'JAM'},{'JAM_HEAVY_TRAFFIC'},32,{2},5.78125
2e698ddf,2e698ddfc,2020-10-03,17,{'JAM'},{'JAM_STAND_STILL_TRAFFIC'},31,{2},5.0
2e698ddf,2e698ddfc,2020-10-03,19,{'JAM'},{'JAM_MODERATE_TRAFFIC'},31,{2},5.0
2e698ddf,2e698ddfc,2020-10-08,16,{'JAM'},{'JAM_STAND_STILL_TRAFFIC'},31,{2},5.0
2e698ddf,2e698ddfc,2020-10-26,18,{'JAM'},"{'JAM_STAND_STILL_TRAFFIC', 'JAM_HEAVY_TRAFFIC'}",71,"{1, 2}",5.338028169014085
2e698ddf,2e698ddfc,2020-11-03,16,{'JAM'},{'JAM_MODERATE_TRAFFIC'},63,{2},5.0
2e698ddf,2e698ddfc,2020-11-07,19,{'JAM'},{'JAM_HEAVY_TRAFFIC'},30,{2},5.0
2e698ddf,2e698ddfc,2020-11-22,10,{'JAM'},{'JAM'},32,{1},5.0
2e698de1,2e698de04,2020-10-26,17,{'JAM'},"{'JAM_STAND_STILL_TRAFFIC', 'JAM_HEAVY_TRAFFIC'}",64,{1},5.46875
2e698de1,2e698de0c,2020-11-07,20,{'WEATHERHAZARD'},{'HAZARD_WEATHER'},30,{1},5.0
2e698de1,2e698de0c,2020-11-18,11,{'JAM'},{'JAM_STAND_STILL_TRAFFIC'},30,{1},5.0
2e698de1,2e698de1c,2020-10-17,6,{'ACCIDENT'},{'ACCIDENT_MINOR'},122,{1},5.0
2e698de5,2e698de4c,2020-10-26,17,{'WEATHERHAZARD'},{'HAZARD_ON_ROAD_OBJECT'},60,{1},5.583333333333333
2e698de7,2e698de7c,2020-10-04,10,{'JAM'},{'JAM_MODERATE_TRAFFIC'},31,{1},5.0
2e698de9,2e698de84,2020-09-04,17,{'JAM'},{'JAM_STAND_STILL_TRAFFIC'},34,{7},5.0
2e698de9,2e698de84,2020-09-19,16,{'JAM'},{'JAM_HEAVY_TRAFFIC'},30,{7},5.0
2e698de9,2e698de84,2020-09-21,11,{'JAM'},{'JAM'},6,{7},5.0
2e698de9,2e698de84,2020-10-08,13,{'JAM'},{'JAM_STAND_STILL_TRAFFIC'},33,{7},5.0
2e698de9,2e698de84,2020-10-09,17,{'JAM'},{'JAM_HEAVY_TRAFFIC'},35,{7},6.628571428571429
2e698de9,2e698de84,2020-10-11,20,{'JAM'},{'JAM_MODERATE_TRAFFIC'},6,{7},5.0
2e698de9,2e698de84,2020-10-19,13,{'JAM'},{'JAM_HEAVY_TRAFFIC'},27,{7},5.0
2e698de9,2e698de84,2020-10-20,16,{'JAM'},{'JAM_STAND_STILL_TRAFFIC'},31,{7},5.0
2e698de9,2e698de84,2020-10-21,20,{'JAM'},{'JAM_STAND_STILL_TRAFFIC'},38,{7},5.421052631578948
2e698de9,2e698de84,2020-10-26,19,{'JAM'},{'JAM_HEAVY_TRAFFIC'},66,{7},5.0
2e698de9,2e698de84,2020-11-12,16,{'JAM'},{'JAM_STAND_STILL_TRAFFIC'},31,{7},5.0
2e698de9,2e698de84,2020-11-16,13,{'JAM'},{'JAM_STAND_STILL_TRAFFIC'},31,{7},5.0
2e698de9,2e698de8c,2020-09-14,17,{'JAM'},{'JAM_HEAVY_TRAFFIC'},30,{7},5.0
2e698de9,2e698de8c,2020-09-14,20,{'WEATHERHAZARD'},"{'HAZARD_ON_ROAD_POT_HOLE', 'HAZARD_ON_ROAD_ROAD_KILL'}",1174,{1},5.810051107325383
2e698de9,2e698de8c,2020-09-17,16,{'JAM'},{'JAM_STAND_STILL_TRAFFIC'},11,{7},5.0
2e698de9,2e698de8c,2020-09-19,20,{'WEATHERHAZARD'},"{'HAZARD_ON_ROAD_CAR_STOPPED', 'HAZARD_ON_ROAD_POT_HOLE'}",220,{1},5.909090909090909
2e698de9,2e698de8c,2020-09-21,17,{'JAM'},{'JAM_MODERATE_TRAFFIC'},31,{7},5.838709677419355
2e698de9,2e698de8c,2020-09-24,22,{'JAM'},{'JAM_HEAVY_TRAFFIC'},7,{7},5.0
2e698de9,2e698de8c,2020-09-29,17,{'JAM'},{'JAM_STAND_STILL_TRAFFIC'},30,{7},5.0
2e698de9,2e698de8c,2020-10-01,11,{'JAM'},{'JAM_HEAVY_TRAFFIC'},17,{7},5.0
2e698de9,2e698de8c,2020-10-01,16,{'JAM'},"{'JAM_STAND_STILL_TRAFFIC', 'JAM_MODERATE_TRAFFIC'}",58,{7},5.0
2e698de9,2e698de8c,2020-10-02,18,{'JAM'},{'JAM_STAND_STILL_TRAFFIC'},31,{7},5.0
2e698de9,2e698de8c,2020-10-09,17,{'JAM'},{'JAM_HEAVY_TRAFFIC'},31,{7},5.0
2e698de9,2e698de8c,2020-10-21,19,{'WEATHERHAZARD'},"{'HAZARD_ON_SHOULDER_CAR_STOPPED', 'HAZARD_ON_ROAD_CAR_STOPPED'}",74,{7},6.54054054054054
2e698de9,2e698de8c,2020-10-22,18,{'JAM'},{'JAM_HEAVY_TRAFFIC'},24,{7},5.0
2e698de9,2e698de8c,2020-10-31,19,{'JAM'},{'JAM'},33,{7},5.0
2e698de9,2e698de8c,2020-11-02,17,{'JAM'},{'JAM_STAND_STILL_TRAFFIC'},63,{7},5.0
2e698de9,2e698de8c,2020-11-08,19,{'JAM'},{'JAM_HEAVY_TRAFFIC'},30,{7},5.0
2e698de9,2e698de8c,2020-11-17,16,{'JAM'},{'JAM_STAND_STILL_TRAFFIC'},31,{7},5.0
2e698de9,2e698de8c,2020-11-17,17,{'JAM'},{'JAM_HEAVY_TRAFFIC'},31,{7},5.0
2e698de9,2e698de94,2020-09-05,18,{'JAM'},{'JAM_STAND_STILL_TRAFFIC'},30,{7},5.0
2e698de9,2e698de94,2020-09-09,20,{'WEATHERHAZARD'},{'HAZARD_ON_ROAD_POT_HOLE'},1851,{2},5.755267423014587
2e698de9,2e698de94,2020-09-17,20,{'WEATHERHAZARD'},"{'HAZARD_ON_ROAD_CAR_STOPPED', 'HAZARD_ON_ROAD_POT_HOLE'}",972,{2},6.006172839506172
2e698de9,2e698de94,2020-09-22,17,{'ACCIDENT'},{'ACCIDENT_MINOR'},124,{20},5.0
2e698de9,2e698de94,2020-09-24,17,{'JAM'},{'JAM_MODERATE_TRAFFIC'},5,{2},5.0
2e698de9,2e698de94,2020-10-05,18,{'JAM'},{'JAM_HEAVY_TRAFFIC'},31,{2},5.0
2e698de9,2e698de94,2020-10-20,16,{'JAM'},{'JAM_STAND_STILL_TRAFFIC'},32,{7},5.0
2e698de9,2e698de94,2020-10-21,18,{'JAM'},{'JAM_HEAVY_TRAFFIC'},28,{7},5.428571428571429
2e698de9,2e698de94,2020-10-28,17,{'JAM'},{'JAM_MODERATE_TRAFFIC'},30,{2},5.0
2e698de9,2e698de94,2020-11-12,17,{'JAM'},{'JAM_STAND_STILL_TRAFFIC'},19,{7},5.0
2e698de9,2e698de94,2020-11-17,17,{'JAM'},{'JAM_STAND_STILL_TRAFFIC'},32,{2},5.9375
2e698de9,2e698de94,2020-11-21,15,{'JAM'},{'JAM_MODERATE_TRAFFIC'},9,{2},5.0
2e698deb,2e698dea4,2020-09-21,12,{'WEATHERHAZARD'},{'HAZARD_ON_ROAD_POT_HOLE'},225,{2},7.653333333333333
2e698deb,2e698dea4,2020-10-14,20,{'WEATHERHAZARD'},{'HAZARD_ON_ROAD_POT_HOLE'},916,{2},7.060043668122271
2e698deb,2e698debc,2020-09-09,7,{'JAM'},{'JAM_HEAVY_TRAFFIC'},6,{2},5.0
2e698deb,2e698debc,2020-10-12,8,{'JAM'},{'JAM'},5,{2},5.0
2e698deb,2e698debc,2020-11-02,6,{'JAM'},{'JAM'},6,{1},5.0
2e698ded,2e698dedc,2020-09-25,17,{'JAM'},{'JAM'},32,{1},5.0
2e698ded,2e698dedc,2020-11-13,15,{'ACCIDENT'},{'ACCIDENT'},121,{1},5.0
2e698ded,2e698dedc,2020-11-20,16,{'ACCIDENT'},{'ACCIDENT_MINOR'},123,{1},5.2439024390243905
2e698ded,2e698dedc,2020-11-20,20,"{'WEATHERHAZARD', 'ACCIDENT'}","{'WEATHERHAZARD', 'ACCIDENT'}",281,{1},5.629893238434164
2e698def,2e698dee4,2020-09-05,18,{'JAM'},{'JAM_STAND_STILL_TRAFFIC'},31,{7},5.0
2e698def,2e698dee4,2020-09-08,10,{'JAM'},{'JAM_STAND_STILL_TRAFFIC'},30,{7},5.0
2e698def,2e698dee4,2020-09-08,14,{'JAM'},{'JAM_STAND_STILL_TRAFFIC'},11,{7},5.0
2e698def,2e698dee4,2020-09-10,22,{'JAM'},{'JAM_STAND_STILL_TRAFFIC'},11,{7},5.0
2e698def,2e698dee4,2020-09-11,8,{'JAM'},{'JAM_STAND_STILL_TRAFFIC'},30,{7},5.0
2e698def,2e698dee4,2020-09-12,15,{'JAM'},{'JAM_HEAVY_TRAFFIC'},17,{7},5.0
2e698def,2e698dee4,2020-09-16,10,{'JAM'},{'JAM'},9,{7},5.0
2e698def,2e698dee4,2020-09-17,8,{'JAM'},{'JAM_HEAVY_TRAFFIC'},30,{7},5.0
2e698def,2e698dee4,2020-09-24,21,{'JAM'},{'JAM_HEAVY_TRAFFIC'},16,{7},5.0
2e698def,2e698dee4,2020-09-24,22,{'JAM'},"{'JAM_STAND_STILL_TRAFFIC', 'JAM_HEAVY_TRAFFIC'}",29,"{1, 7}",5.620689655172414
2e698def,2e698dee4,2020-10-03,12,{'JAM'},{'JAM_STAND_STILL_TRAFFIC'},29,{7},5.689655172413793
2e698def,2e698dee4,2020-10-09,10,{'JAM'},{'JAM'},6,{7},5.0
2e698def,2e698dee4,2020-10-16,11,{'JAM'},{'JAM'},14,{7},5.0
2e698def,2e698dee4,2020-10-17,11,{'JAM'},{'JAM_STAND_STILL_TRAFFIC'},30,{7},5.0
2e698def,2e698dee4,2020-10-19,13,{'JAM'},{'JAM_HEAVY_TRAFFIC'},5,{7},5.0
2e698def,2e698dee4,2020-10-21,19,"{'JAM', 'WEATHERHAZARD'}","{'HAZARD_ON_SHOULDER_CAR_STOPPED', 'JAM_STAND_STILL_TRAFFIC'}",45,{7},5.977777777777778
2e698def,2e698dee4,2020-10-22,9,{'JAM'},"{'JAM_MODERATE_TRAFFIC', 'JAM_HEAVY_TRAFFIC'}",29,{7},5.0
2e698def,2e698dee4,2020-10-24,14,{'JAM'},{'JAM_STAND_STILL_TRAFFIC'},31,{7},5.0
2e698def,2e698dee4,2020-10-27,16,{'JAM'},{'JAM_HEAVY_TRAFFIC'},6,{7},5.0
2e698def,2e698dee4,2020-11-04,7,{'JAM'},{'JAM_HEAVY_TRAFFIC'},53,{7},5.811320754716981
2e698def,2e698dee4,2020-11-05,10,{'JAM'},{'JAM_STAND_STILL_TRAFFIC'},31,{7},5.0
2e698def,2e698dee4,2020-11-06,8,{'JAM'},{'JAM_STAND_STILL_TRAFFIC'},30,{7},5.0
2e698def,2e698dee4,2020-11-07,10,{'JAM'},{'JAM_HEAVY_TRAFFIC'},31,{7},5.0
2e698def,2e698dee4,2020-11-07,13,{'JAM'},"{'JAM_STAND_STILL_TRAFFIC', 'JAM_MODERATE_TRAFFIC'}",62,{7},5.0
2e698def,2e698dee4,2020-11-20,11,{'JAM'},{'JAM_STAND_STILL_TRAFFIC'},24,{7},5.0
2e698def,2e698deec,2020-09-02,9,{'JAM'},{'JAM_HEAVY_TRAFFIC'},17,{7},5.0
2e698def,2e698deec,2020-09-04,11,{'JAM'},{'JAM_STAND_STILL_TRAFFIC'},32,{7},5.84375
2e698def,2e698deec,2020-09-05,18,{'JAM'},{'JAM_STAND_STILL_TRAFFIC'},62,{7},5.0
2e698def,2e698deec,2020-09-08,13,{'JAM'},{'JAM_STAND_STILL_TRAFFIC'},10,{7},5.0
2e698def,2e698deec,2020-09-08,14,{'JAM'},{'JAM_STAND_STILL_TRAFFIC'},31,{7},5.0
2e698def,2e698deec,2020-09-09,11,{'JAM'},{'JAM'},6,{7},5.0
2e698def,2e698deec,2020-09-12,15,{'JAM'},{'JAM_HEAVY_TRAFFIC'},30,{7},5.0
2e698def,2e698deec,2020-09-13,18,{'JAM'},{'JAM_HEAVY_TRAFFIC'},34,{7},5.0
2e698def,2e698deec,2020-09-15,15,{'JAM'},{'JAM_STAND_STILL_TRAFFIC'},34,{7},5.0
2e698def,2e698deec,2020-09-17,8,"{'JAM', 'WEATHERHAZARD'}","{'HAZARD_ON_SHOULDER_CAR_STOPPED', 'JAM_MODERATE_TRAFFIC', 'JAM_HEAVY_TRAFFIC'}",67,{7},5.0
2e698def,2e698deec,2020-09-21,12,{'JAM'},{'JAM_HEAVY_TRAFFIC'},22,{7},5.181818181818182
2e698def,2e698deec,2020-09-23,10,{'JAM'},{'JAM_STAND_STILL_TRAFFIC'},30,{7},5.0
2e698def,2e698deec,2020-09-24,22,{'JAM'},{'JAM_HEAVY_TRAFFIC'},10,{7},5.0
2e698def,2e698deec,2020-09-26,17,{'JAM'},{'JAM_MODERATE_TRAFFIC'},13,{7},5.0
2e698def,2e698deec,2020-09-29,9,{'JAM'},{'JAM'},32,{7},5.0
2e698def,2e698deec,2020-09-30,14,{'JAM'},{'JAM_STAND_STILL_TRAFFIC'},29,{7},5.0
2e698def,2e698deec,2020-10-01,10,{'JAM'},{'JAM_STAND_STILL_TRAFFIC'},54,{7},5.0
2e698def,2e698deec,2020-10-13,10,{'WEATHERHAZARD'},{'HAZARD_ON_ROAD_CONSTRUCTION'},153,{7},6.973856209150327
2e698def,2e698deec,2020-10-13,14,{'JAM'},{'JAM_STAND_STILL_TRAFFIC'},31,{7},5.0
2e698def,2e698deec,2020-10-17,16,{'JAM'},{'JAM_HEAVY_TRAFFIC'},6,{7},8.0
2e698def,2e698deec,2020-10-17,17,{'WEATHERHAZARD'},{'HAZARD_ON_ROAD_OBJECT'},56,{7},7.321428571428571
2e698def,2e698deec,2020-10-19,13,{'JAM'},{'JAM_STAND_STILL_TRAFFIC'},26,{7},5.0
2e698def,2e698deec,2020-10-20,11,{'JAM'},{'JAM_STAND_STILL_TRAFFIC'},59,{7},5.0
2e698def,2e698deec,2020-10-21,18,{'JAM'},{'JAM_HEAVY_TRAFFIC'},29,{7},9.551724137931034
2e698def,2e698deec,2020-10-22,7,{'JAM'},{'JAM_STAND_STILL_TRAFFIC'},28,{7},5.0
2e698def,2e698deec,2020-10-22,9,{'JAM'},{'JAM_STAND_STILL_TRAFFIC'},30,{7},5.0
2e698def,2e698deec,2020-10-24,12,{'JAM'},{'JAM_HEAVY_TRAFFIC'},29,{7},5.0
2e698def,2e698deec,2020-10-24,14,{'JAM'},{'JAM_STAND_STILL_TRAFFIC'},101,{7},5.158415841584159
2e698def,2e698deec,2020-10-26,7,{'JAM'},{'JAM_STAND_STILL_TRAFFIC'},31,{7},5.0
2e698def,2e698deec,2020-10-26,10,{'JAM'},{'JAM_STAND_STILL_TRAFFIC'},24,{7},5.0
2e698def,2e698deec,2020-10-26,12,{'JAM'},{'JAM_STAND_STILL_TRAFFIC'},31,{7},5.580645161290323
2e698def,2e698deec,2020-10-27,9,{'JAM'},{'JAM_STAND_STILL_TRAFFIC'},30,{7},5.0
2e698def,2e698deec,2020-10-27,11,{'JAM'},{'JAM_STAND_STILL_TRAFFIC'},33,{7},6.303030303030303
2e698def,2e698deec,2020-10-30,14,{'JAM'},{'JAM_STAND_STILL_TRAFFIC'},33,{7},5.0
2e698def,2e698deec,2020-11-03,11,{'JAM'},{'JAM_STAND_STILL_TRAFFIC'},32,{7},5.0
2e698def,2e698deec,2020-11-03,12,{'JAM'},{'JAM_HEAVY_TRAFFIC'},27,{7},5.0
2e698def,2e698deec,2020-11-03,13,{'JAM'},{'JAM_STAND_STILL_TRAFFIC'},5,{7},5.0
2e698def,2e698deec,2020-11-04,8,{'JAM'},{'JAM_HEAVY_TRAFFIC'},30,{7},5.0
2e698def,2e698deec,2020-11-04,12,{'JAM'},{'JAM_HEAVY_TRAFFIC'},16,{7},5.0
2e698def,2e698deec,2020-11-05,14,{'JAM'},{'JAM_STAND_STILL_TRAFFIC'},63,{7},5.0
2e698def,2e698deec,2020-11-07,10,{'JAM'},{'JAM_HEAVY_TRAFFIC'},31,{7},5.0
2e698def,2e698deec,2020-11-07,13,{'JAM'},{'JAM_STAND_STILL_TRAFFIC'},30,{7},5.0
2e698def,2e698deec,2020-11-09,6,{'JAM'},{'JAM_HEAVY_TRAFFIC'},31,{7},5.0
2e698def,2e698deec,2020-11-10,14,{'JAM'},{'JAM_HEAVY_TRAFFIC'},30,{7},5.0
2e698def,2e698deec,2020-11-13,10,{'JAM'},{'JAM_HEAVY_TRAFFIC'},30,{7},5.5
2e698def,2e698deec,2020-11-13,14,{'JAM'},{'JAM_STAND_STILL_TRAFFIC'},76,{7},5.394736842105263
2e698def,2e698deec,2020-11-14,8,"{'JAM', 'ACCIDENT'}","{'JAM_STAND_STILL_TRAFFIC', 'ACCIDENT_MINOR'}",60,{7},6.216666666666667
2e698def,2e698deec,2020-11-16,14,{'JAM'},{'JAM_STAND_STILL_TRAFFIC'},63,{7},5.0
2e698def,2e698deec,2020-11-20,11,{'JAM'},{'JAM_STAND_STILL_TRAFFIC'},23,{7},5.0
2e698def,2e698deec,2020-11-22,19,{'JAM'},{'JAM_STAND_STILL_TRAFFIC'},30,{7},5.0
2e698def,2e698defc,2020-09-11,19,{'WEATHERHAZARD'},{'HAZARD_ON_ROAD_POT_HOLE'},1462,{1},6.369357045143639
2e698def,2e698defc,2020-09-13,20,{'WEATHERHAZARD'},{'HAZARD_ON_ROAD_POT_HOLE'},1357,{1},8.752394988946206
2e698def,2e698defc,2020-11-16,20,{'WEATHERHAZARD'},{'HAZARD_ON_ROAD_POT_HOLE'},6836,{1},7.989467524868344
2e698df1,2e698df04,2020-09-02,20,{'WEATHERHAZARD'},{'HAZARD_ON_ROAD_POT_HOLE'},3008,{1},6.721077127659575
2e698df1,2e698df04,2020-09-03,20,{'WEATHERHAZARD'},{'HAZARD_ON_ROAD_POT_HOLE'},5916,{1},6.881676808654496
2e698df1,2e698df04,2020-09-05,20,{'WEATHERHAZARD'},{'HAZARD_ON_ROAD_POT_HOLE'},3028,{1},6.747027741083223
2e698df1,2e698df04,2020-09-08,15,"{'JAM', 'WEATHERHAZARD'}","{'JAM_STAND_STILL_TRAFFIC', 'HAZARD_ON_ROAD_POT_HOLE'}",2809,{1},6.978284086863653
2e698df1,2e698df04,2020-09-08,19,{'WEATHERHAZARD'},"{'HAZARD_ON_SHOULDER_ANIMALS', 'HAZARD_ON_ROAD_POT_HOLE'}",2565,{1},5.987524366471735
2e698df1,2e698df04,2020-09-10,20,{'WEATHERHAZARD'},{'HAZARD_ON_ROAD_POT_HOLE'},6759,{1},6.698328155052523
2e698df1,2e698df04,2020-09-12,12,{'WEATHERHAZARD'},{'HAZARD_ON_ROAD_POT_HOLE'},4381,{1},8.202236932207258
2e698df1,2e698df04,2020-09-13,20,{'WEATHERHAZARD'},{'HAZARD_ON_SHOULDER_CAR_STOPPED'},31,{1},5.0
2e698df1,2e698df04,2020-09-14,19,{'WEATHERHAZARD'},{'HAZARD_ON_ROAD_POT_HOLE'},4395,{1},5.982480091012515
2e698df1,2e698df04,2020-09-16,20,{'WEATHERHAZARD'},{'HAZARD_ON_ROAD_POT_HOLE'},2243,{1},5.0
2e698df1,2e698df04,2020-09-17,19,{'WEATHERHAZARD'},{'HAZARD_ON_ROAD_POT_HOLE'},6148,{1},8.483246584255042
2e698df1,2e698df04,2020-09-20,19,{'WEATHERHAZARD'},{'HAZARD_ON_ROAD_POT_HOLE'},4934,{1},5.5
2e698df1,2e698df04,2020-09-22,18,{'WEATHERHAZARD'},{'HAZARD_ON_ROAD_POT_HOLE'},9772,{1},7.963467048710601
2e698df1,2e698df04,2020-09-24,19,{'WEATHERHAZARD'},{'HAZARD_ON_ROAD_POT_HOLE'},6805,{1},5.932990448199853
2e698df1,2e698df04,2020-09-25,19,{'JAM'},{'JAM_STAND_STILL_TRAFFIC'},30,{1},5.0
2e698df1,2e698df04,2020-09-26,20,{'JAM'},{'JAM_STAND_STILL_TRAFFIC'},31,{1},5.0
2e698df1,2e698df04,2020-09-30,19,{'WEATHERHAZARD'},{'HAZARD_ON_ROAD_POT_HOLE'},8272,{1},7.862669245647969
2e698df1,2e698df04,2020-10-02,20,{'WEATHERHAZARD'},{'HAZARD_ON_ROAD_ROAD_KILL'},31,{1},5.0
2e698df1,2e698df04,2020-10-06,5,{'WEATHERHAZARD'},{'HAZARD_ON_ROAD_POT_HOLE'},3863,{1},5.0
2e698df1,2e698df04,2020-10-06,21,{'WEATHERHAZARD'},{'HAZARD_ON_ROAD_POT_HOLE'},2900,{1},5.189655172413793
2e698df1,2e698df04,2020-10-11,19,{'WEATHERHAZARD'},{'HAZARD_ON_ROAD_POT_HOLE'},2506,{1},6.827214684756584
2e698df1,2e698df04,2020-10-12,20,{'WEATHERHAZARD'},"{'HAZARD_ON_ROAD_POT_HOLE', 'HAZARD_ON_ROAD_ROAD_KILL'}",4521,{1},5.992921919929219
2e698df1,2e698df04,2020-10-14,20,{'WEATHERHAZARD'},{'HAZARD_ON_ROAD_POT_HOLE'},2926,{1},5.999658236500342
2e698df1,2e698df04,2020-10-15,20,{'WEATHERHAZARD'},"{'HAZARD_ON_ROAD_CAR_STOPPED', 'HAZARD_ON_ROAD_POT_HOLE'}",7016,{1},7.938711516533638
2e698df1,2e698df04,2020-10-20,19,{'WEATHERHAZARD'},"{'HAZARD_ON_SHOULDER_CAR_STOPPED', 'HAZARD_ON_ROAD_POT_HOLE'}",10104,{1},7.135391923990499
2e698df1,2e698df04,2020-10-21,2,{'WEATHERHAZARD'},"{'HAZARD_WEATHER_FLOOD', 'HAZARD_ON_ROAD_POT_HOLE'}",10107,{1},5.990006925892946
2e698df1,2e698df04,2020-11-06,3,{'WEATHERHAZARD'},{'HAZARD_ON_ROAD_POT_HOLE'},12519,{1},8.692307692307692
2e698df1,2e698df04,2020-11-08,14,"{'JAM', 'WEATHERHAZARD', 'ACCIDENT'}","{'HAZARD_WEATHER_HEAVY_SNOW', 'JAM_STAND_STILL_TRAFFIC', 'ACCIDENT_MINOR'}",182,{1},5.0
2e698df1,2e698df04,2020-11-11,20,{'WEATHERHAZARD'},{'HAZARD_ON_SHOULDER_CAR_STOPPED'},31,{1},5.0
2e698df1,2e698df04,2020-11-13,20,{'WEATHERHAZARD'},"{'HAZARD_ON_SHOULDER_CAR_STOPPED', 'HAZARD_ON_ROAD_POT_HOLE'}",10100,{1},8.175346534653466
2e698df1,2e698df04,2020-11-14,20,{'WEATHERHAZARD'},{'HAZARD_ON_SHOULDER_CAR_STOPPED'},31,{1},5.0
2e698df1,2e698df04,2020-11-15,20,{'WEATHERHAZARD'},"{'HAZARD_ON_SHOULDER_CAR_STOPPED', 'HAZARD_ON_ROAD_ROAD_KILL'}",61,{1},5.442622950819672
2e698df1,2e698df04,2020-11-16,19,{'WEATHERHAZARD'},"{'HAZARD_ON_ROAD_POT_HOLE', 'HAZARD_ON_ROAD_ROAD_KILL'}",10095,{1},6.996631996037642
2e698df1,2e698df04,2020-11-17,4,{'WEATHERHAZARD'},{'HAZARD_ON_SHOULDER_CAR_STOPPED'},32,{1},5.0
2e698df1,2e698df1c,2020-09-05,20,{'WEATHERHAZARD'},{'HAZARD_ON_ROAD_POT_HOLE'},2980,{1},5.341610738255033
2e698df1,2e698df1c,2020-09-07,20,{'WEATHERHAZARD'},{'HAZARD_ON_ROAD_ROAD_KILL'},30,{1},5.0
2e698df1,2e698df1c,2020-09-08,10,{'JAM'},{'JAM_HEAVY_TRAFFIC'},30,{7},5.0
2e698df1,2e698df1c,2020-09-09,19,{'WEATHERHAZARD'},{'HAZARD_ON_ROAD_POT_HOLE'},1211,{1},6.909991742361685
2e698df1,2e698df1c,2020-09-11,22,{'JAM'},{'JAM_HEAVY_TRAFFIC'},6,{7},5.0
2e698df1,2e698df1c,2020-09-16,19,{'WEATHERHAZARD'},{'HAZARD_ON_ROAD_POT_HOLE'},2288,{1},7.961538461538462
2e698df1,2e698df1c,2020-09-22,18,{'WEATHERHAZARD'},{'HAZARD_ON_ROAD_POT_HOLE'},3097,{1},6.924443009363901
2e698df1,2e698df1c,2020-09-24,19,{'WEATHERHAZARD'},{'HAZARD_ON_ROAD_POT_HOLE'},7353,{1},6.149734802121583
2e698df1,2e698df1c,2020-10-06,5,{'WEATHERHAZARD'},"{'HAZARD_ON_ROAD_CAR_STOPPED', 'HAZARD_ON_ROAD', 'HAZARD_ON_ROAD_POT_HOLE'}",7791,{1},7.293287126171223
2e698df1,2e698df1c,2020-10-16,17,{'JAM'},{'JAM_MODERATE_TRAFFIC'},31,{7},5.0
2e698df1,2e698df1c,2020-10-21,19,{'JAM'},"{'JAM_STAND_STILL_TRAFFIC', 'JAM_MODERATE_TRAFFIC'}",38,{7},5.0
2e698df1,2e698df1c,2020-11-04,7,{'JAM'},{'JAM_STAND_STILL_TRAFFIC'},30,{7},5.0
2e698df1,2e698df1c,2020-11-05,8,{'JAM'},{'JAM_STAND_STILL_TRAFFIC'},31,{7},5.0
2e698df1,2e698df1c,2020-11-07,12,{'JAM'},{'JAM_HEAVY_TRAFFIC'},34,{7},5.0
2e698df1,2e698df1c,2020-11-10,8,{'WEATHERHAZARD'},{'WEATHERHAZARD'},30,{1},5.0
2e698df3,2e698df24,2020-09-05,8,{'JAM'},{'JAM'},17,{7},5.0
2e698df3,2e698df24,2020-09-08,13,{'JAM'},{'JAM_STAND_STILL_TRAFFIC'},6,{7},5.0
2e698df3,2e698df24,2020-09-11,8,{'JAM'},{'JAM_STAND_STILL_TRAFFIC'},31,{7},5.0
2e698df3,2e698df24,2020-09-11,17,"{'JAM', 'WEATHERHAZARD'}","{'HAZARD_ON_SHOULDER_CAR_STOPPED', 'JAM_HEAVY_TRAFFIC'}",93,{7},5.602150537634409
2e698df3,2e698df24,2020-09-15,13,{'JAM'},{'JAM_HEAVY_TRAFFIC'},17,{7},5.0
2e698df3,2e698df24,2020-10-05,13,{'JAM'},{'JAM_MODERATE_TRAFFIC'},5,{7},5.0
2e698df3,2e698df24,2020-10-08,10,{'JAM'},{'JAM'},11,{7},5.0
2e698df3,2e698df24,2020-10-16,17,{'JAM'},{'JAM_MODERATE_TRAFFIC'},9,{7},5.0
2e698df3,2e698df24,2020-10-26,16,{'JAM'},{'JAM_HEAVY_TRAFFIC'},32,{7},5.0
2e698df3,2e698df24,2020-11-01,10,{'JAM'},{'JAM_HEAVY_TRAFFIC'},6,{7},5.0
2e698df3,2e698df24,2020-11-05,10,{'JAM'},{'JAM_STAND_STILL_TRAFFIC'},21,{7},5.0
2e698df3,2e698df24,2020-11-22,16,{'JAM'},{'JAM_MODERATE_TRAFFIC'},23,{7},5.0
2e698df3,2e698df34,2020-09-01,13,{'JAM'},{'JAM_STAND_STILL_TRAFFIC'},12,{7},5.916666666666667
2e698df3,2e698df34,2020-09-14,11,{'JAM'},{'JAM_MODERATE_TRAFFIC'},32,{7},5.0
2e698df3,2e698df34,2020-09-20,11,{'JAM'},{'JAM'},5,{7},5.0
2e698df3,2e698df34,2020-10-02,18,{'JAM'},{'JAM_MODERATE_TRAFFIC'},5,{7},5.0
2e698df3,2e698df34,2020-10-26,16,{'JAM'},{'JAM_STAND_STILL_TRAFFIC'},31,{7},5.0
2e698df3,2e698df34,2020-10-27,10,{'JAM'},{'JAM_HEAVY_TRAFFIC'},30,{7},5.633333333333334
2e698df3,2e698df34,2020-11-01,10,{'JAM'},{'JAM_HEAVY_TRAFFIC'},30,{7},5.0
2e698df3,2e698df3c,2020-09-01,19,{'JAM'},{'JAM'},31,{7},5.0
2e698df3,2e698df3c,2020-09-24,21,{'JAM'},{'JAM_HEAVY_TRAFFIC'},19,{7},5.2631578947368425
2e698df3,2e698df3c,2020-10-04,20,{'WEATHERHAZARD'},{'HAZARD_WEATHER_FLOOD'},14,{7},6.071428571428571
2e698df3,2e698df3c,2020-10-11,20,{'JAM'},{'JAM_MODERATE_TRAFFIC'},8,{7},5.0
2e698df3,2e698df3c,2020-10-20,17,{'JAM'},{'JAM_HEAVY_TRAFFIC'},37,{7},5.45945945945946
2e698df3,2e698df3c,2020-10-22,9,{'JAM'},{'JAM'},31,{7},5.0
2e698df3,2e698df3c,2020-10-26,16,{'JAM'},{'JAM_STAND_STILL_TRAFFIC'},47,{7},5.361702127659575
2e698df3,2e698df3c,2020-10-27,16,{'JAM'},{'JAM_HEAVY_TRAFFIC'},32,{7},5.0
2e698df3,2e698df3c,2020-11-01,10,{'JAM'},{'JAM_HEAVY_TRAFFIC'},31,{7},5.0
2e698df3,2e698df3c,2020-11-10,8,{'JAM'},{'JAM_STAND_STILL_TRAFFIC'},34,{7},5.0
2e698df3,2e698df3c,2020-11-16,12,{'WEATHERHAZARD'},{'WEATHERHAZARD'},30,{7},6.466666666666667
2e698df5,2e698df4c,2020-09-01,13,{'JAM'},{'JAM_STAND_STILL_TRAFFIC'},31,{7},5.0
2e698df5,2e698df4c,2020-09-04,13,{'JAM'},{'JAM_HEAVY_TRAFFIC'},24,{7},5.0
2e698df5,2e698df4c,2020-09-08,14,{'JAM'},{'JAM_STAND_STILL_TRAFFIC'},7,{7},5.0
2e698df5,2e698df4c,2020-09-16,16,{'JAM'},{'JAM_HEAVY_TRAFFIC'},27,{7},5.0
2e698df5,2e698df4c,2020-09-28,11,{'JAM'},{'JAM'},6,{7},5.0
2e698df5,2e698df4c,2020-10-01,11,{'JAM'},{'JAM_HEAVY_TRAFFIC'},6,{7},5.0
2e698df5,2e698df4c,2020-10-02,18,{'JAM'},{'JAM_MODERATE_TRAFFIC'},5,{7},5.0
2e698df5,2e698df4c,2020-10-05,18,{'JAM'},{'JAM_HEAVY_TRAFFIC'},6,{7},5.0
2e698df5,2e698df4c,2020-10-07,10,{'JAM'},"{'JAM_STAND_STILL_TRAFFIC', 'JAM_MODERATE_TRAFFIC', 'JAM_HEAVY_TRAFFIC'}",71,{7},5.0
2e698df5,2e698df4c,2020-10-14,18,{'JAM'},{'JAM_HEAVY_TRAFFIC'},16,{7},5.0
2e698df5,2e698df4c,2020-10-16,17,{'JAM'},{'JAM_HEAVY_TRAFFIC'},32,{7},5.0
2e698df5,2e698df4c,2020-10-20,9,{'JAM'},{'JAM_STAND_STILL_TRAFFIC'},30,{7},5.0
2e698df5,2e698df4c,2020-10-20,18,{'JAM'},{'JAM_STAND_STILL_TRAFFIC'},32,{7},5.0
2e698df5,2e698df4c,2020-10-22,9,{'JAM'},{'JAM_HEAVY_TRAFFIC'},25,{7},5.0
2e698df5,2e698df4c,2020-10-27,10,{'JAM'},{'JAM_STAND_STILL_TRAFFIC'},6,{7},5.0
2e698df5,2e698df4c,2020-10-27,16,{'JAM'},{'JAM_HEAVY_TRAFFIC'},31,{7},5.0
2e698df5,2e698df4c,2020-10-29,16,{'JAM'},{'JAM_STAND_STILL_TRAFFIC'},31,{7},5.0
2e698df5,2e698df4c,2020-11-01,10,{'JAM'},{'JAM_MODERATE_TRAFFIC'},5,{7},5.0
2e698df5,2e698df4c,2020-11-03,17,{'JAM'},{'JAM'},33,{7},5.0
2e698df5,2e698df4c,2020-11-07,11,{'JAM'},{'JAM_HEAVY_TRAFFIC'},11,{7},5.0
2e698df5,2e698df4c,2020-11-17,10,{'JAM'},{'JAM'},30,{7},5.0
2e698df5,2e698df4c,2020-11-17,17,{'WEATHERHAZARD'},{'HAZARD_ON_ROAD_CAR_STOPPED'},16,{7},5.0
2e698df5,2e698df4c,2020-11-18,10,{'JAM'},"{'JAM', 'JAM_STAND_STILL_TRAFFIC'}",61,{7},5.491803278688525
2e698df5,2e698df54,2020-09-05,16,{'JAM'},{'JAM_MODERATE_TRAFFIC'},35,{7},5.0
2e698df5,2e698df54,2020-09-09,11,{'ACCIDENT'},{'ACCIDENT'},122,{1},7.631147540983607
2e698df5,2e698df54,2020-09-10,9,{'JAM'},{'JAM'},29,{7},5.0
2e698df5,2e698df54,2020-09-10,17,{'JAM'},{'JAM_MODERATE_TRAFFIC'},31,{7},5.0
2e698df5,2e698df54,2020-09-12,17,{'JAM'},{'JAM_STAND_STILL_TRAFFIC'},33,{7},5.0
2e698df5,2e698df54,2020-09-16,12,{'JAM'},{'JAM_STAND_STILL_TRAFFIC'},13,{7},6.0
2e698df5,2e698df54,2020-09-17,16,{'JAM'},{'JAM_HEAVY_TRAFFIC'},32,{7},5.0
2e698df5,2e698df54,2020-09-17,18,{'WEATHERHAZARD'},{'HAZARD_ON_SHOULDER_CAR_STOPPED'},8,{7},5.125
2e698df5,2e698df54,2020-09-18,17,{'JAM'},{'JAM_HEAVY_TRAFFIC'},31,{2},5.0
2e698df5,2e698df54,2020-09-18,18,{'JAM'},{'JAM_HEAVY_TRAFFIC'},32,{7},5.875
2e698df5,2e698df54,2020-09-22,18,{'JAM'},{'JAM_HEAVY_TRAFFIC'},30,{7},5.0
2e698df5,2e698df54,2020-09-24,16,{'JAM'},{'JAM_STAND_STILL_TRAFFIC'},31,{7},5.0
2e698df5,2e698df54,2020-09-26,12,{'JAM'},{'JAM_STAND_STILL_TRAFFIC'},31,{7},5.0
2e698df5,2e698df54,2020-09-26,17,{'JAM'},{'JAM_MODERATE_TRAFFIC'},8,{7},5.0
2e698df5,2e698df54,2020-09-29,16,{'JAM'},{'JAM_HEAVY_TRAFFIC'},32,{7},5.0
2e698df5,2e698df54,2020-10-01,11,{'JAM'},"{'JAM_STAND_STILL_TRAFFIC', 'JAM_HEAVY_TRAFFIC'}",64,{7},5.0
2e698df5,2e698df54,2020-10-02,17,{'JAM'},{'JAM_STAND_STILL_TRAFFIC'},31,{7},5.0
2e698df5,2e698df54,2020-10-05,8,{'JAM'},{'JAM_MODERATE_TRAFFIC'},35,{7},5.0
2e698df5,2e698df54,2020-10-05,17,{'JAM'},{'JAM_HEAVY_TRAFFIC'},44,{2},5.386363636363637
2e698df5,2e698df54,2020-10-07,10,{'JAM'},{'JAM_HEAVY_TRAFFIC'},30,{7},5.0
2e698df5,2e698df54,2020-10-08,15,{'JAM'},{'JAM_HEAVY_TRAFFIC'},34,{7},5.0
2e698df5,2e698df54,2020-10-10,10,{'JAM'},{'JAM_STAND_STILL_TRAFFIC'},46,{7},6.239130434782608
2e698df5,2e698df54,2020-10-10,13,{'JAM'},{'JAM_STAND_STILL_TRAFFIC'},14,{2},5.0
2e698df5,2e698df54,2020-10-16,17,{'JAM'},{'JAM_STAND_STILL_TRAFFIC'},33,{7},5.0
2e698df5,2e698df54,2020-10-19,11,{'JAM'},{'JAM_HEAVY_TRAFFIC'},5,{7},5.0
2e698df5,2e698df54,2020-10-20,18,{'JAM'},{'JAM_STAND_STILL_TRAFFIC'},67,{7},5.402985074626866
2e698df5,2e698df54,2020-10-21,17,{'JAM'},{'JAM_STAND_STILL_TRAFFIC'},31,{7},5.0
2e698df5,2e698df54,2020-10-23,9,{'JAM'},{'JAM_STAND_STILL_TRAFFIC'},34,{2},5.4411764705882355
2e698df5,2e698df54,2020-10-23,10,{'JAM'},{'JAM'},5,{7},5.0
2e698df5,2e698df54,2020-10-23,17,{'JAM'},{'JAM_STAND_STILL_TRAFFIC'},33,{2},5.0
2e698df5,2e698df54,2020-10-26,17,{'JAM'},{'JAM_HEAVY_TRAFFIC'},21,{2},6.0
2e698df5,2e698df54,2020-10-27,10,{'JAM'},{'JAM_HEAVY_TRAFFIC'},30,{7},5.0
2e698df5,2e698df54,2020-10-27,16,{'JAM'},{'JAM_HEAVY_TRAFFIC'},65,{7},5.0
2e698df5,2e698df54,2020-10-28,14,{'JAM'},{'JAM_STAND_STILL_TRAFFIC'},69,{7},5.463768115942029
2e698df5,2e698df54,2020-11-01,10,{'JAM'},{'JAM_MODERATE_TRAFFIC'},24,{7},5.0
2e698df5,2e698df54,2020-11-03,17,{'JAM'},{'JAM_HEAVY_TRAFFIC'},32,{2},5.0
2e698df5,2e698df54,2020-11-05,10,{'JAM'},{'JAM_STAND_STILL_TRAFFIC'},30,{7},5.0
2e698df5,2e698df54,2020-11-05,18,{'JAM'},{'JAM_STAND_STILL_TRAFFIC'},32,{7},5.0
2e698df5,2e698df54,2020-11-06,8,{'JAM'},{'JAM_HEAVY_TRAFFIC'},33,{7},5.0
2e698df5,2e698df54,2020-11-07,11,{'JAM'},{'JAM_STAND_STILL_TRAFFIC'},32,{7},5.0
2e698df5,2e698df54,2020-11-09,17,{'JAM'},{'JAM_HEAVY_TRAFFIC'},31,{7},5.0
2e698df5,2e698df54,2020-11-10,17,{'JAM'},{'JAM_STAND_STILL_TRAFFIC'},30,{2},5.0
2e698df5,2e698df54,2020-11-12,16,{'JAM'},{'JAM_HEAVY_TRAFFIC'},31,{7},5.0
2e698df5,2e698df54,2020-11-13,9,{'JAM'},"{'JAM_STAND_STILL_TRAFFIC', 'JAM_HEAVY_TRAFFIC'}",58,{7},5.0
2e698df5,2e698df54,2020-11-13,11,{'JAM'},{'JAM'},21,{7},5.0
2e698df5,2e698df54,2020-11-13,17,{'JAM'},{'JAM_HEAVY_TRAFFIC'},30,{7},5.7
2e698df5,2e698df54,2020-11-14,10,{'JAM'},{'JAM_HEAVY_TRAFFIC'},30,{7},5.0
2e698df5,2e698df54,2020-11-17,16,{'JAM'},{'JAM_STAND_STILL_TRAFFIC'},33,{7},5.0
2e698df5,2e698df54,2020-11-19,12,{'JAM'},{'JAM_STAND_STILL_TRAFFIC'},30,{7},5.0
2e698df5,2e698df54,2020-11-19,15,{'JAM'},{'JAM_HEAVY_TRAFFIC'},32,{7},5.0
2e698df5,2e698df54,2020-11-21,12,{'JAM'},{'JAM_STAND_STILL_TRAFFIC'},14,{2},5.0
2e698df5,2e698df54,2020-11-22,16,{'JAM'},{'JAM_MODERATE_TRAFFIC'},30,{7},5.0
2e698df7,2e698df64,2020-11-09,8,{'WEATHERHAZARD'},{'WEATHERHAZARD'},30,{1},5.0
2e698df9,2e698df9c,2020-10-20,18,{'WEATHERHAZARD'},{'HAZARD_WEATHER_FLOOD'},31,{1},5.0
2e698dfd,2e698dfdc,2020-10-10,13,{'JAM'},{'JAM_MODERATE_TRAFFIC'},30,{2},5.0
2e698dff,2e698dfe4,2020-11-04,18,{'JAM'},{'JAM_STAND_STILL_TRAFFIC'},5,{2},5.0
2e698dff,2e698dffc,2020-11-09,23,{'WEATHERHAZARD'},{'WEATHERHAZARD'},30,{22},5.0
2e698e03,2e698e02c,2020-11-09,15,{'JAM'},{'JAM'},31,{1},5.0
2e698e03,2e698e03c,2020-11-05,14,{'JAM'},{'JAM_HEAVY_TRAFFIC'},30,{2},5.0
2e698e05,2e698e044,2020-09-15,17,{'JAM'},{'JAM_MODERATE_TRAFFIC'},33,{2},6.0
2e698e07,2e698e064,2020-09-21,15,"{'JAM', 'ACCIDENT'}","{'JAM_STAND_STILL_TRAFFIC', 'ACCIDENT_MAJOR'}",185,{22},5.3297297297297295
2e698e07,2e698e064,2020-09-22,17,{'JAM'},{'JAM_MODERATE_TRAFFIC'},32,{22},5.0
2e698e07,2e698e074,2020-10-10,13,{'JAM'},{'JAM_HEAVY_TRAFFIC'},33,{2},5.0
2e698e07,2e698e07c,2020-10-10,13,{'JAM'},{'JAM_HEAVY_TRAFFIC'},7,{2},5.0
2e698e09,2e698e094,2020-11-14,16,{'JAM'},{'JAM'},30,{2},5.0
2e698e0b,2e698e0a4,2020-10-26,17,{'JAM'},{'JAM_STAND_STILL_TRAFFIC'},30,{1},5.0
2e698e0b,2e698e0a4,2020-10-26,19,{'JAM'},{'JAM'},33,{1},5.0
2e698e0b,2e698e0b4,2020-11-07,21,"{'WEATHERHAZARD', 'ACCIDENT'}","{'HAZARD_WEATHER_FLOOD', 'ACCIDENT'}",154,{1},5.0
2e698e0d,2e698e0d4,2020-09-05,12,{'JAM'},{'JAM_HEAVY_TRAFFIC'},34,{2},5.0
2e698e0d,2e698e0d4,2020-09-21,16,{'JAM'},{'JAM_HEAVY_TRAFFIC'},20,{2},5.0
2e698e0d,2e698e0d4,2020-09-24,17,{'JAM'},{'JAM_HEAVY_TRAFFIC'},30,{2},5.0
2e698e0d,2e698e0d4,2020-09-27,16,{'JAM'},{'JAM_HEAVY_TRAFFIC'},13,{2},5.0
2e698e0d,2e698e0d4,2020-10-03,10,{'JAM'},{'JAM_MODERATE_TRAFFIC'},22,{2},5.0
2e698e0d,2e698e0d4,2020-10-12,17,{'JAM'},{'JAM_STAND_STILL_TRAFFIC'},32,{2},5.96875
2e698e0d,2e698e0d4,2020-10-17,20,{'JAM'},{'JAM_STAND_STILL_TRAFFIC'},30,{2},5.0
2e698e0d,2e698e0d4,2020-10-26,18,{'WEATHERHAZARD'},{'HAZARD_WEATHER_FLOOD'},66,{1},5.0
2e698e0d,2e698e0d4,2020-10-26,20,{'JAM'},{'JAM_HEAVY_TRAFFIC'},30,{2},5.0
2e698e0d,2e698e0d4,2020-11-08,19,{'JAM'},{'JAM_HEAVY_TRAFFIC'},30,{2},5.0
2e698e0d,2e698e0dc,2020-09-15,17,{'JAM'},{'JAM_HEAVY_TRAFFIC'},33,{2},5.0
2e698e0d,2e698e0dc,2020-10-10,15,{'JAM'},{'JAM_STAND_STILL_TRAFFIC'},32,{2},5.0
2e698e0d,2e698e0dc,2020-10-12,17,{'JAM'},{'JAM_HEAVY_TRAFFIC'},32,{2},5.96875
2e698e0d,2e698e0dc,2020-10-26,15,{'JAM'},{'JAM_HEAVY_TRAFFIC'},31,{2},6.709677419354839
2e698e0d,2e698e0dc,2020-10-27,20,{'JAM'},{'JAM_STAND_STILL_TRAFFIC'},31,{2},5.612903225806452
2e698e0d,2e698e0dc,2020-10-31,8,{'WEATHERHAZARD'},{'HAZARD_ON_ROAD_CAR_STOPPED'},30,{2},5.433333333333334
2e698e0d,2e698e0dc,2020-11-06,16,{'JAM'},{'JAM_MODERATE_TRAFFIC'},17,{2},5.0
2e698e0d,2e698e0dc,2020-11-06,20,{'JAM'},{'JAM_STAND_STILL_TRAFFIC'},6,{2},5.666666666666667
2e698e0d,2e698e0dc,2020-11-09,17,{'JAM'},{'JAM_HEAVY_TRAFFIC'},32,{2},5.5
2e698e0d,2e698e0dc,2020-11-17,8,{'JAM'},{'JAM_STAND_STILL_TRAFFIC'},36,{2},5.0
2e698e0d,2e698e0dc,2020-11-22,17,{'JAM'},{'JAM_STAND_STILL_TRAFFIC'},32,{2},5.0
2e698e0f,2e698e0e4,2020-10-24,8,{'JAM'},{'JAM_HEAVY_TRAFFIC'},33,{1},5.0
2e698e0f,2e698e0ec,2020-09-30,9,{'JAM'},{'JAM_STAND_STILL_TRAFFIC'},30,{2},5.0
2e698e0f,2e698e0ec,2020-10-26,16,{'JAM'},{'JAM_STAND_STILL_TRAFFIC'},32,{2},5.65625
2e698e0f,2e698e0ec,2020-10-26,17,{'JAM'},{'JAM_STAND_STILL_TRAFFIC'},62,{2},5.0
2e698e0f,2e698e0ec,2020-10-29,8,{'JAM'},{'JAM'},20,{2},5.0
2e698e0f,2e698e0f4,2020-10-26,17,{'JAM'},{'JAM_STAND_STILL_TRAFFIC'},31,{2},5.0
2e698e0f,2e698e0f4,2020-11-09,19,{'JAM'},{'JAM'},32,{22},5.0
2e698e0f,2e698e0f4,2020-11-13,18,{'ACCIDENT'},{'ACCIDENT_MINOR'},122,{2},5.729508196721311
2e698e11,2e698e104,2020-09-08,12,{'WEATHERHAZARD'},{'HAZARD_ON_ROAD_ICE'},71,{1},5.0
2e698e13,2e698e12c,2020-10-26,18,{'WEATHERHAZARD'},{'HAZARD_WEATHER_FLOOD'},71,{1},5.0
2e698e15,2e698e154,2020-10-18,12,{'JAM'},{'JAM_MODERATE_TRAFFIC'},30,{22},5.0
2e698e17,2e698e164,2020-10-04,17,{'JAM'},{'JAM_HEAVY_TRAFFIC'},64,{2},5.0
2e698e17,2e698e164,2020-10-18,18,{'JAM'},{'JAM'},62,{1},5.0
2e698e17,2e698e16c,2020-09-06,16,{'JAM'},{'JAM_STAND_STILL_TRAFFIC'},58,{2},5.0
2e698e17,2e698e16c,2020-09-18,17,{'JAM'},"{'JAM_MODERATE_TRAFFIC', 'JAM_HEAVY_TRAFFIC'}",123,{2},5.0
2e698e17,2e698e16c,2020-09-27,16,{'JAM'},{'JAM_HEAVY_TRAFFIC'},60,{2},5.0
2e698e17,2e698e16c,2020-10-04,17,{'JAM'},{'JAM_HEAVY_TRAFFIC'},66,{2},5.0
2e698e17,2e698e16c,2020-11-09,17,{'JAM'},{'JAM_HEAVY_TRAFFIC'},79,{2},5.455696202531645
2e698e17,2e698e17c,2020-09-13,16,{'JAM'},{'JAM_MODERATE_TRAFFIC'},12,{2},5.0
2e698e17,2e698e17c,2020-11-07,9,{'JAM'},{'JAM_STAND_STILL_TRAFFIC'},10,{2},5.0
2e698e17,2e698e17c,2020-11-19,15,{'JAM'},{'JAM_HEAVY_TRAFFIC'},60,{1},5.0
2e698e1b,2e698e1ac,2020-10-08,15,{'JAM'},{'JAM'},67,{1},5.0
2e698e1b,2e698e1bc,2020-11-14,20,{'JAM'},{'JAM'},64,{17},5.0
2e698e1d,2e698e1c4,2020-11-02,17,{'JAM'},{'JAM_STAND_STILL_TRAFFIC'},60,{1},5.0
2e698e1d,2e698e1d4,2020-11-18,16,{'JAM'},{'JAM_MODERATE_TRAFFIC'},32,{22},5.0
2e698e21,2e698e204,2020-10-17,17,{'JAM'},{'JAM_HEAVY_TRAFFIC'},62,{2},5.967741935483871
2e698e21,2e698e204,2020-10-24,16,{'JAM'},{'JAM_HEAVY_TRAFFIC'},62,{2},5.0
2e698e21,2e698e204,2020-11-07,21,{'JAM'},{'JAM_HEAVY_TRAFFIC'},62,{2},5.0
2e698e21,2e698e204,2020-11-15,17,{'JAM'},{'JAM_STAND_STILL_TRAFFIC'},63,{2},5.0
2e698e21,2e698e204,2020-11-22,17,{'JAM'},{'JAM_HEAVY_TRAFFIC'},64,{2},5.0
2e698e21,2e698e214,2020-09-28,16,{'JAM'},{'JAM_STAND_STILL_TRAFFIC'},74,{2},5.45945945945946
2e698e21,2e698e214,2020-10-24,16,{'JAM'},{'JAM_MODERATE_TRAFFIC'},66,{2},5.0
2e698e21,2e698e214,2020-10-25,10,{'JAM'},{'JAM_HEAVY_TRAFFIC'},61,{2},5.0
2e698e21,2e698e214,2020-10-30,17,{'JAM'},{'JAM_STAND_STILL_TRAFFIC'},128,{2},5.0
2e698e21,2e698e214,2020-11-21,19,{'JAM'},{'JAM_MODERATE_TRAFFIC'},18,{2},5.0
2e698e21,2e698e21c,2020-10-17,17,{'JAM'},{'JAM_HEAVY_TRAFFIC'},60,{2},5.0
2e698e23,2e698e234,2020-10-26,16,{'JAM'},{'JAM_HEAVY_TRAFFIC'},62,{2},5.0
2e698e23,2e698e234,2020-11-15,19,{'JAM'},{'JAM_HEAVY_TRAFFIC'},82,{2},5.414634146341464
2e698e23,2e698e23c,2020-09-03,0,{'JAM'},{'JAM'},62,{1},5.0
2e698e23,2e698e23c,2020-09-26,17,{'JAM'},{'JAM_HEAVY_TRAFFIC'},64,{2},5.0
2e698e23,2e698e23c,2020-10-18,17,{'JAM'},{'JAM_STAND_STILL_TRAFFIC'},60,{2},5.0
2e698e23,2e698e23c,2020-10-26,16,{'JAM'},{'JAM_HEAVY_TRAFFIC'},62,{2},5.0
2e698e23,2e698e23c,2020-11-11,15,{'JAM'},{'JAM_HEAVY_TRAFFIC'},62,{2},5.0
2e698e25,2e698e244,2020-09-12,12,{'JAM'},{'JAM_MODERATE_TRAFFIC'},64,{1},5.0
2e698e25,2e698e244,2020-10-28,14,{'JAM'},{'JAM'},67,{1},5.0
2e698e25,2e698e24c,2020-11-16,9,{'WEATHERHAZARD'},{'HAZARD_ON_ROAD_POT_HOLE'},445,{2},7.568539325842696
2e698e25,2e698e24c,2020-11-16,16,"{'JAM', 'WEATHERHAZARD'}","{'JAM', 'WEATHERHAZARD'}",62,{1},5.5
2e698e27,2e698e27c,2020-09-10,2,{'WEATHERHAZARD'},{'HAZARD_ON_ROAD'},31,{1},5.0
2e698e29,2e698e284,2020-11-04,11,{'WEATHERHAZARD'},{'HAZARD_ON_SHOULDER_CAR_STOPPED'},32,{2},5.0
2e698e29,2e698e284,2020-11-04,12,{'WEATHERHAZARD'},{'HAZARD_ON_SHOULDER_CAR_STOPPED'},30,{2},5.0
2e698e29,2e698e284,2020-11-04,14,{'WEATHERHAZARD'},{'HAZARD_ON_SHOULDER_CAR_STOPPED'},31,{2},5.0
2e698e29,2e698e284,2020-11-05,11,{'WEATHERHAZARD'},{'WEATHERHAZARD'},30,{2},5.0
2e698e2f,2e698e2e4,2020-10-25,9,{'WEATHERHAZARD'},{'HAZARD_ON_ROAD_CONSTRUCTION'},295,{2},7.206779661016949
2e698e2f,2e698e2e4,2020-11-04,17,{'WEATHERHAZARD'},{'HAZARD_ON_ROAD_CONSTRUCTION'},721,{2},9.57004160887656
2e698e2f,2e698e2fc,2020-11-04,12,{'WEATHERHAZARD'},{'HAZARD_ON_SHOULDER_CAR_STOPPED'},30,{1},5.0
2e698e31,2e698e30c,2020-09-20,10,{'WEATHERHAZARD'},{'HAZARD_WEATHER'},30,{2},5.0
2e698e31,2e698e30c,2020-10-02,18,{'JAM'},{'JAM_STAND_STILL_TRAFFIC'},30,{2},5.0
2e698e31,2e698e30c,2020-10-26,18,{'JAM'},{'JAM_HEAVY_TRAFFIC'},46,{2},5.0
2e698e31,2e698e30c,2020-11-16,9,{'WEATHERHAZARD'},{'HAZARD_ON_ROAD_POT_HOLE'},1731,{2},9.090121317157712
2e698e31,2e698e314,2020-09-11,16,{'JAM'},{'JAM_MODERATE_TRAFFIC'},7,{2},5.0
2e698e31,2e698e314,2020-09-19,14,{'ACCIDENT'},{'ACCIDENT'},122,{1},5.0
2e698e31,2e698e314,2020-10-09,18,{'WEATHERHAZARD'},{'HAZARD_ON_SHOULDER_CAR_STOPPED'},43,{2},5.883720930232558
2e698e31,2e698e314,2020-10-26,17,{'JAM'},{'JAM_STAND_STILL_TRAFFIC'},28,{2},5.785714285714286
2e698e31,2e698e314,2020-10-26,18,{'JAM'},"{'JAM_STAND_STILL_TRAFFIC', 'JAM_HEAVY_TRAFFIC'}",58,{2},6.293103448275862
2e698e31,2e698e314,2020-11-04,11,{'WEATHERHAZARD'},{'HAZARD_ON_SHOULDER_CAR_STOPPED'},30,{2},5.0
2e698e31,2e698e314,2020-11-04,14,{'WEATHERHAZARD'},"{'HAZARD_ON_ROAD_OBJECT', 'HAZARD_ON_SHOULDER_CAR_STOPPED'}",76,{2},5.2368421052631575
2e698e31,2e698e314,2020-11-08,20,{'JAM'},{'JAM'},8,{2},5.0
2e698e31,2e698e31c,2020-10-04,17,{'WEATHERHAZARD'},{'HAZARD_ON_ROAD_CONSTRUCTION'},725,{2},9.964137931034482
2e698e31,2e698e31c,2020-10-07,18,{'JAM'},{'JAM_MODERATE_TRAFFIC'},6,{2},9.0
2e698e31,2e698e31c,2020-10-09,17,{'WEATHERHAZARD'},{'HAZARD_ON_ROAD_CONSTRUCTION'},139,{2},7.143884892086331
2e698e31,2e698e31c,2020-10-19,16,{'WEATHERHAZARD'},"{'HAZARD_ON_SHOULDER_CAR_STOPPED', 'HAZARD_ON_ROAD_CONSTRUCTION'}",783,"{1, 2}",9.251596424010216
2e698e31,2e698e31c,2020-10-19,17,{'WEATHERHAZARD'},"{'HAZARD_ON_SHOULDER_CAR_STOPPED', 'HAZARD_ON_ROAD_CONSTRUCTION'}",752,"{1, 2}",6.591755319148936
2e698e31,2e698e31c,2020-11-04,11,{'WEATHERHAZARD'},"{'HAZARD_ON_SHOULDER_CAR_STOPPED', 'HAZARD_ON_ROAD_CONSTRUCTION'}",181,"{1, 2}",6.900552486187845
2e698e31,2e698e31c,2020-11-04,16,{'WEATHERHAZARD'},{'HAZARD_ON_SHOULDER_CAR_STOPPED'},32,{1},5.0
2e698e31,2e698e31c,2020-11-11,8,{'JAM'},{'JAM_HEAVY_TRAFFIC'},14,{2},5.0
2e698e33,2e698e324,2020-09-03,10,{'WEATHERHAZARD'},{'HAZARD_ON_SHOULDER_CAR_STOPPED'},30,{4},5.0
2e698e33,2e698e324,2020-09-03,15,{'WEATHERHAZARD'},{'HAZARD_ON_ROAD_CONSTRUCTION'},135,{2},8.474074074074075
2e698e33,2e698e324,2020-09-03,17,{'JAM'},{'JAM_STAND_STILL_TRAFFIC'},28,"{2, 4}",5.0
2e698e33,2e698e324,2020-10-05,16,{'JAM'},{'JAM_MODERATE_TRAFFIC'},31,{4},5.0
2e698e33,2e698e324,2020-10-19,15,{'WEATHERHAZARD'},{'HAZARD_ON_ROAD_CONSTRUCTION'},77,{4},5.571428571428571
2e698e33,2e698e324,2020-10-20,17,{'JAM'},{'JAM_HEAVY_TRAFFIC'},34,{4},8.470588235294118
2e698e33,2e698e324,2020-10-26,16,{'JAM'},"{'JAM_STAND_STILL_TRAFFIC', 'JAM_HEAVY_TRAFFIC'}",69,"{2, 4}",5.550724637681159
2e698e33,2e698e324,2020-10-27,16,{'WEATHERHAZARD'},{'HAZARD_ON_SHOULDER_CAR_STOPPED'},33,{4},5.0
2e698e33,2e698e324,2020-11-04,15,{'WEATHERHAZARD'},{'HAZARD_ON_ROAD_CONSTRUCTION'},86,{2},6.732558139534884
2e698e33,2e698e324,2020-11-10,18,{'JAM'},{'JAM_STAND_STILL_TRAFFIC'},27,{4},5.0
2e698e33,2e698e324,2020-11-11,11,{'JAM'},{'JAM_HEAVY_TRAFFIC'},30,{2},5.566666666666666
2e698e33,2e698e334,2020-09-03,12,{'WEATHERHAZARD'},{'HAZARD_ON_SHOULDER_CAR_STOPPED'},39,{4},7.205128205128205
2e698e33,2e698e334,2020-09-04,17,{'JAM'},{'JAM_STAND_STILL_TRAFFIC'},31,{4},5.0
2e698e33,2e698e334,2020-09-04,18,{'JAM'},{'JAM_STAND_STILL_TRAFFIC'},30,{4},5.0
2e698e33,2e698e334,2020-09-07,17,{'JAM'},{'JAM_HEAVY_TRAFFIC'},30,{4},5.0
2e698e33,2e698e334,2020-10-05,17,{'JAM'},{'JAM_HEAVY_TRAFFIC'},31,{4},5.0
2e698e33,2e698e334,2020-10-08,11,{'JAM'},{'JAM_HEAVY_TRAFFIC'},9,{4},5.0
2e698e33,2e698e334,2020-10-20,17,{'JAM'},{'JAM_HEAVY_TRAFFIC'},38,{4},8.447368421052632
2e698e33,2e698e334,2020-10-26,18,{'JAM'},{'JAM_HEAVY_TRAFFIC'},45,{4},5.822222222222222
2e698e33,2e698e334,2020-10-26,19,{'JAM'},{'JAM_STAND_STILL_TRAFFIC'},32,{4},5.46875
2e698e33,2e698e334,2020-11-02,19,{'JAM'},{'JAM_STAND_STILL_TRAFFIC'},30,{4},5.0
2e698e33,2e698e334,2020-11-10,18,{'JAM'},{'JAM_STAND_STILL_TRAFFIC'},31,{4},5.0
2e698e33,2e698e334,2020-11-12,13,{'WEATHERHAZARD'},{'HAZARD_ON_SHOULDER_CAR_STOPPED'},33,{4},5.0
2e698e33,2e698e334,2020-11-16,7,{'JAM'},{'JAM_HEAVY_TRAFFIC'},32,{4},5.0
2e698e33,2e698e334,2020-11-19,17,{'JAM'},{'JAM_HEAVY_TRAFFIC'},33,{4},5.0
2e698e33,2e698e33c,2020-09-03,6,{'JAM'},{'JAM_STAND_STILL_TRAFFIC'},17,{2},5.0
2e698e33,2e698e33c,2020-10-09,18,{'WEATHERHAZARD'},{'HAZARD_ON_ROAD_CONSTRUCTION'},37,{2},5.648648648648648
2e698e33,2e698e33c,2020-11-04,17,{'WEATHERHAZARD'},{'HAZARD_ON_ROAD_CONSTRUCTION'},215,{2},6.674418604651163
2e698e33,2e698e33c,2020-11-10,17,{'JAM'},{'JAM_HEAVY_TRAFFIC'},32,{4},5.0
2e698e33,2e698e33c,2020-11-12,13,{'WEATHERHAZARD'},{'HAZARD_ON_ROAD_CONSTRUCTION'},108,{2},6.842592592592593
2e698e35,2e698e344,2020-09-01,19,{'WEATHERHAZARD'},{'HAZARD_ON_ROAD_CONSTRUCTION'},826,{4},9.639225181598063
2e698e35,2e698e344,2020-09-03,10,{'WEATHERHAZARD'},{'HAZARD_ON_ROAD_CONSTRUCTION'},288,{4},7.104166666666667
2e698e35,2e698e344,2020-09-06,16,"{'JAM', 'WEATHERHAZARD'}","{'JAM_STAND_STILL_TRAFFIC', 'HAZARD_ON_ROAD_CONSTRUCTION'}",353,{4},6.050991501416431
2e698e35,2e698e344,2020-09-08,20,{'JAM'},{'JAM_STAND_STILL_TRAFFIC'},33,{4},5.0
2e698e35,2e698e344,2020-09-22,16,{'JAM'},{'JAM_STAND_STILL_TRAFFIC'},6,{4},5.833333333333333
2e698e35,2e698e344,2020-10-07,20,{'JAM'},{'JAM_STAND_STILL_TRAFFIC'},30,{4},5.0
2e698e35,2e698e34c,2020-09-21,15,{'WEATHERHAZARD'},{'HAZARD_ON_SHOULDER_CAR_STOPPED'},32,{4},5.0
2e698e35,2e698e354,2020-10-26,15,{'JAM'},{'JAM_STAND_STILL_TRAFFIC'},39,{2},5.410256410256411
2e698e35,2e698e354,2020-10-26,17,{'JAM'},{'JAM_STAND_STILL_TRAFFIC'},27,{2},6.0
2e698e35,2e698e354,2020-10-28,12,{'JAM'},{'JAM'},32,{2},5.0
2e698e35,2e698e354,2020-11-03,6,{'JAM'},{'JAM_STAND_STILL_TRAFFIC'},30,{2},5.0
2e698e35,2e698e354,2020-11-05,9,{'JAM'},{'JAM_STAND_STILL_TRAFFIC'},32,{2},5.0
2e698e35,2e698e354,2020-11-12,7,{'JAM'},{'JAM_STAND_STILL_TRAFFIC'},30,{2},5.0
2e698e35,2e698e354,2020-11-21,21,{'JAM'},{'JAM_MODERATE_TRAFFIC'},19,{2},5.0
2e698e35,2e698e35c,2020-09-04,8,{'JAM'},{'JAM_HEAVY_TRAFFIC'},17,{2},5.0
2e698e35,2e698e35c,2020-09-09,10,{'JAM'},{'JAM_HEAVY_TRAFFIC'},34,{2},5.0
2e698e35,2e698e35c,2020-09-09,18,{'JAM'},{'JAM_MODERATE_TRAFFIC'},1,{2},5.0
2e698e35,2e698e35c,2020-09-12,16,{'JAM'},{'JAM_MODERATE_TRAFFIC'},32,{2},5.0
2e698e35,2e698e35c,2020-09-19,16,{'JAM'},{'JAM_HEAVY_TRAFFIC'},36,{2},5.472222222222222
2e698e35,2e698e35c,2020-09-24,13,{'JAM'},{'JAM_MODERATE_TRAFFIC'},24,{2},5.0
2e698e35,2e698e35c,2020-09-29,18,{'JAM'},{'JAM_MODERATE_TRAFFIC'},19,{2},8.0
2e698e35,2e698e35c,2020-10-01,9,{'JAM'},{'JAM_HEAVY_TRAFFIC'},9,{2},5.0
2e698e35,2e698e35c,2020-10-15,14,{'JAM'},{'JAM_STAND_STILL_TRAFFIC'},12,{2},5.166666666666667
2e698e35,2e698e35c,2020-10-16,18,{'JAM'},{'JAM_STAND_STILL_TRAFFIC'},51,{2},5.470588235294118
2e698e35,2e698e35c,2020-10-20,7,{'JAM'},{'JAM_HEAVY_TRAFFIC'},31,{2},5.0
2e698e35,2e698e35c,2020-10-21,17,{'JAM'},{'JAM_STAND_STILL_TRAFFIC'},31,{2},5.0
2e698e35,2e698e35c,2020-10-23,15,{'JAM'},{'JAM_HEAVY_TRAFFIC'},31,{2},5.0
2e698e35,2e698e35c,2020-10-26,16,{'JAM'},{'JAM_STAND_STILL_TRAFFIC'},31,{2},6.516129032258065
2e698e35,2e698e35c,2020-10-26,17,{'JAM'},{'JAM_STAND_STILL_TRAFFIC'},27,{2},5.0
2e698e35,2e698e35c,2020-10-26,18,{'JAM'},{'JAM_STAND_STILL_TRAFFIC'},31,{2},5.0
2e698e35,2e698e35c,2020-10-26,19,{'JAM'},{'JAM_STAND_STILL_TRAFFIC'},62,{2},5.32258064516129
2e698e35,2e698e35c,2020-10-27,17,{'JAM'},{'JAM_HEAVY_TRAFFIC'},67,{2},5.313432835820896
2e698e35,2e698e35c,2020-10-28,16,{'JAM'},{'JAM_STAND_STILL_TRAFFIC'},31,{2},5.935483870967742
2e698e35,2e698e35c,2020-10-31,11,{'JAM'},{'JAM_MODERATE_TRAFFIC'},5,{2},5.0
2e698e35,2e698e35c,2020-10-31,14,{'JAM'},"{'JAM_MODERATE_TRAFFIC', 'JAM_HEAVY_TRAFFIC'}",60,{2},5.0
2e698e35,2e698e35c,2020-11-01,17,{'JAM'},{'JAM_HEAVY_TRAFFIC'},30,{2},5.966666666666667
2e698e35,2e698e35c,2020-11-02,10,{'JAM'},{'JAM_HEAVY_TRAFFIC'},64,{2},5.0
2e698e35,2e698e35c,2020-11-05,7,{'JAM'},{'JAM_STAND_STILL_TRAFFIC'},67,{2},5.0
2e698e35,2e698e35c,2020-11-05,9,{'JAM'},{'JAM_HEAVY_TRAFFIC'},31,{2},5.483870967741935
2e698e35,2e698e35c,2020-11-05,12,{'JAM'},{'JAM_MODERATE_TRAFFIC'},30,{2},5.0
2e698e35,2e698e35c,2020-11-05,14,{'JAM'},{'JAM_MODERATE_TRAFFIC'},28,{2},5.0
2e698e35,2e698e35c,2020-11-05,17,{'JAM'},{'JAM_HEAVY_TRAFFIC'},31,{2},6.870967741935484
2e698e35,2e698e35c,2020-11-06,7,{'JAM'},{'JAM_STAND_STILL_TRAFFIC'},84,{2},5.428571428571429
2e698e35,2e698e35c,2020-11-06,10,{'JAM'},{'JAM_HEAVY_TRAFFIC'},31,{2},5.0
2e698e35,2e698e35c,2020-11-07,10,{'JAM'},{'JAM_HEAVY_TRAFFIC'},33,{2},5.0
2e698e35,2e698e35c,2020-11-07,16,{'JAM'},{'JAM_STAND_STILL_TRAFFIC'},15,{2},5.0
2e698e35,2e698e35c,2020-11-09,7,{'JAM'},{'JAM_STAND_STILL_TRAFFIC'},32,{20},5.0
2e698e35,2e698e35c,2020-11-10,15,{'JAM'},{'JAM_STAND_STILL_TRAFFIC'},35,{2},5.0
2e698e35,2e698e35c,2020-11-11,11,{'JAM'},{'JAM_STAND_STILL_TRAFFIC'},68,{2},5.235294117647059
2e698e35,2e698e35c,2020-11-13,7,{'JAM'},{'JAM_STAND_STILL_TRAFFIC'},21,{2},5.0
2e698e35,2e698e35c,2020-11-13,15,{'JAM'},{'JAM_HEAVY_TRAFFIC'},31,{2},5.0
2e698e35,2e698e35c,2020-11-14,12,{'JAM'},{'JAM_HEAVY_TRAFFIC'},30,{2},5.0
2e698e35,2e698e35c,2020-11-14,13,{'JAM'},{'JAM'},26,{2},5.0
2e698e35,2e698e35c,2020-11-14,17,{'JAM'},{'JAM_STAND_STILL_TRAFFIC'},14,{2},5.0
2e698e35,2e698e35c,2020-11-17,17,{'JAM'},{'JAM_STAND_STILL_TRAFFIC'},33,{2},5.96969696969697
2e698e35,2e698e35c,2020-11-20,16,{'JAM'},{'JAM_HEAVY_TRAFFIC'},32,{2},5.0
2e698e35,2e698e35c,2020-11-21,11,{'JAM'},{'JAM_STAND_STILL_TRAFFIC'},23,{2},5.695652173913044
2e698e35,2e698e35c,2020-11-21,16,{'JAM'},{'JAM_STAND_STILL_TRAFFIC'},47,{2},5.9787234042553195
2e698e35,2e698e35c,2020-11-21,21,{'JAM'},{'JAM_MODERATE_TRAFFIC'},31,{2},5.0
2e698e37,2e698e364,2020-09-02,17,{'JAM'},{'JAM_HEAVY_TRAFFIC'},33,{2},5.0
2e698e37,2e698e364,2020-09-03,19,{'JAM'},{'JAM_HEAVY_TRAFFIC'},7,{2},5.0
2e698e37,2e698e364,2020-09-05,20,{'JAM'},{'JAM_STAND_STILL_TRAFFIC'},15,{2},5.0
2e698e37,2e698e364,2020-09-07,15,{'JAM'},{'JAM_STAND_STILL_TRAFFIC'},7,{2},5.0
2e698e37,2e698e364,2020-09-09,12,{'JAM'},{'JAM_HEAVY_TRAFFIC'},25,{2},5.0
2e698e37,2e698e364,2020-09-09,14,{'JAM'},{'JAM_MODERATE_TRAFFIC'},9,{2},5.0
2e698e37,2e698e364,2020-09-11,7,{'JAM'},{'JAM_HEAVY_TRAFFIC'},30,{2},5.0
2e698e37,2e698e364,2020-09-11,16,{'JAM'},{'JAM_STAND_STILL_TRAFFIC'},30,{2},5.0
2e698e37,2e698e364,2020-09-11,18,{'JAM'},{'JAM_STAND_STILL_TRAFFIC'},26,{2},5.0
2e698e37,2e698e364,2020-09-12,16,{'JAM'},{'JAM_HEAVY_TRAFFIC'},14,{2},5.0
2e698e37,2e698e364,2020-09-13,9,{'JAM'},{'JAM_MODERATE_TRAFFIC'},31,{2},5.0
2e698e37,2e698e364,2020-09-16,16,{'JAM'},{'JAM_STAND_STILL_TRAFFIC'},5,{2},5.0
2e698e37,2e698e364,2020-09-17,18,"{'JAM', 'WEATHERHAZARD'}","{'HAZARD_ON_ROAD_CAR_STOPPED', 'JAM_HEAVY_TRAFFIC'}",92,{2},5.423913043478261
2e698e37,2e698e364,2020-09-18,15,{'JAM'},{'JAM_STAND_STILL_TRAFFIC'},31,{2},5.0
2e698e37,2e698e364,2020-09-20,19,{'JAM'},{'JAM_STAND_STILL_TRAFFIC'},6,{2},5.0
2e698e37,2e698e364,2020-09-25,8,{'JAM'},{'JAM_MODERATE_TRAFFIC'},31,{2},5.0
2e698e37,2e698e364,2020-09-25,9,{'JAM'},{'JAM_STAND_STILL_TRAFFIC'},30,{2},6.733333333333333
2e698e37,2e698e364,2020-09-25,15,{'JAM'},{'JAM_HEAVY_TRAFFIC'},31,{2},5.0
2e698e37,2e698e364,2020-09-25,16,{'JAM'},{'JAM_HEAVY_TRAFFIC'},31,{2},5.967741935483871
2e698e37,2e698e364,2020-09-30,12,{'JAM'},{'JAM_STAND_STILL_TRAFFIC'},30,{2},5.0
2e698e37,2e698e364,2020-10-03,10,{'JAM'},{'JAM_STAND_STILL_TRAFFIC'},31,{2},5.548387096774194
2e698e37,2e698e364,2020-10-08,10,{'JAM'},{'JAM_STAND_STILL_TRAFFIC'},32,{2},5.0
2e698e37,2e698e364,2020-10-09,19,{'JAM'},{'JAM_STAND_STILL_TRAFFIC'},66,{2},5.0
2e698e37,2e698e364,2020-10-10,13,{'JAM'},{'JAM_HEAVY_TRAFFIC'},33,{2},5.757575757575758
2e698e37,2e698e364,2020-10-11,10,{'JAM'},{'JAM'},30,{2},5.0
2e698e37,2e698e364,2020-10-12,16,{'JAM'},{'JAM_MODERATE_TRAFFIC'},5,{2},5.0
2e698e37,2e698e364,2020-10-14,18,{'JAM'},{'JAM_HEAVY_TRAFFIC'},34,{2},5.0
2e698e37,2e698e364,2020-10-15,10,{'JAM'},{'JAM_STAND_STILL_TRAFFIC'},33,{2},5.0
2e698e37,2e698e364,2020-10-15,14,{'JAM'},{'JAM_HEAVY_TRAFFIC'},30,{2},5.0
2e698e37,2e698e364,2020-10-16,18,{'JAM'},{'JAM_STAND_STILL_TRAFFIC'},29,{2},5.0
2e698e37,2e698e364,2020-10-16,19,{'JAM'},{'JAM_HEAVY_TRAFFIC'},32,{2},5.0
2e698e37,2e698e364,2020-10-16,20,{'JAM'},{'JAM_HEAVY_TRAFFIC'},18,{2},5.0
2e698e37,2e698e364,2020-10-17,13,{'JAM'},{'JAM_STAND_STILL_TRAFFIC'},31,{2},5.0
2e698e37,2e698e364,2020-10-17,15,{'JAM'},{'JAM_MODERATE_TRAFFIC'},28,{2},5.857142857142857
2e698e37,2e698e364,2020-10-18,16,{'JAM'},{'JAM_HEAVY_TRAFFIC'},29,{2},5.0
2e698e37,2e698e364,2020-10-18,18,{'JAM'},{'JAM_HEAVY_TRAFFIC'},30,{2},5.0
2e698e37,2e698e364,2020-10-19,17,{'JAM'},{'JAM_HEAVY_TRAFFIC'},65,{2},5.384615384615385
2e698e37,2e698e364,2020-10-19,18,{'JAM'},{'JAM_STAND_STILL_TRAFFIC'},20,{2},5.7
2e698e37,2e698e364,2020-10-20,19,{'JAM'},{'JAM'},6,{2},5.0
2e698e37,2e698e364,2020-10-23,15,{'JAM'},{'JAM_STAND_STILL_TRAFFIC'},31,{2},5.0
2e698e37,2e698e364,2020-10-27,17,{'JAM'},{'JAM_MODERATE_TRAFFIC'},31,{2},5.967741935483871
2e698e37,2e698e364,2020-10-27,19,{'JAM'},{'JAM_STAND_STILL_TRAFFIC'},37,{2},5.0
2e698e37,2e698e364,2020-10-28,17,{'JAM'},{'JAM'},31,{2},5.0
2e698e37,2e698e364,2020-10-28,18,{'JAM'},{'JAM_STAND_STILL_TRAFFIC'},32,{2},5.0
2e698e37,2e698e364,2020-10-30,17,{'JAM'},"{'JAM_STAND_STILL_TRAFFIC', 'JAM_HEAVY_TRAFFIC'}",75,{2},5.626666666666667
2e698e37,2e698e364,2020-10-30,18,{'JAM'},{'JAM_HEAVY_TRAFFIC'},64,{2},5.9375
2e698e37,2e698e364,2020-10-31,13,{'JAM'},{'JAM_STAND_STILL_TRAFFIC'},32,{2},5.0
2e698e37,2e698e364,2020-10-31,17,{'JAM'},{'JAM_STAND_STILL_TRAFFIC'},30,{2},5.0
2e698e37,2e698e364,2020-10-31,21,{'JAM'},{'JAM_MODERATE_TRAFFIC'},32,{2},5.0
2e698e37,2e698e364,2020-11-01,17,{'JAM'},{'JAM_HEAVY_TRAFFIC'},34,{2},5.0
2e698e37,2e698e364,2020-11-02,12,{'JAM'},{'JAM_HEAVY_TRAFFIC'},32,{2},5.5
2e698e37,2e698e364,2020-11-03,10,{'JAM'},{'JAM_HEAVY_TRAFFIC'},29,{2},5.0
2e698e37,2e698e364,2020-11-03,14,{'JAM'},{'JAM_STAND_STILL_TRAFFIC'},30,{2},5.0
2e698e37,2e698e364,2020-11-05,14,{'JAM'},{'JAM_STAND_STILL_TRAFFIC'},32,{2},5.0
2e698e37,2e698e364,2020-11-07,10,{'JAM'},{'JAM_MODERATE_TRAFFIC'},31,{2},5.0
2e698e37,2e698e364,2020-11-07,18,{'JAM'},{'JAM_STAND_STILL_TRAFFIC'},32,{2},5.0
2e698e37,2e698e364,2020-11-08,13,{'JAM'},{'JAM_STAND_STILL_TRAFFIC'},40,{2},6.325
2e698e37,2e698e364,2020-11-08,15,{'JAM'},{'JAM_STAND_STILL_TRAFFIC'},30,{2},5.0
2e698e37,2e698e364,2020-11-12,11,{'JAM'},"{'JAM_STAND_STILL_TRAFFIC', 'JAM_HEAVY_TRAFFIC'}",35,{2},5.628571428571429
2e698e37,2e698e364,2020-11-12,14,{'JAM'},{'JAM_HEAVY_TRAFFIC'},31,{2},5.806451612903226
2e698e37,2e698e364,2020-11-12,18,{'JAM'},{'JAM_STAND_STILL_TRAFFIC'},31,{2},6.0
2e698e37,2e698e364,2020-11-13,14,{'JAM'},{'JAM_STAND_STILL_TRAFFIC'},31,{2},5.0
2e698e37,2e698e364,2020-11-13,18,{'JAM'},{'JAM_STAND_STILL_TRAFFIC'},34,{2},5.0
2e698e37,2e698e364,2020-11-14,11,{'JAM'},{'JAM_HEAVY_TRAFFIC'},31,{2},5.0
2e698e37,2e698e364,2020-11-14,21,{'JAM'},{'JAM_STAND_STILL_TRAFFIC'},31,{2},5.838709677419355
2e698e37,2e698e364,2020-11-15,14,{'JAM'},{'JAM_MODERATE_TRAFFIC'},21,{2},5.9523809523809526
2e698e37,2e698e364,2020-11-15,15,{'JAM'},{'JAM_STAND_STILL_TRAFFIC'},32,{2},5.0
2e698e37,2e698e364,2020-11-15,17,{'JAM'},{'JAM_STAND_STILL_TRAFFIC'},32,{2},5.0
2e698e37,2e698e364,2020-11-16,10,{'JAM'},{'JAM_STAND_STILL_TRAFFIC'},6,{2},5.166666666666667
2e698e37,2e698e364,2020-11-16,22,{'JAM'},{'JAM_STAND_STILL_TRAFFIC'},32,{2},5.0
2e698e37,2e698e364,2020-11-17,14,{'JAM'},{'JAM_STAND_STILL_TRAFFIC'},32,{2},5.0
2e698e37,2e698e364,2020-11-20,8,{'JAM'},{'JAM_STAND_STILL_TRAFFIC'},36,{2},5.444444444444445
2e698e37,2e698e364,2020-11-20,13,{'JAM'},{'JAM_STAND_STILL_TRAFFIC'},30,{2},5.0
2e698e37,2e698e364,2020-11-20,14,{'JAM'},{'JAM_HEAVY_TRAFFIC'},32,{2},5.0
2e698e37,2e698e364,2020-11-20,20,{'JAM'},{'JAM_STAND_STILL_TRAFFIC'},31,{2},5.645161290322581
2e698e37,2e698e364,2020-11-21,10,{'JAM'},{'JAM_STAND_STILL_TRAFFIC'},30,{2},5.866666666666666
2e698e37,2e698e364,2020-11-21,17,{'JAM'},{'JAM_STAND_STILL_TRAFFIC'},29,{2},5.586206896551724
2e698e37,2e698e364,2020-11-22,21,{'JAM'},{'JAM_STAND_STILL_TRAFFIC'},31,{2},7.129032258064516
2e698e37,2e698e36c,2020-09-19,16,{'JAM'},{'JAM_STAND_STILL_TRAFFIC'},11,{2},5.0
2e698e37,2e698e36c,2020-09-26,16,{'JAM'},{'JAM_STAND_STILL_TRAFFIC'},32,{2},5.6875
2e698e37,2e698e36c,2020-10-10,16,{'JAM'},{'JAM_STAND_STILL_TRAFFIC'},30,{2},5.0
2e698e37,2e698e36c,2020-10-17,11,{'JAM'},{'JAM_HEAVY_TRAFFIC'},30,{2},6.0
2e698e37,2e698e36c,2020-10-25,17,{'JAM'},{'JAM_HEAVY_TRAFFIC'},29,{2},5.896551724137931
2e698e37,2e698e36c,2020-10-26,18,{'JAM'},"{'JAM_STAND_STILL_TRAFFIC', 'JAM_HEAVY_TRAFFIC'}",75,{2},5.226666666666667
2e698e37,2e698e36c,2020-10-28,14,{'JAM'},{'JAM_STAND_STILL_TRAFFIC'},32,{2},5.0
2e698e37,2e698e36c,2020-10-31,16,{'JAM'},{'JAM_HEAVY_TRAFFIC'},29,{2},5.0
2e698e37,2e698e36c,2020-11-03,10,{'JAM'},{'JAM_STAND_STILL_TRAFFIC'},6,{2},5.0
2e698e37,2e698e36c,2020-11-03,18,{'JAM'},{'JAM_STAND_STILL_TRAFFIC'},4,{2},5.0
2e698e37,2e698e36c,2020-11-06,18,{'JAM'},{'JAM_HEAVY_TRAFFIC'},44,{2},6.318181818181818
2e698e37,2e698e36c,2020-11-07,13,{'JAM'},{'JAM'},30,{2},5.0
2e698e37,2e698e36c,2020-11-08,14,{'JAM'},{'JAM_STAND_STILL_TRAFFIC'},32,{2},5.0
2e698e37,2e698e36c,2020-11-12,17,{'JAM'},{'JAM_STAND_STILL_TRAFFIC'},35,{2},5.542857142857143
2e698e37,2e698e36c,2020-11-13,14,{'JAM'},{'JAM_STAND_STILL_TRAFFIC'},33,{2},5.696969696969697
2e698e37,2e698e36c,2020-11-13,17,{'JAM'},{'JAM_STAND_STILL_TRAFFIC'},30,{2},5.8
2e698e37,2e698e36c,2020-11-16,19,{'JAM'},{'JAM_HEAVY_TRAFFIC'},8,{2},6.0
2e698e37,2e698e36c,2020-11-17,17,{'JAM'},{'JAM_HEAVY_TRAFFIC'},30,{2},5.0
2e698e37,2e698e36c,2020-11-17,18,{'JAM'},{'JAM'},30,{2},6.0
2e698e37,2e698e36c,2020-11-21,16,{'JAM'},{'JAM_STAND_STILL_TRAFFIC'},32,{2},5.6875
2e698e37,2e698e374,2020-09-03,15,{'WEATHERHAZARD'},{'HAZARD_ON_ROAD_POT_HOLE'},1146,{2},8.653577661431065
2e698e37,2e698e374,2020-09-03,18,{'JAM'},{'JAM_STAND_STILL_TRAFFIC'},4,{2},5.0
2e698e37,2e698e374,2020-09-04,16,{'JAM'},{'JAM_HEAVY_TRAFFIC'},25,{2},5.24
2e698e37,2e698e374,2020-09-05,14,{'JAM'},{'JAM_STAND_STILL_TRAFFIC'},32,{2},5.0
2e698e37,2e698e374,2020-09-07,17,{'JAM'},{'JAM_HEAVY_TRAFFIC'},33,{2},5.636363636363637
2e698e37,2e698e374,2020-09-11,16,{'JAM'},{'JAM_STAND_STILL_TRAFFIC'},60,{2},5.0
2e698e37,2e698e374,2020-09-11,18,{'JAM'},{'JAM_STAND_STILL_TRAFFIC'},21,{2},5.0
2e698e37,2e698e374,2020-09-17,18,{'WEATHERHAZARD'},{'HAZARD_ON_ROAD_POT_HOLE'},246,{2},8.382113821138212
2e698e37,2e698e374,2020-09-27,17,{'JAM'},{'JAM'},31,{2},5.0
2e698e37,2e698e374,2020-10-07,18,{'JAM'},"{'JAM_STAND_STILL_TRAFFIC', 'JAM_HEAVY_TRAFFIC'}",92,{2},7.3478260869565215
2e698e37,2e698e374,2020-10-08,16,{'JAM'},{'JAM_STAND_STILL_TRAFFIC'},15,{2},5.466666666666667
2e698e37,2e698e374,2020-10-10,13,{'JAM'},{'JAM_HEAVY_TRAFFIC'},31,{2},5.0
2e698e37,2e698e374,2020-10-16,19,{'JAM'},{'JAM_HEAVY_TRAFFIC'},44,{2},5.681818181818182
2e698e37,2e698e374,2020-10-19,16,{'WEATHERHAZARD'},{'HAZARD_ON_ROAD_POT_HOLE'},1272,{2},9.33569182389937
2e698e37,2e698e374,2020-10-19,17,"{'JAM', 'WEATHERHAZARD'}","{'JAM_STAND_STILL_TRAFFIC', 'HAZARD_ON_ROAD_POT_HOLE'}",836,{2},9.254784688995215
2e698e37,2e698e374,2020-10-23,18,{'JAM'},{'JAM'},34,{2},5.0
2e698e37,2e698e374,2020-10-25,19,{'WEATHERHAZARD'},{'HAZARD_ON_ROAD_POT_HOLE'},618,{2},6.63915857605178
2e698e37,2e698e374,2020-10-26,16,{'JAM'},{'JAM_STAND_STILL_TRAFFIC'},6,{2},5.0
2e698e37,2e698e374,2020-10-26,18,{'JAM'},"{'JAM_STAND_STILL_TRAFFIC', 'JAM_HEAVY_TRAFFIC'}",54,{2},5.0
2e698e37,2e698e374,2020-10-26,19,{'JAM'},{'JAM_STAND_STILL_TRAFFIC'},51,{2},5.0
2e698e37,2e698e374,2020-10-27,18,{'JAM'},{'JAM_HEAVY_TRAFFIC'},30,{2},5.0
2e698e37,2e698e374,2020-10-31,15,{'JAM'},{'JAM_MODERATE_TRAFFIC'},33,{2},5.0
2e698e37,2e698e374,2020-10-31,16,{'WEATHERHAZARD'},{'HAZARD_ON_ROAD_POT_HOLE'},9997,{1},9.460138041412424
2e698e37,2e698e374,2020-11-02,17,{'JAM'},{'JAM_STAND_STILL_TRAFFIC'},30,{2},5.0
2e698e37,2e698e374,2020-11-02,18,{'JAM'},{'JAM_HEAVY_TRAFFIC'},93,{2},5.021505376344086
2e698e37,2e698e374,2020-11-03,18,{'JAM'},{'JAM_STAND_STILL_TRAFFIC'},15,{2},5.0
2e698e37,2e698e374,2020-11-06,18,{'JAM'},{'JAM_HEAVY_TRAFFIC'},45,{2},5.0
2e698e37,2e698e374,2020-11-07,15,{'JAM'},{'JAM_HEAVY_TRAFFIC'},34,{2},5.0
2e698e37,2e698e374,2020-11-07,18,{'JAM'},{'JAM_STAND_STILL_TRAFFIC'},31,{2},5.0
2e698e37,2e698e374,2020-11-09,17,{'JAM'},{'JAM_HEAVY_TRAFFIC'},32,{2},6.0
2e698e37,2e698e374,2020-11-11,16,{'JAM'},{'JAM_STAND_STILL_TRAFFIC'},33,{2},5.515151515151516
2e698e37,2e698e374,2020-11-13,14,{'JAM'},{'JAM_STAND_STILL_TRAFFIC'},6,{2},5.0
2e698e37,2e698e374,2020-11-13,17,{'JAM'},{'JAM_STAND_STILL_TRAFFIC'},17,{2},5.0
2e698e37,2e698e374,2020-11-13,18,{'JAM'},{'JAM_STAND_STILL_TRAFFIC'},58,{2},5.0
2e698e37,2e698e374,2020-11-19,18,{'JAM'},{'JAM_HEAVY_TRAFFIC'},31,{2},5.0
2e698e37,2e698e374,2020-11-22,16,{'JAM'},{'JAM_STAND_STILL_TRAFFIC'},30,{2},5.0
2e698e39,2e698e39c,2020-09-30,9,{'JAM'},{'JAM_STAND_STILL_TRAFFIC'},30,{2},5.0
2e698e39,2e698e39c,2020-10-19,16,{'WEATHERHAZARD'},{'HAZARD_ON_ROAD_POT_HOLE'},202,{2},6.930693069306931
2e698e39,2e698e39c,2020-11-16,9,{'WEATHERHAZARD'},{'HAZARD_ON_ROAD_POT_HOLE'},262,{2},6.50763358778626
2e698e3b,2e698e3a4,2020-09-26,16,{'JAM'},{'JAM_HEAVY_TRAFFIC'},7,{2},5.0
2e698e3b,2e698e3ac,2020-10-10,13,{'JAM'},{'JAM_STAND_STILL_TRAFFIC'},31,{2},5.0
2e698e3b,2e698e3ac,2020-10-11,17,{'JAM'},{'JAM_MODERATE_TRAFFIC'},30,{2},5.0
2e698e3b,2e698e3b4,2020-09-02,11,{'JAM'},{'JAM_HEAVY_TRAFFIC'},11,{2},5.0
2e698e3b,2e698e3b4,2020-10-17,17,{'JAM'},{'JAM_MODERATE_TRAFFIC'},32,{2},5.0
2e698e3b,2e698e3b4,2020-10-26,16,{'JAM'},{'JAM_HEAVY_TRAFFIC'},31,{2},5.0
2e698e3b,2e698e3b4,2020-10-27,13,{'JAM'},{'JAM_MODERATE_TRAFFIC'},30,{1},5.0
2e698e3b,2e698e3b4,2020-11-07,20,{'JAM'},{'JAM_HEAVY_TRAFFIC'},33,{2},5.0
2e698e41,2e698e414,2020-09-11,18,{'JAM'},{'JAM_HEAVY_TRAFFIC'},38,{2},5.447368421052632
2e698e41,2e698e414,2020-10-09,17,{'JAM'},{'JAM_HEAVY_TRAFFIC'},30,{2},6.533333333333333
2e698e41,2e698e414,2020-10-14,17,{'JAM'},{'JAM_HEAVY_TRAFFIC'},31,{2},5.0
2e698e41,2e698e414,2020-10-23,16,{'JAM'},{'JAM_MODERATE_TRAFFIC'},33,{2},5.96969696969697
2e698e41,2e698e414,2020-11-02,17,{'JAM'},"{'JAM', 'JAM_HEAVY_TRAFFIC'}",68,{2},5.485294117647059
2e698e41,2e698e414,2020-11-02,18,{'JAM'},{'JAM_STAND_STILL_TRAFFIC'},46,{2},5.3478260869565215
2e698e41,2e698e414,2020-11-06,18,{'JAM'},{'JAM_HEAVY_TRAFFIC'},27,{2},6.0
2e698e41,2e698e414,2020-11-06,19,{'JAM'},{'JAM_STAND_STILL_TRAFFIC'},32,{2},6.40625
2e698e41,2e698e414,2020-11-11,7,{'JAM'},{'JAM_STAND_STILL_TRAFFIC'},15,{2},5.733333333333333
2e698e43,2e698e424,2020-09-27,19,{'JAM'},{'JAM_MODERATE_TRAFFIC'},26,{2},5.0
2e698e43,2e698e424,2020-10-02,16,{'JAM'},{'JAM_HEAVY_TRAFFIC'},31,{2},5.0
2e698e43,2e698e424,2020-10-05,18,{'JAM'},{'JAM_STAND_STILL_TRAFFIC'},31,{2},5.0
2e698e43,2e698e424,2020-10-06,11,{'JAM'},{'JAM_HEAVY_TRAFFIC'},11,{2},5.0
2e698e43,2e698e424,2020-10-09,18,{'JAM'},{'JAM_STAND_STILL_TRAFFIC'},79,{2},5.417721518987341
2e698e43,2e698e424,2020-10-10,14,{'JAM'},{'JAM_STAND_STILL_TRAFFIC'},32,{2},5.0
2e698e43,2e698e424,2020-10-12,16,{'JAM'},{'JAM_HEAVY_TRAFFIC'},30,{2},5.0
2e698e43,2e698e424,2020-10-19,10,{'JAM'},{'JAM_MODERATE_TRAFFIC'},5,{2},5.0
2e698e43,2e698e424,2020-10-22,5,{'JAM'},{'JAM_MODERATE_TRAFFIC'},31,{2},5.0
2e698e43,2e698e424,2020-10-24,16,{'JAM'},{'JAM_HEAVY_TRAFFIC'},31,{2},6.483870967741935
2e698e43,2e698e424,2020-11-02,19,{'JAM'},{'JAM_HEAVY_TRAFFIC'},31,{2},5.0
2e698e43,2e698e424,2020-11-06,17,{'JAM'},{'JAM_STAND_STILL_TRAFFIC'},16,{2},5.0
2e698e43,2e698e424,2020-11-09,4,{'JAM'},{'JAM_STAND_STILL_TRAFFIC'},30,{2},5.0
2e698e43,2e698e424,2020-11-14,16,{'JAM'},{'JAM_MODERATE_TRAFFIC'},29,{2},5.0
2e698e43,2e698e424,2020-11-17,10,{'JAM'},"{'JAM_STAND_STILL_TRAFFIC', 'JAM_HEAVY_TRAFFIC'}",35,{2},5.0
2e698e43,2e698e42c,2020-10-27,17,{'JAM'},{'JAM'},64,{1},5.0
2e698e43,2e698e43c,2020-09-11,1,{'JAM'},{'JAM'},31,{1},5.0
2e698e43,2e698e43c,2020-09-17,7,{'JAM'},{'JAM_MODERATE_TRAFFIC'},32,{2},5.0
2e698e43,2e698e43c,2020-11-02,17,{'JAM'},{'JAM_STAND_STILL_TRAFFIC'},30,{1},5.0
2e698e43,2e698e43c,2020-11-11,16,{'JAM'},{'JAM_STAND_STILL_TRAFFIC'},6,{1},5.0
2e698e43,2e698e43c,2020-11-15,20,{'JAM'},{'JAM_MODERATE_TRAFFIC'},35,{1},5.0
2e698e43,2e698e43c,2020-11-16,19,{'WEATHERHAZARD'},{'HAZARD_ON_ROAD_CONSTRUCTION'},124,{2},7.25
2e698e43,2e698e43c,2020-11-17,14,{'JAM'},{'JAM_STAND_STILL_TRAFFIC'},30,{2},5.0
2e698e45,2e698e45c,2020-09-19,19,{'JAM'},{'JAM'},34,{1},5.0
2e698e47,2e698e464,2020-10-06,12,{'JAM'},{'JAM_HEAVY_TRAFFIC'},10,{2},5.0
2e698e47,2e698e46c,2020-10-09,18,{'JAM'},{'JAM_STAND_STILL_TRAFFIC'},30,{2},6.433333333333334
2e698e47,2e698e46c,2020-10-28,16,{'JAM'},{'JAM_HEAVY_TRAFFIC'},46,{2},9.26086956521739
2e698e47,2e698e46c,2020-11-06,17,{'JAM'},{'JAM_STAND_STILL_TRAFFIC'},14,{2},7.357142857142857
2e698e47,2e698e46c,2020-11-06,18,{'JAM'},{'JAM_STAND_STILL_TRAFFIC'},32,{2},7.6875
2e698e47,2e698e46c,2020-11-06,19,{'JAM'},{'JAM_STAND_STILL_TRAFFIC'},42,{2},7.214285714285714
2e698e47,2e698e46c,2020-11-11,8,{'JAM'},{'JAM_HEAVY_TRAFFIC'},32,{2},5.0
2e698e47,2e698e474,2020-11-14,7,{'JAM'},{'JAM_MODERATE_TRAFFIC'},31,{20},5.0
2e698e47,2e698e47c,2020-09-10,8,{'WEATHERHAZARD'},{'HAZARD_ON_SHOULDER_CAR_STOPPED'},35,{4},5.542857142857143
2e698e47,2e698e47c,2020-09-11,9,{'WEATHERHAZARD'},{'HAZARD_ON_SHOULDER_CAR_STOPPED'},30,{4},5.0
2e698e47,2e698e47c,2020-09-19,19,{'JAM'},{'JAM_MODERATE_TRAFFIC'},45,{22},5.355555555555555
2e698e47,2e698e47c,2020-09-28,8,{'WEATHERHAZARD'},{'HAZARD_ON_SHOULDER_CAR_STOPPED'},31,{4},5.0
2e698e47,2e698e47c,2020-10-06,12,{'JAM'},{'JAM_MODERATE_TRAFFIC'},27,{2},5.0
2e698e47,2e698e47c,2020-10-10,17,{'JAM'},{'JAM_HEAVY_TRAFFIC'},7,{2},5.0
2e698e47,2e698e47c,2020-10-26,17,{'JAM'},{'JAM'},27,{22},5.0
2e698e47,2e698e47c,2020-11-06,19,{'JAM'},{'JAM_STAND_STILL_TRAFFIC'},32,{2},5.59375
2e698e47,2e698e47c,2020-11-12,7,{'JAM'},{'JAM_MODERATE_TRAFFIC'},6,{2},5.0
2e698e49,2e698e484,2020-09-01,17,{'JAM'},{'JAM_HEAVY_TRAFFIC'},14,{2},5.0
2e698e49,2e698e484,2020-09-05,13,"{'JAM', 'WEATHERHAZARD'}","{'HAZARD_ON_ROAD_CAR_STOPPED', 'JAM_HEAVY_TRAFFIC'}",40,{2},8.625
2e698e49,2e698e484,2020-09-25,10,{'JAM'},{'JAM_STAND_STILL_TRAFFIC'},31,{2},5.903225806451613
2e698e49,2e698e484,2020-09-28,10,{'JAM'},{'JAM_STAND_STILL_TRAFFIC'},14,{2},5.5
2e698e49,2e698e484,2020-10-06,11,{'JAM'},{'JAM_HEAVY_TRAFFIC'},7,{2},5.0
2e698e49,2e698e484,2020-10-10,17,{'JAM'},{'JAM_STAND_STILL_TRAFFIC'},30,{2},5.0
2e698e49,2e698e484,2020-10-26,18,{'JAM'},{'JAM_STAND_STILL_TRAFFIC'},27,{2},5.0
2e698e49,2e698e484,2020-11-04,17,{'JAM'},{'JAM_MODERATE_TRAFFIC'},32,{2},5.875
2e698e49,2e698e484,2020-11-06,19,{'JAM'},{'JAM_STAND_STILL_TRAFFIC'},38,{2},7.0
2e698e49,2e698e484,2020-11-09,17,{'JAM'},{'JAM_HEAVY_TRAFFIC'},43,{2},5.4186046511627906
2e698e49,2e698e484,2020-11-13,14,{'JAM'},{'JAM_HEAVY_TRAFFIC'},31,{2},5.0
2e698e49,2e698e49c,2020-09-11,7,{'JAM'},{'JAM_HEAVY_TRAFFIC'},26,{2},5.0
2e698e49,2e698e49c,2020-09-11,15,{'JAM'},{'JAM_HEAVY_TRAFFIC'},29,{2},5.0
2e698e49,2e698e49c,2020-09-14,9,{'JAM'},{'JAM_HEAVY_TRAFFIC'},28,{2},5.0
2e698e49,2e698e49c,2020-09-19,17,{'JAM'},{'JAM_STAND_STILL_TRAFFIC'},8,{2},5.0
2e698e49,2e698e49c,2020-09-22,16,{'JAM'},{'JAM_MODERATE_TRAFFIC'},9,{2},5.0
2e698e49,2e698e49c,2020-09-25,17,{'JAM'},{'JAM_HEAVY_TRAFFIC'},33,{2},6.0
2e698e49,2e698e49c,2020-10-02,17,{'JAM'},{'JAM_STAND_STILL_TRAFFIC'},31,{2},5.0
2e698e49,2e698e49c,2020-10-02,19,{'JAM'},{'JAM_STAND_STILL_TRAFFIC'},33,{2},5.0
2e698e49,2e698e49c,2020-10-06,7,{'JAM'},{'JAM_STAND_STILL_TRAFFIC'},31,{2},5.0
2e698e49,2e698e49c,2020-10-16,16,{'JAM'},{'JAM_STAND_STILL_TRAFFIC'},5,{2},5.0
2e698e49,2e698e49c,2020-10-23,19,{'JAM'},{'JAM_STAND_STILL_TRAFFIC'},35,{2},5.457142857142857
2e698e49,2e698e49c,2020-11-02,7,{'JAM'},{'JAM_STAND_STILL_TRAFFIC'},31,{2},5.774193548387097
2e698e49,2e698e49c,2020-11-02,8,{'JAM'},{'JAM_HEAVY_TRAFFIC'},33,{2},5.0
2e698e49,2e698e49c,2020-11-02,9,{'JAM'},{'JAM_HEAVY_TRAFFIC'},30,{2},5.0
2e698e49,2e698e49c,2020-11-07,11,{'JAM'},{'JAM'},32,{22},5.0
2e698e49,2e698e49c,2020-11-07,14,{'JAM'},{'JAM_STAND_STILL_TRAFFIC'},42,{2},5.357142857142857
2e698e49,2e698e49c,2020-11-07,17,{'JAM'},{'JAM_HEAVY_TRAFFIC'},26,{2},5.0
2e698e49,2e698e49c,2020-11-09,7,{'JAM'},{'JAM_HEAVY_TRAFFIC'},30,{2},5.0
2e698e49,2e698e49c,2020-11-09,14,{'JAM'},{'JAM_STAND_STILL_TRAFFIC'},31,{2},5.903225806451613
2e698e49,2e698e49c,2020-11-15,17,{'JAM'},{'JAM_STAND_STILL_TRAFFIC'},32,{2},5.0
2e698e49,2e698e49c,2020-11-16,7,{'JAM'},{'JAM_STAND_STILL_TRAFFIC'},35,{2},5.0
2e698e49,2e698e49c,2020-11-21,17,{'JAM'},{'JAM_STAND_STILL_TRAFFIC'},9,{2},6.0
2e698e49,2e698e49c,2020-11-21,20,{'JAM'},{'JAM_STAND_STILL_TRAFFIC'},62,{2},5.419354838709677
2e698e4b,2e698e4a4,2020-09-16,16,{'JAM'},{'JAM_STAND_STILL_TRAFFIC'},29,{2},5.0
2e698e4b,2e698e4a4,2020-10-27,7,{'JAM'},{'JAM_STAND_STILL_TRAFFIC'},31,{2},5.967741935483871
2e698e4b,2e698e4a4,2020-11-02,7,{'JAM'},{'JAM_STAND_STILL_TRAFFIC'},30,{2},5.0
2e698e4b,2e698e4a4,2020-11-02,8,{'JAM'},{'JAM_HEAVY_TRAFFIC'},31,{2},5.870967741935484
2e698e4b,2e698e4a4,2020-11-05,7,{'JAM'},{'JAM_STAND_STILL_TRAFFIC'},33,{2},5.0
2e698e4b,2e698e4a4,2020-11-07,12,{'JAM'},{'JAM_STAND_STILL_TRAFFIC'},33,{2},5.0
2e698e4b,2e698e4a4,2020-11-14,12,{'JAM'},{'JAM_HEAVY_TRAFFIC'},33,{2},7.606060606060606
2e698e4b,2e698e4a4,2020-11-14,13,{'JAM'},{'JAM_STAND_STILL_TRAFFIC'},27,{2},5.0
2e698e4b,2e698e4a4,2020-11-16,6,{'JAM'},{'JAM_STAND_STILL_TRAFFIC'},5,{2},5.0
2e698e4b,2e698e4ac,2020-10-08,19,{'JAM'},{'JAM'},31,{1},5.0
2e698e4b,2e698e4ac,2020-10-10,12,{'JAM'},{'JAM'},19,{1},5.0
2e698e4b,2e698e4ac,2020-10-16,6,{'JAM'},{'JAM_HEAVY_TRAFFIC'},15,{2},5.0
2e698e4b,2e698e4ac,2020-10-17,14,{'JAM'},{'JAM'},31,{1},5.0
2e698e4b,2e698e4ac,2020-10-17,18,{'JAM'},{'JAM'},33,{1},5.0
2e698e4b,2e698e4ac,2020-10-24,17,{'JAM'},{'JAM'},30,{1},5.0
2e698e4b,2e698e4ac,2020-10-24,21,{'JAM'},{'JAM'},30,{1},5.0
2e698e4b,2e698e4ac,2020-10-26,11,{'JAM'},{'JAM_HEAVY_TRAFFIC'},30,{2},5.0
2e698e4b,2e698e4ac,2020-10-29,20,{'JAM'},{'JAM'},31,{1},5.0
2e698e4b,2e698e4ac,2020-10-30,6,{'JAM'},{'JAM'},32,{1},5.9375
2e698e4b,2e698e4ac,2020-10-30,16,{'JAM'},{'JAM'},32,{1},5.0
2e698e4b,2e698e4ac,2020-10-31,9,{'JAM'},{'JAM'},31,{1},5.0
2e698e4b,2e698e4ac,2020-10-31,11,{'JAM'},{'JAM'},33,{1},5.0
2e698e4b,2e698e4ac,2020-10-31,12,{'JAM'},{'JAM'},31,{1},5.0
2e698e4b,2e698e4ac,2020-10-31,13,{'JAM'},{'JAM'},30,{1},5.0
2e698e4b,2e698e4ac,2020-10-31,14,{'JAM'},{'JAM'},31,{1},5.0
2e698e4b,2e698e4ac,2020-11-01,16,{'JAM'},{'JAM'},33,{1},5.0
2e698e4b,2e698e4ac,2020-11-04,7,{'JAM'},"{'JAM', 'JAM_STAND_STILL_TRAFFIC'}",34,{2},5.470588235294118
2e698e4b,2e698e4ac,2020-11-05,6,{'JAM'},{'JAM_HEAVY_TRAFFIC'},31,{2},5.0
2e698e4b,2e698e4ac,2020-11-05,7,{'JAM'},{'JAM_STAND_STILL_TRAFFIC'},94,{2},5.829787234042553
2e698e4b,2e698e4ac,2020-11-05,9,{'JAM'},{'JAM_HEAVY_TRAFFIC'},29,{2},5.0
2e698e4b,2e698e4ac,2020-11-14,14,{'JAM'},{'JAM'},24,{1},5.0
2e698e4b,2e698e4ac,2020-11-20,15,{'JAM'},{'JAM'},32,{1},5.0
2e698e4b,2e698e4ac,2020-11-21,13,{'JAM'},{'JAM'},1,{1},5.0
2e698e4b,2e698e4bc,2020-11-02,7,{'JAM'},{'JAM_STAND_STILL_TRAFFIC'},6,{2},5.666666666666667
2e698e4b,2e698e4bc,2020-11-02,8,{'JAM'},{'JAM_STAND_STILL_TRAFFIC'},31,{2},5.0
2e698e4b,2e698e4bc,2020-11-05,7,{'JAM'},{'JAM_STAND_STILL_TRAFFIC'},31,{2},5.0
2e698e4b,2e698e4bc,2020-11-07,16,{'JAM'},{'JAM_STAND_STILL_TRAFFIC'},25,{2},5.0
2e698e4d,2e698e4d4,2020-11-10,11,{'JAM'},{'JAM_STAND_STILL_TRAFFIC'},49,{2},5.36734693877551
2e698e4d,2e698e4d4,2020-11-18,18,{'JAM'},{'JAM_STAND_STILL_TRAFFIC'},21,{2},5.0
2e698e4d,2e698e4d4,2020-11-19,10,{'JAM'},{'JAM'},5,{2},5.0
2e698e4d,2e698e4d4,2020-11-19,21,{'JAM'},{'JAM_STAND_STILL_TRAFFIC'},31,{2},5.0
2e698e51,2e698e50c,2020-09-30,16,{'JAM'},{'JAM'},16,{6},5.0
2e698e51,2e698e50c,2020-10-25,16,{'JAM'},{'JAM_STAND_STILL_TRAFFIC'},30,{6},5.0
2e698e51,2e698e50c,2020-10-25,17,"{'JAM', 'WEATHERHAZARD'}","{'JAM', 'HAZARD_WEATHER_FLOOD'}",53,{6},5.867924528301887
2e698e51,2e698e50c,2020-10-26,16,{'JAM'},{'JAM'},33,{6},5.0
2e698e51,2e698e50c,2020-11-04,17,{'JAM'},{'JAM_HEAVY_TRAFFIC'},33,{6},5.151515151515151
2e698e51,2e698e50c,2020-11-10,18,{'JAM'},{'JAM_HEAVY_TRAFFIC'},31,{6},5.0
2e698e51,2e698e50c,2020-11-13,17,{'JAM'},"{'JAM_STAND_STILL_TRAFFIC', 'JAM_HEAVY_TRAFFIC'}",38,{6},5.447368421052632
2e698e51,2e698e50c,2020-11-16,19,{'JAM'},{'JAM_HEAVY_TRAFFIC'},23,{6},5.0
2e698e51,2e698e514,2020-10-25,17,{'JAM'},{'JAM'},7,{6},5.428571428571429
2e698e51,2e698e51c,2020-09-02,19,{'JAM'},{'JAM_HEAVY_TRAFFIC'},31,{6},5.0
2e698e51,2e698e51c,2020-11-05,23,{'JAM'},{'JAM'},5,{6},5.0
2e698e53,2e698e524,2020-09-11,1,{'WEATHERHAZARD'},{'HAZARD_ON_ROAD_POT_HOLE'},225,{6},5.013333333333334
2e698e53,2e698e524,2020-09-18,14,{'JAM'},{'JAM_MODERATE_TRAFFIC'},33,{6},5.0
2e698e53,2e698e524,2020-10-12,15,{'WEATHERHAZARD'},{'HAZARD_ON_ROAD_CAR_STOPPED'},32,{6},6.25
2e698e53,2e698e524,2020-10-25,16,"{'JAM', 'WEATHERHAZARD'}","{'HAZARD_WEATHER_FLOOD', 'JAM_STAND_STILL_TRAFFIC'}",68,{6},5.3088235294117645
2e698e53,2e698e524,2020-11-04,7,{'JAM'},{'JAM_STAND_STILL_TRAFFIC'},44,{6},5.386363636363637
2e698e53,2e698e524,2020-11-04,15,{'JAM'},{'JAM_MODERATE_TRAFFIC'},5,{6},5.0
2e698e53,2e698e524,2020-11-05,7,{'JAM'},{'JAM_HEAVY_TRAFFIC'},30,{6},5.0
2e698e53,2e698e52c,2020-09-02,16,{'JAM'},{'JAM_STAND_STILL_TRAFFIC'},30,{6},5.0
2e698e53,2e698e52c,2020-09-05,11,{'JAM'},{'JAM_HEAVY_TRAFFIC'},31,{6},5.0
2e698e53,2e698e52c,2020-09-11,14,{'JAM'},{'JAM_HEAVY_TRAFFIC'},31,{6},5.548387096774194
2e698e53,2e698e52c,2020-09-11,18,{'JAM'},{'JAM_HEAVY_TRAFFIC'},30,{6},5.0
2e698e53,2e698e52c,2020-09-18,14,{'JAM'},{'JAM_STAND_STILL_TRAFFIC'},33,{6},5.666666666666667
2e698e53,2e698e52c,2020-09-22,12,{'JAM'},{'JAM'},32,{17},5.0
2e698e53,2e698e52c,2020-09-22,17,{'JAM'},{'JAM_HEAVY_TRAFFIC'},8,{6},5.0
2e698e53,2e698e52c,2020-09-29,14,{'JAM'},{'JAM_HEAVY_TRAFFIC'},33,{6},5.0
2e698e53,2e698e52c,2020-10-07,17,{'JAM'},{'JAM_STAND_STILL_TRAFFIC'},39,{6},5.846153846153846
2e698e53,2e698e52c,2020-10-09,18,{'JAM'},{'JAM'},32,{6},5.0
2e698e53,2e698e52c,2020-10-10,14,{'JAM'},{'JAM_MODERATE_TRAFFIC'},31,{6},5.0
2e698e53,2e698e52c,2020-10-28,14,{'JAM'},{'JAM_HEAVY_TRAFFIC'},30,{6},5.566666666666666
2e698e53,2e698e52c,2020-10-28,18,{'JAM'},{'JAM_HEAVY_TRAFFIC'},33,{6},5.0
2e698e53,2e698e52c,2020-10-31,10,{'JAM'},{'JAM_HEAVY_TRAFFIC'},31,{6},5.0
2e698e53,2e698e52c,2020-11-02,14,{'JAM'},"{'JAM_MODERATE_TRAFFIC', 'JAM_HEAVY_TRAFFIC'}",117,{6},5.666666666666667
2e698e53,2e698e52c,2020-11-04,7,{'JAM'},{'JAM_HEAVY_TRAFFIC'},46,{6},6.065217391304348
2e698e53,2e698e52c,2020-11-05,7,{'JAM'},{'JAM_HEAVY_TRAFFIC'},36,{6},5.472222222222222
2e698e53,2e698e52c,2020-11-05,18,{'JAM'},{'JAM_MODERATE_TRAFFIC'},8,{6},5.0
2e698e55,2e698e54c,2020-09-12,14,{'JAM'},{'JAM'},11,{1},5.0
2e698e59,2e698e584,2020-09-27,14,{'JAM'},{'JAM_STAND_STILL_TRAFFIC'},10,{2},5.0
2e698e59,2e698e584,2020-10-05,7,{'JAM'},"{'JAM_STAND_STILL_TRAFFIC', 'JAM_HEAVY_TRAFFIC'}",124,"{1, 2}",5.0
2e698e59,2e698e584,2020-10-19,17,{'JAM'},{'JAM_HEAVY_TRAFFIC'},12,{2},5.0
2e698e59,2e698e584,2020-11-06,7,{'JAM'},{'JAM_STAND_STILL_TRAFFIC'},62,{2},5.0
2e698e59,2e698e584,2020-11-06,19,{'JAM'},{'JAM_STAND_STILL_TRAFFIC'},10,{2},5.0
2e698e59,2e698e584,2020-11-08,13,{'JAM'},{'JAM_STAND_STILL_TRAFFIC'},64,{1},5.65625
2e698e59,2e698e584,2020-11-13,7,{'JAM'},{'JAM_HEAVY_TRAFFIC'},47,{2},5.0
2e698e59,2e698e594,2020-09-09,7,{'WEATHERHAZARD'},{'HAZARD_ON_SHOULDER_CAR_STOPPED'},64,{6},5.625
2e698e59,2e698e594,2020-10-03,16,{'JAM'},{'JAM_STAND_STILL_TRAFFIC'},62,{6},5.0
2e698e59,2e698e594,2020-10-09,19,{'JAM'},{'JAM_STAND_STILL_TRAFFIC'},36,{6},5.0
2e698e59,2e698e594,2020-10-27,20,{'JAM'},{'JAM_MODERATE_TRAFFIC'},76,{6},5.421052631578948
2e698e59,2e698e594,2020-10-27,21,{'JAM'},{'JAM_MODERATE_TRAFFIC'},60,{6},5.0
2e698e59,2e698e594,2020-11-02,15,{'JAM'},{'JAM_STAND_STILL_TRAFFIC'},151,{6},5.198675496688741
2e698e59,2e698e594,2020-11-02,18,{'JAM'},{'JAM_MODERATE_TRAFFIC'},60,{6},5.966666666666667
2e698e59,2e698e594,2020-11-04,18,{'JAM'},{'JAM_STAND_STILL_TRAFFIC'},62,{6},5.967741935483871
2e698e59,2e698e594,2020-11-16,15,{'JAM'},{'JAM_STAND_STILL_TRAFFIC'},46,{6},5.0
2e698e59,2e698e59c,2020-09-02,5,{'JAM'},{'JAM_STAND_STILL_TRAFFIC'},62,{2},5.0
2e698e59,2e698e59c,2020-09-06,12,{'JAM'},{'JAM_STAND_STILL_TRAFFIC'},19,{2},5.0
2e698e59,2e698e59c,2020-09-06,18,{'JAM'},{'JAM_STAND_STILL_TRAFFIC'},5,{2},5.0
2e698e59,2e698e59c,2020-09-11,21,{'JAM'},{'JAM_MODERATE_TRAFFIC'},7,{2},5.0
2e698e59,2e698e59c,2020-09-30,6,{'JAM'},{'JAM_HEAVY_TRAFFIC'},33,{2},5.0
2e698e59,2e698e59c,2020-10-01,14,{'JAM'},{'JAM_STAND_STILL_TRAFFIC'},12,{2},5.0
2e698e59,2e698e59c,2020-10-01,18,{'JAM'},{'JAM_STAND_STILL_TRAFFIC'},8,{2},5.0
2e698e59,2e698e59c,2020-10-04,20,{'JAM'},{'JAM_STAND_STILL_TRAFFIC'},62,{2},5.0
2e698e59,2e698e59c,2020-10-09,7,{'JAM'},{'JAM_HEAVY_TRAFFIC'},30,{2},5.0
2e698e59,2e698e59c,2020-10-19,17,{'JAM'},{'JAM_MODERATE_TRAFFIC'},6,{2},5.0
2e698e59,2e698e59c,2020-10-25,17,{'JAM'},{'JAM_MODERATE_TRAFFIC'},31,{2},5.774193548387097
2e698e59,2e698e59c,2020-10-28,18,{'JAM'},{'JAM_MODERATE_TRAFFIC'},30,{2},5.0
2e698e59,2e698e59c,2020-10-31,20,{'JAM'},{'JAM_MODERATE_TRAFFIC'},62,{2},5.0
2e698e59,2e698e59c,2020-11-03,9,{'JAM'},{'JAM_STAND_STILL_TRAFFIC'},31,{2},5.0
2e698e59,2e698e59c,2020-11-10,8,{'JAM'},{'JAM_HEAVY_TRAFFIC'},30,{2},5.0
2e698e59,2e698e59c,2020-11-13,10,{'JAM'},{'JAM_HEAVY_TRAFFIC'},30,{2},6.0
2e698e59,2e698e59c,2020-11-15,17,{'JAM'},{'JAM_STAND_STILL_TRAFFIC'},31,{2},5.0
2e698e59,2e698e59c,2020-11-17,8,{'JAM'},{'JAM_HEAVY_TRAFFIC'},36,{2},5.0
2e698e59,2e698e59c,2020-11-17,14,{'JAM'},{'JAM_STAND_STILL_TRAFFIC'},30,{2},5.933333333333334
2e698e59,2e698e59c,2020-11-19,17,{'JAM'},{'JAM_HEAVY_TRAFFIC'},33,{2},5.363636363636363
2e698e59,2e698e59c,2020-11-21,9,{'JAM'},{'JAM_HEAVY_TRAFFIC'},61,{2},5.0
2e698e5b,2e698e5a4,2020-09-04,18,{'JAM'},{'JAM_HEAVY_TRAFFIC'},33,{6},5.0
2e698e5b,2e698e5a4,2020-09-06,13,{'JAM'},{'JAM_MODERATE_TRAFFIC'},30,{2},5.0
2e698e5b,2e698e5a4,2020-09-07,15,{'JAM'},{'JAM_HEAVY_TRAFFIC'},30,{6},5.0
2e698e5b,2e698e5a4,2020-09-10,6,{'JAM'},{'JAM_HEAVY_TRAFFIC'},30,{2},5.0
2e698e5b,2e698e5a4,2020-09-11,18,{'JAM'},{'JAM_HEAVY_TRAFFIC'},36,{6},5.0
2e698e5b,2e698e5a4,2020-09-14,16,{'JAM'},{'JAM_STAND_STILL_TRAFFIC'},31,{6},5.0
2e698e5b,2e698e5a4,2020-09-15,17,{'JAM'},{'JAM_HEAVY_TRAFFIC'},33,{6},5.606060606060606
2e698e5b,2e698e5a4,2020-09-18,14,{'JAM'},{'JAM_MODERATE_TRAFFIC'},31,{6},5.0
2e698e5b,2e698e5a4,2020-09-19,17,{'JAM'},{'JAM_MODERATE_TRAFFIC'},15,{2},5.0
2e698e5b,2e698e5a4,2020-09-21,18,{'JAM'},{'JAM_HEAVY_TRAFFIC'},31,{6},5.0
2e698e5b,2e698e5a4,2020-09-22,12,{'JAM'},{'JAM_HEAVY_TRAFFIC'},8,{6},5.0
2e698e5b,2e698e5a4,2020-09-24,15,{'JAM'},{'JAM_STAND_STILL_TRAFFIC'},32,{6},5.0
2e698e5b,2e698e5a4,2020-09-24,18,{'JAM'},{'JAM_STAND_STILL_TRAFFIC'},30,{6},6.833333333333333
2e698e5b,2e698e5a4,2020-09-26,20,{'JAM'},{'JAM_STAND_STILL_TRAFFIC'},15,{6},5.0
2e698e5b,2e698e5a4,2020-09-28,16,{'JAM'},{'JAM_HEAVY_TRAFFIC'},30,{6},5.0
2e698e5b,2e698e5a4,2020-09-30,14,{'JAM'},{'JAM_STAND_STILL_TRAFFIC'},31,{6},5.0
2e698e5b,2e698e5a4,2020-10-01,14,{'JAM'},{'JAM_HEAVY_TRAFFIC'},13,{2},5.0
2e698e5b,2e698e5a4,2020-10-02,14,{'JAM'},{'JAM_HEAVY_TRAFFIC'},33,{6},5.757575757575758
2e698e5b,2e698e5a4,2020-10-02,16,{'JAM'},{'JAM_HEAVY_TRAFFIC'},32,{6},5.71875
2e698e5b,2e698e5a4,2020-10-02,18,{'JAM'},{'JAM_STAND_STILL_TRAFFIC'},31,{6},5.967741935483871
2e698e5b,2e698e5a4,2020-10-03,12,{'JAM'},{'JAM_STAND_STILL_TRAFFIC'},42,{6},5.904761904761905
2e698e5b,2e698e5a4,2020-10-03,14,{'JAM'},{'JAM_HEAVY_TRAFFIC'},30,{6},5.0
2e698e5b,2e698e5a4,2020-10-03,16,{'JAM'},{'JAM_STAND_STILL_TRAFFIC'},30,{6},5.0
2e698e5b,2e698e5a4,2020-10-03,20,{'JAM'},{'JAM'},31,{6},6.0
2e698e5b,2e698e5a4,2020-10-04,16,{'JAM'},{'JAM_HEAVY_TRAFFIC'},6,{2},5.0
2e698e5b,2e698e5a4,2020-10-05,13,{'JAM'},{'JAM_MODERATE_TRAFFIC'},31,{6},5.0
2e698e5b,2e698e5a4,2020-10-05,17,{'JAM'},{'JAM_HEAVY_TRAFFIC'},34,{6},5.0
2e698e5b,2e698e5a4,2020-10-05,18,{'JAM'},{'JAM_STAND_STILL_TRAFFIC'},31,{6},5.580645161290323
2e698e5b,2e698e5a4,2020-10-06,17,{'JAM'},{'JAM_STAND_STILL_TRAFFIC'},31,{6},5.0
2e698e5b,2e698e5a4,2020-10-07,20,{'JAM'},{'JAM_MODERATE_TRAFFIC'},11,{6},5.0
2e698e5b,2e698e5a4,2020-10-07,21,{'JAM'},{'JAM_MODERATE_TRAFFIC'},32,{6},5.0
2e698e5b,2e698e5a4,2020-10-09,7,{'JAM'},{'JAM_HEAVY_TRAFFIC'},30,{2},5.0
2e698e5b,2e698e5a4,2020-10-09,16,{'JAM'},{'JAM_HEAVY_TRAFFIC'},30,{6},5.0
2e698e5b,2e698e5a4,2020-10-09,19,{'JAM'},{'JAM_STAND_STILL_TRAFFIC'},32,{6},5.96875
2e698e5b,2e698e5a4,2020-10-10,11,{'JAM'},{'JAM_HEAVY_TRAFFIC'},32,{2},5.0
2e698e5b,2e698e5a4,2020-10-10,14,{'JAM'},{'JAM_MODERATE_TRAFFIC'},30,{6},6.0
2e698e5b,2e698e5a4,2020-10-10,16,{'JAM'},{'JAM_HEAVY_TRAFFIC'},30,{6},5.0
2e698e5b,2e698e5a4,2020-10-12,15,{'JAM'},{'JAM_STAND_STILL_TRAFFIC'},32,{6},5.0
2e698e5b,2e698e5a4,2020-10-13,7,{'JAM'},{'JAM_MODERATE_TRAFFIC'},30,{2},5.0
2e698e5b,2e698e5a4,2020-10-17,13,{'JAM'},{'JAM_HEAVY_TRAFFIC'},30,{6},5.0
2e698e5b,2e698e5a4,2020-10-18,7,{'JAM'},{'JAM_MODERATE_TRAFFIC'},6,{6},5.0
2e698e5b,2e698e5a4,2020-10-19,17,{'JAM'},{'JAM_MODERATE_TRAFFIC'},31,{2},5.0
2e698e5b,2e698e5a4,2020-10-21,7,{'JAM'},{'JAM_HEAVY_TRAFFIC'},34,{6},5.0
2e698e5b,2e698e5a4,2020-10-23,15,{'JAM'},{'JAM_STAND_STILL_TRAFFIC'},31,{2},5.0
2e698e5b,2e698e5a4,2020-10-25,12,{'JAM'},{'JAM_HEAVY_TRAFFIC'},30,{6},5.0
2e698e5b,2e698e5a4,2020-10-25,16,{'JAM'},{'JAM_STAND_STILL_TRAFFIC'},31,{6},6.967741935483871
2e698e5b,2e698e5a4,2020-10-25,17,"{'JAM', 'WEATHERHAZARD', 'ACCIDENT'}","{'HAZARD_ON_ROAD_CAR_STOPPED', 'HAZARD_WEATHER_FLOOD', 'JAM_STAND_STILL_TRAFFIC', 'ACCIDENT'}",135,{6},6.222222222222222
2e698e5b,2e698e5a4,2020-10-26,9,{'JAM'},{'JAM_HEAVY_TRAFFIC'},31,{6},5.870967741935484
2e698e5b,2e698e5a4,2020-10-26,19,{'JAM'},{'JAM_STAND_STILL_TRAFFIC'},31,{6},5.0
2e698e5b,2e698e5a4,2020-10-27,11,{'JAM'},{'JAM_STAND_STILL_TRAFFIC'},31,{6},5.0
2e698e5b,2e698e5a4,2020-10-27,14,{'JAM'},{'JAM_HEAVY_TRAFFIC'},5,{6},5.8
2e698e5b,2e698e5a4,2020-10-27,15,{'JAM'},{'JAM_HEAVY_TRAFFIC'},41,{6},5.365853658536586
2e698e5b,2e698e5a4,2020-10-27,20,{'JAM'},{'JAM_HEAVY_TRAFFIC'},35,{6},5.428571428571429
2e698e5b,2e698e5a4,2020-10-28,14,{'JAM'},{'JAM_STAND_STILL_TRAFFIC'},30,{6},5.0
2e698e5b,2e698e5a4,2020-10-28,19,{'JAM'},{'JAM_HEAVY_TRAFFIC'},32,{6},5.0
2e698e5b,2e698e5a4,2020-10-30,17,{'JAM'},{'JAM_HEAVY_TRAFFIC'},30,{6},5.0
2e698e5b,2e698e5a4,2020-10-31,14,{'JAM'},{'JAM_STAND_STILL_TRAFFIC'},30,{6},5.0
2e698e5b,2e698e5a4,2020-10-31,17,{'JAM'},{'JAM_STAND_STILL_TRAFFIC'},7,{6},5.0
2e698e5b,2e698e5a4,2020-11-01,20,{'JAM'},{'JAM_HEAVY_TRAFFIC'},32,{2},5.0
2e698e5b,2e698e5a4,2020-11-02,8,{'JAM'},{'JAM_HEAVY_TRAFFIC'},30,{6},5.0
2e698e5b,2e698e5a4,2020-11-02,18,{'JAM'},{'JAM_HEAVY_TRAFFIC'},33,{6},5.454545454545454
2e698e5b,2e698e5a4,2020-11-03,9,{'JAM'},{'JAM_STAND_STILL_TRAFFIC'},33,{2},5.0
2e698e5b,2e698e5a4,2020-11-04,7,{'JAM'},{'JAM_STAND_STILL_TRAFFIC'},31,{6},5.0
2e698e5b,2e698e5a4,2020-11-04,10,{'JAM'},{'JAM_HEAVY_TRAFFIC'},32,{6},5.0
2e698e5b,2e698e5a4,2020-11-04,14,{'JAM'},{'JAM_HEAVY_TRAFFIC'},31,{6},5.0
2e698e5b,2e698e5a4,2020-11-05,17,{'JAM'},{'JAM_STAND_STILL_TRAFFIC'},30,{6},5.0
2e698e5b,2e698e5a4,2020-11-05,19,{'JAM'},{'JAM_MODERATE_TRAFFIC'},32,{6},5.0
2e698e5b,2e698e5a4,2020-11-05,20,{'JAM'},{'JAM_STAND_STILL_TRAFFIC'},31,{6},5.0
2e698e5b,2e698e5a4,2020-11-06,16,{'JAM'},{'JAM'},29,{6},5.0
2e698e5b,2e698e5a4,2020-11-06,18,{'JAM'},{'JAM_MODERATE_TRAFFIC'},31,{6},5.903225806451613
2e698e5b,2e698e5a4,2020-11-06,19,{'JAM'},{'JAM_STAND_STILL_TRAFFIC'},31,{6},5.0
2e698e5b,2e698e5a4,2020-11-07,16,{'JAM'},{'JAM_STAND_STILL_TRAFFIC'},34,{6},5.470588235294118
2e698e5b,2e698e5a4,2020-11-09,15,{'JAM'},{'JAM_STAND_STILL_TRAFFIC'},33,{2},5.484848484848484
2e698e5b,2e698e5a4,2020-11-09,19,{'JAM'},{'JAM_STAND_STILL_TRAFFIC'},6,{6},5.0
2e698e5b,2e698e5a4,2020-11-10,16,{'JAM'},{'JAM_HEAVY_TRAFFIC'},31,{6},5.0
2e698e5b,2e698e5a4,2020-11-10,18,{'JAM'},{'JAM'},32,{6},5.0
2e698e5b,2e698e5a4,2020-11-11,19,{'JAM'},{'JAM_STAND_STILL_TRAFFIC'},6,{6},7.333333333333333
2e698e5b,2e698e5a4,2020-11-13,17,{'JAM'},{'JAM_STAND_STILL_TRAFFIC'},40,{2},5.375
2e698e5b,2e698e5a4,2020-11-13,18,{'JAM'},{'JAM_STAND_STILL_TRAFFIC'},47,{6},5.361702127659575
2e698e5b,2e698e5a4,2020-11-13,20,{'JAM'},{'JAM_STAND_STILL_TRAFFIC'},31,{6},5.967741935483871
2e698e5b,2e698e5a4,2020-11-13,21,{'JAM'},{'JAM_HEAVY_TRAFFIC'},34,{6},5.970588235294118
2e698e5b,2e698e5a4,2020-11-13,22,{'JAM'},{'JAM_STAND_STILL_TRAFFIC'},32,{6},5.0
2e698e5b,2e698e5a4,2020-11-14,13,{'JAM'},{'JAM_STAND_STILL_TRAFFIC'},31,{2},5.0
2e698e5b,2e698e5a4,2020-11-14,14,{'JAM'},{'JAM_MODERATE_TRAFFIC'},15,{2},5.0
2e698e5b,2e698e5a4,2020-11-14,20,"{'JAM', 'WEATHERHAZARD'}","{'JAM_STAND_STILL_TRAFFIC', 'HAZARD_ON_ROAD_ROAD_KILL'}",62,{6},5.080645161290323
2e698e5b,2e698e5a4,2020-11-16,15,{'JAM'},{'JAM_STAND_STILL_TRAFFIC'},32,{6},5.84375
2e698e5b,2e698e5a4,2020-11-17,14,{'JAM'},{'JAM_STAND_STILL_TRAFFIC'},61,"{2, 6}",5.360655737704918
2e698e5b,2e698e5a4,2020-11-19,17,{'JAM'},{'JAM_HEAVY_TRAFFIC'},36,{2},6.194444444444445
2e698e5b,2e698e5a4,2020-11-20,16,{'JAM'},{'JAM_STAND_STILL_TRAFFIC'},21,{6},5.0
2e698e5b,2e698e5b4,2020-10-27,18,{'JAM'},{'JAM_STAND_STILL_TRAFFIC'},41,{1},5.390243902439025
2e698e5b,2e698e5b4,2020-11-10,18,{'JAM'},{'JAM_STAND_STILL_TRAFFIC'},7,{1},5.0
2e698e5b,2e698e5b4,2020-11-16,15,{'JAM'},{'JAM_STAND_STILL_TRAFFIC'},45,{1},5.355555555555555
2e698e5b,2e698e5bc,2020-09-07,20,{'JAM'},{'JAM_HEAVY_TRAFFIC'},57,{6},5.0
2e698e5b,2e698e5bc,2020-09-15,18,{'JAM'},{'JAM_STAND_STILL_TRAFFIC'},31,{6},5.0
2e698e5b,2e698e5bc,2020-09-17,13,{'JAM'},{'JAM_HEAVY_TRAFFIC'},21,{6},5.0
2e698e5b,2e698e5bc,2020-09-22,16,{'JAM'},{'JAM_STAND_STILL_TRAFFIC'},62,{6},5.935483870967742
2e698e5b,2e698e5bc,2020-09-22,17,{'JAM'},{'JAM_HEAVY_TRAFFIC'},65,{6},6.0
2e698e5b,2e698e5bc,2020-09-22,18,{'JAM'},{'JAM'},62,{6},5.0
2e698e5b,2e698e5bc,2020-09-24,18,{'JAM'},{'JAM_MODERATE_TRAFFIC'},60,{6},6.9
2e698e5b,2e698e5bc,2020-09-28,16,{'JAM'},{'JAM_HEAVY_TRAFFIC'},24,{6},5.0
2e698e5b,2e698e5bc,2020-09-29,17,{'JAM'},{'JAM_STAND_STILL_TRAFFIC'},61,{6},5.245901639344262
2e698e5b,2e698e5bc,2020-09-30,17,{'JAM'},{'JAM_HEAVY_TRAFFIC'},60,{6},5.0
2e698e5b,2e698e5bc,2020-10-02,18,{'JAM'},{'JAM_STAND_STILL_TRAFFIC'},59,{6},5.0
2e698e5b,2e698e5bc,2020-10-02,19,{'JAM'},{'JAM_HEAVY_TRAFFIC'},18,{6},5.0
2e698e5b,2e698e5bc,2020-10-03,19,{'JAM'},{'JAM_HEAVY_TRAFFIC'},30,{6},5.0
2e698e5b,2e698e5bc,2020-10-05,13,{'JAM'},{'JAM_MODERATE_TRAFFIC'},31,{6},5.0
2e698e5b,2e698e5bc,2020-10-05,17,{'JAM'},{'JAM_HEAVY_TRAFFIC'},60,{6},5.966666666666667
2e698e5b,2e698e5bc,2020-10-05,19,{'JAM'},{'JAM'},30,{6},5.0
2e698e5b,2e698e5bc,2020-10-07,17,{'JAM'},"{'JAM_STAND_STILL_TRAFFIC', 'JAM_HEAVY_TRAFFIC'}",130,{6},5.376923076923077
2e698e5b,2e698e5bc,2020-10-09,19,{'JAM'},{'JAM_STAND_STILL_TRAFFIC'},124,{6},5.0
2e698e5b,2e698e5bc,2020-10-10,14,{'JAM'},{'JAM_MODERATE_TRAFFIC'},1,{6},5.0
2e698e5b,2e698e5bc,2020-10-10,19,{'JAM'},{'JAM_STAND_STILL_TRAFFIC'},30,{6},5.0
2e698e5b,2e698e5bc,2020-10-12,15,{'WEATHERHAZARD'},{'HAZARD_ON_ROAD_CAR_STOPPED'},31,{6},6.129032258064516
2e698e5b,2e698e5bc,2020-10-24,16,{'JAM'},{'JAM'},63,{6},5.0
2e698e5b,2e698e5bc,2020-10-25,17,{'JAM'},{'JAM_STAND_STILL_TRAFFIC'},36,{6},5.722222222222222
2e698e5b,2e698e5bc,2020-10-26,16,{'JAM'},{'JAM_MODERATE_TRAFFIC'},31,{6},5.0
2e698e5b,2e698e5bc,2020-10-26,19,{'JAM'},{'JAM_STAND_STILL_TRAFFIC'},62,{6},5.0
2e698e5b,2e698e5bc,2020-10-27,15,{'JAM'},{'JAM_HEAVY_TRAFFIC'},10,{6},5.6
2e698e5b,2e698e5bc,2020-10-27,16,{'JAM'},{'JAM_MODERATE_TRAFFIC'},63,{6},5.0
2e698e5b,2e698e5bc,2020-10-27,18,{'JAM'},{'JAM_STAND_STILL_TRAFFIC'},201,{6},6.472636815920398
2e698e5b,2e698e5bc,2020-10-28,11,{'JAM'},{'JAM_STAND_STILL_TRAFFIC'},60,{6},5.0
2e698e5b,2e698e5bc,2020-10-28,12,{'JAM'},{'JAM_STAND_STILL_TRAFFIC'},30,{6},5.0
2e698e5b,2e698e5bc,2020-10-28,14,{'JAM'},{'JAM_STAND_STILL_TRAFFIC'},60,{6},5.0
2e698e5b,2e698e5bc,2020-10-28,15,{'JAM'},{'JAM_STAND_STILL_TRAFFIC'},65,{6},5.446153846153846
2e698e5b,2e698e5bc,2020-10-28,17,{'JAM'},{'JAM_HEAVY_TRAFFIC'},6,{1},5.0
2e698e5b,2e698e5bc,2020-10-28,18,{'JAM'},{'JAM_HEAVY_TRAFFIC'},64,{6},5.0
2e698e5b,2e698e5bc,2020-10-28,19,{'JAM'},{'JAM_STAND_STILL_TRAFFIC'},146,{6},5.2465753424657535
2e698e5b,2e698e5bc,2020-11-02,14,{'JAM'},{'JAM_HEAVY_TRAFFIC'},31,{6},5.516129032258065
2e698e5b,2e698e5bc,2020-11-02,15,{'JAM'},{'JAM_STAND_STILL_TRAFFIC'},38,{6},5.394736842105263
2e698e5b,2e698e5bc,2020-11-02,18,{'JAM'},{'JAM_HEAVY_TRAFFIC'},48,{6},5.75
2e698e5b,2e698e5bc,2020-11-02,19,{'JAM'},{'JAM_HEAVY_TRAFFIC'},69,{6},5.0
2e698e5b,2e698e5bc,2020-11-05,18,{'JAM'},{'JAM_STAND_STILL_TRAFFIC'},30,{1},5.0
2e698e5b,2e698e5bc,2020-11-06,16,{'JAM'},{'JAM_STAND_STILL_TRAFFIC'},163,{6},5.325153374233129
2e698e5b,2e698e5bc,2020-11-06,19,{'JAM'},"{'JAM_STAND_STILL_TRAFFIC', 'JAM_HEAVY_TRAFFIC'}",150,"{1, 6}",5.746666666666667
2e698e5b,2e698e5bc,2020-11-09,17,{'JAM'},{'JAM_STAND_STILL_TRAFFIC'},63,{6},5.0
2e698e5b,2e698e5bc,2020-11-09,19,{'JAM'},{'JAM_MODERATE_TRAFFIC'},30,{1},5.0
2e698e5b,2e698e5bc,2020-11-11,16,{'JAM'},{'JAM_HEAVY_TRAFFIC'},6,{1},5.0
2e698e5b,2e698e5bc,2020-11-11,19,{'JAM'},{'JAM_STAND_STILL_TRAFFIC'},58,"{1, 6}",5.0
2e698e5b,2e698e5bc,2020-11-13,18,{'JAM'},{'JAM_STAND_STILL_TRAFFIC'},33,{1},5.0
2e698e5b,2e698e5bc,2020-11-13,22,{'JAM'},{'JAM_STAND_STILL_TRAFFIC'},62,{6},5.67741935483871
2e698e5b,2e698e5bc,2020-11-14,16,{'JAM'},{'JAM_HEAVY_TRAFFIC'},21,{6},5.0
2e698e5b,2e698e5bc,2020-11-14,20,{'JAM'},{'JAM_STAND_STILL_TRAFFIC'},30,{6},5.0
2e698e5b,2e698e5bc,2020-11-16,15,{'JAM'},{'JAM_STAND_STILL_TRAFFIC'},17,{1},5.0
2e698e5b,2e698e5bc,2020-11-16,19,{'JAM'},{'JAM_HEAVY_TRAFFIC'},29,{1},5.0
2e698e5b,2e698e5bc,2020-11-17,13,{'JAM'},{'JAM_HEAVY_TRAFFIC'},65,{6},5.246153846153846
2e698e5b,2e698e5bc,2020-11-18,17,{'JAM'},{'JAM_STAND_STILL_TRAFFIC'},58,{6},5.931034482758621
2e698e5f,2e698e5ec,2020-09-18,17,{'JAM'},{'JAM_STAND_STILL_TRAFFIC'},62,{6},5.0
2e698e5f,2e698e5ec,2020-09-28,16,{'WEATHERHAZARD'},{'HAZARD_ON_SHOULDER_CAR_STOPPED'},147,{6},5.380952380952381
2e698e5f,2e698e5ec,2020-10-02,18,{'JAM'},{'JAM_STAND_STILL_TRAFFIC'},50,{6},5.96
2e698e5f,2e698e5ec,2020-10-08,11,{'JAM'},{'JAM'},64,{6},5.0
2e698e5f,2e698e5ec,2020-10-09,19,{'JAM'},{'JAM_STAND_STILL_TRAFFIC'},178,{6},7.151685393258427
2e698e5f,2e698e5ec,2020-10-26,17,{'JAM'},{'JAM_HEAVY_TRAFFIC'},73,{6},6.095890410958904
2e698e5f,2e698e5ec,2020-10-27,16,{'JAM'},{'JAM_HEAVY_TRAFFIC'},62,{6},5.0
2e698e5f,2e698e5ec,2020-10-27,17,{'JAM'},{'JAM_HEAVY_TRAFFIC'},128,{6},6.125
2e698e5f,2e698e5ec,2020-10-27,18,{'JAM'},{'JAM_STAND_STILL_TRAFFIC'},62,{6},6.903225806451613
2e698e5f,2e698e5ec,2020-10-27,20,{'JAM'},{'JAM_HEAVY_TRAFFIC'},56,{6},6.714285714285714
2e698e5f,2e698e5ec,2020-11-02,17,{'JAM'},{'JAM_MODERATE_TRAFFIC'},62,{6},5.0
2e698e5f,2e698e5ec,2020-11-02,18,{'JAM'},"{'JAM', 'JAM_STAND_STILL_TRAFFIC'}",126,{6},5.0
2e698e5f,2e698e5ec,2020-11-10,14,{'JAM'},{'JAM'},30,{6},5.0
2e698e5f,2e698e5ec,2020-11-13,19,{'JAM'},{'JAM_STAND_STILL_TRAFFIC'},133,{6},5.0
2e698e5f,2e698e5f4,2020-10-27,17,{'JAM'},{'JAM_HEAVY_TRAFFIC'},14,{6},6.0
2e698e5f,2e698e5fc,2020-10-02,11,{'JAM'},{'JAM_MODERATE_TRAFFIC'},12,{6},5.0
2e698e5f,2e698e5fc,2020-10-06,6,{'JAM'},{'JAM_STAND_STILL_TRAFFIC'},62,{6},5.0
2e698e5f,2e698e5fc,2020-10-15,17,{'WEATHERHAZARD'},{'HAZARD_ON_SHOULDER'},62,{6},5.0
2e698e5f,2e698e5fc,2020-10-27,18,{'JAM'},{'JAM_HEAVY_TRAFFIC'},62,{6},5.0
2e698e5f,2e698e5fc,2020-10-27,20,{'JAM'},{'JAM_HEAVY_TRAFFIC'},6,{6},5.0
2e698e61,2e698e604,2020-09-11,10,{'JAM'},{'JAM_HEAVY_TRAFFIC'},12,{6},5.0
2e698e61,2e698e604,2020-09-18,21,{'JAM'},{'JAM'},20,{17},5.0
2e698e63,2e698e624,2020-09-08,17,{'JAM'},{'JAM_STAND_STILL_TRAFFIC'},83,{2},5.421686746987952
2e698e63,2e698e624,2020-09-15,18,{'JAM'},{'JAM_STAND_STILL_TRAFFIC'},63,{2},5.0
2e698e63,2e698e624,2020-10-02,18,{'JAM'},{'JAM_STAND_STILL_TRAFFIC'},124,{2},5.42741935483871
2e698e63,2e698e624,2020-10-04,15,{'JAM'},{'JAM_STAND_STILL_TRAFFIC'},60,{2},5.0
2e698e63,2e698e624,2020-10-04,16,{'JAM'},{'JAM_MODERATE_TRAFFIC'},60,{2},5.0
2e698e63,2e698e624,2020-10-05,18,{'JAM'},"{'JAM_STAND_STILL_TRAFFIC', 'JAM_HEAVY_TRAFFIC'}",127,{2},5.0
2e698e63,2e698e624,2020-10-08,18,{'JAM'},{'JAM_STAND_STILL_TRAFFIC'},64,{2},5.0
2e698e63,2e698e624,2020-10-09,18,{'JAM'},{'JAM_STAND_STILL_TRAFFIC'},64,{2},5.0
2e698e63,2e698e624,2020-10-11,16,{'JAM'},{'JAM_STAND_STILL_TRAFFIC'},17,{2},5.0
2e698e63,2e698e624,2020-10-16,15,{'JAM'},{'JAM_STAND_STILL_TRAFFIC'},62,{2},5.0
2e698e63,2e698e624,2020-10-16,18,{'JAM'},"{'JAM', 'JAM_HEAVY_TRAFFIC'}",118,{2},5.0
2e698e63,2e698e624,2020-10-16,20,{'JAM'},{'JAM_HEAVY_TRAFFIC'},13,{2},5.0
2e698e63,2e698e624,2020-10-19,19,{'JAM'},{'JAM_STAND_STILL_TRAFFIC'},60,{2},5.966666666666667
2e698e63,2e698e624,2020-10-22,17,{'JAM'},{'JAM_STAND_STILL_TRAFFIC'},64,{2},5.0
2e698e63,2e698e624,2020-10-23,20,{'JAM'},{'JAM_STAND_STILL_TRAFFIC'},60,{2},5.0
2e698e63,2e698e624,2020-10-26,17,{'JAM'},{'JAM_STAND_STILL_TRAFFIC'},154,{2},6.2727272727272725
2e698e63,2e698e624,2020-10-26,18,{'JAM'},{'JAM_STAND_STILL_TRAFFIC'},137,{2},5.649635036496351
2e698e63,2e698e624,2020-10-26,20,{'JAM'},{'JAM_STAND_STILL_TRAFFIC'},60,{2},5.0
2e698e63,2e698e624,2020-10-26,21,{'JAM'},{'JAM_STAND_STILL_TRAFFIC'},64,{2},5.0
2e698e63,2e698e624,2020-10-27,16,{'JAM'},{'JAM_STAND_STILL_TRAFFIC'},135,{2},5.503703703703704
2e698e63,2e698e624,2020-10-27,18,{'JAM'},{'JAM_HEAVY_TRAFFIC'},60,{2},5.0
2e698e63,2e698e624,2020-10-27,20,{'JAM'},{'JAM_STAND_STILL_TRAFFIC'},148,{2},5.95945945945946
2e698e63,2e698e624,2020-10-31,17,{'JAM'},{'JAM_STAND_STILL_TRAFFIC'},74,{2},6.527027027027027
2e698e63,2e698e624,2020-10-31,18,{'JAM'},{'JAM_STAND_STILL_TRAFFIC'},18,{2},5.888888888888889
2e698e63,2e698e624,2020-11-02,16,{'JAM'},{'JAM_HEAVY_TRAFFIC'},16,{2},5.0
2e698e63,2e698e624,2020-11-02,18,{'JAM'},{'JAM_STAND_STILL_TRAFFIC'},60,{2},5.933333333333334
2e698e63,2e698e624,2020-11-02,20,"{'JAM', 'ACCIDENT'}","{'JAM_HEAVY_TRAFFIC', 'JAM_STAND_STILL_TRAFFIC', 'ACCIDENT_MINOR'}",370,{2},5.9837837837837835
2e698e63,2e698e624,2020-11-03,15,{'JAM'},{'JAM_STAND_STILL_TRAFFIC'},12,{2},6.5
2e698e63,2e698e624,2020-11-05,18,{'JAM'},"{'JAM_STAND_STILL_TRAFFIC', 'JAM_HEAVY_TRAFFIC'}",188,{2},5.0
2e698e63,2e698e624,2020-11-06,19,{'JAM'},{'JAM_STAND_STILL_TRAFFIC'},128,{2},6.6875
2e698e63,2e698e624,2020-11-06,20,{'JAM'},{'JAM_STAND_STILL_TRAFFIC'},64,{2},5.0
2e698e63,2e698e634,2020-10-10,11,{'JAM'},{'JAM_HEAVY_TRAFFIC'},60,{2},6.0
2e698e63,2e698e634,2020-10-12,15,{'JAM'},{'JAM_STAND_STILL_TRAFFIC'},61,{2},5.934426229508197
2e698e63,2e698e634,2020-10-26,17,{'JAM'},{'JAM_STAND_STILL_TRAFFIC'},56,{1},5.0
2e698e63,2e698e634,2020-10-26,19,{'JAM'},{'JAM_STAND_STILL_TRAFFIC'},63,{2},5.0
2e698e63,2e698e634,2020-11-06,19,{'JAM'},{'JAM_STAND_STILL_TRAFFIC'},68,{2},6.235294117647059
2e698e63,2e698e634,2020-11-09,6,{'JAM'},{'JAM_STAND_STILL_TRAFFIC'},66,{2},5.0
2e698e63,2e698e63c,2020-09-05,14,{'JAM'},{'JAM_HEAVY_TRAFFIC'},62,{2},6.612903225806452
2e698e63,2e698e63c,2020-09-11,17,{'JAM'},{'JAM_STAND_STILL_TRAFFIC'},69,{2},6.434782608695652
2e698e63,2e698e63c,2020-09-11,18,{'JAM'},{'JAM_STAND_STILL_TRAFFIC'},76,{2},5.394736842105263
2e698e63,2e698e63c,2020-09-12,15,{'JAM'},{'JAM_HEAVY_TRAFFIC'},16,{2},8.0
2e698e63,2e698e63c,2020-10-06,12,{'JAM'},{'JAM_HEAVY_TRAFFIC'},62,{2},5.0
2e698e63,2e698e63c,2020-10-08,18,{'JAM'},{'JAM_STAND_STILL_TRAFFIC'},94,{2},5.340425531914893
2e698e63,2e698e63c,2020-10-09,18,{'JAM'},{'JAM_STAND_STILL_TRAFFIC'},62,{2},5.838709677419355
2e698e63,2e698e63c,2020-10-16,20,{'JAM'},{'JAM_HEAVY_TRAFFIC'},66,{2},5.0
2e698e63,2e698e63c,2020-10-23,14,{'JAM'},{'JAM_STAND_STILL_TRAFFIC'},61,{2},5.967213114754099
2e698e63,2e698e63c,2020-10-23,15,{'JAM'},{'JAM_STAND_STILL_TRAFFIC'},80,{2},5.45
2e698e63,2e698e63c,2020-10-26,17,{'JAM'},{'JAM_STAND_STILL_TRAFFIC'},178,{2},5.646067415730337
2e698e63,2e698e63c,2020-10-26,19,{'JAM'},{'JAM_STAND_STILL_TRAFFIC'},128,{2},5.484375
2e698e63,2e698e63c,2020-10-27,15,{'JAM'},{'JAM_STAND_STILL_TRAFFIC'},13,{2},5.0
2e698e63,2e698e63c,2020-10-27,20,{'JAM'},{'JAM_STAND_STILL_TRAFFIC'},72,{2},6.333333333333333
2e698e63,2e698e63c,2020-10-29,12,{'JAM'},{'JAM_STAND_STILL_TRAFFIC'},106,{2},5.528301886792453
2e698e63,2e698e63c,2020-11-02,18,{'JAM'},{'JAM_STAND_STILL_TRAFFIC'},68,{2},5.0
2e698e63,2e698e63c,2020-11-06,19,{'JAM'},"{'JAM_STAND_STILL_TRAFFIC', 'JAM_HEAVY_TRAFFIC'}",268,{2},6.2388059701492535
2e698e65,2e698e64c,2020-09-01,5,{'JAM'},{'JAM_HEAVY_TRAFFIC'},61,{2},5.0
2e698e65,2e698e64c,2020-09-01,18,{'JAM'},{'JAM_MODERATE_TRAFFIC'},62,{2},5.0
2e698e65,2e698e64c,2020-09-05,15,{'JAM'},{'JAM_HEAVY_TRAFFIC'},61,{2},5.0
2e698e65,2e698e64c,2020-09-26,12,{'JAM'},{'JAM_HEAVY_TRAFFIC'},42,{2},5.0
2e698e65,2e698e64c,2020-09-27,15,{'JAM'},{'JAM_HEAVY_TRAFFIC'},52,{2},5.0
2e698e65,2e698e64c,2020-09-29,20,{'JAM'},{'JAM_MODERATE_TRAFFIC'},10,{2},5.0
2e698e65,2e698e64c,2020-10-03,14,{'JAM'},{'JAM_HEAVY_TRAFFIC'},62,{2},5.0
2e698e65,2e698e64c,2020-10-05,17,{'JAM'},{'JAM_STAND_STILL_TRAFFIC'},64,{2},5.0
2e698e65,2e698e64c,2020-10-06,12,{'JAM'},{'JAM_HEAVY_TRAFFIC'},62,{2},5.709677419354839
2e698e65,2e698e64c,2020-10-08,15,{'JAM'},{'JAM_HEAVY_TRAFFIC'},62,{2},5.0
2e698e65,2e698e64c,2020-10-09,14,{'JAM'},{'JAM_HEAVY_TRAFFIC'},81,{2},5.37037037037037
2e698e65,2e698e64c,2020-10-09,16,{'JAM'},{'JAM_STAND_STILL_TRAFFIC'},64,{2},5.0
2e698e65,2e698e64c,2020-10-10,11,{'JAM'},{'JAM_HEAVY_TRAFFIC'},122,{2},5.0
2e698e65,2e698e64c,2020-10-10,12,{'JAM'},{'JAM_STAND_STILL_TRAFFIC'},64,{2},5.0
2e698e65,2e698e64c,2020-10-10,13,{'JAM'},{'JAM_STAND_STILL_TRAFFIC'},62,{2},5.0
2e698e65,2e698e64c,2020-10-10,17,{'JAM'},{'JAM_MODERATE_TRAFFIC'},124,{2},5.0
2e698e65,2e698e64c,2020-10-12,15,{'JAM'},{'JAM_STAND_STILL_TRAFFIC'},62,{2},5.0
2e698e65,2e698e64c,2020-10-19,19,{'JAM'},{'JAM_HEAVY_TRAFFIC'},58,{2},5.0
2e698e65,2e698e64c,2020-10-26,17,{'JAM'},"{'JAM', 'JAM_STAND_STILL_TRAFFIC'}",144,{2},5.208333333333333
2e698e65,2e698e64c,2020-10-26,18,{'JAM'},{'JAM_HEAVY_TRAFFIC'},64,{2},5.0
2e698e65,2e698e64c,2020-10-27,12,{'WEATHERHAZARD'},{'HAZARD_ON_ROAD_POT_HOLE'},280,{2},6.357142857142857
2e698e65,2e698e64c,2020-10-28,8,{'JAM'},{'JAM_MODERATE_TRAFFIC'},64,{2},5.0
2e698e65,2e698e64c,2020-10-31,11,{'JAM'},{'JAM_HEAVY_TRAFFIC'},64,{2},5.0
2e698e65,2e698e64c,2020-10-31,17,{'JAM'},{'JAM_STAND_STILL_TRAFFIC'},34,{2},5.352941176470588
2e698e65,2e698e64c,2020-11-01,18,{'JAM'},{'JAM_HEAVY_TRAFFIC'},64,{2},5.0
2e698e65,2e698e64c,2020-11-02,6,{'JAM'},{'JAM_MODERATE_TRAFFIC'},64,{2},5.0
2e698e65,2e698e64c,2020-11-02,16,{'JAM'},{'JAM_HEAVY_TRAFFIC'},70,{2},5.0
2e698e65,2e698e64c,2020-11-03,15,{'JAM'},{'JAM_STAND_STILL_TRAFFIC'},22,{2},5.0
2e698e65,2e698e64c,2020-11-04,16,{'JAM'},{'JAM_STAND_STILL_TRAFFIC'},63,{2},5.0
2e698e65,2e698e64c,2020-11-07,13,{'JAM'},{'JAM_HEAVY_TRAFFIC'},60,{2},5.0
2e698e65,2e698e64c,2020-11-07,14,{'JAM'},{'JAM_STAND_STILL_TRAFFIC'},66,{2},5.0
2e698e65,2e698e64c,2020-11-07,17,{'JAM'},{'JAM_HEAVY_TRAFFIC'},60,{2},5.733333333333333
2e698e65,2e698e64c,2020-11-08,13,{'JAM'},{'JAM_STAND_STILL_TRAFFIC'},70,{2},6.914285714285715
2e698e65,2e698e64c,2020-11-08,16,{'JAM'},{'JAM_STAND_STILL_TRAFFIC'},63,{2},5.0
2e698e65,2e698e64c,2020-11-08,19,{'JAM'},{'JAM_MODERATE_TRAFFIC'},62,{2},5.0
2e698e65,2e698e64c,2020-11-09,6,{'JAM'},{'JAM_STAND_STILL_TRAFFIC'},128,{2},5.6875
2e698e65,2e698e64c,2020-11-09,7,{'WEATHERHAZARD'},{'HAZARD_ON_ROAD_CONSTRUCTION'},1162,{2},9.335628227194492
2e698e65,2e698e64c,2020-11-09,8,{'JAM'},{'JAM_STAND_STILL_TRAFFIC'},66,{2},8.484848484848484
2e698e65,2e698e64c,2020-11-09,14,{'JAM'},{'JAM_STAND_STILL_TRAFFIC'},128,{2},5.0
2e698e65,2e698e64c,2020-11-09,16,{'JAM'},{'JAM_STAND_STILL_TRAFFIC'},60,{2},5.0
2e698e65,2e698e64c,2020-11-10,14,{'JAM'},{'JAM_STAND_STILL_TRAFFIC'},62,{2},5.0
2e698e65,2e698e64c,2020-11-10,15,{'JAM'},{'JAM_STAND_STILL_TRAFFIC'},60,{2},5.0
2e698e65,2e698e64c,2020-11-11,15,{'JAM'},{'JAM_STAND_STILL_TRAFFIC'},61,{20},6.573770491803279
2e698e65,2e698e64c,2020-11-12,14,{'JAM'},{'JAM_MODERATE_TRAFFIC'},62,{2},5.0
2e698e65,2e698e64c,2020-11-13,14,{'JAM'},{'JAM_STAND_STILL_TRAFFIC'},66,{2},5.9393939393939394
2e698e65,2e698e64c,2020-11-14,18,{'JAM'},{'JAM_HEAVY_TRAFFIC'},67,{2},5.0
2e698e65,2e698e64c,2020-11-15,14,{'JAM'},{'JAM_STAND_STILL_TRAFFIC'},57,{2},5.0
2e698e65,2e698e64c,2020-11-20,19,{'JAM'},{'JAM_STAND_STILL_TRAFFIC'},62,{2},5.0
2e698e65,2e698e654,2020-09-01,5,{'JAM'},{'JAM_HEAVY_TRAFFIC'},43,{2},5.0
2e698e65,2e698e654,2020-09-01,18,{'JAM'},{'JAM_HEAVY_TRAFFIC'},62,{2},5.0
2e698e65,2e698e654,2020-09-02,7,{'JAM'},"{'JAM', 'JAM_STAND_STILL_TRAFFIC'}",74,{2},5.0
2e698e65,2e698e654,2020-09-02,11,{'JAM'},{'JAM_STAND_STILL_TRAFFIC'},86,{2},5.674418604651163
2e698e65,2e698e654,2020-09-03,10,{'JAM'},{'JAM_HEAVY_TRAFFIC'},60,{2},5.0
2e698e65,2e698e654,2020-09-05,11,{'JAM'},{'JAM_HEAVY_TRAFFIC'},44,{2},5.0
2e698e65,2e698e654,2020-09-06,16,{'JAM'},{'JAM_HEAVY_TRAFFIC'},24,{2},5.666666666666667
2e698e65,2e698e654,2020-09-07,16,{'JAM'},{'JAM_MODERATE_TRAFFIC'},10,{2},5.0
2e698e65,2e698e654,2020-09-11,16,{'JAM'},{'JAM_HEAVY_TRAFFIC'},54,{2},5.0
2e698e65,2e698e654,2020-09-16,16,{'JAM'},{'JAM_MODERATE_TRAFFIC'},57,{2},5.0
2e698e65,2e698e654,2020-09-18,21,{'JAM'},{'JAM_HEAVY_TRAFFIC'},18,{2},5.0
2e698e65,2e698e654,2020-09-22,6,{'JAM'},{'JAM_HEAVY_TRAFFIC'},64,{2},5.0
2e698e65,2e698e654,2020-09-22,9,{'JAM'},{'JAM_STAND_STILL_TRAFFIC'},62,{2},5.0
2e698e65,2e698e654,2020-09-23,7,{'JAM'},{'JAM_HEAVY_TRAFFIC'},60,{2},5.0
2e698e65,2e698e654,2020-09-25,3,{'JAM'},{'JAM_MODERATE_TRAFFIC'},12,{2},5.0
2e698e65,2e698e654,2020-09-25,13,{'JAM'},{'JAM_STAND_STILL_TRAFFIC'},14,{2},5.0
2e698e65,2e698e654,2020-09-25,15,{'JAM'},{'JAM_MODERATE_TRAFFIC'},12,{2},5.0
2e698e65,2e698e654,2020-09-25,20,{'JAM'},{'JAM_MODERATE_TRAFFIC'},12,{2},5.0
2e698e65,2e698e654,2020-09-26,15,{'JAM'},{'JAM_STAND_STILL_TRAFFIC'},60,{2},5.533333333333333
2e698e65,2e698e654,2020-09-29,20,{'WEATHERHAZARD'},{'HAZARD_ON_ROAD_POT_HOLE'},513,{2},5.7894736842105265
2e698e65,2e698e654,2020-09-30,22,{'JAM'},{'JAM_STAND_STILL_TRAFFIC'},62,{2},5.0
2e698e65,2e698e654,2020-10-01,6,{'JAM'},{'JAM_HEAVY_TRAFFIC'},64,{2},5.0
2e698e65,2e698e654,2020-10-03,17,{'JAM'},{'JAM_HEAVY_TRAFFIC'},62,{2},6.0
2e698e65,2e698e654,2020-10-04,15,"{'JAM', 'WEATHERHAZARD'}","{'JAM_STAND_STILL_TRAFFIC', 'HAZARD_ON_ROAD_POT_HOLE'}",557,{2},8.202872531418313
2e698e65,2e698e654,2020-10-07,15,{'JAM'},{'JAM_MODERATE_TRAFFIC'},72,{2},5.0
2e698e65,2e698e654,2020-10-08,17,{'JAM'},{'JAM_STAND_STILL_TRAFFIC'},16,{2},5.0
2e698e65,2e698e654,2020-10-09,14,{'JAM'},{'JAM_MODERATE_TRAFFIC'},59,{2},5.0
2e698e65,2e698e654,2020-10-09,18,{'JAM'},{'JAM_STAND_STILL_TRAFFIC'},60,{2},5.966666666666667
2e698e65,2e698e654,2020-10-10,11,{'JAM'},{'JAM_HEAVY_TRAFFIC'},61,{2},5.0
2e698e65,2e698e654,2020-10-10,17,{'JAM'},{'JAM_HEAVY_TRAFFIC'},60,{2},5.0
2e698e65,2e698e654,2020-10-11,14,{'JAM'},{'JAM'},14,{2},5.0
2e698e65,2e698e654,2020-10-12,15,{'JAM'},{'JAM_MODERATE_TRAFFIC'},16,{2},5.25
2e698e65,2e698e654,2020-10-15,9,{'JAM'},{'JAM_STAND_STILL_TRAFFIC'},12,{2},5.0
2e698e65,2e698e654,2020-10-15,10,{'JAM'},"{'JAM_STAND_STILL_TRAFFIC', 'JAM_HEAVY_TRAFFIC'}",78,{2},5.0
2e698e65,2e698e654,2020-10-17,12,{'JAM'},{'JAM_HEAVY_TRAFFIC'},10,{2},5.0
2e698e65,2e698e654,2020-10-18,22,{'WEATHERHAZARD'},{'HAZARD_ON_ROAD_POT_HOLE'},1456,{2},7.589285714285714
2e698e65,2e698e654,2020-10-20,7,{'WEATHERHAZARD'},{'HAZARD_ON_ROAD_POT_HOLE'},204,{2},6.480392156862745
2e698e65,2e698e654,2020-10-21,21,{'WEATHERHAZARD'},{'HAZARD_ON_ROAD_POT_HOLE'},2054,{2},6.317429406037001
2e698e65,2e698e654,2020-10-22,17,"{'JAM', 'WEATHERHAZARD'}","{'HAZARD_ON_SHOULDER_CAR_STOPPED', 'JAM_STAND_STILL_TRAFFIC'}",72,{2},6.291666666666667
2e698e65,2e698e654,2020-10-23,6,{'JAM'},{'JAM_MODERATE_TRAFFIC'},50,{2},5.0
2e698e65,2e698e654,2020-10-23,9,{'JAM'},{'JAM_MODERATE_TRAFFIC'},64,{2},5.0
2e698e65,2e698e654,2020-10-23,14,{'JAM'},{'JAM_HEAVY_TRAFFIC'},16,{2},5.0
2e698e65,2e698e654,2020-10-23,15,{'JAM'},{'JAM_HEAVY_TRAFFIC'},14,{2},5.0
2e698e65,2e698e654,2020-10-25,21,{'WEATHERHAZARD'},{'HAZARD_ON_ROAD_POT_HOLE'},268,{2},7.0
2e698e65,2e698e654,2020-10-26,16,{'JAM'},{'JAM_STAND_STILL_TRAFFIC'},20,{2},6.0
2e698e65,2e698e654,2020-10-26,18,{'JAM'},{'JAM_STAND_STILL_TRAFFIC'},66,{2},5.0
2e698e65,2e698e654,2020-10-26,19,{'JAM'},{'JAM_STAND_STILL_TRAFFIC'},68,{20},5.647058823529412
2e698e65,2e698e654,2020-10-29,12,{'JAM'},{'JAM_HEAVY_TRAFFIC'},12,{2},5.0
2e698e65,2e698e654,2020-10-29,18,{'WEATHERHAZARD'},{'HAZARD_ON_ROAD_POT_HOLE'},1502,{2},9.288948069241012
2e698e65,2e698e654,2020-10-30,14,{'WEATHERHAZARD'},{'HAZARD_ON_ROAD_POT_HOLE'},68,{2},6.176470588235294
2e698e65,2e698e654,2020-11-01,14,{'JAM'},{'JAM_HEAVY_TRAFFIC'},62,{2},5.0
2e698e65,2e698e654,2020-11-01,21,{'WEATHERHAZARD'},{'HAZARD_ON_ROAD_OBJECT'},126,{2},5.9523809523809526
2e698e65,2e698e654,2020-11-02,21,{'WEATHERHAZARD'},{'HAZARD_ON_ROAD_POT_HOLE'},1373,{2},5.862345229424617
2e698e65,2e698e654,2020-11-04,17,{'JAM'},{'JAM_HEAVY_TRAFFIC'},76,{2},5.0
2e698e65,2e698e654,2020-11-06,18,{'JAM'},{'JAM_STAND_STILL_TRAFFIC'},58,{2},5.0
2e698e65,2e698e654,2020-11-07,17,{'WEATHERHAZARD'},{'WEATHERHAZARD'},25,{2},5.44
2e698e65,2e698e654,2020-11-08,9,{'JAM'},{'JAM_STAND_STILL_TRAFFIC'},10,{2},5.0
2e698e65,2e698e654,2020-11-08,12,{'JAM'},{'JAM_STAND_STILL_TRAFFIC'},60,{2},5.0
2e698e65,2e698e654,2020-11-08,16,{'JAM'},{'JAM_STAND_STILL_TRAFFIC'},62,{2},5.0
2e698e65,2e698e654,2020-11-09,6,{'WEATHERHAZARD'},{'HAZARD_ON_ROAD_CONSTRUCTION'},1522,{2},9.126149802890932
2e698e65,2e698e654,2020-11-09,7,{'JAM'},{'JAM_STAND_STILL_TRAFFIC'},64,{2},5.0
2e698e65,2e698e654,2020-11-09,8,{'JAM'},{'JAM_STAND_STILL_TRAFFIC'},108,{2},5.0
2e698e65,2e698e654,2020-11-09,13,{'WEATHERHAZARD'},{'HAZARD_WEATHER'},54,{2},5.592592592592593
2e698e65,2e698e654,2020-11-09,17,{'JAM'},{'JAM_STAND_STILL_TRAFFIC'},66,{2},5.0
2e698e65,2e698e654,2020-11-09,20,{'JAM'},{'JAM_STAND_STILL_TRAFFIC'},63,{2},5.0
2e698e65,2e698e654,2020-11-10,15,"{'JAM', 'WEATHERHAZARD'}","{'HAZARD_ON_SHOULDER', 'JAM_HEAVY_TRAFFIC'}",130,{2},6.984615384615385
2e698e65,2e698e654,2020-11-11,7,{'JAM'},{'JAM_STAND_STILL_TRAFFIC'},64,{2},5.0
2e698e65,2e698e654,2020-11-12,8,{'JAM'},{'JAM'},10,{2},5.0
2e698e65,2e698e654,2020-11-12,10,{'JAM'},{'JAM_HEAVY_TRAFFIC'},61,{2},5.0
2e698e65,2e698e654,2020-11-12,11,{'JAM'},{'JAM_STAND_STILL_TRAFFIC'},60,{2},5.0
2e698e65,2e698e654,2020-11-12,14,"{'JAM', 'WEATHERHAZARD'}","{'HAZARD_ON_ROAD_POT_HOLE', 'JAM_HEAVY_TRAFFIC'}",294,{2},6.122448979591836
2e698e65,2e698e654,2020-11-12,18,{'JAM'},{'JAM_HEAVY_TRAFFIC'},52,{2},6.8076923076923075
2e698e65,2e698e654,2020-11-12,19,{'JAM'},{'JAM_STAND_STILL_TRAFFIC'},68,{2},5.0
2e698e65,2e698e654,2020-11-12,20,{'WEATHERHAZARD'},{'HAZARD_ON_ROAD_CONSTRUCTION'},1670,{2},8.252694610778443
2e698e65,2e698e654,2020-11-15,18,"{'JAM', 'WEATHERHAZARD'}","{'JAM_STAND_STILL_TRAFFIC', 'HAZARD_ON_ROAD_POT_HOLE'}",298,{2},6.201342281879195
2e698e65,2e698e654,2020-11-15,20,{'JAM'},{'JAM_STAND_STILL_TRAFFIC'},60,{2},5.0
2e698e65,2e698e654,2020-11-17,16,{'JAM'},{'JAM_STAND_STILL_TRAFFIC'},10,{2},5.0
2e698e65,2e698e654,2020-11-18,10,{'JAM'},{'JAM_HEAVY_TRAFFIC'},60,{2},5.0
2e698e65,2e698e654,2020-11-19,18,{'JAM'},{'JAM_MODERATE_TRAFFIC'},60,{2},5.0
2e698e65,2e698e654,2020-11-21,21,"{'JAM', 'WEATHERHAZARD'}","{'HAZARD_ON_ROAD_CONSTRUCTION', 'JAM_HEAVY_TRAFFIC'}",526,{2},6.482889733840304
2e698e67,2e698e664,2020-11-11,10,{'JAM'},{'JAM_STAND_STILL_TRAFFIC'},66,{1},5.878787878787879
2e698e67,2e698e674,2020-09-29,16,{'JAM'},{'JAM'},65,{1},5.0
2e698e67,2e698e67c,2020-11-11,10,{'JAM'},{'JAM_STAND_STILL_TRAFFIC'},122,{1},5.0
2e698e67,2e698e67c,2020-11-11,11,{'JAM'},{'JAM'},62,{1},5.0
2e698e69,2e698e68c,2020-09-11,18,{'JAM'},{'JAM_HEAVY_TRAFFIC'},18,{2},5.0
2e698e69,2e698e68c,2020-10-07,16,{'JAM'},{'JAM'},62,{1},5.0
2e698e69,2e698e68c,2020-10-08,8,{'JAM'},{'JAM_STAND_STILL_TRAFFIC'},66,{2},5.454545454545454
2e698e69,2e698e68c,2020-10-09,19,{'JAM'},{'JAM_HEAVY_TRAFFIC'},62,{2},5.0
2e698e69,2e698e68c,2020-10-19,9,{'JAM'},{'JAM_HEAVY_TRAFFIC'},12,{2},5.0
2e698e69,2e698e68c,2020-11-02,17,{'JAM'},{'JAM_STAND_STILL_TRAFFIC'},130,{2},5.0
2e698e69,2e698e68c,2020-11-06,19,{'JAM'},{'JAM_STAND_STILL_TRAFFIC'},146,{2},5.684931506849315
2e698e69,2e698e69c,2020-10-02,8,{'JAM'},{'JAM_HEAVY_TRAFFIC'},22,{2},5.0
2e698e69,2e698e69c,2020-10-08,9,{'JAM'},{'JAM_STAND_STILL_TRAFFIC'},120,{2},5.0
2e698e69,2e698e69c,2020-11-02,19,{'JAM'},"{'JAM_STAND_STILL_TRAFFIC', 'JAM_HEAVY_TRAFFIC'}",154,{2},5.376623376623376
2e698e69,2e698e69c,2020-11-06,19,{'JAM'},{'JAM_STAND_STILL_TRAFFIC'},179,{2},5.418994413407821
2e698e69,2e698e69c,2020-11-06,20,{'JAM'},{'JAM_STAND_STILL_TRAFFIC'},155,{2},6.529032258064516
2e698e69,2e698e69c,2020-11-09,17,{'JAM'},{'JAM_HEAVY_TRAFFIC'},64,{2},5.0
2e698e6b,2e698e6a4,2020-11-05,7,{'JAM'},{'JAM'},33,{20},5.0
2e698e6d,2e698e6d4,2020-10-15,22,{'JAM'},{'JAM'},64,{1},5.0
2e698e6f,2e698e6f4,2020-09-21,14,{'JAM'},{'JAM_STAND_STILL_TRAFFIC'},10,{2},5.0
2e698e6f,2e698e6f4,2020-09-25,9,{'JAM'},{'JAM_STAND_STILL_TRAFFIC'},22,{2},5.0
2e698e6f,2e698e6f4,2020-09-25,10,{'JAM'},{'JAM_MODERATE_TRAFFIC'},10,{2},5.0
2e698e6f,2e698e6f4,2020-10-06,19,{'JAM'},{'JAM_STAND_STILL_TRAFFIC'},56,{2},5.214285714285714
2e698e6f,2e698e6f4,2020-10-07,14,{'JAM'},{'JAM_STAND_STILL_TRAFFIC'},60,{2},5.0
2e698e6f,2e698e6f4,2020-10-09,18,{'JAM'},{'JAM_STAND_STILL_TRAFFIC'},64,{2},5.0
2e698e6f,2e698e6f4,2020-10-19,10,{'JAM'},{'JAM_MODERATE_TRAFFIC'},14,{2},5.0
2e698e6f,2e698e6f4,2020-10-28,17,{'JAM'},{'JAM_STAND_STILL_TRAFFIC'},62,{2},5.0
2e698e6f,2e698e6f4,2020-11-02,18,{'JAM'},{'JAM_STAND_STILL_TRAFFIC'},60,{2},5.0
2e698e6f,2e698e6f4,2020-11-04,17,{'JAM'},{'JAM_MODERATE_TRAFFIC'},34,{2},5.0
2e698e6f,2e698e6f4,2020-11-06,18,{'JAM'},{'JAM_HEAVY_TRAFFIC'},62,{2},5.0
2e698e6f,2e698e6f4,2020-11-09,17,{'JAM'},{'JAM_HEAVY_TRAFFIC'},100,{2},5.96
2e698e6f,2e698e6f4,2020-11-09,19,{'JAM'},{'JAM'},61,{1},5.0
2e698e6f,2e698e6f4,2020-11-12,7,{'JAM'},{'JAM_MODERATE_TRAFFIC'},30,{2},5.0
2e698e6f,2e698e6f4,2020-11-12,12,{'JAM'},{'JAM_HEAVY_TRAFFIC'},26,{2},5.0
2e698e6f,2e698e6f4,2020-11-14,12,{'JAM'},{'JAM_STAND_STILL_TRAFFIC'},65,{2},5.0
2e698e6f,2e698e6f4,2020-11-14,13,{'JAM'},{'JAM_MODERATE_TRAFFIC'},13,{1},5.0
2e698e6f,2e698e6f4,2020-11-19,9,{'JAM'},{'JAM_MODERATE_TRAFFIC'},60,{2},5.0
2e698e71,2e698e704,2020-09-03,15,{'JAM'},{'JAM_STAND_STILL_TRAFFIC'},56,{2},7.0
2e698e71,2e698e704,2020-09-04,7,{'JAM'},{'JAM_STAND_STILL_TRAFFIC'},60,{2},5.983333333333333
2e698e71,2e698e704,2020-09-04,16,{'JAM'},{'JAM_STAND_STILL_TRAFFIC'},58,{2},5.0
2e698e71,2e698e704,2020-09-04,20,{'JAM'},{'JAM_HEAVY_TRAFFIC'},112,{2},5.0
2e698e71,2e698e704,2020-09-05,11,{'JAM'},"{'JAM_STAND_STILL_TRAFFIC', 'JAM_HEAVY_TRAFFIC'}",171,{2},5.3391812865497075
2e698e71,2e698e704,2020-09-09,18,{'JAM'},{'JAM_HEAVY_TRAFFIC'},68,{2},5.0
2e698e71,2e698e704,2020-09-11,14,{'JAM'},{'JAM_HEAVY_TRAFFIC'},48,{2},5.583333333333333
2e698e71,2e698e704,2020-09-12,11,{'JAM'},{'JAM_MODERATE_TRAFFIC'},64,{2},5.0
2e698e71,2e698e704,2020-09-20,19,{'JAM'},{'JAM_STAND_STILL_TRAFFIC'},18,{2},5.0
2e698e71,2e698e704,2020-09-22,18,{'JAM'},{'JAM_HEAVY_TRAFFIC'},60,{2},5.0
2e698e71,2e698e704,2020-09-25,10,{'JAM'},{'JAM_STAND_STILL_TRAFFIC'},60,{2},5.0
2e698e71,2e698e704,2020-09-25,13,{'JAM'},{'JAM_HEAVY_TRAFFIC'},30,{2},5.0
2e698e71,2e698e704,2020-09-25,16,{'JAM'},{'JAM_STAND_STILL_TRAFFIC'},54,{2},5.37037037037037
2e698e71,2e698e704,2020-09-29,17,{'JAM'},"{'JAM_MODERATE_TRAFFIC', 'JAM_HEAVY_TRAFFIC'}",126,{2},5.0
2e698e71,2e698e704,2020-10-02,18,{'JAM'},{'JAM_HEAVY_TRAFFIC'},34,{2},5.823529411764706
2e698e71,2e698e704,2020-10-05,16,{'JAM'},{'JAM_STAND_STILL_TRAFFIC'},62,{2},5.838709677419355
2e698e71,2e698e704,2020-10-09,17,{'JAM'},{'JAM_STAND_STILL_TRAFFIC'},62,{2},5.0
2e698e71,2e698e704,2020-10-10,15,{'JAM'},{'JAM_STAND_STILL_TRAFFIC'},62,{2},5.0
2e698e71,2e698e704,2020-10-14,17,{'JAM'},{'JAM_STAND_STILL_TRAFFIC'},16,{2},5.0
2e698e71,2e698e704,2020-10-15,15,{'JAM'},{'JAM'},8,{2},5.0
2e698e71,2e698e704,2020-10-15,17,{'JAM'},{'JAM_STAND_STILL_TRAFFIC'},64,{2},5.96875
2e698e71,2e698e704,2020-10-16,17,{'JAM'},{'JAM_STAND_STILL_TRAFFIC'},60,{2},5.0
2e698e71,2e698e704,2020-10-21,17,{'JAM'},{'JAM_STAND_STILL_TRAFFIC'},62,{2},5.0
2e698e71,2e698e704,2020-10-22,16,{'JAM'},{'JAM_MODERATE_TRAFFIC'},94,{2},5.382978723404255
2e698e71,2e698e704,2020-10-23,17,{'JAM'},{'JAM_STAND_STILL_TRAFFIC'},9,{4},6.0
2e698e71,2e698e704,2020-10-23,18,{'JAM'},{'JAM_HEAVY_TRAFFIC'},50,{2},5.0
2e698e71,2e698e704,2020-10-24,16,{'JAM'},{'JAM_STAND_STILL_TRAFFIC'},63,{2},5.682539682539683
2e698e71,2e698e704,2020-10-26,17,{'JAM'},{'JAM'},63,{2},5.0
2e698e71,2e698e704,2020-10-26,18,{'JAM'},{'JAM_HEAVY_TRAFFIC'},22,{2},5.0
2e698e71,2e698e704,2020-10-26,19,{'JAM'},"{'JAM_STAND_STILL_TRAFFIC', 'JAM_HEAVY_TRAFFIC'}",100,{2},5.0
2e698e71,2e698e704,2020-10-30,17,{'JAM'},{'JAM_HEAVY_TRAFFIC'},60,{2},5.8
2e698e71,2e698e704,2020-11-02,16,{'JAM'},{'JAM_HEAVY_TRAFFIC'},8,{2},5.0
2e698e71,2e698e704,2020-11-04,12,{'JAM'},{'JAM_MODERATE_TRAFFIC'},12,{2},5.0
2e698e71,2e698e704,2020-11-04,16,{'JAM'},{'JAM_STAND_STILL_TRAFFIC'},31,{4},5.0
2e698e71,2e698e704,2020-11-06,17,{'JAM'},{'JAM'},14,{2},5.0
2e698e71,2e698e704,2020-11-06,18,{'JAM'},{'JAM_HEAVY_TRAFFIC'},129,{2},5.0
2e698e71,2e698e704,2020-11-06,19,{'JAM'},{'JAM_STAND_STILL_TRAFFIC'},74,{2},5.4324324324324325
2e698e71,2e698e704,2020-11-07,11,{'JAM'},{'JAM_STAND_STILL_TRAFFIC'},30,{2},5.0
2e698e71,2e698e704,2020-11-07,14,{'JAM'},{'JAM_STAND_STILL_TRAFFIC'},102,{2},5.0
2e698e71,2e698e704,2020-11-09,9,{'JAM'},{'JAM'},30,{4},5.0
2e698e71,2e698e704,2020-11-09,16,{'JAM'},{'JAM_HEAVY_TRAFFIC'},33,{2},5.0
2e698e71,2e698e704,2020-11-09,17,{'JAM'},"{'JAM_STAND_STILL_TRAFFIC', 'JAM_HEAVY_TRAFFIC'}",92,"{2, 4}",5.478260869565218
2e698e71,2e698e704,2020-11-10,17,{'JAM'},{'JAM_STAND_STILL_TRAFFIC'},151,{2},5.562913907284768
2e698e71,2e698e704,2020-11-13,12,{'JAM'},{'JAM_STAND_STILL_TRAFFIC'},58,{2},5.0
2e698e71,2e698e704,2020-11-13,19,{'JAM'},{'JAM_MODERATE_TRAFFIC'},44,{2},5.090909090909091
2e698e71,2e698e704,2020-11-13,21,{'JAM'},{'JAM_STAND_STILL_TRAFFIC'},62,{4},5.0
2e698e71,2e698e704,2020-11-16,16,{'JAM'},{'JAM_STAND_STILL_TRAFFIC'},62,{2},5.0
2e698e71,2e698e70c,2020-09-21,17,{'JAM'},{'JAM_MODERATE_TRAFFIC'},32,{4},5.0
2e698e71,2e698e70c,2020-09-30,7,{'JAM'},{'JAM_STAND_STILL_TRAFFIC'},21,{4},5.0
2e698e71,2e698e70c,2020-10-08,17,{'JAM'},{'JAM_HEAVY_TRAFFIC'},34,{4},5.0
2e698e71,2e698e70c,2020-10-20,16,{'JAM'},{'JAM_STAND_STILL_TRAFFIC'},28,{4},5.0
2e698e71,2e698e70c,2020-10-21,15,"{'JAM', 'WEATHERHAZARD'}","{'JAM_STAND_STILL_TRAFFIC', 'HAZARD_ON_ROAD_CONSTRUCTION'}",91,{4},5.6923076923076925
2e698e71,2e698e70c,2020-10-26,17,{'JAM'},{'JAM_STAND_STILL_TRAFFIC'},31,{4},5.0
2e698e71,2e698e70c,2020-10-26,18,{'JAM'},{'JAM'},31,{4},6.0
2e698e71,2e698e70c,2020-10-27,18,{'JAM'},{'JAM_HEAVY_TRAFFIC'},31,{4},5.0
2e698e71,2e698e70c,2020-11-03,9,{'JAM'},{'JAM_HEAVY_TRAFFIC'},15,{4},5.0
2e698e71,2e698e70c,2020-11-06,9,{'JAM'},{'JAM_STAND_STILL_TRAFFIC'},5,{4},5.0
2e698e71,2e698e70c,2020-11-07,9,{'JAM'},{'JAM_STAND_STILL_TRAFFIC'},20,{4},5.95
2e698e71,2e698e70c,2020-11-09,9,{'JAM'},{'JAM_STAND_STILL_TRAFFIC'},31,{4},5.935483870967742
2e698e71,2e698e70c,2020-11-19,11,"{'JAM', 'ACCIDENT'}","{'JAM_MODERATE_TRAFFIC', 'ACCIDENT_MINOR'}",129,{2},5.341085271317829
2e698e71,2e698e70c,2020-11-20,18,{'JAM'},{'JAM_HEAVY_TRAFFIC'},12,{4},5.0
2e698e71,2e698e71c,2020-09-02,10,{'JAM'},{'JAM_STAND_STILL_TRAFFIC'},31,{2},5.0
2e698e71,2e698e71c,2020-09-03,15,{'JAM'},"{'JAM', 'JAM_HEAVY_TRAFFIC'}",60,{2},5.516666666666667
2e698e71,2e698e71c,2020-09-04,14,{'JAM'},{'JAM_HEAVY_TRAFFIC'},91,{2},5.0
2e698e71,2e698e71c,2020-09-04,21,{'JAM'},{'JAM_MODERATE_TRAFFIC'},9,{2},5.0
2e698e71,2e698e71c,2020-09-05,11,{'JAM'},{'JAM_HEAVY_TRAFFIC'},62,{2},5.419354838709677
2e698e71,2e698e71c,2020-09-11,8,{'JAM'},{'JAM_HEAVY_TRAFFIC'},10,{2},5.0
2e698e71,2e698e71c,2020-09-11,18,{'JAM'},{'JAM_STAND_STILL_TRAFFIC'},75,{2},5.2
2e698e71,2e698e71c,2020-09-15,17,{'JAM'},{'JAM_STAND_STILL_TRAFFIC'},93,{2},5.333333333333333
2e698e71,2e698e71c,2020-09-26,11,{'JAM'},{'JAM_STAND_STILL_TRAFFIC'},30,{2},5.0
2e698e71,2e698e71c,2020-09-26,14,{'JAM'},{'JAM_STAND_STILL_TRAFFIC'},31,{2},5.0
2e698e71,2e698e71c,2020-09-29,17,{'JAM'},{'JAM_STAND_STILL_TRAFFIC'},32,{2},5.0
2e698e71,2e698e71c,2020-10-02,18,{'JAM'},{'JAM_HEAVY_TRAFFIC'},30,{2},5.0
2e698e71,2e698e71c,2020-10-06,9,{'JAM'},{'JAM_HEAVY_TRAFFIC'},31,{2},5.967741935483871
2e698e71,2e698e71c,2020-10-07,11,{'JAM'},{'JAM'},5,{2},5.0
2e698e71,2e698e71c,2020-10-10,13,{'JAM'},{'JAM_STAND_STILL_TRAFFIC'},21,{2},5.0
2e698e71,2e698e71c,2020-10-10,14,{'JAM'},{'JAM_STAND_STILL_TRAFFIC'},44,{2},5.431818181818182
2e698e71,2e698e71c,2020-10-12,17,{'JAM'},"{'JAM', 'JAM_HEAVY_TRAFFIC'}",52,{2},5.980769230769231
2e698e71,2e698e71c,2020-10-14,17,{'JAM'},{'JAM_STAND_STILL_TRAFFIC'},33,{2},5.0
2e698e71,2e698e71c,2020-10-15,9,{'JAM'},"{'JAM_MODERATE_TRAFFIC', 'JAM_HEAVY_TRAFFIC'}",62,{2},5.0
2e698e71,2e698e71c,2020-10-15,17,{'JAM'},{'JAM_HEAVY_TRAFFIC'},31,{2},5.0
2e698e71,2e698e71c,2020-10-16,21,{'JAM'},{'JAM'},6,{2},5.0
2e698e71,2e698e71c,2020-10-21,9,{'JAM'},{'JAM_HEAVY_TRAFFIC'},32,{2},5.0
2e698e71,2e698e71c,2020-10-22,16,{'JAM'},{'JAM_STAND_STILL_TRAFFIC'},30,{2},5.0
2e698e71,2e698e71c,2020-10-26,16,{'JAM'},{'JAM_STAND_STILL_TRAFFIC'},93,{2},5.0
2e698e71,2e698e71c,2020-10-26,19,{'JAM'},{'JAM_STAND_STILL_TRAFFIC'},36,{2},5.472222222222222
2e698e71,2e698e71c,2020-10-28,18,{'JAM'},{'JAM_HEAVY_TRAFFIC'},32,{2},5.0
2e698e71,2e698e71c,2020-10-29,14,{'JAM'},{'JAM_MODERATE_TRAFFIC'},31,{2},8.0
2e698e71,2e698e71c,2020-11-02,8,{'JAM'},{'JAM_STAND_STILL_TRAFFIC'},60,{2},5.866666666666666
2e698e71,2e698e71c,2020-11-02,19,{'JAM'},{'JAM_STAND_STILL_TRAFFIC'},120,{2},5.0
2e698e71,2e698e71c,2020-11-03,8,{'JAM'},{'JAM_HEAVY_TRAFFIC'},31,{2},5.0
2e698e71,2e698e71c,2020-11-05,9,{'JAM'},{'JAM_HEAVY_TRAFFIC'},12,{2},5.0
2e698e71,2e698e71c,2020-11-06,19,{'JAM'},{'JAM_STAND_STILL_TRAFFIC'},33,{2},5.454545454545454
2e698e71,2e698e71c,2020-11-07,9,{'JAM'},{'JAM_STAND_STILL_TRAFFIC'},96,{2},5.0
2e698e71,2e698e71c,2020-11-07,11,{'JAM'},{'JAM_STAND_STILL_TRAFFIC'},33,{2},5.0
2e698e71,2e698e71c,2020-11-07,16,{'JAM'},{'JAM_HEAVY_TRAFFIC'},60,{2},5.933333333333334
2e698e71,2e698e71c,2020-11-09,7,{'JAM'},{'JAM_HEAVY_TRAFFIC'},33,{2},5.0
2e698e71,2e698e71c,2020-11-10,17,{'JAM'},{'JAM_STAND_STILL_TRAFFIC'},73,{2},5.3561643835616435
2e698e71,2e698e71c,2020-11-11,12,{'JAM'},{'JAM_STAND_STILL_TRAFFIC'},7,{2},5.0
2e698e71,2e698e71c,2020-11-12,7,{'JAM'},{'JAM_MODERATE_TRAFFIC'},17,{2},8.0
2e698e71,2e698e71c,2020-11-16,14,{'JAM'},{'JAM_STAND_STILL_TRAFFIC'},16,{2},5.0
2e698e71,2e698e71c,2020-11-17,19,{'JAM'},{'JAM_STAND_STILL_TRAFFIC'},32,{2},5.0
2e698e71,2e698e71c,2020-11-18,19,{'JAM'},{'JAM_HEAVY_TRAFFIC'},32,{2},5.0
2e698e71,2e698e71c,2020-11-22,14,{'JAM'},{'JAM_STAND_STILL_TRAFFIC'},23,{2},5.0
2e698e73,2e698e724,2020-09-26,11,{'JAM'},{'JAM_STAND_STILL_TRAFFIC'},30,{2},5.0
2e698e73,2e698e724,2020-10-06,9,{'JAM'},"{'JAM_STAND_STILL_TRAFFIC', 'JAM_HEAVY_TRAFFIC'}",25,{2},5.0
2e698e73,2e698e724,2020-10-10,14,{'JAM'},{'JAM_STAND_STILL_TRAFFIC'},29,{2},5.0
2e698e73,2e698e724,2020-10-12,17,{'JAM'},{'JAM_HEAVY_TRAFFIC'},24,{2},5.0
2e698e73,2e698e724,2020-10-16,7,{'JAM'},{'JAM_MODERATE_TRAFFIC'},32,{2},5.0
2e698e73,2e698e724,2020-10-24,11,{'JAM'},{'JAM_STAND_STILL_TRAFFIC'},31,{2},5.0
2e698e73,2e698e724,2020-10-26,17,{'JAM'},"{'JAM', 'JAM_STAND_STILL_TRAFFIC'}",62,{2},5.693548387096774
2e698e73,2e698e724,2020-10-27,18,{'JAM'},{'JAM_HEAVY_TRAFFIC'},31,{2},5.0
2e698e73,2e698e724,2020-11-05,7,{'JAM'},{'JAM_HEAVY_TRAFFIC'},30,{2},5.0
2e698e73,2e698e724,2020-11-09,9,{'JAM'},{'JAM_STAND_STILL_TRAFFIC'},5,{2},5.0
2e698e73,2e698e724,2020-11-10,17,{'JAM'},{'JAM_HEAVY_TRAFFIC'},31,{2},5.967741935483871
2e698e73,2e698e724,2020-11-12,6,{'WEATHERHAZARD'},{'HAZARD_ON_ROAD_POT_HOLE'},595,{2},9.97983193277311
2e698e73,2e698e724,2020-11-15,12,{'JAM'},"{'JAM_MODERATE_TRAFFIC', 'JAM_HEAVY_TRAFFIC'}",44,{2},5.0
2e698e73,2e698e724,2020-11-16,14,{'JAM'},{'JAM_STAND_STILL_TRAFFIC'},22,{2},5.0
2e698e73,2e698e724,2020-11-21,11,{'JAM'},{'JAM_HEAVY_TRAFFIC'},5,{2},5.0
2e698e73,2e698e72c,2020-09-01,17,{'JAM'},{'JAM_STAND_STILL_TRAFFIC'},5,{2},5.0
2e698e73,2e698e72c,2020-10-07,8,{'JAM'},{'JAM_HEAVY_TRAFFIC'},34,{2},5.0
2e698e73,2e698e72c,2020-10-10,14,{'JAM'},{'JAM_STAND_STILL_TRAFFIC'},36,{2},5.0
2e698e73,2e698e72c,2020-10-14,9,{'JAM'},{'JAM_STAND_STILL_TRAFFIC'},30,{2},5.0
2e698e73,2e698e72c,2020-10-17,11,{'JAM'},{'JAM_HEAVY_TRAFFIC'},30,{2},5.0
2e698e73,2e698e72c,2020-10-19,8,{'JAM'},{'JAM_STAND_STILL_TRAFFIC'},74,{2},5.418918918918919
2e698e73,2e698e72c,2020-10-19,9,{'JAM'},{'JAM_STAND_STILL_TRAFFIC'},30,{2},5.0
2e698e73,2e698e72c,2020-10-23,7,{'JAM'},{'JAM_HEAVY_TRAFFIC'},30,{2},5.866666666666666
2e698e73,2e698e72c,2020-10-24,11,{'JAM'},{'JAM_STAND_STILL_TRAFFIC'},38,{2},5.0
2e698e73,2e698e72c,2020-10-26,18,{'WEATHERHAZARD'},{'HAZARD_WEATHER_FLOOD'},31,{1},5.0
2e698e73,2e698e72c,2020-10-26,19,{'JAM'},"{'JAM_STAND_STILL_TRAFFIC', 'JAM_HEAVY_TRAFFIC'}",62,{2},5.0
2e698e73,2e698e72c,2020-11-02,7,{'JAM'},"{'JAM_STAND_STILL_TRAFFIC', 'JAM_HEAVY_TRAFFIC'}",60,{2},5.5
2e698e73,2e698e72c,2020-11-02,9,{'JAM'},{'JAM_HEAVY_TRAFFIC'},60,{2},5.0
2e698e73,2e698e72c,2020-11-03,17,{'JAM'},{'JAM_MODERATE_TRAFFIC'},34,{2},5.0
2e698e73,2e698e72c,2020-11-04,9,{'JAM'},{'JAM_MODERATE_TRAFFIC'},31,{2},5.0
2e698e73,2e698e72c,2020-11-05,7,{'JAM'},{'JAM_STAND_STILL_TRAFFIC'},31,{2},5.0
2e698e73,2e698e72c,2020-11-07,16,{'JAM'},{'JAM_HEAVY_TRAFFIC'},14,{2},5.0
2e698e73,2e698e72c,2020-11-09,9,{'JAM'},{'JAM_STAND_STILL_TRAFFIC'},39,{2},5.0
2e698e73,2e698e72c,2020-11-09,18,{'ACCIDENT'},{'ACCIDENT'},121,{2},5.0
2e698e73,2e698e72c,2020-11-10,17,{'JAM'},{'JAM_STAND_STILL_TRAFFIC'},31,{2},5.0
2e698e73,2e698e72c,2020-11-12,6,{'JAM'},{'JAM_HEAVY_TRAFFIC'},31,{2},8.0
2e698e73,2e698e72c,2020-11-20,15,{'JAM'},{'JAM_STAND_STILL_TRAFFIC'},33,{2},5.0
2e698e73,2e698e734,2020-10-26,18,{'WEATHERHAZARD'},{'HAZARD_WEATHER_FLOOD'},31,{1},5.0
2e698e75,2e698e744,2020-09-16,8,{'JAM'},{'JAM'},29,{1},6.9655172413793105
2e698e75,2e698e744,2020-09-16,20,{'JAM'},{'JAM'},45,{22},6.4222222222222225
2e698e75,2e698e744,2020-10-12,17,{'JAM'},{'JAM'},31,{1},5.0
2e698e75,2e698e744,2020-10-13,10,"{'JAM', 'WEATHERHAZARD'}","{'HAZARD_WEATHER', 'JAM_STAND_STILL_TRAFFIC', 'HAZARD_WEATHER_FOG'}",93,{1},5.0
2e698e75,2e698e744,2020-10-14,13,"{'JAM', 'WEATHERHAZARD'}","{'JAM', 'WEATHERHAZARD'}",94,"{1, 22}",5.638297872340425
2e698e75,2e698e744,2020-10-17,9,{'WEATHERHAZARD'},{'HAZARD_WEATHER_FOG'},31,{22},5.0
2e698e75,2e698e744,2020-10-17,10,"{'WEATHERHAZARD', 'ACCIDENT'}","{'WEATHERHAZARD', 'ACCIDENT'}",150,{22},5.0
2e698e75,2e698e744,2020-10-22,14,{'JAM'},{'JAM'},33,{1},5.0
2e698e75,2e698e744,2020-10-28,11,{'WEATHERHAZARD'},{'HAZARD_ON_ROAD_CONSTRUCTION'},721,{1},5.0
2e698e75,2e698e744,2020-10-29,7,{'WEATHERHAZARD'},{'HAZARD_WEATHER_FOG'},60,{1},5.0
2e698e75,2e698e744,2020-10-29,8,{'WEATHERHAZARD'},{'HAZARD_WEATHER_FOG'},31,{1},5.0
2e698e75,2e698e744,2020-10-29,10,{'WEATHERHAZARD'},{'HAZARD_WEATHER_FOG'},29,{1},5.0
2e698e75,2e698e744,2020-10-30,13,{'WEATHERHAZARD'},{'HAZARD_WEATHER_FOG'},33,{1},5.545454545454546
2e698e75,2e698e744,2020-11-01,9,"{'JAM', 'ACCIDENT'}","{'JAM', 'ACCIDENT'}",152,{1},5.368421052631579
2e698e75,2e698e744,2020-11-22,8,{'WEATHERHAZARD'},{'HAZARD_WEATHER_FOG'},30,{1},5.0
2e698e75,2e698e74c,2020-09-26,13,{'ACCIDENT'},{'ACCIDENT_MAJOR'},120,{22},5.758333333333334
2e698e75,2e698e754,2020-09-05,11,{'JAM'},{'JAM_HEAVY_TRAFFIC'},5,{2},5.0
2e698e75,2e698e754,2020-09-05,17,{'JAM'},{'JAM_HEAVY_TRAFFIC'},18,{2},5.0
2e698e75,2e698e754,2020-10-26,21,{'JAM'},{'JAM_STAND_STILL_TRAFFIC'},31,{2},5.0
2e698e75,2e698e754,2020-11-07,11,{'JAM'},{'JAM_STAND_STILL_TRAFFIC'},30,{2},5.0
2e698e75,2e698e754,2020-11-17,12,{'JAM'},{'JAM'},16,{2},5.0
2e698e75,2e698e75c,2020-11-09,7,{'JAM'},{'JAM_STAND_STILL_TRAFFIC'},33,{2},5.484848484848484
2e698e77,2e698e764,2020-09-07,14,{'JAM'},{'JAM_STAND_STILL_TRAFFIC'},35,{2},5.0
2e698e77,2e698e764,2020-10-28,11,{'WEATHERHAZARD'},{'HAZARD_WEATHER_FOG'},30,{1},5.0
2e698e77,2e698e764,2020-10-28,18,{'WEATHERHAZARD'},{'HAZARD_ON_ROAD_CAR_STOPPED'},31,{2},5.0
2e698e77,2e698e764,2020-11-07,4,{'JAM'},{'JAM'},33,{2},5.0
2e698e77,2e698e764,2020-11-09,7,{'JAM'},"{'JAM_STAND_STILL_TRAFFIC', 'JAM_HEAVY_TRAFFIC'}",75,{2},5.8
2e698e77,2e698e764,2020-11-09,8,"{'JAM', 'WEATHERHAZARD'}","{'JAM_STAND_STILL_TRAFFIC', 'HAZARD_ON_ROAD_CONSTRUCTION'}",448,{2},7.522321428571429
2e698e77,2e698e76c,2020-11-09,18,{'JAM'},{'JAM_HEAVY_TRAFFIC'},31,{2},5.0
2e698e79,2e698e78c,2020-10-26,17,{'JAM'},{'JAM'},41,{2},5.365853658536586
2e698e79,2e698e78c,2020-11-21,15,{'WEATHERHAZARD'},{'HAZARD_ON_SHOULDER_CAR_STOPPED'},34,{4},5.470588235294118
2e698e79,2e698e794,2020-09-19,22,{'JAM'},{'JAM_MODERATE_TRAFFIC'},32,{2},5.0
2e698e79,2e698e794,2020-09-25,19,{'JAM'},{'JAM_MODERATE_TRAFFIC'},31,{2},5.0
2e698e79,2e698e794,2020-09-28,7,{'JAM'},{'JAM_STAND_STILL_TRAFFIC'},5,{2},5.0
2e698e79,2e698e794,2020-10-07,18,{'JAM'},{'JAM_HEAVY_TRAFFIC'},65,{2},5.953846153846154
2e698e79,2e698e794,2020-10-26,17,{'JAM'},{'JAM_STAND_STILL_TRAFFIC'},44,{2},5.340909090909091
2e698e79,2e698e794,2020-10-29,15,{'JAM'},{'JAM'},31,{2},5.0
2e698e79,2e698e794,2020-11-11,16,{'JAM'},{'JAM_STAND_STILL_TRAFFIC'},28,{2},5.0
2e698e79,2e698e794,2020-11-12,10,{'JAM'},{'JAM_MODERATE_TRAFFIC'},31,{2},5.0
2e698e79,2e698e79c,2020-09-21,17,{'JAM'},{'JAM_STAND_STILL_TRAFFIC'},42,{4},5.380952380952381
2e698e79,2e698e79c,2020-09-23,17,{'JAM'},{'JAM_HEAVY_TRAFFIC'},34,{4},6.588235294117647
2e698e79,2e698e79c,2020-09-23,18,{'JAM'},{'JAM_STAND_STILL_TRAFFIC'},38,{4},6.342105263157895
2e698e79,2e698e79c,2020-10-02,18,{'JAM'},{'JAM_HEAVY_TRAFFIC'},31,{22},5.0
2e698e79,2e698e79c,2020-10-07,17,{'JAM'},{'JAM_STAND_STILL_TRAFFIC'},33,{4},9.878787878787879
2e698e79,2e698e79c,2020-10-13,13,{'JAM'},{'JAM_HEAVY_TRAFFIC'},7,{4},5.0
2e698e79,2e698e79c,2020-10-17,10,{'WEATHERHAZARD'},{'HAZARD_ON_SHOULDER_CAR_STOPPED'},35,{4},8.628571428571428
2e698e79,2e698e79c,2020-10-26,17,{'JAM'},{'JAM_STAND_STILL_TRAFFIC'},17,{4},7.0
2e698e79,2e698e79c,2020-10-31,8,{'ACCIDENT'},{'ACCIDENT_MAJOR'},98,{4},5.8979591836734695
2e698e7b,2e698e7a4,2020-09-08,17,{'JAM'},{'JAM_STAND_STILL_TRAFFIC'},24,{4},5.958333333333333
2e698e7b,2e698e7a4,2020-09-28,17,{'JAM'},{'JAM_STAND_STILL_TRAFFIC'},31,{4},5.0
2e698e7b,2e698e7a4,2020-10-07,17,{'JAM'},{'JAM_STAND_STILL_TRAFFIC'},6,{4},5.833333333333333
2e698e7b,2e698e7a4,2020-10-12,17,{'WEATHERHAZARD'},{'HAZARD_ON_ROAD_CAR_STOPPED'},40,{4},7.775
2e698e7b,2e698e7a4,2020-10-12,18,{'WEATHERHAZARD'},{'HAZARD_ON_ROAD_CAR_STOPPED'},20,{4},6.85
2e698e7b,2e698e7a4,2020-10-26,17,{'JAM'},{'JAM_STAND_STILL_TRAFFIC'},19,{4},5.368421052631579
2e698e7b,2e698e7a4,2020-11-09,18,{'JAM'},{'JAM_STAND_STILL_TRAFFIC'},31,{2},5.580645161290323
2e698e7b,2e698e7a4,2020-11-12,10,{'JAM'},{'JAM_HEAVY_TRAFFIC'},5,{4},5.0
2e698e7b,2e698e7a4,2020-11-12,18,{'JAM'},{'JAM_MODERATE_TRAFFIC'},9,{2},5.777777777777778
2e698e7b,2e698e7a4,2020-11-17,6,"{'JAM', 'ACCIDENT'}","{'JAM_STAND_STILL_TRAFFIC', 'ACCIDENT_MAJOR'}",107,{4},8.766355140186915
2e698e7b,2e698e7ac,2020-09-09,18,{'JAM'},{'JAM_MODERATE_TRAFFIC'},20,{2},5.0
2e698e7b,2e698e7ac,2020-09-15,16,{'JAM'},{'JAM_STAND_STILL_TRAFFIC'},8,{4},5.625
2e698e7b,2e698e7ac,2020-09-19,6,{'JAM'},{'JAM_MODERATE_TRAFFIC'},11,{2},5.0
2e698e7b,2e698e7ac,2020-09-19,22,{'JAM'},{'JAM_MODERATE_TRAFFIC'},50,{2},5.0
2e698e7b,2e698e7ac,2020-09-28,15,{'WEATHERHAZARD'},{'HAZARD_ON_SHOULDER_CAR_STOPPED'},60,{4},5.0
2e698e7b,2e698e7ac,2020-09-29,9,{'JAM'},{'JAM'},30,{2},5.0
2e698e7b,2e698e7ac,2020-09-29,17,{'JAM'},{'JAM_STAND_STILL_TRAFFIC'},7,{4},5.0
2e698e7b,2e698e7ac,2020-10-04,13,{'JAM'},{'JAM_HEAVY_TRAFFIC'},60,{2},5.0
2e698e7b,2e698e7ac,2020-10-07,17,{'JAM'},{'JAM_STAND_STILL_TRAFFIC'},41,{4},6.097560975609756
2e698e7b,2e698e7ac,2020-10-07,18,{'JAM'},{'JAM_STAND_STILL_TRAFFIC'},24,{4},5.0
2e698e7b,2e698e7ac,2020-10-08,17,{'JAM'},"{'JAM_STAND_STILL_TRAFFIC', 'JAM_HEAVY_TRAFFIC'}",86,"{2, 4}",5.0
2e698e7b,2e698e7ac,2020-10-09,18,{'JAM'},{'JAM_MODERATE_TRAFFIC'},58,{2},5.0
2e698e7b,2e698e7ac,2020-10-19,8,{'JAM'},{'JAM_STAND_STILL_TRAFFIC'},60,{2},5.766666666666667
2e698e7b,2e698e7ac,2020-10-19,18,{'JAM'},{'JAM_HEAVY_TRAFFIC'},21,{4},5.0
2e698e7b,2e698e7ac,2020-10-22,5,{'JAM'},{'JAM_HEAVY_TRAFFIC'},12,{2},5.0
2e698e7b,2e698e7ac,2020-10-23,14,{'JAM'},{'JAM_HEAVY_TRAFFIC'},54,{2},5.0
2e698e7b,2e698e7ac,2020-10-23,20,{'JAM'},{'JAM_STAND_STILL_TRAFFIC'},98,{2},5.826530612244898
2e698e7b,2e698e7ac,2020-10-24,16,{'JAM'},{'JAM_HEAVY_TRAFFIC'},31,{2},5.0
2e698e7b,2e698e7ac,2020-10-26,16,{'JAM'},{'JAM_STAND_STILL_TRAFFIC'},186,"{2, 4}",5.311827956989247
2e698e7b,2e698e7ac,2020-10-26,17,{'JAM'},{'JAM_STAND_STILL_TRAFFIC'},68,{2},5.514705882352941
2e698e7b,2e698e7ac,2020-10-26,18,{'JAM'},{'JAM_STAND_STILL_TRAFFIC'},70,{2},5.285714285714286
2e698e7b,2e698e7ac,2020-10-26,20,{'JAM'},{'JAM_HEAVY_TRAFFIC'},22,{4},5.0
2e698e7b,2e698e7ac,2020-11-02,8,{'JAM'},{'JAM_STAND_STILL_TRAFFIC'},36,{4},5.0
2e698e7b,2e698e7ac,2020-11-02,18,{'JAM'},{'JAM_HEAVY_TRAFFIC'},42,{4},5.0
2e698e7b,2e698e7ac,2020-11-04,12,{'JAM'},{'JAM_MODERATE_TRAFFIC'},16,{2},5.0
2e698e7b,2e698e7ac,2020-11-04,17,{'JAM'},{'JAM_HEAVY_TRAFFIC'},60,{4},5.0
2e698e7b,2e698e7ac,2020-11-06,14,{'JAM'},{'JAM_HEAVY_TRAFFIC'},14,{4},5.0
2e698e7b,2e698e7ac,2020-11-07,14,{'JAM'},{'JAM_STAND_STILL_TRAFFIC'},10,{4},5.0
2e698e7b,2e698e7ac,2020-11-08,14,{'JAM'},{'JAM_HEAVY_TRAFFIC'},68,{2},5.0
2e698e7b,2e698e7ac,2020-11-08,17,{'JAM'},{'JAM_HEAVY_TRAFFIC'},33,{2},5.0
2e698e7b,2e698e7ac,2020-11-09,16,{'JAM'},"{'JAM_STAND_STILL_TRAFFIC', 'JAM_HEAVY_TRAFFIC'}",40,{2},5.0
2e698e7b,2e698e7ac,2020-11-09,17,{'JAM'},"{'JAM_STAND_STILL_TRAFFIC', 'JAM_HEAVY_TRAFFIC'}",320,"{2, 4}",5.334375
2e698e7b,2e698e7ac,2020-11-09,18,{'JAM'},{'JAM_STAND_STILL_TRAFFIC'},92,{2},5.0
2e698e7b,2e698e7ac,2020-11-10,17,{'JAM'},{'JAM_HEAVY_TRAFFIC'},62,{4},6.67741935483871
2e698e7b,2e698e7ac,2020-11-11,7,{'JAM'},{'JAM_STAND_STILL_TRAFFIC'},60,{4},5.0
2e698e7b,2e698e7ac,2020-11-12,13,{'JAM'},{'JAM_HEAVY_TRAFFIC'},11,{2},5.0
2e698e7b,2e698e7ac,2020-11-13,10,{'JAM'},{'JAM_STAND_STILL_TRAFFIC'},22,{2},5.0
2e698e7b,2e698e7ac,2020-11-14,9,{'JAM'},{'JAM_STAND_STILL_TRAFFIC'},62,{2},5.0
2e698e7b,2e698e7ac,2020-11-16,16,{'JAM'},{'JAM_MODERATE_TRAFFIC'},61,{2},5.0
2e698e7b,2e698e7ac,2020-11-18,17,{'JAM'},{'JAM_HEAVY_TRAFFIC'},62,{2},6.67741935483871
2e698e7b,2e698e7ac,2020-11-18,18,{'JAM'},{'JAM_HEAVY_TRAFFIC'},60,{4},5.0
2e698e7b,2e698e7ac,2020-11-20,18,{'JAM'},{'JAM_STAND_STILL_TRAFFIC'},62,{2},5.0
2e698e7b,2e698e7b4,2020-11-12,8,{'JAM'},{'JAM_STAND_STILL_TRAFFIC'},19,{1},5.0
2e698e7b,2e698e7bc,2020-09-11,8,{'JAM'},{'JAM_HEAVY_TRAFFIC'},19,{2},5.0
2e698e7b,2e698e7bc,2020-09-15,17,{'JAM'},{'JAM_MODERATE_TRAFFIC'},18,{2},5.0
2e698e7b,2e698e7bc,2020-09-20,13,{'JAM'},{'JAM_STAND_STILL_TRAFFIC'},26,{1},5.0
2e698e7b,2e698e7bc,2020-09-22,21,{'JAM'},{'JAM_STAND_STILL_TRAFFIC'},15,{2},5.0
2e698e7b,2e698e7bc,2020-09-25,15,{'JAM'},{'JAM_HEAVY_TRAFFIC'},8,{2},5.0
2e698e7b,2e698e7bc,2020-09-25,19,{'JAM'},{'JAM_MODERATE_TRAFFIC'},30,{2},5.5
2e698e7b,2e698e7bc,2020-09-28,7,{'JAM'},{'JAM_STAND_STILL_TRAFFIC'},13,{2},5.923076923076923
2e698e7b,2e698e7bc,2020-10-08,17,{'JAM'},{'JAM_STAND_STILL_TRAFFIC'},64,{1},5.0
2e698e7b,2e698e7bc,2020-10-08,18,{'JAM'},{'JAM_STAND_STILL_TRAFFIC'},16,{1},5.9375
2e698e7b,2e698e7bc,2020-10-17,15,{'JAM'},{'JAM_MODERATE_TRAFFIC'},7,{2},5.0
2e698e7b,2e698e7bc,2020-10-21,10,{'JAM'},{'JAM_STAND_STILL_TRAFFIC'},9,{2},5.0
2e698e7b,2e698e7bc,2020-10-26,16,{'JAM'},{'JAM_STAND_STILL_TRAFFIC'},32,{2},5.0
2e698e7b,2e698e7bc,2020-10-26,17,{'JAM'},{'JAM_HEAVY_TRAFFIC'},36,{1},6.416666666666667
2e698e7b,2e698e7bc,2020-10-26,18,{'WEATHERHAZARD'},{'HAZARD_ON_ROAD_TRAFFIC_LIGHT_FAULT'},31,{2},5.0
2e698e7b,2e698e7bc,2020-11-09,20,{'JAM'},{'JAM_HEAVY_TRAFFIC'},22,{1},5.0
2e698e7b,2e698e7bc,2020-11-12,11,{'JAM'},{'JAM_HEAVY_TRAFFIC'},8,{2},5.0
2e698e7b,2e698e7bc,2020-11-13,17,{'JAM'},{'JAM_STAND_STILL_TRAFFIC'},32,{2},5.0
2e698e7b,2e698e7bc,2020-11-16,16,{'JAM'},{'JAM_STAND_STILL_TRAFFIC'},26,{2},5.0
2e698e7b,2e698e7bc,2020-11-17,16,{'JAM'},{'JAM_STAND_STILL_TRAFFIC'},10,{2},5.0
2e698e7b,2e698e7bc,2020-11-19,18,{'JAM'},{'JAM_MODERATE_TRAFFIC'},21,{2},5.238095238095238
2e698e7d,2e698e7c4,2020-09-05,7,{'WEATHERHAZARD'},{'HAZARD_ON_ROAD'},31,{1},5.0
2e698e7d,2e698e7c4,2020-10-08,14,{'JAM'},{'JAM'},9,{1},5.0
2e698e7d,2e698e7c4,2020-10-08,15,{'JAM'},{'JAM_HEAVY_TRAFFIC'},31,{1},5.0
2e698e7d,2e698e7c4,2020-10-08,18,{'JAM'},{'JAM_STAND_STILL_TRAFFIC'},30,{1},6.366666666666666
2e698e7d,2e698e7c4,2020-10-28,14,{'JAM'},{'JAM_MODERATE_TRAFFIC'},28,{1},5.0
2e698e7d,2e698e7c4,2020-11-08,14,{'JAM'},{'JAM_MODERATE_TRAFFIC'},9,{1},5.0
2e698e7d,2e698e7c4,2020-11-09,18,{'JAM'},{'JAM_HEAVY_TRAFFIC'},8,{1},5.0
2e698e7d,2e698e7c4,2020-11-09,20,{'JAM'},{'JAM_HEAVY_TRAFFIC'},33,{1},5.696969696969697
2e698e7d,2e698e7c4,2020-11-10,16,{'JAM'},{'JAM_HEAVY_TRAFFIC'},5,{1},5.0
2e698e7d,2e698e7c4,2020-11-11,18,{'JAM'},{'JAM_HEAVY_TRAFFIC'},31,{1},5.0
2e698e7d,2e698e7c4,2020-11-13,17,{'JAM'},{'JAM_STAND_STILL_TRAFFIC'},33,{1},5.0
2e698e7d,2e698e7c4,2020-11-13,18,{'JAM'},{'JAM_HEAVY_TRAFFIC'},31,{1},7.612903225806452
2e698e7d,2e698e7c4,2020-11-14,15,{'JAM'},{'JAM_STAND_STILL_TRAFFIC'},34,{1},5.0
2e698e7d,2e698e7c4,2020-11-14,16,{'JAM'},{'JAM_STAND_STILL_TRAFFIC'},31,{1},5.67741935483871
2e698e7d,2e698e7c4,2020-11-14,17,{'JAM'},{'JAM_STAND_STILL_TRAFFIC'},31,{1},5.0
2e698e7d,2e698e7c4,2020-11-16,15,{'JAM'},{'JAM_HEAVY_TRAFFIC'},32,{1},5.0
2e698e7d,2e698e7c4,2020-11-20,13,{'JAM'},{'JAM_STAND_STILL_TRAFFIC'},7,{1},5.0
2e698e7d,2e698e7cc,2020-11-01,14,{'JAM'},{'JAM'},64,{1},5.0
2e698e7d,2e698e7dc,2020-09-08,18,{'JAM'},{'JAM_HEAVY_TRAFFIC'},33,{1},5.878787878787879
2e698e7d,2e698e7dc,2020-10-08,13,{'JAM'},{'JAM_HEAVY_TRAFFIC'},30,{1},5.0
2e698e7d,2e698e7dc,2020-10-10,15,{'JAM'},{'JAM_HEAVY_TRAFFIC'},6,{1},5.0
2e698e7d,2e698e7dc,2020-11-02,16,{'JAM'},{'JAM_STAND_STILL_TRAFFIC'},31,{6},5.0
2e698e7d,2e698e7dc,2020-11-08,15,{'JAM'},{'JAM_STAND_STILL_TRAFFIC'},7,{1},5.0
2e698e7d,2e698e7dc,2020-11-09,10,{'JAM'},{'JAM_STAND_STILL_TRAFFIC'},30,{1},5.0
2e698e7d,2e698e7dc,2020-11-09,15,{'JAM'},{'JAM_STAND_STILL_TRAFFIC'},42,{1},6.0
2e698e7d,2e698e7dc,2020-11-13,13,{'JAM'},{'JAM_STAND_STILL_TRAFFIC'},31,{1},5.0
2e698e7d,2e698e7dc,2020-11-13,21,{'JAM'},{'JAM_STAND_STILL_TRAFFIC'},23,{1},5.043478260869565
2e698e7d,2e698e7dc,2020-11-14,13,{'JAM'},{'JAM_STAND_STILL_TRAFFIC'},17,{1},5.117647058823529
2e698e7d,2e698e7dc,2020-11-14,14,{'JAM'},{'JAM_STAND_STILL_TRAFFIC'},34,{1},5.0
2e698e7d,2e698e7dc,2020-11-15,16,{'JAM'},{'JAM_HEAVY_TRAFFIC'},19,{6},5.0
2e698e7d,2e698e7dc,2020-11-20,16,{'JAM'},{'JAM_HEAVY_TRAFFIC'},22,{6},5.2272727272727275
2e698e7f,2e698e7e4,2020-09-08,20,{'JAM'},{'JAM_HEAVY_TRAFFIC'},7,{6},5.0
2e698e7f,2e698e7e4,2020-09-11,14,{'JAM'},{'JAM_HEAVY_TRAFFIC'},46,{6},5.369565217391305
2e698e7f,2e698e7e4,2020-09-12,15,{'JAM'},{'JAM_HEAVY_TRAFFIC'},27,{6},8.0
2e698e7f,2e698e7e4,2020-09-20,11,{'JAM'},{'JAM_HEAVY_TRAFFIC'},31,{6},5.0
2e698e7f,2e698e7e4,2020-09-21,8,{'JAM'},{'JAM_STAND_STILL_TRAFFIC'},6,{6},5.0
2e698e7f,2e698e7e4,2020-09-22,12,{'JAM'},{'JAM_HEAVY_TRAFFIC'},22,{6},5.0
2e698e7f,2e698e7e4,2020-09-26,14,{'JAM'},{'JAM_MODERATE_TRAFFIC'},12,{2},5.0
2e698e7f,2e698e7e4,2020-09-26,20,{'JAM'},{'JAM_STAND_STILL_TRAFFIC'},14,{6},5.0
2e698e7f,2e698e7e4,2020-10-04,13,{'JAM'},{'JAM_STAND_STILL_TRAFFIC'},18,{6},5.0
2e698e7f,2e698e7e4,2020-10-05,19,{'JAM'},{'JAM_HEAVY_TRAFFIC'},6,{6},5.0
2e698e7f,2e698e7e4,2020-10-08,14,{'JAM'},{'JAM_STAND_STILL_TRAFFIC'},33,{6},5.0
2e698e7f,2e698e7e4,2020-10-08,15,{'JAM'},{'JAM'},6,{6},5.0
2e698e7f,2e698e7e4,2020-10-08,16,{'JAM'},{'JAM'},12,{6},5.0
2e698e7f,2e698e7e4,2020-10-08,17,{'JAM'},{'JAM_STAND_STILL_TRAFFIC'},31,{2},5.67741935483871
2e698e7f,2e698e7e4,2020-10-15,10,{'JAM'},{'JAM_STAND_STILL_TRAFFIC'},5,{6},5.0
2e698e7f,2e698e7e4,2020-10-16,11,{'JAM'},{'JAM_HEAVY_TRAFFIC'},15,{1},5.933333333333334
2e698e7f,2e698e7e4,2020-10-20,13,{'JAM'},{'JAM_STAND_STILL_TRAFFIC'},18,{6},5.611111111111111
2e698e7f,2e698e7e4,2020-10-21,7,{'JAM'},{'JAM_MODERATE_TRAFFIC'},45,{6},5.355555555555555
2e698e7f,2e698e7e4,2020-10-22,17,{'JAM'},{'JAM_STAND_STILL_TRAFFIC'},31,{6},5.67741935483871
2e698e7f,2e698e7e4,2020-10-25,12,{'JAM'},{'JAM_HEAVY_TRAFFIC'},15,{6},5.866666666666666
2e698e7f,2e698e7e4,2020-10-25,14,{'JAM'},{'JAM_MODERATE_TRAFFIC'},33,{6},5.0
2e698e7f,2e698e7e4,2020-10-26,18,{'JAM'},{'JAM_HEAVY_TRAFFIC'},34,{6},5.0
2e698e7f,2e698e7e4,2020-10-27,17,{'JAM'},{'JAM_MODERATE_TRAFFIC'},31,{6},5.0
2e698e7f,2e698e7e4,2020-10-28,11,{'JAM'},{'JAM_MODERATE_TRAFFIC'},35,{6},5.0
2e698e7f,2e698e7e4,2020-10-28,14,{'JAM'},{'JAM_HEAVY_TRAFFIC'},30,{1},5.0
2e698e7f,2e698e7e4,2020-10-28,18,{'JAM'},{'JAM_HEAVY_TRAFFIC'},15,{6},5.0
2e698e7f,2e698e7e4,2020-10-31,13,{'JAM'},{'JAM_HEAVY_TRAFFIC'},15,{6},5.0
2e698e7f,2e698e7e4,2020-11-01,15,{'JAM'},{'JAM'},8,{6},5.0
2e698e7f,2e698e7e4,2020-11-07,14,{'JAM'},{'JAM_STAND_STILL_TRAFFIC'},8,{6},5.0
2e698e7f,2e698e7e4,2020-11-08,14,{'JAM'},{'JAM_STAND_STILL_TRAFFIC'},6,{1},5.833333333333333
2e698e7f,2e698e7e4,2020-11-08,15,{'JAM'},{'JAM_STAND_STILL_TRAFFIC'},31,{1},5.0
2e698e7f,2e698e7e4,2020-11-09,18,{'JAM'},{'JAM_STAND_STILL_TRAFFIC'},32,{6},5.0
2e698e7f,2e698e7e4,2020-11-10,16,{'JAM'},{'JAM_STAND_STILL_TRAFFIC'},18,{6},5.0
2e698e7f,2e698e7e4,2020-11-11,15,{'JAM'},{'JAM_STAND_STILL_TRAFFIC'},30,{6},5.733333333333333
2e698e7f,2e698e7e4,2020-11-11,17,{'JAM'},{'JAM_STAND_STILL_TRAFFIC'},90,{6},5.0
2e698e7f,2e698e7e4,2020-11-12,9,{'JAM'},{'JAM_HEAVY_TRAFFIC'},5,{6},5.8
2e698e7f,2e698e7e4,2020-11-12,18,{'JAM'},"{'JAM_STAND_STILL_TRAFFIC', 'JAM_MODERATE_TRAFFIC'}",77,{6},6.025974025974026
2e698e7f,2e698e7e4,2020-11-13,16,{'JAM'},{'JAM_HEAVY_TRAFFIC'},42,{1},5.357142857142857
2e698e7f,2e698e7e4,2020-11-13,21,{'JAM'},{'JAM_STAND_STILL_TRAFFIC'},33,{1},5.0
2e698e7f,2e698e7e4,2020-11-14,13,{'JAM'},{'JAM_STAND_STILL_TRAFFIC'},31,{1},5.0
2e698e7f,2e698e7e4,2020-11-14,16,{'JAM'},{'JAM_STAND_STILL_TRAFFIC'},30,{6},5.0
2e698e7f,2e698e7e4,2020-11-14,17,{'JAM'},{'JAM_HEAVY_TRAFFIC'},35,{6},5.9714285714285715
2e698e7f,2e698e7e4,2020-11-15,16,{'JAM'},{'JAM_STAND_STILL_TRAFFIC'},60,{6},5.0
2e698e7f,2e698e7e4,2020-11-16,15,{'JAM'},{'JAM_STAND_STILL_TRAFFIC'},31,{1},5.0
2e698e7f,2e698e7e4,2020-11-16,18,{'JAM'},{'JAM_STAND_STILL_TRAFFIC'},33,{6},5.242424242424242
2e698e7f,2e698e7e4,2020-11-17,10,{'JAM'},{'JAM_HEAVY_TRAFFIC'},32,{6},5.0
2e698e7f,2e698e7e4,2020-11-20,6,{'JAM'},{'JAM_MODERATE_TRAFFIC'},61,{6},5.0
2e698e7f,2e698e7e4,2020-11-20,13,{'JAM'},{'JAM_STAND_STILL_TRAFFIC'},32,{1},5.0
2e698e7f,2e698e7f4,2020-09-01,0,{'JAM'},{'JAM_HEAVY_TRAFFIC'},7,{2},5.0
2e698e7f,2e698e7f4,2020-09-25,19,{'JAM'},{'JAM_MODERATE_TRAFFIC'},6,{2},5.0
2e698e7f,2e698e7f4,2020-10-08,15,{'JAM'},{'JAM_STAND_STILL_TRAFFIC'},7,{2},5.0
2e698e7f,2e698e7fc,2020-10-08,15,{'JAM'},{'JAM'},31,{6},5.0
2e698e7f,2e698e7fc,2020-10-08,17,{'JAM'},{'JAM_STAND_STILL_TRAFFIC'},63,{6},5.492063492063492
2e698e7f,2e698e7fc,2020-10-27,15,{'JAM'},{'JAM_HEAVY_TRAFFIC'},31,{6},5.0
2e698e7f,2e698e7fc,2020-10-30,8,{'JAM'},{'JAM_STAND_STILL_TRAFFIC'},31,{6},5.0
2e698e7f,2e698e7fc,2020-11-09,19,{'JAM'},{'JAM_MODERATE_TRAFFIC'},30,{6},5.0
2e698e7f,2e698e7fc,2020-11-10,11,{'JAM'},{'JAM_HEAVY_TRAFFIC'},5,{6},5.0
2e698e7f,2e698e7fc,2020-11-11,17,{'JAM'},{'JAM_STAND_STILL_TRAFFIC'},62,{6},6.467741935483871
2e698e7f,2e698e7fc,2020-11-12,17,{'JAM'},{'JAM'},31,{6},6.774193548387097
2e698e7f,2e698e7fc,2020-11-13,16,{'JAM'},{'JAM_HEAVY_TRAFFIC'},30,{6},5.0
2e698e7f,2e698e7fc,2020-11-17,17,{'JAM'},{'JAM_STAND_STILL_TRAFFIC'},31,{6},5.0
2e698e81,2e698e804,2020-10-08,17,{'JAM'},{'JAM_STAND_STILL_TRAFFIC'},62,{1},5.0
2e698e81,2e698e80c,2020-10-08,16,{'JAM'},{'JAM_STAND_STILL_TRAFFIC'},32,{2},5.78125
2e698e81,2e698e80c,2020-11-22,13,{'JAM'},{'JAM_STAND_STILL_TRAFFIC'},32,{2},5.0
2e698e81,2e698e814,2020-09-06,14,{'JAM'},"{'JAM_MODERATE_TRAFFIC', 'JAM_HEAVY_TRAFFIC'}",31,{7},5.0
2e698e81,2e698e814,2020-09-14,6,{'JAM'},{'JAM_MODERATE_TRAFFIC'},32,{7},5.0
2e698e81,2e698e814,2020-09-28,11,{'JAM'},{'JAM'},31,{20},5.0
2e698e81,2e698e814,2020-10-06,3,{'JAM'},{'JAM_MODERATE_TRAFFIC'},30,{7},5.0
2e698e81,2e698e814,2020-10-06,10,{'JAM'},{'JAM_HEAVY_TRAFFIC'},40,{2},6.4
2e698e81,2e698e814,2020-10-08,17,{'JAM'},{'JAM_STAND_STILL_TRAFFIC'},31,{7},5.0
2e698e81,2e698e814,2020-10-22,5,{'JAM'},{'JAM_HEAVY_TRAFFIC'},34,{7},5.0
2e698e81,2e698e814,2020-10-27,11,{'JAM'},{'JAM_HEAVY_TRAFFIC'},7,{7},5.0
2e698e81,2e698e814,2020-10-31,9,{'JAM'},{'JAM_HEAVY_TRAFFIC'},5,{7},5.0
2e698e81,2e698e814,2020-11-01,12,{'JAM'},{'JAM_HEAVY_TRAFFIC'},6,{7},5.666666666666667
2e698e81,2e698e814,2020-11-01,17,{'JAM'},{'JAM_HEAVY_TRAFFIC'},8,{7},6.0
2e698e81,2e698e814,2020-11-13,6,{'JAM'},{'JAM_HEAVY_TRAFFIC'},32,{7},5.0
2e698e81,2e698e814,2020-11-21,16,{'JAM'},{'JAM_STAND_STILL_TRAFFIC'},7,{7},5.0
2e698e81,2e698e81c,2020-10-23,10,{'WEATHERHAZARD'},{'HAZARD_WEATHER_FOG'},33,{1},5.0
2e698e83,2e698e824,2020-09-12,10,{'JAM'},{'JAM_HEAVY_TRAFFIC'},31,{7},5.0
2e698e83,2e698e824,2020-09-20,11,{'JAM'},{'JAM_MODERATE_TRAFFIC'},7,{7},5.0
2e698e83,2e698e824,2020-10-02,18,{'JAM'},{'JAM_HEAVY_TRAFFIC'},31,{7},5.806451612903226
2e698e83,2e698e824,2020-11-03,16,{'JAM'},{'JAM_MODERATE_TRAFFIC'},31,{7},5.0
2e698e83,2e698e82c,2020-11-05,9,{'JAM'},{'JAM_MODERATE_TRAFFIC'},40,{7},5.425
2e698e83,2e698e834,2020-09-14,19,{'JAM'},{'JAM'},31,{22},5.0
2e698e83,2e698e834,2020-10-29,19,{'JAM'},{'JAM'},31,{22},5.0
2e698e83,2e698e83c,2020-09-05,18,{'JAM'},{'JAM_STAND_STILL_TRAFFIC'},32,{2},5.0
2e698e83,2e698e83c,2020-09-15,13,{'JAM'},{'JAM_HEAVY_TRAFFIC'},6,{2},5.0
2e698e83,2e698e83c,2020-10-20,15,{'WEATHERHAZARD'},{'HAZARD_WEATHER_HAIL'},42,{2},6.166666666666667
2e698e83,2e698e83c,2020-10-25,11,{'JAM'},{'JAM_STAND_STILL_TRAFFIC'},16,{7},5.0
2e698e83,2e698e83c,2020-10-25,17,{'JAM'},{'JAM_HEAVY_TRAFFIC'},31,{7},5.0
2e698e83,2e698e83c,2020-10-30,17,{'JAM'},{'JAM_MODERATE_TRAFFIC'},32,{2},5.0
2e698e83,2e698e83c,2020-11-06,14,{'JAM'},{'JAM_HEAVY_TRAFFIC'},34,{2},5.0
2e698e83,2e698e83c,2020-11-07,12,{'JAM'},{'JAM_STAND_STILL_TRAFFIC'},31,{2},5.0
2e698e83,2e698e83c,2020-11-10,7,{'JAM'},{'JAM_MODERATE_TRAFFIC'},30,{2},5.0
2e698e83,2e698e83c,2020-11-14,10,{'JAM'},{'JAM'},31,{2},5.0
2e698e83,2e698e83c,2020-11-17,11,{'JAM'},{'JAM_HEAVY_TRAFFIC'},31,{2},5.0
2e698e83,2e698e83c,2020-11-20,21,{'JAM'},{'JAM_HEAVY_TRAFFIC'},24,{2},5.0
2e698e83,2e698e83c,2020-11-21,13,{'JAM'},{'JAM_STAND_STILL_TRAFFIC'},10,{2},5.0
2e698e83,2e698e83c,2020-11-21,16,{'JAM'},{'JAM_MODERATE_TRAFFIC'},5,{2},5.0
2e698e85,2e698e844,2020-09-17,7,{'JAM'},{'JAM_HEAVY_TRAFFIC'},7,{2},5.0
2e698e85,2e698e844,2020-10-10,11,{'JAM'},{'JAM_MODERATE_TRAFFIC'},30,{2},5.0
2e698e85,2e698e844,2020-10-21,7,{'JAM'},{'JAM_HEAVY_TRAFFIC'},30,{2},5.0
2e698e85,2e698e844,2020-11-07,12,{'JAM'},{'JAM_STAND_STILL_TRAFFIC'},32,{2},5.0
2e698e85,2e698e844,2020-11-14,11,{'JAM'},{'JAM_MODERATE_TRAFFIC'},26,{2},5.0
2e698e85,2e698e844,2020-11-16,8,{'JAM'},{'JAM_HEAVY_TRAFFIC'},12,{2},5.0
2e698e85,2e698e844,2020-11-17,9,{'JAM'},{'JAM_HEAVY_TRAFFIC'},24,{2},5.0
2e698e85,2e698e844,2020-11-22,21,{'JAM'},{'JAM_MODERATE_TRAFFIC'},30,{1},5.0
2e698e85,2e698e84c,2020-10-08,7,{'JAM'},{'JAM_HEAVY_TRAFFIC'},95,{2},5.0
2e698e85,2e698e84c,2020-10-10,11,{'JAM'},{'JAM_MODERATE_TRAFFIC'},65,{2},5.0
2e698e85,2e698e84c,2020-10-29,16,{'JAM'},{'JAM_MODERATE_TRAFFIC'},20,{2},5.0
2e698e85,2e698e84c,2020-11-06,13,{'JAM'},{'JAM_HEAVY_TRAFFIC'},32,{2},5.59375
2e698e85,2e698e84c,2020-11-07,12,{'JAM'},{'JAM_STAND_STILL_TRAFFIC'},24,{2},5.0
2e698e85,2e698e84c,2020-11-07,19,{'JAM'},{'JAM_HEAVY_TRAFFIC'},25,{2},5.0
2e698e85,2e698e84c,2020-11-08,14,{'JAM'},{'JAM_STAND_STILL_TRAFFIC'},34,{2},5.0
2e698e85,2e698e84c,2020-11-16,7,{'JAM'},{'JAM_STAND_STILL_TRAFFIC'},35,{2},5.0
2e698e85,2e698e84c,2020-11-19,7,{'JAM'},{'JAM_STAND_STILL_TRAFFIC'},30,{2},5.0
2e698e85,2e698e84c,2020-11-20,7,{'JAM'},{'JAM_STAND_STILL_TRAFFIC'},17,{2},5.411764705882353
2e698e85,2e698e85c,2020-09-28,14,{'JAM'},{'JAM'},64,{2},5.0
2e698e85,2e698e85c,2020-10-21,20,{'WEATHERHAZARD'},{'HAZARD_WEATHER_FOG'},70,{2},5.0
2e698e87,2e698e864,2020-09-22,21,{'JAM'},{'JAM'},18,{6},5.0
2e698e87,2e698e864,2020-10-02,17,{'JAM'},{'JAM_STAND_STILL_TRAFFIC'},192,"{6, 7}",5.0
2e698e87,2e698e864,2020-10-31,17,{'JAM'},{'JAM_STAND_STILL_TRAFFIC'},61,{6},5.0
2e698e87,2e698e864,2020-10-31,20,{'JAM'},{'JAM_STAND_STILL_TRAFFIC'},72,{6},6.333333333333333
2e698e87,2e698e864,2020-10-31,21,{'JAM'},{'JAM_HEAVY_TRAFFIC'},59,{6},5.0
2e698e87,2e698e86c,2020-09-02,15,{'JAM'},{'JAM_STAND_STILL_TRAFFIC'},6,{7},5.0
2e698e87,2e698e86c,2020-09-04,10,{'JAM'},{'JAM_HEAVY_TRAFFIC'},5,{7},5.0
2e698e87,2e698e86c,2020-09-06,11,{'JAM'},{'JAM_HEAVY_TRAFFIC'},30,{7},5.0
2e698e87,2e698e86c,2020-09-06,14,{'JAM'},"{'JAM_STAND_STILL_TRAFFIC', 'JAM_HEAVY_TRAFFIC'}",67,{7},6.104477611940299
2e698e87,2e698e86c,2020-09-06,16,{'JAM'},{'JAM_STAND_STILL_TRAFFIC'},31,{7},5.0
2e698e87,2e698e86c,2020-09-07,13,{'JAM'},{'JAM_HEAVY_TRAFFIC'},31,{7},5.0
2e698e87,2e698e86c,2020-09-12,10,{'JAM'},{'JAM_HEAVY_TRAFFIC'},6,{7},5.0
2e698e87,2e698e86c,2020-09-13,16,{'JAM'},{'JAM_STAND_STILL_TRAFFIC'},5,{7},5.0
2e698e87,2e698e86c,2020-09-28,13,{'JAM'},{'JAM_STAND_STILL_TRAFFIC'},9,{7},5.0
2e698e87,2e698e86c,2020-10-02,10,{'JAM'},{'JAM_MODERATE_TRAFFIC'},32,{7},5.0
2e698e87,2e698e86c,2020-10-07,1,"{'JAM', 'WEATHERHAZARD'}","{'HAZARD_ON_ROAD_CAR_STOPPED', 'JAM_MODERATE_TRAFFIC'}",63,{7},5.396825396825397
2e698e87,2e698e86c,2020-10-15,14,{'JAM'},{'JAM_STAND_STILL_TRAFFIC'},6,{7},5.0
2e698e87,2e698e86c,2020-10-24,13,{'JAM'},{'JAM_HEAVY_TRAFFIC'},31,{7},5.0
2e698e87,2e698e86c,2020-10-25,11,{'JAM'},{'JAM_HEAVY_TRAFFIC'},31,{7},5.0
2e698e87,2e698e86c,2020-10-25,17,{'JAM'},{'JAM_HEAVY_TRAFFIC'},32,{7},5.0
2e698e87,2e698e86c,2020-10-27,11,{'JAM'},{'JAM_HEAVY_TRAFFIC'},7,{7},5.0
2e698e87,2e698e86c,2020-10-31,11,{'JAM'},"{'JAM_STAND_STILL_TRAFFIC', 'JAM_HEAVY_TRAFFIC'}",36,{7},5.833333333333333
2e698e87,2e698e86c,2020-11-01,15,{'JAM'},{'JAM_HEAVY_TRAFFIC'},36,{7},5.0
2e698e87,2e698e86c,2020-11-03,15,{'JAM'},{'JAM_STAND_STILL_TRAFFIC'},31,{7},5.0
2e698e87,2e698e86c,2020-11-03,16,{'JAM'},{'JAM_MODERATE_TRAFFIC'},5,{7},5.0
2e698e87,2e698e86c,2020-11-11,13,{'JAM'},{'JAM_MODERATE_TRAFFIC'},34,{7},5.0
2e698e87,2e698e86c,2020-11-22,19,{'JAM'},{'JAM_STAND_STILL_TRAFFIC'},6,{7},5.0
2e698e87,2e698e874,2020-09-03,7,{'WEATHERHAZARD'},{'HAZARD_ON_ROAD_CAR_STOPPED'},32,{6},5.0
2e698e87,2e698e874,2020-09-07,15,{'JAM'},{'JAM_HEAVY_TRAFFIC'},20,{6},5.0
2e698e87,2e698e874,2020-09-08,20,{'JAM'},{'JAM_MODERATE_TRAFFIC'},9,{6},5.0
2e698e87,2e698e874,2020-09-19,13,{'JAM'},{'JAM_STAND_STILL_TRAFFIC'},31,{6},5.0
2e698e87,2e698e874,2020-09-19,16,{'JAM'},{'JAM_HEAVY_TRAFFIC'},30,{6},5.0
2e698e87,2e698e874,2020-09-23,8,{'WEATHERHAZARD'},{'WEATHERHAZARD'},31,{20},5.0
2e698e87,2e698e874,2020-10-03,13,{'JAM'},{'JAM_STAND_STILL_TRAFFIC'},32,{6},5.0
2e698e87,2e698e874,2020-10-04,13,{'JAM'},{'JAM'},16,{6},5.0
2e698e87,2e698e874,2020-10-17,6,{'JAM'},{'JAM_HEAVY_TRAFFIC'},32,{6},5.0
2e698e87,2e698e874,2020-10-19,11,{'JAM'},{'JAM_STAND_STILL_TRAFFIC'},30,{6},5.0
2e698e87,2e698e874,2020-10-30,13,{'JAM'},{'JAM_STAND_STILL_TRAFFIC'},16,{6},5.0
2e698e87,2e698e874,2020-10-31,12,{'JAM'},{'JAM_STAND_STILL_TRAFFIC'},32,{6},5.0
2e698e87,2e698e874,2020-10-31,15,{'JAM'},{'JAM_STAND_STILL_TRAFFIC'},30,{6},5.0
2e698e87,2e698e874,2020-10-31,19,{'JAM'},{'JAM_HEAVY_TRAFFIC'},31,{6},5.0
2e698e87,2e698e874,2020-10-31,20,{'JAM'},{'JAM_STAND_STILL_TRAFFIC'},31,{6},7.387096774193548
2e698e87,2e698e874,2020-11-02,11,{'JAM'},{'JAM_STAND_STILL_TRAFFIC'},34,{6},5.0
2e698e87,2e698e874,2020-11-07,14,{'JAM'},{'JAM_HEAVY_TRAFFIC'},31,{6},5.0
2e698e87,2e698e874,2020-11-12,9,{'JAM'},{'JAM_HEAVY_TRAFFIC'},5,{6},6.0
2e698e87,2e698e874,2020-11-17,16,{'JAM'},{'JAM_STAND_STILL_TRAFFIC'},31,{6},5.645161290322581
2e698e87,2e698e874,2020-11-20,15,{'JAM'},{'JAM_HEAVY_TRAFFIC'},31,{6},6.0
2e698e87,2e698e874,2020-11-20,16,{'JAM'},{'JAM_HEAVY_TRAFFIC'},15,{6},7.0
2e698e87,2e698e874,2020-11-21,10,{'JAM'},{'JAM_HEAVY_TRAFFIC'},32,{6},5.0
2e698e87,2e698e874,2020-11-21,12,{'JAM'},{'JAM_STAND_STILL_TRAFFIC'},30,{6},5.0
2e698e87,2e698e874,2020-11-21,13,{'JAM'},{'JAM_STAND_STILL_TRAFFIC'},30,{6},5.0
2e698e87,2e698e874,2020-11-21,17,{'JAM'},{'JAM_STAND_STILL_TRAFFIC'},29,{6},5.9655172413793105
2e698e87,2e698e87c,2020-10-02,6,{'JAM'},{'JAM_MODERATE_TRAFFIC'},44,{6},5.0
2e698e87,2e698e87c,2020-10-28,16,{'JAM'},{'JAM_MODERATE_TRAFFIC'},50,{6},5.0
2e698e87,2e698e87c,2020-10-31,20,{'JAM'},{'JAM_HEAVY_TRAFFIC'},66,{6},5.636363636363637
2e698e87,2e698e87c,2020-10-31,21,{'JAM'},{'JAM_STAND_STILL_TRAFFIC'},59,{6},5.0
2e698e89,2e698e884,2020-11-11,11,{'JAM'},{'JAM_HEAVY_TRAFFIC'},60,{1},5.0
2e698e89,2e698e884,2020-11-13,18,{'JAM'},{'JAM_STAND_STILL_TRAFFIC'},72,{1},5.416666666666667
2e698e89,2e698e88c,2020-09-04,13,{'JAM'},{'JAM_MODERATE_TRAFFIC'},44,{6},5.0
2e698e89,2e698e88c,2020-09-20,7,{'WEATHERHAZARD'},{'HAZARD_ON_ROAD_CAR_STOPPED'},92,{6},5.3478260869565215
2e698e89,2e698e88c,2020-10-28,18,{'WEATHERHAZARD'},{'HAZARD_ON_ROAD_POT_HOLE'},1878,{1},7.588924387646433
2e698e89,2e698e88c,2020-10-30,10,{'WEATHERHAZARD'},"{'HAZARD_ON_ROAD_POT_HOLE', 'HAZARD_ON_ROAD_TRAFFIC_LIGHT_FAULT'}",931,{1},5.470461868958109
2e698e89,2e698e88c,2020-10-31,18,{'JAM'},{'JAM_STAND_STILL_TRAFFIC'},68,{1},5.0
2e698e89,2e698e88c,2020-10-31,20,{'JAM'},{'JAM_STAND_STILL_TRAFFIC'},32,{6},9.0
2e698e89,2e698e88c,2020-11-03,16,{'JAM'},{'JAM_MODERATE_TRAFFIC'},32,{6},5.0
2e698e89,2e698e88c,2020-11-03,19,{'JAM'},{'JAM_STAND_STILL_TRAFFIC'},60,{6},5.0
2e698e89,2e698e88c,2020-11-15,18,{'JAM'},{'JAM_STAND_STILL_TRAFFIC'},53,{6},5.981132075471698
2e698e89,2e698e88c,2020-11-16,17,{'JAM'},{'JAM_STAND_STILL_TRAFFIC'},45,{6},5.0
2e698e89,2e698e894,2020-09-11,16,{'JAM'},{'JAM_STAND_STILL_TRAFFIC'},66,{6},5.757575757575758
2e698e89,2e698e894,2020-09-23,17,{'ACCIDENT'},{'ACCIDENT_MINOR'},242,{1},5.933884297520661
2e698e89,2e698e894,2020-10-02,10,{'WEATHERHAZARD'},{'HAZARD_ON_SHOULDER_CAR_STOPPED'},60,{6},5.0
2e698e89,2e698e894,2020-10-27,17,{'JAM'},{'JAM_STAND_STILL_TRAFFIC'},62,{6},5.661290322580645
2e698e89,2e698e894,2020-10-28,16,{'JAM'},{'JAM'},64,{6},5.0
2e698e89,2e698e894,2020-11-04,7,{'JAM'},{'JAM_MODERATE_TRAFFIC'},62,{6},5.0
2e698e89,2e698e894,2020-11-05,11,{'JAM'},{'JAM_HEAVY_TRAFFIC'},90,{6},5.333333333333333
2e698e89,2e698e89c,2020-09-03,12,{'JAM'},{'JAM_MODERATE_TRAFFIC'},14,{6},5.0
2e698e89,2e698e89c,2020-09-06,14,{'JAM'},{'JAM_STAND_STILL_TRAFFIC'},58,{6},5.0
2e698e89,2e698e89c,2020-09-08,20,{'JAM'},{'JAM_HEAVY_TRAFFIC'},10,{6},5.0
2e698e89,2e698e89c,2020-09-09,16,{'JAM'},{'JAM_MODERATE_TRAFFIC'},56,{2},5.0
2e698e89,2e698e89c,2020-09-09,17,{'JAM'},{'JAM_STAND_STILL_TRAFFIC'},42,{6},5.0
2e698e89,2e698e89c,2020-09-15,18,{'JAM'},{'JAM_STAND_STILL_TRAFFIC'},82,{2},5.780487804878049
2e698e89,2e698e89c,2020-09-16,21,{'JAM'},{'JAM_STAND_STILL_TRAFFIC'},12,{2},5.0
2e698e89,2e698e89c,2020-09-22,6,{'JAM'},{'JAM_MODERATE_TRAFFIC'},62,{2},5.0
2e698e89,2e698e89c,2020-09-26,16,{'JAM'},"{'JAM_STAND_STILL_TRAFFIC', 'JAM_HEAVY_TRAFFIC'}",124,{2},5.645161290322581
2e698e89,2e698e89c,2020-09-26,20,{'JAM'},{'JAM_HEAVY_TRAFFIC'},123,{6},5.0
2e698e89,2e698e89c,2020-10-03,13,{'JAM'},"{'JAM_STAND_STILL_TRAFFIC', 'JAM_HEAVY_TRAFFIC'}",138,"{2, 6}",5.0
2e698e89,2e698e89c,2020-10-05,19,{'JAM'},{'JAM_STAND_STILL_TRAFFIC'},66,{2},5.0
2e698e89,2e698e89c,2020-10-06,19,{'JAM'},{'JAM_STAND_STILL_TRAFFIC'},70,{6},5.885714285714286
2e698e89,2e698e89c,2020-10-10,12,{'JAM'},{'JAM_HEAVY_TRAFFIC'},47,{2},5.0
2e698e89,2e698e89c,2020-10-15,10,{'JAM'},{'JAM_STAND_STILL_TRAFFIC'},60,{2},5.0
2e698e89,2e698e89c,2020-10-16,20,{'JAM'},{'JAM_HEAVY_TRAFFIC'},48,{2},6.0
2e698e89,2e698e89c,2020-10-17,6,{'JAM'},{'JAM_HEAVY_TRAFFIC'},12,{6},5.0
2e698e89,2e698e89c,2020-10-20,10,{'JAM'},{'JAM_STAND_STILL_TRAFFIC'},24,{2},5.0
2e698e89,2e698e89c,2020-10-23,19,{'JAM'},{'JAM_HEAVY_TRAFFIC'},62,{2},6.580645161290323
2e698e89,2e698e89c,2020-10-25,17,{'JAM'},{'JAM_HEAVY_TRAFFIC'},60,{6},5.0
2e698e89,2e698e89c,2020-10-26,17,{'JAM'},{'JAM_STAND_STILL_TRAFFIC'},88,{2},6.943181818181818
2e698e89,2e698e89c,2020-10-26,18,{'JAM'},{'JAM_STAND_STILL_TRAFFIC'},74,{2},5.0
2e698e89,2e698e89c,2020-10-26,21,{'JAM'},{'JAM_STAND_STILL_TRAFFIC'},124,{2},5.0
2e698e89,2e698e89c,2020-10-27,11,{'JAM'},{'JAM_STAND_STILL_TRAFFIC'},22,{6},5.0
2e698e89,2e698e89c,2020-10-27,16,{'JAM'},{'JAM_STAND_STILL_TRAFFIC'},64,{2},5.0
2e698e89,2e698e89c,2020-10-27,18,{'JAM'},{'JAM_HEAVY_TRAFFIC'},60,{2},6.0
2e698e89,2e698e89c,2020-10-27,20,{'JAM'},"{'JAM_STAND_STILL_TRAFFIC', 'JAM_MODERATE_TRAFFIC'}",126,"{2, 6}",5.253968253968254
2e698e89,2e698e89c,2020-10-28,18,{'JAM'},{'JAM_STAND_STILL_TRAFFIC'},62,{2},5.0
2e698e89,2e698e89c,2020-10-29,12,{'WEATHERHAZARD'},{'HAZARD_ON_ROAD_TRAFFIC_LIGHT_FAULT'},60,{2},5.0
2e698e89,2e698e89c,2020-10-30,11,{'WEATHERHAZARD'},{'HAZARD_ON_ROAD_TRAFFIC_LIGHT_FAULT'},60,{2},5.0
2e698e89,2e698e89c,2020-10-31,18,{'JAM'},{'JAM_STAND_STILL_TRAFFIC'},124,{2},5.758064516129032
2e698e89,2e698e89c,2020-11-02,19,{'JAM'},{'JAM_HEAVY_TRAFFIC'},63,{2},5.0
2e698e89,2e698e89c,2020-11-03,16,{'WEATHERHAZARD'},{'HAZARD_ON_ROAD_CONSTRUCTION'},197,{6},5.817258883248731
2e698e89,2e698e89c,2020-11-03,19,{'JAM'},{'JAM_HEAVY_TRAFFIC'},60,{6},6.0
2e698e89,2e698e89c,2020-11-04,17,{'JAM'},{'JAM_STAND_STILL_TRAFFIC'},63,{2},5.0
2e698e89,2e698e89c,2020-11-05,19,{'JAM'},{'JAM_HEAVY_TRAFFIC'},62,{2},5.0
2e698e89,2e698e89c,2020-11-05,20,{'JAM'},"{'JAM_STAND_STILL_TRAFFIC', 'JAM_MODERATE_TRAFFIC'}",138,"{2, 6}",5.0
2e698e89,2e698e89c,2020-11-06,14,{'JAM'},{'JAM_HEAVY_TRAFFIC'},65,{2},5.0
2e698e89,2e698e89c,2020-11-21,11,{'WEATHERHAZARD'},{'HAZARD_ON_ROAD_CONSTRUCTION'},420,{6},8.316666666666666
2e698e8b,2e698e8a4,2020-09-03,7,{'WEATHERHAZARD'},{'HAZARD_ON_SHOULDER_CAR_STOPPED'},70,{6},5.428571428571429
2e698e8b,2e698e8a4,2020-09-30,8,{'ACCIDENT'},{'ACCIDENT'},244,{6},5.0
2e698e8b,2e698e8a4,2020-10-07,14,{'JAM'},{'JAM_STAND_STILL_TRAFFIC'},90,{1},5.377777777777778
2e698e8b,2e698e8a4,2020-10-09,6,"{'JAM', 'WEATHERHAZARD'}","{'HAZARD_ON_ROAD_CAR_STOPPED', 'JAM_STAND_STILL_TRAFFIC', 'JAM_HEAVY_TRAFFIC'}",283,{6},7.024734982332156
2e698e8b,2e698e8a4,2020-10-09,7,{'JAM'},{'JAM_STAND_STILL_TRAFFIC'},184,"{2, 6}",5.521739130434782
2e698e8b,2e698e8a4,2020-10-20,7,{'JAM'},{'JAM_STAND_STILL_TRAFFIC'},11,{6},5.0
2e698e8b,2e698e8a4,2020-10-25,14,{'WEATHERHAZARD'},{'HAZARD_ON_ROAD_CONSTRUCTION'},98,{6},6.489795918367347
2e698e8b,2e698e8a4,2020-10-25,17,{'JAM'},{'JAM_HEAVY_TRAFFIC'},60,{6},5.0
2e698e8b,2e698e8a4,2020-10-27,16,{'JAM'},{'JAM_MODERATE_TRAFFIC'},66,{6},5.0
2e698e8b,2e698e8a4,2020-10-27,18,{'JAM'},{'JAM_HEAVY_TRAFFIC'},62,{6},5.0
2e698e8b,2e698e8a4,2020-10-28,19,{'WEATHERHAZARD'},{'HAZARD_ON_ROAD_TRAFFIC_LIGHT_FAULT'},62,{2},5.0
2e698e8b,2e698e8a4,2020-10-30,11,{'WEATHERHAZARD'},{'HAZARD_ON_ROAD_POT_HOLE'},46,{2},5.521739130434782
2e698e8b,2e698e8a4,2020-11-02,16,{'JAM'},{'JAM_HEAVY_TRAFFIC'},12,{6},5.0
2e698e8b,2e698e8a4,2020-11-03,6,{'WEATHERHAZARD'},{'HAZARD_ON_ROAD_CAR_STOPPED'},42,{6},6.619047619047619
2e698e8b,2e698e8a4,2020-11-03,7,{'JAM'},{'JAM_MODERATE_TRAFFIC'},74,{6},5.4324324324324325
2e698e8b,2e698e8a4,2020-11-03,16,{'WEATHERHAZARD'},{'HAZARD_ON_ROAD_TRAFFIC_LIGHT_FAULT'},68,{2},5.0
2e698e8b,2e698e8a4,2020-11-04,15,"{'JAM', 'WEATHERHAZARD'}","{'HAZARD_ON_ROAD_CONSTRUCTION', 'JAM_MODERATE_TRAFFIC'}",728,{6},8.358516483516484
2e698e8b,2e698e8ac,2020-10-02,17,{'JAM'},{'JAM'},68,{1},5.0
2e698e8b,2e698e8ac,2020-10-09,6,{'ACCIDENT'},{'ACCIDENT_MINOR'},50,{6},5.76
2e698e8b,2e698e8ac,2020-10-09,7,{'WEATHERHAZARD'},{'HAZARD_ON_ROAD_CAR_STOPPED'},60,{6},5.0
2e698e8b,2e698e8ac,2020-10-09,13,{'JAM'},{'JAM_STAND_STILL_TRAFFIC'},32,{6},5.0
2e698e8b,2e698e8ac,2020-10-20,10,{'WEATHERHAZARD'},{'HAZARD_ON_ROAD_CONSTRUCTION'},152,{6},5.776315789473684
2e698e8b,2e698e8ac,2020-10-23,12,{'JAM'},{'JAM_HEAVY_TRAFFIC'},105,{6},5.380952380952381
2e698e8b,2e698e8ac,2020-10-26,11,{'JAM'},{'JAM_HEAVY_TRAFFIC'},68,{6},5.0
2e698e8b,2e698e8b4,2020-11-20,8,{'JAM'},{'JAM'},60,{1},5.0
2e698e8b,2e698e8bc,2020-10-09,6,{'JAM'},{'JAM_STAND_STILL_TRAFFIC'},60,{2},5.0
2e698e8b,2e698e8bc,2020-10-25,14,{'JAM'},{'JAM_HEAVY_TRAFFIC'},30,{2},5.0
2e698e8b,2e698e8bc,2020-10-27,7,{'JAM'},{'JAM_STAND_STILL_TRAFFIC'},62,{2},5.0
2e698e8b,2e698e8bc,2020-10-31,15,{'JAM'},{'JAM'},40,{2},5.0
2e698e8b,2e698e8bc,2020-11-02,7,{'JAM'},"{'JAM_STAND_STILL_TRAFFIC', 'JAM_HEAVY_TRAFFIC'}",74,{2},5.0
2e698e8d,2e698e8c4,2020-09-14,17,{'JAM'},{'JAM_STAND_STILL_TRAFFIC'},92,{2},5.336956521739131
2e698e8d,2e698e8c4,2020-09-18,16,{'JAM'},{'JAM_MODERATE_TRAFFIC'},62,{2},5.0
2e698e8d,2e698e8c4,2020-10-10,11,{'JAM'},{'JAM_HEAVY_TRAFFIC'},183,{2},5.672131147540983
2e698e8d,2e698e8c4,2020-10-10,13,{'JAM'},{'JAM_STAND_STILL_TRAFFIC'},130,{2},5.015384615384615
2e698e8d,2e698e8c4,2020-10-20,17,{'JAM'},{'JAM_STAND_STILL_TRAFFIC'},14,{2},5.0
2e698e8d,2e698e8c4,2020-10-31,13,{'JAM'},{'JAM_STAND_STILL_TRAFFIC'},61,{2},5.983606557377049
2e698e8d,2e698e8c4,2020-10-31,16,{'JAM'},{'JAM_STAND_STILL_TRAFFIC'},60,{2},5.0
2e698e8d,2e698e8c4,2020-10-31,17,{'JAM'},{'JAM_HEAVY_TRAFFIC'},122,{2},5.491803278688525
2e698e8d,2e698e8c4,2020-10-31,20,{'JAM'},{'JAM_STAND_STILL_TRAFFIC'},62,{2},5.0
2e698e8d,2e698e8c4,2020-11-01,12,{'JAM'},{'JAM_STAND_STILL_TRAFFIC'},184,{2},5.0
2e698e8d,2e698e8c4,2020-11-06,7,{'JAM'},{'JAM_MODERATE_TRAFFIC'},60,{2},5.0
2e698e8d,2e698e8d4,2020-11-22,20,{'JAM'},{'JAM_HEAVY_TRAFFIC'},62,{1},5.0
2e698e8d,2e698e8dc,2020-09-05,9,{'JAM'},{'JAM_STAND_STILL_TRAFFIC'},53,{2},5.0
2e698e8d,2e698e8dc,2020-09-09,18,{'JAM'},{'JAM_HEAVY_TRAFFIC'},62,{2},5.0
2e698e8d,2e698e8dc,2020-09-26,16,{'JAM'},{'JAM_HEAVY_TRAFFIC'},56,{2},5.892857142857143
2e698e8d,2e698e8dc,2020-09-28,17,{'JAM'},{'JAM_STAND_STILL_TRAFFIC'},62,{2},5.0
2e698e8d,2e698e8dc,2020-09-29,20,{'JAM'},{'JAM_MODERATE_TRAFFIC'},14,{2},5.0
2e698e8d,2e698e8dc,2020-10-03,13,{'JAM'},{'JAM_HEAVY_TRAFFIC'},46,{2},5.0
2e698e8d,2e698e8dc,2020-10-05,7,{'JAM'},{'JAM_STAND_STILL_TRAFFIC'},60,{2},5.0
2e698e8d,2e698e8dc,2020-10-10,13,{'JAM'},{'JAM_STAND_STILL_TRAFFIC'},120,{2},6.0
2e698e8d,2e698e8dc,2020-10-17,19,{'JAM'},{'JAM_STAND_STILL_TRAFFIC'},66,{2},5.0
2e698e8d,2e698e8dc,2020-10-28,18,{'JAM'},{'JAM_MODERATE_TRAFFIC'},61,{2},5.0
2e698e8d,2e698e8dc,2020-10-30,16,{'JAM'},{'JAM_MODERATE_TRAFFIC'},59,{2},5.0
2e698e8d,2e698e8dc,2020-10-31,13,{'JAM'},{'JAM_STAND_STILL_TRAFFIC'},64,{2},5.0
2e698e8f,2e698e8fc,2020-10-30,14,{'WEATHERHAZARD'},{'HAZARD_ON_ROAD_POT_HOLE'},2456,{1},9.570032573289902
2e698e93,2e698e934,2020-10-13,15,{'WEATHERHAZARD'},{'WEATHERHAZARD'},64,{1},5.0
2e698e95,2e698e954,2020-09-21,10,{'JAM'},{'JAM_MODERATE_TRAFFIC'},60,{1},5.0
2e698e95,2e698e95c,2020-09-02,10,{'WEATHERHAZARD'},{'HAZARD_ON_ROAD'},60,{1},6.0
2e698e97,2e698e97c,2020-11-15,15,{'JAM'},{'JAM_STAND_STILL_TRAFFIC'},64,{1},5.0
2e698e97,2e698e97c,2020-11-21,11,{'JAM'},{'JAM_STAND_STILL_TRAFFIC'},20,{1},6.0
2e698e99,2e698e984,2020-10-30,9,"{'WEATHERHAZARD', 'ACCIDENT'}","{'WEATHERHAZARD', 'ACCIDENT'}",302,{1},5.470198675496689
2e698e99,2e698e984,2020-11-07,14,{'JAM'},{'JAM_STAND_STILL_TRAFFIC'},62,{1},6.854838709677419
2e698e99,2e698e984,2020-11-08,15,{'JAM'},{'JAM_STAND_STILL_TRAFFIC'},66,{1},5.0
2e698e99,2e698e984,2020-11-09,19,{'JAM'},{'JAM_MODERATE_TRAFFIC'},60,{1},5.0
2e698e99,2e698e984,2020-11-21,11,{'JAM'},{'JAM_STAND_STILL_TRAFFIC'},24,{1},5.0
2e698e99,2e698e984,2020-11-21,12,{'JAM'},{'JAM_STAND_STILL_TRAFFIC'},31,{2},5.0
2e698e9b,2e698e9a4,2020-10-23,18,"{'JAM', 'ACCIDENT'}","{'JAM', 'ACCIDENT_MINOR'}",298,{1},5.0
2e698e9b,2e698e9ac,2020-10-31,10,{'JAM'},{'JAM_STAND_STILL_TRAFFIC'},68,{2},5.0
2e698e9b,2e698e9ac,2020-11-05,8,{'JAM'},{'JAM_STAND_STILL_TRAFFIC'},61,{2},5.0
2e698e9b,2e698e9b4,2020-11-05,8,{'JAM'},{'JAM_HEAVY_TRAFFIC'},60,{2},5.0
2e698e9b,2e698e9b4,2020-11-14,10,{'JAM'},{'JAM_MODERATE_TRAFFIC'},64,{2},5.0
2e698e9d,2e698e9cc,2020-10-17,12,{'WEATHERHAZARD'},{'WEATHERHAZARD'},30,{1},5.0
2e698e9f,2e698e9e4,2020-10-31,15,{'JAM'},{'JAM_HEAVY_TRAFFIC'},100,{2},5.15
2e698e9f,2e698e9e4,2020-11-01,16,{'JAM'},{'JAM_HEAVY_TRAFFIC'},36,{2},5.472222222222222
2e698e9f,2e698e9e4,2020-11-01,17,{'JAM'},"{'JAM_STAND_STILL_TRAFFIC', 'JAM_HEAVY_TRAFFIC'}",61,{2},5.819672131147541
2e698e9f,2e698e9e4,2020-11-01,19,{'JAM'},{'JAM_HEAVY_TRAFFIC'},30,{2},5.0
2e698e9f,2e698e9e4,2020-11-06,17,{'JAM'},{'JAM_MODERATE_TRAFFIC'},33,{2},5.0
2e698e9f,2e698e9f4,2020-10-19,18,{'JAM'},{'JAM'},8,{2},5.0
2e698e9f,2e698e9f4,2020-10-31,12,{'JAM'},{'JAM_HEAVY_TRAFFIC'},60,{2},5.0
2e698e9f,2e698e9fc,2020-10-31,9,{'JAM'},{'JAM_STAND_STILL_TRAFFIC'},31,{2},5.0
2e698e9f,2e698e9fc,2020-10-31,13,{'JAM'},{'JAM_STAND_STILL_TRAFFIC'},30,{2},5.0
2e698e9f,2e698e9fc,2020-10-31,15,{'JAM'},{'JAM_HEAVY_TRAFFIC'},63,{2},5.984126984126984
2e698e9f,2e698e9fc,2020-10-31,16,{'JAM'},{'JAM_HEAVY_TRAFFIC'},62,{2},5.0
2e698e9f,2e698e9fc,2020-10-31,17,{'JAM'},{'JAM_MODERATE_TRAFFIC'},33,{2},5.0
2e698e9f,2e698e9fc,2020-10-31,20,{'JAM'},"{'JAM_STAND_STILL_TRAFFIC', 'JAM_HEAVY_TRAFFIC'}",64,{2},5.0
2e698e9f,2e698e9fc,2020-11-01,16,{'JAM'},{'JAM_HEAVY_TRAFFIC'},64,{2},5.0
2e698e9f,2e698e9fc,2020-11-02,18,{'JAM'},{'JAM_HEAVY_TRAFFIC'},32,{2},5.0
2e698e9f,2e698e9fc,2020-11-06,17,{'JAM'},{'JAM_MODERATE_TRAFFIC'},31,{2},5.0
2e698e9f,2e698e9fc,2020-11-06,20,{'JAM'},{'JAM_HEAVY_TRAFFIC'},28,{2},5.035714285714286
2e698ea1,2e698ea14,2020-10-07,22,{'JAM'},{'JAM_HEAVY_TRAFFIC'},54,{2},5.0
2e698ea1,2e698ea1c,2020-10-02,18,{'JAM'},{'JAM_MODERATE_TRAFFIC'},32,{2},5.0
2e698ea1,2e698ea1c,2020-10-31,17,{'JAM'},{'JAM_STAND_STILL_TRAFFIC'},5,{2},5.0
2e698ea3,2e698ea2c,2020-10-30,22,{'JAM'},{'JAM'},60,{1},5.0
2e698ea5,2e698ea54,2020-09-05,21,{'JAM'},{'JAM_MODERATE_TRAFFIC'},60,{2},6.0
2e698ea5,2e698ea54,2020-10-06,13,{'JAM'},{'JAM_MODERATE_TRAFFIC'},28,{2},5.0
2e698ea5,2e698ea54,2020-11-01,14,{'JAM'},{'JAM_HEAVY_TRAFFIC'},60,{2},5.0
2e698ea5,2e698ea54,2020-11-10,18,{'JAM'},{'JAM_MODERATE_TRAFFIC'},60,{2},5.0
2e698ea5,2e698ea54,2020-11-13,16,{'JAM'},{'JAM_MODERATE_TRAFFIC'},66,{2},5.0
2e698ea5,2e698ea5c,2020-09-05,21,{'JAM'},{'JAM_MODERATE_TRAFFIC'},62,{2},5.0
2e698ea5,2e698ea5c,2020-10-23,13,{'WEATHERHAZARD'},{'HAZARD_ON_ROAD_POT_HOLE'},901,{2},8.267480577136515
2e698ea5,2e698ea5c,2020-11-03,8,{'JAM'},{'JAM_MODERATE_TRAFFIC'},22,{2},5.0
2e698ea7,2e698ea6c,2020-10-05,11,{'JAM'},{'JAM_MODERATE_TRAFFIC'},11,{2},5.0
2e698ea7,2e698ea74,2020-09-26,19,{'JAM'},{'JAM_HEAVY_TRAFFIC'},31,{2},6.709677419354839
2e698ea7,2e698ea74,2020-10-23,11,{'JAM'},{'JAM_HEAVY_TRAFFIC'},30,{2},5.0
2e698ea7,2e698ea74,2020-10-30,13,{'JAM'},{'JAM_STAND_STILL_TRAFFIC'},43,{2},5.348837209302325
2e698ea7,2e698ea74,2020-10-31,12,{'JAM'},{'JAM_HEAVY_TRAFFIC'},33,{2},5.0
2e698ea7,2e698ea74,2020-11-05,9,{'JAM'},{'JAM_STAND_STILL_TRAFFIC'},32,{2},5.0625
2e698ea7,2e698ea74,2020-11-07,15,{'JAM'},"{'JAM_STAND_STILL_TRAFFIC', 'JAM_HEAVY_TRAFFIC'}",62,{2},5.467741935483871
2e698eab,2e698eab4,2020-09-20,1,{'JAM'},{'JAM_HEAVY_TRAFFIC'},60,{1},5.0
2e698eaf,2e698eaf4,2020-10-05,10,{'WEATHERHAZARD'},{'WEATHERHAZARD'},60,{20},6.866666666666666
2e698eaf,2e698eafc,2020-10-18,14,{'JAM'},{'JAM'},64,{1},5.0
2e698eb1,2e698eb04,2020-09-26,10,{'JAM'},{'JAM'},60,{2},5.0
2e698eb1,2e698eb04,2020-10-17,11,{'JAM'},{'JAM_HEAVY_TRAFFIC'},60,{2},5.0
2e698eb1,2e698eb04,2020-10-28,11,{'JAM'},"{'JAM', 'JAM_HEAVY_TRAFFIC'}",120,{2},5.0
2e698eb1,2e698eb04,2020-11-05,9,{'JAM'},{'JAM_HEAVY_TRAFFIC'},59,{2},5.0
2e698eb1,2e698eb04,2020-11-07,11,{'JAM'},{'JAM_MODERATE_TRAFFIC'},64,{2},5.0
2e698eb1,2e698eb14,2020-11-14,13,{'JAM'},{'JAM_STAND_STILL_TRAFFIC'},53,{1},5.0
2e698eb1,2e698eb1c,2020-09-19,16,{'JAM'},{'JAM_MODERATE_TRAFFIC'},65,{2},5.0
2e698eb1,2e698eb1c,2020-10-03,9,{'JAM'},{'JAM_STAND_STILL_TRAFFIC'},64,{2},5.0
2e698eb5,2e698eb54,2020-09-12,20,{'JAM'},{'JAM_STAND_STILL_TRAFFIC'},125,{2},5.496
2e698eb5,2e698eb54,2020-10-14,12,{'JAM'},{'JAM_HEAVY_TRAFFIC'},68,{1},5.0
2e698eb5,2e698eb54,2020-10-25,10,{'JAM'},{'JAM_HEAVY_TRAFFIC'},124,{2},5.0
2e698eb5,2e698eb5c,2020-09-16,19,{'JAM'},{'JAM_MODERATE_TRAFFIC'},62,{2},5.0
2e698eb5,2e698eb5c,2020-09-18,16,{'JAM'},{'JAM_STAND_STILL_TRAFFIC'},60,{2},5.0
2e698eb5,2e698eb5c,2020-09-30,18,{'JAM'},{'JAM_HEAVY_TRAFFIC'},12,{2},5.0
2e698eb5,2e698eb5c,2020-11-14,15,{'JAM'},{'JAM'},56,{2},5.0
2e698eb7,2e698eb64,2020-09-17,17,{'JAM'},{'JAM_HEAVY_TRAFFIC'},60,{2},5.95
2e698eb7,2e698eb64,2020-09-30,17,{'JAM'},{'JAM_HEAVY_TRAFFIC'},64,{2},5.90625
2e698eb7,2e698eb64,2020-10-19,14,{'JAM'},{'JAM_HEAVY_TRAFFIC'},66,{2},5.0
2e698eb7,2e698eb64,2020-11-07,17,{'JAM'},{'JAM_HEAVY_TRAFFIC'},61,{2},5.934426229508197
2e698eb7,2e698eb64,2020-11-11,11,{'JAM'},{'JAM_HEAVY_TRAFFIC'},60,{2},5.0
2e698eb9,2e698eb84,2020-10-31,11,{'JAM'},{'JAM_STAND_STILL_TRAFFIC'},61,{2},5.0
2e698eb9,2e698eb84,2020-11-15,16,{'JAM'},{'JAM_STAND_STILL_TRAFFIC'},34,{2},5.0
2e698eb9,2e698eb8c,2020-11-06,20,{'JAM'},{'JAM_STAND_STILL_TRAFFIC'},14,{2},5.571428571428571
2e698eb9,2e698eb94,2020-09-10,4,{'JAM'},{'JAM_HEAVY_TRAFFIC'},64,{1},5.0
2e698eb9,2e698eb9c,2020-09-05,16,{'JAM'},{'JAM_HEAVY_TRAFFIC'},62,{2},5.0
2e698eb9,2e698eb9c,2020-09-05,21,{'JAM'},{'JAM_MODERATE_TRAFFIC'},62,{2},5.0
2e698eb9,2e698eb9c,2020-09-08,9,{'JAM'},{'JAM_STAND_STILL_TRAFFIC'},20,{2},5.0
2e698eb9,2e698eb9c,2020-10-03,11,{'JAM'},{'JAM_STAND_STILL_TRAFFIC'},62,{2},5.0
2e698eb9,2e698eb9c,2020-10-03,17,{'JAM'},"{'JAM_MODERATE_TRAFFIC', 'JAM_HEAVY_TRAFFIC'}",183,{2},5.0
2e698eb9,2e698eb9c,2020-10-29,11,{'JAM'},"{'JAM_STAND_STILL_TRAFFIC', 'JAM_HEAVY_TRAFFIC'}",120,{2},5.483333333333333
2e698eb9,2e698eb9c,2020-10-31,11,{'JAM'},{'JAM_HEAVY_TRAFFIC'},62,{2},5.67741935483871
2e698eb9,2e698eb9c,2020-11-04,8,{'JAM'},{'JAM_STAND_STILL_TRAFFIC'},129,{2},5.0
2e698eb9,2e698eb9c,2020-11-07,10,{'JAM'},{'JAM_STAND_STILL_TRAFFIC'},20,{2},5.0
2e698eb9,2e698eb9c,2020-11-07,11,{'JAM'},{'JAM_STAND_STILL_TRAFFIC'},66,{2},6.0
2e698eb9,2e698eb9c,2020-11-07,14,{'JAM'},{'JAM_STAND_STILL_TRAFFIC'},16,{2},5.0
2e698ebb,2e698eba4,2020-10-17,11,{'JAM'},{'JAM_HEAVY_TRAFFIC'},60,{2},5.0
2e698ebb,2e698eba4,2020-10-24,17,{'JAM'},{'JAM_STAND_STILL_TRAFFIC'},60,{2},5.0
2e698ebb,2e698eba4,2020-10-28,10,{'JAM'},{'JAM_STAND_STILL_TRAFFIC'},60,{2},5.0
2e698ebb,2e698eba4,2020-10-29,11,{'JAM'},{'JAM_HEAVY_TRAFFIC'},60,{2},5.0
2e698ebb,2e698eba4,2020-11-01,10,{'JAM'},{'JAM_HEAVY_TRAFFIC'},12,{2},5.0
2e698ebb,2e698eba4,2020-11-03,8,{'JAM'},{'JAM_STAND_STILL_TRAFFIC'},62,{2},5.935483870967742
2e698ebb,2e698eba4,2020-11-04,8,{'JAM'},{'JAM_STAND_STILL_TRAFFIC'},111,{2},5.0
2e698ebb,2e698eba4,2020-11-07,10,{'JAM'},{'JAM_STAND_STILL_TRAFFIC'},64,{2},5.0
2e698ebb,2e698eba4,2020-11-21,11,{'JAM'},{'JAM_STAND_STILL_TRAFFIC'},50,{2},5.0
2e698ebb,2e698ebac,2020-09-23,14,{'JAM'},{'JAM_MODERATE_TRAFFIC'},62,{2},5.0
2e698ebb,2e698ebac,2020-09-24,11,{'JAM'},{'JAM_STAND_STILL_TRAFFIC'},62,{2},5.0
2e698ebb,2e698ebac,2020-10-17,11,{'JAM'},{'JAM_HEAVY_TRAFFIC'},61,{2},5.0
2e698ebb,2e698ebac,2020-10-28,11,{'JAM'},{'JAM_STAND_STILL_TRAFFIC'},60,{2},5.0
2e698ebb,2e698ebac,2020-10-29,13,{'JAM'},"{'JAM_STAND_STILL_TRAFFIC', 'JAM_HEAVY_TRAFFIC'}",124,{2},5.0
2e698ebb,2e698ebac,2020-10-30,12,{'JAM'},{'JAM_STAND_STILL_TRAFFIC'},121,{2},5.0
2e698ebb,2e698ebac,2020-11-01,14,{'JAM'},{'JAM_MODERATE_TRAFFIC'},60,{2},5.0
2e698ebb,2e698ebac,2020-11-04,8,{'JAM'},{'JAM_HEAVY_TRAFFIC'},60,{2},5.0
2e698ebb,2e698ebac,2020-11-07,11,{'JAM'},{'JAM_STAND_STILL_TRAFFIC'},60,{2},5.0
2e698ebb,2e698ebac,2020-11-08,11,{'JAM'},{'JAM_STAND_STILL_TRAFFIC'},64,{2},5.0
2e698ebb,2e698ebac,2020-11-12,19,{'JAM'},{'JAM_STAND_STILL_TRAFFIC'},64,{2},5.0
2e698ebb,2e698ebac,2020-11-21,11,{'JAM'},{'JAM_STAND_STILL_TRAFFIC'},45,{2},5.0
2e698ebd,2e698ebcc,2020-10-25,18,{'JAM'},{'JAM'},64,{1},5.0
2e698ebd,2e698ebd4,2020-09-23,11,{'ACCIDENT'},{'ACCIDENT'},240,{2},5.091666666666667
2e698ebd,2e698ebd4,2020-11-07,10,{'JAM'},{'JAM_STAND_STILL_TRAFFIC'},60,{2},5.0
2e698ebd,2e698ebd4,2020-11-07,11,{'JAM'},{'JAM_STAND_STILL_TRAFFIC'},38,{1},5.0
2e698ebd,2e698ebd4,2020-11-08,11,{'JAM'},{'JAM_STAND_STILL_TRAFFIC'},62,{2},5.0
2e698ebd,2e698ebd4,2020-11-22,13,{'JAM'},{'JAM'},22,{2},5.0
2e698ebf,2e698ebe4,2020-11-08,18,{'WEATHERHAZARD'},{'HAZARD_ON_SHOULDER_ANIMALS'},64,{1},5.0
2e698ebf,2e698ebf4,2020-09-26,16,{'JAM'},{'JAM_STAND_STILL_TRAFFIC'},61,{2},5.0
2e698ebf,2e698ebf4,2020-09-30,18,{'JAM'},{'JAM_STAND_STILL_TRAFFIC'},60,{2},5.0
2e698ebf,2e698ebf4,2020-10-02,19,{'JAM'},{'JAM_STAND_STILL_TRAFFIC'},60,{2},5.933333333333334
2e698ebf,2e698ebf4,2020-10-27,20,{'JAM'},{'JAM_STAND_STILL_TRAFFIC'},86,{2},5.372093023255814
2e698ebf,2e698ebf4,2020-10-30,11,{'WEATHERHAZARD'},{'HAZARD_ON_ROAD_CAR_STOPPED'},36,{2},5.333333333333333
2e698ebf,2e698ebf4,2020-11-06,18,{'JAM'},{'JAM_STAND_STILL_TRAFFIC'},62,{2},5.0
2e698ebf,2e698ebf4,2020-11-06,20,{'JAM'},{'JAM_STAND_STILL_TRAFFIC'},64,{2},5.0
2e698ec1,2e698ec0c,2020-09-26,16,{'JAM'},{'JAM_STAND_STILL_TRAFFIC'},62,{2},5.0
2e698ec1,2e698ec0c,2020-10-02,19,{'JAM'},"{'JAM_STAND_STILL_TRAFFIC', 'JAM_HEAVY_TRAFFIC'}",124,{2},5.0
2e698ec1,2e698ec0c,2020-10-16,17,{'JAM'},{'JAM_MODERATE_TRAFFIC'},70,{2},5.0
2e698ec1,2e698ec0c,2020-10-27,18,{'JAM'},{'JAM_STAND_STILL_TRAFFIC'},2,{2},5.0
2e698ec1,2e698ec0c,2020-10-30,19,{'JAM'},{'JAM_HEAVY_TRAFFIC'},8,{2},5.0
2e698ec1,2e698ec0c,2020-11-03,18,{'JAM'},{'JAM_STAND_STILL_TRAFFIC'},60,{2},5.0
2e698ec1,2e698ec0c,2020-11-07,13,{'JAM'},{'JAM_MODERATE_TRAFFIC'},60,{2},5.0
2e698ec1,2e698ec1c,2020-09-06,12,{'WEATHERHAZARD'},{'WEATHERHAZARD'},48,{1},5.0
2e698ec1,2e698ec1c,2020-11-03,11,"{'JAM', 'ACCIDENT'}","{'JAM', 'ACCIDENT_MINOR'}",304,{1},5.184210526315789
2e698ec5,2e698ec44,2020-10-01,17,{'JAM'},{'JAM_MODERATE_TRAFFIC'},10,{2},5.0
2e698ec5,2e698ec44,2020-11-06,18,{'JAM'},{'JAM_STAND_STILL_TRAFFIC'},31,{2},5.903225806451613
2e698ec5,2e698ec44,2020-11-07,17,{'JAM'},{'JAM_STAND_STILL_TRAFFIC'},31,{2},5.0
2e698ec5,2e698ec44,2020-11-08,17,{'JAM'},{'JAM_STAND_STILL_TRAFFIC'},31,{2},5.0
2e698ec5,2e698ec44,2020-11-14,17,{'JAM'},{'JAM_STAND_STILL_TRAFFIC'},33,{2},6.0
2e698ec5,2e698ec44,2020-11-14,19,{'JAM'},{'JAM_STAND_STILL_TRAFFIC'},31,{2},5.0
2e698ec5,2e698ec4c,2020-09-27,14,{'JAM'},{'JAM_STAND_STILL_TRAFFIC'},30,{2},5.0
2e698ec5,2e698ec4c,2020-10-01,17,{'JAM'},{'JAM_MODERATE_TRAFFIC'},14,{2},5.0
2e698ec5,2e698ec4c,2020-10-03,16,{'JAM'},{'JAM_MODERATE_TRAFFIC'},31,{2},5.0
2e698ec5,2e698ec4c,2020-10-17,20,{'JAM'},{'JAM_MODERATE_TRAFFIC'},5,{2},5.0
2e698ec5,2e698ec4c,2020-11-02,16,{'JAM'},{'JAM'},31,{2},5.0
2e698ec5,2e698ec4c,2020-11-07,13,{'JAM'},{'JAM_STAND_STILL_TRAFFIC'},30,{2},5.0
2e698ec5,2e698ec4c,2020-11-08,17,{'JAM'},{'JAM_STAND_STILL_TRAFFIC'},30,{2},5.0
2e698ec5,2e698ec4c,2020-11-14,17,{'JAM'},{'JAM_STAND_STILL_TRAFFIC'},28,{2},5.0
2e698ec5,2e698ec5c,2020-11-06,17,{'JAM'},{'JAM_STAND_STILL_TRAFFIC'},57,{2},5.0
2e698ec5,2e698ec5c,2020-11-09,17,{'JAM'},{'JAM_STAND_STILL_TRAFFIC'},60,{2},5.0
2e698ec7,2e698ec64,2020-09-06,11,{'JAM'},{'JAM_HEAVY_TRAFFIC'},36,{2},5.0
2e698ec7,2e698ec64,2020-09-15,16,{'JAM'},{'JAM_STAND_STILL_TRAFFIC'},40,{2},5.0
2e698ec7,2e698ec64,2020-10-03,10,{'JAM'},{'JAM_STAND_STILL_TRAFFIC'},60,{2},5.0
2e698ec7,2e698ec64,2020-11-06,17,{'JAM'},{'JAM_STAND_STILL_TRAFFIC'},144,{2},5.0
2e698ec7,2e698ec64,2020-11-06,18,{'JAM'},{'JAM_STAND_STILL_TRAFFIC'},62,{2},5.0
2e698ec7,2e698ec64,2020-11-06,20,{'JAM'},{'JAM_STAND_STILL_TRAFFIC'},90,{2},5.0
2e698ec7,2e698ec64,2020-11-08,16,{'JAM'},{'JAM_HEAVY_TRAFFIC'},10,{2},5.0
2e698ec7,2e698ec64,2020-11-13,18,{'JAM'},{'JAM_STAND_STILL_TRAFFIC'},164,{2},6.262195121951219
2e698ec7,2e698ec64,2020-11-15,16,{'ACCIDENT'},{'ACCIDENT_MINOR'},216,{2},5.0
2e698ec7,2e698ec74,2020-09-02,18,{'JAM'},{'JAM_HEAVY_TRAFFIC'},62,{2},5.0
2e698ec7,2e698ec74,2020-09-02,19,{'JAM'},{'JAM_HEAVY_TRAFFIC'},127,{2},5.0
2e698ec7,2e698ec74,2020-09-05,17,{'JAM'},{'JAM_HEAVY_TRAFFIC'},62,{2},5.0
2e698ec7,2e698ec74,2020-09-06,16,{'JAM'},{'JAM_HEAVY_TRAFFIC'},64,{2},5.0
2e698ec7,2e698ec74,2020-09-09,16,{'JAM'},{'JAM_MODERATE_TRAFFIC'},62,{2},5.0
2e698ec7,2e698ec74,2020-09-26,15,{'JAM'},{'JAM_STAND_STILL_TRAFFIC'},82,{2},7.621951219512195
2e698ec7,2e698ec74,2020-09-30,18,{'JAM'},{'JAM_HEAVY_TRAFFIC'},64,{2},5.0
2e698ec7,2e698ec74,2020-10-03,11,{'JAM'},{'JAM_STAND_STILL_TRAFFIC'},66,{2},5.0
2e698ec7,2e698ec74,2020-10-03,13,{'JAM'},{'JAM_HEAVY_TRAFFIC'},60,{2},5.95
2e698ec7,2e698ec74,2020-10-07,18,{'JAM'},{'JAM_MODERATE_TRAFFIC'},63,{2},5.0
2e698ec7,2e698ec74,2020-10-11,15,{'JAM'},{'JAM_HEAVY_TRAFFIC'},46,{2},5.0
2e698ec7,2e698ec74,2020-10-13,17,{'JAM'},{'JAM_MODERATE_TRAFFIC'},66,{2},5.878787878787879
2e698ec7,2e698ec74,2020-10-16,18,{'JAM'},{'JAM_MODERATE_TRAFFIC'},61,{2},5.967213114754099
2e698ec7,2e698ec74,2020-10-16,20,{'JAM'},{'JAM_STAND_STILL_TRAFFIC'},64,{2},5.96875
2e698ec7,2e698ec74,2020-10-22,18,{'JAM'},{'JAM_STAND_STILL_TRAFFIC'},64,{2},5.0
2e698ec7,2e698ec74,2020-10-27,18,{'JAM'},{'JAM_STAND_STILL_TRAFFIC'},62,{2},6.0
2e698ec7,2e698ec74,2020-10-30,14,{'JAM'},{'JAM_STAND_STILL_TRAFFIC'},60,{2},5.0
2e698ec7,2e698ec74,2020-10-30,19,{'JAM'},{'JAM_HEAVY_TRAFFIC'},60,{2},6.0
2e698ec7,2e698ec74,2020-11-02,13,{'JAM'},{'JAM'},10,{2},5.0
2e698ec7,2e698ec74,2020-11-03,17,{'JAM'},{'JAM_HEAVY_TRAFFIC'},64,{2},5.0
2e698ec7,2e698ec74,2020-11-04,17,{'JAM'},{'JAM_HEAVY_TRAFFIC'},62,{2},5.967741935483871
2e698ec7,2e698ec74,2020-11-05,18,{'JAM'},{'JAM_HEAVY_TRAFFIC'},60,{2},5.0
2e698ec7,2e698ec74,2020-11-06,17,{'JAM'},{'JAM_STAND_STILL_TRAFFIC'},48,{2},5.0
2e698ec7,2e698ec74,2020-11-06,20,{'JAM'},{'JAM_STAND_STILL_TRAFFIC'},68,{2},5.0
2e698ec7,2e698ec74,2020-11-11,19,{'JAM'},{'JAM_STAND_STILL_TRAFFIC'},78,{2},5.461538461538462
2e698ec7,2e698ec74,2020-11-13,18,{'JAM'},{'JAM_MODERATE_TRAFFIC'},62,{2},5.0
2e698ec7,2e698ec74,2020-11-16,18,{'JAM'},{'JAM_STAND_STILL_TRAFFIC'},31,{2},5.0
2e698ec7,2e698ec74,2020-11-21,17,{'JAM'},{'JAM_STAND_STILL_TRAFFIC'},57,{2},5.0
2e698ec7,2e698ec74,2020-11-21,18,{'JAM'},{'JAM_HEAVY_TRAFFIC'},68,{2},5.0
2e698ec7,2e698ec7c,2020-09-26,16,{'JAM'},{'JAM_STAND_STILL_TRAFFIC'},11,{2},5.0
2e698ec7,2e698ec7c,2020-10-08,12,{'JAM'},{'JAM_HEAVY_TRAFFIC'},10,{2},5.0
2e698ec7,2e698ec7c,2020-10-11,15,{'JAM'},{'JAM_HEAVY_TRAFFIC'},62,{2},5.0
2e698ec7,2e698ec7c,2020-10-17,11,{'JAM'},{'JAM_HEAVY_TRAFFIC'},62,{2},5.0
2e698ec7,2e698ec7c,2020-10-27,15,{'JAM'},{'JAM_MODERATE_TRAFFIC'},38,{2},5.0
2e698ec7,2e698ec7c,2020-10-29,16,{'JAM'},{'JAM_HEAVY_TRAFFIC'},60,{2},5.0
2e698ec7,2e698ec7c,2020-11-07,19,{'JAM'},{'JAM'},62,{2},5.0
2e698ec7,2e698ec7c,2020-11-08,11,{'JAM'},{'JAM_STAND_STILL_TRAFFIC'},12,{2},5.0
2e698ec7,2e698ec7c,2020-11-21,9,{'JAM'},{'JAM_STAND_STILL_TRAFFIC'},125,{2},5.0
2e698ec7,2e698ec7c,2020-11-22,11,{'JAM'},{'JAM'},30,{2},5.0
2e698ec9,2e698ec8c,2020-09-26,10,{'JAM'},{'JAM_HEAVY_TRAFFIC'},60,{2},5.0
2e698ec9,2e698ec8c,2020-11-13,14,{'ACCIDENT'},{'ACCIDENT'},241,{2},5.991701244813278
2e698ec9,2e698ec94,2020-10-24,17,{'WEATHERHAZARD'},{'HAZARD_ON_ROAD_POT_HOLE'},5676,{1},7.134954193093728
2e698ec9,2e698ec9c,2020-09-06,13,{'JAM'},{'JAM_HEAVY_TRAFFIC'},34,{2},5.0
2e698ec9,2e698ec9c,2020-09-18,18,{'JAM'},{'JAM_STAND_STILL_TRAFFIC'},64,{2},5.0
2e698ec9,2e698ec9c,2020-09-26,17,{'JAM'},{'JAM_STAND_STILL_TRAFFIC'},14,{2},5.0
2e698ec9,2e698ec9c,2020-10-01,17,{'JAM'},{'JAM_HEAVY_TRAFFIC'},10,{2},5.0
2e698ec9,2e698ec9c,2020-10-03,13,{'JAM'},{'JAM_MODERATE_TRAFFIC'},66,{2},5.0
2e698ec9,2e698ec9c,2020-10-04,19,{'JAM'},{'JAM_STAND_STILL_TRAFFIC'},61,{2},5.0
2e698ec9,2e698ec9c,2020-10-10,16,{'JAM'},{'JAM_HEAVY_TRAFFIC'},66,{2},5.0
2e698ec9,2e698ec9c,2020-10-18,22,{'WEATHERHAZARD'},{'WEATHERHAZARD'},69,{2},5.3768115942028984
2e698ec9,2e698ec9c,2020-11-14,17,{'JAM'},{'JAM_STAND_STILL_TRAFFIC'},22,{2},5.0
2e698ec9,2e698ec9c,2020-11-14,18,{'JAM'},{'JAM_STAND_STILL_TRAFFIC'},60,{2},5.0
2e698ecb,2e698eca4,2020-09-05,15,{'JAM'},{'JAM_STAND_STILL_TRAFFIC'},60,{2},5.0
2e698ecb,2e698eca4,2020-09-26,17,{'JAM'},{'JAM_STAND_STILL_TRAFFIC'},48,{2},6.0
2e698ecb,2e698eca4,2020-09-26,19,{'JAM'},{'JAM_HEAVY_TRAFFIC'},62,{2},5.0
2e698ecb,2e698eca4,2020-09-30,17,{'JAM'},{'JAM_HEAVY_TRAFFIC'},60,{2},5.0
2e698ecb,2e698eca4,2020-09-30,18,{'JAM'},{'JAM_HEAVY_TRAFFIC'},128,{2},5.46875
2e698ecb,2e698eca4,2020-10-01,17,{'JAM'},{'JAM_HEAVY_TRAFFIC'},52,{2},6.0
2e698ecb,2e698eca4,2020-10-01,18,{'JAM'},{'JAM_HEAVY_TRAFFIC'},68,{2},5.0
2e698ecb,2e698eca4,2020-10-01,19,{'JAM'},{'JAM_STAND_STILL_TRAFFIC'},60,{2},5.933333333333334
2e698ecb,2e698eca4,2020-10-02,18,{'JAM'},{'JAM_STAND_STILL_TRAFFIC'},72,{2},6.055555555555555
2e698ecb,2e698eca4,2020-10-04,19,{'JAM'},{'JAM_STAND_STILL_TRAFFIC'},60,{2},5.0
2e698ecb,2e698eca4,2020-10-17,18,{'JAM'},{'JAM_STAND_STILL_TRAFFIC'},60,{2},5.0
2e698ecb,2e698eca4,2020-11-02,16,{'JAM'},"{'JAM_STAND_STILL_TRAFFIC', 'JAM_MODERATE_TRAFFIC'}",121,{2},5.0
2e698ecb,2e698eca4,2020-11-02,17,{'JAM'},{'JAM'},60,{2},5.0
2e698ecb,2e698eca4,2020-11-07,11,{'JAM'},"{'JAM_STAND_STILL_TRAFFIC', 'JAM_HEAVY_TRAFFIC'}",122,{2},5.0
2e698ecb,2e698eca4,2020-11-14,17,{'JAM'},{'JAM_STAND_STILL_TRAFFIC'},46,{2},7.0
2e698ecb,2e698ecac,2020-09-05,15,{'JAM'},{'JAM_HEAVY_TRAFFIC'},58,{2},5.0
2e698ecb,2e698ecac,2020-09-17,17,{'JAM'},{'JAM_HEAVY_TRAFFIC'},61,{2},5.0
2e698ecb,2e698ecac,2020-09-18,17,{'JAM'},{'JAM_MODERATE_TRAFFIC'},64,{2},5.0
2e698ecb,2e698ecac,2020-09-20,17,{'JAM'},{'JAM_STAND_STILL_TRAFFIC'},60,{2},5.933333333333334
2e698ecb,2e698ecac,2020-09-23,10,{'JAM'},{'JAM_STAND_STILL_TRAFFIC'},64,{2},5.0
2e698ecb,2e698ecac,2020-09-25,17,{'JAM'},"{'JAM_STAND_STILL_TRAFFIC', 'JAM_HEAVY_TRAFFIC'}",135,{2},5.0
2e698ecb,2e698ecac,2020-09-26,10,{'JAM'},{'JAM'},61,{2},5.0
2e698ecb,2e698ecac,2020-09-26,14,{'JAM'},{'JAM'},62,{2},5.0
2e698ecb,2e698ecac,2020-09-26,16,{'JAM'},{'JAM_HEAVY_TRAFFIC'},62,{2},5.0
2e698ecb,2e698ecac,2020-09-26,17,{'JAM'},{'JAM_HEAVY_TRAFFIC'},66,{2},5.0
2e698ecb,2e698ecac,2020-09-26,19,{'JAM'},{'JAM_MODERATE_TRAFFIC'},62,{2},5.0
2e698ecb,2e698ecac,2020-09-30,18,{'JAM'},{'JAM_HEAVY_TRAFFIC'},72,{2},5.0
2e698ecb,2e698ecac,2020-09-30,19,{'JAM'},"{'JAM_MODERATE_TRAFFIC', 'JAM_HEAVY_TRAFFIC'}",184,{2},5.0
2e698ecb,2e698ecac,2020-10-01,18,{'JAM'},{'JAM_STAND_STILL_TRAFFIC'},63,{2},6.920634920634921
2e698ecb,2e698ecac,2020-10-01,19,{'JAM'},{'JAM_HEAVY_TRAFFIC'},64,{2},5.0
2e698ecb,2e698ecac,2020-10-02,19,{'JAM'},{'JAM_STAND_STILL_TRAFFIC'},100,{2},6.26
2e698ecb,2e698ecac,2020-10-03,15,{'JAM'},{'JAM_STAND_STILL_TRAFFIC'},122,{2},5.0
2e698ecb,2e698ecac,2020-10-04,18,{'JAM'},{'JAM_STAND_STILL_TRAFFIC'},60,{2},5.0
2e698ecb,2e698ecac,2020-10-07,10,{'JAM'},{'JAM_STAND_STILL_TRAFFIC'},122,{2},5.0
2e698ecb,2e698ecac,2020-10-09,15,{'JAM'},{'JAM_STAND_STILL_TRAFFIC'},63,{2},5.0
2e698ecb,2e698ecac,2020-10-16,20,{'JAM'},{'JAM_MODERATE_TRAFFIC'},54,{2},5.0
2e698ecb,2e698ecac,2020-10-24,16,{'JAM'},{'JAM_HEAVY_TRAFFIC'},60,{2},5.0
2e698ecb,2e698ecac,2020-10-24,17,{'JAM'},{'JAM_MODERATE_TRAFFIC'},81,{2},8.469135802469136
2e698ecb,2e698ecac,2020-10-26,13,{'JAM'},{'JAM_HEAVY_TRAFFIC'},60,{2},5.0
2e698ecb,2e698ecac,2020-10-28,18,{'JAM'},{'JAM_STAND_STILL_TRAFFIC'},134,{2},5.955223880597015
2e698ecb,2e698ecac,2020-10-31,11,{'JAM'},{'JAM_STAND_STILL_TRAFFIC'},124,{2},5.0
2e698ecb,2e698ecac,2020-10-31,15,{'JAM'},{'JAM_STAND_STILL_TRAFFIC'},60,{2},5.0
2e698ecb,2e698ecac,2020-10-31,17,{'JAM'},{'JAM_MODERATE_TRAFFIC'},72,{2},5.0
2e698ecb,2e698ecac,2020-11-01,13,{'JAM'},{'JAM_MODERATE_TRAFFIC'},61,{2},5.0
2e698ecb,2e698ecac,2020-11-02,16,{'JAM'},"{'JAM_STAND_STILL_TRAFFIC', 'JAM_HEAVY_TRAFFIC'}",246,{2},5.0
2e698ecb,2e698ecac,2020-11-07,11,{'JAM'},{'JAM_HEAVY_TRAFFIC'},66,{2},5.0
2e698ecb,2e698ecac,2020-11-07,15,{'JAM'},{'JAM_STAND_STILL_TRAFFIC'},72,{2},5.416666666666667
2e698ecb,2e698ecac,2020-11-07,17,{'JAM'},{'JAM_HEAVY_TRAFFIC'},55,{2},5.0
2e698ecb,2e698ecac,2020-11-07,19,{'JAM'},{'JAM_STAND_STILL_TRAFFIC'},63,{2},5.0
2e698ecb,2e698ecac,2020-11-08,13,{'JAM'},{'JAM_STAND_STILL_TRAFFIC'},122,{2},5.0
2e698ecb,2e698ecac,2020-11-09,17,{'JAM'},{'JAM_STAND_STILL_TRAFFIC'},62,{2},5.0
2e698ecb,2e698ecac,2020-11-10,17,{'JAM'},{'JAM_STAND_STILL_TRAFFIC'},62,{2},5.0
2e698ecb,2e698ecac,2020-11-14,10,{'JAM'},{'JAM_STAND_STILL_TRAFFIC'},124,{2},5.0
2e698ecb,2e698ecac,2020-11-14,18,{'JAM'},{'JAM_STAND_STILL_TRAFFIC'},61,{2},5.0
2e698ecb,2e698ecac,2020-11-18,10,{'JAM'},{'JAM_HEAVY_TRAFFIC'},56,{2},5.0
2e698ecb,2e698ecac,2020-11-18,16,{'JAM'},{'JAM_STAND_STILL_TRAFFIC'},64,{2},5.0
2e698ecb,2e698ecac,2020-11-18,17,{'JAM'},{'JAM_STAND_STILL_TRAFFIC'},60,{2},5.0
2e698ecb,2e698ecac,2020-11-21,13,{'JAM'},{'JAM_STAND_STILL_TRAFFIC'},44,{2},5.0
2e698ecb,2e698ecac,2020-11-22,11,{'JAM'},{'JAM'},62,{2},5.0
2e698ecb,2e698ecb4,2020-09-06,17,{'JAM'},{'JAM_STAND_STILL_TRAFFIC'},62,{2},5.0
2e698ecb,2e698ecb4,2020-09-13,17,{'JAM'},{'JAM_STAND_STILL_TRAFFIC'},46,{2},5.0
2e698ecb,2e698ecb4,2020-09-26,16,{'JAM'},"{'JAM_STAND_STILL_TRAFFIC', 'JAM_HEAVY_TRAFFIC'}",81,{2},5.135802469135802
2e698ecb,2e698ecb4,2020-09-27,14,{'JAM'},{'JAM_HEAVY_TRAFFIC'},16,{2},5.0
2e698ecb,2e698ecb4,2020-10-01,17,{'JAM'},{'JAM_HEAVY_TRAFFIC'},62,{2},5.0
2e698ecb,2e698ecb4,2020-10-10,16,{'JAM'},{'JAM_HEAVY_TRAFFIC'},62,{2},5.0
2e698ecb,2e698ecb4,2020-10-24,17,{'JAM'},{'JAM_MODERATE_TRAFFIC'},54,{2},5.0
2e698ecb,2e698ecb4,2020-10-24,20,{'JAM'},{'JAM_HEAVY_TRAFFIC'},64,{2},5.0
2e698ecb,2e698ecb4,2020-11-08,13,{'JAM'},{'JAM_STAND_STILL_TRAFFIC'},62,{2},5.0
2e698ecb,2e698ecb4,2020-11-09,17,{'JAM'},{'JAM_MODERATE_TRAFFIC'},60,{2},5.0
2e698ecb,2e698ecb4,2020-11-22,17,{'WEATHERHAZARD'},{'HAZARD_ON_ROAD_TRAFFIC_LIGHT_FAULT'},64,{2},5.0
2e698ecb,2e698ecbc,2020-09-16,17,{'JAM'},{'JAM_STAND_STILL_TRAFFIC'},60,{2},5.0
2e698ecb,2e698ecbc,2020-09-18,17,{'JAM'},{'JAM_STAND_STILL_TRAFFIC'},62,{2},5.0
2e698ecb,2e698ecbc,2020-09-20,17,{'JAM'},"{'JAM_STAND_STILL_TRAFFIC', 'JAM_HEAVY_TRAFFIC'}",188,{2},5.319148936170213
2e698ecb,2e698ecbc,2020-09-26,16,{'JAM'},{'JAM_HEAVY_TRAFFIC'},60,{2},5.0
2e698ecb,2e698ecbc,2020-09-26,17,{'JAM'},"{'JAM', 'JAM_STAND_STILL_TRAFFIC'}",128,{2},5.96875
2e698ecb,2e698ecbc,2020-09-30,17,{'JAM'},{'JAM_STAND_STILL_TRAFFIC'},62,{2},5.0
2e698ecb,2e698ecbc,2020-09-30,19,{'JAM'},{'JAM_MODERATE_TRAFFIC'},62,{2},5.0
2e698ecb,2e698ecbc,2020-10-02,18,{'JAM'},{'JAM_STAND_STILL_TRAFFIC'},76,{2},5.447368421052632
2e698ecb,2e698ecbc,2020-10-03,13,{'JAM'},{'JAM_STAND_STILL_TRAFFIC'},66,{2},5.0
2e698ecb,2e698ecbc,2020-10-03,14,{'JAM'},{'JAM_STAND_STILL_TRAFFIC'},66,{2},5.636363636363637
2e698ecb,2e698ecbc,2020-10-03,17,{'JAM'},{'JAM_HEAVY_TRAFFIC'},60,{2},5.0
2e698ecb,2e698ecbc,2020-10-04,19,{'JAM'},{'JAM_STAND_STILL_TRAFFIC'},61,{2},5.0
2e698ecb,2e698ecbc,2020-10-05,18,{'JAM'},{'JAM_HEAVY_TRAFFIC'},62,{2},5.0
2e698ecb,2e698ecbc,2020-10-10,16,{'JAM'},{'JAM_STAND_STILL_TRAFFIC'},69,{2},5.0
2e698ecb,2e698ecbc,2020-10-11,17,{'JAM'},{'JAM_HEAVY_TRAFFIC'},62,{2},5.0
2e698ecb,2e698ecbc,2020-10-13,17,{'JAM'},{'JAM_STAND_STILL_TRAFFIC'},56,{2},5.0
2e698ecb,2e698ecbc,2020-10-15,14,{'JAM'},{'JAM_HEAVY_TRAFFIC'},12,{2},5.0
2e698ecb,2e698ecbc,2020-10-17,18,{'JAM'},"{'JAM_STAND_STILL_TRAFFIC', 'JAM_HEAVY_TRAFFIC'}",158,{2},5.3164556962025316
2e698ecb,2e698ecbc,2020-11-01,13,{'JAM'},{'JAM_STAND_STILL_TRAFFIC'},60,{2},5.0
2e698ecb,2e698ecbc,2020-11-07,11,{'JAM'},{'JAM_HEAVY_TRAFFIC'},14,{2},5.0
2e698ecb,2e698ecbc,2020-11-07,12,{'JAM'},{'JAM_STAND_STILL_TRAFFIC'},63,{2},5.0
2e698ecb,2e698ecbc,2020-11-07,14,{'JAM'},"{'JAM_STAND_STILL_TRAFFIC', 'JAM_HEAVY_TRAFFIC'}",126,{2},5.0
2e698ecb,2e698ecbc,2020-11-07,15,{'JAM'},"{'JAM_STAND_STILL_TRAFFIC', 'JAM_HEAVY_TRAFFIC'}",145,{2},5.220689655172414
2e698ecb,2e698ecbc,2020-11-07,16,{'JAM'},{'JAM_STAND_STILL_TRAFFIC'},60,{2},5.0
2e698ecb,2e698ecbc,2020-11-07,19,{'JAM'},{'JAM_HEAVY_TRAFFIC'},64,{2},5.0
2e698ecb,2e698ecbc,2020-11-08,14,{'JAM'},{'JAM_STAND_STILL_TRAFFIC'},62,{2},5.0
2e698ecb,2e698ecbc,2020-11-14,13,{'JAM'},{'JAM_STAND_STILL_TRAFFIC'},116,{2},5.474137931034483
2e698ecb,2e698ecbc,2020-11-14,17,{'JAM'},{'JAM_STAND_STILL_TRAFFIC'},88,{2},6.2272727272727275
2e698ecb,2e698ecbc,2020-11-14,18,{'JAM'},{'JAM_STAND_STILL_TRAFFIC'},127,{2},5.496062992125984
2e698ecb,2e698ecbc,2020-11-14,19,{'JAM'},{'JAM_STAND_STILL_TRAFFIC'},60,{2},5.0
2e698ed1,2e698ed1c,2020-11-18,14,{'ACCIDENT'},{'ACCIDENT'},121,{1},7.0
2e698ed1,2e698ed1c,2020-11-22,22,{'JAM'},{'JAM'},30,{1},5.0
2e698ed3,2e698ed24,2020-09-30,12,{'JAM'},{'JAM'},31,{1},5.0
2e698ed3,2e698ed24,2020-11-02,8,{'JAM'},{'JAM_MODERATE_TRAFFIC'},30,{1},5.0
2e698ed3,2e698ed3c,2020-10-17,16,{'JAM'},{'JAM'},21,{1},5.0
2e698ed9,2e698ed84,2020-10-07,7,{'WEATHERHAZARD'},{'HAZARD_ON_ROAD_POT_HOLE'},2302,{1},8.763683753258036
2e698ed9,2e698ed9c,2020-09-08,12,{'JAM'},{'JAM'},31,{1},5.0
2e698ed9,2e698ed9c,2020-10-03,5,{'JAM'},{'JAM'},30,{2},5.0
2e698edb,2e698eda4,2020-09-20,14,{'WEATHERHAZARD'},{'WEATHERHAZARD'},32,{2},5.0
2e698edb,2e698eda4,2020-10-03,5,{'JAM'},{'JAM'},30,{2},5.0
2e698edb,2e698edb4,2020-10-01,17,{'JAM'},{'JAM_MODERATE_TRAFFIC'},27,{2},5.0
2e698edb,2e698edb4,2020-10-03,16,{'JAM'},{'JAM_STAND_STILL_TRAFFIC'},30,{2},5.0
2e698edb,2e698edb4,2020-10-29,17,{'JAM'},{'JAM_MODERATE_TRAFFIC'},33,{2},5.0
2e698edb,2e698edb4,2020-11-02,16,{'JAM'},{'JAM_STAND_STILL_TRAFFIC'},32,{2},5.90625
2e698edb,2e698edbc,2020-09-06,16,"{'JAM', 'WEATHERHAZARD'}","{'HAZARD_ON_ROAD_CAR_STOPPED', 'JAM_STAND_STILL_TRAFFIC'}",48,{2},5.0
2e698edd,2e698edc4,2020-11-02,15,{'JAM'},{'JAM_HEAVY_TRAFFIC'},43,{1},5.348837209302325
2e698edd,2e698edcc,2020-10-02,19,{'JAM'},{'JAM_MODERATE_TRAFFIC'},33,{2},5.0
2e698edd,2e698edcc,2020-11-02,15,{'JAM'},{'JAM_STAND_STILL_TRAFFIC'},42,{2},5.357142857142857
2e698edd,2e698edd4,2020-10-01,17,{'JAM'},{'JAM_MODERATE_TRAFFIC'},22,{2},5.0
2e698edd,2e698edd4,2020-11-02,16,{'JAM'},{'JAM_STAND_STILL_TRAFFIC'},30,{2},5.0
2e698edf,2e698ede4,2020-11-01,17,{'JAM'},{'JAM_MODERATE_TRAFFIC'},31,{1},5.0
2e698edf,2e698edec,2020-11-02,15,{'JAM'},{'JAM'},34,{1},5.0
2e698ee1,2e698ee0c,2020-10-08,8,{'JAM'},{'JAM_HEAVY_TRAFFIC'},31,{1},5.0
2e698ee1,2e698ee14,2020-10-09,23,{'WEATHERHAZARD'},{'HAZARD_ON_ROAD_POT_HOLE'},5108,{1},5.0
2e698ee3,2e698ee2c,2020-09-06,17,{'WEATHERHAZARD'},{'WEATHERHAZARD'},30,{1},5.0
2e698ee3,2e698ee34,2020-10-31,15,{'JAM'},{'JAM'},31,{1},5.0
2e698ee3,2e698ee3c,2020-10-14,21,{'JAM'},{'JAM'},31,{1},5.0
2e698ee5,2e698ee54,2020-10-26,15,{'WEATHERHAZARD'},{'HAZARD_WEATHER_FOG'},61,{1},5.0
2e698ee7,2e698ee64,2020-11-18,10,{'JAM'},{'JAM_MODERATE_TRAFFIC'},31,{1},5.0
2e698ee7,2e698ee7c,2020-10-01,17,{'JAM'},{'JAM_MODERATE_TRAFFIC'},23,{2},5.0
2e698eed,2e698eec4,2020-10-26,23,{'JAM'},{'JAM_MODERATE_TRAFFIC'},60,{22},5.0
2e698eed,2e698eed4,2020-09-23,20,{'WEATHERHAZARD'},{'WEATHERHAZARD'},60,{1},5.0
2e698eef,2e698eef4,2020-11-07,13,{'JAM'},{'JAM_STAND_STILL_TRAFFIC'},60,{2},5.0
2e698eef,2e698eefc,2020-11-08,17,{'JAM'},{'JAM'},12,{2},5.0
2e698ef1,2e698ef04,2020-11-21,9,{'JAM'},{'JAM_MODERATE_TRAFFIC'},69,{2},5.0
2e698ef1,2e698ef0c,2020-09-26,20,{'JAM'},{'JAM_HEAVY_TRAFFIC'},66,{2},5.0
2e698ef1,2e698ef0c,2020-10-02,19,{'JAM'},{'JAM_STAND_STILL_TRAFFIC'},90,{2},5.366666666666666
2e698ef1,2e698ef0c,2020-10-13,17,{'JAM'},{'JAM_STAND_STILL_TRAFFIC'},168,{2},5.0
2e698ef1,2e698ef0c,2020-10-17,19,{'JAM'},{'JAM_STAND_STILL_TRAFFIC'},126,{2},5.0
2e698ef1,2e698ef0c,2020-10-26,13,{'JAM'},{'JAM_HEAVY_TRAFFIC'},64,{1},5.0
2e698ef1,2e698ef0c,2020-11-02,16,{'JAM'},{'JAM_HEAVY_TRAFFIC'},66,{2},5.0
2e698ef1,2e698ef0c,2020-11-03,17,{'JAM'},{'JAM_MODERATE_TRAFFIC'},60,{2},5.0
2e698ef1,2e698ef0c,2020-11-03,19,{'JAM'},{'JAM_HEAVY_TRAFFIC'},64,{2},5.0
2e698ef1,2e698ef0c,2020-11-06,17,{'JAM'},{'JAM_STAND_STILL_TRAFFIC'},90,{2},5.0
2e698ef1,2e698ef0c,2020-11-06,20,{'JAM'},{'JAM_STAND_STILL_TRAFFIC'},60,{2},5.0
2e698ef1,2e698ef0c,2020-11-07,13,{'JAM'},{'JAM_STAND_STILL_TRAFFIC'},60,{2},5.0
2e698ef1,2e698ef0c,2020-11-07,16,{'JAM'},"{'JAM_STAND_STILL_TRAFFIC', 'JAM_HEAVY_TRAFFIC'}",128,{2},5.0
2e698ef3,2e698ef24,2020-11-15,17,{'JAM'},{'JAM_MODERATE_TRAFFIC'},60,{2},5.0
2e698ef5,2e698ef44,2020-10-15,9,{'JAM'},{'JAM_STAND_STILL_TRAFFIC'},62,{1},5.0
2e698ef5,2e698ef4c,2020-11-02,9,{'JAM'},{'JAM'},62,{22},5.0
2e698ef7,2e698ef74,2020-10-02,19,{'JAM'},{'JAM'},64,{2},5.0
2e698ef7,2e698ef74,2020-11-06,20,{'JAM'},{'JAM_STAND_STILL_TRAFFIC'},12,{2},5.0
2e698ef7,2e698ef74,2020-11-07,18,{'JAM'},{'JAM_HEAVY_TRAFFIC'},63,{2},5.0
2e698ef7,2e698ef74,2020-11-13,17,{'JAM'},{'JAM_STAND_STILL_TRAFFIC'},88,{2},5.363636363636363
2e698ef7,2e698ef74,2020-11-15,16,{'JAM'},{'JAM_STAND_STILL_TRAFFIC'},58,{2},5.0
2e698ef7,2e698ef74,2020-11-18,17,{'JAM'},{'JAM_HEAVY_TRAFFIC'},16,{2},5.0
2e698ef7,2e698ef7c,2020-09-12,11,{'JAM'},{'JAM_STAND_STILL_TRAFFIC'},60,{2},6.0
2e698ef7,2e698ef7c,2020-10-16,16,{'WEATHERHAZARD'},{'HAZARD_ON_ROAD_CAR_STOPPED'},62,{2},5.0
2e698efb,2e698efbc,2020-09-01,14,{'JAM'},{'JAM'},54,{1},5.0
2e698efd,2e698efdc,2020-09-12,9,{'WEATHERHAZARD'},{'HAZARD_ON_ROAD_CONSTRUCTION'},228,{1},5.447368421052632
2e698f01,2e698f00c,2020-09-04,16,{'JAM'},{'JAM_HEAVY_TRAFFIC'},29,{2},5.0
2e698f01,2e698f00c,2020-09-27,15,{'JAM'},{'JAM_STAND_STILL_TRAFFIC'},30,{2},5.0
2e698f01,2e698f00c,2020-09-27,20,{'JAM'},{'JAM_HEAVY_TRAFFIC'},32,{2},5.0
2e698f01,2e698f00c,2020-10-02,19,{'JAM'},{'JAM_STAND_STILL_TRAFFIC'},31,{2},5.0
2e698f01,2e698f00c,2020-10-03,10,{'JAM'},{'JAM_STAND_STILL_TRAFFIC'},32,{2},5.0
2e698f01,2e698f00c,2020-10-11,11,{'JAM'},{'JAM_HEAVY_TRAFFIC'},29,{2},6.0
2e698f01,2e698f00c,2020-10-11,13,{'JAM'},{'JAM_HEAVY_TRAFFIC'},32,{2},5.0
2e698f01,2e698f00c,2020-10-14,17,{'JAM'},{'JAM_MODERATE_TRAFFIC'},32,{2},5.0
2e698f01,2e698f00c,2020-10-16,16,{'JAM'},{'JAM_MODERATE_TRAFFIC'},30,{2},5.866666666666666
2e698f01,2e698f00c,2020-10-31,11,{'JAM'},{'JAM_MODERATE_TRAFFIC'},30,{2},5.0
2e698f01,2e698f00c,2020-11-07,19,{'JAM'},{'JAM_MODERATE_TRAFFIC'},32,{2},5.0
2e698f01,2e698f00c,2020-11-07,21,{'JAM'},{'JAM_STAND_STILL_TRAFFIC'},32,{2},5.0
2e698f01,2e698f00c,2020-11-14,13,{'JAM'},{'JAM_MODERATE_TRAFFIC'},26,{2},5.0
2e698f01,2e698f00c,2020-11-19,16,{'JAM'},{'JAM_MODERATE_TRAFFIC'},30,{2},5.0
2e698f01,2e698f00c,2020-11-21,18,{'JAM'},{'JAM_HEAVY_TRAFFIC'},34,{2},5.0
2e698f03,2e698f02c,2020-09-20,18,{'JAM'},{'JAM_MODERATE_TRAFFIC'},33,{1},5.0
2e698f05,2e698f044,2020-09-26,15,{'JAM'},{'JAM_HEAVY_TRAFFIC'},31,{2},5.548387096774194
2e698f05,2e698f044,2020-10-03,10,{'JAM'},{'JAM_MODERATE_TRAFFIC'},30,{2},5.0
2e698f05,2e698f044,2020-11-01,21,{'JAM'},{'JAM_STAND_STILL_TRAFFIC'},33,{2},5.0
2e698f05,2e698f05c,2020-09-12,9,{'JAM'},{'JAM_MODERATE_TRAFFIC'},34,{2},5.0
2e698f05,2e698f05c,2020-09-27,12,{'JAM'},{'JAM'},31,{2},5.0
2e698f05,2e698f05c,2020-09-28,17,{'JAM'},{'JAM_STAND_STILL_TRAFFIC'},67,{2},5.970149253731344
2e698f05,2e698f05c,2020-10-04,16,{'JAM'},{'JAM_MODERATE_TRAFFIC'},30,{2},5.0
2e698f05,2e698f05c,2020-10-28,17,{'JAM'},{'JAM_STAND_STILL_TRAFFIC'},31,{2},5.0
2e698f05,2e698f05c,2020-10-28,18,{'JAM'},{'JAM_STAND_STILL_TRAFFIC'},32,{2},5.0
2e698f05,2e698f05c,2020-11-01,18,{'ACCIDENT'},{'ACCIDENT_MAJOR'},121,{1},5.0
2e698f05,2e698f05c,2020-11-06,17,{'JAM'},{'JAM_STAND_STILL_TRAFFIC'},14,{2},5.0
2e698f05,2e698f05c,2020-11-15,17,{'JAM'},{'JAM_STAND_STILL_TRAFFIC'},15,{2},5.0
2e698f05,2e698f05c,2020-11-19,11,{'JAM'},{'JAM_STAND_STILL_TRAFFIC'},31,{2},5.0
2e698f07,2e698f064,2020-09-12,16,{'JAM'},{'JAM_STAND_STILL_TRAFFIC'},7,{2},5.0
2e698f07,2e698f064,2020-10-06,16,{'JAM'},{'JAM_HEAVY_TRAFFIC'},32,{2},5.0
2e698f07,2e698f064,2020-10-11,13,{'JAM'},{'JAM_HEAVY_TRAFFIC'},30,{2},5.0
2e698f07,2e698f064,2020-10-28,18,{'JAM'},{'JAM_HEAVY_TRAFFIC'},32,{2},5.0
2e698f07,2e698f064,2020-11-07,10,{'JAM'},"{'JAM_STAND_STILL_TRAFFIC', 'JAM_HEAVY_TRAFFIC'}",72,{2},9.208333333333334
2e698f07,2e698f06c,2020-09-12,9,{'JAM'},{'JAM_MODERATE_TRAFFIC'},31,{2},5.0
2e698f07,2e698f06c,2020-09-27,15,{'JAM'},{'JAM_HEAVY_TRAFFIC'},30,{2},5.0
2e698f07,2e698f06c,2020-10-02,16,{'JAM'},{'JAM_HEAVY_TRAFFIC'},34,{2},5.0
2e698f07,2e698f06c,2020-10-04,20,{'JAM'},{'JAM_HEAVY_TRAFFIC'},30,{2},5.0
2e698f07,2e698f06c,2020-10-05,18,{'JAM'},{'JAM_STAND_STILL_TRAFFIC'},32,{2},5.0
2e698f07,2e698f06c,2020-10-09,7,{'JAM'},{'JAM_STAND_STILL_TRAFFIC'},30,{2},5.0
2e698f07,2e698f06c,2020-10-10,13,{'JAM'},{'JAM_HEAVY_TRAFFIC'},31,{2},5.0
2e698f07,2e698f06c,2020-10-10,14,{'JAM'},"{'JAM_STAND_STILL_TRAFFIC', 'JAM_HEAVY_TRAFFIC'}",93,{2},5.645161290322581
2e698f07,2e698f06c,2020-10-11,11,{'JAM'},{'JAM_HEAVY_TRAFFIC'},60,{2},5.0
2e698f07,2e698f06c,2020-10-11,13,"{'JAM', 'WEATHERHAZARD'}","{'JAM_STAND_STILL_TRAFFIC', 'HAZARD_ON_ROAD_ROAD_KILL'}",60,{2},5.733333333333333
2e698f07,2e698f06c,2020-10-18,10,{'JAM'},{'JAM_STAND_STILL_TRAFFIC'},59,{2},5.0
2e698f07,2e698f06c,2020-10-18,11,{'JAM'},{'JAM_STAND_STILL_TRAFFIC'},30,{2},5.0
2e698f07,2e698f06c,2020-10-18,17,{'JAM'},{'JAM_STAND_STILL_TRAFFIC'},30,{2},5.0
2e698f07,2e698f06c,2020-10-18,19,{'JAM'},{'JAM_MODERATE_TRAFFIC'},63,{2},5.0
2e698f07,2e698f06c,2020-10-23,6,{'JAM'},{'JAM_MODERATE_TRAFFIC'},30,{2},5.0
2e698f07,2e698f06c,2020-10-24,13,{'JAM'},{'JAM_STAND_STILL_TRAFFIC'},30,{2},5.0
2e698f07,2e698f06c,2020-10-25,11,{'JAM'},{'JAM_HEAVY_TRAFFIC'},31,{2},5.0
2e698f07,2e698f06c,2020-10-25,14,{'JAM'},{'JAM_MODERATE_TRAFFIC'},31,{2},5.0
2e698f07,2e698f06c,2020-10-25,15,{'JAM'},{'JAM_STAND_STILL_TRAFFIC'},25,{2},5.0
2e698f07,2e698f06c,2020-10-25,19,{'JAM'},{'JAM_STAND_STILL_TRAFFIC'},18,{2},5.0
2e698f07,2e698f06c,2020-10-26,11,{'JAM'},{'JAM_HEAVY_TRAFFIC'},30,{2},6.0
2e698f07,2e698f06c,2020-10-26,17,{'JAM'},{'JAM_HEAVY_TRAFFIC'},35,{2},5.0
2e698f07,2e698f06c,2020-10-28,17,{'JAM'},{'JAM_STAND_STILL_TRAFFIC'},31,{2},5.0
2e698f07,2e698f06c,2020-10-29,11,{'JAM'},{'JAM_HEAVY_TRAFFIC'},30,{2},5.8
2e698f07,2e698f06c,2020-10-31,11,{'JAM'},{'JAM_STAND_STILL_TRAFFIC'},30,{2},5.0
2e698f07,2e698f06c,2020-11-01,12,{'JAM'},{'JAM'},60,{2},5.0
2e698f07,2e698f06c,2020-11-01,13,{'JAM'},{'JAM_STAND_STILL_TRAFFIC'},61,{2},6.459016393442623
2e698f07,2e698f06c,2020-11-03,19,{'JAM'},{'JAM_STAND_STILL_TRAFFIC'},32,{2},5.0
2e698f07,2e698f06c,2020-11-07,11,{'JAM'},{'JAM_HEAVY_TRAFFIC'},33,{2},5.0
2e698f07,2e698f06c,2020-11-07,19,{'JAM'},{'JAM_MODERATE_TRAFFIC'},64,{2},5.0
2e698f07,2e698f06c,2020-11-07,21,{'JAM'},{'JAM_STAND_STILL_TRAFFIC'},23,{2},5.0
2e698f07,2e698f06c,2020-11-11,19,{'JAM'},{'JAM_STAND_STILL_TRAFFIC'},34,{2},5.676470588235294
2e698f07,2e698f06c,2020-11-14,10,{'JAM'},{'JAM_HEAVY_TRAFFIC'},30,{2},5.0
2e698f07,2e698f06c,2020-11-22,11,{'JAM'},"{'JAM_STAND_STILL_TRAFFIC', 'JAM_HEAVY_TRAFFIC'}",96,{2},5.0
2e698f07,2e698f074,2020-09-03,14,{'JAM'},{'JAM_STAND_STILL_TRAFFIC'},22,{2},5.0
2e698f07,2e698f074,2020-09-04,16,{'JAM'},{'JAM_HEAVY_TRAFFIC'},31,{2},5.0
2e698f07,2e698f074,2020-09-12,9,{'JAM'},{'JAM_MODERATE_TRAFFIC'},33,{2},5.0
2e698f07,2e698f074,2020-10-03,10,{'JAM'},{'JAM_STAND_STILL_TRAFFIC'},31,{2},5.0
2e698f07,2e698f074,2020-10-03,14,{'JAM'},{'JAM_HEAVY_TRAFFIC'},31,{2},5.0
2e698f07,2e698f074,2020-10-03,20,{'JAM'},{'JAM_HEAVY_TRAFFIC'},32,{2},5.0
2e698f07,2e698f074,2020-10-10,14,{'JAM'},"{'JAM_MODERATE_TRAFFIC', 'JAM_HEAVY_TRAFFIC'}",95,{2},5.315789473684211
2e698f07,2e698f074,2020-10-11,11,{'JAM'},{'JAM_HEAVY_TRAFFIC'},32,{2},5.0
2e698f07,2e698f074,2020-10-11,13,{'JAM'},{'JAM_HEAVY_TRAFFIC'},32,{2},5.6875
2e698f07,2e698f074,2020-10-18,10,{'JAM'},{'JAM_STAND_STILL_TRAFFIC'},31,{2},5.935483870967742
2e698f07,2e698f074,2020-10-25,13,{'JAM'},{'JAM_STAND_STILL_TRAFFIC'},37,{2},5.0
2e698f07,2e698f074,2020-10-29,10,{'JAM'},{'JAM_HEAVY_TRAFFIC'},31,{2},5.0
2e698f07,2e698f074,2020-10-29,11,{'JAM'},{'JAM_HEAVY_TRAFFIC'},31,{2},5.0
2e698f07,2e698f074,2020-10-29,13,{'JAM'},{'JAM_MODERATE_TRAFFIC'},33,{2},5.0
2e698f07,2e698f074,2020-10-31,11,{'JAM'},"{'JAM_STAND_STILL_TRAFFIC', 'JAM_HEAVY_TRAFFIC'}",61,{2},5.0
2e698f07,2e698f074,2020-11-07,11,{'JAM'},{'JAM_HEAVY_TRAFFIC'},30,{2},5.566666666666666
2e698f07,2e698f074,2020-11-07,14,{'JAM'},{'JAM_HEAVY_TRAFFIC'},20,{2},5.3
2e698f07,2e698f074,2020-11-09,15,{'JAM'},{'JAM_HEAVY_TRAFFIC'},31,{2},5.0
2e698f07,2e698f074,2020-11-14,13,{'JAM'},{'JAM_HEAVY_TRAFFIC'},26,{2},5.0
2e698f07,2e698f074,2020-11-19,16,{'JAM'},{'JAM_STAND_STILL_TRAFFIC'},31,{2},6.903225806451613
2e698f09,2e698f09c,2020-09-26,19,{'ACCIDENT'},{'ACCIDENT'},120,{1},6.0
2e698f09,2e698f09c,2020-10-18,16,{'ACCIDENT'},{'ACCIDENT'},121,{1},5.975206611570248
2e698f0b,2e698f0bc,2020-09-09,7,{'JAM'},{'JAM_STAND_STILL_TRAFFIC'},30,{1},5.0
2e698f0b,2e698f0bc,2020-10-25,6,{'JAM'},{'JAM'},79,{1},5.0
2e698f0d,2e698f0c4,2020-10-08,20,"{'JAM', 'WEATHERHAZARD'}","{'WEATHERHAZARD', 'JAM_STAND_STILL_TRAFFIC'}",62,{1},5.0
2e698f0f,2e698f0f4,2020-09-13,17,{'JAM'},{'JAM_HEAVY_TRAFFIC'},31,{2},5.0
2e698f0f,2e698f0f4,2020-10-10,15,{'JAM'},{'JAM_HEAVY_TRAFFIC'},32,{2},5.0
2e698f0f,2e698f0f4,2020-10-24,20,{'JAM'},{'JAM_STAND_STILL_TRAFFIC'},30,{2},5.0
2e698f0f,2e698f0f4,2020-10-28,18,{'JAM'},{'JAM_HEAVY_TRAFFIC'},33,{2},5.0
2e698f0f,2e698f0f4,2020-10-29,17,{'JAM'},{'JAM_HEAVY_TRAFFIC'},33,{2},5.0
2e698f0f,2e698f0f4,2020-11-14,10,{'JAM'},{'JAM'},30,{2},5.0
2e698f0f,2e698f0f4,2020-11-21,10,{'JAM'},{'JAM_HEAVY_TRAFFIC'},30,{2},5.866666666666666
2e698f0f,2e698f0f4,2020-11-22,16,{'JAM'},{'JAM_HEAVY_TRAFFIC'},32,{2},5.0
2e698f0f,2e698f0fc,2020-10-26,11,{'JAM'},{'JAM_HEAVY_TRAFFIC'},30,{2},5.0
2e698f0f,2e698f0fc,2020-10-29,10,{'JAM'},{'JAM_HEAVY_TRAFFIC'},32,{2},5.0
2e698f0f,2e698f0fc,2020-11-14,19,{'JAM'},{'JAM_HEAVY_TRAFFIC'},33,{2},5.0
2e698f0f,2e698f0fc,2020-11-21,10,{'JAM'},{'JAM_MODERATE_TRAFFIC'},31,{2},5.0
2e698f11,2e698f104,2020-10-16,21,{'JAM'},{'JAM'},11,{1},5.0
2e698f11,2e698f11c,2020-10-31,13,{'JAM'},{'JAM_STAND_STILL_TRAFFIC'},31,{2},5.0
2e698f13,2e698f124,2020-09-04,22,{'JAM'},{'JAM_HEAVY_TRAFFIC'},31,{1},5.0
2e698f13,2e698f13c,2020-10-11,16,{'JAM'},{'JAM_HEAVY_TRAFFIC'},20,{2},5.0
2e698f13,2e698f13c,2020-11-07,11,{'JAM'},{'JAM_STAND_STILL_TRAFFIC'},32,{2},5.0
2e698f15,2e698f144,2020-09-13,17,"{'JAM', 'ACCIDENT'}","{'JAM', 'ACCIDENT'}",154,{1},5.0
2e698f15,2e698f154,2020-10-27,9,{'JAM'},{'JAM'},32,{1},5.0
2e698f17,2e698f174,2020-11-01,21,{'JAM'},{'JAM'},31,{1},5.0
2e698f19,2e698f18c,2020-11-10,15,{'WEATHERHAZARD'},{'WEATHERHAZARD'},31,{1},5.0
2e698f1f,2e698f1ec,2020-10-07,23,{'JAM'},{'JAM'},34,{1},5.0
2e698f1f,2e698f1fc,2020-10-07,23,{'JAM'},{'JAM_MODERATE_TRAFFIC'},32,{1},5.0
2e698f25,2e698f244,2020-10-24,13,{'JAM'},{'JAM'},30,{1},5.0
2e698f25,2e698f25c,2020-09-09,11,{'JAM'},{'JAM_STAND_STILL_TRAFFIC'},31,{1},5.0
2e698f2d,2e698f2c4,2020-09-04,5,{'JAM'},{'JAM_STAND_STILL_TRAFFIC'},30,{1},5.0
2e698f37,2e698f37c,2020-11-08,10,{'JAM'},{'JAM'},33,{1},5.0
2e698f39,2e698f384,2020-11-08,12,{'ACCIDENT'},{'ACCIDENT_MAJOR'},120,{1},5.0
2e698f3b,2e698f3ac,2020-09-01,9,{'JAM'},{'JAM'},30,{1},5.0
2e698f3d,2e698f3cc,2020-11-15,15,{'JAM'},{'JAM_HEAVY_TRAFFIC'},6,{2},5.0
2e698f3d,2e698f3d4,2020-10-15,13,{'JAM'},{'JAM'},30,{1},5.0
2e698f41,2e698f404,2020-10-27,9,{'JAM'},{'JAM'},30,{1},5.0
2e698f41,2e698f40c,2020-09-05,9,{'JAM'},{'JAM_MODERATE_TRAFFIC'},19,{1},5.0
2e698f45,2e698f44c,2020-09-30,18,{'WEATHERHAZARD'},{'HAZARD_ON_ROAD_POT_HOLE'},3971,{2},9.19743137748678
2e698f45,2e698f44c,2020-10-10,14,{'JAM'},{'JAM'},5,{2},5.0
2e698f45,2e698f454,2020-09-30,18,{'WEATHERHAZARD'},{'HAZARD_ON_ROAD_POT_HOLE'},8312,{2},7.4481472569778635
2e698f45,2e698f454,2020-10-18,17,{'JAM'},{'JAM_STAND_STILL_TRAFFIC'},30,{2},5.0
2e698f47,2e698f464,2020-11-20,21,{'JAM'},{'JAM_MODERATE_TRAFFIC'},31,{1},5.0
2e698f47,2e698f474,2020-10-27,9,{'JAM'},{'JAM'},32,{1},5.0
2e698f4d,2e698f4c4,2020-09-16,2,{'JAM'},{'JAM'},31,{2},5.935483870967742
2e698f5d,2e698f5cc,2020-09-12,9,{'WEATHERHAZARD'},{'HAZARD_ON_ROAD_POT_HOLE'},1695,{2},5.748672566371681
2e698f5d,2e698f5cc,2020-09-22,20,{'WEATHERHAZARD'},{'HAZARD_ON_SHOULDER_MISSING_SIGN'},30,{2},5.0
2e698f5d,2e698f5cc,2020-11-14,14,{'WEATHERHAZARD'},{'HAZARD_ON_ROAD_POT_HOLE'},1231,{2},5.982940698619009
2e698f5d,2e698f5d4,2020-11-21,19,{'JAM'},{'JAM_STAND_STILL_TRAFFIC'},25,{1},5.0
2e698f65,2e698f644,2020-11-04,6,{'JAM'},{'JAM_MODERATE_TRAFFIC'},32,{1},5.0
2e698f65,2e698f654,2020-09-06,13,{'JAM'},{'JAM'},8,{2},5.0
2e698f65,2e698f654,2020-10-17,17,{'JAM'},{'JAM'},31,{2},5.0
2e698f65,2e698f654,2020-10-31,11,{'JAM'},{'JAM_HEAVY_TRAFFIC'},31,{2},5.0
2e698f65,2e698f65c,2020-10-24,10,{'JAM'},{'JAM'},31,{1},5.0
2e698f67,2e698f674,2020-11-17,9,{'WEATHERHAZARD'},{'HAZARD_ON_ROAD_CONSTRUCTION'},781,{2},5.820742637644046
2e698f69,2e698f68c,2020-10-30,15,{'JAM'},{'JAM'},31,{1},5.0
2e698f6b,2e698f6bc,2020-09-02,9,{'JAM'},{'JAM_MODERATE_TRAFFIC'},31,{2},5.0
2e698f6b,2e698f6bc,2020-10-18,17,{'JAM'},{'JAM_STAND_STILL_TRAFFIC'},63,{2},6.380952380952381
2e698f6d,2e698f6c4,2020-09-13,17,{'JAM'},{'JAM_MODERATE_TRAFFIC'},33,{2},5.0
2e698f6d,2e698f6c4,2020-09-26,17,{'JAM'},{'JAM_STAND_STILL_TRAFFIC'},30,{2},5.0
2e698f6d,2e698f6c4,2020-10-03,17,{'JAM'},{'JAM_STAND_STILL_TRAFFIC'},32,{2},5.0
2e698f6d,2e698f6c4,2020-10-24,10,{'JAM'},{'JAM_STAND_STILL_TRAFFIC'},30,{2},5.0
2e698f6d,2e698f6c4,2020-11-15,11,{'JAM'},{'JAM'},5,{2},5.0
2e698f6d,2e698f6c4,2020-11-15,19,{'JAM'},{'JAM_STAND_STILL_TRAFFIC'},31,{2},5.0
2e698f6d,2e698f6cc,2020-10-23,14,{'WEATHERHAZARD'},{'HAZARD_ON_SHOULDER_MISSING_SIGN'},30,{2},5.0
2e698f6d,2e698f6d4,2020-10-24,10,{'JAM'},{'JAM_STAND_STILL_TRAFFIC'},30,{2},5.0
2e698f71,2e698f704,2020-09-06,21,"{'WEATHERHAZARD', 'ACCIDENT'}","{'WEATHERHAZARD', 'ACCIDENT'}",102,{2},5.0
2e698f71,2e698f704,2020-11-01,15,{'JAM'},{'JAM_STAND_STILL_TRAFFIC'},30,{2},5.0
2e698f71,2e698f704,2020-11-07,12,{'JAM'},{'JAM_STAND_STILL_TRAFFIC'},31,{2},5.0
2e698f71,2e698f70c,2020-09-15,15,{'JAM'},{'JAM_STAND_STILL_TRAFFIC'},31,{2},5.0
2e698f71,2e698f70c,2020-09-19,9,{'JAM'},{'JAM_HEAVY_TRAFFIC'},31,{2},5.0
2e698f71,2e698f70c,2020-11-20,20,{'JAM'},{'JAM_STAND_STILL_TRAFFIC'},31,{2},5.0
2e698f75,2e698f74c,2020-11-04,22,{'JAM'},{'JAM'},31,{2},5.0
2e698f75,2e698f754,2020-11-07,18,{'JAM'},"{'JAM_STAND_STILL_TRAFFIC', 'JAM_HEAVY_TRAFFIC'}",63,{2},5.0
2e698f77,2e698f764,2020-09-21,17,{'JAM'},{'JAM'},31,{1},5.0
2e698f77,2e698f764,2020-10-01,20,{'JAM'},{'JAM'},31,{1},5.0
2e698f77,2e698f77c,2020-10-01,19,{'JAM'},{'JAM_STAND_STILL_TRAFFIC'},30,{2},5.933333333333334
2e698f7f,2e698f7e4,2020-11-09,9,{'JAM'},{'JAM'},32,{1},5.0
2e698f81,2e698f804,2020-10-27,9,{'JAM'},{'JAM'},22,{2},5.0
2e698f83,2e698f82c,2020-09-30,10,{'JAM'},{'JAM'},32,{1},5.0
2e698f83,2e698f82c,2020-10-30,10,{'JAM'},{'JAM_MODERATE_TRAFFIC'},30,{1},5.0
2e698f83,2e698f834,2020-11-14,13,{'JAM'},{'JAM'},27,{1},5.0
2e698f83,2e698f83c,2020-09-29,14,{'JAM'},{'JAM_MODERATE_TRAFFIC'},31,{1},5.0
2e698f89,2e698f884,2020-09-02,18,{'JAM'},{'JAM_STAND_STILL_TRAFFIC'},29,{2},5.931034482758621
2e698f89,2e698f884,2020-09-12,16,{'JAM'},{'JAM_STAND_STILL_TRAFFIC'},31,{2},5.0
2e698f89,2e698f884,2020-10-07,12,{'JAM'},{'JAM_STAND_STILL_TRAFFIC'},31,{2},6.838709677419355
2e698f89,2e698f884,2020-10-09,5,{'WEATHERHAZARD'},{'HAZARD_WEATHER_FLOOD'},33,{2},5.0
2e698f89,2e698f884,2020-10-15,17,{'JAM'},{'JAM_HEAVY_TRAFFIC'},34,{2},5.0
2e698f89,2e698f884,2020-10-18,17,{'JAM'},{'JAM_STAND_STILL_TRAFFIC'},31,{2},5.0
2e698f89,2e698f884,2020-10-23,17,{'JAM'},{'JAM_MODERATE_TRAFFIC'},31,{2},5.0
2e698f89,2e698f884,2020-10-26,16,{'WEATHERHAZARD'},{'HAZARD_WEATHER_FLOOD'},40,{2},5.375
2e698f89,2e698f884,2020-10-26,17,{'WEATHERHAZARD'},{'HAZARD_WEATHER_FLOOD'},30,{2},5.0
2e698f89,2e698f88c,2020-09-02,19,{'JAM'},{'JAM'},32,{1},5.0
2e698f89,2e698f89c,2020-10-13,16,{'ACCIDENT'},{'ACCIDENT_MINOR'},123,{1},5.0
2e698f89,2e698f89c,2020-10-15,17,{'JAM'},{'JAM_STAND_STILL_TRAFFIC'},31,{2},5.0
2e698f89,2e698f89c,2020-10-27,18,{'JAM'},{'JAM_HEAVY_TRAFFIC'},31,{2},5.0
2e698f89,2e698f89c,2020-11-02,17,{'JAM'},{'JAM_STAND_STILL_TRAFFIC'},34,{2},5.970588235294118
2e698f8b,2e698f8ac,2020-10-27,19,{'JAM'},{'JAM_STAND_STILL_TRAFFIC'},32,{2},5.0
2e698f8b,2e698f8bc,2020-10-09,5,{'WEATHERHAZARD'},{'HAZARD_WEATHER_FLOOD'},30,{2},5.0
2e698f8b,2e698f8bc,2020-10-23,18,{'WEATHERHAZARD'},{'HAZARD_WEATHER_FLOOD'},32,{2},5.0
2e698f8b,2e698f8bc,2020-10-24,15,{'WEATHERHAZARD'},{'HAZARD_ON_ROAD_ROAD_KILL'},62,{2},5.032258064516129
2e698f8b,2e698f8bc,2020-10-26,16,"{'JAM', 'WEATHERHAZARD'}","{'HAZARD_WEATHER_FLOOD', 'JAM_MODERATE_TRAFFIC'}",66,{2},5.0
2e698f8b,2e698f8bc,2020-10-26,17,{'WEATHERHAZARD'},{'HAZARD_WEATHER_FLOOD'},31,{2},5.0
2e698f8d,2e698f8cc,2020-10-28,20,{'JAM'},{'JAM_STAND_STILL_TRAFFIC'},31,{22},5.0
2e698f8f,2e698f8f4,2020-10-08,20,{'JAM'},{'JAM_STAND_STILL_TRAFFIC'},32,{1},5.0
2e698f91,2e698f90c,2020-09-01,9,{'JAM'},{'JAM_HEAVY_TRAFFIC'},21,{2},5.0
2e698f91,2e698f90c,2020-09-05,8,{'JAM'},{'JAM_STAND_STILL_TRAFFIC'},5,{2},5.0
2e698f91,2e698f90c,2020-09-17,16,{'JAM'},{'JAM_HEAVY_TRAFFIC'},26,{2},5.0
2e698f91,2e698f90c,2020-09-17,17,{'JAM'},{'JAM_STAND_STILL_TRAFFIC'},31,{2},5.0
2e698f91,2e698f90c,2020-10-10,20,{'JAM'},{'JAM_STAND_STILL_TRAFFIC'},30,{2},5.0
2e698f91,2e698f90c,2020-10-27,18,{'JAM'},{'JAM_STAND_STILL_TRAFFIC'},31,{2},5.0
2e698f91,2e698f90c,2020-10-30,12,{'JAM'},{'JAM_STAND_STILL_TRAFFIC'},30,{2},5.0
2e698f91,2e698f90c,2020-10-31,7,{'JAM'},"{'JAM_STAND_STILL_TRAFFIC', 'JAM_HEAVY_TRAFFIC'}",66,{2},5.4393939393939394
2e698f91,2e698f90c,2020-10-31,17,{'JAM'},{'JAM_STAND_STILL_TRAFFIC'},33,{2},6.9393939393939394
2e698f91,2e698f90c,2020-11-11,20,{'JAM'},{'JAM_STAND_STILL_TRAFFIC'},28,{2},5.0
2e698f91,2e698f90c,2020-11-15,17,{'JAM'},{'JAM_HEAVY_TRAFFIC'},29,{2},5.0
2e698f91,2e698f90c,2020-11-16,13,{'JAM'},{'JAM_STAND_STILL_TRAFFIC'},37,{2},5.0
2e698f91,2e698f90c,2020-11-20,20,{'JAM'},{'JAM_STAND_STILL_TRAFFIC'},32,{2},5.5
2e698f93,2e698f92c,2020-09-24,17,{'JAM'},{'JAM_HEAVY_TRAFFIC'},37,{6},5.4324324324324325
2e698f93,2e698f92c,2020-10-08,16,{'JAM'},{'JAM_STAND_STILL_TRAFFIC'},31,{6},5.0
2e698f93,2e698f92c,2020-10-08,18,{'JAM'},{'JAM_STAND_STILL_TRAFFIC'},30,{6},5.0
2e698f93,2e698f934,2020-09-08,19,{'JAM'},{'JAM_STAND_STILL_TRAFFIC'},31,{6},5.0
2e698f93,2e698f934,2020-09-11,1,{'JAM'},{'JAM'},30,{6},5.0
2e698f93,2e698f934,2020-09-13,11,{'JAM'},{'JAM'},11,{6},5.0
2e698f93,2e698f934,2020-09-13,20,{'WEATHERHAZARD'},{'WEATHERHAZARD'},42,{6},5.642857142857143
2e698f93,2e698f934,2020-09-24,7,{'JAM'},{'JAM'},30,{6},5.0
2e698f93,2e698f934,2020-09-24,17,{'JAM'},{'JAM_STAND_STILL_TRAFFIC'},7,{6},5.0
2e698f93,2e698f934,2020-10-05,17,{'JAM'},{'JAM_STAND_STILL_TRAFFIC'},30,{6},5.0
2e698f93,2e698f934,2020-10-08,16,{'JAM'},{'JAM_STAND_STILL_TRAFFIC'},30,{6},5.0
2e698f93,2e698f934,2020-10-08,18,{'JAM'},{'JAM_STAND_STILL_TRAFFIC'},30,{6},5.5
2e698f93,2e698f934,2020-10-08,19,{'JAM'},{'JAM_STAND_STILL_TRAFFIC'},31,{6},5.612903225806452
2e698f93,2e698f934,2020-10-14,18,{'JAM'},{'JAM_STAND_STILL_TRAFFIC'},30,{6},5.0
2e698f93,2e698f934,2020-10-15,15,{'JAM'},{'JAM'},17,{6},6.0
2e698f93,2e698f934,2020-10-15,18,{'JAM'},{'JAM_HEAVY_TRAFFIC'},36,{6},6.416666666666667
2e698f93,2e698f934,2020-10-19,18,{'JAM'},{'JAM_STAND_STILL_TRAFFIC'},25,{6},6.0
2e698f93,2e698f934,2020-10-23,19,{'JAM'},{'JAM_MODERATE_TRAFFIC'},32,{6},5.0
2e698f93,2e698f934,2020-10-26,19,{'JAM'},{'JAM_STAND_STILL_TRAFFIC'},31,{6},5.0
2e698f93,2e698f934,2020-10-26,20,{'JAM'},{'JAM_STAND_STILL_TRAFFIC'},34,{6},5.0
2e698f93,2e698f934,2020-10-28,10,{'JAM'},{'JAM'},15,{6},5.0
2e698f93,2e698f934,2020-10-31,20,{'JAM'},{'JAM_HEAVY_TRAFFIC'},31,{6},5.0
2e698f93,2e698f934,2020-11-03,18,{'JAM'},{'JAM_MODERATE_TRAFFIC'},16,{6},5.0
2e698f93,2e698f934,2020-11-10,19,{'WEATHERHAZARD'},{'HAZARD_ON_ROAD_CAR_STOPPED'},31,{6},8.0
2e698f95,2e698f944,2020-09-13,11,{'JAM'},{'JAM'},8,{2},5.0
2e698f95,2e698f944,2020-09-17,13,{'JAM'},{'JAM_STAND_STILL_TRAFFIC'},32,{2},5.0
2e698f95,2e698f944,2020-09-17,17,{'JAM'},{'JAM_STAND_STILL_TRAFFIC'},13,{2},6.0
2e698f95,2e698f944,2020-09-17,18,{'JAM'},{'JAM_STAND_STILL_TRAFFIC'},34,{6},5.0
2e698f95,2e698f944,2020-09-21,19,{'JAM'},{'JAM_HEAVY_TRAFFIC'},32,{2},5.0
2e698f95,2e698f944,2020-09-24,19,{'JAM'},{'JAM_HEAVY_TRAFFIC'},8,{6},5.0
2e698f95,2e698f944,2020-09-28,16,{'JAM'},{'JAM_MODERATE_TRAFFIC'},31,{2},5.0
2e698f95,2e698f944,2020-09-29,10,{'JAM'},{'JAM'},34,{22},5.0
2e698f95,2e698f944,2020-10-05,17,{'JAM'},"{'JAM_MODERATE_TRAFFIC', 'JAM_HEAVY_TRAFFIC'}",37,"{2, 6}",6.648648648648648
2e698f95,2e698f944,2020-10-07,17,{'JAM'},{'JAM_HEAVY_TRAFFIC'},66,"{2, 6}",5.7272727272727275
2e698f95,2e698f944,2020-10-08,17,{'JAM'},{'JAM_STAND_STILL_TRAFFIC'},60,"{2, 6}",5.45
2e698f95,2e698f944,2020-10-11,13,{'JAM'},{'JAM'},30,{2},5.0
2e698f95,2e698f944,2020-10-17,17,{'JAM'},{'JAM_STAND_STILL_TRAFFIC'},30,{2},5.0
2e698f95,2e698f944,2020-10-19,18,{'JAM'},{'JAM_STAND_STILL_TRAFFIC'},31,{6},5.0
2e698f95,2e698f944,2020-10-23,17,{'JAM'},{'JAM_HEAVY_TRAFFIC'},31,{2},5.0
2e698f95,2e698f944,2020-10-25,15,{'JAM'},{'JAM_STAND_STILL_TRAFFIC'},31,{2},5.0
2e698f95,2e698f944,2020-10-28,18,{'JAM'},{'JAM_STAND_STILL_TRAFFIC'},7,{2},5.0
2e698f95,2e698f944,2020-10-31,17,{'JAM'},{'JAM_STAND_STILL_TRAFFIC'},31,{2},5.0
2e698f95,2e698f944,2020-11-01,19,{'JAM'},"{'JAM_MODERATE_TRAFFIC', 'JAM_HEAVY_TRAFFIC'}",63,{2},5.0
2e698f95,2e698f944,2020-11-02,9,{'JAM'},{'JAM_STAND_STILL_TRAFFIC'},30,{2},5.0
2e698f95,2e698f944,2020-11-04,17,{'JAM'},{'JAM_STAND_STILL_TRAFFIC'},31,{2},5.0
2e698f95,2e698f944,2020-11-04,21,{'JAM'},{'JAM_STAND_STILL_TRAFFIC'},30,{2},5.0
2e698f95,2e698f944,2020-11-15,17,{'JAM'},{'JAM_STAND_STILL_TRAFFIC'},31,{2},5.0
2e698f95,2e698f944,2020-11-15,21,{'JAM'},{'JAM_STAND_STILL_TRAFFIC'},17,{6},5.9411764705882355
2e698f95,2e698f944,2020-11-22,15,{'JAM'},{'JAM_STAND_STILL_TRAFFIC'},32,{2},5.0
2e698f95,2e698f94c,2020-09-05,18,{'JAM'},{'JAM_MODERATE_TRAFFIC'},7,{6},5.0
2e698f95,2e698f94c,2020-09-09,17,{'JAM'},{'JAM_HEAVY_TRAFFIC'},11,{6},5.0
2e698f95,2e698f94c,2020-09-10,19,{'JAM'},{'JAM_HEAVY_TRAFFIC'},32,{6},8.0
2e698f95,2e698f94c,2020-09-17,18,{'JAM'},{'JAM_STAND_STILL_TRAFFIC'},20,{6},5.15
2e698f95,2e698f94c,2020-09-24,7,{'JAM'},{'JAM_HEAVY_TRAFFIC'},37,{6},6.054054054054054
2e698f95,2e698f94c,2020-09-24,17,{'JAM'},{'JAM_STAND_STILL_TRAFFIC'},42,{6},5.404761904761905
2e698f95,2e698f94c,2020-09-26,17,{'JAM'},{'JAM_STAND_STILL_TRAFFIC'},29,{6},5.931034482758621
2e698f95,2e698f94c,2020-10-05,17,{'JAM'},{'JAM_HEAVY_TRAFFIC'},32,{6},5.59375
2e698f95,2e698f94c,2020-10-08,18,{'JAM'},{'JAM_STAND_STILL_TRAFFIC'},72,{6},5.847222222222222
2e698f95,2e698f94c,2020-10-09,15,{'JAM'},{'JAM_MODERATE_TRAFFIC'},30,{6},5.766666666666667
2e698f95,2e698f94c,2020-10-14,18,{'JAM'},{'JAM_STAND_STILL_TRAFFIC'},32,{6},5.0
2e698f95,2e698f94c,2020-10-15,18,{'JAM'},{'JAM_STAND_STILL_TRAFFIC'},32,{6},5.59375
2e698f95,2e698f94c,2020-10-16,15,{'JAM'},{'JAM_STAND_STILL_TRAFFIC'},31,{6},5.0
2e698f95,2e698f94c,2020-10-16,18,{'JAM'},{'JAM_MODERATE_TRAFFIC'},34,{6},7.5
2e698f95,2e698f94c,2020-10-18,16,{'JAM'},{'JAM_HEAVY_TRAFFIC'},30,{6},5.0
2e698f95,2e698f94c,2020-10-18,18,{'JAM'},{'JAM_STAND_STILL_TRAFFIC'},32,{6},5.0
2e698f95,2e698f94c,2020-10-19,16,{'JAM'},{'JAM_MODERATE_TRAFFIC'},45,{6},5.333333333333333
2e698f95,2e698f94c,2020-10-19,18,{'JAM'},{'JAM_MODERATE_TRAFFIC'},31,{6},5.0
2e698f95,2e698f94c,2020-10-21,18,{'JAM'},{'JAM_HEAVY_TRAFFIC'},5,{6},6.0
2e698f95,2e698f94c,2020-10-23,16,{'JAM'},{'JAM_STAND_STILL_TRAFFIC'},30,{6},5.0
2e698f95,2e698f94c,2020-10-23,18,{'JAM'},{'JAM_HEAVY_TRAFFIC'},45,{6},5.355555555555555
2e698f95,2e698f94c,2020-10-23,19,{'JAM'},{'JAM_HEAVY_TRAFFIC'},33,{6},5.0
2e698f95,2e698f94c,2020-10-26,19,{'JAM'},{'JAM_HEAVY_TRAFFIC'},32,{6},5.0
2e698f95,2e698f94c,2020-10-27,16,{'JAM'},"{'JAM', 'JAM_MODERATE_TRAFFIC'}",63,{6},5.0
2e698f95,2e698f94c,2020-10-28,15,{'JAM'},{'JAM'},31,{6},5.0
2e698f95,2e698f94c,2020-10-28,17,{'JAM'},{'JAM_HEAVY_TRAFFIC'},34,{6},5.0
2e698f95,2e698f94c,2020-11-01,19,{'JAM'},{'JAM_MODERATE_TRAFFIC'},30,{6},5.0
2e698f95,2e698f94c,2020-11-03,14,{'JAM'},{'JAM_MODERATE_TRAFFIC'},30,{6},5.0
2e698f95,2e698f94c,2020-11-04,17,{'JAM'},{'JAM_STAND_STILL_TRAFFIC'},30,{6},5.0
2e698f95,2e698f94c,2020-11-07,13,{'JAM'},{'JAM_HEAVY_TRAFFIC'},31,{6},5.0
2e698f95,2e698f94c,2020-11-09,18,{'JAM'},{'JAM_HEAVY_TRAFFIC'},31,{6},5.0
2e698f95,2e698f94c,2020-11-13,19,{'JAM'},{'JAM_HEAVY_TRAFFIC'},32,{6},5.96875
2e698f95,2e698f94c,2020-11-15,19,{'JAM'},{'JAM_STAND_STILL_TRAFFIC'},31,{6},5.0
2e698f95,2e698f94c,2020-11-17,17,{'JAM'},{'JAM_STAND_STILL_TRAFFIC'},35,{6},5.9714285714285715
2e698f95,2e698f95c,2020-09-04,17,{'JAM'},{'JAM_HEAVY_TRAFFIC'},61,{6},5.0
2e698f95,2e698f95c,2020-09-08,16,{'JAM'},{'JAM_STAND_STILL_TRAFFIC'},65,{6},5.0
2e698f95,2e698f95c,2020-09-11,1,{'JAM'},{'JAM'},33,{6},5.0
2e698f95,2e698f95c,2020-09-12,11,{'JAM'},{'JAM'},10,{6},5.0
2e698f95,2e698f95c,2020-09-24,6,{'JAM'},{'JAM_STAND_STILL_TRAFFIC'},30,{6},5.0
2e698f95,2e698f95c,2020-09-24,7,{'JAM'},{'JAM_HEAVY_TRAFFIC'},30,{6},5.8
2e698f95,2e698f95c,2020-09-24,17,{'JAM'},{'JAM_HEAVY_TRAFFIC'},77,{6},5.220779220779221
2e698f95,2e698f95c,2020-09-24,20,{'JAM'},{'JAM_HEAVY_TRAFFIC'},62,{6},5.0
2e698f95,2e698f95c,2020-09-25,17,{'JAM'},{'JAM'},32,{6},5.0
2e698f95,2e698f95c,2020-09-25,19,{'JAM'},{'JAM_STAND_STILL_TRAFFIC'},45,{6},6.666666666666667
2e698f95,2e698f95c,2020-09-26,12,{'JAM'},{'JAM_HEAVY_TRAFFIC'},6,{6},5.0
2e698f95,2e698f95c,2020-09-29,7,{'JAM'},{'JAM_HEAVY_TRAFFIC'},31,{6},5.0
2e698f95,2e698f95c,2020-09-30,17,{'JAM'},{'JAM_MODERATE_TRAFFIC'},32,{6},5.0
2e698f95,2e698f95c,2020-10-02,19,{'JAM'},{'JAM_STAND_STILL_TRAFFIC'},31,{6},5.0
2e698f95,2e698f95c,2020-10-06,16,{'JAM'},{'JAM_STAND_STILL_TRAFFIC'},42,{6},5.428571428571429
2e698f95,2e698f95c,2020-10-15,17,{'JAM'},{'JAM_HEAVY_TRAFFIC'},21,{6},5.238095238095238
2e698f95,2e698f95c,2020-10-17,17,{'JAM'},{'JAM_STAND_STILL_TRAFFIC'},37,{6},5.0
2e698f95,2e698f95c,2020-10-27,11,{'JAM'},{'JAM_MODERATE_TRAFFIC'},6,{6},5.0
2e698f95,2e698f95c,2020-10-30,20,{'JAM'},"{'JAM_STAND_STILL_TRAFFIC', 'JAM_HEAVY_TRAFFIC'}",33,{6},5.0
2e698f95,2e698f95c,2020-10-31,20,{'JAM'},{'JAM_STAND_STILL_TRAFFIC'},31,{6},5.0
2e698f95,2e698f95c,2020-11-02,10,{'JAM'},{'JAM_HEAVY_TRAFFIC'},31,{6},5.0
2e698f95,2e698f95c,2020-11-07,20,{'JAM'},{'JAM_HEAVY_TRAFFIC'},31,{6},5.0
2e698f95,2e698f95c,2020-11-11,17,{'JAM'},{'JAM_HEAVY_TRAFFIC'},33,{6},5.0
2e698f95,2e698f95c,2020-11-19,10,{'JAM'},{'JAM_MODERATE_TRAFFIC'},30,{6},5.0
2e698f97,2e698f96c,2020-09-01,19,{'JAM'},{'JAM_STAND_STILL_TRAFFIC'},33,{2},6.0
2e698f97,2e698f96c,2020-09-05,8,{'JAM'},{'JAM_STAND_STILL_TRAFFIC'},7,{2},5.0
2e698f97,2e698f96c,2020-09-11,19,{'JAM'},{'JAM_HEAVY_TRAFFIC'},9,{2},6.666666666666667
2e698f97,2e698f96c,2020-09-12,15,{'JAM'},{'JAM_STAND_STILL_TRAFFIC'},30,{2},5.0
2e698f97,2e698f96c,2020-09-15,15,{'JAM'},"{'JAM_STAND_STILL_TRAFFIC', 'JAM_HEAVY_TRAFFIC'}",61,{2},5.0
2e698f97,2e698f96c,2020-09-17,17,{'JAM'},{'JAM_STAND_STILL_TRAFFIC'},61,{2},5.491803278688525
2e698f97,2e698f96c,2020-09-23,19,{'JAM'},{'JAM_HEAVY_TRAFFIC'},33,{2},5.0
2e698f97,2e698f96c,2020-09-25,17,{'JAM'},{'JAM_HEAVY_TRAFFIC'},46,{2},5.326086956521739
2e698f97,2e698f96c,2020-09-29,10,{'JAM'},{'JAM_HEAVY_TRAFFIC'},5,{2},7.0
2e698f97,2e698f96c,2020-10-03,15,{'JAM'},{'JAM_STAND_STILL_TRAFFIC'},30,{2},5.0
2e698f97,2e698f96c,2020-10-04,9,{'JAM'},{'JAM_STAND_STILL_TRAFFIC'},49,{2},5.0
2e698f97,2e698f96c,2020-10-04,10,{'JAM'},{'JAM_STAND_STILL_TRAFFIC'},32,{2},5.0
2e698f97,2e698f96c,2020-10-05,17,{'JAM'},{'JAM_STAND_STILL_TRAFFIC'},33,{2},5.0
2e698f97,2e698f96c,2020-10-10,17,{'JAM'},{'JAM_STAND_STILL_TRAFFIC'},31,{2},5.0
2e698f97,2e698f96c,2020-10-10,19,{'JAM'},{'JAM_STAND_STILL_TRAFFIC'},31,{2},5.0
2e698f97,2e698f96c,2020-10-15,8,{'JAM'},{'JAM_STAND_STILL_TRAFFIC'},30,{2},5.0
2e698f97,2e698f96c,2020-10-19,21,{'JAM'},{'JAM_STAND_STILL_TRAFFIC'},35,{2},5.0
2e698f97,2e698f96c,2020-10-21,9,{'JAM'},{'JAM_STAND_STILL_TRAFFIC'},32,{2},5.0
2e698f97,2e698f96c,2020-10-23,17,{'JAM'},{'JAM_STAND_STILL_TRAFFIC'},28,{2},5.0
2e698f97,2e698f96c,2020-10-29,16,{'JAM'},{'JAM_STAND_STILL_TRAFFIC'},30,{2},5.0
2e698f97,2e698f96c,2020-10-30,14,{'JAM'},{'JAM_STAND_STILL_TRAFFIC'},30,{2},5.0
2e698f97,2e698f96c,2020-10-31,8,{'JAM'},"{'JAM_STAND_STILL_TRAFFIC', 'JAM_HEAVY_TRAFFIC'}",64,{2},6.0
2e698f97,2e698f96c,2020-10-31,15,{'JAM'},{'JAM_STAND_STILL_TRAFFIC'},33,{2},5.0
2e698f97,2e698f96c,2020-11-01,17,{'JAM'},{'JAM_STAND_STILL_TRAFFIC'},34,{2},5.0
2e698f97,2e698f96c,2020-11-10,22,{'JAM'},{'JAM_STAND_STILL_TRAFFIC'},33,{2},5.0
2e698f97,2e698f96c,2020-11-11,17,{'JAM'},"{'JAM_MODERATE_TRAFFIC', 'JAM_HEAVY_TRAFFIC'}",96,{2},5.0
2e698f97,2e698f96c,2020-11-11,20,{'JAM'},{'JAM_STAND_STILL_TRAFFIC'},31,{2},5.0
2e698f97,2e698f96c,2020-11-15,14,{'JAM'},{'JAM_HEAVY_TRAFFIC'},26,{2},5.0
2e698f97,2e698f96c,2020-11-18,11,{'JAM'},{'JAM_STAND_STILL_TRAFFIC'},30,{2},5.0
2e698f97,2e698f96c,2020-11-19,15,{'JAM'},{'JAM_STAND_STILL_TRAFFIC'},17,{2},5.0
2e698f97,2e698f96c,2020-11-22,15,{'JAM'},{'JAM_STAND_STILL_TRAFFIC'},123,{2},5.227642276422764
2e698f97,2e698f96c,2020-11-22,17,"{'JAM', 'ACCIDENT'}","{'JAM_STAND_STILL_TRAFFIC', 'ACCIDENT_MAJOR'}",124,{2},5.0
2e698f97,2e698f974,2020-09-16,6,{'JAM'},{'JAM_STAND_STILL_TRAFFIC'},31,{2},5.0
2e698f97,2e698f974,2020-10-07,10,{'JAM'},{'JAM_STAND_STILL_TRAFFIC'},5,{2},5.0
2e698f97,2e698f974,2020-10-17,17,{'JAM'},{'JAM_STAND_STILL_TRAFFIC'},31,{2},5.0
2e698f97,2e698f974,2020-10-29,16,{'JAM'},{'JAM_STAND_STILL_TRAFFIC'},31,{2},5.0
2e698f97,2e698f974,2020-11-07,19,{'JAM'},{'JAM_STAND_STILL_TRAFFIC'},34,{2},5.0
2e698f97,2e698f974,2020-11-11,17,{'JAM'},{'JAM_STAND_STILL_TRAFFIC'},31,{2},5.0
2e698f97,2e698f974,2020-11-16,17,{'JAM'},{'JAM_STAND_STILL_TRAFFIC'},20,{2},5.5
2e698f99,2e698f994,2020-09-15,21,{'JAM'},{'JAM'},30,{1},5.0
2e698f9b,2e698f9a4,2020-09-15,15,{'JAM'},{'JAM_STAND_STILL_TRAFFIC'},30,{2},5.0
2e698f9b,2e698f9a4,2020-09-17,16,"{'JAM', 'WEATHERHAZARD'}","{'HAZARD_ON_ROAD_CAR_STOPPED', 'JAM_HEAVY_TRAFFIC'}",66,{2},5.242424242424242
2e698f9b,2e698f9a4,2020-09-17,17,{'WEATHERHAZARD'},{'HAZARD_ON_SHOULDER_CAR_STOPPED'},32,{2},5.0
2e698f9b,2e698f9a4,2020-09-25,7,{'JAM'},{'JAM_HEAVY_TRAFFIC'},31,{2},5.0
2e698f9b,2e698f9a4,2020-10-04,10,{'JAM'},{'JAM_STAND_STILL_TRAFFIC'},32,{2},5.0
2e698f9b,2e698f9a4,2020-10-10,8,{'JAM'},{'JAM_HEAVY_TRAFFIC'},31,{2},5.0
2e698f9b,2e698f9a4,2020-10-15,8,{'JAM'},{'JAM_STAND_STILL_TRAFFIC'},31,{2},5.967741935483871
2e698f9b,2e698f9a4,2020-10-25,10,{'JAM'},{'JAM_STAND_STILL_TRAFFIC'},35,{1},5.0
2e698f9b,2e698f9a4,2020-10-26,7,{'JAM'},{'JAM_STAND_STILL_TRAFFIC'},32,{2},5.0
2e698f9b,2e698f9a4,2020-11-07,13,{'JAM'},{'JAM_STAND_STILL_TRAFFIC'},32,{2},5.0
2e698f9b,2e698f9a4,2020-11-09,12,{'JAM'},{'JAM_STAND_STILL_TRAFFIC'},30,{2},5.0
2e698f9b,2e698f9a4,2020-11-14,10,{'JAM'},{'JAM_HEAVY_TRAFFIC'},31,{2},5.0
2e698f9b,2e698f9a4,2020-11-18,15,{'JAM'},{'JAM_HEAVY_TRAFFIC'},32,{2},5.96875
2e698f9b,2e698f9a4,2020-11-20,9,{'JAM'},{'JAM_STAND_STILL_TRAFFIC'},34,{2},5.794117647058823
2e698f9b,2e698f9a4,2020-11-22,9,{'JAM'},{'JAM_STAND_STILL_TRAFFIC'},36,{2},5.0
2e698f9b,2e698f9a4,2020-11-22,16,{'JAM'},{'JAM_STAND_STILL_TRAFFIC'},20,{2},5.0
2e698f9b,2e698f9bc,2020-09-27,10,{'JAM'},{'JAM_MODERATE_TRAFFIC'},30,{2},5.0
2e698f9b,2e698f9bc,2020-10-10,8,{'JAM'},{'JAM_STAND_STILL_TRAFFIC'},32,{2},5.0
2e698f9b,2e698f9bc,2020-10-17,20,{'JAM'},{'JAM_STAND_STILL_TRAFFIC'},32,{2},5.0
2e698f9d,2e698f9d4,2020-11-15,8,{'JAM'},{'JAM_HEAVY_TRAFFIC'},29,{2},5.0
2e698f9f,2e698f9ec,2020-10-30,6,{'JAM'},{'JAM'},31,{1},5.0
2e698fa1,2e698fa04,2020-10-14,18,{'JAM'},{'JAM_HEAVY_TRAFFIC'},61,{2},5.262295081967213
2e698fa1,2e698fa04,2020-11-07,18,{'JAM'},{'JAM_HEAVY_TRAFFIC'},31,{2},5.0
2e698fa1,2e698fa1c,2020-11-07,18,{'JAM'},{'JAM_HEAVY_TRAFFIC'},32,{2},5.0
2e698fa3,2e698fa34,2020-10-16,23,{'JAM'},{'JAM'},31,{1},5.0
2e698fa5,2e698fa4c,2020-09-03,5,{'JAM'},{'JAM_STAND_STILL_TRAFFIC'},30,{2},5.666666666666667
2e698fa5,2e698fa4c,2020-09-12,9,{'JAM'},{'JAM_HEAVY_TRAFFIC'},30,{2},5.0
2e698fa5,2e698fa4c,2020-11-01,16,{'JAM'},{'JAM_STAND_STILL_TRAFFIC'},30,{2},5.0
2e698fa5,2e698fa4c,2020-11-05,8,{'JAM'},{'JAM_STAND_STILL_TRAFFIC'},31,{2},5.0
2e698fa9,2e698fa84,2020-10-23,21,{'JAM'},{'JAM'},33,{1},5.0
2e698fab,2e698faa4,2020-09-01,20,{'JAM'},{'JAM_STAND_STILL_TRAFFIC'},30,{2},5.0
2e698fab,2e698faa4,2020-09-02,21,{'JAM'},{'JAM'},31,{2},5.0
2e698fab,2e698faa4,2020-09-03,19,{'JAM'},{'JAM_STAND_STILL_TRAFFIC'},31,{2},5.0
2e698fab,2e698faa4,2020-09-05,20,{'JAM'},{'JAM_STAND_STILL_TRAFFIC'},33,{2},5.0
2e698fab,2e698faa4,2020-09-06,11,{'JAM'},{'JAM_HEAVY_TRAFFIC'},31,{2},5.0
2e698fab,2e698faa4,2020-09-06,20,{'JAM'},{'JAM_HEAVY_TRAFFIC'},30,{2},5.0
2e698fab,2e698faa4,2020-09-09,20,{'JAM'},{'JAM_STAND_STILL_TRAFFIC'},31,{2},5.0
2e698fab,2e698faa4,2020-09-11,20,{'JAM'},{'JAM'},33,{2},5.0
2e698fab,2e698faa4,2020-09-12,18,{'JAM'},{'JAM_HEAVY_TRAFFIC'},33,{2},5.0
2e698fab,2e698faa4,2020-09-15,19,{'JAM'},{'JAM_STAND_STILL_TRAFFIC'},31,{2},5.0
2e698fab,2e698faa4,2020-09-19,15,{'JAM'},{'JAM_MODERATE_TRAFFIC'},31,{2},5.0
2e698fab,2e698faa4,2020-09-24,16,{'JAM'},"{'JAM_MODERATE_TRAFFIC', 'JAM_HEAVY_TRAFFIC'}",90,{2},5.333333333333333
2e698fab,2e698faa4,2020-09-29,15,{'WEATHERHAZARD'},{'WEATHERHAZARD'},32,{2},5.0
2e698fab,2e698faa4,2020-10-02,19,{'JAM'},{'JAM_STAND_STILL_TRAFFIC'},32,{2},5.53125
2e698fab,2e698faa4,2020-10-03,15,{'JAM'},{'JAM_STAND_STILL_TRAFFIC'},31,{2},5.0
2e698fab,2e698faa4,2020-10-03,17,{'JAM'},{'JAM_HEAVY_TRAFFIC'},31,{2},5.0
2e698fab,2e698faa4,2020-10-03,20,{'JAM'},{'JAM_HEAVY_TRAFFIC'},33,{2},5.0
2e698fab,2e698faa4,2020-10-04,20,{'JAM'},{'JAM_STAND_STILL_TRAFFIC'},31,{2},5.0
2e698fab,2e698faa4,2020-10-05,18,{'JAM'},{'JAM_HEAVY_TRAFFIC'},30,{2},5.0
2e698fab,2e698faa4,2020-10-07,11,{'JAM'},{'JAM'},31,{2},5.0
2e698fab,2e698faa4,2020-10-10,11,{'JAM'},{'JAM'},30,{2},5.0
2e698fab,2e698faa4,2020-10-10,14,{'JAM'},{'JAM_MODERATE_TRAFFIC'},32,{2},5.0
2e698fab,2e698faa4,2020-10-10,18,{'JAM'},{'JAM_HEAVY_TRAFFIC'},31,{2},5.0
2e698fab,2e698faa4,2020-10-10,19,{'JAM'},{'JAM_STAND_STILL_TRAFFIC'},31,{2},5.0
2e698fab,2e698faa4,2020-10-11,11,{'JAM'},{'JAM_HEAVY_TRAFFIC'},1,{2},5.0
2e698fab,2e698faa4,2020-10-12,20,{'JAM'},"{'JAM_STAND_STILL_TRAFFIC', 'JAM_HEAVY_TRAFFIC'}",61,{2},5.967213114754099
2e698fab,2e698faa4,2020-10-16,15,{'JAM'},{'JAM_MODERATE_TRAFFIC'},31,{1},5.0
2e698fab,2e698faa4,2020-10-17,14,{'JAM'},{'JAM_HEAVY_TRAFFIC'},30,{2},5.0
2e698fab,2e698faa4,2020-10-20,19,{'JAM'},{'JAM_HEAVY_TRAFFIC'},30,{2},5.0
2e698fab,2e698faa4,2020-10-25,18,{'JAM'},{'JAM_STAND_STILL_TRAFFIC'},30,{2},5.0
2e698fab,2e698faa4,2020-10-31,14,{'JAM'},{'JAM_HEAVY_TRAFFIC'},32,{2},5.0
2e698fab,2e698faa4,2020-11-01,13,{'JAM'},{'JAM_HEAVY_TRAFFIC'},5,{2},5.0
2e698fab,2e698faa4,2020-11-01,17,{'JAM'},{'JAM_HEAVY_TRAFFIC'},31,{2},5.0
2e698fab,2e698faa4,2020-11-01,18,{'JAM'},{'JAM_MODERATE_TRAFFIC'},30,{2},5.966666666666667
2e698fab,2e698faa4,2020-11-02,19,{'JAM'},{'JAM_HEAVY_TRAFFIC'},30,{2},5.0
2e698fab,2e698faa4,2020-11-07,17,{'JAM'},{'JAM_HEAVY_TRAFFIC'},29,{2},5.0
2e698fab,2e698faa4,2020-11-08,14,{'JAM'},{'JAM_STAND_STILL_TRAFFIC'},30,{2},5.0
2e698fab,2e698faa4,2020-11-11,17,{'JAM'},{'JAM_HEAVY_TRAFFIC'},31,{2},5.0
2e698fab,2e698faa4,2020-11-11,19,{'JAM'},{'JAM_STAND_STILL_TRAFFIC'},34,{2},5.5
2e698fab,2e698faa4,2020-11-12,17,{'JAM'},{'JAM_HEAVY_TRAFFIC'},31,{2},5.0
2e698fab,2e698faa4,2020-11-13,19,{'JAM'},{'JAM_HEAVY_TRAFFIC'},64,{2},6.515625
2e698fab,2e698faa4,2020-11-14,13,{'JAM'},{'JAM_MODERATE_TRAFFIC'},30,{2},5.0
2e698fab,2e698faa4,2020-11-14,15,{'JAM'},{'JAM_STAND_STILL_TRAFFIC'},32,{2},5.0
2e698fab,2e698faa4,2020-11-14,16,{'JAM'},{'JAM_STAND_STILL_TRAFFIC'},29,{2},5.0
2e698fab,2e698faa4,2020-11-14,21,{'JAM'},{'JAM_STAND_STILL_TRAFFIC'},34,{2},5.9411764705882355
2e698fab,2e698faa4,2020-11-18,19,{'JAM'},{'JAM_STAND_STILL_TRAFFIC'},64,{2},5.0
2e698fab,2e698faa4,2020-11-19,16,{'JAM'},{'JAM_MODERATE_TRAFFIC'},39,{2},5.0
2e698fab,2e698fabc,2020-09-05,16,{'JAM'},{'JAM_STAND_STILL_TRAFFIC'},30,{2},5.0
2e698fab,2e698fabc,2020-09-07,20,{'JAM'},{'JAM_STAND_STILL_TRAFFIC'},28,{2},5.0
2e698fab,2e698fabc,2020-09-11,14,{'JAM'},{'JAM_HEAVY_TRAFFIC'},30,{2},5.0
2e698fab,2e698fabc,2020-09-26,16,{'JAM'},{'JAM_STAND_STILL_TRAFFIC'},35,{2},5.0
2e698fab,2e698fabc,2020-09-27,13,{'JAM'},{'JAM_MODERATE_TRAFFIC'},5,{2},5.0
2e698fab,2e698fabc,2020-10-02,19,{'JAM'},{'JAM_STAND_STILL_TRAFFIC'},32,{2},5.0
2e698fab,2e698fabc,2020-10-03,20,{'JAM'},{'JAM_HEAVY_TRAFFIC'},31,{2},5.612903225806452
2e698fab,2e698fabc,2020-10-07,19,{'JAM'},{'JAM_HEAVY_TRAFFIC'},32,{2},5.0
2e698fab,2e698fabc,2020-10-10,14,{'JAM'},{'JAM_MODERATE_TRAFFIC'},29,{2},5.0
2e698fab,2e698fabc,2020-10-12,20,{'JAM'},{'JAM_HEAVY_TRAFFIC'},64,{2},5.0
2e698fab,2e698fabc,2020-10-17,14,{'JAM'},{'JAM_STAND_STILL_TRAFFIC'},30,{2},5.0
2e698fab,2e698fabc,2020-10-17,18,{'JAM'},{'JAM_HEAVY_TRAFFIC'},31,{2},5.0
2e698fab,2e698fabc,2020-10-18,14,{'JAM'},{'JAM_STAND_STILL_TRAFFIC'},46,{2},5.0
2e698fab,2e698fabc,2020-10-31,16,{'JAM'},{'JAM_STAND_STILL_TRAFFIC'},17,{2},5.0
2e698fab,2e698fabc,2020-11-04,16,{'JAM'},{'JAM_MODERATE_TRAFFIC'},30,{2},6.0
2e698fab,2e698fabc,2020-11-07,11,{'JAM'},{'JAM_HEAVY_TRAFFIC'},30,{2},5.0
2e698fab,2e698fabc,2020-11-09,16,{'JAM'},{'JAM'},33,{2},5.0
2e698fab,2e698fabc,2020-11-12,17,{'JAM'},{'JAM_STAND_STILL_TRAFFIC'},34,{2},5.0
2e698fab,2e698fabc,2020-11-14,20,{'JAM'},{'JAM_STAND_STILL_TRAFFIC'},32,{2},5.0
2e698fab,2e698fabc,2020-11-15,18,{'JAM'},{'JAM_HEAVY_TRAFFIC'},30,{2},5.0
2e698fab,2e698fabc,2020-11-16,16,{'JAM'},{'JAM_STAND_STILL_TRAFFIC'},31,{2},5.0
2e698fab,2e698fabc,2020-11-19,16,{'JAM'},{'JAM_MODERATE_TRAFFIC'},7,{2},5.0
2e698fad,2e698fac4,2020-09-04,20,{'JAM'},{'JAM_STAND_STILL_TRAFFIC'},37,{2},5.0
2e698fad,2e698fac4,2020-09-05,16,{'JAM'},{'JAM_HEAVY_TRAFFIC'},14,{2},5.0
2e698fad,2e698fac4,2020-09-11,19,{'JAM'},{'JAM_MODERATE_TRAFFIC'},32,{2},5.0
2e698fad,2e698fac4,2020-09-22,16,{'JAM'},{'JAM_HEAVY_TRAFFIC'},31,{2},5.0
2e698fad,2e698fac4,2020-09-22,17,{'JAM'},{'JAM_HEAVY_TRAFFIC'},7,{2},5.0
2e698fad,2e698fac4,2020-10-18,14,{'JAM'},{'JAM_STAND_STILL_TRAFFIC'},6,{2},5.0
2e698fad,2e698fac4,2020-10-27,17,{'JAM'},{'JAM_HEAVY_TRAFFIC'},124,{2},5.0
2e698fad,2e698fac4,2020-11-01,15,{'JAM'},{'JAM'},31,{2},5.0
2e698fad,2e698fac4,2020-11-02,6,{'JAM'},{'JAM_STAND_STILL_TRAFFIC'},31,{2},6.0
2e698fad,2e698fac4,2020-11-05,18,{'JAM'},{'JAM_STAND_STILL_TRAFFIC'},9,{2},5.0
2e698fad,2e698fac4,2020-11-07,17,{'JAM'},{'JAM_HEAVY_TRAFFIC'},22,{1},5.0
2e698fad,2e698fac4,2020-11-19,16,{'JAM'},{'JAM_MODERATE_TRAFFIC'},32,{2},5.0
2e698fad,2e698fad4,2020-09-02,6,{'JAM'},{'JAM_MODERATE_TRAFFIC'},30,{6},5.0
2e698fad,2e698fad4,2020-09-04,11,{'JAM'},{'JAM_HEAVY_TRAFFIC'},32,{6},5.0
2e698fad,2e698fad4,2020-09-11,7,{'JAM'},{'JAM_HEAVY_TRAFFIC'},30,{6},5.0
2e698fad,2e698fad4,2020-09-13,19,"{'JAM', 'ACCIDENT'}","{'JAM', 'ACCIDENT'}",174,{6},5.5344827586206895
2e698fad,2e698fad4,2020-09-14,13,{'JAM'},{'JAM_HEAVY_TRAFFIC'},31,{6},5.967741935483871
2e698fad,2e698fad4,2020-09-21,8,{'JAM'},{'JAM_HEAVY_TRAFFIC'},30,{6},5.0
2e698fad,2e698fad4,2020-09-22,6,{'JAM'},{'JAM_STAND_STILL_TRAFFIC'},31,{6},5.0
2e698fad,2e698fad4,2020-09-23,8,{'JAM'},{'JAM_HEAVY_TRAFFIC'},30,{6},5.0
2e698fad,2e698fad4,2020-09-26,17,{'JAM'},{'JAM_STAND_STILL_TRAFFIC'},15,{6},5.0
2e698fad,2e698fad4,2020-09-30,7,{'JAM'},{'JAM_HEAVY_TRAFFIC'},30,{6},5.0
2e698fad,2e698fad4,2020-10-02,7,{'JAM'},{'JAM_MODERATE_TRAFFIC'},31,{6},5.0
2e698fad,2e698fad4,2020-10-02,14,{'JAM'},{'JAM_MODERATE_TRAFFIC'},30,{6},6.0
2e698fad,2e698fad4,2020-10-03,14,{'JAM'},{'JAM_STAND_STILL_TRAFFIC'},47,{2},5.361702127659575
2e698fad,2e698fad4,2020-10-04,14,{'JAM'},{'JAM_MODERATE_TRAFFIC'},31,{6},5.0
2e698fad,2e698fad4,2020-10-05,7,{'JAM'},{'JAM_STAND_STILL_TRAFFIC'},30,{6},5.0
2e698fad,2e698fad4,2020-10-06,5,{'JAM'},{'JAM_STAND_STILL_TRAFFIC'},32,{6},5.0
2e698fad,2e698fad4,2020-10-07,17,{'JAM'},{'JAM_STAND_STILL_TRAFFIC'},41,{6},5.414634146341464
2e698fad,2e698fad4,2020-10-08,7,{'JAM'},{'JAM_HEAVY_TRAFFIC'},31,{6},5.0
2e698fad,2e698fad4,2020-10-10,14,{'JAM'},{'JAM_HEAVY_TRAFFIC'},5,{2},5.0
2e698fad,2e698fad4,2020-10-13,7,{'JAM'},{'JAM_MODERATE_TRAFFIC'},33,{6},5.0
2e698fad,2e698fad4,2020-10-14,13,{'JAM'},{'JAM_STAND_STILL_TRAFFIC'},31,{6},5.0
2e698fad,2e698fad4,2020-10-16,7,{'JAM'},{'JAM_MODERATE_TRAFFIC'},31,{2},5.0
2e698fad,2e698fad4,2020-10-19,7,{'JAM'},{'JAM_HEAVY_TRAFFIC'},31,{6},5.0
2e698fad,2e698fad4,2020-10-19,13,{'JAM'},{'JAM_MODERATE_TRAFFIC'},32,{6},5.0
2e698fad,2e698fad4,2020-10-21,7,"{'JAM', 'WEATHERHAZARD'}","{'HAZARD_ON_ROAD_CAR_STOPPED', 'JAM_STAND_STILL_TRAFFIC', 'JAM_HEAVY_TRAFFIC'}",92,"{2, 6}",5.0
2e698fad,2e698fad4,2020-10-23,8,{'JAM'},{'JAM_STAND_STILL_TRAFFIC'},31,{2},5.0
2e698fad,2e698fad4,2020-10-23,19,{'JAM'},{'JAM_HEAVY_TRAFFIC'},30,{6},5.0
2e698fad,2e698fad4,2020-10-24,15,{'JAM'},"{'JAM_STAND_STILL_TRAFFIC', 'JAM_MODERATE_TRAFFIC'}",61,"{2, 6}",5.0
2e698fad,2e698fad4,2020-10-24,16,{'JAM'},{'JAM_HEAVY_TRAFFIC'},42,{6},5.404761904761905
2e698fad,2e698fad4,2020-10-26,18,{'JAM'},{'JAM_MODERATE_TRAFFIC'},29,{6},5.0
2e698fad,2e698fad4,2020-10-27,7,{'JAM'},{'JAM_HEAVY_TRAFFIC'},38,{6},5.394736842105263
2e698fad,2e698fad4,2020-10-27,11,{'JAM'},{'JAM_HEAVY_TRAFFIC'},10,{6},5.0
2e698fad,2e698fad4,2020-10-28,11,{'JAM'},{'JAM_STAND_STILL_TRAFFIC'},28,{6},5.0
2e698fad,2e698fad4,2020-10-28,14,{'JAM'},{'JAM_HEAVY_TRAFFIC'},31,{6},5.0
2e698fad,2e698fad4,2020-11-01,18,{'JAM'},{'JAM_MODERATE_TRAFFIC'},20,{6},5.0
2e698fad,2e698fad4,2020-11-02,6,{'JAM'},{'JAM_HEAVY_TRAFFIC'},31,{2},5.0
2e698fad,2e698fad4,2020-11-02,8,{'JAM'},{'JAM_HEAVY_TRAFFIC'},58,{6},5.396551724137931
2e698fad,2e698fad4,2020-11-04,7,{'JAM'},{'JAM_HEAVY_TRAFFIC'},34,{6},6.029411764705882
2e698fad,2e698fad4,2020-11-05,7,{'JAM'},{'JAM_STAND_STILL_TRAFFIC'},30,{6},6.4
2e698fad,2e698fad4,2020-11-05,18,{'JAM'},{'JAM'},31,{6},5.0
2e698fad,2e698fad4,2020-11-06,6,{'JAM'},{'JAM_HEAVY_TRAFFIC'},15,{6},5.0
2e698fad,2e698fad4,2020-11-07,11,{'JAM'},{'JAM_STAND_STILL_TRAFFIC'},63,{6},5.0
2e698fad,2e698fad4,2020-11-10,16,{'JAM'},{'JAM_MODERATE_TRAFFIC'},32,{6},5.0
2e698fad,2e698fad4,2020-11-11,18,{'JAM'},{'JAM_STAND_STILL_TRAFFIC'},31,{6},5.0
2e698fad,2e698fad4,2020-11-14,13,{'JAM'},{'JAM_HEAVY_TRAFFIC'},30,{2},5.0
2e698fad,2e698fad4,2020-11-17,16,{'JAM'},{'JAM_HEAVY_TRAFFIC'},31,{6},5.0
2e698fad,2e698fad4,2020-11-19,6,{'JAM'},{'JAM_STAND_STILL_TRAFFIC'},24,{6},5.0
2e698fad,2e698fad4,2020-11-19,19,{'JAM'},{'JAM_MODERATE_TRAFFIC'},31,{2},5.0
2e698fad,2e698fad4,2020-11-20,7,{'JAM'},{'JAM_STAND_STILL_TRAFFIC'},21,{6},6.0
2e698fad,2e698fad4,2020-11-20,12,{'JAM'},{'JAM_STAND_STILL_TRAFFIC'},21,{6},5.0
2e698fad,2e698fad4,2020-11-22,21,{'JAM'},{'JAM_MODERATE_TRAFFIC'},31,{22},5.0
2e698fad,2e698fadc,2020-11-22,21,{'JAM'},{'JAM_MODERATE_TRAFFIC'},31,{1},5.0
2e698fb1,2e698fb04,2020-09-07,15,{'JAM'},{'JAM_HEAVY_TRAFFIC'},30,{6},5.0
2e698fb1,2e698fb04,2020-09-17,17,{'JAM'},{'JAM_STAND_STILL_TRAFFIC'},31,{1},5.967741935483871
2e698fb1,2e698fb04,2020-09-26,10,{'JAM'},{'JAM_HEAVY_TRAFFIC'},31,{6},5.0
2e698fb1,2e698fb04,2020-09-26,11,{'JAM'},{'JAM_HEAVY_TRAFFIC'},30,{6},5.0
2e698fb1,2e698fb04,2020-09-26,15,{'JAM'},{'JAM_STAND_STILL_TRAFFIC'},31,{6},5.0
2e698fb1,2e698fb04,2020-10-02,18,{'JAM'},{'JAM_STAND_STILL_TRAFFIC'},2,{6},5.0
2e698fb1,2e698fb04,2020-10-03,20,{'JAM'},{'JAM_STAND_STILL_TRAFFIC'},40,{6},6.0
2e698fb1,2e698fb04,2020-10-10,17,{'JAM'},{'JAM_STAND_STILL_TRAFFIC'},12,{6},5.0
2e698fb1,2e698fb04,2020-10-10,19,{'JAM'},{'JAM_HEAVY_TRAFFIC'},31,{6},5.967741935483871
2e698fb1,2e698fb04,2020-10-19,14,{'JAM'},{'JAM'},31,{1},5.0
2e698fb1,2e698fb04,2020-10-19,15,{'JAM'},{'JAM_STAND_STILL_TRAFFIC'},32,{6},5.0
2e698fb1,2e698fb04,2020-10-24,10,{'JAM'},{'JAM_HEAVY_TRAFFIC'},30,{6},5.0
2e698fb1,2e698fb04,2020-10-28,19,{'JAM'},{'JAM_HEAVY_TRAFFIC'},31,{6},5.0
2e698fb1,2e698fb04,2020-10-31,12,{'JAM'},{'JAM_HEAVY_TRAFFIC'},21,{6},5.0
2e698fb1,2e698fb04,2020-10-31,17,{'JAM'},{'JAM_STAND_STILL_TRAFFIC'},30,{6},5.0
2e698fb1,2e698fb04,2020-11-02,10,{'JAM'},{'JAM_HEAVY_TRAFFIC'},30,{6},7.5
2e698fb1,2e698fb04,2020-11-07,13,{'JAM'},{'JAM_STAND_STILL_TRAFFIC'},30,{6},5.0
2e698fb1,2e698fb04,2020-11-07,14,{'JAM'},{'JAM_STAND_STILL_TRAFFIC'},30,{6},7.6
2e698fb1,2e698fb04,2020-11-13,17,{'JAM'},{'JAM_HEAVY_TRAFFIC'},31,{6},5.0
2e698fb1,2e698fb04,2020-11-14,13,{'JAM'},{'JAM_HEAVY_TRAFFIC'},31,{6},5.0
2e698fb1,2e698fb04,2020-11-22,21,{'JAM'},{'JAM_MODERATE_TRAFFIC'},32,{1},5.0
2e698fb1,2e698fb0c,2020-09-03,19,{'JAM'},{'JAM_STAND_STILL_TRAFFIC'},32,{6},5.0
2e698fb1,2e698fb0c,2020-09-11,15,{'JAM'},{'JAM_STAND_STILL_TRAFFIC'},31,{6},5.0
2e698fb1,2e698fb0c,2020-10-02,18,{'JAM'},{'JAM_STAND_STILL_TRAFFIC'},28,{6},6.0
2e698fb1,2e698fb0c,2020-10-02,19,{'JAM'},{'JAM_HEAVY_TRAFFIC'},48,{6},6.291666666666667
2e698fb1,2e698fb0c,2020-10-03,11,{'JAM'},{'JAM_HEAVY_TRAFFIC'},31,{6},6.0
2e698fb1,2e698fb0c,2020-10-27,20,{'JAM'},{'JAM_STAND_STILL_TRAFFIC'},32,{6},5.5
2e698fb1,2e698fb0c,2020-10-28,14,{'JAM'},{'JAM_HEAVY_TRAFFIC'},33,{6},5.333333333333333
2e698fb1,2e698fb0c,2020-10-28,19,{'JAM'},{'JAM_STAND_STILL_TRAFFIC'},30,{6},5.0
2e698fb1,2e698fb0c,2020-10-29,16,{'ACCIDENT'},{'ACCIDENT_MAJOR'},120,{20},5.0
2e698fb1,2e698fb0c,2020-10-31,10,{'JAM'},{'JAM_HEAVY_TRAFFIC'},31,{6},5.0
2e698fb1,2e698fb0c,2020-11-02,10,{'JAM'},{'JAM_HEAVY_TRAFFIC'},3,{6},5.666666666666667
2e698fb1,2e698fb0c,2020-11-05,9,{'JAM'},{'JAM_STAND_STILL_TRAFFIC'},38,{6},5.421052631578948
2e698fb1,2e698fb0c,2020-11-05,18,{'JAM'},{'JAM_HEAVY_TRAFFIC'},30,{6},5.0
2e698fb1,2e698fb0c,2020-11-06,20,{'JAM'},{'JAM_STAND_STILL_TRAFFIC'},31,{6},5.0
2e698fb1,2e698fb0c,2020-11-06,21,{'JAM'},{'JAM_HEAVY_TRAFFIC'},32,{6},5.0
2e698fb1,2e698fb0c,2020-11-07,10,{'JAM'},{'JAM_STAND_STILL_TRAFFIC'},32,{6},5.0
2e698fb1,2e698fb0c,2020-11-07,15,{'JAM'},{'JAM_STAND_STILL_TRAFFIC'},32,{6},5.0
2e698fb1,2e698fb0c,2020-11-07,19,{'JAM'},{'JAM_STAND_STILL_TRAFFIC'},62,{6},5.0
2e698fb1,2e698fb0c,2020-11-14,10,{'JAM'},{'JAM_STAND_STILL_TRAFFIC'},31,{6},5.0
2e698fb1,2e698fb0c,2020-11-14,16,{'JAM'},{'JAM_MODERATE_TRAFFIC'},59,{6},5.0
2e698fb1,2e698fb0c,2020-11-21,21,{'JAM'},{'JAM_HEAVY_TRAFFIC'},30,{6},5.0
2e698fb1,2e698fb1c,2020-09-01,15,{'JAM'},{'JAM_MODERATE_TRAFFIC'},30,{6},6.0
2e698fb1,2e698fb1c,2020-09-03,6,{'JAM'},{'JAM_MODERATE_TRAFFIC'},30,{6},5.0
2e698fb1,2e698fb1c,2020-09-03,10,{'JAM'},{'JAM_MODERATE_TRAFFIC'},30,{6},5.0
2e698fb1,2e698fb1c,2020-09-03,11,{'JAM'},{'JAM_MODERATE_TRAFFIC'},30,{6},5.0
2e698fb1,2e698fb1c,2020-09-04,10,{'JAM'},{'JAM_MODERATE_TRAFFIC'},30,{6},5.0
2e698fb1,2e698fb1c,2020-09-05,9,{'JAM'},{'JAM_HEAVY_TRAFFIC'},20,{6},5.0
2e698fb1,2e698fb1c,2020-09-05,11,{'JAM'},{'JAM_HEAVY_TRAFFIC'},30,{6},5.0
2e698fb1,2e698fb1c,2020-09-06,16,{'JAM'},{'JAM_STAND_STILL_TRAFFIC'},31,{6},6.516129032258065
2e698fb1,2e698fb1c,2020-09-06,20,{'JAM'},{'JAM_STAND_STILL_TRAFFIC'},24,{6},5.0
2e698fb1,2e698fb1c,2020-09-08,11,{'JAM'},{'JAM_HEAVY_TRAFFIC'},30,{6},5.0
2e698fb1,2e698fb1c,2020-09-08,15,{'JAM'},{'JAM_MODERATE_TRAFFIC'},32,{6},5.0
2e698fb1,2e698fb1c,2020-09-09,18,{'JAM'},{'JAM'},22,{6},5.0
2e698fb1,2e698fb1c,2020-09-10,10,{'JAM'},{'JAM_HEAVY_TRAFFIC'},30,{6},5.0
2e698fb1,2e698fb1c,2020-09-10,11,{'JAM'},{'JAM_STAND_STILL_TRAFFIC'},35,{6},5.0
2e698fb1,2e698fb1c,2020-09-11,15,{'JAM'},{'JAM'},31,{6},5.0
2e698fb1,2e698fb1c,2020-09-12,9,{'JAM'},{'JAM_HEAVY_TRAFFIC'},30,{6},5.0
2e698fb1,2e698fb1c,2020-09-12,13,{'JAM'},{'JAM_STAND_STILL_TRAFFIC'},33,{6},5.0
2e698fb1,2e698fb1c,2020-09-12,14,{'JAM'},{'JAM'},32,{6},5.0
2e698fb1,2e698fb1c,2020-09-13,20,{'JAM'},{'JAM_MODERATE_TRAFFIC'},14,{6},5.0
2e698fb1,2e698fb1c,2020-09-15,9,{'JAM'},{'JAM_HEAVY_TRAFFIC'},31,{6},5.0
2e698fb1,2e698fb1c,2020-09-17,18,{'JAM'},{'JAM_STAND_STILL_TRAFFIC'},31,{6},5.0
2e698fb1,2e698fb1c,2020-09-18,15,{'JAM'},{'JAM_STAND_STILL_TRAFFIC'},29,{6},5.0
2e698fb1,2e698fb1c,2020-09-18,18,{'JAM'},{'JAM_STAND_STILL_TRAFFIC'},31,{6},5.0
2e698fb1,2e698fb1c,2020-09-19,14,{'JAM'},{'JAM_HEAVY_TRAFFIC'},30,{6},5.0
2e698fb1,2e698fb1c,2020-09-21,8,{'JAM'},{'JAM_HEAVY_TRAFFIC'},31,{6},5.0
2e698fb1,2e698fb1c,2020-09-22,17,{'JAM'},{'JAM_STAND_STILL_TRAFFIC'},30,{6},6.0
2e698fb1,2e698fb1c,2020-09-22,18,{'JAM'},{'JAM_HEAVY_TRAFFIC'},30,{6},5.0
2e698fb1,2e698fb1c,2020-09-24,14,{'JAM'},{'JAM_STAND_STILL_TRAFFIC'},31,{6},5.0
2e698fb1,2e698fb1c,2020-09-26,10,{'JAM'},{'JAM_HEAVY_TRAFFIC'},47,{6},6.617021276595745
2e698fb1,2e698fb1c,2020-09-26,15,{'JAM'},{'JAM_STAND_STILL_TRAFFIC'},32,{6},5.96875
2e698fb1,2e698fb1c,2020-09-27,10,{'JAM'},{'JAM_HEAVY_TRAFFIC'},30,{6},5.0
2e698fb1,2e698fb1c,2020-09-27,16,{'JAM'},{'JAM_STAND_STILL_TRAFFIC'},30,{6},5.0
2e698fb1,2e698fb1c,2020-09-27,18,{'JAM'},{'JAM_HEAVY_TRAFFIC'},31,{6},5.0
2e698fb1,2e698fb1c,2020-09-29,19,{'JAM'},{'JAM_HEAVY_TRAFFIC'},32,{6},5.0
2e698fb1,2e698fb1c,2020-10-03,10,{'JAM'},{'JAM_STAND_STILL_TRAFFIC'},43,{6},8.255813953488373
2e698fb1,2e698fb1c,2020-10-03,20,{'JAM'},{'JAM_HEAVY_TRAFFIC'},31,{6},5.0
2e698fb1,2e698fb1c,2020-10-04,11,{'JAM'},{'JAM'},31,{6},6.870967741935484
2e698fb1,2e698fb1c,2020-10-05,6,{'JAM'},{'JAM_HEAVY_TRAFFIC'},30,{6},5.0
2e698fb1,2e698fb1c,2020-10-05,16,{'JAM'},{'JAM_STAND_STILL_TRAFFIC'},30,{6},5.0
2e698fb1,2e698fb1c,2020-10-05,17,{'JAM'},"{'JAM_STAND_STILL_TRAFFIC', 'JAM_HEAVY_TRAFFIC'}",40,{6},5.4
2e698fb1,2e698fb1c,2020-10-07,17,{'JAM'},{'JAM_MODERATE_TRAFFIC'},45,{6},5.377777777777778
2e698fb1,2e698fb1c,2020-10-09,16,{'JAM'},{'JAM_STAND_STILL_TRAFFIC'},31,{6},5.774193548387097
2e698fb1,2e698fb1c,2020-10-09,18,{'JAM'},{'JAM_MODERATE_TRAFFIC'},33,{6},5.848484848484849
2e698fb1,2e698fb1c,2020-10-10,16,{'JAM'},{'JAM_HEAVY_TRAFFIC'},29,{6},5.0
2e698fb1,2e698fb1c,2020-10-10,18,{'JAM'},{'JAM_STAND_STILL_TRAFFIC'},30,{6},6.9
2e698fb1,2e698fb1c,2020-10-10,19,{'JAM'},{'JAM_HEAVY_TRAFFIC'},30,{6},6.0
2e698fb1,2e698fb1c,2020-10-14,15,{'JAM'},{'JAM_HEAVY_TRAFFIC'},33,{6},5.0
2e698fb1,2e698fb1c,2020-10-14,17,{'JAM'},{'JAM_MODERATE_TRAFFIC'},5,{6},5.0
2e698fb1,2e698fb1c,2020-10-14,18,{'JAM'},{'JAM_STAND_STILL_TRAFFIC'},37,{6},5.0
2e698fb1,2e698fb1c,2020-10-15,11,{'JAM'},{'JAM_HEAVY_TRAFFIC'},30,{6},5.0
2e698fb1,2e698fb1c,2020-10-17,13,{'JAM'},{'JAM_STAND_STILL_TRAFFIC'},31,{6},5.0
2e698fb1,2e698fb1c,2020-10-18,17,{'JAM'},{'JAM_STAND_STILL_TRAFFIC'},15,{6},5.0
2e698fb1,2e698fb1c,2020-10-19,15,{'JAM'},{'JAM_STAND_STILL_TRAFFIC'},43,{6},6.372093023255814
2e698fb1,2e698fb1c,2020-10-19,16,{'JAM'},{'JAM_HEAVY_TRAFFIC'},34,{6},5.323529411764706
2e698fb1,2e698fb1c,2020-10-21,7,{'JAM'},{'JAM_MODERATE_TRAFFIC'},32,{6},5.0
2e698fb1,2e698fb1c,2020-10-21,10,{'JAM'},{'JAM_HEAVY_TRAFFIC'},31,{6},5.0
2e698fb1,2e698fb1c,2020-10-21,15,{'JAM'},{'JAM_HEAVY_TRAFFIC'},30,{6},5.0
2e698fb1,2e698fb1c,2020-10-23,17,{'JAM'},{'JAM_STAND_STILL_TRAFFIC'},30,{6},5.0
2e698fb1,2e698fb1c,2020-10-23,18,{'JAM'},{'JAM'},37,{6},5.486486486486487
2e698fb1,2e698fb1c,2020-10-24,13,{'JAM'},{'JAM_HEAVY_TRAFFIC'},30,{6},5.0
2e698fb1,2e698fb1c,2020-10-27,13,{'JAM'},{'JAM_STAND_STILL_TRAFFIC'},32,{6},5.0
2e698fb1,2e698fb1c,2020-10-27,16,{'JAM'},{'JAM_HEAVY_TRAFFIC'},34,{6},5.0
2e698fb1,2e698fb1c,2020-10-27,18,{'JAM'},{'JAM_STAND_STILL_TRAFFIC'},33,{6},5.666666666666667
2e698fb1,2e698fb1c,2020-10-28,9,{'JAM'},{'JAM_STAND_STILL_TRAFFIC'},30,{6},5.0
2e698fb1,2e698fb1c,2020-10-29,11,{'JAM'},{'JAM'},32,{6},5.0
2e698fb1,2e698fb1c,2020-10-29,13,{'JAM'},{'JAM_MODERATE_TRAFFIC'},31,{6},5.0
2e698fb1,2e698fb1c,2020-10-29,17,{'JAM'},{'JAM_HEAVY_TRAFFIC'},36,{6},6.472222222222222
2e698fb1,2e698fb1c,2020-10-30,17,{'JAM'},{'JAM_STAND_STILL_TRAFFIC'},32,{6},5.0
2e698fb1,2e698fb1c,2020-10-31,11,{'JAM'},{'JAM_STAND_STILL_TRAFFIC'},31,{6},5.0
2e698fb1,2e698fb1c,2020-10-31,12,{'JAM'},{'JAM_STAND_STILL_TRAFFIC'},37,{6},5.972972972972973
2e698fb1,2e698fb1c,2020-10-31,13,{'JAM'},{'JAM_STAND_STILL_TRAFFIC'},30,{6},5.0
2e698fb1,2e698fb1c,2020-10-31,19,{'JAM'},{'JAM_HEAVY_TRAFFIC'},30,{6},5.0
2e698fb1,2e698fb1c,2020-11-02,7,{'JAM'},{'JAM_HEAVY_TRAFFIC'},30,{6},5.0
2e698fb1,2e698fb1c,2020-11-02,10,{'JAM'},{'JAM_HEAVY_TRAFFIC'},30,{6},7.533333333333333
2e698fb1,2e698fb1c,2020-11-02,11,{'JAM'},{'JAM_STAND_STILL_TRAFFIC'},33,{6},5.0
2e698fb1,2e698fb1c,2020-11-02,14,{'JAM'},{'JAM_HEAVY_TRAFFIC'},34,{6},5.4411764705882355
2e698fb1,2e698fb1c,2020-11-02,15,{'JAM'},{'JAM_STAND_STILL_TRAFFIC'},31,{6},5.0
2e698fb1,2e698fb1c,2020-11-02,18,{'JAM'},{'JAM_STAND_STILL_TRAFFIC'},31,{6},5.0
2e698fb1,2e698fb1c,2020-11-03,7,{'JAM'},{'JAM_HEAVY_TRAFFIC'},31,{6},5.741935483870968
2e698fb1,2e698fb1c,2020-11-03,10,{'JAM'},{'JAM_HEAVY_TRAFFIC'},31,{6},5.0
2e698fb1,2e698fb1c,2020-11-04,7,{'JAM'},{'JAM_MODERATE_TRAFFIC'},13,{6},5.0
2e698fb1,2e698fb1c,2020-11-04,15,{'JAM'},{'JAM_STAND_STILL_TRAFFIC'},30,{6},5.0
2e698fb1,2e698fb1c,2020-11-04,17,{'JAM'},{'JAM_STAND_STILL_TRAFFIC'},32,{6},5.90625
2e698fb1,2e698fb1c,2020-11-05,7,{'JAM'},{'JAM_HEAVY_TRAFFIC'},30,{6},5.466666666666667
2e698fb1,2e698fb1c,2020-11-05,9,{'JAM'},{'JAM_STAND_STILL_TRAFFIC'},31,{6},5.0
2e698fb1,2e698fb1c,2020-11-05,13,{'JAM'},{'JAM_STAND_STILL_TRAFFIC'},30,{6},5.0
2e698fb1,2e698fb1c,2020-11-05,18,"{'JAM', 'ACCIDENT'}","{'JAM', 'ACCIDENT'}",152,{6},5.0
2e698fb1,2e698fb1c,2020-11-06,8,{'JAM'},{'JAM_HEAVY_TRAFFIC'},29,{6},6.0
2e698fb1,2e698fb1c,2020-11-07,9,{'JAM'},{'JAM_STAND_STILL_TRAFFIC'},31,{6},5.0
2e698fb1,2e698fb1c,2020-11-07,13,{'JAM'},{'JAM_STAND_STILL_TRAFFIC'},32,{6},5.6875
2e698fb1,2e698fb1c,2020-11-07,14,{'JAM'},{'JAM_STAND_STILL_TRAFFIC'},31,{6},5.838709677419355
2e698fb1,2e698fb1c,2020-11-07,17,{'JAM'},{'JAM_HEAVY_TRAFFIC'},22,{6},5.954545454545454
2e698fb1,2e698fb1c,2020-11-07,20,{'JAM'},{'JAM_HEAVY_TRAFFIC'},31,{6},5.0
2e698fb1,2e698fb1c,2020-11-08,14,{'JAM'},{'JAM_HEAVY_TRAFFIC'},31,{6},5.67741935483871
2e698fb1,2e698fb1c,2020-11-08,15,{'JAM'},{'JAM_STAND_STILL_TRAFFIC'},46,{6},5.391304347826087
2e698fb1,2e698fb1c,2020-11-09,10,{'JAM'},{'JAM'},30,{6},5.0
2e698fb1,2e698fb1c,2020-11-09,13,{'JAM'},{'JAM_STAND_STILL_TRAFFIC'},30,{6},5.0
2e698fb1,2e698fb1c,2020-11-09,14,{'JAM'},{'JAM_MODERATE_TRAFFIC'},31,{6},5.0
2e698fb1,2e698fb1c,2020-11-10,6,{'JAM'},{'JAM_HEAVY_TRAFFIC'},8,{6},5.0
2e698fb1,2e698fb1c,2020-11-11,7,{'JAM'},{'JAM_STAND_STILL_TRAFFIC'},30,{6},6.6
2e698fb1,2e698fb1c,2020-11-13,14,{'JAM'},{'JAM_HEAVY_TRAFFIC'},36,{6},5.416666666666667
2e698fb1,2e698fb1c,2020-11-13,19,{'JAM'},{'JAM_STAND_STILL_TRAFFIC'},33,{6},5.515151515151516
2e698fb1,2e698fb1c,2020-11-14,9,{'JAM'},{'JAM_HEAVY_TRAFFIC'},31,{6},5.0
2e698fb1,2e698fb1c,2020-11-14,10,{'JAM'},{'JAM_STAND_STILL_TRAFFIC'},30,{6},5.0
2e698fb1,2e698fb1c,2020-11-14,20,{'JAM'},{'JAM_HEAVY_TRAFFIC'},32,{6},5.0
2e698fb1,2e698fb1c,2020-11-15,10,{'JAM'},{'JAM_STAND_STILL_TRAFFIC'},31,{6},5.0
2e698fb1,2e698fb1c,2020-11-15,19,{'JAM'},{'JAM_HEAVY_TRAFFIC'},33,{6},5.787878787878788
2e698fb1,2e698fb1c,2020-11-16,15,{'JAM'},{'JAM_STAND_STILL_TRAFFIC'},33,{6},6.0
2e698fb1,2e698fb1c,2020-11-16,17,{'JAM'},{'JAM_STAND_STILL_TRAFFIC'},22,{6},5.0
2e698fb1,2e698fb1c,2020-11-16,19,{'JAM'},{'JAM_HEAVY_TRAFFIC'},16,{6},5.0
2e698fb1,2e698fb1c,2020-11-17,10,"{'JAM', 'WEATHERHAZARD'}","{'HAZARD_WEATHER_HEAVY_SNOW', 'JAM_STAND_STILL_TRAFFIC'}",61,{6},5.475409836065574
2e698fb1,2e698fb1c,2020-11-19,11,{'JAM'},{'JAM_HEAVY_TRAFFIC'},31,{6},5.0
2e698fb1,2e698fb1c,2020-11-19,15,{'JAM'},{'JAM_STAND_STILL_TRAFFIC'},31,{6},5.612903225806452
2e698fb1,2e698fb1c,2020-11-19,18,{'JAM'},{'JAM_STAND_STILL_TRAFFIC'},33,{6},5.0
2e698fb1,2e698fb1c,2020-11-19,20,{'JAM'},{'JAM_STAND_STILL_TRAFFIC'},32,{6},5.0
2e698fb1,2e698fb1c,2020-11-20,16,{'JAM'},{'JAM_HEAVY_TRAFFIC'},31,{6},5.0
2e698fb1,2e698fb1c,2020-11-21,11,{'JAM'},{'JAM_HEAVY_TRAFFIC'},18,{6},5.0
2e698fb3,2e698fb24,2020-09-04,11,{'JAM'},{'JAM_HEAVY_TRAFFIC'},31,{6},5.0
2e698fb3,2e698fb24,2020-09-06,20,{'JAM'},{'JAM_STAND_STILL_TRAFFIC'},30,{6},5.0
2e698fb3,2e698fb24,2020-09-17,8,{'JAM'},{'JAM_MODERATE_TRAFFIC'},23,{6},5.0
2e698fb3,2e698fb24,2020-09-17,12,{'JAM'},{'JAM_MODERATE_TRAFFIC'},8,{2},5.0
2e698fb3,2e698fb24,2020-09-17,15,{'JAM'},{'JAM_HEAVY_TRAFFIC'},24,{6},5.958333333333333
2e698fb3,2e698fb24,2020-09-19,16,{'JAM'},{'JAM_MODERATE_TRAFFIC'},32,{2},5.0
2e698fb3,2e698fb24,2020-09-24,13,{'JAM'},{'JAM_MODERATE_TRAFFIC'},12,{6},5.0
2e698fb3,2e698fb24,2020-09-25,18,{'JAM'},{'JAM_STAND_STILL_TRAFFIC'},8,{6},5.0
2e698fb3,2e698fb24,2020-10-01,17,{'JAM'},{'JAM_HEAVY_TRAFFIC'},33,{6},5.0
2e698fb3,2e698fb24,2020-10-03,20,{'JAM'},{'JAM_STAND_STILL_TRAFFIC'},31,{2},5.0
2e698fb3,2e698fb24,2020-10-04,17,{'JAM'},{'JAM_STAND_STILL_TRAFFIC'},5,{6},5.0
2e698fb3,2e698fb24,2020-10-05,6,{'JAM'},{'JAM_HEAVY_TRAFFIC'},31,{6},5.967741935483871
2e698fb3,2e698fb24,2020-10-05,7,{'JAM'},{'JAM_HEAVY_TRAFFIC'},30,{6},5.0
2e698fb3,2e698fb24,2020-10-09,9,{'ACCIDENT'},{'ACCIDENT'},120,{6},5.275
2e698fb3,2e698fb24,2020-10-09,16,{'JAM'},{'JAM_HEAVY_TRAFFIC'},30,{6},5.0
2e698fb3,2e698fb24,2020-10-10,16,{'JAM'},{'JAM_STAND_STILL_TRAFFIC'},62,"{2, 6}",5.0
2e698fb3,2e698fb24,2020-10-10,18,{'JAM'},{'JAM_STAND_STILL_TRAFFIC'},31,{6},5.0
2e698fb3,2e698fb24,2020-10-11,13,{'JAM'},{'JAM_MODERATE_TRAFFIC'},30,{6},5.0
2e698fb3,2e698fb24,2020-10-14,15,{'JAM'},{'JAM_MODERATE_TRAFFIC'},31,{2},5.0
2e698fb3,2e698fb24,2020-10-15,6,{'JAM'},{'JAM_STAND_STILL_TRAFFIC'},32,{6},5.0
2e698fb3,2e698fb24,2020-10-15,9,{'JAM'},{'JAM_STAND_STILL_TRAFFIC'},31,{6},5.0
2e698fb3,2e698fb24,2020-10-16,16,{'JAM'},{'JAM_MODERATE_TRAFFIC'},9,{6},5.0
2e698fb3,2e698fb24,2020-10-20,18,{'JAM'},{'JAM_HEAVY_TRAFFIC'},26,{6},5.0
2e698fb3,2e698fb24,2020-10-21,7,{'JAM'},"{'JAM_MODERATE_TRAFFIC', 'JAM_HEAVY_TRAFFIC'}",62,{6},5.0
2e698fb3,2e698fb24,2020-10-21,10,{'JAM'},{'JAM_STAND_STILL_TRAFFIC'},32,{6},5.625
2e698fb3,2e698fb24,2020-10-25,15,{'JAM'},{'JAM_HEAVY_TRAFFIC'},37,{2},5.4324324324324325
2e698fb3,2e698fb24,2020-10-26,8,{'JAM'},{'JAM_STAND_STILL_TRAFFIC'},30,{2},5.0
2e698fb3,2e698fb24,2020-10-27,11,{'JAM'},{'JAM_HEAVY_TRAFFIC'},7,{6},5.0
2e698fb3,2e698fb24,2020-10-27,13,{'JAM'},{'JAM_STAND_STILL_TRAFFIC'},30,{6},5.0
2e698fb3,2e698fb24,2020-10-28,14,{'JAM'},{'JAM_STAND_STILL_TRAFFIC'},5,{2},5.0
2e698fb3,2e698fb24,2020-10-28,20,{'JAM'},{'JAM_HEAVY_TRAFFIC'},31,{2},5.741935483870968
2e698fb3,2e698fb24,2020-10-29,17,{'WEATHERHAZARD'},"{'WEATHERHAZARD', 'HAZARD_WEATHER_FOG'}",64,{6},5.46875
2e698fb3,2e698fb24,2020-10-30,18,{'JAM'},{'JAM_HEAVY_TRAFFIC'},32,{2},5.0
2e698fb3,2e698fb24,2020-10-31,12,{'JAM'},{'JAM_STAND_STILL_TRAFFIC'},32,{6},5.0
2e698fb3,2e698fb24,2020-10-31,17,{'JAM'},{'JAM_STAND_STILL_TRAFFIC'},30,{6},5.0
2e698fb3,2e698fb24,2020-11-01,14,{'JAM'},{'JAM_STAND_STILL_TRAFFIC'},62,{2},5.451612903225806
2e698fb3,2e698fb24,2020-11-02,8,{'JAM'},{'JAM_HEAVY_TRAFFIC'},33,{6},5.0
2e698fb3,2e698fb24,2020-11-02,10,{'JAM'},{'JAM_STAND_STILL_TRAFFIC'},31,{6},5.838709677419355
2e698fb3,2e698fb24,2020-11-03,10,{'JAM'},{'JAM_STAND_STILL_TRAFFIC'},29,{2},6.0
2e698fb3,2e698fb24,2020-11-03,14,{'JAM'},{'JAM_STAND_STILL_TRAFFIC'},31,{2},5.0
2e698fb3,2e698fb24,2020-11-03,16,{'JAM'},{'JAM_MODERATE_TRAFFIC'},33,{6},5.0
2e698fb3,2e698fb24,2020-11-05,8,{'JAM'},{'JAM_STAND_STILL_TRAFFIC'},66,{2},5.4393939393939394
2e698fb3,2e698fb24,2020-11-05,11,{'JAM'},{'JAM_STAND_STILL_TRAFFIC'},31,{6},5.0
2e698fb3,2e698fb24,2020-11-07,14,{'JAM'},"{'JAM_STAND_STILL_TRAFFIC', 'JAM_HEAVY_TRAFFIC'}",60,"{2, 6}",5.483333333333333
2e698fb3,2e698fb24,2020-11-07,18,{'JAM'},{'JAM_HEAVY_TRAFFIC'},30,{2},5.0
2e698fb3,2e698fb24,2020-11-10,16,{'JAM'},{'JAM_STAND_STILL_TRAFFIC'},7,{6},5.0
2e698fb3,2e698fb24,2020-11-12,18,{'JAM'},{'JAM_STAND_STILL_TRAFFIC'},35,{2},5.0
2e698fb3,2e698fb24,2020-11-15,15,{'JAM'},{'JAM_STAND_STILL_TRAFFIC'},32,{2},5.0
2e698fb3,2e698fb24,2020-11-15,20,{'JAM'},{'JAM_HEAVY_TRAFFIC'},61,{2},5.475409836065574
2e698fb3,2e698fb24,2020-11-16,7,{'JAM'},{'JAM_STAND_STILL_TRAFFIC'},33,{2},5.0
2e698fb3,2e698fb24,2020-11-16,15,{'JAM'},{'JAM_STAND_STILL_TRAFFIC'},32,{6},5.0
2e698fb3,2e698fb24,2020-11-16,21,{'JAM'},{'JAM_HEAVY_TRAFFIC'},31,{2},5.0
2e698fb3,2e698fb24,2020-11-18,15,{'JAM'},{'JAM_STAND_STILL_TRAFFIC'},33,{2},5.0
2e698fb3,2e698fb24,2020-11-19,16,{'WEATHERHAZARD'},{'HAZARD_ON_ROAD_CAR_STOPPED'},30,{6},5.0
2e698fb3,2e698fb24,2020-11-19,20,{'JAM'},{'JAM_STAND_STILL_TRAFFIC'},64,{6},5.0
2e698fb3,2e698fb24,2020-11-21,21,{'JAM'},{'JAM_MODERATE_TRAFFIC'},25,{6},5.0
2e698fb3,2e698fb2c,2020-09-02,6,{'JAM'},{'JAM_HEAVY_TRAFFIC'},30,{6},5.966666666666667
2e698fb3,2e698fb2c,2020-09-06,16,{'JAM'},{'JAM_STAND_STILL_TRAFFIC'},32,{6},5.0
2e698fb3,2e698fb2c,2020-09-10,6,{'JAM'},{'JAM_HEAVY_TRAFFIC'},32,{6},5.0
2e698fb3,2e698fb2c,2020-09-10,19,{'JAM'},{'JAM_HEAVY_TRAFFIC'},10,{6},8.0
2e698fb3,2e698fb2c,2020-10-02,14,{'JAM'},{'JAM_MODERATE_TRAFFIC'},30,{6},5.0
2e698fb3,2e698fb2c,2020-10-09,7,{'JAM'},{'JAM_STAND_STILL_TRAFFIC'},8,{6},5.0
2e698fb3,2e698fb2c,2020-10-10,16,{'JAM'},{'JAM_MODERATE_TRAFFIC'},30,{6},5.0
2e698fb3,2e698fb2c,2020-10-13,11,{'WEATHERHAZARD'},{'HAZARD_ON_ROAD_CAR_STOPPED'},40,{6},6.425
2e698fb3,2e698fb2c,2020-10-15,6,{'JAM'},{'JAM_HEAVY_TRAFFIC'},31,{6},5.0
2e698fb3,2e698fb2c,2020-10-16,16,{'JAM'},{'JAM_STAND_STILL_TRAFFIC'},32,{6},5.96875
2e698fb3,2e698fb2c,2020-10-30,12,{'JAM'},{'JAM_STAND_STILL_TRAFFIC'},6,{6},5.0
2e698fb3,2e698fb2c,2020-11-05,15,{'JAM'},{'JAM_HEAVY_TRAFFIC'},32,{6},5.0
2e698fb3,2e698fb34,2020-09-10,15,{'JAM'},{'JAM_HEAVY_TRAFFIC'},6,{2},5.0
2e698fb3,2e698fb34,2020-10-08,9,{'JAM'},{'JAM_STAND_STILL_TRAFFIC'},35,{2},5.9714285714285715
2e698fb3,2e698fb34,2020-10-26,8,{'JAM'},{'JAM_STAND_STILL_TRAFFIC'},5,{2},5.0
2e698fb3,2e698fb34,2020-11-05,9,{'JAM'},{'JAM_MODERATE_TRAFFIC'},45,{2},5.333333333333333
2e698fb3,2e698fb34,2020-11-07,14,{'JAM'},{'JAM_STAND_STILL_TRAFFIC'},24,{2},6.0
2e698fb3,2e698fb3c,2020-09-07,15,{'JAM'},{'JAM_MODERATE_TRAFFIC'},31,{2},5.0
2e698fb3,2e698fb3c,2020-10-03,14,{'JAM'},{'JAM_STAND_STILL_TRAFFIC'},30,{2},5.0
2e698fb3,2e698fb3c,2020-10-06,9,{'WEATHERHAZARD'},{'HAZARD_ON_ROAD_CAR_STOPPED'},30,{2},5.0
2e698fb3,2e698fb3c,2020-10-06,15,{'JAM'},{'JAM_HEAVY_TRAFFIC'},48,{2},5.416666666666667
2e698fb3,2e698fb3c,2020-10-06,16,{'JAM'},{'JAM_HEAVY_TRAFFIC'},31,{2},5.0
2e698fb3,2e698fb3c,2020-10-18,17,{'JAM'},{'JAM_HEAVY_TRAFFIC'},24,{2},5.0
2e698fb3,2e698fb3c,2020-10-26,8,{'JAM'},{'JAM_STAND_STILL_TRAFFIC'},26,{2},6.0
2e698fb3,2e698fb3c,2020-10-27,19,{'JAM'},{'JAM_STAND_STILL_TRAFFIC'},60,{2},5.0
2e698fb3,2e698fb3c,2020-11-07,14,{'JAM'},{'JAM_STAND_STILL_TRAFFIC'},7,{2},5.0
2e698fb3,2e698fb3c,2020-11-09,18,{'JAM'},"{'JAM_STAND_STILL_TRAFFIC', 'JAM_MODERATE_TRAFFIC'}",63,{2},5.428571428571429
2e698fb3,2e698fb3c,2020-11-15,15,{'JAM'},{'JAM_STAND_STILL_TRAFFIC'},32,{2},5.0
2e698fb3,2e698fb3c,2020-11-16,20,{'JAM'},{'JAM_HEAVY_TRAFFIC'},32,{2},5.0
2e698fb5,2e698fb4c,2020-09-10,11,{'JAM'},{'JAM_HEAVY_TRAFFIC'},7,{2},5.0
2e698fb5,2e698fb4c,2020-09-19,12,{'JAM'},{'JAM_STAND_STILL_TRAFFIC'},28,{2},5.0
2e698fb5,2e698fb4c,2020-09-23,8,{'JAM'},{'JAM_HEAVY_TRAFFIC'},31,{2},5.0
2e698fb5,2e698fb4c,2020-10-04,13,{'WEATHERHAZARD'},{'HAZARD_ON_ROAD_CAR_STOPPED'},31,{2},5.0
2e698fb5,2e698fb4c,2020-10-26,8,{'JAM'},{'JAM_STAND_STILL_TRAFFIC'},30,{2},5.0
2e698fb5,2e698fb4c,2020-10-27,19,{'JAM'},{'JAM_STAND_STILL_TRAFFIC'},31,{2},5.0
2e698fb5,2e698fb4c,2020-11-16,20,{'JAM'},{'JAM_HEAVY_TRAFFIC'},31,{2},5.0
2e698fb5,2e698fb54,2020-11-14,13,{'JAM'},{'JAM'},29,{1},5.0
2e698fb7,2e698fb74,2020-09-05,8,{'JAM'},{'JAM_HEAVY_TRAFFIC'},31,{1},6.0
2e698fbb,2e698fba4,2020-09-01,18,{'JAM'},{'JAM_HEAVY_TRAFFIC'},30,{6},5.0
2e698fbb,2e698fba4,2020-09-01,19,{'JAM'},{'JAM_STAND_STILL_TRAFFIC'},34,{2},8.0
2e698fbb,2e698fba4,2020-09-02,13,{'JAM'},{'JAM_STAND_STILL_TRAFFIC'},3,{6},5.0
2e698fbb,2e698fba4,2020-09-08,6,{'JAM'},{'JAM_HEAVY_TRAFFIC'},31,{6},5.0
2e698fbb,2e698fba4,2020-09-21,4,{'JAM'},{'JAM'},30,{6},5.0
2e698fbb,2e698fba4,2020-09-22,12,{'JAM'},{'JAM_MODERATE_TRAFFIC'},14,{6},5.0
2e698fbb,2e698fba4,2020-09-23,17,{'JAM'},{'JAM'},30,{6},5.0
2e698fbb,2e698fba4,2020-09-26,15,{'JAM'},{'JAM_STAND_STILL_TRAFFIC'},31,{6},5.0
2e698fbb,2e698fba4,2020-09-28,18,{'JAM'},{'JAM_STAND_STILL_TRAFFIC'},32,{2},5.0
2e698fbb,2e698fba4,2020-10-02,18,{'JAM'},{'JAM'},31,{6},5.0
2e698fbb,2e698fba4,2020-10-02,19,{'JAM'},{'JAM_STAND_STILL_TRAFFIC'},30,{2},5.0
2e698fbb,2e698fba4,2020-10-05,17,{'JAM'},{'JAM_MODERATE_TRAFFIC'},32,{6},5.0
2e698fbb,2e698fba4,2020-10-13,17,{'JAM'},{'JAM_STAND_STILL_TRAFFIC'},34,{6},5.0
2e698fbb,2e698fba4,2020-10-14,17,{'JAM'},{'JAM_MODERATE_TRAFFIC'},10,{6},5.0
2e698fbb,2e698fba4,2020-10-15,18,{'JAM'},{'JAM_HEAVY_TRAFFIC'},31,{6},5.0
2e698fbb,2e698fba4,2020-10-19,13,{'JAM'},{'JAM_HEAVY_TRAFFIC'},32,{6},5.0
2e698fbb,2e698fba4,2020-10-23,17,{'JAM'},{'JAM_STAND_STILL_TRAFFIC'},30,{6},5.0
2e698fbb,2e698fba4,2020-10-25,2,{'JAM'},{'JAM_MODERATE_TRAFFIC'},30,{6},5.0
2e698fbb,2e698fba4,2020-10-25,14,{'JAM'},{'JAM_STAND_STILL_TRAFFIC'},30,{2},5.0
2e698fbb,2e698fba4,2020-10-27,13,{'JAM'},{'JAM_HEAVY_TRAFFIC'},6,{6},5.0
2e698fbb,2e698fba4,2020-10-28,17,{'JAM'},{'JAM_HEAVY_TRAFFIC'},30,{6},5.0
2e698fbb,2e698fba4,2020-10-30,18,{'JAM'},{'JAM_HEAVY_TRAFFIC'},31,{6},5.0
2e698fbb,2e698fba4,2020-11-02,8,{'JAM'},{'JAM_HEAVY_TRAFFIC'},32,{6},5.0
2e698fbb,2e698fba4,2020-11-02,11,{'JAM'},{'JAM_STAND_STILL_TRAFFIC'},16,{2},5.0
2e698fbb,2e698fba4,2020-11-04,7,{'JAM'},{'JAM_STAND_STILL_TRAFFIC'},30,{6},5.0
2e698fbb,2e698fba4,2020-11-06,20,{'JAM'},{'JAM_STAND_STILL_TRAFFIC'},31,{6},5.0
2e698fbb,2e698fba4,2020-11-07,19,{'JAM'},{'JAM_STAND_STILL_TRAFFIC'},31,{6},5.0
2e698fbb,2e698fba4,2020-11-08,11,{'JAM'},{'JAM'},15,{6},5.0
2e698fbb,2e698fba4,2020-11-17,14,{'JAM'},{'JAM_MODERATE_TRAFFIC'},33,{6},5.0
2e698fbb,2e698fba4,2020-11-17,16,{'JAM'},{'JAM_MODERATE_TRAFFIC'},21,{2},5.714285714285714
2e698fbb,2e698fba4,2020-11-17,17,{'JAM'},{'JAM_HEAVY_TRAFFIC'},33,{6},5.0
2e698fbb,2e698fba4,2020-11-19,18,{'JAM'},"{'JAM', 'JAM_STAND_STILL_TRAFFIC'}",42,{6},5.857142857142857
2e698fbb,2e698fba4,2020-11-20,18,{'JAM'},{'JAM'},32,{6},5.0
2e698fbb,2e698fbac,2020-09-04,20,{'JAM'},{'JAM_STAND_STILL_TRAFFIC'},29,{2},5.0
2e698fbb,2e698fbac,2020-09-06,16,{'JAM'},{'JAM_STAND_STILL_TRAFFIC'},20,{2},5.0
2e698fbb,2e698fbac,2020-09-12,8,{'JAM'},{'JAM_STAND_STILL_TRAFFIC'},6,{2},5.0
2e698fbb,2e698fbac,2020-09-19,8,{'JAM'},{'JAM_HEAVY_TRAFFIC'},31,{2},5.967741935483871
2e698fbb,2e698fbac,2020-09-24,10,{'JAM'},{'JAM_HEAVY_TRAFFIC'},30,{2},5.0
2e698fbb,2e698fbac,2020-09-30,17,{'JAM'},{'JAM_STAND_STILL_TRAFFIC'},6,{2},5.0
2e698fbb,2e698fbac,2020-10-03,11,{'JAM'},{'JAM_MODERATE_TRAFFIC'},32,{2},5.0
2e698fbb,2e698fbac,2020-10-10,11,{'JAM'},{'JAM_HEAVY_TRAFFIC'},30,{2},5.0
2e698fbb,2e698fbac,2020-10-10,17,{'JAM'},{'JAM_STAND_STILL_TRAFFIC'},30,{2},5.0
2e698fbb,2e698fbac,2020-10-17,9,{'JAM'},{'JAM'},32,{2},5.0
2e698fbb,2e698fbac,2020-11-01,11,{'JAM'},{'JAM_HEAVY_TRAFFIC'},30,{2},5.0
2e698fbb,2e698fbac,2020-11-01,14,{'JAM'},{'JAM_STAND_STILL_TRAFFIC'},32,{2},5.0
2e698fbb,2e698fbac,2020-11-03,6,{'JAM'},{'JAM_STAND_STILL_TRAFFIC'},62,{2},5.0
2e698fbb,2e698fbac,2020-11-03,13,{'JAM'},{'JAM_MODERATE_TRAFFIC'},32,{2},5.0
2e698fbb,2e698fbac,2020-11-06,7,{'JAM'},{'JAM_STAND_STILL_TRAFFIC'},32,{2},5.0
2e698fbb,2e698fbac,2020-11-06,17,{'JAM'},{'JAM_STAND_STILL_TRAFFIC'},12,{2},5.0
2e698fbb,2e698fbac,2020-11-07,13,{'JAM'},{'JAM_STAND_STILL_TRAFFIC'},31,{2},5.0
2e698fbb,2e698fbac,2020-11-07,18,{'JAM'},{'JAM_STAND_STILL_TRAFFIC'},30,{2},5.0
2e698fbb,2e698fbac,2020-11-22,21,{'JAM'},"{'JAM_MODERATE_TRAFFIC', 'JAM_HEAVY_TRAFFIC'}",39,"{1, 2}",5.0
2e698fbb,2e698fbb4,2020-09-02,15,{'JAM'},{'JAM_STAND_STILL_TRAFFIC'},12,{2},5.0
2e698fbb,2e698fbb4,2020-09-03,6,{'JAM'},"{'JAM_STAND_STILL_TRAFFIC', 'JAM_HEAVY_TRAFFIC'}",44,{2},5.0
2e698fbb,2e698fbb4,2020-09-04,21,{'JAM'},{'JAM_MODERATE_TRAFFIC'},19,{2},5.0
2e698fbb,2e698fbb4,2020-09-05,9,{'JAM'},{'JAM_HEAVY_TRAFFIC'},27,{2},5.0
2e698fbb,2e698fbb4,2020-09-05,13,{'JAM'},{'JAM_HEAVY_TRAFFIC'},11,{2},5.0
2e698fbb,2e698fbb4,2020-09-08,6,{'JAM'},{'JAM_STAND_STILL_TRAFFIC'},30,{2},5.0
2e698fbb,2e698fbb4,2020-09-20,10,{'JAM'},{'JAM_STAND_STILL_TRAFFIC'},32,{1},5.0
2e698fbb,2e698fbb4,2020-09-21,14,{'JAM'},{'JAM_STAND_STILL_TRAFFIC'},30,{2},5.0
2e698fbb,2e698fbb4,2020-09-24,10,{'JAM'},{'JAM_HEAVY_TRAFFIC'},11,{2},5.0
2e698fbb,2e698fbb4,2020-09-30,17,{'JAM'},{'JAM_HEAVY_TRAFFIC'},31,{2},5.0
2e698fbb,2e698fbb4,2020-10-03,11,{'JAM'},{'JAM_MODERATE_TRAFFIC'},12,{2},5.0
2e698fbb,2e698fbb4,2020-10-05,19,{'JAM'},{'JAM_STAND_STILL_TRAFFIC'},31,{2},5.0
2e698fbb,2e698fbb4,2020-10-06,22,{'WEATHERHAZARD'},{'HAZARD_ON_ROAD_CONSTRUCTION'},720,{2},5.0
2e698fbb,2e698fbb4,2020-10-10,11,{'JAM'},{'JAM_HEAVY_TRAFFIC'},31,{2},5.0
2e698fbb,2e698fbb4,2020-10-12,19,{'JAM'},{'JAM_HEAVY_TRAFFIC'},31,{2},5.0
2e698fbb,2e698fbb4,2020-10-23,7,{'JAM'},{'JAM_STAND_STILL_TRAFFIC'},35,{2},5.0
2e698fbb,2e698fbb4,2020-10-24,9,{'JAM'},{'JAM_HEAVY_TRAFFIC'},9,{2},5.0
2e698fbb,2e698fbb4,2020-10-29,11,{'JAM'},{'JAM_STAND_STILL_TRAFFIC'},30,{2},5.0
2e698fbb,2e698fbb4,2020-10-31,13,{'JAM'},{'JAM_STAND_STILL_TRAFFIC'},41,{2},5.390243902439025
2e698fbb,2e698fbb4,2020-11-02,11,{'JAM'},{'JAM_STAND_STILL_TRAFFIC'},5,{2},5.0
2e698fbb,2e698fbb4,2020-11-04,7,{'JAM'},{'JAM_HEAVY_TRAFFIC'},32,{2},5.0
2e698fbb,2e698fbb4,2020-11-07,20,{'JAM'},{'JAM_STAND_STILL_TRAFFIC'},32,{2},5.0
2e698fbb,2e698fbb4,2020-11-08,11,{'JAM'},{'JAM_STAND_STILL_TRAFFIC'},37,{2},7.4324324324324325
2e698fbb,2e698fbb4,2020-11-08,13,{'JAM'},{'JAM_HEAVY_TRAFFIC'},34,{2},5.0
2e698fbb,2e698fbb4,2020-11-15,15,{'JAM'},{'JAM_HEAVY_TRAFFIC'},9,{2},5.0
2e698fbb,2e698fbb4,2020-11-21,9,{'JAM'},{'JAM'},31,{2},5.0
2e698fbb,2e698fbbc,2020-09-28,18,{'JAM'},{'JAM_HEAVY_TRAFFIC'},32,{6},5.0
2e698fbb,2e698fbbc,2020-10-02,10,{'WEATHERHAZARD'},{'HAZARD_ON_ROAD_CAR_STOPPED'},30,{6},6.9
2e698fbb,2e698fbbc,2020-10-14,17,{'JAM'},{'JAM_HEAVY_TRAFFIC'},30,{6},5.0
2e698fbb,2e698fbbc,2020-10-28,17,{'JAM'},{'JAM_HEAVY_TRAFFIC'},62,{6},5.0
2e698fbb,2e698fbbc,2020-11-02,17,{'JAM'},{'JAM_HEAVY_TRAFFIC'},32,{6},5.0
2e698fbb,2e698fbbc,2020-11-05,17,{'JAM'},{'JAM_HEAVY_TRAFFIC'},30,{6},5.0
2e698fbb,2e698fbbc,2020-11-17,17,{'JAM'},{'JAM_STAND_STILL_TRAFFIC'},34,{6},5.0
2e698fbb,2e698fbbc,2020-11-19,17,{'JAM'},{'JAM_HEAVY_TRAFFIC'},37,{6},5.486486486486487
2e698fbb,2e698fbbc,2020-11-19,18,{'JAM'},{'JAM_STAND_STILL_TRAFFIC'},64,{6},5.515625
2e698fbd,2e698fbc4,2020-09-12,10,{'JAM'},{'JAM_MODERATE_TRAFFIC'},6,{1},5.0
2e698fbd,2e698fbc4,2020-10-28,17,{'JAM'},{'JAM_HEAVY_TRAFFIC'},33,{6},5.0
2e698fbd,2e698fbc4,2020-11-07,10,{'JAM'},{'JAM_STAND_STILL_TRAFFIC'},31,{6},5.0
2e698fbd,2e698fbc4,2020-11-19,18,{'JAM'},{'JAM_STAND_STILL_TRAFFIC'},30,{6},5.0
2e698fbf,2e698fbe4,2020-09-10,17,{'JAM'},{'JAM_MODERATE_TRAFFIC'},31,{6},5.0
2e698fbf,2e698fbe4,2020-09-30,17,{'JAM'},{'JAM_HEAVY_TRAFFIC'},34,{6},5.0
2e698fbf,2e698fbe4,2020-10-06,16,{'JAM'},{'JAM_STAND_STILL_TRAFFIC'},33,{6},5.545454545454546
2e698fbf,2e698fbe4,2020-10-09,18,{'JAM'},{'JAM_HEAVY_TRAFFIC'},31,{6},5.0
2e698fbf,2e698fbe4,2020-10-15,13,{'JAM'},{'JAM_HEAVY_TRAFFIC'},35,{6},5.0
2e698fbf,2e698fbe4,2020-10-28,17,{'JAM'},{'JAM_MODERATE_TRAFFIC'},31,{6},5.0
2e698fbf,2e698fbe4,2020-11-06,16,{'JAM'},{'JAM_MODERATE_TRAFFIC'},30,{6},5.0
2e698fbf,2e698fbe4,2020-11-17,17,{'JAM'},{'JAM_STAND_STILL_TRAFFIC'},31,{6},5.0
2e698fbf,2e698fbec,2020-10-03,20,{'JAM'},{'JAM_MODERATE_TRAFFIC'},30,{6},5.0
2e698fbf,2e698fbec,2020-10-06,17,{'JAM'},{'JAM_STAND_STILL_TRAFFIC'},32,{6},5.625
2e698fbf,2e698fbec,2020-10-15,11,{'JAM'},{'JAM'},31,{6},5.0
2e698fbf,2e698fbec,2020-10-15,13,{'WEATHERHAZARD'},{'HAZARD_ON_SHOULDER_CAR_STOPPED'},10,{6},5.0
2e698fbf,2e698fbec,2020-10-23,16,{'JAM'},{'JAM_HEAVY_TRAFFIC'},32,{6},5.0
2e698fbf,2e698fbec,2020-10-27,13,{'JAM'},{'JAM_STAND_STILL_TRAFFIC'},32,{6},5.0
2e698fbf,2e698fbec,2020-11-19,18,{'JAM'},{'JAM_STAND_STILL_TRAFFIC'},61,{6},5.491803278688525
2e698fbf,2e698fbfc,2020-09-08,17,{'JAM'},{'JAM_STAND_STILL_TRAFFIC'},64,{2},5.875
2e698fbf,2e698fbfc,2020-11-19,17,{'JAM'},"{'JAM', 'JAM_STAND_STILL_TRAFFIC'}",68,{2},5.455882352941177
2e698fc1,2e698fc04,2020-09-04,0,{'JAM'},{'JAM'},31,{22},5.0
2e698fc1,2e698fc1c,2020-09-12,16,{'JAM'},{'JAM_HEAVY_TRAFFIC'},32,{2},5.0
2e698fc3,2e698fc2c,2020-09-02,16,{'JAM'},{'JAM_HEAVY_TRAFFIC'},32,{1},5.0
2e698fc3,2e698fc2c,2020-09-10,16,{'JAM'},{'JAM_HEAVY_TRAFFIC'},32,{1},6.875
2e698fc3,2e698fc2c,2020-09-15,17,{'JAM'},{'JAM_HEAVY_TRAFFIC'},30,{1},5.0
2e698fc3,2e698fc2c,2020-09-15,19,{'WEATHERHAZARD'},{'HAZARD_ON_ROAD_CAR_STOPPED'},31,{1},5.645161290322581
2e698fc3,2e698fc2c,2020-09-16,17,{'JAM'},{'JAM_HEAVY_TRAFFIC'},11,{1},5.0
2e698fc3,2e698fc2c,2020-09-21,18,{'JAM'},{'JAM_STAND_STILL_TRAFFIC'},34,{1},5.0
2e698fc3,2e698fc2c,2020-10-23,16,{'JAM'},{'JAM_HEAVY_TRAFFIC'},37,{1},6.0
2e698fc3,2e698fc2c,2020-10-23,17,{'JAM'},{'JAM_MODERATE_TRAFFIC'},33,{1},5.666666666666667
2e698fc3,2e698fc2c,2020-10-26,20,{'JAM'},{'JAM'},31,{1},5.0
2e698fc3,2e698fc2c,2020-10-28,16,{'JAM'},{'JAM_HEAVY_TRAFFIC'},33,{1},5.909090909090909
2e698fc3,2e698fc2c,2020-10-29,16,{'JAM'},{'JAM_STAND_STILL_TRAFFIC'},31,{2},5.0
2e698fc3,2e698fc2c,2020-11-02,15,{'JAM'},{'JAM_STAND_STILL_TRAFFIC'},5,{1},5.0
2e698fc3,2e698fc2c,2020-11-05,16,{'JAM'},{'JAM_STAND_STILL_TRAFFIC'},5,{2},5.0
2e698fc3,2e698fc2c,2020-11-06,19,{'JAM'},{'JAM_HEAVY_TRAFFIC'},35,{1},5.457142857142857
2e698fc3,2e698fc2c,2020-11-07,15,{'JAM'},{'JAM_MODERATE_TRAFFIC'},33,{2},5.0
2e698fc3,2e698fc2c,2020-11-09,17,{'JAM'},{'JAM_HEAVY_TRAFFIC'},41,{2},6.2926829268292686
2e698fc3,2e698fc34,2020-09-08,17,{'JAM'},{'JAM_STAND_STILL_TRAFFIC'},31,{2},5.0
2e698fc3,2e698fc34,2020-09-08,23,{'ACCIDENT'},{'ACCIDENT'},123,{2},5.0
2e698fc5,2e698fc4c,2020-10-25,18,{'JAM'},{'JAM_MODERATE_TRAFFIC'},31,{1},5.0
2e698fc5,2e698fc5c,2020-09-29,7,{'JAM'},{'JAM_HEAVY_TRAFFIC'},27,{2},5.0
2e698fc5,2e698fc5c,2020-11-17,15,{'JAM'},{'JAM_STAND_STILL_TRAFFIC'},17,{2},5.0
2e698fc5,2e698fc5c,2020-11-21,15,{'WEATHERHAZARD'},{'HAZARD_ON_ROAD_POT_HOLE'},1189,{2},9.526492851135409
2e698fc7,2e698fc74,2020-09-15,16,{'JAM'},{'JAM_STAND_STILL_TRAFFIC'},9,{1},5.0
2e698fc9,2e698fc84,2020-10-27,10,{'JAM'},{'JAM_STAND_STILL_TRAFFIC'},30,{1},5.0
2e698fcb,2e698fca4,2020-09-27,22,{'JAM'},{'JAM_HEAVY_TRAFFIC'},30,{1},5.0
2e698fcb,2e698fcb4,2020-09-04,18,{'JAM'},{'JAM_STAND_STILL_TRAFFIC'},30,{2},5.0
2e698fcb,2e698fcb4,2020-10-26,14,{'JAM'},{'JAM_HEAVY_TRAFFIC'},14,{2},5.0
2e698fcb,2e698fcb4,2020-10-26,17,{'JAM'},"{'JAM', 'JAM_HEAVY_TRAFFIC'}",54,"{2, 4}",5.5
2e698fcb,2e698fcb4,2020-10-26,18,{'JAM'},{'JAM_STAND_STILL_TRAFFIC'},31,{2},5.0
2e698fcb,2e698fcb4,2020-10-31,15,{'JAM'},{'JAM'},33,{1},5.0
2e698fcb,2e698fcbc,2020-10-26,16,{'JAM'},{'JAM_HEAVY_TRAFFIC'},32,{2},5.75
2e698fcb,2e698fcbc,2020-11-09,6,{'JAM'},{'JAM_MODERATE_TRAFFIC'},14,{2},5.0
2e698fcb,2e698fcbc,2020-11-09,18,{'JAM'},{'JAM_HEAVY_TRAFFIC'},26,{2},5.0
2e698fcd,2e698fcc4,2020-09-24,18,{'JAM'},{'JAM_STAND_STILL_TRAFFIC'},12,{4},5.0
2e698fcd,2e698fcc4,2020-10-26,16,{'JAM'},{'JAM_HEAVY_TRAFFIC'},30,{2},5.0
2e698fcd,2e698fcc4,2020-10-26,18,{'JAM'},{'JAM_HEAVY_TRAFFIC'},27,{1},5.0
2e698fcd,2e698fcc4,2020-10-26,19,{'JAM'},{'JAM_HEAVY_TRAFFIC'},33,{2},5.0
2e698fcd,2e698fcc4,2020-10-27,17,{'JAM'},{'JAM_STAND_STILL_TRAFFIC'},36,{2},5.0
2e698fcd,2e698fcc4,2020-11-05,17,{'JAM'},{'JAM_MODERATE_TRAFFIC'},30,{2},5.0
2e698fcd,2e698fcc4,2020-11-07,16,{'JAM'},"{'JAM', 'JAM_HEAVY_TRAFFIC'}",38,{2},5.0
2e698fcd,2e698fccc,2020-09-03,15,{'WEATHERHAZARD'},{'HAZARD_ON_SHOULDER_CAR_STOPPED'},30,{4},5.533333333333333
2e698fcd,2e698fccc,2020-10-09,7,{'JAM'},{'JAM_STAND_STILL_TRAFFIC'},33,{4},5.0
2e698fcd,2e698fccc,2020-10-09,16,{'WEATHERHAZARD'},{'HAZARD_ON_SHOULDER_CAR_STOPPED'},50,{4},5.8
2e698fcd,2e698fccc,2020-10-26,18,{'JAM'},{'JAM_STAND_STILL_TRAFFIC'},27,{1},5.888888888888889
2e698fcd,2e698fccc,2020-11-04,8,{'WEATHERHAZARD'},{'HAZARD_ON_SHOULDER_CAR_STOPPED'},30,{4},5.0
2e698fcd,2e698fccc,2020-11-12,17,{'JAM'},{'JAM_STAND_STILL_TRAFFIC'},31,{1},5.903225806451613
2e698fcf,2e698fcec,2020-10-26,18,{'JAM'},{'JAM_STAND_STILL_TRAFFIC'},27,{2},5.0
2e698fcf,2e698fcec,2020-10-27,18,{'JAM'},{'JAM_STAND_STILL_TRAFFIC'},33,{2},5.0
2e698fcf,2e698fcec,2020-10-30,15,{'JAM'},{'JAM_MODERATE_TRAFFIC'},6,{2},5.0
2e698fcf,2e698fcf4,2020-10-26,18,{'JAM'},{'JAM_STAND_STILL_TRAFFIC'},65,{2},5.0
2e698fcf,2e698fcf4,2020-11-07,16,{'JAM'},{'JAM_HEAVY_TRAFFIC'},26,{1},5.0
2e698fcf,2e698fcf4,2020-11-12,18,{'JAM'},{'JAM_STAND_STILL_TRAFFIC'},33,{1},5.0
2e698fd3,2e698fd2c,2020-10-26,18,{'JAM'},{'JAM_STAND_STILL_TRAFFIC'},27,{1},5.7407407407407405
2e698fd3,2e698fd2c,2020-11-07,18,{'JAM'},{'JAM_HEAVY_TRAFFIC'},30,{1},5.0
2e698fd3,2e698fd2c,2020-11-14,18,{'JAM'},{'JAM_MODERATE_TRAFFIC'},31,{1},5.0
2e698fd9,2e698fd94,2020-10-23,16,{'JAM'},{'JAM_HEAVY_TRAFFIC'},9,{2},5.0
2e698fd9,2e698fd94,2020-11-15,11,{'JAM'},{'JAM_STAND_STILL_TRAFFIC'},27,{2},6.0
2e698fdb,2e698fdb4,2020-09-16,13,{'WEATHERHAZARD'},{'HAZARD_ON_SHOULDER_CAR_STOPPED'},32,{4},5.03125
2e698fdb,2e698fdb4,2020-10-09,6,{'JAM'},{'JAM'},5,{4},5.0
2e698fdb,2e698fdb4,2020-10-20,15,{'WEATHERHAZARD'},{'HAZARD_ON_SHOULDER_CAR_STOPPED'},26,{4},5.846153846153846
2e698fdb,2e698fdb4,2020-10-23,10,{'JAM'},{'JAM_STAND_STILL_TRAFFIC'},30,{4},5.0
2e698fdb,2e698fdb4,2020-10-27,6,{'JAM'},{'JAM_HEAVY_TRAFFIC'},32,{4},5.84375
2e698fdb,2e698fdbc,2020-09-11,10,{'JAM'},{'JAM_STAND_STILL_TRAFFIC'},30,{2},5.0
2e698fdd,2e698fdc4,2020-10-11,13,{'JAM'},{'JAM_MODERATE_TRAFFIC'},32,{2},5.0
2e698fdd,2e698fdc4,2020-10-23,16,{'JAM'},{'JAM_HEAVY_TRAFFIC'},34,{2},5.0
2e698fdd,2e698fdcc,2020-09-08,17,{'JAM'},{'JAM_HEAVY_TRAFFIC'},33,{2},5.0
2e698fdd,2e698fdcc,2020-09-11,11,{'JAM'},{'JAM_STAND_STILL_TRAFFIC'},30,{2},5.0
2e698fdd,2e698fdcc,2020-09-17,6,{'JAM'},{'JAM_STAND_STILL_TRAFFIC'},31,{4},5.0
2e698fdd,2e698fdcc,2020-09-23,7,{'JAM'},{'JAM_STAND_STILL_TRAFFIC'},30,{4},6.633333333333334
2e698fdd,2e698fdcc,2020-09-25,7,{'JAM'},{'JAM_STAND_STILL_TRAFFIC'},30,{4},5.133333333333334
2e698fdd,2e698fdcc,2020-09-25,17,{'JAM'},{'JAM_HEAVY_TRAFFIC'},30,{2},5.0
2e698fdd,2e698fdcc,2020-09-28,9,{'JAM'},{'JAM_HEAVY_TRAFFIC'},15,{4},6.0
2e698fdd,2e698fdcc,2020-10-09,8,{'JAM'},{'JAM_HEAVY_TRAFFIC'},21,{4},5.904761904761905
2e698fdd,2e698fdcc,2020-10-09,17,{'WEATHERHAZARD'},{'HAZARD_ON_SHOULDER_CAR_STOPPED'},32,{4},5.0
2e698fdd,2e698fdcc,2020-10-21,11,{'WEATHERHAZARD'},{'HAZARD_ON_SHOULDER_CAR_STOPPED'},30,{4},5.0
2e698fdd,2e698fdcc,2020-10-22,7,{'JAM'},{'JAM_STAND_STILL_TRAFFIC'},34,{4},5.4411764705882355
2e698fdd,2e698fdcc,2020-10-23,19,{'JAM'},{'JAM_HEAVY_TRAFFIC'},50,{2},5.32
2e698fdd,2e698fdcc,2020-11-02,7,{'JAM'},{'JAM_STAND_STILL_TRAFFIC'},30,{4},5.766666666666667
2e698fdd,2e698fdcc,2020-11-17,17,{'JAM'},{'JAM_HEAVY_TRAFFIC'},32,{2},5.0
2e698fdd,2e698fdd4,2020-09-01,10,{'JAM'},{'JAM_MODERATE_TRAFFIC'},6,{4},5.0
2e698fdd,2e698fdd4,2020-09-16,6,{'JAM'},{'JAM_HEAVY_TRAFFIC'},31,{4},5.0
2e698fdd,2e698fdd4,2020-10-15,6,{'JAM'},{'JAM_STAND_STILL_TRAFFIC'},6,{4},5.0
2e698fdd,2e698fddc,2020-09-04,7,{'JAM'},{'JAM_STAND_STILL_TRAFFIC'},24,{4},5.0
2e698fdd,2e698fddc,2020-09-08,6,{'JAM'},{'JAM_STAND_STILL_TRAFFIC'},30,{4},5.0
2e698fdd,2e698fddc,2020-09-09,17,{'WEATHERHAZARD'},{'HAZARD_ON_SHOULDER_CAR_STOPPED'},15,{4},5.266666666666667
2e698fdd,2e698fddc,2020-09-10,7,{'JAM'},{'JAM_HEAVY_TRAFFIC'},15,{4},5.0
2e698fdd,2e698fddc,2020-09-14,12,{'JAM'},{'JAM_STAND_STILL_TRAFFIC'},6,{4},5.0
2e698fdd,2e698fddc,2020-09-16,8,{'JAM'},{'JAM_STAND_STILL_TRAFFIC'},31,{4},5.0
2e698fdd,2e698fddc,2020-09-17,7,{'JAM'},{'JAM_HEAVY_TRAFFIC'},16,{4},5.5625
2e698fdd,2e698fddc,2020-09-22,6,{'JAM'},{'JAM_STAND_STILL_TRAFFIC'},30,{4},5.0
2e698fdd,2e698fddc,2020-09-25,18,{'JAM'},{'JAM_STAND_STILL_TRAFFIC'},31,{1},5.0
2e698fdd,2e698fddc,2020-09-30,7,{'JAM'},{'JAM_HEAVY_TRAFFIC'},10,{4},5.6
2e698fdd,2e698fddc,2020-10-14,7,{'JAM'},{'JAM_STAND_STILL_TRAFFIC'},12,{4},5.0
2e698fdd,2e698fddc,2020-10-15,7,{'JAM'},{'JAM_STAND_STILL_TRAFFIC'},5,{4},6.0
2e698fdd,2e698fddc,2020-10-20,7,{'JAM'},{'JAM_STAND_STILL_TRAFFIC'},31,{4},5.741935483870968
2e698fdd,2e698fddc,2020-10-21,6,{'JAM'},{'JAM_STAND_STILL_TRAFFIC'},36,{4},5.472222222222222
2e698fdd,2e698fddc,2020-10-22,7,{'JAM'},{'JAM_STAND_STILL_TRAFFIC'},5,{4},5.0
2e698fdd,2e698fddc,2020-10-26,10,{'JAM'},{'JAM_STAND_STILL_TRAFFIC'},30,{4},5.933333333333334
2e698fdd,2e698fddc,2020-10-26,11,{'JAM'},{'JAM_STAND_STILL_TRAFFIC'},33,{4},5.0
2e698fdd,2e698fddc,2020-10-30,7,{'JAM'},{'JAM'},33,{4},5.96969696969697
2e698fdd,2e698fddc,2020-11-10,18,{'WEATHERHAZARD'},{'HAZARD_ON_SHOULDER_CAR_STOPPED'},40,{4},5.7
2e698fdf,2e698fdec,2020-09-02,12,{'ACCIDENT'},{'ACCIDENT'},104,{22},5.605769230769231
2e698fe1,2e698fe0c,2020-09-22,14,{'WEATHERHAZARD'},{'HAZARD_ON_ROAD_POT_HOLE'},600,{4},7.718333333333334
2e698fe1,2e698fe0c,2020-10-08,18,{'JAM'},{'JAM_STAND_STILL_TRAFFIC'},6,{4},5.0
2e698fe1,2e698fe0c,2020-11-16,17,{'JAM'},{'JAM_STAND_STILL_TRAFFIC'},18,{4},5.0
2e698fe1,2e698fe0c,2020-11-19,16,{'JAM'},{'JAM_HEAVY_TRAFFIC'},17,{1},5.0
2e698fe1,2e698fe14,2020-09-08,14,{'WEATHERHAZARD'},{'HAZARD_ON_ROAD_POT_HOLE'},114,{4},6.7631578947368425
2e698fe1,2e698fe14,2020-09-16,6,{'JAM'},{'JAM_HEAVY_TRAFFIC'},31,{4},5.0
2e698fe1,2e698fe14,2020-09-17,17,{'JAM'},{'JAM_HEAVY_TRAFFIC'},30,{4},5.0
2e698fe1,2e698fe14,2020-09-25,10,{'JAM'},"{'JAM_STAND_STILL_TRAFFIC', 'JAM_HEAVY_TRAFFIC'}",14,{4},5.428571428571429
2e698fe1,2e698fe14,2020-09-28,13,{'JAM'},{'JAM_HEAVY_TRAFFIC'},33,{4},5.0
2e698fe1,2e698fe14,2020-10-09,7,{'JAM'},{'JAM_MODERATE_TRAFFIC'},31,{4},5.0
2e698fe1,2e698fe14,2020-10-17,12,{'WEATHERHAZARD'},{'HAZARD_ON_ROAD_POT_HOLE'},1378,{4},8.605950653120464
2e698fe1,2e698fe14,2020-10-26,17,{'JAM'},{'JAM_MODERATE_TRAFFIC'},27,{4},5.0
2e698fe1,2e698fe14,2020-11-04,14,{'WEATHERHAZARD'},{'HAZARD_ON_ROAD_POT_HOLE'},2629,{4},8.97565614302016
2e698fe1,2e698fe14,2020-11-11,15,{'JAM'},{'JAM_HEAVY_TRAFFIC'},48,{4},5.354166666666667
2e698fe1,2e698fe1c,2020-09-08,14,{'WEATHERHAZARD'},{'HAZARD_ON_ROAD_CAR_STOPPED'},81,"{2, 4}",5.666666666666667
2e698fe1,2e698fe1c,2020-09-12,11,{'WEATHERHAZARD'},"{'HAZARD_ON_SHOULDER_CAR_STOPPED', 'HAZARD_ON_ROAD_POT_HOLE'}",104,"{2, 4}",5.8076923076923075
2e698fe1,2e698fe1c,2020-09-15,14,{'WEATHERHAZARD'},{'HAZARD_ON_SHOULDER_CAR_STOPPED'},62,"{2, 4}",5.5
2e698fe1,2e698fe1c,2020-09-15,18,{'WEATHERHAZARD'},{'HAZARD_ON_SHOULDER_CAR_STOPPED'},32,{4},6.09375
2e698fe1,2e698fe1c,2020-09-22,14,{'WEATHERHAZARD'},{'HAZARD_ON_SHOULDER_CAR_STOPPED'},32,{4},6.0
2e698fe1,2e698fe1c,2020-09-22,20,{'WEATHERHAZARD'},{'HAZARD_ON_SHOULDER_CAR_STOPPED'},35,{4},5.457142857142857
2e698fe1,2e698fe1c,2020-09-26,12,{'WEATHERHAZARD'},{'HAZARD_ON_SHOULDER_CAR_STOPPED'},30,{2},5.0
2e698fe1,2e698fe1c,2020-09-27,12,{'WEATHERHAZARD'},{'HAZARD_ON_SHOULDER_CAR_STOPPED'},32,{4},5.0
2e698fe1,2e698fe1c,2020-09-28,14,{'WEATHERHAZARD'},{'HAZARD_ON_SHOULDER_CAR_STOPPED'},30,{4},5.0
2e698fe1,2e698fe1c,2020-09-29,10,{'JAM'},{'JAM_HEAVY_TRAFFIC'},23,{4},5.0
2e698fe1,2e698fe1c,2020-10-06,8,{'WEATHERHAZARD'},{'HAZARD_ON_ROAD_POT_HOLE'},3228,{1},8.35997521685254
2e698fe1,2e698fe1c,2020-10-07,14,{'JAM'},{'JAM_MODERATE_TRAFFIC'},6,{4},5.0
2e698fe1,2e698fe1c,2020-10-09,7,{'JAM'},{'JAM_STAND_STILL_TRAFFIC'},18,{4},5.0
2e698fe1,2e698fe1c,2020-10-12,14,{'WEATHERHAZARD'},{'HAZARD_ON_SHOULDER_CAR_STOPPED'},64,"{2, 4}",5.5
2e698fe1,2e698fe1c,2020-10-15,14,{'JAM'},{'JAM_MODERATE_TRAFFIC'},15,{2},5.0
2e698fe1,2e698fe1c,2020-10-17,12,{'WEATHERHAZARD'},{'HAZARD_ON_SHOULDER_CAR_STOPPED'},31,{4},5.0
2e698fe1,2e698fe1c,2020-10-19,18,{'WEATHERHAZARD'},{'HAZARD_ON_SHOULDER_CAR_STOPPED'},46,{4},6.695652173913044
2e698fe1,2e698fe1c,2020-10-26,16,{'JAM'},{'JAM_HEAVY_TRAFFIC'},31,{2},5.0
2e698fe1,2e698fe1c,2020-10-30,9,{'WEATHERHAZARD'},{'HAZARD_ON_SHOULDER_CAR_STOPPED'},30,{2},5.0
2e698fe1,2e698fe1c,2020-11-03,14,{'WEATHERHAZARD'},{'WEATHERHAZARD'},34,{4},5.0
2e698fe1,2e698fe1c,2020-11-05,7,{'JAM'},"{'JAM_STAND_STILL_TRAFFIC', 'JAM_HEAVY_TRAFFIC'}",41,{4},5.0
2e698fe1,2e698fe1c,2020-11-06,15,{'WEATHERHAZARD'},{'HAZARD_ON_ROAD_CONSTRUCTION'},680,{4},8.358823529411765
2e698fe1,2e698fe1c,2020-11-12,18,{'JAM'},{'JAM_MODERATE_TRAFFIC'},5,{1},5.8
2e698fe1,2e698fe1c,2020-11-18,19,{'WEATHERHAZARD'},{'HAZARD_ON_SHOULDER_CAR_STOPPED'},32,{4},5.71875
2e698fe1,2e698fe1c,2020-11-22,10,{'WEATHERHAZARD'},{'HAZARD_ON_SHOULDER_CAR_STOPPED'},31,{2},5.0
2e698fe3,2e698fe2c,2020-09-01,15,{'JAM'},{'JAM_HEAVY_TRAFFIC'},21,{2},5.0
2e698fe3,2e698fe2c,2020-09-16,16,{'JAM'},{'JAM_HEAVY_TRAFFIC'},7,{2},7.0
2e698fe3,2e698fe2c,2020-10-05,16,{'JAM'},{'JAM_STAND_STILL_TRAFFIC'},30,{2},5.833333333333333
2e698fe3,2e698fe2c,2020-10-07,12,{'JAM'},{'JAM'},21,{2},5.0
2e698fe3,2e698fe2c,2020-10-17,12,{'WEATHERHAZARD'},{'HAZARD_ON_SHOULDER_CAR_STOPPED'},30,{2},5.0
2e698fe3,2e698fe2c,2020-10-21,17,{'JAM'},{'JAM_STAND_STILL_TRAFFIC'},31,{2},5.0
2e698fe3,2e698fe2c,2020-10-26,17,{'JAM'},{'JAM_STAND_STILL_TRAFFIC'},28,{2},6.571428571428571
2e698fe3,2e698fe2c,2020-10-27,18,{'JAM'},{'JAM_MODERATE_TRAFFIC'},32,{2},5.0
2e698fe3,2e698fe2c,2020-10-28,16,{'JAM'},{'JAM_HEAVY_TRAFFIC'},31,{2},5.806451612903226
2e698fe3,2e698fe2c,2020-11-01,19,{'JAM'},{'JAM_HEAVY_TRAFFIC'},31,{20},5.0
2e698fe3,2e698fe2c,2020-11-02,17,{'JAM'},{'JAM_STAND_STILL_TRAFFIC'},64,"{2, 20}",5.0
2e698fe3,2e698fe2c,2020-11-17,7,{'JAM'},{'JAM_STAND_STILL_TRAFFIC'},32,{2},5.0
2e698fe3,2e698fe2c,2020-11-20,13,{'JAM'},{'JAM_STAND_STILL_TRAFFIC'},32,{2},5.0
2e698fe3,2e698fe2c,2020-11-20,17,{'JAM'},{'JAM_STAND_STILL_TRAFFIC'},35,{2},6.2
2e698fe3,2e698fe2c,2020-11-21,11,{'JAM'},{'JAM_HEAVY_TRAFFIC'},16,{2},5.0
2e698fe3,2e698fe34,2020-11-21,23,{'JAM'},{'JAM_HEAVY_TRAFFIC'},6,{4},5.0
2e698fe3,2e698fe3c,2020-09-25,10,{'WEATHERHAZARD'},{'HAZARD_ON_ROAD_CONSTRUCTION'},608,{4},6.815789473684211
2e698fe3,2e698fe3c,2020-10-27,7,{'JAM'},{'JAM_HEAVY_TRAFFIC'},30,{4},5.0
2e698fe3,2e698fe3c,2020-11-10,19,{'ROAD_CLOSED'},{'ROAD_CLOSED_EVENT'},28188,{4},6.0
2e698fe5,2e698fe44,2020-09-08,16,{'WEATHERHAZARD'},{'HAZARD_ON_ROAD_CONSTRUCTION'},697,{4},5.944045911047346
2e698fe5,2e698fe44,2020-10-20,15,{'WEATHERHAZARD'},{'HAZARD_ON_ROAD_CONSTRUCTION'},718,{4},8.303621169916434
2e698fe5,2e698fe44,2020-10-21,11,{'WEATHERHAZARD'},{'HAZARD_ON_ROAD_CONSTRUCTION'},721,{4},7.360610263522885
2e698fe5,2e698fe44,2020-10-26,19,{'JAM'},{'JAM_HEAVY_TRAFFIC'},32,{4},5.0
2e698fe5,2e698fe44,2020-10-27,21,{'WEATHERHAZARD'},{'HAZARD_ON_ROAD_CONSTRUCTION'},721,{4},8.500693481276006
2e698fe5,2e698fe44,2020-11-13,8,{'WEATHERHAZARD'},{'WEATHERHAZARD'},31,{4},5.0
2e698fe5,2e698fe54,2020-09-07,14,{'JAM'},{'JAM_HEAVY_TRAFFIC'},30,{2},5.566666666666666
2e698fe5,2e698fe54,2020-09-07,15,{'JAM'},{'JAM_STAND_STILL_TRAFFIC'},44,{2},5.340909090909091
2e698fe5,2e698fe54,2020-09-10,7,{'JAM'},{'JAM_HEAVY_TRAFFIC'},32,{2},5.8125
2e698fe5,2e698fe54,2020-09-11,11,{'JAM'},{'JAM'},30,{2},5.0
2e698fe5,2e698fe54,2020-09-15,16,{'JAM'},{'JAM_HEAVY_TRAFFIC'},27,{2},5.0
2e698fe5,2e698fe54,2020-10-02,15,{'JAM'},{'JAM'},33,{2},5.0
2e698fe5,2e698fe54,2020-10-07,14,{'JAM'},{'JAM'},5,{2},5.0
2e698fe5,2e698fe54,2020-10-13,6,{'JAM'},{'JAM_STAND_STILL_TRAFFIC'},21,{2},6.0
2e698fe5,2e698fe54,2020-10-14,14,{'JAM'},{'JAM_STAND_STILL_TRAFFIC'},33,{2},6.424242424242424
2e698fe5,2e698fe54,2020-10-23,14,"{'JAM', 'ACCIDENT'}","{'JAM_HEAVY_TRAFFIC', 'ACCIDENT_MAJOR'}",152,{2},5.0
2e698fe5,2e698fe54,2020-10-23,15,{'JAM'},{'JAM_HEAVY_TRAFFIC'},48,{2},5.375
2e698fe5,2e698fe54,2020-10-26,10,{'JAM'},"{'JAM_STAND_STILL_TRAFFIC', 'JAM_HEAVY_TRAFFIC'}",60,{2},5.366666666666666
2e698fe5,2e698fe54,2020-10-26,17,{'JAM'},{'JAM_HEAVY_TRAFFIC'},11,{2},5.0
2e698fe5,2e698fe54,2020-10-26,18,{'JAM'},{'JAM_HEAVY_TRAFFIC'},10,{2},5.0
2e698fe5,2e698fe54,2020-10-27,6,{'JAM'},{'JAM_HEAVY_TRAFFIC'},44,{2},5.454545454545454
2e698fe5,2e698fe54,2020-10-27,15,{'JAM'},{'JAM_HEAVY_TRAFFIC'},32,{2},5.0
2e698fe5,2e698fe54,2020-11-02,17,{'JAM'},{'JAM_STAND_STILL_TRAFFIC'},22,{2},5.0
2e698fe5,2e698fe54,2020-11-03,15,{'JAM'},{'JAM'},15,{2},5.0
2e698fe5,2e698fe54,2020-11-03,17,{'JAM'},{'JAM_HEAVY_TRAFFIC'},25,{2},5.56
2e698fe5,2e698fe54,2020-11-05,6,{'JAM'},{'JAM_STAND_STILL_TRAFFIC'},31,{2},5.0
2e698fe5,2e698fe54,2020-11-05,7,{'JAM'},{'JAM_STAND_STILL_TRAFFIC'},31,{2},5.967741935483871
2e698fe5,2e698fe5c,2020-09-09,17,{'JAM'},{'JAM_HEAVY_TRAFFIC'},19,"{1, 4}",5.0
2e698fe5,2e698fe5c,2020-09-15,17,{'JAM'},"{'JAM_MODERATE_TRAFFIC', 'JAM_HEAVY_TRAFFIC'}",60,"{1, 4}",5.483333333333333
2e698fe5,2e698fe5c,2020-09-26,21,{'WEATHERHAZARD'},{'HAZARD_ON_ROAD_CONSTRUCTION'},783,{4},6.020434227330779
2e698fe5,2e698fe5c,2020-09-29,18,{'JAM'},{'JAM_HEAVY_TRAFFIC'},26,{1},8.0
2e698fe5,2e698fe5c,2020-10-07,14,{'WEATHERHAZARD'},{'WEATHERHAZARD'},30,{1},5.0
2e698fe5,2e698fe5c,2020-10-07,17,{'JAM'},{'JAM_HEAVY_TRAFFIC'},41,{1},5.439024390243903
2e698fe5,2e698fe5c,2020-10-09,15,{'JAM'},{'JAM_STAND_STILL_TRAFFIC'},32,{2},5.0
2e698fe5,2e698fe5c,2020-10-09,17,{'JAM'},{'JAM_MODERATE_TRAFFIC'},6,{1},5.0
2e698fe5,2e698fe5c,2020-10-15,17,{'JAM'},{'JAM_STAND_STILL_TRAFFIC'},30,{1},5.0
2e698fe5,2e698fe5c,2020-10-16,19,{'JAM'},{'JAM_HEAVY_TRAFFIC'},12,{1},6.25
2e698fe5,2e698fe5c,2020-10-23,14,{'JAM'},{'JAM_MODERATE_TRAFFIC'},32,{1},5.0
2e698fe5,2e698fe5c,2020-10-26,18,{'JAM'},{'JAM'},27,{1},5.0
2e698fe5,2e698fe5c,2020-10-26,19,{'JAM'},{'JAM_MODERATE_TRAFFIC'},33,{4},5.0
2e698fe5,2e698fe5c,2020-11-01,19,{'WEATHERHAZARD'},{'HAZARD_ON_ROAD_CONSTRUCTION'},908,{4},7.672907488986784
2e698fe5,2e698fe5c,2020-11-02,17,{'JAM'},{'JAM_STAND_STILL_TRAFFIC'},34,{1},5.0
2e698fe5,2e698fe5c,2020-11-03,17,{'JAM'},{'JAM_HEAVY_TRAFFIC'},19,{1},5.894736842105263
2e698fe5,2e698fe5c,2020-11-04,13,{'WEATHERHAZARD'},{'HAZARD_ON_ROAD_CONSTRUCTION'},132,{4},5.75
2e698fe5,2e698fe5c,2020-11-06,19,{'JAM'},{'JAM_HEAVY_TRAFFIC'},13,{1},5.0
2e698fe5,2e698fe5c,2020-11-10,19,{'ROAD_CLOSED'},{'ROAD_CLOSED_EVENT'},37965,{4},6.881759515343079
2e698fe5,2e698fe5c,2020-11-13,16,{'JAM'},{'JAM_STAND_STILL_TRAFFIC'},33,{4},5.0
2e698fe5,2e698fe5c,2020-11-17,17,{'ROAD_CLOSED'},{'ROAD_CLOSED_EVENT'},18408,{4},6.0
2e698fe5,2e698fe5c,2020-11-17,18,{'JAM'},{'JAM_HEAVY_TRAFFIC'},29,{1},5.0
2e698fe5,2e698fe5c,2020-11-22,19,{'WEATHERHAZARD'},{'HAZARD_ON_ROAD_POT_HOLE'},1285,{2},7.222568093385214
2e698fe7,2e698fe64,2020-09-12,16,{'WEATHERHAZARD'},{'HAZARD_ON_ROAD_POT_HOLE'},219,{1},6.689497716894977
2e698fe7,2e698fe64,2020-09-15,17,{'JAM'},{'JAM_HEAVY_TRAFFIC'},32,{1},5.0
2e698fe7,2e698fe64,2020-09-25,18,{'JAM'},{'JAM_STAND_STILL_TRAFFIC'},25,{1},6.44
2e698fe7,2e698fe64,2020-09-28,17,{'JAM'},{'JAM_MODERATE_TRAFFIC'},33,{1},5.0
2e698fe7,2e698fe64,2020-10-02,17,{'WEATHERHAZARD'},{'HAZARD_ON_SHOULDER_CAR_STOPPED'},57,{1},5.7368421052631575
2e698fe7,2e698fe64,2020-10-09,17,{'WEATHERHAZARD'},{'HAZARD_ON_SHOULDER_CAR_STOPPED'},46,{1},5.369565217391305
2e698fe7,2e698fe64,2020-10-16,19,{'JAM'},{'JAM_HEAVY_TRAFFIC'},17,{1},6.176470588235294
2e698fe7,2e698fe64,2020-10-21,17,{'JAM'},{'JAM_STAND_STILL_TRAFFIC'},30,{1},5.766666666666667
2e698fe7,2e698fe64,2020-10-23,17,{'JAM'},{'JAM_MODERATE_TRAFFIC'},32,{1},5.0
2e698fe7,2e698fe64,2020-10-26,18,{'JAM'},{'JAM_STAND_STILL_TRAFFIC'},32,{1},5.53125
2e698fe7,2e698fe64,2020-11-03,18,{'JAM'},{'JAM_HEAVY_TRAFFIC'},15,{1},5.0
2e698fe7,2e698fe64,2020-11-12,18,{'JAM'},{'JAM_STAND_STILL_TRAFFIC'},20,{1},5.95
2e698fe7,2e698fe64,2020-11-16,19,{'JAM'},{'JAM_STAND_STILL_TRAFFIC'},11,{1},5.0
2e698fe7,2e698fe6c,2020-09-17,19,{'JAM'},{'JAM_MODERATE_TRAFFIC'},31,{4},5.0
2e698fe7,2e698fe6c,2020-09-25,10,"{'JAM', 'WEATHERHAZARD'}","{'HAZARD_ON_ROAD_POT_HOLE', 'JAM_HEAVY_TRAFFIC'}",90,{4},6.488888888888889
2e698fe7,2e698fe6c,2020-10-01,6,{'JAM'},{'JAM_HEAVY_TRAFFIC'},37,{4},6.0
2e698fe7,2e698fe6c,2020-10-26,20,{'JAM'},{'JAM_STAND_STILL_TRAFFIC'},35,{4},5.0
2e698fe7,2e698fe74,2020-09-01,18,{'WEATHERHAZARD'},{'HAZARD_ON_ROAD_POT_HOLE'},790,{4},7.324050632911392
2e698fe7,2e698fe74,2020-09-03,17,{'WEATHERHAZARD'},{'HAZARD_ON_SHOULDER_CAR_STOPPED'},30,{4},5.0
2e698fe7,2e698fe74,2020-09-04,17,{'JAM'},{'JAM_HEAVY_TRAFFIC'},43,{4},6.348837209302325
2e698fe7,2e698fe74,2020-09-11,18,{'JAM'},{'JAM_HEAVY_TRAFFIC'},6,{4},5.0
2e698fe7,2e698fe74,2020-09-14,12,{'JAM'},{'JAM_STAND_STILL_TRAFFIC'},33,{4},5.0
2e698fe7,2e698fe74,2020-09-15,16,{'JAM'},{'JAM_HEAVY_TRAFFIC'},31,{4},5.0
2e698fe7,2e698fe74,2020-09-15,17,{'JAM'},{'JAM_STAND_STILL_TRAFFIC'},48,{4},6.145833333333333
2e698fe7,2e698fe74,2020-09-17,17,{'JAM'},{'JAM_HEAVY_TRAFFIC'},6,{4},5.0
2e698fe7,2e698fe74,2020-09-22,14,{'WEATHERHAZARD'},{'HAZARD_ON_SHOULDER_CAR_STOPPED'},30,{4},5.0
2e698fe7,2e698fe74,2020-09-25,15,{'JAM'},{'JAM_STAND_STILL_TRAFFIC'},15,{4},5.0
2e698fe7,2e698fe74,2020-09-30,7,{'JAM'},{'JAM_HEAVY_TRAFFIC'},23,{4},5.0
2e698fe7,2e698fe74,2020-10-07,9,{'JAM'},{'JAM_STAND_STILL_TRAFFIC'},5,{4},5.0
2e698fe7,2e698fe74,2020-10-09,6,{'JAM'},{'JAM_HEAVY_TRAFFIC'},30,{4},5.8
2e698fe7,2e698fe74,2020-10-09,13,{'WEATHERHAZARD'},{'HAZARD_ON_SHOULDER_CAR_STOPPED'},34,{4},5.617647058823529
2e698fe7,2e698fe74,2020-10-11,20,{'WEATHERHAZARD'},{'HAZARD_ON_SHOULDER_CAR_STOPPED'},40,{4},7.0
2e698fe7,2e698fe74,2020-10-13,8,{'JAM'},{'JAM_STAND_STILL_TRAFFIC'},15,{4},5.0
2e698fe7,2e698fe74,2020-10-14,7,{'JAM'},{'JAM_HEAVY_TRAFFIC'},21,{4},5.0
2e698fe7,2e698fe74,2020-10-15,7,{'JAM'},{'JAM_STAND_STILL_TRAFFIC'},20,{4},8.75
2e698fe7,2e698fe74,2020-10-15,11,{'JAM'},{'JAM'},5,{4},5.0
2e698fe7,2e698fe74,2020-10-16,7,{'JAM'},{'JAM_HEAVY_TRAFFIC'},30,{4},5.0
2e698fe7,2e698fe74,2020-10-20,10,{'JAM'},{'JAM_STAND_STILL_TRAFFIC'},6,{4},5.0
2e698fe7,2e698fe74,2020-10-20,12,{'WEATHERHAZARD'},{'HAZARD_ON_SHOULDER_CAR_STOPPED'},30,{4},5.0
2e698fe7,2e698fe74,2020-10-21,18,{'JAM'},{'JAM_STAND_STILL_TRAFFIC'},6,{4},5.666666666666667
2e698fe7,2e698fe74,2020-10-23,16,{'JAM'},{'JAM_STAND_STILL_TRAFFIC'},31,{4},5.0
2e698fe7,2e698fe74,2020-10-26,5,{'JAM'},{'JAM_HEAVY_TRAFFIC'},32,{4},5.0
2e698fe7,2e698fe74,2020-10-26,13,{'JAM'},{'JAM_STAND_STILL_TRAFFIC'},7,{4},5.0
2e698fe7,2e698fe74,2020-10-26,17,{'JAM'},{'JAM_MODERATE_TRAFFIC'},27,{4},6.0
2e698fe7,2e698fe74,2020-10-30,5,{'JAM'},{'JAM_HEAVY_TRAFFIC'},32,{4},5.46875
2e698fe7,2e698fe74,2020-11-02,9,{'JAM'},{'JAM_HEAVY_TRAFFIC'},30,{4},5.0
2e698fe7,2e698fe74,2020-11-05,7,{'JAM'},{'JAM_HEAVY_TRAFFIC'},11,{4},5.0
2e698fe7,2e698fe74,2020-11-10,17,{'JAM'},{'JAM_HEAVY_TRAFFIC'},31,{4},6.451612903225806
2e698fe7,2e698fe74,2020-11-16,16,{'JAM'},{'JAM'},39,{4},7.282051282051282
2e698fe7,2e698fe74,2020-11-17,11,{'JAM'},{'JAM_STAND_STILL_TRAFFIC'},31,{4},5.0
2e698fe9,2e698fe84,2020-09-03,17,{'JAM'},{'JAM_STAND_STILL_TRAFFIC'},32,{1},5.0
2e698fe9,2e698fe84,2020-09-04,16,"{'JAM', 'WEATHERHAZARD'}","{'HAZARD_ON_ROAD_POT_HOLE', 'JAM_HEAVY_TRAFFIC'}",165,{1},6.684848484848485
2e698fe9,2e698fe84,2020-09-04,18,{'JAM'},{'JAM_HEAVY_TRAFFIC'},22,{1},5.0
2e698fe9,2e698fe84,2020-09-06,17,{'WEATHERHAZARD'},"{'HAZARD_ON_ROAD_CAR_STOPPED', 'HAZARD_ON_ROAD_POT_HOLE'}",265,{1},7.535849056603774
2e698fe9,2e698fe84,2020-09-09,18,{'WEATHERHAZARD'},{'HAZARD_ON_ROAD_POT_HOLE'},39,{1},6.384615384615385
2e698fe9,2e698fe84,2020-09-11,10,{'JAM'},{'JAM_STAND_STILL_TRAFFIC'},7,{1},5.0
2e698fe9,2e698fe84,2020-09-12,16,{'WEATHERHAZARD'},{'HAZARD_ON_ROAD_POT_HOLE'},220,{1},8.409090909090908
2e698fe9,2e698fe84,2020-09-15,16,"{'JAM', 'WEATHERHAZARD'}","{'JAM_MODERATE_TRAFFIC', 'HAZARD_ON_ROAD_POT_HOLE'}",1186,{1},9.698988195615515
2e698fe9,2e698fe84,2020-09-15,18,{'JAM'},{'JAM_HEAVY_TRAFFIC'},7,{1},5.0
2e698fe9,2e698fe84,2020-09-16,13,{'WEATHERHAZARD'},{'HAZARD_ON_ROAD_POT_HOLE'},83,{1},6.554216867469879
2e698fe9,2e698fe84,2020-09-16,18,{'JAM'},{'JAM_HEAVY_TRAFFIC'},37,{1},5.0
2e698fe9,2e698fe84,2020-09-19,18,{'WEATHERHAZARD'},{'HAZARD_ON_ROAD_POT_HOLE'},136,{1},6.963235294117647
2e698fe9,2e698fe84,2020-09-20,17,{'WEATHERHAZARD'},{'HAZARD_ON_ROAD_POT_HOLE'},204,{1},7.004901960784314
2e698fe9,2e698fe84,2020-09-22,18,"{'JAM', 'WEATHERHAZARD'}","{'HAZARD_ON_ROAD_POT_HOLE', 'JAM_HEAVY_TRAFFIC'}",1257,{1},9.113762927605409
2e698fe9,2e698fe84,2020-09-26,21,{'WEATHERHAZARD'},{'HAZARD_ON_ROAD_POT_HOLE'},1020,{1},9.394117647058824
2e698fe9,2e698fe84,2020-09-28,17,{'JAM'},{'JAM_MODERATE_TRAFFIC'},63,{1},5.0
2e698fe9,2e698fe84,2020-10-02,17,{'WEATHERHAZARD'},{'HAZARD_ON_ROAD_POT_HOLE'},354,{1},9.545197740112995
2e698fe9,2e698fe84,2020-10-03,18,{'WEATHERHAZARD'},{'HAZARD_ON_ROAD_POT_HOLE'},1132,{1},9.753533568904594
2e698fe9,2e698fe84,2020-10-04,18,{'WEATHERHAZARD'},{'HAZARD_ON_ROAD_POT_HOLE'},974,{1},7.605749486652978
2e698fe9,2e698fe84,2020-10-05,16,{'JAM'},{'JAM_HEAVY_TRAFFIC'},31,{1},5.903225806451613
2e698fe9,2e698fe84,2020-10-08,17,{'JAM'},{'JAM_STAND_STILL_TRAFFIC'},31,{1},5.0
2e698fe9,2e698fe84,2020-10-08,18,{'JAM'},"{'JAM_STAND_STILL_TRAFFIC', 'JAM_HEAVY_TRAFFIC'}",96,{2},5.385416666666667
2e698fe9,2e698fe84,2020-10-09,17,{'WEATHERHAZARD'},{'HAZARD_ON_ROAD_POT_HOLE'},70,{1},6.742857142857143
2e698fe9,2e698fe84,2020-10-11,20,{'WEATHERHAZARD'},{'HAZARD_ON_ROAD_POT_HOLE'},725,{1},6.948965517241379
2e698fe9,2e698fe84,2020-10-14,19,{'JAM'},{'JAM'},10,{1},5.0
2e698fe9,2e698fe84,2020-10-16,18,{'JAM'},{'JAM_STAND_STILL_TRAFFIC'},64,{1},5.609375
2e698fe9,2e698fe84,2020-10-16,21,{'JAM'},{'JAM_HEAVY_TRAFFIC'},5,{1},5.0
2e698fe9,2e698fe84,2020-10-18,18,{'WEATHERHAZARD'},{'HAZARD_ON_ROAD_POT_HOLE'},1195,{1},8.101255230125522
2e698fe9,2e698fe84,2020-10-20,15,{'WEATHERHAZARD'},{'HAZARD_ON_ROAD_POT_HOLE'},129,{1},7.387596899224806
2e698fe9,2e698fe84,2020-10-21,13,{'JAM'},{'JAM_HEAVY_TRAFFIC'},30,{2},5.6
2e698fe9,2e698fe84,2020-10-21,18,{'JAM'},{'JAM_STAND_STILL_TRAFFIC'},30,{1},5.0
2e698fe9,2e698fe84,2020-10-23,17,{'JAM'},{'JAM'},30,{1},5.0
2e698fe9,2e698fe84,2020-10-26,17,"{'JAM', 'WEATHERHAZARD'}","{'JAM_STAND_STILL_TRAFFIC', 'HAZARD_ON_ROAD_POT_HOLE'}",44,{1},7.045454545454546
2e698fe9,2e698fe84,2020-10-26,18,{'JAM'},{'JAM_STAND_STILL_TRAFFIC'},27,{1},5.0
2e698fe9,2e698fe84,2020-10-26,20,{'JAM'},{'JAM_STAND_STILL_TRAFFIC'},32,{1},5.0
2e698fe9,2e698fe84,2020-10-27,21,{'WEATHERHAZARD'},{'HAZARD_ON_ROAD_POT_HOLE'},1189,{1},9.489486963835155
2e698fe9,2e698fe84,2020-10-28,12,{'JAM'},{'JAM_STAND_STILL_TRAFFIC'},31,{2},5.0
2e698fe9,2e698fe84,2020-10-28,16,{'JAM'},{'JAM_HEAVY_TRAFFIC'},31,{1},5.0
2e698fe9,2e698fe84,2020-10-28,22,{'WEATHERHAZARD'},{'HAZARD_ON_ROAD_POT_HOLE'},407,{1},5.921375921375922
2e698fe9,2e698fe84,2020-10-29,11,{'WEATHERHAZARD'},{'HAZARD_ON_ROAD_POT_HOLE'},345,{1},7.081159420289855
2e698fe9,2e698fe84,2020-10-30,18,{'WEATHERHAZARD'},{'HAZARD_ON_ROAD_POT_HOLE'},815,{1},9.679754601226994
2e698fe9,2e698fe84,2020-11-01,20,{'WEATHERHAZARD'},{'HAZARD_ON_ROAD_POT_HOLE'},907,{1},8.865490628445425
2e698fe9,2e698fe84,2020-11-03,18,"{'JAM', 'WEATHERHAZARD'}","{'HAZARD_ON_ROAD_POT_HOLE', 'JAM_HEAVY_TRAFFIC'}",72,{1},7.5
2e698fe9,2e698fe84,2020-11-04,13,{'WEATHERHAZARD'},{'HAZARD_ON_ROAD_POT_HOLE'},1567,{1},9.437141033822591
2e698fe9,2e698fe84,2020-11-04,16,{'JAM'},{'JAM_HEAVY_TRAFFIC'},32,{1},5.0
2e698fe9,2e698fe84,2020-11-05,16,{'JAM'},{'JAM_STAND_STILL_TRAFFIC'},33,{1},5.0
2e698fe9,2e698fe84,2020-11-06,18,{'JAM'},{'JAM_STAND_STILL_TRAFFIC'},31,{1},5.0
2e698fe9,2e698fe84,2020-11-06,19,{'JAM'},{'JAM_HEAVY_TRAFFIC'},41,{1},5.7560975609756095
2e698fe9,2e698fe84,2020-11-10,18,{'JAM'},{'JAM_HEAVY_TRAFFIC'},31,{1},5.903225806451613
2e698fe9,2e698fe84,2020-11-11,17,{'JAM'},{'JAM_HEAVY_TRAFFIC'},31,{1},5.0
2e698fe9,2e698fe84,2020-11-21,15,{'WEATHERHAZARD'},{'HAZARD_ON_SHOULDER_CAR_STOPPED'},30,{2},5.0
2e698fe9,2e698fe84,2020-11-22,19,{'WEATHERHAZARD'},{'HAZARD_ON_SHOULDER_CAR_STOPPED'},31,{2},5.645161290322581
2e698fe9,2e698fe8c,2020-09-15,16,{'JAM'},{'JAM_MODERATE_TRAFFIC'},3,{1},5.0
2e698fe9,2e698fe8c,2020-10-08,18,{'JAM'},{'JAM_STAND_STILL_TRAFFIC'},31,{2},5.0
2e698fe9,2e698fe8c,2020-10-27,21,{'WEATHERHAZARD'},{'HAZARD_ON_ROAD_POT_HOLE'},2199,{2},6.585266030013643
2e698fe9,2e698fe8c,2020-10-28,12,{'WEATHERHAZARD'},{'HAZARD_ON_ROAD_CONSTRUCTION'},743,{2},7.685060565275909
2e698fe9,2e698fe8c,2020-10-30,18,{'WEATHERHAZARD'},{'HAZARD_ON_ROAD_POT_HOLE'},188,{2},5.973404255319149
2e698fe9,2e698fe8c,2020-11-03,18,{'JAM'},{'JAM_HEAVY_TRAFFIC'},12,{1},5.0
2e698fe9,2e698fe8c,2020-11-06,18,{'JAM'},{'JAM_STAND_STILL_TRAFFIC'},30,{1},5.0
2e698fe9,2e698fe8c,2020-11-06,19,{'JAM'},{'JAM_HEAVY_TRAFFIC'},32,{1},5.8125
2e698fe9,2e698fe8c,2020-11-17,17,{'WEATHERHAZARD'},{'HAZARD_ON_ROAD_POT_HOLE'},649,{2},9.389830508474576
2e698fe9,2e698fe8c,2020-11-22,19,{'WEATHERHAZARD'},{'HAZARD_ON_ROAD_POT_HOLE'},1005,{2},7.847761194029851
2e698feb,2e698feb4,2020-11-11,5,{'ACCIDENT'},{'ACCIDENT_MINOR'},121,{1},5.0
2e698fed,2e698fed4,2020-09-08,17,{'JAM'},{'JAM_HEAVY_TRAFFIC'},24,{6},5.0
2e698fed,2e698fed4,2020-09-09,18,{'WEATHERHAZARD'},{'HAZARD_ON_ROAD_CAR_STOPPED'},14,{6},5.0
2e698fed,2e698fed4,2020-09-19,2,{'JAM'},{'JAM'},31,{6},5.0
2e698fed,2e698fed4,2020-10-08,15,{'JAM'},"{'JAM_STAND_STILL_TRAFFIC', 'JAM_HEAVY_TRAFFIC'}",71,{6},5.0
2e698fed,2e698fed4,2020-10-08,17,{'JAM'},{'JAM_STAND_STILL_TRAFFIC'},31,{6},5.0
2e698fed,2e698fed4,2020-10-08,19,{'JAM'},{'JAM_STAND_STILL_TRAFFIC'},13,{6},5.0
2e698fed,2e698fed4,2020-10-08,21,{'JAM'},{'JAM_STAND_STILL_TRAFFIC'},30,{6},5.0
2e698fed,2e698fed4,2020-10-16,18,{'JAM'},{'JAM_HEAVY_TRAFFIC'},7,{6},5.428571428571429
2e698fed,2e698fed4,2020-10-24,13,{'JAM'},{'JAM_STAND_STILL_TRAFFIC'},22,{6},5.0
2e698fed,2e698fed4,2020-10-26,19,{'JAM'},{'JAM_HEAVY_TRAFFIC'},30,{6},5.966666666666667
2e698fef,2e698fee4,2020-09-03,16,{'WEATHERHAZARD'},{'HAZARD_ON_ROAD_POT_HOLE'},1505,{7},6.47906976744186
2e698fef,2e698fee4,2020-09-06,17,{'WEATHERHAZARD'},{'HAZARD_ON_ROAD_POT_HOLE'},812,{7},8.775862068965518
2e698fef,2e698fee4,2020-09-11,14,{'JAM'},{'JAM'},9,{7},5.0
2e698fef,2e698fee4,2020-09-16,13,{'WEATHERHAZARD'},{'HAZARD_ON_ROAD_POT_HOLE'},1821,{7},7.805601317957167
2e698fef,2e698fee4,2020-09-19,18,{'WEATHERHAZARD'},{'HAZARD_ON_ROAD_POT_HOLE'},3945,{7},8.626362484157161
2e698fef,2e698fee4,2020-10-02,13,{'WEATHERHAZARD'},{'HAZARD_ON_SHOULDER_CAR_STOPPED'},31,{7},5.838709677419355
2e698fef,2e698fee4,2020-10-04,6,{'WEATHERHAZARD'},{'HAZARD_ON_ROAD_POT_HOLE'},581,{7},6.8588640275387265
2e698fef,2e698fee4,2020-10-11,20,{'WEATHERHAZARD'},{'HAZARD_ON_ROAD_POT_HOLE'},643,{7},8.721617418351478
2e698fef,2e698fee4,2020-10-19,17,{'WEATHERHAZARD'},{'HAZARD_ON_ROAD_POT_HOLE'},1723,{7},9.601276842716192
2e698fef,2e698fee4,2020-10-21,11,{'WEATHERHAZARD'},{'HAZARD_ON_ROAD_POT_HOLE'},1621,{7},9.394201110425664
2e698fef,2e698fee4,2020-10-30,18,{'WEATHERHAZARD'},{'HAZARD_ON_ROAD_POT_HOLE'},2235,{7},9.756599552572707
2e698fef,2e698fefc,2020-09-03,16,{'WEATHERHAZARD'},{'HAZARD_ON_ROAD_POT_HOLE'},1317,{7},9.193621867881548
2e698fef,2e698fefc,2020-09-07,14,{'JAM'},{'JAM_STAND_STILL_TRAFFIC'},32,{7},5.84375
2e698fef,2e698fefc,2020-09-07,15,{'JAM'},{'JAM_HEAVY_TRAFFIC'},31,{7},5.0
2e698fef,2e698fefc,2020-09-19,18,{'WEATHERHAZARD'},{'HAZARD_ON_ROAD_CONSTRUCTION'},721,{7},6.06380027739251
2e698fef,2e698fefc,2020-09-22,14,{'WEATHERHAZARD'},{'HAZARD_ON_ROAD_CONSTRUCTION'},495,{7},7.0606060606060606
2e698fef,2e698fefc,2020-10-08,19,{'JAM'},{'JAM_HEAVY_TRAFFIC'},31,{7},5.0
2e698fef,2e698fefc,2020-10-26,10,{'JAM'},{'JAM_HEAVY_TRAFFIC'},46,{7},5.3478260869565215
2e698fef,2e698fefc,2020-10-29,12,{'WEATHERHAZARD'},{'HAZARD_ON_SHOULDER_CAR_STOPPED'},30,{7},5.0
2e698fef,2e698fefc,2020-11-14,16,{'WEATHERHAZARD'},{'WEATHERHAZARD'},29,{7},5.0
2e698ff3,2e698ff24,2020-09-28,14,{'WEATHERHAZARD'},{'HAZARD_ON_ROAD_POT_HOLE'},329,{7},5.592705167173253
2e698ff3,2e698ff24,2020-10-21,11,{'WEATHERHAZARD'},{'HAZARD_ON_ROAD_POT_HOLE'},382,{7},7.149214659685864
2e698ff3,2e698ff2c,2020-09-02,16,{'JAM'},{'JAM_HEAVY_TRAFFIC'},61,{6},5.213114754098361
2e698ff3,2e698ff2c,2020-09-08,17,{'JAM'},{'JAM_HEAVY_TRAFFIC'},27,{6},5.962962962962963
2e698ff3,2e698ff2c,2020-10-08,15,{'JAM'},{'JAM_STAND_STILL_TRAFFIC'},20,{6},6.0
2e698ff3,2e698ff2c,2020-10-08,16,{'JAM'},{'JAM_STAND_STILL_TRAFFIC'},31,{6},5.0
2e698ff3,2e698ff2c,2020-10-08,17,{'JAM'},{'JAM_STAND_STILL_TRAFFIC'},61,{6},5.770491803278689
2e698ff3,2e698ff2c,2020-10-08,19,{'JAM'},"{'JAM_STAND_STILL_TRAFFIC', 'JAM_MODERATE_TRAFFIC'}",49,{6},5.387755102040816
2e698ff3,2e698ff2c,2020-10-08,20,{'JAM'},{'JAM_STAND_STILL_TRAFFIC'},83,{6},6.108433734939759
2e698ff3,2e698ff2c,2020-10-08,21,{'JAM'},{'JAM_STAND_STILL_TRAFFIC'},16,{7},5.9375
2e698ff3,2e698ff2c,2020-10-09,17,{'WEATHERHAZARD'},{'HAZARD_ON_SHOULDER_CAR_STOPPED'},31,{7},5.0
2e698ff3,2e698ff2c,2020-10-14,9,{'JAM'},{'JAM_STAND_STILL_TRAFFIC'},30,{6},5.0
2e698ff3,2e698ff2c,2020-10-16,18,{'JAM'},{'JAM_MODERATE_TRAFFIC'},29,{6},5.689655172413793
2e698ff3,2e698ff2c,2020-10-19,17,{'JAM'},{'JAM_MODERATE_TRAFFIC'},35,{6},5.457142857142857
2e698ff3,2e698ff2c,2020-10-28,23,{'WEATHERHAZARD'},{'HAZARD_ON_SHOULDER_CAR_STOPPED'},30,{7},5.0
2e698ff3,2e698ff2c,2020-11-04,17,{'JAM'},{'JAM_STAND_STILL_TRAFFIC'},25,{6},5.0
2e698ff3,2e698ff2c,2020-11-17,18,{'WEATHERHAZARD'},{'HAZARD_ON_SHOULDER_CAR_STOPPED'},31,{7},5.0
2e698ff3,2e698ff2c,2020-11-19,18,{'JAM'},{'JAM_STAND_STILL_TRAFFIC'},49,{6},5.428571428571429
2e698ff3,2e698ff2c,2020-11-22,19,{'WEATHERHAZARD'},{'HAZARD_ON_SHOULDER_CAR_STOPPED'},30,{6},5.766666666666667
2e698ff3,2e698ff34,2020-09-08,17,{'JAM'},{'JAM_MODERATE_TRAFFIC'},28,{6},5.0
2e698ff3,2e698ff34,2020-10-07,13,{'JAM'},"{'JAM_STAND_STILL_TRAFFIC', 'JAM_HEAVY_TRAFFIC'}",65,{6},5.276923076923077
2e698ff3,2e698ff34,2020-10-08,19,{'JAM'},{'JAM_MODERATE_TRAFFIC'},7,{6},5.0
2e698ff3,2e698ff34,2020-10-08,22,{'JAM'},{'JAM_STAND_STILL_TRAFFIC'},9,{6},5.0
2e698ff3,2e698ff34,2020-10-18,14,{'JAM'},{'JAM'},30,{20},5.0
2e698ff3,2e698ff3c,2020-10-08,15,{'JAM'},{'JAM_STAND_STILL_TRAFFIC'},12,{6},5.0
2e698ff5,2e698ff44,2020-09-15,14,{'WEATHERHAZARD'},{'HAZARD_ON_ROAD_CAR_STOPPED'},9,{6},5.0
2e698ff5,2e698ff44,2020-10-08,15,{'JAM'},{'JAM_STAND_STILL_TRAFFIC'},32,{6},5.59375
2e698ff5,2e698ff44,2020-10-08,16,{'JAM'},{'JAM_STAND_STILL_TRAFFIC'},12,{6},5.0
2e698ff5,2e698ff44,2020-10-08,19,{'JAM'},{'JAM_MODERATE_TRAFFIC'},24,{6},6.958333333333333
2e698ff5,2e698ff44,2020-10-08,22,{'JAM'},{'JAM_STAND_STILL_TRAFFIC'},13,{6},7.230769230769231
2e698ff5,2e698ff44,2020-10-14,17,{'JAM'},{'JAM_MODERATE_TRAFFIC'},34,{6},5.852941176470588
2e698ff5,2e698ff44,2020-10-27,16,{'WEATHERHAZARD'},{'HAZARD_WEATHER_FLOOD'},31,{6},5.032258064516129
2e698ff5,2e698ff5c,2020-10-03,18,{'JAM'},{'JAM_STAND_STILL_TRAFFIC'},31,{6},5.0
2e698ff5,2e698ff5c,2020-10-06,9,{'JAM'},{'JAM_STAND_STILL_TRAFFIC'},30,{6},5.0
2e698ff5,2e698ff5c,2020-10-07,13,{'JAM'},{'JAM_STAND_STILL_TRAFFIC'},30,{6},5.0
2e698ff5,2e698ff5c,2020-10-08,16,{'JAM'},{'JAM_STAND_STILL_TRAFFIC'},19,{6},6.0
2e698ff5,2e698ff5c,2020-10-08,19,{'JAM'},{'JAM_STAND_STILL_TRAFFIC'},52,{6},8.73076923076923
2e698ff5,2e698ff5c,2020-10-28,11,{'JAM'},{'JAM_HEAVY_TRAFFIC'},31,{6},5.0
2e698ff9,2e698ff8c,2020-09-08,18,{'WEATHERHAZARD'},{'HAZARD_ON_SHOULDER_CAR_STOPPED'},7,{1},5.0
2e698ff9,2e698ff94,2020-09-07,14,{'JAM'},{'JAM'},6,{2},5.0
2e698ff9,2e698ff9c,2020-09-02,15,{'JAM'},{'JAM_STAND_STILL_TRAFFIC'},29,{2},5.0
2e698ff9,2e698ff9c,2020-09-08,12,{'WEATHERHAZARD'},{'HAZARD_ON_ROAD_POT_HOLE'},1159,{2},5.848144952545297
2e698ff9,2e698ff9c,2020-09-10,14,{'JAM'},{'JAM_STAND_STILL_TRAFFIC'},32,{2},5.0
2e698ff9,2e698ff9c,2020-09-28,10,{'JAM'},{'JAM_HEAVY_TRAFFIC'},30,{2},5.0
2e698ffb,2e698ffa4,2020-09-03,13,{'JAM'},{'JAM_HEAVY_TRAFFIC'},22,{2},5.0
2e698ffb,2e698ffa4,2020-09-04,10,{'JAM'},{'JAM_MODERATE_TRAFFIC'},29,{2},5.0
2e698ffb,2e698ffa4,2020-09-07,14,{'JAM'},{'JAM_HEAVY_TRAFFIC'},31,{1},5.0
2e698ffb,2e698ffa4,2020-09-07,15,{'JAM'},{'JAM_STAND_STILL_TRAFFIC'},22,{2},5.0
2e698ffb,2e698ffa4,2020-09-08,12,{'WEATHERHAZARD'},{'HAZARD_ON_ROAD_POT_HOLE'},364,{2},7.826923076923077
2e698ffb,2e698ffa4,2020-09-08,14,{'JAM'},{'JAM_HEAVY_TRAFFIC'},31,{2},5.0
2e698ffb,2e698ffa4,2020-09-11,10,{'JAM'},{'JAM_HEAVY_TRAFFIC'},28,{2},5.0
2e698ffb,2e698ffa4,2020-09-11,11,{'JAM'},{'JAM_STAND_STILL_TRAFFIC'},63,{2},5.0
2e698ffb,2e698ffa4,2020-09-14,10,{'JAM'},{'JAM_HEAVY_TRAFFIC'},31,{2},5.0
2e698ffb,2e698ffa4,2020-09-15,14,{'JAM'},"{'JAM_STAND_STILL_TRAFFIC', 'JAM_HEAVY_TRAFFIC'}",43,{2},5.0
2e698ffb,2e698ffa4,2020-09-16,7,{'JAM'},{'JAM_HEAVY_TRAFFIC'},30,{2},5.0
2e698ffb,2e698ffa4,2020-09-16,11,{'JAM'},{'JAM_STAND_STILL_TRAFFIC'},18,{2},5.0
2e698ffb,2e698ffa4,2020-09-16,15,{'JAM'},{'JAM_HEAVY_TRAFFIC'},31,{2},5.0
2e698ffb,2e698ffa4,2020-09-18,17,{'JAM'},{'JAM_STAND_STILL_TRAFFIC'},11,{2},5.0
2e698ffb,2e698ffa4,2020-09-22,14,"{'JAM', 'WEATHERHAZARD'}","{'HAZARD_ON_SHOULDER_CAR_STOPPED', 'JAM_HEAVY_TRAFFIC'}",64,{2},5.0
2e698ffb,2e698ffa4,2020-09-23,6,{'JAM'},{'JAM_STAND_STILL_TRAFFIC'},29,{2},5.0
2e698ffb,2e698ffa4,2020-09-25,13,{'JAM'},{'JAM_STAND_STILL_TRAFFIC'},32,{2},5.0
2e698ffb,2e698ffa4,2020-09-25,16,{'JAM'},{'JAM_HEAVY_TRAFFIC'},31,{2},5.0
2e698ffb,2e698ffa4,2020-09-25,18,{'JAM'},{'JAM_HEAVY_TRAFFIC'},32,{2},5.0
2e698ffb,2e698ffa4,2020-09-28,14,{'JAM'},"{'JAM_MODERATE_TRAFFIC', 'JAM_HEAVY_TRAFFIC'}",24,{2},5.0
2e698ffb,2e698ffa4,2020-09-29,14,{'JAM'},{'JAM_STAND_STILL_TRAFFIC'},32,{2},5.0
2e698ffb,2e698ffa4,2020-09-29,19,{'JAM'},{'JAM'},32,{1},5.0
2e698ffb,2e698ffa4,2020-10-01,7,{'JAM'},{'JAM_STAND_STILL_TRAFFIC'},30,{2},5.966666666666667
2e698ffb,2e698ffa4,2020-10-02,9,{'JAM'},{'JAM_HEAVY_TRAFFIC'},42,{2},5.357142857142857
2e698ffb,2e698ffa4,2020-10-02,13,{'JAM'},{'JAM_HEAVY_TRAFFIC'},62,{2},5.0
2e698ffb,2e698ffa4,2020-10-02,15,{'JAM'},{'JAM_STAND_STILL_TRAFFIC'},32,{2},5.0
2e698ffb,2e698ffa4,2020-10-03,13,{'JAM'},{'JAM_HEAVY_TRAFFIC'},6,{2},5.0
2e698ffb,2e698ffa4,2020-10-05,11,{'JAM'},{'JAM_STAND_STILL_TRAFFIC'},32,{2},5.0
2e698ffb,2e698ffa4,2020-10-07,11,{'JAM'},{'JAM_HEAVY_TRAFFIC'},33,{2},5.0
2e698ffb,2e698ffa4,2020-10-07,14,{'JAM'},{'JAM_HEAVY_TRAFFIC'},66,{2},5.0
2e698ffb,2e698ffa4,2020-10-08,7,{'JAM'},{'JAM_HEAVY_TRAFFIC'},17,{1},5.0
2e698ffb,2e698ffa4,2020-10-09,16,{'JAM'},{'JAM_STAND_STILL_TRAFFIC'},32,{2},5.0
2e698ffb,2e698ffa4,2020-10-12,14,{'JAM'},{'JAM_HEAVY_TRAFFIC'},31,{2},5.0
2e698ffb,2e698ffa4,2020-10-12,15,{'JAM'},{'JAM_STAND_STILL_TRAFFIC'},30,{2},5.0
2e698ffb,2e698ffa4,2020-10-13,7,{'JAM'},{'JAM_STAND_STILL_TRAFFIC'},31,{2},5.0
2e698ffb,2e698ffa4,2020-10-13,16,{'JAM'},{'JAM_HEAVY_TRAFFIC'},32,{2},5.0
2e698ffb,2e698ffa4,2020-10-14,14,{'JAM'},{'JAM_STAND_STILL_TRAFFIC'},9,{2},5.0
2e698ffb,2e698ffa4,2020-10-14,15,{'JAM'},{'JAM_STAND_STILL_TRAFFIC'},30,{2},5.0
2e698ffb,2e698ffa4,2020-10-15,15,{'JAM'},{'JAM_STAND_STILL_TRAFFIC'},28,{2},5.0
2e698ffb,2e698ffa4,2020-10-21,14,{'JAM'},{'JAM_STAND_STILL_TRAFFIC'},32,{2},5.90625
2e698ffb,2e698ffa4,2020-10-22,15,{'JAM'},{'JAM_STAND_STILL_TRAFFIC'},7,{2},5.714285714285714
2e698ffb,2e698ffa4,2020-10-26,17,{'JAM'},{'JAM_HEAVY_TRAFFIC'},23,{2},6.0
2e698ffb,2e698ffa4,2020-10-26,18,{'JAM'},{'JAM_HEAVY_TRAFFIC'},24,{2},6.708333333333333
2e698ffb,2e698ffa4,2020-10-27,11,{'JAM'},{'JAM_HEAVY_TRAFFIC'},30,{2},5.0
2e698ffb,2e698ffa4,2020-11-02,15,{'JAM'},{'JAM_STAND_STILL_TRAFFIC'},93,{2},5.645161290322581
2e698ffb,2e698ffa4,2020-11-05,11,{'JAM'},{'JAM_STAND_STILL_TRAFFIC'},31,{2},5.0
2e698ffb,2e698ffa4,2020-11-05,14,{'JAM'},{'JAM_STAND_STILL_TRAFFIC'},30,{2},5.0
2e698ffb,2e698ffa4,2020-11-05,15,{'JAM'},{'JAM_STAND_STILL_TRAFFIC'},39,{2},5.410256410256411
2e698ffb,2e698ffa4,2020-11-05,17,{'JAM'},{'JAM_STAND_STILL_TRAFFIC'},31,{2},5.67741935483871
2e698ffb,2e698ffa4,2020-11-09,15,{'JAM'},{'JAM_MODERATE_TRAFFIC'},5,{2},5.0
2e698ffb,2e698ffa4,2020-11-11,15,{'JAM'},{'JAM_HEAVY_TRAFFIC'},32,{2},5.0
2e698ffb,2e698ffa4,2020-11-19,5,{'JAM'},{'JAM_STAND_STILL_TRAFFIC'},32,{2},5.0
2e698ffb,2e698ffa4,2020-11-21,11,{'JAM'},{'JAM_STAND_STILL_TRAFFIC'},10,{2},5.0
2e698ffb,2e698ffac,2020-09-04,10,{'JAM'},"{'JAM_STAND_STILL_TRAFFIC', 'JAM_HEAVY_TRAFFIC'}",29,{2},5.0
2e698ffb,2e698ffac,2020-09-04,15,{'JAM'},{'JAM_MODERATE_TRAFFIC'},32,{2},5.0
2e698ffb,2e698ffac,2020-09-15,6,{'JAM'},{'JAM_STAND_STILL_TRAFFIC'},30,{2},5.0
2e698ffb,2e698ffac,2020-09-15,10,{'JAM'},{'JAM_STAND_STILL_TRAFFIC'},30,{2},5.0
2e698ffb,2e698ffac,2020-09-15,14,{'JAM'},{'JAM_HEAVY_TRAFFIC'},38,{2},5.447368421052632
2e698ffb,2e698ffac,2020-09-25,7,{'JAM'},{'JAM_HEAVY_TRAFFIC'},33,{2},6.0
2e698ffb,2e698ffac,2020-09-25,13,{'JAM'},{'JAM_HEAVY_TRAFFIC'},30,{2},5.0
2e698ffb,2e698ffac,2020-09-25,16,{'JAM'},{'JAM'},30,{2},6.0
2e698ffb,2e698ffac,2020-09-29,14,{'JAM'},{'JAM_HEAVY_TRAFFIC'},19,{2},5.0
2e698ffb,2e698ffac,2020-10-01,6,{'JAM'},{'JAM_STAND_STILL_TRAFFIC'},32,{2},6.0
2e698ffb,2e698ffac,2020-10-01,7,{'JAM'},{'JAM_STAND_STILL_TRAFFIC'},34,{2},5.411764705882353
2e698ffb,2e698ffac,2020-10-02,6,{'JAM'},{'JAM_STAND_STILL_TRAFFIC'},32,{2},5.0
2e698ffb,2e698ffac,2020-10-02,13,{'JAM'},{'JAM_HEAVY_TRAFFIC'},32,{2},5.0
2e698ffb,2e698ffac,2020-10-05,11,{'JAM'},{'JAM_STAND_STILL_TRAFFIC'},22,{2},5.0
2e698ffb,2e698ffac,2020-10-07,11,{'JAM'},{'JAM_HEAVY_TRAFFIC'},30,{2},5.0
2e698ffb,2e698ffac,2020-10-07,14,{'JAM'},{'JAM_STAND_STILL_TRAFFIC'},30,{2},5.0
2e698ffb,2e698ffac,2020-10-09,15,{'JAM'},{'JAM_STAND_STILL_TRAFFIC'},31,{2},5.903225806451613
2e698ffb,2e698ffac,2020-10-09,16,{'JAM'},{'JAM_STAND_STILL_TRAFFIC'},70,{2},5.485714285714286
2e698ffb,2e698ffac,2020-10-12,14,{'JAM'},{'JAM_HEAVY_TRAFFIC'},35,{2},5.485714285714286
2e698ffb,2e698ffac,2020-10-12,15,{'JAM'},{'JAM_STAND_STILL_TRAFFIC'},31,{2},5.0
2e698ffb,2e698ffac,2020-10-13,6,{'JAM'},{'JAM_STAND_STILL_TRAFFIC'},12,{2},5.0
2e698ffb,2e698ffac,2020-10-15,14,{'JAM'},{'JAM_STAND_STILL_TRAFFIC'},20,{2},5.8
2e698ffb,2e698ffac,2020-10-15,16,{'ACCIDENT'},{'ACCIDENT_MINOR'},30,{2},5.5
2e698ffb,2e698ffac,2020-10-19,10,{'JAM'},{'JAM_HEAVY_TRAFFIC'},5,{2},5.0
2e698ffb,2e698ffac,2020-10-22,7,{'JAM'},{'JAM_STAND_STILL_TRAFFIC'},30,{2},5.933333333333334
2e698ffb,2e698ffac,2020-10-22,14,{'JAM'},{'JAM_STAND_STILL_TRAFFIC'},8,{2},5.75
2e698ffb,2e698ffac,2020-10-23,17,{'JAM'},{'JAM_STAND_STILL_TRAFFIC'},17,{2},5.0
2e698ffb,2e698ffac,2020-10-27,6,{'JAM'},{'JAM_HEAVY_TRAFFIC'},15,{2},9.0
2e698ffb,2e698ffac,2020-10-27,7,{'WEATHERHAZARD'},{'HAZARD_ON_ROAD_POT_HOLE'},292,{2},8.664383561643836
2e698ffb,2e698ffac,2020-10-27,11,{'JAM'},{'JAM_HEAVY_TRAFFIC'},11,{2},5.0
2e698ffb,2e698ffac,2020-10-27,16,{'JAM'},{'JAM_HEAVY_TRAFFIC'},30,{2},5.7
2e698ffb,2e698ffac,2020-10-28,6,{'JAM'},{'JAM_STAND_STILL_TRAFFIC'},32,{2},5.0
2e698ffb,2e698ffac,2020-11-02,6,{'JAM'},{'JAM_STAND_STILL_TRAFFIC'},30,{2},6.566666666666666
2e698ffb,2e698ffac,2020-11-02,17,{'JAM'},{'JAM_STAND_STILL_TRAFFIC'},16,{2},6.0
2e698ffb,2e698ffac,2020-11-03,14,{'JAM'},{'JAM_HEAVY_TRAFFIC'},21,{2},5.0
2e698ffb,2e698ffac,2020-11-04,10,{'JAM'},{'JAM_HEAVY_TRAFFIC'},6,{2},5.0
2e698ffb,2e698ffac,2020-11-05,10,{'JAM'},{'JAM_STAND_STILL_TRAFFIC'},30,{2},5.0
2e698ffb,2e698ffac,2020-11-09,10,{'JAM'},{'JAM_HEAVY_TRAFFIC'},5,{2},5.0
2e698ffb,2e698ffac,2020-11-13,17,{'JAM'},{'JAM_HEAVY_TRAFFIC'},31,{2},5.0
2e698ffb,2e698ffac,2020-11-19,5,{'JAM'},{'JAM_STAND_STILL_TRAFFIC'},32,{2},5.0
2e698ffb,2e698ffac,2020-11-20,7,{'JAM'},{'JAM'},21,{2},5.0
2e698ffb,2e698ffac,2020-11-20,13,{'JAM'},{'JAM_STAND_STILL_TRAFFIC'},33,{2},5.0
2e698ffb,2e698ffb4,2020-09-01,15,{'JAM'},{'JAM_HEAVY_TRAFFIC'},28,{2},5.0
2e698ffb,2e698ffb4,2020-09-08,14,{'JAM'},{'JAM_MODERATE_TRAFFIC'},32,{2},5.0
2e698ffb,2e698ffb4,2020-09-11,11,{'JAM'},{'JAM_MODERATE_TRAFFIC'},31,{2},5.0
2e698ffb,2e698ffb4,2020-09-11,18,{'JAM'},{'JAM_HEAVY_TRAFFIC'},10,{2},5.0
2e698ffb,2e698ffb4,2020-09-16,11,{'JAM'},{'JAM_HEAVY_TRAFFIC'},13,{2},5.0
2e698ffb,2e698ffb4,2020-10-07,21,{'JAM'},{'JAM_HEAVY_TRAFFIC'},30,{2},5.0
2e698ffb,2e698ffb4,2020-10-17,12,{'JAM'},{'JAM_MODERATE_TRAFFIC'},6,{2},5.0
2e698ffb,2e698ffb4,2020-11-05,16,{'JAM'},{'JAM_STAND_STILL_TRAFFIC'},32,{2},5.84375
2e698ffb,2e698ffb4,2020-11-09,10,{'JAM'},{'JAM_MODERATE_TRAFFIC'},32,{2},5.0
2e698ffb,2e698ffb4,2020-11-20,9,{'JAM'},{'JAM_STAND_STILL_TRAFFIC'},31,{2},5.967741935483871
2e698ffb,2e698ffbc,2020-09-01,15,{'JAM'},{'JAM_HEAVY_TRAFFIC'},29,{2},5.0
2e698ffb,2e698ffbc,2020-09-03,13,{'JAM'},{'JAM_STAND_STILL_TRAFFIC'},34,{2},5.0
2e698ffb,2e698ffbc,2020-09-14,15,{'JAM'},{'JAM_STAND_STILL_TRAFFIC'},5,{2},5.0
2e698ffb,2e698ffbc,2020-09-14,16,{'JAM'},{'JAM_STAND_STILL_TRAFFIC'},27,{2},5.0
2e698ffb,2e698ffbc,2020-09-15,14,{'JAM'},{'JAM_HEAVY_TRAFFIC'},6,{2},5.0
2e698ffb,2e698ffbc,2020-09-18,17,{'JAM'},{'JAM_MODERATE_TRAFFIC'},31,{2},5.0
2e698ffb,2e698ffbc,2020-09-28,14,{'JAM'},{'JAM_HEAVY_TRAFFIC'},17,{2},5.0
2e698ffb,2e698ffbc,2020-10-01,7,{'JAM'},{'JAM_HEAVY_TRAFFIC'},35,{2},5.0
2e698ffb,2e698ffbc,2020-10-02,13,{'JAM'},"{'JAM_MODERATE_TRAFFIC', 'JAM_HEAVY_TRAFFIC'}",60,{2},5.0
2e698ffb,2e698ffbc,2020-10-03,13,{'JAM'},{'JAM_HEAVY_TRAFFIC'},7,{2},5.857142857142857
2e698ffb,2e698ffbc,2020-10-07,14,{'JAM'},{'JAM_HEAVY_TRAFFIC'},30,{2},5.0
2e698ffb,2e698ffbc,2020-10-08,10,{'JAM'},{'JAM_STAND_STILL_TRAFFIC'},34,{2},5.0
2e698ffb,2e698ffbc,2020-10-17,12,{'JAM'},{'JAM_MODERATE_TRAFFIC'},5,{2},5.0
2e698ffb,2e698ffbc,2020-10-23,13,{'JAM'},{'JAM_MODERATE_TRAFFIC'},31,{2},5.0
2e698ffb,2e698ffbc,2020-10-24,14,{'JAM'},{'JAM_HEAVY_TRAFFIC'},5,{2},5.0
2e698ffb,2e698ffbc,2020-10-26,9,{'JAM'},{'JAM_STAND_STILL_TRAFFIC'},30,{2},5.0
2e698ffb,2e698ffbc,2020-10-26,18,{'JAM'},{'JAM_HEAVY_TRAFFIC'},31,{2},5.0
2e698ffb,2e698ffbc,2020-11-02,7,{'JAM'},{'JAM_STAND_STILL_TRAFFIC'},30,{2},5.0
2e698ffb,2e698ffbc,2020-11-05,16,{'JAM'},{'JAM_STAND_STILL_TRAFFIC'},32,{2},5.0
2e698ffb,2e698ffbc,2020-11-10,14,{'JAM'},"{'JAM_STAND_STILL_TRAFFIC', 'JAM_MODERATE_TRAFFIC'}",62,{2},5.0
2e698ffb,2e698ffbc,2020-11-21,11,{'JAM'},{'JAM_STAND_STILL_TRAFFIC'},18,{2},5.0
2e698ffd,2e698ffcc,2020-09-01,15,{'JAM'},{'JAM_HEAVY_TRAFFIC'},31,{2},5.0
2e698ffd,2e698ffcc,2020-09-15,16,{'JAM'},{'JAM_MODERATE_TRAFFIC'},22,{2},5.0
2e698ffd,2e698ffcc,2020-09-16,16,{'JAM'},{'JAM_STAND_STILL_TRAFFIC'},29,{2},5.9655172413793105
2e698ffd,2e698ffcc,2020-09-26,12,{'WEATHERHAZARD'},{'HAZARD_ON_SHOULDER_CAR_STOPPED'},31,{2},5.0
2e698ffd,2e698ffcc,2020-09-29,16,{'JAM'},{'JAM_HEAVY_TRAFFIC'},30,{2},5.0
2e698ffd,2e698ffcc,2020-10-03,13,{'JAM'},{'JAM_HEAVY_TRAFFIC'},33,{2},5.0
2e698ffd,2e698ffcc,2020-10-07,16,{'JAM'},{'JAM_STAND_STILL_TRAFFIC'},34,{2},5.529411764705882
2e698ffd,2e698ffcc,2020-10-08,10,{'JAM'},{'JAM_MODERATE_TRAFFIC'},7,{2},5.0
2e698ffd,2e698ffcc,2020-10-14,15,{'JAM'},{'JAM_STAND_STILL_TRAFFIC'},6,{2},5.0
2e698ffd,2e698ffcc,2020-10-17,12,{'WEATHERHAZARD'},{'HAZARD_ON_ROAD_CAR_STOPPED'},31,{2},5.0
2e698ffd,2e698ffcc,2020-10-23,13,{'JAM'},{'JAM_MODERATE_TRAFFIC'},31,{2},5.0
2e698ffd,2e698ffcc,2020-11-02,17,{'JAM'},{'JAM_STAND_STILL_TRAFFIC'},32,{2},5.0
2e698ffd,2e698ffcc,2020-11-03,14,{'JAM'},{'JAM_MODERATE_TRAFFIC'},30,{2},5.0
2e698ffd,2e698ffcc,2020-11-12,16,{'JAM'},{'JAM_STAND_STILL_TRAFFIC'},32,{2},5.0
2e698ffd,2e698ffcc,2020-11-15,10,{'JAM'},{'JAM'},6,{2},5.0
2e698ffd,2e698ffcc,2020-11-19,20,{'JAM'},{'JAM_HEAVY_TRAFFIC'},32,{2},5.71875
2e698ffd,2e698ffcc,2020-11-21,12,{'WEATHERHAZARD'},"{'HAZARD_ON_SHOULDER_CAR_STOPPED', 'HAZARD_ON_ROAD_CAR_STOPPED'}",22,{2},5.0
2e698ffd,2e698ffd4,2020-09-24,14,{'JAM'},{'JAM_STAND_STILL_TRAFFIC'},21,{2},5.904761904761905
2e698ffd,2e698ffd4,2020-09-30,8,{'JAM'},{'JAM_STAND_STILL_TRAFFIC'},14,{2},5.0
2e698ffd,2e698ffd4,2020-11-20,17,{'JAM'},{'JAM_STAND_STILL_TRAFFIC'},37,{2},6.351351351351352
2e699003,2e6990034,2020-11-21,12,{'WEATHERHAZARD'},{'HAZARD_ON_SHOULDER_CAR_STOPPED'},8,{2},5.0
2e69900b,2e69900ac,2020-09-01,18,{'WEATHERHAZARD'},{'HAZARD_ON_ROAD_ROAD_KILL'},30,{2},5.0
2e69900f,2e69900f4,2020-10-26,17,{'JAM'},{'JAM_HEAVY_TRAFFIC'},33,{2},6.606060606060606
2e69900f,2e69900fc,2020-10-01,16,{'JAM'},{'JAM_STAND_STILL_TRAFFIC'},6,{2},5.0
2e69900f,2e69900fc,2020-10-23,17,{'JAM'},{'JAM_STAND_STILL_TRAFFIC'},28,{2},5.0
2e69900f,2e69900fc,2020-10-26,17,{'JAM'},{'JAM_STAND_STILL_TRAFFIC'},28,{2},5.75
2e69900f,2e69900fc,2020-10-26,18,{'JAM'},{'JAM_STAND_STILL_TRAFFIC'},48,{2},5.0
2e699011,2e6990104,2020-10-07,17,{'JAM'},{'JAM_MODERATE_TRAFFIC'},32,{2},6.0
2e699011,2e699010c,2020-11-04,14,{'WEATHERHAZARD'},{'HAZARD_ON_ROAD_ROAD_KILL'},32,{1},5.8125
2e699011,2e6990114,2020-09-02,17,{'JAM'},{'JAM_MODERATE_TRAFFIC'},6,{1},5.0
2e699013,2e6990134,2020-09-01,7,{'JAM'},{'JAM_HEAVY_TRAFFIC'},32,{1},5.0
2e699017,2e699016c,2020-11-06,17,{'JAM'},{'JAM_HEAVY_TRAFFIC'},4,{1},5.0
2e699019,2e6990184,2020-10-27,16,{'JAM'},{'JAM_MODERATE_TRAFFIC'},13,{1},5.0
2e699019,2e6990184,2020-11-05,17,{'JAM'},{'JAM_HEAVY_TRAFFIC'},32,{1},5.0
2e699019,2e699018c,2020-09-03,14,{'JAM'},{'JAM_HEAVY_TRAFFIC'},31,{2},5.0
2e699019,2e699018c,2020-09-07,17,{'JAM'},{'JAM_HEAVY_TRAFFIC'},30,{2},5.0
2e699019,2e699018c,2020-09-08,17,{'JAM'},{'JAM_STAND_STILL_TRAFFIC'},32,{2},5.0
2e699019,2e699018c,2020-09-15,16,{'JAM'},{'JAM_HEAVY_TRAFFIC'},11,{2},5.0
2e699019,2e699018c,2020-09-15,17,{'JAM'},{'JAM_STAND_STILL_TRAFFIC'},14,{1},5.0
2e699019,2e699018c,2020-09-18,18,{'JAM'},{'JAM_MODERATE_TRAFFIC'},15,{2},5.0
2e699019,2e699018c,2020-09-30,16,{'JAM'},{'JAM_STAND_STILL_TRAFFIC'},30,{2},5.0
2e699019,2e699018c,2020-10-06,17,{'JAM'},{'JAM_STAND_STILL_TRAFFIC'},30,{2},5.0
2e699019,2e699018c,2020-10-09,18,{'JAM'},{'JAM_HEAVY_TRAFFIC'},24,{2},5.0
2e699019,2e699018c,2020-10-12,13,{'JAM'},{'JAM_HEAVY_TRAFFIC'},23,{2},5.0
2e699019,2e699018c,2020-10-13,14,{'JAM'},{'JAM_STAND_STILL_TRAFFIC'},34,{2},5.0
2e699019,2e699018c,2020-10-15,16,{'JAM'},"{'JAM_STAND_STILL_TRAFFIC', 'JAM_HEAVY_TRAFFIC'}",59,{2},5.47457627118644
2e699019,2e699018c,2020-10-17,9,{'JAM'},{'JAM_STAND_STILL_TRAFFIC'},31,{2},5.967741935483871
2e699019,2e699018c,2020-10-17,17,{'JAM'},{'JAM_STAND_STILL_TRAFFIC'},32,{2},5.0
2e699019,2e699018c,2020-10-26,17,{'JAM'},{'JAM_HEAVY_TRAFFIC'},34,{2},5.0
2e699019,2e699018c,2020-10-30,14,{'JAM'},{'JAM_HEAVY_TRAFFIC'},31,{2},5.0
2e699019,2e699018c,2020-11-03,16,{'JAM'},{'JAM_HEAVY_TRAFFIC'},31,{2},5.0
2e699019,2e699018c,2020-11-05,15,{'JAM'},{'JAM_STAND_STILL_TRAFFIC'},31,{2},5.0
2e699019,2e699018c,2020-11-05,16,{'JAM'},{'JAM_STAND_STILL_TRAFFIC'},31,{2},5.0
2e699019,2e699018c,2020-11-06,15,{'JAM'},{'JAM_HEAVY_TRAFFIC'},33,{2},5.0
2e699019,2e699018c,2020-11-06,17,{'JAM'},{'JAM_HEAVY_TRAFFIC'},10,{2},5.0
2e699019,2e699018c,2020-11-19,6,{'JAM'},{'JAM_STAND_STILL_TRAFFIC'},28,{2},5.0
2e699019,2e699018c,2020-11-19,16,{'JAM'},{'JAM_STAND_STILL_TRAFFIC'},32,{2},5.0
2e699019,2e699018c,2020-11-20,17,{'JAM'},{'JAM_STAND_STILL_TRAFFIC'},33,{2},5.333333333333333
2e699019,2e6990194,2020-09-01,18,{'WEATHERHAZARD'},{'HAZARD_ON_ROAD_ROAD_KILL'},32,{2},5.0
2e699019,2e6990194,2020-09-04,18,{'JAM'},{'JAM_STAND_STILL_TRAFFIC'},22,{2},5.0
2e699019,2e6990194,2020-09-29,17,{'JAM'},{'JAM_HEAVY_TRAFFIC'},32,{2},5.0
2e699019,2e6990194,2020-10-06,8,{'WEATHERHAZARD'},{'HAZARD_ON_ROAD_ROAD_KILL'},33,{2},5.0
2e699019,2e6990194,2020-10-09,18,{'JAM'},{'JAM_STAND_STILL_TRAFFIC'},30,{2},5.0
2e699019,2e6990194,2020-10-15,16,{'JAM'},"{'JAM_STAND_STILL_TRAFFIC', 'JAM_HEAVY_TRAFFIC'}",34,{2},5.0
2e699019,2e6990194,2020-11-02,16,{'JAM'},{'JAM_STAND_STILL_TRAFFIC'},6,{2},5.5
2e699019,2e6990194,2020-11-03,17,{'JAM'},{'JAM_STAND_STILL_TRAFFIC'},7,{2},5.0
2e699019,2e6990194,2020-11-04,17,{'JAM'},{'JAM_STAND_STILL_TRAFFIC'},32,{2},5.0
2e699019,2e699019c,2020-09-03,14,{'JAM'},{'JAM_HEAVY_TRAFFIC'},5,{2},6.0
2e699019,2e699019c,2020-09-03,17,{'JAM'},{'JAM_STAND_STILL_TRAFFIC'},32,{2},5.0
2e699019,2e699019c,2020-09-15,17,{'JAM'},{'JAM_HEAVY_TRAFFIC'},30,{2},5.0
2e699019,2e699019c,2020-10-26,16,{'JAM'},{'JAM_STAND_STILL_TRAFFIC'},32,{2},5.0
2e699019,2e699019c,2020-10-26,17,{'JAM'},{'JAM_STAND_STILL_TRAFFIC'},30,{2},5.0
2e699019,2e699019c,2020-11-03,16,{'JAM'},{'JAM_HEAVY_TRAFFIC'},32,{2},5.0
2e699019,2e699019c,2020-11-12,16,{'JAM'},{'JAM_HEAVY_TRAFFIC'},30,{2},5.0
2e69901b,2e69901a4,2020-09-03,14,{'JAM'},{'JAM_HEAVY_TRAFFIC'},1,{2},5.0
2e69901b,2e69901a4,2020-09-15,16,{'JAM'},{'JAM_MODERATE_TRAFFIC'},14,{2},5.0
2e69901b,2e69901a4,2020-09-15,17,{'JAM'},{'JAM_HEAVY_TRAFFIC'},30,{2},6.933333333333334
2e69901b,2e69901a4,2020-09-28,16,{'JAM'},{'JAM_STAND_STILL_TRAFFIC'},30,{2},5.0
2e69901b,2e69901a4,2020-10-07,14,{'JAM'},{'JAM_MODERATE_TRAFFIC'},5,{2},5.0
2e69901b,2e69901a4,2020-10-07,17,{'JAM'},{'JAM_HEAVY_TRAFFIC'},31,{2},6.0
2e69901b,2e69901a4,2020-10-12,15,{'JAM'},{'JAM_HEAVY_TRAFFIC'},31,{2},5.0
2e69901b,2e69901a4,2020-10-19,18,{'JAM'},{'JAM_STAND_STILL_TRAFFIC'},40,{2},6.375
2e69901b,2e69901a4,2020-10-26,16,{'JAM'},{'JAM_STAND_STILL_TRAFFIC'},33,{2},5.0
2e69901b,2e69901a4,2020-11-17,6,{'JAM'},{'JAM_STAND_STILL_TRAFFIC'},32,{2},5.0
2e69901b,2e69901ac,2020-09-15,17,{'JAM'},{'JAM_HEAVY_TRAFFIC'},1,{2},5.0
2e69901b,2e69901ac,2020-10-09,15,{'JAM'},{'JAM_HEAVY_TRAFFIC'},31,{2},5.0
2e69901b,2e69901ac,2020-10-26,17,{'JAM'},{'JAM_STAND_STILL_TRAFFIC'},31,{2},5.0
2e69901b,2e69901bc,2020-11-10,5,{'WEATHERHAZARD'},{'HAZARD_ON_ROAD_CAR_STOPPED'},30,{1},5.0
2e69901b,2e69901bc,2020-11-11,21,{'JAM'},{'JAM_HEAVY_TRAFFIC'},30,{1},5.0
2e69901d,2e69901d4,2020-09-16,16,{'JAM'},{'JAM_STAND_STILL_TRAFFIC'},6,{2},5.0
2e69901d,2e69901d4,2020-09-28,14,{'WEATHERHAZARD'},{'HAZARD_ON_SHOULDER_CAR_STOPPED'},31,{2},5.258064516129032
2e69901d,2e69901d4,2020-10-20,12,{'WEATHERHAZARD'},{'HAZARD_ON_ROAD_CAR_STOPPED'},30,{2},5.0
2e69901d,2e69901d4,2020-10-26,17,{'JAM'},{'JAM_STAND_STILL_TRAFFIC'},67,{2},6.447761194029851
2e69901d,2e69901d4,2020-11-04,7,{'JAM'},{'JAM_STAND_STILL_TRAFFIC'},30,{2},5.966666666666667
2e69901d,2e69901d4,2020-11-05,7,{'JAM'},{'JAM_HEAVY_TRAFFIC'},35,{2},5.0
2e69901d,2e69901d4,2020-11-19,18,{'JAM'},{'JAM_STAND_STILL_TRAFFIC'},32,{2},5.0
2e69901d,2e69901d4,2020-11-19,19,{'JAM'},{'JAM_HEAVY_TRAFFIC'},32,{2},5.46875
2e69901d,2e69901d4,2020-11-20,15,{'JAM'},{'JAM_HEAVY_TRAFFIC'},32,{2},5.0
2e69901d,2e69901dc,2020-11-19,19,{'JAM'},{'JAM_HEAVY_TRAFFIC'},26,{2},5.230769230769231
2e69901d,2e69901dc,2020-11-20,15,{'JAM'},{'JAM_HEAVY_TRAFFIC'},33,{2},5.0
2e69901d,2e69901dc,2020-11-20,17,{'JAM'},{'JAM_STAND_STILL_TRAFFIC'},28,{2},5.392857142857143
2e69901f,2e69901e4,2020-09-08,14,{'WEATHERHAZARD'},{'HAZARD_ON_ROAD_CONSTRUCTION'},612,{2},7.2859477124183005
2e69901f,2e69901e4,2020-09-28,6,{'JAM'},{'JAM_STAND_STILL_TRAFFIC'},26,{4},5.0
2e69901f,2e69901e4,2020-09-28,14,{'WEATHERHAZARD'},{'HAZARD_ON_ROAD_CONSTRUCTION'},770,{2},6.274025974025974
2e69901f,2e69901e4,2020-09-29,10,{'JAM'},{'JAM_HEAVY_TRAFFIC'},23,{4},5.0
2e69901f,2e69901e4,2020-11-11,15,{'WEATHERHAZARD'},{'HAZARD_ON_ROAD_CONSTRUCTION'},713,{2},7.171107994389902
2e69901f,2e69901f4,2020-09-03,14,{'JAM'},{'JAM_STAND_STILL_TRAFFIC'},30,{2},5.7
2e69901f,2e69901f4,2020-09-10,20,{'WEATHERHAZARD'},{'HAZARD_ON_ROAD_CONSTRUCTION'},964,{2},8.178423236514522
2e69901f,2e69901f4,2020-09-17,17,{'JAM'},{'JAM_HEAVY_TRAFFIC'},32,{2},5.0
2e69901f,2e69901f4,2020-09-28,14,{'JAM'},{'JAM_HEAVY_TRAFFIC'},21,{1},5.0
2e69901f,2e69901f4,2020-09-30,16,{'JAM'},{'JAM_STAND_STILL_TRAFFIC'},32,{2},5.0
2e69901f,2e69901f4,2020-10-09,18,{'JAM'},{'JAM_MODERATE_TRAFFIC'},23,{2},5.0
2e69901f,2e69901f4,2020-10-12,13,{'JAM'},{'JAM_HEAVY_TRAFFIC'},30,{2},5.0
2e69901f,2e69901f4,2020-11-02,16,{'JAM'},{'JAM_STAND_STILL_TRAFFIC'},30,{2},5.0
2e69901f,2e69901f4,2020-11-03,16,{'JAM'},{'JAM_HEAVY_TRAFFIC'},30,{2},6.0
2e69901f,2e69901f4,2020-11-04,15,{'WEATHERHAZARD'},{'HAZARD_ON_SHOULDER_CAR_STOPPED'},32,{2},5.0
2e69901f,2e69901f4,2020-11-17,7,{'JAM'},{'JAM_STAND_STILL_TRAFFIC'},29,{2},5.0
2e69901f,2e69901f4,2020-11-18,17,{'WEATHERHAZARD'},{'HAZARD_ON_ROAD_CAR_STOPPED'},46,{2},6.282608695652174
2e69901f,2e69901f4,2020-11-20,15,{'JAM'},{'JAM_HEAVY_TRAFFIC'},12,{2},5.0
2e69901f,2e69901fc,2020-09-18,16,{'JAM'},{'JAM_HEAVY_TRAFFIC'},39,{2},5.0
2e69901f,2e69901fc,2020-09-18,18,{'JAM'},{'JAM_HEAVY_TRAFFIC'},8,{2},5.0
2e69901f,2e69901fc,2020-09-22,14,{'WEATHERHAZARD'},{'HAZARD_ON_ROAD_CONSTRUCTION'},306,{2},8.859477124183007
2e69901f,2e69901fc,2020-09-28,14,"{'JAM', 'WEATHERHAZARD'}","{'HAZARD_ON_ROAD_CONSTRUCTION', 'JAM_MODERATE_TRAFFIC'}",821,{2},9.235079171741779
2e69901f,2e69901fc,2020-10-15,14,{'JAM'},{'JAM_MODERATE_TRAFFIC'},10,{1},5.0
2e69901f,2e69901fc,2020-10-17,14,{'JAM'},{'JAM_HEAVY_TRAFFIC'},31,{2},5.0
2e69901f,2e69901fc,2020-10-25,11,{'WEATHERHAZARD'},"{'HAZARD_ON_ROAD_CAR_STOPPED', 'HAZARD_ON_ROAD_CONSTRUCTION'}",724,{2},6.859116022099448
2e69901f,2e69901fc,2020-11-11,15,"{'WEATHERHAZARD', 'ACCIDENT'}","{'HAZARD_ON_ROAD_CAR_STOPPED', 'ACCIDENT_MINOR'}",163,{2},6.177914110429448
2e69901f,2e69901fc,2020-11-20,15,{'JAM'},{'JAM_HEAVY_TRAFFIC'},32,{2},5.0
2e699021,2e6990204,2020-10-16,10,{'JAM'},{'JAM'},30,{1},5.0
2e699027,2e6990274,2020-11-07,6,{'JAM'},{'JAM_STAND_STILL_TRAFFIC'},32,{2},5.0
2e69902d,2e69902cc,2020-11-09,14,{'JAM'},{'JAM'},31,{1},5.0
2e699031,2e6990304,2020-09-25,14,{'JAM'},{'JAM'},30,{1},5.0
2e699037,2e6990374,2020-10-06,11,{'JAM'},{'JAM_HEAVY_TRAFFIC'},30,{2},5.966666666666667
2e699037,2e699037c,2020-09-15,23,{'ACCIDENT'},{'ACCIDENT_MAJOR'},121,{2},6.0
2e699039,2e699039c,2020-10-27,10,{'JAM'},{'JAM_HEAVY_TRAFFIC'},29,{2},6.0
2e699039,2e699039c,2020-10-28,15,{'WEATHERHAZARD'},{'HAZARD_ON_ROAD_POT_HOLE'},324,{2},8.882716049382717
2e699039,2e699039c,2020-10-29,12,{'WEATHERHAZARD'},{'HAZARD_ON_ROAD_POT_HOLE'},517,{2},7.783365570599613
2e69903b,2e69903a4,2020-09-23,7,{'WEATHERHAZARD'},{'HAZARD_ON_ROAD_POT_HOLE'},4219,{2},9.583550604408627
2e69903b,2e69903a4,2020-10-27,10,{'JAM'},{'JAM_HEAVY_TRAFFIC'},1,{2},5.0
2e69903b,2e69903a4,2020-11-09,12,{'WEATHERHAZARD'},{'HAZARD_ON_ROAD_POT_HOLE'},130,{2},5.9
2e69903d,2e69903d4,2020-11-04,15,{'WEATHERHAZARD'},{'HAZARD_ON_SHOULDER_CAR_STOPPED'},35,{22},5.0
2e699043,2e6990424,2020-11-07,9,{'JAM'},{'JAM'},30,{1},5.0
2e699043,2e699042c,2020-10-23,21,{'JAM'},{'JAM_MODERATE_TRAFFIC'},32,{1},5.0
2e699047,2e6990464,2020-10-16,16,{'JAM'},{'JAM_STAND_STILL_TRAFFIC'},6,{1},5.0
2e699049,2e6990484,2020-09-21,7,{'JAM'},{'JAM_STAND_STILL_TRAFFIC'},31,{1},5.967741935483871
2e699049,2e6990484,2020-09-23,7,{'JAM'},{'JAM_STAND_STILL_TRAFFIC'},30,{1},5.0
2e699049,2e6990484,2020-10-28,14,{'JAM'},{'JAM_STAND_STILL_TRAFFIC'},31,{2},5.0
2e699049,2e6990484,2020-10-28,17,{'JAM'},{'JAM_STAND_STILL_TRAFFIC'},60,{1},5.0
2e699049,2e6990494,2020-09-09,7,{'JAM'},{'JAM_MODERATE_TRAFFIC'},6,{2},5.0
2e699049,2e6990494,2020-09-12,16,{'JAM'},{'JAM_MODERATE_TRAFFIC'},6,{2},5.0
2e699049,2e6990494,2020-09-22,16,{'JAM'},{'JAM_HEAVY_TRAFFIC'},30,{2},5.0
2e699049,2e6990494,2020-09-29,19,{'JAM'},{'JAM_MODERATE_TRAFFIC'},31,{2},6.0
2e699049,2e6990494,2020-10-02,17,{'JAM'},{'JAM_STAND_STILL_TRAFFIC'},31,{2},5.0
2e699049,2e6990494,2020-10-07,7,{'JAM'},"{'JAM_STAND_STILL_TRAFFIC', 'JAM_HEAVY_TRAFFIC'}",62,{2},5.0
2e699049,2e6990494,2020-10-12,17,{'JAM'},{'JAM'},31,{2},5.0
2e699049,2e6990494,2020-10-16,6,{'JAM'},{'JAM_STAND_STILL_TRAFFIC'},33,{2},5.96969696969697
2e699049,2e6990494,2020-10-21,16,{'JAM'},{'JAM_STAND_STILL_TRAFFIC'},31,{2},5.0
2e699049,2e6990494,2020-11-02,16,{'JAM'},"{'JAM_STAND_STILL_TRAFFIC', 'JAM_HEAVY_TRAFFIC'}",62,{2},5.0
2e699049,2e6990494,2020-11-09,16,{'JAM'},{'JAM_HEAVY_TRAFFIC'},32,{2},5.0
2e699049,2e6990494,2020-11-13,10,{'JAM'},{'JAM_MODERATE_TRAFFIC'},6,{2},5.0
2e699049,2e6990494,2020-11-17,14,{'JAM'},{'JAM'},32,{17},5.0
2e699049,2e699049c,2020-09-08,16,{'JAM'},{'JAM_STAND_STILL_TRAFFIC'},32,{2},5.0
2e699049,2e699049c,2020-09-14,16,{'JAM'},{'JAM_STAND_STILL_TRAFFIC'},32,{2},5.0
2e699049,2e699049c,2020-10-06,16,{'JAM'},{'JAM_STAND_STILL_TRAFFIC'},31,{2},5.0
2e699049,2e699049c,2020-10-12,17,{'JAM'},{'JAM_STAND_STILL_TRAFFIC'},31,{2},5.0
2e699049,2e699049c,2020-10-27,10,{'JAM'},{'JAM_STAND_STILL_TRAFFIC'},30,{2},5.0
2e69904b,2e69904a4,2020-11-13,23,{'JAM'},{'JAM_MODERATE_TRAFFIC'},34,{1},5.0
2e69904d,2e69904dc,2020-11-05,10,{'JAM'},{'JAM'},30,{2},5.0
2e69904f,2e69904ec,2020-10-02,17,{'JAM'},{'JAM_STAND_STILL_TRAFFIC'},23,{2},5.0
2e69904f,2e69904ec,2020-10-07,7,{'JAM'},{'JAM_STAND_STILL_TRAFFIC'},32,{2},5.0
2e699053,2e699052c,2020-09-08,11,"{'JAM', 'ACCIDENT'}","{'ACCIDENT', 'JAM_HEAVY_TRAFFIC'}",101,{2},5.0
2e699063,2e6990624,2020-10-11,16,{'JAM'},{'JAM_STAND_STILL_TRAFFIC'},30,{2},5.0
2e699065,2e6990654,2020-10-14,15,{'WEATHERHAZARD'},{'WEATHERHAZARD'},31,{22},5.0
2e699067,2e6990674,2020-09-30,7,{'JAM'},{'JAM'},30,{1},5.0
2e699069,2e699069c,2020-09-22,0,{'JAM'},{'JAM'},30,{1},5.0
2e699069,2e699069c,2020-11-06,15,{'WEATHERHAZARD'},{'HAZARD_ON_SHOULDER_CAR_STOPPED'},32,{1},5.0
2e69906f,2e69906f4,2020-11-04,15,{'JAM'},{'JAM_MODERATE_TRAFFIC'},32,{1},5.0
2e69907b,2e69907ac,2020-09-12,19,{'ACCIDENT'},{'ACCIDENT_MAJOR'},121,{2},5.0
2e69907b,2e69907ac,2020-10-22,7,{'JAM'},{'JAM'},30,{2},5.0
2e69907b,2e69907bc,2020-10-16,16,{'JAM'},{'JAM_MODERATE_TRAFFIC'},32,{2},5.0
2e69907f,2e69907ec,2020-11-20,23,{'JAM'},{'JAM_HEAVY_TRAFFIC'},32,{1},5.0
2e699083,2e699082c,2020-10-31,18,{'JAM'},{'JAM_MODERATE_TRAFFIC'},62,{1},5.5
2e699083,2e6990834,2020-09-17,12,{'JAM'},{'JAM'},30,{1},5.0
2e699089,2e6990894,2020-11-17,21,{'JAM'},{'JAM'},31,{1},5.0
2e699089,2e699089c,2020-10-04,15,{'JAM'},{'JAM'},31,{1},5.0
2e69909f,2e69909f4,2020-10-22,13,{'JAM'},{'JAM_MODERATE_TRAFFIC'},32,{1},5.0
2e6990a9,2e6990a84,2020-11-02,4,{'JAM'},{'JAM'},31,{1},5.0
2e6990a9,2e6990a94,2020-11-16,2,{'WEATHERHAZARD'},{'HAZARD_ON_ROAD_POT_HOLE'},9681,{1},5.0
2e6990b3,2e6990b34,2020-09-09,18,{'JAM'},{'JAM_MODERATE_TRAFFIC'},6,{2},5.0
2e6990bd,2e6990bd4,2020-11-09,2,{'JAM'},{'JAM_MODERATE_TRAFFIC'},30,{2},5.0
2e6990d7,2e6990d6c,2020-09-05,18,{'JAM'},{'JAM_MODERATE_TRAFFIC'},31,{1},5.0
2e6990e9,2e6990e94,2020-11-17,11,{'JAM'},{'JAM_MODERATE_TRAFFIC'},30,{2},5.0
2e6990ed,2e6990ec4,2020-09-02,10,{'WEATHERHAZARD'},{'HAZARD_ON_SHOULDER_CAR_STOPPED'},34,{2},5.0
2e6990f1,2e6990f04,2020-11-05,18,{'WEATHERHAZARD'},{'HAZARD_ON_ROAD_POT_HOLE'},4217,{2},9.999525729191369
2e6990f1,2e6990f14,2020-10-17,8,{'ACCIDENT'},{'ACCIDENT'},120,{1},5.0
2e6990fb,2e6990fac,2020-09-04,19,{'WEATHERHAZARD'},{'HAZARD_ON_ROAD_POT_HOLE'},7345,{2},9.86276378488768
2e6990fb,2e6990fac,2020-09-09,18,{'WEATHERHAZARD'},{'HAZARD_ON_ROAD_POT_HOLE'},3062,{2},9.133899412148923
2e6990fb,2e6990fac,2020-10-17,14,{'WEATHERHAZARD'},{'HAZARD_ON_ROAD_POT_HOLE'},22207,{2},9.51857522402846
2e6990fb,2e6990fac,2020-11-05,18,{'WEATHERHAZARD'},{'HAZARD_ON_ROAD_POT_HOLE'},6939,{2},9.712782821732239
2e6990fb,2e6990fac,2020-11-09,13,{'WEATHERHAZARD'},{'HAZARD_ON_ROAD_POT_HOLE'},1417,{2},6.84756527875794
2e6990fb,2e6990fbc,2020-10-15,16,{'JAM'},{'JAM_STAND_STILL_TRAFFIC'},32,{22},5.0
2e6990fd,2e6990fcc,2020-09-09,18,{'JAM'},{'JAM_MODERATE_TRAFFIC'},5,{2},8.0
2e6990fd,2e6990fd4,2020-11-05,18,{'WEATHERHAZARD'},{'HAZARD_ON_ROAD_POT_HOLE'},4214,{2},9.952776459420978
2e6990fd,2e6990fd4,2020-11-12,6,{'JAM'},{'JAM_HEAVY_TRAFFIC'},14,{2},5.0
2e6990ff,2e6990fe4,2020-09-11,6,{'JAM'},{'JAM'},30,{1},5.0
2e699103,2e699102c,2020-10-17,14,{'JAM'},{'JAM_MODERATE_TRAFFIC'},30,{2},5.0
2e699105,2e6991044,2020-11-06,18,{'JAM'},{'JAM_STAND_STILL_TRAFFIC'},31,{2},8.0
2e699105,2e699105c,2020-10-26,16,{'JAM'},{'JAM_HEAVY_TRAFFIC'},34,{2},5.0
2e699105,2e699105c,2020-11-02,13,{'JAM'},{'JAM_HEAVY_TRAFFIC'},7,{2},6.0
2e699105,2e699105c,2020-11-06,18,{'JAM'},{'JAM_STAND_STILL_TRAFFIC'},33,{2},8.0
2e699105,2e699105c,2020-11-13,17,{'JAM'},{'JAM_HEAVY_TRAFFIC'},30,{2},5.0
2e699107,2e6991064,2020-09-04,19,{'JAM'},{'JAM_HEAVY_TRAFFIC'},31,{2},8.0
2e699107,2e6991064,2020-09-08,11,"{'JAM', 'WEATHERHAZARD'}","{'HAZARD_ON_SHOULDER_CAR_STOPPED', 'JAM_STAND_STILL_TRAFFIC', 'HAZARD_ON_ROAD_POT_HOLE', 'JAM_HEAVY_TRAFFIC'}",421,{2},7.448931116389549
2e699107,2e6991064,2020-09-08,17,{'JAM'},{'JAM_STAND_STILL_TRAFFIC'},32,{2},5.0
2e699107,2e6991064,2020-09-09,17,{'JAM'},{'JAM_HEAVY_TRAFFIC'},24,{2},5.0
2e699107,2e6991064,2020-09-09,18,{'JAM'},{'JAM_HEAVY_TRAFFIC'},12,{2},8.0
2e699107,2e6991064,2020-09-11,19,{'JAM'},{'JAM_HEAVY_TRAFFIC'},34,{2},5.823529411764706
2e699107,2e6991064,2020-09-12,16,{'JAM'},{'JAM_STAND_STILL_TRAFFIC'},36,{2},6.888888888888889
2e699107,2e6991064,2020-09-18,18,{'JAM'},{'JAM_MODERATE_TRAFFIC'},31,{2},8.0
2e699107,2e6991064,2020-09-19,10,{'JAM'},{'JAM_HEAVY_TRAFFIC'},31,{2},5.0
2e699107,2e6991064,2020-09-21,15,{'JAM'},{'JAM_MODERATE_TRAFFIC'},32,{2},5.0
2e699107,2e6991064,2020-09-25,18,{'JAM'},{'JAM_STAND_STILL_TRAFFIC'},32,{2},5.0
2e699107,2e6991064,2020-09-28,11,{'JAM'},{'JAM'},16,{2},5.0
2e699107,2e6991064,2020-09-29,10,{'JAM'},{'JAM_MODERATE_TRAFFIC'},30,{2},5.0
2e699107,2e6991064,2020-10-02,13,{'JAM'},{'JAM_STAND_STILL_TRAFFIC'},32,{2},5.0
2e699107,2e6991064,2020-10-06,16,{'JAM'},{'JAM_STAND_STILL_TRAFFIC'},33,{2},5.0
2e699107,2e6991064,2020-10-09,18,{'JAM'},{'JAM_STAND_STILL_TRAFFIC'},30,{2},5.0
2e699107,2e6991064,2020-10-11,16,{'JAM'},{'JAM_HEAVY_TRAFFIC'},31,{2},5.0
2e699107,2e6991064,2020-10-12,18,{'JAM'},{'JAM'},32,{2},5.0
2e699107,2e6991064,2020-10-17,11,{'JAM'},{'JAM_STAND_STILL_TRAFFIC'},31,{2},5.0
2e699107,2e6991064,2020-10-17,14,{'JAM'},{'JAM_MODERATE_TRAFFIC'},63,{2},8.0
2e699107,2e6991064,2020-10-17,16,{'JAM'},{'JAM_HEAVY_TRAFFIC'},31,{2},5.0
2e699107,2e6991064,2020-10-20,15,{'JAM'},{'JAM_HEAVY_TRAFFIC'},30,{2},5.0
2e699107,2e6991064,2020-10-21,6,{'JAM'},{'JAM_HEAVY_TRAFFIC'},30,{2},5.966666666666667
2e699107,2e6991064,2020-10-21,9,{'JAM'},{'JAM_STAND_STILL_TRAFFIC'},30,{2},5.0
2e699107,2e6991064,2020-10-25,15,{'JAM'},{'JAM_HEAVY_TRAFFIC'},8,{2},5.0
2e699107,2e6991064,2020-10-27,17,{'JAM'},{'JAM_HEAVY_TRAFFIC'},5,{2},5.0
2e699107,2e6991064,2020-10-28,7,{'JAM'},{'JAM_STAND_STILL_TRAFFIC'},33,{2},5.0
2e699107,2e6991064,2020-10-28,14,{'JAM'},{'JAM_HEAVY_TRAFFIC'},31,{2},5.0
2e699107,2e6991064,2020-10-28,15,{'JAM'},{'JAM_HEAVY_TRAFFIC'},92,{2},5.0
2e699107,2e6991064,2020-10-29,16,{'JAM'},{'JAM_HEAVY_TRAFFIC'},62,{2},5.435483870967742
2e699107,2e6991064,2020-10-31,10,{'JAM'},{'JAM_STAND_STILL_TRAFFIC'},31,{2},5.0
2e699107,2e6991064,2020-11-01,17,{'JAM'},{'JAM_MODERATE_TRAFFIC'},30,{2},5.0
2e699107,2e6991064,2020-11-03,18,{'JAM'},{'JAM_HEAVY_TRAFFIC'},3,{2},5.0
2e699107,2e6991064,2020-11-04,18,{'JAM'},{'JAM_STAND_STILL_TRAFFIC'},63,{2},5.0
2e699107,2e6991064,2020-11-08,16,{'JAM'},{'JAM_STAND_STILL_TRAFFIC'},31,{2},5.0
2e699107,2e6991064,2020-11-08,17,{'JAM'},"{'JAM_STAND_STILL_TRAFFIC', 'JAM_MODERATE_TRAFFIC'}",61,{2},5.0
2e699107,2e6991064,2020-11-09,17,{'JAM'},{'JAM_HEAVY_TRAFFIC'},35,{2},5.0
2e699107,2e6991064,2020-11-11,18,{'JAM'},{'JAM_HEAVY_TRAFFIC'},30,{2},5.0
2e699107,2e6991064,2020-11-13,10,{'JAM'},{'JAM_HEAVY_TRAFFIC'},5,{2},5.0
2e699107,2e6991064,2020-11-13,17,{'JAM'},{'JAM_HEAVY_TRAFFIC'},31,{2},5.967741935483871
2e699107,2e6991064,2020-11-13,18,{'JAM'},{'JAM_HEAVY_TRAFFIC'},33,{2},8.0
2e699107,2e6991064,2020-11-15,11,{'JAM'},{'JAM_STAND_STILL_TRAFFIC'},31,{2},5.0
2e699107,2e6991064,2020-11-17,17,{'JAM'},{'JAM'},32,{2},6.0
2e699107,2e6991064,2020-11-17,18,{'JAM'},{'JAM_STAND_STILL_TRAFFIC'},31,{2},5.0
2e699107,2e699106c,2020-09-05,14,{'JAM'},{'JAM_STAND_STILL_TRAFFIC'},31,{2},5.0
2e699107,2e699106c,2020-09-08,11,{'WEATHERHAZARD'},{'HAZARD_ON_ROAD_POT_HOLE'},1846,{2},7.40249187432286
2e699107,2e699106c,2020-10-05,18,{'JAM'},{'JAM_STAND_STILL_TRAFFIC'},38,{2},5.394736842105263
2e699107,2e699106c,2020-10-15,16,{'JAM'},{'JAM_HEAVY_TRAFFIC'},31,{2},5.0
2e699107,2e699106c,2020-10-17,11,{'JAM'},{'JAM_HEAVY_TRAFFIC'},30,{2},5.0
2e699107,2e699106c,2020-11-04,17,{'JAM'},{'JAM_HEAVY_TRAFFIC'},31,{2},8.870967741935484
2e699107,2e699106c,2020-11-08,16,{'JAM'},"{'JAM_STAND_STILL_TRAFFIC', 'JAM_HEAVY_TRAFFIC'}",60,{2},5.0
2e699107,2e6991074,2020-09-02,18,{'JAM'},{'JAM_STAND_STILL_TRAFFIC'},23,{2},5.0
2e699107,2e6991074,2020-09-08,17,{'JAM'},{'JAM_STAND_STILL_TRAFFIC'},30,{2},5.0
2e699107,2e6991074,2020-10-17,11,{'JAM'},{'JAM_STAND_STILL_TRAFFIC'},5,{2},5.0
2e699107,2e6991074,2020-10-28,15,{'JAM'},{'JAM_HEAVY_TRAFFIC'},28,{2},5.0
2e699107,2e6991074,2020-10-28,17,{'JAM'},{'JAM_HEAVY_TRAFFIC'},30,{1},5.0
2e699107,2e6991074,2020-11-03,18,{'JAM'},{'JAM_STAND_STILL_TRAFFIC'},11,{2},7.0
2e699107,2e6991074,2020-11-17,16,{'JAM'},"{'JAM_STAND_STILL_TRAFFIC', 'JAM_HEAVY_TRAFFIC'}",52,{2},5.0
2e699107,2e699107c,2020-10-09,18,{'JAM'},"{'JAM_STAND_STILL_TRAFFIC', 'JAM_MODERATE_TRAFFIC'}",62,{2},5.0
2e699107,2e699107c,2020-10-17,15,{'JAM'},{'JAM_STAND_STILL_TRAFFIC'},30,{2},5.0
2e699107,2e699107c,2020-10-21,6,{'JAM'},{'JAM_STAND_STILL_TRAFFIC'},30,{2},5.0
2e699107,2e699107c,2020-10-24,13,{'JAM'},{'JAM_STAND_STILL_TRAFFIC'},31,{1},5.0
2e699107,2e699107c,2020-10-30,6,{'JAM'},{'JAM'},31,{1},5.0
2e699107,2e699107c,2020-11-06,18,{'JAM'},{'JAM_STAND_STILL_TRAFFIC'},61,{2},5.0
2e699109,2e699108c,2020-09-10,14,{'JAM'},{'JAM_HEAVY_TRAFFIC'},19,{2},5.0
2e699109,2e699108c,2020-09-11,18,{'JAM'},{'JAM_STAND_STILL_TRAFFIC'},71,{2},5.0
2e699109,2e699108c,2020-09-12,15,{'JAM'},{'JAM_STAND_STILL_TRAFFIC'},31,{2},5.0
2e699109,2e699108c,2020-09-26,13,{'JAM'},{'JAM_HEAVY_TRAFFIC'},30,{2},5.0
2e699109,2e699108c,2020-09-26,16,{'JAM'},{'JAM_MODERATE_TRAFFIC'},33,{2},5.0
2e699109,2e699108c,2020-10-09,18,{'JAM'},{'JAM_HEAVY_TRAFFIC'},31,{2},5.0
2e699109,2e699108c,2020-10-10,13,{'JAM'},{'JAM_HEAVY_TRAFFIC'},23,{2},5.0
2e699109,2e699108c,2020-10-19,17,{'JAM'},{'JAM_STAND_STILL_TRAFFIC'},33,{2},5.0
2e699109,2e699108c,2020-10-19,18,{'JAM'},{'JAM_HEAVY_TRAFFIC'},30,{2},5.0
2e699109,2e699108c,2020-10-20,8,{'JAM'},{'JAM_STAND_STILL_TRAFFIC'},30,{2},5.0
2e699109,2e699108c,2020-10-21,9,{'JAM'},{'JAM_STAND_STILL_TRAFFIC'},60,{2},5.0
2e699109,2e699108c,2020-10-22,6,{'JAM'},{'JAM_HEAVY_TRAFFIC'},31,{2},5.0
2e699109,2e699108c,2020-10-22,17,{'JAM'},{'JAM_HEAVY_TRAFFIC'},32,{2},5.0
2e699109,2e699108c,2020-10-27,18,{'JAM'},{'JAM_MODERATE_TRAFFIC'},65,{2},5.0
2e699109,2e699108c,2020-10-28,15,{'JAM'},{'JAM_HEAVY_TRAFFIC'},31,{2},5.0
2e699109,2e699108c,2020-10-28,16,{'JAM'},{'JAM_STAND_STILL_TRAFFIC'},34,{2},5.0
2e699109,2e699108c,2020-10-28,19,{'JAM'},{'JAM_STAND_STILL_TRAFFIC'},31,{2},5.0
2e699109,2e699108c,2020-10-30,17,{'JAM'},{'JAM_STAND_STILL_TRAFFIC'},31,{2},5.0
2e699109,2e699108c,2020-11-05,14,{'JAM'},{'JAM'},31,{2},5.0
2e699109,2e699108c,2020-11-06,18,{'JAM'},{'JAM_MODERATE_TRAFFIC'},27,{2},8.0
2e699109,2e699108c,2020-11-14,14,{'JAM'},{'JAM_STAND_STILL_TRAFFIC'},22,{2},5.0
2e699109,2e699108c,2020-11-17,10,{'JAM'},{'JAM_STAND_STILL_TRAFFIC'},31,{2},5.0
2e699109,2e699108c,2020-11-17,17,{'JAM'},{'JAM_STAND_STILL_TRAFFIC'},32,{2},5.0
2e69910b,2e69910ac,2020-09-20,2,"{'JAM', 'WEATHERHAZARD', 'ACCIDENT'}","{'JAM_HEAVY_TRAFFIC', 'HAZARD_WEATHER_FOG', 'ACCIDENT_MINOR'}",184,{1},5.0
2e69910b,2e69910ac,2020-10-01,18,"{'WEATHERHAZARD', 'ACCIDENT'}","{'HAZARD_WEATHER', 'ACCIDENT_MAJOR'}",151,{1},5.0
2e69910f,2e69910e4,2020-09-21,15,{'JAM'},{'JAM_STAND_STILL_TRAFFIC'},32,{2},5.0
2e69910f,2e69910e4,2020-09-21,16,{'JAM'},{'JAM_STAND_STILL_TRAFFIC'},50,{2},5.0
2e69910f,2e69910e4,2020-10-21,7,{'JAM'},{'JAM_STAND_STILL_TRAFFIC'},62,{2},5.0
2e69910f,2e69910e4,2020-10-21,8,{'JAM'},{'JAM_STAND_STILL_TRAFFIC'},31,{2},5.0
2e69910f,2e69910e4,2020-10-21,10,{'JAM'},{'JAM_STAND_STILL_TRAFFIC'},30,{2},5.0
2e69910f,2e69910e4,2020-10-28,18,{'JAM'},{'JAM_STAND_STILL_TRAFFIC'},32,{2},6.0
2e69910f,2e69910ec,2020-10-21,8,{'JAM'},{'JAM_STAND_STILL_TRAFFIC'},30,{2},6.0
2e69910f,2e69910f4,2020-09-02,12,{'WEATHERHAZARD'},{'HAZARD_WEATHER'},31,{1},5.0
2e69910f,2e69910f4,2020-09-11,18,{'JAM'},{'JAM_STAND_STILL_TRAFFIC'},32,{2},5.0
2e69910f,2e69910f4,2020-09-19,10,{'JAM'},{'JAM_HEAVY_TRAFFIC'},32,{2},5.0
2e69910f,2e69910f4,2020-09-21,15,{'JAM'},{'JAM_STAND_STILL_TRAFFIC'},31,{2},5.0
2e69910f,2e69910f4,2020-09-21,16,{'JAM'},{'JAM_STAND_STILL_TRAFFIC'},33,{2},5.0
2e69910f,2e69910f4,2020-10-03,12,{'JAM'},{'JAM_STAND_STILL_TRAFFIC'},23,{2},5.0
2e69910f,2e69910f4,2020-10-05,15,{'JAM'},{'JAM_HEAVY_TRAFFIC'},62,{2},5.0
2e69910f,2e69910f4,2020-10-10,10,{'JAM'},{'JAM_STAND_STILL_TRAFFIC'},60,{2},5.583333333333333
2e69910f,2e69910f4,2020-10-10,12,{'JAM'},"{'JAM_MODERATE_TRAFFIC', 'JAM_HEAVY_TRAFFIC'}",56,{2},5.0
2e69910f,2e69910f4,2020-10-10,16,{'JAM'},{'JAM'},30,{2},5.0
2e69910f,2e69910f4,2020-10-19,7,{'JAM'},{'JAM_HEAVY_TRAFFIC'},36,{2},5.972222222222222
2e69910f,2e69910f4,2020-10-21,8,{'JAM'},{'JAM_STAND_STILL_TRAFFIC'},31,{2},5.0
2e69910f,2e69910f4,2020-10-21,9,{'JAM'},{'JAM_STAND_STILL_TRAFFIC'},32,{2},5.0
2e69910f,2e69910f4,2020-10-27,18,{'JAM'},{'JAM_MODERATE_TRAFFIC'},29,{2},5.0
2e69910f,2e69910f4,2020-10-28,18,{'JAM'},{'JAM_STAND_STILL_TRAFFIC'},34,{2},5.529411764705882
2e69910f,2e69910f4,2020-10-28,19,{'JAM'},{'JAM_STAND_STILL_TRAFFIC'},33,{2},5.0
2e69910f,2e69910f4,2020-11-05,17,{'JAM'},{'JAM_MODERATE_TRAFFIC'},32,{2},5.0
2e69910f,2e69910f4,2020-11-05,18,{'JAM'},{'JAM_MODERATE_TRAFFIC'},31,{2},5.0
2e69910f,2e69910f4,2020-11-14,13,{'JAM'},{'JAM_STAND_STILL_TRAFFIC'},24,{2},5.0
2e69910f,2e69910f4,2020-11-17,17,{'JAM'},{'JAM_STAND_STILL_TRAFFIC'},32,{2},6.53125
2e69910f,2e69910f4,2020-11-21,9,{'JAM'},{'JAM_STAND_STILL_TRAFFIC'},31,{2},5.967741935483871
2e699111,2e699111c,2020-10-21,7,{'JAM'},{'JAM_HEAVY_TRAFFIC'},31,{22},5.0
2e699111,2e699111c,2020-10-21,8,{'JAM'},{'JAM_STAND_STILL_TRAFFIC'},31,{2},6.0
2e699111,2e699111c,2020-10-31,14,{'JAM'},{'JAM_STAND_STILL_TRAFFIC'},30,{2},5.0
2e699113,2e6991124,2020-10-21,8,{'JAM'},{'JAM_STAND_STILL_TRAFFIC'},63,{2},6.523809523809524
2e699113,2e699113c,2020-10-21,8,{'JAM'},{'JAM_STAND_STILL_TRAFFIC'},33,{2},5.787878787878788
2e69911b,2e69911a4,2020-09-07,19,{'JAM'},{'JAM_STAND_STILL_TRAFFIC'},30,{1},5.0
2e69911d,2e69911d4,2020-09-06,18,{'JAM'},{'JAM'},31,{1},5.0
2e69913b,2e69913b4,2020-10-31,16,{'JAM'},{'JAM_MODERATE_TRAFFIC'},7,{1},5.0
2e699141,2e699141c,2020-10-15,17,{'JAM'},{'JAM'},6,{2},5.0
2e699143,2e6991424,2020-10-10,10,{'JAM'},{'JAM_HEAVY_TRAFFIC'},37,{2},5.405405405405405
2e699151,2e699150c,2020-10-29,10,{'JAM'},{'JAM_STAND_STILL_TRAFFIC'},31,{2},6.838709677419355
2e699155,2e6991554,2020-11-14,14,{'JAM'},{'JAM_STAND_STILL_TRAFFIC'},22,{2},5.0
2e699155,2e699155c,2020-10-29,8,{'JAM'},{'JAM'},30,{2},5.0
2e699155,2e699155c,2020-10-29,11,{'JAM'},{'JAM_STAND_STILL_TRAFFIC'},7,{2},5.0
2e699157,2e699156c,2020-10-29,6,{'JAM'},{'JAM_STAND_STILL_TRAFFIC'},32,{2},5.90625
2e699157,2e6991574,2020-10-29,11,"{'JAM', 'WEATHERHAZARD'}","{'HAZARD_ON_ROAD_CAR_STOPPED', 'JAM_STAND_STILL_TRAFFIC'}",96,{2},5.166666666666667
2e69915b,2e69915a4,2020-10-01,17,{'JAM'},{'JAM_HEAVY_TRAFFIC'},30,{2},5.0
2e69915b,2e69915b4,2020-11-20,18,{'JAM'},{'JAM_STAND_STILL_TRAFFIC'},21,{2},5.0
2e69916d,2e69916c4,2020-10-17,11,{'JAM'},{'JAM'},7,{2},5.0
2e69916f,2e69916e4,2020-11-02,21,{'JAM'},{'JAM'},30,{2},5.0
2e69916f,2e69916fc,2020-09-06,17,{'ACCIDENT'},{'ACCIDENT_MAJOR'},123,{2},5.0
2e699171,2e699171c,2020-10-08,19,{'JAM'},{'JAM'},30,{22},5.0
2e699173,2e699173c,2020-09-06,17,{'ACCIDENT'},{'ACCIDENT'},120,{2},5.0
2e699179,2e699179c,2020-09-22,23,{'JAM'},{'JAM_MODERATE_TRAFFIC'},64,{1},5.0
2e69917b,2e69917a4,2020-09-22,23,{'ACCIDENT'},{'ACCIDENT_MINOR'},121,{1},5.0
2e69917f,2e69917ec,2020-10-18,20,{'JAM'},{'JAM_MODERATE_TRAFFIC'},59,{1},5.0
2e69917f,2e69917ec,2020-10-19,22,{'JAM'},{'JAM_MODERATE_TRAFFIC'},62,{1},5.0
2e69917f,2e69917ec,2020-10-30,17,{'JAM'},{'JAM_MODERATE_TRAFFIC'},67,{1},5.0
2e699183,2e699182c,2020-09-20,13,{'WEATHERHAZARD'},{'WEATHERHAZARD'},60,{2},5.0
2e699185,2e6991854,2020-11-14,13,{'JAM'},{'JAM_MODERATE_TRAFFIC'},57,{1},5.0
2e699187,2e6991864,2020-09-21,13,{'ACCIDENT'},{'ACCIDENT'},242,{1},5.0
2e69918b,2e69918a4,2020-09-22,12,{'JAM'},{'JAM_MODERATE_TRAFFIC'},52,{2},5.0
2e69918b,2e69918a4,2020-10-04,17,{'JAM'},{'JAM_STAND_STILL_TRAFFIC'},62,{2},5.0
2e69918b,2e69918a4,2020-11-14,18,{'JAM'},{'JAM_STAND_STILL_TRAFFIC'},62,{2},5.0
2e69918b,2e69918ac,2020-10-05,19,{'JAM'},{'JAM_HEAVY_TRAFFIC'},62,{2},5.0
2e69918b,2e69918ac,2020-10-10,16,{'JAM'},"{'JAM_STAND_STILL_TRAFFIC', 'JAM_HEAVY_TRAFFIC'}",72,{2},5.0
2e69918b,2e69918ac,2020-10-20,17,"{'JAM', 'ACCIDENT'}","{'JAM', 'ACCIDENT'}",304,{2},5.0
2e69918b,2e69918bc,2020-09-07,20,{'JAM'},{'JAM'},62,{2},5.0
2e69918b,2e69918bc,2020-10-04,17,{'JAM'},{'JAM_STAND_STILL_TRAFFIC'},60,{2},5.0
2e69918d,2e69918c4,2020-10-23,13,{'JAM'},{'JAM'},12,{2},5.0
2e69918f,2e69918ec,2020-10-10,16,{'JAM'},{'JAM_HEAVY_TRAFFIC'},185,{2},5.0
2e69918f,2e69918ec,2020-10-28,17,{'JAM'},{'JAM_HEAVY_TRAFFIC'},60,{2},5.0
2e69918f,2e69918ec,2020-10-29,17,{'JAM'},{'JAM_STAND_STILL_TRAFFIC'},62,{2},5.0
2e69918f,2e69918ec,2020-10-30,13,{'JAM'},{'JAM_HEAVY_TRAFFIC'},36,{2},5.0
2e69918f,2e69918fc,2020-10-12,17,{'JAM'},{'JAM_HEAVY_TRAFFIC'},61,{2},5.0
2e69918f,2e69918fc,2020-11-09,17,{'JAM'},{'JAM_HEAVY_TRAFFIC'},61,{2},5.0
2e69918f,2e69918fc,2020-11-21,11,{'JAM'},{'JAM_STAND_STILL_TRAFFIC'},55,{2},5.636363636363637
2e699191,2e6991914,2020-09-05,19,{'JAM'},"{'JAM_STAND_STILL_TRAFFIC', 'JAM_HEAVY_TRAFFIC'}",116,{2},5.0
2e699191,2e6991914,2020-09-23,17,{'JAM'},{'JAM_HEAVY_TRAFFIC'},69,{2},5.0
2e699191,2e6991914,2020-10-17,11,{'JAM'},{'JAM_HEAVY_TRAFFIC'},54,{2},5.925925925925926
2e699191,2e6991914,2020-10-24,10,{'JAM'},{'JAM_STAND_STILL_TRAFFIC'},67,{2},5.0
2e699191,2e6991914,2020-10-24,16,{'JAM'},{'JAM_HEAVY_TRAFFIC'},66,{2},5.0
2e699191,2e6991914,2020-10-28,19,{'JAM'},{'JAM_STAND_STILL_TRAFFIC'},64,{2},5.0
2e699191,2e6991914,2020-10-29,17,{'JAM'},{'JAM_STAND_STILL_TRAFFIC'},70,{2},5.0
2e699191,2e6991914,2020-11-07,17,{'JAM'},{'JAM_HEAVY_TRAFFIC'},52,{2},5.0
2e699191,2e6991914,2020-11-11,16,{'JAM'},{'JAM'},62,{2},5.0
2e699191,2e6991914,2020-11-14,14,{'JAM'},{'JAM_HEAVY_TRAFFIC'},104,{2},5.0
2e699191,2e699191c,2020-09-08,17,{'JAM'},{'JAM'},60,{1},5.0
2e699191,2e699191c,2020-11-07,17,{'JAM'},{'JAM_STAND_STILL_TRAFFIC'},66,{2},5.0
2e699193,2e6991924,2020-10-17,10,{'JAM'},{'JAM'},66,{1},5.0
2e699193,2e6991934,2020-10-26,19,{'JAM'},{'JAM_MODERATE_TRAFFIC'},66,{2},5.0
2e699193,2e699193c,2020-10-30,17,{'WEATHERHAZARD'},{'WEATHERHAZARD'},64,{1},5.0
2e699195,2e6991944,2020-09-16,18,{'JAM'},{'JAM_HEAVY_TRAFFIC'},55,{2},5.0
2e699195,2e6991944,2020-11-07,17,{'JAM'},{'JAM_HEAVY_TRAFFIC'},59,{2},5.0
2e699195,2e6991944,2020-11-09,17,{'JAM'},{'JAM'},62,{2},6.0
2e699195,2e6991944,2020-11-09,18,{'JAM'},{'JAM_HEAVY_TRAFFIC'},62,{2},5.725806451612903
2e699195,2e699194c,2020-11-09,17,{'JAM'},"{'JAM', 'JAM_HEAVY_TRAFFIC'}",63,{2},5.0
2e699195,2e699195c,2020-11-04,9,{'WEATHERHAZARD'},{'HAZARD_ON_ROAD_POT_HOLE'},1212,{1},5.958745874587459
2e699195,2e699195c,2020-11-09,13,{'JAM'},{'JAM_STAND_STILL_TRAFFIC'},62,{1},5.0
2e699197,2e6991964,2020-10-08,18,{'JAM'},{'JAM_STAND_STILL_TRAFFIC'},66,{2},5.0
2e699197,2e6991964,2020-11-08,12,{'JAM'},{'JAM_STAND_STILL_TRAFFIC'},58,{2},5.0
2e699197,2e6991964,2020-11-11,17,{'JAM'},{'JAM_STAND_STILL_TRAFFIC'},64,{2},5.0
2e699197,2e699196c,2020-09-02,16,{'JAM'},{'JAM_MODERATE_TRAFFIC'},59,{2},5.0
2e699197,2e699196c,2020-09-06,17,{'JAM'},{'JAM_HEAVY_TRAFFIC'},63,{2},5.0
2e699197,2e699196c,2020-09-18,17,{'JAM'},{'JAM_HEAVY_TRAFFIC'},68,{2},5.0
2e699197,2e699196c,2020-09-30,19,{'JAM'},{'JAM_HEAVY_TRAFFIC'},60,{2},5.0
2e699197,2e699196c,2020-10-10,9,{'JAM'},{'JAM_HEAVY_TRAFFIC'},66,{2},5.0
2e699197,2e699196c,2020-10-11,18,{'JAM'},{'JAM_HEAVY_TRAFFIC'},46,{2},5.0
2e699197,2e699196c,2020-10-28,18,{'JAM'},{'JAM_STAND_STILL_TRAFFIC'},62,{2},5.0
2e699197,2e699196c,2020-10-28,19,{'JAM'},{'JAM_HEAVY_TRAFFIC'},60,{2},5.0
2e699197,2e699196c,2020-10-30,17,{'JAM'},{'JAM_STAND_STILL_TRAFFIC'},60,{2},5.0
2e699197,2e699196c,2020-10-31,12,{'JAM'},{'JAM_STAND_STILL_TRAFFIC'},70,{2},5.0
2e699197,2e699196c,2020-11-02,17,{'JAM'},{'JAM_HEAVY_TRAFFIC'},64,{2},5.0
2e699197,2e699196c,2020-11-07,16,{'JAM'},{'JAM_STAND_STILL_TRAFFIC'},61,{2},5.885245901639344
2e699197,2e699196c,2020-11-07,17,{'JAM'},{'JAM_STAND_STILL_TRAFFIC'},60,{2},5.0
2e699197,2e699196c,2020-11-09,17,{'JAM'},{'JAM_HEAVY_TRAFFIC'},64,{2},5.0
2e699197,2e699196c,2020-11-11,18,{'JAM'},{'JAM'},62,{2},5.0
2e6991a1,2e6991a14,2020-09-05,11,{'JAM'},{'JAM'},7,{2},5.0
2e6991a5,2e6991a4c,2020-10-08,18,"{'JAM', 'ACCIDENT'}","{'JAM', 'ACCIDENT'}",128,{2},5.265625
2e6991a7,2e6991a64,2020-09-07,14,{'WEATHERHAZARD'},{'WEATHERHAZARD'},31,{2},5.709677419354839
2e6991af,2e6991ae4,2020-10-24,12,{'WEATHERHAZARD'},{'WEATHERHAZARD'},30,{1},5.0
2e6991b5,2e6991b44,2020-09-21,11,{'JAM'},{'JAM_MODERATE_TRAFFIC'},31,{22},5.0
2e6991b9,2e6991b94,2020-09-25,15,{'JAM'},{'JAM_MODERATE_TRAFFIC'},31,{1},5.0
2e6991b9,2e6991b94,2020-10-12,10,"{'JAM', 'ACCIDENT'}","{'JAM_STAND_STILL_TRAFFIC', 'ACCIDENT_MAJOR'}",154,{1},5.0
2e6991bb,2e6991bb4,2020-09-18,18,{'JAM'},{'JAM_MODERATE_TRAFFIC'},8,{1},8.0
2e6991bb,2e6991bb4,2020-09-30,18,{'JAM'},{'JAM_STAND_STILL_TRAFFIC'},31,{2},5.0
2e6991bb,2e6991bb4,2020-10-11,18,{'JAM'},{'JAM_HEAVY_TRAFFIC'},31,{2},5.0
2e6991bd,2e6991bcc,2020-11-14,12,{'JAM'},{'JAM_STAND_STILL_TRAFFIC'},31,{2},5.0
2e6991bd,2e6991bdc,2020-10-08,18,{'WEATHERHAZARD'},{'HAZARD_WEATHER_FLOOD'},68,{2},5.352941176470588
2e6991bf,2e6991bec,2020-11-12,18,{'JAM'},{'JAM_MODERATE_TRAFFIC'},5,{1},8.0
2e6991bf,2e6991bfc,2020-10-19,15,{'WEATHERHAZARD'},"{'HAZARD_ON_SHOULDER_CAR_STOPPED', 'HAZARD_ON_ROAD_POT_HOLE'}",3059,{1},6.996404053612292
2e6991c1,2e6991c04,2020-09-05,21,{'JAM'},{'JAM'},63,{1},5.0
2e6991c3,2e6991c2c,2020-10-14,9,{'WEATHERHAZARD'},{'HAZARD_ON_ROAD_ROAD_KILL'},63,{1},5.0
2e6991c3,2e6991c3c,2020-10-09,16,{'WEATHERHAZARD'},{'HAZARD_ON_ROAD_ROAD_KILL'},64,{1},5.0
2e6991c3,2e6991c3c,2020-10-19,15,{'WEATHERHAZARD'},{'HAZARD_ON_ROAD_ROAD_KILL'},64,{1},5.0
2e6991c3,2e6991c3c,2020-11-04,9,{'WEATHERHAZARD'},{'HAZARD_ON_ROAD_ROAD_KILL'},62,{1},5.451612903225806
2e6991c7,2e6991c6c,2020-09-23,18,{'JAM'},{'JAM_HEAVY_TRAFFIC'},60,{1},5.933333333333334
2e6991d3,2e6991d34,2020-10-18,15,{'JAM'},{'JAM'},31,{2},5.0
2e6991d7,2e6991d64,2020-11-04,12,{'WEATHERHAZARD'},{'HAZARD_ON_SHOULDER_CAR_STOPPED'},42,{2},5.428571428571429
2e6991d7,2e6991d74,2020-11-15,16,{'JAM'},{'JAM'},22,{2},5.0
2e6991d9,2e6991d84,2020-11-04,9,{'JAM'},{'JAM_STAND_STILL_TRAFFIC'},60,{1},5.0
2e6991db,2e6991da4,2020-10-19,16,{'WEATHERHAZARD'},{'HAZARD_ON_SHOULDER_CAR_STOPPED'},67,{2},5.0
2e6991db,2e6991dac,2020-11-04,8,{'WEATHERHAZARD'},{'HAZARD_ON_ROAD_OBJECT'},122,{1},5.721311475409836
2e6991dd,2e6991dc4,2020-10-20,8,{'JAM'},{'JAM'},62,{1},5.0
2e6991dd,2e6991ddc,2020-09-01,7,{'JAM'},{'JAM_STAND_STILL_TRAFFIC'},11,{2},5.0
2e6991dd,2e6991ddc,2020-09-26,18,{'JAM'},{'JAM_HEAVY_TRAFFIC'},60,{2},5.0
2e6991df,2e6991de4,2020-09-23,17,{'JAM'},{'JAM_HEAVY_TRAFFIC'},66,{2},5.0
2e6991df,2e6991de4,2020-10-05,7,{'JAM'},{'JAM_STAND_STILL_TRAFFIC'},60,{2},5.0
2e6991df,2e6991de4,2020-10-24,16,{'JAM'},{'JAM_MODERATE_TRAFFIC'},61,{2},5.0
2e6991df,2e6991de4,2020-10-26,18,{'JAM'},{'JAM_HEAVY_TRAFFIC'},57,{2},5.0
2e6991df,2e6991de4,2020-10-29,21,"{'JAM', 'WEATHERHAZARD', 'ACCIDENT'}","{'JAM', 'WEATHERHAZARD', 'ACCIDENT'}",233,{2},5.412017167381975
2e6991df,2e6991de4,2020-11-02,20,{'JAM'},{'JAM_STAND_STILL_TRAFFIC'},62,{2},5.0
2e6991df,2e6991de4,2020-11-14,19,{'JAM'},{'JAM_HEAVY_TRAFFIC'},64,{2},5.0
2e6991df,2e6991de4,2020-11-19,18,{'JAM'},{'JAM_STAND_STILL_TRAFFIC'},62,{2},5.0
2e6991df,2e6991dfc,2020-09-27,17,{'JAM'},{'JAM_HEAVY_TRAFFIC'},67,{2},5.0
2e6991df,2e6991dfc,2020-10-05,8,{'JAM'},{'JAM_HEAVY_TRAFFIC'},66,{2},5.0
2e6991df,2e6991dfc,2020-10-25,16,{'JAM'},{'JAM'},50,{2},5.0
2e6991e1,2e6991e1c,2020-09-11,21,{'JAM'},{'JAM_MODERATE_TRAFFIC'},14,{1},5.0
2e6991e3,2e6991e34,2020-11-21,19,{'WEATHERHAZARD'},{'HAZARD_ON_ROAD_CAR_STOPPED'},32,{2},5.0
2e6991e3,2e6991e3c,2020-10-26,17,{'JAM'},{'JAM_HEAVY_TRAFFIC'},57,{2},5.0
2e6991e5,2e6991e4c,2020-09-30,12,{'JAM'},{'JAM'},33,{1},5.0
2e6991e5,2e6991e4c,2020-10-20,9,{'JAM'},{'JAM_MODERATE_TRAFFIC'},30,{1},5.0
2e6991e7,2e6991e6c,2020-10-26,17,{'JAM'},{'JAM_HEAVY_TRAFFIC'},56,{2},5.0
2e6991e7,2e6991e74,2020-10-01,10,{'JAM'},{'JAM_HEAVY_TRAFFIC'},60,{2},6.0
2e6991e7,2e6991e74,2020-10-12,13,{'WEATHERHAZARD'},{'HAZARD_ON_ROAD_POT_HOLE'},5606,{2},6.1947912950410275
2e6991e7,2e6991e74,2020-10-21,7,{'JAM'},{'JAM_MODERATE_TRAFFIC'},64,{2},5.0
2e6991e7,2e6991e74,2020-10-26,17,{'JAM'},{'JAM_HEAVY_TRAFFIC'},58,{2},5.0
2e6991e7,2e6991e74,2020-10-27,8,{'JAM'},{'JAM_HEAVY_TRAFFIC'},60,{2},5.0
2e6991e7,2e6991e74,2020-11-05,16,{'JAM'},{'JAM_HEAVY_TRAFFIC'},62,{2},5.0
2e6991e7,2e6991e7c,2020-09-02,16,{'JAM'},{'JAM_HEAVY_TRAFFIC'},64,{2},5.0
2e6991e7,2e6991e7c,2020-09-05,11,{'JAM'},{'JAM_STAND_STILL_TRAFFIC'},60,{2},5.0
2e6991e7,2e6991e7c,2020-10-17,17,{'JAM'},"{'JAM_STAND_STILL_TRAFFIC', 'JAM_HEAVY_TRAFFIC'}",124,{2},5.0
2e6991e7,2e6991e7c,2020-10-24,16,{'JAM'},{'JAM_MODERATE_TRAFFIC'},62,{2},5.0
2e6991e7,2e6991e7c,2020-11-14,12,{'JAM'},{'JAM_STAND_STILL_TRAFFIC'},62,{2},5.0
2e6991e9,2e6991e84,2020-10-07,17,{'JAM'},"{'JAM_STAND_STILL_TRAFFIC', 'JAM_HEAVY_TRAFFIC'}",130,"{1, 2}",5.0
2e6991e9,2e6991e9c,2020-09-26,10,{'JAM'},{'JAM_MODERATE_TRAFFIC'},62,{2},5.0
2e6991eb,2e6991ea4,2020-10-16,11,{'JAM'},{'JAM_STAND_STILL_TRAFFIC'},126,{2},5.0
2e6991eb,2e6991ebc,2020-11-14,9,"{'JAM', 'ACCIDENT'}","{'JAM_MODERATE_TRAFFIC', 'ACCIDENT'}",300,{1},5.8
2e6991ed,2e6991ec4,2020-10-26,15,{'WEATHERHAZARD'},{'HAZARD_ON_ROAD_OBJECT'},120,{2},5.416666666666667
2e6991ef,2e6991ef4,2020-09-06,13,"{'JAM', 'ACCIDENT'}","{'JAM_STAND_STILL_TRAFFIC', 'ACCIDENT_MAJOR'}",301,"{1, 22}",5.0
2e6991ef,2e6991efc,2020-10-24,15,"{'JAM', 'ACCIDENT'}","{'ACCIDENT', 'JAM_HEAVY_TRAFFIC'}",306,{1},5.0
2e6991f1,2e6991f1c,2020-09-21,13,{'WEATHERHAZARD'},{'HAZARD_WEATHER'},62,{1},5.0
2e6991f1,2e6991f1c,2020-11-17,15,{'JAM'},{'JAM'},66,{1},5.96969696969697
2e6991f3,2e6991f34,2020-10-31,8,{'ACCIDENT'},{'ACCIDENT_MINOR'},242,{1},5.0
2e6991f7,2e6991f74,2020-10-02,14,{'JAM'},{'JAM_MODERATE_TRAFFIC'},31,{1},5.0
2e6991f7,2e6991f74,2020-10-17,11,{'JAM'},{'JAM_HEAVY_TRAFFIC'},31,{2},5.0
2e6991fb,2e6991fa4,2020-10-23,17,{'JAM'},{'JAM_HEAVY_TRAFFIC'},14,{2},5.0
2e6991fd,2e6991fd4,2020-09-29,11,{'JAM'},{'JAM'},31,{1},5.0
2e699201,2e699200c,2020-09-16,12,{'JAM'},{'JAM'},11,{2},5.0
2e699201,2e699200c,2020-11-07,10,{'JAM'},{'JAM_STAND_STILL_TRAFFIC'},31,{2},5.0
2e699201,2e6992014,2020-10-19,19,{'JAM'},{'JAM'},32,{22},5.0
2e699203,2e6992024,2020-10-23,16,{'JAM'},{'JAM_HEAVY_TRAFFIC'},28,{2},5.0
2e699203,2e6992024,2020-11-02,16,{'JAM'},{'JAM_MODERATE_TRAFFIC'},32,{2},5.6875
2e699203,2e699203c,2020-10-11,14,{'JAM'},{'JAM_MODERATE_TRAFFIC'},33,{2},5.0
2e699205,2e6992044,2020-11-05,11,{'JAM'},{'JAM_HEAVY_TRAFFIC'},30,{1},5.0
2e699205,2e6992054,2020-10-28,14,{'JAM'},{'JAM'},31,{1},5.0
2e699207,2e699206c,2020-10-17,4,{'WEATHERHAZARD'},{'WEATHERHAZARD'},31,{22},5.0
2e699207,2e699206c,2020-11-20,17,{'JAM'},{'JAM_HEAVY_TRAFFIC'},70,{2},5.485714285714286
2e699207,2e6992074,2020-09-11,17,{'JAM'},{'JAM_HEAVY_TRAFFIC'},7,{2},5.0
2e699207,2e6992074,2020-09-16,17,{'JAM'},{'JAM_STAND_STILL_TRAFFIC'},32,{2},5.0
2e699207,2e6992074,2020-10-31,21,{'JAM'},{'JAM'},30,{2},5.0
2e699207,2e6992074,2020-11-18,17,{'JAM'},{'JAM_STAND_STILL_TRAFFIC'},22,{2},5.0
2e699207,2e699207c,2020-09-17,17,{'WEATHERHAZARD'},{'HAZARD_ON_ROAD_CAR_STOPPED'},45,{2},5.355555555555555
2e699207,2e699207c,2020-11-07,11,{'JAM'},{'JAM_STAND_STILL_TRAFFIC'},30,{2},5.0
2e699209,2e6992084,2020-09-28,11,{'JAM'},{'JAM_MODERATE_TRAFFIC'},6,{2},5.0
2e699209,2e6992084,2020-10-21,11,{'JAM'},{'JAM'},30,{2},5.0
2e699209,2e6992084,2020-10-26,17,{'JAM'},{'JAM_HEAVY_TRAFFIC'},62,{2},5.0
2e699209,2e6992084,2020-10-26,18,{'JAM'},{'JAM_HEAVY_TRAFFIC'},28,{2},5.0
2e699209,2e699208c,2020-11-12,20,{'JAM'},{'JAM_STAND_STILL_TRAFFIC'},32,{2},5.0
2e69920b,2e69920a4,2020-10-14,16,{'JAM'},{'JAM_HEAVY_TRAFFIC'},31,{2},5.0
2e69920b,2e69920a4,2020-10-21,17,{'JAM'},{'JAM_STAND_STILL_TRAFFIC'},31,{2},5.709677419354839
2e69920b,2e69920a4,2020-10-26,17,{'JAM'},{'JAM_HEAVY_TRAFFIC'},16,{2},5.0
2e69920b,2e69920ac,2020-09-02,16,{'JAM'},{'JAM_MODERATE_TRAFFIC'},33,{7},5.0
2e69920b,2e69920ac,2020-09-02,18,{'JAM'},{'JAM_STAND_STILL_TRAFFIC'},32,{7},5.0
2e69920b,2e69920ac,2020-09-04,11,{'JAM'},{'JAM_STAND_STILL_TRAFFIC'},30,{7},5.0
2e69920b,2e69920ac,2020-09-04,13,{'JAM'},"{'JAM_STAND_STILL_TRAFFIC', 'JAM_HEAVY_TRAFFIC'}",62,{7},7.161290322580645
2e69920b,2e69920ac,2020-09-05,11,{'JAM'},{'JAM_HEAVY_TRAFFIC'},36,{7},7.0
2e69920b,2e69920ac,2020-09-05,16,{'JAM'},{'JAM_HEAVY_TRAFFIC'},12,{7},5.0
2e69920b,2e69920ac,2020-09-11,6,{'WEATHERHAZARD'},{'HAZARD_ON_SHOULDER_CAR_STOPPED'},30,{7},5.0
2e69920b,2e69920ac,2020-09-11,17,{'JAM'},{'JAM_MODERATE_TRAFFIC'},35,{7},5.0
2e69920b,2e69920ac,2020-09-12,12,{'JAM'},{'JAM_HEAVY_TRAFFIC'},31,{7},5.0
2e69920b,2e69920ac,2020-09-14,17,{'JAM'},{'JAM_STAND_STILL_TRAFFIC'},27,{7},5.0
2e69920b,2e69920ac,2020-09-16,17,{'JAM'},{'JAM_HEAVY_TRAFFIC'},56,{7},5.0
2e69920b,2e69920ac,2020-09-17,18,{'JAM'},{'JAM_MODERATE_TRAFFIC'},24,{7},5.0
2e69920b,2e69920ac,2020-09-19,10,{'JAM'},{'JAM_MODERATE_TRAFFIC'},34,{7},5.0
2e69920b,2e69920ac,2020-09-21,8,{'JAM'},{'JAM_MODERATE_TRAFFIC'},60,{7},5.0
2e69920b,2e69920ac,2020-09-22,17,{'JAM'},{'JAM_STAND_STILL_TRAFFIC'},32,{7},5.0
2e69920b,2e69920ac,2020-09-22,18,{'JAM'},{'JAM_STAND_STILL_TRAFFIC'},32,{7},5.0
2e69920b,2e69920ac,2020-09-23,6,{'JAM'},{'JAM_HEAVY_TRAFFIC'},33,{7},5.0
2e69920b,2e69920ac,2020-09-23,17,{'JAM'},{'JAM_HEAVY_TRAFFIC'},13,{7},5.0
2e69920b,2e69920ac,2020-09-24,10,{'JAM'},{'JAM_STAND_STILL_TRAFFIC'},31,{7},5.0
2e69920b,2e69920ac,2020-09-25,7,{'JAM'},{'JAM_STAND_STILL_TRAFFIC'},30,{7},5.0
2e69920b,2e69920ac,2020-09-25,8,{'JAM'},"{'JAM_STAND_STILL_TRAFFIC', 'JAM_HEAVY_TRAFFIC'}",60,{7},5.0
2e69920b,2e69920ac,2020-09-26,11,{'JAM'},{'JAM_HEAVY_TRAFFIC'},40,{7},5.825
2e69920b,2e69920ac,2020-09-29,8,{'JAM'},{'JAM_HEAVY_TRAFFIC'},5,{7},5.0
2e69920b,2e69920ac,2020-09-29,17,{'JAM'},{'JAM_STAND_STILL_TRAFFIC'},61,{7},5.0
2e69920b,2e69920ac,2020-09-30,23,{'JAM'},{'JAM'},30,{1},5.0
2e69920b,2e69920ac,2020-10-01,19,{'JAM'},{'JAM_STAND_STILL_TRAFFIC'},23,{7},5.0
2e69920b,2e69920ac,2020-10-02,20,{'JAM'},{'JAM_HEAVY_TRAFFIC'},5,{7},5.0
2e69920b,2e69920ac,2020-10-03,12,{'JAM'},{'JAM_STAND_STILL_TRAFFIC'},13,{7},5.0
2e69920b,2e69920ac,2020-10-05,8,{'JAM'},"{'JAM_MODERATE_TRAFFIC', 'JAM_HEAVY_TRAFFIC'}",56,{7},5.0
2e69920b,2e69920ac,2020-10-05,17,{'JAM'},{'JAM_HEAVY_TRAFFIC'},5,{7},5.0
2e69920b,2e69920ac,2020-10-13,9,{'JAM'},{'JAM_STAND_STILL_TRAFFIC'},31,{7},5.838709677419355
2e69920b,2e69920ac,2020-10-15,16,{'JAM'},{'JAM_STAND_STILL_TRAFFIC'},32,{7},5.0
2e69920b,2e69920ac,2020-10-17,15,{'JAM'},{'JAM_HEAVY_TRAFFIC'},31,{7},5.0
2e69920b,2e69920ac,2020-10-19,16,{'JAM'},{'JAM_HEAVY_TRAFFIC'},31,{7},5.0
2e69920b,2e69920ac,2020-10-19,17,{'JAM'},{'JAM_STAND_STILL_TRAFFIC'},32,{7},5.0
2e69920b,2e69920ac,2020-10-20,18,{'JAM'},{'JAM_STAND_STILL_TRAFFIC'},30,{7},5.0
2e69920b,2e69920ac,2020-10-20,19,{'JAM'},{'JAM_STAND_STILL_TRAFFIC'},54,{7},5.425925925925926
2e69920b,2e69920ac,2020-10-21,17,{'JAM'},{'JAM_HEAVY_TRAFFIC'},15,{7},7.0
2e69920b,2e69920ac,2020-10-21,18,{'JAM'},{'JAM_STAND_STILL_TRAFFIC'},31,{7},5.0
2e69920b,2e69920ac,2020-10-22,9,{'JAM'},{'JAM_MODERATE_TRAFFIC'},5,{7},5.0
2e69920b,2e69920ac,2020-10-22,18,{'JAM'},{'JAM_HEAVY_TRAFFIC'},30,{7},5.0
2e69920b,2e69920ac,2020-10-23,9,{'JAM'},"{'JAM', 'JAM_STAND_STILL_TRAFFIC'}",76,{7},5.394736842105263
2e69920b,2e69920ac,2020-10-24,12,{'JAM'},{'JAM_STAND_STILL_TRAFFIC'},15,{7},5.0
2e69920b,2e69920ac,2020-10-24,18,{'JAM'},{'JAM_MODERATE_TRAFFIC'},9,{7},5.0
2e69920b,2e69920ac,2020-10-26,9,{'JAM'},{'JAM_HEAVY_TRAFFIC'},30,{7},5.0
2e69920b,2e69920ac,2020-10-26,15,{'JAM'},{'JAM'},32,{7},5.0
2e69920b,2e69920ac,2020-10-26,16,{'JAM'},{'JAM_STAND_STILL_TRAFFIC'},30,{7},5.0
2e69920b,2e69920ac,2020-10-26,18,{'JAM'},"{'JAM_STAND_STILL_TRAFFIC', 'JAM_HEAVY_TRAFFIC'}",63,{7},5.0
2e69920b,2e69920ac,2020-10-27,8,{'JAM'},{'JAM_HEAVY_TRAFFIC'},31,{7},5.0
2e69920b,2e69920ac,2020-10-27,9,{'JAM'},{'JAM_HEAVY_TRAFFIC'},41,{7},5.365853658536586
2e69920b,2e69920ac,2020-10-27,10,{'JAM'},{'JAM_HEAVY_TRAFFIC'},32,{7},5.0
2e69920b,2e69920ac,2020-10-28,8,{'JAM'},{'JAM_MODERATE_TRAFFIC'},7,{7},5.0
2e69920b,2e69920ac,2020-10-31,14,{'JAM'},"{'JAM_MODERATE_TRAFFIC', 'JAM_HEAVY_TRAFFIC'}",36,{7},5.0
2e69920b,2e69920ac,2020-11-01,10,{'JAM'},{'JAM_HEAVY_TRAFFIC'},30,{7},5.9
2e69920b,2e69920ac,2020-11-02,17,{'JAM'},{'JAM_HEAVY_TRAFFIC'},11,{7},5.0
2e69920b,2e69920ac,2020-11-03,10,{'JAM'},{'JAM_HEAVY_TRAFFIC'},30,{7},5.0
2e69920b,2e69920ac,2020-11-03,17,{'JAM'},{'JAM_STAND_STILL_TRAFFIC'},31,{7},5.0
2e69920b,2e69920ac,2020-11-05,8,{'JAM'},{'JAM_HEAVY_TRAFFIC'},30,{7},5.0
2e69920b,2e69920ac,2020-11-05,10,{'JAM'},{'JAM_STAND_STILL_TRAFFIC'},31,{7},5.0
2e69920b,2e69920ac,2020-11-05,17,{'JAM'},{'JAM_STAND_STILL_TRAFFIC'},30,{7},5.0
2e69920b,2e69920ac,2020-11-06,8,{'JAM'},{'JAM_HEAVY_TRAFFIC'},6,{7},5.833333333333333
2e69920b,2e69920ac,2020-11-07,11,{'JAM'},{'JAM_HEAVY_TRAFFIC'},32,{7},5.0
2e69920b,2e69920ac,2020-11-07,12,{'JAM'},{'JAM_HEAVY_TRAFFIC'},31,{7},5.0
2e69920b,2e69920ac,2020-11-07,13,{'JAM'},{'JAM_STAND_STILL_TRAFFIC'},5,{7},5.0
2e69920b,2e69920ac,2020-11-07,17,{'JAM'},{'JAM_STAND_STILL_TRAFFIC'},56,{7},6.660714285714286
2e69920b,2e69920ac,2020-11-07,18,{'JAM'},"{'JAM_STAND_STILL_TRAFFIC', 'JAM_MODERATE_TRAFFIC'}",70,{7},5.242857142857143
2e69920b,2e69920ac,2020-11-09,17,{'JAM'},{'JAM_STAND_STILL_TRAFFIC'},64,{7},5.0
2e69920b,2e69920ac,2020-11-10,8,{'JAM'},{'JAM_STAND_STILL_TRAFFIC'},6,{7},5.0
2e69920b,2e69920ac,2020-11-10,17,{'JAM'},"{'JAM', 'JAM_STAND_STILL_TRAFFIC'}",64,{7},5.0
2e69920b,2e69920ac,2020-11-11,10,{'JAM'},{'JAM_HEAVY_TRAFFIC'},38,{7},5.447368421052632
2e69920b,2e69920ac,2020-11-12,8,{'JAM'},{'JAM_STAND_STILL_TRAFFIC'},30,{7},5.0
2e69920b,2e69920ac,2020-11-12,10,{'JAM'},{'JAM_HEAVY_TRAFFIC'},5,{7},5.0
2e69920b,2e69920ac,2020-11-12,11,{'JAM'},{'JAM_STAND_STILL_TRAFFIC'},30,{7},5.7
2e69920b,2e69920ac,2020-11-12,17,{'JAM'},{'JAM_STAND_STILL_TRAFFIC'},31,{7},5.0
2e69920b,2e69920ac,2020-11-13,9,{'JAM'},{'JAM_STAND_STILL_TRAFFIC'},25,{7},6.8
2e69920b,2e69920ac,2020-11-17,16,{'JAM'},{'JAM_STAND_STILL_TRAFFIC'},33,{7},5.9393939393939394
2e69920b,2e69920ac,2020-11-20,18,{'JAM'},{'JAM_STAND_STILL_TRAFFIC'},31,{7},6.645161290322581
2e69920b,2e69920ac,2020-11-21,10,{'JAM'},{'JAM_HEAVY_TRAFFIC'},31,{7},6.0
2e69920b,2e69920b4,2020-09-01,18,{'JAM'},{'JAM_HEAVY_TRAFFIC'},29,{7},5.0
2e69920b,2e69920b4,2020-09-05,11,{'JAM'},{'JAM_MODERATE_TRAFFIC'},30,{7},5.0
2e69920b,2e69920b4,2020-09-09,17,{'JAM'},{'JAM_HEAVY_TRAFFIC'},17,{2},5.0
2e69920b,2e69920b4,2020-09-26,11,{'JAM'},{'JAM_STAND_STILL_TRAFFIC'},35,{7},5.457142857142857
2e69920b,2e69920b4,2020-10-02,17,{'JAM'},{'JAM_STAND_STILL_TRAFFIC'},28,{7},5.964285714285714
2e69920b,2e69920b4,2020-10-04,20,{'WEATHERHAZARD'},{'HAZARD_WEATHER_FLOOD'},30,{7},5.0
2e69920b,2e69920b4,2020-10-07,12,{'JAM'},{'JAM_HEAVY_TRAFFIC'},30,{7},5.0
2e69920b,2e69920b4,2020-10-15,19,{'WEATHERHAZARD'},{'HAZARD_ON_ROAD_CAR_STOPPED'},31,{7},5.0
2e69920b,2e69920b4,2020-10-20,11,{'JAM'},{'JAM_STAND_STILL_TRAFFIC'},32,{7},5.90625
2e69920b,2e69920b4,2020-10-20,18,"{'JAM', 'WEATHERHAZARD'}","{'JAM', 'HAZARD_ON_ROAD_POT_HOLE', 'JAM_HEAVY_TRAFFIC'}",173,"{2, 7}",5.84393063583815
2e69920b,2e69920b4,2020-10-20,19,{'JAM'},{'JAM_STAND_STILL_TRAFFIC'},68,"{22, 7}",5.411764705882353
2e69920b,2e69920b4,2020-10-21,16,{'JAM'},{'JAM_HEAVY_TRAFFIC'},31,{7},5.0
2e69920b,2e69920b4,2020-10-26,16,{'JAM'},"{'JAM', 'JAM_HEAVY_TRAFFIC'}",69,{7},5.0
2e69920b,2e69920b4,2020-10-26,18,{'JAM'},{'JAM_STAND_STILL_TRAFFIC'},31,{7},6.838709677419355
2e69920b,2e69920b4,2020-11-03,11,{'JAM'},{'JAM_STAND_STILL_TRAFFIC'},30,{7},5.366666666666666
2e69920b,2e69920b4,2020-11-05,20,{'WEATHERHAZARD'},{'HAZARD_ON_ROAD_CAR_STOPPED'},12,{7},5.833333333333333
2e69920b,2e69920b4,2020-11-06,18,{'JAM'},{'JAM'},32,{7},5.0
2e69920b,2e69920b4,2020-11-07,17,{'JAM'},{'JAM_STAND_STILL_TRAFFIC'},5,{7},5.8
2e69920b,2e69920b4,2020-11-09,10,{'JAM'},{'JAM_HEAVY_TRAFFIC'},33,{7},5.0
2e69920b,2e69920b4,2020-11-09,11,{'JAM'},{'JAM_HEAVY_TRAFFIC'},7,{7},5.0
2e69920b,2e69920b4,2020-11-09,12,{'JAM'},{'JAM_STAND_STILL_TRAFFIC'},40,{7},5.15
2e69920b,2e69920b4,2020-11-09,14,{'JAM'},{'JAM_STAND_STILL_TRAFFIC'},31,{7},5.0
2e69920b,2e69920b4,2020-11-11,17,{'JAM'},{'JAM_STAND_STILL_TRAFFIC'},23,{7},5.0
2e69920b,2e69920b4,2020-11-14,12,{'JAM'},{'JAM_STAND_STILL_TRAFFIC'},32,{7},5.96875
2e69920b,2e69920b4,2020-11-18,10,{'JAM'},{'JAM_HEAVY_TRAFFIC'},30,{7},5.866666666666666
2e69920d,2e69920c4,2020-09-12,12,{'JAM'},{'JAM_HEAVY_TRAFFIC'},24,{2},5.0
2e69920d,2e69920c4,2020-09-19,10,{'JAM'},{'JAM_HEAVY_TRAFFIC'},31,{2},5.0
2e69920d,2e69920c4,2020-10-04,14,{'JAM'},{'JAM'},33,{22},5.0
2e69920d,2e69920c4,2020-11-03,11,{'JAM'},"{'JAM_STAND_STILL_TRAFFIC', 'JAM_HEAVY_TRAFFIC'}",60,{2},5.0
2e69920d,2e69920c4,2020-11-12,20,{'JAM'},{'JAM_STAND_STILL_TRAFFIC'},44,{2},5.0
2e69920d,2e69920c4,2020-11-20,10,{'JAM'},{'JAM_STAND_STILL_TRAFFIC'},31,{2},5.0
2e69920d,2e69920cc,2020-09-02,14,{'JAM'},{'JAM_STAND_STILL_TRAFFIC'},20,{7},5.0
2e69920d,2e69920cc,2020-09-09,10,{'JAM'},{'JAM_STAND_STILL_TRAFFIC'},26,{7},5.0
2e69920d,2e69920cc,2020-09-12,11,{'JAM'},{'JAM_STAND_STILL_TRAFFIC'},33,{7},5.9393939393939394
2e69920d,2e69920cc,2020-09-15,7,{'JAM'},{'JAM_HEAVY_TRAFFIC'},34,{7},5.0
2e69920d,2e69920cc,2020-09-15,9,{'JAM'},{'JAM_HEAVY_TRAFFIC'},31,{7},5.0
2e69920d,2e69920cc,2020-09-15,11,{'JAM'},{'JAM_STAND_STILL_TRAFFIC'},31,{7},5.0
2e69920d,2e69920cc,2020-09-16,10,{'JAM'},{'JAM_STAND_STILL_TRAFFIC'},62,{7},5.0
2e69920d,2e69920cc,2020-09-21,7,{'JAM'},{'JAM_MODERATE_TRAFFIC'},31,{7},5.0
2e69920d,2e69920cc,2020-09-23,7,{'JAM'},{'JAM_STAND_STILL_TRAFFIC'},31,{7},5.0
2e69920d,2e69920cc,2020-09-28,9,{'JAM'},{'JAM_STAND_STILL_TRAFFIC'},30,{7},5.0
2e69920d,2e69920cc,2020-10-03,11,{'JAM'},{'JAM_HEAVY_TRAFFIC'},31,{7},5.0
2e69920d,2e69920cc,2020-10-05,11,{'JAM'},{'JAM_STAND_STILL_TRAFFIC'},30,{7},5.0
2e69920d,2e69920cc,2020-10-05,17,{'JAM'},{'JAM_HEAVY_TRAFFIC'},30,{7},5.0
2e69920d,2e69920cc,2020-10-07,11,{'JAM'},"{'JAM', 'JAM_STAND_STILL_TRAFFIC'}",41,{7},5.0
2e69920d,2e69920cc,2020-10-16,10,{'JAM'},{'JAM_STAND_STILL_TRAFFIC'},32,{7},5.0
2e69920d,2e69920cc,2020-10-17,12,{'JAM'},{'JAM_STAND_STILL_TRAFFIC'},30,{7},5.0
2e69920d,2e69920cc,2020-10-17,13,{'JAM'},{'JAM_HEAVY_TRAFFIC'},5,{7},5.0
2e69920d,2e69920cc,2020-10-17,16,{'JAM'},{'JAM_STAND_STILL_TRAFFIC'},27,{7},5.888888888888889
2e69920d,2e69920cc,2020-10-20,10,{'JAM'},{'JAM_STAND_STILL_TRAFFIC'},30,{7},5.0
2e69920d,2e69920cc,2020-10-20,18,"{'JAM', 'WEATHERHAZARD'}","{'HAZARD_ON_ROAD_POT_HOLE', 'JAM_HEAVY_TRAFFIC'}",1030,{7},9.558252427184467
2e69920d,2e69920cc,2020-10-21,13,{'JAM'},{'JAM_HEAVY_TRAFFIC'},20,{7},5.0
2e69920d,2e69920cc,2020-10-21,17,{'JAM'},{'JAM_HEAVY_TRAFFIC'},17,{7},5.0588235294117645
2e69920d,2e69920cc,2020-10-24,9,{'JAM'},{'JAM_HEAVY_TRAFFIC'},30,{7},5.0
2e69920d,2e69920cc,2020-10-26,10,{'JAM'},{'JAM_STAND_STILL_TRAFFIC'},34,{7},5.0
2e69920d,2e69920cc,2020-10-26,12,{'JAM'},{'JAM_HEAVY_TRAFFIC'},30,{7},5.0
2e69920d,2e69920cc,2020-10-26,16,{'JAM'},{'JAM'},31,{7},6.548387096774194
2e69920d,2e69920cc,2020-10-27,10,{'JAM'},{'JAM_HEAVY_TRAFFIC'},31,{7},5.0
2e69920d,2e69920cc,2020-10-27,11,{'JAM'},{'JAM_STAND_STILL_TRAFFIC'},32,{7},5.0
2e69920d,2e69920cc,2020-10-27,15,{'JAM'},{'JAM_HEAVY_TRAFFIC'},6,{7},5.0
2e69920d,2e69920cc,2020-10-27,16,{'JAM'},{'JAM_HEAVY_TRAFFIC'},34,{7},5.4411764705882355
2e69920d,2e69920cc,2020-10-27,19,{'JAM'},{'JAM_STAND_STILL_TRAFFIC'},32,{7},5.0
2e69920d,2e69920cc,2020-10-30,10,{'JAM'},{'JAM_HEAVY_TRAFFIC'},31,{7},5.0
2e69920d,2e69920cc,2020-11-02,10,{'JAM'},{'JAM_STAND_STILL_TRAFFIC'},8,{7},5.0
2e69920d,2e69920cc,2020-11-04,7,{'JAM'},{'JAM_HEAVY_TRAFFIC'},31,{7},5.0
2e69920d,2e69920cc,2020-11-04,10,{'JAM'},{'JAM_HEAVY_TRAFFIC'},30,{7},5.0
2e69920d,2e69920cc,2020-11-05,11,{'JAM'},{'JAM_STAND_STILL_TRAFFIC'},7,{7},5.0
2e69920d,2e69920cc,2020-11-05,12,{'JAM'},{'JAM_STAND_STILL_TRAFFIC'},31,{7},5.0
2e69920d,2e69920cc,2020-11-05,15,{'JAM'},{'JAM_STAND_STILL_TRAFFIC'},30,{7},6.0
2e69920d,2e69920cc,2020-11-07,11,{'JAM'},{'JAM_STAND_STILL_TRAFFIC'},43,{7},5.348837209302325
2e69920d,2e69920cc,2020-11-09,8,{'JAM'},{'JAM_STAND_STILL_TRAFFIC'},31,{7},5.0
2e69920d,2e69920cc,2020-11-09,10,{'JAM'},{'JAM_STAND_STILL_TRAFFIC'},30,{7},6.0
2e69920d,2e69920cc,2020-11-09,12,{'JAM'},"{'JAM', 'JAM_STAND_STILL_TRAFFIC'}",44,{7},5.0
2e69920d,2e69920cc,2020-11-09,14,{'JAM'},"{'JAM_STAND_STILL_TRAFFIC', 'JAM_HEAVY_TRAFFIC'}",65,{7},5.0
2e69920d,2e69920cc,2020-11-10,10,{'JAM'},{'JAM_STAND_STILL_TRAFFIC'},31,{7},5.0
2e69920d,2e69920cc,2020-11-11,7,{'JAM'},{'JAM_STAND_STILL_TRAFFIC'},32,{7},5.0
2e69920d,2e69920cc,2020-11-11,11,{'JAM'},{'JAM_STAND_STILL_TRAFFIC'},30,{7},5.966666666666667
2e69920d,2e69920cc,2020-11-12,9,{'JAM'},"{'JAM_STAND_STILL_TRAFFIC', 'JAM_MODERATE_TRAFFIC'}",59,{7},5.0
2e69920d,2e69920cc,2020-11-12,10,{'JAM'},{'JAM_HEAVY_TRAFFIC'},31,{7},5.0
2e69920d,2e69920cc,2020-11-12,11,{'JAM'},{'JAM_STAND_STILL_TRAFFIC'},30,{7},5.0
2e69920d,2e69920cc,2020-11-12,15,{'JAM'},{'JAM_STAND_STILL_TRAFFIC'},30,{7},5.8
2e69920d,2e69920cc,2020-11-13,11,{'JAM'},{'JAM_HEAVY_TRAFFIC'},32,{7},5.0
2e69920d,2e69920cc,2020-11-13,12,{'JAM'},{'JAM_HEAVY_TRAFFIC'},32,{7},5.0
2e69920d,2e69920cc,2020-11-14,12,{'JAM'},"{'JAM_STAND_STILL_TRAFFIC', 'JAM_HEAVY_TRAFFIC'}",35,{7},5.142857142857143
2e69920d,2e69920cc,2020-11-16,10,{'JAM'},{'JAM_HEAVY_TRAFFIC'},6,{7},5.0
2e69920d,2e69920cc,2020-11-16,12,{'JAM'},{'JAM_STAND_STILL_TRAFFIC'},45,{7},5.355555555555555
2e69920d,2e69920cc,2020-11-16,16,{'JAM'},{'JAM_HEAVY_TRAFFIC'},32,{7},5.0
2e69920d,2e69920cc,2020-11-18,10,{'JAM'},{'JAM_STAND_STILL_TRAFFIC'},31,{7},5.0
2e69920d,2e69920cc,2020-11-18,13,{'JAM'},{'JAM_HEAVY_TRAFFIC'},30,{7},5.0
2e69920d,2e69920d4,2020-09-02,7,{'JAM'},{'JAM_STAND_STILL_TRAFFIC'},32,{7},5.0
2e69920d,2e69920d4,2020-09-12,11,{'JAM'},{'JAM_STAND_STILL_TRAFFIC'},32,{7},5.0
2e69920d,2e69920d4,2020-09-14,7,{'JAM'},{'JAM_HEAVY_TRAFFIC'},31,{7},5.0
2e69920d,2e69920d4,2020-09-15,9,{'JAM'},{'JAM_STAND_STILL_TRAFFIC'},31,{7},5.612903225806452
2e69920d,2e69920d4,2020-09-15,11,{'JAM'},{'JAM_STAND_STILL_TRAFFIC'},32,{7},5.0
2e69920d,2e69920d4,2020-09-15,14,{'JAM'},{'JAM_STAND_STILL_TRAFFIC'},9,{7},5.0
2e69920d,2e69920d4,2020-09-16,8,{'JAM'},{'JAM_MODERATE_TRAFFIC'},66,{7},5.0
2e69920d,2e69920d4,2020-09-19,10,{'JAM'},{'JAM_HEAVY_TRAFFIC'},30,{7},5.0
2e69920d,2e69920d4,2020-09-21,7,{'JAM'},{'JAM_STAND_STILL_TRAFFIC'},5,{7},5.0
2e69920d,2e69920d4,2020-09-22,7,"{'JAM', 'WEATHERHAZARD'}","{'HAZARD_ON_ROAD_CAR_STOPPED', 'JAM_HEAVY_TRAFFIC'}",64,{7},5.0
2e69920d,2e69920d4,2020-09-22,12,{'JAM'},"{'JAM_STAND_STILL_TRAFFIC', 'JAM_HEAVY_TRAFFIC'}",33,{7},5.0
2e69920d,2e69920d4,2020-09-23,8,{'JAM'},{'JAM_STAND_STILL_TRAFFIC'},31,{7},5.0
2e69920d,2e69920d4,2020-09-24,15,{'JAM'},{'JAM_HEAVY_TRAFFIC'},31,{7},5.0
2e69920d,2e69920d4,2020-09-25,16,{'JAM'},{'JAM'},31,{7},5.0
2e69920d,2e69920d4,2020-09-26,11,{'JAM'},{'JAM_STAND_STILL_TRAFFIC'},60,{7},5.35
2e69920d,2e69920d4,2020-09-28,10,{'JAM'},{'JAM_HEAVY_TRAFFIC'},31,{7},5.0
2e69920d,2e69920d4,2020-09-28,12,{'JAM'},{'JAM_MODERATE_TRAFFIC'},32,{7},5.0
2e69920d,2e69920d4,2020-09-29,9,{'JAM'},{'JAM_HEAVY_TRAFFIC'},17,{7},5.0
2e69920d,2e69920d4,2020-10-01,11,{'JAM'},{'JAM_STAND_STILL_TRAFFIC'},30,{7},5.0
2e69920d,2e69920d4,2020-10-05,14,{'JAM'},{'JAM_MODERATE_TRAFFIC'},5,{7},5.6
2e69920d,2e69920d4,2020-10-05,17,{'JAM'},{'JAM_HEAVY_TRAFFIC'},32,{7},6.46875
2e69920d,2e69920d4,2020-10-07,11,{'JAM'},{'JAM_STAND_STILL_TRAFFIC'},30,{7},5.0
2e69920d,2e69920d4,2020-10-09,12,{'JAM'},{'JAM_HEAVY_TRAFFIC'},35,{7},5.0
2e69920d,2e69920d4,2020-10-12,14,{'JAM'},{'JAM_STAND_STILL_TRAFFIC'},22,{7},5.0
2e69920d,2e69920d4,2020-10-14,9,{'JAM'},{'JAM_STAND_STILL_TRAFFIC'},60,{7},5.0
2e69920d,2e69920d4,2020-10-16,11,{'JAM'},{'JAM_STAND_STILL_TRAFFIC'},31,{7},5.0
2e69920d,2e69920d4,2020-10-17,9,{'JAM'},{'JAM_STAND_STILL_TRAFFIC'},31,{7},5.0
2e69920d,2e69920d4,2020-10-17,16,{'JAM'},{'JAM_HEAVY_TRAFFIC'},32,{7},5.0
2e69920d,2e69920d4,2020-10-19,15,{'JAM'},{'JAM_HEAVY_TRAFFIC'},30,{7},5.0
2e69920d,2e69920d4,2020-10-19,16,{'JAM'},{'JAM_MODERATE_TRAFFIC'},32,{7},5.0
2e69920d,2e69920d4,2020-10-20,7,{'JAM'},{'JAM_HEAVY_TRAFFIC'},30,{7},5.0
2e69920d,2e69920d4,2020-10-20,13,{'JAM'},{'JAM_MODERATE_TRAFFIC'},30,{7},5.0
2e69920d,2e69920d4,2020-10-21,9,{'JAM'},{'JAM_HEAVY_TRAFFIC'},30,{7},5.0
2e69920d,2e69920d4,2020-10-22,8,{'JAM'},{'JAM_HEAVY_TRAFFIC'},30,{7},5.0
2e69920d,2e69920d4,2020-10-22,9,{'JAM'},{'JAM'},31,{7},5.0
2e69920d,2e69920d4,2020-10-22,13,{'JAM'},{'JAM_MODERATE_TRAFFIC'},15,{7},5.0
2e69920d,2e69920d4,2020-10-23,20,{'JAM'},{'JAM_HEAVY_TRAFFIC'},31,{7},5.0
2e69920d,2e69920d4,2020-10-24,10,{'JAM'},{'JAM_STAND_STILL_TRAFFIC'},43,{7},6.372093023255814
2e69920d,2e69920d4,2020-10-24,12,{'JAM'},{'JAM_STAND_STILL_TRAFFIC'},30,{7},5.0
2e69920d,2e69920d4,2020-10-24,13,{'JAM'},{'JAM_STAND_STILL_TRAFFIC'},31,{7},5.0
2e69920d,2e69920d4,2020-10-27,15,{'JAM'},{'JAM_HEAVY_TRAFFIC'},32,{7},5.0
2e69920d,2e69920d4,2020-10-27,19,{'JAM'},{'JAM_STAND_STILL_TRAFFIC'},34,{7},5.0
2e69920d,2e69920d4,2020-10-28,9,{'JAM'},{'JAM_HEAVY_TRAFFIC'},30,{7},5.0
2e69920d,2e69920d4,2020-10-28,10,{'JAM'},{'JAM_STAND_STILL_TRAFFIC'},32,{7},7.0
2e69920d,2e69920d4,2020-10-28,15,{'JAM'},{'JAM_STAND_STILL_TRAFFIC'},21,{7},5.0
2e69920d,2e69920d4,2020-10-30,10,{'JAM'},{'JAM_STAND_STILL_TRAFFIC'},31,{7},5.0
2e69920d,2e69920d4,2020-10-30,11,{'JAM'},{'JAM_STAND_STILL_TRAFFIC'},31,{7},5.0
2e69920d,2e69920d4,2020-10-31,14,{'JAM'},{'JAM_STAND_STILL_TRAFFIC'},30,{7},5.0
2e69920d,2e69920d4,2020-11-02,10,{'JAM'},{'JAM_HEAVY_TRAFFIC'},30,{7},5.0
2e69920d,2e69920d4,2020-11-02,12,{'JAM'},{'JAM_STAND_STILL_TRAFFIC'},66,{7},5.0
2e69920d,2e69920d4,2020-11-02,14,{'JAM'},{'JAM_STAND_STILL_TRAFFIC'},33,{7},5.0
2e69920d,2e69920d4,2020-11-02,16,{'JAM'},{'JAM_HEAVY_TRAFFIC'},31,{7},5.870967741935484
2e69920d,2e69920d4,2020-11-03,12,{'JAM'},{'JAM_HEAVY_TRAFFIC'},31,{7},5.0
2e69920d,2e69920d4,2020-11-04,7,{'JAM'},{'JAM_HEAVY_TRAFFIC'},61,{7},5.0
2e69920d,2e69920d4,2020-11-04,13,{'JAM'},{'JAM_HEAVY_TRAFFIC'},30,{7},5.0
2e69920d,2e69920d4,2020-11-05,9,{'JAM'},{'JAM_STAND_STILL_TRAFFIC'},30,{7},5.0
2e69920d,2e69920d4,2020-11-05,12,{'JAM'},{'JAM_STAND_STILL_TRAFFIC'},60,{7},5.0
2e69920d,2e69920d4,2020-11-05,15,{'JAM'},{'JAM_STAND_STILL_TRAFFIC'},22,{7},5.0
2e69920d,2e69920d4,2020-11-06,15,{'JAM'},{'JAM'},33,{7},5.0
2e69920d,2e69920d4,2020-11-06,16,{'JAM'},{'JAM_HEAVY_TRAFFIC'},30,{7},5.966666666666667
2e69920d,2e69920d4,2020-11-07,9,{'JAM'},{'JAM_STAND_STILL_TRAFFIC'},32,{7},5.96875
2e69920d,2e69920d4,2020-11-09,9,{'JAM'},{'JAM_STAND_STILL_TRAFFIC'},31,{7},5.0
2e69920d,2e69920d4,2020-11-10,11,{'JAM'},"{'JAM_MODERATE_TRAFFIC', 'JAM_HEAVY_TRAFFIC'}",63,{7},5.492063492063492
2e69920d,2e69920d4,2020-11-10,20,{'JAM'},{'JAM_STAND_STILL_TRAFFIC'},32,{7},5.0
2e69920d,2e69920d4,2020-11-11,11,{'JAM'},{'JAM_STAND_STILL_TRAFFIC'},30,{7},5.0
2e69920d,2e69920d4,2020-11-11,14,{'JAM'},{'JAM_MODERATE_TRAFFIC'},30,{7},5.0
2e69920d,2e69920d4,2020-11-11,16,{'JAM'},{'JAM_HEAVY_TRAFFIC'},30,{7},5.166666666666667
2e69920d,2e69920d4,2020-11-11,21,{'JAM'},{'JAM_MODERATE_TRAFFIC'},12,{7},5.0
2e69920d,2e69920d4,2020-11-12,9,{'JAM'},{'JAM_HEAVY_TRAFFIC'},30,{7},5.0
2e69920d,2e69920d4,2020-11-12,11,{'JAM'},{'JAM_STAND_STILL_TRAFFIC'},33,{7},5.0
2e69920d,2e69920d4,2020-11-13,12,{'JAM'},{'JAM_STAND_STILL_TRAFFIC'},31,{7},5.0
2e69920d,2e69920d4,2020-11-13,16,{'JAM'},{'JAM_STAND_STILL_TRAFFIC'},31,{7},5.0
2e69920d,2e69920d4,2020-11-13,21,{'JAM'},{'JAM_STAND_STILL_TRAFFIC'},61,{7},5.0
2e69920d,2e69920d4,2020-11-14,12,{'JAM'},{'JAM_STAND_STILL_TRAFFIC'},33,{7},5.0
2e69920d,2e69920d4,2020-11-14,17,{'JAM'},"{'JAM_STAND_STILL_TRAFFIC', 'JAM_MODERATE_TRAFFIC'}",63,{7},5.253968253968254
2e69920d,2e69920d4,2020-11-16,15,{'JAM'},{'JAM_HEAVY_TRAFFIC'},30,{7},5.0
2e69920d,2e69920d4,2020-11-16,18,{'JAM'},{'JAM_HEAVY_TRAFFIC'},31,{7},5.0
2e69920d,2e69920d4,2020-11-17,14,{'JAM'},{'JAM_STAND_STILL_TRAFFIC'},31,{7},5.0
2e69920d,2e69920d4,2020-11-18,17,{'JAM'},{'JAM_STAND_STILL_TRAFFIC'},29,{7},5.0
2e69920d,2e69920d4,2020-11-18,18,{'JAM'},{'JAM_MODERATE_TRAFFIC'},22,{7},5.0
2e69920d,2e69920d4,2020-11-20,11,{'JAM'},{'JAM_STAND_STILL_TRAFFIC'},30,{7},5.0
2e69920f,2e69920e4,2020-10-22,9,{'JAM'},{'JAM_HEAVY_TRAFFIC'},30,{2},5.0
2e69920f,2e69920ec,2020-09-15,11,{'JAM'},{'JAM_STAND_STILL_TRAFFIC'},31,{2},5.0
2e69920f,2e69920ec,2020-10-01,15,{'JAM'},{'JAM_STAND_STILL_TRAFFIC'},14,{2},5.0
2e69920f,2e69920ec,2020-10-30,11,{'JAM'},{'JAM_STAND_STILL_TRAFFIC'},30,{2},5.0
2e69920f,2e69920fc,2020-11-16,14,{'ACCIDENT'},{'ACCIDENT_MINOR'},122,{1},5.0
2e699211,2e6992114,2020-10-28,11,{'JAM'},{'JAM_STAND_STILL_TRAFFIC'},6,{2},5.0
2e699211,2e6992114,2020-11-09,14,{'JAM'},"{'JAM_MODERATE_TRAFFIC', 'JAM_HEAVY_TRAFFIC'}",64,{2},5.0
2e699211,2e6992114,2020-11-09,15,{'JAM'},{'JAM_STAND_STILL_TRAFFIC'},31,{2},5.0
2e699213,2e699212c,2020-09-01,13,{'JAM'},{'JAM_STAND_STILL_TRAFFIC'},29,{7},5.0
2e699213,2e699212c,2020-09-05,14,{'JAM'},{'JAM_STAND_STILL_TRAFFIC'},32,{7},5.0
2e699213,2e699212c,2020-09-06,16,{'JAM'},{'JAM_HEAVY_TRAFFIC'},12,{7},6.416666666666667
2e699213,2e699212c,2020-09-08,8,{'JAM'},{'JAM_HEAVY_TRAFFIC'},31,{7},5.0
2e699213,2e699212c,2020-09-08,18,{'JAM'},{'JAM_STAND_STILL_TRAFFIC'},14,{7},5.0
2e699213,2e699212c,2020-09-15,11,{'JAM'},{'JAM_STAND_STILL_TRAFFIC'},30,{7},5.966666666666667
2e699213,2e699212c,2020-09-16,15,{'JAM'},{'JAM_HEAVY_TRAFFIC'},30,{7},5.0
2e699213,2e699212c,2020-09-17,9,{'JAM'},{'JAM'},31,{7},5.0
2e699213,2e699212c,2020-09-17,11,{'JAM'},{'JAM_HEAVY_TRAFFIC'},30,{7},5.933333333333334
2e699213,2e699212c,2020-09-17,16,{'JAM'},{'JAM_STAND_STILL_TRAFFIC'},31,{7},5.0
2e699213,2e699212c,2020-09-19,11,{'JAM'},{'JAM_HEAVY_TRAFFIC'},30,{7},5.0
2e699213,2e699212c,2020-09-21,7,{'JAM'},{'JAM_STAND_STILL_TRAFFIC'},31,{7},5.0
2e699213,2e699212c,2020-09-21,11,{'JAM'},{'JAM_MODERATE_TRAFFIC'},30,{7},5.0
2e699213,2e699212c,2020-09-22,7,{'JAM'},{'JAM_HEAVY_TRAFFIC'},30,{7},5.0
2e699213,2e699212c,2020-09-23,15,{'JAM'},{'JAM_MODERATE_TRAFFIC'},9,{7},5.0
2e699213,2e699212c,2020-09-24,7,{'JAM'},{'JAM_STAND_STILL_TRAFFIC'},30,{7},5.0
2e699213,2e699212c,2020-09-24,12,{'JAM'},{'JAM_STAND_STILL_TRAFFIC'},8,{7},5.0
2e699213,2e699212c,2020-09-24,15,{'JAM'},{'JAM_HEAVY_TRAFFIC'},30,{7},5.0
2e699213,2e699212c,2020-09-26,9,"{'JAM', 'WEATHERHAZARD'}","{'HAZARD_ON_SHOULDER_MISSING_SIGN', 'JAM_HEAVY_TRAFFIC'}",34,{7},5.029411764705882
2e699213,2e699212c,2020-09-29,10,{'JAM'},{'JAM_HEAVY_TRAFFIC'},31,{7},5.0
2e699213,2e699212c,2020-09-30,9,{'JAM'},{'JAM_HEAVY_TRAFFIC'},32,{7},5.0
2e699213,2e699212c,2020-10-05,7,{'JAM'},{'JAM_HEAVY_TRAFFIC'},31,{7},5.0
2e699213,2e699212c,2020-10-05,11,{'JAM'},{'JAM_STAND_STILL_TRAFFIC'},32,{7},5.0
2e699213,2e699212c,2020-10-05,19,{'JAM'},{'JAM_HEAVY_TRAFFIC'},32,{7},6.59375
2e699213,2e699212c,2020-10-05,20,{'JAM'},{'JAM_HEAVY_TRAFFIC'},28,{7},5.0
2e699213,2e699212c,2020-10-09,12,{'JAM'},{'JAM'},33,{7},5.0
2e699213,2e699212c,2020-10-15,7,{'JAM'},{'JAM_STAND_STILL_TRAFFIC'},19,{7},5.0
2e699213,2e699212c,2020-10-15,10,{'JAM'},{'JAM_HEAVY_TRAFFIC'},31,{7},5.0
2e699213,2e699212c,2020-10-15,17,{'WEATHERHAZARD'},{'HAZARD_ON_SHOULDER_CAR_STOPPED'},40,{7},6.075
2e699213,2e699212c,2020-10-16,9,{'JAM'},{'JAM_HEAVY_TRAFFIC'},32,{7},5.0
2e699213,2e699212c,2020-10-17,10,{'JAM'},{'JAM_STAND_STILL_TRAFFIC'},31,{7},5.0
2e699213,2e699212c,2020-10-17,16,{'JAM'},{'JAM_STAND_STILL_TRAFFIC'},30,{7},5.0
2e699213,2e699212c,2020-10-19,12,{'JAM'},{'JAM_STAND_STILL_TRAFFIC'},30,{7},5.0
2e699213,2e699212c,2020-10-19,15,{'JAM'},{'JAM_HEAVY_TRAFFIC'},31,{7},5.0
2e699213,2e699212c,2020-10-20,7,{'JAM'},"{'JAM_STAND_STILL_TRAFFIC', 'JAM_HEAVY_TRAFFIC'}",61,{7},5.0
2e699213,2e699212c,2020-10-21,17,{'JAM'},{'JAM'},7,{7},5.0
2e699213,2e699212c,2020-10-22,12,{'JAM'},{'JAM_HEAVY_TRAFFIC'},34,{7},5.0
2e699213,2e699212c,2020-10-23,20,{'JAM'},{'JAM_MODERATE_TRAFFIC'},30,{7},5.0
2e699213,2e699212c,2020-10-26,10,{'JAM'},{'JAM_STAND_STILL_TRAFFIC'},30,{7},5.0
2e699213,2e699212c,2020-10-26,13,{'JAM'},{'JAM_STAND_STILL_TRAFFIC'},61,{7},5.0
2e699213,2e699212c,2020-10-27,7,{'JAM'},{'JAM_HEAVY_TRAFFIC'},30,{7},5.0
2e699213,2e699212c,2020-10-27,10,{'JAM'},{'JAM'},48,{7},5.333333333333333
2e699213,2e699212c,2020-10-27,12,{'JAM'},{'JAM'},34,{7},5.0
2e699213,2e699212c,2020-10-27,13,{'JAM'},{'JAM_MODERATE_TRAFFIC'},31,{7},5.0
2e699213,2e699212c,2020-10-27,15,{'JAM'},{'JAM_HEAVY_TRAFFIC'},31,{7},5.0
2e699213,2e699212c,2020-10-27,19,{'JAM'},{'JAM_STAND_STILL_TRAFFIC'},30,{7},5.0
2e699213,2e699212c,2020-10-28,7,{'JAM'},{'JAM_MODERATE_TRAFFIC'},32,{7},5.0
2e699213,2e699212c,2020-10-28,10,{'JAM'},{'JAM_HEAVY_TRAFFIC'},30,{7},5.0
2e699213,2e699212c,2020-10-28,16,{'JAM'},{'JAM_STAND_STILL_TRAFFIC'},32,{7},5.0
2e699213,2e699212c,2020-11-03,13,{'JAM'},{'JAM_STAND_STILL_TRAFFIC'},23,{7},5.0
2e699213,2e699212c,2020-11-04,10,{'JAM'},{'JAM_HEAVY_TRAFFIC'},31,{7},5.0
2e699213,2e699212c,2020-11-06,16,{'JAM'},{'JAM_HEAVY_TRAFFIC'},33,{7},5.848484848484849
2e699213,2e699212c,2020-11-09,9,{'JAM'},{'JAM'},32,{7},5.0
2e699213,2e699212c,2020-11-11,10,{'JAM'},{'JAM_STAND_STILL_TRAFFIC'},30,{7},5.0
2e699213,2e699212c,2020-11-11,12,{'JAM'},{'JAM_STAND_STILL_TRAFFIC'},33,{7},5.0
2e699213,2e699212c,2020-11-12,8,{'JAM'},{'JAM_HEAVY_TRAFFIC'},31,{7},5.0
2e699213,2e699212c,2020-11-12,15,{'JAM'},{'JAM_STAND_STILL_TRAFFIC'},32,{7},5.90625
2e699213,2e699212c,2020-11-12,20,{'JAM'},{'JAM_STAND_STILL_TRAFFIC'},31,{7},5.0
2e699213,2e699212c,2020-11-13,14,{'JAM'},{'JAM_STAND_STILL_TRAFFIC'},31,{7},5.0
2e699213,2e699212c,2020-11-13,17,{'JAM'},{'JAM_HEAVY_TRAFFIC'},30,{7},5.0
2e699213,2e699212c,2020-11-18,7,{'JAM'},{'JAM_STAND_STILL_TRAFFIC'},31,{7},6.903225806451613
2e699213,2e699212c,2020-11-18,11,{'JAM'},{'JAM_STAND_STILL_TRAFFIC'},30,{7},5.0
2e699213,2e6992134,2020-09-01,13,{'JAM'},{'JAM_STAND_STILL_TRAFFIC'},29,{7},5.0
2e699213,2e6992134,2020-09-02,10,{'JAM'},{'JAM_HEAVY_TRAFFIC'},31,{7},5.0
2e699213,2e6992134,2020-09-02,15,{'JAM'},{'JAM_MODERATE_TRAFFIC'},19,{7},5.0
2e699213,2e6992134,2020-09-03,9,{'JAM'},{'JAM_STAND_STILL_TRAFFIC'},30,{7},5.0
2e699213,2e6992134,2020-09-05,14,{'JAM'},{'JAM_STAND_STILL_TRAFFIC'},31,{7},5.0
2e699213,2e6992134,2020-09-06,17,{'WEATHERHAZARD'},{'HAZARD_ON_ROAD_POT_HOLE'},13,{7},5.538461538461538
2e699213,2e6992134,2020-09-08,15,{'JAM'},{'JAM_STAND_STILL_TRAFFIC'},31,{7},5.0
2e699213,2e6992134,2020-09-10,13,{'JAM'},{'JAM_MODERATE_TRAFFIC'},5,{7},5.0
2e699213,2e6992134,2020-09-10,14,{'JAM'},{'JAM_HEAVY_TRAFFIC'},30,{7},5.0
2e699213,2e6992134,2020-09-10,18,{'JAM'},{'JAM_STAND_STILL_TRAFFIC'},18,{7},5.0
2e699213,2e6992134,2020-09-11,16,{'JAM'},{'JAM_STAND_STILL_TRAFFIC'},33,{7},5.0
2e699213,2e6992134,2020-09-12,11,{'JAM'},{'JAM_STAND_STILL_TRAFFIC'},31,{7},5.0
2e699213,2e6992134,2020-09-15,10,{'JAM'},"{'JAM_STAND_STILL_TRAFFIC', 'JAM_HEAVY_TRAFFIC'}",63,{7},5.285714285714286
2e699213,2e6992134,2020-09-15,19,{'JAM'},{'JAM_HEAVY_TRAFFIC'},28,{7},5.0
2e699213,2e6992134,2020-09-16,8,{'JAM'},{'JAM_MODERATE_TRAFFIC'},30,{7},5.0
2e699213,2e6992134,2020-09-16,12,{'JAM'},{'JAM_STAND_STILL_TRAFFIC'},31,{7},5.0
2e699213,2e6992134,2020-09-16,16,{'JAM'},{'JAM_STAND_STILL_TRAFFIC'},5,{7},5.0
2e699213,2e6992134,2020-09-17,15,{'JAM'},{'JAM_STAND_STILL_TRAFFIC'},26,{7},5.0
2e699213,2e6992134,2020-09-17,18,{'WEATHERHAZARD'},{'HAZARD_ON_SHOULDER_CAR_STOPPED'},21,{7},6.0476190476190474
2e699213,2e6992134,2020-09-19,11,{'JAM'},{'JAM_STAND_STILL_TRAFFIC'},5,{7},5.0
2e699213,2e6992134,2020-09-19,14,{'JAM'},{'JAM_HEAVY_TRAFFIC'},30,{7},5.0
2e699213,2e6992134,2020-09-23,15,{'JAM'},{'JAM_MODERATE_TRAFFIC'},34,{7},5.0
2e699213,2e6992134,2020-09-23,18,{'WEATHERHAZARD'},{'HAZARD_ON_SHOULDER_CAR_STOPPED'},33,{7},5.515151515151516
2e699213,2e6992134,2020-09-25,15,{'JAM'},{'JAM_STAND_STILL_TRAFFIC'},31,{7},5.0
2e699213,2e6992134,2020-09-26,7,{'JAM'},"{'JAM_STAND_STILL_TRAFFIC', 'JAM_HEAVY_TRAFFIC'}",67,{7},5.0
2e699213,2e6992134,2020-09-26,9,{'JAM'},{'JAM_HEAVY_TRAFFIC'},4,{7},7.0
2e699213,2e6992134,2020-09-26,17,{'JAM'},{'JAM_HEAVY_TRAFFIC'},7,{7},5.0
2e699213,2e6992134,2020-09-29,14,{'JAM'},{'JAM_HEAVY_TRAFFIC'},31,{7},5.0
2e699213,2e6992134,2020-09-30,9,{'JAM'},{'JAM_HEAVY_TRAFFIC'},31,{7},5.0
2e699213,2e6992134,2020-09-30,12,{'JAM'},{'JAM_STAND_STILL_TRAFFIC'},31,{7},5.0
2e699213,2e6992134,2020-09-30,13,{'JAM'},"{'JAM_STAND_STILL_TRAFFIC', 'JAM_HEAVY_TRAFFIC'}",76,{7},5.2105263157894735
2e699213,2e6992134,2020-10-01,17,{'JAM'},{'JAM_HEAVY_TRAFFIC'},31,{7},5.0
2e699213,2e6992134,2020-10-02,12,{'JAM'},{'JAM_HEAVY_TRAFFIC'},24,{7},5.0
2e699213,2e6992134,2020-10-05,14,{'JAM'},{'JAM_HEAVY_TRAFFIC'},30,{7},5.7
2e699213,2e6992134,2020-10-05,17,{'WEATHERHAZARD'},{'HAZARD_ON_SHOULDER_CAR_STOPPED'},31,{7},5.0
2e699213,2e6992134,2020-10-05,19,{'JAM'},{'JAM_HEAVY_TRAFFIC'},31,{7},5.0
2e699213,2e6992134,2020-10-05,20,{'JAM'},{'JAM_HEAVY_TRAFFIC'},25,{7},5.0
2e699213,2e6992134,2020-10-06,16,{'JAM'},{'JAM_STAND_STILL_TRAFFIC'},64,{7},5.5
2e699213,2e6992134,2020-10-09,15,{'JAM'},{'JAM_HEAVY_TRAFFIC'},29,{7},5.0
2e699213,2e6992134,2020-10-12,9,{'JAM'},{'JAM_HEAVY_TRAFFIC'},30,{7},5.0
2e699213,2e6992134,2020-10-12,11,{'JAM'},{'JAM_STAND_STILL_TRAFFIC'},30,{7},5.0
2e699213,2e6992134,2020-10-12,13,{'JAM'},{'JAM_HEAVY_TRAFFIC'},6,{7},5.0
2e699213,2e6992134,2020-10-13,15,{'JAM'},{'JAM_STAND_STILL_TRAFFIC'},31,{7},5.967741935483871
2e699213,2e6992134,2020-10-13,18,"{'JAM', 'WEATHERHAZARD'}","{'HAZARD_ON_SHOULDER_CAR_STOPPED', 'JAM_STAND_STILL_TRAFFIC', 'JAM_HEAVY_TRAFFIC'}",112,{7},6.75
2e699213,2e6992134,2020-10-14,19,{'JAM'},{'JAM_STAND_STILL_TRAFFIC'},31,{7},5.0
2e699213,2e6992134,2020-10-15,15,{'JAM'},{'JAM'},32,{7},5.0
2e699213,2e6992134,2020-10-16,11,{'JAM'},{'JAM_STAND_STILL_TRAFFIC'},32,{7},5.9375
2e699213,2e6992134,2020-10-16,14,{'JAM'},{'JAM_HEAVY_TRAFFIC'},31,{7},5.0
2e699213,2e6992134,2020-10-18,11,{'JAM'},{'JAM_STAND_STILL_TRAFFIC'},31,{7},5.0
2e699213,2e6992134,2020-10-19,16,{'JAM'},"{'JAM_STAND_STILL_TRAFFIC', 'JAM_HEAVY_TRAFFIC'}",63,{7},5.0
2e699213,2e6992134,2020-10-19,18,{'JAM'},{'JAM_HEAVY_TRAFFIC'},31,{7},5.0
2e699213,2e6992134,2020-10-20,8,{'JAM'},{'JAM_STAND_STILL_TRAFFIC'},30,{7},5.0
2e699213,2e6992134,2020-10-21,9,{'JAM'},{'JAM_HEAVY_TRAFFIC'},31,{7},5.0
2e699213,2e6992134,2020-10-22,12,{'JAM'},{'JAM_STAND_STILL_TRAFFIC'},31,{7},5.516129032258065
2e699213,2e6992134,2020-10-23,11,{'JAM'},"{'JAM', 'JAM_HEAVY_TRAFFIC'}",62,{7},5.0
2e699213,2e6992134,2020-10-23,13,{'JAM'},{'JAM_HEAVY_TRAFFIC'},32,{7},5.0
2e699213,2e6992134,2020-10-23,16,{'JAM'},{'JAM_STAND_STILL_TRAFFIC'},31,{7},5.0
2e699213,2e6992134,2020-10-26,9,{'JAM'},{'JAM_STAND_STILL_TRAFFIC'},31,{7},6.935483870967742
2e699213,2e6992134,2020-10-26,10,{'JAM'},{'JAM_STAND_STILL_TRAFFIC'},30,{7},5.0
2e699213,2e6992134,2020-10-26,18,{'JAM'},{'JAM_MODERATE_TRAFFIC'},34,{7},5.0
2e699213,2e6992134,2020-10-27,7,{'JAM'},{'JAM_HEAVY_TRAFFIC'},33,{7},6.333333333333333
2e699213,2e6992134,2020-10-27,16,{'JAM'},{'JAM_HEAVY_TRAFFIC'},46,{7},6.760869565217392
2e699213,2e6992134,2020-10-27,19,{'JAM'},{'JAM_STAND_STILL_TRAFFIC'},30,{7},5.0
2e699213,2e6992134,2020-10-28,7,{'JAM'},{'JAM_HEAVY_TRAFFIC'},30,{7},5.0
2e699213,2e6992134,2020-10-28,20,{'JAM'},{'JAM_MODERATE_TRAFFIC'},29,{7},5.0
2e699213,2e6992134,2020-10-29,14,{'JAM'},{'JAM_STAND_STILL_TRAFFIC'},30,{7},5.0
2e699213,2e6992134,2020-11-02,12,{'JAM'},{'JAM_STAND_STILL_TRAFFIC'},30,{7},5.0
2e699213,2e6992134,2020-11-02,13,{'JAM'},{'JAM_STAND_STILL_TRAFFIC'},32,{7},5.0
2e699213,2e6992134,2020-11-04,9,{'JAM'},{'JAM'},30,{7},5.0
2e699213,2e6992134,2020-11-04,16,{'JAM'},{'JAM_STAND_STILL_TRAFFIC'},31,{7},5.0
2e699213,2e6992134,2020-11-04,21,{'JAM'},{'JAM_STAND_STILL_TRAFFIC'},65,{7},5.492307692307692
2e699213,2e6992134,2020-11-05,11,{'JAM'},{'JAM_STAND_STILL_TRAFFIC'},30,{7},7.9
2e699213,2e6992134,2020-11-06,7,{'JAM'},{'JAM_STAND_STILL_TRAFFIC'},30,{7},5.0
2e699213,2e6992134,2020-11-06,14,{'JAM'},"{'JAM', 'JAM_MODERATE_TRAFFIC'}",61,{7},5.0
2e699213,2e6992134,2020-11-07,14,{'JAM'},{'JAM'},30,{7},5.0
2e699213,2e6992134,2020-11-10,11,{'JAM'},{'JAM_MODERATE_TRAFFIC'},34,{7},5.0
2e699213,2e6992134,2020-11-10,13,{'JAM'},{'JAM_HEAVY_TRAFFIC'},31,{7},5.0
2e699213,2e6992134,2020-11-10,14,{'JAM'},{'JAM'},37,{7},5.405405405405405
2e699213,2e6992134,2020-11-10,17,{'WEATHERHAZARD'},{'HAZARD_ON_SHOULDER_CAR_STOPPED'},18,{7},5.666666666666667
2e699213,2e6992134,2020-11-11,16,{'JAM'},{'JAM_MODERATE_TRAFFIC'},33,{7},5.0
2e699213,2e6992134,2020-11-12,8,{'JAM'},{'JAM_MODERATE_TRAFFIC'},31,{7},5.0
2e699213,2e6992134,2020-11-12,11,{'JAM'},{'JAM_HEAVY_TRAFFIC'},31,{7},5.709677419354839
2e699213,2e6992134,2020-11-13,22,{'JAM'},{'JAM_HEAVY_TRAFFIC'},10,{7},5.0
2e699213,2e6992134,2020-11-14,13,{'JAM'},{'JAM_HEAVY_TRAFFIC'},31,{7},5.0
2e699213,2e6992134,2020-11-15,10,{'JAM'},{'JAM_STAND_STILL_TRAFFIC'},32,{7},5.0
2e699213,2e6992134,2020-11-17,17,{'JAM'},{'JAM_HEAVY_TRAFFIC'},31,{7},5.0
2e699213,2e6992134,2020-11-20,7,{'JAM'},{'JAM_STAND_STILL_TRAFFIC'},30,{7},5.6
2e699215,2e6992144,2020-09-05,11,{'JAM'},{'JAM_HEAVY_TRAFFIC'},7,{2},5.0
2e699215,2e6992144,2020-09-06,13,{'JAM'},{'JAM_STAND_STILL_TRAFFIC'},31,{2},5.0
2e699215,2e6992144,2020-09-06,19,{'JAM'},{'JAM_HEAVY_TRAFFIC'},30,{2},5.0
2e699215,2e6992144,2020-09-08,11,{'JAM'},{'JAM_STAND_STILL_TRAFFIC'},22,{2},5.0
2e699215,2e6992144,2020-09-09,18,{'JAM'},{'JAM'},19,{2},5.0
2e699215,2e6992144,2020-09-11,16,{'JAM'},{'JAM_STAND_STILL_TRAFFIC'},31,{2},5.0
2e699215,2e6992144,2020-09-16,8,{'JAM'},{'JAM_STAND_STILL_TRAFFIC'},27,{2},6.0
2e699215,2e6992144,2020-09-21,13,{'JAM'},{'JAM_HEAVY_TRAFFIC'},9,{2},5.0
2e699215,2e6992144,2020-09-22,12,{'JAM'},{'JAM_HEAVY_TRAFFIC'},13,{2},5.0
2e699215,2e6992144,2020-09-24,9,{'JAM'},{'JAM_HEAVY_TRAFFIC'},31,{2},5.0
2e699215,2e6992144,2020-10-02,20,{'JAM'},{'JAM_STAND_STILL_TRAFFIC'},30,{2},5.933333333333334
2e699215,2e6992144,2020-10-03,20,{'JAM'},{'JAM_HEAVY_TRAFFIC'},25,{2},7.92
2e699215,2e6992144,2020-10-04,16,{'JAM'},{'JAM_STAND_STILL_TRAFFIC'},33,{2},5.0
2e699215,2e6992144,2020-10-16,19,{'JAM'},{'JAM_HEAVY_TRAFFIC'},30,{2},6.9
2e699215,2e6992144,2020-10-21,15,{'JAM'},{'JAM_HEAVY_TRAFFIC'},31,{2},5.0
2e699215,2e6992144,2020-10-28,18,{'JAM'},{'JAM_MODERATE_TRAFFIC'},29,{2},7.0
2e699215,2e6992144,2020-10-28,20,{'JAM'},{'JAM_STAND_STILL_TRAFFIC'},25,{2},6.0
2e699215,2e6992144,2020-10-29,15,{'JAM'},{'JAM_MODERATE_TRAFFIC'},31,{2},8.0
2e699215,2e6992144,2020-10-31,17,{'JAM'},{'JAM_HEAVY_TRAFFIC'},32,{2},6.375
2e699215,2e6992144,2020-11-03,19,{'JAM'},{'JAM_STAND_STILL_TRAFFIC'},31,{2},5.0
2e699215,2e6992144,2020-11-04,14,{'JAM'},{'JAM_MODERATE_TRAFFIC'},31,{2},5.0
2e699215,2e6992144,2020-11-06,8,{'JAM'},{'JAM_HEAVY_TRAFFIC'},30,{2},5.833333333333333
2e699215,2e6992144,2020-11-06,9,{'JAM'},{'JAM_STAND_STILL_TRAFFIC'},31,{2},5.0
2e699215,2e6992144,2020-11-08,12,{'JAM'},{'JAM_HEAVY_TRAFFIC'},7,{2},5.0
2e699215,2e6992144,2020-11-08,19,{'JAM'},{'JAM_HEAVY_TRAFFIC'},32,{2},5.0
2e699215,2e6992144,2020-11-13,16,{'JAM'},{'JAM_HEAVY_TRAFFIC'},35,{2},5.6571428571428575
2e699215,2e6992144,2020-11-13,19,{'JAM'},{'JAM_STAND_STILL_TRAFFIC'},30,{2},6.866666666666666
2e699215,2e6992144,2020-11-13,21,{'JAM'},{'JAM_STAND_STILL_TRAFFIC'},12,{2},5.0
2e699215,2e6992144,2020-11-14,19,{'JAM'},{'JAM_STAND_STILL_TRAFFIC'},30,{2},6.8
2e699215,2e6992144,2020-11-14,20,{'JAM'},{'JAM_STAND_STILL_TRAFFIC'},4,{2},5.75
2e699215,2e6992144,2020-11-17,16,{'JAM'},{'JAM_HEAVY_TRAFFIC'},25,{2},5.0
2e699215,2e6992144,2020-11-21,18,{'JAM'},{'JAM_HEAVY_TRAFFIC'},8,{2},5.625
2e699215,2e699214c,2020-09-01,13,{'JAM'},{'JAM_STAND_STILL_TRAFFIC'},31,{7},5.0
2e699215,2e699214c,2020-09-04,8,{'JAM'},"{'JAM_STAND_STILL_TRAFFIC', 'JAM_HEAVY_TRAFFIC'}",61,{7},5.295081967213115
2e699215,2e699214c,2020-09-05,10,{'JAM'},{'JAM_STAND_STILL_TRAFFIC'},27,{7},5.666666666666667
2e699215,2e699214c,2020-09-08,8,{'JAM'},{'JAM_STAND_STILL_TRAFFIC'},5,{7},5.0
2e699215,2e699214c,2020-09-09,16,{'JAM'},{'JAM_STAND_STILL_TRAFFIC'},30,{7},5.0
2e699215,2e699214c,2020-09-15,8,{'JAM'},{'JAM_HEAVY_TRAFFIC'},31,{7},5.0
2e699215,2e699214c,2020-09-17,11,{'JAM'},{'JAM_HEAVY_TRAFFIC'},31,{7},5.0
2e699215,2e699214c,2020-09-18,14,{'JAM'},{'JAM_HEAVY_TRAFFIC'},30,{2},5.0
2e699215,2e699214c,2020-09-19,15,{'JAM'},{'JAM_HEAVY_TRAFFIC'},30,{2},5.0
2e699215,2e699214c,2020-09-20,15,{'JAM'},{'JAM_STAND_STILL_TRAFFIC'},30,{2},5.0
2e699215,2e699214c,2020-09-23,9,{'JAM'},{'JAM_MODERATE_TRAFFIC'},30,{7},5.0
2e699215,2e699214c,2020-09-24,14,{'JAM'},{'JAM_MODERATE_TRAFFIC'},25,{7},5.0
2e699215,2e699214c,2020-09-25,15,{'JAM'},{'JAM_STAND_STILL_TRAFFIC'},8,{7},5.0
2e699215,2e699214c,2020-09-25,18,{'JAM'},{'JAM_STAND_STILL_TRAFFIC'},13,{2},5.0
2e699215,2e699214c,2020-09-25,19,{'JAM'},{'JAM_STAND_STILL_TRAFFIC'},32,{7},5.0
2e699215,2e699214c,2020-09-26,9,{'JAM'},{'JAM_HEAVY_TRAFFIC'},41,{7},5.170731707317073
2e699215,2e699214c,2020-09-26,12,{'JAM'},{'JAM_MODERATE_TRAFFIC'},30,{2},5.0
2e699215,2e699214c,2020-09-26,16,{'JAM'},{'JAM_MODERATE_TRAFFIC'},12,{7},5.916666666666667
2e699215,2e699214c,2020-09-29,10,{'JAM'},{'JAM_HEAVY_TRAFFIC'},53,{7},5.0
2e699215,2e699214c,2020-09-30,19,{'JAM'},{'JAM_HEAVY_TRAFFIC'},26,{2},5.961538461538462
2e699215,2e699214c,2020-10-03,20,{'JAM'},{'JAM_HEAVY_TRAFFIC'},5,{2},5.4
2e699215,2e699214c,2020-10-05,7,{'JAM'},{'JAM_HEAVY_TRAFFIC'},30,{7},5.0
2e699215,2e699214c,2020-10-05,11,{'JAM'},{'JAM_STAND_STILL_TRAFFIC'},10,{7},5.0
2e699215,2e699214c,2020-10-05,14,{'JAM'},{'JAM_HEAVY_TRAFFIC'},63,{7},5.7936507936507935
2e699215,2e699214c,2020-10-05,15,{'JAM'},{'JAM_HEAVY_TRAFFIC'},34,{7},6.0
2e699215,2e699214c,2020-10-05,19,{'JAM'},{'JAM_HEAVY_TRAFFIC'},30,{7},5.0
2e699215,2e699214c,2020-10-07,11,{'JAM'},{'JAM_STAND_STILL_TRAFFIC'},9,{7},5.0
2e699215,2e699214c,2020-10-07,15,{'JAM'},{'JAM_HEAVY_TRAFFIC'},20,{7},5.0
2e699215,2e699214c,2020-10-09,12,{'JAM'},{'JAM_HEAVY_TRAFFIC'},30,{7},5.0
2e699215,2e699214c,2020-10-09,23,{'JAM'},{'JAM_HEAVY_TRAFFIC'},31,{7},5.0
2e699215,2e699214c,2020-10-12,13,{'JAM'},{'JAM'},34,{7},5.0
2e699215,2e699214c,2020-10-12,15,{'JAM'},{'JAM_STAND_STILL_TRAFFIC'},31,{7},5.0
2e699215,2e699214c,2020-10-14,12,{'JAM'},{'JAM_HEAVY_TRAFFIC'},33,{7},5.0
2e699215,2e699214c,2020-10-15,14,{'JAM'},{'JAM_HEAVY_TRAFFIC'},34,{7},5.0
2e699215,2e699214c,2020-10-15,16,{'JAM'},{'JAM_STAND_STILL_TRAFFIC'},31,{7},5.0
2e699215,2e699214c,2020-10-16,17,{'JAM'},{'JAM_STAND_STILL_TRAFFIC'},65,{7},5.0
2e699215,2e699214c,2020-10-17,8,{'JAM'},{'JAM_HEAVY_TRAFFIC'},31,{7},5.0
2e699215,2e699214c,2020-10-18,11,{'JAM'},{'JAM_STAND_STILL_TRAFFIC'},17,{7},5.0
2e699215,2e699214c,2020-10-19,13,{'JAM'},"{'JAM_STAND_STILL_TRAFFIC', 'JAM_HEAVY_TRAFFIC'}",38,{7},5.0
2e699215,2e699214c,2020-10-19,17,{'JAM'},"{'JAM_STAND_STILL_TRAFFIC', 'JAM_MODERATE_TRAFFIC'}",63,{7},5.0
2e699215,2e699214c,2020-10-21,8,{'JAM'},{'JAM_STAND_STILL_TRAFFIC'},36,{7},5.0
2e699215,2e699214c,2020-10-22,13,{'JAM'},{'JAM_STAND_STILL_TRAFFIC'},31,{7},5.0
2e699215,2e699214c,2020-10-23,16,{'JAM'},{'JAM_STAND_STILL_TRAFFIC'},30,{7},5.0
2e699215,2e699214c,2020-10-25,12,{'JAM'},{'JAM_MODERATE_TRAFFIC'},30,{2},5.0
2e699215,2e699214c,2020-10-26,7,{'JAM'},{'JAM'},32,{7},5.0
2e699215,2e699214c,2020-10-26,9,{'JAM'},{'JAM_STAND_STILL_TRAFFIC'},6,{7},7.0
2e699215,2e699214c,2020-10-26,13,{'JAM'},{'JAM_STAND_STILL_TRAFFIC'},30,{7},5.0
2e699215,2e699214c,2020-10-27,16,{'JAM'},{'JAM_STAND_STILL_TRAFFIC'},44,{7},5.340909090909091
2e699215,2e699214c,2020-10-27,18,"{'JAM', 'WEATHERHAZARD'}","{'HAZARD_ON_SHOULDER_CAR_STOPPED', 'JAM_MODERATE_TRAFFIC', 'JAM_HEAVY_TRAFFIC'}",78,{7},5.153846153846154
2e699215,2e699214c,2020-10-27,19,"{'JAM', 'WEATHERHAZARD'}","{'HAZARD_ON_ROAD_CAR_STOPPED', 'JAM_STAND_STILL_TRAFFIC'}",38,{7},5.105263157894737
2e699215,2e699214c,2020-10-27,22,{'JAM'},{'JAM_MODERATE_TRAFFIC'},34,{7},5.0
2e699215,2e699214c,2020-10-28,9,{'JAM'},{'JAM_HEAVY_TRAFFIC'},31,{7},5.0
2e699215,2e699214c,2020-10-28,10,{'JAM'},{'JAM_HEAVY_TRAFFIC'},30,{7},5.0
2e699215,2e699214c,2020-10-28,18,{'JAM'},{'JAM_MODERATE_TRAFFIC'},1,{2},5.0
2e699215,2e699214c,2020-10-29,15,{'JAM'},{'JAM_STAND_STILL_TRAFFIC'},29,{7},5.0
2e699215,2e699214c,2020-10-31,9,{'JAM'},{'JAM'},25,{7},5.0
2e699215,2e699214c,2020-10-31,19,{'JAM'},{'JAM_HEAVY_TRAFFIC'},30,{2},5.0
2e699215,2e699214c,2020-11-02,13,{'JAM'},{'JAM_STAND_STILL_TRAFFIC'},31,{2},5.0
2e699215,2e699214c,2020-11-04,7,{'JAM'},{'JAM_HEAVY_TRAFFIC'},30,{7},7.0
2e699215,2e699214c,2020-11-05,8,{'JAM'},{'JAM_STAND_STILL_TRAFFIC'},31,{2},5.0
2e699215,2e699214c,2020-11-05,10,{'JAM'},"{'JAM', 'JAM_MODERATE_TRAFFIC'}",60,{7},5.0
2e699215,2e699214c,2020-11-05,13,{'JAM'},{'JAM_STAND_STILL_TRAFFIC'},31,{7},5.0
2e699215,2e699214c,2020-11-06,11,{'JAM'},{'JAM_STAND_STILL_TRAFFIC'},17,{7},5.0
2e699215,2e699214c,2020-11-06,13,{'JAM'},{'JAM_HEAVY_TRAFFIC'},31,{7},5.0
2e699215,2e699214c,2020-11-06,16,{'JAM'},{'JAM_HEAVY_TRAFFIC'},31,{7},5.0
2e699215,2e699214c,2020-11-07,7,{'JAM'},{'JAM_MODERATE_TRAFFIC'},31,{7},5.0
2e699215,2e699214c,2020-11-07,19,{'JAM'},{'JAM_HEAVY_TRAFFIC'},31,{2},5.0
2e699215,2e699214c,2020-11-07,20,{'JAM'},{'JAM_STAND_STILL_TRAFFIC'},6,{7},5.0
2e699215,2e699214c,2020-11-09,8,{'JAM'},{'JAM_HEAVY_TRAFFIC'},31,{2},5.0
2e699215,2e699214c,2020-11-10,11,{'JAM'},{'JAM_MODERATE_TRAFFIC'},31,{7},5.0
2e699215,2e699214c,2020-11-10,21,{'WEATHERHAZARD'},{'HAZARD_ON_ROAD_CAR_STOPPED'},32,{7},5.90625
2e699215,2e699214c,2020-11-11,21,{'JAM'},{'JAM_HEAVY_TRAFFIC'},32,{7},5.0
2e699215,2e699214c,2020-11-12,11,{'JAM'},{'JAM_STAND_STILL_TRAFFIC'},32,{7},5.0
2e699215,2e699214c,2020-11-13,17,{'JAM'},{'JAM_HEAVY_TRAFFIC'},54,{7},5.0
2e699215,2e699214c,2020-11-13,18,{'JAM'},{'JAM_HEAVY_TRAFFIC'},29,{2},5.448275862068965
2e699215,2e699214c,2020-11-13,19,{'JAM'},{'JAM_STAND_STILL_TRAFFIC'},2,{2},5.0
2e699215,2e699214c,2020-11-14,10,{'JAM'},{'JAM_HEAVY_TRAFFIC'},32,{7},5.46875
2e699215,2e699214c,2020-11-14,12,{'JAM'},{'JAM_STAND_STILL_TRAFFIC'},34,{7},5.0
2e699215,2e699214c,2020-11-15,10,{'JAM'},{'JAM_STAND_STILL_TRAFFIC'},31,{7},5.0
2e699215,2e699214c,2020-11-17,14,{'JAM'},{'JAM_STAND_STILL_TRAFFIC'},28,{7},5.0
2e699215,2e699214c,2020-11-17,17,{'JAM'},{'JAM_STAND_STILL_TRAFFIC'},30,{7},5.0
2e699215,2e699214c,2020-11-21,14,{'JAM'},{'JAM_MODERATE_TRAFFIC'},30,{2},5.0
2e699215,2e6992154,2020-10-22,13,{'JAM'},{'JAM_STAND_STILL_TRAFFIC'},6,{7},5.0
2e699215,2e699215c,2020-09-02,16,{'JAM'},{'JAM_HEAVY_TRAFFIC'},32,{2},5.0
2e699215,2e699215c,2020-09-04,8,{'JAM'},"{'JAM_STAND_STILL_TRAFFIC', 'JAM_HEAVY_TRAFFIC'}",81,"{2, 7}",5.2592592592592595
2e699215,2e699215c,2020-09-04,18,{'JAM'},{'JAM_STAND_STILL_TRAFFIC'},32,{2},5.0
2e699215,2e699215c,2020-09-04,20,{'JAM'},{'JAM_HEAVY_TRAFFIC'},11,{2},5.0
2e699215,2e699215c,2020-09-05,12,{'JAM'},{'JAM_STAND_STILL_TRAFFIC'},30,{2},5.0
2e699215,2e699215c,2020-09-05,19,{'JAM'},{'JAM_STAND_STILL_TRAFFIC'},30,{2},5.0
2e699215,2e699215c,2020-09-06,11,{'JAM'},{'JAM_HEAVY_TRAFFIC'},30,{2},5.0
2e699215,2e699215c,2020-09-06,19,{'JAM'},{'JAM_HEAVY_TRAFFIC'},32,{2},5.0
2e699215,2e699215c,2020-09-11,10,{'JAM'},{'JAM_MODERATE_TRAFFIC'},33,{7},5.0
2e699215,2e699215c,2020-09-12,15,{'JAM'},{'JAM_HEAVY_TRAFFIC'},32,{2},5.0
2e699215,2e699215c,2020-09-12,16,{'JAM'},{'JAM_HEAVY_TRAFFIC'},8,{7},5.0
2e699215,2e699215c,2020-09-12,20,{'JAM'},{'JAM_HEAVY_TRAFFIC'},32,{2},6.90625
2e699215,2e699215c,2020-09-13,10,{'JAM'},{'JAM_MODERATE_TRAFFIC'},32,{2},5.0
2e699215,2e699215c,2020-09-14,17,{'JAM'},{'JAM_HEAVY_TRAFFIC'},39,{2},5.384615384615385
2e699215,2e699215c,2020-09-15,10,{'JAM'},{'JAM_HEAVY_TRAFFIC'},30,{7},5.0
2e699215,2e699215c,2020-09-15,11,{'JAM'},"{'JAM_STAND_STILL_TRAFFIC', 'JAM_HEAVY_TRAFFIC'}",62,{7},5.0
2e699215,2e699215c,2020-09-15,18,{'JAM'},{'JAM_HEAVY_TRAFFIC'},33,{2},5.96969696969697
2e699215,2e699215c,2020-09-16,8,{'JAM'},"{'JAM_STAND_STILL_TRAFFIC', 'JAM_HEAVY_TRAFFIC'}",37,{2},5.0
2e699215,2e699215c,2020-09-18,19,{'JAM'},{'JAM_STAND_STILL_TRAFFIC'},31,{2},5.0
2e699215,2e699215c,2020-09-21,17,{'JAM'},{'JAM_STAND_STILL_TRAFFIC'},33,{2},5.0
2e699215,2e699215c,2020-09-22,18,{'JAM'},{'JAM_HEAVY_TRAFFIC'},31,{2},5.0
2e699215,2e699215c,2020-09-23,18,{'JAM'},{'JAM_MODERATE_TRAFFIC'},18,{7},5.0
2e699215,2e699215c,2020-09-25,15,{'JAM'},{'JAM_STAND_STILL_TRAFFIC'},32,{2},5.0
2e699215,2e699215c,2020-09-25,17,{'JAM'},"{'JAM_STAND_STILL_TRAFFIC', 'JAM_HEAVY_TRAFFIC'}",62,{2},5.0
2e699215,2e699215c,2020-09-25,18,{'JAM'},{'JAM_HEAVY_TRAFFIC'},30,{7},6.0
2e699215,2e699215c,2020-09-26,9,{'JAM'},{'JAM_STAND_STILL_TRAFFIC'},32,{7},5.0
2e699215,2e699215c,2020-09-26,10,{'JAM'},{'JAM_HEAVY_TRAFFIC'},61,{7},5.0
2e699215,2e699215c,2020-09-26,16,{'JAM'},{'JAM'},13,{7},5.0
2e699215,2e699215c,2020-09-26,19,{'JAM'},{'JAM_STAND_STILL_TRAFFIC'},33,{2},5.0
2e699215,2e699215c,2020-09-28,13,{'JAM'},{'JAM_HEAVY_TRAFFIC'},7,{7},5.0
2e699215,2e699215c,2020-09-29,11,{'JAM'},{'JAM_STAND_STILL_TRAFFIC'},62,"{2, 7}",5.403225806451613
2e699215,2e699215c,2020-09-29,15,{'JAM'},{'JAM_HEAVY_TRAFFIC'},31,{2},5.0
2e699215,2e699215c,2020-09-30,16,{'JAM'},{'JAM_STAND_STILL_TRAFFIC'},30,{7},5.0
2e699215,2e699215c,2020-09-30,17,{'JAM'},{'JAM_STAND_STILL_TRAFFIC'},30,{2},5.0
2e699215,2e699215c,2020-10-01,10,{'JAM'},{'JAM_STAND_STILL_TRAFFIC'},30,{2},5.0
2e699215,2e699215c,2020-10-02,20,{'JAM'},{'JAM_STAND_STILL_TRAFFIC'},30,{2},5.0
2e699215,2e699215c,2020-10-03,11,{'JAM'},{'JAM_HEAVY_TRAFFIC'},6,{7},5.0
2e699215,2e699215c,2020-10-03,18,{'JAM'},{'JAM_HEAVY_TRAFFIC'},31,{2},5.0
2e699215,2e699215c,2020-10-03,20,{'JAM'},{'JAM_STAND_STILL_TRAFFIC'},31,{2},5.0
2e699215,2e699215c,2020-10-04,16,{'JAM'},{'JAM'},7,{7},5.0
2e699215,2e699215c,2020-10-05,8,{'JAM'},{'JAM_STAND_STILL_TRAFFIC'},30,{2},5.0
2e699215,2e699215c,2020-10-05,18,{'JAM'},{'JAM_MODERATE_TRAFFIC'},31,{2},5.0
2e699215,2e699215c,2020-10-06,15,{'JAM'},{'JAM_HEAVY_TRAFFIC'},34,{7},5.0
2e699215,2e699215c,2020-10-06,17,{'JAM'},{'JAM_STAND_STILL_TRAFFIC'},31,{2},5.0
2e699215,2e699215c,2020-10-08,16,{'JAM'},{'JAM_HEAVY_TRAFFIC'},31,{2},5.0
2e699215,2e699215c,2020-10-10,16,{'JAM'},{'JAM_HEAVY_TRAFFIC'},31,{2},5.0
2e699215,2e699215c,2020-10-14,19,{'JAM'},{'JAM_STAND_STILL_TRAFFIC'},31,{2},5.516129032258065
2e699215,2e699215c,2020-10-15,17,{'JAM'},{'JAM_STAND_STILL_TRAFFIC'},33,{2},5.0
2e699215,2e699215c,2020-10-16,9,{'JAM'},{'JAM_HEAVY_TRAFFIC'},24,{7},5.0
2e699215,2e699215c,2020-10-16,19,{'JAM'},"{'JAM_STAND_STILL_TRAFFIC', 'JAM_MODERATE_TRAFFIC'}",63,{2},5.0
2e699215,2e699215c,2020-10-17,9,{'JAM'},{'JAM_HEAVY_TRAFFIC'},12,{2},5.0
2e699215,2e699215c,2020-10-17,18,{'JAM'},{'JAM_HEAVY_TRAFFIC'},34,{2},5.0
2e699215,2e699215c,2020-10-18,10,{'JAM'},{'JAM_HEAVY_TRAFFIC'},30,{2},5.0
2e699215,2e699215c,2020-10-20,20,{'JAM'},{'JAM_STAND_STILL_TRAFFIC'},67,{2},5.0
2e699215,2e699215c,2020-10-22,9,{'JAM'},{'JAM_STAND_STILL_TRAFFIC'},30,{2},5.0
2e699215,2e699215c,2020-10-23,16,{'JAM'},{'JAM_STAND_STILL_TRAFFIC'},31,{7},5.0
2e699215,2e699215c,2020-10-23,18,{'JAM'},{'JAM_HEAVY_TRAFFIC'},42,{7},5.380952380952381
2e699215,2e699215c,2020-10-23,19,{'JAM'},{'JAM_HEAVY_TRAFFIC'},30,{2},5.0
2e699215,2e699215c,2020-10-24,11,{'JAM'},{'JAM_STAND_STILL_TRAFFIC'},30,{2},5.0
2e699215,2e699215c,2020-10-26,13,{'JAM'},"{'JAM_STAND_STILL_TRAFFIC', 'JAM_HEAVY_TRAFFIC'}",51,{7},5.568627450980392
2e699215,2e699215c,2020-10-27,18,{'JAM'},"{'JAM_MODERATE_TRAFFIC', 'JAM_HEAVY_TRAFFIC'}",61,{7},5.491803278688525
2e699215,2e699215c,2020-10-27,19,{'JAM'},{'JAM_STAND_STILL_TRAFFIC'},30,{7},5.0
2e699215,2e699215c,2020-10-28,16,{'JAM'},{'JAM_STAND_STILL_TRAFFIC'},21,{2},5.0
2e699215,2e699215c,2020-10-28,17,{'JAM'},{'JAM_STAND_STILL_TRAFFIC'},32,{2},5.0
2e699215,2e699215c,2020-10-28,18,{'JAM'},{'JAM_STAND_STILL_TRAFFIC'},31,{2},5.0
2e699215,2e699215c,2020-10-28,20,{'JAM'},{'JAM_STAND_STILL_TRAFFIC'},5,{2},5.0
2e699215,2e699215c,2020-10-29,15,{'JAM'},{'JAM_MODERATE_TRAFFIC'},5,{1},8.0
2e699215,2e699215c,2020-10-30,14,{'JAM'},{'JAM_HEAVY_TRAFFIC'},30,{2},5.0
2e699215,2e699215c,2020-10-30,16,{'JAM'},{'JAM_STAND_STILL_TRAFFIC'},30,{7},5.0
2e699215,2e699215c,2020-10-31,10,{'JAM'},{'JAM_STAND_STILL_TRAFFIC'},32,{2},5.0
2e699215,2e699215c,2020-10-31,19,{'JAM'},{'JAM_HEAVY_TRAFFIC'},33,{2},5.0
2e699215,2e699215c,2020-11-01,9,{'JAM'},{'JAM_HEAVY_TRAFFIC'},13,{7},5.0
2e699215,2e699215c,2020-11-01,14,{'JAM'},{'JAM_STAND_STILL_TRAFFIC'},32,{2},5.0
2e699215,2e699215c,2020-11-02,8,{'JAM'},{'JAM_HEAVY_TRAFFIC'},23,{2},5.956521739130435
2e699215,2e699215c,2020-11-03,19,{'JAM'},{'JAM_STAND_STILL_TRAFFIC'},31,{2},5.0
2e699215,2e699215c,2020-11-04,7,{'JAM'},{'JAM_HEAVY_TRAFFIC'},31,{7},7.0
2e699215,2e699215c,2020-11-04,8,{'JAM'},{'JAM_MODERATE_TRAFFIC'},16,{7},5.0
2e699215,2e699215c,2020-11-05,8,{'JAM'},{'JAM_HEAVY_TRAFFIC'},31,{2},5.0
2e699215,2e699215c,2020-11-05,10,{'JAM'},{'JAM_STAND_STILL_TRAFFIC'},23,{2},5.0
2e699215,2e699215c,2020-11-05,17,{'JAM'},{'JAM_HEAVY_TRAFFIC'},32,{7},5.0
2e699215,2e699215c,2020-11-06,9,{'JAM'},{'JAM_STAND_STILL_TRAFFIC'},16,{2},5.0
2e699215,2e699215c,2020-11-06,17,{'JAM'},{'JAM_STAND_STILL_TRAFFIC'},31,{2},5.0
2e699215,2e699215c,2020-11-07,11,{'JAM'},{'JAM_MODERATE_TRAFFIC'},33,{2},5.0
2e699215,2e699215c,2020-11-08,19,{'JAM'},{'JAM_HEAVY_TRAFFIC'},32,{2},5.0
2e699215,2e699215c,2020-11-09,14,{'JAM'},{'JAM_MODERATE_TRAFFIC'},31,{2},5.0
2e699215,2e699215c,2020-11-09,15,{'JAM'},{'JAM_STAND_STILL_TRAFFIC'},31,{7},5.0
2e699215,2e699215c,2020-11-10,19,{'JAM'},{'JAM_STAND_STILL_TRAFFIC'},31,{7},5.0
2e699215,2e699215c,2020-11-11,8,{'JAM'},{'JAM_HEAVY_TRAFFIC'},31,{2},5.0
2e699215,2e699215c,2020-11-11,18,{'JAM'},{'JAM_HEAVY_TRAFFIC'},30,{7},5.0
2e699215,2e699215c,2020-11-12,16,{'JAM'},{'JAM_MODERATE_TRAFFIC'},31,{7},5.0
2e699215,2e699215c,2020-11-12,17,{'JAM'},{'JAM_STAND_STILL_TRAFFIC'},30,{7},5.0
2e699215,2e699215c,2020-11-13,17,{'JAM'},{'JAM_HEAVY_TRAFFIC'},33,{7},5.0
2e699215,2e699215c,2020-11-13,20,{'JAM'},{'JAM_HEAVY_TRAFFIC'},31,{2},5.709677419354839
2e699215,2e699215c,2020-11-14,20,{'JAM'},{'JAM_STAND_STILL_TRAFFIC'},27,{2},7.0
2e699215,2e699215c,2020-11-15,11,{'JAM'},{'JAM_HEAVY_TRAFFIC'},31,{2},5.0
2e699215,2e699215c,2020-11-16,17,{'JAM'},{'JAM_HEAVY_TRAFFIC'},29,{2},5.0
2e699215,2e699215c,2020-11-18,5,{'JAM'},{'JAM_HEAVY_TRAFFIC'},31,{7},5.0
2e699215,2e699215c,2020-11-18,8,{'JAM'},{'JAM_STAND_STILL_TRAFFIC'},31,{2},5.0
2e699215,2e699215c,2020-11-18,17,{'JAM'},{'JAM_STAND_STILL_TRAFFIC'},29,{7},5.0
2e699215,2e699215c,2020-11-18,18,{'JAM'},{'JAM_STAND_STILL_TRAFFIC'},6,{1},5.0
2e699215,2e699215c,2020-11-20,18,{'JAM'},{'JAM_MODERATE_TRAFFIC'},32,{7},5.0
2e699215,2e699215c,2020-11-21,19,{'JAM'},{'JAM_HEAVY_TRAFFIC'},31,{2},5.0
2e699217,2e6992164,2020-09-02,7,{'JAM'},{'JAM_HEAVY_TRAFFIC'},34,{2},5.0
2e699217,2e6992164,2020-09-02,16,{'JAM'},{'JAM_MODERATE_TRAFFIC'},7,{2},5.857142857142857
2e699217,2e6992164,2020-09-04,18,{'JAM'},{'JAM_STAND_STILL_TRAFFIC'},31,{2},5.0
2e699217,2e6992164,2020-09-05,16,{'JAM'},"{'JAM', 'JAM_MODERATE_TRAFFIC'}",63,{2},5.698412698412699
2e699217,2e6992164,2020-09-15,9,{'JAM'},{'JAM_MODERATE_TRAFFIC'},12,{2},5.0
2e699217,2e6992164,2020-09-16,8,{'JAM'},{'JAM_MODERATE_TRAFFIC'},31,{2},5.0
2e699217,2e6992164,2020-09-16,16,{'JAM'},{'JAM_STAND_STILL_TRAFFIC'},32,{2},5.0
2e699217,2e6992164,2020-09-22,17,{'JAM'},{'JAM_HEAVY_TRAFFIC'},31,{2},5.0
2e699217,2e6992164,2020-09-23,14,{'JAM'},{'JAM_STAND_STILL_TRAFFIC'},12,{2},5.0
2e699217,2e6992164,2020-09-24,13,{'JAM'},{'JAM_HEAVY_TRAFFIC'},31,{2},5.0
2e699217,2e6992164,2020-09-24,20,{'WEATHERHAZARD'},{'HAZARD_ON_SHOULDER_CAR_STOPPED'},30,{2},5.766666666666667
2e699217,2e6992164,2020-09-25,17,{'JAM'},{'JAM_STAND_STILL_TRAFFIC'},31,{2},5.548387096774194
2e699217,2e6992164,2020-10-01,9,{'JAM'},"{'JAM_MODERATE_TRAFFIC', 'JAM_HEAVY_TRAFFIC'}",15,{2},5.0
2e699217,2e6992164,2020-10-01,10,{'JAM'},{'JAM_HEAVY_TRAFFIC'},32,{2},6.9375
2e699217,2e6992164,2020-10-04,16,{'JAM'},{'JAM_STAND_STILL_TRAFFIC'},30,{2},5.0
2e699217,2e6992164,2020-10-04,17,{'JAM'},{'JAM_STAND_STILL_TRAFFIC'},31,{2},5.0
2e699217,2e6992164,2020-10-05,19,{'JAM'},{'JAM_HEAVY_TRAFFIC'},97,{2},5.0
2e699217,2e6992164,2020-10-08,17,{'JAM'},{'JAM_HEAVY_TRAFFIC'},30,{2},5.0
2e699217,2e6992164,2020-10-10,16,{'JAM'},{'JAM_STAND_STILL_TRAFFIC'},32,{2},5.0
2e699217,2e6992164,2020-10-15,7,{'JAM'},"{'JAM_STAND_STILL_TRAFFIC', 'JAM_HEAVY_TRAFFIC'}",61,{2},5.0
2e699217,2e6992164,2020-10-18,19,{'JAM'},{'JAM_HEAVY_TRAFFIC'},24,{2},5.0
2e699217,2e6992164,2020-10-21,15,{'JAM'},{'JAM_HEAVY_TRAFFIC'},31,{2},5.0
2e699217,2e6992164,2020-10-22,6,{'JAM'},{'JAM_HEAVY_TRAFFIC'},31,{2},5.0
2e699217,2e6992164,2020-10-25,18,{'JAM'},{'JAM_STAND_STILL_TRAFFIC'},42,{2},5.0
2e699217,2e6992164,2020-10-27,17,{'JAM'},{'JAM_HEAVY_TRAFFIC'},30,{2},5.933333333333334
2e699217,2e6992164,2020-10-28,10,{'JAM'},{'JAM_STAND_STILL_TRAFFIC'},17,{2},5.0
2e699217,2e6992164,2020-10-28,11,{'JAM'},{'JAM_STAND_STILL_TRAFFIC'},30,{2},5.533333333333333
2e699217,2e6992164,2020-10-28,16,{'JAM'},{'JAM_STAND_STILL_TRAFFIC'},30,{2},5.9
2e699217,2e6992164,2020-10-28,18,{'JAM'},{'JAM_HEAVY_TRAFFIC'},30,{2},5.0
2e699217,2e6992164,2020-10-31,17,{'JAM'},{'JAM_HEAVY_TRAFFIC'},20,{2},5.0
2e699217,2e6992164,2020-11-01,13,{'JAM'},{'JAM'},30,{2},5.0
2e699217,2e6992164,2020-11-01,16,"{'JAM', 'ACCIDENT'}","{'ACCIDENT', 'JAM_HEAVY_TRAFFIC'}",90,{2},5.477777777777778
2e699217,2e6992164,2020-11-02,17,{'JAM'},{'JAM_STAND_STILL_TRAFFIC'},31,{2},5.0
2e699217,2e6992164,2020-11-03,17,{'JAM'},{'JAM_STAND_STILL_TRAFFIC'},32,{2},5.96875
2e699217,2e6992164,2020-11-09,7,{'JAM'},{'JAM_STAND_STILL_TRAFFIC'},31,{2},5.0
2e699217,2e6992164,2020-11-09,18,{'JAM'},{'JAM'},30,{2},5.0
2e699217,2e6992164,2020-11-13,20,{'JAM'},{'JAM_MODERATE_TRAFFIC'},30,{2},5.0
2e699217,2e6992164,2020-11-14,9,{'JAM'},{'JAM_HEAVY_TRAFFIC'},31,{2},5.0
2e699217,2e6992164,2020-11-17,19,{'JAM'},{'JAM_STAND_STILL_TRAFFIC'},32,{2},5.0
2e699217,2e6992164,2020-11-20,7,{'JAM'},{'JAM_HEAVY_TRAFFIC'},32,{2},5.75
2e699217,2e699216c,2020-09-12,11,{'JAM'},{'JAM_STAND_STILL_TRAFFIC'},35,{2},5.457142857142857
2e699217,2e699216c,2020-10-05,17,{'JAM'},{'JAM_MODERATE_TRAFFIC'},33,{2},5.0
2e699217,2e699216c,2020-10-07,10,{'JAM'},{'JAM_HEAVY_TRAFFIC'},32,{2},5.96875
2e699217,2e699216c,2020-11-09,13,{'JAM'},{'JAM_HEAVY_TRAFFIC'},61,{2},5.0
2e699217,2e699216c,2020-11-09,14,{'JAM'},{'JAM_MODERATE_TRAFFIC'},30,{2},5.0
2e699217,2e699216c,2020-11-09,15,{'JAM'},{'JAM_STAND_STILL_TRAFFIC'},33,{2},5.0
2e699217,2e699216c,2020-11-13,10,{'JAM'},{'JAM_HEAVY_TRAFFIC'},21,{2},5.0
2e699217,2e699216c,2020-11-13,16,{'JAM'},{'JAM_MODERATE_TRAFFIC'},30,{2},5.0
2e699217,2e699217c,2020-10-07,15,{'JAM'},{'JAM_HEAVY_TRAFFIC'},22,{2},5.0
2e699217,2e699217c,2020-10-16,13,{'JAM'},{'JAM'},30,{22},5.0
2e699217,2e699217c,2020-10-27,17,{'JAM'},{'JAM_MODERATE_TRAFFIC'},31,{2},5.0
2e699217,2e699217c,2020-11-13,18,{'JAM'},{'JAM_HEAVY_TRAFFIC'},17,{2},5.0
2e69921d,2e69921d4,2020-11-08,9,{'WEATHERHAZARD'},{'HAZARD_ON_ROAD_CONSTRUCTION'},723,{1},5.526970954356846
2e699221,2e6992204,2020-09-21,8,{'JAM'},{'JAM_HEAVY_TRAFFIC'},8,{2},5.0
2e699221,2e6992204,2020-10-01,21,"{'JAM', 'WEATHERHAZARD'}","{'JAM_STAND_STILL_TRAFFIC', 'HAZARD_ON_ROAD_CONSTRUCTION'}",787,{2},6.0787801778907244
2e699221,2e6992204,2020-10-17,14,{'JAM'},{'JAM_STAND_STILL_TRAFFIC'},6,{2},5.0
2e699221,2e6992204,2020-11-06,17,{'JAM'},{'JAM_STAND_STILL_TRAFFIC'},31,{2},5.0
2e699221,2e6992204,2020-11-22,10,{'JAM'},{'JAM_MODERATE_TRAFFIC'},31,{2},5.0
2e699221,2e699221c,2020-09-23,18,{'JAM'},{'JAM_STAND_STILL_TRAFFIC'},30,{2},5.0
2e699221,2e699221c,2020-09-28,8,{'JAM'},{'JAM_STAND_STILL_TRAFFIC'},1,{2},6.0
2e699221,2e699221c,2020-10-07,17,{'JAM'},{'JAM_MODERATE_TRAFFIC'},31,{2},5.0
2e699221,2e699221c,2020-10-28,11,{'JAM'},{'JAM_STAND_STILL_TRAFFIC'},8,{2},5.0
2e699223,2e6992224,2020-09-28,8,{'JAM'},{'JAM_STAND_STILL_TRAFFIC'},34,{2},6.0
2e699223,2e6992224,2020-10-17,9,{'JAM'},{'JAM_HEAVY_TRAFFIC'},33,{2},5.0
2e699223,2e6992224,2020-10-19,8,{'JAM'},{'JAM_MODERATE_TRAFFIC'},33,{2},5.0
2e699223,2e699222c,2020-11-07,16,{'JAM'},{'JAM_STAND_STILL_TRAFFIC'},34,{2},5.0
2e699223,2e699222c,2020-11-19,13,{'JAM'},{'JAM_HEAVY_TRAFFIC'},27,{2},5.0
2e699227,2e6992274,2020-10-17,12,{'JAM'},{'JAM_MODERATE_TRAFFIC'},60,{1},5.0
2e69922d,2e69922cc,2020-09-25,0,{'JAM'},{'JAM'},63,{1},5.0
2e69922d,2e69922dc,2020-11-11,10,{'JAM'},{'JAM_MODERATE_TRAFFIC'},60,{22},5.933333333333334
2e69922f,2e69922e4,2020-10-21,18,{'WEATHERHAZARD'},{'HAZARD_ON_ROAD'},60,{1},5.0
2e699231,2e6992304,2020-10-11,14,{'JAM'},{'JAM'},32,{2},5.0
2e699237,2e699237c,2020-09-12,14,{'JAM'},{'JAM_HEAVY_TRAFFIC'},31,{7},5.0
2e699237,2e699237c,2020-09-14,14,{'JAM'},{'JAM_MODERATE_TRAFFIC'},30,{7},5.0
2e699237,2e699237c,2020-09-16,18,{'JAM'},{'JAM_HEAVY_TRAFFIC'},30,{7},5.0
2e699237,2e699237c,2020-09-17,17,{'JAM'},{'JAM_MODERATE_TRAFFIC'},10,{7},5.0
2e699237,2e699237c,2020-09-21,10,{'JAM'},{'JAM_MODERATE_TRAFFIC'},30,{7},5.0
2e699237,2e699237c,2020-09-23,17,{'JAM'},"{'JAM_STAND_STILL_TRAFFIC', 'JAM_HEAVY_TRAFFIC'}",75,{7},5.253333333333333
2e699237,2e699237c,2020-09-26,10,{'JAM'},{'JAM_HEAVY_TRAFFIC'},31,{7},5.483870967741935
2e699237,2e699237c,2020-09-29,16,{'JAM'},{'JAM_STAND_STILL_TRAFFIC'},31,{7},5.870967741935484
2e699237,2e699237c,2020-10-02,14,{'JAM'},{'JAM_HEAVY_TRAFFIC'},35,{7},5.0
2e699237,2e699237c,2020-10-02,17,{'JAM'},{'JAM_STAND_STILL_TRAFFIC'},31,{7},5.0
2e699237,2e699237c,2020-10-05,17,{'JAM'},{'JAM_STAND_STILL_TRAFFIC'},30,{1},5.0
2e699237,2e699237c,2020-10-06,13,{'JAM'},{'JAM_HEAVY_TRAFFIC'},11,{7},5.0
2e699237,2e699237c,2020-10-06,14,{'JAM'},{'JAM_MODERATE_TRAFFIC'},31,{7},5.0
2e699237,2e699237c,2020-10-08,17,{'JAM'},{'JAM_HEAVY_TRAFFIC'},34,{7},5.0
2e699237,2e699237c,2020-10-09,17,{'JAM'},{'JAM_STAND_STILL_TRAFFIC'},32,{7},5.0
2e699237,2e699237c,2020-10-15,9,{'JAM'},{'JAM_HEAVY_TRAFFIC'},30,{7},5.966666666666667
2e699237,2e699237c,2020-10-15,17,{'JAM'},{'JAM_STAND_STILL_TRAFFIC'},32,{7},5.0
2e699237,2e699237c,2020-10-16,8,{'JAM'},{'JAM_HEAVY_TRAFFIC'},32,{7},5.0
2e699237,2e699237c,2020-10-16,14,{'JAM'},{'JAM_HEAVY_TRAFFIC'},44,{7},5.386363636363637
2e699237,2e699237c,2020-10-19,9,{'JAM'},{'JAM_STAND_STILL_TRAFFIC'},31,{7},5.0
2e699237,2e699237c,2020-10-19,16,{'JAM'},{'JAM_STAND_STILL_TRAFFIC'},18,{7},5.0
2e699237,2e699237c,2020-10-19,17,{'JAM'},{'JAM_HEAVY_TRAFFIC'},30,{7},5.0
2e699237,2e699237c,2020-10-26,8,{'JAM'},{'JAM_MODERATE_TRAFFIC'},32,{7},5.0
2e699237,2e699237c,2020-10-27,6,{'JAM'},{'JAM_STAND_STILL_TRAFFIC'},30,{7},5.7
2e699237,2e699237c,2020-10-27,18,{'JAM'},{'JAM_STAND_STILL_TRAFFIC'},31,{7},5.0
2e699237,2e699237c,2020-10-30,14,{'JAM'},{'JAM_HEAVY_TRAFFIC'},32,{7},5.78125
2e699237,2e699237c,2020-11-02,15,{'JAM'},{'JAM'},30,{7},5.0
2e699237,2e699237c,2020-11-03,9,{'JAM'},{'JAM_HEAVY_TRAFFIC'},30,{7},5.0
2e699237,2e699237c,2020-11-03,11,{'JAM'},{'JAM_STAND_STILL_TRAFFIC'},30,{7},5.0
2e699237,2e699237c,2020-11-05,14,{'JAM'},{'JAM_STAND_STILL_TRAFFIC'},29,{7},6.068965517241379
2e699237,2e699237c,2020-11-05,17,{'JAM'},{'JAM_HEAVY_TRAFFIC'},31,{7},5.0
2e699237,2e699237c,2020-11-06,15,{'JAM'},{'JAM_MODERATE_TRAFFIC'},30,{7},5.0
2e699237,2e699237c,2020-11-11,18,{'JAM'},{'JAM_STAND_STILL_TRAFFIC'},26,{7},5.0
2e699237,2e699237c,2020-11-12,15,{'JAM'},{'JAM_STAND_STILL_TRAFFIC'},31,{7},5.0
2e699237,2e699237c,2020-11-12,18,{'JAM'},{'JAM_STAND_STILL_TRAFFIC'},30,{7},5.0
2e699237,2e699237c,2020-11-16,17,{'JAM'},{'JAM_HEAVY_TRAFFIC'},18,{7},6.0
2e699237,2e699237c,2020-11-17,18,{'JAM'},{'JAM_STAND_STILL_TRAFFIC'},31,{7},5.0
2e699239,2e6992384,2020-09-04,11,{'JAM'},{'JAM_STAND_STILL_TRAFFIC'},4,{7},5.0
2e699239,2e6992384,2020-09-08,14,{'JAM'},{'JAM'},31,{7},5.0
2e699239,2e6992384,2020-09-11,14,{'JAM'},{'JAM_STAND_STILL_TRAFFIC'},36,{7},6.0
2e699239,2e6992384,2020-09-11,17,"{'JAM', 'WEATHERHAZARD'}","{'HAZARD_ON_SHOULDER_CAR_STOPPED', 'JAM_HEAVY_TRAFFIC'}",69,{7},5.6231884057971016
2e699239,2e6992384,2020-09-14,17,{'JAM'},{'JAM_STAND_STILL_TRAFFIC'},62,{7},5.451612903225806
2e699239,2e6992384,2020-09-15,12,{'JAM'},{'JAM_HEAVY_TRAFFIC'},31,{7},5.0
2e699239,2e6992384,2020-09-17,17,{'JAM'},{'JAM_MODERATE_TRAFFIC'},83,{7},5.265060240963855
2e699239,2e6992384,2020-09-21,8,{'JAM'},{'JAM_MODERATE_TRAFFIC'},30,{7},5.0
2e699239,2e6992384,2020-09-22,10,{'JAM'},{'JAM_STAND_STILL_TRAFFIC'},21,{7},5.0
2e699239,2e6992384,2020-09-24,9,{'JAM'},{'JAM_STAND_STILL_TRAFFIC'},30,{7},5.0
2e699239,2e6992384,2020-09-24,12,{'JAM'},{'JAM_MODERATE_TRAFFIC'},31,{7},5.0
2e699239,2e6992384,2020-09-25,18,{'JAM'},{'JAM_HEAVY_TRAFFIC'},66,{7},5.0
2e699239,2e6992384,2020-09-26,16,{'JAM'},{'JAM_MODERATE_TRAFFIC'},14,{7},5.0
2e699239,2e6992384,2020-09-26,17,{'JAM'},{'JAM_MODERATE_TRAFFIC'},30,{7},5.0
2e699239,2e6992384,2020-09-29,11,{'JAM'},{'JAM_HEAVY_TRAFFIC'},33,{7},5.0
2e699239,2e6992384,2020-09-29,16,{'JAM'},{'JAM_STAND_STILL_TRAFFIC'},30,{7},5.0
2e699239,2e6992384,2020-09-29,17,{'JAM'},{'JAM_HEAVY_TRAFFIC'},32,{7},5.0
2e699239,2e6992384,2020-09-30,9,{'JAM'},{'JAM_HEAVY_TRAFFIC'},31,{7},5.0
2e699239,2e6992384,2020-09-30,17,{'JAM'},"{'JAM_STAND_STILL_TRAFFIC', 'JAM_HEAVY_TRAFFIC'}",64,{7},5.0
2e699239,2e6992384,2020-10-02,16,{'JAM'},{'JAM_STAND_STILL_TRAFFIC'},31,{7},5.0
2e699239,2e6992384,2020-10-02,17,{'WEATHERHAZARD'},{'HAZARD_ON_SHOULDER_CAR_STOPPED'},27,{7},5.185185185185185
2e699239,2e6992384,2020-10-03,11,{'JAM'},{'JAM'},31,{7},5.0
2e699239,2e6992384,2020-10-06,17,{'JAM'},{'JAM_HEAVY_TRAFFIC'},44,{7},5.386363636363637
2e699239,2e6992384,2020-10-08,17,{'JAM'},{'JAM_HEAVY_TRAFFIC'},32,{7},5.71875
2e699239,2e6992384,2020-10-09,14,{'JAM'},{'JAM_HEAVY_TRAFFIC'},16,{7},5.875
2e699239,2e6992384,2020-10-09,15,{'ACCIDENT'},{'ACCIDENT_MINOR'},102,{7},6.480392156862745
2e699239,2e6992384,2020-10-09,17,{'JAM'},{'JAM_HEAVY_TRAFFIC'},35,{7},5.0
2e699239,2e6992384,2020-10-09,18,{'JAM'},{'JAM_STAND_STILL_TRAFFIC'},31,{7},5.0
2e699239,2e6992384,2020-10-11,17,{'JAM'},{'JAM_HEAVY_TRAFFIC'},61,{7},5.0
2e699239,2e6992384,2020-10-13,17,{'JAM'},{'JAM_HEAVY_TRAFFIC'},31,{7},5.0
2e699239,2e6992384,2020-10-14,11,{'JAM'},{'JAM_HEAVY_TRAFFIC'},31,{7},5.0
2e699239,2e6992384,2020-10-15,16,{'JAM'},{'JAM_HEAVY_TRAFFIC'},32,{7},5.0
2e699239,2e6992384,2020-10-15,17,{'JAM'},"{'JAM_STAND_STILL_TRAFFIC', 'JAM_HEAVY_TRAFFIC'}",65,{7},5.0
2e699239,2e6992384,2020-10-19,10,{'JAM'},{'JAM_HEAVY_TRAFFIC'},60,{7},5.0
2e699239,2e6992384,2020-10-19,16,{'JAM'},{'JAM_STAND_STILL_TRAFFIC'},19,{7},6.0
2e699239,2e6992384,2020-10-19,17,{'JAM'},{'JAM_STAND_STILL_TRAFFIC'},31,{7},5.0
2e699239,2e6992384,2020-10-20,8,{'JAM'},{'JAM_STAND_STILL_TRAFFIC'},62,{7},5.0
2e699239,2e6992384,2020-10-20,9,{'JAM'},{'JAM_HEAVY_TRAFFIC'},31,{7},5.935483870967742
2e699239,2e6992384,2020-10-20,17,{'JAM'},{'JAM_HEAVY_TRAFFIC'},33,{7},5.454545454545454
2e699239,2e6992384,2020-10-23,18,{'JAM'},{'JAM_STAND_STILL_TRAFFIC'},92,{7},5.3478260869565215
2e699239,2e6992384,2020-10-24,12,{'JAM'},{'JAM_STAND_STILL_TRAFFIC'},30,{7},5.0
2e699239,2e6992384,2020-10-26,18,{'JAM'},{'JAM_STAND_STILL_TRAFFIC'},32,{7},5.0
2e699239,2e6992384,2020-10-27,18,{'JAM'},{'JAM'},31,{7},5.0
2e699239,2e6992384,2020-10-30,16,{'JAM'},{'JAM_HEAVY_TRAFFIC'},31,{7},5.0
2e699239,2e6992384,2020-10-31,14,{'JAM'},{'JAM'},30,{7},5.0
2e699239,2e6992384,2020-11-02,11,{'JAM'},"{'JAM_STAND_STILL_TRAFFIC', 'JAM_MODERATE_TRAFFIC'}",37,{7},5.0
2e699239,2e6992384,2020-11-03,10,{'JAM'},{'JAM_STAND_STILL_TRAFFIC'},35,{7},5.457142857142857
2e699239,2e6992384,2020-11-04,9,{'JAM'},{'JAM_MODERATE_TRAFFIC'},32,{7},5.0
2e699239,2e6992384,2020-11-04,12,{'JAM'},{'JAM_MODERATE_TRAFFIC'},26,{7},5.0
2e699239,2e6992384,2020-11-05,10,{'JAM'},{'JAM'},31,{7},5.0
2e699239,2e6992384,2020-11-06,16,{'JAM'},{'JAM_STAND_STILL_TRAFFIC'},36,{7},5.0
2e699239,2e6992384,2020-11-07,10,{'JAM'},{'JAM_HEAVY_TRAFFIC'},30,{7},5.966666666666667
2e699239,2e6992384,2020-11-11,8,{'JAM'},{'JAM_STAND_STILL_TRAFFIC'},15,{7},5.0
2e699239,2e6992384,2020-11-11,17,{'JAM'},{'JAM_HEAVY_TRAFFIC'},37,{7},5.4324324324324325
2e699239,2e6992384,2020-11-11,18,{'JAM'},{'JAM_STAND_STILL_TRAFFIC'},33,{7},5.0
2e699239,2e6992384,2020-11-12,15,{'JAM'},{'JAM_STAND_STILL_TRAFFIC'},30,{7},5.0
2e699239,2e6992384,2020-11-12,17,{'JAM'},{'JAM_STAND_STILL_TRAFFIC'},34,{7},5.0
2e699239,2e6992384,2020-11-12,18,"{'JAM', 'WEATHERHAZARD'}","{'WEATHERHAZARD', 'JAM_STAND_STILL_TRAFFIC'}",76,{7},5.197368421052632
2e699239,2e6992384,2020-11-13,17,{'JAM'},{'JAM_STAND_STILL_TRAFFIC'},31,{7},5.0
2e699239,2e6992384,2020-11-16,13,{'JAM'},{'JAM_HEAVY_TRAFFIC'},31,{7},5.0
2e699239,2e6992384,2020-11-16,17,{'JAM'},{'JAM_HEAVY_TRAFFIC'},16,{7},7.0
2e699239,2e6992384,2020-11-16,18,{'JAM'},{'JAM_STAND_STILL_TRAFFIC'},86,{7},5.348837209302325
2e699239,2e6992384,2020-11-17,16,{'JAM'},{'JAM_STAND_STILL_TRAFFIC'},31,{7},5.870967741935484
2e699239,2e6992384,2020-11-19,17,{'JAM'},{'JAM_STAND_STILL_TRAFFIC'},30,{7},5.0
2e699239,2e6992384,2020-11-20,17,"{'JAM', 'WEATHERHAZARD'}","{'HAZARD_ON_ROAD_CAR_STOPPED', 'JAM_STAND_STILL_TRAFFIC'}",76,{7},5.802631578947368
2e699239,2e6992384,2020-11-20,18,{'JAM'},{'JAM_STAND_STILL_TRAFFIC'},31,{7},6.741935483870968
2e699239,2e699238c,2020-09-01,12,{'JAM'},{'JAM_STAND_STILL_TRAFFIC'},31,{7},5.0
2e699239,2e699238c,2020-09-04,8,{'JAM'},{'JAM_HEAVY_TRAFFIC'},30,{7},5.0
2e699239,2e699238c,2020-09-11,18,{'JAM'},{'JAM_HEAVY_TRAFFIC'},30,{2},5.0
2e699239,2e699238c,2020-09-15,12,{'JAM'},{'JAM_STAND_STILL_TRAFFIC'},32,{7},5.0
2e699239,2e699238c,2020-09-18,20,{'JAM'},{'JAM_STAND_STILL_TRAFFIC'},31,{7},5.0
2e699239,2e699238c,2020-09-21,12,{'JAM'},{'JAM_HEAVY_TRAFFIC'},7,{7},5.0
2e699239,2e699238c,2020-09-29,17,{'JAM'},{'JAM_STAND_STILL_TRAFFIC'},31,{7},5.0
2e699239,2e699238c,2020-09-30,17,{'WEATHERHAZARD'},{'HAZARD_ON_SHOULDER_CAR_STOPPED'},31,{7},5.0
2e699239,2e699238c,2020-10-03,12,{'JAM'},{'JAM_HEAVY_TRAFFIC'},30,{2},5.0
2e699239,2e699238c,2020-10-05,11,{'JAM'},{'JAM_STAND_STILL_TRAFFIC'},30,{7},5.0
2e699239,2e699238c,2020-10-05,14,{'JAM'},{'JAM_HEAVY_TRAFFIC'},31,{7},5.903225806451613
2e699239,2e699238c,2020-10-06,16,{'JAM'},{'JAM'},6,{7},5.0
2e699239,2e699238c,2020-10-09,17,{'JAM'},{'JAM_HEAVY_TRAFFIC'},46,{7},5.369565217391305
2e699239,2e699238c,2020-10-13,15,{'JAM'},{'JAM_HEAVY_TRAFFIC'},32,{7},5.0
2e699239,2e699238c,2020-10-16,15,{'JAM'},{'JAM_MODERATE_TRAFFIC'},31,{7},5.0
2e699239,2e699238c,2020-10-19,12,{'JAM'},{'JAM_STAND_STILL_TRAFFIC'},30,{7},5.0
2e699239,2e699238c,2020-10-23,17,{'JAM'},{'JAM_STAND_STILL_TRAFFIC'},34,{7},5.9411764705882355
2e699239,2e699238c,2020-10-24,10,{'JAM'},{'JAM_STAND_STILL_TRAFFIC'},41,{7},5.414634146341464
2e699239,2e699238c,2020-10-24,12,{'JAM'},{'JAM_STAND_STILL_TRAFFIC'},25,{7},5.0
2e699239,2e699238c,2020-10-27,7,{'JAM'},{'JAM_STAND_STILL_TRAFFIC'},31,{7},5.645161290322581
2e699239,2e699238c,2020-10-28,11,{'JAM'},{'JAM_HEAVY_TRAFFIC'},31,{7},5.0
2e699239,2e699238c,2020-11-05,8,{'JAM'},{'JAM_MODERATE_TRAFFIC'},31,{7},5.0
2e699239,2e699238c,2020-11-06,11,{'JAM'},{'JAM'},30,{7},5.0
2e699239,2e699238c,2020-11-06,16,{'JAM'},{'JAM_HEAVY_TRAFFIC'},31,{7},5.0
2e699239,2e699238c,2020-11-09,7,{'WEATHERHAZARD'},{'HAZARD_ON_ROAD_CAR_STOPPED'},31,{7},5.0
2e699239,2e699238c,2020-11-09,9,{'WEATHERHAZARD'},{'HAZARD_ON_ROAD_CAR_STOPPED'},34,{7},5.617647058823529
2e699239,2e699238c,2020-11-11,11,{'JAM'},{'JAM_STAND_STILL_TRAFFIC'},32,{7},5.0
2e699239,2e699238c,2020-11-12,11,{'JAM'},{'JAM_HEAVY_TRAFFIC'},30,{2},7.733333333333333
2e699239,2e699238c,2020-11-12,15,{'JAM'},{'JAM_STAND_STILL_TRAFFIC'},31,{7},5.0
2e699239,2e699238c,2020-11-12,18,{'ACCIDENT'},{'ACCIDENT'},22,{7},5.181818181818182
2e699239,2e699238c,2020-11-13,14,{'JAM'},{'JAM_HEAVY_TRAFFIC'},31,{7},5.0
2e699239,2e699238c,2020-11-13,17,{'JAM'},{'JAM_STAND_STILL_TRAFFIC'},31,{7},5.0
2e699239,2e699238c,2020-11-17,16,{'JAM'},{'JAM_HEAVY_TRAFFIC'},32,{7},5.0
2e699239,2e699238c,2020-11-17,18,{'JAM'},{'JAM_STAND_STILL_TRAFFIC'},31,{7},5.0
2e699239,2e699238c,2020-11-18,18,{'JAM'},{'JAM_STAND_STILL_TRAFFIC'},29,{7},5.0
2e69923d,2e69923d4,2020-09-12,17,{'JAM'},{'JAM_STAND_STILL_TRAFFIC'},31,{2},5.0
2e69923d,2e69923d4,2020-09-24,16,{'JAM'},{'JAM_HEAVY_TRAFFIC'},32,{2},5.0
2e69923d,2e69923d4,2020-11-02,17,{'JAM'},{'JAM_HEAVY_TRAFFIC'},7,{2},5.0
2e69923d,2e69923d4,2020-11-07,17,{'JAM'},{'JAM_STAND_STILL_TRAFFIC'},32,{2},5.0
2e69923d,2e69923d4,2020-11-18,7,{'JAM'},{'JAM_HEAVY_TRAFFIC'},32,{2},5.0
2e69923d,2e69923d4,2020-11-22,13,{'JAM'},{'JAM_STAND_STILL_TRAFFIC'},31,{2},5.0
2e69923f,2e69923e4,2020-09-08,9,{'JAM'},{'JAM_HEAVY_TRAFFIC'},5,{7},5.0
2e69923f,2e69923e4,2020-09-10,14,{'JAM'},{'JAM_HEAVY_TRAFFIC'},7,{7},5.0
2e69923f,2e69923e4,2020-09-11,18,{'JAM'},{'JAM_HEAVY_TRAFFIC'},31,{7},5.0
2e69923f,2e69923e4,2020-09-16,6,{'JAM'},{'JAM_MODERATE_TRAFFIC'},30,{7},5.0
2e69923f,2e69923e4,2020-09-26,10,{'JAM'},{'JAM_HEAVY_TRAFFIC'},31,{7},5.0
2e69923f,2e69923e4,2020-09-26,16,{'JAM'},{'JAM_MODERATE_TRAFFIC'},11,{7},5.0
2e69923f,2e69923e4,2020-09-28,10,{'JAM'},{'JAM_HEAVY_TRAFFIC'},31,{7},5.0
2e69923f,2e69923e4,2020-10-01,10,{'JAM'},{'JAM_HEAVY_TRAFFIC'},30,{7},5.0
2e69923f,2e69923e4,2020-10-06,16,{'WEATHERHAZARD'},{'WEATHERHAZARD'},32,{1},5.0
2e69923f,2e69923e4,2020-10-09,17,{'JAM'},{'JAM_HEAVY_TRAFFIC'},29,{7},5.0
2e69923f,2e69923e4,2020-10-12,11,{'JAM'},{'JAM_HEAVY_TRAFFIC'},8,{7},5.0
2e69923f,2e69923e4,2020-10-15,16,{'JAM'},{'JAM_MODERATE_TRAFFIC'},30,{7},5.0
2e69923f,2e69923e4,2020-10-16,14,{'JAM'},{'JAM_HEAVY_TRAFFIC'},6,{7},5.5
2e69923f,2e69923e4,2020-10-19,16,{'JAM'},{'JAM_STAND_STILL_TRAFFIC'},32,{7},5.0
2e69923f,2e69923e4,2020-10-23,16,{'JAM'},{'JAM_STAND_STILL_TRAFFIC'},24,{7},5.0
2e69923f,2e69923e4,2020-10-26,8,{'JAM'},{'JAM_HEAVY_TRAFFIC'},31,{7},5.967741935483871
2e69923f,2e69923e4,2020-10-26,13,{'JAM'},{'JAM_HEAVY_TRAFFIC'},31,{7},5.0
2e69923f,2e69923e4,2020-10-27,7,{'JAM'},{'JAM_STAND_STILL_TRAFFIC'},63,{7},5.317460317460317
2e69923f,2e69923e4,2020-10-28,12,{'JAM'},{'JAM_STAND_STILL_TRAFFIC'},14,{7},5.0
2e69923f,2e69923e4,2020-11-02,11,{'JAM'},{'JAM_STAND_STILL_TRAFFIC'},65,{7},5.0
2e69923f,2e69923e4,2020-11-05,17,{'JAM'},{'JAM_HEAVY_TRAFFIC'},7,{7},5.0
2e69923f,2e69923e4,2020-11-09,11,{'JAM'},{'JAM_MODERATE_TRAFFIC'},42,{7},5.380952380952381
2e69923f,2e69923e4,2020-11-10,8,{'JAM'},{'JAM_STAND_STILL_TRAFFIC'},34,{7},5.0
2e69923f,2e69923e4,2020-11-10,14,{'JAM'},{'JAM_HEAVY_TRAFFIC'},30,{7},5.0
2e69923f,2e69923e4,2020-11-11,11,{'JAM'},{'JAM_HEAVY_TRAFFIC'},36,{7},5.0
2e69923f,2e69923e4,2020-11-12,8,{'JAM'},{'JAM_MODERATE_TRAFFIC'},23,{7},5.0
2e69923f,2e69923e4,2020-11-12,11,{'JAM'},{'JAM_MODERATE_TRAFFIC'},28,{7},5.785714285714286
2e69923f,2e69923e4,2020-11-12,18,{'JAM'},{'JAM_STAND_STILL_TRAFFIC'},45,{7},5.355555555555555
2e69923f,2e69923e4,2020-11-13,9,{'JAM'},{'JAM_STAND_STILL_TRAFFIC'},12,{7},5.0
2e69923f,2e69923e4,2020-11-13,17,{'JAM'},{'JAM_HEAVY_TRAFFIC'},31,{7},5.741935483870968
2e69923f,2e69923e4,2020-11-16,12,{'JAM'},{'JAM_MODERATE_TRAFFIC'},17,{7},5.0
2e69923f,2e69923e4,2020-11-19,17,{'JAM'},{'JAM_HEAVY_TRAFFIC'},18,{7},5.0
2e69923f,2e69923ec,2020-09-08,9,{'JAM'},{'JAM_HEAVY_TRAFFIC'},5,{7},5.0
2e69923f,2e69923ec,2020-09-15,12,{'JAM'},{'JAM_STAND_STILL_TRAFFIC'},32,{7},5.0
2e69923f,2e69923ec,2020-09-25,12,{'JAM'},{'JAM_MODERATE_TRAFFIC'},60,{7},5.5
2e69923f,2e69923ec,2020-09-26,14,{'JAM'},{'JAM_HEAVY_TRAFFIC'},31,{7},5.0
2e69923f,2e69923ec,2020-09-28,11,{'JAM'},{'JAM_MODERATE_TRAFFIC'},7,{7},5.0
2e69923f,2e69923ec,2020-10-24,10,{'JAM'},{'JAM_STAND_STILL_TRAFFIC'},42,{7},6.0476190476190474
2e69923f,2e69923ec,2020-10-24,12,{'JAM'},{'JAM_HEAVY_TRAFFIC'},30,{7},5.0
2e69923f,2e69923ec,2020-10-31,16,{'JAM'},{'JAM_MODERATE_TRAFFIC'},7,{7},5.0
2e69923f,2e69923ec,2020-11-09,7,{'JAM'},{'JAM_HEAVY_TRAFFIC'},44,{7},5.340909090909091
2e69923f,2e69923ec,2020-11-10,19,{'JAM'},{'JAM_STAND_STILL_TRAFFIC'},8,{7},5.0
2e69923f,2e69923f4,2020-09-23,13,{'WEATHERHAZARD'},{'WEATHERHAZARD'},31,{7},5.0
2e69923f,2e69923f4,2020-09-28,9,{'JAM'},{'JAM_STAND_STILL_TRAFFIC'},32,{7},5.0
2e69923f,2e69923f4,2020-09-29,17,{'JAM'},{'JAM'},19,{7},5.0
2e69923f,2e69923f4,2020-10-12,17,{'JAM'},{'JAM_HEAVY_TRAFFIC'},62,{7},5.0
2e69923f,2e69923f4,2020-10-17,15,{'JAM'},{'JAM_HEAVY_TRAFFIC'},31,{7},5.0
2e69923f,2e69923f4,2020-10-22,17,{'JAM'},{'JAM_STAND_STILL_TRAFFIC'},5,{7},5.0
2e69923f,2e69923f4,2020-10-24,10,{'JAM'},{'JAM_STAND_STILL_TRAFFIC'},47,{7},7.085106382978723
2e69923f,2e69923f4,2020-10-26,13,{'JAM'},{'JAM_HEAVY_TRAFFIC'},21,{7},5.0
2e69923f,2e69923f4,2020-10-27,7,{'JAM'},{'JAM_STAND_STILL_TRAFFIC'},31,{7},5.0
2e69923f,2e69923f4,2020-11-09,7,{'JAM'},"{'JAM_STAND_STILL_TRAFFIC', 'JAM_HEAVY_TRAFFIC'}",61,{7},5.0
2e69923f,2e69923f4,2020-11-12,9,{'JAM'},{'JAM_HEAVY_TRAFFIC'},31,{7},5.0
2e69923f,2e69923f4,2020-11-15,21,{'JAM'},{'JAM_HEAVY_TRAFFIC'},24,{7},5.0
2e699243,2e699242c,2020-10-26,14,{'WEATHERHAZARD'},{'WEATHERHAZARD'},33,{2},5.0
2e699243,2e6992434,2020-10-31,22,{'ACCIDENT'},{'ACCIDENT'},121,{1},5.0
2e699245,2e699244c,2020-11-02,10,{'JAM'},{'JAM'},5,{2},5.0
2e699245,2e6992454,2020-11-18,17,{'JAM'},{'JAM'},32,{22},5.0
2e699245,2e699245c,2020-10-25,13,{'JAM'},{'JAM_HEAVY_TRAFFIC'},31,{2},5.0
2e699247,2e699246c,2020-11-02,17,{'JAM'},{'JAM_HEAVY_TRAFFIC'},33,{2},5.0
2e699247,2e6992474,2020-09-28,16,{'JAM'},{'JAM_HEAVY_TRAFFIC'},32,{2},5.46875
2e699249,2e6992484,2020-09-01,10,{'JAM'},{'JAM_HEAVY_TRAFFIC'},29,{7},5.0
2e699249,2e6992484,2020-09-02,15,{'JAM'},{'JAM_HEAVY_TRAFFIC'},32,{7},5.0
2e699249,2e6992484,2020-09-04,9,{'JAM'},{'JAM_STAND_STILL_TRAFFIC'},30,{7},5.0
2e699249,2e6992484,2020-09-04,18,{'JAM'},{'JAM_MODERATE_TRAFFIC'},59,{7},5.508474576271187
2e699249,2e6992484,2020-09-05,11,{'JAM'},{'JAM'},31,{7},5.0
2e699249,2e6992484,2020-09-05,12,{'JAM'},{'JAM_HEAVY_TRAFFIC'},34,{7},5.0
2e699249,2e6992484,2020-09-09,17,{'JAM'},{'JAM_HEAVY_TRAFFIC'},31,{7},6.0
2e699249,2e6992484,2020-09-11,10,{'JAM'},{'JAM_HEAVY_TRAFFIC'},32,{7},5.0
2e699249,2e6992484,2020-09-11,13,{'JAM'},{'JAM_HEAVY_TRAFFIC'},8,{7},5.0
2e699249,2e6992484,2020-09-11,17,{'JAM'},{'JAM_HEAVY_TRAFFIC'},31,{7},5.0
2e699249,2e6992484,2020-09-11,19,{'JAM'},{'JAM_HEAVY_TRAFFIC'},30,{7},5.0
2e699249,2e6992484,2020-09-15,11,{'JAM'},{'JAM_HEAVY_TRAFFIC'},31,{7},5.0
2e699249,2e6992484,2020-09-15,15,{'JAM'},{'JAM_HEAVY_TRAFFIC'},31,{7},5.0
2e699249,2e6992484,2020-09-16,10,{'JAM'},{'JAM'},30,{7},5.0
2e699249,2e6992484,2020-09-16,18,{'JAM'},{'JAM_HEAVY_TRAFFIC'},30,{7},5.0
2e699249,2e6992484,2020-09-17,17,{'JAM'},{'JAM_MODERATE_TRAFFIC'},33,{7},5.7272727272727275
2e699249,2e6992484,2020-09-18,16,{'JAM'},{'JAM_HEAVY_TRAFFIC'},33,{7},5.0
2e699249,2e6992484,2020-09-25,12,{'JAM'},{'JAM_HEAVY_TRAFFIC'},31,{7},5.0
2e699249,2e6992484,2020-09-25,17,{'JAM'},{'JAM_HEAVY_TRAFFIC'},30,{7},5.0
2e699249,2e6992484,2020-09-25,18,{'JAM'},{'JAM_HEAVY_TRAFFIC'},31,{7},5.0
2e699249,2e6992484,2020-09-28,9,{'JAM'},{'JAM_HEAVY_TRAFFIC'},7,{7},5.0
2e699249,2e6992484,2020-09-29,16,{'JAM'},{'JAM_STAND_STILL_TRAFFIC'},60,{7},5.0
2e699249,2e6992484,2020-09-30,17,{'JAM'},{'JAM_HEAVY_TRAFFIC'},32,{7},5.65625
2e699249,2e6992484,2020-10-01,11,{'JAM'},{'JAM_MODERATE_TRAFFIC'},33,{7},5.0
2e699249,2e6992484,2020-10-01,15,{'JAM'},{'JAM'},33,{7},5.0
2e699249,2e6992484,2020-10-02,16,{'JAM'},{'JAM_STAND_STILL_TRAFFIC'},48,{7},6.75
2e699249,2e6992484,2020-10-03,14,{'JAM'},{'JAM_HEAVY_TRAFFIC'},6,{7},5.0
2e699249,2e6992484,2020-10-05,15,{'JAM'},{'JAM_STAND_STILL_TRAFFIC'},37,{7},5.486486486486487
2e699249,2e6992484,2020-10-05,17,{'JAM'},{'JAM_STAND_STILL_TRAFFIC'},48,{7},5.354166666666667
2e699249,2e6992484,2020-10-07,12,{'JAM'},{'JAM_STAND_STILL_TRAFFIC'},31,{7},5.0
2e699249,2e6992484,2020-10-08,16,{'JAM'},{'JAM_STAND_STILL_TRAFFIC'},29,{7},5.0
2e699249,2e6992484,2020-10-12,11,{'JAM'},{'JAM_HEAVY_TRAFFIC'},31,{7},5.0
2e699249,2e6992484,2020-10-12,15,{'JAM'},{'JAM_HEAVY_TRAFFIC'},30,{7},5.0
2e699249,2e6992484,2020-10-12,17,{'JAM'},{'JAM_STAND_STILL_TRAFFIC'},32,{7},5.0
2e699249,2e6992484,2020-10-13,17,{'JAM'},{'JAM_HEAVY_TRAFFIC'},33,{7},5.0
2e699249,2e6992484,2020-10-14,11,{'JAM'},{'JAM_HEAVY_TRAFFIC'},30,{7},5.0
2e699249,2e6992484,2020-10-15,17,{'JAM'},{'JAM_STAND_STILL_TRAFFIC'},28,{7},6.25
2e699249,2e6992484,2020-10-16,15,{'JAM'},{'JAM_HEAVY_TRAFFIC'},19,{7},5.947368421052632
2e699249,2e6992484,2020-10-17,14,{'JAM'},{'JAM_HEAVY_TRAFFIC'},31,{7},5.0
2e699249,2e6992484,2020-10-19,11,{'JAM'},{'JAM_STAND_STILL_TRAFFIC'},18,{7},7.944444444444445
2e699249,2e6992484,2020-10-20,17,{'JAM'},{'JAM_HEAVY_TRAFFIC'},35,{7},5.428571428571429
2e699249,2e6992484,2020-10-23,18,{'JAM'},{'JAM_STAND_STILL_TRAFFIC'},42,{7},5.380952380952381
2e699249,2e6992484,2020-10-24,11,{'JAM'},{'JAM_STAND_STILL_TRAFFIC'},32,{7},5.0
2e699249,2e6992484,2020-10-26,10,{'JAM'},{'JAM_STAND_STILL_TRAFFIC'},32,{7},5.0
2e699249,2e6992484,2020-10-28,17,{'JAM'},{'JAM_HEAVY_TRAFFIC'},5,{7},5.0
2e699249,2e6992484,2020-10-31,14,{'JAM'},{'JAM_STAND_STILL_TRAFFIC'},30,{7},5.0
2e699249,2e6992484,2020-11-02,10,{'JAM'},{'JAM_HEAVY_TRAFFIC'},29,{7},5.0
2e699249,2e6992484,2020-11-02,11,{'JAM'},{'JAM_STAND_STILL_TRAFFIC'},33,{7},5.0
2e699249,2e6992484,2020-11-02,15,{'JAM'},{'JAM_HEAVY_TRAFFIC'},32,{7},5.0
2e699249,2e6992484,2020-11-03,9,{'JAM'},{'JAM_STAND_STILL_TRAFFIC'},61,{7},5.0
2e699249,2e6992484,2020-11-03,10,{'JAM'},{'JAM_STAND_STILL_TRAFFIC'},61,{7},5.0
2e699249,2e6992484,2020-11-03,11,{'JAM'},{'JAM_STAND_STILL_TRAFFIC'},31,{7},6.0
2e699249,2e6992484,2020-11-04,12,{'JAM'},{'JAM_STAND_STILL_TRAFFIC'},28,{7},5.0
2e699249,2e6992484,2020-11-05,9,"{'JAM', 'ACCIDENT'}","{'JAM', 'ACCIDENT'}",152,{7},5.0
2e699249,2e6992484,2020-11-07,10,{'JAM'},{'JAM_HEAVY_TRAFFIC'},30,{7},5.0
2e699249,2e6992484,2020-11-07,11,{'JAM'},{'JAM_HEAVY_TRAFFIC'},31,{7},5.0
2e699249,2e6992484,2020-11-09,9,{'JAM'},{'JAM_HEAVY_TRAFFIC'},30,{7},5.0
2e699249,2e6992484,2020-11-10,10,{'JAM'},{'JAM_STAND_STILL_TRAFFIC'},32,{7},5.0
2e699249,2e6992484,2020-11-11,17,{'JAM'},{'JAM_STAND_STILL_TRAFFIC'},60,{7},5.45
2e699249,2e6992484,2020-11-11,18,{'JAM'},{'JAM_STAND_STILL_TRAFFIC'},51,{7},5.0
2e699249,2e6992484,2020-11-12,15,{'JAM'},{'JAM_STAND_STILL_TRAFFIC'},31,{7},5.0
2e699249,2e6992484,2020-11-12,16,{'JAM'},{'JAM_STAND_STILL_TRAFFIC'},31,{7},5.0
2e699249,2e6992484,2020-11-12,17,{'JAM'},{'JAM_STAND_STILL_TRAFFIC'},31,{7},5.0
2e699249,2e6992484,2020-11-12,18,{'JAM'},{'JAM_STAND_STILL_TRAFFIC'},31,{7},5.0
2e699249,2e6992484,2020-11-12,19,{'JAM'},{'JAM_HEAVY_TRAFFIC'},44,{7},5.363636363636363
2e699249,2e6992484,2020-11-13,17,{'JAM'},{'JAM_STAND_STILL_TRAFFIC'},59,{7},5.491525423728813
2e699249,2e6992484,2020-11-14,8,{'JAM'},{'JAM_STAND_STILL_TRAFFIC'},26,{7},5.0
2e699249,2e6992484,2020-11-16,11,{'JAM'},{'JAM_STAND_STILL_TRAFFIC'},31,{7},5.0
2e699249,2e6992484,2020-11-16,17,{'JAM'},{'JAM_STAND_STILL_TRAFFIC'},28,{7},5.535714285714286
2e699249,2e6992484,2020-11-17,16,{'JAM'},{'JAM_STAND_STILL_TRAFFIC'},30,{7},5.0
2e699249,2e6992484,2020-11-18,17,{'JAM'},{'JAM_STAND_STILL_TRAFFIC'},28,{7},5.0
2e699249,2e6992484,2020-11-18,18,{'JAM'},{'JAM_STAND_STILL_TRAFFIC'},29,{7},5.0
2e699249,2e6992484,2020-11-18,22,{'WEATHERHAZARD'},{'WEATHERHAZARD'},36,{1},5.0
2e699249,2e6992484,2020-11-20,17,{'JAM'},{'JAM_STAND_STILL_TRAFFIC'},34,{7},5.852941176470588
2e699249,2e699249c,2020-09-01,11,{'JAM'},{'JAM_STAND_STILL_TRAFFIC'},32,{7},5.96875
2e699249,2e699249c,2020-09-02,18,{'JAM'},{'JAM_HEAVY_TRAFFIC'},6,{7},5.0
2e699249,2e699249c,2020-09-03,16,{'JAM'},{'JAM_STAND_STILL_TRAFFIC'},27,{7},5.0
2e699249,2e699249c,2020-09-04,11,{'JAM'},{'JAM_STAND_STILL_TRAFFIC'},31,{7},5.0
2e699249,2e699249c,2020-09-05,8,{'JAM'},{'JAM_STAND_STILL_TRAFFIC'},16,{7},5.0
2e699249,2e699249c,2020-09-05,10,{'JAM'},{'JAM_HEAVY_TRAFFIC'},30,{7},5.0
2e699249,2e699249c,2020-09-08,17,{'JAM'},{'JAM_HEAVY_TRAFFIC'},32,{7},5.8125
2e699249,2e699249c,2020-09-10,18,{'JAM'},{'JAM_STAND_STILL_TRAFFIC'},34,{7},5.0
2e699249,2e699249c,2020-09-11,10,{'JAM'},{'JAM_MODERATE_TRAFFIC'},34,{7},5.0
2e699249,2e699249c,2020-09-11,18,{'JAM'},{'JAM_HEAVY_TRAFFIC'},33,{7},5.0
2e699249,2e699249c,2020-09-17,17,{'JAM'},{'JAM_HEAVY_TRAFFIC'},26,{7},5.0
2e699249,2e699249c,2020-09-21,19,{'JAM'},{'JAM_MODERATE_TRAFFIC'},7,{7},5.0
2e699249,2e699249c,2020-09-25,17,{'JAM'},{'JAM_HEAVY_TRAFFIC'},30,{7},5.0
2e699249,2e699249c,2020-09-26,7,{'JAM'},{'JAM_STAND_STILL_TRAFFIC'},32,{7},5.0
2e699249,2e699249c,2020-09-30,9,{'JAM'},{'JAM_MODERATE_TRAFFIC'},31,{7},5.0
2e699249,2e699249c,2020-10-02,14,{'JAM'},{'JAM_HEAVY_TRAFFIC'},38,{7},5.0
2e699249,2e699249c,2020-10-02,17,{'JAM'},{'JAM_HEAVY_TRAFFIC'},44,{7},6.363636363636363
2e699249,2e699249c,2020-10-05,17,{'JAM'},{'JAM_STAND_STILL_TRAFFIC'},48,{7},5.0
2e699249,2e699249c,2020-10-09,15,{'JAM'},{'JAM_STAND_STILL_TRAFFIC'},31,{7},5.0
2e699249,2e699249c,2020-10-09,17,{'JAM'},{'JAM_HEAVY_TRAFFIC'},35,{7},5.771428571428571
2e699249,2e699249c,2020-10-12,17,{'JAM'},{'JAM_STAND_STILL_TRAFFIC'},65,{7},5.0
2e699249,2e699249c,2020-10-13,17,"{'JAM', 'WEATHERHAZARD'}","{'HAZARD_ON_SHOULDER_CAR_STOPPED', 'JAM_HEAVY_TRAFFIC'}",50,{7},6.02
2e699249,2e699249c,2020-10-14,11,{'JAM'},{'JAM_HEAVY_TRAFFIC'},30,{7},5.0
2e699249,2e699249c,2020-10-15,17,{'JAM'},{'JAM_STAND_STILL_TRAFFIC'},15,{7},8.0
2e699249,2e699249c,2020-10-17,15,{'JAM'},{'JAM'},32,{7},5.0
2e699249,2e699249c,2020-10-19,11,{'JAM'},{'JAM_STAND_STILL_TRAFFIC'},17,{7},5.0588235294117645
2e699249,2e699249c,2020-10-19,17,"{'JAM', 'WEATHERHAZARD'}","{'HAZARD_ON_SHOULDER_CAR_STOPPED', 'JAM_STAND_STILL_TRAFFIC'}",71,{7},5.605633802816901
2e699249,2e699249c,2020-10-20,17,{'JAM'},{'JAM_HEAVY_TRAFFIC'},40,{7},5.375
2e699249,2e699249c,2020-10-20,19,{'JAM'},{'JAM_STAND_STILL_TRAFFIC'},31,{7},5.0
2e699249,2e699249c,2020-10-26,7,{'JAM'},{'JAM_MODERATE_TRAFFIC'},20,{7},5.0
2e699249,2e699249c,2020-10-26,11,{'JAM'},{'JAM_HEAVY_TRAFFIC'},30,{7},5.0
2e699249,2e699249c,2020-10-26,15,{'JAM'},{'JAM_HEAVY_TRAFFIC'},30,{7},5.0
2e699249,2e699249c,2020-10-27,7,{'JAM'},{'JAM_STAND_STILL_TRAFFIC'},31,{7},5.903225806451613
2e699249,2e699249c,2020-10-27,10,{'JAM'},{'JAM_HEAVY_TRAFFIC'},30,{7},5.0
2e699249,2e699249c,2020-10-27,15,{'JAM'},{'JAM_STAND_STILL_TRAFFIC'},31,{7},5.0
2e699249,2e699249c,2020-10-27,16,{'JAM'},{'JAM_STAND_STILL_TRAFFIC'},34,{7},5.0
2e699249,2e699249c,2020-10-30,16,{'JAM'},{'JAM_HEAVY_TRAFFIC'},30,{7},5.0
2e699249,2e699249c,2020-10-31,14,{'JAM'},{'JAM_STAND_STILL_TRAFFIC'},31,{7},5.0
2e699249,2e699249c,2020-11-03,11,{'JAM'},{'JAM_STAND_STILL_TRAFFIC'},32,{7},5.0
2e699249,2e699249c,2020-11-04,11,{'JAM'},{'JAM_HEAVY_TRAFFIC'},32,{7},5.0
2e699249,2e699249c,2020-11-05,9,{'JAM'},{'JAM'},32,{7},5.0
2e699249,2e699249c,2020-11-05,14,{'JAM'},{'JAM_STAND_STILL_TRAFFIC'},33,{7},5.0
2e699249,2e699249c,2020-11-05,17,{'JAM'},{'JAM_HEAVY_TRAFFIC'},63,{7},5.0
2e699249,2e699249c,2020-11-07,11,{'JAM'},{'JAM_STAND_STILL_TRAFFIC'},33,{7},5.0
2e699249,2e699249c,2020-11-10,15,{'JAM'},{'JAM_HEAVY_TRAFFIC'},33,{7},5.0
2e699249,2e699249c,2020-11-11,17,{'JAM'},{'JAM_STAND_STILL_TRAFFIC'},35,{7},5.685714285714286
2e699249,2e699249c,2020-11-12,17,{'JAM'},{'JAM_STAND_STILL_TRAFFIC'},31,{7},5.0
2e699249,2e699249c,2020-11-12,18,{'JAM'},{'JAM_STAND_STILL_TRAFFIC'},31,{7},5.0
2e699249,2e699249c,2020-11-13,9,{'JAM'},{'JAM_STAND_STILL_TRAFFIC'},30,{7},5.933333333333334
2e699249,2e699249c,2020-11-13,16,{'JAM'},{'JAM_STAND_STILL_TRAFFIC'},29,{7},5.517241379310345
2e699249,2e699249c,2020-11-13,17,{'JAM'},{'JAM_STAND_STILL_TRAFFIC'},32,{7},5.0
2e699249,2e699249c,2020-11-14,15,{'JAM'},"{'JAM', 'JAM_HEAVY_TRAFFIC'}",60,{7},5.0
2e699249,2e699249c,2020-11-17,18,{'JAM'},{'JAM_STAND_STILL_TRAFFIC'},31,{7},5.935483870967742
2e699249,2e699249c,2020-11-18,15,{'JAM'},{'JAM_STAND_STILL_TRAFFIC'},29,{7},5.379310344827586
2e699249,2e699249c,2020-11-19,17,{'JAM'},{'JAM_HEAVY_TRAFFIC'},21,{7},5.9523809523809526
2e699249,2e699249c,2020-11-20,17,{'JAM'},{'JAM_HEAVY_TRAFFIC'},31,{7},5.741935483870968
2e69924b,2e69924a4,2020-09-03,15,{'JAM'},{'JAM_HEAVY_TRAFFIC'},32,{7},5.0
2e69924b,2e69924a4,2020-09-25,14,{'JAM'},{'JAM_STAND_STILL_TRAFFIC'},12,{7},5.0
2e69924b,2e69924a4,2020-09-25,17,"{'JAM', 'WEATHERHAZARD'}","{'HAZARD_ON_SHOULDER_CAR_STOPPED', 'JAM_HEAVY_TRAFFIC'}",71,{7},5.225352112676056
2e69924b,2e69924a4,2020-09-29,11,{'JAM'},{'JAM_STAND_STILL_TRAFFIC'},7,{7},5.0
2e69924b,2e69924a4,2020-09-29,16,{'JAM'},{'JAM_STAND_STILL_TRAFFIC'},30,{7},5.0
2e69924b,2e69924a4,2020-09-30,10,{'JAM'},{'JAM_STAND_STILL_TRAFFIC'},30,{7},5.0
2e69924b,2e69924a4,2020-10-02,16,{'JAM'},{'JAM_STAND_STILL_TRAFFIC'},32,{7},5.625
2e69924b,2e69924a4,2020-10-02,17,{'JAM'},"{'JAM_STAND_STILL_TRAFFIC', 'JAM_HEAVY_TRAFFIC'}",60,{7},5.0
2e69924b,2e69924a4,2020-10-05,12,{'JAM'},{'JAM_HEAVY_TRAFFIC'},17,{7},5.0
2e69924b,2e69924a4,2020-10-05,17,{'JAM'},{'JAM_STAND_STILL_TRAFFIC'},31,{7},5.0
2e69924b,2e69924a4,2020-10-07,12,{'JAM'},{'JAM_STAND_STILL_TRAFFIC'},30,{7},5.9
2e69924b,2e69924a4,2020-10-13,17,{'JAM'},{'JAM_HEAVY_TRAFFIC'},32,{7},5.0
2e69924b,2e69924a4,2020-10-15,17,{'JAM'},{'JAM_HEAVY_TRAFFIC'},31,{7},5.0
2e69924b,2e69924a4,2020-10-20,17,"{'JAM', 'WEATHERHAZARD'}","{'HAZARD_ON_SHOULDER_CAR_STOPPED', 'JAM_HEAVY_TRAFFIC'}",85,{7},5.776470588235294
2e69924b,2e69924a4,2020-10-22,17,{'WEATHERHAZARD'},{'HAZARD_ON_SHOULDER_CAR_STOPPED'},36,{7},5.0
2e69924b,2e69924a4,2020-10-24,12,{'JAM'},{'JAM_STAND_STILL_TRAFFIC'},30,{7},5.0
2e69924b,2e69924a4,2020-10-26,11,{'JAM'},"{'JAM_STAND_STILL_TRAFFIC', 'JAM_HEAVY_TRAFFIC'}",61,{7},5.0
2e69924b,2e69924a4,2020-10-26,12,{'JAM'},{'JAM_HEAVY_TRAFFIC'},20,{7},5.0
2e69924b,2e69924a4,2020-10-27,11,{'JAM'},{'JAM_STAND_STILL_TRAFFIC'},30,{7},5.0
2e69924b,2e69924a4,2020-10-27,17,"{'JAM', 'WEATHERHAZARD'}","{'HAZARD_ON_SHOULDER_CAR_STOPPED', 'JAM_STAND_STILL_TRAFFIC', 'JAM_HEAVY_TRAFFIC'}",131,{7},6.511450381679389
2e69924b,2e69924a4,2020-10-28,15,{'JAM'},{'JAM_STAND_STILL_TRAFFIC'},33,{7},5.0
2e69924b,2e69924a4,2020-10-30,12,{'JAM'},{'JAM_STAND_STILL_TRAFFIC'},32,{7},5.0
2e69924b,2e69924a4,2020-11-02,17,{'JAM'},{'JAM_STAND_STILL_TRAFFIC'},34,{7},5.0
2e69924b,2e69924a4,2020-11-03,11,{'JAM'},{'JAM_STAND_STILL_TRAFFIC'},61,{7},5.0
2e69924b,2e69924a4,2020-11-05,19,{'JAM'},{'JAM_MODERATE_TRAFFIC'},32,{2},5.0
2e69924b,2e69924a4,2020-11-07,16,{'JAM'},{'JAM_STAND_STILL_TRAFFIC'},42,{2},5.380952380952381
2e69924b,2e69924a4,2020-11-10,15,{'JAM'},{'JAM_HEAVY_TRAFFIC'},31,{7},5.967741935483871
2e69924b,2e69924a4,2020-11-11,17,{'JAM'},{'JAM_STAND_STILL_TRAFFIC'},65,{7},5.0
2e69924b,2e69924a4,2020-11-12,17,{'JAM'},{'JAM_STAND_STILL_TRAFFIC'},96,{7},5.0
2e69924b,2e69924a4,2020-11-12,18,{'JAM'},{'JAM_HEAVY_TRAFFIC'},33,{7},5.0
2e69924b,2e69924a4,2020-11-13,9,{'JAM'},{'JAM_STAND_STILL_TRAFFIC'},26,{7},5.0
2e69924b,2e69924a4,2020-11-13,17,"{'JAM', 'WEATHERHAZARD'}","{'HAZARD_ON_SHOULDER_CAR_STOPPED', 'JAM_STAND_STILL_TRAFFIC'}",67,{7},5.373134328358209
2e69924b,2e69924a4,2020-11-15,20,{'JAM'},{'JAM_MODERATE_TRAFFIC'},22,{7},5.0
2e69924b,2e69924a4,2020-11-16,17,{'JAM'},{'JAM_STAND_STILL_TRAFFIC'},26,{7},5.0
2e69924b,2e69924a4,2020-11-16,18,{'JAM'},{'JAM_STAND_STILL_TRAFFIC'},30,{7},5.0
2e69924b,2e69924a4,2020-11-17,17,{'JAM'},{'JAM_STAND_STILL_TRAFFIC'},62,{7},5.0
2e69924b,2e69924a4,2020-11-18,17,{'JAM'},{'JAM_STAND_STILL_TRAFFIC'},30,{7},5.0
2e69924b,2e69924ac,2020-09-12,14,{'JAM'},{'JAM_MODERATE_TRAFFIC'},14,{7},5.0
2e69924b,2e69924ac,2020-09-15,12,{'JAM'},{'JAM_HEAVY_TRAFFIC'},6,{7},5.0
2e69924b,2e69924ac,2020-09-25,17,{'JAM'},{'JAM_HEAVY_TRAFFIC'},31,{7},5.0
2e69924b,2e69924ac,2020-10-01,11,{'JAM'},{'JAM_MODERATE_TRAFFIC'},31,{7},5.0
2e69924b,2e69924ac,2020-10-02,16,{'JAM'},{'JAM_STAND_STILL_TRAFFIC'},37,{7},5.486486486486487
2e69924b,2e69924ac,2020-10-12,17,{'JAM'},{'JAM_STAND_STILL_TRAFFIC'},31,{7},5.0
2e69924b,2e69924ac,2020-10-19,11,{'JAM'},{'JAM_STAND_STILL_TRAFFIC'},31,{7},5.870967741935484
2e69924b,2e69924ac,2020-10-20,17,{'JAM'},{'JAM_HEAVY_TRAFFIC'},48,{7},5.395833333333333
2e69924b,2e69924ac,2020-10-23,18,{'JAM'},{'JAM_STAND_STILL_TRAFFIC'},31,{7},5.0
2e69924b,2e69924ac,2020-10-27,15,{'JAM'},{'JAM_STAND_STILL_TRAFFIC'},30,{7},5.0
2e69924b,2e69924ac,2020-10-27,18,{'JAM'},{'JAM'},33,{7},5.0
2e69924b,2e69924ac,2020-11-10,15,{'JAM'},{'JAM_HEAVY_TRAFFIC'},33,{7},5.0
2e69924b,2e69924ac,2020-11-11,17,{'JAM'},{'JAM_STAND_STILL_TRAFFIC'},31,{7},5.0
2e69924b,2e69924ac,2020-11-12,17,{'JAM'},{'JAM_STAND_STILL_TRAFFIC'},5,{7},5.0
2e69924b,2e69924ac,2020-11-13,16,{'JAM'},{'JAM_STAND_STILL_TRAFFIC'},33,{7},5.0
2e69924b,2e69924ac,2020-11-13,17,"{'JAM', 'WEATHERHAZARD'}","{'HAZARD_ON_SHOULDER_CAR_STOPPED', 'JAM_STAND_STILL_TRAFFIC'}",78,{7},5.769230769230769
2e69924b,2e69924ac,2020-11-16,17,{'JAM'},{'JAM_STAND_STILL_TRAFFIC'},31,{7},5.0
2e69924b,2e69924ac,2020-11-18,17,{'JAM'},{'JAM_HEAVY_TRAFFIC'},30,{7},5.966666666666667
2e69924b,2e69924b4,2020-09-04,16,{'JAM'},{'JAM_STAND_STILL_TRAFFIC'},12,{7},5.0
2e69924b,2e69924b4,2020-09-09,10,{'JAM'},{'JAM_HEAVY_TRAFFIC'},24,{7},5.0
2e69924b,2e69924b4,2020-10-02,16,{'JAM'},{'JAM_STAND_STILL_TRAFFIC'},28,{7},6.0
2e69924b,2e69924b4,2020-10-02,17,{'JAM'},{'JAM_STAND_STILL_TRAFFIC'},31,{7},5.0
2e69924b,2e69924b4,2020-10-05,17,{'JAM'},{'JAM_STAND_STILL_TRAFFIC'},31,{7},5.0
2e69924b,2e69924b4,2020-10-07,12,{'JAM'},{'JAM_STAND_STILL_TRAFFIC'},32,{7},5.0
2e69924b,2e69924b4,2020-10-12,17,{'JAM'},{'JAM_STAND_STILL_TRAFFIC'},31,{7},5.0
2e69924b,2e69924b4,2020-10-19,9,{'JAM'},{'JAM_MODERATE_TRAFFIC'},5,{7},5.0
2e69924b,2e69924b4,2020-10-23,18,{'JAM'},{'JAM_STAND_STILL_TRAFFIC'},30,{7},5.0
2e69924b,2e69924b4,2020-10-27,17,{'JAM'},{'JAM_STAND_STILL_TRAFFIC'},30,{7},5.0
2e69924b,2e69924b4,2020-11-04,11,{'JAM'},{'JAM'},33,{7},5.0
2e69924b,2e69924b4,2020-11-10,10,{'JAM'},{'JAM_STAND_STILL_TRAFFIC'},30,{7},5.0
2e69924b,2e69924b4,2020-11-11,14,{'JAM'},{'JAM_STAND_STILL_TRAFFIC'},6,{7},5.0
2e69924b,2e69924b4,2020-11-11,17,{'JAM'},{'JAM_STAND_STILL_TRAFFIC'},30,{7},6.0
2e69924b,2e69924b4,2020-11-12,17,{'JAM'},{'JAM_STAND_STILL_TRAFFIC'},40,{7},5.0
2e69924b,2e69924b4,2020-11-13,17,{'JAM'},{'JAM_STAND_STILL_TRAFFIC'},31,{7},5.0
2e69924b,2e69924b4,2020-11-14,15,{'JAM'},{'JAM_STAND_STILL_TRAFFIC'},34,{7},5.0
2e69924b,2e69924b4,2020-11-18,17,{'JAM'},"{'JAM_STAND_STILL_TRAFFIC', 'JAM_MODERATE_TRAFFIC'}",58,{7},5.0
2e69924f,2e69924ec,2020-09-27,21,"{'JAM', 'WEATHERHAZARD', 'ACCIDENT'}","{'WEATHERHAZARD', 'JAM_HEAVY_TRAFFIC', 'ACCIDENT_MAJOR'}",182,{1},5.0
2e699251,2e6992504,2020-09-12,18,{'JAM'},{'JAM_STAND_STILL_TRAFFIC'},11,{2},5.0
2e699251,2e6992504,2020-10-03,19,{'JAM'},{'JAM_HEAVY_TRAFFIC'},30,{2},5.0
2e699251,2e6992504,2020-10-16,14,{'WEATHERHAZARD'},{'HAZARD_WEATHER_HAIL'},28,{2},5.75
2e699251,2e699250c,2020-11-08,9,{'JAM'},{'JAM_HEAVY_TRAFFIC'},33,{2},5.0
2e699251,2e6992514,2020-09-05,18,{'JAM'},{'JAM_HEAVY_TRAFFIC'},18,{2},6.0
2e699251,2e6992514,2020-10-13,17,{'JAM'},{'JAM_HEAVY_TRAFFIC'},33,{2},5.0
2e699251,2e6992514,2020-10-25,13,{'JAM'},{'JAM_STAND_STILL_TRAFFIC'},31,{2},5.0
2e699251,2e6992514,2020-10-28,10,{'JAM'},{'JAM_MODERATE_TRAFFIC'},31,{2},5.0
2e699251,2e6992514,2020-11-04,18,"{'JAM', 'ACCIDENT'}","{'JAM', 'ACCIDENT'}",154,{1},5.733766233766234
2e699251,2e6992514,2020-11-05,13,{'WEATHERHAZARD'},{'HAZARD_WEATHER_HEAVY_SNOW'},31,{1},5.0
2e699251,2e699251c,2020-10-06,20,{'ACCIDENT'},{'ACCIDENT_MINOR'},101,{1},5.0
2e699253,2e699252c,2020-10-18,21,{'JAM'},{'JAM'},30,{1},5.0
2e699253,2e6992534,2020-09-02,16,{'JAM'},{'JAM_HEAVY_TRAFFIC'},35,{2},5.0
2e699253,2e6992534,2020-09-12,18,{'JAM'},{'JAM_STAND_STILL_TRAFFIC'},68,{2},5.0
2e699253,2e6992534,2020-10-22,10,{'JAM'},{'JAM_MODERATE_TRAFFIC'},27,{2},5.0
2e699253,2e699253c,2020-09-12,18,{'JAM'},{'JAM_STAND_STILL_TRAFFIC'},35,{2},5.0
2e699253,2e699253c,2020-09-13,19,{'WEATHERHAZARD'},{'WEATHERHAZARD'},33,{1},5.0
2e699253,2e699253c,2020-10-10,17,{'JAM'},{'JAM_MODERATE_TRAFFIC'},33,{2},5.0
2e699253,2e699253c,2020-10-17,13,{'JAM'},{'JAM_HEAVY_TRAFFIC'},23,{2},5.0
2e699253,2e699253c,2020-10-24,9,{'JAM'},{'JAM_MODERATE_TRAFFIC'},6,{2},5.0
2e699253,2e699253c,2020-10-28,16,{'JAM'},{'JAM_MODERATE_TRAFFIC'},32,{2},5.0
2e699253,2e699253c,2020-11-01,16,{'JAM'},{'JAM_MODERATE_TRAFFIC'},31,{2},5.0
2e699253,2e699253c,2020-11-22,12,{'JAM'},{'JAM_MODERATE_TRAFFIC'},10,{2},5.0
2e699255,2e6992544,2020-10-15,16,{'WEATHERHAZARD'},{'WEATHERHAZARD'},32,{1},5.0
2e699255,2e6992544,2020-10-26,20,{'JAM'},{'JAM'},33,{1},5.0
2e69925b,2e69925ac,2020-09-01,10,{'JAM'},{'JAM_HEAVY_TRAFFIC'},22,{2},5.0
2e69925b,2e69925ac,2020-09-12,18,{'JAM'},{'JAM_STAND_STILL_TRAFFIC'},7,{2},5.0
2e69925b,2e69925ac,2020-10-13,13,"{'JAM', 'ACCIDENT'}","{'JAM_STAND_STILL_TRAFFIC', 'ACCIDENT'}",48,{2},5.0
2e69925b,2e69925ac,2020-10-15,17,{'JAM'},{'JAM_MODERATE_TRAFFIC'},31,{2},5.0
2e69925b,2e69925ac,2020-10-24,17,{'JAM'},{'JAM_HEAVY_TRAFFIC'},32,{2},8.0
2e69925b,2e69925ac,2020-10-28,7,{'JAM'},"{'JAM_MODERATE_TRAFFIC', 'JAM_HEAVY_TRAFFIC'}",21,{2},5.0
2e69925b,2e69925ac,2020-11-03,16,{'JAM'},{'JAM_STAND_STILL_TRAFFIC'},6,{2},5.0
2e69925b,2e69925ac,2020-11-15,16,{'JAM'},{'JAM_MODERATE_TRAFFIC'},31,{2},5.0
2e69925b,2e69925ac,2020-11-16,10,{'JAM'},"{'JAM_STAND_STILL_TRAFFIC', 'JAM_HEAVY_TRAFFIC'}",97,{2},5.0
2e69925b,2e69925b4,2020-09-22,8,{'JAM'},{'JAM_MODERATE_TRAFFIC'},6,{2},5.0
2e69925b,2e69925b4,2020-09-27,16,{'JAM'},{'JAM_HEAVY_TRAFFIC'},28,{2},5.0
2e69925b,2e69925b4,2020-10-02,15,{'JAM'},{'JAM_HEAVY_TRAFFIC'},6,{2},5.0
2e69925b,2e69925b4,2020-10-15,17,{'JAM'},{'JAM_MODERATE_TRAFFIC'},31,{2},5.0
2e69925b,2e69925b4,2020-10-19,17,{'WEATHERHAZARD'},{'HAZARD_ON_ROAD_CAR_STOPPED'},32,{2},5.40625
2e69925b,2e69925b4,2020-10-20,17,{'JAM'},{'JAM_HEAVY_TRAFFIC'},33,{2},5.424242424242424
2e69925b,2e69925b4,2020-11-16,10,{'JAM'},"{'JAM_STAND_STILL_TRAFFIC', 'JAM_HEAVY_TRAFFIC'}",63,{2},5.507936507936508
2e69925d,2e69925c4,2020-09-01,9,{'JAM'},{'JAM'},18,{2},5.0
2e69925d,2e69925c4,2020-09-19,15,{'JAM'},{'JAM_HEAVY_TRAFFIC'},8,{2},5.0
2e69925d,2e69925c4,2020-09-29,18,{'WEATHERHAZARD'},{'WEATHERHAZARD'},31,{22},5.0
2e69925d,2e69925c4,2020-10-19,17,{'JAM'},{'JAM_MODERATE_TRAFFIC'},32,{2},5.0
2e69925d,2e69925c4,2020-10-26,15,{'WEATHERHAZARD'},{'HAZARD_WEATHER_FLOOD'},31,{2},6.806451612903226
2e69925d,2e69925c4,2020-11-05,17,"{'JAM', 'WEATHERHAZARD', 'ACCIDENT'}","{'JAM', 'WEATHERHAZARD', 'ACCIDENT'}",116,{2},5.396551724137931
2e69925d,2e69925c4,2020-11-07,18,{'JAM'},{'JAM_HEAVY_TRAFFIC'},9,{2},5.0
2e69925d,2e69925cc,2020-11-16,10,{'JAM'},{'JAM_HEAVY_TRAFFIC'},30,{2},5.833333333333333
2e69925d,2e69925d4,2020-11-18,15,{'JAM'},{'JAM'},11,{1},5.0
2e69925d,2e69925dc,2020-11-14,19,{'JAM'},{'JAM'},32,{1},5.0
2e69925f,2e69925ec,2020-10-04,21,{'WEATHERHAZARD'},{'HAZARD_WEATHER_FLOOD'},30,{2},5.0
2e69925f,2e69925ec,2020-10-24,11,{'JAM'},{'JAM_HEAVY_TRAFFIC'},9,{2},5.0
2e69925f,2e69925ec,2020-10-25,13,{'JAM'},{'JAM_STAND_STILL_TRAFFIC'},34,{2},5.0
2e69925f,2e69925ec,2020-10-26,9,{'JAM'},{'JAM_HEAVY_TRAFFIC'},26,{2},5.0
2e69925f,2e69925ec,2020-10-26,16,{'WEATHERHAZARD'},{'HAZARD_WEATHER_FLOOD'},36,{2},5.944444444444445
2e69925f,2e69925ec,2020-10-31,12,"{'JAM', 'WEATHERHAZARD'}","{'HAZARD_ON_SHOULDER_CAR_STOPPED', 'JAM_STAND_STILL_TRAFFIC'}",64,{2},5.0
2e69925f,2e69925ec,2020-11-18,15,{'JAM'},{'JAM_MODERATE_TRAFFIC'},32,{2},5.0
2e69925f,2e69925ec,2020-11-18,19,{'JAM'},{'JAM_MODERATE_TRAFFIC'},31,{2},5.0
2e69925f,2e69925f4,2020-09-06,10,{'JAM'},{'JAM_STAND_STILL_TRAFFIC'},32,{2},5.0
2e69925f,2e69925f4,2020-10-23,15,{'JAM'},{'JAM_MODERATE_TRAFFIC'},33,{2},5.0
2e69925f,2e69925fc,2020-09-02,16,{'JAM'},{'JAM_STAND_STILL_TRAFFIC'},24,{2},5.0
2e69925f,2e69925fc,2020-09-26,9,{'JAM'},{'JAM_MODERATE_TRAFFIC'},32,{2},5.0
2e69925f,2e69925fc,2020-10-04,21,{'WEATHERHAZARD'},{'HAZARD_WEATHER_FLOOD'},32,{2},5.78125
2e69925f,2e69925fc,2020-10-23,15,{'JAM'},{'JAM_MODERATE_TRAFFIC'},6,{2},5.0
2e69925f,2e69925fc,2020-10-29,7,{'JAM'},{'JAM_HEAVY_TRAFFIC'},6,{2},5.0
2e699265,2e6992654,2020-10-20,17,{'WEATHERHAZARD'},{'HAZARD_WEATHER_FLOOD'},48,{2},6.75
2e699269,2e699268c,2020-10-25,11,{'WEATHERHAZARD'},{'HAZARD_WEATHER_FLOOD'},47,{2},5.340425531914893
2e69926d,2e69926dc,2020-09-04,11,{'JAM'},{'JAM'},29,{1},5.0
2e69926f,2e69926ec,2020-10-08,16,{'JAM'},{'JAM_MODERATE_TRAFFIC'},31,{17},5.0
2e69926f,2e69926f4,2020-10-25,11,{'WEATHERHAZARD'},"{'HAZARD_WEATHER_FLOOD', 'HAZARD_ON_ROAD_POT_HOLE'}",1862,"{1, 2}",9.20891514500537
2e699271,2e6992714,2020-09-03,11,{'JAM'},{'JAM_STAND_STILL_TRAFFIC'},27,{2},5.0
2e699271,2e6992714,2020-09-03,17,{'JAM'},{'JAM_STAND_STILL_TRAFFIC'},26,{2},6.0
2e699271,2e6992714,2020-09-05,11,{'JAM'},{'JAM_STAND_STILL_TRAFFIC'},42,{2},5.833333333333333
2e699271,2e6992714,2020-09-08,11,{'JAM'},{'JAM_STAND_STILL_TRAFFIC'},30,{2},5.0
2e699271,2e6992714,2020-09-09,17,{'JAM'},{'JAM_HEAVY_TRAFFIC'},34,{2},5.0
2e699271,2e6992714,2020-09-25,18,{'JAM'},{'JAM_STAND_STILL_TRAFFIC'},17,{2},5.0
2e699271,2e6992714,2020-09-30,10,{'JAM'},{'JAM_HEAVY_TRAFFIC'},17,{2},5.0
2e699271,2e6992714,2020-10-02,9,{'JAM'},{'JAM_HEAVY_TRAFFIC'},30,{2},5.9
2e699271,2e6992714,2020-10-05,9,{'JAM'},{'JAM_HEAVY_TRAFFIC'},30,{2},5.0
2e699271,2e6992714,2020-10-10,11,{'JAM'},{'JAM'},7,{2},5.0
2e699271,2e6992714,2020-10-10,13,{'JAM'},{'JAM_HEAVY_TRAFFIC'},32,{2},5.0
2e699271,2e6992714,2020-10-10,15,{'JAM'},{'JAM_HEAVY_TRAFFIC'},34,{2},5.0
2e699271,2e6992714,2020-10-15,8,{'JAM'},"{'JAM_STAND_STILL_TRAFFIC', 'JAM_HEAVY_TRAFFIC'}",62,{2},5.483870967741935
2e699271,2e6992714,2020-10-17,14,{'JAM'},{'JAM_HEAVY_TRAFFIC'},38,{2},5.473684210526316
2e699271,2e6992714,2020-10-19,6,{'JAM'},{'JAM_MODERATE_TRAFFIC'},32,{2},5.0
2e699271,2e6992714,2020-10-19,7,{'JAM'},{'JAM_STAND_STILL_TRAFFIC'},36,{2},5.0
2e699271,2e6992714,2020-10-22,9,{'JAM'},{'JAM_HEAVY_TRAFFIC'},12,{2},6.583333333333333
2e699271,2e6992714,2020-10-27,8,{'JAM'},{'JAM_STAND_STILL_TRAFFIC'},7,{2},5.0
2e699271,2e6992714,2020-10-27,9,{'JAM'},{'JAM_STAND_STILL_TRAFFIC'},30,{2},5.966666666666667
2e699271,2e6992714,2020-10-27,10,{'JAM'},{'JAM_STAND_STILL_TRAFFIC'},64,{2},5.0
2e699271,2e6992714,2020-11-02,8,{'JAM'},{'JAM_STAND_STILL_TRAFFIC'},60,{2},5.783333333333333
2e699271,2e6992714,2020-11-02,9,{'JAM'},{'JAM_HEAVY_TRAFFIC'},66,{2},5.696969696969697
2e699271,2e6992714,2020-11-03,7,{'JAM'},{'JAM_HEAVY_TRAFFIC'},41,{2},5.414634146341464
2e699271,2e6992714,2020-11-03,9,{'JAM'},{'JAM_HEAVY_TRAFFIC'},32,{2},5.0
2e699271,2e6992714,2020-11-03,10,{'JAM'},{'JAM_STAND_STILL_TRAFFIC'},32,{2},5.0
2e699271,2e6992714,2020-11-03,11,{'JAM'},"{'JAM_STAND_STILL_TRAFFIC', 'JAM_HEAVY_TRAFFIC'}",111,{2},5.342342342342342
2e699271,2e6992714,2020-11-04,9,{'JAM'},{'JAM_HEAVY_TRAFFIC'},30,{2},5.0
2e699271,2e6992714,2020-11-05,7,{'JAM'},{'JAM_STAND_STILL_TRAFFIC'},6,{2},5.0
2e699271,2e6992714,2020-11-05,8,{'JAM'},{'JAM_STAND_STILL_TRAFFIC'},32,{2},5.75
2e699271,2e6992714,2020-11-07,10,{'JAM'},{'JAM_STAND_STILL_TRAFFIC'},60,{2},5.916666666666667
2e699271,2e6992714,2020-11-07,12,{'JAM'},{'JAM_STAND_STILL_TRAFFIC'},61,{2},5.0
2e699271,2e6992714,2020-11-07,15,{'JAM'},{'JAM_STAND_STILL_TRAFFIC'},38,{2},5.0
2e699271,2e6992714,2020-11-11,9,{'JAM'},{'JAM_STAND_STILL_TRAFFIC'},31,{2},5.0
2e699271,2e6992714,2020-11-11,11,{'JAM'},{'JAM_STAND_STILL_TRAFFIC'},46,{2},5.0
2e699271,2e6992714,2020-11-12,17,{'JAM'},{'JAM_STAND_STILL_TRAFFIC'},60,{2},6.283333333333333
2e699271,2e6992714,2020-11-14,10,{'JAM'},{'JAM_STAND_STILL_TRAFFIC'},31,{2},5.0
2e699271,2e6992714,2020-11-14,14,{'JAM'},{'JAM_STAND_STILL_TRAFFIC'},30,{2},5.0
2e699271,2e6992714,2020-11-21,14,{'JAM'},{'JAM_HEAVY_TRAFFIC'},30,{2},5.933333333333334
2e699273,2e6992734,2020-09-05,13,{'ACCIDENT'},{'ACCIDENT_MINOR'},81,{2},6.481481481481482
2e699273,2e699273c,2020-09-08,11,{'ACCIDENT'},{'ACCIDENT_MINOR'},43,{2},6.744186046511628
2e699273,2e699273c,2020-09-15,6,{'WEATHERHAZARD'},{'HAZARD_ON_SHOULDER_CAR_STOPPED'},33,{2},5.787878787878788
2e699273,2e699273c,2020-09-18,14,{'JAM'},{'JAM_HEAVY_TRAFFIC'},15,{2},5.0
2e699273,2e699273c,2020-10-04,20,{'WEATHERHAZARD'},{'HAZARD_WEATHER_FLOOD'},32,{2},5.71875
2e699273,2e699273c,2020-10-20,18,{'WEATHERHAZARD'},{'HAZARD_ON_ROAD_OBJECT'},14,{2},7.214285714285714
2e699273,2e699273c,2020-10-27,10,{'JAM'},{'JAM_HEAVY_TRAFFIC'},19,{2},6.0
2e699273,2e699273c,2020-11-02,9,{'JAM'},{'JAM_HEAVY_TRAFFIC'},6,{2},5.0
2e699273,2e699273c,2020-11-04,9,{'JAM'},{'JAM_STAND_STILL_TRAFFIC'},33,{2},5.0
2e699273,2e699273c,2020-11-05,8,{'JAM'},{'JAM_STAND_STILL_TRAFFIC'},42,{2},5.0
2e699273,2e699273c,2020-11-07,10,{'JAM'},{'JAM_STAND_STILL_TRAFFIC'},7,{2},5.857142857142857
2e699273,2e699273c,2020-11-07,11,{'JAM'},{'JAM_HEAVY_TRAFFIC'},30,{2},5.0
2e699273,2e699273c,2020-11-07,15,{'JAM'},{'JAM_STAND_STILL_TRAFFIC'},30,{2},6.833333333333333
2e699273,2e699273c,2020-11-14,11,{'JAM'},{'JAM_STAND_STILL_TRAFFIC'},27,{2},5.0
2e699277,2e699276c,2020-09-11,8,{'WEATHERHAZARD'},{'HAZARD_ON_ROAD_CAR_STOPPED'},32,{2},5.0
2e699277,2e6992774,2020-09-03,8,{'JAM'},{'JAM_STAND_STILL_TRAFFIC'},30,{2},5.0
2e699277,2e6992774,2020-09-03,17,{'JAM'},{'JAM_STAND_STILL_TRAFFIC'},38,{2},5.0
2e699277,2e6992774,2020-09-05,12,{'WEATHERHAZARD'},{'HAZARD_ON_ROAD_CAR_STOPPED'},25,{2},7.84
2e699277,2e6992774,2020-09-11,10,{'JAM'},{'JAM_HEAVY_TRAFFIC'},30,{2},5.0
2e699277,2e6992774,2020-09-25,18,{'JAM'},{'JAM_STAND_STILL_TRAFFIC'},21,{2},5.0
2e699277,2e6992774,2020-09-30,10,{'JAM'},"{'JAM_STAND_STILL_TRAFFIC', 'JAM_HEAVY_TRAFFIC'}",49,{2},5.408163265306122
2e699277,2e6992774,2020-10-02,9,{'JAM'},{'JAM_HEAVY_TRAFFIC'},33,{2},5.909090909090909
2e699277,2e6992774,2020-10-02,14,{'JAM'},{'JAM_HEAVY_TRAFFIC'},6,{2},5.0
2e699277,2e6992774,2020-10-03,11,{'JAM'},{'JAM_STAND_STILL_TRAFFIC'},31,{2},5.0
2e699277,2e6992774,2020-10-04,20,{'WEATHERHAZARD'},{'HAZARD_WEATHER_FLOOD'},30,{2},5.0
2e699277,2e6992774,2020-10-07,19,{'JAM'},{'JAM_HEAVY_TRAFFIC'},9,{2},5.0
2e699277,2e6992774,2020-10-13,8,{'JAM'},{'JAM_HEAVY_TRAFFIC'},30,{2},5.966666666666667
2e699277,2e6992774,2020-10-15,7,{'JAM'},"{'JAM_STAND_STILL_TRAFFIC', 'JAM_HEAVY_TRAFFIC'}",35,{2},5.828571428571428
2e699277,2e6992774,2020-10-15,8,{'JAM'},{'JAM_HEAVY_TRAFFIC'},30,{2},5.0
2e699277,2e6992774,2020-10-19,9,{'JAM'},{'JAM_STAND_STILL_TRAFFIC'},32,{2},5.0
2e699277,2e6992774,2020-10-20,19,{'JAM'},{'JAM_MODERATE_TRAFFIC'},10,{2},5.0
2e699277,2e6992774,2020-10-22,9,{'JAM'},{'JAM_HEAVY_TRAFFIC'},60,{2},5.466666666666667
2e699277,2e6992774,2020-10-24,16,{'JAM'},{'JAM_STAND_STILL_TRAFFIC'},90,{2},6.288888888888889
2e699277,2e6992774,2020-10-27,17,{'JAM'},{'JAM_HEAVY_TRAFFIC'},27,{2},5.518518518518518
2e699277,2e6992774,2020-10-30,18,{'JAM'},{'JAM'},20,{2},5.0
2e699277,2e6992774,2020-11-02,8,{'JAM'},{'JAM_STAND_STILL_TRAFFIC'},41,{2},5.439024390243903
2e699277,2e6992774,2020-11-02,9,{'JAM'},{'JAM_HEAVY_TRAFFIC'},30,{2},5.0
2e699277,2e6992774,2020-11-02,11,{'JAM'},{'JAM_HEAVY_TRAFFIC'},37,{2},5.378378378378378
2e699277,2e6992774,2020-11-02,20,{'JAM'},{'JAM_STAND_STILL_TRAFFIC'},6,{2},5.0
2e699277,2e6992774,2020-11-03,9,{'JAM'},{'JAM_HEAVY_TRAFFIC'},63,{2},5.0
2e699277,2e6992774,2020-11-04,7,{'JAM'},{'JAM_HEAVY_TRAFFIC'},31,{2},5.580645161290323
2e699277,2e6992774,2020-11-05,8,{'JAM'},"{'JAM_STAND_STILL_TRAFFIC', 'JAM_HEAVY_TRAFFIC'}",77,{2},5.207792207792208
2e699277,2e6992774,2020-11-06,17,{'JAM'},{'JAM_MODERATE_TRAFFIC'},39,{2},5.0
2e699277,2e6992774,2020-11-07,11,{'JAM'},{'JAM_STAND_STILL_TRAFFIC'},66,{2},5.454545454545454
2e699277,2e6992774,2020-11-07,13,{'JAM'},{'JAM_STAND_STILL_TRAFFIC'},32,{2},5.0
2e699277,2e6992774,2020-11-07,15,{'JAM'},{'JAM_STAND_STILL_TRAFFIC'},59,{2},5.4576271186440675
2e699277,2e6992774,2020-11-10,7,{'JAM'},{'JAM_HEAVY_TRAFFIC'},32,{2},5.0
2e699277,2e6992774,2020-11-11,11,{'JAM'},{'JAM_HEAVY_TRAFFIC'},40,{2},5.325
2e699277,2e6992774,2020-11-13,18,{'JAM'},{'JAM_HEAVY_TRAFFIC'},64,{2},5.484375
2e699277,2e6992774,2020-11-14,10,{'JAM'},"{'JAM_MODERATE_TRAFFIC', 'JAM_HEAVY_TRAFFIC'}",57,{2},5.0
2e699277,2e6992774,2020-11-14,15,{'JAM'},{'JAM_STAND_STILL_TRAFFIC'},33,{2},5.0
2e699277,2e6992774,2020-11-14,17,{'JAM'},{'JAM_HEAVY_TRAFFIC'},31,{2},5.0
2e699277,2e6992774,2020-11-14,18,{'JAM'},{'JAM_HEAVY_TRAFFIC'},19,{2},5.0
2e699279,2e6992784,2020-09-02,10,{'JAM'},{'JAM_STAND_STILL_TRAFFIC'},31,{2},5.0
2e699279,2e6992784,2020-09-04,9,{'JAM'},{'JAM_HEAVY_TRAFFIC'},31,{2},5.0
2e699279,2e6992784,2020-09-05,15,{'JAM'},{'JAM_STAND_STILL_TRAFFIC'},31,{2},5.967741935483871
2e699279,2e6992784,2020-09-24,20,{'JAM'},{'JAM_HEAVY_TRAFFIC'},6,{2},5.0
2e699279,2e6992784,2020-09-25,8,{'JAM'},{'JAM_HEAVY_TRAFFIC'},6,{2},5.0
2e699279,2e6992784,2020-09-28,8,{'JAM'},{'JAM_HEAVY_TRAFFIC'},62,{2},5.0
2e699279,2e6992784,2020-10-03,10,{'JAM'},{'JAM_STAND_STILL_TRAFFIC'},26,{2},5.0
2e699279,2e6992784,2020-10-03,15,{'JAM'},{'JAM_HEAVY_TRAFFIC'},24,{2},5.0
2e699279,2e6992784,2020-10-07,19,{'JAM'},{'JAM_HEAVY_TRAFFIC'},32,{2},5.0
2e699279,2e6992784,2020-10-10,17,{'JAM'},{'JAM_HEAVY_TRAFFIC'},56,{2},5.0
2e699279,2e6992784,2020-10-14,8,{'JAM'},"{'JAM_MODERATE_TRAFFIC', 'JAM_HEAVY_TRAFFIC'}",38,{2},5.578947368421052
2e699279,2e6992784,2020-10-16,14,{'JAM'},{'JAM_HEAVY_TRAFFIC'},6,{2},5.0
2e699279,2e6992784,2020-10-17,12,{'JAM'},{'JAM_HEAVY_TRAFFIC'},30,{2},5.0
2e699279,2e6992784,2020-10-17,16,{'JAM'},{'JAM_STAND_STILL_TRAFFIC'},30,{2},5.0
2e699279,2e6992784,2020-10-21,8,{'JAM'},{'JAM_MODERATE_TRAFFIC'},29,{2},5.0
2e699279,2e6992784,2020-10-21,17,{'JAM'},{'JAM_STAND_STILL_TRAFFIC'},23,{2},5.0
2e699279,2e6992784,2020-10-21,18,{'JAM'},{'JAM_HEAVY_TRAFFIC'},32,{2},5.0
2e699279,2e6992784,2020-10-22,9,{'JAM'},"{'JAM_MODERATE_TRAFFIC', 'JAM_HEAVY_TRAFFIC'}",71,{2},5.0
2e699279,2e6992784,2020-10-24,14,{'JAM'},{'JAM_MODERATE_TRAFFIC'},31,{2},5.0
2e699279,2e6992784,2020-10-25,19,{'JAM'},{'JAM_HEAVY_TRAFFIC'},5,{2},5.0
2e699279,2e6992784,2020-10-28,15,{'JAM'},{'JAM_STAND_STILL_TRAFFIC'},32,{2},5.0
2e699279,2e6992784,2020-10-30,14,{'JAM'},{'JAM_HEAVY_TRAFFIC'},31,{2},5.0
2e699279,2e6992784,2020-11-02,9,{'JAM'},{'JAM_MODERATE_TRAFFIC'},30,{2},5.0
2e699279,2e6992784,2020-11-05,9,{'JAM'},"{'JAM_MODERATE_TRAFFIC', 'JAM_HEAVY_TRAFFIC'}",93,{2},5.956989247311828
2e699279,2e6992784,2020-11-05,12,{'ACCIDENT'},{'ACCIDENT'},120,{1},5.0
2e699279,2e6992784,2020-11-06,16,{'JAM'},{'JAM_HEAVY_TRAFFIC'},10,{2},5.0
2e699279,2e6992784,2020-11-07,11,{'JAM'},{'JAM_STAND_STILL_TRAFFIC'},31,{2},5.0
2e699279,2e6992784,2020-11-10,7,{'JAM'},{'JAM_HEAVY_TRAFFIC'},31,{2},5.0
2e699279,2e6992784,2020-11-12,11,{'JAM'},{'JAM_HEAVY_TRAFFIC'},32,{2},5.0
2e699279,2e6992784,2020-11-13,18,{'JAM'},{'JAM_STAND_STILL_TRAFFIC'},34,{2},6.470588235294118
2e699279,2e6992784,2020-11-14,10,{'JAM'},{'JAM_HEAVY_TRAFFIC'},30,{2},5.966666666666667
2e699279,2e6992784,2020-11-14,18,{'JAM'},{'JAM_HEAVY_TRAFFIC'},34,{2},5.0
2e699279,2e6992784,2020-11-18,10,{'JAM'},{'JAM_STAND_STILL_TRAFFIC'},31,{2},5.612903225806452
2e699279,2e6992784,2020-11-18,14,{'JAM'},{'JAM_HEAVY_TRAFFIC'},30,{2},5.0
2e699279,2e6992784,2020-11-18,19,{'JAM'},{'JAM_HEAVY_TRAFFIC'},15,{2},5.0
2e699279,2e6992784,2020-11-20,8,{'JAM'},{'JAM_HEAVY_TRAFFIC'},31,{2},5.0
2e699279,2e699278c,2020-09-05,17,{'JAM'},{'JAM_HEAVY_TRAFFIC'},31,{2},5.0
2e699279,2e699278c,2020-09-08,9,{'JAM'},{'JAM_HEAVY_TRAFFIC'},30,{2},5.0
2e699279,2e699278c,2020-09-10,9,{'JAM'},{'JAM_HEAVY_TRAFFIC'},30,{2},5.0
2e699279,2e699278c,2020-09-25,8,{'JAM'},{'JAM_MODERATE_TRAFFIC'},64,{2},5.0
2e699279,2e699278c,2020-09-25,18,{'JAM'},{'JAM_HEAVY_TRAFFIC'},32,{2},5.0
2e699279,2e699278c,2020-09-28,0,{'ROAD_CLOSED'},{'ROAD_CLOSED_EVENT'},1,{22},6.0
2e699279,2e699278c,2020-09-28,8,{'JAM'},{'JAM_MODERATE_TRAFFIC'},30,{2},5.0
2e699279,2e699278c,2020-09-28,16,{'JAM'},{'JAM_MODERATE_TRAFFIC'},31,{2},5.0
2e699279,2e699278c,2020-09-30,9,{'JAM'},{'JAM_HEAVY_TRAFFIC'},27,{2},5.0
2e699279,2e699278c,2020-10-01,19,{'JAM'},{'JAM_STAND_STILL_TRAFFIC'},29,{2},5.0
2e699279,2e699278c,2020-10-07,16,{'JAM'},{'JAM_MODERATE_TRAFFIC'},16,{2},5.0
2e699279,2e699278c,2020-10-10,11,{'JAM'},{'JAM_MODERATE_TRAFFIC'},33,{2},5.0
2e699279,2e699278c,2020-10-10,16,{'JAM'},{'JAM_HEAVY_TRAFFIC'},33,{2},5.0
2e699279,2e699278c,2020-10-13,8,{'JAM'},{'JAM_HEAVY_TRAFFIC'},31,{2},5.0
2e699279,2e699278c,2020-10-13,18,{'JAM'},"{'JAM_MODERATE_TRAFFIC', 'JAM_HEAVY_TRAFFIC'}",43,{2},5.0
2e699279,2e699278c,2020-10-14,18,{'JAM'},{'JAM_STAND_STILL_TRAFFIC'},6,{2},5.0
2e699279,2e699278c,2020-10-17,9,{'JAM'},{'JAM_HEAVY_TRAFFIC'},12,{2},5.0
2e699279,2e699278c,2020-10-17,12,{'JAM'},{'JAM_HEAVY_TRAFFIC'},24,{2},5.0
2e699279,2e699278c,2020-10-17,16,{'JAM'},{'JAM_STAND_STILL_TRAFFIC'},30,{2},5.0
2e699279,2e699278c,2020-10-19,8,{'JAM'},{'JAM_HEAVY_TRAFFIC'},60,{2},5.0
2e699279,2e699278c,2020-10-22,16,{'JAM'},{'JAM_MODERATE_TRAFFIC'},30,{2},5.0
2e699279,2e699278c,2020-10-25,9,{'JAM'},{'JAM_STAND_STILL_TRAFFIC'},61,{2},5.0
2e699279,2e699278c,2020-10-25,11,{'JAM'},{'JAM_MODERATE_TRAFFIC'},6,{2},5.0
2e699279,2e699278c,2020-10-26,14,{'JAM'},{'JAM_STAND_STILL_TRAFFIC'},21,{2},5.190476190476191
2e699279,2e699278c,2020-10-28,9,{'JAM'},{'JAM_MODERATE_TRAFFIC'},7,{2},5.0
2e699279,2e699278c,2020-10-28,15,{'JAM'},"{'JAM_STAND_STILL_TRAFFIC', 'JAM_HEAVY_TRAFFIC'}",62,{2},5.0
2e699279,2e699278c,2020-10-31,12,{'JAM'},{'JAM_STAND_STILL_TRAFFIC'},5,{2},5.0
2e699279,2e699278c,2020-11-02,18,{'JAM'},{'JAM_HEAVY_TRAFFIC'},33,{2},5.0
2e699279,2e699278c,2020-11-03,16,{'JAM'},{'JAM_HEAVY_TRAFFIC'},30,{2},5.0
2e699279,2e699278c,2020-11-05,9,{'JAM'},{'JAM_MODERATE_TRAFFIC'},31,{2},5.709677419354839
2e699279,2e699278c,2020-11-07,13,{'JAM'},{'JAM_HEAVY_TRAFFIC'},30,{2},5.0
2e699279,2e699278c,2020-11-09,10,{'JAM'},{'JAM_MODERATE_TRAFFIC'},71,{2},5.225352112676056
2e699279,2e699278c,2020-11-09,18,{'JAM'},{'JAM_MODERATE_TRAFFIC'},31,{2},5.0
2e699279,2e699278c,2020-11-10,19,{'JAM'},{'JAM_STAND_STILL_TRAFFIC'},39,{2},5.410256410256411
2e699279,2e699278c,2020-11-11,8,{'JAM'},{'JAM_HEAVY_TRAFFIC'},31,{2},5.0
2e699279,2e699278c,2020-11-12,18,{'JAM'},{'JAM'},30,{2},5.0
2e699279,2e699278c,2020-11-13,10,{'JAM'},{'JAM_HEAVY_TRAFFIC'},34,{1},5.0
2e699279,2e699278c,2020-11-13,16,{'JAM'},{'JAM_STAND_STILL_TRAFFIC'},31,{2},5.0
2e699279,2e699278c,2020-11-13,17,{'JAM'},{'JAM'},31,{2},5.0
2e699279,2e699278c,2020-11-14,10,{'JAM'},{'JAM_HEAVY_TRAFFIC'},31,{2},5.0
2e699279,2e699278c,2020-11-16,11,{'JAM'},{'JAM_HEAVY_TRAFFIC'},18,{2},5.0
2e699279,2e699278c,2020-11-17,14,{'JAM'},{'JAM_HEAVY_TRAFFIC'},31,{2},5.0
2e699279,2e699278c,2020-11-21,12,{'JAM'},{'JAM_HEAVY_TRAFFIC'},40,{2},6.375
2e699279,2e6992794,2020-11-07,14,{'JAM'},{'JAM_STAND_STILL_TRAFFIC'},5,{1},5.0
2e699279,2e6992794,2020-11-12,20,{'JAM'},{'JAM_HEAVY_TRAFFIC'},31,{1},5.419354838709677
2e699279,2e699279c,2020-09-11,10,{'JAM'},{'JAM_HEAVY_TRAFFIC'},37,{2},5.0
2e699279,2e699279c,2020-09-14,9,{'JAM'},{'JAM_HEAVY_TRAFFIC'},31,{2},5.0
2e699279,2e699279c,2020-09-21,8,{'JAM'},{'JAM_MODERATE_TRAFFIC'},24,{2},5.0
2e699279,2e699279c,2020-09-23,9,{'JAM'},{'JAM_HEAVY_TRAFFIC'},32,{2},5.0
2e699279,2e699279c,2020-09-28,8,{'JAM'},{'JAM_HEAVY_TRAFFIC'},32,{2},5.0
2e699279,2e699279c,2020-10-02,9,{'JAM'},{'JAM_HEAVY_TRAFFIC'},30,{2},5.0
2e699279,2e699279c,2020-10-05,9,{'JAM'},"{'JAM_STAND_STILL_TRAFFIC', 'JAM_HEAVY_TRAFFIC'}",90,{2},5.0
2e699279,2e699279c,2020-10-07,8,{'JAM'},{'JAM_HEAVY_TRAFFIC'},31,{2},5.0
2e699279,2e699279c,2020-10-10,15,{'JAM'},{'JAM_STAND_STILL_TRAFFIC'},31,{2},5.0
2e699279,2e699279c,2020-10-14,8,{'JAM'},{'JAM_HEAVY_TRAFFIC'},5,{2},7.0
2e699279,2e699279c,2020-10-15,8,{'JAM'},{'JAM_HEAVY_TRAFFIC'},30,{2},5.0
2e699279,2e699279c,2020-10-17,12,{'JAM'},{'JAM_STAND_STILL_TRAFFIC'},12,{2},5.0
2e699279,2e699279c,2020-10-19,7,{'JAM'},{'JAM_MODERATE_TRAFFIC'},33,{2},5.0
2e699279,2e699279c,2020-10-20,19,{'JAM'},{'JAM_HEAVY_TRAFFIC'},33,{2},5.0
2e699279,2e699279c,2020-10-21,8,{'JAM'},{'JAM_MODERATE_TRAFFIC'},30,{2},5.0
2e699279,2e699279c,2020-10-22,9,{'JAM'},{'JAM_HEAVY_TRAFFIC'},71,{2},5.394366197183099
2e699279,2e699279c,2020-10-23,9,{'JAM'},{'JAM_STAND_STILL_TRAFFIC'},45,{2},5.333333333333333
2e699279,2e699279c,2020-10-24,14,{'JAM'},{'JAM_MODERATE_TRAFFIC'},22,{2},5.0
2e699279,2e699279c,2020-10-27,8,{'JAM'},{'JAM_HEAVY_TRAFFIC'},31,{2},5.0
2e699279,2e699279c,2020-10-28,13,{'JAM'},{'JAM_HEAVY_TRAFFIC'},32,{2},5.65625
2e699279,2e699279c,2020-10-30,17,{'JAM'},{'JAM'},15,{2},5.0
2e699279,2e699279c,2020-11-02,8,{'JAM'},"{'JAM_STAND_STILL_TRAFFIC', 'JAM_HEAVY_TRAFFIC'}",91,{2},6.087912087912088
2e699279,2e699279c,2020-11-02,9,{'JAM'},{'JAM_HEAVY_TRAFFIC'},31,{2},5.806451612903226
2e699279,2e699279c,2020-11-03,7,{'JAM'},{'JAM_MODERATE_TRAFFIC'},31,{2},5.0
2e699279,2e699279c,2020-11-03,9,{'JAM'},{'JAM_HEAVY_TRAFFIC'},31,{2},5.0
2e699279,2e699279c,2020-11-04,7,{'JAM'},{'JAM_MODERATE_TRAFFIC'},32,{2},5.0
2e699279,2e699279c,2020-11-04,10,{'JAM'},{'JAM_HEAVY_TRAFFIC'},32,{2},5.96875
2e699279,2e699279c,2020-11-05,9,{'JAM'},"{'JAM_STAND_STILL_TRAFFIC', 'JAM_MODERATE_TRAFFIC'}",73,{2},5.287671232876712
2e699279,2e699279c,2020-11-06,9,{'JAM'},{'JAM_MODERATE_TRAFFIC'},20,{2},5.0
2e699279,2e699279c,2020-11-07,10,{'JAM'},{'JAM_HEAVY_TRAFFIC'},36,{2},5.0
2e699279,2e699279c,2020-11-07,11,{'JAM'},{'JAM_STAND_STILL_TRAFFIC'},45,{2},5.377777777777778
2e699279,2e699279c,2020-11-07,13,{'JAM'},{'JAM_HEAVY_TRAFFIC'},31,{2},5.0
2e699279,2e699279c,2020-11-07,14,{'JAM'},{'JAM_STAND_STILL_TRAFFIC'},39,{2},5.487179487179487
2e699279,2e699279c,2020-11-09,10,{'JAM'},{'JAM_MODERATE_TRAFFIC'},88,{2},5.340909090909091
2e699279,2e699279c,2020-11-10,7,{'JAM'},"{'JAM', 'JAM_HEAVY_TRAFFIC'}",61,{2},5.0
2e699279,2e699279c,2020-11-10,10,{'JAM'},{'JAM_HEAVY_TRAFFIC'},45,{2},5.4
2e699279,2e699279c,2020-11-11,11,{'JAM'},{'JAM_HEAVY_TRAFFIC'},17,{2},5.0
2e699279,2e699279c,2020-11-11,18,{'JAM'},{'JAM_STAND_STILL_TRAFFIC'},26,{2},5.0
2e699279,2e699279c,2020-11-12,10,{'JAM'},{'JAM_MODERATE_TRAFFIC'},32,{2},5.0
2e699279,2e699279c,2020-11-12,18,{'JAM'},{'JAM_STAND_STILL_TRAFFIC'},33,{2},5.9393939393939394
2e699279,2e699279c,2020-11-13,18,{'JAM'},{'JAM_STAND_STILL_TRAFFIC'},38,{2},5.368421052631579
2e699279,2e699279c,2020-11-14,15,{'JAM'},{'JAM_STAND_STILL_TRAFFIC'},32,{2},5.0
2e699279,2e699279c,2020-11-20,8,{'JAM'},{'JAM_HEAVY_TRAFFIC'},13,{2},5.076923076923077
2e69927b,2e69927a4,2020-10-05,9,{'JAM'},{'JAM_STAND_STILL_TRAFFIC'},32,{2},5.96875
2e69927b,2e69927a4,2020-10-15,8,{'JAM'},{'JAM_MODERATE_TRAFFIC'},30,{2},5.0
2e69927b,2e69927a4,2020-10-17,13,{'JAM'},{'JAM_MODERATE_TRAFFIC'},31,{2},5.0
2e69927b,2e69927a4,2020-10-19,7,{'JAM'},{'JAM_HEAVY_TRAFFIC'},5,{2},5.0
2e69927b,2e69927a4,2020-10-20,17,{'WEATHERHAZARD'},{'HAZARD_WEATHER_FLOOD'},57,{2},7.771929824561403
2e69927b,2e69927a4,2020-11-02,8,{'JAM'},{'JAM_HEAVY_TRAFFIC'},64,{2},5.828125
2e69927b,2e69927a4,2020-11-03,6,{'JAM'},{'JAM_HEAVY_TRAFFIC'},5,{2},5.0
2e69927b,2e69927a4,2020-11-03,7,{'JAM'},{'JAM_MODERATE_TRAFFIC'},6,{2},5.0
2e69927b,2e69927a4,2020-11-05,9,{'JAM'},{'JAM_MODERATE_TRAFFIC'},5,{2},5.0
2e69927b,2e69927a4,2020-11-11,10,{'JAM'},{'JAM_HEAVY_TRAFFIC'},27,{1},5.62962962962963
2e69927b,2e69927a4,2020-11-11,11,{'JAM'},{'JAM_STAND_STILL_TRAFFIC'},7,{1},5.0
2e69927b,2e69927a4,2020-11-12,8,{'WEATHERHAZARD'},{'HAZARD_ON_ROAD_CONSTRUCTION'},246,{2},7.272357723577236
2e69927b,2e69927a4,2020-11-14,17,{'WEATHERHAZARD'},{'HAZARD_ON_ROAD_CONSTRUCTION'},381,{2},9.698162729658792
2e69927b,2e69927ac,2020-10-17,13,{'JAM'},{'JAM_MODERATE_TRAFFIC'},8,{2},5.0
2e69927b,2e69927ac,2020-10-24,12,{'JAM'},{'JAM_MODERATE_TRAFFIC'},5,{2},5.0
2e69927b,2e69927bc,2020-11-16,17,{'JAM'},{'JAM_HEAVY_TRAFFIC'},23,{1},5.0
2e69927b,2e69927bc,2020-11-16,18,{'JAM'},{'JAM_STAND_STILL_TRAFFIC'},23,{1},5.0
2e69927b,2e69927bc,2020-11-17,14,{'JAM'},{'JAM_STAND_STILL_TRAFFIC'},6,{1},5.0
2e69927f,2e69927f4,2020-09-29,15,{'JAM'},{'JAM_STAND_STILL_TRAFFIC'},11,{2},5.0
2e69927f,2e69927f4,2020-10-05,17,{'JAM'},{'JAM_HEAVY_TRAFFIC'},45,{2},5.355555555555555
2e69927f,2e69927f4,2020-10-13,18,{'JAM'},"{'JAM_STAND_STILL_TRAFFIC', 'JAM_HEAVY_TRAFFIC'}",63,{2},5.0
2e69927f,2e69927f4,2020-10-14,18,{'JAM'},{'JAM_STAND_STILL_TRAFFIC'},45,{2},6.333333333333333
2e69927f,2e69927f4,2020-10-15,17,{'JAM'},{'JAM_HEAVY_TRAFFIC'},43,{2},5.395348837209302
2e69927f,2e69927f4,2020-10-19,16,{'JAM'},{'JAM_HEAVY_TRAFFIC'},31,{2},5.0
2e69927f,2e69927f4,2020-10-21,18,{'JAM'},{'JAM_HEAVY_TRAFFIC'},33,{2},5.0
2e69927f,2e69927f4,2020-10-25,11,{'JAM'},{'JAM_MODERATE_TRAFFIC'},7,{2},5.0
2e69927f,2e69927f4,2020-10-27,19,{'JAM'},{'JAM_HEAVY_TRAFFIC'},39,{2},6.0
2e69927f,2e69927f4,2020-10-30,10,{'JAM'},{'JAM_STAND_STILL_TRAFFIC'},30,{2},5.0
2e69927f,2e69927f4,2020-10-31,17,{'JAM'},{'JAM_STAND_STILL_TRAFFIC'},30,{2},5.0
2e69927f,2e69927f4,2020-11-03,13,{'JAM'},{'JAM_MODERATE_TRAFFIC'},10,{2},5.6
2e69927f,2e69927f4,2020-11-10,19,{'JAM'},{'JAM_STAND_STILL_TRAFFIC'},30,{2},5.0
2e69927f,2e69927f4,2020-11-11,19,{'JAM'},{'JAM_HEAVY_TRAFFIC'},31,{2},5.967741935483871
2e69927f,2e69927f4,2020-11-11,20,{'JAM'},{'JAM_MODERATE_TRAFFIC'},33,{2},5.0
2e69927f,2e69927f4,2020-11-14,17,{'JAM'},{'JAM_STAND_STILL_TRAFFIC'},32,{2},5.0
2e69927f,2e69927f4,2020-11-15,12,{'JAM'},{'JAM_STAND_STILL_TRAFFIC'},12,{2},5.0
2e69927f,2e69927fc,2020-09-25,19,{'JAM'},{'JAM_HEAVY_TRAFFIC'},45,{2},5.7555555555555555
2e69927f,2e69927fc,2020-09-28,17,{'JAM'},{'JAM_HEAVY_TRAFFIC'},4,{2},5.0
2e69927f,2e69927fc,2020-09-29,19,{'JAM'},{'JAM_HEAVY_TRAFFIC'},32,{2},5.0
2e69927f,2e69927fc,2020-10-07,17,{'JAM'},{'JAM_STAND_STILL_TRAFFIC'},31,{2},5.0
2e69927f,2e69927fc,2020-10-07,19,{'JAM'},{'JAM_HEAVY_TRAFFIC'},38,{2},5.105263157894737
2e69927f,2e69927fc,2020-10-19,18,{'JAM'},{'JAM_STAND_STILL_TRAFFIC'},31,{2},5.903225806451613
2e69927f,2e69927fc,2020-10-21,19,{'JAM'},{'JAM_HEAVY_TRAFFIC'},31,{2},5.0
2e69927f,2e69927fc,2020-10-26,19,{'JAM'},{'JAM_STAND_STILL_TRAFFIC'},43,{2},6.790697674418604
2e69927f,2e69927fc,2020-10-26,20,{'JAM'},{'JAM_STAND_STILL_TRAFFIC'},32,{2},5.0
2e69927f,2e69927fc,2020-10-27,19,{'JAM'},{'JAM_STAND_STILL_TRAFFIC'},3,{2},5.0
2e69927f,2e69927fc,2020-10-28,17,{'JAM'},{'JAM_HEAVY_TRAFFIC'},20,{2},7.7
2e69927f,2e69927fc,2020-11-02,18,{'JAM'},{'JAM_STAND_STILL_TRAFFIC'},29,{2},5.0
2e69927f,2e69927fc,2020-11-02,19,{'JAM'},{'JAM_STAND_STILL_TRAFFIC'},4,{2},5.5
2e69927f,2e69927fc,2020-11-05,18,{'JAM'},{'JAM_STAND_STILL_TRAFFIC'},32,{2},5.0
2e69927f,2e69927fc,2020-11-05,19,{'JAM'},{'JAM_STAND_STILL_TRAFFIC'},30,{2},6.0
2e69927f,2e69927fc,2020-11-06,18,{'JAM'},{'JAM_STAND_STILL_TRAFFIC'},30,{2},5.0
2e69927f,2e69927fc,2020-11-09,18,{'JAM'},{'JAM_STAND_STILL_TRAFFIC'},37,{2},5.405405405405405
2e69927f,2e69927fc,2020-11-11,19,{'JAM'},{'JAM_STAND_STILL_TRAFFIC'},16,{2},6.0
2e69927f,2e69927fc,2020-11-11,20,{'JAM'},{'JAM_STAND_STILL_TRAFFIC'},34,{2},5.0
2e69927f,2e69927fc,2020-11-12,18,{'JAM'},{'JAM_STAND_STILL_TRAFFIC'},39,{2},6.333333333333333
2e69927f,2e69927fc,2020-11-13,15,{'JAM'},{'JAM_HEAVY_TRAFFIC'},32,{2},5.0
2e69927f,2e69927fc,2020-11-13,18,{'JAM'},{'JAM_STAND_STILL_TRAFFIC'},38,{2},5.447368421052632
2e69927f,2e69927fc,2020-11-16,14,{'JAM'},{'JAM_STAND_STILL_TRAFFIC'},32,{2},5.96875
2e69927f,2e69927fc,2020-11-18,16,{'JAM'},{'JAM_MODERATE_TRAFFIC'},5,{22},5.0
2e69927f,2e69927fc,2020-11-18,18,{'JAM'},{'JAM_STAND_STILL_TRAFFIC'},30,{2},5.0
2e69927f,2e69927fc,2020-11-18,20,{'JAM'},{'JAM_HEAVY_TRAFFIC'},27,{2},5.0
2e699281,2e6992804,2020-09-03,17,{'JAM'},{'JAM_STAND_STILL_TRAFFIC'},33,{2},5.0
2e699281,2e6992804,2020-09-03,18,{'JAM'},{'JAM_HEAVY_TRAFFIC'},46,{2},5.913043478260869
2e699281,2e6992804,2020-09-04,19,{'JAM'},{'JAM_STAND_STILL_TRAFFIC'},30,{2},5.0
2e699281,2e6992804,2020-09-10,18,{'JAM'},{'JAM_STAND_STILL_TRAFFIC'},33,{2},5.0
2e699281,2e6992804,2020-09-11,15,{'JAM'},{'JAM_STAND_STILL_TRAFFIC'},32,{2},5.0
2e699281,2e6992804,2020-09-11,19,{'JAM'},{'JAM_HEAVY_TRAFFIC'},35,{2},5.428571428571429
2e699281,2e6992804,2020-09-11,20,{'JAM'},{'JAM_STAND_STILL_TRAFFIC'},35,{2},5.0
2e699281,2e6992804,2020-09-15,17,{'JAM'},{'JAM_STAND_STILL_TRAFFIC'},31,{2},5.967741935483871
2e699281,2e6992804,2020-09-23,16,{'JAM'},{'JAM_STAND_STILL_TRAFFIC'},6,{2},5.0
2e699281,2e6992804,2020-09-24,15,{'JAM'},{'JAM_HEAVY_TRAFFIC'},11,{2},5.0
2e699281,2e6992804,2020-09-25,20,{'JAM'},{'JAM_STAND_STILL_TRAFFIC'},30,{2},5.0
2e699281,2e6992804,2020-09-27,21,{'JAM'},{'JAM_HEAVY_TRAFFIC'},7,{2},5.0
2e699281,2e6992804,2020-09-28,7,{'JAM'},{'JAM_HEAVY_TRAFFIC'},30,{2},5.0
2e699281,2e6992804,2020-09-28,17,{'JAM'},{'JAM_HEAVY_TRAFFIC'},58,{2},5.982758620689655
2e699281,2e6992804,2020-09-28,18,{'JAM'},{'JAM_HEAVY_TRAFFIC'},31,{2},5.0
2e699281,2e6992804,2020-09-28,19,{'JAM'},{'JAM_HEAVY_TRAFFIC'},37,{2},5.4324324324324325
2e699281,2e6992804,2020-09-29,7,{'JAM'},{'JAM_HEAVY_TRAFFIC'},33,{2},5.151515151515151
2e699281,2e6992804,2020-09-29,16,{'JAM'},{'JAM_STAND_STILL_TRAFFIC'},30,{2},5.966666666666667
2e699281,2e6992804,2020-09-29,17,{'JAM'},{'JAM_HEAVY_TRAFFIC'},31,{2},5.0
2e699281,2e6992804,2020-09-29,19,{'JAM'},{'JAM_STAND_STILL_TRAFFIC'},37,{2},5.891891891891892
2e699281,2e6992804,2020-09-30,18,{'JAM'},{'JAM_STAND_STILL_TRAFFIC'},14,{2},5.0
2e699281,2e6992804,2020-09-30,19,{'JAM'},{'JAM_MODERATE_TRAFFIC'},31,{2},5.709677419354839
2e699281,2e6992804,2020-10-01,18,{'JAM'},{'JAM_MODERATE_TRAFFIC'},48,{2},5.395833333333333
2e699281,2e6992804,2020-10-02,16,{'JAM'},{'JAM_STAND_STILL_TRAFFIC'},41,{2},5.390243902439025
2e699281,2e6992804,2020-10-03,10,{'JAM'},{'JAM_STAND_STILL_TRAFFIC'},23,{2},5.0
2e699281,2e6992804,2020-10-03,16,{'JAM'},{'JAM'},14,{2},5.0
2e699281,2e6992804,2020-10-04,10,{'WEATHERHAZARD'},{'HAZARD_ON_SHOULDER_CAR_STOPPED'},30,{4},6.866666666666666
2e699281,2e6992804,2020-10-05,19,{'JAM'},{'JAM_STAND_STILL_TRAFFIC'},31,{2},5.0
2e699281,2e6992804,2020-10-06,16,{'JAM'},{'JAM_HEAVY_TRAFFIC'},31,{2},5.0
2e699281,2e6992804,2020-10-08,12,{'JAM'},{'JAM_STAND_STILL_TRAFFIC'},6,{2},5.0
2e699281,2e6992804,2020-10-08,17,{'JAM'},{'JAM_STAND_STILL_TRAFFIC'},31,{2},5.0
2e699281,2e6992804,2020-10-12,20,{'JAM'},{'JAM_STAND_STILL_TRAFFIC'},31,{2},5.967741935483871
2e699281,2e6992804,2020-10-14,17,{'JAM'},"{'JAM_STAND_STILL_TRAFFIC', 'JAM_HEAVY_TRAFFIC'}",63,{2},5.428571428571429
2e699281,2e6992804,2020-10-16,17,{'JAM'},{'JAM_HEAVY_TRAFFIC'},30,{2},5.0
2e699281,2e6992804,2020-10-17,11,{'JAM'},{'JAM_STAND_STILL_TRAFFIC'},31,{2},5.0
2e699281,2e6992804,2020-10-19,15,{'JAM'},{'JAM_STAND_STILL_TRAFFIC'},40,{2},5.4
2e699281,2e6992804,2020-10-20,16,"{'JAM', 'WEATHERHAZARD'}","{'JAM', 'WEATHERHAZARD', 'JAM_MODERATE_TRAFFIC'}",119,{2},5.285714285714286
2e699281,2e6992804,2020-10-20,17,{'JAM'},{'JAM_STAND_STILL_TRAFFIC'},31,{2},5.903225806451613
2e699281,2e6992804,2020-10-20,18,{'JAM'},"{'JAM_STAND_STILL_TRAFFIC', 'JAM_HEAVY_TRAFFIC'}",45,"{2, 4}",5.0
2e699281,2e6992804,2020-10-21,15,{'JAM'},{'JAM_STAND_STILL_TRAFFIC'},31,{2},5.0
2e699281,2e6992804,2020-10-24,17,{'JAM'},{'JAM_STAND_STILL_TRAFFIC'},31,{2},8.0
2e699281,2e6992804,2020-10-25,12,{'JAM'},{'JAM_STAND_STILL_TRAFFIC'},64,{2},5.0
2e699281,2e6992804,2020-10-25,14,{'JAM'},{'JAM_STAND_STILL_TRAFFIC'},30,{2},5.0
2e699281,2e6992804,2020-10-25,18,{'JAM'},{'JAM_HEAVY_TRAFFIC'},99,{2},5.151515151515151
2e699281,2e6992804,2020-10-26,15,{'JAM'},{'JAM_STAND_STILL_TRAFFIC'},30,{2},5.0
2e699281,2e6992804,2020-10-26,16,{'JAM'},{'JAM_HEAVY_TRAFFIC'},32,{2},5.0
2e699281,2e6992804,2020-10-26,17,{'JAM'},"{'JAM_STAND_STILL_TRAFFIC', 'JAM_HEAVY_TRAFFIC'}",71,{4},5.985915492957746
2e699281,2e6992804,2020-10-26,18,{'JAM'},{'JAM_STAND_STILL_TRAFFIC'},30,{2},5.966666666666667
2e699281,2e6992804,2020-10-26,19,{'JAM'},{'JAM_STAND_STILL_TRAFFIC'},138,"{2, 4}",6.028985507246377
2e699281,2e6992804,2020-10-26,20,{'JAM'},{'JAM_STAND_STILL_TRAFFIC'},30,{2},5.0
2e699281,2e6992804,2020-10-27,16,{'JAM'},{'JAM_STAND_STILL_TRAFFIC'},31,{2},5.0
2e699281,2e6992804,2020-10-27,19,{'JAM'},"{'JAM_STAND_STILL_TRAFFIC', 'JAM_HEAVY_TRAFFIC'}",59,{2},5.47457627118644
2e699281,2e6992804,2020-10-28,16,{'JAM'},{'JAM_STAND_STILL_TRAFFIC'},24,{2},5.0
2e699281,2e6992804,2020-10-28,17,{'JAM'},{'JAM_HEAVY_TRAFFIC'},10,{2},6.9
2e699281,2e6992804,2020-10-28,19,{'JAM'},{'JAM_HEAVY_TRAFFIC'},31,{2},5.0
2e699281,2e6992804,2020-10-31,16,{'JAM'},{'JAM_STAND_STILL_TRAFFIC'},98,{2},5.6020408163265305
2e699281,2e6992804,2020-10-31,21,{'JAM'},{'JAM_HEAVY_TRAFFIC'},64,{2},5.875
2e699281,2e6992804,2020-11-02,7,{'JAM'},{'JAM_HEAVY_TRAFFIC'},30,{2},5.0
2e699281,2e6992804,2020-11-02,15,{'JAM'},{'JAM_HEAVY_TRAFFIC'},35,{2},5.457142857142857
2e699281,2e6992804,2020-11-02,19,{'JAM'},{'JAM_STAND_STILL_TRAFFIC'},28,{2},7.0
2e699281,2e6992804,2020-11-03,15,{'JAM'},{'JAM_STAND_STILL_TRAFFIC'},65,{2},5.0
2e699281,2e6992804,2020-11-03,18,{'WEATHERHAZARD'},{'WEATHERHAZARD'},10,{2},5.1
2e699281,2e6992804,2020-11-04,19,{'JAM'},{'JAM_STAND_STILL_TRAFFIC'},33,{2},5.0
2e699281,2e6992804,2020-11-05,7,{'JAM'},{'JAM_HEAVY_TRAFFIC'},32,{2},5.0
2e699281,2e6992804,2020-11-05,14,{'JAM'},{'JAM_STAND_STILL_TRAFFIC'},6,{2},5.666666666666667
2e699281,2e6992804,2020-11-07,13,{'JAM'},{'JAM_STAND_STILL_TRAFFIC'},32,{2},5.0
2e699281,2e6992804,2020-11-09,14,{'JAM'},{'JAM_STAND_STILL_TRAFFIC'},32,{2},5.0
2e699281,2e6992804,2020-11-09,18,{'JAM'},{'JAM_STAND_STILL_TRAFFIC'},54,{2},5.0
2e699281,2e6992804,2020-11-09,19,{'JAM'},{'JAM_STAND_STILL_TRAFFIC'},75,{2},5.613333333333333
2e699281,2e6992804,2020-11-10,16,{'JAM'},{'JAM_MODERATE_TRAFFIC'},31,{2},5.0
2e699281,2e6992804,2020-11-10,18,{'JAM'},{'JAM_STAND_STILL_TRAFFIC'},30,{4},5.0
2e699281,2e6992804,2020-11-10,20,{'JAM'},{'JAM_STAND_STILL_TRAFFIC'},38,{2},5.5
2e699281,2e6992804,2020-11-11,17,{'JAM'},{'JAM_STAND_STILL_TRAFFIC'},64,{2},5.78125
2e699281,2e6992804,2020-11-11,19,{'JAM'},{'JAM_STAND_STILL_TRAFFIC'},46,{2},5.369565217391305
2e699281,2e6992804,2020-11-11,20,{'JAM'},{'JAM_STAND_STILL_TRAFFIC'},31,{2},5.870967741935484
2e699281,2e6992804,2020-11-12,15,{'JAM'},{'JAM_HEAVY_TRAFFIC'},56,{2},5.0
2e699281,2e6992804,2020-11-12,17,{'JAM'},{'JAM_STAND_STILL_TRAFFIC'},49,{4},6.918367346938775
2e699281,2e6992804,2020-11-12,18,{'JAM'},{'JAM_STAND_STILL_TRAFFIC'},36,{2},6.0
2e699281,2e6992804,2020-11-12,20,{'JAM'},{'JAM_STAND_STILL_TRAFFIC'},137,{2},5.510948905109489
2e699281,2e6992804,2020-11-13,16,{'JAM'},{'JAM_STAND_STILL_TRAFFIC'},32,{2},5.0
2e699281,2e6992804,2020-11-14,15,{'JAM'},{'JAM_STAND_STILL_TRAFFIC'},31,{2},5.612903225806452
2e699281,2e6992804,2020-11-16,10,{'JAM'},{'JAM_HEAVY_TRAFFIC'},31,{2},5.548387096774194
2e699281,2e6992804,2020-11-16,14,{'JAM'},{'JAM_STAND_STILL_TRAFFIC'},30,{2},5.0
2e699281,2e6992804,2020-11-16,21,{'JAM'},{'JAM_STAND_STILL_TRAFFIC'},33,{2},5.0
2e699281,2e6992804,2020-11-16,22,{'JAM'},{'JAM_STAND_STILL_TRAFFIC'},39,{2},5.0
2e699281,2e6992804,2020-11-17,17,{'JAM'},{'JAM_STAND_STILL_TRAFFIC'},31,{4},5.612903225806452
2e699281,2e6992804,2020-11-17,18,{'JAM'},{'JAM_HEAVY_TRAFFIC'},19,{2},5.0
2e699281,2e6992804,2020-11-17,19,{'JAM'},{'JAM_STAND_STILL_TRAFFIC'},31,{2},5.0
2e699281,2e6992804,2020-11-18,16,{'JAM'},{'JAM_STAND_STILL_TRAFFIC'},32,{2},5.0
2e699281,2e6992804,2020-11-18,17,{'JAM'},{'JAM_HEAVY_TRAFFIC'},22,{2},5.0
2e699281,2e6992804,2020-11-18,20,{'JAM'},{'JAM_HEAVY_TRAFFIC'},31,{2},5.935483870967742
2e699281,2e6992804,2020-11-19,14,{'JAM'},{'JAM_STAND_STILL_TRAFFIC'},32,{2},5.0
2e699281,2e6992804,2020-11-19,16,{'JAM'},{'JAM_STAND_STILL_TRAFFIC'},8,{2},5.0
2e699281,2e6992804,2020-11-19,17,{'JAM'},{'JAM_HEAVY_TRAFFIC'},31,{2},5.0
2e699281,2e6992804,2020-11-21,14,{'JAM'},{'JAM'},16,{2},5.0
2e699281,2e699280c,2020-09-15,17,{'JAM'},"{'JAM_STAND_STILL_TRAFFIC', 'JAM_HEAVY_TRAFFIC'}",95,{2},5.0
2e699281,2e699280c,2020-09-16,7,{'JAM'},{'JAM_MODERATE_TRAFFIC'},30,{2},5.0
2e699281,2e699280c,2020-09-17,17,{'JAM'},{'JAM_MODERATE_TRAFFIC'},31,{2},5.0
2e699281,2e699280c,2020-09-21,15,{'JAM'},{'JAM_MODERATE_TRAFFIC'},39,{2},5.897435897435898
2e699281,2e699280c,2020-09-22,18,{'JAM'},{'JAM_HEAVY_TRAFFIC'},31,{2},5.0
2e699281,2e699280c,2020-09-22,19,{'JAM'},{'JAM_STAND_STILL_TRAFFIC'},45,{2},5.355555555555555
2e699281,2e699280c,2020-09-24,15,{'JAM'},{'JAM_HEAVY_TRAFFIC'},62,{2},5.0
2e699281,2e699280c,2020-09-24,19,{'JAM'},{'JAM_HEAVY_TRAFFIC'},31,{2},5.0
2e699281,2e699280c,2020-09-25,18,{'JAM'},{'JAM_STAND_STILL_TRAFFIC'},31,{2},5.0
2e699281,2e699280c,2020-09-25,20,{'JAM'},{'JAM_HEAVY_TRAFFIC'},31,{2},5.0
2e699281,2e699280c,2020-09-26,14,{'JAM'},{'JAM_HEAVY_TRAFFIC'},31,{2},5.0
2e699281,2e699280c,2020-09-29,17,{'JAM'},{'JAM_STAND_STILL_TRAFFIC'},28,{2},5.0
2e699281,2e699280c,2020-09-30,19,{'JAM'},{'JAM_HEAVY_TRAFFIC'},32,{2},5.78125
2e699281,2e699280c,2020-10-01,18,{'JAM'},{'JAM_MODERATE_TRAFFIC'},46,{2},5.413043478260869
2e699281,2e699280c,2020-10-03,10,{'JAM'},{'JAM_HEAVY_TRAFFIC'},30,{2},5.0
2e699281,2e699280c,2020-10-04,19,{'JAM'},{'JAM_STAND_STILL_TRAFFIC'},10,{2},5.0
2e699281,2e699280c,2020-10-06,14,{'JAM'},{'JAM_STAND_STILL_TRAFFIC'},32,{2},5.84375
2e699281,2e699280c,2020-10-08,12,{'JAM'},{'JAM_STAND_STILL_TRAFFIC'},31,{2},5.0
2e699281,2e699280c,2020-10-19,6,{'JAM'},{'JAM_HEAVY_TRAFFIC'},32,{2},5.0
2e699281,2e699280c,2020-10-20,10,{'JAM'},{'JAM_HEAVY_TRAFFIC'},31,{2},5.0
2e699281,2e699280c,2020-10-21,11,{'JAM'},{'JAM_HEAVY_TRAFFIC'},30,{2},5.0
2e699281,2e699280c,2020-10-23,7,{'JAM'},{'JAM_MODERATE_TRAFFIC'},32,{2},5.0
2e699281,2e699280c,2020-10-24,9,{'JAM'},{'JAM_MODERATE_TRAFFIC'},30,{2},5.0
2e699281,2e699280c,2020-10-24,17,{'JAM'},{'JAM_HEAVY_TRAFFIC'},33,{2},8.0
2e699281,2e699280c,2020-10-25,19,{'JAM'},{'JAM_HEAVY_TRAFFIC'},30,{2},5.0
2e699281,2e699280c,2020-10-26,18,{'JAM'},{'JAM_HEAVY_TRAFFIC'},91,{2},5.637362637362638
2e699281,2e699280c,2020-10-27,7,{'JAM'},{'JAM_MODERATE_TRAFFIC'},19,{2},5.0
2e699281,2e699280c,2020-10-27,19,{'JAM'},{'JAM_STAND_STILL_TRAFFIC'},64,{2},5.0
2e699281,2e699280c,2020-10-28,13,{'JAM'},{'JAM_STAND_STILL_TRAFFIC'},32,{2},5.0
2e699281,2e699280c,2020-10-28,16,{'JAM'},{'JAM_STAND_STILL_TRAFFIC'},30,{2},5.0
2e699281,2e699280c,2020-10-31,12,{'JAM'},{'JAM_STAND_STILL_TRAFFIC'},31,{2},5.0
2e699281,2e699280c,2020-10-31,15,{'JAM'},{'JAM_STAND_STILL_TRAFFIC'},33,{2},5.0
2e699281,2e699280c,2020-10-31,18,{'JAM'},{'JAM_STAND_STILL_TRAFFIC'},45,{2},6.022222222222222
2e699281,2e699280c,2020-10-31,20,{'JAM'},{'JAM'},31,{2},5.0
2e699281,2e699280c,2020-11-01,11,{'JAM'},{'JAM_STAND_STILL_TRAFFIC'},9,{2},5.0
2e699281,2e699280c,2020-11-02,19,{'JAM'},{'JAM_HEAVY_TRAFFIC'},33,{2},5.0
2e699281,2e699280c,2020-11-02,20,{'JAM'},{'JAM_STAND_STILL_TRAFFIC'},31,{2},5.0
2e699281,2e699280c,2020-11-03,17,{'JAM'},{'JAM_STAND_STILL_TRAFFIC'},65,{2},5.676923076923077
2e699281,2e699280c,2020-11-05,7,{'JAM'},{'JAM_STAND_STILL_TRAFFIC'},34,{2},5.0
2e699281,2e699280c,2020-11-05,14,{'JAM'},{'JAM_STAND_STILL_TRAFFIC'},34,{2},5.0
2e699281,2e699280c,2020-11-05,19,{'JAM'},{'JAM_STAND_STILL_TRAFFIC'},30,{2},5.0
2e699281,2e699280c,2020-11-07,11,{'JAM'},{'JAM_MODERATE_TRAFFIC'},32,{2},5.0
2e699281,2e699280c,2020-11-07,12,{'JAM'},{'JAM_STAND_STILL_TRAFFIC'},31,{2},5.0
2e699281,2e699280c,2020-11-07,13,{'JAM'},{'JAM_STAND_STILL_TRAFFIC'},31,{2},5.0
2e699281,2e699280c,2020-11-08,13,{'JAM'},{'JAM_HEAVY_TRAFFIC'},32,{2},5.0
2e699281,2e699280c,2020-11-09,14,{'JAM'},{'JAM_STAND_STILL_TRAFFIC'},33,{2},5.0
2e699281,2e699280c,2020-11-09,17,"{'JAM', 'WEATHERHAZARD'}","{'HAZARD_ON_ROAD_CAR_STOPPED', 'JAM_STAND_STILL_TRAFFIC'}",34,{2},5.0588235294117645
2e699281,2e699280c,2020-11-09,18,{'JAM'},{'JAM_HEAVY_TRAFFIC'},31,{2},5.0
2e699281,2e699280c,2020-11-09,19,{'JAM'},{'JAM_STAND_STILL_TRAFFIC'},65,{2},5.476923076923077
2e699281,2e699280c,2020-11-10,10,{'JAM'},{'JAM_MODERATE_TRAFFIC'},31,{2},5.0
2e699281,2e699280c,2020-11-11,17,{'JAM'},{'JAM_STAND_STILL_TRAFFIC'},32,{2},5.0
2e699281,2e699280c,2020-11-11,20,{'JAM'},{'JAM_STAND_STILL_TRAFFIC'},33,{2},5.0
2e699281,2e699280c,2020-11-12,15,{'JAM'},{'JAM_HEAVY_TRAFFIC'},31,{2},5.612903225806452
2e699281,2e699280c,2020-11-13,11,{'JAM'},{'JAM_STAND_STILL_TRAFFIC'},30,{2},5.0
2e699281,2e699280c,2020-11-16,14,{'JAM'},{'JAM_STAND_STILL_TRAFFIC'},93,{2},5.634408602150538
2e699281,2e699280c,2020-11-16,22,{'JAM'},{'JAM_STAND_STILL_TRAFFIC'},1,{2},5.0
2e699281,2e699280c,2020-11-16,23,{'JAM'},{'JAM_STAND_STILL_TRAFFIC'},6,{2},5.0
2e699281,2e699280c,2020-11-17,6,{'JAM'},{'JAM_HEAVY_TRAFFIC'},34,{2},5.0
2e699281,2e699280c,2020-11-18,20,{'JAM'},{'JAM_HEAVY_TRAFFIC'},32,{2},5.0
2e699281,2e699280c,2020-11-20,22,{'JAM'},{'JAM_HEAVY_TRAFFIC'},31,{2},5.870967741935484
2e699281,2e699280c,2020-11-21,14,{'JAM'},{'JAM_HEAVY_TRAFFIC'},30,{2},5.0
2e699281,2e699280c,2020-11-22,14,{'JAM'},{'JAM_STAND_STILL_TRAFFIC'},32,{2},5.0
2e699281,2e699280c,2020-11-22,21,{'JAM'},{'JAM_MODERATE_TRAFFIC'},9,{2},5.0
2e699281,2e6992814,2020-09-02,7,{'WEATHERHAZARD'},{'HAZARD_ON_SHOULDER_CAR_STOPPED'},53,{4},7.339622641509434
2e699281,2e6992814,2020-10-15,10,{'JAM'},{'JAM_STAND_STILL_TRAFFIC'},6,{4},5.0
2e699281,2e6992814,2020-11-06,17,{'JAM'},{'JAM_STAND_STILL_TRAFFIC'},20,{4},6.1
2e699281,2e6992814,2020-11-12,18,{'JAM'},{'JAM_STAND_STILL_TRAFFIC'},41,{4},6.439024390243903
2e699281,2e6992814,2020-11-21,8,{'JAM'},{'JAM_HEAVY_TRAFFIC'},26,{4},6.153846153846154
2e699281,2e699281c,2020-09-01,6,{'WEATHERHAZARD'},{'HAZARD_ON_SHOULDER_CAR_STOPPED'},31,{4},5.0
2e699281,2e699281c,2020-09-17,6,{'WEATHERHAZARD'},{'HAZARD_ON_SHOULDER_CAR_STOPPED'},30,{4},5.733333333333333
2e699281,2e699281c,2020-09-21,6,{'WEATHERHAZARD'},{'HAZARD_ON_SHOULDER_CAR_STOPPED'},31,{4},5.0
2e699281,2e699281c,2020-09-25,6,{'WEATHERHAZARD'},{'HAZARD_ON_SHOULDER_CAR_STOPPED'},31,{4},5.0
2e699281,2e699281c,2020-10-07,6,{'WEATHERHAZARD'},{'HAZARD_ON_SHOULDER_CAR_STOPPED'},32,{4},5.0
2e699281,2e699281c,2020-10-21,6,{'WEATHERHAZARD'},{'HAZARD_ON_SHOULDER_CAR_STOPPED'},30,{4},6.0
2e699281,2e699281c,2020-10-27,14,{'JAM'},{'JAM_STAND_STILL_TRAFFIC'},33,{4},5.0
2e699281,2e699281c,2020-10-28,20,{'WEATHERHAZARD'},{'HAZARD_ON_SHOULDER_CAR_STOPPED'},30,{4},5.766666666666667
2e699281,2e699281c,2020-11-03,19,{'JAM'},{'JAM_STAND_STILL_TRAFFIC'},30,{4},5.0
2e699281,2e699281c,2020-11-04,9,{'WEATHERHAZARD'},{'HAZARD_ON_ROAD_POT_HOLE'},173,{4},8.404624277456648
2e699281,2e699281c,2020-11-05,9,{'JAM'},{'JAM_HEAVY_TRAFFIC'},5,{4},5.0
2e699281,2e699281c,2020-11-05,18,{'JAM'},{'JAM_HEAVY_TRAFFIC'},35,{4},5.485714285714286
2e699281,2e699281c,2020-11-06,17,{'JAM'},{'JAM_STAND_STILL_TRAFFIC'},17,{4},8.0
2e699281,2e699281c,2020-11-12,6,{'WEATHERHAZARD'},{'HAZARD_ON_SHOULDER_CAR_STOPPED'},31,{4},5.0
2e699281,2e699281c,2020-11-12,17,{'JAM'},{'JAM_HEAVY_TRAFFIC'},33,{4},5.0
2e699281,2e699281c,2020-11-13,19,{'JAM'},{'JAM_HEAVY_TRAFFIC'},32,{4},5.0
2e699281,2e699281c,2020-11-18,6,{'WEATHERHAZARD'},{'HAZARD_ON_SHOULDER_CAR_STOPPED'},31,{4},5.0
2e699283,2e699283c,2020-09-16,9,{'WEATHERHAZARD'},{'HAZARD_ON_ROAD_CAR_STOPPED'},30,{4},6.0
2e699283,2e699283c,2020-11-21,9,"{'JAM', 'ACCIDENT'}","{'JAM_STAND_STILL_TRAFFIC', 'ACCIDENT'}",58,{4},7.137931034482759
2e699285,2e6992844,2020-10-20,20,"{'JAM', 'WEATHERHAZARD'}","{'JAM', 'WEATHERHAZARD'}",63,{1},5.0
2e699285,2e6992844,2020-11-02,20,{'JAM'},{'JAM'},31,{1},5.0
2e699287,2e6992864,2020-09-02,10,{'JAM'},{'JAM_HEAVY_TRAFFIC'},4,{2},5.0
2e699287,2e6992864,2020-09-05,13,{'JAM'},{'JAM_STAND_STILL_TRAFFIC'},31,{2},5.0
2e699287,2e6992864,2020-09-12,7,{'JAM'},{'JAM_MODERATE_TRAFFIC'},19,{2},5.0
2e699287,2e6992864,2020-09-13,20,{'JAM'},{'JAM_MODERATE_TRAFFIC'},31,{2},5.0
2e699287,2e6992864,2020-09-17,17,{'JAM'},"{'JAM_STAND_STILL_TRAFFIC', 'JAM_MODERATE_TRAFFIC'}",48,{2},5.3125
2e699287,2e6992864,2020-09-24,15,{'JAM'},{'JAM_HEAVY_TRAFFIC'},8,{2},5.0
2e699287,2e6992864,2020-09-25,20,{'JAM'},{'JAM_HEAVY_TRAFFIC'},33,{2},5.0
2e699287,2e6992864,2020-09-28,18,{'WEATHERHAZARD'},{'HAZARD_ON_ROAD_POT_HOLE'},311,{2},9.40192926045016
2e699287,2e6992864,2020-09-30,19,{'JAM'},{'JAM_MODERATE_TRAFFIC'},44,{2},5.386363636363637
2e699287,2e6992864,2020-10-02,17,{'JAM'},{'JAM_HEAVY_TRAFFIC'},30,{2},5.666666666666667
2e699287,2e6992864,2020-10-03,16,{'JAM'},{'JAM_STAND_STILL_TRAFFIC'},30,{2},5.0
2e699287,2e6992864,2020-10-05,17,{'JAM'},{'JAM_HEAVY_TRAFFIC'},31,{2},5.0
2e699287,2e6992864,2020-10-06,7,{'JAM'},{'JAM_HEAVY_TRAFFIC'},33,{2},5.0
2e699287,2e6992864,2020-10-07,17,{'JAM'},{'JAM_HEAVY_TRAFFIC'},31,{2},5.870967741935484
2e699287,2e6992864,2020-10-12,16,{'JAM'},{'JAM_STAND_STILL_TRAFFIC'},31,{2},5.0
2e699287,2e6992864,2020-10-13,7,{'JAM'},{'JAM_MODERATE_TRAFFIC'},23,{2},5.0
2e699287,2e6992864,2020-10-13,19,{'JAM'},{'JAM_MODERATE_TRAFFIC'},30,{2},5.0
2e699287,2e6992864,2020-10-14,8,{'JAM'},{'JAM_HEAVY_TRAFFIC'},30,{2},5.0
2e699287,2e6992864,2020-10-17,18,{'JAM'},{'JAM_HEAVY_TRAFFIC'},31,{2},5.0
2e699287,2e6992864,2020-10-19,6,{'JAM'},{'JAM_HEAVY_TRAFFIC'},30,{2},5.766666666666667
2e699287,2e6992864,2020-10-23,8,{'JAM'},{'JAM_STAND_STILL_TRAFFIC'},31,{2},5.0
2e699287,2e6992864,2020-10-25,12,{'JAM'},{'JAM_MODERATE_TRAFFIC'},31,{2},5.0
2e699287,2e6992864,2020-10-26,8,{'JAM'},{'JAM_HEAVY_TRAFFIC'},32,{2},5.0
2e699287,2e6992864,2020-10-26,19,{'JAM'},{'JAM_STAND_STILL_TRAFFIC'},34,{2},5.0
2e699287,2e6992864,2020-10-28,13,{'JAM'},{'JAM_STAND_STILL_TRAFFIC'},32,{2},5.0
2e699287,2e6992864,2020-10-28,14,{'JAM'},{'JAM_STAND_STILL_TRAFFIC'},31,{2},5.0
2e699287,2e6992864,2020-10-31,12,{'JAM'},{'JAM_STAND_STILL_TRAFFIC'},31,{2},5.0
2e699287,2e6992864,2020-11-01,17,{'JAM'},{'JAM_STAND_STILL_TRAFFIC'},32,{2},5.0
2e699287,2e6992864,2020-11-02,6,{'JAM'},{'JAM_HEAVY_TRAFFIC'},5,{2},5.0
2e699287,2e6992864,2020-11-02,7,{'JAM'},{'JAM_STAND_STILL_TRAFFIC'},31,{2},5.935483870967742
2e699287,2e6992864,2020-11-03,17,{'JAM'},{'JAM_STAND_STILL_TRAFFIC'},62,{2},5.0
2e699287,2e6992864,2020-11-07,19,{'JAM'},{'JAM_STAND_STILL_TRAFFIC'},5,{2},5.0
2e699287,2e6992864,2020-11-08,9,{'JAM'},{'JAM_HEAVY_TRAFFIC'},34,{2},5.0
2e699287,2e6992864,2020-11-09,17,{'JAM'},{'JAM_STAND_STILL_TRAFFIC'},46,{2},5.891304347826087
2e699287,2e6992864,2020-11-09,18,{'JAM'},{'JAM_HEAVY_TRAFFIC'},32,{2},5.0
2e699287,2e6992864,2020-11-10,10,{'JAM'},{'JAM_HEAVY_TRAFFIC'},31,{2},7.0
2e699287,2e6992864,2020-11-13,11,{'JAM'},{'JAM_STAND_STILL_TRAFFIC'},1,{2},5.0
2e699287,2e6992864,2020-11-16,14,{'JAM'},{'JAM_STAND_STILL_TRAFFIC'},31,{2},5.0
2e699287,2e6992864,2020-11-16,18,{'JAM'},{'JAM_HEAVY_TRAFFIC'},30,{2},5.0
2e699287,2e6992864,2020-11-16,22,{'JAM'},{'JAM_STAND_STILL_TRAFFIC'},31,{2},5.0
2e699287,2e699286c,2020-10-13,11,{'JAM'},{'JAM'},30,{1},5.0
2e699287,2e6992874,2020-09-02,9,{'JAM'},{'JAM_HEAVY_TRAFFIC'},40,{2},6.05
2e699287,2e6992874,2020-09-04,18,{'JAM'},{'JAM_STAND_STILL_TRAFFIC'},31,{2},5.0
2e699287,2e6992874,2020-09-07,19,{'JAM'},{'JAM'},31,{2},5.0
2e699287,2e6992874,2020-09-09,12,{'JAM'},{'JAM_MODERATE_TRAFFIC'},31,{2},5.0
2e699287,2e6992874,2020-09-09,13,{'JAM'},{'JAM_HEAVY_TRAFFIC'},32,{2},5.0
2e699287,2e6992874,2020-09-11,15,{'JAM'},{'JAM_HEAVY_TRAFFIC'},33,{2},5.484848484848484
2e699287,2e6992874,2020-09-14,15,{'JAM'},{'JAM_HEAVY_TRAFFIC'},31,{2},5.0
2e699287,2e6992874,2020-09-15,18,{'JAM'},{'JAM_HEAVY_TRAFFIC'},33,{2},5.0
2e699287,2e6992874,2020-09-16,12,{'WEATHERHAZARD'},{'HAZARD_ON_ROAD_POT_HOLE'},177,{2},6.84180790960452
2e699287,2e6992874,2020-09-24,15,{'JAM'},"{'JAM_MODERATE_TRAFFIC', 'JAM_HEAVY_TRAFFIC'}",65,{2},5.0
2e699287,2e6992874,2020-09-25,9,{'JAM'},{'JAM'},11,{2},5.0
2e699287,2e6992874,2020-09-28,18,{'JAM'},"{'JAM_MODERATE_TRAFFIC', 'JAM_HEAVY_TRAFFIC'}",59,"{1, 2}",5.0
2e699287,2e6992874,2020-09-29,19,{'JAM'},{'JAM_HEAVY_TRAFFIC'},31,{2},5.0
2e699287,2e6992874,2020-10-02,12,{'JAM'},{'JAM_STAND_STILL_TRAFFIC'},33,{2},5.0
2e699287,2e6992874,2020-10-03,19,{'JAM'},{'JAM_MODERATE_TRAFFIC'},30,{2},5.0
2e699287,2e6992874,2020-10-06,14,{'JAM'},{'JAM_STAND_STILL_TRAFFIC'},31,{2},5.0
2e699287,2e6992874,2020-10-06,17,{'JAM'},{'JAM_HEAVY_TRAFFIC'},30,{1},5.0
2e699287,2e6992874,2020-10-08,12,{'JAM'},{'JAM_STAND_STILL_TRAFFIC'},63,{2},5.0
2e699287,2e6992874,2020-10-10,10,{'JAM'},{'JAM_HEAVY_TRAFFIC'},40,{2},6.15
2e699287,2e6992874,2020-10-13,10,{'JAM'},{'JAM_STAND_STILL_TRAFFIC'},30,{2},5.0
2e699287,2e6992874,2020-10-14,17,{'JAM'},{'JAM_STAND_STILL_TRAFFIC'},31,{2},5.0
2e699287,2e6992874,2020-10-15,7,{'JAM'},{'JAM_MODERATE_TRAFFIC'},31,{2},5.0
2e699287,2e6992874,2020-10-15,15,{'JAM'},{'JAM_HEAVY_TRAFFIC'},31,{2},5.0
2e699287,2e6992874,2020-10-16,18,{'JAM'},{'JAM_STAND_STILL_TRAFFIC'},31,{2},5.0
2e699287,2e6992874,2020-10-18,11,"{'JAM', 'ACCIDENT'}","{'JAM_STAND_STILL_TRAFFIC', 'ACCIDENT'}",22,{2},5.5
2e699287,2e6992874,2020-10-19,20,{'JAM'},{'JAM_HEAVY_TRAFFIC'},32,{2},5.0
2e699287,2e6992874,2020-10-21,16,{'JAM'},{'JAM_HEAVY_TRAFFIC'},31,{2},5.967741935483871
2e699287,2e6992874,2020-10-23,13,{'JAM'},{'JAM_HEAVY_TRAFFIC'},30,{2},5.0
2e699287,2e6992874,2020-10-23,20,{'WEATHERHAZARD'},{'HAZARD_ON_ROAD_ROAD_KILL'},33,{2},6.242424242424242
2e699287,2e6992874,2020-10-26,18,{'JAM'},{'JAM_HEAVY_TRAFFIC'},31,{2},5.0
2e699287,2e6992874,2020-10-26,20,{'JAM'},{'JAM_STAND_STILL_TRAFFIC'},35,{2},5.0
2e699287,2e6992874,2020-10-27,19,{'JAM'},{'JAM_STAND_STILL_TRAFFIC'},31,{2},5.0
2e699287,2e6992874,2020-10-27,20,{'JAM'},{'JAM_HEAVY_TRAFFIC'},35,{2},5.942857142857143
2e699287,2e6992874,2020-10-29,17,{'WEATHERHAZARD'},{'HAZARD_ON_ROAD_POT_HOLE'},152,{2},6.0855263157894735
2e699287,2e6992874,2020-10-29,20,{'JAM'},{'JAM_HEAVY_TRAFFIC'},31,{2},5.0
2e699287,2e6992874,2020-10-31,12,{'JAM'},{'JAM_STAND_STILL_TRAFFIC'},30,{2},5.0
2e699287,2e6992874,2020-10-31,21,{'JAM'},{'JAM'},31,{2},5.0
2e699287,2e6992874,2020-11-01,17,{'JAM'},{'JAM_STAND_STILL_TRAFFIC'},61,{2},5.0
2e699287,2e6992874,2020-11-02,7,{'JAM'},{'JAM_STAND_STILL_TRAFFIC'},30,{2},5.0
2e699287,2e6992874,2020-11-02,14,{'JAM'},{'JAM_STAND_STILL_TRAFFIC'},31,{2},5.0
2e699287,2e6992874,2020-11-03,15,{'JAM'},{'JAM_STAND_STILL_TRAFFIC'},33,{2},5.0
2e699287,2e6992874,2020-11-04,7,{'JAM'},{'JAM_MODERATE_TRAFFIC'},30,{2},5.0
2e699287,2e6992874,2020-11-05,7,{'JAM'},{'JAM_HEAVY_TRAFFIC'},35,{2},5.0
2e699287,2e6992874,2020-11-05,9,{'JAM'},{'JAM_HEAVY_TRAFFIC'},30,{2},5.0
2e699287,2e6992874,2020-11-05,11,{'JAM'},{'JAM_STAND_STILL_TRAFFIC'},30,{2},5.0
2e699287,2e6992874,2020-11-05,14,{'JAM'},{'JAM_STAND_STILL_TRAFFIC'},31,{2},5.0
2e699287,2e6992874,2020-11-05,18,{'JAM'},{'JAM'},30,{2},5.0
2e699287,2e6992874,2020-11-05,19,{'JAM'},{'JAM_HEAVY_TRAFFIC'},57,{2},5.0
2e699287,2e6992874,2020-11-07,11,{'JAM'},{'JAM_MODERATE_TRAFFIC'},62,{2},5.0
2e699287,2e6992874,2020-11-09,14,{'JAM'},{'JAM_STAND_STILL_TRAFFIC'},34,{2},5.0
2e699287,2e6992874,2020-11-09,18,{'JAM'},{'JAM_STAND_STILL_TRAFFIC'},30,{2},5.0
2e699287,2e6992874,2020-11-09,19,{'JAM'},{'JAM_STAND_STILL_TRAFFIC'},30,{2},5.0
2e699287,2e6992874,2020-11-09,20,{'JAM'},{'JAM_HEAVY_TRAFFIC'},30,{2},5.0
2e699287,2e6992874,2020-11-10,10,{'JAM'},{'JAM_HEAVY_TRAFFIC'},31,{2},5.0
2e699287,2e6992874,2020-11-11,17,{'JAM'},{'JAM_STAND_STILL_TRAFFIC'},31,{2},5.0
2e699287,2e6992874,2020-11-11,19,{'JAM'},{'JAM_STAND_STILL_TRAFFIC'},31,{2},5.548387096774194
2e699287,2e6992874,2020-11-12,15,{'JAM'},{'JAM_MODERATE_TRAFFIC'},62,{2},5.709677419354839
2e699287,2e6992874,2020-11-15,13,{'JAM'},{'JAM_STAND_STILL_TRAFFIC'},29,{2},5.758620689655173
2e699287,2e6992874,2020-11-16,14,{'JAM'},{'JAM_STAND_STILL_TRAFFIC'},69,{2},5.0
2e699287,2e6992874,2020-11-16,22,{'JAM'},{'JAM_STAND_STILL_TRAFFIC'},51,{2},5.627450980392157
2e699287,2e6992874,2020-11-18,20,{'JAM'},{'JAM_HEAVY_TRAFFIC'},32,{2},5.96875
2e699287,2e6992874,2020-11-18,21,{'JAM'},{'JAM_MODERATE_TRAFFIC'},63,{2},5.0
2e699287,2e6992874,2020-11-19,17,{'JAM'},{'JAM_HEAVY_TRAFFIC'},30,{2},5.0
2e699287,2e6992874,2020-11-20,17,{'JAM'},{'JAM_STAND_STILL_TRAFFIC'},33,{2},5.0
2e699287,2e6992874,2020-11-20,22,{'JAM'},{'JAM_HEAVY_TRAFFIC'},34,{2},6.0
2e699287,2e6992874,2020-11-22,14,{'JAM'},{'JAM_STAND_STILL_TRAFFIC'},30,{2},5.0
2e699287,2e699287c,2020-09-04,18,{'JAM'},{'JAM_HEAVY_TRAFFIC'},29,{2},5.827586206896552
2e699287,2e699287c,2020-09-17,17,{'JAM'},{'JAM_HEAVY_TRAFFIC'},31,{2},5.0
2e699287,2e699287c,2020-09-22,16,{'JAM'},{'JAM_STAND_STILL_TRAFFIC'},32,{2},5.0
2e699287,2e699287c,2020-09-28,18,{'JAM'},{'JAM_MODERATE_TRAFFIC'},31,{2},5.967741935483871
2e699287,2e699287c,2020-09-28,19,{'JAM'},{'JAM_MODERATE_TRAFFIC'},32,{2},5.6875
2e699287,2e699287c,2020-10-07,7,{'JAM'},{'JAM_MODERATE_TRAFFIC'},31,{2},5.0
2e699287,2e699287c,2020-10-10,10,{'JAM'},{'JAM_HEAVY_TRAFFIC'},40,{2},5.375
2e699287,2e699287c,2020-10-14,17,{'JAM'},{'JAM_STAND_STILL_TRAFFIC'},31,{2},5.0
2e699287,2e699287c,2020-10-19,6,{'JAM'},{'JAM_STAND_STILL_TRAFFIC'},30,{2},5.0
2e699287,2e699287c,2020-10-22,10,{'JAM'},{'JAM_STAND_STILL_TRAFFIC'},29,{2},5.655172413793103
2e699287,2e699287c,2020-10-23,7,{'JAM'},"{'JAM_MODERATE_TRAFFIC', 'JAM_HEAVY_TRAFFIC'}",66,{2},6.484848484848484
2e699287,2e699287c,2020-10-24,11,{'JAM'},{'JAM_MODERATE_TRAFFIC'},31,{2},5.0
2e699287,2e699287c,2020-10-24,14,{'JAM'},{'JAM_HEAVY_TRAFFIC'},33,{2},5.0
2e699287,2e699287c,2020-10-28,16,{'JAM'},{'JAM_STAND_STILL_TRAFFIC'},31,{2},5.0
2e699287,2e699287c,2020-10-29,16,{'WEATHERHAZARD'},{'HAZARD_ON_ROAD_POT_HOLE'},109,{2},8.53211009174312
2e699287,2e699287c,2020-10-31,12,{'JAM'},{'JAM_STAND_STILL_TRAFFIC'},30,{2},5.0
2e699287,2e699287c,2020-10-31,14,{'JAM'},{'JAM_STAND_STILL_TRAFFIC'},30,{2},5.0
2e699287,2e699287c,2020-10-31,20,{'JAM'},{'JAM_HEAVY_TRAFFIC'},30,{2},5.0
2e699287,2e699287c,2020-11-02,6,{'JAM'},{'JAM_HEAVY_TRAFFIC'},5,{2},5.0
2e699287,2e699287c,2020-11-03,12,{'JAM'},{'JAM_STAND_STILL_TRAFFIC'},31,{2},5.0
2e699287,2e699287c,2020-11-06,18,{'JAM'},{'JAM_HEAVY_TRAFFIC'},32,{2},5.0
2e699287,2e699287c,2020-11-07,18,{'JAM'},{'JAM_HEAVY_TRAFFIC'},31,{2},5.0
2e699287,2e699287c,2020-11-09,10,{'JAM'},{'JAM_STAND_STILL_TRAFFIC'},30,{2},5.0
2e699287,2e699287c,2020-11-09,19,{'JAM'},{'JAM_STAND_STILL_TRAFFIC'},30,{2},5.0
2e699287,2e699287c,2020-11-11,7,{'JAM'},{'JAM_HEAVY_TRAFFIC'},28,{2},5.0
2e699287,2e699287c,2020-11-13,11,{'JAM'},{'JAM_STAND_STILL_TRAFFIC'},30,{2},5.0
2e699287,2e699287c,2020-11-14,22,"{'JAM', 'WEATHERHAZARD'}","{'JAM_STAND_STILL_TRAFFIC', 'HAZARD_ON_ROAD_ROAD_KILL'}",55,"{2, 20}",6.218181818181818
2e699287,2e699287c,2020-11-16,14,{'JAM'},{'JAM_STAND_STILL_TRAFFIC'},31,{2},5.0
2e699287,2e699287c,2020-11-16,22,{'JAM'},{'JAM_HEAVY_TRAFFIC'},31,{2},5.709677419354839
2e699287,2e699287c,2020-11-17,22,{'JAM'},{'JAM_STAND_STILL_TRAFFIC'},31,{2},5.0
2e699287,2e699287c,2020-11-18,15,{'JAM'},{'JAM_HEAVY_TRAFFIC'},32,{2},5.0
2e699287,2e699287c,2020-11-21,21,{'JAM'},{'JAM_HEAVY_TRAFFIC'},31,{2},5.0
2e699289,2e6992884,2020-10-26,12,"{'JAM', 'ACCIDENT'}","{'JAM_MODERATE_TRAFFIC', 'ACCIDENT_MINOR'}",154,{22},5.0
2e699289,2e6992884,2020-11-07,16,{'JAM'},{'JAM'},13,{1},5.0
2e699289,2e699288c,2020-09-01,10,{'JAM'},{'JAM_HEAVY_TRAFFIC'},23,{2},5.0
2e699289,2e699288c,2020-09-02,9,{'JAM'},{'JAM_HEAVY_TRAFFIC'},71,{2},5.211267605633803
2e699289,2e699288c,2020-09-04,8,{'JAM'},{'JAM_STAND_STILL_TRAFFIC'},30,{2},5.0
2e699289,2e699288c,2020-09-12,10,{'JAM'},{'JAM_HEAVY_TRAFFIC'},32,{2},5.0
2e699289,2e699288c,2020-09-12,14,{'JAM'},{'JAM_STAND_STILL_TRAFFIC'},31,{2},5.0
2e699289,2e699288c,2020-09-21,9,{'JAM'},{'JAM_HEAVY_TRAFFIC'},30,{2},5.0
2e699289,2e699288c,2020-09-21,14,{'JAM'},{'JAM_HEAVY_TRAFFIC'},30,{2},5.0
2e699289,2e699288c,2020-09-23,8,{'JAM'},{'JAM_STAND_STILL_TRAFFIC'},5,{2},5.0
2e699289,2e699288c,2020-09-24,15,{'JAM'},{'JAM_MODERATE_TRAFFIC'},32,{2},5.0
2e699289,2e699288c,2020-09-28,13,{'JAM'},{'JAM_HEAVY_TRAFFIC'},33,{2},5.0
2e699289,2e699288c,2020-10-03,10,{'JAM'},{'JAM_STAND_STILL_TRAFFIC'},30,{2},5.0
2e699289,2e699288c,2020-10-06,7,{'JAM'},{'JAM_HEAVY_TRAFFIC'},30,{2},5.0
2e699289,2e699288c,2020-10-10,14,{'JAM'},{'JAM_HEAVY_TRAFFIC'},34,{2},5.0
2e699289,2e699288c,2020-10-10,18,{'JAM'},{'JAM_MODERATE_TRAFFIC'},33,{2},5.0
2e699289,2e699288c,2020-10-12,9,{'JAM'},"{'JAM', 'JAM_STAND_STILL_TRAFFIC'}",60,{2},5.483333333333333
2e699289,2e699288c,2020-10-12,20,"{'JAM', 'WEATHERHAZARD'}","{'HAZARD_ON_ROAD_CAR_STOPPED', 'JAM_HEAVY_TRAFFIC'}",65,{2},5.769230769230769
2e699289,2e699288c,2020-10-14,8,{'JAM'},{'JAM_MODERATE_TRAFFIC'},30,{1},5.0
2e699289,2e699288c,2020-10-16,20,{'WEATHERHAZARD'},{'HAZARD_ON_ROAD_POT_HOLE'},50,{2},6.18
2e699289,2e699288c,2020-10-19,6,{'JAM'},{'JAM_HEAVY_TRAFFIC'},31,{2},5.0
2e699289,2e699288c,2020-10-19,7,{'JAM'},"{'JAM_MODERATE_TRAFFIC', 'JAM_HEAVY_TRAFFIC'}",68,{2},5.0
2e699289,2e699288c,2020-10-19,20,{'JAM'},{'JAM_HEAVY_TRAFFIC'},8,{2},5.0
2e699289,2e699288c,2020-10-20,7,{'JAM'},{'JAM_HEAVY_TRAFFIC'},32,{2},5.0
2e699289,2e699288c,2020-10-20,18,{'WEATHERHAZARD'},{'HAZARD_ON_ROAD_POT_HOLE'},675,{2},9.337777777777777
2e699289,2e699288c,2020-10-22,8,{'JAM'},{'JAM_MODERATE_TRAFFIC'},30,{2},5.0
2e699289,2e699288c,2020-10-23,7,{'JAM'},"{'JAM_MODERATE_TRAFFIC', 'JAM_HEAVY_TRAFFIC'}",93,{2},5.0
2e699289,2e699288c,2020-10-23,8,{'JAM'},{'JAM_STAND_STILL_TRAFFIC'},31,{2},5.0
2e699289,2e699288c,2020-10-23,18,{'WEATHERHAZARD'},{'HAZARD_ON_ROAD_POT_HOLE'},93,{2},5.795698924731183
2e699289,2e699288c,2020-10-25,14,{'JAM'},{'JAM_STAND_STILL_TRAFFIC'},32,{2},6.0
2e699289,2e699288c,2020-10-25,16,{'JAM'},{'JAM_HEAVY_TRAFFIC'},61,{2},5.0
2e699289,2e699288c,2020-10-26,18,{'JAM'},{'JAM_HEAVY_TRAFFIC'},34,{2},5.0
2e699289,2e699288c,2020-10-27,7,{'JAM'},{'JAM_HEAVY_TRAFFIC'},32,{2},5.0
2e699289,2e699288c,2020-10-27,10,{'JAM'},{'JAM_HEAVY_TRAFFIC'},46,{2},5.326086956521739
2e699289,2e699288c,2020-10-28,12,{'JAM'},{'JAM_STAND_STILL_TRAFFIC'},31,{2},5.0
2e699289,2e699288c,2020-10-28,14,{'JAM'},{'JAM_STAND_STILL_TRAFFIC'},33,{2},5.696969696969697
2e699289,2e699288c,2020-10-31,11,{'JAM'},{'JAM_HEAVY_TRAFFIC'},33,{2},5.636363636363637
2e699289,2e699288c,2020-10-31,12,{'JAM'},{'JAM_STAND_STILL_TRAFFIC'},67,{2},5.253731343283582
2e699289,2e699288c,2020-10-31,13,{'JAM'},{'JAM_STAND_STILL_TRAFFIC'},31,{2},5.0
2e699289,2e699288c,2020-10-31,14,{'JAM'},{'JAM_STAND_STILL_TRAFFIC'},30,{2},5.0
2e699289,2e699288c,2020-11-01,17,{'JAM'},{'JAM_STAND_STILL_TRAFFIC'},31,{2},5.0
2e699289,2e699288c,2020-11-02,7,{'JAM'},{'JAM_STAND_STILL_TRAFFIC'},31,{2},5.0
2e699289,2e699288c,2020-11-03,15,{'JAM'},{'JAM_STAND_STILL_TRAFFIC'},30,{2},5.0
2e699289,2e699288c,2020-11-04,7,{'JAM'},{'JAM_MODERATE_TRAFFIC'},61,{2},5.0
2e699289,2e699288c,2020-11-04,8,{'JAM'},{'JAM_HEAVY_TRAFFIC'},32,{2},5.0
2e699289,2e699288c,2020-11-04,9,{'JAM'},{'JAM_STAND_STILL_TRAFFIC'},30,{2},5.0
2e699289,2e699288c,2020-11-07,11,{'JAM'},{'JAM_MODERATE_TRAFFIC'},19,{2},5.0
2e699289,2e699288c,2020-11-11,7,{'WEATHERHAZARD'},{'HAZARD_ON_ROAD_CONSTRUCTION'},162,{2},8.209876543209877
2e699289,2e699288c,2020-11-12,16,{'JAM'},{'JAM_HEAVY_TRAFFIC'},31,{2},5.870967741935484
2e699289,2e699288c,2020-11-13,11,{'JAM'},{'JAM_STAND_STILL_TRAFFIC'},29,{2},6.0
2e699289,2e699288c,2020-11-14,16,{'JAM'},"{'JAM_STAND_STILL_TRAFFIC', 'JAM_HEAVY_TRAFFIC'}",67,{2},5.223880597014926
2e699289,2e699288c,2020-11-14,18,{'JAM'},{'JAM_STAND_STILL_TRAFFIC'},5,{2},5.0
2e699289,2e699288c,2020-11-14,22,{'JAM'},{'JAM_STAND_STILL_TRAFFIC'},14,{2},5.0
2e699289,2e699288c,2020-11-16,14,{'JAM'},{'JAM_STAND_STILL_TRAFFIC'},32,{2},5.0
2e699289,2e699288c,2020-11-17,11,{'JAM'},{'JAM_STAND_STILL_TRAFFIC'},36,{2},5.0
2e699289,2e699288c,2020-11-19,10,{'JAM'},{'JAM_STAND_STILL_TRAFFIC'},30,{2},5.766666666666667
2e699289,2e6992894,2020-09-02,10,{'JAM'},{'JAM_STAND_STILL_TRAFFIC'},29,{2},5.0
2e699289,2e6992894,2020-09-03,6,{'WEATHERHAZARD'},{'HAZARD_ON_ROAD_CAR_STOPPED'},31,{2},5.67741935483871
2e699289,2e6992894,2020-09-05,12,{'JAM'},{'JAM_STAND_STILL_TRAFFIC'},31,{2},5.903225806451613
2e699289,2e6992894,2020-09-09,10,{'JAM'},"{'JAM_STAND_STILL_TRAFFIC', 'JAM_HEAVY_TRAFFIC'}",61,{2},5.0
2e699289,2e6992894,2020-09-12,10,{'JAM'},{'JAM_MODERATE_TRAFFIC'},31,{2},5.0
2e699289,2e6992894,2020-09-12,13,{'JAM'},{'JAM_STAND_STILL_TRAFFIC'},32,{2},5.0
2e699289,2e6992894,2020-09-12,14,{'JAM'},{'JAM_STAND_STILL_TRAFFIC'},27,{2},6.0
2e699289,2e6992894,2020-09-15,14,{'JAM'},{'JAM_MODERATE_TRAFFIC'},27,{2},5.0
2e699289,2e6992894,2020-09-17,9,{'JAM'},{'JAM_HEAVY_TRAFFIC'},32,{2},5.0
2e699289,2e6992894,2020-09-21,9,{'JAM'},{'JAM_MODERATE_TRAFFIC'},31,{2},5.0
2e699289,2e6992894,2020-09-24,15,{'JAM'},{'JAM_MODERATE_TRAFFIC'},8,{2},5.0
2e699289,2e6992894,2020-09-25,17,{'JAM'},{'JAM_STAND_STILL_TRAFFIC'},33,{2},5.9393939393939394
2e699289,2e6992894,2020-09-26,9,{'JAM'},{'JAM_STAND_STILL_TRAFFIC'},32,{2},5.0
2e699289,2e6992894,2020-09-26,15,{'JAM'},{'JAM_HEAVY_TRAFFIC'},30,{2},5.0
2e699289,2e6992894,2020-09-28,10,{'JAM'},{'JAM_HEAVY_TRAFFIC'},32,{2},5.0
2e699289,2e6992894,2020-10-02,8,{'JAM'},{'JAM_HEAVY_TRAFFIC'},30,{2},5.0
2e699289,2e6992894,2020-10-02,13,{'JAM'},{'JAM_STAND_STILL_TRAFFIC'},32,{2},8.6875
2e699289,2e6992894,2020-10-04,21,{'WEATHERHAZARD'},{'HAZARD_WEATHER_FLOOD'},30,{2},5.0
2e699289,2e6992894,2020-10-05,7,{'JAM'},{'JAM_HEAVY_TRAFFIC'},30,{2},5.0
2e699289,2e6992894,2020-10-07,7,{'JAM'},{'JAM_HEAVY_TRAFFIC'},62,{2},5.354838709677419
2e699289,2e6992894,2020-10-07,9,{'JAM'},"{'JAM', 'JAM_MODERATE_TRAFFIC'}",61,{2},5.491803278688525
2e699289,2e6992894,2020-10-10,14,{'JAM'},{'JAM_STAND_STILL_TRAFFIC'},110,{2},5.318181818181818
2e699289,2e6992894,2020-10-12,9,{'JAM'},{'JAM_STAND_STILL_TRAFFIC'},32,{2},6.0
2e699289,2e6992894,2020-10-12,19,{'JAM'},{'JAM_STAND_STILL_TRAFFIC'},70,{2},5.928571428571429
2e699289,2e6992894,2020-10-13,10,{'JAM'},{'JAM_STAND_STILL_TRAFFIC'},32,{2},5.0
2e699289,2e6992894,2020-10-14,10,{'JAM'},{'JAM_HEAVY_TRAFFIC'},31,{2},5.0
2e699289,2e6992894,2020-10-17,12,{'JAM'},{'JAM_HEAVY_TRAFFIC'},43,{2},7.255813953488372
2e699289,2e6992894,2020-10-17,13,{'WEATHERHAZARD'},{'HAZARD_WEATHER_HAIL'},30,{2},5.233333333333333
2e699289,2e6992894,2020-10-18,13,{'JAM'},{'JAM_STAND_STILL_TRAFFIC'},31,{2},5.0
2e699289,2e6992894,2020-10-19,6,{'JAM'},{'JAM_STAND_STILL_TRAFFIC'},94,{2},5.914893617021277
2e699289,2e6992894,2020-10-19,8,{'JAM'},{'JAM_MODERATE_TRAFFIC'},30,{2},6.633333333333334
2e699289,2e6992894,2020-10-20,7,{'JAM'},{'JAM_HEAVY_TRAFFIC'},61,{2},5.0
2e699289,2e6992894,2020-10-21,7,{'JAM'},{'JAM_HEAVY_TRAFFIC'},32,{2},5.0
2e699289,2e6992894,2020-10-22,7,{'JAM'},{'JAM_HEAVY_TRAFFIC'},39,{2},5.410256410256411
2e699289,2e6992894,2020-10-22,8,{'JAM'},"{'JAM_MODERATE_TRAFFIC', 'JAM_HEAVY_TRAFFIC'}",91,{2},5.285714285714286
2e699289,2e6992894,2020-10-22,10,{'JAM'},{'JAM_HEAVY_TRAFFIC'},29,{2},5.551724137931035
2e699289,2e6992894,2020-10-23,7,{'JAM'},{'JAM_HEAVY_TRAFFIC'},62,{2},5.435483870967742
2e699289,2e6992894,2020-10-23,10,{'JAM'},{'JAM_HEAVY_TRAFFIC'},47,{2},5.0
2e699289,2e6992894,2020-10-25,14,{'JAM'},{'JAM_HEAVY_TRAFFIC'},14,{2},5.0
2e699289,2e6992894,2020-10-25,17,{'JAM'},{'JAM_STAND_STILL_TRAFFIC'},31,{2},5.0
2e699289,2e6992894,2020-10-26,6,{'JAM'},{'JAM_HEAVY_TRAFFIC'},31,{2},5.0
2e699289,2e6992894,2020-10-26,7,{'JAM'},{'JAM'},30,{2},5.0
2e699289,2e6992894,2020-10-26,10,{'JAM'},{'JAM_STAND_STILL_TRAFFIC'},30,{2},5.0
2e699289,2e6992894,2020-10-26,11,{'JAM'},{'JAM_STAND_STILL_TRAFFIC'},32,{2},5.0
2e699289,2e6992894,2020-10-26,17,{'JAM'},{'JAM_HEAVY_TRAFFIC'},31,{2},5.0
2e699289,2e6992894,2020-10-26,18,{'JAM'},{'JAM_STAND_STILL_TRAFFIC'},82,{2},5.487804878048781
2e699289,2e6992894,2020-10-27,10,{'JAM'},{'JAM_STAND_STILL_TRAFFIC'},38,{2},5.421052631578948
2e699289,2e6992894,2020-10-27,11,{'JAM'},{'JAM_HEAVY_TRAFFIC'},30,{2},5.766666666666667
2e699289,2e6992894,2020-10-28,11,{'JAM'},{'JAM_STAND_STILL_TRAFFIC'},30,{2},5.0
2e699289,2e6992894,2020-10-28,12,{'JAM'},{'JAM_STAND_STILL_TRAFFIC'},31,{2},5.0
2e699289,2e6992894,2020-10-28,13,{'JAM'},{'JAM_STAND_STILL_TRAFFIC'},31,{2},5.516129032258065
2e699289,2e6992894,2020-10-28,14,{'JAM'},"{'JAM', 'JAM_STAND_STILL_TRAFFIC'}",62,{2},5.516129032258065
2e699289,2e6992894,2020-10-28,16,{'JAM'},{'JAM_STAND_STILL_TRAFFIC'},31,{2},5.0
2e699289,2e6992894,2020-10-29,16,{'JAM'},{'JAM_STAND_STILL_TRAFFIC'},59,{2},5.0
2e699289,2e6992894,2020-10-31,9,{'JAM'},{'JAM_STAND_STILL_TRAFFIC'},34,{2},5.0
2e699289,2e6992894,2020-10-31,10,{'JAM'},{'JAM_STAND_STILL_TRAFFIC'},32,{2},5.0
2e699289,2e6992894,2020-10-31,11,{'JAM'},{'JAM_STAND_STILL_TRAFFIC'},61,{2},5.0
2e699289,2e6992894,2020-10-31,12,{'JAM'},{'JAM_STAND_STILL_TRAFFIC'},94,{2},5.627659574468085
2e699289,2e6992894,2020-10-31,13,{'JAM'},{'JAM_STAND_STILL_TRAFFIC'},32,{2},5.0
2e699289,2e6992894,2020-10-31,14,{'JAM'},{'JAM_STAND_STILL_TRAFFIC'},33,{2},5.0
2e699289,2e6992894,2020-10-31,17,{'JAM'},{'JAM_STAND_STILL_TRAFFIC'},31,{2},5.967741935483871
2e699289,2e6992894,2020-10-31,18,{'JAM'},{'JAM_STAND_STILL_TRAFFIC'},30,{2},5.0
2e699289,2e6992894,2020-11-01,13,{'JAM'},{'JAM_STAND_STILL_TRAFFIC'},30,{2},9.433333333333334
2e699289,2e6992894,2020-11-02,6,{'JAM'},{'JAM_HEAVY_TRAFFIC'},30,{2},7.0
2e699289,2e6992894,2020-11-02,7,{'JAM'},{'JAM_STAND_STILL_TRAFFIC'},61,{2},5.508196721311475
2e699289,2e6992894,2020-11-04,7,{'JAM'},{'JAM_HEAVY_TRAFFIC'},32,{2},5.0
2e699289,2e6992894,2020-11-04,8,{'JAM'},{'JAM_HEAVY_TRAFFIC'},31,{2},5.0
2e699289,2e6992894,2020-11-05,9,{'JAM'},{'JAM_STAND_STILL_TRAFFIC'},31,{2},6.354838709677419
2e699289,2e6992894,2020-11-05,10,{'JAM'},"{'JAM_STAND_STILL_TRAFFIC', 'JAM_HEAVY_TRAFFIC'}",61,{2},5.0
2e699289,2e6992894,2020-11-06,9,{'JAM'},{'JAM_STAND_STILL_TRAFFIC'},62,{2},5.0
2e699289,2e6992894,2020-11-06,11,{'JAM'},{'JAM_STAND_STILL_TRAFFIC'},64,{2},5.0
2e699289,2e6992894,2020-11-06,13,{'JAM'},{'JAM_STAND_STILL_TRAFFIC'},30,{2},5.0
2e699289,2e6992894,2020-11-07,9,{'JAM'},{'JAM_STAND_STILL_TRAFFIC'},30,{2},5.0
2e699289,2e6992894,2020-11-07,12,{'JAM'},{'JAM_STAND_STILL_TRAFFIC'},31,{2},5.806451612903226
2e699289,2e6992894,2020-11-09,6,{'JAM'},"{'JAM_MODERATE_TRAFFIC', 'JAM_HEAVY_TRAFFIC'}",92,{2},5.543478260869565
2e699289,2e6992894,2020-11-09,7,{'JAM'},{'JAM_HEAVY_TRAFFIC'},30,{2},5.833333333333333
2e699289,2e6992894,2020-11-09,17,{'JAM'},{'JAM_STAND_STILL_TRAFFIC'},31,{2},5.0
2e699289,2e6992894,2020-11-12,10,{'JAM'},{'JAM_STAND_STILL_TRAFFIC'},31,{2},5.0
2e699289,2e6992894,2020-11-13,13,{'JAM'},{'JAM_HEAVY_TRAFFIC'},34,{2},5.823529411764706
2e699289,2e6992894,2020-11-14,10,{'JAM'},{'JAM_STAND_STILL_TRAFFIC'},36,{2},5.472222222222222
2e699289,2e6992894,2020-11-14,16,{'JAM'},"{'JAM_STAND_STILL_TRAFFIC', 'JAM_HEAVY_TRAFFIC'}",63,{2},5.0
2e699289,2e6992894,2020-11-16,6,{'JAM'},{'JAM_STAND_STILL_TRAFFIC'},32,{2},5.0
2e699289,2e6992894,2020-11-16,7,{'JAM'},{'JAM_MODERATE_TRAFFIC'},30,{2},6.0
2e699289,2e6992894,2020-11-16,8,{'JAM'},{'JAM_HEAVY_TRAFFIC'},33,{2},5.0
2e699289,2e6992894,2020-11-16,9,{'JAM'},{'JAM_HEAVY_TRAFFIC'},30,{2},5.0
2e699289,2e6992894,2020-11-16,14,{'JAM'},{'JAM_STAND_STILL_TRAFFIC'},31,{2},5.0
2e699289,2e6992894,2020-11-17,6,{'JAM'},{'JAM_HEAVY_TRAFFIC'},30,{2},5.0
2e699289,2e6992894,2020-11-18,9,{'JAM'},{'JAM_STAND_STILL_TRAFFIC'},40,{2},5.4
2e699289,2e6992894,2020-11-20,17,{'JAM'},{'JAM_STAND_STILL_TRAFFIC'},32,{2},5.0
2e699289,2e6992894,2020-11-21,15,{'JAM'},{'JAM_STAND_STILL_TRAFFIC'},30,{2},5.0
2e69928b,2e69928ac,2020-09-15,14,{'JAM'},{'JAM_MODERATE_TRAFFIC'},9,{2},5.0
2e69928b,2e69928ac,2020-10-04,16,{'JAM'},{'JAM_STAND_STILL_TRAFFIC'},48,{2},5.0
2e69928b,2e69928ac,2020-10-19,7,{'JAM'},{'JAM_STAND_STILL_TRAFFIC'},52,{2},5.0
2e69928b,2e69928ac,2020-10-27,10,{'JAM'},{'JAM_MODERATE_TRAFFIC'},32,{2},5.0
2e69928b,2e69928ac,2020-10-31,16,{'WEATHERHAZARD'},{'HAZARD_ON_SHOULDER_CAR_STOPPED'},24,{2},5.458333333333333
2e69928b,2e69928b4,2020-09-12,15,"{'JAM', 'ACCIDENT'}","{'JAM_STAND_STILL_TRAFFIC', 'ACCIDENT'}",153,{1},5.0
2e69928b,2e69928b4,2020-09-12,16,{'WEATHERHAZARD'},{'HAZARD_ON_ROAD_OBJECT'},65,{1},5.0
2e69928b,2e69928b4,2020-09-15,14,{'JAM'},{'JAM_MODERATE_TRAFFIC'},30,{2},5.0
2e69928b,2e69928b4,2020-09-15,21,{'JAM'},{'JAM_MODERATE_TRAFFIC'},10,{2},5.0
2e69928b,2e69928b4,2020-09-16,16,{'JAM'},{'JAM_MODERATE_TRAFFIC'},10,{2},5.0
2e69928b,2e69928b4,2020-09-25,18,{'JAM'},{'JAM_MODERATE_TRAFFIC'},6,{2},5.0
2e69928b,2e69928b4,2020-10-03,11,{'JAM'},{'JAM_MODERATE_TRAFFIC'},33,{2},5.0
2e69928b,2e69928b4,2020-10-19,6,{'JAM'},"{'JAM_STAND_STILL_TRAFFIC', 'JAM_HEAVY_TRAFFIC'}",60,{2},5.0
2e69928b,2e69928b4,2020-10-21,9,{'JAM'},{'JAM_STAND_STILL_TRAFFIC'},32,{2},5.0
2e69928b,2e69928b4,2020-10-22,9,{'JAM'},{'JAM_STAND_STILL_TRAFFIC'},32,{2},5.0
2e69928b,2e69928b4,2020-10-22,17,{'JAM'},{'JAM_STAND_STILL_TRAFFIC'},31,{2},5.0
2e69928b,2e69928b4,2020-10-24,17,{'WEATHERHAZARD'},{'HAZARD_ON_ROAD_POT_HOLE'},1105,{2},9.912217194570136
2e69928b,2e69928b4,2020-10-26,19,{'JAM'},{'JAM_STAND_STILL_TRAFFIC'},31,{2},5.0
2e69928b,2e69928b4,2020-10-27,8,{'JAM'},{'JAM_STAND_STILL_TRAFFIC'},35,{2},5.0
2e69928b,2e69928b4,2020-10-27,11,{'JAM'},{'JAM_STAND_STILL_TRAFFIC'},30,{2},5.766666666666667
2e69928b,2e69928b4,2020-10-29,16,"{'JAM', 'ACCIDENT'}","{'JAM_STAND_STILL_TRAFFIC', 'ACCIDENT'}",152,{1},5.0
2e69928b,2e69928b4,2020-11-03,15,{'JAM'},{'JAM_STAND_STILL_TRAFFIC'},32,{2},5.0
2e69928b,2e69928b4,2020-11-07,11,{'JAM'},{'JAM_HEAVY_TRAFFIC'},31,{2},5.0
2e69928b,2e69928b4,2020-11-10,11,{'JAM'},{'JAM_HEAVY_TRAFFIC'},6,{2},5.0
2e69928b,2e69928b4,2020-11-13,19,{'JAM'},{'JAM_STAND_STILL_TRAFFIC'},23,{2},5.0
2e69928b,2e69928bc,2020-09-05,12,{'JAM'},"{'JAM_STAND_STILL_TRAFFIC', 'JAM_HEAVY_TRAFFIC'}",61,{2},5.0
2e69928b,2e69928bc,2020-09-09,7,{'JAM'},{'JAM_HEAVY_TRAFFIC'},30,{2},5.0
2e69928b,2e69928bc,2020-09-09,9,{'JAM'},{'JAM_STAND_STILL_TRAFFIC'},30,{2},5.0
2e69928b,2e69928bc,2020-09-09,10,{'JAM'},{'JAM_STAND_STILL_TRAFFIC'},30,{2},5.0
2e69928b,2e69928bc,2020-09-12,10,{'JAM'},"{'JAM_STAND_STILL_TRAFFIC', 'JAM_MODERATE_TRAFFIC'}",90,{2},5.0
2e69928b,2e69928bc,2020-09-12,17,{'JAM'},{'JAM_STAND_STILL_TRAFFIC'},5,{1},5.0
2e69928b,2e69928bc,2020-09-15,10,{'JAM'},{'JAM_HEAVY_TRAFFIC'},31,{2},5.0
2e69928b,2e69928bc,2020-09-25,9,"{'JAM', 'WEATHERHAZARD'}","{'HAZARD_ON_SHOULDER_CAR_STOPPED', 'JAM_HEAVY_TRAFFIC'}",68,{2},5.0
2e69928b,2e69928bc,2020-10-02,7,{'JAM'},{'JAM_HEAVY_TRAFFIC'},94,"{1, 2}",5.0
2e69928b,2e69928bc,2020-10-02,13,{'JAM'},{'JAM_STAND_STILL_TRAFFIC'},30,{2},7.0
2e69928b,2e69928bc,2020-10-03,10,{'JAM'},{'JAM_STAND_STILL_TRAFFIC'},31,{2},5.0
2e69928b,2e69928bc,2020-10-04,21,{'WEATHERHAZARD'},{'HAZARD_WEATHER_FLOOD'},31,{2},5.0
2e69928b,2e69928bc,2020-10-05,7,{'JAM'},{'JAM_STAND_STILL_TRAFFIC'},30,{2},5.0
2e69928b,2e69928bc,2020-10-07,7,{'JAM'},{'JAM_HEAVY_TRAFFIC'},19,{2},5.0
2e69928b,2e69928bc,2020-10-10,11,{'JAM'},{'JAM_STAND_STILL_TRAFFIC'},30,{2},5.0
2e69928b,2e69928bc,2020-10-10,14,{'JAM'},{'JAM_STAND_STILL_TRAFFIC'},30,{2},5.766666666666667
2e69928b,2e69928bc,2020-10-15,9,{'JAM'},{'JAM_HEAVY_TRAFFIC'},31,{2},5.0
2e69928b,2e69928bc,2020-10-17,13,{'JAM'},{'JAM_STAND_STILL_TRAFFIC'},30,{2},5.0
2e69928b,2e69928bc,2020-10-17,14,{'JAM'},"{'JAM_STAND_STILL_TRAFFIC', 'JAM_HEAVY_TRAFFIC'}",64,{2},5.0
2e69928b,2e69928bc,2020-10-20,7,{'JAM'},{'JAM_HEAVY_TRAFFIC'},5,{2},6.0
2e69928b,2e69928bc,2020-10-20,9,{'JAM'},{'JAM_HEAVY_TRAFFIC'},30,{2},5.0
2e69928b,2e69928bc,2020-10-21,9,{'JAM'},{'JAM_HEAVY_TRAFFIC'},31,{2},5.0
2e69928b,2e69928bc,2020-10-22,8,{'JAM'},{'JAM_HEAVY_TRAFFIC'},63,{2},5.746031746031746
2e69928b,2e69928bc,2020-10-22,10,{'JAM'},"{'JAM_STAND_STILL_TRAFFIC', 'JAM_HEAVY_TRAFFIC'}",63,{2},5.761904761904762
2e69928b,2e69928bc,2020-10-23,8,{'JAM'},{'JAM_STAND_STILL_TRAFFIC'},6,{2},5.0
2e69928b,2e69928bc,2020-10-24,10,{'JAM'},{'JAM_HEAVY_TRAFFIC'},31,{2},5.0
2e69928b,2e69928bc,2020-10-25,11,{'JAM'},{'JAM_HEAVY_TRAFFIC'},30,{2},6.0
2e69928b,2e69928bc,2020-10-25,12,{'JAM'},"{'JAM_MODERATE_TRAFFIC', 'JAM_HEAVY_TRAFFIC'}",15,{2},5.0
2e69928b,2e69928bc,2020-10-25,13,{'JAM'},{'JAM_HEAVY_TRAFFIC'},33,{2},5.0
2e69928b,2e69928bc,2020-10-25,14,{'JAM'},{'JAM_STAND_STILL_TRAFFIC'},16,{2},5.0
2e69928b,2e69928bc,2020-10-25,17,{'JAM'},{'JAM_STAND_STILL_TRAFFIC'},67,{2},5.8059701492537314
2e69928b,2e69928bc,2020-10-26,6,{'JAM'},{'JAM_HEAVY_TRAFFIC'},30,{2},5.0
2e69928b,2e69928bc,2020-10-26,8,{'JAM'},{'JAM_STAND_STILL_TRAFFIC'},32,{2},5.0
2e69928b,2e69928bc,2020-10-26,10,{'JAM'},{'JAM_HEAVY_TRAFFIC'},31,{2},5.0
2e69928b,2e69928bc,2020-10-26,15,{'WEATHERHAZARD'},{'HAZARD_WEATHER_FLOOD'},31,{1},5.516129032258065
2e69928b,2e69928bc,2020-10-26,18,"{'JAM', 'ACCIDENT'}","{'ACCIDENT_MAJOR', 'JAM_HEAVY_TRAFFIC'}",60,{2},5.2
2e69928b,2e69928bc,2020-10-26,19,{'JAM'},{'JAM_STAND_STILL_TRAFFIC'},56,{2},5.0
2e69928b,2e69928bc,2020-10-26,20,{'JAM'},{'JAM_STAND_STILL_TRAFFIC'},30,{2},5.0
2e69928b,2e69928bc,2020-10-27,10,{'JAM'},"{'JAM_STAND_STILL_TRAFFIC', 'JAM_HEAVY_TRAFFIC'}",90,{2},5.322222222222222
2e69928b,2e69928bc,2020-10-27,11,{'JAM'},{'JAM_STAND_STILL_TRAFFIC'},60,{2},5.0
2e69928b,2e69928bc,2020-10-27,12,{'JAM'},"{'JAM', 'JAM_HEAVY_TRAFFIC'}",36,{2},5.0
2e69928b,2e69928bc,2020-10-27,14,{'JAM'},{'JAM_STAND_STILL_TRAFFIC'},29,{2},5.0
2e69928b,2e69928bc,2020-10-28,9,{'JAM'},{'JAM_HEAVY_TRAFFIC'},5,{2},5.0
2e69928b,2e69928bc,2020-10-28,10,{'JAM'},{'JAM_MODERATE_TRAFFIC'},5,{1},5.0
2e69928b,2e69928bc,2020-10-28,11,{'JAM'},{'JAM_STAND_STILL_TRAFFIC'},30,{2},5.0
2e69928b,2e69928bc,2020-10-28,12,{'JAM'},"{'JAM', 'JAM_STAND_STILL_TRAFFIC'}",91,{2},5.0
2e69928b,2e69928bc,2020-10-28,13,{'JAM'},"{'JAM', 'JAM_HEAVY_TRAFFIC'}",47,"{1, 2}",5.872340425531915
2e69928b,2e69928bc,2020-10-28,16,{'JAM'},"{'JAM_STAND_STILL_TRAFFIC', 'JAM_HEAVY_TRAFFIC'}",62,{2},5.354838709677419
2e69928b,2e69928bc,2020-10-31,10,{'JAM'},{'JAM_HEAVY_TRAFFIC'},31,{2},5.0
2e69928b,2e69928bc,2020-10-31,11,{'JAM'},{'JAM_HEAVY_TRAFFIC'},31,{2},5.67741935483871
2e69928b,2e69928bc,2020-10-31,12,{'JAM'},{'JAM_STAND_STILL_TRAFFIC'},73,"{1, 2}",5.616438356164384
2e69928b,2e69928bc,2020-10-31,13,{'JAM'},{'JAM_STAND_STILL_TRAFFIC'},32,{2},5.0
2e69928b,2e69928bc,2020-10-31,17,{'JAM'},{'JAM_STAND_STILL_TRAFFIC'},31,{2},5.967741935483871
2e69928b,2e69928bc,2020-11-01,13,{'JAM'},"{'JAM_STAND_STILL_TRAFFIC', 'JAM_HEAVY_TRAFFIC'}",61,{2},5.491803278688525
2e69928b,2e69928bc,2020-11-02,16,{'JAM'},{'JAM_STAND_STILL_TRAFFIC'},31,{2},5.967741935483871
2e69928b,2e69928bc,2020-11-03,9,{'JAM'},{'JAM_MODERATE_TRAFFIC'},30,{2},5.0
2e69928b,2e69928bc,2020-11-05,9,{'JAM'},"{'JAM_STAND_STILL_TRAFFIC', 'JAM_HEAVY_TRAFFIC'}",92,{2},5.163043478260869
2e69928b,2e69928bc,2020-11-06,11,{'JAM'},{'JAM_STAND_STILL_TRAFFIC'},31,{2},5.0
2e69928b,2e69928bc,2020-11-08,14,{'JAM'},{'JAM_MODERATE_TRAFFIC'},34,{2},5.0
2e69928b,2e69928bc,2020-11-09,6,{'JAM'},"{'JAM_MODERATE_TRAFFIC', 'JAM_HEAVY_TRAFFIC'}",88,{2},5.0
2e69928b,2e69928bc,2020-11-09,10,{'JAM'},{'JAM_STAND_STILL_TRAFFIC'},31,{2},5.0
2e69928b,2e69928bc,2020-11-10,9,{'JAM'},{'JAM_STAND_STILL_TRAFFIC'},31,{2},5.516129032258065
2e69928b,2e69928bc,2020-11-11,8,{'JAM'},{'JAM_HEAVY_TRAFFIC'},31,{2},5.548387096774194
2e69928b,2e69928bc,2020-11-11,10,{'JAM'},{'JAM_HEAVY_TRAFFIC'},6,{2},5.0
2e69928b,2e69928bc,2020-11-12,8,{'JAM'},{'JAM_HEAVY_TRAFFIC'},31,{1},5.0
2e69928b,2e69928bc,2020-11-13,10,{'JAM'},{'JAM_STAND_STILL_TRAFFIC'},31,{2},5.0
2e69928b,2e69928bc,2020-11-14,10,{'JAM'},{'JAM_HEAVY_TRAFFIC'},31,{2},5.0
2e69928b,2e69928bc,2020-11-16,14,{'JAM'},{'JAM_STAND_STILL_TRAFFIC'},5,{2},5.0
2e69928b,2e69928bc,2020-11-17,7,{'JAM'},"{'JAM_STAND_STILL_TRAFFIC', 'JAM_HEAVY_TRAFFIC'}",60,{2},5.0
2e69928b,2e69928bc,2020-11-18,9,{'JAM'},{'JAM_STAND_STILL_TRAFFIC'},44,{2},5.363636363636363
2e69928b,2e69928bc,2020-11-19,10,{'JAM'},{'JAM_STAND_STILL_TRAFFIC'},66,{2},5.46969696969697
2e69928b,2e69928bc,2020-11-21,15,{'JAM'},"{'JAM_STAND_STILL_TRAFFIC', 'JAM_HEAVY_TRAFFIC'}",41,{2},5.0
2e69928d,2e69928c4,2020-09-03,17,{'JAM'},{'JAM_STAND_STILL_TRAFFIC'},34,{1},5.176470588235294
2e69928d,2e69928c4,2020-09-03,19,{'JAM'},{'JAM_MODERATE_TRAFFIC'},34,{2},5.0
2e69928d,2e69928c4,2020-09-05,12,{'JAM'},{'JAM_STAND_STILL_TRAFFIC'},27,{1},5.0
2e69928d,2e69928c4,2020-09-05,13,{'JAM'},{'JAM_STAND_STILL_TRAFFIC'},48,{1},5.416666666666667
2e69928d,2e69928c4,2020-09-07,17,{'JAM'},{'JAM_HEAVY_TRAFFIC'},31,{2},5.0
2e69928d,2e69928c4,2020-09-09,10,{'JAM'},{'JAM_STAND_STILL_TRAFFIC'},5,{2},5.0
2e69928d,2e69928c4,2020-09-10,17,{'JAM'},{'JAM_HEAVY_TRAFFIC'},14,{1},5.0
2e69928d,2e69928c4,2020-09-12,10,{'JAM'},{'JAM_STAND_STILL_TRAFFIC'},31,{2},5.0
2e69928d,2e69928c4,2020-09-12,11,{'JAM'},{'JAM_HEAVY_TRAFFIC'},21,{1},5.0
2e69928d,2e69928c4,2020-09-12,14,{'JAM'},{'JAM_STAND_STILL_TRAFFIC'},30,{2},5.0
2e69928d,2e69928c4,2020-09-15,9,{'JAM'},{'JAM_MODERATE_TRAFFIC'},9,{2},5.0
2e69928d,2e69928c4,2020-09-15,17,{'JAM'},{'JAM_HEAVY_TRAFFIC'},14,{1},5.214285714285714
2e69928d,2e69928c4,2020-09-15,18,{'JAM'},{'JAM_HEAVY_TRAFFIC'},32,{1},5.5
2e69928d,2e69928c4,2020-09-22,17,{'JAM'},{'JAM_STAND_STILL_TRAFFIC'},63,{2},5.0
2e69928d,2e69928c4,2020-09-28,17,{'JAM'},{'JAM_STAND_STILL_TRAFFIC'},7,{1},5.0
2e69928d,2e69928c4,2020-09-28,18,{'JAM'},{'JAM_STAND_STILL_TRAFFIC'},33,{2},5.0
2e69928d,2e69928c4,2020-10-03,16,{'WEATHERHAZARD'},{'HAZARD_ON_ROAD_CAR_STOPPED'},32,{2},5.0
2e69928d,2e69928c4,2020-10-05,17,{'JAM'},{'JAM_STAND_STILL_TRAFFIC'},33,{2},5.0
2e69928d,2e69928c4,2020-10-06,7,{'JAM'},{'JAM_HEAVY_TRAFFIC'},16,{2},5.0
2e69928d,2e69928c4,2020-10-08,17,{'JAM'},{'JAM_STAND_STILL_TRAFFIC'},31,{1},5.0
2e69928d,2e69928c4,2020-10-10,14,{'JAM'},{'JAM_STAND_STILL_TRAFFIC'},30,{2},5.0
2e69928d,2e69928c4,2020-10-10,17,{'JAM'},{'JAM'},31,{1},5.0
2e69928d,2e69928c4,2020-10-12,18,{'JAM'},{'JAM_MODERATE_TRAFFIC'},30,{2},5.0
2e69928d,2e69928c4,2020-10-15,17,{'JAM'},{'JAM_STAND_STILL_TRAFFIC'},15,{1},5.0
2e69928d,2e69928c4,2020-10-17,16,{'JAM'},"{'JAM_STAND_STILL_TRAFFIC', 'JAM_HEAVY_TRAFFIC'}",61,"{1, 2}",5.770491803278689
2e69928d,2e69928c4,2020-10-19,6,{'JAM'},"{'JAM_STAND_STILL_TRAFFIC', 'JAM_HEAVY_TRAFFIC'}",95,{2},5.326315789473684
2e69928d,2e69928c4,2020-10-20,17,{'JAM'},{'JAM_MODERATE_TRAFFIC'},36,{1},5.222222222222222
2e69928d,2e69928c4,2020-10-24,11,{'JAM'},{'JAM_HEAVY_TRAFFIC'},30,{2},5.0
2e69928d,2e69928c4,2020-10-25,13,{'JAM'},{'JAM_STAND_STILL_TRAFFIC'},30,{1},5.0
2e69928d,2e69928c4,2020-10-27,7,{'JAM'},{'JAM_HEAVY_TRAFFIC'},32,{2},5.0
2e69928d,2e69928c4,2020-10-27,8,{'JAM'},{'JAM_HEAVY_TRAFFIC'},32,{2},5.0
2e69928d,2e69928c4,2020-10-27,11,{'JAM'},{'JAM_STAND_STILL_TRAFFIC'},32,{2},5.0
2e69928d,2e69928c4,2020-10-28,10,{'JAM'},{'JAM_HEAVY_TRAFFIC'},31,{1},5.0
2e69928d,2e69928c4,2020-10-28,13,{'ACCIDENT'},{'ACCIDENT_MAJOR'},121,{2},5.0
2e69928d,2e69928c4,2020-10-28,17,{'JAM'},"{'JAM_STAND_STILL_TRAFFIC', 'JAM_HEAVY_TRAFFIC'}",73,{2},6.397260273972603
2e69928d,2e69928c4,2020-10-29,12,{'JAM'},{'JAM'},34,{1},5.0
2e69928d,2e69928c4,2020-10-31,12,{'JAM'},{'JAM_STAND_STILL_TRAFFIC'},32,{2},5.0
2e69928d,2e69928c4,2020-10-31,13,{'JAM'},{'JAM_STAND_STILL_TRAFFIC'},30,{2},5.966666666666667
2e69928d,2e69928c4,2020-10-31,14,{'JAM'},{'JAM_STAND_STILL_TRAFFIC'},62,{2},5.0
2e69928d,2e69928c4,2020-10-31,17,{'JAM'},{'JAM_HEAVY_TRAFFIC'},31,{2},5.806451612903226
2e69928d,2e69928c4,2020-11-01,17,{'JAM'},{'JAM_MODERATE_TRAFFIC'},25,{1},5.0
2e69928d,2e69928c4,2020-11-02,6,{'JAM'},{'JAM_HEAVY_TRAFFIC'},32,{2},5.0
2e69928d,2e69928c4,2020-11-02,8,{'JAM'},{'JAM_HEAVY_TRAFFIC'},60,{2},5.75
2e69928d,2e69928c4,2020-11-06,18,{'JAM'},{'JAM_STAND_STILL_TRAFFIC'},33,{2},5.0
2e69928d,2e69928c4,2020-11-07,16,{'JAM'},{'JAM_HEAVY_TRAFFIC'},32,{2},5.0
2e69928d,2e69928c4,2020-11-12,7,{'JAM'},{'JAM_HEAVY_TRAFFIC'},45,{2},5.355555555555555
2e69928d,2e69928c4,2020-11-12,8,{'JAM'},{'JAM_STAND_STILL_TRAFFIC'},32,{2},5.96875
2e69928d,2e69928c4,2020-11-12,18,{'JAM'},{'JAM_STAND_STILL_TRAFFIC'},52,{1},6.0
2e69928d,2e69928c4,2020-11-14,12,{'JAM'},{'JAM_STAND_STILL_TRAFFIC'},31,{2},5.0
2e69928d,2e69928c4,2020-11-14,13,{'JAM'},{'JAM_STAND_STILL_TRAFFIC'},33,{1},5.0
2e69928d,2e69928c4,2020-11-14,17,{'JAM'},{'JAM_STAND_STILL_TRAFFIC'},65,"{1, 2}",5.0
2e69928d,2e69928c4,2020-11-14,19,{'JAM'},{'JAM_STAND_STILL_TRAFFIC'},30,{2},5.0
2e69928d,2e69928c4,2020-11-16,18,{'JAM'},{'JAM_HEAVY_TRAFFIC'},32,{2},5.0
2e69928d,2e69928c4,2020-11-19,16,{'JAM'},{'JAM'},24,{2},5.0
2e69928d,2e69928c4,2020-11-19,18,{'JAM'},{'JAM_HEAVY_TRAFFIC'},33,{1},5.0
2e69928d,2e69928c4,2020-11-21,12,{'JAM'},{'JAM_HEAVY_TRAFFIC'},36,{1},5.361111111111111
2e69928d,2e69928cc,2020-09-02,10,{'JAM'},{'JAM_HEAVY_TRAFFIC'},32,{2},5.78125
2e69928d,2e69928cc,2020-09-05,13,{'JAM'},{'JAM_STAND_STILL_TRAFFIC'},30,{2},5.0
2e69928d,2e69928cc,2020-09-12,14,{'JAM'},{'JAM_STAND_STILL_TRAFFIC'},31,{2},5.967741935483871
2e69928d,2e69928cc,2020-10-09,17,{'JAM'},{'JAM_STAND_STILL_TRAFFIC'},17,{2},5.0
2e69928d,2e69928cc,2020-10-10,15,{'JAM'},{'JAM_STAND_STILL_TRAFFIC'},30,{2},5.0
2e69928d,2e69928cc,2020-10-17,13,{'JAM'},{'JAM_HEAVY_TRAFFIC'},30,{2},5.0
2e69928d,2e69928cc,2020-10-27,8,{'JAM'},{'JAM_HEAVY_TRAFFIC'},30,{2},5.0
2e69928d,2e69928cc,2020-10-27,9,{'JAM'},{'JAM_HEAVY_TRAFFIC'},31,{2},5.0
2e69928d,2e69928cc,2020-10-28,14,{'JAM'},{'JAM_STAND_STILL_TRAFFIC'},31,{2},5.0
2e69928d,2e69928cc,2020-10-28,17,{'JAM'},{'JAM_HEAVY_TRAFFIC'},40,{2},6.425
2e69928d,2e69928cc,2020-10-30,13,{'WEATHERHAZARD'},{'WEATHERHAZARD'},32,{2},5.9375
2e69928d,2e69928cc,2020-10-31,13,{'JAM'},{'JAM_STAND_STILL_TRAFFIC'},30,{2},5.0
2e69928d,2e69928cc,2020-10-31,17,{'JAM'},"{'JAM_STAND_STILL_TRAFFIC', 'JAM_MODERATE_TRAFFIC'}",14,{2},5.285714285714286
2e69928d,2e69928cc,2020-11-02,8,{'JAM'},{'JAM_HEAVY_TRAFFIC'},31,{2},5.67741935483871
2e69928d,2e69928cc,2020-11-12,8,{'JAM'},{'JAM_HEAVY_TRAFFIC'},30,{2},5.966666666666667
2e69928d,2e69928cc,2020-11-14,18,{'JAM'},{'JAM_STAND_STILL_TRAFFIC'},34,{2},5.0
2e69928d,2e69928d4,2020-10-24,14,{'JAM'},{'JAM_STAND_STILL_TRAFFIC'},25,{2},5.0
2e69928d,2e69928d4,2020-10-26,7,{'JAM'},{'JAM_STAND_STILL_TRAFFIC'},64,{2},5.0
2e69928d,2e69928d4,2020-11-14,14,{'JAM'},{'JAM_STAND_STILL_TRAFFIC'},33,{2},5.484848484848484
2e69928d,2e69928dc,2020-10-03,15,{'JAM'},{'JAM_STAND_STILL_TRAFFIC'},31,{1},5.0
2e69928d,2e69928dc,2020-10-09,17,{'JAM'},{'JAM_STAND_STILL_TRAFFIC'},19,{1},5.0
2e69928d,2e69928dc,2020-11-07,13,{'JAM'},{'JAM_STAND_STILL_TRAFFIC'},31,{1},5.0
2e69928d,2e69928dc,2020-11-12,18,{'JAM'},{'JAM_STAND_STILL_TRAFFIC'},47,{1},5.74468085106383
2e69928d,2e69928dc,2020-11-14,13,{'JAM'},{'JAM_STAND_STILL_TRAFFIC'},34,{1},6.0
2e69928d,2e69928dc,2020-11-21,11,{'JAM'},{'JAM_HEAVY_TRAFFIC'},31,{1},5.0
2e69928d,2e69928dc,2020-11-21,12,{'JAM'},{'JAM_HEAVY_TRAFFIC'},20,{1},5.0
2e69928f,2e69928e4,2020-10-26,17,{'JAM'},{'JAM_HEAVY_TRAFFIC'},33,{1},5.0
2e69928f,2e69928e4,2020-11-02,18,{'JAM'},{'JAM'},20,{1},5.0
2e69928f,2e69928ec,2020-09-10,23,{'WEATHERHAZARD'},{'HAZARD_ON_ROAD_CAR_STOPPED'},30,{1},5.0
2e69928f,2e69928ec,2020-09-28,18,{'JAM'},{'JAM_HEAVY_TRAFFIC'},31,{2},6.967741935483871
2e69928f,2e69928ec,2020-10-27,8,{'JAM'},{'JAM_HEAVY_TRAFFIC'},5,{1},5.0
2e69928f,2e69928ec,2020-10-28,14,{'JAM'},{'JAM_STAND_STILL_TRAFFIC'},63,{2},5.0
2e69928f,2e69928ec,2020-10-31,13,{'JAM'},{'JAM_STAND_STILL_TRAFFIC'},31,{2},5.0
2e69928f,2e69928ec,2020-11-13,21,{'JAM'},{'JAM_HEAVY_TRAFFIC'},9,{2},5.0
2e699291,2e6992914,2020-09-02,16,{'JAM'},{'JAM_MODERATE_TRAFFIC'},6,{1},5.0
2e699291,2e6992914,2020-09-24,16,{'JAM'},{'JAM_MODERATE_TRAFFIC'},23,{1},5.0
2e699291,2e6992914,2020-09-28,14,{'WEATHERHAZARD'},{'WEATHERHAZARD'},30,{1},5.0
2e699291,2e699291c,2020-11-02,18,{'JAM'},{'JAM_STAND_STILL_TRAFFIC'},31,{1},5.0
2e699291,2e699291c,2020-11-21,11,{'JAM'},{'JAM_HEAVY_TRAFFIC'},30,{1},5.0
2e699295,2e6992944,2020-10-19,7,{'JAM'},{'JAM_HEAVY_TRAFFIC'},22,{1},6.0
2e699295,2e6992944,2020-11-14,10,{'JAM'},{'JAM_STAND_STILL_TRAFFIC'},31,{1},5.0
2e699295,2e699294c,2020-09-15,17,{'JAM'},{'JAM'},32,{1},5.0
2e699295,2e6992954,2020-10-24,21,{'JAM'},{'JAM_MODERATE_TRAFFIC'},30,{2},5.0
2e699295,2e699295c,2020-09-05,9,{'JAM'},{'JAM_MODERATE_TRAFFIC'},31,{2},5.0
2e699295,2e699295c,2020-09-05,17,{'JAM'},{'JAM_STAND_STILL_TRAFFIC'},30,{2},5.0
2e699295,2e699295c,2020-09-06,9,{'JAM'},{'JAM_HEAVY_TRAFFIC'},30,{1},5.0
2e699295,2e699295c,2020-10-03,11,{'JAM'},{'JAM_STAND_STILL_TRAFFIC'},30,{2},5.0
2e699295,2e699295c,2020-10-19,7,{'JAM'},{'JAM_HEAVY_TRAFFIC'},13,{1},5.0
2e699295,2e699295c,2020-10-26,7,{'JAM'},{'JAM_HEAVY_TRAFFIC'},30,{1},5.0
2e699295,2e699295c,2020-10-27,7,{'JAM'},{'JAM_HEAVY_TRAFFIC'},60,"{1, 2}",5.0
2e699295,2e699295c,2020-10-28,17,{'JAM'},{'JAM_HEAVY_TRAFFIC'},32,{2},5.0
2e699295,2e699295c,2020-11-02,8,{'JAM'},{'JAM_HEAVY_TRAFFIC'},20,{1},5.0
2e699295,2e699295c,2020-11-05,7,{'JAM'},{'JAM_HEAVY_TRAFFIC'},30,{2},5.6
2e699295,2e699295c,2020-11-07,14,{'JAM'},{'JAM_STAND_STILL_TRAFFIC'},62,"{1, 2}",5.419354838709677
2e699295,2e699295c,2020-11-08,12,{'JAM'},{'JAM_HEAVY_TRAFFIC'},29,{2},5.0
2e699295,2e699295c,2020-11-12,9,{'JAM'},"{'JAM_STAND_STILL_TRAFFIC', 'JAM_HEAVY_TRAFFIC'}",93,"{1, 2}",5.344086021505376
2e699295,2e699295c,2020-11-14,10,{'JAM'},{'JAM_MODERATE_TRAFFIC'},31,{2},5.0
2e699295,2e699295c,2020-11-20,7,{'JAM'},{'JAM_HEAVY_TRAFFIC'},8,{2},5.0
2e699297,2e6992964,2020-09-02,7,{'JAM'},{'JAM_MODERATE_TRAFFIC'},32,{2},6.0
2e699297,2e6992964,2020-09-08,7,{'JAM'},{'JAM_HEAVY_TRAFFIC'},29,{2},6.0
2e699297,2e6992964,2020-09-09,8,{'JAM'},{'JAM_MODERATE_TRAFFIC'},36,{2},5.0
2e699297,2e6992964,2020-09-09,18,{'JAM'},{'JAM_HEAVY_TRAFFIC'},30,{2},5.0
2e699297,2e6992964,2020-09-10,7,{'JAM'},{'JAM_HEAVY_TRAFFIC'},27,{2},5.0
2e699297,2e6992964,2020-09-12,20,{'JAM'},{'JAM_HEAVY_TRAFFIC'},32,{2},5.0
2e699297,2e6992964,2020-09-25,18,{'JAM'},{'JAM_MODERATE_TRAFFIC'},33,{2},5.0
2e699297,2e6992964,2020-10-17,15,{'JAM'},{'JAM_HEAVY_TRAFFIC'},32,{2},5.0
2e699297,2e6992964,2020-10-19,8,{'JAM'},{'JAM_STAND_STILL_TRAFFIC'},37,{2},5.405405405405405
2e699297,2e6992964,2020-10-21,17,{'JAM'},{'JAM_HEAVY_TRAFFIC'},32,{2},6.0
2e699297,2e6992964,2020-10-22,17,{'JAM'},{'JAM_HEAVY_TRAFFIC'},61,{2},5.983606557377049
2e699297,2e6992964,2020-10-24,17,{'JAM'},{'JAM_HEAVY_TRAFFIC'},31,{2},5.0
2e699297,2e6992964,2020-10-26,7,{'JAM'},{'JAM_HEAVY_TRAFFIC'},62,{2},5.0
2e699297,2e6992964,2020-10-28,17,{'JAM'},{'JAM_HEAVY_TRAFFIC'},33,{2},5.0
2e699297,2e6992964,2020-10-30,19,{'JAM'},{'JAM_HEAVY_TRAFFIC'},31,{2},5.0
2e699297,2e6992964,2020-11-01,15,{'JAM'},{'JAM_STAND_STILL_TRAFFIC'},37,{2},5.45945945945946
2e699297,2e6992964,2020-11-05,17,{'JAM'},{'JAM_HEAVY_TRAFFIC'},30,{2},5.0
2e699297,2e6992964,2020-11-06,20,{'JAM'},{'JAM_HEAVY_TRAFFIC'},18,{2},5.0
2e699297,2e6992964,2020-11-07,14,{'JAM'},{'JAM_STAND_STILL_TRAFFIC'},32,{2},5.0
2e699297,2e6992964,2020-11-07,16,{'JAM'},{'JAM_HEAVY_TRAFFIC'},30,{2},5.0
2e699297,2e6992964,2020-11-12,9,{'JAM'},{'JAM_MODERATE_TRAFFIC'},30,{2},5.966666666666667
2e699297,2e6992964,2020-11-12,17,{'JAM'},{'JAM_STAND_STILL_TRAFFIC'},32,{2},5.0
2e699297,2e6992964,2020-11-14,15,{'JAM'},{'JAM_STAND_STILL_TRAFFIC'},39,{2},5.384615384615385
2e699297,2e6992964,2020-11-17,7,{'JAM'},{'JAM_HEAVY_TRAFFIC'},31,{2},5.0
2e699297,2e6992964,2020-11-18,17,{'JAM'},{'JAM_STAND_STILL_TRAFFIC'},33,{2},5.0
2e699297,2e6992964,2020-11-19,6,{'JAM'},{'JAM_MODERATE_TRAFFIC'},32,{2},5.0
2e699297,2e6992964,2020-11-19,17,{'JAM'},{'JAM_STAND_STILL_TRAFFIC'},34,{2},5.0
2e699297,2e6992964,2020-11-20,7,{'JAM'},{'JAM_HEAVY_TRAFFIC'},21,{2},6.9523809523809526
2e699297,2e699296c,2020-11-09,18,{'WEATHERHAZARD'},{'WEATHERHAZARD'},31,{1},5.0
2e699297,2e6992974,2020-09-07,18,{'JAM'},{'JAM_HEAVY_TRAFFIC'},5,{1},5.0
2e699297,2e6992974,2020-10-09,18,"{'JAM', 'WEATHERHAZARD'}","{'HAZARD_ON_SHOULDER_CAR_STOPPED', 'JAM_HEAVY_TRAFFIC'}",59,{1},5.423728813559322
2e699297,2e6992974,2020-11-06,17,{'JAM'},{'JAM_MODERATE_TRAFFIC'},32,{1},5.0
2e699297,2e6992974,2020-11-07,10,{'JAM'},{'JAM_STAND_STILL_TRAFFIC'},62,{1},5.0
2e699297,2e6992974,2020-11-11,10,{'JAM'},{'JAM_STAND_STILL_TRAFFIC'},22,{1},5.0
2e699297,2e6992974,2020-11-11,13,{'WEATHERHAZARD'},{'WEATHERHAZARD'},31,{1},5.0
2e699297,2e6992974,2020-11-11,14,"{'WEATHERHAZARD', 'ACCIDENT'}","{'HAZARD_ON_ROAD_CAR_STOPPED', 'ACCIDENT'}",97,{1},6.0
2e699297,2e6992974,2020-11-11,16,{'JAM'},{'JAM_STAND_STILL_TRAFFIC'},7,{1},6.0
2e699297,2e699297c,2020-09-05,16,{'JAM'},{'JAM_STAND_STILL_TRAFFIC'},34,{2},5.0
2e699297,2e699297c,2020-09-09,18,{'JAM'},{'JAM_HEAVY_TRAFFIC'},8,{2},6.0
2e699297,2e699297c,2020-09-19,13,{'JAM'},{'JAM_MODERATE_TRAFFIC'},17,{2},8.0
2e699297,2e699297c,2020-10-01,17,{'JAM'},{'JAM_STAND_STILL_TRAFFIC'},31,{2},5.0
2e699297,2e699297c,2020-10-05,17,{'JAM'},{'JAM_STAND_STILL_TRAFFIC'},33,{2},5.575757575757576
2e699297,2e699297c,2020-10-05,18,{'JAM'},"{'JAM_STAND_STILL_TRAFFIC', 'JAM_MODERATE_TRAFFIC'}",64,"{1, 2}",5.0
2e699297,2e699297c,2020-10-10,14,{'JAM'},"{'JAM_MODERATE_TRAFFIC', 'JAM_HEAVY_TRAFFIC'}",17,"{1, 2}",5.0
2e699297,2e699297c,2020-10-10,15,{'JAM'},{'JAM_STAND_STILL_TRAFFIC'},18,{2},5.0
2e699297,2e699297c,2020-10-13,17,{'JAM'},{'JAM_MODERATE_TRAFFIC'},40,"{1, 2}",5.0
2e699297,2e699297c,2020-10-17,17,{'JAM'},{'JAM_STAND_STILL_TRAFFIC'},30,{2},5.0
2e699297,2e699297c,2020-10-23,22,{'JAM'},{'JAM_STAND_STILL_TRAFFIC'},6,{2},5.0
2e699297,2e699297c,2020-10-24,16,{'JAM'},{'JAM_MODERATE_TRAFFIC'},33,{1},5.0
2e699297,2e699297c,2020-10-24,17,{'JAM'},{'JAM_MODERATE_TRAFFIC'},30,{2},5.0
2e699297,2e699297c,2020-10-24,19,{'JAM'},{'JAM_MODERATE_TRAFFIC'},30,{2},5.0
2e699297,2e699297c,2020-10-27,19,{'JAM'},{'JAM_STAND_STILL_TRAFFIC'},64,{2},5.0
2e699297,2e699297c,2020-10-28,19,{'JAM'},{'JAM_HEAVY_TRAFFIC'},34,{2},5.0
2e699297,2e699297c,2020-10-30,16,{'JAM'},{'JAM_MODERATE_TRAFFIC'},6,{2},5.0
2e699297,2e699297c,2020-10-30,17,{'JAM'},{'JAM_MODERATE_TRAFFIC'},63,{2},5.0
2e699297,2e699297c,2020-10-31,11,{'JAM'},{'JAM_HEAVY_TRAFFIC'},30,{2},5.0
2e699297,2e699297c,2020-10-31,13,{'JAM'},{'JAM_HEAVY_TRAFFIC'},30,{2},5.0
2e699297,2e699297c,2020-11-03,19,{'JAM'},{'JAM_STAND_STILL_TRAFFIC'},31,{2},5.0
2e699297,2e699297c,2020-11-04,19,{'JAM'},{'JAM_STAND_STILL_TRAFFIC'},33,{2},5.909090909090909
2e699297,2e699297c,2020-11-05,19,{'JAM'},{'JAM_HEAVY_TRAFFIC'},32,{2},5.0
2e699297,2e699297c,2020-11-06,9,{'JAM'},{'JAM_STAND_STILL_TRAFFIC'},30,{2},5.0
2e699297,2e699297c,2020-11-06,16,{'JAM'},{'JAM_STAND_STILL_TRAFFIC'},32,{2},5.0
2e699297,2e699297c,2020-11-06,18,{'JAM'},"{'JAM_STAND_STILL_TRAFFIC', 'JAM_HEAVY_TRAFFIC'}",64,"{1, 2}",5.0
2e699297,2e699297c,2020-11-06,20,{'JAM'},{'JAM_STAND_STILL_TRAFFIC'},31,{2},5.0
2e699297,2e699297c,2020-11-07,9,{'JAM'},{'JAM_MODERATE_TRAFFIC'},32,{2},5.0
2e699297,2e699297c,2020-11-07,14,{'JAM'},{'JAM_STAND_STILL_TRAFFIC'},66,"{1, 2}",5.257575757575758
2e699297,2e699297c,2020-11-07,15,{'JAM'},{'JAM_STAND_STILL_TRAFFIC'},28,{2},5.0
2e699297,2e699297c,2020-11-08,8,{'JAM'},{'JAM_STAND_STILL_TRAFFIC'},31,{1},5.0
2e699297,2e699297c,2020-11-09,17,{'JAM'},{'JAM_STAND_STILL_TRAFFIC'},63,{1},5.0
2e699297,2e699297c,2020-11-10,18,{'JAM'},{'JAM_STAND_STILL_TRAFFIC'},30,{1},5.0
2e699297,2e699297c,2020-11-11,14,{'JAM'},{'JAM_STAND_STILL_TRAFFIC'},33,{1},5.0
2e699297,2e699297c,2020-11-11,16,{'JAM'},{'JAM_HEAVY_TRAFFIC'},31,{1},6.0
2e699297,2e699297c,2020-11-14,17,{'JAM'},{'JAM_STAND_STILL_TRAFFIC'},62,{2},5.0
2e699297,2e699297c,2020-11-17,17,{'JAM'},{'JAM_MODERATE_TRAFFIC'},31,{2},5.0
2e699297,2e699297c,2020-11-18,16,{'JAM'},{'JAM'},5,{2},5.0
2e699297,2e699297c,2020-11-19,16,{'JAM'},{'JAM_HEAVY_TRAFFIC'},32,{2},5.0
2e699297,2e699297c,2020-11-21,11,{'JAM'},{'JAM_MODERATE_TRAFFIC'},13,{2},5.0
2e699297,2e699297c,2020-11-21,17,{'JAM'},{'JAM_STAND_STILL_TRAFFIC'},20,{2},5.0
2e699299,2e6992984,2020-09-16,15,{'JAM'},{'JAM_HEAVY_TRAFFIC'},26,{2},5.0
2e699299,2e6992984,2020-10-02,11,{'JAM'},{'JAM_HEAVY_TRAFFIC'},5,{2},5.0
2e699299,2e6992984,2020-10-17,17,{'JAM'},{'JAM_HEAVY_TRAFFIC'},31,{2},5.0
2e699299,2e6992984,2020-10-24,16,{'JAM'},{'JAM_STAND_STILL_TRAFFIC'},31,{2},5.0
2e699299,2e6992984,2020-10-24,17,{'JAM'},{'JAM_MODERATE_TRAFFIC'},68,{2},5.0
2e699299,2e6992984,2020-11-06,17,{'JAM'},{'JAM_HEAVY_TRAFFIC'},6,{2},5.0
2e699299,2e6992984,2020-11-07,14,{'JAM'},{'JAM_HEAVY_TRAFFIC'},7,{2},5.0
2e699299,2e699298c,2020-09-12,20,{'JAM'},{'JAM_MODERATE_TRAFFIC'},31,{2},5.0
2e699299,2e699298c,2020-09-16,15,{'JAM'},{'JAM_MODERATE_TRAFFIC'},6,{2},5.0
2e699299,2e699298c,2020-09-21,14,{'JAM'},{'JAM_HEAVY_TRAFFIC'},22,{2},5.0
2e699299,2e699299c,2020-10-11,5,{'WEATHERHAZARD'},{'WEATHERHAZARD'},30,{22},5.0
2e699299,2e699299c,2020-10-13,5,{'JAM'},{'JAM'},31,{22},5.0
2e69929f,2e69929e4,2020-11-21,16,{'ACCIDENT'},{'ACCIDENT_MAJOR'},109,{1},5.0
2e69929f,2e69929ec,2020-09-12,20,{'JAM'},{'JAM_HEAVY_TRAFFIC'},17,{2},5.0
2e69929f,2e69929f4,2020-09-01,7,{'JAM'},{'JAM_MODERATE_TRAFFIC'},5,{2},5.0
2e69929f,2e69929f4,2020-09-12,20,{'JAM'},{'JAM_HEAVY_TRAFFIC'},32,{2},5.96875
2e69929f,2e69929f4,2020-09-26,8,{'JAM'},{'JAM'},30,{1},6.0
2e69929f,2e69929fc,2020-10-13,18,{'JAM'},{'JAM_MODERATE_TRAFFIC'},32,{1},6.875
2e69929f,2e69929fc,2020-10-17,14,{'JAM'},{'JAM'},31,{1},5.0
2e6992a1,2e6992a04,2020-09-11,10,{'JAM'},{'JAM'},31,{1},5.0
2e6992a1,2e6992a1c,2020-11-17,22,{'JAM'},{'JAM_STAND_STILL_TRAFFIC'},30,{1},5.0
2e6992a3,2e6992a2c,2020-10-21,11,{'JAM'},{'JAM_HEAVY_TRAFFIC'},30,{2},5.0
2e6992a3,2e6992a2c,2020-11-01,20,{'JAM'},{'JAM'},32,{8},5.0
2e6992a3,2e6992a2c,2020-11-07,12,{'JAM'},{'JAM_STAND_STILL_TRAFFIC'},31,{2},5.0
2e6992a3,2e6992a2c,2020-11-07,14,{'JAM'},{'JAM_STAND_STILL_TRAFFIC'},73,{2},6.602739726027397
2e6992a3,2e6992a2c,2020-11-17,13,{'JAM'},{'JAM_STAND_STILL_TRAFFIC'},32,{2},5.0
2e6992a3,2e6992a34,2020-11-07,14,{'JAM'},{'JAM_STAND_STILL_TRAFFIC'},60,{2},5.5
2e6992a3,2e6992a34,2020-11-07,15,{'JAM'},{'JAM_STAND_STILL_TRAFFIC'},30,{2},5.0
2e6992a3,2e6992a34,2020-11-21,10,{'JAM'},{'JAM_MODERATE_TRAFFIC'},31,{2},5.0
2e6992a3,2e6992a3c,2020-10-04,15,{'JAM'},{'JAM'},32,{1},5.0
2e6992a5,2e6992a54,2020-10-31,9,{'JAM'},{'JAM_STAND_STILL_TRAFFIC'},31,{1},5.0
2e6992a7,2e6992a64,2020-11-07,12,{'JAM'},{'JAM_HEAVY_TRAFFIC'},5,{1},5.4
2e6992a7,2e6992a64,2020-11-07,14,{'JAM'},{'JAM_STAND_STILL_TRAFFIC'},31,{2},5.0
2e6992a7,2e6992a64,2020-11-10,7,{'ACCIDENT'},{'ACCIDENT'},120,{1},5.0
2e6992a7,2e6992a6c,2020-11-22,9,{'JAM'},{'JAM_MODERATE_TRAFFIC'},30,{2},5.0
2e6992a7,2e6992a7c,2020-10-26,19,{'JAM'},{'JAM_HEAVY_TRAFFIC'},31,{2},5.0
2e6992a7,2e6992a7c,2020-11-07,15,{'JAM'},{'JAM_STAND_STILL_TRAFFIC'},33,{2},5.0
2e6992a7,2e6992a7c,2020-11-07,16,{'JAM'},{'JAM_HEAVY_TRAFFIC'},31,{2},5.0
2e6992a7,2e6992a7c,2020-11-16,17,{'JAM'},{'JAM_MODERATE_TRAFFIC'},25,{2},5.0
2e6992a7,2e6992a7c,2020-11-21,14,{'JAM'},{'JAM'},6,{1},5.0
2e6992a9,2e6992a84,2020-09-03,7,{'JAM'},{'JAM_MODERATE_TRAFFIC'},11,{2},5.0
2e6992a9,2e6992a84,2020-09-12,20,{'JAM'},{'JAM'},10,{2},5.0
2e6992a9,2e6992a84,2020-09-28,16,{'JAM'},{'JAM_HEAVY_TRAFFIC'},31,{2},5.0
2e6992a9,2e6992a84,2020-10-02,15,{'JAM'},{'JAM_HEAVY_TRAFFIC'},31,{2},5.0
2e6992a9,2e6992a84,2020-10-03,13,"{'JAM', 'WEATHERHAZARD'}","{'JAM', 'HAZARD_ON_SHOULDER_CAR_STOPPED'}",65,{2},5.707692307692308
2e6992a9,2e6992a84,2020-10-05,11,{'JAM'},{'JAM'},31,{2},5.0
2e6992a9,2e6992a84,2020-10-13,17,{'JAM'},{'JAM_STAND_STILL_TRAFFIC'},35,{2},5.0
2e6992a9,2e6992a84,2020-10-17,15,{'WEATHERHAZARD'},{'HAZARD_WEATHER_FLOOD'},27,{2},5.296296296296297
2e6992a9,2e6992a84,2020-10-24,12,{'JAM'},{'JAM_STAND_STILL_TRAFFIC'},12,{2},5.0
2e6992a9,2e6992a84,2020-10-27,15,{'WEATHERHAZARD'},{'HAZARD_WEATHER_FLOOD'},31,{2},6.419354838709677
2e6992a9,2e6992a84,2020-11-07,11,{'JAM'},{'JAM_HEAVY_TRAFFIC'},45,{2},5.333333333333333
2e6992a9,2e6992a84,2020-11-07,13,{'JAM'},"{'JAM_STAND_STILL_TRAFFIC', 'JAM_MODERATE_TRAFFIC'}",63,{2},5.0
2e6992a9,2e6992a84,2020-11-07,14,{'JAM'},{'JAM_STAND_STILL_TRAFFIC'},30,{2},6.9
2e6992a9,2e6992a84,2020-11-07,16,{'JAM'},{'JAM_HEAVY_TRAFFIC'},62,{2},5.290322580645161
2e6992a9,2e6992a8c,2020-10-03,13,{'JAM'},{'JAM_STAND_STILL_TRAFFIC'},33,{2},5.0
2e6992a9,2e6992a8c,2020-10-03,18,{'JAM'},{'JAM_STAND_STILL_TRAFFIC'},6,{2},5.0
2e6992a9,2e6992a8c,2020-10-05,17,{'JAM'},{'JAM_HEAVY_TRAFFIC'},34,{2},5.0
2e6992a9,2e6992a8c,2020-10-09,5,{'JAM'},{'JAM_STAND_STILL_TRAFFIC'},30,{1},5.0
2e6992a9,2e6992a8c,2020-10-10,11,{'JAM'},{'JAM_STAND_STILL_TRAFFIC'},30,{2},5.0
2e6992a9,2e6992a8c,2020-10-19,16,{'JAM'},{'JAM'},31,{2},5.0
2e6992a9,2e6992a8c,2020-10-19,19,{'ACCIDENT'},{'ACCIDENT'},16,{2},5.5625
2e6992a9,2e6992a8c,2020-10-31,10,{'JAM'},{'JAM_HEAVY_TRAFFIC'},30,{2},5.0
2e6992a9,2e6992a8c,2020-11-07,12,{'JAM'},{'JAM_MODERATE_TRAFFIC'},12,{2},5.0
2e6992a9,2e6992a8c,2020-11-07,13,{'JAM'},{'JAM_STAND_STILL_TRAFFIC'},32,{2},5.0
2e6992a9,2e6992a8c,2020-11-07,17,{'JAM'},{'JAM_STAND_STILL_TRAFFIC'},30,{2},5.0
2e6992a9,2e6992a8c,2020-11-08,14,{'JAM'},{'JAM_STAND_STILL_TRAFFIC'},33,{2},5.0
2e6992af,2e6992af4,2020-09-14,17,{'JAM'},{'JAM_HEAVY_TRAFFIC'},31,{2},5.0
2e6992af,2e6992af4,2020-09-23,17,{'JAM'},{'JAM_STAND_STILL_TRAFFIC'},35,{2},5.0
2e6992af,2e6992af4,2020-09-26,14,{'JAM'},{'JAM_STAND_STILL_TRAFFIC'},32,{2},5.0
2e6992af,2e6992af4,2020-09-30,16,{'JAM'},{'JAM_STAND_STILL_TRAFFIC'},31,{2},5.0
2e6992af,2e6992af4,2020-10-05,19,{'JAM'},{'JAM'},31,{2},5.0
2e6992af,2e6992af4,2020-10-06,17,{'JAM'},{'JAM_STAND_STILL_TRAFFIC'},31,{2},5.0
2e6992af,2e6992af4,2020-10-10,11,{'JAM'},{'JAM_STAND_STILL_TRAFFIC'},33,{2},5.0
2e6992af,2e6992af4,2020-10-10,14,{'JAM'},{'JAM_HEAVY_TRAFFIC'},5,{2},5.0
2e6992af,2e6992af4,2020-10-11,12,{'JAM'},"{'JAM_STAND_STILL_TRAFFIC', 'JAM_HEAVY_TRAFFIC'}",50,{2},5.38
2e6992af,2e6992af4,2020-10-11,13,{'JAM'},{'JAM_STAND_STILL_TRAFFIC'},31,{2},5.0
2e6992af,2e6992af4,2020-10-17,12,{'JAM'},{'JAM'},30,{2},5.0
2e6992af,2e6992af4,2020-10-17,16,{'JAM'},{'JAM_STAND_STILL_TRAFFIC'},31,{2},5.0
2e6992af,2e6992af4,2020-10-17,17,{'JAM'},{'JAM'},30,{2},5.0
2e6992af,2e6992af4,2020-10-18,11,{'JAM'},{'JAM_STAND_STILL_TRAFFIC'},31,{2},5.935483870967742
2e6992af,2e6992af4,2020-10-19,16,{'JAM'},{'JAM'},32,{2},6.0
2e6992af,2e6992af4,2020-10-21,11,{'JAM'},{'JAM_STAND_STILL_TRAFFIC'},18,{2},5.0
2e6992af,2e6992af4,2020-10-22,16,{'JAM'},{'JAM_STAND_STILL_TRAFFIC'},30,{2},5.0
2e6992af,2e6992af4,2020-10-22,18,{'JAM'},{'JAM_HEAVY_TRAFFIC'},22,{2},5.0
2e6992af,2e6992af4,2020-10-24,9,{'JAM'},{'JAM_STAND_STILL_TRAFFIC'},12,{2},5.833333333333333
2e6992af,2e6992af4,2020-10-24,12,{'JAM'},{'JAM_STAND_STILL_TRAFFIC'},31,{2},5.870967741935484
2e6992af,2e6992af4,2020-10-24,15,{'JAM'},{'JAM_HEAVY_TRAFFIC'},32,{2},6.0
2e6992af,2e6992af4,2020-10-27,11,{'JAM'},{'JAM'},26,{2},5.0
2e6992af,2e6992af4,2020-10-27,13,{'JAM'},{'JAM_STAND_STILL_TRAFFIC'},31,{2},5.0
2e6992af,2e6992af4,2020-10-28,16,{'JAM'},{'JAM_HEAVY_TRAFFIC'},7,{2},5.0
2e6992af,2e6992af4,2020-10-31,10,{'JAM'},{'JAM_STAND_STILL_TRAFFIC'},30,{2},5.0
2e6992af,2e6992af4,2020-11-01,11,{'JAM'},{'JAM_STAND_STILL_TRAFFIC'},67,{2},5.0
2e6992af,2e6992af4,2020-11-01,15,{'JAM'},{'JAM_HEAVY_TRAFFIC'},56,{2},5.0
2e6992af,2e6992af4,2020-11-01,16,{'JAM'},"{'JAM_STAND_STILL_TRAFFIC', 'JAM_HEAVY_TRAFFIC'}",37,{2},5.0
2e6992af,2e6992af4,2020-11-03,16,{'JAM'},{'JAM_STAND_STILL_TRAFFIC'},31,{2},5.0
2e6992af,2e6992af4,2020-11-06,19,{'JAM'},{'JAM_MODERATE_TRAFFIC'},33,{2},5.0
2e6992af,2e6992af4,2020-11-07,10,{'JAM'},{'JAM_STAND_STILL_TRAFFIC'},31,{2},5.0
2e6992af,2e6992af4,2020-11-08,14,{'JAM'},{'JAM_STAND_STILL_TRAFFIC'},71,{2},5.211267605633803
2e6992af,2e6992af4,2020-11-17,10,{'JAM'},{'JAM_STAND_STILL_TRAFFIC'},27,{2},5.0
2e6992af,2e6992af4,2020-11-17,17,{'JAM'},{'JAM_STAND_STILL_TRAFFIC'},31,{2},5.967741935483871
2e6992af,2e6992af4,2020-11-21,10,{'JAM'},{'JAM_HEAVY_TRAFFIC'},33,{2},5.545454545454546
2e6992af,2e6992afc,2020-09-06,11,{'JAM'},{'JAM_STAND_STILL_TRAFFIC'},31,{2},5.0
2e6992af,2e6992afc,2020-09-06,20,{'JAM'},{'JAM_HEAVY_TRAFFIC'},32,{2},5.0
2e6992af,2e6992afc,2020-09-09,17,{'JAM'},{'JAM_HEAVY_TRAFFIC'},31,{2},5.0
2e6992af,2e6992afc,2020-09-09,18,{'JAM'},{'JAM_STAND_STILL_TRAFFIC'},31,{2},5.0
2e6992af,2e6992afc,2020-09-10,16,{'JAM'},{'JAM_STAND_STILL_TRAFFIC'},29,{2},5.0
2e6992af,2e6992afc,2020-09-10,17,{'JAM'},{'JAM_STAND_STILL_TRAFFIC'},31,{2},5.0
2e6992af,2e6992afc,2020-09-10,18,{'JAM'},{'JAM_STAND_STILL_TRAFFIC'},33,{2},5.0
2e6992af,2e6992afc,2020-09-10,20,{'JAM'},{'JAM'},31,{2},5.0
2e6992af,2e6992afc,2020-09-16,17,{'JAM'},{'JAM_STAND_STILL_TRAFFIC'},28,{2},5.0
2e6992af,2e6992afc,2020-09-18,18,{'JAM'},{'JAM_STAND_STILL_TRAFFIC'},31,{2},5.0
2e6992af,2e6992afc,2020-09-21,17,{'JAM'},{'JAM_HEAVY_TRAFFIC'},31,{2},5.0
2e6992af,2e6992afc,2020-09-22,12,{'JAM'},{'JAM_MODERATE_TRAFFIC'},9,{2},5.0
2e6992af,2e6992afc,2020-09-22,17,{'JAM'},{'JAM_HEAVY_TRAFFIC'},31,{2},5.0
2e6992af,2e6992afc,2020-09-23,17,{'JAM'},{'JAM_STAND_STILL_TRAFFIC'},63,{2},5.444444444444445
2e6992af,2e6992afc,2020-09-24,17,{'JAM'},"{'JAM_STAND_STILL_TRAFFIC', 'JAM_HEAVY_TRAFFIC'}",79,{2},5.0
2e6992af,2e6992afc,2020-09-25,14,{'JAM'},{'JAM_STAND_STILL_TRAFFIC'},32,{2},5.0
2e6992af,2e6992afc,2020-09-28,18,{'JAM'},{'JAM_STAND_STILL_TRAFFIC'},33,{2},5.9393939393939394
2e6992af,2e6992afc,2020-09-30,19,{'JAM'},{'JAM_STAND_STILL_TRAFFIC'},31,{2},5.0
2e6992af,2e6992afc,2020-10-01,17,{'JAM'},{'JAM_HEAVY_TRAFFIC'},65,{2},5.0
2e6992af,2e6992afc,2020-10-01,19,{'JAM'},{'JAM_HEAVY_TRAFFIC'},31,{2},5.580645161290323
2e6992af,2e6992afc,2020-10-02,15,{'JAM'},{'JAM_HEAVY_TRAFFIC'},13,{2},5.0
2e6992af,2e6992afc,2020-10-02,16,{'JAM'},{'JAM_HEAVY_TRAFFIC'},31,{2},5.838709677419355
2e6992af,2e6992afc,2020-10-03,13,{'JAM'},{'JAM_MODERATE_TRAFFIC'},10,{2},5.0
2e6992af,2e6992afc,2020-10-03,18,{'JAM'},{'JAM_STAND_STILL_TRAFFIC'},64,{2},5.0
2e6992af,2e6992afc,2020-10-04,19,{'JAM'},"{'JAM_STAND_STILL_TRAFFIC', 'JAM_HEAVY_TRAFFIC'}",60,{2},5.0
2e6992af,2e6992afc,2020-10-05,16,{'JAM'},{'JAM_STAND_STILL_TRAFFIC'},6,{2},5.0
2e6992af,2e6992afc,2020-10-05,19,{'JAM'},{'JAM_STAND_STILL_TRAFFIC'},31,{2},5.0
2e6992af,2e6992afc,2020-10-06,17,{'JAM'},{'JAM_STAND_STILL_TRAFFIC'},31,{2},5.0
2e6992af,2e6992afc,2020-10-10,8,{'JAM'},{'JAM_MODERATE_TRAFFIC'},31,{2},5.774193548387097
2e6992af,2e6992afc,2020-10-10,11,{'JAM'},{'JAM_STAND_STILL_TRAFFIC'},25,{2},5.96
2e6992af,2e6992afc,2020-10-10,16,{'JAM'},{'JAM_STAND_STILL_TRAFFIC'},30,{2},5.0
2e6992af,2e6992afc,2020-10-10,17,{'JAM'},{'JAM_HEAVY_TRAFFIC'},30,{2},5.0
2e6992af,2e6992afc,2020-10-13,12,{'JAM'},{'JAM_MODERATE_TRAFFIC'},31,{2},5.0
2e6992af,2e6992afc,2020-10-16,19,{'JAM'},{'JAM_STAND_STILL_TRAFFIC'},31,{2},6.838709677419355
2e6992af,2e6992afc,2020-10-16,20,{'JAM'},{'JAM_STAND_STILL_TRAFFIC'},53,{2},5.547169811320755
2e6992af,2e6992afc,2020-10-17,14,{'JAM'},{'JAM_HEAVY_TRAFFIC'},33,{2},5.0
2e6992af,2e6992afc,2020-10-17,16,{'JAM'},{'JAM_STAND_STILL_TRAFFIC'},44,{2},5.386363636363637
2e6992af,2e6992afc,2020-10-17,17,{'JAM'},{'JAM'},32,{2},5.0
2e6992af,2e6992afc,2020-10-17,18,{'JAM'},{'JAM_STAND_STILL_TRAFFIC'},17,{2},5.0
2e6992af,2e6992afc,2020-10-17,20,{'JAM'},{'JAM_HEAVY_TRAFFIC'},36,{2},5.0
2e6992af,2e6992afc,2020-10-18,12,{'JAM'},"{'JAM_STAND_STILL_TRAFFIC', 'JAM_HEAVY_TRAFFIC'}",63,{2},5.0
2e6992af,2e6992afc,2020-10-19,16,{'JAM'},{'JAM_HEAVY_TRAFFIC'},18,{2},5.0
2e6992af,2e6992afc,2020-10-19,17,{'JAM'},{'JAM_STAND_STILL_TRAFFIC'},30,{2},5.0
2e6992af,2e6992afc,2020-10-23,13,{'JAM'},{'JAM_MODERATE_TRAFFIC'},33,{2},5.0
2e6992af,2e6992afc,2020-10-23,17,{'JAM'},{'JAM_STAND_STILL_TRAFFIC'},63,{2},5.0
2e6992af,2e6992afc,2020-10-24,9,{'JAM'},{'JAM_STAND_STILL_TRAFFIC'},43,{2},5.930232558139535
2e6992af,2e6992afc,2020-10-26,9,{'JAM'},{'JAM_HEAVY_TRAFFIC'},24,{2},5.0
2e6992af,2e6992afc,2020-10-27,13,{'JAM'},{'JAM_STAND_STILL_TRAFFIC'},30,{2},5.0
2e6992af,2e6992afc,2020-10-27,17,{'JAM'},"{'JAM_STAND_STILL_TRAFFIC', 'JAM_HEAVY_TRAFFIC'}",98,{2},5.316326530612245
2e6992af,2e6992afc,2020-10-28,14,{'JAM'},{'JAM_STAND_STILL_TRAFFIC'},31,{2},6.0
2e6992af,2e6992afc,2020-10-28,17,{'JAM'},{'JAM_STAND_STILL_TRAFFIC'},30,{2},5.0
2e6992af,2e6992afc,2020-10-28,18,{'JAM'},{'JAM_HEAVY_TRAFFIC'},30,{2},5.0
2e6992af,2e6992afc,2020-10-31,11,{'JAM'},{'JAM_STAND_STILL_TRAFFIC'},32,{2},5.0
2e6992af,2e6992afc,2020-10-31,17,{'JAM'},{'JAM_STAND_STILL_TRAFFIC'},63,{2},5.0
2e6992af,2e6992afc,2020-10-31,19,{'JAM'},{'JAM_MODERATE_TRAFFIC'},30,{2},5.0
2e6992af,2e6992afc,2020-11-01,11,{'JAM'},"{'JAM_STAND_STILL_TRAFFIC', 'JAM_HEAVY_TRAFFIC'}",65,{2},5.0
2e6992af,2e6992afc,2020-11-02,14,{'JAM'},{'JAM_STAND_STILL_TRAFFIC'},36,{2},5.527777777777778
2e6992af,2e6992afc,2020-11-02,17,{'JAM'},{'JAM_STAND_STILL_TRAFFIC'},31,{2},5.0
2e6992af,2e6992afc,2020-11-02,20,{'JAM'},{'JAM_STAND_STILL_TRAFFIC'},34,{2},5.0
2e6992af,2e6992afc,2020-11-03,16,{'JAM'},{'JAM_STAND_STILL_TRAFFIC'},31,{2},5.0
2e6992af,2e6992afc,2020-11-05,13,{'JAM'},{'JAM_STAND_STILL_TRAFFIC'},42,{2},5.357142857142857
2e6992af,2e6992afc,2020-11-05,19,{'JAM'},{'JAM_HEAVY_TRAFFIC'},32,{2},5.0
2e6992af,2e6992afc,2020-11-05,21,{'JAM'},"{'JAM_MODERATE_TRAFFIC', 'JAM_HEAVY_TRAFFIC'}",61,{2},5.0
2e6992af,2e6992afc,2020-11-07,12,{'JAM'},{'JAM_MODERATE_TRAFFIC'},31,{2},5.0
2e6992af,2e6992afc,2020-11-07,16,{'JAM'},{'JAM_HEAVY_TRAFFIC'},30,{2},6.0
2e6992af,2e6992afc,2020-11-07,18,{'JAM'},{'JAM_STAND_STILL_TRAFFIC'},32,{2},5.0
2e6992af,2e6992afc,2020-11-07,19,{'JAM'},{'JAM_STAND_STILL_TRAFFIC'},63,{2},5.0
2e6992af,2e6992afc,2020-11-08,9,{'JAM'},{'JAM_STAND_STILL_TRAFFIC'},31,{2},5.0
2e6992af,2e6992afc,2020-11-08,10,{'JAM'},"{'JAM_STAND_STILL_TRAFFIC', 'JAM_HEAVY_TRAFFIC'}",64,{2},5.0
2e6992af,2e6992afc,2020-11-08,15,{'JAM'},{'JAM_STAND_STILL_TRAFFIC'},30,{2},5.0
2e6992af,2e6992afc,2020-11-09,17,{'JAM'},{'JAM_STAND_STILL_TRAFFIC'},30,{2},6.7
2e6992af,2e6992afc,2020-11-09,18,{'JAM'},{'JAM_STAND_STILL_TRAFFIC'},31,{2},5.67741935483871
2e6992af,2e6992afc,2020-11-10,17,{'JAM'},{'JAM_STAND_STILL_TRAFFIC'},34,{2},5.0
2e6992af,2e6992afc,2020-11-10,20,{'JAM'},{'JAM_STAND_STILL_TRAFFIC'},31,{2},5.0
2e6992af,2e6992afc,2020-11-11,17,{'JAM'},{'JAM_STAND_STILL_TRAFFIC'},32,{2},5.0
2e6992af,2e6992afc,2020-11-12,9,{'JAM'},{'JAM_STAND_STILL_TRAFFIC'},30,{2},5.8
2e6992af,2e6992afc,2020-11-12,11,{'JAM'},{'JAM_MODERATE_TRAFFIC'},31,{2},5.0
2e6992af,2e6992afc,2020-11-12,16,{'JAM'},{'JAM_STAND_STILL_TRAFFIC'},8,{2},5.875
2e6992af,2e6992afc,2020-11-13,19,{'JAM'},"{'JAM_STAND_STILL_TRAFFIC', 'JAM_HEAVY_TRAFFIC'}",54,{2},5.0
2e6992af,2e6992afc,2020-11-13,21,{'JAM'},{'JAM_STAND_STILL_TRAFFIC'},32,{2},5.78125
2e6992af,2e6992afc,2020-11-14,17,{'JAM'},{'JAM_MODERATE_TRAFFIC'},61,{2},5.0
2e6992af,2e6992afc,2020-11-16,20,{'JAM'},{'JAM_HEAVY_TRAFFIC'},34,{2},5.0
2e6992af,2e6992afc,2020-11-19,17,{'JAM'},{'JAM_STAND_STILL_TRAFFIC'},32,{2},5.0
2e6992af,2e6992afc,2020-11-20,14,{'JAM'},{'JAM_STAND_STILL_TRAFFIC'},31,{2},5.0
2e6992af,2e6992afc,2020-11-21,17,{'JAM'},{'JAM_STAND_STILL_TRAFFIC'},31,{2},5.0
2e6992b1,2e6992b04,2020-09-08,8,{'JAM'},{'JAM_STAND_STILL_TRAFFIC'},22,{2},5.7727272727272725
2e6992b1,2e6992b04,2020-09-09,10,{'JAM'},{'JAM_STAND_STILL_TRAFFIC'},30,{2},5.5
2e6992b1,2e6992b04,2020-09-13,16,{'JAM'},{'JAM_STAND_STILL_TRAFFIC'},30,{2},5.0
2e6992b1,2e6992b04,2020-10-02,16,{'JAM'},{'JAM_STAND_STILL_TRAFFIC'},7,{2},5.0
2e6992b1,2e6992b04,2020-10-05,16,{'JAM'},{'JAM_STAND_STILL_TRAFFIC'},6,{2},5.0
2e6992b1,2e6992b04,2020-10-05,18,{'JAM'},{'JAM_HEAVY_TRAFFIC'},39,{2},5.410256410256411
2e6992b1,2e6992b04,2020-10-09,13,{'JAM'},{'JAM'},23,{2},5.0
2e6992b1,2e6992b04,2020-10-09,19,{'JAM'},{'JAM_HEAVY_TRAFFIC'},31,{2},5.0
2e6992b1,2e6992b04,2020-10-10,15,{'JAM'},{'JAM_STAND_STILL_TRAFFIC'},32,{2},5.0
2e6992b1,2e6992b04,2020-10-14,10,{'JAM'},{'JAM_STAND_STILL_TRAFFIC'},23,{2},5.0
2e6992b1,2e6992b04,2020-10-14,17,{'JAM'},{'JAM_HEAVY_TRAFFIC'},33,{2},5.0
2e6992b1,2e6992b04,2020-10-14,18,{'JAM'},{'JAM_HEAVY_TRAFFIC'},32,{2},5.0
2e6992b1,2e6992b04,2020-10-15,7,{'JAM'},{'JAM_STAND_STILL_TRAFFIC'},31,{2},5.0
2e6992b1,2e6992b04,2020-10-17,16,{'JAM'},{'JAM_STAND_STILL_TRAFFIC'},30,{2},5.0
2e6992b1,2e6992b04,2020-10-18,11,{'JAM'},{'JAM_HEAVY_TRAFFIC'},21,{2},5.0
2e6992b1,2e6992b04,2020-10-19,9,{'JAM'},{'JAM_HEAVY_TRAFFIC'},30,{2},5.0
2e6992b1,2e6992b04,2020-10-20,16,{'JAM'},{'JAM_MODERATE_TRAFFIC'},30,{2},5.0
2e6992b1,2e6992b04,2020-10-21,16,{'JAM'},{'JAM_MODERATE_TRAFFIC'},30,{2},5.0
2e6992b1,2e6992b04,2020-10-22,8,{'JAM'},{'JAM_HEAVY_TRAFFIC'},23,{2},5.521739130434782
2e6992b1,2e6992b04,2020-10-24,12,{'JAM'},{'JAM_STAND_STILL_TRAFFIC'},6,{2},5.0
2e6992b1,2e6992b04,2020-10-24,16,{'JAM'},{'JAM_STAND_STILL_TRAFFIC'},31,{2},5.0
2e6992b1,2e6992b04,2020-10-24,18,{'JAM'},{'JAM_HEAVY_TRAFFIC'},30,{2},5.0
2e6992b1,2e6992b04,2020-10-25,17,{'JAM'},{'JAM_HEAVY_TRAFFIC'},27,{2},5.0
2e6992b1,2e6992b04,2020-10-26,8,{'JAM'},{'JAM_STAND_STILL_TRAFFIC'},29,{2},5.0
2e6992b1,2e6992b04,2020-10-27,10,{'JAM'},{'JAM_MODERATE_TRAFFIC'},5,{2},5.0
2e6992b1,2e6992b04,2020-10-27,13,{'JAM'},{'JAM_HEAVY_TRAFFIC'},32,{2},5.0
2e6992b1,2e6992b04,2020-10-27,17,{'JAM'},{'JAM_HEAVY_TRAFFIC'},36,{2},5.0
2e6992b1,2e6992b04,2020-10-31,9,{'JAM'},{'JAM_HEAVY_TRAFFIC'},5,{2},5.0
2e6992b1,2e6992b04,2020-11-03,16,{'JAM'},{'JAM_HEAVY_TRAFFIC'},14,{2},5.642857142857143
2e6992b1,2e6992b04,2020-11-03,17,{'JAM'},{'JAM_STAND_STILL_TRAFFIC'},28,{2},5.0
2e6992b1,2e6992b04,2020-11-05,20,{'JAM'},{'JAM_HEAVY_TRAFFIC'},31,{2},5.0
2e6992b1,2e6992b04,2020-11-06,17,{'JAM'},{'JAM_MODERATE_TRAFFIC'},32,{2},5.0
2e6992b1,2e6992b04,2020-11-06,18,{'JAM'},{'JAM_STAND_STILL_TRAFFIC'},31,{2},5.0
2e6992b1,2e6992b04,2020-11-07,16,{'JAM'},{'JAM_HEAVY_TRAFFIC'},33,{2},5.0
2e6992b1,2e6992b04,2020-11-08,13,{'JAM'},{'JAM_STAND_STILL_TRAFFIC'},18,{2},5.0
2e6992b1,2e6992b04,2020-11-08,16,{'JAM'},{'JAM_STAND_STILL_TRAFFIC'},10,{2},5.0
2e6992b1,2e6992b04,2020-11-09,15,{'JAM'},{'JAM_STAND_STILL_TRAFFIC'},32,{2},5.0
2e6992b1,2e6992b04,2020-11-09,17,{'JAM'},{'JAM_STAND_STILL_TRAFFIC'},32,{2},6.75
2e6992b1,2e6992b04,2020-11-10,16,{'JAM'},{'JAM_MODERATE_TRAFFIC'},30,{2},5.0
2e6992b1,2e6992b04,2020-11-12,16,{'JAM'},{'JAM_MODERATE_TRAFFIC'},33,{2},5.9393939393939394
2e6992b1,2e6992b04,2020-11-14,10,{'JAM'},{'JAM_STAND_STILL_TRAFFIC'},25,{2},5.0
2e6992b1,2e6992b04,2020-11-14,12,{'JAM'},{'JAM_STAND_STILL_TRAFFIC'},30,{2},5.0
2e6992b1,2e6992b04,2020-11-15,11,{'JAM'},{'JAM_STAND_STILL_TRAFFIC'},30,{2},5.0
2e6992b1,2e6992b04,2020-11-22,14,{'JAM'},{'JAM_MODERATE_TRAFFIC'},30,{2},5.0
2e6992b1,2e6992b04,2020-11-22,18,{'JAM'},{'JAM_STAND_STILL_TRAFFIC'},18,{2},5.0
2e6992b1,2e6992b0c,2020-09-01,18,{'JAM'},{'JAM_MODERATE_TRAFFIC'},1,{4},5.0
2e6992b1,2e6992b0c,2020-09-01,19,{'JAM'},{'JAM_HEAVY_TRAFFIC'},28,{4},5.0
2e6992b1,2e6992b0c,2020-09-02,16,{'WEATHERHAZARD'},{'HAZARD_ON_SHOULDER_CAR_STOPPED'},31,{4},6.064516129032258
2e6992b1,2e6992b0c,2020-09-02,19,{'JAM'},{'JAM_MODERATE_TRAFFIC'},25,{4},5.0
2e6992b1,2e6992b0c,2020-09-06,19,{'JAM'},{'JAM_HEAVY_TRAFFIC'},11,{4},5.0
2e6992b1,2e6992b0c,2020-09-08,19,{'JAM'},{'JAM_STAND_STILL_TRAFFIC'},30,{4},5.0
2e6992b1,2e6992b0c,2020-09-09,17,{'JAM'},{'JAM_HEAVY_TRAFFIC'},23,{4},5.0
2e6992b1,2e6992b0c,2020-09-10,18,{'JAM'},{'JAM_HEAVY_TRAFFIC'},16,{4},5.0
2e6992b1,2e6992b0c,2020-09-11,17,{'JAM'},{'JAM_STAND_STILL_TRAFFIC'},41,{4},5.365853658536586
2e6992b1,2e6992b0c,2020-09-12,14,{'JAM'},{'JAM_HEAVY_TRAFFIC'},30,{4},5.0
2e6992b1,2e6992b0c,2020-09-15,18,{'JAM'},{'JAM_HEAVY_TRAFFIC'},16,{4},5.0
2e6992b1,2e6992b0c,2020-09-21,17,{'JAM'},{'JAM_HEAVY_TRAFFIC'},16,{4},5.0
2e6992b1,2e6992b0c,2020-10-06,17,{'JAM'},{'JAM_HEAVY_TRAFFIC'},30,{2},5.0
2e6992b1,2e6992b0c,2020-10-19,17,{'JAM'},{'JAM_STAND_STILL_TRAFFIC'},29,{4},6.9655172413793105
2e6992b1,2e6992b0c,2020-10-20,17,{'JAM'},{'JAM_HEAVY_TRAFFIC'},49,{4},5.387755102040816
2e6992b1,2e6992b0c,2020-10-26,7,{'JAM'},{'JAM_HEAVY_TRAFFIC'},30,{4},5.966666666666667
2e6992b1,2e6992b0c,2020-10-26,17,{'JAM'},{'JAM_HEAVY_TRAFFIC'},31,{4},5.967741935483871
2e6992b1,2e6992b0c,2020-11-02,16,{'WEATHERHAZARD'},{'HAZARD_ON_SHOULDER_CAR_STOPPED'},14,{4},5.785714285714286
2e6992b1,2e6992b0c,2020-11-03,19,{'JAM'},{'JAM_STAND_STILL_TRAFFIC'},30,{4},5.866666666666666
2e6992b1,2e6992b0c,2020-11-03,20,{'JAM'},{'JAM_HEAVY_TRAFFIC'},30,{4},5.966666666666667
2e6992b1,2e6992b0c,2020-11-04,17,{'JAM'},{'JAM_STAND_STILL_TRAFFIC'},31,{4},5.903225806451613
2e6992b1,2e6992b0c,2020-11-05,18,{'JAM'},{'JAM_HEAVY_TRAFFIC'},13,{4},6.0
2e6992b1,2e6992b0c,2020-11-06,18,{'JAM'},{'JAM_STAND_STILL_TRAFFIC'},18,{4},5.0
2e6992b1,2e6992b0c,2020-11-07,13,{'JAM'},{'JAM_STAND_STILL_TRAFFIC'},32,{4},5.0
2e6992b1,2e6992b0c,2020-11-07,15,{'JAM'},{'JAM_STAND_STILL_TRAFFIC'},31,{2},5.645161290322581
2e6992b1,2e6992b0c,2020-11-11,17,{'JAM'},{'JAM_HEAVY_TRAFFIC'},15,{2},5.0
2e6992b1,2e6992b0c,2020-11-12,17,"{'JAM', 'WEATHERHAZARD'}","{'HAZARD_ON_SHOULDER_CAR_STOPPED', 'JAM_MODERATE_TRAFFIC'}",22,{4},5.636363636363637
2e6992b1,2e6992b0c,2020-11-12,18,{'WEATHERHAZARD'},{'HAZARD_ON_SHOULDER_CAR_STOPPED'},34,{4},7.205882352941177
2e6992b1,2e6992b0c,2020-11-13,18,{'JAM'},{'JAM_STAND_STILL_TRAFFIC'},31,{4},5.0
2e6992b1,2e6992b0c,2020-11-13,20,{'WEATHERHAZARD'},{'HAZARD_ON_ROAD_CAR_STOPPED'},48,{4},8.125
2e6992b1,2e6992b0c,2020-11-14,16,{'JAM'},{'JAM_HEAVY_TRAFFIC'},20,{4},6.0
2e6992b1,2e6992b0c,2020-11-16,19,{'JAM'},{'JAM_STAND_STILL_TRAFFIC'},28,{4},5.0
2e6992b1,2e6992b0c,2020-11-17,17,{'WEATHERHAZARD'},{'HAZARD_ON_SHOULDER_CAR_STOPPED'},19,{4},5.2631578947368425
2e6992b1,2e6992b0c,2020-11-18,17,{'JAM'},{'JAM_HEAVY_TRAFFIC'},23,{4},5.0
2e6992b1,2e6992b0c,2020-11-19,19,{'JAM'},{'JAM_MODERATE_TRAFFIC'},22,{4},5.0
2e6992b1,2e6992b14,2020-10-19,17,{'JAM'},{'JAM_STAND_STILL_TRAFFIC'},3,{4},5.0
2e6992b1,2e6992b14,2020-10-19,19,{'JAM'},{'JAM_STAND_STILL_TRAFFIC'},31,{4},5.0
2e6992b1,2e6992b14,2020-10-26,19,{'JAM'},{'JAM_STAND_STILL_TRAFFIC'},31,{4},5.870967741935484
2e6992b1,2e6992b14,2020-11-03,18,{'WEATHERHAZARD'},{'HAZARD_ON_ROAD_CAR_STOPPED'},31,{4},5.774193548387097
2e6992b1,2e6992b14,2020-11-04,18,{'JAM'},{'JAM_HEAVY_TRAFFIC'},44,{4},5.386363636363637
2e6992b1,2e6992b14,2020-11-05,18,{'JAM'},{'JAM_HEAVY_TRAFFIC'},20,{4},6.7
2e6992b1,2e6992b14,2020-11-06,18,{'JAM'},{'JAM_STAND_STILL_TRAFFIC'},15,{4},9.0
2e6992b1,2e6992b14,2020-11-10,16,{'WEATHERHAZARD'},{'HAZARD_ON_SHOULDER_CAR_STOPPED'},58,{4},7.689655172413793
2e6992b1,2e6992b14,2020-11-12,17,{'JAM'},{'JAM_HEAVY_TRAFFIC'},7,{4},5.0
2e6992b1,2e6992b14,2020-11-13,19,{'JAM'},{'JAM_HEAVY_TRAFFIC'},30,{4},5.0
2e6992b1,2e6992b14,2020-11-14,16,{'JAM'},{'JAM_HEAVY_TRAFFIC'},10,{4},5.0
2e6992b7,2e6992b6c,2020-09-01,18,{'JAM'},{'JAM_MODERATE_TRAFFIC'},30,{4},6.0
2e6992b7,2e6992b6c,2020-09-25,10,{'ACCIDENT'},{'ACCIDENT_MINOR'},139,{4},8.93525179856115
2e6992b7,2e6992b6c,2020-09-30,16,{'WEATHERHAZARD'},{'HAZARD_ON_ROAD_CAR_STOPPED'},31,{4},5.741935483870968
2e6992b7,2e6992b6c,2020-10-17,14,{'JAM'},{'JAM_STAND_STILL_TRAFFIC'},5,{4},5.0
2e6992b7,2e6992b6c,2020-10-19,9,{'JAM'},{'JAM_HEAVY_TRAFFIC'},7,{4},5.0
2e6992b7,2e6992b6c,2020-11-03,17,{'JAM'},{'JAM_STAND_STILL_TRAFFIC'},8,{4},5.0
2e6992b7,2e6992b6c,2020-11-04,17,{'JAM'},{'JAM_HEAVY_TRAFFIC'},32,{4},5.0
2e6992b7,2e6992b74,2020-10-23,8,{'WEATHERHAZARD'},{'HAZARD_ON_ROAD_CAR_STOPPED'},29,{4},5.862068965517241
2e6992b7,2e6992b74,2020-11-09,17,{'JAM'},{'JAM_HEAVY_TRAFFIC'},6,{4},5.0
2e6992b7,2e6992b74,2020-11-16,8,{'JAM'},{'JAM_STAND_STILL_TRAFFIC'},32,{4},5.53125
2e6992b9,2e6992b84,2020-09-04,17,{'JAM'},{'JAM_HEAVY_TRAFFIC'},31,{2},5.741935483870968
2e6992b9,2e6992b84,2020-09-09,16,{'JAM'},{'JAM_HEAVY_TRAFFIC'},30,{2},5.9
2e6992b9,2e6992b84,2020-09-12,14,{'JAM'},"{'JAM_MODERATE_TRAFFIC', 'JAM_HEAVY_TRAFFIC'}",62,{2},5.0
2e6992b9,2e6992b84,2020-09-15,19,{'JAM'},{'JAM_STAND_STILL_TRAFFIC'},63,"{1, 2}",5.0
2e6992b9,2e6992b84,2020-09-21,17,{'JAM'},{'JAM_HEAVY_TRAFFIC'},31,{2},5.0
2e6992b9,2e6992b84,2020-10-02,12,{'JAM'},{'JAM_STAND_STILL_TRAFFIC'},1,{2},5.0
2e6992b9,2e6992b84,2020-10-10,17,{'WEATHERHAZARD'},{'HAZARD_ON_ROAD_CAR_STOPPED'},18,{2},6.333333333333333
2e6992b9,2e6992b84,2020-10-17,15,{'JAM'},{'JAM_STAND_STILL_TRAFFIC'},45,{2},5.977777777777778
2e6992b9,2e6992b84,2020-10-24,11,{'JAM'},{'JAM_STAND_STILL_TRAFFIC'},31,{2},5.0
2e6992b9,2e6992b84,2020-10-27,16,{'JAM'},{'JAM_HEAVY_TRAFFIC'},30,{2},5.0
2e6992b9,2e6992b84,2020-10-28,10,{'ACCIDENT'},{'ACCIDENT'},121,{1},5.991735537190083
2e6992b9,2e6992b84,2020-10-29,14,{'JAM'},{'JAM_HEAVY_TRAFFIC'},32,{2},5.0
2e6992b9,2e6992b84,2020-11-06,18,{'JAM'},{'JAM_HEAVY_TRAFFIC'},31,{2},5.0
2e6992b9,2e6992b84,2020-11-07,15,{'JAM'},{'JAM_HEAVY_TRAFFIC'},30,{2},5.0
2e6992b9,2e6992b84,2020-11-11,18,{'JAM'},{'JAM_HEAVY_TRAFFIC'},31,{2},5.0
2e6992b9,2e6992b84,2020-11-16,8,{'JAM'},{'JAM_STAND_STILL_TRAFFIC'},31,{2},5.0
2e6992b9,2e6992b84,2020-11-16,17,{'JAM'},{'JAM_HEAVY_TRAFFIC'},27,{2},5.0
2e6992b9,2e6992b9c,2020-09-12,15,{'JAM'},{'JAM'},31,{1},5.0
2e6992b9,2e6992b9c,2020-09-15,19,{'JAM'},{'JAM_HEAVY_TRAFFIC'},31,{2},5.0
2e6992b9,2e6992b9c,2020-09-25,16,{'JAM'},{'JAM_STAND_STILL_TRAFFIC'},21,{2},5.0
2e6992b9,2e6992b9c,2020-10-02,12,{'JAM'},{'JAM_STAND_STILL_TRAFFIC'},39,{2},7.282051282051282
2e6992b9,2e6992b9c,2020-10-04,8,{'JAM'},{'JAM_MODERATE_TRAFFIC'},31,{2},5.0
2e6992b9,2e6992b9c,2020-10-05,18,{'JAM'},{'JAM_STAND_STILL_TRAFFIC'},31,{2},5.0
2e6992b9,2e6992b9c,2020-10-08,11,{'JAM'},{'JAM'},6,{2},5.0
2e6992b9,2e6992b9c,2020-10-08,14,{'JAM'},{'JAM_HEAVY_TRAFFIC'},31,{2},5.0
2e6992b9,2e6992b9c,2020-10-15,16,{'JAM'},{'JAM_MODERATE_TRAFFIC'},10,{2},5.0
2e6992b9,2e6992b9c,2020-10-17,12,{'JAM'},{'JAM_STAND_STILL_TRAFFIC'},31,{2},5.0
2e6992b9,2e6992b9c,2020-10-17,14,{'JAM'},{'JAM_MODERATE_TRAFFIC'},33,{2},5.0
2e6992b9,2e6992b9c,2020-10-19,17,{'JAM'},{'JAM_STAND_STILL_TRAFFIC'},30,{2},5.0
2e6992b9,2e6992b9c,2020-10-20,7,{'JAM'},{'JAM_STAND_STILL_TRAFFIC'},7,{2},5.0
2e6992b9,2e6992b9c,2020-10-24,11,{'JAM'},{'JAM_STAND_STILL_TRAFFIC'},31,{2},5.0
2e6992b9,2e6992b9c,2020-10-26,17,{'JAM'},{'JAM_HEAVY_TRAFFIC'},31,{2},5.0
2e6992b9,2e6992b9c,2020-11-05,17,{'JAM'},{'JAM_HEAVY_TRAFFIC'},30,{2},5.0
2e6992b9,2e6992b9c,2020-11-06,18,{'JAM'},{'JAM_HEAVY_TRAFFIC'},31,{2},5.0
2e6992b9,2e6992b9c,2020-11-07,14,{'JAM'},{'JAM_STAND_STILL_TRAFFIC'},30,{2},5.0
2e6992b9,2e6992b9c,2020-11-17,19,{'JAM'},{'JAM_STAND_STILL_TRAFFIC'},30,{2},5.0
2e6992b9,2e6992b9c,2020-11-19,17,{'JAM'},{'JAM_STAND_STILL_TRAFFIC'},33,{2},5.0
2e6992b9,2e6992b9c,2020-11-21,16,{'JAM'},{'JAM_HEAVY_TRAFFIC'},32,{2},5.0
2e6992b9,2e6992b9c,2020-11-22,9,{'JAM'},{'JAM_STAND_STILL_TRAFFIC'},9,{2},5.0
2e6992bb,2e6992ba4,2020-09-02,22,{'WEATHERHAZARD'},{'HAZARD_ON_ROAD_CONSTRUCTION'},44,{2},6.590909090909091
2e6992bb,2e6992ba4,2020-09-04,20,{'JAM'},{'JAM_HEAVY_TRAFFIC'},21,{2},5.0
2e6992bb,2e6992ba4,2020-09-08,8,{'JAM'},"{'JAM_STAND_STILL_TRAFFIC', 'JAM_MODERATE_TRAFFIC'}",77,{2},5.0
2e6992bb,2e6992ba4,2020-09-08,19,{'JAM'},"{'JAM_STAND_STILL_TRAFFIC', 'JAM_HEAVY_TRAFFIC'}",43,{2},5.0
2e6992bb,2e6992ba4,2020-09-10,8,{'JAM'},{'JAM_STAND_STILL_TRAFFIC'},9,{2},5.0
2e6992bb,2e6992ba4,2020-09-26,11,{'JAM'},{'JAM_HEAVY_TRAFFIC'},20,{2},5.65
2e6992bb,2e6992ba4,2020-09-26,14,{'JAM'},{'JAM_STAND_STILL_TRAFFIC'},31,{2},5.0
2e6992bb,2e6992ba4,2020-10-03,11,{'JAM'},{'JAM_STAND_STILL_TRAFFIC'},47,{2},5.0
2e6992bb,2e6992ba4,2020-10-03,12,{'JAM'},{'JAM_HEAVY_TRAFFIC'},30,{2},5.0
2e6992bb,2e6992ba4,2020-10-16,13,{'JAM'},{'JAM_MODERATE_TRAFFIC'},15,{2},5.0
2e6992bb,2e6992ba4,2020-10-18,11,{'JAM'},{'JAM_HEAVY_TRAFFIC'},32,{2},5.0
2e6992bb,2e6992ba4,2020-10-19,8,{'JAM'},{'JAM_HEAVY_TRAFFIC'},62,{2},5.0
2e6992bb,2e6992ba4,2020-10-19,9,{'JAM'},{'JAM_HEAVY_TRAFFIC'},30,{2},5.0
2e6992bb,2e6992ba4,2020-10-24,9,{'JAM'},{'JAM_STAND_STILL_TRAFFIC'},7,{2},5.0
2e6992bb,2e6992ba4,2020-10-24,12,{'JAM'},{'JAM_HEAVY_TRAFFIC'},30,{2},5.0
2e6992bb,2e6992ba4,2020-10-26,7,{'JAM'},"{'JAM_STAND_STILL_TRAFFIC', 'JAM_HEAVY_TRAFFIC'}",33,{2},5.212121212121212
2e6992bb,2e6992ba4,2020-10-26,17,{'JAM'},"{'JAM_MODERATE_TRAFFIC', 'JAM_HEAVY_TRAFFIC'}",63,{2},5.0
2e6992bb,2e6992ba4,2020-10-27,18,{'JAM'},{'JAM_HEAVY_TRAFFIC'},14,{2},5.0
2e6992bb,2e6992ba4,2020-11-02,11,{'JAM'},{'JAM_HEAVY_TRAFFIC'},25,{2},5.0
2e6992bb,2e6992ba4,2020-11-03,17,{'JAM'},{'JAM_HEAVY_TRAFFIC'},31,{2},5.0
2e6992bb,2e6992ba4,2020-11-03,18,{'JAM'},{'JAM_HEAVY_TRAFFIC'},8,{2},5.0
2e6992bb,2e6992ba4,2020-11-05,14,{'JAM'},{'JAM_STAND_STILL_TRAFFIC'},30,{2},5.0
2e6992bb,2e6992ba4,2020-11-05,17,{'JAM'},"{'JAM_STAND_STILL_TRAFFIC', 'JAM_HEAVY_TRAFFIC'}",62,{2},5.241935483870968
2e6992bb,2e6992ba4,2020-11-05,18,{'JAM'},{'JAM_HEAVY_TRAFFIC'},30,{4},5.0
2e6992bb,2e6992ba4,2020-11-05,19,{'JAM'},{'JAM_HEAVY_TRAFFIC'},32,{2},5.0
2e6992bb,2e6992ba4,2020-11-06,16,{'JAM'},{'JAM_STAND_STILL_TRAFFIC'},9,{2},5.0
2e6992bb,2e6992ba4,2020-11-06,18,{'JAM'},{'JAM_STAND_STILL_TRAFFIC'},27,{2},5.0
2e6992bb,2e6992ba4,2020-11-09,17,{'JAM'},{'JAM_STAND_STILL_TRAFFIC'},21,{2},5.761904761904762
2e6992bb,2e6992ba4,2020-11-13,14,{'JAM'},{'JAM_HEAVY_TRAFFIC'},8,{2},5.0
2e6992bb,2e6992ba4,2020-11-16,17,{'JAM'},"{'JAM', 'JAM_MODERATE_TRAFFIC'}",79,"{1, 2}",5.253164556962025
2e6992bb,2e6992ba4,2020-11-16,18,{'JAM'},{'JAM_HEAVY_TRAFFIC'},22,{2},5.0
2e6992bb,2e6992ba4,2020-11-17,7,{'JAM'},"{'JAM_MODERATE_TRAFFIC', 'JAM_HEAVY_TRAFFIC'}",33,{2},5.0
2e6992bb,2e6992ba4,2020-11-22,14,{'JAM'},{'JAM_STAND_STILL_TRAFFIC'},15,{2},5.0
2e6992bb,2e6992bac,2020-10-11,11,{'JAM'},{'JAM_HEAVY_TRAFFIC'},38,{2},6.052631578947368
2e6992bb,2e6992bac,2020-10-18,14,{'JAM'},{'JAM_HEAVY_TRAFFIC'},32,{2},5.0
2e6992bb,2e6992bac,2020-10-19,8,{'JAM'},{'JAM_STAND_STILL_TRAFFIC'},74,{2},6.175675675675675
2e6992bb,2e6992bac,2020-10-20,16,{'JAM'},{'JAM_MODERATE_TRAFFIC'},9,{2},5.0
2e6992bb,2e6992bac,2020-10-24,12,{'JAM'},{'JAM_STAND_STILL_TRAFFIC'},28,{2},5.0
2e6992bb,2e6992bac,2020-11-02,11,{'JAM'},{'JAM_HEAVY_TRAFFIC'},31,{2},5.0
2e6992bb,2e6992bac,2020-11-03,16,{'JAM'},{'JAM_MODERATE_TRAFFIC'},23,{2},5.0
2e6992bb,2e6992bac,2020-11-06,18,{'JAM'},{'JAM_STAND_STILL_TRAFFIC'},30,{2},5.0
2e6992bb,2e6992bbc,2020-09-08,12,{'JAM'},{'JAM'},7,{2},5.0
2e6992bb,2e6992bbc,2020-10-05,17,{'JAM'},{'JAM_HEAVY_TRAFFIC'},30,{2},5.0
2e6992bb,2e6992bbc,2020-10-17,14,{'JAM'},"{'JAM_STAND_STILL_TRAFFIC', 'JAM_HEAVY_TRAFFIC'}",49,{2},5.530612244897959
2e6992bb,2e6992bbc,2020-10-17,17,{'JAM'},{'JAM_HEAVY_TRAFFIC'},32,{2},5.0
2e6992bb,2e6992bbc,2020-10-24,16,{'JAM'},{'JAM_HEAVY_TRAFFIC'},30,{2},5.0
2e6992bb,2e6992bbc,2020-11-03,17,{'JAM'},{'JAM_HEAVY_TRAFFIC'},31,{2},5.0
2e6992bb,2e6992bbc,2020-11-05,17,{'JAM'},{'JAM_STAND_STILL_TRAFFIC'},30,{2},5.0
2e6992bb,2e6992bbc,2020-11-05,18,{'JAM'},{'JAM_HEAVY_TRAFFIC'},32,{2},6.34375
2e6992bb,2e6992bbc,2020-11-05,20,{'JAM'},{'JAM_HEAVY_TRAFFIC'},31,{2},5.0
2e6992bb,2e6992bbc,2020-11-06,16,{'JAM'},{'JAM_STAND_STILL_TRAFFIC'},6,{2},5.833333333333333
2e6992bb,2e6992bbc,2020-11-06,17,{'JAM'},{'JAM_HEAVY_TRAFFIC'},31,{2},5.0
2e6992bb,2e6992bbc,2020-11-10,17,{'JAM'},{'JAM_STAND_STILL_TRAFFIC'},39,{2},5.0
2e6992bb,2e6992bbc,2020-11-16,17,{'JAM'},{'JAM_STAND_STILL_TRAFFIC'},19,{2},5.0
2e6992bb,2e6992bbc,2020-11-20,17,{'WEATHERHAZARD'},{'HAZARD_ON_SHOULDER_CAR_STOPPED'},31,{4},6.967741935483871
2e6992bd,2e6992bc4,2020-09-01,18,{'JAM'},{'JAM_STAND_STILL_TRAFFIC'},35,{2},5.542857142857143
2e6992bd,2e6992bc4,2020-09-11,17,{'JAM'},{'JAM_STAND_STILL_TRAFFIC'},23,{2},5.0
2e6992bd,2e6992bc4,2020-09-24,18,{'JAM'},"{'JAM_STAND_STILL_TRAFFIC', 'JAM_HEAVY_TRAFFIC'}",53,{2},6.509433962264151
2e6992bd,2e6992bc4,2020-09-30,18,{'JAM'},{'JAM_HEAVY_TRAFFIC'},19,{2},5.0
2e6992bd,2e6992bc4,2020-10-05,17,{'JAM'},{'JAM_STAND_STILL_TRAFFIC'},32,{2},6.59375
2e6992bd,2e6992bc4,2020-10-05,19,{'JAM'},{'JAM_HEAVY_TRAFFIC'},31,{2},6.967741935483871
2e6992bd,2e6992bc4,2020-10-07,17,{'JAM'},{'JAM_STAND_STILL_TRAFFIC'},41,{2},5.463414634146342
2e6992bd,2e6992bc4,2020-10-10,14,{'JAM'},{'JAM_STAND_STILL_TRAFFIC'},70,{2},5.485714285714286
2e6992bd,2e6992bc4,2020-10-17,14,{'JAM'},{'JAM_HEAVY_TRAFFIC'},5,{2},5.0
2e6992bd,2e6992bc4,2020-10-17,15,{'JAM'},{'JAM_STAND_STILL_TRAFFIC'},37,{2},5.783783783783784
2e6992bd,2e6992bc4,2020-10-17,18,{'JAM'},{'JAM_STAND_STILL_TRAFFIC'},8,{2},5.0
2e6992bd,2e6992bc4,2020-10-24,16,{'JAM'},{'JAM_HEAVY_TRAFFIC'},33,{2},5.0
2e6992bd,2e6992bc4,2020-11-05,15,{'JAM'},{'JAM_STAND_STILL_TRAFFIC'},48,{2},5.854166666666667
2e6992bd,2e6992bc4,2020-11-05,17,{'JAM'},{'JAM'},32,{2},6.625
2e6992bd,2e6992bc4,2020-11-05,18,{'JAM'},{'JAM_STAND_STILL_TRAFFIC'},4,{2},5.0
2e6992bd,2e6992bc4,2020-11-07,14,{'JAM'},{'JAM_HEAVY_TRAFFIC'},15,{2},7.466666666666667
2e6992bd,2e6992bc4,2020-11-07,17,{'JAM'},{'JAM_STAND_STILL_TRAFFIC'},42,{2},6.333333333333333
2e6992bd,2e6992bc4,2020-11-10,17,{'JAM'},{'JAM_STAND_STILL_TRAFFIC'},32,{2},5.0
2e6992bd,2e6992bc4,2020-11-19,18,{'JAM'},{'JAM_HEAVY_TRAFFIC'},31,{2},5.0
2e6992bd,2e6992bd4,2020-09-01,18,{'JAM'},{'JAM_STAND_STILL_TRAFFIC'},28,{2},5.0
2e6992bd,2e6992bd4,2020-09-05,17,{'JAM'},{'JAM_HEAVY_TRAFFIC'},31,{2},5.806451612903226
2e6992bd,2e6992bd4,2020-09-07,18,{'JAM'},{'JAM_HEAVY_TRAFFIC'},13,{2},5.0
2e6992bd,2e6992bd4,2020-09-19,13,{'JAM'},{'JAM_MODERATE_TRAFFIC'},7,{2},8.0
2e6992bd,2e6992bd4,2020-09-20,16,{'JAM'},{'JAM_MODERATE_TRAFFIC'},31,{2},5.0
2e6992bd,2e6992bd4,2020-09-21,17,{'JAM'},{'JAM_MODERATE_TRAFFIC'},12,{2},5.0
2e6992bd,2e6992bd4,2020-09-24,16,{'JAM'},{'JAM_MODERATE_TRAFFIC'},21,{2},5.0
2e6992bd,2e6992bd4,2020-10-04,16,{'JAM'},{'JAM_MODERATE_TRAFFIC'},30,{2},5.0
2e6992bd,2e6992bd4,2020-10-05,18,{'JAM'},{'JAM_HEAVY_TRAFFIC'},31,{2},5.0
2e6992bd,2e6992bd4,2020-10-10,14,{'JAM'},{'JAM_STAND_STILL_TRAFFIC'},64,{2},5.0
2e6992bd,2e6992bd4,2020-10-17,15,{'JAM'},{'JAM_STAND_STILL_TRAFFIC'},30,{1},5.8
2e6992bd,2e6992bd4,2020-10-17,17,{'JAM'},{'JAM_STAND_STILL_TRAFFIC'},27,{2},6.666666666666667
2e6992bd,2e6992bd4,2020-10-19,17,{'JAM'},{'JAM_MODERATE_TRAFFIC'},28,{2},5.0
2e6992bd,2e6992bd4,2020-10-24,15,{'JAM'},{'JAM_STAND_STILL_TRAFFIC'},30,{2},5.0
2e6992bd,2e6992bd4,2020-10-24,17,{'JAM'},{'JAM_HEAVY_TRAFFIC'},40,{2},5.425
2e6992bd,2e6992bd4,2020-11-01,17,{'JAM'},{'JAM_HEAVY_TRAFFIC'},60,{2},5.0
2e6992bd,2e6992bd4,2020-11-05,19,{'JAM'},{'JAM_HEAVY_TRAFFIC'},31,{2},5.0
2e6992bd,2e6992bd4,2020-11-06,16,{'JAM'},"{'JAM_STAND_STILL_TRAFFIC', 'JAM_HEAVY_TRAFFIC'}",72,{2},5.097222222222222
2e6992bd,2e6992bd4,2020-11-07,12,{'JAM'},{'JAM_HEAVY_TRAFFIC'},19,{2},5.0
2e6992bd,2e6992bd4,2020-11-07,14,{'JAM'},{'JAM_STAND_STILL_TRAFFIC'},32,{2},7.0
2e6992bd,2e6992bd4,2020-11-07,16,{'JAM'},{'JAM_HEAVY_TRAFFIC'},31,{2},5.0
2e6992bd,2e6992bd4,2020-11-07,17,{'JAM'},{'JAM_STAND_STILL_TRAFFIC'},7,{2},5.0
2e6992bd,2e6992bd4,2020-11-10,17,{'JAM'},{'JAM_HEAVY_TRAFFIC'},33,{2},6.242424242424242
2e6992bd,2e6992bd4,2020-11-12,17,{'JAM'},{'JAM_HEAVY_TRAFFIC'},45,{2},5.466666666666667
2e6992bd,2e6992bd4,2020-11-14,16,{'JAM'},{'JAM_HEAVY_TRAFFIC'},21,{2},5.0
2e6992bd,2e6992bd4,2020-11-21,19,{'JAM'},{'JAM_HEAVY_TRAFFIC'},31,{2},5.0
2e6992bd,2e6992bd4,2020-11-22,15,{'JAM'},{'JAM_STAND_STILL_TRAFFIC'},14,{2},5.0
2e6992bd,2e6992bdc,2020-09-03,17,{'JAM'},{'JAM_STAND_STILL_TRAFFIC'},31,{2},5.0
2e6992bd,2e6992bdc,2020-09-04,17,{'JAM'},{'JAM_STAND_STILL_TRAFFIC'},36,{2},5.444444444444445
2e6992bd,2e6992bdc,2020-09-28,17,{'JAM'},{'JAM_HEAVY_TRAFFIC'},6,{2},5.0
2e6992bd,2e6992bdc,2020-10-02,16,{'JAM'},{'JAM_HEAVY_TRAFFIC'},5,{2},5.0
2e6992bd,2e6992bdc,2020-10-04,17,{'JAM'},{'JAM_STAND_STILL_TRAFFIC'},8,{2},5.0
2e6992bd,2e6992bdc,2020-10-05,18,{'JAM'},"{'JAM_STAND_STILL_TRAFFIC', 'JAM_HEAVY_TRAFFIC'}",61,{2},5.0
2e6992bd,2e6992bdc,2020-10-07,17,{'JAM'},{'JAM_STAND_STILL_TRAFFIC'},9,{2},5.0
2e6992bd,2e6992bdc,2020-10-17,15,{'JAM'},{'JAM_STAND_STILL_TRAFFIC'},32,{2},5.9375
2e6992bd,2e6992bdc,2020-10-17,17,{'JAM'},{'JAM_STAND_STILL_TRAFFIC'},15,{2},8.0
2e6992bd,2e6992bdc,2020-10-17,18,{'JAM'},{'JAM_STAND_STILL_TRAFFIC'},6,{2},5.0
2e6992bd,2e6992bdc,2020-10-24,15,{'JAM'},{'JAM_STAND_STILL_TRAFFIC'},33,{2},5.0
2e6992bd,2e6992bdc,2020-10-24,16,{'JAM'},{'JAM_HEAVY_TRAFFIC'},31,{2},5.0
2e6992bd,2e6992bdc,2020-10-24,17,{'JAM'},{'JAM_STAND_STILL_TRAFFIC'},32,{2},5.0
2e6992bd,2e6992bdc,2020-10-26,18,{'JAM'},{'JAM_HEAVY_TRAFFIC'},31,{2},5.0
2e6992bd,2e6992bdc,2020-11-02,19,{'JAM'},{'JAM_HEAVY_TRAFFIC'},30,{2},5.0
2e6992bd,2e6992bdc,2020-11-04,19,{'JAM'},{'JAM_HEAVY_TRAFFIC'},30,{2},5.0
2e6992bd,2e6992bdc,2020-11-05,18,"{'JAM', 'ACCIDENT'}","{'JAM_STAND_STILL_TRAFFIC', 'ACCIDENT_MAJOR'}",183,{2},5.978142076502732
2e6992bd,2e6992bdc,2020-11-05,20,{'JAM'},{'JAM_HEAVY_TRAFFIC'},31,{2},5.0
2e6992bd,2e6992bdc,2020-11-06,19,{'JAM'},{'JAM_STAND_STILL_TRAFFIC'},42,{2},5.904761904761905
2e6992bd,2e6992bdc,2020-11-07,14,{'JAM'},{'JAM_STAND_STILL_TRAFFIC'},30,{2},6.533333333333333
2e6992bd,2e6992bdc,2020-11-07,15,{'JAM'},{'JAM_HEAVY_TRAFFIC'},22,{2},5.0
2e6992bd,2e6992bdc,2020-11-07,16,{'JAM'},{'JAM'},9,{2},5.0
2e6992bd,2e6992bdc,2020-11-07,17,{'JAM'},{'JAM_STAND_STILL_TRAFFIC'},6,{2},5.0
2e6992bd,2e6992bdc,2020-11-09,18,{'JAM'},{'JAM'},19,{2},6.578947368421052
2e6992bd,2e6992bdc,2020-11-10,17,{'JAM'},{'JAM_HEAVY_TRAFFIC'},16,{2},8.0
2e6992bd,2e6992bdc,2020-11-11,19,{'JAM'},{'JAM_HEAVY_TRAFFIC'},30,{2},5.0
2e6992bd,2e6992bdc,2020-11-16,8,{'JAM'},{'JAM_STAND_STILL_TRAFFIC'},6,{2},5.0
2e6992bd,2e6992bdc,2020-11-20,19,{'JAM'},{'JAM_HEAVY_TRAFFIC'},31,{2},5.967741935483871
2e6992bf,2e6992bec,2020-09-07,18,{'ACCIDENT'},{'ACCIDENT'},120,{22},5.0
2e6992bf,2e6992bfc,2020-10-15,23,{'JAM'},{'JAM_STAND_STILL_TRAFFIC'},34,{1},5.0
2e6992c1,2e6992c0c,2020-10-05,7,{'ACCIDENT'},{'ACCIDENT'},122,{1},5.0
2e6992c5,2e6992c54,2020-10-19,16,{'JAM'},{'JAM_HEAVY_TRAFFIC'},32,{2},5.0
2e6992c5,2e6992c54,2020-11-03,17,{'JAM'},{'JAM_STAND_STILL_TRAFFIC'},35,{2},6.4
2e6992c5,2e6992c54,2020-11-03,18,{'JAM'},{'JAM_HEAVY_TRAFFIC'},27,{2},5.518518518518518
2e6992c5,2e6992c54,2020-11-06,17,{'JAM'},{'JAM_STAND_STILL_TRAFFIC'},31,{2},5.0
2e6992c5,2e6992c54,2020-11-06,18,"{'JAM', 'ACCIDENT'}","{'JAM', 'ACCIDENT'}",152,{1},5.0
2e6992c5,2e6992c54,2020-11-07,16,{'JAM'},{'JAM_STAND_STILL_TRAFFIC'},30,{2},7.0
2e6992c5,2e6992c54,2020-11-09,18,{'JAM'},{'JAM_HEAVY_TRAFFIC'},30,{2},5.0
2e6992c7,2e6992c7c,2020-10-03,11,{'JAM'},{'JAM_HEAVY_TRAFFIC'},32,{2},5.0
2e6992c7,2e6992c7c,2020-11-07,14,{'JAM'},{'JAM_STAND_STILL_TRAFFIC'},32,{2},5.0
2e6992c9,2e6992c84,2020-09-08,8,{'JAM'},{'JAM_STAND_STILL_TRAFFIC'},32,{2},5.0
2e6992c9,2e6992c84,2020-09-28,17,{'JAM'},{'JAM_HEAVY_TRAFFIC'},31,{2},5.0
2e6992c9,2e6992c84,2020-10-02,12,{'JAM'},"{'JAM_STAND_STILL_TRAFFIC', 'JAM_HEAVY_TRAFFIC'}",63,{2},6.857142857142857
2e6992c9,2e6992c84,2020-10-05,8,{'WEATHERHAZARD'},{'HAZARD_ON_SHOULDER_CAR_STOPPED'},41,{2},7.634146341463414
2e6992c9,2e6992c84,2020-10-27,14,{'JAM'},{'JAM_STAND_STILL_TRAFFIC'},31,{2},5.0
2e6992c9,2e6992c84,2020-10-27,21,{'JAM'},{'JAM'},31,{2},6.967741935483871
2e6992c9,2e6992c84,2020-11-01,19,{'JAM'},{'JAM_HEAVY_TRAFFIC'},43,{2},5.0
2e6992c9,2e6992c84,2020-11-03,14,{'WEATHERHAZARD'},{'HAZARD_ON_SHOULDER_CAR_STOPPED'},36,{2},5.944444444444445
2e6992c9,2e6992c84,2020-11-03,18,{'JAM'},{'JAM_HEAVY_TRAFFIC'},33,{2},5.0
2e6992c9,2e6992c84,2020-11-05,17,{'JAM'},{'JAM_STAND_STILL_TRAFFIC'},31,{1},5.967741935483871
2e6992c9,2e6992c84,2020-11-07,15,{'JAM'},{'JAM_STAND_STILL_TRAFFIC'},32,{2},5.0
2e6992c9,2e6992c84,2020-11-09,11,{'JAM'},{'JAM_STAND_STILL_TRAFFIC'},35,{2},5.457142857142857
2e6992c9,2e6992c84,2020-11-09,18,{'JAM'},{'JAM_STAND_STILL_TRAFFIC'},31,{2},5.0
2e6992c9,2e6992c84,2020-11-10,17,{'JAM'},{'JAM_HEAVY_TRAFFIC'},33,{2},5.0
2e6992c9,2e6992c84,2020-11-16,10,{'JAM'},{'JAM_HEAVY_TRAFFIC'},30,{2},5.0
2e6992c9,2e6992c84,2020-11-18,20,{'JAM'},{'JAM_STAND_STILL_TRAFFIC'},32,{2},5.0
2e6992c9,2e6992c84,2020-11-20,19,{'JAM'},{'JAM_STAND_STILL_TRAFFIC'},32,{1},5.0
2e6992c9,2e6992c84,2020-11-21,12,{'JAM'},{'JAM_STAND_STILL_TRAFFIC'},30,{2},5.933333333333334
2e6992c9,2e6992c8c,2020-09-05,15,{'JAM'},{'JAM_HEAVY_TRAFFIC'},32,{2},5.96875
2e6992c9,2e6992c8c,2020-09-06,13,{'JAM'},{'JAM_STAND_STILL_TRAFFIC'},30,{2},5.0
2e6992c9,2e6992c8c,2020-09-08,17,{'JAM'},{'JAM_HEAVY_TRAFFIC'},25,{2},5.0
2e6992c9,2e6992c8c,2020-09-27,12,{'JAM'},{'JAM_MODERATE_TRAFFIC'},24,{2},5.0
2e6992c9,2e6992c8c,2020-09-28,15,{'JAM'},{'JAM'},30,{2},5.0
2e6992c9,2e6992c8c,2020-10-02,16,{'JAM'},{'JAM_HEAVY_TRAFFIC'},28,{2},5.0
2e6992c9,2e6992c8c,2020-10-04,17,{'JAM'},{'JAM_STAND_STILL_TRAFFIC'},31,{2},5.0
2e6992c9,2e6992c8c,2020-10-05,17,{'JAM'},{'JAM_HEAVY_TRAFFIC'},32,{2},5.0
2e6992c9,2e6992c8c,2020-10-10,15,{'JAM'},{'JAM_STAND_STILL_TRAFFIC'},32,{2},5.0
2e6992c9,2e6992c8c,2020-10-11,13,{'JAM'},{'JAM_STAND_STILL_TRAFFIC'},32,{2},5.0
2e6992c9,2e6992c8c,2020-10-14,10,{'JAM'},{'JAM_STAND_STILL_TRAFFIC'},30,{2},5.0
2e6992c9,2e6992c8c,2020-10-27,18,{'JAM'},{'JAM_HEAVY_TRAFFIC'},13,{2},5.0
2e6992c9,2e6992c8c,2020-11-01,17,{'JAM'},{'JAM_MODERATE_TRAFFIC'},31,{2},5.0
2e6992c9,2e6992c8c,2020-11-02,15,{'JAM'},{'JAM_HEAVY_TRAFFIC'},32,{2},5.0
2e6992c9,2e6992c8c,2020-11-03,14,{'JAM'},{'JAM_STAND_STILL_TRAFFIC'},31,{2},5.0
2e6992c9,2e6992c8c,2020-11-04,16,{'JAM'},{'JAM_STAND_STILL_TRAFFIC'},33,{2},5.0
2e6992c9,2e6992c8c,2020-11-06,7,{'JAM'},{'JAM_HEAVY_TRAFFIC'},56,{2},5.0
2e6992c9,2e6992c8c,2020-11-07,10,{'JAM'},{'JAM_STAND_STILL_TRAFFIC'},31,{2},5.0
2e6992c9,2e6992c8c,2020-11-07,15,{'JAM'},{'JAM_STAND_STILL_TRAFFIC'},32,{2},5.625
2e6992c9,2e6992c8c,2020-11-07,16,{'JAM'},{'JAM_STAND_STILL_TRAFFIC'},61,{2},5.950819672131147
2e6992c9,2e6992c8c,2020-11-07,17,{'JAM'},{'JAM_STAND_STILL_TRAFFIC'},23,{2},5.0
2e6992c9,2e6992c8c,2020-11-09,19,{'JAM'},{'JAM_HEAVY_TRAFFIC'},31,{2},5.0
2e6992c9,2e6992c8c,2020-11-10,17,{'JAM'},{'JAM_STAND_STILL_TRAFFIC'},19,{2},5.0
2e6992c9,2e6992c8c,2020-11-15,12,{'JAM'},{'JAM_HEAVY_TRAFFIC'},12,{2},5.0
2e6992c9,2e6992c8c,2020-11-22,16,{'JAM'},{'JAM_STAND_STILL_TRAFFIC'},11,{2},5.0
2e6992cf,2e6992cf4,2020-09-09,10,{'JAM'},{'JAM_STAND_STILL_TRAFFIC'},14,{2},5.0
2e6992cf,2e6992cf4,2020-09-12,17,{'JAM'},{'JAM_HEAVY_TRAFFIC'},31,{2},5.0
2e6992cf,2e6992cf4,2020-10-01,8,{'JAM'},{'JAM_MODERATE_TRAFFIC'},6,{2},5.0
2e6992cf,2e6992cf4,2020-10-04,19,{'JAM'},{'JAM_HEAVY_TRAFFIC'},14,{2},5.0
2e6992cf,2e6992cf4,2020-10-05,8,{'JAM'},{'JAM_HEAVY_TRAFFIC'},30,{2},5.0
2e6992cf,2e6992cf4,2020-10-05,16,{'JAM'},{'JAM_STAND_STILL_TRAFFIC'},31,{2},5.0
2e6992cf,2e6992cf4,2020-10-05,17,{'JAM'},{'JAM_STAND_STILL_TRAFFIC'},35,{2},5.0
2e6992cf,2e6992cf4,2020-10-10,12,{'JAM'},{'JAM_MODERATE_TRAFFIC'},31,{2},5.0
2e6992cf,2e6992cf4,2020-10-10,17,{'JAM'},{'JAM_MODERATE_TRAFFIC'},31,{2},5.0
2e6992cf,2e6992cf4,2020-10-19,16,{'JAM'},{'JAM_STAND_STILL_TRAFFIC'},63,{2},5.26984126984127
2e6992cf,2e6992cf4,2020-11-03,16,{'JAM'},{'JAM_STAND_STILL_TRAFFIC'},32,{2},5.0
2e6992cf,2e6992cf4,2020-11-11,18,{'JAM'},{'JAM_HEAVY_TRAFFIC'},35,{2},5.0
2e6992cf,2e6992cf4,2020-11-17,17,{'JAM'},{'JAM_STAND_STILL_TRAFFIC'},35,{2},5.0
2e6992cf,2e6992cf4,2020-11-19,17,{'JAM'},{'JAM_STAND_STILL_TRAFFIC'},33,{2},5.0
2e6992cf,2e6992cf4,2020-11-19,18,{'JAM'},{'JAM_HEAVY_TRAFFIC'},30,{2},5.0
2e6992cf,2e6992cf4,2020-11-20,17,{'JAM'},{'JAM_STAND_STILL_TRAFFIC'},6,{2},5.0
2e6992cf,2e6992cfc,2020-09-30,18,{'JAM'},{'JAM_MODERATE_TRAFFIC'},31,{2},5.0
2e6992cf,2e6992cfc,2020-11-05,19,{'JAM'},{'JAM_HEAVY_TRAFFIC'},10,{2},5.0
2e6992cf,2e6992cfc,2020-11-06,20,{'JAM'},{'JAM_HEAVY_TRAFFIC'},31,{2},5.0
2e6992cf,2e6992cfc,2020-11-07,16,{'JAM'},{'JAM_STAND_STILL_TRAFFIC'},68,"{2, 20}",5.235294117647059
2e6992cf,2e6992cfc,2020-11-10,9,{'JAM'},{'JAM_HEAVY_TRAFFIC'},35,{2},5.114285714285714
2e6992cf,2e6992cfc,2020-11-17,17,{'JAM'},{'JAM_STAND_STILL_TRAFFIC'},31,{2},7.290322580645161
2e6992d1,2e6992d0c,2020-09-04,17,{'JAM'},{'JAM_STAND_STILL_TRAFFIC'},31,{2},5.0
2e6992d1,2e6992d0c,2020-09-30,11,{'JAM'},{'JAM_MODERATE_TRAFFIC'},31,{2},5.0
2e6992d1,2e6992d0c,2020-10-13,8,{'JAM'},{'JAM_STAND_STILL_TRAFFIC'},30,{2},5.0
2e6992d1,2e6992d0c,2020-10-26,16,{'JAM'},{'JAM_STAND_STILL_TRAFFIC'},31,{2},5.0
2e6992d1,2e6992d0c,2020-11-05,15,{'JAM'},{'JAM_HEAVY_TRAFFIC'},32,{2},5.0
2e6992d1,2e6992d0c,2020-11-11,17,{'JAM'},{'JAM_HEAVY_TRAFFIC'},31,{2},5.612903225806452
2e6992d7,2e6992d74,2020-09-07,14,{'JAM'},{'JAM_STAND_STILL_TRAFFIC'},64,{2},5.0
2e6992d7,2e6992d74,2020-09-08,17,{'JAM'},{'JAM_STAND_STILL_TRAFFIC'},31,{2},5.0
2e6992d7,2e6992d74,2020-09-12,14,{'JAM'},{'JAM_HEAVY_TRAFFIC'},30,{2},5.833333333333333
2e6992d7,2e6992d74,2020-09-14,10,{'JAM'},{'JAM_HEAVY_TRAFFIC'},5,{2},5.0
2e6992d7,2e6992d74,2020-09-28,13,{'JAM'},{'JAM_HEAVY_TRAFFIC'},32,{2},5.0
2e6992d7,2e6992d74,2020-09-28,15,{'JAM'},{'JAM_STAND_STILL_TRAFFIC'},31,{2},5.0
2e6992d7,2e6992d74,2020-09-28,19,{'JAM'},{'JAM_STAND_STILL_TRAFFIC'},31,{2},5.0
2e6992d7,2e6992d74,2020-10-02,16,{'JAM'},{'JAM_STAND_STILL_TRAFFIC'},64,{2},7.84375
2e6992d7,2e6992d74,2020-10-02,20,{'JAM'},{'JAM_HEAVY_TRAFFIC'},30,{2},5.0
2e6992d7,2e6992d74,2020-10-05,16,{'JAM'},{'JAM_STAND_STILL_TRAFFIC'},31,{2},5.0
2e6992d7,2e6992d74,2020-10-07,18,{'JAM'},"{'JAM_STAND_STILL_TRAFFIC', 'JAM_HEAVY_TRAFFIC'}",77,{2},5.207792207792208
2e6992d7,2e6992d74,2020-10-13,8,{'JAM'},{'JAM_MODERATE_TRAFFIC'},31,{2},5.0
2e6992d7,2e6992d74,2020-10-13,9,{'JAM'},{'JAM_HEAVY_TRAFFIC'},20,{2},5.0
2e6992d7,2e6992d74,2020-10-15,17,{'JAM'},{'JAM_MODERATE_TRAFFIC'},32,{2},5.0
2e6992d7,2e6992d74,2020-10-17,17,{'JAM'},{'JAM_MODERATE_TRAFFIC'},29,{2},5.0
2e6992d7,2e6992d74,2020-10-19,19,{'JAM'},{'JAM_HEAVY_TRAFFIC'},30,{2},5.0
2e6992d7,2e6992d74,2020-10-22,17,{'JAM'},{'JAM_MODERATE_TRAFFIC'},31,{2},5.0
2e6992d7,2e6992d74,2020-10-23,20,{'JAM'},{'JAM_HEAVY_TRAFFIC'},31,{2},5.0
2e6992d7,2e6992d74,2020-10-26,12,{'JAM'},{'JAM_HEAVY_TRAFFIC'},8,{2},5.0
2e6992d7,2e6992d74,2020-10-31,13,{'JAM'},{'JAM_STAND_STILL_TRAFFIC'},30,{2},5.0
2e6992d7,2e6992d74,2020-11-02,16,{'JAM'},{'JAM_MODERATE_TRAFFIC'},31,{2},5.0
2e6992d7,2e6992d74,2020-11-03,18,{'JAM'},{'JAM_STAND_STILL_TRAFFIC'},34,{2},5.0
2e6992d7,2e6992d74,2020-11-04,16,{'JAM'},{'JAM_STAND_STILL_TRAFFIC'},32,{2},5.0
2e6992d7,2e6992d74,2020-11-04,20,{'JAM'},{'JAM_HEAVY_TRAFFIC'},28,{2},5.0
2e6992d7,2e6992d74,2020-11-05,15,{'JAM'},{'JAM_STAND_STILL_TRAFFIC'},31,{2},5.0
2e6992d7,2e6992d74,2020-11-05,17,{'JAM'},{'JAM_HEAVY_TRAFFIC'},30,{2},5.0
2e6992d7,2e6992d74,2020-11-06,15,{'JAM'},{'JAM_HEAVY_TRAFFIC'},31,{2},5.0
2e6992d7,2e6992d74,2020-11-06,18,{'JAM'},{'JAM_STAND_STILL_TRAFFIC'},30,{2},5.0
2e6992d7,2e6992d74,2020-11-06,19,{'JAM'},{'JAM_STAND_STILL_TRAFFIC'},64,{2},8.0
2e6992d7,2e6992d74,2020-11-07,17,{'JAM'},{'JAM_STAND_STILL_TRAFFIC'},33,{2},5.0
2e6992d7,2e6992d74,2020-11-07,18,{'JAM'},{'JAM_HEAVY_TRAFFIC'},30,{2},5.933333333333334
2e6992d7,2e6992d74,2020-11-07,19,{'JAM'},{'JAM_STAND_STILL_TRAFFIC'},47,{2},5.361702127659575
2e6992d7,2e6992d74,2020-11-08,11,{'JAM'},{'JAM_STAND_STILL_TRAFFIC'},30,{2},5.0
2e6992d7,2e6992d74,2020-11-08,17,{'JAM'},{'JAM_HEAVY_TRAFFIC'},31,{2},5.0
2e6992d7,2e6992d74,2020-11-09,8,{'JAM'},{'JAM_STAND_STILL_TRAFFIC'},65,{2},5.0
2e6992d7,2e6992d74,2020-11-09,16,{'JAM'},{'JAM_HEAVY_TRAFFIC'},31,{2},5.0
2e6992d7,2e6992d74,2020-11-09,18,{'JAM'},{'JAM_HEAVY_TRAFFIC'},30,{2},5.0
2e6992d7,2e6992d74,2020-11-09,20,{'JAM'},{'JAM_MODERATE_TRAFFIC'},30,{2},5.0
2e6992d7,2e6992d74,2020-11-10,17,{'JAM'},{'JAM_STAND_STILL_TRAFFIC'},32,{2},5.0
2e6992d7,2e6992d74,2020-11-16,15,{'JAM'},{'JAM_STAND_STILL_TRAFFIC'},33,{2},5.0
2e6992d7,2e6992d74,2020-11-17,14,{'JAM'},{'JAM_STAND_STILL_TRAFFIC'},60,{2},5.0
2e6992d7,2e6992d74,2020-11-17,17,{'JAM'},{'JAM_STAND_STILL_TRAFFIC'},30,{2},5.966666666666667
2e6992d7,2e6992d74,2020-11-20,17,{'JAM'},{'JAM_STAND_STILL_TRAFFIC'},57,{2},10.0
2e6992d7,2e6992d74,2020-11-21,13,{'JAM'},{'JAM_STAND_STILL_TRAFFIC'},23,{2},5.0
2e6992d7,2e6992d7c,2020-09-04,6,{'JAM'},{'JAM_MODERATE_TRAFFIC'},31,{2},5.0
2e6992d7,2e6992d7c,2020-09-05,15,{'JAM'},{'JAM_HEAVY_TRAFFIC'},30,{2},5.0
2e6992d7,2e6992d7c,2020-09-07,15,{'JAM'},{'JAM_HEAVY_TRAFFIC'},31,{2},5.0
2e6992d7,2e6992d7c,2020-09-08,15,{'JAM'},{'JAM_MODERATE_TRAFFIC'},31,{2},5.0
2e6992d7,2e6992d7c,2020-09-09,17,{'JAM'},{'JAM_HEAVY_TRAFFIC'},31,{2},5.0
2e6992d7,2e6992d7c,2020-09-21,17,{'JAM'},{'JAM_MODERATE_TRAFFIC'},31,{2},5.0
2e6992d7,2e6992d7c,2020-09-21,20,{'JAM'},{'JAM_HEAVY_TRAFFIC'},32,{2},5.0
2e6992d7,2e6992d7c,2020-09-26,16,{'JAM'},{'JAM_HEAVY_TRAFFIC'},20,{2},5.0
2e6992d7,2e6992d7c,2020-09-28,12,{'JAM'},{'JAM_STAND_STILL_TRAFFIC'},8,{2},5.0
2e6992d7,2e6992d7c,2020-09-28,13,{'WEATHERHAZARD'},{'HAZARD_ON_ROAD_CAR_STOPPED'},30,{2},6.0
2e6992d7,2e6992d7c,2020-09-28,19,{'JAM'},{'JAM_STAND_STILL_TRAFFIC'},31,{2},5.0
2e6992d7,2e6992d7c,2020-10-01,17,{'JAM'},{'JAM_HEAVY_TRAFFIC'},31,{2},5.903225806451613
2e6992d7,2e6992d7c,2020-10-02,16,{'JAM'},"{'JAM_STAND_STILL_TRAFFIC', 'JAM_HEAVY_TRAFFIC'}",64,{2},6.03125
2e6992d7,2e6992d7c,2020-10-03,11,{'JAM'},{'JAM_MODERATE_TRAFFIC'},30,{2},5.0
2e6992d7,2e6992d7c,2020-10-07,18,{'JAM'},{'JAM_STAND_STILL_TRAFFIC'},42,{2},5.380952380952381
2e6992d7,2e6992d7c,2020-10-08,14,{'JAM'},{'JAM_HEAVY_TRAFFIC'},30,{2},5.0
2e6992d7,2e6992d7c,2020-10-10,12,{'JAM'},{'JAM_STAND_STILL_TRAFFIC'},38,{2},6.2631578947368425
2e6992d7,2e6992d7c,2020-10-10,19,{'WEATHERHAZARD'},{'WEATHERHAZARD'},48,{2},5.916666666666667
2e6992d7,2e6992d7c,2020-10-12,15,{'JAM'},{'JAM_STAND_STILL_TRAFFIC'},32,{2},5.0
2e6992d7,2e6992d7c,2020-10-14,14,{'WEATHERHAZARD'},{'HAZARD_ON_ROAD_CONSTRUCTION'},146,{1},5.102739726027397
2e6992d7,2e6992d7c,2020-10-15,15,{'JAM'},{'JAM_STAND_STILL_TRAFFIC'},30,{2},5.0
2e6992d7,2e6992d7c,2020-10-17,17,{'JAM'},{'JAM_MODERATE_TRAFFIC'},32,{2},5.0
2e6992d7,2e6992d7c,2020-10-18,10,{'WEATHERHAZARD'},{'HAZARD_ON_ROAD_POT_HOLE'},153,{2},7.300653594771242
2e6992d7,2e6992d7c,2020-10-19,16,{'JAM'},{'JAM_STAND_STILL_TRAFFIC'},33,{2},5.0
2e6992d7,2e6992d7c,2020-10-23,20,{'JAM'},{'JAM_HEAVY_TRAFFIC'},31,{2},5.0
2e6992d7,2e6992d7c,2020-10-25,15,{'JAM'},{'JAM_MODERATE_TRAFFIC'},32,{2},5.0
2e6992d7,2e6992d7c,2020-10-26,18,{'JAM'},{'JAM_HEAVY_TRAFFIC'},32,{2},5.0
2e6992d7,2e6992d7c,2020-10-27,17,{'JAM'},{'JAM_STAND_STILL_TRAFFIC'},33,{2},5.0
2e6992d7,2e6992d7c,2020-10-31,10,{'JAM'},{'JAM_HEAVY_TRAFFIC'},18,{2},5.0
2e6992d7,2e6992d7c,2020-10-31,13,{'JAM'},{'JAM_HEAVY_TRAFFIC'},33,{2},5.454545454545454
2e6992d7,2e6992d7c,2020-10-31,14,{'JAM'},{'JAM_STAND_STILL_TRAFFIC'},31,{2},5.0
2e6992d7,2e6992d7c,2020-11-02,17,{'JAM'},{'JAM_HEAVY_TRAFFIC'},32,{2},5.0
2e6992d7,2e6992d7c,2020-11-03,8,{'JAM'},{'JAM_MODERATE_TRAFFIC'},31,{2},5.0
2e6992d7,2e6992d7c,2020-11-03,17,{'JAM'},{'JAM_STAND_STILL_TRAFFIC'},31,{2},5.0
2e6992d7,2e6992d7c,2020-11-03,18,{'JAM'},{'JAM_HEAVY_TRAFFIC'},31,{2},5.0
2e6992d7,2e6992d7c,2020-11-04,19,{'JAM'},{'JAM_STAND_STILL_TRAFFIC'},30,{2},6.566666666666666
2e6992d7,2e6992d7c,2020-11-06,17,"{'JAM', 'WEATHERHAZARD'}","{'JAM_STAND_STILL_TRAFFIC', 'HAZARD_ON_ROAD_CONSTRUCTION'}",642,{2},8.929906542056075
2e6992d7,2e6992d7c,2020-11-07,18,"{'JAM', 'WEATHERHAZARD'}","{'HAZARD_WEATHER_FLOOD', 'HAZARD_ON_SHOULDER', 'JAM_HEAVY_TRAFFIC'}",104,"{1, 2}",5.509615384615385
2e6992d7,2e6992d7c,2020-11-08,14,{'JAM'},{'JAM_HEAVY_TRAFFIC'},13,{2},5.0
2e6992d7,2e6992d7c,2020-11-08,15,{'JAM'},"{'JAM_MODERATE_TRAFFIC', 'JAM_HEAVY_TRAFFIC'}",61,{2},5.0
2e6992d7,2e6992d7c,2020-11-09,8,{'JAM'},{'JAM_STAND_STILL_TRAFFIC'},31,{2},5.935483870967742
2e6992d7,2e6992d7c,2020-11-09,15,{'JAM'},{'JAM_HEAVY_TRAFFIC'},32,{2},5.0
2e6992d7,2e6992d7c,2020-11-09,18,{'JAM'},{'JAM_STAND_STILL_TRAFFIC'},31,{2},5.0
2e6992d7,2e6992d7c,2020-11-09,20,{'JAM'},{'JAM_MODERATE_TRAFFIC'},31,{2},5.0
2e6992d7,2e6992d7c,2020-11-11,17,{'JAM'},{'JAM_HEAVY_TRAFFIC'},31,{2},5.0
2e6992d7,2e6992d7c,2020-11-11,18,{'JAM'},{'JAM_HEAVY_TRAFFIC'},31,{2},5.0
2e6992d7,2e6992d7c,2020-11-15,17,{'JAM'},{'JAM_STAND_STILL_TRAFFIC'},32,{2},5.0
2e6992d7,2e6992d7c,2020-11-16,6,{'JAM'},{'JAM_STAND_STILL_TRAFFIC'},30,{1},5.0
2e6992d7,2e6992d7c,2020-11-17,14,{'JAM'},{'JAM_STAND_STILL_TRAFFIC'},34,{2},5.0
2e6992d7,2e6992d7c,2020-11-17,20,{'JAM'},{'JAM_STAND_STILL_TRAFFIC'},31,{2},5.0
2e6992d7,2e6992d7c,2020-11-19,17,{'JAM'},{'JAM_MODERATE_TRAFFIC'},31,{2},5.0
2e6992d7,2e6992d7c,2020-11-20,17,{'JAM'},{'JAM_STAND_STILL_TRAFFIC'},31,{2},8.0
2e6992db,2e6992da4,2020-09-10,17,{'JAM'},{'JAM_STAND_STILL_TRAFFIC'},29,{2},5.0
2e6992db,2e6992da4,2020-09-28,13,{'JAM'},{'JAM_HEAVY_TRAFFIC'},34,{2},5.0
2e6992db,2e6992da4,2020-10-02,16,{'JAM'},{'JAM_STAND_STILL_TRAFFIC'},35,{2},5.0
2e6992db,2e6992da4,2020-10-05,17,{'JAM'},{'JAM_STAND_STILL_TRAFFIC'},31,{2},5.0
2e6992db,2e6992da4,2020-10-13,8,{'WEATHERHAZARD'},{'HAZARD_ON_ROAD_CAR_STOPPED'},48,{2},6.125
2e6992db,2e6992da4,2020-10-13,14,{'JAM'},{'JAM_MODERATE_TRAFFIC'},30,{2},6.0
2e6992db,2e6992da4,2020-10-14,10,{'JAM'},{'JAM_STAND_STILL_TRAFFIC'},31,{2},5.870967741935484
2e6992db,2e6992da4,2020-10-17,13,{'JAM'},{'JAM_STAND_STILL_TRAFFIC'},16,{2},5.0
2e6992db,2e6992da4,2020-10-19,16,{'JAM'},{'JAM_STAND_STILL_TRAFFIC'},31,{2},5.0
2e6992db,2e6992da4,2020-10-19,19,{'JAM'},{'JAM_STAND_STILL_TRAFFIC'},32,{2},5.0
2e6992db,2e6992da4,2020-10-26,16,{'JAM'},{'JAM_STAND_STILL_TRAFFIC'},33,{2},5.0
2e6992db,2e6992da4,2020-10-27,18,{'JAM'},{'JAM'},32,{2},5.9375
2e6992db,2e6992da4,2020-11-03,16,{'JAM'},{'JAM_STAND_STILL_TRAFFIC'},31,{2},5.0
2e6992db,2e6992da4,2020-11-03,19,{'JAM'},{'JAM_STAND_STILL_TRAFFIC'},30,{2},5.0
2e6992db,2e6992da4,2020-11-04,16,{'JAM'},{'JAM_HEAVY_TRAFFIC'},31,{2},5.0
2e6992db,2e6992da4,2020-11-04,18,{'JAM'},{'JAM_STAND_STILL_TRAFFIC'},31,{2},5.741935483870968
2e6992db,2e6992da4,2020-11-05,15,{'JAM'},{'JAM_STAND_STILL_TRAFFIC'},31,{2},5.0
2e6992db,2e6992da4,2020-11-05,17,{'JAM'},{'JAM_HEAVY_TRAFFIC'},31,{2},5.0
2e6992db,2e6992da4,2020-11-06,16,{'JAM'},{'JAM_STAND_STILL_TRAFFIC'},63,{2},5.333333333333333
2e6992db,2e6992da4,2020-11-06,18,{'JAM'},{'JAM_STAND_STILL_TRAFFIC'},95,{2},5.0
2e6992db,2e6992da4,2020-11-07,12,{'JAM'},{'JAM_MODERATE_TRAFFIC'},30,{2},5.0
2e6992db,2e6992da4,2020-11-07,14,{'JAM'},{'JAM_STAND_STILL_TRAFFIC'},33,{2},5.0
2e6992db,2e6992da4,2020-11-07,16,{'JAM'},{'JAM_STAND_STILL_TRAFFIC'},31,{2},6.0
2e6992db,2e6992da4,2020-11-08,11,{'JAM'},{'JAM_STAND_STILL_TRAFFIC'},30,{2},5.0
2e6992db,2e6992da4,2020-11-08,12,"{'JAM', 'WEATHERHAZARD'}","{'HAZARD_ON_ROAD_CAR_STOPPED', 'JAM_STAND_STILL_TRAFFIC', 'HAZARD_ON_ROAD_POT_HOLE'}",245,{2},6.571428571428571
2e6992db,2e6992da4,2020-11-10,14,{'JAM'},{'JAM_STAND_STILL_TRAFFIC'},27,{2},5.0
2e6992db,2e6992da4,2020-11-10,17,{'JAM'},{'JAM_STAND_STILL_TRAFFIC'},32,{2},5.0
2e6992db,2e6992da4,2020-11-11,17,{'JAM'},{'JAM_HEAVY_TRAFFIC'},34,{2},5.4411764705882355
2e6992db,2e6992da4,2020-11-14,16,{'WEATHERHAZARD'},{'HAZARD_ON_ROAD_CAR_STOPPED'},31,{2},5.0
2e6992db,2e6992da4,2020-11-16,15,{'JAM'},{'JAM_STAND_STILL_TRAFFIC'},31,{2},5.516129032258065
2e6992db,2e6992da4,2020-11-16,18,{'JAM'},{'JAM_HEAVY_TRAFFIC'},32,{2},5.0
2e6992db,2e6992da4,2020-11-16,19,{'JAM'},{'JAM_HEAVY_TRAFFIC'},42,{2},5.380952380952381
2e6992db,2e6992da4,2020-11-20,17,{'JAM'},{'JAM_STAND_STILL_TRAFFIC'},37,{2},8.162162162162161
2e6992db,2e6992dac,2020-09-26,13,{'JAM'},{'JAM_HEAVY_TRAFFIC'},26,{2},5.0
2e6992db,2e6992dac,2020-10-01,17,{'JAM'},{'JAM_MODERATE_TRAFFIC'},31,{2},5.0
2e6992db,2e6992dac,2020-10-10,11,{'JAM'},{'JAM_HEAVY_TRAFFIC'},31,{2},5.0
2e6992db,2e6992dac,2020-10-12,13,{'JAM'},{'JAM_STAND_STILL_TRAFFIC'},31,{2},6.0
2e6992db,2e6992dac,2020-10-16,19,{'JAM'},{'JAM_MODERATE_TRAFFIC'},31,{2},5.0
2e6992db,2e6992dac,2020-10-19,16,{'JAM'},{'JAM_STAND_STILL_TRAFFIC'},31,{2},5.0
2e6992db,2e6992dac,2020-10-26,16,{'JAM'},{'JAM_HEAVY_TRAFFIC'},30,{2},5.0
2e6992db,2e6992dac,2020-10-27,18,{'JAM'},{'JAM_STAND_STILL_TRAFFIC'},30,{2},5.0
2e6992db,2e6992dac,2020-11-03,15,{'JAM'},{'JAM'},30,{2},5.0
2e6992db,2e6992dac,2020-11-03,18,{'JAM'},"{'JAM_STAND_STILL_TRAFFIC', 'JAM_HEAVY_TRAFFIC'}",62,{2},5.387096774193548
2e6992db,2e6992dac,2020-11-03,19,{'JAM'},{'JAM_STAND_STILL_TRAFFIC'},34,{2},5.0
2e6992db,2e6992dac,2020-11-04,17,{'JAM'},{'JAM_STAND_STILL_TRAFFIC'},31,{2},5.0
2e6992db,2e6992dac,2020-11-06,17,{'JAM'},{'JAM_STAND_STILL_TRAFFIC'},65,{2},5.876923076923077
2e6992db,2e6992dac,2020-11-06,18,{'JAM'},{'JAM_STAND_STILL_TRAFFIC'},34,{2},5.0
2e6992db,2e6992dac,2020-11-06,20,{'JAM'},{'JAM_STAND_STILL_TRAFFIC'},32,{2},5.0
2e6992db,2e6992dac,2020-11-08,12,{'WEATHERHAZARD'},{'HAZARD_ON_ROAD_OBJECT'},61,{2},7.213114754098361
2e6992db,2e6992dac,2020-11-09,18,{'JAM'},{'JAM_STAND_STILL_TRAFFIC'},33,{2},5.454545454545454
2e6992db,2e6992dac,2020-11-10,16,{'JAM'},{'JAM_STAND_STILL_TRAFFIC'},31,{2},5.0
2e6992db,2e6992dac,2020-11-11,17,{'JAM'},{'JAM_HEAVY_TRAFFIC'},38,{2},5.394736842105263
2e6992db,2e6992dac,2020-11-12,8,{'JAM'},{'JAM_STAND_STILL_TRAFFIC'},34,{2},5.0
2e6992db,2e6992dac,2020-11-16,15,{'JAM'},{'JAM_STAND_STILL_TRAFFIC'},33,{2},5.484848484848484
2e6992db,2e6992dac,2020-11-17,17,{'JAM'},{'JAM_STAND_STILL_TRAFFIC'},32,{2},5.75
2e6992db,2e6992dac,2020-11-19,17,{'JAM'},{'JAM_HEAVY_TRAFFIC'},30,{2},5.0
2e6992db,2e6992dac,2020-11-20,17,{'JAM'},{'JAM_STAND_STILL_TRAFFIC'},30,{2},8.0
2e6992dd,2e6992ddc,2020-11-21,17,{'JAM'},{'JAM_HEAVY_TRAFFIC'},25,{2},5.0
2e6992e3,2e6992e2c,2020-09-07,23,{'ACCIDENT'},{'ACCIDENT'},120,{1},5.0
2e6992e3,2e6992e2c,2020-09-08,16,{'ACCIDENT'},{'ACCIDENT'},122,{1},5.0
2e6992e3,2e6992e2c,2020-09-12,17,{'JAM'},{'JAM'},31,{1},5.0
2e6992e3,2e6992e2c,2020-11-10,20,{'JAM'},{'JAM_HEAVY_TRAFFIC'},38,{2},5.815789473684211
2e6992e3,2e6992e2c,2020-11-19,16,{'JAM'},{'JAM'},31,{1},5.0
2e6992e3,2e6992e34,2020-11-10,20,{'JAM'},"{'JAM_MODERATE_TRAFFIC', 'JAM_HEAVY_TRAFFIC'}",62,{2},6.129032258064516
2e6992e5,2e6992e4c,2020-09-11,19,{'JAM'},{'JAM_STAND_STILL_TRAFFIC'},7,{1},5.0
2e6992e5,2e6992e4c,2020-09-28,18,{'WEATHERHAZARD'},{'HAZARD_ON_ROAD_POT_HOLE'},839,{2},7.135876042908224
2e6992e5,2e6992e4c,2020-10-23,18,{'WEATHERHAZARD'},{'HAZARD_ON_ROAD_POT_HOLE'},95,{2},5.136842105263158
2e6992e5,2e6992e4c,2020-11-10,20,{'JAM'},{'JAM_MODERATE_TRAFFIC'},32,{2},5.5625
2e6992e7,2e6992e6c,2020-10-14,10,{'JAM'},{'JAM'},34,{1},5.0
2e6992e9,2e6992e94,2020-11-09,18,{'JAM'},{'JAM'},8,{1},6.0
2e6992ef,2e6992eec,2020-09-27,11,{'JAM'},{'JAM_MODERATE_TRAFFIC'},6,{1},5.0
2e6992ef,2e6992efc,2020-10-23,20,{'WEATHERHAZARD'},{'HAZARD_ON_ROAD_ROAD_KILL'},30,{2},5.733333333333333
2e6992f1,2e6992f1c,2020-09-15,11,{'JAM'},{'JAM_HEAVY_TRAFFIC'},30,{2},5.0
2e6992f1,2e6992f1c,2020-09-28,18,{'WEATHERHAZARD'},{'HAZARD_ON_ROAD_POT_HOLE'},16,{2},5.75
2e6992f1,2e6992f1c,2020-10-03,10,{'JAM'},{'JAM_STAND_STILL_TRAFFIC'},31,{2},5.0
2e6992f1,2e6992f1c,2020-10-10,19,{'JAM'},{'JAM_STAND_STILL_TRAFFIC'},64,{2},5.0
2e6992f1,2e6992f1c,2020-10-23,18,{'WEATHERHAZARD'},{'HAZARD_ON_ROAD_POT_HOLE'},75,{2},6.306666666666667
2e6992f1,2e6992f1c,2020-11-14,15,{'JAM'},{'JAM_HEAVY_TRAFFIC'},35,{2},5.0
2e6992f3,2e6992f24,2020-09-05,10,{'JAM'},{'JAM_HEAVY_TRAFFIC'},30,{2},5.0
2e6992f3,2e6992f24,2020-09-24,16,{'JAM'},{'JAM_MODERATE_TRAFFIC'},19,{2},5.0
2e6992f3,2e6992f24,2020-09-28,18,"{'JAM', 'WEATHERHAZARD'}","{'HAZARD_ON_ROAD_POT_HOLE', 'JAM_HEAVY_TRAFFIC'}",45,{2},5.266666666666667
2e6992f3,2e6992f24,2020-09-30,19,{'JAM'},{'JAM_MODERATE_TRAFFIC'},31,{2},5.0
2e6992f3,2e6992f24,2020-10-06,11,{'JAM'},{'JAM_HEAVY_TRAFFIC'},7,{2},5.0
2e6992f3,2e6992f24,2020-10-23,18,{'WEATHERHAZARD'},{'HAZARD_ON_ROAD_POT_HOLE'},74,{2},5.945945945945946
2e6992f3,2e6992f24,2020-10-27,9,{'JAM'},{'JAM_HEAVY_TRAFFIC'},30,{2},5.0
2e6992f3,2e6992f24,2020-11-16,19,{'JAM'},{'JAM_STAND_STILL_TRAFFIC'},31,{2},5.0
2e6992f3,2e6992f24,2020-11-17,22,{'JAM'},{'JAM_HEAVY_TRAFFIC'},32,{2},5.0
2e6992f3,2e6992f2c,2020-09-12,11,{'JAM'},{'JAM_HEAVY_TRAFFIC'},31,{2},5.0
2e6992f3,2e6992f2c,2020-10-10,12,{'JAM'},{'JAM_HEAVY_TRAFFIC'},30,{2},5.0
2e6992f3,2e6992f2c,2020-10-30,14,{'JAM'},{'JAM_STAND_STILL_TRAFFIC'},30,{2},7.0
2e6992f3,2e6992f2c,2020-11-14,11,{'JAM'},{'JAM_HEAVY_TRAFFIC'},34,{2},5.0
2e6992f3,2e6992f2c,2020-11-16,8,{'JAM'},{'JAM_STAND_STILL_TRAFFIC'},31,{2},5.0
2e6992f3,2e6992f2c,2020-11-16,18,{'JAM'},{'JAM_STAND_STILL_TRAFFIC'},114,{2},5.894736842105263
2e6992f3,2e6992f34,2020-10-26,9,"{'JAM', 'WEATHERHAZARD', 'ACCIDENT'}","{'ACCIDENT_MINOR', 'HAZARD_WEATHER_FLOOD', 'ACCIDENT', 'JAM_HEAVY_TRAFFIC'}",188,{1},5.0
2e6992f3,2e6992f3c,2020-10-05,12,{'ACCIDENT'},{'ACCIDENT'},121,{1},5.0
2e6992f3,2e6992f3c,2020-10-05,13,"{'JAM', 'ACCIDENT'}","{'JAM', 'ACCIDENT'}",157,{22},5.777070063694268
2e6992f3,2e6992f3c,2020-10-05,20,"{'JAM', 'ACCIDENT'}","{'JAM', 'ACCIDENT'}",151,{1},5.0
2e6992f5,2e6992f54,2020-09-05,16,{'WEATHERHAZARD'},{'HAZARD_WEATHER'},4,{2},5.75
2e6992f5,2e6992f54,2020-10-26,8,{'JAM'},{'JAM_HEAVY_TRAFFIC'},32,{2},5.0
2e6992f5,2e6992f54,2020-10-28,10,{'JAM'},{'JAM_MODERATE_TRAFFIC'},5,{2},5.0
2e6992f5,2e6992f54,2020-10-28,11,{'JAM'},{'JAM_STAND_STILL_TRAFFIC'},14,{2},5.0
2e6992f5,2e6992f54,2020-11-16,7,{'JAM'},{'JAM_STAND_STILL_TRAFFIC'},27,{2},5.0
2e6992f7,2e6992f6c,2020-11-18,23,{'JAM'},{'JAM'},30,{1},5.0
2e6992f7,2e6992f7c,2020-10-17,20,{'JAM'},{'JAM_MODERATE_TRAFFIC'},31,{1},5.0
2e6992f9,2e6992f94,2020-10-25,14,{'JAM'},{'JAM'},31,{1},5.0
2e6992fb,2e6992fa4,2020-10-08,10,{'ACCIDENT'},{'ACCIDENT'},121,{1},5.0
2e6992fb,2e6992fac,2020-10-03,12,{'JAM'},{'JAM_STAND_STILL_TRAFFIC'},8,{1},5.0
2e6992fb,2e6992fbc,2020-10-29,10,{'JAM'},{'JAM'},31,{1},5.0
2e6992fd,2e6992fcc,2020-09-28,20,{'WEATHERHAZARD'},{'WEATHERHAZARD'},32,{1},5.0
2e6992fd,2e6992fd4,2020-10-20,18,{'WEATHERHAZARD'},"{'HAZARD_ON_ROAD_CAR_STOPPED', 'HAZARD_WEATHER_FLOOD'}",62,{1},5.0
2e6992ff,2e6992ff4,2020-11-05,21,{'JAM'},{'JAM_STAND_STILL_TRAFFIC'},31,{1},5.0
2e6992ff,2e6992ff4,2020-11-20,18,{'JAM'},{'JAM_MODERATE_TRAFFIC'},34,{1},5.0
2e699303,2e699302c,2020-10-17,11,{'JAM'},{'JAM'},32,{1},5.0
2e699305,2e699304c,2020-10-05,21,{'JAM'},{'JAM_MODERATE_TRAFFIC'},32,{1},5.0
2e69930d,2e69930cc,2020-11-13,18,{'JAM'},{'JAM_STAND_STILL_TRAFFIC'},12,{1},5.0
2e69930f,2e69930e4,2020-10-04,6,"{'JAM', 'WEATHERHAZARD', 'ACCIDENT'}","{'JAM', 'WEATHERHAZARD', 'ACCIDENT'}",181,{1},5.0
2e699313,2e6993124,2020-10-24,9,{'JAM'},{'JAM_HEAVY_TRAFFIC'},30,{1},5.0
2e699315,2e699314c,2020-10-26,17,{'JAM'},{'JAM_STAND_STILL_TRAFFIC'},31,{2},5.0
2e699315,2e699314c,2020-11-07,15,{'JAM'},{'JAM_STAND_STILL_TRAFFIC'},31,{2},5.0
2e699315,2e6993154,2020-09-24,16,{'JAM'},{'JAM_STAND_STILL_TRAFFIC'},23,{2},5.0
2e699315,2e6993154,2020-10-26,17,{'JAM'},{'JAM_STAND_STILL_TRAFFIC'},30,{2},5.0
2e699315,2e6993154,2020-11-07,13,{'JAM'},{'JAM_STAND_STILL_TRAFFIC'},7,{2},5.0
2e699315,2e699315c,2020-09-24,16,{'JAM'},{'JAM_STAND_STILL_TRAFFIC'},18,{2},5.0
2e699315,2e699315c,2020-10-02,16,{'WEATHERHAZARD'},{'WEATHERHAZARD'},31,{2},5.0
2e699315,2e699315c,2020-11-18,16,{'JAM'},{'JAM_MODERATE_TRAFFIC'},30,{2},5.0
2e699317,2e699317c,2020-10-07,19,{'WEATHERHAZARD'},{'HAZARD_ON_ROAD_ROAD_KILL'},34,{1},5.0
2e699319,2e6993184,2020-10-06,13,{'ACCIDENT'},{'ACCIDENT_MAJOR'},30,{17},5.0
2e699319,2e6993184,2020-10-06,19,{'WEATHERHAZARD'},{'HAZARD_WEATHER_FLOOD'},31,{17},5.0
2e699319,2e6993184,2020-10-07,6,{'JAM'},{'JAM_STAND_STILL_TRAFFIC'},32,{17},5.0
2e699319,2e6993184,2020-10-07,7,"{'JAM', 'WEATHERHAZARD'}","{'JAM_HEAVY_TRAFFIC', 'JAM_STAND_STILL_TRAFFIC', 'HAZARD_ON_ROAD_TRAFFIC_LIGHT_FAULT'}",105,{17},5.866666666666666
2e699319,2e6993184,2020-10-07,8,"{'JAM', 'WEATHERHAZARD', 'ACCIDENT'}","{'JAM_STAND_STILL_TRAFFIC', 'ACCIDENT', 'HAZARD_ON_ROAD_TRAFFIC_LIGHT_FAULT'}",187,{17},5.0
2e699319,2e6993184,2020-10-08,21,{'JAM'},{'JAM_STAND_STILL_TRAFFIC'},32,{17},7.0
2e699319,2e6993184,2020-10-10,20,{'JAM'},{'JAM_STAND_STILL_TRAFFIC'},32,{17},5.0
2e699319,2e6993184,2020-10-11,18,{'JAM'},{'JAM_STAND_STILL_TRAFFIC'},30,{17},6.0
2e699319,2e6993184,2020-10-11,19,{'WEATHERHAZARD'},"{'HAZARD_WEATHER_FLOOD', 'HAZARD_ON_ROAD_TRAFFIC_LIGHT_FAULT'}",63,{17},5.0
2e699319,2e6993184,2020-10-12,11,{'JAM'},"{'JAM_STAND_STILL_TRAFFIC', 'JAM_MODERATE_TRAFFIC'}",60,{17},5.5
2e699319,2e6993184,2020-10-12,20,{'JAM'},{'JAM_STAND_STILL_TRAFFIC'},39,{17},7.512820512820513
2e699319,2e6993184,2020-10-12,21,{'WEATHERHAZARD'},"{'HAZARD_WEATHER_FLOOD', 'HAZARD_ON_ROAD_TRAFFIC_LIGHT_FAULT'}",66,{17},5.0
2e699319,2e6993184,2020-10-13,5,{'JAM'},{'JAM_STAND_STILL_TRAFFIC'},30,{17},5.0
2e699319,2e6993184,2020-10-13,7,"{'JAM', 'WEATHERHAZARD'}","{'HAZARD_ON_SHOULDER_ANIMALS', 'JAM_STAND_STILL_TRAFFIC'}",63,{17},5.0
2e699319,2e6993184,2020-10-13,15,{'JAM'},{'JAM_STAND_STILL_TRAFFIC'},32,{17},5.0
2e699319,2e6993184,2020-10-14,19,"{'JAM', 'WEATHERHAZARD'}","{'HAZARD_WEATHER_FLOOD', 'JAM_STAND_STILL_TRAFFIC'}",64,{17},5.5
2e699319,2e6993184,2020-10-15,5,{'WEATHERHAZARD'},{'HAZARD_WEATHER_FLOOD'},30,{17},5.0
2e699319,2e6993184,2020-10-15,19,{'JAM'},{'JAM_STAND_STILL_TRAFFIC'},31,{17},5.0
2e699319,2e6993184,2020-10-16,4,{'JAM'},{'JAM_HEAVY_TRAFFIC'},35,{17},5.0
2e699319,2e6993184,2020-10-20,16,{'JAM'},{'JAM_STAND_STILL_TRAFFIC'},33,{17},5.0
2e699319,2e6993184,2020-10-21,18,{'JAM'},{'JAM_STAND_STILL_TRAFFIC'},30,{17},5.0
2e699319,2e699318c,2020-11-02,23,{'JAM'},{'JAM_HEAVY_TRAFFIC'},32,{1},5.0
2e69931d,2e69931c4,2020-11-07,8,"{'JAM', 'ACCIDENT'}","{'JAM', 'ACCIDENT_MAJOR'}",150,{1},5.0
2e69931d,2e69931c4,2020-11-12,21,{'JAM'},{'JAM_STAND_STILL_TRAFFIC'},35,{1},5.485714285714286
2e69931d,2e69931d4,2020-11-10,20,{'JAM'},{'JAM_HEAVY_TRAFFIC'},27,{2},9.703703703703704
2e69931f,2e69931ec,2020-09-05,12,{'WEATHERHAZARD'},{'WEATHERHAZARD'},33,{1},5.0
2e699321,2e6993214,2020-11-06,18,{'JAM'},{'JAM_HEAVY_TRAFFIC'},26,{2},5.0
2e699323,2e699322c,2020-10-01,18,{'JAM'},{'JAM_HEAVY_TRAFFIC'},32,{2},5.0
2e699323,2e699322c,2020-11-05,20,{'JAM'},{'JAM_HEAVY_TRAFFIC'},31,{2},5.0
2e699323,2e6993234,2020-10-01,18,{'JAM'},{'JAM_MODERATE_TRAFFIC'},33,{2},5.0
2e699323,2e6993234,2020-10-09,6,{'JAM'},{'JAM_MODERATE_TRAFFIC'},22,{2},5.0
2e699323,2e6993234,2020-10-20,17,{'JAM'},{'JAM_STAND_STILL_TRAFFIC'},25,{2},5.0
2e699323,2e6993234,2020-10-22,16,{'JAM'},"{'JAM_STAND_STILL_TRAFFIC', 'JAM_HEAVY_TRAFFIC'}",12,{2},5.916666666666667
2e699323,2e6993234,2020-10-22,17,{'JAM'},{'JAM_STAND_STILL_TRAFFIC'},5,{2},5.0
2e699323,2e6993234,2020-11-07,16,{'JAM'},{'JAM_STAND_STILL_TRAFFIC'},30,{2},6.0
2e699323,2e6993234,2020-11-14,11,{'JAM'},{'JAM_STAND_STILL_TRAFFIC'},31,{2},5.0
2e699323,2e6993234,2020-11-18,16,{'JAM'},{'JAM_MODERATE_TRAFFIC'},8,{2},5.0
2e699323,2e699323c,2020-09-05,12,{'JAM'},{'JAM_STAND_STILL_TRAFFIC'},6,{2},6.5
2e699323,2e699323c,2020-10-09,18,{'JAM'},{'JAM_STAND_STILL_TRAFFIC'},2,{2},5.0
2e699325,2e6993244,2020-09-05,12,{'JAM'},{'JAM_STAND_STILL_TRAFFIC'},30,{2},5.0
2e699325,2e6993244,2020-09-19,13,{'JAM'},{'JAM_MODERATE_TRAFFIC'},30,{2},8.0
2e699325,2e6993244,2020-10-01,17,{'JAM'},{'JAM_MODERATE_TRAFFIC'},33,{2},6.0
2e699325,2e6993244,2020-10-01,18,{'JAM'},{'JAM_STAND_STILL_TRAFFIC'},25,{2},5.0
2e699325,2e6993244,2020-10-09,18,{'JAM'},{'JAM_STAND_STILL_TRAFFIC'},29,{2},6.0
2e699325,2e6993244,2020-10-10,16,{'JAM'},{'JAM_MODERATE_TRAFFIC'},31,{2},5.0
2e699325,2e6993244,2020-10-13,17,{'JAM'},{'JAM_HEAVY_TRAFFIC'},31,{2},5.0
2e699325,2e6993244,2020-10-15,18,{'JAM'},{'JAM_HEAVY_TRAFFIC'},22,{2},5.0
2e699325,2e6993244,2020-10-20,17,{'JAM'},{'JAM_STAND_STILL_TRAFFIC'},31,{2},5.0
2e699325,2e6993244,2020-10-21,8,{'JAM'},{'JAM_HEAVY_TRAFFIC'},30,{2},6.0
2e699325,2e6993244,2020-10-21,16,{'JAM'},{'JAM_HEAVY_TRAFFIC'},61,{2},5.0
2e699325,2e6993244,2020-10-22,17,{'JAM'},{'JAM_STAND_STILL_TRAFFIC'},115,{2},5.660869565217391
2e699325,2e6993244,2020-10-23,17,{'JAM'},{'JAM_STAND_STILL_TRAFFIC'},34,{2},5.0
2e699325,2e6993244,2020-10-26,17,{'JAM'},{'JAM_STAND_STILL_TRAFFIC'},34,{2},5.0
2e699325,2e6993244,2020-10-26,18,{'JAM'},{'JAM_STAND_STILL_TRAFFIC'},30,{2},5.0
2e699325,2e6993244,2020-11-02,17,{'JAM'},{'JAM_STAND_STILL_TRAFFIC'},62,{2},5.483870967741935
2e699325,2e6993244,2020-11-02,18,{'JAM'},{'JAM_MODERATE_TRAFFIC'},33,{2},5.0
2e699325,2e6993244,2020-11-04,20,{'JAM'},{'JAM_HEAVY_TRAFFIC'},31,{2},5.0
2e699325,2e6993244,2020-11-07,16,{'JAM'},{'JAM'},30,{2},5.0
2e699325,2e6993244,2020-11-13,17,{'JAM'},{'JAM_STAND_STILL_TRAFFIC'},30,{2},5.0
2e699325,2e6993244,2020-11-13,18,{'WEATHERHAZARD'},{'WEATHERHAZARD'},32,{2},5.875
2e699325,2e6993244,2020-11-18,16,{'JAM'},"{'JAM_STAND_STILL_TRAFFIC', 'JAM_HEAVY_TRAFFIC'}",38,{2},5.0
2e699327,2e6993264,2020-10-04,10,{'WEATHERHAZARD'},{'WEATHERHAZARD'},31,{1},5.0
2e699327,2e6993264,2020-11-09,7,{'ACCIDENT'},{'ACCIDENT'},121,{1},5.0
2e699327,2e699326c,2020-09-04,17,{'JAM'},{'JAM_HEAVY_TRAFFIC'},7,{1},5.0
2e699327,2e699326c,2020-09-04,19,{'JAM'},"{'JAM_STAND_STILL_TRAFFIC', 'JAM_HEAVY_TRAFFIC'}",66,{1},5.0606060606060606
2e699327,2e699326c,2020-09-15,17,{'JAM'},{'JAM_STAND_STILL_TRAFFIC'},32,{1},5.96875
2e699327,2e699326c,2020-09-28,19,"{'JAM', 'WEATHERHAZARD'}","{'JAM_STAND_STILL_TRAFFIC', 'HAZARD_ON_ROAD_CONSTRUCTION'}",787,{1},5.9707750952986025
2e699327,2e699326c,2020-10-05,18,{'JAM'},"{'JAM', 'JAM_STAND_STILL_TRAFFIC'}",93,{1},5.32258064516129
2e699327,2e699326c,2020-10-09,18,{'JAM'},{'JAM_HEAVY_TRAFFIC'},31,{1},5.0
2e699327,2e699326c,2020-10-13,16,{'JAM'},{'JAM_HEAVY_TRAFFIC'},31,{1},5.0
2e699327,2e699326c,2020-10-22,16,{'JAM'},{'JAM_HEAVY_TRAFFIC'},14,{1},5.142857142857143
2e699327,2e699326c,2020-10-26,18,{'JAM'},{'JAM_STAND_STILL_TRAFFIC'},33,{1},6.0
2e699327,2e699326c,2020-11-03,17,{'JAM'},{'JAM_HEAVY_TRAFFIC'},64,{1},5.0
2e699327,2e699326c,2020-11-04,17,{'JAM'},{'JAM_HEAVY_TRAFFIC'},31,{1},6.0
2e699327,2e699326c,2020-11-05,18,{'JAM'},"{'JAM_STAND_STILL_TRAFFIC', 'JAM_HEAVY_TRAFFIC'}",96,{1},5.5625
2e699327,2e699326c,2020-11-06,17,{'JAM'},"{'JAM_STAND_STILL_TRAFFIC', 'JAM_HEAVY_TRAFFIC'}",98,"{1, 2}",5.0
2e699327,2e699326c,2020-11-06,18,{'JAM'},"{'JAM_STAND_STILL_TRAFFIC', 'JAM_MODERATE_TRAFFIC'}",93,"{1, 2}",5.311827956989247
2e699327,2e699326c,2020-11-06,19,{'JAM'},{'JAM_STAND_STILL_TRAFFIC'},11,{1},5.0
2e699327,2e699326c,2020-11-07,19,{'JAM'},{'JAM_STAND_STILL_TRAFFIC'},32,{1},5.0
2e699327,2e699326c,2020-11-17,17,{'JAM'},{'JAM_STAND_STILL_TRAFFIC'},43,{1},5.325581395348837
2e699327,2e6993274,2020-09-15,17,{'JAM'},{'JAM_HEAVY_TRAFFIC'},33,{1},5.0
2e699327,2e6993274,2020-10-03,11,{'JAM'},{'JAM_MODERATE_TRAFFIC'},32,{1},5.0
2e699327,2e6993274,2020-10-07,18,{'JAM'},{'JAM_STAND_STILL_TRAFFIC'},59,{1},6.966101694915254
2e699327,2e6993274,2020-10-09,17,{'JAM'},"{'JAM_STAND_STILL_TRAFFIC', 'JAM_HEAVY_TRAFFIC'}",62,{1},5.0
2e699327,2e6993274,2020-10-10,17,{'ACCIDENT'},{'ACCIDENT_MAJOR'},121,{1},5.454545454545454
2e699327,2e6993274,2020-10-15,18,{'JAM'},{'JAM_STAND_STILL_TRAFFIC'},31,{1},6.967741935483871
2e699327,2e6993274,2020-10-20,17,{'JAM'},{'JAM_STAND_STILL_TRAFFIC'},33,{1},5.0
2e699327,2e6993274,2020-11-17,17,{'JAM'},{'JAM_STAND_STILL_TRAFFIC'},12,{1},5.0
2e699327,2e699327c,2020-09-19,14,{'WEATHERHAZARD'},{'WEATHERHAZARD'},8,{1},5.5
2e699327,2e699327c,2020-10-07,18,{'JAM'},{'JAM_STAND_STILL_TRAFFIC'},34,{1},5.029411764705882
2e699327,2e699327c,2020-10-27,11,{'JAM'},{'JAM_STAND_STILL_TRAFFIC'},32,{1},6.0
2e699327,2e699327c,2020-11-09,8,{'JAM'},{'JAM_STAND_STILL_TRAFFIC'},7,{1},5.0
2e699327,2e699327c,2020-11-16,6,{'JAM'},{'JAM_STAND_STILL_TRAFFIC'},17,{1},5.0
2e699329,2e6993284,2020-10-02,16,{'JAM'},{'JAM_STAND_STILL_TRAFFIC'},34,{2},5.970588235294118
2e699329,2e6993284,2020-10-17,10,{'WEATHERHAZARD'},{'HAZARD_ON_SHOULDER_MISSING_SIGN'},30,{2},5.033333333333333
2e699329,2e6993284,2020-10-24,11,{'WEATHERHAZARD'},{'HAZARD_ON_SHOULDER'},71,{2},6.042253521126761
2e699329,2e6993284,2020-10-26,12,"{'JAM', 'WEATHERHAZARD'}","{'HAZARD_ON_SHOULDER_MISSING_SIGN', 'JAM_HEAVY_TRAFFIC'}",37,{2},5.756756756756757
2e699329,2e6993284,2020-10-26,18,{'JAM'},{'JAM_HEAVY_TRAFFIC'},29,{2},6.0
2e699329,2e6993284,2020-10-29,13,{'WEATHERHAZARD'},{'HAZARD_ON_ROAD_CONSTRUCTION'},156,{2},8.506410256410257
2e699329,2e6993284,2020-11-04,16,{'JAM'},{'JAM_STAND_STILL_TRAFFIC'},32,{2},5.0
2e699329,2e6993284,2020-11-09,8,{'JAM'},{'JAM_STAND_STILL_TRAFFIC'},97,{2},5.34020618556701
2e699329,2e6993284,2020-11-15,16,{'JAM'},{'JAM_STAND_STILL_TRAFFIC'},34,{2},5.0
2e699329,2e6993284,2020-11-15,19,{'JAM'},{'JAM_HEAVY_TRAFFIC'},31,{2},5.0
2e699329,2e6993284,2020-11-17,8,{'JAM'},{'JAM_MODERATE_TRAFFIC'},5,{2},5.0
2e699329,2e699328c,2020-09-12,14,{'JAM'},{'JAM'},30,{1},5.0
2e699329,2e699328c,2020-10-08,23,{'WEATHERHAZARD'},{'WEATHERHAZARD'},32,{2},5.0
2e699329,2e699328c,2020-10-29,13,{'JAM'},{'JAM_HEAVY_TRAFFIC'},61,{2},5.0
2e699329,2e699328c,2020-11-09,8,{'JAM'},{'JAM_STAND_STILL_TRAFFIC'},31,{2},5.0
2e69932f,2e69932f4,2020-10-17,16,{'JAM'},{'JAM_HEAVY_TRAFFIC'},32,{2},5.0
2e69932f,2e69932fc,2020-10-06,18,{'JAM'},{'JAM_STAND_STILL_TRAFFIC'},21,{2},5.0
2e69932f,2e69932fc,2020-10-08,14,{'JAM'},{'JAM_HEAVY_TRAFFIC'},32,{2},5.0
2e69932f,2e69932fc,2020-10-21,17,{'WEATHERHAZARD'},{'HAZARD_ON_SHOULDER'},33,{2},5.0
2e69932f,2e69932fc,2020-10-24,11,{'WEATHERHAZARD'},{'HAZARD_ON_SHOULDER'},36,{2},5.805555555555555
2e69932f,2e69932fc,2020-10-24,13,{'JAM'},{'JAM_STAND_STILL_TRAFFIC'},30,{2},5.0
2e69932f,2e69932fc,2020-10-24,16,{'JAM'},{'JAM_HEAVY_TRAFFIC'},33,{2},5.0
2e69932f,2e69932fc,2020-10-26,15,{'JAM'},{'JAM_HEAVY_TRAFFIC'},32,{2},5.0
2e69932f,2e69932fc,2020-10-28,18,{'JAM'},{'JAM_MODERATE_TRAFFIC'},66,{2},5.0
2e69932f,2e69932fc,2020-11-03,18,{'JAM'},"{'JAM', 'JAM_HEAVY_TRAFFIC'}",48,{2},5.3125
2e69932f,2e69932fc,2020-11-04,18,{'JAM'},{'JAM_HEAVY_TRAFFIC'},32,{2},5.0
2e699331,2e6993304,2020-09-26,10,{'ACCIDENT'},{'ACCIDENT'},120,{1},5.0
2e699331,2e6993304,2020-11-14,18,{'JAM'},{'JAM_STAND_STILL_TRAFFIC'},31,{2},5.0
2e699331,2e699330c,2020-11-12,14,{'JAM'},{'JAM_STAND_STILL_TRAFFIC'},31,{2},5.0
2e699337,2e6993364,2020-09-18,15,{'JAM'},{'JAM_HEAVY_TRAFFIC'},12,{2},5.0
2e699337,2e6993364,2020-10-11,17,{'WEATHERHAZARD'},{'WEATHERHAZARD'},39,{2},5.384615384615385
2e699339,2e6993384,2020-09-13,9,{'JAM'},{'JAM'},30,{1},5.0
2e69933b,2e69933a4,2020-11-18,16,{'JAM'},{'JAM_MODERATE_TRAFFIC'},31,{1},5.0
2e69933d,2e69933dc,2020-09-02,17,{'WEATHERHAZARD'},{'HAZARD_WEATHER'},32,{1},5.0
2e69933d,2e69933dc,2020-10-20,17,{'JAM'},{'JAM_STAND_STILL_TRAFFIC'},22,{2},5.0
2e69933d,2e69933dc,2020-11-02,17,{'JAM'},{'JAM_HEAVY_TRAFFIC'},6,{2},5.0
2e699341,2e699341c,2020-11-15,19,{'JAM'},{'JAM_HEAVY_TRAFFIC'},31,{2},5.0
2e699343,2e6993434,2020-09-19,15,{'ACCIDENT'},{'ACCIDENT'},120,{1},5.0
2e699343,2e699343c,2020-09-02,12,{'WEATHERHAZARD'},{'HAZARD_ON_SHOULDER'},30,{2},5.0
2e699349,2e6993494,2020-09-03,17,{'JAM'},{'JAM'},21,{2},7.0
2e699349,2e6993494,2020-09-05,12,{'JAM'},{'JAM_HEAVY_TRAFFIC'},30,{2},5.966666666666667
2e699349,2e6993494,2020-09-07,14,{'JAM'},{'JAM_STAND_STILL_TRAFFIC'},30,{2},5.0
2e699349,2e6993494,2020-09-12,12,{'JAM'},{'JAM_MODERATE_TRAFFIC'},30,{2},5.0
2e699349,2e6993494,2020-09-18,13,{'JAM'},{'JAM_HEAVY_TRAFFIC'},32,{2},5.0
2e699349,2e6993494,2020-10-10,13,{'JAM'},{'JAM_STAND_STILL_TRAFFIC'},32,{2},5.9375
2e699349,2e6993494,2020-10-15,15,{'JAM'},{'JAM_HEAVY_TRAFFIC'},34,{2},5.0
2e699349,2e6993494,2020-10-17,10,{'JAM'},{'JAM_MODERATE_TRAFFIC'},30,{2},5.0
2e699349,2e699349c,2020-09-03,17,{'JAM'},{'JAM'},1,{2},6.0
2e699349,2e699349c,2020-11-06,16,{'JAM'},{'JAM_MODERATE_TRAFFIC'},7,{2},5.0
2e69934d,2e69934cc,2020-11-21,17,{'JAM'},"{'JAM_STAND_STILL_TRAFFIC', 'JAM_HEAVY_TRAFFIC'}",99,{2},5.0
2e69934d,2e69934d4,2020-11-13,15,{'JAM'},{'JAM'},61,{2},5.983606557377049
2e69934d,2e69934dc,2020-10-17,17,{'JAM'},{'JAM_HEAVY_TRAFFIC'},62,{2},5.0
2e69934d,2e69934dc,2020-11-13,15,{'JAM'},{'JAM_STAND_STILL_TRAFFIC'},122,{2},5.0
2e69934f,2e69934e4,2020-09-03,16,{'JAM'},{'JAM'},35,{2},5.857142857142857
2e69934f,2e69934e4,2020-09-03,17,{'JAM'},{'JAM'},35,{2},7.0
2e69934f,2e69934e4,2020-09-03,19,{'JAM'},{'JAM_HEAVY_TRAFFIC'},15,{2},5.0
2e69934f,2e69934e4,2020-09-07,14,{'JAM'},{'JAM_STAND_STILL_TRAFFIC'},27,{2},5.0
2e69934f,2e69934e4,2020-09-12,16,{'JAM'},{'JAM_STAND_STILL_TRAFFIC'},10,{2},5.0
2e69934f,2e69934e4,2020-09-18,16,{'JAM'},{'JAM_MODERATE_TRAFFIC'},30,{2},5.0
2e69934f,2e69934e4,2020-09-26,17,{'JAM'},{'JAM_HEAVY_TRAFFIC'},32,{2},5.75
2e69934f,2e69934e4,2020-10-02,9,{'JAM'},{'JAM_HEAVY_TRAFFIC'},32,{2},5.0
2e69934f,2e69934e4,2020-10-03,10,{'JAM'},{'JAM_HEAVY_TRAFFIC'},30,{2},5.0
2e69934f,2e69934e4,2020-10-03,17,{'JAM'},{'JAM_STAND_STILL_TRAFFIC'},48,{2},5.375
2e69934f,2e69934e4,2020-10-09,14,{'JAM'},{'JAM_STAND_STILL_TRAFFIC'},12,{2},5.0
2e69934f,2e69934e4,2020-10-10,8,{'JAM'},{'JAM_MODERATE_TRAFFIC'},30,{2},5.0
2e69934f,2e69934e4,2020-10-10,13,{'JAM'},{'JAM_STAND_STILL_TRAFFIC'},39,{2},5.0
2e69934f,2e69934e4,2020-10-10,14,{'JAM'},"{'JAM_STAND_STILL_TRAFFIC', 'JAM_HEAVY_TRAFFIC'}",50,{2},5.0
2e69934f,2e69934e4,2020-10-10,16,{'JAM'},{'JAM_HEAVY_TRAFFIC'},32,{2},5.0
2e69934f,2e69934e4,2020-10-11,11,{'JAM'},{'JAM_HEAVY_TRAFFIC'},5,{2},5.0
2e69934f,2e69934e4,2020-10-13,17,{'JAM'},{'JAM_STAND_STILL_TRAFFIC'},31,{2},5.0
2e69934f,2e69934e4,2020-10-13,19,{'JAM'},{'JAM_HEAVY_TRAFFIC'},17,{2},5.647058823529412
2e69934f,2e69934e4,2020-10-19,18,{'JAM'},{'JAM_STAND_STILL_TRAFFIC'},6,{2},5.0
2e69934f,2e69934e4,2020-11-02,17,{'JAM'},{'JAM_HEAVY_TRAFFIC'},30,{2},5.0
2e69934f,2e69934e4,2020-11-07,15,{'JAM'},{'JAM_STAND_STILL_TRAFFIC'},30,{2},5.966666666666667
2e69934f,2e69934e4,2020-11-07,18,{'JAM'},{'JAM_STAND_STILL_TRAFFIC'},30,{2},5.0
2e69934f,2e69934e4,2020-11-08,15,{'JAM'},{'JAM_STAND_STILL_TRAFFIC'},31,{2},5.0
2e69934f,2e69934e4,2020-11-14,10,{'JAM'},{'JAM_STAND_STILL_TRAFFIC'},31,{2},5.0
2e69934f,2e69934e4,2020-11-18,15,{'JAM'},{'JAM_MODERATE_TRAFFIC'},25,{2},5.52
2e69934f,2e69934ec,2020-09-05,15,{'JAM'},{'JAM_HEAVY_TRAFFIC'},30,{2},5.0
2e69934f,2e69934ec,2020-09-07,17,{'JAM'},{'JAM_HEAVY_TRAFFIC'},32,{2},5.0
2e69934f,2e69934ec,2020-09-12,10,{'JAM'},{'JAM_HEAVY_TRAFFIC'},16,{2},5.0
2e69934f,2e69934ec,2020-09-19,14,{'JAM'},{'JAM_HEAVY_TRAFFIC'},30,{2},8.0
2e69934f,2e69934ec,2020-10-10,15,{'JAM'},{'JAM_STAND_STILL_TRAFFIC'},30,{2},5.0
2e69934f,2e69934ec,2020-10-10,16,{'JAM'},"{'JAM_STAND_STILL_TRAFFIC', 'JAM_MODERATE_TRAFFIC'}",64,{2},5.0
2e69934f,2e69934ec,2020-10-13,11,{'JAM'},{'JAM_STAND_STILL_TRAFFIC'},5,{2},5.0
2e69934f,2e69934ec,2020-10-15,15,{'JAM'},{'JAM_STAND_STILL_TRAFFIC'},14,{2},5.0
2e69934f,2e69934ec,2020-10-26,17,{'JAM'},{'JAM_HEAVY_TRAFFIC'},68,{2},5.0
2e69934f,2e69934ec,2020-10-27,17,{'JAM'},{'JAM_HEAVY_TRAFFIC'},44,{2},5.340909090909091
2e69934f,2e69934ec,2020-10-27,18,{'JAM'},{'JAM_MODERATE_TRAFFIC'},9,{2},5.0
2e69934f,2e69934ec,2020-11-03,17,{'JAM'},{'JAM_STAND_STILL_TRAFFIC'},30,{2},5.0
2e69934f,2e69934ec,2020-11-07,19,{'JAM'},{'JAM_STAND_STILL_TRAFFIC'},28,{2},5.0
2e69934f,2e69934ec,2020-11-09,15,{'JAM'},{'JAM_STAND_STILL_TRAFFIC'},33,{2},5.0
2e69934f,2e69934ec,2020-11-09,16,"{'JAM', 'WEATHERHAZARD'}","{'HAZARD_ON_ROAD_CONSTRUCTION', 'JAM_HEAVY_TRAFFIC'}",754,{2},8.26392572944297
2e69934f,2e69934ec,2020-11-09,18,{'JAM'},{'JAM_STAND_STILL_TRAFFIC'},31,{2},5.0
2e69934f,2e69934ec,2020-11-12,11,{'JAM'},{'JAM_STAND_STILL_TRAFFIC'},31,{2},5.0
2e69934f,2e69934ec,2020-11-16,15,{'JAM'},{'JAM_STAND_STILL_TRAFFIC'},33,{2},6.0
2e69934f,2e69934ec,2020-11-21,17,{'JAM'},{'JAM_HEAVY_TRAFFIC'},25,{2},5.0
2e69934f,2e69934fc,2020-09-10,20,{'WEATHERHAZARD'},{'WEATHERHAZARD'},33,{1},5.0
2e69934f,2e69934fc,2020-09-21,20,{'JAM'},{'JAM'},8,{1},5.0
2e69934f,2e69934fc,2020-09-23,10,{'JAM'},{'JAM'},31,{1},5.0
2e69934f,2e69934fc,2020-09-28,5,{'JAM'},{'JAM'},32,{1},5.0
2e69934f,2e69934fc,2020-10-22,19,{'JAM'},{'JAM_HEAVY_TRAFFIC'},32,{1},5.0
2e699351,2e6993504,2020-11-21,10,{'JAM'},{'JAM'},7,{1},5.0
2e699351,2e6993514,2020-09-15,7,{'JAM'},"{'JAM_STAND_STILL_TRAFFIC', 'JAM_HEAVY_TRAFFIC'}",62,{2},5.0
2e699351,2e6993514,2020-09-19,14,{'WEATHERHAZARD'},{'HAZARD_ON_ROAD_POT_HOLE'},695,{2},9.871942446043166
2e699351,2e6993514,2020-09-21,20,{'WEATHERHAZARD'},{'HAZARD_WEATHER_FLOOD'},48,{2},6.229166666666667
2e699351,2e6993514,2020-09-22,8,{'WEATHERHAZARD'},{'HAZARD_ON_ROAD_POT_HOLE'},748,{2},8.859625668449198
2e699351,2e6993514,2020-10-03,18,{'JAM'},{'JAM_MODERATE_TRAFFIC'},31,{2},5.0
2e699351,2e6993514,2020-10-04,13,{'JAM'},{'JAM_STAND_STILL_TRAFFIC'},30,{2},5.0
2e699351,2e6993514,2020-10-05,12,{'JAM'},{'JAM_MODERATE_TRAFFIC'},34,{2},5.0
2e699351,2e6993514,2020-10-08,14,{'JAM'},{'JAM_STAND_STILL_TRAFFIC'},32,{2},5.0
2e699351,2e6993514,2020-10-09,12,{'JAM'},{'JAM_STAND_STILL_TRAFFIC'},62,{2},5.0
2e699351,2e6993514,2020-10-09,16,{'JAM'},{'JAM_STAND_STILL_TRAFFIC'},32,{2},5.0
2e699351,2e6993514,2020-10-10,8,"{'JAM', 'WEATHERHAZARD'}","{'JAM_STAND_STILL_TRAFFIC', 'HAZARD_ON_ROAD_POT_HOLE', 'JAM_HEAVY_TRAFFIC'}",441,{2},8.45578231292517
2e699351,2e6993514,2020-10-10,14,{'JAM'},{'JAM_STAND_STILL_TRAFFIC'},32,{2},5.0
2e699351,2e6993514,2020-10-11,12,{'JAM'},{'JAM_STAND_STILL_TRAFFIC'},62,{2},7.064516129032258
2e699351,2e6993514,2020-10-11,15,{'JAM'},{'JAM_STAND_STILL_TRAFFIC'},30,{2},5.0
2e699351,2e6993514,2020-10-11,16,"{'JAM', 'WEATHERHAZARD'}","{'JAM_STAND_STILL_TRAFFIC', 'HAZARD_ON_ROAD_CONSTRUCTION'}",203,{2},7.1330049261083746
2e699351,2e6993514,2020-10-12,15,{'JAM'},{'JAM'},31,{2},5.967741935483871
2e699351,2e6993514,2020-10-13,16,{'JAM'},{'JAM_STAND_STILL_TRAFFIC'},38,{2},5.421052631578948
2e699351,2e6993514,2020-10-13,17,{'JAM'},{'JAM_STAND_STILL_TRAFFIC'},63,"{1, 2}",5.523809523809524
2e699351,2e6993514,2020-10-13,23,{'WEATHERHAZARD'},{'HAZARD_ON_ROAD_CONSTRUCTION'},1097,{2},8.110300820419326
2e699351,2e6993514,2020-10-14,9,{'JAM'},{'JAM_STAND_STILL_TRAFFIC'},5,{2},5.0
2e699351,2e6993514,2020-10-14,12,{'JAM'},{'JAM_HEAVY_TRAFFIC'},34,{20},5.0
2e699351,2e6993514,2020-10-14,13,{'JAM'},{'JAM_HEAVY_TRAFFIC'},33,{2},5.0
2e699351,2e6993514,2020-10-15,7,{'WEATHERHAZARD'},{'HAZARD_ON_ROAD_POT_HOLE'},2236,{20},7.451252236135957
2e699351,2e6993514,2020-10-15,15,{'JAM'},{'JAM_STAND_STILL_TRAFFIC'},62,{2},5.0
2e699351,2e6993514,2020-10-15,22,{'JAM'},{'JAM_HEAVY_TRAFFIC'},20,{2},5.0
2e699351,2e6993514,2020-10-16,10,{'JAM'},{'JAM_STAND_STILL_TRAFFIC'},31,{2},5.967741935483871
2e699351,2e6993514,2020-10-16,15,{'JAM'},{'JAM_STAND_STILL_TRAFFIC'},30,{2},5.966666666666667
2e699351,2e6993514,2020-10-16,20,{'JAM'},{'JAM_STAND_STILL_TRAFFIC'},19,{2},5.052631578947368
2e699351,2e6993514,2020-10-16,22,"{'JAM', 'WEATHERHAZARD'}","{'JAM_STAND_STILL_TRAFFIC', 'HAZARD_ON_ROAD_CONSTRUCTION', 'JAM_HEAVY_TRAFFIC'}",974,"{2, 20}",6.507186858316222
2e699351,2e6993514,2020-10-17,12,{'JAM'},{'JAM_STAND_STILL_TRAFFIC'},32,{2},5.0
2e699351,2e6993514,2020-10-17,15,{'JAM'},{'JAM_STAND_STILL_TRAFFIC'},37,{2},5.405405405405405
2e699351,2e6993514,2020-10-17,16,{'JAM'},{'JAM_STAND_STILL_TRAFFIC'},7,{2},5.0
2e699351,2e6993514,2020-10-17,17,{'JAM'},{'JAM_STAND_STILL_TRAFFIC'},31,{2},5.0
2e699351,2e6993514,2020-10-17,20,{'JAM'},{'JAM_STAND_STILL_TRAFFIC'},22,{2},5.0
2e699351,2e6993514,2020-10-17,21,{'WEATHERHAZARD'},{'HAZARD_ON_ROAD_CONSTRUCTION'},711,{2},9.481012658227849
2e699351,2e6993514,2020-10-18,22,{'JAM'},{'JAM_STAND_STILL_TRAFFIC'},34,{2},5.852941176470588
2e699351,2e6993514,2020-10-19,9,{'JAM'},{'JAM_STAND_STILL_TRAFFIC'},31,{2},5.0
2e699351,2e6993514,2020-10-19,14,{'JAM'},{'JAM_STAND_STILL_TRAFFIC'},30,{2},5.0
2e699351,2e6993514,2020-10-19,18,{'JAM'},{'JAM_HEAVY_TRAFFIC'},31,{2},5.0
2e699351,2e6993514,2020-10-19,20,"{'JAM', 'WEATHERHAZARD'}","{'HAZARD_WEATHER_FLOOD', 'JAM_HEAVY_TRAFFIC'}",61,{2},5.786885245901639
2e699351,2e6993514,2020-10-19,21,{'JAM'},{'JAM_STAND_STILL_TRAFFIC'},31,{2},5.0
2e699351,2e6993514,2020-10-19,22,{'JAM'},{'JAM_MODERATE_TRAFFIC'},30,{2},5.0
2e699351,2e6993514,2020-10-20,7,{'JAM'},{'JAM_HEAVY_TRAFFIC'},29,{2},5.0
2e699351,2e6993514,2020-10-20,12,{'JAM'},{'JAM_HEAVY_TRAFFIC'},30,{2},5.0
2e699351,2e6993514,2020-10-21,8,{'JAM'},{'JAM_STAND_STILL_TRAFFIC'},37,{2},5.405405405405405
2e699351,2e6993514,2020-10-21,9,{'JAM'},{'JAM_HEAVY_TRAFFIC'},30,{2},5.0
2e699351,2e6993514,2020-10-21,16,{'JAM'},{'JAM_MODERATE_TRAFFIC'},30,{2},5.0
2e699351,2e6993514,2020-10-23,16,{'JAM'},{'JAM_STAND_STILL_TRAFFIC'},63,{2},5.0
2e699351,2e6993514,2020-10-29,12,{'JAM'},{'JAM_STAND_STILL_TRAFFIC'},32,{2},5.0
2e699351,2e6993514,2020-11-01,13,{'JAM'},{'JAM_HEAVY_TRAFFIC'},36,{2},5.0
2e699351,2e6993514,2020-11-06,13,{'JAM'},{'JAM_STAND_STILL_TRAFFIC'},6,{2},5.0
2e699351,2e6993514,2020-11-07,11,{'JAM'},{'JAM_STAND_STILL_TRAFFIC'},30,{2},5.0
2e699351,2e699351c,2020-09-15,7,{'JAM'},{'JAM_STAND_STILL_TRAFFIC'},30,{2},5.0
2e699351,2e699351c,2020-10-09,11,{'JAM'},{'JAM_STAND_STILL_TRAFFIC'},31,{2},5.0
2e699351,2e699351c,2020-10-09,12,{'JAM'},"{'JAM', 'JAM_STAND_STILL_TRAFFIC'}",93,{2},5.32258064516129
2e699351,2e699351c,2020-10-09,14,{'JAM'},{'JAM_STAND_STILL_TRAFFIC'},24,{2},5.458333333333333
2e699351,2e699351c,2020-10-09,16,{'JAM'},{'JAM_HEAVY_TRAFFIC'},31,{2},5.0
2e699351,2e699351c,2020-10-10,8,{'JAM'},"{'JAM_MODERATE_TRAFFIC', 'JAM_HEAVY_TRAFFIC'}",61,{2},5.0
2e699351,2e699351c,2020-10-10,11,{'JAM'},{'JAM_HEAVY_TRAFFIC'},34,{2},5.0
2e699351,2e699351c,2020-10-11,12,{'JAM'},{'JAM_STAND_STILL_TRAFFIC'},38,{2},5.0
2e699351,2e699351c,2020-10-11,19,{'JAM'},{'JAM_STAND_STILL_TRAFFIC'},30,{2},6.9
2e699351,2e699351c,2020-10-12,9,{'JAM'},{'JAM_STAND_STILL_TRAFFIC'},41,{2},5.0
2e699351,2e699351c,2020-10-13,18,{'JAM'},{'JAM_STAND_STILL_TRAFFIC'},77,{2},5.0
2e699351,2e699351c,2020-10-13,20,"{'JAM', 'ACCIDENT'}","{'JAM_STAND_STILL_TRAFFIC', 'ACCIDENT', 'JAM_HEAVY_TRAFFIC'}",314,{2},5.398089171974522
2e699351,2e699351c,2020-10-16,11,{'JAM'},{'JAM_STAND_STILL_TRAFFIC'},5,{2},5.8
2e699351,2e699351c,2020-10-17,11,{'JAM'},{'JAM_STAND_STILL_TRAFFIC'},5,{2},5.0
2e699351,2e699351c,2020-10-17,17,{'JAM'},{'JAM_HEAVY_TRAFFIC'},6,{2},5.0
2e699351,2e699351c,2020-10-19,18,{'JAM'},{'JAM_STAND_STILL_TRAFFIC'},31,{2},5.0
2e699351,2e699351c,2020-10-21,12,{'JAM'},{'JAM_HEAVY_TRAFFIC'},32,{2},5.0
2e699351,2e699351c,2020-10-21,13,{'JAM'},{'JAM_MODERATE_TRAFFIC'},28,{2},5.0
2e699351,2e699351c,2020-11-07,14,{'JAM'},{'JAM_STAND_STILL_TRAFFIC'},31,{2},5.0
2e699353,2e699353c,2020-09-14,19,{'WEATHERHAZARD'},{'HAZARD_WEATHER_FLOOD'},31,{2},5.0
2e699353,2e699353c,2020-09-21,20,{'WEATHERHAZARD'},{'HAZARD_ON_ROAD_POT_HOLE'},312,{2},6.891025641025641
2e699353,2e699353c,2020-09-21,21,{'WEATHERHAZARD'},{'HAZARD_WEATHER_FLOOD'},29,{2},5.0
2e699353,2e699353c,2020-10-03,18,{'WEATHERHAZARD'},{'HAZARD_ON_ROAD_POT_HOLE'},1372,{2},9.712099125364432
2e699353,2e699353c,2020-10-05,18,{'WEATHERHAZARD'},{'HAZARD_ON_ROAD_POT_HOLE'},967,{2},7.59358841778697
2e699353,2e699353c,2020-10-07,14,{'WEATHERHAZARD'},{'HAZARD_ON_ROAD_POT_HOLE'},267,{2},7.588014981273409
2e699353,2e699353c,2020-10-08,14,{'JAM'},{'JAM_HEAVY_TRAFFIC'},31,{2},5.0
2e699353,2e699353c,2020-10-08,15,{'JAM'},{'JAM_MODERATE_TRAFFIC'},30,{2},5.0
2e699353,2e699353c,2020-10-09,20,{'JAM'},{'JAM_HEAVY_TRAFFIC'},33,{2},5.0
2e699353,2e699353c,2020-10-10,8,{'WEATHERHAZARD'},{'HAZARD_ON_ROAD_POT_HOLE'},400,{2},7.4275
2e699353,2e699353c,2020-10-10,10,{'WEATHERHAZARD'},{'HAZARD_ON_ROAD_CONSTRUCTION'},220,{2},7.195454545454545
2e699353,2e699353c,2020-10-11,12,{'JAM'},{'JAM_STAND_STILL_TRAFFIC'},60,{2},5.916666666666667
2e699353,2e699353c,2020-10-12,9,{'WEATHERHAZARD'},{'HAZARD_ON_ROAD_CONSTRUCTION'},285,{2},6.9298245614035086
2e699353,2e699353c,2020-10-12,21,{'JAM'},{'JAM_STAND_STILL_TRAFFIC'},30,{2},5.0
2e699353,2e699353c,2020-10-16,15,{'WEATHERHAZARD'},{'HAZARD_ON_ROAD_CONSTRUCTION'},201,{2},7.970149253731344
2e699353,2e699353c,2020-10-16,17,{'JAM'},{'JAM'},30,{2},5.0
2e699353,2e699353c,2020-10-16,19,{'WEATHERHAZARD'},{'HAZARD_ON_ROAD_CONSTRUCTION'},146,{2},6.506849315068493
2e699353,2e699353c,2020-10-17,18,{'WEATHERHAZARD'},{'HAZARD_ON_ROAD_CONSTRUCTION'},56,{2},7.785714285714286
2e699353,2e699353c,2020-10-18,20,"{'JAM', 'WEATHERHAZARD'}","{'HAZARD_ON_ROAD_CONSTRUCTION', 'JAM_HEAVY_TRAFFIC'}",835,{2},9.003592814371258
2e699353,2e699353c,2020-10-19,20,{'WEATHERHAZARD'},{'HAZARD_ON_ROAD_CONSTRUCTION'},1164,{2},9.387457044673539
2e699353,2e699353c,2020-10-23,16,{'WEATHERHAZARD'},{'HAZARD_ON_ROAD_CONSTRUCTION'},220,{2},6.9363636363636365
2e699353,2e699353c,2020-10-25,11,{'JAM'},{'JAM_HEAVY_TRAFFIC'},32,{2},5.0
2e699353,2e699353c,2020-11-07,11,{'JAM'},{'JAM_HEAVY_TRAFFIC'},43,{2},5.395348837209302
2e699353,2e699353c,2020-11-14,10,{'JAM'},{'JAM_STAND_STILL_TRAFFIC'},30,{2},5.0
2e699355,2e6993544,2020-09-05,15,{'JAM'},{'JAM_STAND_STILL_TRAFFIC'},62,{7},5.0
2e699355,2e6993544,2020-09-07,21,{'JAM'},{'JAM_STAND_STILL_TRAFFIC'},64,{7},5.0
2e699355,2e6993544,2020-09-08,13,{'JAM'},{'JAM_HEAVY_TRAFFIC'},9,{2},5.777777777777778
2e699355,2e6993544,2020-09-11,17,{'WEATHERHAZARD'},{'HAZARD_ON_ROAD_CAR_STOPPED'},12,{7},5.166666666666667
2e699355,2e6993544,2020-09-12,12,{'JAM'},{'JAM_STAND_STILL_TRAFFIC'},61,{7},5.0
2e699355,2e6993544,2020-09-17,20,{'JAM'},{'JAM_STAND_STILL_TRAFFIC'},29,{7},5.0
2e699355,2e6993544,2020-09-19,16,{'WEATHERHAZARD'},{'HAZARD_ON_ROAD_CONSTRUCTION'},310,{2},6.819354838709677
2e699355,2e6993544,2020-09-21,20,{'WEATHERHAZARD'},{'HAZARD_WEATHER_FLOOD'},33,{2},5.636363636363637
2e699355,2e6993544,2020-09-23,16,{'JAM'},{'JAM_HEAVY_TRAFFIC'},64,{7},5.0
2e699355,2e6993544,2020-10-03,19,"{'JAM', 'WEATHERHAZARD'}","{'HAZARD_WEATHER_FLOOD', 'JAM_MODERATE_TRAFFIC'}",61,{2},5.344262295081967
2e699355,2e6993544,2020-10-04,11,{'JAM'},{'JAM_HEAVY_TRAFFIC'},54,{2},5.0
2e699355,2e6993544,2020-10-04,12,{'JAM'},{'JAM_HEAVY_TRAFFIC'},30,{2},5.0
2e699355,2e6993544,2020-10-04,14,{'JAM'},{'JAM_STAND_STILL_TRAFFIC'},58,{2},5.0
2e699355,2e6993544,2020-10-05,18,{'WEATHERHAZARD'},{'HAZARD_ON_ROAD_POT_HOLE'},344,{2},7.386627906976744
2e699355,2e6993544,2020-10-09,13,{'JAM'},{'JAM_STAND_STILL_TRAFFIC'},33,{2},5.0
2e699355,2e6993544,2020-10-09,14,{'JAM'},{'JAM_HEAVY_TRAFFIC'},34,{2},5.0
2e699355,2e6993544,2020-10-09,19,{'JAM'},{'JAM_HEAVY_TRAFFIC'},81,{7},6.45679012345679
2e699355,2e6993544,2020-10-10,10,"{'JAM', 'WEATHERHAZARD'}","{'HAZARD_ON_SHOULDER_CAR_STOPPED', 'JAM_STAND_STILL_TRAFFIC'}",61,{2},5.459016393442623
2e699355,2e6993544,2020-10-10,12,{'JAM'},{'JAM_STAND_STILL_TRAFFIC'},31,{2},7.451612903225806
2e699355,2e6993544,2020-10-10,13,{'JAM'},{'JAM_STAND_STILL_TRAFFIC'},32,{2},5.78125
2e699355,2e6993544,2020-10-11,10,"{'JAM', 'WEATHERHAZARD'}","{'HAZARD_ON_ROAD_POT_HOLE', 'JAM_HEAVY_TRAFFIC'}",108,{2},6.305555555555555
2e699355,2e6993544,2020-10-11,11,{'JAM'},{'JAM_STAND_STILL_TRAFFIC'},18,{2},5.0
2e699355,2e6993544,2020-10-11,14,"{'JAM', 'WEATHERHAZARD'}","{'JAM_MODERATE_TRAFFIC', 'HAZARD_ON_ROAD_POT_HOLE'}",74,{2},6.635135135135135
2e699355,2e6993544,2020-10-11,17,{'JAM'},{'JAM_HEAVY_TRAFFIC'},30,{2},5.7
2e699355,2e6993544,2020-10-11,19,{'WEATHERHAZARD'},{'HAZARD_ON_ROAD_POT_HOLE'},58,{2},6.879310344827586
2e699355,2e6993544,2020-10-11,20,{'JAM'},{'JAM_STAND_STILL_TRAFFIC'},30,{2},5.0
2e699355,2e6993544,2020-10-12,7,{'JAM'},"{'JAM_STAND_STILL_TRAFFIC', 'JAM_HEAVY_TRAFFIC'}",66,{2},5.2272727272727275
2e699355,2e6993544,2020-10-12,9,{'JAM'},{'JAM_STAND_STILL_TRAFFIC'},30,{2},5.0
2e699355,2e6993544,2020-10-13,17,{'JAM'},"{'JAM_STAND_STILL_TRAFFIC', 'JAM_HEAVY_TRAFFIC'}",73,{2},5.684931506849315
2e699355,2e6993544,2020-10-13,22,{'JAM'},{'JAM_STAND_STILL_TRAFFIC'},31,{2},5.0
2e699355,2e6993544,2020-10-14,9,{'JAM'},{'JAM_HEAVY_TRAFFIC'},30,{2},5.0
2e699355,2e6993544,2020-10-14,10,{'JAM'},{'JAM_STAND_STILL_TRAFFIC'},31,{2},5.0
2e699355,2e6993544,2020-10-14,15,{'JAM'},{'JAM_STAND_STILL_TRAFFIC'},30,{2},5.0
2e699355,2e6993544,2020-10-14,17,{'JAM'},{'JAM_STAND_STILL_TRAFFIC'},93,"{2, 7}",5.0
2e699355,2e6993544,2020-10-14,18,{'JAM'},{'JAM_STAND_STILL_TRAFFIC'},62,{7},5.0
2e699355,2e6993544,2020-10-14,20,{'JAM'},{'JAM_HEAVY_TRAFFIC'},41,{2},5.195121951219512
2e699355,2e6993544,2020-10-14,21,{'WEATHERHAZARD'},{'HAZARD_ON_ROAD_CONSTRUCTION'},991,{2},8.41473259334006
2e699355,2e6993544,2020-10-15,8,{'JAM'},{'JAM_STAND_STILL_TRAFFIC'},30,{2},6.0
2e699355,2e6993544,2020-10-15,9,{'JAM'},{'JAM_HEAVY_TRAFFIC'},31,{2},5.0
2e699355,2e6993544,2020-10-15,11,{'JAM'},{'JAM_STAND_STILL_TRAFFIC'},31,{2},5.0
2e699355,2e6993544,2020-10-15,14,{'JAM'},{'JAM_STAND_STILL_TRAFFIC'},30,{2},5.0
2e699355,2e6993544,2020-10-15,16,{'JAM'},{'JAM_STAND_STILL_TRAFFIC'},63,{2},6.9523809523809526
2e699355,2e6993544,2020-10-15,22,{'JAM'},{'JAM_STAND_STILL_TRAFFIC'},50,{2},5.36
2e699355,2e6993544,2020-10-16,11,{'JAM'},{'JAM_STAND_STILL_TRAFFIC'},31,{2},5.0
2e699355,2e6993544,2020-10-16,15,{'JAM'},{'JAM_STAND_STILL_TRAFFIC'},33,{2},5.0
2e699355,2e6993544,2020-10-16,16,{'JAM'},{'JAM_MODERATE_TRAFFIC'},34,{2},5.0
2e699355,2e6993544,2020-10-16,17,{'JAM'},{'JAM_STAND_STILL_TRAFFIC'},36,{2},5.0
2e699355,2e6993544,2020-10-17,8,{'JAM'},{'JAM_STAND_STILL_TRAFFIC'},32,{2},5.0
2e699355,2e6993544,2020-10-17,9,{'JAM'},"{'JAM_STAND_STILL_TRAFFIC', 'JAM_HEAVY_TRAFFIC'}",83,{2},5.0
2e699355,2e6993544,2020-10-17,14,{'JAM'},"{'JAM_STAND_STILL_TRAFFIC', 'JAM_HEAVY_TRAFFIC'}",62,{2},5.370967741935484
2e699355,2e6993544,2020-10-17,15,{'JAM'},{'JAM_STAND_STILL_TRAFFIC'},32,{2},5.46875
2e699355,2e6993544,2020-10-17,18,{'JAM'},{'JAM_STAND_STILL_TRAFFIC'},31,{2},5.0
2e699355,2e6993544,2020-10-17,19,{'JAM'},{'JAM_STAND_STILL_TRAFFIC'},36,{2},5.694444444444445
2e699355,2e6993544,2020-10-17,20,{'JAM'},"{'JAM_STAND_STILL_TRAFFIC', 'JAM_HEAVY_TRAFFIC'}",64,{2},6.5
2e699355,2e6993544,2020-10-17,21,{'JAM'},{'JAM_STAND_STILL_TRAFFIC'},44,{2},5.340909090909091
2e699355,2e6993544,2020-10-18,8,{'JAM'},{'JAM_HEAVY_TRAFFIC'},30,{2},5.933333333333334
2e699355,2e6993544,2020-10-18,13,{'JAM'},{'JAM_STAND_STILL_TRAFFIC'},60,{2},5.0
2e699355,2e6993544,2020-10-18,15,{'JAM'},{'JAM_HEAVY_TRAFFIC'},5,{2},5.0
2e699355,2e6993544,2020-10-18,16,{'JAM'},{'JAM_STAND_STILL_TRAFFIC'},31,{2},5.0
2e699355,2e6993544,2020-10-18,17,{'JAM'},"{'JAM_STAND_STILL_TRAFFIC', 'JAM_HEAVY_TRAFFIC'}",62,{2},5.0
2e699355,2e6993544,2020-10-18,18,{'JAM'},{'JAM_HEAVY_TRAFFIC'},30,{2},5.766666666666667
2e699355,2e6993544,2020-10-18,19,{'JAM'},{'JAM_STAND_STILL_TRAFFIC'},31,{2},5.0
2e699355,2e6993544,2020-10-18,20,{'JAM'},{'JAM_STAND_STILL_TRAFFIC'},11,{2},5.0
2e699355,2e6993544,2020-10-19,13,{'JAM'},{'JAM_STAND_STILL_TRAFFIC'},11,{2},5.0
2e699355,2e6993544,2020-10-19,17,{'JAM'},{'JAM_STAND_STILL_TRAFFIC'},11,{2},5.0
2e699355,2e6993544,2020-10-19,18,{'JAM'},{'JAM_STAND_STILL_TRAFFIC'},40,{2},5.425
2e699355,2e6993544,2020-10-20,8,{'JAM'},{'JAM_STAND_STILL_TRAFFIC'},45,{2},5.355555555555555
2e699355,2e6993544,2020-10-20,10,{'JAM'},{'JAM_MODERATE_TRAFFIC'},30,{2},5.0
2e699355,2e6993544,2020-10-20,11,{'JAM'},{'JAM_STAND_STILL_TRAFFIC'},68,{7},5.0
2e699355,2e6993544,2020-10-20,18,{'JAM'},"{'JAM_STAND_STILL_TRAFFIC', 'JAM_HEAVY_TRAFFIC'}",37,{2},5.0
2e699355,2e6993544,2020-10-25,11,{'JAM'},{'JAM_STAND_STILL_TRAFFIC'},30,{2},5.0
2e699355,2e6993544,2020-10-26,15,{'JAM'},{'JAM_MODERATE_TRAFFIC'},25,{2},5.0
2e699355,2e6993544,2020-10-28,19,{'JAM'},{'JAM_STAND_STILL_TRAFFIC'},64,{7},5.0
2e699355,2e6993544,2020-10-29,11,{'JAM'},{'JAM_HEAVY_TRAFFIC'},31,{2},5.0
2e699355,2e6993544,2020-10-30,10,{'JAM'},{'JAM_STAND_STILL_TRAFFIC'},7,{2},5.0
2e699355,2e6993544,2020-11-02,16,{'JAM'},{'JAM_MODERATE_TRAFFIC'},8,{2},5.0
2e699355,2e6993544,2020-11-03,21,{'JAM'},{'JAM_MODERATE_TRAFFIC'},60,{1},5.0
2e699355,2e6993544,2020-11-04,16,{'JAM'},{'JAM_HEAVY_TRAFFIC'},62,{7},5.0
2e699355,2e6993544,2020-11-04,19,{'JAM'},{'JAM_STAND_STILL_TRAFFIC'},72,{7},8.5
2e699355,2e6993544,2020-11-05,19,{'JAM'},{'JAM_STAND_STILL_TRAFFIC'},62,{7},5.0
2e699355,2e6993544,2020-11-06,14,{'JAM'},{'JAM_STAND_STILL_TRAFFIC'},66,{7},5.0
2e699355,2e6993544,2020-11-07,9,{'JAM'},{'JAM_STAND_STILL_TRAFFIC'},63,{7},5.968253968253968
2e699355,2e6993544,2020-11-07,15,{'JAM'},{'JAM_STAND_STILL_TRAFFIC'},15,{2},5.0
2e699355,2e6993544,2020-11-07,20,{'JAM'},{'JAM_STAND_STILL_TRAFFIC'},65,{7},5.0
2e699355,2e6993544,2020-11-08,10,{'JAM'},{'JAM_HEAVY_TRAFFIC'},64,{7},5.0
2e699355,2e6993544,2020-11-09,21,{'JAM'},{'JAM_STAND_STILL_TRAFFIC'},61,{7},5.540983606557377
2e699355,2e6993544,2020-11-10,11,{'JAM'},{'JAM_HEAVY_TRAFFIC'},35,{2},6.428571428571429
2e699355,2e6993544,2020-11-10,15,{'JAM'},{'JAM_STAND_STILL_TRAFFIC'},60,{7},5.0
2e699355,2e6993544,2020-11-11,11,{'JAM'},{'JAM_HEAVY_TRAFFIC'},29,{2},5.344827586206897
2e699355,2e6993544,2020-11-13,20,{'JAM'},{'JAM_STAND_STILL_TRAFFIC'},52,{7},5.0
2e699355,2e6993544,2020-11-16,14,{'WEATHERHAZARD'},{'HAZARD_ON_ROAD_CAR_STOPPED'},71,{7},6.225352112676056
2e699355,2e6993544,2020-11-20,11,{'JAM'},{'JAM_HEAVY_TRAFFIC'},60,{7},5.0
2e699355,2e699354c,2020-09-02,20,{'JAM'},{'JAM_STAND_STILL_TRAFFIC'},58,{7},5.0
2e699355,2e699354c,2020-09-03,13,{'JAM'},{'JAM_MODERATE_TRAFFIC'},62,{7},5.0
2e699355,2e699354c,2020-09-05,11,{'JAM'},{'JAM_STAND_STILL_TRAFFIC'},60,{7},5.0
2e699355,2e699354c,2020-09-05,13,{'JAM'},{'JAM'},76,{7},5.394736842105263
2e699355,2e699354c,2020-09-06,12,{'JAM'},{'JAM_HEAVY_TRAFFIC'},50,{7},5.0
2e699355,2e699354c,2020-09-08,11,{'JAM'},{'JAM_HEAVY_TRAFFIC'},62,{7},5.0
2e699355,2e699354c,2020-09-08,14,{'JAM'},{'JAM_HEAVY_TRAFFIC'},86,{7},5.348837209302325
2e699355,2e699354c,2020-09-09,10,{'JAM'},{'JAM_STAND_STILL_TRAFFIC'},60,{7},6.0
2e699355,2e699354c,2020-09-10,11,{'JAM'},{'JAM_STAND_STILL_TRAFFIC'},76,{7},5.447368421052632
2e699355,2e699354c,2020-09-11,17,{'JAM'},{'JAM_HEAVY_TRAFFIC'},66,{7},5.46969696969697
2e699355,2e699354c,2020-09-13,11,{'JAM'},{'JAM_HEAVY_TRAFFIC'},62,{7},5.0
2e699355,2e699354c,2020-09-15,10,{'JAM'},{'JAM_MODERATE_TRAFFIC'},61,{7},6.0
2e699355,2e699354c,2020-09-15,11,{'JAM'},{'JAM_STAND_STILL_TRAFFIC'},46,{7},5.0
2e699355,2e699354c,2020-09-15,19,{'JAM'},{'JAM_STAND_STILL_TRAFFIC'},62,{7},5.0
2e699355,2e699354c,2020-09-16,11,{'JAM'},{'JAM_STAND_STILL_TRAFFIC'},121,{7},5.0
2e699355,2e699354c,2020-09-17,20,{'JAM'},{'JAM_STAND_STILL_TRAFFIC'},32,{7},5.0
2e699355,2e699354c,2020-09-19,14,{'JAM'},{'JAM_STAND_STILL_TRAFFIC'},62,{7},5.0
2e699355,2e699354c,2020-09-23,16,{'JAM'},{'JAM_HEAVY_TRAFFIC'},60,{7},5.0
2e699355,2e699354c,2020-09-25,14,{'JAM'},{'JAM_HEAVY_TRAFFIC'},62,{7},5.0
2e699355,2e699354c,2020-09-25,15,{'WEATHERHAZARD'},{'HAZARD_ON_SHOULDER_CAR_STOPPED'},32,{7},5.1875
2e699355,2e699354c,2020-09-26,11,{'JAM'},{'JAM_STAND_STILL_TRAFFIC'},122,{7},5.0
2e699355,2e699354c,2020-09-27,13,{'JAM'},{'JAM_HEAVY_TRAFFIC'},62,{7},6.0
2e699355,2e699354c,2020-09-28,10,{'JAM'},{'JAM_STAND_STILL_TRAFFIC'},65,{7},5.0
2e699355,2e699354c,2020-09-28,12,{'JAM'},{'JAM_MODERATE_TRAFFIC'},67,{7},5.0
2e699355,2e699354c,2020-09-30,14,{'JAM'},{'JAM_HEAVY_TRAFFIC'},62,{7},5.0
2e699355,2e699354c,2020-09-30,21,{'JAM'},{'JAM_STAND_STILL_TRAFFIC'},138,{7},5.079710144927536
2e699355,2e699354c,2020-10-02,11,{'JAM'},{'JAM_HEAVY_TRAFFIC'},34,{7},5.529411764705882
2e699355,2e699354c,2020-10-04,10,{'JAM'},{'JAM_STAND_STILL_TRAFFIC'},70,{7},5.0
2e699355,2e699354c,2020-10-04,13,{'JAM'},{'JAM_STAND_STILL_TRAFFIC'},60,{7},5.633333333333334
2e699355,2e699354c,2020-10-07,10,{'JAM'},{'JAM_HEAVY_TRAFFIC'},70,{7},5.514285714285714
2e699355,2e699354c,2020-10-08,10,{'JAM'},{'JAM_STAND_STILL_TRAFFIC'},42,{7},5.0
2e699355,2e699354c,2020-10-08,15,{'JAM'},{'JAM_HEAVY_TRAFFIC'},74,{7},5.72972972972973
2e699355,2e699354c,2020-10-10,9,{'WEATHERHAZARD'},{'HAZARD_ON_SHOULDER_CAR_STOPPED'},60,{7},5.566666666666666
2e699355,2e699354c,2020-10-10,15,{'JAM'},{'JAM_STAND_STILL_TRAFFIC'},16,{4},5.0
2e699355,2e699354c,2020-10-10,21,{'JAM'},{'JAM_HEAVY_TRAFFIC'},63,{7},5.0
2e699355,2e699354c,2020-10-12,14,{'JAM'},{'JAM_STAND_STILL_TRAFFIC'},68,{7},5.0
2e699355,2e699354c,2020-10-14,17,{'JAM'},"{'JAM_STAND_STILL_TRAFFIC', 'JAM_HEAVY_TRAFFIC'}",128,{7},5.5
2e699355,2e699354c,2020-10-15,12,{'JAM'},{'JAM_STAND_STILL_TRAFFIC'},42,{7},5.0
2e699355,2e699354c,2020-10-15,15,{'JAM'},{'JAM_STAND_STILL_TRAFFIC'},68,{7},5.0
2e699355,2e699354c,2020-10-16,19,{'JAM'},{'JAM_STAND_STILL_TRAFFIC'},198,{7},5.161616161616162
2e699355,2e699354c,2020-10-17,11,{'JAM'},{'JAM_HEAVY_TRAFFIC'},60,{7},6.866666666666666
2e699355,2e699354c,2020-10-17,20,{'JAM'},{'JAM_STAND_STILL_TRAFFIC'},80,{7},5.4
2e699355,2e699354c,2020-10-18,11,{'JAM'},{'JAM_STAND_STILL_TRAFFIC'},60,{7},5.6
2e699355,2e699354c,2020-10-19,11,{'JAM'},{'JAM_STAND_STILL_TRAFFIC'},62,{7},5.0
2e699355,2e699354c,2020-10-20,13,{'JAM'},{'JAM_STAND_STILL_TRAFFIC'},80,{7},5.425
2e699355,2e699354c,2020-10-21,15,{'JAM'},"{'JAM_STAND_STILL_TRAFFIC', 'JAM_MODERATE_TRAFFIC'}",127,{7},5.7952755905511815
2e699355,2e699354c,2020-10-22,12,{'JAM'},{'JAM_STAND_STILL_TRAFFIC'},62,{7},5.0
2e699355,2e699354c,2020-10-23,10,{'JAM'},{'JAM_STAND_STILL_TRAFFIC'},65,{7},5.0
2e699355,2e699354c,2020-10-23,11,{'JAM'},{'JAM_HEAVY_TRAFFIC'},60,{7},5.0
2e699355,2e699354c,2020-10-23,16,{'JAM'},{'JAM_STAND_STILL_TRAFFIC'},62,{7},5.0
2e699355,2e699354c,2020-10-24,9,{'JAM'},{'JAM_STAND_STILL_TRAFFIC'},60,{7},5.0
2e699355,2e699354c,2020-10-24,12,{'JAM'},{'JAM_STAND_STILL_TRAFFIC'},60,{7},5.0
2e699355,2e699354c,2020-10-25,14,{'WEATHERHAZARD'},{'HAZARD_WEATHER_FLOOD'},72,{7},9.125
2e699355,2e699354c,2020-10-26,17,{'JAM'},{'JAM_STAND_STILL_TRAFFIC'},58,{7},5.0
2e699355,2e699354c,2020-10-27,20,{'JAM'},{'JAM_STAND_STILL_TRAFFIC'},60,{7},5.0
2e699355,2e699354c,2020-10-28,10,{'JAM'},{'JAM_STAND_STILL_TRAFFIC'},60,{7},5.0
2e699355,2e699354c,2020-10-28,13,{'JAM'},{'JAM_HEAVY_TRAFFIC'},64,{7},5.46875
2e699355,2e699354c,2020-10-29,10,{'JAM'},{'JAM_STAND_STILL_TRAFFIC'},61,{7},5.0
2e699355,2e699354c,2020-10-29,11,{'JAM'},{'JAM_HEAVY_TRAFFIC'},60,{7},5.0
2e699355,2e699354c,2020-10-29,12,{'JAM'},{'JAM_STAND_STILL_TRAFFIC'},62,{7},5.0
2e699355,2e699354c,2020-10-29,20,{'JAM'},{'JAM_HEAVY_TRAFFIC'},49,{7},5.0
2e699355,2e699354c,2020-10-31,18,{'JAM'},{'JAM_MODERATE_TRAFFIC'},44,{7},5.0
2e699355,2e699354c,2020-11-01,14,{'JAM'},{'JAM_HEAVY_TRAFFIC'},70,{7},5.514285714285714
2e699355,2e699354c,2020-11-02,10,{'JAM'},{'JAM_HEAVY_TRAFFIC'},60,{7},5.6
2e699355,2e699354c,2020-11-02,11,{'JAM'},{'JAM_STAND_STILL_TRAFFIC'},62,{7},5.0
2e699355,2e699354c,2020-11-03,12,{'JAM'},{'JAM_HEAVY_TRAFFIC'},64,{7},5.75
2e699355,2e699354c,2020-11-03,17,{'JAM'},{'JAM_STAND_STILL_TRAFFIC'},56,{7},6.0
2e699355,2e699354c,2020-11-03,19,{'JAM'},{'JAM_STAND_STILL_TRAFFIC'},64,{7},5.0
2e699355,2e699354c,2020-11-03,20,{'JAM'},{'JAM_STAND_STILL_TRAFFIC'},66,{7},5.0
2e699355,2e699354c,2020-11-04,9,{'JAM'},{'JAM_STAND_STILL_TRAFFIC'},75,{7},6.306666666666667
2e699355,2e699354c,2020-11-04,11,{'JAM'},{'JAM_STAND_STILL_TRAFFIC'},92,{7},5.695652173913044
2e699355,2e699354c,2020-11-04,16,{'JAM'},{'JAM_STAND_STILL_TRAFFIC'},62,{7},5.0
2e699355,2e699354c,2020-11-04,17,{'JAM'},{'JAM_STAND_STILL_TRAFFIC'},65,{7},5.0
2e699355,2e699354c,2020-11-05,13,{'JAM'},{'JAM_STAND_STILL_TRAFFIC'},66,{7},7.393939393939394
2e699355,2e699354c,2020-11-05,14,{'JAM'},{'JAM_STAND_STILL_TRAFFIC'},66,{7},5.7272727272727275
2e699355,2e699354c,2020-11-05,15,{'JAM'},{'JAM_STAND_STILL_TRAFFIC'},64,{7},5.0
2e699355,2e699354c,2020-11-05,19,{'JAM'},{'JAM_HEAVY_TRAFFIC'},64,{7},5.0
2e699355,2e699354c,2020-11-06,10,{'JAM'},{'JAM_STAND_STILL_TRAFFIC'},60,{7},5.866666666666666
2e699355,2e699354c,2020-11-06,21,{'JAM'},{'JAM_HEAVY_TRAFFIC'},61,{7},5.0
2e699355,2e699354c,2020-11-07,9,{'JAM'},{'JAM_STAND_STILL_TRAFFIC'},60,{7},5.966666666666667
2e699355,2e699354c,2020-11-07,11,{'JAM'},{'JAM_STAND_STILL_TRAFFIC'},141,{7},5.212765957446808
2e699355,2e699354c,2020-11-07,14,{'JAM'},{'JAM_STAND_STILL_TRAFFIC'},62,{7},5.0
2e699355,2e699354c,2020-11-08,10,{'JAM'},{'JAM_MODERATE_TRAFFIC'},61,{7},5.0
2e699355,2e699354c,2020-11-08,12,{'JAM'},{'JAM_STAND_STILL_TRAFFIC'},62,{7},5.483870967741935
2e699355,2e699354c,2020-11-09,10,{'JAM'},{'JAM_HEAVY_TRAFFIC'},63,{7},5.0
2e699355,2e699354c,2020-11-09,19,{'JAM'},{'JAM_HEAVY_TRAFFIC'},92,{7},5.369565217391305
2e699355,2e699354c,2020-11-09,21,{'JAM'},{'JAM_STAND_STILL_TRAFFIC'},65,{7},5.507692307692308
2e699355,2e699354c,2020-11-10,15,{'JAM'},{'JAM_STAND_STILL_TRAFFIC'},163,{7},7.52760736196319
2e699355,2e699354c,2020-11-15,14,{'JAM'},{'JAM_STAND_STILL_TRAFFIC'},51,{7},5.0
2e699355,2e699354c,2020-11-20,11,{'JAM'},{'JAM_HEAVY_TRAFFIC'},60,{7},5.0
2e699355,2e699354c,2020-11-20,14,{'JAM'},{'JAM_MODERATE_TRAFFIC'},60,{7},5.0
2e699355,2e699354c,2020-11-20,16,{'JAM'},{'JAM_MODERATE_TRAFFIC'},38,{7},5.0
2e699355,2e699354c,2020-11-20,19,{'JAM'},{'JAM_HEAVY_TRAFFIC'},63,{7},5.492063492063492
2e699355,2e699354c,2020-11-22,15,{'JAM'},{'JAM_STAND_STILL_TRAFFIC'},36,{7},5.0
2e699355,2e6993554,2020-09-03,16,{'JAM'},{'JAM'},64,{7},7.0
2e699355,2e6993554,2020-09-04,11,{'JAM'},{'JAM_STAND_STILL_TRAFFIC'},60,{7},5.0
2e699355,2e6993554,2020-09-04,16,{'WEATHERHAZARD'},{'HAZARD_ON_SHOULDER_CAR_STOPPED'},61,{7},6.80327868852459
2e699355,2e6993554,2020-09-05,16,{'JAM'},{'JAM_STAND_STILL_TRAFFIC'},60,{7},5.866666666666666
2e699355,2e6993554,2020-09-09,8,{'JAM'},{'JAM_HEAVY_TRAFFIC'},24,{7},5.0
2e699355,2e6993554,2020-09-12,11,{'JAM'},{'JAM'},64,{7},5.0
2e699355,2e6993554,2020-09-18,15,{'JAM'},{'JAM_HEAVY_TRAFFIC'},28,{7},5.0
2e699355,2e6993554,2020-09-24,7,{'JAM'},{'JAM_MODERATE_TRAFFIC'},32,{7},5.0
2e699355,2e6993554,2020-09-26,10,{'JAM'},{'JAM_MODERATE_TRAFFIC'},56,{7},5.857142857142857
2e699355,2e6993554,2020-09-29,15,{'JAM'},{'JAM_MODERATE_TRAFFIC'},12,{7},5.0
2e699355,2e6993554,2020-10-10,15,{'JAM'},{'JAM_STAND_STILL_TRAFFIC'},30,{7},6.0
2e699355,2e6993554,2020-10-13,17,{'JAM'},{'JAM_HEAVY_TRAFFIC'},62,{7},5.0
2e699355,2e6993554,2020-10-17,14,{'JAM'},{'JAM_STAND_STILL_TRAFFIC'},62,{7},5.0
2e699355,2e6993554,2020-10-17,17,{'JAM'},{'JAM_STAND_STILL_TRAFFIC'},64,{7},5.0
2e699355,2e6993554,2020-10-18,17,{'JAM'},{'JAM_STAND_STILL_TRAFFIC'},61,{7},5.0
2e699355,2e6993554,2020-10-24,15,{'JAM'},{'JAM_STAND_STILL_TRAFFIC'},61,{7},5.786885245901639
2e699355,2e6993554,2020-10-24,16,{'JAM'},{'JAM_STAND_STILL_TRAFFIC'},81,{7},5.419753086419753
2e699355,2e6993554,2020-10-26,18,"{'JAM', 'ACCIDENT'}","{'JAM_STAND_STILL_TRAFFIC', 'ACCIDENT_MAJOR'}",86,{7},6.8604651162790695
2e699355,2e6993554,2020-10-27,15,{'JAM'},{'JAM_STAND_STILL_TRAFFIC'},65,{7},5.015384615384615
2e699355,2e6993554,2020-10-29,17,{'JAM'},{'JAM_HEAVY_TRAFFIC'},64,{7},5.0
2e699355,2e6993554,2020-10-29,20,{'JAM'},{'JAM'},17,{7},5.0
2e699355,2e6993554,2020-11-03,17,{'JAM'},{'JAM_HEAVY_TRAFFIC'},54,{7},5.0
2e699355,2e6993554,2020-11-06,15,{'JAM'},{'JAM'},60,{7},5.0
2e699355,2e6993554,2020-11-07,13,{'JAM'},{'JAM_MODERATE_TRAFFIC'},60,{7},5.0
2e699355,2e6993554,2020-11-16,7,{'JAM'},{'JAM_MODERATE_TRAFFIC'},36,{7},5.0
2e699355,2e699355c,2020-09-01,10,"{'JAM', 'WEATHERHAZARD'}","{'JAM_STAND_STILL_TRAFFIC', 'HAZARD_ON_ROAD_CONSTRUCTION'}",195,"{2, 7}",6.225641025641026
2e699355,2e699355c,2020-09-01,13,{'JAM'},{'JAM_HEAVY_TRAFFIC'},58,{7},5.0
2e699355,2e699355c,2020-09-02,9,{'WEATHERHAZARD'},"{'HAZARD_ON_SHOULDER_CAR_STOPPED', 'HAZARD_ON_ROAD_CONSTRUCTION'}",153,{7},8.633986928104575
2e699355,2e699355c,2020-09-02,10,{'JAM'},{'JAM_MODERATE_TRAFFIC'},5,{2},5.0
2e699355,2e699355c,2020-09-02,12,{'JAM'},{'JAM_STAND_STILL_TRAFFIC'},32,{7},5.0
2e699355,2e699355c,2020-09-02,17,{'JAM'},{'JAM_MODERATE_TRAFFIC'},30,{7},5.0
2e699355,2e699355c,2020-09-03,7,"{'JAM', 'WEATHERHAZARD'}","{'HAZARD_ON_ROAD_CAR_STOPPED', 'JAM_MODERATE_TRAFFIC', 'JAM_HEAVY_TRAFFIC'}",60,{7},5.533333333333333
2e699355,2e699355c,2020-09-03,8,{'JAM'},{'JAM_STAND_STILL_TRAFFIC'},12,{7},5.0
2e699355,2e699355c,2020-09-03,12,{'JAM'},{'JAM_STAND_STILL_TRAFFIC'},12,{2},6.0
2e699355,2e699355c,2020-09-03,17,{'JAM'},{'JAM'},5,{7},5.0
2e699355,2e699355c,2020-09-04,7,{'JAM'},{'JAM_STAND_STILL_TRAFFIC'},62,{7},5.0
2e699355,2e699355c,2020-09-04,11,{'JAM'},{'JAM_STAND_STILL_TRAFFIC'},32,{2},5.0
2e699355,2e699355c,2020-09-04,14,{'JAM'},{'JAM_STAND_STILL_TRAFFIC'},30,{7},5.0
2e699355,2e699355c,2020-09-04,15,"{'JAM', 'WEATHERHAZARD'}","{'HAZARD_ON_SHOULDER_CAR_STOPPED', 'JAM_STAND_STILL_TRAFFIC'}",94,{7},5.5212765957446805
2e699355,2e699355c,2020-09-05,10,{'WEATHERHAZARD'},{'HAZARD_ON_ROAD_CONSTRUCTION'},45,{7},8.177777777777777
2e699355,2e699355c,2020-09-05,15,{'JAM'},{'JAM_STAND_STILL_TRAFFIC'},31,{2},5.0
2e699355,2e699355c,2020-09-06,10,{'WEATHERHAZARD'},{'HAZARD_ON_SHOULDER_CAR_STOPPED'},25,{7},8.24
2e699355,2e699355c,2020-09-06,11,{'JAM'},{'JAM_MODERATE_TRAFFIC'},16,{2},5.0
2e699355,2e699355c,2020-09-06,14,{'WEATHERHAZARD'},{'HAZARD_ON_SHOULDER_CAR_STOPPED'},20,{7},7.85
2e699355,2e699355c,2020-09-08,9,{'WEATHERHAZARD'},{'HAZARD_ON_ROAD_CAR_STOPPED'},104,{7},9.653846153846153
2e699355,2e699355c,2020-09-08,13,{'JAM'},"{'JAM_STAND_STILL_TRAFFIC', 'JAM_HEAVY_TRAFFIC'}",37,{2},5.513513513513513
2e699355,2e699355c,2020-09-08,14,"{'JAM', 'WEATHERHAZARD'}","{'HAZARD_ON_SHOULDER_CAR_STOPPED', 'JAM_STAND_STILL_TRAFFIC', 'JAM_HEAVY_TRAFFIC'}",146,{7},6.109589041095891
2e699355,2e699355c,2020-09-08,17,{'JAM'},{'JAM_STAND_STILL_TRAFFIC'},31,{7},5.0
2e699355,2e699355c,2020-09-09,10,{'JAM'},{'JAM'},32,{7},5.0
2e699355,2e699355c,2020-09-10,6,{'JAM'},{'JAM_HEAVY_TRAFFIC'},63,{7},5.0
2e699355,2e699355c,2020-09-10,7,{'JAM'},{'JAM_MODERATE_TRAFFIC'},50,{7},5.0
2e699355,2e699355c,2020-09-10,9,{'JAM'},{'JAM_HEAVY_TRAFFIC'},28,{2},5.0
2e699355,2e699355c,2020-09-10,11,{'JAM'},{'JAM_HEAVY_TRAFFIC'},31,{7},6.0
2e699355,2e699355c,2020-09-10,12,{'JAM'},{'JAM_STAND_STILL_TRAFFIC'},32,{7},5.0
2e699355,2e699355c,2020-09-10,14,{'JAM'},{'JAM_STAND_STILL_TRAFFIC'},42,{2},5.0
2e699355,2e699355c,2020-09-11,14,{'JAM'},"{'JAM_STAND_STILL_TRAFFIC', 'JAM_HEAVY_TRAFFIC'}",123,"{2, 7}",5.3983739837398375
2e699355,2e699355c,2020-09-12,9,{'JAM'},{'JAM_STAND_STILL_TRAFFIC'},38,{7},5.394736842105263
2e699355,2e699355c,2020-09-12,10,{'JAM'},{'JAM_HEAVY_TRAFFIC'},5,{2},5.0
2e699355,2e699355c,2020-09-13,16,{'JAM'},{'JAM_STAND_STILL_TRAFFIC'},30,{7},5.0
2e699355,2e699355c,2020-09-14,14,{'JAM'},{'JAM_HEAVY_TRAFFIC'},32,{2},5.0
2e699355,2e699355c,2020-09-15,10,{'JAM'},{'JAM_MODERATE_TRAFFIC'},61,{7},5.0
2e699355,2e699355c,2020-09-15,15,{'JAM'},{'JAM_MODERATE_TRAFFIC'},31,{7},5.0
2e699355,2e699355c,2020-09-15,20,{'JAM'},{'JAM_MODERATE_TRAFFIC'},20,{7},5.0
2e699355,2e699355c,2020-09-18,13,{'JAM'},{'JAM_STAND_STILL_TRAFFIC'},2,{2},6.0
2e699355,2e699355c,2020-09-18,19,{'JAM'},{'JAM_MODERATE_TRAFFIC'},32,{7},5.0
2e699355,2e699355c,2020-09-19,17,{'JAM'},{'JAM_STAND_STILL_TRAFFIC'},7,{7},5.0
2e699355,2e699355c,2020-09-22,7,{'JAM'},{'JAM_HEAVY_TRAFFIC'},10,{7},5.0
2e699355,2e699355c,2020-09-22,8,{'JAM'},{'JAM_MODERATE_TRAFFIC'},12,{7},5.0
2e699355,2e699355c,2020-09-23,8,{'JAM'},{'JAM'},30,{7},5.966666666666667
2e699355,2e699355c,2020-09-23,10,{'JAM'},{'JAM'},45,{7},5.355555555555555
2e699355,2e699355c,2020-09-24,11,"{'JAM', 'WEATHERHAZARD'}","{'JAM_STAND_STILL_TRAFFIC', 'HAZARD_ON_ROAD_TRAFFIC_LIGHT_FAULT'}",57,{7},5.87719298245614
2e699355,2e699355c,2020-09-25,11,{'JAM'},{'JAM_STAND_STILL_TRAFFIC'},39,{7},5.333333333333333
2e699355,2e699355c,2020-09-25,13,{'JAM'},{'JAM_HEAVY_TRAFFIC'},6,{7},5.0
2e699355,2e699355c,2020-09-25,14,{'JAM'},{'JAM_STAND_STILL_TRAFFIC'},30,{7},5.0
2e699355,2e699355c,2020-09-26,16,{'JAM'},{'JAM_STAND_STILL_TRAFFIC'},31,{7},5.0
2e699355,2e699355c,2020-09-26,17,{'JAM'},{'JAM_STAND_STILL_TRAFFIC'},17,{7},5.0
2e699355,2e699355c,2020-09-27,11,{'JAM'},{'JAM'},17,{7},5.0
2e699355,2e699355c,2020-09-27,13,"{'JAM', 'WEATHERHAZARD'}","{'HAZARD_ON_SHOULDER_CAR_STOPPED', 'JAM_HEAVY_TRAFFIC'}",54,"{2, 7}",6.666666666666667
2e699355,2e699355c,2020-09-28,10,{'JAM'},{'JAM_STAND_STILL_TRAFFIC'},7,{7},5.0
2e699355,2e699355c,2020-09-28,18,{'JAM'},"{'JAM_STAND_STILL_TRAFFIC', 'JAM_HEAVY_TRAFFIC'}",71,{7},5.225352112676056
2e699355,2e699355c,2020-09-28,19,{'JAM'},{'JAM_STAND_STILL_TRAFFIC'},26,{7},5.0
2e699355,2e699355c,2020-09-29,7,{'JAM'},{'JAM_MODERATE_TRAFFIC'},63,{7},5.0
2e699355,2e699355c,2020-09-29,12,{'JAM'},{'JAM_STAND_STILL_TRAFFIC'},35,{7},5.9714285714285715
2e699355,2e699355c,2020-09-30,6,{'JAM'},{'JAM'},11,{7},5.0
2e699355,2e699355c,2020-09-30,8,{'JAM'},{'JAM_STAND_STILL_TRAFFIC'},33,{7},5.0
2e699355,2e699355c,2020-09-30,10,{'JAM'},{'JAM_HEAVY_TRAFFIC'},60,{2},5.0
2e699355,2e699355c,2020-09-30,11,{'JAM'},{'JAM_STAND_STILL_TRAFFIC'},58,{7},5.0
2e699355,2e699355c,2020-09-30,14,{'JAM'},{'JAM_STAND_STILL_TRAFFIC'},8,{7},5.0
2e699355,2e699355c,2020-10-01,11,{'JAM'},{'JAM_HEAVY_TRAFFIC'},60,{7},5.0
2e699355,2e699355c,2020-10-01,13,{'JAM'},{'JAM_STAND_STILL_TRAFFIC'},15,{7},6.0
2e699355,2e699355c,2020-10-02,8,{'JAM'},{'JAM_MODERATE_TRAFFIC'},48,{7},5.0
2e699355,2e699355c,2020-10-02,20,{'JAM'},{'JAM_MODERATE_TRAFFIC'},6,{7},5.0
2e699355,2e699355c,2020-10-03,10,{'JAM'},{'JAM_HEAVY_TRAFFIC'},31,{7},5.0
2e699355,2e699355c,2020-10-03,12,{'JAM'},"{'JAM_STAND_STILL_TRAFFIC', 'JAM_HEAVY_TRAFFIC'}",76,{7},5.2105263157894735
2e699355,2e699355c,2020-10-03,15,{'JAM'},{'JAM_STAND_STILL_TRAFFIC'},31,{7},5.0
2e699355,2e699355c,2020-10-03,18,{'JAM'},{'JAM_STAND_STILL_TRAFFIC'},38,"{2, 7}",5.0
2e699355,2e699355c,2020-10-03,19,{'JAM'},{'JAM_STAND_STILL_TRAFFIC'},22,{7},5.0
2e699355,2e699355c,2020-10-04,14,{'JAM'},{'JAM_HEAVY_TRAFFIC'},61,{7},5.0
2e699355,2e699355c,2020-10-04,17,{'JAM'},{'JAM_STAND_STILL_TRAFFIC'},31,{7},5.0
2e699355,2e699355c,2020-10-05,7,{'JAM'},"{'JAM', 'JAM_HEAVY_TRAFFIC'}",93,{7},5.0
2e699355,2e699355c,2020-10-05,8,{'JAM'},{'JAM_HEAVY_TRAFFIC'},60,{7},5.0
2e699355,2e699355c,2020-10-05,9,{'JAM'},{'JAM_HEAVY_TRAFFIC'},30,{7},5.0
2e699355,2e699355c,2020-10-05,10,{'JAM'},{'JAM'},5,{7},5.0
2e699355,2e699355c,2020-10-06,10,{'JAM'},{'JAM_HEAVY_TRAFFIC'},62,{7},5.0
2e699355,2e699355c,2020-10-06,17,{'JAM'},{'JAM_HEAVY_TRAFFIC'},31,{7},5.0
2e699355,2e699355c,2020-10-07,7,{'JAM'},{'JAM_MODERATE_TRAFFIC'},62,{7},5.0
2e699355,2e699355c,2020-10-08,7,{'JAM'},{'JAM_STAND_STILL_TRAFFIC'},66,{7},5.96969696969697
2e699355,2e699355c,2020-10-10,9,{'JAM'},{'JAM_STAND_STILL_TRAFFIC'},30,{7},5.0
2e699355,2e699355c,2020-10-10,10,{'JAM'},{'JAM_STAND_STILL_TRAFFIC'},35,{2},5.428571428571429
2e699355,2e699355c,2020-10-10,15,{'JAM'},{'JAM_STAND_STILL_TRAFFIC'},41,{7},5.0
2e699355,2e699355c,2020-10-10,16,{'JAM'},{'JAM_STAND_STILL_TRAFFIC'},6,{7},5.0
2e699355,2e699355c,2020-10-11,16,{'WEATHERHAZARD'},{'WEATHERHAZARD'},33,{7},6.393939393939394
2e699355,2e699355c,2020-10-11,19,{'JAM'},{'JAM_STAND_STILL_TRAFFIC'},31,{7},5.0
2e699355,2e699355c,2020-10-12,8,{'JAM'},{'JAM_HEAVY_TRAFFIC'},31,{7},5.0
2e699355,2e699355c,2020-10-12,13,"{'JAM', 'WEATHERHAZARD'}","{'JAM_STAND_STILL_TRAFFIC', 'JAM_MODERATE_TRAFFIC', 'HAZARD_WEATHER_FOG', 'HAZARD_ON_ROAD_TRAFFIC_LIGHT_FAULT'}",127,"{20, 7}",5.448818897637795
2e699355,2e699355c,2020-10-12,20,{'JAM'},{'JAM_HEAVY_TRAFFIC'},31,{7},5.0
2e699355,2e699355c,2020-10-13,13,{'JAM'},{'JAM_HEAVY_TRAFFIC'},67,{7},5.0
2e699355,2e699355c,2020-10-14,17,{'JAM'},{'JAM_STAND_STILL_TRAFFIC'},31,{7},5.0
2e699355,2e699355c,2020-10-14,18,{'JAM'},{'JAM_STAND_STILL_TRAFFIC'},66,{7},5.0
2e699355,2e699355c,2020-10-15,8,{'JAM'},{'JAM'},62,{7},5.0
2e699355,2e699355c,2020-10-15,12,{'JAM'},{'JAM_STAND_STILL_TRAFFIC'},30,{7},5.966666666666667
2e699355,2e699355c,2020-10-15,16,{'JAM'},{'JAM'},62,{7},5.645161290322581
2e699355,2e699355c,2020-10-17,14,{'JAM'},{'JAM_STAND_STILL_TRAFFIC'},30,{2},5.0
2e699355,2e699355c,2020-10-18,13,{'JAM'},{'JAM'},37,{7},7.108108108108108
2e699355,2e699355c,2020-10-18,15,{'JAM'},{'JAM_HEAVY_TRAFFIC'},27,{7},10.0
2e699355,2e699355c,2020-10-18,20,{'JAM'},{'JAM_HEAVY_TRAFFIC'},32,{7},5.0
2e699355,2e699355c,2020-10-19,7,{'JAM'},{'JAM_HEAVY_TRAFFIC'},30,{7},5.0
2e699355,2e699355c,2020-10-19,19,{'JAM'},{'JAM_STAND_STILL_TRAFFIC'},63,{7},6.968253968253968
2e699355,2e699355c,2020-10-20,8,{'JAM'},{'JAM_HEAVY_TRAFFIC'},60,{7},5.0
2e699355,2e699355c,2020-10-20,10,{'JAM'},{'JAM_STAND_STILL_TRAFFIC'},30,{7},7.0
2e699355,2e699355c,2020-10-20,16,{'JAM'},{'JAM_STAND_STILL_TRAFFIC'},30,{7},5.9
2e699355,2e699355c,2020-10-21,7,{'JAM'},{'JAM_HEAVY_TRAFFIC'},30,{7},5.0
2e699355,2e699355c,2020-10-21,15,{'JAM'},{'JAM_STAND_STILL_TRAFFIC'},62,{7},5.0
2e699355,2e699355c,2020-10-22,7,{'JAM'},{'JAM_HEAVY_TRAFFIC'},30,{7},5.0
2e699355,2e699355c,2020-10-22,17,{'JAM'},{'JAM_STAND_STILL_TRAFFIC'},31,{7},5.0
2e699355,2e699355c,2020-10-23,7,{'JAM'},{'JAM_HEAVY_TRAFFIC'},60,{7},5.4
2e699355,2e699355c,2020-10-23,9,{'JAM'},{'JAM_STAND_STILL_TRAFFIC'},9,{7},5.888888888888889
2e699355,2e699355c,2020-10-23,13,{'JAM'},{'JAM'},17,{7},9.705882352941176
2e699355,2e699355c,2020-10-23,17,{'JAM'},{'JAM_HEAVY_TRAFFIC'},31,{7},5.0
2e699355,2e699355c,2020-10-23,18,{'JAM'},{'JAM_STAND_STILL_TRAFFIC'},32,{7},5.0
2e699355,2e699355c,2020-10-24,13,{'JAM'},{'JAM_STAND_STILL_TRAFFIC'},32,{7},5.0
2e699355,2e699355c,2020-10-24,17,{'JAM'},{'JAM_STAND_STILL_TRAFFIC'},33,{7},6.0
2e699355,2e699355c,2020-10-24,18,{'JAM'},{'JAM_HEAVY_TRAFFIC'},31,{7},5.0
2e699355,2e699355c,2020-10-25,19,{'JAM'},{'JAM_HEAVY_TRAFFIC'},15,{7},5.0
2e699355,2e699355c,2020-10-26,8,{'JAM'},{'JAM_HEAVY_TRAFFIC'},31,{7},5.0
2e699355,2e699355c,2020-10-26,10,{'JAM'},{'JAM_HEAVY_TRAFFIC'},32,{7},5.0
2e699355,2e699355c,2020-10-26,11,{'JAM'},{'JAM_STAND_STILL_TRAFFIC'},26,{7},5.115384615384615
2e699355,2e699355c,2020-10-26,13,{'JAM'},{'JAM'},31,{7},5.612903225806452
2e699355,2e699355c,2020-10-26,14,{'JAM'},{'JAM_STAND_STILL_TRAFFIC'},61,{7},5.0
2e699355,2e699355c,2020-10-26,15,{'JAM'},{'JAM_STAND_STILL_TRAFFIC'},62,{7},5.870967741935484
2e699355,2e699355c,2020-10-26,17,{'JAM'},"{'JAM_STAND_STILL_TRAFFIC', 'JAM_HEAVY_TRAFFIC'}",98,{7},5.0
2e699355,2e699355c,2020-10-26,18,{'JAM'},{'JAM_STAND_STILL_TRAFFIC'},23,{7},8.26086956521739
2e699355,2e699355c,2020-10-27,7,{'JAM'},"{'JAM', 'JAM_HEAVY_TRAFFIC'}",62,{7},5.241935483870968
2e699355,2e699355c,2020-10-27,14,{'JAM'},{'JAM_STAND_STILL_TRAFFIC'},62,{7},7.645161290322581
2e699355,2e699355c,2020-10-27,17,{'JAM'},{'JAM_STAND_STILL_TRAFFIC'},30,{7},5.0
2e699355,2e699355c,2020-10-28,16,{'JAM'},{'JAM_STAND_STILL_TRAFFIC'},63,{7},5.0
2e699355,2e699355c,2020-10-29,15,{'JAM'},{'JAM_HEAVY_TRAFFIC'},16,{7},8.0
2e699355,2e699355c,2020-10-30,12,{'JAM'},{'JAM_MODERATE_TRAFFIC'},41,{7},6.975609756097561
2e699355,2e699355c,2020-10-30,13,{'JAM'},{'JAM_STAND_STILL_TRAFFIC'},30,{7},6.0
2e699355,2e699355c,2020-10-31,8,{'JAM'},{'JAM_HEAVY_TRAFFIC'},31,{7},5.0
2e699355,2e699355c,2020-10-31,11,{'JAM'},{'JAM_HEAVY_TRAFFIC'},33,{7},5.0
2e699355,2e699355c,2020-10-31,14,{'JAM'},{'JAM_HEAVY_TRAFFIC'},31,{7},5.0
2e699355,2e699355c,2020-10-31,15,{'JAM'},{'JAM_STAND_STILL_TRAFFIC'},31,{7},5.0
2e699355,2e699355c,2020-10-31,18,{'JAM'},{'JAM_HEAVY_TRAFFIC'},62,{7},5.967741935483871
2e699355,2e699355c,2020-11-01,11,{'WEATHERHAZARD'},{'HAZARD_ON_ROAD_CAR_STOPPED'},30,{2},5.0
2e699355,2e699355c,2020-11-01,14,{'JAM'},{'JAM_HEAVY_TRAFFIC'},97,{7},8.175257731958762
2e699355,2e699355c,2020-11-02,6,{'JAM'},{'JAM_STAND_STILL_TRAFFIC'},30,{7},5.966666666666667
2e699355,2e699355c,2020-11-02,10,{'JAM'},{'JAM_STAND_STILL_TRAFFIC'},30,{7},5.0
2e699355,2e699355c,2020-11-03,6,{'JAM'},{'JAM_MODERATE_TRAFFIC'},62,{7},5.0
2e699355,2e699355c,2020-11-03,7,{'JAM'},{'JAM_HEAVY_TRAFFIC'},7,{7},5.0
2e699355,2e699355c,2020-11-03,11,{'WEATHERHAZARD'},{'HAZARD_ON_ROAD_CAR_STOPPED'},31,{7},5.161290322580645
2e699355,2e699355c,2020-11-04,7,{'JAM'},{'JAM_HEAVY_TRAFFIC'},46,{7},5.0
2e699355,2e699355c,2020-11-04,13,{'JAM'},{'JAM_STAND_STILL_TRAFFIC'},32,{7},5.0
2e699355,2e699355c,2020-11-04,14,{'JAM'},{'JAM_STAND_STILL_TRAFFIC'},34,{7},5.617647058823529
2e699355,2e699355c,2020-11-04,18,{'JAM'},"{'JAM_STAND_STILL_TRAFFIC', 'JAM_MODERATE_TRAFFIC'}",99,{7},5.959595959595959
2e699355,2e699355c,2020-11-05,7,{'WEATHERHAZARD'},{'HAZARD_ON_SHOULDER_CAR_STOPPED'},126,{7},9.476190476190476
2e699355,2e699355c,2020-11-05,9,{'JAM'},{'JAM_MODERATE_TRAFFIC'},29,{7},5.0
2e699355,2e699355c,2020-11-05,11,{'JAM'},{'JAM_STAND_STILL_TRAFFIC'},28,{2},5.0
2e699355,2e699355c,2020-11-05,15,{'JAM'},{'JAM_STAND_STILL_TRAFFIC'},31,{7},5.0
2e699355,2e699355c,2020-11-06,13,{'JAM'},{'JAM'},5,{7},6.0
2e699355,2e699355c,2020-11-06,18,{'JAM'},{'JAM_HEAVY_TRAFFIC'},32,{7},5.75
2e699355,2e699355c,2020-11-06,21,{'JAM'},{'JAM'},64,{7},7.0
2e699355,2e699355c,2020-11-07,15,{'JAM'},{'JAM_STAND_STILL_TRAFFIC'},32,{2},5.0
2e699355,2e699355c,2020-11-07,16,{'JAM'},{'JAM_STAND_STILL_TRAFFIC'},30,{7},5.0
2e699355,2e699355c,2020-11-09,7,{'JAM'},{'JAM_HEAVY_TRAFFIC'},60,{7},7.933333333333334
2e699355,2e699355c,2020-11-09,16,{'JAM'},{'JAM_STAND_STILL_TRAFFIC'},100,{7},5.0
2e699355,2e699355c,2020-11-09,21,{'JAM'},{'JAM_STAND_STILL_TRAFFIC'},35,{7},5.485714285714286
2e699355,2e699355c,2020-11-11,11,{'JAM'},{'JAM_STAND_STILL_TRAFFIC'},20,{7},5.0
2e699355,2e699355c,2020-11-13,16,{'JAM'},{'JAM_STAND_STILL_TRAFFIC'},31,{7},5.0
2e699355,2e699355c,2020-11-14,9,{'JAM'},{'JAM_HEAVY_TRAFFIC'},7,{2},5.0
2e699355,2e699355c,2020-11-17,8,{'WEATHERHAZARD'},{'HAZARD_ON_SHOULDER_CAR_STOPPED'},30,{7},6.3
2e699355,2e699355c,2020-11-17,20,{'JAM'},{'JAM_STAND_STILL_TRAFFIC'},39,{7},5.641025641025641
2e699355,2e699355c,2020-11-20,18,{'JAM'},{'JAM_STAND_STILL_TRAFFIC'},30,{7},5.233333333333333
2e699355,2e699355c,2020-11-22,9,{'JAM'},{'JAM_MODERATE_TRAFFIC'},22,{7},5.0
2e699355,2e699355c,2020-11-22,15,{'JAM'},{'JAM_STAND_STILL_TRAFFIC'},64,{7},5.0
2e699357,2e6993564,2020-09-01,7,{'JAM'},{'JAM_MODERATE_TRAFFIC'},5,{7},5.0
2e699357,2e6993564,2020-09-01,17,{'JAM'},{'JAM_MODERATE_TRAFFIC'},31,{7},5.0
2e699357,2e6993564,2020-09-02,9,"{'JAM', 'WEATHERHAZARD'}","{'HAZARD_ON_SHOULDER_CAR_STOPPED', 'JAM_STAND_STILL_TRAFFIC'}",66,{7},6.9393939393939394
2e699357,2e6993564,2020-09-02,17,{'JAM'},{'JAM_STAND_STILL_TRAFFIC'},30,{7},5.866666666666666
2e699357,2e6993564,2020-09-03,8,{'WEATHERHAZARD'},{'HAZARD_ON_ROAD_CAR_STOPPED'},6,{7},6.333333333333333
2e699357,2e6993564,2020-09-03,17,{'JAM'},{'JAM'},30,{7},6.0
2e699357,2e6993564,2020-09-04,9,{'JAM'},{'JAM_HEAVY_TRAFFIC'},42,{7},5.404761904761905
2e699357,2e6993564,2020-09-04,10,{'JAM'},{'JAM_STAND_STILL_TRAFFIC'},33,{7},5.0
2e699357,2e6993564,2020-09-04,12,{'JAM'},{'JAM_STAND_STILL_TRAFFIC'},32,{7},5.0
2e699357,2e6993564,2020-09-04,15,{'JAM'},{'JAM_STAND_STILL_TRAFFIC'},31,{7},5.0
2e699357,2e6993564,2020-09-05,17,{'JAM'},{'JAM_HEAVY_TRAFFIC'},30,{7},6.0
2e699357,2e6993564,2020-09-06,10,{'JAM'},{'JAM_HEAVY_TRAFFIC'},31,{7},5.0
2e699357,2e6993564,2020-09-06,19,{'JAM'},{'JAM_STAND_STILL_TRAFFIC'},31,{7},5.0
2e699357,2e6993564,2020-09-08,13,{'JAM'},{'JAM_STAND_STILL_TRAFFIC'},8,{7},6.0
2e699357,2e6993564,2020-09-10,11,{'JAM'},{'JAM_STAND_STILL_TRAFFIC'},30,{7},5.0
2e699357,2e6993564,2020-09-12,16,{'JAM'},{'JAM_STAND_STILL_TRAFFIC'},34,{7},5.911764705882353
2e699357,2e6993564,2020-09-13,19,{'JAM'},{'JAM'},31,{7},5.0
2e699357,2e6993564,2020-09-15,14,{'JAM'},{'JAM_MODERATE_TRAFFIC'},20,{7},6.0
2e699357,2e6993564,2020-09-16,14,{'JAM'},{'JAM_STAND_STILL_TRAFFIC'},32,{7},6.59375
2e699357,2e6993564,2020-09-18,16,{'JAM'},{'JAM_HEAVY_TRAFFIC'},32,{7},5.0
2e699357,2e6993564,2020-09-19,10,{'JAM'},{'JAM_STAND_STILL_TRAFFIC'},30,{7},5.0
2e699357,2e6993564,2020-09-19,16,{'JAM'},{'JAM_HEAVY_TRAFFIC'},33,{7},5.0
2e699357,2e6993564,2020-09-20,15,{'JAM'},{'JAM_MODERATE_TRAFFIC'},28,{7},5.0
2e699357,2e6993564,2020-09-23,14,{'JAM'},{'JAM_STAND_STILL_TRAFFIC'},32,{7},5.84375
2e699357,2e6993564,2020-09-23,15,{'JAM'},{'JAM_HEAVY_TRAFFIC'},33,{7},5.818181818181818
2e699357,2e6993564,2020-09-24,15,{'JAM'},{'JAM_STAND_STILL_TRAFFIC'},24,{7},5.0
2e699357,2e6993564,2020-09-25,10,{'JAM'},{'JAM_STAND_STILL_TRAFFIC'},31,{7},5.0
2e699357,2e6993564,2020-09-25,13,"{'JAM', 'ACCIDENT'}","{'JAM_MODERATE_TRAFFIC', 'ACCIDENT'}",181,"{1, 7}",5.088397790055248
2e699357,2e6993564,2020-09-26,9,{'JAM'},{'JAM_HEAVY_TRAFFIC'},30,{7},5.7
2e699357,2e6993564,2020-09-26,11,{'JAM'},{'JAM_STAND_STILL_TRAFFIC'},30,{7},5.0
2e699357,2e6993564,2020-09-26,14,{'JAM'},{'JAM_STAND_STILL_TRAFFIC'},32,{7},5.875
2e699357,2e6993564,2020-09-26,15,{'JAM'},{'JAM_HEAVY_TRAFFIC'},33,{7},5.0
2e699357,2e6993564,2020-09-28,14,{'JAM'},{'JAM_STAND_STILL_TRAFFIC'},31,{7},6.0
2e699357,2e6993564,2020-09-28,17,{'JAM'},{'JAM_HEAVY_TRAFFIC'},31,{7},5.903225806451613
2e699357,2e6993564,2020-09-29,9,{'JAM'},{'JAM_HEAVY_TRAFFIC'},30,{7},5.666666666666667
2e699357,2e6993564,2020-09-29,10,{'JAM'},{'JAM_STAND_STILL_TRAFFIC'},32,{7},5.0
2e699357,2e6993564,2020-09-29,12,"{'JAM', 'WEATHERHAZARD'}","{'JAM_MODERATE_TRAFFIC', 'HAZARD_ON_ROAD_TRAFFIC_LIGHT_FAULT'}",48,{1},5.3125
2e699357,2e6993564,2020-09-29,13,"{'JAM', 'WEATHERHAZARD', 'ACCIDENT'}","{'JAM_MODERATE_TRAFFIC', 'ACCIDENT', 'HAZARD_ON_ROAD_TRAFFIC_LIGHT_FAULT'}",47,"{1, 7}",5.595744680851064
2e699357,2e6993564,2020-09-29,15,{'JAM'},{'JAM_STAND_STILL_TRAFFIC'},30,{7},5.0
2e699357,2e6993564,2020-09-30,9,{'JAM'},{'JAM_HEAVY_TRAFFIC'},30,{7},5.0
2e699357,2e6993564,2020-09-30,11,{'JAM'},{'JAM_MODERATE_TRAFFIC'},20,{7},5.0
2e699357,2e6993564,2020-10-01,10,{'JAM'},{'JAM_STAND_STILL_TRAFFIC'},30,{7},5.0
2e699357,2e6993564,2020-10-01,13,{'JAM'},{'JAM_STAND_STILL_TRAFFIC'},17,{7},5.0
2e699357,2e6993564,2020-10-01,15,{'JAM'},{'JAM_STAND_STILL_TRAFFIC'},30,{7},5.0
2e699357,2e6993564,2020-10-04,17,{'JAM'},{'JAM_HEAVY_TRAFFIC'},51,{7},5.96078431372549
2e699357,2e6993564,2020-10-05,11,{'JAM'},{'JAM_HEAVY_TRAFFIC'},30,{7},5.0
2e699357,2e6993564,2020-10-05,14,"{'JAM', 'WEATHERHAZARD', 'ACCIDENT'}","{'HAZARD_ON_ROAD_OBJECT', 'JAM_STAND_STILL_TRAFFIC', 'ACCIDENT_MINOR'}",149,{7},6.651006711409396
2e699357,2e6993564,2020-10-06,12,{'JAM'},{'JAM_HEAVY_TRAFFIC'},35,{7},5.0
2e699357,2e6993564,2020-10-06,13,{'JAM'},{'JAM_STAND_STILL_TRAFFIC'},11,{7},5.0
2e699357,2e6993564,2020-10-07,12,{'JAM'},{'JAM_STAND_STILL_TRAFFIC'},32,{7},5.0
2e699357,2e6993564,2020-10-07,15,{'JAM'},{'JAM_STAND_STILL_TRAFFIC'},32,{7},5.0
2e699357,2e6993564,2020-10-08,9,{'JAM'},{'JAM_MODERATE_TRAFFIC'},32,{7},5.0
2e699357,2e6993564,2020-10-08,12,{'JAM'},{'JAM_STAND_STILL_TRAFFIC'},32,{7},5.0
2e699357,2e6993564,2020-10-08,17,{'JAM'},{'JAM_MODERATE_TRAFFIC'},31,{7},5.741935483870968
2e699357,2e6993564,2020-10-10,13,{'JAM'},{'JAM_STAND_STILL_TRAFFIC'},7,{7},5.0
2e699357,2e6993564,2020-10-10,14,{'JAM'},{'JAM_HEAVY_TRAFFIC'},41,{7},5.804878048780488
2e699357,2e6993564,2020-10-11,9,{'JAM'},{'JAM_STAND_STILL_TRAFFIC'},30,{7},5.0
2e699357,2e6993564,2020-10-11,11,{'JAM'},{'JAM_STAND_STILL_TRAFFIC'},42,{7},5.357142857142857
2e699357,2e6993564,2020-10-12,9,{'JAM'},{'JAM_HEAVY_TRAFFIC'},31,{7},7.290322580645161
2e699357,2e6993564,2020-10-12,14,"{'JAM', 'WEATHERHAZARD', 'ACCIDENT'}","{'HAZARD_ON_SHOULDER_ANIMALS', 'ACCIDENT', 'HAZARD_ON_ROAD_TRAFFIC_LIGHT_FAULT', 'JAM', 'HAZARD_ON_ROAD_ROAD_KILL'}",137,{7},5.810218978102189
2e699357,2e6993564,2020-10-12,16,{'JAM'},{'JAM_HEAVY_TRAFFIC'},30,{7},5.0
2e699357,2e6993564,2020-10-13,8,{'JAM'},{'JAM_MODERATE_TRAFFIC'},8,{7},5.0
2e699357,2e6993564,2020-10-14,17,{'JAM'},{'JAM_STAND_STILL_TRAFFIC'},31,{7},5.967741935483871
2e699357,2e6993564,2020-10-14,18,{'JAM'},{'JAM_HEAVY_TRAFFIC'},41,{7},5.341463414634147
2e699357,2e6993564,2020-10-15,11,{'JAM'},{'JAM_STAND_STILL_TRAFFIC'},30,{7},6.8
2e699357,2e6993564,2020-10-16,11,{'JAM'},{'JAM_STAND_STILL_TRAFFIC'},32,{7},5.9375
2e699357,2e6993564,2020-10-16,14,{'JAM'},{'JAM_HEAVY_TRAFFIC'},31,{7},5.0
2e699357,2e6993564,2020-10-16,15,{'JAM'},{'JAM_HEAVY_TRAFFIC'},30,{7},5.0
2e699357,2e6993564,2020-10-16,17,{'WEATHERHAZARD'},{'HAZARD_ON_ROAD_CONSTRUCTION'},31,{7},6.67741935483871
2e699357,2e6993564,2020-10-17,14,{'JAM'},{'JAM_HEAVY_TRAFFIC'},31,{7},5.0
2e699357,2e6993564,2020-10-18,13,{'JAM'},{'JAM'},12,{7},7.833333333333333
2e699357,2e6993564,2020-10-18,15,{'JAM'},{'JAM_HEAVY_TRAFFIC'},4,{7},8.0
2e699357,2e6993564,2020-10-19,9,{'WEATHERHAZARD'},{'HAZARD_ON_ROAD_TRAFFIC_LIGHT_FAULT'},32,{7},5.9375
2e699357,2e6993564,2020-10-19,11,{'JAM'},{'JAM_HEAVY_TRAFFIC'},35,{7},5.428571428571429
2e699357,2e6993564,2020-10-19,12,{'JAM'},{'JAM_STAND_STILL_TRAFFIC'},46,{7},5.3478260869565215
2e699357,2e6993564,2020-10-20,7,{'JAM'},{'JAM_STAND_STILL_TRAFFIC'},34,{7},6.617647058823529
2e699357,2e6993564,2020-10-20,8,{'JAM'},{'JAM_HEAVY_TRAFFIC'},10,{7},5.0
2e699357,2e6993564,2020-10-20,10,{'JAM'},{'JAM_STAND_STILL_TRAFFIC'},1,{7},5.0
2e699357,2e6993564,2020-10-20,12,"{'JAM', 'WEATHERHAZARD', 'ACCIDENT'}","{'HAZARD_WEATHER', 'HAZARD_ON_ROAD_TRAFFIC_LIGHT_FAULT', 'JAM_MODERATE_TRAFFIC', 'ACCIDENT_MINOR'}",216,{1},5.625
2e699357,2e6993564,2020-10-20,15,{'JAM'},{'JAM_STAND_STILL_TRAFFIC'},34,{7},5.4411764705882355
2e699357,2e6993564,2020-10-20,16,{'JAM'},{'JAM_HEAVY_TRAFFIC'},32,{7},5.0
2e699357,2e6993564,2020-10-21,14,{'JAM'},{'JAM'},31,{7},7.935483870967742
2e699357,2e6993564,2020-10-22,7,{'JAM'},{'JAM_HEAVY_TRAFFIC'},30,{7},5.0
2e699357,2e6993564,2020-10-22,17,{'JAM'},{'JAM_HEAVY_TRAFFIC'},31,{7},6.645161290322581
2e699357,2e6993564,2020-10-22,18,{'JAM'},{'JAM_STAND_STILL_TRAFFIC'},33,{7},5.0
2e699357,2e6993564,2020-10-23,9,{'JAM'},{'JAM_STAND_STILL_TRAFFIC'},32,{7},5.0
2e699357,2e6993564,2020-10-23,13,{'JAM'},{'JAM'},30,{7},7.733333333333333
2e699357,2e6993564,2020-10-23,16,{'JAM'},{'JAM_STAND_STILL_TRAFFIC'},32,{7},5.0
2e699357,2e6993564,2020-10-24,8,{'JAM'},{'JAM_HEAVY_TRAFFIC'},30,{7},5.0
2e699357,2e6993564,2020-10-24,13,{'JAM'},{'JAM_STAND_STILL_TRAFFIC'},31,{7},5.0
2e699357,2e6993564,2020-10-25,11,{'JAM'},{'JAM_STAND_STILL_TRAFFIC'},27,{7},6.0
2e699357,2e6993564,2020-10-26,7,{'JAM'},{'JAM_HEAVY_TRAFFIC'},30,{7},5.933333333333334
2e699357,2e6993564,2020-10-26,14,{'JAM'},{'JAM_STAND_STILL_TRAFFIC'},33,{7},5.0
2e699357,2e6993564,2020-10-26,17,{'JAM'},{'JAM_STAND_STILL_TRAFFIC'},62,{7},5.82258064516129
2e699357,2e6993564,2020-10-26,18,{'JAM'},{'JAM_STAND_STILL_TRAFFIC'},38,{7},5.0
2e699357,2e6993564,2020-10-27,14,"{'JAM', 'WEATHERHAZARD'}","{'HAZARD_WEATHER_HAIL', 'JAM_STAND_STILL_TRAFFIC'}",34,{7},6.323529411764706
2e699357,2e6993564,2020-10-28,9,{'JAM'},{'JAM_HEAVY_TRAFFIC'},30,{7},5.0
2e699357,2e6993564,2020-10-28,11,{'JAM'},{'JAM_STAND_STILL_TRAFFIC'},35,{7},5.542857142857143
2e699357,2e6993564,2020-10-28,15,{'JAM'},{'JAM'},31,{7},5.967741935483871
2e699357,2e6993564,2020-10-28,16,{'JAM'},{'JAM_STAND_STILL_TRAFFIC'},32,{7},5.0
2e699357,2e6993564,2020-10-29,10,{'JAM'},{'JAM_HEAVY_TRAFFIC'},30,{7},5.0
2e699357,2e6993564,2020-10-30,13,{'JAM'},{'JAM_STAND_STILL_TRAFFIC'},2,{7},5.0
2e699357,2e6993564,2020-10-30,14,{'JAM'},{'JAM_MODERATE_TRAFFIC'},31,{7},5.903225806451613
2e699357,2e6993564,2020-10-30,16,{'JAM'},{'JAM_HEAVY_TRAFFIC'},31,{7},5.0
2e699357,2e6993564,2020-10-31,14,{'JAM'},{'JAM_STAND_STILL_TRAFFIC'},4,{7},5.0
2e699357,2e6993564,2020-10-31,17,{'JAM'},{'JAM_HEAVY_TRAFFIC'},32,{7},5.0
2e699357,2e6993564,2020-11-01,10,{'JAM'},{'JAM_MODERATE_TRAFFIC'},42,{7},5.976190476190476
2e699357,2e6993564,2020-11-01,11,{'JAM'},{'JAM_STAND_STILL_TRAFFIC'},30,{7},5.966666666666667
2e699357,2e6993564,2020-11-01,16,{'JAM'},{'JAM_HEAVY_TRAFFIC'},31,{7},5.0
2e699357,2e6993564,2020-11-02,12,{'JAM'},{'JAM_STAND_STILL_TRAFFIC'},31,{7},5.516129032258065
2e699357,2e6993564,2020-11-03,8,{'JAM'},{'JAM_HEAVY_TRAFFIC'},47,{7},5.361702127659575
2e699357,2e6993564,2020-11-03,10,{'JAM'},{'JAM_HEAVY_TRAFFIC'},29,{7},6.9655172413793105
2e699357,2e6993564,2020-11-03,14,{'JAM'},{'JAM_HEAVY_TRAFFIC'},30,{7},5.0
2e699357,2e6993564,2020-11-03,18,{'JAM'},{'JAM'},33,{7},5.0
2e699357,2e6993564,2020-11-04,7,{'JAM'},{'JAM_HEAVY_TRAFFIC'},31,{7},5.0
2e699357,2e6993564,2020-11-04,12,{'JAM'},{'JAM_STAND_STILL_TRAFFIC'},33,{7},5.0
2e699357,2e6993564,2020-11-04,15,{'JAM'},{'JAM_HEAVY_TRAFFIC'},30,{7},5.0
2e699357,2e6993564,2020-11-05,7,{'JAM'},{'JAM_MODERATE_TRAFFIC'},18,{7},7.611111111111111
2e699357,2e6993564,2020-11-05,11,{'JAM'},{'JAM_STAND_STILL_TRAFFIC'},33,{7},5.0
2e699357,2e6993564,2020-11-05,17,{'JAM'},{'JAM_HEAVY_TRAFFIC'},31,{7},5.0
2e699357,2e6993564,2020-11-06,13,{'JAM'},{'JAM'},9,{7},5.0
2e699357,2e6993564,2020-11-07,8,{'JAM'},{'JAM_HEAVY_TRAFFIC'},30,{7},5.0
2e699357,2e6993564,2020-11-07,13,{'JAM'},{'JAM_STAND_STILL_TRAFFIC'},32,{7},5.625
2e699357,2e6993564,2020-11-07,18,"{'JAM', 'WEATHERHAZARD'}","{'HAZARD_ON_ROAD_CAR_STOPPED', 'JAM_STAND_STILL_TRAFFIC'}",53,{7},6.320754716981132
2e699357,2e6993564,2020-11-08,10,{'JAM'},{'JAM_STAND_STILL_TRAFFIC'},31,{7},5.548387096774194
2e699357,2e6993564,2020-11-08,11,{'JAM'},{'JAM_HEAVY_TRAFFIC'},31,{7},5.0
2e699357,2e6993564,2020-11-08,14,{'JAM'},{'JAM_HEAVY_TRAFFIC'},45,{7},6.044444444444444
2e699357,2e6993564,2020-11-08,19,{'JAM'},{'JAM_HEAVY_TRAFFIC'},30,{7},5.0
2e699357,2e6993564,2020-11-08,21,{'JAM'},{'JAM_STAND_STILL_TRAFFIC'},30,{7},5.0
2e699357,2e6993564,2020-11-09,7,{'JAM'},{'JAM_HEAVY_TRAFFIC'},30,{7},7.633333333333334
2e699357,2e6993564,2020-11-09,9,{'JAM'},{'JAM_STAND_STILL_TRAFFIC'},50,{7},5.62
2e699357,2e6993564,2020-11-10,10,{'JAM'},{'JAM'},30,{7},5.633333333333334
2e699357,2e6993564,2020-11-10,11,{'JAM'},{'JAM_STAND_STILL_TRAFFIC'},30,{7},5.0
2e699357,2e6993564,2020-11-10,16,{'JAM'},{'JAM'},31,{7},5.0
2e699357,2e699356c,2020-11-20,19,{'WEATHERHAZARD'},{'WEATHERHAZARD'},30,{22},5.0
2e69935f,2e69935fc,2020-09-27,21,{'WEATHERHAZARD'},{'WEATHERHAZARD'},31,{1},5.0
2e699367,2e699367c,2020-11-17,21,{'JAM'},{'JAM'},31,{1},5.0
2e699369,2e6993684,2020-11-10,21,{'WEATHERHAZARD'},{'HAZARD_ON_ROAD_TRAFFIC_LIGHT_FAULT'},30,{1},5.0
2e69936b,2e69936ac,2020-10-08,19,{'ACCIDENT'},{'ACCIDENT'},120,{2},5.658333333333333
2e69936b,2e69936ac,2020-11-07,15,{'WEATHERHAZARD'},{'HAZARD_ON_ROAD_CAR_STOPPED'},18,{2},5.388888888888889
2e69936f,2e69936fc,2020-11-11,20,{'JAM'},{'JAM_HEAVY_TRAFFIC'},31,{1},5.0
2e69938d,2e69938d4,2020-10-11,12,{'JAM'},{'JAM_MODERATE_TRAFFIC'},31,{1},5.0
2e699391,2e6993914,2020-10-02,16,{'JAM'},{'JAM_STAND_STILL_TRAFFIC'},30,{7},5.0
2e699391,2e6993914,2020-10-05,15,{'JAM'},{'JAM_HEAVY_TRAFFIC'},30,{7},5.0
2e699391,2e6993914,2020-10-08,9,{'JAM'},{'JAM_STAND_STILL_TRAFFIC'},30,{7},5.0
2e699391,2e6993914,2020-10-09,16,{'JAM'},{'JAM_STAND_STILL_TRAFFIC'},5,{7},5.0
2e699391,2e6993914,2020-10-12,16,{'JAM'},{'JAM_STAND_STILL_TRAFFIC'},61,{7},5.475409836065574
2e699391,2e6993914,2020-10-13,15,{'JAM'},{'JAM_MODERATE_TRAFFIC'},31,{7},5.0
2e699391,2e6993914,2020-10-19,16,{'JAM'},{'JAM_HEAVY_TRAFFIC'},31,{7},5.0
2e699391,2e6993914,2020-10-26,17,{'JAM'},{'JAM_STAND_STILL_TRAFFIC'},33,{7},5.0
2e699391,2e6993914,2020-10-28,14,{'JAM'},{'JAM_MODERATE_TRAFFIC'},8,{7},5.0
2e699391,2e6993914,2020-10-28,16,{'JAM'},{'JAM_STAND_STILL_TRAFFIC'},32,{7},5.0
2e699391,2e6993914,2020-11-14,10,{'JAM'},{'JAM_STAND_STILL_TRAFFIC'},32,{7},5.0
2e699393,2e6993934,2020-11-20,19,{'JAM'},{'JAM_STAND_STILL_TRAFFIC'},32,{1},5.0
2e699397,2e6993964,2020-09-25,17,{'JAM'},{'JAM_HEAVY_TRAFFIC'},32,{7},5.0
2e699397,2e6993964,2020-10-07,9,{'JAM'},"{'JAM_STAND_STILL_TRAFFIC', 'JAM_HEAVY_TRAFFIC'}",47,{7},5.723404255319149
2e699397,2e6993964,2020-10-08,9,{'JAM'},{'JAM_STAND_STILL_TRAFFIC'},63,"{1, 7}",5.333333333333333
2e699397,2e6993964,2020-10-12,17,{'JAM'},{'JAM_STAND_STILL_TRAFFIC'},63,{7},5.0
2e699397,2e6993964,2020-10-22,7,{'ACCIDENT'},{'ACCIDENT_MAJOR'},9,{7},5.444444444444445
2e699397,2e6993964,2020-10-27,18,{'JAM'},{'JAM'},30,{7},5.0
2e699397,2e6993964,2020-10-28,16,{'JAM'},{'JAM_STAND_STILL_TRAFFIC'},33,{7},5.0
2e699397,2e6993964,2020-11-04,16,{'JAM'},{'JAM_STAND_STILL_TRAFFIC'},30,{7},5.0
2e699397,2e6993964,2020-11-06,18,{'JAM'},{'JAM_HEAVY_TRAFFIC'},30,{7},5.0
2e699397,2e6993964,2020-11-09,17,{'JAM'},{'JAM_HEAVY_TRAFFIC'},31,{7},5.483870967741935
2e699397,2e6993964,2020-11-16,17,{'JAM'},{'JAM_STAND_STILL_TRAFFIC'},23,{7},5.0
2e699397,2e6993964,2020-11-19,15,{'JAM'},{'JAM_STAND_STILL_TRAFFIC'},31,{7},5.0
2e699397,2e6993964,2020-11-19,17,{'JAM'},"{'JAM_STAND_STILL_TRAFFIC', 'JAM_HEAVY_TRAFFIC'}",35,{7},5.0
2e699397,2e699396c,2020-09-04,17,{'JAM'},{'JAM_STAND_STILL_TRAFFIC'},31,{7},5.0
2e699397,2e699396c,2020-09-18,17,{'JAM'},{'JAM_MODERATE_TRAFFIC'},32,{7},5.0
2e699397,2e699396c,2020-09-30,16,{'JAM'},{'JAM_STAND_STILL_TRAFFIC'},31,{7},5.935483870967742
2e699397,2e699396c,2020-10-02,16,{'JAM'},{'JAM_STAND_STILL_TRAFFIC'},33,{7},5.0
2e699397,2e699396c,2020-10-05,18,{'JAM'},{'JAM_STAND_STILL_TRAFFIC'},33,{7},5.0
2e699397,2e699396c,2020-10-07,9,{'JAM'},"{'JAM_STAND_STILL_TRAFFIC', 'JAM_HEAVY_TRAFFIC'}",53,{7},5.037735849056604
2e699397,2e699396c,2020-10-07,10,{'JAM'},{'JAM_STAND_STILL_TRAFFIC'},30,{7},5.0
2e699397,2e699396c,2020-10-12,17,{'JAM'},{'JAM'},31,{7},5.0
2e699397,2e699396c,2020-10-13,15,{'JAM'},{'JAM_MODERATE_TRAFFIC'},30,{7},5.0
2e699397,2e699396c,2020-10-16,16,{'JAM'},{'JAM_STAND_STILL_TRAFFIC'},32,{7},5.0
2e699397,2e699396c,2020-10-19,12,{'JAM'},{'JAM_HEAVY_TRAFFIC'},18,{7},5.0
2e699397,2e699396c,2020-10-19,16,{'JAM'},{'JAM_STAND_STILL_TRAFFIC'},31,{7},5.0
2e699397,2e699396c,2020-10-20,17,{'JAM'},{'JAM_STAND_STILL_TRAFFIC'},32,{7},5.0
2e699397,2e699396c,2020-10-21,7,{'JAM'},{'JAM_HEAVY_TRAFFIC'},33,{7},5.393939393939394
2e699397,2e699396c,2020-10-26,16,{'JAM'},{'JAM'},14,{7},5.0
2e699397,2e699396c,2020-11-06,18,{'JAM'},{'JAM_HEAVY_TRAFFIC'},31,{7},5.0
2e699397,2e699396c,2020-11-07,13,{'JAM'},{'JAM_HEAVY_TRAFFIC'},30,{7},5.0
2e699397,2e699396c,2020-11-07,16,{'JAM'},{'JAM_STAND_STILL_TRAFFIC'},33,{7},5.0
2e699397,2e699396c,2020-11-14,13,{'JAM'},{'JAM_MODERATE_TRAFFIC'},20,{7},5.0
2e699397,2e699396c,2020-11-17,18,{'JAM'},{'JAM_HEAVY_TRAFFIC'},29,{7},5.0
2e699397,2e6993974,2020-10-18,23,{'WEATHERHAZARD'},{'WEATHERHAZARD'},33,{2},5.0
2e699397,2e699397c,2020-09-05,17,{'JAM'},{'JAM'},31,{1},5.0
2e6993a9,2e6993a8c,2020-10-16,18,{'JAM'},{'JAM_STAND_STILL_TRAFFIC'},36,{2},5.0
2e6993a9,2e6993a94,2020-09-12,18,{'JAM'},{'JAM_STAND_STILL_TRAFFIC'},9,{2},5.888888888888889
2e6993a9,2e6993a94,2020-10-02,16,{'JAM'},{'JAM_STAND_STILL_TRAFFIC'},30,{2},5.9
2e6993a9,2e6993a94,2020-10-25,17,{'JAM'},{'JAM_HEAVY_TRAFFIC'},30,{2},5.0
2e6993ad,2e6993ac4,2020-09-02,17,"{'WEATHERHAZARD', 'ACCIDENT'}","{'HAZARD_WEATHER_HEAVY_SNOW', 'ACCIDENT_MAJOR'}",155,{1},5.0
2e6993ad,2e6993ac4,2020-09-16,12,{'ACCIDENT'},{'ACCIDENT_MAJOR'},122,{1},5.0
2e6993ad,2e6993acc,2020-09-11,10,{'JAM'},{'JAM_STAND_STILL_TRAFFIC'},30,{2},5.0
2e6993ad,2e6993acc,2020-09-12,18,{'JAM'},{'JAM_STAND_STILL_TRAFFIC'},33,{2},5.0
2e6993ad,2e6993acc,2020-11-05,7,{'JAM'},{'JAM_STAND_STILL_TRAFFIC'},20,{2},5.0
2e6993af,2e6993ae4,2020-09-06,2,{'JAM'},{'JAM_HEAVY_TRAFFIC'},30,{1},5.0
2e6993b5,2e6993b44,2020-09-04,8,{'JAM'},{'JAM_HEAVY_TRAFFIC'},33,{7},5.0
2e6993b5,2e6993b44,2020-09-04,12,{'JAM'},{'JAM_HEAVY_TRAFFIC'},31,{7},5.0
2e6993b5,2e6993b44,2020-09-25,12,{'JAM'},{'JAM'},31,{7},5.0
2e6993b5,2e6993b44,2020-09-29,14,{'JAM'},{'JAM_MODERATE_TRAFFIC'},30,{7},5.0
2e6993b5,2e6993b44,2020-10-02,9,{'JAM'},{'JAM_STAND_STILL_TRAFFIC'},31,{7},5.0
2e6993b5,2e6993b44,2020-10-02,17,{'JAM'},"{'JAM', 'JAM_HEAVY_TRAFFIC'}",62,{7},5.467741935483871
2e6993b5,2e6993b44,2020-10-14,11,{'JAM'},{'JAM_MODERATE_TRAFFIC'},30,{7},5.966666666666667
2e6993b5,2e6993b44,2020-10-16,16,{'JAM'},{'JAM_HEAVY_TRAFFIC'},23,{7},5.0
2e6993b5,2e6993b44,2020-10-17,15,{'JAM'},{'JAM_MODERATE_TRAFFIC'},5,{7},8.0
2e6993b5,2e6993b44,2020-10-23,18,{'JAM'},{'JAM_STAND_STILL_TRAFFIC'},35,{7},5.0
2e6993b5,2e6993b44,2020-10-26,14,{'JAM'},{'JAM_STAND_STILL_TRAFFIC'},32,{7},5.0
2e6993b5,2e6993b44,2020-10-27,15,{'JAM'},{'JAM_STAND_STILL_TRAFFIC'},30,{7},5.0
2e6993b5,2e6993b44,2020-10-27,17,{'JAM'},{'JAM_HEAVY_TRAFFIC'},31,{7},5.0
2e6993b5,2e6993b44,2020-10-27,18,{'JAM'},{'JAM_HEAVY_TRAFFIC'},31,{7},5.0
2e6993b5,2e6993b44,2020-10-28,15,{'JAM'},{'JAM_HEAVY_TRAFFIC'},32,{7},5.0
2e6993b5,2e6993b44,2020-11-05,17,{'WEATHERHAZARD'},{'HAZARD_ON_SHOULDER_CAR_STOPPED'},33,{7},5.0
2e6993b5,2e6993b44,2020-11-12,16,{'JAM'},"{'JAM_STAND_STILL_TRAFFIC', 'JAM_HEAVY_TRAFFIC'}",72,{7},5.444444444444445
2e6993b5,2e6993b44,2020-11-12,17,{'JAM'},{'JAM_STAND_STILL_TRAFFIC'},67,{7},5.0
2e6993b5,2e6993b44,2020-11-13,17,{'JAM'},{'JAM_HEAVY_TRAFFIC'},31,{7},5.0
2e6993b5,2e6993b4c,2020-09-04,10,{'JAM'},{'JAM_STAND_STILL_TRAFFIC'},33,{7},5.0
2e6993b5,2e6993b4c,2020-09-09,10,{'JAM'},{'JAM_HEAVY_TRAFFIC'},30,{7},5.0
2e6993b5,2e6993b4c,2020-09-12,14,{'JAM'},{'JAM'},7,{7},5.0
2e6993b5,2e6993b4c,2020-09-28,17,{'JAM'},{'JAM_STAND_STILL_TRAFFIC'},67,{7},5.0
2e6993b5,2e6993b4c,2020-10-02,16,{'JAM'},{'JAM_STAND_STILL_TRAFFIC'},2,{7},5.0
2e6993b5,2e6993b4c,2020-10-07,12,{'JAM'},{'JAM_STAND_STILL_TRAFFIC'},30,{7},5.0
2e6993b5,2e6993b4c,2020-10-12,11,{'JAM'},{'JAM_MODERATE_TRAFFIC'},30,{7},5.0
2e6993b5,2e6993b4c,2020-10-27,11,{'JAM'},{'JAM_STAND_STILL_TRAFFIC'},30,{7},5.0
2e6993b5,2e6993b4c,2020-10-27,17,{'JAM'},{'JAM_STAND_STILL_TRAFFIC'},30,{7},5.0
2e6993b5,2e6993b4c,2020-11-03,10,{'JAM'},{'JAM_STAND_STILL_TRAFFIC'},30,{7},5.0
2e6993b5,2e6993b4c,2020-11-06,11,{'JAM'},"{'JAM_MODERATE_TRAFFIC', 'JAM_HEAVY_TRAFFIC'}",64,{7},5.0
2e6993b5,2e6993b4c,2020-11-11,17,{'JAM'},{'JAM_STAND_STILL_TRAFFIC'},33,{7},6.393939393939394
2e6993b5,2e6993b4c,2020-11-12,17,{'JAM'},{'JAM_STAND_STILL_TRAFFIC'},64,{7},5.0
2e6993b5,2e6993b4c,2020-11-13,17,{'JAM'},{'JAM'},30,{7},6.0
2e6993b5,2e6993b4c,2020-11-13,19,{'JAM'},{'JAM'},31,{7},5.0
2e6993b5,2e6993b4c,2020-11-16,17,{'JAM'},{'JAM_HEAVY_TRAFFIC'},16,{7},5.0
2e6993b7,2e6993b6c,2020-09-01,16,{'JAM'},{'JAM_STAND_STILL_TRAFFIC'},34,{7},5.0
2e6993b7,2e6993b6c,2020-09-14,11,{'JAM'},{'JAM_HEAVY_TRAFFIC'},30,{7},5.0
2e6993b7,2e6993b6c,2020-09-15,10,{'JAM'},{'JAM_STAND_STILL_TRAFFIC'},18,{7},5.0
2e6993b7,2e6993b6c,2020-09-15,12,{'JAM'},{'JAM_HEAVY_TRAFFIC'},12,{7},5.0
2e6993b7,2e6993b6c,2020-09-29,9,{'JAM'},{'JAM_MODERATE_TRAFFIC'},52,{7},5.3076923076923075
2e6993b7,2e6993b6c,2020-10-05,12,{'JAM'},{'JAM_HEAVY_TRAFFIC'},32,{7},5.0
2e6993b7,2e6993b6c,2020-10-07,10,{'JAM'},{'JAM'},31,{7},5.0
2e6993b7,2e6993b6c,2020-10-16,16,{'JAM'},{'JAM_HEAVY_TRAFFIC'},16,{7},6.0
2e6993b7,2e6993b6c,2020-10-26,10,{'JAM'},{'JAM_STAND_STILL_TRAFFIC'},30,{7},5.0
2e6993b7,2e6993b6c,2020-10-26,17,{'JAM'},{'JAM_HEAVY_TRAFFIC'},32,{7},5.96875
2e6993b7,2e6993b6c,2020-10-26,18,{'JAM'},{'JAM_STAND_STILL_TRAFFIC'},35,{7},5.0
2e6993b7,2e6993b6c,2020-10-27,11,{'JAM'},{'JAM_STAND_STILL_TRAFFIC'},30,{7},5.0
2e6993b7,2e6993b6c,2020-11-11,11,{'JAM'},{'JAM_HEAVY_TRAFFIC'},9,{7},5.888888888888889
2e6993b7,2e6993b6c,2020-11-12,16,{'JAM'},{'JAM_HEAVY_TRAFFIC'},16,{7},6.0
2e6993b7,2e6993b6c,2020-11-12,17,{'JAM'},{'JAM_STAND_STILL_TRAFFIC'},86,{7},5.965116279069767
2e6993b7,2e6993b6c,2020-11-12,18,{'JAM'},{'JAM_STAND_STILL_TRAFFIC'},33,{7},5.0
2e6993b7,2e6993b6c,2020-11-13,15,{'JAM'},{'JAM_HEAVY_TRAFFIC'},30,{7},5.0
2e6993b7,2e6993b6c,2020-11-13,16,{'JAM'},{'JAM'},32,{7},5.0
2e6993b7,2e6993b6c,2020-11-13,18,{'JAM'},{'JAM_STAND_STILL_TRAFFIC'},31,{7},5.0
2e6993b7,2e6993b6c,2020-11-18,17,{'JAM'},{'JAM_MODERATE_TRAFFIC'},6,{7},5.0
2e6993b7,2e6993b6c,2020-11-21,16,{'JAM'},"{'JAM_STAND_STILL_TRAFFIC', 'JAM_HEAVY_TRAFFIC'}",92,{7},5.0
2e6993b7,2e6993b74,2020-09-11,9,{'JAM'},{'JAM_STAND_STILL_TRAFFIC'},64,{7},5.0
2e6993b7,2e6993b74,2020-09-11,10,{'JAM'},{'JAM_MODERATE_TRAFFIC'},40,{7},5.0
2e6993b7,2e6993b74,2020-09-12,14,{'JAM'},{'JAM'},16,{7},5.0
2e6993b7,2e6993b74,2020-09-15,10,{'JAM'},{'JAM_HEAVY_TRAFFIC'},12,{7},5.0
2e6993b7,2e6993b74,2020-09-26,21,{'JAM'},{'JAM_HEAVY_TRAFFIC'},62,{7},5.0
2e6993b7,2e6993b74,2020-09-30,9,{'WEATHERHAZARD'},{'HAZARD_ON_ROAD_CAR_STOPPED'},62,{7},5.0
2e6993b7,2e6993b74,2020-10-02,10,{'JAM'},{'JAM_STAND_STILL_TRAFFIC'},60,{7},5.0
2e6993b7,2e6993b74,2020-10-08,10,{'JAM'},"{'JAM_STAND_STILL_TRAFFIC', 'JAM_MODERATE_TRAFFIC'}",66,{7},5.757575757575758
2e6993b7,2e6993b74,2020-10-16,16,{'JAM'},{'JAM_HEAVY_TRAFFIC'},31,{7},5.0
2e6993b7,2e6993b74,2020-10-21,17,{'JAM'},{'JAM_MODERATE_TRAFFIC'},66,{7},5.46969696969697
2e6993b7,2e6993b74,2020-10-23,15,{'JAM'},{'JAM_MODERATE_TRAFFIC'},32,{7},5.0
2e6993b7,2e6993b74,2020-10-26,11,{'JAM'},{'JAM_STAND_STILL_TRAFFIC'},52,{7},5.0
2e6993b7,2e6993b74,2020-10-26,17,{'JAM'},{'JAM_HEAVY_TRAFFIC'},58,{7},5.793103448275862
2e6993b7,2e6993b74,2020-10-27,10,{'JAM'},{'JAM_STAND_STILL_TRAFFIC'},60,{7},6.8
2e6993b7,2e6993b74,2020-10-27,15,{'JAM'},{'JAM_STAND_STILL_TRAFFIC'},68,{7},5.0
2e6993b7,2e6993b74,2020-10-28,13,{'JAM'},{'JAM_STAND_STILL_TRAFFIC'},70,{7},5.0
2e6993b7,2e6993b74,2020-10-28,15,{'JAM'},{'JAM_STAND_STILL_TRAFFIC'},60,{7},5.0
2e6993b7,2e6993b74,2020-11-04,10,{'JAM'},{'JAM_HEAVY_TRAFFIC'},62,{7},6.629032258064516
2e6993b7,2e6993b74,2020-11-06,16,{'JAM'},{'JAM_STAND_STILL_TRAFFIC'},65,{7},5.569230769230769
2e6993b7,2e6993b74,2020-11-12,15,{'JAM'},{'JAM_STAND_STILL_TRAFFIC'},60,{7},5.933333333333334
2e6993b7,2e6993b74,2020-11-12,17,{'JAM'},{'JAM_STAND_STILL_TRAFFIC'},13,{7},5.0
2e6993b7,2e6993b74,2020-11-12,18,{'JAM'},{'JAM_STAND_STILL_TRAFFIC'},63,{7},5.0
2e6993b7,2e6993b74,2020-11-13,15,{'JAM'},{'JAM_STAND_STILL_TRAFFIC'},64,{7},5.0
2e6993b7,2e6993b74,2020-11-13,17,{'JAM'},{'JAM_STAND_STILL_TRAFFIC'},66,{7},5.0
2e6993b7,2e6993b74,2020-11-16,17,{'JAM'},{'JAM_HEAVY_TRAFFIC'},29,{7},5.0
2e6993b7,2e6993b74,2020-11-18,17,{'JAM'},{'JAM_MODERATE_TRAFFIC'},8,{7},5.0
2e6993b9,2e6993b94,2020-10-02,17,{'JAM'},{'JAM'},33,{7},5.757575757575758
2e6993b9,2e6993b94,2020-10-05,12,{'JAM'},{'JAM_HEAVY_TRAFFIC'},33,{7},5.0
2e6993b9,2e6993b94,2020-10-05,17,{'JAM'},{'JAM_STAND_STILL_TRAFFIC'},30,{7},5.0
2e6993b9,2e6993b94,2020-11-04,11,{'JAM'},{'JAM_STAND_STILL_TRAFFIC'},19,{7},5.0
2e6993b9,2e6993b94,2020-11-12,17,{'JAM'},{'JAM_STAND_STILL_TRAFFIC'},31,{7},5.0
2e6993b9,2e6993b94,2020-11-14,12,{'JAM'},{'JAM_STAND_STILL_TRAFFIC'},18,{7},5.0
2e6993b9,2e6993b94,2020-11-18,17,{'JAM'},{'JAM_MODERATE_TRAFFIC'},8,{7},5.0
2e6993b9,2e6993b9c,2020-09-04,8,{'JAM'},"{'JAM_STAND_STILL_TRAFFIC', 'JAM_HEAVY_TRAFFIC'}",43,"{2, 7}",5.674418604651163
2e6993b9,2e6993b9c,2020-09-07,13,{'JAM'},{'JAM_STAND_STILL_TRAFFIC'},30,{7},5.0
2e6993b9,2e6993b9c,2020-09-08,16,{'JAM'},{'JAM_STAND_STILL_TRAFFIC'},12,{7},5.0
2e6993b9,2e6993b9c,2020-09-11,9,{'JAM'},{'JAM_HEAVY_TRAFFIC'},30,{7},5.0
2e6993b9,2e6993b9c,2020-09-15,9,{'JAM'},"{'JAM_STAND_STILL_TRAFFIC', 'JAM_HEAVY_TRAFFIC'}",67,{7},5.0
2e6993b9,2e6993b9c,2020-09-16,16,{'JAM'},"{'JAM_STAND_STILL_TRAFFIC', 'JAM_HEAVY_TRAFFIC'}",94,{7},5.0
2e6993b9,2e6993b9c,2020-09-21,17,{'JAM'},{'JAM_MODERATE_TRAFFIC'},14,{7},5.0
2e6993b9,2e6993b9c,2020-09-22,17,{'JAM'},{'JAM_HEAVY_TRAFFIC'},31,{7},5.0
2e6993b9,2e6993b9c,2020-09-30,15,{'JAM'},{'JAM_STAND_STILL_TRAFFIC'},23,{7},5.0
2e6993b9,2e6993b9c,2020-10-02,17,{'JAM'},{'JAM'},32,{7},5.0
2e6993b9,2e6993b9c,2020-10-05,14,{'JAM'},{'JAM_MODERATE_TRAFFIC'},31,{7},5.0
2e6993b9,2e6993b9c,2020-10-07,11,{'JAM'},{'JAM_STAND_STILL_TRAFFIC'},32,{7},5.0
2e6993b9,2e6993b9c,2020-10-09,14,{'JAM'},{'JAM_MODERATE_TRAFFIC'},34,{7},5.0
2e6993b9,2e6993b9c,2020-10-09,16,{'JAM'},{'JAM_STAND_STILL_TRAFFIC'},33,{7},5.0
2e6993b9,2e6993b9c,2020-10-16,16,{'JAM'},{'JAM_STAND_STILL_TRAFFIC'},33,{7},5.0
2e6993b9,2e6993b9c,2020-10-21,12,{'JAM'},{'JAM_MODERATE_TRAFFIC'},6,{7},5.0
2e6993b9,2e6993b9c,2020-10-23,17,{'JAM'},"{'JAM_STAND_STILL_TRAFFIC', 'JAM_HEAVY_TRAFFIC'}",60,{7},5.0
2e6993b9,2e6993b9c,2020-10-26,11,{'JAM'},{'JAM_STAND_STILL_TRAFFIC'},30,{7},5.0
2e6993b9,2e6993b9c,2020-10-27,10,"{'JAM', 'WEATHERHAZARD'}","{'HAZARD_ON_SHOULDER_CAR_STOPPED', 'JAM_MODERATE_TRAFFIC'}",60,{7},5.0
2e6993b9,2e6993b9c,2020-11-06,16,{'JAM'},{'JAM_STAND_STILL_TRAFFIC'},30,{7},5.0
2e6993b9,2e6993b9c,2020-11-11,11,{'JAM'},{'JAM_HEAVY_TRAFFIC'},30,{7},5.0
2e6993b9,2e6993b9c,2020-11-12,15,{'JAM'},{'JAM_STAND_STILL_TRAFFIC'},32,{7},5.0
2e6993b9,2e6993b9c,2020-11-12,17,{'JAM'},{'JAM_STAND_STILL_TRAFFIC'},32,{7},5.0
2e6993b9,2e6993b9c,2020-11-13,13,{'JAM'},{'JAM_STAND_STILL_TRAFFIC'},6,{7},5.0
2e6993b9,2e6993b9c,2020-11-13,17,{'JAM'},{'JAM_STAND_STILL_TRAFFIC'},31,{7},5.935483870967742
2e6993b9,2e6993b9c,2020-11-14,8,{'JAM'},{'JAM_STAND_STILL_TRAFFIC'},25,{7},5.0
2e6993bb,2e6993bbc,2020-09-04,17,{'JAM'},{'JAM_HEAVY_TRAFFIC'},30,{7},6.0
2e6993bb,2e6993bbc,2020-09-21,8,{'JAM'},{'JAM_MODERATE_TRAFFIC'},32,{7},5.0
2e6993bb,2e6993bbc,2020-09-26,21,{'JAM'},{'JAM_STAND_STILL_TRAFFIC'},31,{7},5.0
2e6993bb,2e6993bbc,2020-10-02,17,{'JAM'},{'JAM_HEAVY_TRAFFIC'},6,{7},5.0
2e6993bb,2e6993bbc,2020-11-09,17,{'JAM'},{'JAM_HEAVY_TRAFFIC'},24,{7},5.958333333333333
2e6993bb,2e6993bbc,2020-11-13,18,{'JAM'},{'JAM_STAND_STILL_TRAFFIC'},24,{7},5.0
2e6993bd,2e6993bc4,2020-09-02,15,{'JAM'},{'JAM_MODERATE_TRAFFIC'},34,{7},5.0
2e6993bd,2e6993bc4,2020-09-04,17,{'JAM'},"{'JAM_STAND_STILL_TRAFFIC', 'JAM_MODERATE_TRAFFIC'}",25,{7},5.0
2e6993bd,2e6993bc4,2020-09-09,13,{'JAM'},{'JAM_HEAVY_TRAFFIC'},23,{7},5.0
2e6993bd,2e6993bc4,2020-10-07,10,{'JAM'},{'JAM'},36,{7},5.0
2e6993bd,2e6993bc4,2020-10-08,9,{'JAM'},{'JAM_STAND_STILL_TRAFFIC'},32,{7},5.0
2e6993bd,2e6993bc4,2020-10-16,16,{'JAM'},{'JAM_STAND_STILL_TRAFFIC'},37,{7},5.0
2e6993bd,2e6993bc4,2020-11-09,17,{'JAM'},{'JAM_STAND_STILL_TRAFFIC'},23,{7},5.0
2e6993bd,2e6993bc4,2020-11-16,17,{'JAM'},{'JAM_HEAVY_TRAFFIC'},28,{7},5.0
2e6993bd,2e6993bdc,2020-10-07,10,{'JAM'},{'JAM_STAND_STILL_TRAFFIC'},35,{7},5.428571428571429
2e6993bd,2e6993bdc,2020-10-08,9,{'JAM'},{'JAM_STAND_STILL_TRAFFIC'},30,{7},5.0
2e6993bd,2e6993bdc,2020-10-29,14,{'JAM'},{'JAM'},5,{7},5.0
2e6993bd,2e6993bdc,2020-10-30,22,"{'JAM', 'WEATHERHAZARD'}","{'JAM', 'WEATHERHAZARD'}",40,{7},5.0
2e6993bd,2e6993bdc,2020-11-05,8,{'JAM'},{'JAM_MODERATE_TRAFFIC'},31,{7},5.0
2e6993bd,2e6993bdc,2020-11-16,18,{'JAM'},{'JAM_STAND_STILL_TRAFFIC'},22,{7},5.0
2e6993bd,2e6993bdc,2020-11-20,17,{'JAM'},{'JAM'},22,{7},5.0
2e6993bf,2e6993be4,2020-10-27,9,{'JAM'},{'JAM_HEAVY_TRAFFIC'},31,{1},5.0
2e6993c3,2e6993c24,2020-09-11,13,{'WEATHERHAZARD'},{'WEATHERHAZARD'},62,{1},5.0
2e6993c3,2e6993c3c,2020-09-13,19,"{'JAM', 'WEATHERHAZARD', 'ACCIDENT'}","{'HAZARD_ON_ROAD_CAR_STOPPED', 'JAM_MODERATE_TRAFFIC', 'ACCIDENT'}",369,{1},5.154471544715447
2e6993c5,2e6993c4c,2020-09-25,12,{'JAM'},{'JAM'},60,{22},5.0
2e6993c5,2e6993c4c,2020-09-26,10,{'JAM'},{'JAM'},60,{22},5.0
2e6993c5,2e6993c4c,2020-11-18,16,{'JAM'},{'JAM'},62,{22},5.0
2e6993c5,2e6993c54,2020-10-08,14,{'JAM'},{'JAM'},62,{22},5.0
2e6993c5,2e6993c54,2020-10-09,12,{'JAM'},{'JAM'},64,{22},5.0
2e6993c5,2e6993c54,2020-11-05,13,{'JAM'},{'JAM'},72,{22},5.0
2e6993c5,2e6993c54,2020-11-12,12,{'JAM'},{'JAM'},60,{22},5.0
2e6993c5,2e6993c54,2020-11-16,13,{'JAM'},{'JAM'},66,{22},5.0
2e6993c7,2e6993c64,2020-09-15,17,{'JAM'},{'JAM_STAND_STILL_TRAFFIC'},62,{1},5.0
2e6993c9,2e6993c9c,2020-09-06,9,{'WEATHERHAZARD'},{'WEATHERHAZARD'},61,{2},5.0
2e6993cb,2e6993cb4,2020-10-20,11,{'JAM'},{'JAM'},60,{22},5.0
2e6993cb,2e6993cb4,2020-11-02,12,{'JAM'},{'JAM'},60,{22},5.0
2e6993cb,2e6993cb4,2020-11-11,9,{'JAM'},{'JAM'},62,{22},5.0
2e6993d1,2e6993d04,2020-10-23,14,{'JAM'},{'JAM'},62,{22},5.0
2e6993d1,2e6993d14,2020-10-23,12,{'JAM'},{'JAM'},62,{17},5.0
2e6993d3,2e6993d2c,2020-10-12,10,{'JAM'},{'JAM_MODERATE_TRAFFIC'},60,{2},5.0
2e6993d7,2e6993d74,2020-10-28,14,{'JAM'},{'JAM_HEAVY_TRAFFIC'},60,{2},5.0
2e6993d7,2e6993d74,2020-11-08,17,{'JAM'},{'JAM_HEAVY_TRAFFIC'},62,{2},6.903225806451613
2e6993e5,2e6993e54,2020-10-25,12,{'WEATHERHAZARD'},{'WEATHERHAZARD'},30,{1},5.0
2e6993ed,2e6993edc,2020-09-19,14,{'JAM'},{'JAM_MODERATE_TRAFFIC'},66,{22},5.0
2e6993fb,2e6993fb4,2020-11-21,4,{'JAM'},{'JAM'},34,{1},5.0
2e6993ff,2e6993ffc,2020-11-05,15,{'JAM'},{'JAM_HEAVY_TRAFFIC'},37,{2},5.405405405405405
2e6993ff,2e6993ffc,2020-11-09,12,{'JAM'},{'JAM_MODERATE_TRAFFIC'},30,{2},5.0
2e699401,2e699400c,2020-11-06,18,{'WEATHERHAZARD'},{'HAZARD_ON_ROAD_POT_HOLE'},3231,{2},9.904673475704117
2e699401,2e699400c,2020-11-12,18,{'WEATHERHAZARD'},{'HAZARD_ON_ROAD_POT_HOLE'},5024,{2},9.988455414012739
2e699403,2e6994034,2020-09-30,20,{'ACCIDENT'},{'ACCIDENT'},120,{1},5.0
2e699403,2e6994034,2020-10-17,13,{'JAM'},{'JAM'},33,{1},5.0
2e699407,2e6994064,2020-09-08,17,{'WEATHERHAZARD'},{'WEATHERHAZARD'},33,{1},5.0
2e699407,2e6994074,2020-11-12,18,{'WEATHERHAZARD'},{'HAZARD_ON_ROAD_POT_HOLE'},2540,{2},9.97755905511811
2e699407,2e699407c,2020-09-09,18,{'JAM'},{'JAM_MODERATE_TRAFFIC'},2,{2},8.0
2e699409,2e6994094,2020-10-30,20,{'ACCIDENT'},{'ACCIDENT'},120,{2},5.0
2e69940f,2e69940ec,2020-10-30,17,{'JAM'},{'JAM_STAND_STILL_TRAFFIC'},32,{2},5.78125
2e69940f,2e69940ec,2020-10-30,18,{'JAM'},{'JAM'},31,{2},5.0
2e69940f,2e69940ec,2020-10-30,20,{'JAM'},{'JAM_STAND_STILL_TRAFFIC'},62,{2},5.483870967741935
2e6994a1,2e6994a04,2020-10-29,0,"{'JAM', 'WEATHERHAZARD', 'ACCIDENT'}","{'HAZARD_ON_ROAD_OBJECT', 'JAM_MODERATE_TRAFFIC', 'ACCIDENT_MAJOR'}",212,{22},5.0
2e6994a1,2e6994a14,2020-09-04,9,"{'JAM', 'WEATHERHAZARD'}","{'HAZARD_ON_ROAD_CAR_STOPPED', 'JAM_HEAVY_TRAFFIC'}",62,{7},5.258064516129032
2e6994a1,2e6994a14,2020-09-04,20,{'JAM'},{'JAM_MODERATE_TRAFFIC'},6,{7},5.0
2e6994a1,2e6994a14,2020-09-09,6,{'JAM'},{'JAM_HEAVY_TRAFFIC'},9,{7},5.0
2e6994a1,2e6994a14,2020-09-09,7,"{'JAM', 'WEATHERHAZARD'}","{'HAZARD_ON_SHOULDER_CAR_STOPPED', 'HAZARD_ON_ROAD_CAR_STOPPED', 'JAM_HEAVY_TRAFFIC'}",80,{7},8.1375
2e6994a1,2e6994a14,2020-09-09,9,{'WEATHERHAZARD'},{'HAZARD_ON_SHOULDER_CAR_STOPPED'},49,{7},7.020408163265306
2e6994a1,2e6994a14,2020-09-09,12,{'ACCIDENT'},{'ACCIDENT_MINOR'},35,{7},5.057142857142857
2e6994a1,2e6994a14,2020-09-12,9,{'JAM'},{'JAM_STAND_STILL_TRAFFIC'},31,{7},5.0
2e6994a1,2e6994a14,2020-09-22,9,{'JAM'},{'JAM_MODERATE_TRAFFIC'},6,{7},5.0
2e6994a1,2e6994a14,2020-10-05,17,{'JAM'},{'JAM_STAND_STILL_TRAFFIC'},26,{7},6.0
2e6994a1,2e6994a14,2020-10-05,18,{'JAM'},{'JAM_STAND_STILL_TRAFFIC'},30,{7},5.0
2e6994a1,2e6994a14,2020-10-06,15,{'JAM'},{'JAM_HEAVY_TRAFFIC'},32,{7},7.84375
2e6994a1,2e6994a14,2020-10-07,9,{'JAM'},{'JAM_STAND_STILL_TRAFFIC'},51,{7},5.0
2e6994a1,2e6994a14,2020-10-07,14,{'JAM'},"{'JAM_MODERATE_TRAFFIC', 'JAM_HEAVY_TRAFFIC'}",62,{7},6.306451612903226
2e6994a1,2e6994a14,2020-10-07,15,{'WEATHERHAZARD'},{'HAZARD_ON_ROAD_CONSTRUCTION'},167,{7},9.317365269461078
2e6994a1,2e6994a14,2020-10-08,16,{'WEATHERHAZARD'},{'HAZARD_ON_ROAD_CONSTRUCTION'},191,{7},9.900523560209423
2e6994a1,2e6994a14,2020-10-10,16,{'WEATHERHAZARD'},{'HAZARD_ON_SHOULDER_CAR_STOPPED'},50,{7},9.46
2e6994a1,2e6994a14,2020-10-17,8,{'JAM'},{'JAM_MODERATE_TRAFFIC'},23,{7},5.0
2e6994a1,2e6994a14,2020-10-17,11,{'WEATHERHAZARD'},{'HAZARD_ON_ROAD_CONSTRUCTION'},153,{7},9.183006535947712
2e6994a1,2e6994a14,2020-10-17,15,{'JAM'},{'JAM'},38,{7},5.394736842105263
2e6994a1,2e6994a14,2020-10-18,9,{'JAM'},{'JAM_HEAVY_TRAFFIC'},39,{7},5.0
2e6994a1,2e6994a14,2020-10-20,19,{'WEATHERHAZARD'},{'HAZARD_ON_ROAD_CONSTRUCTION'},88,{7},8.965909090909092
2e6994a1,2e6994a14,2020-10-22,22,{'JAM'},{'JAM_HEAVY_TRAFFIC'},30,{7},5.0
2e6994a1,2e6994a14,2020-10-23,8,{'JAM'},{'JAM_STAND_STILL_TRAFFIC'},16,{7},5.0
2e6994a1,2e6994a14,2020-10-23,15,{'JAM'},{'JAM_HEAVY_TRAFFIC'},15,{7},5.0
2e6994a1,2e6994a14,2020-10-24,10,{'JAM'},{'JAM_MODERATE_TRAFFIC'},21,{7},5.0
2e6994a1,2e6994a14,2020-10-25,10,{'JAM'},{'JAM_STAND_STILL_TRAFFIC'},30,{7},5.0
2e6994a1,2e6994a14,2020-10-25,11,{'WEATHERHAZARD'},{'HAZARD_ON_ROAD_CAR_STOPPED'},24,{7},6.041666666666667
2e6994a1,2e6994a14,2020-10-26,15,{'JAM'},{'JAM_STAND_STILL_TRAFFIC'},31,{7},5.0
2e6994a1,2e6994a14,2020-10-26,16,{'JAM'},{'JAM_HEAVY_TRAFFIC'},31,{7},5.0
2e6994a1,2e6994a14,2020-10-26,17,{'JAM'},{'JAM_STAND_STILL_TRAFFIC'},34,{7},5.0
2e6994a1,2e6994a14,2020-10-27,7,{'JAM'},{'JAM_MODERATE_TRAFFIC'},6,{7},5.0
2e6994a1,2e6994a14,2020-10-27,15,{'JAM'},{'JAM_STAND_STILL_TRAFFIC'},30,{7},5.666666666666667
2e6994a1,2e6994a14,2020-10-27,16,{'JAM'},{'JAM_HEAVY_TRAFFIC'},42,{7},6.857142857142857
2e6994a1,2e6994a14,2020-10-27,19,{'JAM'},{'JAM'},30,{7},5.0
2e6994a1,2e6994a14,2020-10-28,11,{'ACCIDENT'},{'ACCIDENT_MAJOR'},49,{7},5.571428571428571
2e6994a1,2e6994a14,2020-10-30,8,{'JAM'},{'JAM_STAND_STILL_TRAFFIC'},9,{7},5.0
2e6994a1,2e6994a14,2020-11-01,14,{'JAM'},{'JAM'},16,{7},9.0
2e6994a1,2e6994a14,2020-11-02,16,{'WEATHERHAZARD'},{'HAZARD_ON_ROAD_CONSTRUCTION'},184,{7},8.701086956521738
2e6994a1,2e6994a14,2020-11-03,7,{'WEATHERHAZARD'},{'HAZARD_ON_SHOULDER_CAR_STOPPED'},49,{7},7.224489795918367
2e6994a1,2e6994a14,2020-11-03,8,{'WEATHERHAZARD'},{'HAZARD_ON_SHOULDER_CAR_STOPPED'},31,{7},8.451612903225806
2e6994a1,2e6994a14,2020-11-03,15,{'WEATHERHAZARD'},{'HAZARD_ON_ROAD_CONSTRUCTION'},127,{7},8.0
2e6994a1,2e6994a14,2020-11-05,13,{'JAM'},{'JAM_STAND_STILL_TRAFFIC'},45,{7},5.333333333333333
2e6994a1,2e6994a14,2020-11-08,20,{'JAM'},{'JAM_MODERATE_TRAFFIC'},31,{7},5.0
2e6994a1,2e6994a14,2020-11-09,21,"{'JAM', 'WEATHERHAZARD'}","{'HAZARD_ON_ROAD_CONSTRUCTION', 'JAM_MODERATE_TRAFFIC'}",536,{7},9.888059701492537
2e6994a1,2e6994a14,2020-11-09,23,{'JAM'},{'JAM_STAND_STILL_TRAFFIC'},32,{7},5.0
2e6994a1,2e6994a14,2020-11-10,19,{'JAM'},{'JAM_HEAVY_TRAFFIC'},32,{7},5.0
2e6994a1,2e6994a14,2020-11-11,18,{'JAM'},{'JAM_HEAVY_TRAFFIC'},31,{7},6.612903225806452
2e6994a1,2e6994a14,2020-11-12,10,{'JAM'},{'JAM_HEAVY_TRAFFIC'},31,{7},7.193548387096774
2e6994a1,2e6994a14,2020-11-12,17,{'JAM'},{'JAM_HEAVY_TRAFFIC'},49,{7},6.408163265306122
2e6994a1,2e6994a14,2020-11-13,19,{'JAM'},{'JAM_HEAVY_TRAFFIC'},31,{7},5.0
2e6994a1,2e6994a14,2020-11-13,20,{'JAM'},{'JAM_STAND_STILL_TRAFFIC'},35,{7},7.771428571428571
2e6994a1,2e6994a14,2020-11-14,14,{'JAM'},{'JAM_STAND_STILL_TRAFFIC'},44,{7},5.363636363636363
2e6994a1,2e6994a14,2020-11-14,22,{'JAM'},{'JAM_HEAVY_TRAFFIC'},28,{7},5.0
2e6994a1,2e6994a14,2020-11-17,17,{'JAM'},{'JAM_STAND_STILL_TRAFFIC'},30,{7},5.0
2e6994a1,2e6994a14,2020-11-18,17,{'JAM'},{'JAM_HEAVY_TRAFFIC'},31,{7},5.0
2e6994a1,2e6994a14,2020-11-19,17,{'JAM'},{'JAM_STAND_STILL_TRAFFIC'},31,{7},5.0
2e6994a1,2e6994a14,2020-11-20,17,{'JAM'},{'JAM_HEAVY_TRAFFIC'},34,{7},5.0
2e6994a1,2e6994a14,2020-11-20,18,{'JAM'},{'JAM_STAND_STILL_TRAFFIC'},37,{7},5.864864864864865
2e6994a1,2e6994a14,2020-11-21,11,{'JAM'},{'JAM_STAND_STILL_TRAFFIC'},38,{7},5.447368421052632
2e6994a1,2e6994a14,2020-11-21,14,{'JAM'},{'JAM_HEAVY_TRAFFIC'},2,{7},5.0
2e6994a1,2e6994a14,2020-11-21,16,{'JAM'},"{'JAM_STAND_STILL_TRAFFIC', 'JAM_HEAVY_TRAFFIC'}",106,{7},5.377358490566038
2e6994a1,2e6994a14,2020-11-21,22,{'JAM'},{'JAM_STAND_STILL_TRAFFIC'},6,{7},5.0
2e6994a3,2e6994a24,2020-09-01,14,{'JAM'},{'JAM_HEAVY_TRAFFIC'},33,{7},5.0
2e6994a3,2e6994a24,2020-09-02,9,{'JAM'},{'JAM_STAND_STILL_TRAFFIC'},37,{7},6.378378378378378
2e6994a3,2e6994a24,2020-09-02,10,{'JAM'},{'JAM_HEAVY_TRAFFIC'},30,{7},5.0
2e6994a3,2e6994a24,2020-09-04,20,{'JAM'},{'JAM_MODERATE_TRAFFIC'},6,{7},5.0
2e6994a3,2e6994a24,2020-09-05,14,{'JAM'},{'JAM_HEAVY_TRAFFIC'},31,{7},5.0
2e6994a3,2e6994a24,2020-09-09,6,{'JAM'},{'JAM_HEAVY_TRAFFIC'},9,{7},6.888888888888889
2e6994a3,2e6994a24,2020-09-09,8,{'JAM'},{'JAM_HEAVY_TRAFFIC'},30,{7},6.0
2e6994a3,2e6994a24,2020-09-14,11,{'JAM'},{'JAM_STAND_STILL_TRAFFIC'},30,{7},5.0
2e6994a3,2e6994a24,2020-09-14,12,{'JAM'},{'JAM_HEAVY_TRAFFIC'},31,{7},5.0
2e6994a3,2e6994a24,2020-09-23,17,{'JAM'},{'JAM_STAND_STILL_TRAFFIC'},33,{7},5.0
2e6994a3,2e6994a24,2020-09-25,15,{'WEATHERHAZARD'},{'HAZARD_ON_ROAD_CAR_STOPPED'},39,{7},7.256410256410256
2e6994a3,2e6994a24,2020-09-25,18,{'JAM'},"{'JAM_STAND_STILL_TRAFFIC', 'JAM_HEAVY_TRAFFIC'}",65,{7},5.338461538461538
2e6994a3,2e6994a24,2020-09-27,13,{'JAM'},{'JAM_HEAVY_TRAFFIC'},31,{7},5.483870967741935
2e6994a3,2e6994a24,2020-09-27,17,{'JAM'},{'JAM_HEAVY_TRAFFIC'},30,{7},6.0
2e6994a3,2e6994a24,2020-09-28,18,{'JAM'},{'JAM_STAND_STILL_TRAFFIC'},45,{7},5.4
2e6994a3,2e6994a24,2020-10-04,10,{'WEATHERHAZARD'},{'HAZARD_ON_ROAD_CAR_STOPPED'},2,{7},5.0
2e6994a3,2e6994a24,2020-10-05,10,{'JAM'},{'JAM_STAND_STILL_TRAFFIC'},16,{7},6.0
2e6994a3,2e6994a24,2020-10-05,17,{'JAM'},"{'JAM_STAND_STILL_TRAFFIC', 'JAM_HEAVY_TRAFFIC'}",50,{7},8.08
2e6994a3,2e6994a24,2020-10-05,18,{'JAM'},{'JAM_STAND_STILL_TRAFFIC'},31,{7},5.0
2e6994a3,2e6994a24,2020-10-06,10,{'JAM'},{'JAM_STAND_STILL_TRAFFIC'},31,{7},5.0
2e6994a3,2e6994a24,2020-10-06,14,{'JAM'},{'JAM_STAND_STILL_TRAFFIC'},41,{7},5.414634146341464
2e6994a3,2e6994a24,2020-10-06,15,{'JAM'},{'JAM'},35,{7},5.457142857142857
2e6994a3,2e6994a24,2020-10-06,18,{'JAM'},{'JAM_HEAVY_TRAFFIC'},15,{7},5.0
2e6994a3,2e6994a24,2020-10-07,9,{'JAM'},{'JAM_HEAVY_TRAFFIC'},30,{7},5.0
2e6994a3,2e6994a24,2020-10-07,15,{'JAM'},{'JAM_HEAVY_TRAFFIC'},32,{7},5.5625
2e6994a3,2e6994a24,2020-10-08,10,{'JAM'},{'JAM_STAND_STILL_TRAFFIC'},33,{7},5.0
2e6994a3,2e6994a24,2020-10-08,11,{'JAM'},{'JAM_HEAVY_TRAFFIC'},30,{7},6.0
2e6994a3,2e6994a24,2020-10-08,17,{'JAM'},{'JAM_MODERATE_TRAFFIC'},31,{7},5.0
2e6994a3,2e6994a24,2020-10-09,17,{'JAM'},{'JAM_STAND_STILL_TRAFFIC'},31,{7},5.838709677419355
2e6994a3,2e6994a24,2020-10-09,18,"{'JAM', 'WEATHERHAZARD'}","{'HAZARD_ON_SHOULDER_CAR_STOPPED', 'JAM_STAND_STILL_TRAFFIC', 'JAM_HEAVY_TRAFFIC'}",167,{7},7.287425149700598
2e6994a3,2e6994a24,2020-10-09,19,{'JAM'},{'JAM_HEAVY_TRAFFIC'},30,{7},8.766666666666667
2e6994a3,2e6994a24,2020-10-09,20,{'JAM'},{'JAM_MODERATE_TRAFFIC'},31,{7},5.0
2e6994a3,2e6994a24,2020-10-10,16,{'JAM'},{'JAM_STAND_STILL_TRAFFIC'},23,{7},10.0
2e6994a3,2e6994a24,2020-10-11,8,{'JAM'},{'JAM_HEAVY_TRAFFIC'},31,{7},5.0
2e6994a3,2e6994a24,2020-10-12,9,"{'JAM', 'WEATHERHAZARD'}","{'HAZARD_ON_ROAD_CONSTRUCTION', 'JAM_HEAVY_TRAFFIC'}",134,{7},9.283582089552239
2e6994a3,2e6994a24,2020-10-12,11,{'JAM'},{'JAM_STAND_STILL_TRAFFIC'},30,{7},5.0
2e6994a3,2e6994a24,2020-10-13,8,"{'JAM', 'WEATHERHAZARD'}","{'JAM_STAND_STILL_TRAFFIC', 'HAZARD_ON_ROAD_CONSTRUCTION'}",109,{7},8.20183486238532
2e6994a3,2e6994a24,2020-10-15,14,{'JAM'},{'JAM_STAND_STILL_TRAFFIC'},31,{7},5.0
2e6994a3,2e6994a24,2020-10-15,15,{'JAM'},{'JAM_HEAVY_TRAFFIC'},31,{7},5.0
2e6994a3,2e6994a24,2020-10-16,9,{'JAM'},{'JAM_HEAVY_TRAFFIC'},18,{7},5.0
2e6994a3,2e6994a24,2020-10-16,13,{'JAM'},{'JAM_STAND_STILL_TRAFFIC'},59,{7},5.9491525423728815
2e6994a3,2e6994a24,2020-10-17,8,{'JAM'},{'JAM_STAND_STILL_TRAFFIC'},7,{7},5.142857142857143
2e6994a3,2e6994a24,2020-10-17,10,{'JAM'},"{'JAM_STAND_STILL_TRAFFIC', 'JAM_HEAVY_TRAFFIC'}",36,{7},5.472222222222222
2e6994a3,2e6994a24,2020-10-18,9,{'JAM'},"{'JAM_STAND_STILL_TRAFFIC', 'JAM_HEAVY_TRAFFIC'}",60,{7},5.0
2e6994a3,2e6994a24,2020-10-18,11,{'JAM'},{'JAM_HEAVY_TRAFFIC'},30,{7},5.0
2e6994a3,2e6994a24,2020-10-23,8,{'JAM'},{'JAM_STAND_STILL_TRAFFIC'},32,{7},5.0
2e6994a3,2e6994a24,2020-10-23,9,{'JAM'},{'JAM_STAND_STILL_TRAFFIC'},30,{7},5.0
2e6994a3,2e6994a24,2020-10-23,10,{'JAM'},{'JAM_STAND_STILL_TRAFFIC'},37,{7},5.0
2e6994a3,2e6994a24,2020-10-24,8,{'JAM'},{'JAM_HEAVY_TRAFFIC'},5,{7},5.0
2e6994a3,2e6994a24,2020-10-25,8,{'JAM'},{'JAM_HEAVY_TRAFFIC'},17,{7},6.0
2e6994a3,2e6994a24,2020-10-25,11,{'WEATHERHAZARD'},{'HAZARD_ON_ROAD_CONSTRUCTION'},32,{7},7.4375
2e6994a3,2e6994a24,2020-10-27,9,{'JAM'},{'JAM_STAND_STILL_TRAFFIC'},31,{7},5.0
2e6994a3,2e6994a24,2020-10-27,16,{'JAM'},{'JAM_STAND_STILL_TRAFFIC'},97,{7},6.061855670103093
2e6994a3,2e6994a24,2020-10-27,17,{'JAM'},{'JAM_HEAVY_TRAFFIC'},33,{7},5.0
2e6994a3,2e6994a24,2020-10-27,18,{'JAM'},{'JAM_HEAVY_TRAFFIC'},31,{7},5.0
2e6994a3,2e6994a24,2020-10-28,8,{'JAM'},{'JAM_STAND_STILL_TRAFFIC'},9,{7},5.0
2e6994a3,2e6994a24,2020-10-28,9,{'JAM'},{'JAM_HEAVY_TRAFFIC'},30,{7},5.0
2e6994a3,2e6994a24,2020-10-31,8,{'JAM'},"{'JAM_STAND_STILL_TRAFFIC', 'JAM_HEAVY_TRAFFIC'}",64,{7},6.078125
2e6994a3,2e6994a24,2020-10-31,10,{'JAM'},{'JAM_HEAVY_TRAFFIC'},19,{7},6.052631578947368
2e6994a3,2e6994a24,2020-11-01,9,{'JAM'},{'JAM_STAND_STILL_TRAFFIC'},34,{7},5.117647058823529
2e6994a3,2e6994a24,2020-11-01,14,{'JAM'},{'JAM'},22,{7},5.0
2e6994a3,2e6994a24,2020-11-02,18,{'WEATHERHAZARD'},{'HAZARD_ON_ROAD_CAR_STOPPED'},46,{7},7.195652173913044
2e6994a3,2e6994a24,2020-11-03,7,{'JAM'},{'JAM_MODERATE_TRAFFIC'},32,{7},5.0
2e6994a3,2e6994a24,2020-11-03,8,{'JAM'},"{'JAM_STAND_STILL_TRAFFIC', 'JAM_HEAVY_TRAFFIC'}",69,{7},5.565217391304348
2e6994a3,2e6994a24,2020-11-03,10,{'JAM'},{'JAM_STAND_STILL_TRAFFIC'},30,{7},5.0
2e6994a3,2e6994a24,2020-11-03,11,{'JAM'},{'JAM_HEAVY_TRAFFIC'},32,{7},5.0
2e6994a3,2e6994a24,2020-11-04,9,{'JAM'},{'JAM_STAND_STILL_TRAFFIC'},32,{7},5.0
2e6994a3,2e6994a24,2020-11-04,13,{'JAM'},{'JAM_STAND_STILL_TRAFFIC'},1,{7},5.0
2e6994a3,2e6994a24,2020-11-04,17,{'JAM'},{'JAM_MODERATE_TRAFFIC'},33,{7},5.0
2e6994a3,2e6994a24,2020-11-05,8,{'JAM'},{'JAM_HEAVY_TRAFFIC'},62,{7},5.0
2e6994a3,2e6994a24,2020-11-05,10,{'JAM'},{'JAM_HEAVY_TRAFFIC'},23,{7},5.956521739130435
2e6994a3,2e6994a24,2020-11-05,13,{'JAM'},{'JAM_STAND_STILL_TRAFFIC'},31,{7},5.0
2e6994a3,2e6994a24,2020-11-06,9,{'JAM'},{'JAM_STAND_STILL_TRAFFIC'},61,{7},6.213114754098361
2e6994a3,2e6994a24,2020-11-06,19,{'JAM'},{'JAM_STAND_STILL_TRAFFIC'},17,{7},5.0
2e6994a3,2e6994a24,2020-11-07,9,{'JAM'},{'JAM_HEAVY_TRAFFIC'},17,{7},5.882352941176471
2e6994a3,2e6994a24,2020-11-07,17,{'JAM'},{'JAM_STAND_STILL_TRAFFIC'},31,{7},5.0
2e6994a3,2e6994a24,2020-11-09,14,{'JAM'},{'JAM_HEAVY_TRAFFIC'},30,{7},5.7
2e6994a3,2e6994a24,2020-11-09,17,{'JAM'},{'JAM_STAND_STILL_TRAFFIC'},7,{7},5.428571428571429
2e6994a3,2e6994a24,2020-11-09,22,{'WEATHERHAZARD'},{'HAZARD_ON_ROAD_CONSTRUCTION'},543,{7},8.167587476979742
2e6994a3,2e6994a24,2020-11-10,6,{'JAM'},{'JAM_MODERATE_TRAFFIC'},13,{7},5.0
2e6994a3,2e6994a24,2020-11-10,16,{'JAM'},{'JAM_STAND_STILL_TRAFFIC'},35,{7},7.485714285714286
2e6994a3,2e6994a24,2020-11-10,17,{'JAM'},{'JAM_HEAVY_TRAFFIC'},31,{7},5.0
2e6994a3,2e6994a24,2020-11-11,7,{'WEATHERHAZARD'},{'HAZARD_ON_ROAD_CAR_STOPPED'},18,{7},6.166666666666667
2e6994a3,2e6994a24,2020-11-11,17,{'JAM'},{'JAM_HEAVY_TRAFFIC'},90,{7},6.5777777777777775
2e6994a3,2e6994a24,2020-11-11,18,{'JAM'},{'JAM_STAND_STILL_TRAFFIC'},52,{7},5.769230769230769
2e6994a3,2e6994a24,2020-11-11,19,{'JAM'},{'JAM_STAND_STILL_TRAFFIC'},23,{7},5.695652173913044
2e6994a3,2e6994a24,2020-11-12,10,{'JAM'},"{'JAM', 'JAM_STAND_STILL_TRAFFIC'}",89,{7},7.977528089887641
2e6994a3,2e6994a24,2020-11-12,17,{'JAM'},{'JAM_STAND_STILL_TRAFFIC'},43,{7},5.906976744186046
2e6994a3,2e6994a24,2020-11-12,18,{'JAM'},{'JAM_STAND_STILL_TRAFFIC'},32,{7},5.0
2e6994a3,2e6994a24,2020-11-12,19,{'JAM'},{'JAM_HEAVY_TRAFFIC'},38,{7},6.315789473684211
2e6994a3,2e6994a24,2020-11-13,9,{'JAM'},{'JAM_STAND_STILL_TRAFFIC'},32,{7},5.5625
2e6994a3,2e6994a24,2020-11-13,13,{'JAM'},{'JAM_HEAVY_TRAFFIC'},32,{7},5.0
2e6994a3,2e6994a24,2020-11-13,15,{'WEATHERHAZARD'},{'HAZARD_ON_ROAD_CAR_STOPPED'},30,{7},7.5
2e6994a3,2e6994a24,2020-11-13,16,"{'WEATHERHAZARD', 'ACCIDENT'}","{'HAZARD_ON_SHOULDER_CAR_STOPPED', 'ACCIDENT_MAJOR'}",49,{7},6.3061224489795915
2e6994a3,2e6994a24,2020-11-13,17,"{'JAM', 'WEATHERHAZARD', 'ACCIDENT'}","{'HAZARD_ON_ROAD_CAR_STOPPED', 'ACCIDENT', 'JAM_HEAVY_TRAFFIC'}",139,{7},8.424460431654676
2e6994a3,2e6994a24,2020-11-13,18,{'JAM'},"{'JAM', 'JAM_STAND_STILL_TRAFFIC', 'JAM_HEAVY_TRAFFIC'}",127,{7},5.661417322834645
2e6994a3,2e6994a24,2020-11-13,20,{'JAM'},"{'JAM_STAND_STILL_TRAFFIC', 'JAM_HEAVY_TRAFFIC'}",73,{7},5.712328767123288
2e6994a3,2e6994a24,2020-11-14,19,{'JAM'},{'JAM_HEAVY_TRAFFIC'},30,{7},5.0
2e6994a3,2e6994a24,2020-11-16,8,{'JAM'},{'JAM_STAND_STILL_TRAFFIC'},31,{7},5.0
2e6994a3,2e6994a24,2020-11-17,16,{'JAM'},{'JAM_STAND_STILL_TRAFFIC'},23,{7},5.0
2e6994a3,2e6994a24,2020-11-17,17,{'JAM'},{'JAM_HEAVY_TRAFFIC'},30,{7},5.0
2e6994a3,2e6994a24,2020-11-18,19,{'WEATHERHAZARD'},{'HAZARD_ON_SHOULDER_CAR_STOPPED'},52,{7},9.25
2e6994a3,2e6994a24,2020-11-19,12,{'JAM'},{'JAM_MODERATE_TRAFFIC'},12,{7},5.0
2e6994a3,2e6994a24,2020-11-20,14,{'JAM'},{'JAM_MODERATE_TRAFFIC'},31,{7},5.0
2e6994a3,2e6994a24,2020-11-20,15,{'JAM'},{'JAM'},6,{7},5.0
2e6994a3,2e6994a24,2020-11-21,11,{'JAM'},{'JAM_HEAVY_TRAFFIC'},47,{7},6.042553191489362
2e6994a3,2e6994a24,2020-11-21,14,{'JAM'},{'JAM_HEAVY_TRAFFIC'},28,{7},6.0
2e6994a3,2e6994a24,2020-11-21,16,{'JAM'},{'JAM_STAND_STILL_TRAFFIC'},31,{7},5.0
2e6994a3,2e6994a3c,2020-09-04,9,{'JAM'},{'JAM_STAND_STILL_TRAFFIC'},32,{7},5.0
2e6994a3,2e6994a3c,2020-09-06,11,{'WEATHERHAZARD'},{'WEATHERHAZARD'},28,{7},5.357142857142857
2e6994a3,2e6994a3c,2020-09-09,6,{'JAM'},{'JAM_HEAVY_TRAFFIC'},63,{7},9.841269841269842
2e6994a3,2e6994a3c,2020-09-09,7,{'JAM'},{'JAM_HEAVY_TRAFFIC'},52,{7},9.903846153846153
2e6994a3,2e6994a3c,2020-09-23,18,{'JAM'},{'JAM_HEAVY_TRAFFIC'},34,{7},5.4411764705882355
2e6994a3,2e6994a3c,2020-09-25,18,{'JAM'},{'JAM_STAND_STILL_TRAFFIC'},30,{1},5.0
2e6994a3,2e6994a3c,2020-10-05,10,{'JAM'},{'JAM_MODERATE_TRAFFIC'},30,{7},5.0
2e6994a3,2e6994a3c,2020-10-09,1,{'WEATHERHAZARD'},{'HAZARD_ON_ROAD_CONSTRUCTION'},563,{7},8.854351687388988
2e6994a3,2e6994a3c,2020-10-09,19,{'JAM'},{'JAM_HEAVY_TRAFFIC'},33,{7},5.515151515151516
2e6994a3,2e6994a3c,2020-10-12,16,{'ACCIDENT'},{'ACCIDENT_MINOR'},47,{7},5.042553191489362
2e6994a3,2e6994a3c,2020-10-22,8,{'WEATHERHAZARD'},{'HAZARD_ON_ROAD_CAR_STOPPED'},32,{7},5.0
2e6994a3,2e6994a3c,2020-10-26,16,{'JAM'},{'JAM_STAND_STILL_TRAFFIC'},31,{7},5.0
2e6994a3,2e6994a3c,2020-10-26,17,{'JAM'},{'JAM_STAND_STILL_TRAFFIC'},31,{7},5.0
2e6994a3,2e6994a3c,2020-10-27,10,{'JAM'},{'JAM_STAND_STILL_TRAFFIC'},26,{7},5.0
2e6994a3,2e6994a3c,2020-10-27,17,{'JAM'},{'JAM_HEAVY_TRAFFIC'},31,{7},5.838709677419355
2e6994a3,2e6994a3c,2020-10-28,11,{'WEATHERHAZARD'},{'HAZARD_ON_ROAD_CAR_STOPPED'},15,{7},5.4
2e6994a3,2e6994a3c,2020-10-29,15,{'JAM'},{'JAM_MODERATE_TRAFFIC'},6,{7},8.0
2e6994a3,2e6994a3c,2020-11-03,7,{'JAM'},{'JAM_MODERATE_TRAFFIC'},30,{7},5.0
2e6994a3,2e6994a3c,2020-11-05,8,{'WEATHERHAZARD'},{'HAZARD_ON_ROAD_CAR_STOPPED'},29,{7},7.931034482758621
2e6994a3,2e6994a3c,2020-11-05,22,{'WEATHERHAZARD'},{'HAZARD_ON_ROAD_CONSTRUCTION'},511,{7},9.886497064579256
2e6994a3,2e6994a3c,2020-11-09,22,{'JAM'},{'JAM_MODERATE_TRAFFIC'},35,{7},5.857142857142857
2e6994a3,2e6994a3c,2020-11-17,17,{'WEATHERHAZARD'},{'HAZARD_ON_ROAD_CONSTRUCTION'},200,{7},9.89
2e6994a3,2e6994a3c,2020-11-20,11,{'JAM'},{'JAM'},7,{7},5.0
2e6994a3,2e6994a3c,2020-11-21,15,{'JAM'},{'JAM_HEAVY_TRAFFIC'},30,{7},5.0
2e6994a7,2e6994a64,2020-09-01,12,{'JAM'},{'JAM_STAND_STILL_TRAFFIC'},30,{7},5.0
2e6994a7,2e6994a64,2020-09-03,9,{'JAM'},{'JAM_MODERATE_TRAFFIC'},34,{7},5.0
2e6994a7,2e6994a64,2020-09-03,10,{'JAM'},{'JAM_HEAVY_TRAFFIC'},59,{7},5.0
2e6994a7,2e6994a64,2020-09-03,18,{'JAM'},{'JAM_HEAVY_TRAFFIC'},31,{7},5.0
2e6994a7,2e6994a64,2020-09-04,14,{'JAM'},{'JAM_STAND_STILL_TRAFFIC'},31,{7},5.0
2e6994a7,2e6994a64,2020-09-04,20,{'JAM'},{'JAM_MODERATE_TRAFFIC'},7,{7},5.0
2e6994a7,2e6994a64,2020-09-05,11,{'JAM'},{'JAM_STAND_STILL_TRAFFIC'},31,{7},5.967741935483871
2e6994a7,2e6994a64,2020-09-05,12,{'JAM'},{'JAM_STAND_STILL_TRAFFIC'},32,{7},5.0
2e6994a7,2e6994a64,2020-09-05,14,{'JAM'},{'JAM_HEAVY_TRAFFIC'},32,{7},5.0
2e6994a7,2e6994a64,2020-09-06,13,"{'JAM', 'WEATHERHAZARD'}","{'HAZARD_ON_SHOULDER_CAR_STOPPED', 'JAM_STAND_STILL_TRAFFIC'}",54,{7},5.148148148148148
2e6994a7,2e6994a64,2020-09-06,14,{'JAM'},{'JAM_STAND_STILL_TRAFFIC'},31,{7},5.0
2e6994a7,2e6994a64,2020-09-07,18,{'JAM'},{'JAM_STAND_STILL_TRAFFIC'},32,{7},5.0
2e6994a7,2e6994a64,2020-09-08,16,{'JAM'},{'JAM_STAND_STILL_TRAFFIC'},31,{7},5.0
2e6994a7,2e6994a64,2020-09-10,10,{'JAM'},{'JAM_STAND_STILL_TRAFFIC'},30,{7},5.0
2e6994a7,2e6994a64,2020-09-23,17,{'JAM'},{'JAM_MODERATE_TRAFFIC'},30,{7},5.0
2e6994a7,2e6994a64,2020-09-25,14,{'JAM'},{'JAM_HEAVY_TRAFFIC'},33,{7},5.0
2e6994a7,2e6994a64,2020-09-26,11,{'JAM'},{'JAM_STAND_STILL_TRAFFIC'},33,{7},5.757575757575758
2e6994a7,2e6994a64,2020-09-28,9,{'JAM'},{'JAM_HEAVY_TRAFFIC'},5,{7},5.0
2e6994a7,2e6994a64,2020-09-29,15,{'JAM'},{'JAM_STAND_STILL_TRAFFIC'},25,{7},5.0
2e6994a7,2e6994a64,2020-10-01,11,{'JAM'},{'JAM_MODERATE_TRAFFIC'},7,{7},5.0
2e6994a7,2e6994a64,2020-10-01,12,{'JAM'},{'JAM_STAND_STILL_TRAFFIC'},25,{7},5.0
2e6994a7,2e6994a64,2020-10-02,14,{'JAM'},{'JAM'},31,{22},5.0
2e6994a7,2e6994a64,2020-10-02,18,{'JAM'},{'JAM_HEAVY_TRAFFIC'},25,{7},5.0
2e6994a7,2e6994a64,2020-10-03,14,{'JAM'},{'JAM'},33,{7},5.454545454545454
2e6994a7,2e6994a64,2020-10-03,18,{'JAM'},{'JAM_HEAVY_TRAFFIC'},33,{7},5.0
2e6994a7,2e6994a64,2020-10-04,13,{'JAM'},{'JAM_HEAVY_TRAFFIC'},30,{7},5.0
2e6994a7,2e6994a64,2020-10-05,14,{'JAM'},{'JAM_HEAVY_TRAFFIC'},31,{7},5.0
2e6994a7,2e6994a64,2020-10-05,19,{'JAM'},{'JAM_MODERATE_TRAFFIC'},5,{7},5.0
2e6994a7,2e6994a64,2020-10-06,7,{'WEATHERHAZARD'},{'HAZARD_ON_SHOULDER_CAR_STOPPED'},25,{7},6.52
2e6994a7,2e6994a64,2020-10-06,13,{'JAM'},{'JAM_STAND_STILL_TRAFFIC'},12,{7},5.0
2e6994a7,2e6994a64,2020-10-06,15,{'JAM'},{'JAM_STAND_STILL_TRAFFIC'},31,{7},5.0
2e6994a7,2e6994a64,2020-10-07,15,{'JAM'},{'JAM_STAND_STILL_TRAFFIC'},31,{7},5.967741935483871
2e6994a7,2e6994a64,2020-10-08,10,{'JAM'},{'JAM_STAND_STILL_TRAFFIC'},23,{7},5.0
2e6994a7,2e6994a64,2020-10-08,15,{'JAM'},{'JAM_STAND_STILL_TRAFFIC'},30,{7},5.0
2e6994a7,2e6994a64,2020-10-09,18,{'JAM'},"{'JAM_STAND_STILL_TRAFFIC', 'JAM_HEAVY_TRAFFIC'}",94,{7},5.76595744680851
2e6994a7,2e6994a64,2020-10-10,10,{'JAM'},{'JAM_STAND_STILL_TRAFFIC'},43,{7},5.930232558139535
2e6994a7,2e6994a64,2020-10-10,14,{'JAM'},{'JAM_STAND_STILL_TRAFFIC'},67,{7},5.701492537313433
2e6994a7,2e6994a64,2020-10-12,11,{'WEATHERHAZARD'},{'HAZARD_ON_ROAD_CAR_STOPPED'},6,{7},5.666666666666667
2e6994a7,2e6994a64,2020-10-13,17,{'JAM'},{'JAM_HEAVY_TRAFFIC'},30,{7},5.0
2e6994a7,2e6994a64,2020-10-17,11,{'JAM'},{'JAM_HEAVY_TRAFFIC'},30,{7},5.0
2e6994a7,2e6994a64,2020-10-17,13,{'JAM'},{'JAM_STAND_STILL_TRAFFIC'},31,{7},5.0
2e6994a7,2e6994a64,2020-10-19,15,{'JAM'},{'JAM_STAND_STILL_TRAFFIC'},32,{7},6.40625
2e6994a7,2e6994a64,2020-10-19,17,{'JAM'},{'JAM_HEAVY_TRAFFIC'},33,{7},5.0
2e6994a7,2e6994a64,2020-10-21,18,{'JAM'},{'JAM_HEAVY_TRAFFIC'},30,{7},5.0
2e6994a7,2e6994a64,2020-10-22,14,{'JAM'},{'JAM_STAND_STILL_TRAFFIC'},17,{7},5.0
2e6994a7,2e6994a64,2020-10-23,15,{'JAM'},{'JAM_HEAVY_TRAFFIC'},49,{7},5.0
2e6994a7,2e6994a64,2020-10-23,20,{'JAM'},{'JAM_HEAVY_TRAFFIC'},6,{7},5.0
2e6994a7,2e6994a64,2020-10-24,13,{'JAM'},{'JAM_STAND_STILL_TRAFFIC'},31,{7},5.0
2e6994a7,2e6994a64,2020-10-25,8,{'JAM'},{'JAM_STAND_STILL_TRAFFIC'},5,{7},5.0
2e6994a7,2e6994a64,2020-10-25,11,{'JAM'},{'JAM_STAND_STILL_TRAFFIC'},30,{7},5.0
2e6994a7,2e6994a64,2020-10-25,14,"{'JAM', 'WEATHERHAZARD'}","{'HAZARD_WEATHER_FLOOD', 'JAM_HEAVY_TRAFFIC'}",62,{7},6.241935483870968
2e6994a7,2e6994a64,2020-10-26,8,{'JAM'},{'JAM_HEAVY_TRAFFIC'},30,{7},5.0
2e6994a7,2e6994a64,2020-10-26,9,{'JAM'},"{'JAM_STAND_STILL_TRAFFIC', 'JAM_HEAVY_TRAFFIC'}",123,{7},5.146341463414634
2e6994a7,2e6994a64,2020-10-26,16,{'JAM'},"{'JAM_STAND_STILL_TRAFFIC', 'JAM_HEAVY_TRAFFIC'}",59,{7},5.0
2e6994a7,2e6994a64,2020-10-26,17,{'JAM'},"{'JAM_STAND_STILL_TRAFFIC', 'JAM_HEAVY_TRAFFIC'}",61,{7},5.0
2e6994a7,2e6994a64,2020-10-26,18,{'JAM'},{'JAM_STAND_STILL_TRAFFIC'},32,{7},5.0
2e6994a7,2e6994a64,2020-10-27,8,{'JAM'},{'JAM_STAND_STILL_TRAFFIC'},30,{7},5.0
2e6994a7,2e6994a64,2020-10-27,10,{'JAM'},{'JAM_STAND_STILL_TRAFFIC'},30,{7},5.0
2e6994a7,2e6994a64,2020-10-27,14,{'JAM'},{'JAM_STAND_STILL_TRAFFIC'},23,{7},9.869565217391305
2e6994a7,2e6994a64,2020-10-27,16,{'JAM'},"{'JAM_STAND_STILL_TRAFFIC', 'JAM_HEAVY_TRAFFIC'}",159,{7},6.654088050314465
2e6994a7,2e6994a64,2020-10-27,21,{'JAM'},{'JAM_HEAVY_TRAFFIC'},31,{7},5.548387096774194
2e6994a7,2e6994a64,2020-10-28,10,{'JAM'},{'JAM_STAND_STILL_TRAFFIC'},6,{7},5.0
2e6994a7,2e6994a64,2020-10-28,14,{'JAM'},{'JAM_STAND_STILL_TRAFFIC'},8,{7},5.0
2e6994a7,2e6994a64,2020-10-28,15,{'JAM'},{'JAM_MODERATE_TRAFFIC'},14,{7},5.0
2e6994a7,2e6994a64,2020-10-29,22,{'JAM'},{'JAM'},6,{7},5.0
2e6994a7,2e6994a64,2020-11-01,15,{'JAM'},{'JAM_STAND_STILL_TRAFFIC'},9,{7},5.0
2e6994a7,2e6994a64,2020-11-02,8,{'JAM'},{'JAM_STAND_STILL_TRAFFIC'},32,{7},5.0
2e6994a7,2e6994a64,2020-11-03,10,{'JAM'},{'JAM_MODERATE_TRAFFIC'},30,{7},5.0
2e6994a7,2e6994a64,2020-11-03,17,{'JAM'},{'JAM_HEAVY_TRAFFIC'},32,{7},5.0
2e6994a7,2e6994a64,2020-11-04,19,{'JAM'},{'JAM'},6,{2},7.0
2e6994a7,2e6994a64,2020-11-05,7,{'JAM'},{'JAM_STAND_STILL_TRAFFIC'},31,{7},5.0
2e6994a7,2e6994a64,2020-11-05,8,{'JAM'},"{'JAM_STAND_STILL_TRAFFIC', 'JAM_MODERATE_TRAFFIC'}",43,{7},5.0
2e6994a7,2e6994a64,2020-11-06,13,{'JAM'},{'JAM'},32,{7},7.0
2e6994a7,2e6994a64,2020-11-07,9,{'JAM'},{'JAM_STAND_STILL_TRAFFIC'},30,{7},5.0
2e6994a7,2e6994a64,2020-11-07,13,{'JAM'},{'JAM_STAND_STILL_TRAFFIC'},30,{7},5.0
2e6994a7,2e6994a64,2020-11-07,14,{'JAM'},{'JAM'},31,{7},5.0
2e6994a7,2e6994a64,2020-11-09,7,{'JAM'},{'JAM_STAND_STILL_TRAFFIC'},30,{7},5.0
2e6994a7,2e6994a64,2020-11-10,9,{'JAM'},{'JAM_HEAVY_TRAFFIC'},35,{7},5.0
2e6994a7,2e6994a64,2020-11-10,17,{'JAM'},{'JAM_STAND_STILL_TRAFFIC'},94,{7},6.212765957446808
2e6994a7,2e6994a64,2020-11-11,8,{'JAM'},{'JAM_STAND_STILL_TRAFFIC'},27,{7},5.0
2e6994a7,2e6994a64,2020-11-11,9,{'JAM'},{'JAM_STAND_STILL_TRAFFIC'},30,{7},5.0
2e6994a7,2e6994a64,2020-11-11,13,{'JAM'},{'JAM'},31,{7},5.0
2e6994a7,2e6994a64,2020-11-12,7,{'JAM'},{'JAM_HEAVY_TRAFFIC'},35,{7},5.457142857142857
2e6994a7,2e6994a64,2020-11-12,20,{'JAM'},"{'JAM', 'JAM_MODERATE_TRAFFIC'}",35,{7},5.0
2e6994a7,2e6994a64,2020-11-13,8,{'JAM'},"{'JAM_STAND_STILL_TRAFFIC', 'JAM_HEAVY_TRAFFIC'}",55,{7},5.0
2e6994a7,2e6994a64,2020-11-13,13,{'JAM'},{'JAM_HEAVY_TRAFFIC'},51,{7},7.2745098039215685
2e6994a7,2e6994a64,2020-11-13,14,{'JAM'},"{'JAM_STAND_STILL_TRAFFIC', 'JAM_MODERATE_TRAFFIC'}",54,{7},5.685185185185185
2e6994a7,2e6994a64,2020-11-13,15,{'JAM'},"{'JAM', 'JAM_STAND_STILL_TRAFFIC'}",65,"{1, 7}",5.0
2e6994a7,2e6994a64,2020-11-13,16,{'JAM'},{'JAM_HEAVY_TRAFFIC'},33,{7},5.0
2e6994a7,2e6994a64,2020-11-13,18,{'JAM'},"{'JAM_STAND_STILL_TRAFFIC', 'JAM_HEAVY_TRAFFIC'}",31,{7},6.548387096774194
2e6994a7,2e6994a64,2020-11-13,20,{'JAM'},{'JAM_HEAVY_TRAFFIC'},31,{7},5.0
2e6994a7,2e6994a64,2020-11-14,14,{'JAM'},{'JAM_HEAVY_TRAFFIC'},17,{7},6.0
2e6994a7,2e6994a64,2020-11-15,16,{'JAM'},{'JAM'},30,{7},5.0
2e6994a7,2e6994a64,2020-11-16,17,{'JAM'},{'JAM_HEAVY_TRAFFIC'},22,{7},5.954545454545454
2e6994a7,2e6994a64,2020-11-16,18,{'JAM'},{'JAM_HEAVY_TRAFFIC'},42,{7},5.9523809523809526
2e6994a7,2e6994a64,2020-11-20,17,{'JAM'},{'JAM_HEAVY_TRAFFIC'},41,{7},5.390243902439025
2e6994a7,2e6994a64,2020-11-21,15,{'JAM'},{'JAM_STAND_STILL_TRAFFIC'},31,{7},5.0
2e6994a7,2e6994a64,2020-11-22,16,{'JAM'},{'JAM'},30,{20},5.0
2e6994a7,2e6994a6c,2020-09-01,15,{'WEATHERHAZARD'},{'HAZARD_ON_ROAD_CONSTRUCTION'},287,{7},8.878048780487806
2e6994a7,2e6994a6c,2020-09-02,9,{'WEATHERHAZARD'},"{'HAZARD_ON_SHOULDER_CAR_STOPPED', 'HAZARD_ON_ROAD_CONSTRUCTION'}",145,{7},6.6689655172413795
2e6994a7,2e6994a6c,2020-09-04,20,{'JAM'},{'JAM_MODERATE_TRAFFIC'},22,{7},5.0
2e6994a7,2e6994a6c,2020-09-06,10,{'WEATHERHAZARD'},{'HAZARD_ON_SHOULDER_CAR_STOPPED'},24,{7},5.875
2e6994a7,2e6994a6c,2020-09-06,13,{'JAM'},{'JAM_HEAVY_TRAFFIC'},31,{7},5.0
2e6994a7,2e6994a6c,2020-09-07,16,{'WEATHERHAZARD'},{'HAZARD_ON_ROAD_CONSTRUCTION'},110,{7},7.4363636363636365
2e6994a7,2e6994a6c,2020-09-07,21,{'WEATHERHAZARD'},{'HAZARD_ON_ROAD_CONSTRUCTION'},15,{7},6.0
2e6994a7,2e6994a6c,2020-09-10,11,{'WEATHERHAZARD'},{'HAZARD_ON_ROAD_POT_HOLE'},13,{7},6.384615384615385
2e6994a7,2e6994a6c,2020-09-12,9,{'JAM'},{'JAM'},30,{7},5.9
2e6994a7,2e6994a6c,2020-09-25,15,{'WEATHERHAZARD'},{'HAZARD_ON_ROAD_CONSTRUCTION'},117,{7},9.017094017094017
2e6994a7,2e6994a6c,2020-09-27,16,{'WEATHERHAZARD'},{'HAZARD_ON_ROAD_CAR_STOPPED'},12,{7},6.083333333333333
2e6994a7,2e6994a6c,2020-10-01,7,{'JAM'},{'JAM'},5,{7},5.0
2e6994a7,2e6994a6c,2020-10-05,10,{'JAM'},{'JAM_STAND_STILL_TRAFFIC'},32,{7},5.9375
2e6994a7,2e6994a6c,2020-10-05,16,{'WEATHERHAZARD'},{'HAZARD_ON_ROAD_CAR_STOPPED'},30,{7},5.0
2e6994a7,2e6994a6c,2020-10-05,18,{'JAM'},{'JAM_STAND_STILL_TRAFFIC'},33,{7},5.848484848484849
2e6994a7,2e6994a6c,2020-10-06,13,{'JAM'},{'JAM_STAND_STILL_TRAFFIC'},14,{7},5.0
2e6994a7,2e6994a6c,2020-10-07,15,{'JAM'},{'JAM_STAND_STILL_TRAFFIC'},31,{7},5.935483870967742
2e6994a7,2e6994a6c,2020-10-07,17,{'JAM'},{'JAM_HEAVY_TRAFFIC'},8,{7},5.0
2e6994a7,2e6994a6c,2020-10-08,16,{'JAM'},{'JAM_HEAVY_TRAFFIC'},30,{7},8.0
2e6994a7,2e6994a6c,2020-10-09,18,{'JAM'},{'JAM_STAND_STILL_TRAFFIC'},30,{1},5.733333333333333
2e6994a7,2e6994a6c,2020-10-10,15,{'JAM'},{'JAM_STAND_STILL_TRAFFIC'},30,{7},5.0
2e6994a7,2e6994a6c,2020-10-11,9,{'JAM'},{'JAM_HEAVY_TRAFFIC'},24,{7},5.0
2e6994a7,2e6994a6c,2020-10-12,10,{'JAM'},{'JAM_STAND_STILL_TRAFFIC'},19,{7},5.0
2e6994a7,2e6994a6c,2020-10-13,8,{'WEATHERHAZARD'},{'HAZARD_ON_SHOULDER_CAR_STOPPED'},44,{7},9.181818181818182
2e6994a7,2e6994a6c,2020-10-14,16,{'JAM'},{'JAM_HEAVY_TRAFFIC'},30,{7},5.0
2e6994a7,2e6994a6c,2020-10-17,11,{'JAM'},"{'JAM_STAND_STILL_TRAFFIC', 'JAM_HEAVY_TRAFFIC'}",71,"{1, 7}",6.577464788732394
2e6994a7,2e6994a6c,2020-10-18,9,{'JAM'},{'JAM_HEAVY_TRAFFIC'},25,{7},5.0
2e6994a7,2e6994a6c,2020-10-18,15,{'JAM'},{'JAM_HEAVY_TRAFFIC'},30,{7},8.0
2e6994a7,2e6994a6c,2020-10-20,19,{'WEATHERHAZARD'},{'HAZARD_ON_ROAD_CAR_STOPPED'},18,{7},5.722222222222222
2e6994a7,2e6994a6c,2020-10-22,22,{'JAM'},{'JAM_HEAVY_TRAFFIC'},23,{7},5.0
2e6994a7,2e6994a6c,2020-10-23,15,{'JAM'},{'JAM_STAND_STILL_TRAFFIC'},16,{7},5.0
2e6994a7,2e6994a6c,2020-10-24,10,{'JAM'},{'JAM_HEAVY_TRAFFIC'},26,{7},6.846153846153846
2e6994a7,2e6994a6c,2020-10-24,14,{'JAM'},{'JAM_MODERATE_TRAFFIC'},32,{7},5.8125
2e6994a7,2e6994a6c,2020-10-25,10,{'JAM'},"{'JAM_STAND_STILL_TRAFFIC', 'JAM_HEAVY_TRAFFIC'}",77,{7},5.805194805194805
2e6994a7,2e6994a6c,2020-10-25,13,{'JAM'},{'JAM_STAND_STILL_TRAFFIC'},21,{7},5.0
2e6994a7,2e6994a6c,2020-10-25,15,{'WEATHERHAZARD'},{'HAZARD_ON_ROAD_CAR_STOPPED'},31,{7},8.290322580645162
2e6994a7,2e6994a6c,2020-10-26,9,{'JAM'},{'JAM_STAND_STILL_TRAFFIC'},31,{7},5.0
2e6994a7,2e6994a6c,2020-10-26,15,{'JAM'},"{'JAM_STAND_STILL_TRAFFIC', 'JAM_HEAVY_TRAFFIC'}",63,{7},5.0
2e6994a7,2e6994a6c,2020-10-26,16,{'JAM'},{'JAM_STAND_STILL_TRAFFIC'},16,{7},6.0
2e6994a7,2e6994a6c,2020-10-27,9,{'JAM'},{'JAM_STAND_STILL_TRAFFIC'},62,{7},5.0
2e6994a7,2e6994a6c,2020-10-27,16,{'JAM'},"{'JAM_STAND_STILL_TRAFFIC', 'JAM_HEAVY_TRAFFIC'}",78,{7},6.3076923076923075
2e6994a7,2e6994a6c,2020-10-27,18,{'JAM'},{'JAM_STAND_STILL_TRAFFIC'},31,{7},5.0
2e6994a7,2e6994a6c,2020-10-28,11,{'JAM'},{'JAM_STAND_STILL_TRAFFIC'},54,{7},5.055555555555555
2e6994a7,2e6994a6c,2020-10-28,16,{'JAM'},{'JAM_STAND_STILL_TRAFFIC'},30,{7},5.0
2e6994a7,2e6994a6c,2020-10-31,8,{'JAM'},{'JAM_HEAVY_TRAFFIC'},25,{7},5.0
2e6994a7,2e6994a6c,2020-10-31,10,{'JAM'},"{'JAM_STAND_STILL_TRAFFIC', 'JAM_HEAVY_TRAFFIC'}",28,{7},5.0
2e6994a7,2e6994a6c,2020-11-01,9,{'JAM'},{'JAM_STAND_STILL_TRAFFIC'},14,{7},5.857142857142857
2e6994a7,2e6994a6c,2020-11-02,8,{'JAM'},{'JAM_STAND_STILL_TRAFFIC'},34,{7},5.0
2e6994a7,2e6994a6c,2020-11-04,10,{'JAM'},{'JAM_STAND_STILL_TRAFFIC'},20,{7},5.0
2e6994a7,2e6994a6c,2020-11-04,14,{'JAM'},{'JAM_STAND_STILL_TRAFFIC'},24,{7},5.0
2e6994a7,2e6994a6c,2020-11-05,9,{'JAM'},{'JAM_HEAVY_TRAFFIC'},31,{7},5.935483870967742
2e6994a7,2e6994a6c,2020-11-06,10,{'JAM'},{'JAM_HEAVY_TRAFFIC'},34,{7},5.352941176470588
2e6994a7,2e6994a6c,2020-11-09,12,{'WEATHERHAZARD'},{'HAZARD_ON_ROAD_CAR_STOPPED'},7,{7},5.428571428571429
2e6994a7,2e6994a6c,2020-11-09,13,"{'JAM', 'WEATHERHAZARD'}","{'HAZARD_ON_ROAD_CAR_STOPPED', 'JAM_MODERATE_TRAFFIC'}",72,{7},6.097222222222222
2e6994a7,2e6994a6c,2020-11-10,16,{'JAM'},{'JAM_STAND_STILL_TRAFFIC'},51,{7},7.078431372549019
2e6994a7,2e6994a6c,2020-11-10,17,{'JAM'},{'JAM_STAND_STILL_TRAFFIC'},34,{7},5.0
2e6994a7,2e6994a6c,2020-11-10,19,{'JAM'},{'JAM_HEAVY_TRAFFIC'},31,{7},5.935483870967742
2e6994a7,2e6994a6c,2020-11-11,14,{'JAM'},{'JAM_STAND_STILL_TRAFFIC'},26,{7},5.0
2e6994a7,2e6994a6c,2020-11-11,18,{'JAM'},{'JAM_MODERATE_TRAFFIC'},32,{7},5.875
2e6994a7,2e6994a6c,2020-11-12,16,{'JAM'},{'JAM_STAND_STILL_TRAFFIC'},15,{7},5.933333333333334
2e6994a7,2e6994a6c,2020-11-12,17,{'JAM'},{'JAM_HEAVY_TRAFFIC'},32,{7},5.71875
2e6994a7,2e6994a6c,2020-11-13,16,{'JAM'},{'JAM_STAND_STILL_TRAFFIC'},19,{7},5.0
2e6994a7,2e6994a6c,2020-11-13,17,{'JAM'},"{'JAM_MODERATE_TRAFFIC', 'JAM_HEAVY_TRAFFIC'}",91,{7},5.0
2e6994a7,2e6994a6c,2020-11-13,18,{'JAM'},{'JAM_HEAVY_TRAFFIC'},20,{7},5.1
2e6994a7,2e6994a6c,2020-11-14,17,{'JAM'},{'JAM_STAND_STILL_TRAFFIC'},28,{7},6.678571428571429
2e6994a7,2e6994a6c,2020-11-16,14,{'JAM'},{'JAM_HEAVY_TRAFFIC'},30,{7},5.0
2e6994a7,2e6994a6c,2020-11-19,18,{'JAM'},{'JAM_STAND_STILL_TRAFFIC'},31,{7},5.0
2e6994a7,2e6994a6c,2020-11-20,17,{'JAM'},{'JAM_HEAVY_TRAFFIC'},39,{7},5.410256410256411
2e6994a7,2e6994a6c,2020-11-21,11,{'JAM'},{'JAM_MODERATE_TRAFFIC'},12,{7},5.0
2e6994a7,2e6994a6c,2020-11-22,11,{'JAM'},{'JAM_MODERATE_TRAFFIC'},18,{7},5.0
2e6994a9,2e6994a84,2020-09-01,9,{'JAM'},{'JAM_STAND_STILL_TRAFFIC'},31,{7},5.0
2e6994a9,2e6994a84,2020-09-01,10,{'JAM'},{'JAM_STAND_STILL_TRAFFIC'},30,{7},5.8
2e6994a9,2e6994a84,2020-09-02,12,{'JAM'},{'JAM_STAND_STILL_TRAFFIC'},33,{7},5.0
2e6994a9,2e6994a84,2020-09-03,9,{'JAM'},"{'JAM_STAND_STILL_TRAFFIC', 'JAM_HEAVY_TRAFFIC'}",62,{7},5.0
2e6994a9,2e6994a84,2020-09-03,11,{'JAM'},{'JAM_STAND_STILL_TRAFFIC'},31,{7},5.0
2e6994a9,2e6994a84,2020-09-03,12,{'JAM'},{'JAM_STAND_STILL_TRAFFIC'},31,{7},5.935483870967742
2e6994a9,2e6994a84,2020-09-03,16,{'JAM'},{'JAM_MODERATE_TRAFFIC'},31,{7},5.0
2e6994a9,2e6994a84,2020-09-04,9,{'JAM'},{'JAM_STAND_STILL_TRAFFIC'},62,{7},5.0
2e6994a9,2e6994a84,2020-09-04,14,{'JAM'},{'JAM_STAND_STILL_TRAFFIC'},32,{7},5.0
2e6994a9,2e6994a84,2020-09-04,15,{'JAM'},{'JAM_STAND_STILL_TRAFFIC'},31,{7},5.0
2e6994a9,2e6994a84,2020-09-05,14,{'JAM'},{'JAM_HEAVY_TRAFFIC'},32,{7},5.0
2e6994a9,2e6994a84,2020-09-05,22,{'JAM'},{'JAM_STAND_STILL_TRAFFIC'},32,{7},5.0
2e6994a9,2e6994a84,2020-09-06,13,{'JAM'},"{'JAM_STAND_STILL_TRAFFIC', 'JAM_HEAVY_TRAFFIC'}",72,{7},5.444444444444445
2e6994a9,2e6994a84,2020-09-06,19,{'JAM'},{'JAM_STAND_STILL_TRAFFIC'},31,{7},5.0
2e6994a9,2e6994a84,2020-09-08,9,"{'JAM', 'WEATHERHAZARD'}","{'HAZARD_ON_SHOULDER_CAR_STOPPED', 'JAM_STAND_STILL_TRAFFIC', 'JAM_HEAVY_TRAFFIC'}",105,{7},6.3428571428571425
2e6994a9,2e6994a84,2020-09-08,12,{'JAM'},{'JAM_STAND_STILL_TRAFFIC'},32,{7},5.0
2e6994a9,2e6994a84,2020-09-08,14,{'JAM'},{'JAM_HEAVY_TRAFFIC'},35,{7},5.457142857142857
2e6994a9,2e6994a84,2020-09-08,15,{'JAM'},{'JAM_STAND_STILL_TRAFFIC'},30,{7},5.0
2e6994a9,2e6994a84,2020-09-08,19,{'JAM'},{'JAM_HEAVY_TRAFFIC'},27,{7},5.0
2e6994a9,2e6994a84,2020-09-09,14,{'JAM'},{'JAM_STAND_STILL_TRAFFIC'},47,{7},6.23404255319149
2e6994a9,2e6994a84,2020-09-10,10,{'JAM'},{'JAM_STAND_STILL_TRAFFIC'},60,{7},5.0
2e6994a9,2e6994a84,2020-09-10,11,{'JAM'},{'JAM_STAND_STILL_TRAFFIC'},31,{7},5.0
2e6994a9,2e6994a84,2020-09-10,15,{'JAM'},{'JAM_STAND_STILL_TRAFFIC'},39,{7},5.410256410256411
2e6994a9,2e6994a84,2020-09-11,14,{'JAM'},{'JAM_HEAVY_TRAFFIC'},31,{7},5.0
2e6994a9,2e6994a84,2020-09-11,16,{'JAM'},{'JAM_HEAVY_TRAFFIC'},30,{7},5.0
2e6994a9,2e6994a84,2020-09-12,11,{'JAM'},{'JAM_STAND_STILL_TRAFFIC'},30,{7},5.0
2e6994a9,2e6994a84,2020-09-12,14,{'WEATHERHAZARD'},{'HAZARD_ON_ROAD_CAR_STOPPED'},8,{7},6.125
2e6994a9,2e6994a84,2020-09-12,16,{'JAM'},{'JAM_STAND_STILL_TRAFFIC'},31,{7},5.0
2e6994a9,2e6994a84,2020-09-19,11,{'JAM'},{'JAM_STAND_STILL_TRAFFIC'},31,{7},5.0
2e6994a9,2e6994a84,2020-09-22,17,{'JAM'},{'JAM_HEAVY_TRAFFIC'},30,{7},5.0
2e6994a9,2e6994a84,2020-09-23,8,{'JAM'},{'JAM_STAND_STILL_TRAFFIC'},30,{7},5.0
2e6994a9,2e6994a84,2020-09-23,14,{'JAM'},{'JAM_STAND_STILL_TRAFFIC'},31,{7},5.0
2e6994a9,2e6994a84,2020-09-24,17,{'JAM'},{'JAM_HEAVY_TRAFFIC'},47,{7},5.319148936170213
2e6994a9,2e6994a84,2020-09-25,14,{'JAM'},{'JAM_STAND_STILL_TRAFFIC'},32,{7},5.0
2e6994a9,2e6994a84,2020-09-25,17,{'JAM'},{'JAM_HEAVY_TRAFFIC'},33,{7},5.515151515151516
2e6994a9,2e6994a84,2020-09-26,11,{'JAM'},{'JAM_STAND_STILL_TRAFFIC'},48,{7},6.75
2e6994a9,2e6994a84,2020-09-26,18,{'JAM'},{'JAM_STAND_STILL_TRAFFIC'},31,{7},5.0
2e6994a9,2e6994a84,2020-09-27,14,{'JAM'},{'JAM_HEAVY_TRAFFIC'},30,{7},5.0
2e6994a9,2e6994a84,2020-09-29,10,{'JAM'},{'JAM_STAND_STILL_TRAFFIC'},31,{7},5.967741935483871
2e6994a9,2e6994a84,2020-09-29,14,{'JAM'},{'JAM_STAND_STILL_TRAFFIC'},31,{7},5.0
2e6994a9,2e6994a84,2020-09-30,16,{'JAM'},{'JAM_STAND_STILL_TRAFFIC'},30,{7},5.0
2e6994a9,2e6994a84,2020-10-01,10,{'JAM'},{'JAM_STAND_STILL_TRAFFIC'},16,{7},5.0
2e6994a9,2e6994a84,2020-10-01,13,{'JAM'},"{'JAM_STAND_STILL_TRAFFIC', 'JAM_HEAVY_TRAFFIC'}",60,{7},5.0
2e6994a9,2e6994a84,2020-10-02,11,{'JAM'},{'JAM_STAND_STILL_TRAFFIC'},31,{7},5.0
2e6994a9,2e6994a84,2020-10-03,13,{'JAM'},{'JAM_STAND_STILL_TRAFFIC'},31,{7},5.0
2e6994a9,2e6994a84,2020-10-03,16,{'JAM'},{'JAM_STAND_STILL_TRAFFIC'},31,{7},5.0
2e6994a9,2e6994a84,2020-10-04,12,{'JAM'},{'JAM_STAND_STILL_TRAFFIC'},30,{7},5.933333333333334
2e6994a9,2e6994a84,2020-10-04,13,{'JAM'},{'JAM_STAND_STILL_TRAFFIC'},34,{7},6.411764705882353
2e6994a9,2e6994a84,2020-10-05,16,{'JAM'},{'JAM_HEAVY_TRAFFIC'},31,{7},5.612903225806452
2e6994a9,2e6994a84,2020-10-05,18,{'JAM'},{'JAM_HEAVY_TRAFFIC'},31,{7},5.0
2e6994a9,2e6994a84,2020-10-05,19,{'JAM'},{'JAM_MODERATE_TRAFFIC'},5,{7},5.0
2e6994a9,2e6994a84,2020-10-06,12,{'JAM'},"{'JAM_STAND_STILL_TRAFFIC', 'JAM_HEAVY_TRAFFIC'}",58,{7},5.0
2e6994a9,2e6994a84,2020-10-07,13,{'JAM'},{'JAM_HEAVY_TRAFFIC'},17,{7},5.0
2e6994a9,2e6994a84,2020-10-07,15,{'JAM'},{'JAM'},30,{7},5.0
2e6994a9,2e6994a84,2020-10-08,10,{'JAM'},{'JAM_STAND_STILL_TRAFFIC'},5,{7},5.0
2e6994a9,2e6994a84,2020-10-08,14,{'JAM'},{'JAM_STAND_STILL_TRAFFIC'},32,{7},5.21875
2e6994a9,2e6994a84,2020-10-08,15,{'WEATHERHAZARD'},{'HAZARD_ON_SHOULDER_CAR_STOPPED'},40,{7},9.55
2e6994a9,2e6994a84,2020-10-09,15,{'JAM'},{'JAM_HEAVY_TRAFFIC'},33,{7},5.0
2e6994a9,2e6994a84,2020-10-09,18,{'JAM'},{'JAM_STAND_STILL_TRAFFIC'},33,{7},5.0
2e6994a9,2e6994a84,2020-10-10,11,{'JAM'},{'JAM_STAND_STILL_TRAFFIC'},30,{7},7.0
2e6994a9,2e6994a84,2020-10-11,14,{'JAM'},{'JAM_HEAVY_TRAFFIC'},2,{7},6.5
2e6994a9,2e6994a84,2020-10-12,12,{'JAM'},{'JAM_HEAVY_TRAFFIC'},40,{7},5.375
2e6994a9,2e6994a84,2020-10-12,17,{'JAM'},{'JAM_HEAVY_TRAFFIC'},31,{7},5.0
2e6994a9,2e6994a84,2020-10-13,8,{'JAM'},{'JAM_HEAVY_TRAFFIC'},30,{7},5.0
2e6994a9,2e6994a84,2020-10-14,17,{'JAM'},{'JAM_STAND_STILL_TRAFFIC'},6,{7},5.0
2e6994a9,2e6994a84,2020-10-16,11,{'JAM'},{'JAM_HEAVY_TRAFFIC'},31,{7},5.0
2e6994a9,2e6994a84,2020-10-16,14,{'JAM'},{'JAM_HEAVY_TRAFFIC'},12,{7},5.0
2e6994a9,2e6994a84,2020-10-17,14,{'JAM'},{'JAM_STAND_STILL_TRAFFIC'},30,{7},5.0
2e6994a9,2e6994a84,2020-10-18,11,{'JAM'},{'JAM_HEAVY_TRAFFIC'},7,{7},5.0
2e6994a9,2e6994a84,2020-10-18,13,{'JAM'},"{'JAM_STAND_STILL_TRAFFIC', 'JAM_HEAVY_TRAFFIC'}",89,{7},6.146067415730337
2e6994a9,2e6994a84,2020-10-18,15,{'JAM'},{'JAM_STAND_STILL_TRAFFIC'},31,{7},5.0
2e6994a9,2e6994a84,2020-10-20,11,{'JAM'},{'JAM_HEAVY_TRAFFIC'},31,{7},5.0
2e6994a9,2e6994a84,2020-10-20,15,{'JAM'},{'JAM_STAND_STILL_TRAFFIC'},7,{7},5.0
2e6994a9,2e6994a84,2020-10-21,14,"{'JAM', 'WEATHERHAZARD'}","{'JAM', 'HAZARD_WEATHER_HAIL'}",84,{7},6.666666666666667
2e6994a9,2e6994a84,2020-10-23,9,{'JAM'},{'JAM_STAND_STILL_TRAFFIC'},30,{7},5.0
2e6994a9,2e6994a84,2020-10-23,10,{'JAM'},{'JAM_STAND_STILL_TRAFFIC'},32,{7},5.0
2e6994a9,2e6994a84,2020-10-23,13,{'JAM'},{'JAM_STAND_STILL_TRAFFIC'},30,{7},5.0
2e6994a9,2e6994a84,2020-10-23,15,{'JAM'},"{'JAM_STAND_STILL_TRAFFIC', 'JAM_MODERATE_TRAFFIC'}",63,{7},5.0
2e6994a9,2e6994a84,2020-10-23,16,{'JAM'},{'JAM_STAND_STILL_TRAFFIC'},35,{7},5.428571428571429
2e6994a9,2e6994a84,2020-10-24,9,{'JAM'},{'JAM_STAND_STILL_TRAFFIC'},31,{7},5.0
2e6994a9,2e6994a84,2020-10-24,11,{'JAM'},{'JAM_STAND_STILL_TRAFFIC'},43,{7},6.093023255813954
2e6994a9,2e6994a84,2020-10-24,13,{'JAM'},{'JAM_HEAVY_TRAFFIC'},31,{7},5.0
2e6994a9,2e6994a84,2020-10-24,16,{'JAM'},{'JAM_HEAVY_TRAFFIC'},32,{7},5.0
2e6994a9,2e6994a84,2020-10-25,15,{'JAM'},{'JAM_HEAVY_TRAFFIC'},30,{7},5.0
2e6994a9,2e6994a84,2020-10-26,14,{'JAM'},{'JAM_STAND_STILL_TRAFFIC'},62,{7},5.338709677419355
2e6994a9,2e6994a84,2020-10-26,15,{'JAM'},{'JAM_STAND_STILL_TRAFFIC'},23,{7},5.0
2e6994a9,2e6994a84,2020-10-26,16,{'JAM'},{'JAM_HEAVY_TRAFFIC'},33,{7},7.9393939393939394
2e6994a9,2e6994a84,2020-10-26,17,{'JAM'},{'JAM_STAND_STILL_TRAFFIC'},36,{7},5.0
2e6994a9,2e6994a84,2020-10-27,9,{'JAM'},{'JAM_STAND_STILL_TRAFFIC'},33,{7},5.0
2e6994a9,2e6994a84,2020-10-27,16,{'JAM'},{'JAM_HEAVY_TRAFFIC'},31,{7},5.0
2e6994a9,2e6994a84,2020-10-27,19,{'JAM'},{'JAM_STAND_STILL_TRAFFIC'},31,{7},5.645161290322581
2e6994a9,2e6994a84,2020-10-29,13,{'JAM'},{'JAM_STAND_STILL_TRAFFIC'},31,{7},5.0
2e6994a9,2e6994a84,2020-10-29,14,{'JAM'},{'JAM_STAND_STILL_TRAFFIC'},33,{7},5.454545454545454
2e6994a9,2e6994a84,2020-10-29,18,{'JAM'},{'JAM_HEAVY_TRAFFIC'},36,{7},5.0
2e6994a9,2e6994a84,2020-10-30,14,{'JAM'},{'JAM_STAND_STILL_TRAFFIC'},32,{7},5.53125
2e6994a9,2e6994a84,2020-10-31,14,{'JAM'},{'JAM_STAND_STILL_TRAFFIC'},28,{7},6.0
2e6994a9,2e6994a84,2020-10-31,16,{'JAM'},{'JAM_STAND_STILL_TRAFFIC'},32,{7},5.0
2e6994a9,2e6994a84,2020-11-01,11,{'JAM'},{'JAM_HEAVY_TRAFFIC'},30,{7},5.0
2e6994a9,2e6994a84,2020-11-02,7,{'JAM'},{'JAM_HEAVY_TRAFFIC'},60,{7},5.0
2e6994a9,2e6994a84,2020-11-03,7,{'JAM'},{'JAM_HEAVY_TRAFFIC'},31,{7},5.0
2e6994a9,2e6994a84,2020-11-03,8,{'JAM'},{'JAM_STAND_STILL_TRAFFIC'},30,{7},5.0
2e6994a9,2e6994a84,2020-11-03,9,{'JAM'},{'JAM_HEAVY_TRAFFIC'},30,{7},5.8
2e6994a9,2e6994a84,2020-11-03,11,{'JAM'},{'JAM_STAND_STILL_TRAFFIC'},30,{7},5.833333333333333
2e6994a9,2e6994a84,2020-11-04,11,{'WEATHERHAZARD'},{'HAZARD_ON_ROAD_CAR_STOPPED'},30,{7},6.1
2e6994a9,2e6994a84,2020-11-04,15,{'WEATHERHAZARD'},{'HAZARD_ON_ROAD_CONSTRUCTION'},40,{7},6.175
2e6994a9,2e6994a84,2020-11-05,7,{'JAM'},{'JAM_STAND_STILL_TRAFFIC'},39,{7},5.435897435897436
2e6994a9,2e6994a84,2020-11-05,8,{'JAM'},{'JAM_STAND_STILL_TRAFFIC'},30,{7},5.0
2e6994a9,2e6994a84,2020-11-05,14,{'JAM'},{'JAM_STAND_STILL_TRAFFIC'},35,{7},5.0
2e6994a9,2e6994a84,2020-11-05,16,{'JAM'},{'JAM_HEAVY_TRAFFIC'},31,{7},5.0
2e6994a9,2e6994a84,2020-11-06,16,{'JAM'},{'JAM_HEAVY_TRAFFIC'},29,{7},5.0
2e6994a9,2e6994a84,2020-11-06,17,{'JAM'},{'JAM_STAND_STILL_TRAFFIC'},31,{7},5.0
2e6994a9,2e6994a84,2020-11-07,9,{'JAM'},"{'JAM_STAND_STILL_TRAFFIC', 'JAM_HEAVY_TRAFFIC'}",13,{7},5.3076923076923075
2e6994a9,2e6994a84,2020-11-07,17,{'JAM'},{'JAM_HEAVY_TRAFFIC'},41,{7},5.414634146341464
2e6994a9,2e6994a84,2020-11-07,20,{'ROAD_CLOSED'},{'ROAD_CLOSED_EVENT'},4160,{4},6.0
2e6994a9,2e6994a84,2020-11-08,13,{'JAM'},{'JAM_HEAVY_TRAFFIC'},35,{7},6.457142857142857
2e6994a9,2e6994a84,2020-11-08,16,{'JAM'},"{'JAM_STAND_STILL_TRAFFIC', 'JAM_HEAVY_TRAFFIC'}",60,{7},5.5
2e6994a9,2e6994a84,2020-11-09,9,{'JAM'},{'JAM_STAND_STILL_TRAFFIC'},30,{7},5.766666666666667
2e6994a9,2e6994a84,2020-11-09,16,{'JAM'},{'JAM_STAND_STILL_TRAFFIC'},32,{7},5.0
2e6994a9,2e6994a84,2020-11-09,17,{'JAM'},{'JAM_STAND_STILL_TRAFFIC'},32,{7},5.0
2e6994a9,2e6994a84,2020-11-10,11,{'JAM'},{'JAM_HEAVY_TRAFFIC'},31,{7},5.838709677419355
2e6994a9,2e6994a84,2020-11-10,18,{'JAM'},{'JAM_STAND_STILL_TRAFFIC'},46,{7},6.630434782608695
2e6994a9,2e6994a84,2020-11-10,19,"{'JAM', 'ROAD_CLOSED'}","{'JAM_STAND_STILL_TRAFFIC', 'ROAD_CLOSED_EVENT', 'JAM_MODERATE_TRAFFIC'}",342,"{4, 7}",7.543859649122807
2e6994a9,2e6994a84,2020-11-11,8,{'JAM'},{'JAM_STAND_STILL_TRAFFIC'},32,{7},5.0
2e6994a9,2e6994a84,2020-11-11,17,{'JAM'},{'JAM_STAND_STILL_TRAFFIC'},32,{7},6.65625
2e6994a9,2e6994a84,2020-11-12,18,{'JAM'},{'JAM_STAND_STILL_TRAFFIC'},33,{7},5.0
2e6994a9,2e6994a84,2020-11-12,19,{'JAM'},{'JAM_HEAVY_TRAFFIC'},30,{7},6.833333333333333
2e6994a9,2e6994a84,2020-11-13,13,{'JAM'},{'JAM_MODERATE_TRAFFIC'},31,{7},5.806451612903226
2e6994a9,2e6994a84,2020-11-13,15,{'JAM'},{'JAM_STAND_STILL_TRAFFIC'},5,{7},5.0
2e6994a9,2e6994a84,2020-11-13,17,{'JAM'},{'JAM_HEAVY_TRAFFIC'},46,{7},5.413043478260869
2e6994a9,2e6994a84,2020-11-13,20,{'JAM'},{'JAM_STAND_STILL_TRAFFIC'},6,{7},5.0
2e6994a9,2e6994a84,2020-11-14,10,{'WEATHERHAZARD'},{'HAZARD_ON_ROAD_CAR_STOPPED'},14,{7},6.0
2e6994a9,2e6994a84,2020-11-14,16,{'JAM'},{'JAM_STAND_STILL_TRAFFIC'},32,{7},5.0
2e6994a9,2e6994a84,2020-11-14,18,{'JAM'},{'JAM_STAND_STILL_TRAFFIC'},31,{7},5.0
2e6994a9,2e6994a84,2020-11-15,13,{'JAM'},{'JAM'},42,{4},5.404761904761905
2e6994a9,2e6994a84,2020-11-15,18,{'JAM'},{'JAM_STAND_STILL_TRAFFIC'},30,{7},5.0
2e6994a9,2e6994a84,2020-11-15,19,{'JAM'},{'JAM'},30,{7},5.0
2e6994a9,2e6994a84,2020-11-16,15,{'JAM'},{'JAM_STAND_STILL_TRAFFIC'},31,{7},5.935483870967742
2e6994a9,2e6994a84,2020-11-18,9,{'ROAD_CLOSED'},{'ROAD_CLOSED_EVENT'},18196,{7},7.272532424708727
2e6994a9,2e6994a84,2020-11-20,17,{'JAM'},{'JAM_STAND_STILL_TRAFFIC'},48,{7},9.1875
2e6994a9,2e6994a84,2020-11-21,16,{'JAM'},{'JAM_HEAVY_TRAFFIC'},30,{7},5.0
2e6994a9,2e6994a8c,2020-09-02,11,{'WEATHERHAZARD'},{'HAZARD_ON_ROAD_CAR_STOPPED'},7,{7},7.285714285714286
2e6994a9,2e6994a8c,2020-09-04,10,{'JAM'},{'JAM_STAND_STILL_TRAFFIC'},32,{7},5.0
2e6994a9,2e6994a8c,2020-09-05,12,{'JAM'},{'JAM_STAND_STILL_TRAFFIC'},30,{7},5.0
2e6994a9,2e6994a8c,2020-09-06,11,{'JAM'},{'JAM'},30,{7},5.0
2e6994a9,2e6994a8c,2020-09-06,13,{'JAM'},{'JAM_HEAVY_TRAFFIC'},30,{7},5.0
2e6994a9,2e6994a8c,2020-09-08,10,{'JAM'},{'JAM_STAND_STILL_TRAFFIC'},32,{7},5.9375
2e6994a9,2e6994a8c,2020-09-09,14,{'JAM'},{'JAM_HEAVY_TRAFFIC'},32,{7},5.0
2e6994a9,2e6994a8c,2020-09-29,15,{'JAM'},{'JAM_STAND_STILL_TRAFFIC'},9,{7},5.0
2e6994a9,2e6994a8c,2020-09-29,17,{'JAM'},{'JAM_HEAVY_TRAFFIC'},31,{7},5.0
2e6994a9,2e6994a8c,2020-09-30,14,{'JAM'},{'JAM_HEAVY_TRAFFIC'},31,{7},5.0
2e6994a9,2e6994a8c,2020-10-01,14,{'JAM'},{'JAM_STAND_STILL_TRAFFIC'},33,{7},5.0
2e6994a9,2e6994a8c,2020-10-06,12,{'JAM'},{'JAM_MODERATE_TRAFFIC'},8,{7},5.0
2e6994a9,2e6994a8c,2020-10-06,13,{'JAM'},{'JAM_HEAVY_TRAFFIC'},6,{7},5.0
2e6994a9,2e6994a8c,2020-10-07,8,{'JAM'},{'JAM_STAND_STILL_TRAFFIC'},31,{7},5.0
2e6994a9,2e6994a8c,2020-10-09,18,{'WEATHERHAZARD'},{'HAZARD_ON_ROAD_CAR_STOPPED'},24,{7},6.541666666666667
2e6994a9,2e6994a8c,2020-10-10,13,{'JAM'},{'JAM_STAND_STILL_TRAFFIC'},47,{7},6.170212765957447
2e6994a9,2e6994a8c,2020-10-11,8,{'JAM'},{'JAM_STAND_STILL_TRAFFIC'},12,{7},5.0
2e6994a9,2e6994a8c,2020-10-11,14,{'JAM'},{'JAM_HEAVY_TRAFFIC'},5,{7},6.8
2e6994a9,2e6994a8c,2020-10-21,7,{'JAM'},{'JAM_HEAVY_TRAFFIC'},30,{7},6.533333333333333
2e6994a9,2e6994a8c,2020-10-23,8,{'JAM'},{'JAM_STAND_STILL_TRAFFIC'},5,{7},6.0
2e6994a9,2e6994a8c,2020-10-23,15,{'JAM'},{'JAM_HEAVY_TRAFFIC'},30,{7},5.0
2e6994a9,2e6994a8c,2020-10-24,9,{'JAM'},{'JAM_STAND_STILL_TRAFFIC'},30,{7},5.0
2e6994a9,2e6994a8c,2020-10-26,7,{'JAM'},{'JAM_STAND_STILL_TRAFFIC'},30,{7},5.7
2e6994a9,2e6994a8c,2020-10-26,8,{'JAM'},{'JAM_HEAVY_TRAFFIC'},30,{7},5.0
2e6994a9,2e6994a8c,2020-10-26,9,{'JAM'},{'JAM_HEAVY_TRAFFIC'},32,{7},5.0
2e6994a9,2e6994a8c,2020-10-26,18,{'JAM'},{'JAM_HEAVY_TRAFFIC'},32,{7},6.0
2e6994a9,2e6994a8c,2020-10-28,10,{'JAM'},{'JAM_STAND_STILL_TRAFFIC'},31,{7},5.0
2e6994a9,2e6994a8c,2020-10-28,14,{'JAM'},{'JAM_HEAVY_TRAFFIC'},30,{7},5.0
2e6994a9,2e6994a8c,2020-10-28,15,{'JAM'},{'JAM_MODERATE_TRAFFIC'},19,{7},6.0
2e6994a9,2e6994a8c,2020-10-29,13,{'JAM'},{'JAM_STAND_STILL_TRAFFIC'},37,{7},5.4324324324324325
2e6994a9,2e6994a8c,2020-10-29,14,{'JAM'},{'JAM_HEAVY_TRAFFIC'},55,{7},6.490909090909091
2e6994a9,2e6994a8c,2020-10-29,15,{'JAM'},{'JAM_HEAVY_TRAFFIC'},8,{7},8.0
2e6994a9,2e6994a8c,2020-10-30,11,{'JAM'},{'JAM_STAND_STILL_TRAFFIC'},23,{7},5.0
2e6994a9,2e6994a8c,2020-10-30,14,{'JAM'},{'JAM_STAND_STILL_TRAFFIC'},35,{7},5.0
2e6994a9,2e6994a8c,2020-10-31,16,{'JAM'},{'JAM_STAND_STILL_TRAFFIC'},11,{7},5.0
2e6994a9,2e6994a8c,2020-10-31,18,{'JAM'},{'JAM_HEAVY_TRAFFIC'},17,{7},5.0
2e6994a9,2e6994a8c,2020-11-02,7,{'JAM'},{'JAM_STAND_STILL_TRAFFIC'},32,{7},5.9375
2e6994a9,2e6994a8c,2020-11-02,10,{'JAM'},{'JAM_HEAVY_TRAFFIC'},31,{7},5.0
2e6994a9,2e6994a8c,2020-11-02,11,{'JAM'},{'JAM_STAND_STILL_TRAFFIC'},30,{7},6.0
2e6994a9,2e6994a8c,2020-11-03,14,{'JAM'},{'JAM_STAND_STILL_TRAFFIC'},6,{7},5.0
2e6994a9,2e6994a8c,2020-11-04,11,{'JAM'},{'JAM_HEAVY_TRAFFIC'},14,{7},5.0
2e6994a9,2e6994a8c,2020-11-05,8,{'JAM'},{'JAM_STAND_STILL_TRAFFIC'},28,{7},5.0
2e6994a9,2e6994a8c,2020-11-06,15,{'JAM'},"{'JAM', 'JAM_STAND_STILL_TRAFFIC'}",23,{7},5.826086956521739
2e6994a9,2e6994a8c,2020-11-07,9,{'JAM'},{'JAM_HEAVY_TRAFFIC'},28,{7},7.0
2e6994a9,2e6994a8c,2020-11-07,13,{'JAM'},{'JAM_STAND_STILL_TRAFFIC'},31,{7},5.0
2e6994a9,2e6994a8c,2020-11-08,16,{'JAM'},{'JAM_HEAVY_TRAFFIC'},44,{7},5.386363636363637
2e6994a9,2e6994a8c,2020-11-09,7,{'JAM'},{'JAM'},30,{7},5.0
2e6994a9,2e6994a8c,2020-11-09,8,{'JAM'},{'JAM_HEAVY_TRAFFIC'},19,{7},5.0
2e6994a9,2e6994a8c,2020-11-10,17,{'JAM'},{'JAM_MODERATE_TRAFFIC'},30,{7},5.0
2e6994a9,2e6994a8c,2020-11-10,19,{'JAM'},"{'JAM_STAND_STILL_TRAFFIC', 'JAM_HEAVY_TRAFFIC'}",62,{7},7.741935483870968
2e6994a9,2e6994a8c,2020-11-11,10,{'JAM'},{'JAM_STAND_STILL_TRAFFIC'},31,{7},5.0
2e6994a9,2e6994a8c,2020-11-11,16,{'JAM'},"{'JAM_MODERATE_TRAFFIC', 'JAM_HEAVY_TRAFFIC'}",64,{7},5.40625
2e6994a9,2e6994a8c,2020-11-11,18,{'JAM'},{'JAM_HEAVY_TRAFFIC'},51,{7},5.352941176470588
2e6994a9,2e6994a8c,2020-11-12,11,{'JAM'},{'JAM_STAND_STILL_TRAFFIC'},42,{7},6.714285714285714
2e6994a9,2e6994a8c,2020-11-12,17,{'JAM'},{'JAM_HEAVY_TRAFFIC'},67,{7},7.164179104477612
2e6994a9,2e6994a8c,2020-11-13,15,{'JAM'},{'JAM'},34,{7},6.5
2e6994a9,2e6994a8c,2020-11-13,16,{'JAM'},{'JAM_MODERATE_TRAFFIC'},31,{7},5.0
2e6994a9,2e6994a8c,2020-11-13,18,{'JAM'},{'JAM_STAND_STILL_TRAFFIC'},17,{7},6.764705882352941
2e6994a9,2e6994a8c,2020-11-13,20,{'JAM'},{'JAM_STAND_STILL_TRAFFIC'},26,{7},6.884615384615385
2e6994a9,2e6994a8c,2020-11-14,9,{'JAM'},{'JAM_HEAVY_TRAFFIC'},30,{7},5.0
2e6994a9,2e6994a8c,2020-11-14,14,{'JAM'},{'JAM_HEAVY_TRAFFIC'},14,{7},5.0
2e6994a9,2e6994a8c,2020-11-14,17,{'JAM'},{'JAM_STAND_STILL_TRAFFIC'},46,{7},5.3478260869565215
2e6994a9,2e6994a8c,2020-11-15,17,{'JAM'},{'JAM_STAND_STILL_TRAFFIC'},32,{7},5.0
2e6994a9,2e6994a8c,2020-11-16,10,{'JAM'},{'JAM_STAND_STILL_TRAFFIC'},11,{7},5.0
2e6994a9,2e6994a8c,2020-11-16,18,{'JAM'},{'JAM_HEAVY_TRAFFIC'},44,{7},5.7272727272727275
2e6994a9,2e6994a8c,2020-11-17,17,{'JAM'},{'JAM_HEAVY_TRAFFIC'},30,{7},5.0
2e6994a9,2e6994a8c,2020-11-20,7,{'JAM'},{'JAM_HEAVY_TRAFFIC'},31,{7},5.0
2e6994a9,2e6994a8c,2020-11-21,15,{'JAM'},{'JAM_STAND_STILL_TRAFFIC'},30,{7},5.0
2e6994a9,2e6994a9c,2020-09-01,12,{'JAM'},{'JAM_STAND_STILL_TRAFFIC'},31,{7},5.0
2e6994a9,2e6994a9c,2020-09-02,12,{'JAM'},{'JAM_STAND_STILL_TRAFFIC'},32,{7},5.0
2e6994a9,2e6994a9c,2020-09-02,15,{'JAM'},{'JAM_STAND_STILL_TRAFFIC'},31,{7},5.0
2e6994a9,2e6994a9c,2020-09-03,12,{'JAM'},{'JAM_STAND_STILL_TRAFFIC'},34,{7},6.0
2e6994a9,2e6994a9c,2020-09-04,15,{'JAM'},{'JAM_STAND_STILL_TRAFFIC'},33,{7},5.0
2e6994a9,2e6994a9c,2020-09-04,16,{'JAM'},{'JAM_HEAVY_TRAFFIC'},29,{7},6.758620689655173
2e6994a9,2e6994a9c,2020-09-05,10,{'WEATHERHAZARD'},{'HAZARD_ON_ROAD_CAR_STOPPED'},33,{7},8.757575757575758
2e6994a9,2e6994a9c,2020-09-06,12,{'JAM'},{'JAM_STAND_STILL_TRAFFIC'},30,{7},5.0
2e6994a9,2e6994a9c,2020-09-07,14,{'JAM'},{'JAM_STAND_STILL_TRAFFIC'},31,{7},5.0
2e6994a9,2e6994a9c,2020-09-07,15,{'JAM'},"{'JAM', 'JAM_STAND_STILL_TRAFFIC'}",63,{7},5.984126984126984
2e6994a9,2e6994a9c,2020-09-09,14,{'JAM'},{'JAM_STAND_STILL_TRAFFIC'},32,{7},5.0
2e6994a9,2e6994a9c,2020-09-10,10,{'JAM'},{'JAM_STAND_STILL_TRAFFIC'},42,{7},6.785714285714286
2e6994a9,2e6994a9c,2020-09-10,13,{'JAM'},{'JAM_STAND_STILL_TRAFFIC'},15,{7},5.933333333333334
2e6994a9,2e6994a9c,2020-09-11,14,{'JAM'},{'JAM_STAND_STILL_TRAFFIC'},31,{7},5.0
2e6994a9,2e6994a9c,2020-09-15,10,{'JAM'},{'JAM_HEAVY_TRAFFIC'},26,{7},5.0
2e6994a9,2e6994a9c,2020-09-16,14,{'JAM'},{'JAM_STAND_STILL_TRAFFIC'},34,{7},5.0
2e6994a9,2e6994a9c,2020-09-18,14,{'JAM'},{'JAM_STAND_STILL_TRAFFIC'},41,{7},6.341463414634147
2e6994a9,2e6994a9c,2020-09-18,16,{'JAM'},{'JAM_HEAVY_TRAFFIC'},31,{7},5.0
2e6994a9,2e6994a9c,2020-09-23,15,{'JAM'},{'JAM_HEAVY_TRAFFIC'},44,{20},6.159090909090909
2e6994a9,2e6994a9c,2020-09-25,15,{'JAM'},{'JAM_HEAVY_TRAFFIC'},30,{7},5.0
2e6994a9,2e6994a9c,2020-09-26,18,{'JAM'},{'JAM_STAND_STILL_TRAFFIC'},31,{7},5.0
2e6994a9,2e6994a9c,2020-09-28,13,{'JAM'},{'JAM_STAND_STILL_TRAFFIC'},31,{7},5.0
2e6994a9,2e6994a9c,2020-10-01,17,{'JAM'},{'JAM_HEAVY_TRAFFIC'},30,{7},5.5
2e6994a9,2e6994a9c,2020-10-02,10,{'JAM'},{'JAM_STAND_STILL_TRAFFIC'},32,{7},5.0
2e6994a9,2e6994a9c,2020-10-03,15,{'JAM'},{'JAM_STAND_STILL_TRAFFIC'},31,{7},5.0
2e6994a9,2e6994a9c,2020-10-05,12,{'JAM'},{'JAM'},33,{7},5.0
2e6994a9,2e6994a9c,2020-10-06,12,{'WEATHERHAZARD'},{'HAZARD_ON_SHOULDER_CAR_STOPPED'},20,{7},7.6
2e6994a9,2e6994a9c,2020-10-06,19,{'JAM'},{'JAM_MODERATE_TRAFFIC'},31,{7},5.0
2e6994a9,2e6994a9c,2020-10-08,17,{'JAM'},{'JAM_MODERATE_TRAFFIC'},31,{7},5.0
2e6994a9,2e6994a9c,2020-10-09,15,{'JAM'},{'JAM_STAND_STILL_TRAFFIC'},35,{7},6.285714285714286
2e6994a9,2e6994a9c,2020-10-09,17,{'JAM'},{'JAM_HEAVY_TRAFFIC'},33,{7},5.0
2e6994a9,2e6994a9c,2020-10-11,13,{'JAM'},{'JAM_STAND_STILL_TRAFFIC'},31,{7},5.0
2e6994a9,2e6994a9c,2020-10-12,9,{'JAM'},{'JAM_STAND_STILL_TRAFFIC'},33,{7},5.848484848484849
2e6994a9,2e6994a9c,2020-10-12,10,{'JAM'},{'JAM_HEAVY_TRAFFIC'},30,{7},5.0
2e6994a9,2e6994a9c,2020-10-14,15,{'WEATHERHAZARD'},{'WEATHERHAZARD'},35,{20},5.0
2e6994a9,2e6994a9c,2020-10-16,14,{'JAM'},{'JAM_STAND_STILL_TRAFFIC'},38,{7},6.315789473684211
2e6994a9,2e6994a9c,2020-10-18,13,{'JAM'},{'JAM_STAND_STILL_TRAFFIC'},43,{7},6.325581395348837
2e6994a9,2e6994a9c,2020-10-18,16,{'JAM'},{'JAM'},30,{20},5.0
2e6994a9,2e6994a9c,2020-10-19,14,{'JAM'},{'JAM_STAND_STILL_TRAFFIC'},33,{7},5.484848484848484
2e6994a9,2e6994a9c,2020-10-20,12,{'JAM'},{'JAM_STAND_STILL_TRAFFIC'},27,{7},5.0
2e6994a9,2e6994a9c,2020-10-20,16,{'JAM'},{'JAM_STAND_STILL_TRAFFIC'},32,{7},5.0
2e6994a9,2e6994a9c,2020-10-21,7,{'JAM'},{'JAM_STAND_STILL_TRAFFIC'},31,{7},5.741935483870968
2e6994a9,2e6994a9c,2020-10-21,13,{'JAM'},{'JAM_HEAVY_TRAFFIC'},35,{7},5.0
2e6994a9,2e6994a9c,2020-10-23,13,{'JAM'},{'JAM_STAND_STILL_TRAFFIC'},31,{7},5.774193548387097
2e6994a9,2e6994a9c,2020-10-23,15,{'JAM'},{'JAM_STAND_STILL_TRAFFIC'},30,{7},5.0
2e6994a9,2e6994a9c,2020-10-24,13,{'JAM'},{'JAM_HEAVY_TRAFFIC'},16,{7},5.0
2e6994a9,2e6994a9c,2020-10-24,16,{'JAM'},{'JAM_STAND_STILL_TRAFFIC'},82,{7},7.341463414634147
2e6994a9,2e6994a9c,2020-10-24,17,{'JAM'},{'JAM_STAND_STILL_TRAFFIC'},31,{7},5.0
2e6994a9,2e6994a9c,2020-10-25,11,{'JAM'},{'JAM_STAND_STILL_TRAFFIC'},6,{7},5.0
2e6994a9,2e6994a9c,2020-10-26,9,{'JAM'},{'JAM_STAND_STILL_TRAFFIC'},63,{7},5.0
2e6994a9,2e6994a9c,2020-10-26,17,{'JAM'},{'JAM_STAND_STILL_TRAFFIC'},33,{7},5.0
2e6994a9,2e6994a9c,2020-10-26,18,{'JAM'},{'JAM_STAND_STILL_TRAFFIC'},34,{7},5.0
2e6994a9,2e6994a9c,2020-10-27,8,{'JAM'},{'JAM_STAND_STILL_TRAFFIC'},32,{7},5.0
2e6994a9,2e6994a9c,2020-10-27,14,{'JAM'},{'JAM_STAND_STILL_TRAFFIC'},32,{7},6.0
2e6994a9,2e6994a9c,2020-10-28,13,{'JAM'},{'JAM'},32,{7},5.625
2e6994a9,2e6994a9c,2020-10-28,15,{'JAM'},"{'JAM', 'JAM_HEAVY_TRAFFIC'}",71,{7},5.225352112676056
2e6994a9,2e6994a9c,2020-10-31,14,{'JAM'},{'JAM_STAND_STILL_TRAFFIC'},32,{7},5.0
2e6994a9,2e6994a9c,2020-11-01,18,{'JAM'},{'JAM_MODERATE_TRAFFIC'},18,{7},5.0
2e6994a9,2e6994a9c,2020-11-02,7,{'JAM'},{'JAM_STAND_STILL_TRAFFIC'},30,{7},5.0
2e6994a9,2e6994a9c,2020-11-02,8,{'JAM'},{'JAM_STAND_STILL_TRAFFIC'},31,{7},5.0
2e6994a9,2e6994a9c,2020-11-03,11,{'JAM'},{'JAM_STAND_STILL_TRAFFIC'},25,{7},5.0
2e6994a9,2e6994a9c,2020-11-03,14,{'JAM'},{'JAM_HEAVY_TRAFFIC'},31,{7},5.0
2e6994a9,2e6994a9c,2020-11-05,7,{'JAM'},{'JAM_MODERATE_TRAFFIC'},22,{7},5.0
2e6994a9,2e6994a9c,2020-11-05,14,{'JAM'},{'JAM_STAND_STILL_TRAFFIC'},34,{7},5.0
2e6994a9,2e6994a9c,2020-11-05,15,{'JAM'},{'JAM_STAND_STILL_TRAFFIC'},32,{7},5.0
2e6994a9,2e6994a9c,2020-11-09,8,{'JAM'},{'JAM_HEAVY_TRAFFIC'},31,{7},6.645161290322581
2e6994a9,2e6994a9c,2020-11-09,10,{'JAM'},{'JAM_HEAVY_TRAFFIC'},30,{7},5.0
2e6994a9,2e6994a9c,2020-11-09,16,{'JAM'},{'JAM_STAND_STILL_TRAFFIC'},32,{7},6.0
2e6994a9,2e6994a9c,2020-11-10,18,{'JAM'},{'JAM_STAND_STILL_TRAFFIC'},17,{7},5.0
2e6994a9,2e6994a9c,2020-11-14,17,{'JAM'},{'JAM_STAND_STILL_TRAFFIC'},32,{7},5.0
2e6994a9,2e6994a9c,2020-11-20,17,{'JAM'},{'JAM_STAND_STILL_TRAFFIC'},31,{7},8.774193548387096
2e6994ab,2e6994aa4,2020-09-01,10,{'JAM'},{'JAM_STAND_STILL_TRAFFIC'},17,{2},7.0
2e6994ab,2e6994aa4,2020-09-01,12,{'JAM'},{'JAM_STAND_STILL_TRAFFIC'},33,{2},5.0
2e6994ab,2e6994aa4,2020-09-02,14,{'JAM'},{'JAM_HEAVY_TRAFFIC'},18,{2},5.0
2e6994ab,2e6994aa4,2020-09-03,12,{'JAM'},{'JAM_STAND_STILL_TRAFFIC'},1,{2},5.0
2e6994ab,2e6994aa4,2020-09-10,11,{'JAM'},{'JAM_STAND_STILL_TRAFFIC'},34,{2},5.0
2e6994ab,2e6994aa4,2020-09-12,12,{'JAM'},{'JAM_MODERATE_TRAFFIC'},31,{2},5.0
2e6994ab,2e6994aa4,2020-09-26,12,{'JAM'},{'JAM_STAND_STILL_TRAFFIC'},30,{2},5.966666666666667
2e6994ab,2e6994aa4,2020-09-26,14,{'JAM'},{'JAM_STAND_STILL_TRAFFIC'},31,{2},5.0
2e6994ab,2e6994aa4,2020-09-27,13,{'JAM'},{'JAM_HEAVY_TRAFFIC'},31,{2},5.709677419354839
2e6994ab,2e6994aa4,2020-10-02,13,{'JAM'},{'JAM_HEAVY_TRAFFIC'},30,{2},5.6
2e6994ab,2e6994aa4,2020-10-10,10,{'JAM'},{'JAM_STAND_STILL_TRAFFIC'},38,{2},5.973684210526316
2e6994ab,2e6994aa4,2020-10-10,14,{'JAM'},{'JAM'},31,{2},5.0
2e6994ab,2e6994aa4,2020-10-10,15,{'JAM'},{'JAM_HEAVY_TRAFFIC'},25,{2},5.0
2e6994ab,2e6994aa4,2020-10-21,8,{'JAM'},{'JAM_STAND_STILL_TRAFFIC'},43,{2},6.348837209302325
2e6994ab,2e6994aa4,2020-10-24,13,{'JAM'},{'JAM_STAND_STILL_TRAFFIC'},31,{2},5.0
2e6994ab,2e6994aa4,2020-10-27,11,{'JAM'},{'JAM_STAND_STILL_TRAFFIC'},30,{2},5.0
2e6994ab,2e6994aa4,2020-10-27,15,{'JAM'},{'JAM_STAND_STILL_TRAFFIC'},49,{2},5.346938775510204
2e6994ab,2e6994aa4,2020-10-28,14,{'JAM'},{'JAM_HEAVY_TRAFFIC'},31,{2},5.0
2e6994ab,2e6994aa4,2020-10-28,15,{'JAM'},{'JAM_HEAVY_TRAFFIC'},40,{2},6.55
2e6994ab,2e6994aa4,2020-10-29,13,{'JAM'},{'JAM_HEAVY_TRAFFIC'},30,{2},5.0
2e6994ab,2e6994aa4,2020-11-02,10,{'JAM'},{'JAM_STAND_STILL_TRAFFIC'},32,{2},5.0
2e6994ab,2e6994aa4,2020-11-03,10,{'JAM'},{'JAM_STAND_STILL_TRAFFIC'},31,{2},5.0
2e6994ab,2e6994aa4,2020-11-05,9,{'JAM'},{'JAM_STAND_STILL_TRAFFIC'},31,{2},5.0
2e6994ab,2e6994aa4,2020-11-15,13,{'JAM'},{'JAM_STAND_STILL_TRAFFIC'},29,{2},5.0
2e6994ab,2e6994aac,2020-09-15,19,{'ACCIDENT'},{'ACCIDENT'},242,{1},5.0
2e6994ab,2e6994aac,2020-10-07,14,"{'JAM', 'WEATHERHAZARD', 'ACCIDENT'}","{'WEATHERHAZARD', 'ACCIDENT', 'JAM_HEAVY_TRAFFIC'}",476,{1},6.420168067226891
2e6994ab,2e6994aac,2020-10-10,15,{'JAM'},{'JAM_STAND_STILL_TRAFFIC'},60,{1},5.0
2e6994ab,2e6994aac,2020-10-10,16,{'JAM'},"{'JAM_STAND_STILL_TRAFFIC', 'JAM_HEAVY_TRAFFIC'}",98,"{1, 2}",5.673469387755102
2e6994ab,2e6994aac,2020-10-26,11,{'JAM'},{'JAM_STAND_STILL_TRAFFIC'},25,{2},5.0
2e6994ab,2e6994aac,2020-11-07,14,{'JAM'},{'JAM_HEAVY_TRAFFIC'},45,{2},5.355555555555555
2e6994ab,2e6994aac,2020-11-07,17,{'JAM'},{'JAM_STAND_STILL_TRAFFIC'},34,{2},5.0
2e6994ab,2e6994aac,2020-11-15,17,{'JAM'},{'JAM_STAND_STILL_TRAFFIC'},58,{1},5.0
2e6994ab,2e6994ab4,2020-09-12,12,{'JAM'},{'JAM_STAND_STILL_TRAFFIC'},23,{2},5.0
2e6994ab,2e6994ab4,2020-10-04,14,{'JAM'},{'JAM_HEAVY_TRAFFIC'},31,{2},6.0
2e6994ab,2e6994ab4,2020-10-10,10,{'JAM'},{'JAM_STAND_STILL_TRAFFIC'},31,{2},5.774193548387097
2e6994ab,2e6994ab4,2020-11-03,10,{'JAM'},{'JAM_STAND_STILL_TRAFFIC'},30,{2},5.0
2e6994ab,2e6994ab4,2020-11-05,9,{'JAM'},{'JAM_STAND_STILL_TRAFFIC'},30,{2},5.0
2e6994ad,2e6994ac4,2020-11-01,18,{'JAM'},{'JAM'},30,{1},5.0
2e6994ad,2e6994adc,2020-09-17,18,{'ACCIDENT'},{'ACCIDENT_MAJOR'},119,{1},5.0
2e6994af,2e6994afc,2020-10-27,13,{'JAM'},{'JAM'},34,{2},6.9411764705882355
2e6994b1,2e6994b1c,2020-09-23,15,{'JAM'},{'JAM'},31,{1},5.612903225806452
2e6994b5,2e6994b44,2020-11-04,11,{'JAM'},{'JAM_MODERATE_TRAFFIC'},60,{1},5.0
2e6994b5,2e6994b5c,2020-11-21,7,{'WEATHERHAZARD'},{'WEATHERHAZARD'},64,{1},5.0
2e6994bd,2e6994bcc,2020-11-18,16,{'ACCIDENT'},{'ACCIDENT_MAJOR'},121,{1},5.487603305785124
2e6994c9,2e6994c94,2020-09-24,9,{'WEATHERHAZARD'},{'HAZARD_ON_ROAD_CONSTRUCTION'},356,{2},5.561797752808989
2e6994cb,2e6994cac,2020-11-01,21,{'JAM'},{'JAM'},61,{1},5.0
2e6994cb,2e6994cbc,2020-09-08,12,{'WEATHERHAZARD'},{'HAZARD_ON_ROAD_CONSTRUCTION'},454,{2},7.757709251101321
2e699635,2e699635c,2020-09-08,15,{'JAM'},{'JAM_HEAVY_TRAFFIC'},32,{7},5.0
2e699635,2e699635c,2020-10-10,12,{'JAM'},{'JAM_MODERATE_TRAFFIC'},5,{7},5.0
2e699635,2e699635c,2020-10-30,15,{'JAM'},{'JAM_MODERATE_TRAFFIC'},34,{7},5.0
2e699635,2e699635c,2020-11-22,17,{'JAM'},{'JAM_MODERATE_TRAFFIC'},31,{7},5.0
2e699645,2e6996444,2020-10-22,11,{'WEATHERHAZARD'},{'HAZARD_ON_ROAD_CAR_STOPPED'},30,{7},5.0
2e699645,2e6996444,2020-10-22,12,{'WEATHERHAZARD'},{'HAZARD_ON_ROAD_CAR_STOPPED'},31,{7},5.096774193548387
2e699645,2e6996444,2020-10-23,20,{'JAM'},{'JAM_HEAVY_TRAFFIC'},24,{7},5.0
2e699645,2e6996444,2020-10-26,11,{'JAM'},{'JAM_HEAVY_TRAFFIC'},19,{7},5.0
2e699645,2e6996444,2020-10-27,22,{'JAM'},{'JAM_STAND_STILL_TRAFFIC'},32,{7},5.0
2e699645,2e6996444,2020-11-14,9,{'JAM'},{'JAM_HEAVY_TRAFFIC'},13,{7},5.0
2e699645,2e699644c,2020-09-10,10,{'JAM'},{'JAM'},32,{7},5.0
2e699645,2e699644c,2020-11-22,17,{'JAM'},{'JAM_MODERATE_TRAFFIC'},32,{7},5.0
2e699649,2e6996484,2020-11-22,17,{'JAM'},{'JAM'},31,{7},5.0
2e699649,2e699649c,2020-11-15,13,{'JAM'},{'JAM'},11,{7},5.0
2e699659,2e6996584,2020-09-14,18,{'WEATHERHAZARD'},{'HAZARD_ON_ROAD_POT_HOLE'},4469,{2},9.750055940926382
2e699659,2e6996584,2020-09-25,18,{'WEATHERHAZARD'},{'HAZARD_ON_ROAD_POT_HOLE'},5972,{2},9.364869390488948
2e69965b,2e69965bc,2020-11-12,11,{'JAM'},{'JAM'},32,{1},5.0
2e69965d,2e69965c4,2020-09-20,8,{'JAM'},{'JAM_MODERATE_TRAFFIC'},30,{7},5.0
2e69965d,2e69965c4,2020-10-04,16,{'JAM'},{'JAM_MODERATE_TRAFFIC'},30,{7},5.0
2e69965d,2e69965c4,2020-10-25,18,{'JAM'},{'JAM_HEAVY_TRAFFIC'},1,{7},5.0
2e69965d,2e69965cc,2020-10-05,6,{'JAM'},{'JAM'},30,{7},5.0
2e69965d,2e69965cc,2020-10-11,9,{'JAM'},{'JAM_MODERATE_TRAFFIC'},32,{7},5.0
2e69965d,2e69965cc,2020-11-01,16,{'JAM'},{'JAM_HEAVY_TRAFFIC'},31,{7},5.0
2e69965d,2e69965dc,2020-09-14,11,{'JAM'},{'JAM_STAND_STILL_TRAFFIC'},31,{7},5.0
2e69965d,2e69965dc,2020-10-25,18,{'JAM'},{'JAM_HEAVY_TRAFFIC'},30,{7},6.0
2e69965d,2e69965dc,2020-10-27,22,{'JAM'},{'JAM_STAND_STILL_TRAFFIC'},6,{7},5.833333333333333
2e69965d,2e69965dc,2020-10-29,10,{'JAM'},{'JAM_STAND_STILL_TRAFFIC'},31,{7},5.0
2e69965d,2e69965dc,2020-10-31,7,{'JAM'},{'JAM_MODERATE_TRAFFIC'},7,{7},5.0
2e69965d,2e69965dc,2020-10-31,16,{'JAM'},{'JAM_HEAVY_TRAFFIC'},31,{7},5.0
2e69965f,2e69965e4,2020-09-12,21,{'JAM'},{'JAM_HEAVY_TRAFFIC'},29,{7},5.0
2e69965f,2e69965e4,2020-10-02,7,{'JAM'},{'JAM_HEAVY_TRAFFIC'},31,{7},5.0
2e699661,2e699660c,2020-09-07,13,{'JAM'},{'JAM'},31,{7},5.0
2e699661,2e699660c,2020-11-22,18,{'JAM'},{'JAM_MODERATE_TRAFFIC'},5,{7},5.0
2e699661,2e699661c,2020-10-03,8,{'JAM'},{'JAM_HEAVY_TRAFFIC'},30,{7},5.0
2e699661,2e699661c,2020-10-25,13,{'JAM'},{'JAM_STAND_STILL_TRAFFIC'},31,{7},5.0
2e699661,2e699661c,2020-11-01,9,{'WEATHERHAZARD'},{'HAZARD_ON_ROAD_CAR_STOPPED'},30,{7},5.0
2e699661,2e699661c,2020-11-18,20,{'JAM'},{'JAM_MODERATE_TRAFFIC'},6,{7},5.0
2e699663,2e6996624,2020-09-13,16,{'WEATHERHAZARD'},{'HAZARD_ON_ROAD_CAR_STOPPED'},30,{7},5.133333333333334
2e699663,2e6996624,2020-09-19,19,{'JAM'},{'JAM_STAND_STILL_TRAFFIC'},31,{7},5.0
2e699663,2e6996624,2020-10-28,20,{'WEATHERHAZARD'},{'HAZARD_ON_ROAD_CAR_STOPPED'},31,{7},5.967741935483871
2e699663,2e6996624,2020-10-28,21,{'WEATHERHAZARD'},{'HAZARD_ON_ROAD_CAR_STOPPED'},40,{7},5.45
2e699663,2e6996624,2020-11-03,17,{'JAM'},{'JAM'},9,{7},5.0
2e699663,2e6996634,2020-11-10,11,{'WEATHERHAZARD'},{'WEATHERHAZARD'},31,{1},5.967741935483871
2e699687,2e699687c,2020-09-19,18,{'JAM'},{'JAM_STAND_STILL_TRAFFIC'},31,{7},5.903225806451613
2e699687,2e699687c,2020-10-09,8,{'JAM'},{'JAM_HEAVY_TRAFFIC'},6,{7},5.0
2e699687,2e699687c,2020-10-10,20,{'JAM'},{'JAM_MODERATE_TRAFFIC'},7,{7},5.0
2e699689,2e6996884,2020-09-02,11,{'JAM'},{'JAM_STAND_STILL_TRAFFIC'},7,{7},5.0
2e699689,2e6996884,2020-09-05,11,{'JAM'},{'JAM_MODERATE_TRAFFIC'},29,{7},5.0
2e699689,2e6996884,2020-09-19,19,{'JAM'},"{'JAM', 'JAM_STAND_STILL_TRAFFIC'}",80,{7},8.8375
2e699689,2e6996884,2020-09-28,9,{'JAM'},{'JAM_HEAVY_TRAFFIC'},7,{7},5.0
2e699689,2e6996884,2020-10-09,19,{'WEATHERHAZARD'},{'HAZARD_ON_SHOULDER_CAR_STOPPED'},31,{7},5.0
2e699689,2e6996884,2020-10-19,12,{'JAM'},{'JAM_MODERATE_TRAFFIC'},34,{7},5.0
2e699689,2e6996884,2020-10-27,21,{'JAM'},{'JAM_HEAVY_TRAFFIC'},31,{7},5.806451612903226
2e699689,2e6996884,2020-10-31,18,{'JAM'},{'JAM_MODERATE_TRAFFIC'},30,{7},5.0
2e6996cf,2e6996cfc,2020-10-10,20,{'ACCIDENT'},{'ACCIDENT'},121,{1},5.0
2e6996f9,2e6996f84,2020-09-14,18,{'WEATHERHAZARD'},{'HAZARD_ON_ROAD_POT_HOLE'},4470,{2},9.519910514541387
2e6996f9,2e6996f8c,2020-09-21,18,{'WEATHERHAZARD'},{'HAZARD_ON_ROAD_OBJECT'},61,{2},8.0
2e6996fd,2e6996fdc,2020-09-11,18,{'WEATHERHAZARD'},{'HAZARD_ON_ROAD_POT_HOLE'},5429,{2},9.774359918953767
2e6996fd,2e6996fdc,2020-09-21,18,{'WEATHERHAZARD'},{'HAZARD_ON_ROAD_POT_HOLE'},3147,{2},8.568160152526216
2e6996fd,2e6996fdc,2020-11-20,18,{'WEATHERHAZARD'},{'HAZARD_ON_ROAD_POT_HOLE'},10749,{2},10.0
2e6996ff,2e6996fe4,2020-09-04,21,{'JAM'},{'JAM'},32,{2},5.0
2e69970f,2e69970ec,2020-10-09,4,{'JAM'},{'JAM'},31,{1},5.0
2e699711,2e6997104,2020-11-11,19,{'JAM'},{'JAM'},31,{2},5.935483870967742
2e699719,2e6997184,2020-10-19,21,"{'WEATHERHAZARD', 'ACCIDENT'}","{'WEATHERHAZARD', 'ACCIDENT_MAJOR'}",150,{1},5.0
2e69971b,2e69971ac,2020-09-21,18,{'WEATHERHAZARD'},{'HAZARD_ON_ROAD_POT_HOLE'},4539,{2},9.161709627671293
2e69971b,2e69971ac,2020-09-25,18,{'WEATHERHAZARD'},{'HAZARD_ON_ROAD_POT_HOLE'},5980,{2},9.803010033444815
2e69971d,2e69971d4,2020-09-14,18,{'WEATHERHAZARD'},{'HAZARD_ON_ROAD_OBJECT'},62,{2},8.790322580645162
2e69971d,2e69971d4,2020-09-21,18,{'WEATHERHAZARD'},{'HAZARD_ON_ROAD_POT_HOLE'},3148,{2},8.242376111817027
2e699737,2e6997374,2020-10-26,13,{'JAM'},{'JAM'},31,{1},5.0
2e699755,2e6997554,2020-11-15,8,{'JAM'},{'JAM_HEAVY_TRAFFIC'},31,{1},5.0
2e699763,2e6997624,2020-11-18,14,{'JAM'},{'JAM_STAND_STILL_TRAFFIC'},31,{7},5.548387096774194
2e699763,2e699762c,2020-11-18,15,{'JAM'},{'JAM_MODERATE_TRAFFIC'},31,{7},5.967741935483871
2e699763,2e6997634,2020-11-18,15,{'JAM'},"{'JAM_MODERATE_TRAFFIC', 'JAM_HEAVY_TRAFFIC'}",60,{7},6.366666666666666
2e69976f,2e69976ec,2020-11-08,17,{'JAM'},{'JAM'},32,{1},5.0
2e69977d,2e69977cc,2020-11-18,15,{'JAM'},{'JAM_HEAVY_TRAFFIC'},1,{7},5.0
2e6997a7,2e6997a7c,2020-09-13,17,{'WEATHERHAZARD'},{'WEATHERHAZARD'},31,{1},5.0
2e69995b,2e69995b4,2020-10-12,6,{'JAM'},{'JAM_HEAVY_TRAFFIC'},34,{2},5.5
2e69995b,2e69995b4,2020-11-19,10,{'JAM'},{'JAM_STAND_STILL_TRAFFIC'},17,{2},5.0
2e699965,2e699965c,2020-11-20,17,{'JAM'},{'JAM_HEAVY_TRAFFIC'},22,{1},5.454545454545454
2e6999bb,2e6999ba4,2020-10-10,8,{'WEATHERHAZARD'},{'WEATHERHAZARD'},30,{2},5.0
2e6999c1,2e6999c04,2020-10-19,6,{'JAM'},{'JAM_MODERATE_TRAFFIC'},30,{1},5.0
2e6999c3,2e6999c2c,2020-10-10,22,"{'JAM', 'ACCIDENT'}","{'JAM', 'ACCIDENT'}",127,{1},5.0
2e6999c3,2e6999c2c,2020-10-30,15,{'JAM'},{'JAM_STAND_STILL_TRAFFIC'},32,{1},5.0
2e6999d9,2e6999d8c,2020-11-15,19,{'JAM'},{'JAM_MODERATE_TRAFFIC'},30,{7},5.0
2e6999d9,2e6999d8c,2020-11-18,15,{'JAM'},{'JAM_MODERATE_TRAFFIC'},30,{7},5.0
2e6999dd,2e6999ddc,2020-10-02,8,{'JAM'},{'JAM'},31,{1},5.0
2e6999df,2e6999df4,2020-11-20,17,{'JAM'},{'JAM_MODERATE_TRAFFIC'},26,{7},5.423076923076923
2e6999df,2e6999dfc,2020-09-06,16,{'JAM'},{'JAM_STAND_STILL_TRAFFIC'},32,{7},5.0
2e6999df,2e6999dfc,2020-10-26,20,{'JAM'},{'JAM_HEAVY_TRAFFIC'},11,{7},5.0
2e6999e1,2e6999e04,2020-10-18,17,{'JAM'},{'JAM_STAND_STILL_TRAFFIC'},30,{7},5.0
2e6999e1,2e6999e04,2020-10-31,16,{'JAM'},{'JAM'},24,{7},5.0
2e6999e1,2e6999e04,2020-11-01,15,{'JAM'},{'JAM_HEAVY_TRAFFIC'},4,{7},5.0
2e6999e1,2e6999e04,2020-11-18,15,{'JAM'},{'JAM_STAND_STILL_TRAFFIC'},32,{7},5.0
2e6999e1,2e6999e1c,2020-09-20,12,{'JAM'},{'JAM_HEAVY_TRAFFIC'},13,{7},5.0
2e6999e1,2e6999e1c,2020-10-03,13,{'JAM'},{'JAM_HEAVY_TRAFFIC'},32,{7},5.0
2e6999e1,2e6999e1c,2020-10-10,18,{'JAM'},{'JAM_HEAVY_TRAFFIC'},31,{7},5.0
2e6999e1,2e6999e1c,2020-10-11,17,{'JAM'},{'JAM_MODERATE_TRAFFIC'},31,{7},5.0
2e6999e1,2e6999e1c,2020-10-29,17,{'JAM'},{'JAM_STAND_STILL_TRAFFIC'},32,{7},5.0
2e6999e3,2e6999e24,2020-09-03,18,{'JAM'},{'JAM_MODERATE_TRAFFIC'},30,{7},5.0
2e6999e3,2e6999e24,2020-09-10,9,{'WEATHERHAZARD'},{'WEATHERHAZARD'},32,{7},5.0
2e6999e3,2e6999e24,2020-09-13,15,{'JAM'},{'JAM_HEAVY_TRAFFIC'},34,{7},6.911764705882353
2e6999e3,2e6999e24,2020-09-16,7,{'JAM'},{'JAM_MODERATE_TRAFFIC'},33,{7},5.0
2e6999e3,2e6999e24,2020-09-21,17,{'JAM'},{'JAM_MODERATE_TRAFFIC'},30,{2},8.0
2e6999e3,2e6999e24,2020-10-30,19,{'JAM'},{'JAM_STAND_STILL_TRAFFIC'},30,{7},5.0
2e6999e3,2e6999e24,2020-10-31,10,{'JAM'},{'JAM_HEAVY_TRAFFIC'},32,{7},5.0
2e6999e3,2e6999e24,2020-11-01,15,{'JAM'},{'JAM_HEAVY_TRAFFIC'},27,{7},6.0
2e6999e3,2e6999e24,2020-11-08,15,{'JAM'},{'JAM_HEAVY_TRAFFIC'},22,{7},5.0
2e6999e3,2e6999e24,2020-11-10,17,{'JAM'},{'JAM_MODERATE_TRAFFIC'},5,{7},8.0
2e6999e3,2e6999e24,2020-11-15,19,{'JAM'},{'JAM_HEAVY_TRAFFIC'},33,{7},5.0
2e6999e3,2e6999e24,2020-11-17,18,{'JAM'},{'JAM_STAND_STILL_TRAFFIC'},31,{7},5.0
2e6999e3,2e6999e34,2020-09-02,19,{'JAM'},{'JAM_STAND_STILL_TRAFFIC'},29,{7},5.0
2e6999e3,2e6999e34,2020-09-07,18,{'JAM'},{'JAM_HEAVY_TRAFFIC'},30,{7},5.0
2e6999e3,2e6999e34,2020-09-27,11,"{'JAM', 'ACCIDENT'}","{'JAM_STAND_STILL_TRAFFIC', 'ACCIDENT_MAJOR'}",153,{7},5.771241830065359
2e6999e3,2e6999e34,2020-10-02,10,{'JAM'},{'JAM_HEAVY_TRAFFIC'},30,{7},5.0
2e6999e3,2e6999e34,2020-10-06,17,{'JAM'},{'JAM_STAND_STILL_TRAFFIC'},31,{7},5.967741935483871
2e6999e3,2e6999e34,2020-10-07,18,{'JAM'},{'JAM_HEAVY_TRAFFIC'},30,{7},5.0
2e6999e3,2e6999e34,2020-10-18,17,{'JAM'},{'JAM_STAND_STILL_TRAFFIC'},31,{7},5.0
2e6999e3,2e6999e34,2020-10-26,20,{'JAM'},{'JAM_HEAVY_TRAFFIC'},32,{7},6.0
2e6999e3,2e6999e34,2020-10-28,16,{'JAM'},{'JAM_HEAVY_TRAFFIC'},32,{7},5.0
2e6999e3,2e6999e34,2020-10-28,17,{'JAM'},{'JAM_MODERATE_TRAFFIC'},31,{7},5.0
2e6999e3,2e6999e34,2020-11-05,8,{'JAM'},{'JAM_HEAVY_TRAFFIC'},30,{7},5.0
2e6999e3,2e6999e34,2020-11-08,15,{'JAM'},{'JAM_HEAVY_TRAFFIC'},6,{7},6.0
2e6999e3,2e6999e34,2020-11-08,17,{'JAM'},{'JAM'},32,{7},5.0
2e6999e3,2e6999e34,2020-11-14,17,{'JAM'},{'JAM_STAND_STILL_TRAFFIC'},34,{7},5.0
2e6999e3,2e6999e3c,2020-09-05,14,{'JAM'},{'JAM_MODERATE_TRAFFIC'},30,{7},5.0
2e6999e5,2e6999e4c,2020-09-17,17,{'JAM'},{'JAM_HEAVY_TRAFFIC'},32,{7},5.0
2e6999e5,2e6999e4c,2020-09-21,17,{'JAM'},{'JAM_HEAVY_TRAFFIC'},32,{7},8.0
2e6999e5,2e6999e4c,2020-10-01,16,"{'JAM', 'WEATHERHAZARD'}","{'HAZARD_ON_ROAD_CAR_STOPPED', 'JAM_HEAVY_TRAFFIC'}",62,{7},5.193548387096774
2e6999e5,2e6999e4c,2020-10-02,8,{'JAM'},{'JAM_STAND_STILL_TRAFFIC'},31,{7},5.870967741935484
2e6999e5,2e6999e4c,2020-10-08,19,{'JAM'},{'JAM_HEAVY_TRAFFIC'},31,{7},5.0
2e6999e5,2e6999e4c,2020-10-10,16,{'JAM'},{'JAM_HEAVY_TRAFFIC'},26,{7},5.0
2e6999e5,2e6999e4c,2020-10-12,17,{'JAM'},{'JAM_HEAVY_TRAFFIC'},30,{7},8.0
2e6999e5,2e6999e4c,2020-10-24,16,{'JAM'},{'JAM_STAND_STILL_TRAFFIC'},21,{7},5.0
2e6999e5,2e6999e4c,2020-10-31,14,{'JAM'},{'JAM_HEAVY_TRAFFIC'},7,{7},5.0
2e6999e5,2e6999e4c,2020-11-07,11,{'JAM'},{'JAM_HEAVY_TRAFFIC'},33,{7},5.0
2e6999e5,2e6999e4c,2020-11-08,16,{'JAM'},{'JAM_MODERATE_TRAFFIC'},31,{7},5.0
2e6999e5,2e6999e4c,2020-11-12,17,{'JAM'},{'JAM'},32,{7},5.0
2e6999e5,2e6999e4c,2020-11-18,18,{'JAM'},{'JAM_STAND_STILL_TRAFFIC'},33,{7},5.0
2e6999e7,2e6999e7c,2020-09-11,23,{'JAM'},{'JAM_MODERATE_TRAFFIC'},6,{1},5.0
2e6999f1,2e6999f0c,2020-09-28,7,{'JAM'},{'JAM_HEAVY_TRAFFIC'},30,{7},5.0
2e6999f1,2e6999f1c,2020-10-27,8,{'ACCIDENT'},{'ACCIDENT'},120,{1},5.0
2e6999f5,2e6999f54,2020-09-06,13,{'WEATHERHAZARD'},{'WEATHERHAZARD'},30,{1},5.0
2e6999f7,2e6999f74,2020-09-05,11,{'JAM'},{'JAM_HEAVY_TRAFFIC'},30,{7},5.0
2e6999f7,2e6999f74,2020-09-05,17,{'JAM'},{'JAM'},32,{7},5.0
2e6999f7,2e6999f74,2020-09-13,12,"{'JAM', 'WEATHERHAZARD'}","{'HAZARD_ON_ROAD_CAR_STOPPED', 'JAM_STAND_STILL_TRAFFIC'}",60,{7},5.0
2e6999f7,2e6999f74,2020-09-16,7,{'JAM'},{'JAM'},32,{7},5.96875
2e6999f7,2e6999f74,2020-09-21,18,{'JAM'},{'JAM_STAND_STILL_TRAFFIC'},32,{7},5.0
2e6999f7,2e6999f74,2020-10-01,16,{'JAM'},{'JAM_MODERATE_TRAFFIC'},31,{7},5.0
2e6999f7,2e6999f74,2020-10-06,17,{'JAM'},{'JAM_HEAVY_TRAFFIC'},30,{7},8.0
2e6999f7,2e6999f74,2020-10-09,18,{'JAM'},{'JAM_HEAVY_TRAFFIC'},31,{7},5.0
2e6999f7,2e6999f74,2020-10-23,18,{'JAM'},{'JAM_MODERATE_TRAFFIC'},30,{7},5.0
2e6999f7,2e6999f74,2020-10-24,16,{'JAM'},{'JAM_HEAVY_TRAFFIC'},31,{7},5.0
2e6999f7,2e6999f74,2020-10-24,17,{'JAM'},{'JAM_STAND_STILL_TRAFFIC'},33,{7},5.0
2e6999f7,2e6999f74,2020-10-26,20,{'JAM'},{'JAM_HEAVY_TRAFFIC'},35,{7},5.0
2e6999f7,2e6999f74,2020-10-28,17,{'JAM'},{'JAM_HEAVY_TRAFFIC'},31,{7},5.0
2e6999f7,2e6999f74,2020-10-30,17,{'JAM'},{'JAM_HEAVY_TRAFFIC'},32,{7},5.0
2e6999f7,2e6999f74,2020-10-31,16,{'JAM'},{'JAM_HEAVY_TRAFFIC'},31,{7},5.451612903225806
2e6999f7,2e6999f74,2020-11-01,14,{'JAM'},{'JAM_HEAVY_TRAFFIC'},31,{7},5.0
2e6999f7,2e6999f74,2020-11-01,15,{'JAM'},{'JAM_HEAVY_TRAFFIC'},41,{7},5.439024390243903
2e6999f7,2e6999f74,2020-11-02,6,{'JAM'},{'JAM_STAND_STILL_TRAFFIC'},31,{7},5.0
2e6999f7,2e6999f74,2020-11-06,14,{'JAM'},{'JAM_MODERATE_TRAFFIC'},31,{7},5.0
2e6999f7,2e6999f74,2020-11-08,17,{'JAM'},{'JAM_HEAVY_TRAFFIC'},31,{7},5.0
2e6999f7,2e6999f74,2020-11-10,17,{'JAM'},{'JAM_HEAVY_TRAFFIC'},30,{7},8.0
2e6999f7,2e6999f74,2020-11-11,19,{'JAM'},{'JAM_MODERATE_TRAFFIC'},28,{7},5.0
2e6999f7,2e6999f74,2020-11-14,15,{'JAM'},{'JAM_HEAVY_TRAFFIC'},2,{7},6.0
2e6999f7,2e6999f74,2020-11-14,22,{'JAM'},{'JAM_HEAVY_TRAFFIC'},20,{7},5.0
2e6999f7,2e6999f74,2020-11-19,8,{'JAM'},{'JAM_MODERATE_TRAFFIC'},31,{7},5.0
2e6999f7,2e6999f74,2020-11-20,17,{'JAM'},{'JAM_MODERATE_TRAFFIC'},26,{7},8.423076923076923
2e6999f7,2e6999f7c,2020-09-11,18,{'JAM'},{'JAM_HEAVY_TRAFFIC'},32,{7},8.0
2e6999f7,2e6999f7c,2020-09-16,7,{'JAM'},"{'JAM', 'JAM_MODERATE_TRAFFIC'}",69,{7},5.0
2e6999f7,2e6999f7c,2020-09-21,18,{'JAM'},{'JAM_STAND_STILL_TRAFFIC'},61,{7},5.0
2e6999f7,2e6999f7c,2020-09-28,7,{'JAM'},{'JAM_MODERATE_TRAFFIC'},34,{7},5.0
2e6999f7,2e6999f7c,2020-10-01,16,{'JAM'},{'JAM_MODERATE_TRAFFIC'},24,{7},6.0
2e6999f7,2e6999f7c,2020-10-03,16,{'JAM'},{'JAM_HEAVY_TRAFFIC'},31,{7},5.0
2e6999f7,2e6999f7c,2020-10-05,7,{'JAM'},{'JAM_STAND_STILL_TRAFFIC'},30,{7},5.0
2e6999f7,2e6999f7c,2020-10-10,13,{'JAM'},{'JAM_HEAVY_TRAFFIC'},31,{7},5.0
2e6999f7,2e6999f7c,2020-10-10,16,{'JAM'},{'JAM_HEAVY_TRAFFIC'},7,{7},5.0
2e6999f7,2e6999f7c,2020-10-16,14,{'JAM'},{'JAM'},31,{7},5.0
2e6999f7,2e6999f7c,2020-10-22,14,{'JAM'},{'JAM_HEAVY_TRAFFIC'},31,{7},5.0
2e6999f7,2e6999f7c,2020-10-23,18,{'JAM'},{'JAM_HEAVY_TRAFFIC'},28,{7},5.0
2e6999f7,2e6999f7c,2020-10-23,19,{'JAM'},{'JAM_HEAVY_TRAFFIC'},31,{7},6.0
2e6999f7,2e6999f7c,2020-10-28,17,{'JAM'},{'JAM_HEAVY_TRAFFIC'},61,{7},5.491803278688525
2e6999f7,2e6999f7c,2020-10-31,14,{'JAM'},{'JAM_STAND_STILL_TRAFFIC'},32,{7},5.0
2e6999f7,2e6999f7c,2020-10-31,16,{'JAM'},{'JAM_HEAVY_TRAFFIC'},28,{7},5.0
2e6999f7,2e6999f7c,2020-11-01,14,{'JAM'},{'JAM_HEAVY_TRAFFIC'},31,{7},5.0
2e6999f7,2e6999f7c,2020-11-02,7,{'JAM'},{'JAM_STAND_STILL_TRAFFIC'},31,{7},5.0
2e6999f7,2e6999f7c,2020-11-02,15,{'JAM'},{'JAM_STAND_STILL_TRAFFIC'},30,{7},5.0
2e6999f7,2e6999f7c,2020-11-06,7,{'JAM'},{'JAM_MODERATE_TRAFFIC'},31,{7},10.0
2e6999f7,2e6999f7c,2020-11-08,10,{'JAM'},{'JAM_HEAVY_TRAFFIC'},31,{7},5.0
2e6999f7,2e6999f7c,2020-11-08,16,{'JAM'},{'JAM_STAND_STILL_TRAFFIC'},64,{7},5.515625
2e6999f7,2e6999f7c,2020-11-13,19,{'JAM'},{'JAM_MODERATE_TRAFFIC'},32,{7},5.0
2e6999f7,2e6999f7c,2020-11-14,15,{'JAM'},{'JAM_HEAVY_TRAFFIC'},31,{7},7.0
2e6999f7,2e6999f7c,2020-11-18,18,{'JAM'},{'JAM_STAND_STILL_TRAFFIC'},24,{7},5.0
2e6999f9,2e6999f94,2020-10-29,15,{'ACCIDENT'},{'ACCIDENT_MAJOR'},121,{1},5.0
2e6999fb,2e6999fa4,2020-09-07,17,{'JAM'},{'JAM_HEAVY_TRAFFIC'},30,{7},8.0
2e6999fb,2e6999fa4,2020-09-14,17,{'JAM'},{'JAM_HEAVY_TRAFFIC'},15,{7},8.0
2e6999fb,2e6999fa4,2020-09-16,7,{'JAM'},{'JAM_MODERATE_TRAFFIC'},33,{7},5.0
2e6999fb,2e6999fa4,2020-09-21,17,{'JAM'},{'JAM_MODERATE_TRAFFIC'},30,{7},8.0
2e6999fb,2e6999fa4,2020-10-01,16,{'JAM'},{'JAM_HEAVY_TRAFFIC'},27,{7},5.0
2e6999fb,2e6999fa4,2020-10-05,8,{'JAM'},{'JAM_STAND_STILL_TRAFFIC'},6,{7},5.0
2e6999fb,2e6999fa4,2020-10-09,18,{'JAM'},{'JAM_STAND_STILL_TRAFFIC'},32,{7},5.0
2e6999fb,2e6999fa4,2020-10-20,14,{'JAM'},{'JAM_MODERATE_TRAFFIC'},7,{7},5.0
2e6999fb,2e6999fa4,2020-10-28,17,{'JAM'},{'JAM_HEAVY_TRAFFIC'},30,{7},5.0
2e6999fb,2e6999fa4,2020-11-02,6,{'JAM'},{'JAM_HEAVY_TRAFFIC'},30,{7},5.0
2e6999fb,2e6999fa4,2020-11-02,7,{'JAM'},{'JAM_HEAVY_TRAFFIC'},31,{7},5.903225806451613
2e6999fb,2e6999fa4,2020-11-05,7,{'JAM'},{'JAM_STAND_STILL_TRAFFIC'},31,{7},5.0
2e6999fb,2e6999fa4,2020-11-07,12,{'JAM'},{'JAM_HEAVY_TRAFFIC'},30,{7},5.0
2e6999fb,2e6999fa4,2020-11-13,19,{'JAM'},{'JAM_MODERATE_TRAFFIC'},31,{7},5.0
2e6999fb,2e6999fac,2020-09-17,17,{'JAM'},{'JAM_HEAVY_TRAFFIC'},25,{7},5.0
2e6999fb,2e6999fac,2020-10-02,8,{'JAM'},{'JAM_STAND_STILL_TRAFFIC'},33,{7},5.909090909090909
2e6999fb,2e6999fac,2020-10-03,18,{'JAM'},{'JAM_STAND_STILL_TRAFFIC'},30,{7},5.0
2e6999fb,2e6999fac,2020-10-05,10,{'JAM'},{'JAM_MODERATE_TRAFFIC'},6,{7},5.0
2e6999fb,2e6999fac,2020-10-08,19,{'JAM'},{'JAM_STAND_STILL_TRAFFIC'},31,{7},5.0
2e6999fb,2e6999fac,2020-10-31,14,{'JAM'},{'JAM_STAND_STILL_TRAFFIC'},31,{7},5.0
2e6999fb,2e6999fac,2020-11-01,15,{'JAM'},{'JAM_HEAVY_TRAFFIC'},30,{7},5.0
2e6999fb,2e6999fac,2020-11-07,16,{'JAM'},{'JAM_HEAVY_TRAFFIC'},30,{7},5.0
2e6999fb,2e6999fac,2020-11-08,15,{'JAM'},{'JAM_STAND_STILL_TRAFFIC'},58,{7},5.9655172413793105
2e6999fb,2e6999fac,2020-11-14,14,{'JAM'},{'JAM_HEAVY_TRAFFIC'},26,{7},5.0
2e6999fb,2e6999fac,2020-11-20,17,{'JAM'},{'JAM_HEAVY_TRAFFIC'},23,{7},8.478260869565217
2e6999fb,2e6999fb4,2020-10-08,19,{'JAM'},{'JAM_HEAVY_TRAFFIC'},31,{7},5.0
2e6999fb,2e6999fb4,2020-10-10,16,{'JAM'},{'JAM_HEAVY_TRAFFIC'},27,{7},5.0
2e6999fb,2e6999fb4,2020-10-17,10,{'JAM'},{'JAM'},31,{7},5.0
2e6999fb,2e6999fb4,2020-10-18,10,{'JAM'},{'JAM_STAND_STILL_TRAFFIC'},31,{7},5.0
2e6999fb,2e6999fb4,2020-11-08,15,{'JAM'},{'JAM_STAND_STILL_TRAFFIC'},5,{7},5.0
2e6999fb,2e6999fb4,2020-11-14,14,{'JAM'},{'JAM_HEAVY_TRAFFIC'},25,{7},5.0
2e6999ff,2e6999ff4,2020-10-19,17,{'JAM'},{'JAM'},32,{1},5.0
2e6999ff,2e6999ffc,2020-09-14,17,{'JAM'},{'JAM'},30,{22},5.0
2e699a09,2e699a094,2020-11-22,16,{'JAM'},{'JAM'},33,{1},5.0
2e699a0b,2e699a0ac,2020-11-10,21,"{'JAM', 'ACCIDENT'}","{'JAM_HEAVY_TRAFFIC', 'ACCIDENT_MAJOR'}",152,{2},5.7894736842105265
2e699a0d,2e699a0d4,2020-10-21,20,{'JAM'},{'JAM_MODERATE_TRAFFIC'},30,{1},5.0
2e699a11,2e699a10c,2020-09-12,20,{'JAM'},{'JAM'},26,{7},5.0
2e699a11,2e699a10c,2020-09-19,16,{'JAM'},{'JAM_MODERATE_TRAFFIC'},33,{7},5.0
2e699a11,2e699a10c,2020-09-22,16,{'JAM'},{'JAM_MODERATE_TRAFFIC'},31,{7},5.0
2e699a11,2e699a10c,2020-09-23,18,{'JAM'},{'JAM_STAND_STILL_TRAFFIC'},35,{7},5.0
2e699a11,2e699a10c,2020-09-25,17,{'JAM'},{'JAM_STAND_STILL_TRAFFIC'},30,{7},8.0
2e699a11,2e699a10c,2020-10-02,19,{'JAM'},{'JAM_STAND_STILL_TRAFFIC'},32,{7},5.0
2e699a11,2e699a10c,2020-10-03,10,{'JAM'},"{'JAM_MODERATE_TRAFFIC', 'JAM_HEAVY_TRAFFIC'}",65,{7},5.0
2e699a11,2e699a10c,2020-10-03,18,{'JAM'},{'JAM_STAND_STILL_TRAFFIC'},31,{7},5.0
2e699a11,2e699a10c,2020-10-06,17,{'JAM'},{'JAM_STAND_STILL_TRAFFIC'},32,{7},5.0
2e699a11,2e699a10c,2020-10-08,18,{'JAM'},{'JAM_HEAVY_TRAFFIC'},62,{7},5.0
2e699a11,2e699a10c,2020-10-10,17,{'JAM'},{'JAM_HEAVY_TRAFFIC'},30,{7},5.0
2e699a11,2e699a10c,2020-10-12,18,{'JAM'},{'JAM_HEAVY_TRAFFIC'},7,{7},5.0
2e699a11,2e699a10c,2020-10-15,17,{'JAM'},{'JAM_STAND_STILL_TRAFFIC'},30,{7},5.0
2e699a11,2e699a10c,2020-10-25,16,{'JAM'},{'JAM_STAND_STILL_TRAFFIC'},31,{7},5.806451612903226
2e699a11,2e699a10c,2020-10-26,16,{'JAM'},{'JAM_STAND_STILL_TRAFFIC'},31,{7},5.0
2e699a11,2e699a10c,2020-10-26,20,{'JAM'},{'JAM_HEAVY_TRAFFIC'},6,{7},5.0
2e699a11,2e699a10c,2020-11-01,13,{'JAM'},{'JAM'},32,{7},5.0
2e699a11,2e699a10c,2020-11-01,14,"{'JAM', 'WEATHERHAZARD'}","{'JAM_MODERATE_TRAFFIC', 'HAZARD_ON_ROAD_POT_HOLE'}",962,{7},9.711018711018712
2e699a11,2e699a10c,2020-11-01,17,{'JAM'},{'JAM_HEAVY_TRAFFIC'},32,{7},5.0
2e699a11,2e699a10c,2020-11-02,7,{'JAM'},{'JAM_STAND_STILL_TRAFFIC'},30,{7},5.0
2e699a11,2e699a10c,2020-11-05,17,{'JAM'},{'JAM_STAND_STILL_TRAFFIC'},62,{7},5.0
2e699a11,2e699a10c,2020-11-07,16,{'JAM'},{'JAM_HEAVY_TRAFFIC'},33,{7},5.0
2e699a11,2e699a10c,2020-11-07,18,{'JAM'},{'JAM_STAND_STILL_TRAFFIC'},28,{7},5.0
2e699a11,2e699a10c,2020-11-12,12,{'JAM'},{'JAM'},30,{7},5.0
2e699a11,2e699a10c,2020-11-16,17,{'JAM'},{'JAM_HEAVY_TRAFFIC'},33,{7},5.0
2e699a11,2e699a10c,2020-11-17,15,{'JAM'},{'JAM_MODERATE_TRAFFIC'},30,{7},8.0
2e699a11,2e699a10c,2020-11-18,9,{'JAM'},"{'JAM_MODERATE_TRAFFIC', 'JAM_HEAVY_TRAFFIC'}",39,{7},5.717948717948718
2e699a11,2e699a10c,2020-11-18,20,{'JAM'},{'JAM_HEAVY_TRAFFIC'},31,{7},5.0
2e699a11,2e699a114,2020-09-03,17,{'JAM'},{'JAM_HEAVY_TRAFFIC'},31,{7},5.0
2e699a11,2e699a114,2020-09-10,13,{'JAM'},{'JAM_HEAVY_TRAFFIC'},76,{7},5.0
2e699a11,2e699a114,2020-09-15,9,{'JAM'},{'JAM_HEAVY_TRAFFIC'},60,{7},6.483333333333333
2e699a11,2e699a114,2020-09-16,17,{'JAM'},{'JAM_HEAVY_TRAFFIC'},31,{7},6.0
2e699a11,2e699a114,2020-09-21,18,{'JAM'},{'JAM_STAND_STILL_TRAFFIC'},62,{7},5.0
2e699a11,2e699a114,2020-09-25,17,{'JAM'},{'JAM_STAND_STILL_TRAFFIC'},31,{7},5.0
2e699a11,2e699a114,2020-09-30,18,{'JAM'},{'JAM_STAND_STILL_TRAFFIC'},30,{7},6.0
2e699a11,2e699a114,2020-10-03,18,{'JAM'},"{'JAM_STAND_STILL_TRAFFIC', 'JAM_HEAVY_TRAFFIC'}",61,{7},5.0
2e699a11,2e699a114,2020-10-06,16,{'JAM'},{'JAM_MODERATE_TRAFFIC'},31,{7},5.0
2e699a11,2e699a114,2020-10-06,17,{'JAM'},{'JAM_STAND_STILL_TRAFFIC'},64,{7},5.46875
2e699a11,2e699a114,2020-10-09,18,{'JAM'},{'JAM_STAND_STILL_TRAFFIC'},33,{7},5.0
2e699a11,2e699a114,2020-10-10,14,{'JAM'},{'JAM'},22,{7},5.0
2e699a11,2e699a114,2020-10-10,16,{'JAM'},{'JAM_MODERATE_TRAFFIC'},30,{7},5.0
2e699a11,2e699a114,2020-10-17,17,{'JAM'},{'JAM_HEAVY_TRAFFIC'},35,{7},5.0
2e699a11,2e699a114,2020-10-22,17,{'JAM'},{'JAM'},31,{7},5.0
2e699a11,2e699a114,2020-10-25,17,{'JAM'},{'JAM_STAND_STILL_TRAFFIC'},32,{7},5.0
2e699a11,2e699a114,2020-10-26,16,{'JAM'},{'JAM_STAND_STILL_TRAFFIC'},64,{7},5.984375
2e699a11,2e699a114,2020-10-26,20,{'JAM'},{'JAM_HEAVY_TRAFFIC'},95,{7},5.315789473684211
2e699a11,2e699a114,2020-10-27,16,{'JAM'},{'JAM_STAND_STILL_TRAFFIC'},30,{7},5.0
2e699a11,2e699a114,2020-10-27,17,{'JAM'},{'JAM_HEAVY_TRAFFIC'},31,{7},5.0
2e699a11,2e699a114,2020-10-28,15,{'JAM'},{'JAM_HEAVY_TRAFFIC'},32,{7},5.0
2e699a11,2e699a114,2020-10-31,12,{'JAM'},{'JAM'},31,{7},5.0
2e699a11,2e699a114,2020-10-31,17,{'JAM'},{'JAM_STAND_STILL_TRAFFIC'},29,{7},5.0
2e699a11,2e699a114,2020-11-02,17,{'JAM'},{'JAM_MODERATE_TRAFFIC'},31,{7},5.0
2e699a11,2e699a114,2020-11-05,17,{'JAM'},{'JAM_STAND_STILL_TRAFFIC'},96,{7},5.0
2e699a11,2e699a114,2020-11-07,6,{'JAM'},{'JAM_HEAVY_TRAFFIC'},32,{7},5.46875
2e699a11,2e699a114,2020-11-07,8,{'JAM'},"{'JAM_STAND_STILL_TRAFFIC', 'JAM_MODERATE_TRAFFIC'}",95,{7},5.0
2e699a15,2e699a144,2020-09-04,18,{'JAM'},{'JAM_HEAVY_TRAFFIC'},30,{7},5.0
2e699a15,2e699a144,2020-09-10,11,{'JAM'},{'JAM_HEAVY_TRAFFIC'},30,{7},5.0
2e699a15,2e699a144,2020-09-21,17,{'JAM'},{'JAM_STAND_STILL_TRAFFIC'},30,{7},5.966666666666667
2e699a15,2e699a144,2020-09-25,17,{'JAM'},{'JAM_STAND_STILL_TRAFFIC'},7,{7},5.0
2e699a15,2e699a144,2020-09-28,17,{'JAM'},{'JAM_STAND_STILL_TRAFFIC'},31,{7},5.0
2e699a15,2e699a144,2020-09-30,17,{'JAM'},{'JAM_STAND_STILL_TRAFFIC'},31,{7},5.0
2e699a15,2e699a144,2020-09-30,18,{'JAM'},{'JAM_STAND_STILL_TRAFFIC'},31,{7},6.0
2e699a15,2e699a144,2020-10-03,16,{'JAM'},"{'JAM_STAND_STILL_TRAFFIC', 'JAM_HEAVY_TRAFFIC'}",61,{7},5.0
2e699a15,2e699a144,2020-10-06,17,{'JAM'},{'JAM_STAND_STILL_TRAFFIC'},31,{7},5.0
2e699a15,2e699a144,2020-10-09,18,{'JAM'},{'JAM_STAND_STILL_TRAFFIC'},31,{7},5.0
2e699a15,2e699a144,2020-10-12,18,{'JAM'},{'JAM'},31,{7},5.0
2e699a15,2e699a144,2020-10-15,17,{'JAM'},{'JAM_STAND_STILL_TRAFFIC'},32,{7},5.90625
2e699a15,2e699a144,2020-10-17,17,{'JAM'},{'JAM_HEAVY_TRAFFIC'},32,{7},5.0
2e699a15,2e699a144,2020-10-21,17,{'JAM'},{'JAM_STAND_STILL_TRAFFIC'},63,{7},5.0
2e699a15,2e699a144,2020-10-22,17,{'JAM'},{'JAM_MODERATE_TRAFFIC'},31,{7},5.0
2e699a15,2e699a144,2020-10-23,18,{'JAM'},{'JAM_HEAVY_TRAFFIC'},37,{7},5.486486486486487
2e699a15,2e699a144,2020-10-24,16,{'JAM'},{'JAM_STAND_STILL_TRAFFIC'},31,{7},5.0
2e699a15,2e699a144,2020-10-25,17,{'JAM'},{'JAM_STAND_STILL_TRAFFIC'},31,{7},5.0
2e699a15,2e699a144,2020-10-26,16,{'JAM'},{'JAM_STAND_STILL_TRAFFIC'},63,{7},5.507936507936508
2e699a15,2e699a144,2020-10-26,20,{'JAM'},{'JAM_HEAVY_TRAFFIC'},30,{7},5.0
2e699a15,2e699a144,2020-10-31,10,{'JAM'},{'JAM_HEAVY_TRAFFIC'},8,{7},5.0
2e699a15,2e699a144,2020-10-31,12,{'JAM'},{'JAM_HEAVY_TRAFFIC'},32,{7},5.0
2e699a15,2e699a144,2020-11-01,11,{'JAM'},{'JAM_MODERATE_TRAFFIC'},30,{7},5.0
2e699a15,2e699a144,2020-11-05,17,{'JAM'},{'JAM_STAND_STILL_TRAFFIC'},127,{7},5.0
2e699a15,2e699a144,2020-11-18,16,{'JAM'},{'JAM_HEAVY_TRAFFIC'},31,{7},6.709677419354839
2e699a15,2e699a144,2020-11-20,19,{'JAM'},{'JAM_STAND_STILL_TRAFFIC'},30,{7},5.0
2e699a15,2e699a14c,2020-09-21,17,{'JAM'},{'JAM_HEAVY_TRAFFIC'},30,{7},5.0
2e699a15,2e699a14c,2020-09-25,18,{'JAM'},{'JAM_HEAVY_TRAFFIC'},30,{7},5.0
2e699a15,2e699a14c,2020-09-30,17,{'JAM'},{'JAM_STAND_STILL_TRAFFIC'},9,{7},5.0
2e699a15,2e699a14c,2020-10-03,16,{'JAM'},{'JAM_HEAVY_TRAFFIC'},32,{7},5.0
2e699a15,2e699a14c,2020-10-05,18,{'JAM'},{'JAM_STAND_STILL_TRAFFIC'},32,{7},5.0
2e699a15,2e699a14c,2020-10-06,16,{'JAM'},{'JAM_MODERATE_TRAFFIC'},31,{7},5.0
2e699a15,2e699a14c,2020-10-08,18,{'JAM'},{'JAM_HEAVY_TRAFFIC'},64,{7},5.0
2e699a15,2e699a14c,2020-10-09,18,{'JAM'},{'JAM_STAND_STILL_TRAFFIC'},31,{7},5.0
2e699a15,2e699a14c,2020-10-09,19,{'JAM'},{'JAM_HEAVY_TRAFFIC'},31,{7},5.0
2e699a15,2e699a14c,2020-10-12,18,{'JAM'},{'JAM_HEAVY_TRAFFIC'},51,{7},5.411764705882353
2e699a15,2e699a14c,2020-10-17,17,{'JAM'},{'JAM_STAND_STILL_TRAFFIC'},31,{7},5.0
2e699a15,2e699a14c,2020-10-22,17,{'JAM'},{'JAM_MODERATE_TRAFFIC'},31,{7},5.0
2e699a15,2e699a14c,2020-10-23,19,{'JAM'},{'JAM_STAND_STILL_TRAFFIC'},7,{7},5.0
2e699a15,2e699a14c,2020-10-25,17,{'JAM'},{'JAM_STAND_STILL_TRAFFIC'},8,{7},5.0
2e699a15,2e699a14c,2020-10-26,16,{'JAM'},{'JAM_STAND_STILL_TRAFFIC'},30,{7},5.966666666666667
2e699a15,2e699a14c,2020-10-26,17,{'JAM'},{'JAM_HEAVY_TRAFFIC'},14,{7},5.428571428571429
2e699a15,2e699a14c,2020-10-27,16,{'JAM'},{'JAM_STAND_STILL_TRAFFIC'},32,{7},5.0
2e699a15,2e699a14c,2020-11-02,17,{'JAM'},{'JAM_HEAVY_TRAFFIC'},33,{7},5.0
2e699a15,2e699a14c,2020-11-02,18,{'JAM'},{'JAM_HEAVY_TRAFFIC'},31,{7},5.0
2e699a15,2e699a14c,2020-11-05,17,{'JAM'},{'JAM_STAND_STILL_TRAFFIC'},64,{7},5.0
2e699a15,2e699a14c,2020-11-06,17,{'JAM'},{'JAM_STAND_STILL_TRAFFIC'},16,{7},5.0
2e699a15,2e699a14c,2020-11-13,9,{'JAM'},{'JAM_STAND_STILL_TRAFFIC'},26,{7},6.0
2e699a19,2e699a184,2020-09-03,19,{'WEATHERHAZARD'},{'HAZARD_ON_ROAD_CAR_STOPPED'},32,{2},8.0
2e699a19,2e699a19c,2020-10-12,17,{'JAM'},{'JAM_HEAVY_TRAFFIC'},31,{2},8.0
2e699a19,2e699a19c,2020-11-10,17,{'JAM'},{'JAM_HEAVY_TRAFFIC'},33,{2},8.0
2e699a1b,2e699a1a4,2020-09-05,8,{'JAM'},{'JAM_STAND_STILL_TRAFFIC'},30,{7},5.0
2e699a1b,2e699a1a4,2020-09-06,16,{'JAM'},{'JAM_HEAVY_TRAFFIC'},30,{7},5.0
2e699a1b,2e699a1a4,2020-09-06,19,{'JAM'},{'JAM_HEAVY_TRAFFIC'},33,{7},5.0
2e699a1b,2e699a1a4,2020-09-11,19,{'JAM'},{'JAM_STAND_STILL_TRAFFIC'},30,{7},5.0
2e699a1b,2e699a1a4,2020-09-21,17,{'JAM'},{'JAM_STAND_STILL_TRAFFIC'},32,{7},5.0
2e699a1b,2e699a1a4,2020-09-21,18,{'JAM'},{'JAM_HEAVY_TRAFFIC'},33,{7},5.0
2e699a1b,2e699a1a4,2020-09-23,18,{'JAM'},{'JAM_STAND_STILL_TRAFFIC'},33,{7},6.0
2e699a1b,2e699a1a4,2020-10-03,18,{'JAM'},{'JAM_STAND_STILL_TRAFFIC'},31,{7},5.0
2e699a1b,2e699a1a4,2020-10-04,15,{'JAM'},{'JAM_HEAVY_TRAFFIC'},33,{7},5.0
2e699a1b,2e699a1a4,2020-10-06,17,{'JAM'},{'JAM_STAND_STILL_TRAFFIC'},30,{7},5.0
2e699a1b,2e699a1a4,2020-10-08,16,{'JAM'},{'JAM_HEAVY_TRAFFIC'},32,{7},5.0
2e699a1b,2e699a1a4,2020-10-09,18,{'JAM'},{'JAM_STAND_STILL_TRAFFIC'},37,{7},5.4324324324324325
2e699a1b,2e699a1a4,2020-10-10,17,{'JAM'},{'JAM_HEAVY_TRAFFIC'},30,{7},5.0
2e699a1b,2e699a1a4,2020-10-12,17,{'JAM'},{'JAM_HEAVY_TRAFFIC'},31,{7},8.0
2e699a1b,2e699a1a4,2020-10-14,17,{'JAM'},{'JAM_STAND_STILL_TRAFFIC'},32,{7},5.0
2e699a1b,2e699a1a4,2020-10-25,16,{'JAM'},{'JAM_STAND_STILL_TRAFFIC'},30,{7},5.0
2e699a1b,2e699a1a4,2020-10-26,20,{'JAM'},{'JAM_HEAVY_TRAFFIC'},62,{7},5.0
2e699a1b,2e699a1a4,2020-10-28,16,{'JAM'},{'JAM_STAND_STILL_TRAFFIC'},61,{7},5.0
2e699a1b,2e699a1a4,2020-10-30,17,{'JAM'},{'JAM_STAND_STILL_TRAFFIC'},30,{2},5.0
2e699a1b,2e699a1a4,2020-11-01,14,{'WEATHERHAZARD'},{'HAZARD_ON_ROAD_POT_HOLE'},226,{7},8.389380530973451
2e699a1b,2e699a1a4,2020-11-03,15,{'JAM'},{'JAM_HEAVY_TRAFFIC'},30,{7},5.0
2e699a1b,2e699a1a4,2020-11-14,18,{'JAM'},{'JAM_MODERATE_TRAFFIC'},32,{7},5.0
2e699a1b,2e699a1a4,2020-11-17,15,{'JAM'},{'JAM_MODERATE_TRAFFIC'},31,{7},8.0
2e699a1b,2e699a1a4,2020-11-20,17,{'JAM'},{'JAM_MODERATE_TRAFFIC'},29,{7},8.379310344827585
2e699a1b,2e699a1b4,2020-09-05,10,{'JAM'},{'JAM_HEAVY_TRAFFIC'},30,{7},5.0
2e699a1b,2e699a1b4,2020-10-28,17,{'JAM'},{'JAM_STAND_STILL_TRAFFIC'},30,{7},5.0
2e699a1b,2e699a1bc,2020-09-01,7,{'JAM'},{'JAM_STAND_STILL_TRAFFIC'},30,{7},5.0
2e699a1b,2e699a1bc,2020-09-05,10,{'JAM'},{'JAM_HEAVY_TRAFFIC'},31,{7},5.0
2e699a1b,2e699a1bc,2020-09-05,14,{'JAM'},{'JAM_MODERATE_TRAFFIC'},31,{7},5.0
2e699a1b,2e699a1bc,2020-09-07,17,{'JAM'},{'JAM_HEAVY_TRAFFIC'},31,{7},8.0
2e699a1b,2e699a1bc,2020-09-11,18,{'JAM'},{'JAM_MODERATE_TRAFFIC'},33,{7},8.0
2e699a1b,2e699a1bc,2020-09-12,15,{'JAM'},{'JAM_HEAVY_TRAFFIC'},5,{7},5.0
2e699a1b,2e699a1bc,2020-09-14,17,{'JAM'},{'JAM_MODERATE_TRAFFIC'},27,{7},8.0
2e699a1b,2e699a1bc,2020-09-21,18,{'ACCIDENT'},{'ACCIDENT'},123,{7},5.0
2e699a1b,2e699a1bc,2020-09-25,18,{'JAM'},{'JAM_HEAVY_TRAFFIC'},32,{7},5.0
2e699a1b,2e699a1bc,2020-09-30,15,{'JAM'},{'JAM_HEAVY_TRAFFIC'},60,{7},5.0
2e699a1b,2e699a1bc,2020-10-03,19,{'JAM'},{'JAM_STAND_STILL_TRAFFIC'},28,{7},5.0
2e699a1b,2e699a1bc,2020-10-05,10,{'JAM'},{'JAM_MODERATE_TRAFFIC'},23,{7},5.0
2e699a1b,2e699a1bc,2020-10-06,17,{'JAM'},{'JAM_STAND_STILL_TRAFFIC'},32,{7},5.90625
2e699a1b,2e699a1bc,2020-10-08,18,{'JAM'},{'JAM_HEAVY_TRAFFIC'},31,{7},5.0
2e699a1b,2e699a1bc,2020-10-09,17,{'JAM'},{'JAM'},32,{7},5.0
2e699a1b,2e699a1bc,2020-10-09,18,{'JAM'},"{'JAM_STAND_STILL_TRAFFIC', 'JAM_HEAVY_TRAFFIC'}",68,{7},5.235294117647059
2e699a1b,2e699a1bc,2020-10-18,17,{'JAM'},{'JAM_STAND_STILL_TRAFFIC'},32,{7},5.0
2e699a1b,2e699a1bc,2020-10-19,17,{'JAM'},{'JAM_MODERATE_TRAFFIC'},31,{7},5.0
2e699a1b,2e699a1bc,2020-10-24,15,{'JAM'},{'JAM_STAND_STILL_TRAFFIC'},30,{7},5.0
2e699a1b,2e699a1bc,2020-10-26,20,{'JAM'},{'JAM_MODERATE_TRAFFIC'},31,{7},5.0
2e699a1b,2e699a1bc,2020-10-28,15,{'JAM'},{'JAM_HEAVY_TRAFFIC'},31,{7},5.0
2e699a1b,2e699a1bc,2020-10-28,17,{'JAM'},{'JAM_STAND_STILL_TRAFFIC'},31,{7},5.0
2e699a1b,2e699a1bc,2020-10-30,17,{'JAM'},{'JAM_STAND_STILL_TRAFFIC'},31,{7},5.0
2e699a1b,2e699a1bc,2020-11-01,14,"{'JAM', 'WEATHERHAZARD'}","{'HAZARD_ON_SHOULDER_CAR_STOPPED', 'JAM_HEAVY_TRAFFIC'}",61,{7},5.409836065573771
2e699a1b,2e699a1bc,2020-11-02,7,{'JAM'},{'JAM_STAND_STILL_TRAFFIC'},62,{7},5.0
2e699a1b,2e699a1bc,2020-11-02,15,{'JAM'},{'JAM_STAND_STILL_TRAFFIC'},41,{7},5.365853658536586
2e699a1b,2e699a1bc,2020-11-03,15,{'JAM'},{'JAM_HEAVY_TRAFFIC'},33,{7},5.0
2e699a1b,2e699a1bc,2020-11-06,17,{'JAM'},"{'JAM_STAND_STILL_TRAFFIC', 'JAM_HEAVY_TRAFFIC'}",23,{7},5.0
2e699a1b,2e699a1bc,2020-11-08,16,{'JAM'},{'JAM_STAND_STILL_TRAFFIC'},30,{7},5.0
2e699a1b,2e699a1bc,2020-11-10,15,{'JAM'},{'JAM_HEAVY_TRAFFIC'},31,{7},5.0
2e699a1b,2e699a1bc,2020-11-10,17,{'JAM'},{'JAM_HEAVY_TRAFFIC'},37,{7},8.45945945945946
2e699a1b,2e699a1bc,2020-11-11,19,{'JAM'},{'JAM'},24,{7},5.0
2e699a1b,2e699a1bc,2020-11-19,8,{'JAM'},{'JAM_MODERATE_TRAFFIC'},13,{7},5.0
2e699a1d,2e699a1cc,2020-09-01,7,{'JAM'},{'JAM_STAND_STILL_TRAFFIC'},91,{7},5.0
2e699a1d,2e699a1cc,2020-09-05,10,{'JAM'},{'JAM_HEAVY_TRAFFIC'},29,{7},5.0
2e699a1d,2e699a1cc,2020-09-28,7,{'JAM'},{'JAM_STAND_STILL_TRAFFIC'},31,{7},5.0
2e699a1d,2e699a1cc,2020-09-29,7,{'JAM'},{'JAM_HEAVY_TRAFFIC'},30,{7},5.0
2e699a1d,2e699a1cc,2020-09-29,13,{'JAM'},{'JAM_HEAVY_TRAFFIC'},6,{7},5.0
2e699a1d,2e699a1cc,2020-09-30,15,{'JAM'},{'JAM_HEAVY_TRAFFIC'},62,{7},5.0
2e699a1d,2e699a1cc,2020-10-03,13,{'JAM'},{'JAM_MODERATE_TRAFFIC'},30,{7},5.966666666666667
2e699a1d,2e699a1cc,2020-10-08,18,{'JAM'},{'JAM_STAND_STILL_TRAFFIC'},32,{7},5.0
2e699a1d,2e699a1cc,2020-10-09,17,{'JAM'},{'JAM'},55,"{1, 7}",5.0
2e699a1d,2e699a1cc,2020-10-11,7,{'JAM'},{'JAM_HEAVY_TRAFFIC'},31,{7},5.0
2e699a1d,2e699a1cc,2020-10-17,19,{'JAM'},"{'JAM_STAND_STILL_TRAFFIC', 'JAM_HEAVY_TRAFFIC'}",69,{7},5.0
2e699a1d,2e699a1cc,2020-10-18,9,{'JAM'},{'JAM_STAND_STILL_TRAFFIC'},32,{7},5.0
2e699a1d,2e699a1cc,2020-10-23,18,{'JAM'},{'JAM_HEAVY_TRAFFIC'},71,{7},5.253521126760563
2e699a1d,2e699a1cc,2020-10-24,15,{'JAM'},{'JAM_STAND_STILL_TRAFFIC'},31,{7},5.967741935483871
2e699a1d,2e699a1cc,2020-10-26,20,{'JAM'},{'JAM_MODERATE_TRAFFIC'},12,{7},5.0
2e699a1d,2e699a1cc,2020-10-27,17,{'JAM'},{'JAM_HEAVY_TRAFFIC'},31,{7},5.903225806451613
2e699a1d,2e699a1cc,2020-10-27,18,{'JAM'},{'JAM_STAND_STILL_TRAFFIC'},63,{7},5.0
2e699a1d,2e699a1cc,2020-10-28,6,{'JAM'},{'JAM_STAND_STILL_TRAFFIC'},31,{7},5.0
2e699a1d,2e699a1cc,2020-10-28,9,{'JAM'},{'JAM_STAND_STILL_TRAFFIC'},32,{7},5.0
2e699a1d,2e699a1cc,2020-10-28,17,{'JAM'},{'JAM_STAND_STILL_TRAFFIC'},66,{7},5.53030303030303
2e699a1d,2e699a1cc,2020-10-31,15,{'JAM'},{'JAM'},32,{7},5.0
2e699a1d,2e699a1cc,2020-10-31,16,{'JAM'},{'JAM_STAND_STILL_TRAFFIC'},29,{7},5.896551724137931
2e699a1d,2e699a1cc,2020-11-01,14,{'JAM'},{'JAM_HEAVY_TRAFFIC'},62,{7},5.0
2e699a1d,2e699a1cc,2020-11-01,16,{'JAM'},{'JAM_STAND_STILL_TRAFFIC'},31,{7},5.0
2e699a1d,2e699a1cc,2020-11-01,18,{'JAM'},{'JAM_HEAVY_TRAFFIC'},30,{7},5.0
2e699a1d,2e699a1cc,2020-11-02,7,{'JAM'},{'JAM_STAND_STILL_TRAFFIC'},30,{7},5.0
2e699a1d,2e699a1cc,2020-11-02,15,{'JAM'},{'JAM_STAND_STILL_TRAFFIC'},45,{7},5.333333333333333
2e699a1d,2e699a1cc,2020-11-05,8,{'JAM'},{'JAM_MODERATE_TRAFFIC'},34,{7},5.0
2e699a1d,2e699a1cc,2020-11-06,17,{'JAM'},"{'JAM_STAND_STILL_TRAFFIC', 'JAM_HEAVY_TRAFFIC'}",45,{7},5.777777777777778
2e699a1d,2e699a1cc,2020-11-13,8,{'JAM'},{'JAM'},31,{7},5.0
2e699a1d,2e699a1cc,2020-11-14,21,{'JAM'},{'JAM_HEAVY_TRAFFIC'},22,{7},5.0
2e699a1d,2e699a1d4,2020-09-05,10,{'JAM'},{'JAM_HEAVY_TRAFFIC'},29,{7},5.0
2e699a1d,2e699a1d4,2020-09-05,14,{'JAM'},{'JAM_STAND_STILL_TRAFFIC'},30,{7},5.0
2e699a1d,2e699a1d4,2020-09-30,15,{'JAM'},{'JAM_STAND_STILL_TRAFFIC'},31,{7},5.0
2e699a1d,2e699a1d4,2020-10-09,18,{'JAM'},{'JAM_STAND_STILL_TRAFFIC'},32,{7},5.5
2e699a1d,2e699a1d4,2020-10-11,17,{'JAM'},{'JAM'},30,{7},5.0
2e699a1d,2e699a1d4,2020-10-17,19,{'JAM'},"{'JAM_STAND_STILL_TRAFFIC', 'JAM_HEAVY_TRAFFIC'}",91,{7},5.945054945054945
2e699a1d,2e699a1d4,2020-10-23,18,{'JAM'},{'JAM_HEAVY_TRAFFIC'},27,{7},5.0
2e699a1d,2e699a1d4,2020-10-24,15,{'JAM'},{'JAM_STAND_STILL_TRAFFIC'},30,{7},5.0
2e699a1d,2e699a1d4,2020-10-25,18,{'JAM'},{'JAM'},31,{7},5.0
2e699a1d,2e699a1d4,2020-10-27,17,{'JAM'},{'JAM_STAND_STILL_TRAFFIC'},35,{7},5.0
2e699a1d,2e699a1d4,2020-10-28,17,{'JAM'},{'JAM_STAND_STILL_TRAFFIC'},32,{7},5.0
2e699a1d,2e699a1d4,2020-10-30,14,{'JAM'},{'JAM_HEAVY_TRAFFIC'},32,{7},5.0
2e699a1d,2e699a1d4,2020-10-31,16,{'JAM'},{'JAM_HEAVY_TRAFFIC'},28,{7},5.0
2e699a1d,2e699a1d4,2020-11-01,14,{'JAM'},"{'JAM_STAND_STILL_TRAFFIC', 'JAM_HEAVY_TRAFFIC'}",90,{7},5.0
2e699a1d,2e699a1d4,2020-11-01,16,{'JAM'},{'JAM_HEAVY_TRAFFIC'},34,{7},6.9411764705882355
2e699a1d,2e699a1d4,2020-11-02,7,{'JAM'},{'JAM_STAND_STILL_TRAFFIC'},32,{7},5.0
2e699a1d,2e699a1d4,2020-11-02,8,{'JAM'},{'JAM_STAND_STILL_TRAFFIC'},31,{7},5.0
2e699a1d,2e699a1d4,2020-11-07,12,{'JAM'},{'JAM_HEAVY_TRAFFIC'},31,{7},5.0
2e699a1d,2e699a1d4,2020-11-13,19,{'JAM'},{'JAM_HEAVY_TRAFFIC'},35,{7},5.457142857142857
2e699a1d,2e699a1d4,2020-11-19,8,{'WEATHERHAZARD'},{'HAZARD_ON_ROAD_CAR_STOPPED'},31,{7},5.0
2e699a25,2e699a25c,2020-09-09,13,{'WEATHERHAZARD'},{'HAZARD_ON_ROAD_POT_HOLE'},4155,{2},7.000481347773767
2e699a2b,2e699a2a4,2020-10-06,17,{'WEATHERHAZARD'},{'HAZARD_ON_ROAD_POT_HOLE'},3143,{2},8.581609926821509
2e699a2b,2e699a2a4,2020-11-10,17,{'WEATHERHAZARD'},{'HAZARD_ON_ROAD_POT_HOLE'},7894,{2},9.837598175829743
2e699a2f,2e699a2ec,2020-11-10,17,{'WEATHERHAZARD'},{'HAZARD_ON_ROAD_POT_HOLE'},9865,{2},9.870146984287887
2e699a2f,2e699a2ec,2020-11-20,17,{'WEATHERHAZARD'},{'HAZARD_ON_ROAD_POT_HOLE'},8072,{2},9.778369672943509
2e699a2f,2e699a2f4,2020-09-01,17,{'WEATHERHAZARD'},{'HAZARD_ON_ROAD_POT_HOLE'},4584,{2},9.587478184991275
2e699a2f,2e699a2f4,2020-09-07,17,{'WEATHERHAZARD'},{'HAZARD_ON_ROAD_POT_HOLE'},4522,{2},9.275984077841663
2e699a2f,2e699a2f4,2020-09-09,13,{'WEATHERHAZARD'},{'HAZARD_ON_ROAD_POT_HOLE'},4155,{2},6.921780986762936
2e699a2f,2e699a2f4,2020-09-11,17,{'WEATHERHAZARD'},{'HAZARD_ON_ROAD_POT_HOLE'},5465,{2},9.622506861848125
2e699a2f,2e699a2f4,2020-10-06,17,{'WEATHERHAZARD'},{'HAZARD_ON_ROAD_POT_HOLE'},3141,{2},8.957975167144221
2e699a2f,2e699a2f4,2020-11-20,17,{'WEATHERHAZARD'},{'HAZARD_ON_ROAD_POT_HOLE'},12005,{2},9.511703456892961
2e699a39,2e699a38c,2020-10-18,23,"{'JAM', 'ACCIDENT'}","{'JAM', 'ACCIDENT_MINOR'}",153,{1},6.261437908496732
2e699a4d,2e699a4c4,2020-10-09,14,{'WEATHERHAZARD'},{'HAZARD_ON_SHOULDER_CAR_STOPPED'},31,{2},5.0
2e699a4f,2e699a4fc,2020-10-21,5,{'ACCIDENT'},{'ACCIDENT'},120,{2},5.0
2e699a53,2e699a534,2020-11-03,2,{'JAM'},{'JAM'},36,{1},5.0
2e699a55,2e699a544,2020-11-18,7,{'WEATHERHAZARD'},{'HAZARD_ON_SHOULDER_CAR_STOPPED'},44,{2},5.386363636363637
2e699a55,2e699a554,2020-10-12,11,{'WEATHERHAZARD'},{'HAZARD_ON_SHOULDER_CAR_STOPPED'},34,{2},5.0
2e699a55,2e699a55c,2020-09-01,13,{'WEATHERHAZARD'},{'HAZARD_ON_SHOULDER_CAR_STOPPED'},44,{2},5.431818181818182
2e699a55,2e699a55c,2020-10-28,19,"{'JAM', 'WEATHERHAZARD'}","{'JAM', 'HAZARD_ON_ROAD'}",62,{1},5.0
2e699a57,2e699a564,2020-10-21,13,{'JAM'},{'JAM_STAND_STILL_TRAFFIC'},32,{1},5.0
2e699a57,2e699a564,2020-10-30,11,"{'WEATHERHAZARD', 'ACCIDENT'}","{'WEATHERHAZARD', 'ACCIDENT'}",152,{1},5.0
2e699a57,2e699a564,2020-10-30,13,"{'JAM', 'WEATHERHAZARD', 'ACCIDENT'}","{'JAM', 'WEATHERHAZARD', 'ACCIDENT'}",184,{1},5.0
2e699a57,2e699a56c,2020-09-01,13,{'WEATHERHAZARD'},{'HAZARD_ON_SHOULDER_CAR_STOPPED'},31,{20},5.0
2e699a57,2e699a56c,2020-09-10,12,{'WEATHERHAZARD'},{'HAZARD_ON_SHOULDER_CAR_STOPPED'},31,{20},5.903225806451613
2e699a57,2e699a56c,2020-10-09,7,{'WEATHERHAZARD'},{'HAZARD_ON_ROAD_CAR_STOPPED'},27,{2},5.0
2e699a57,2e699a56c,2020-10-20,23,{'JAM'},{'JAM'},30,{17},5.0
2e699a57,2e699a56c,2020-11-17,7,{'WEATHERHAZARD'},{'HAZARD_ON_SHOULDER_CAR_STOPPED'},30,{2},5.0
2e699a57,2e699a574,2020-10-08,7,{'WEATHERHAZARD'},{'HAZARD_ON_ROAD_OBJECT'},60,{2},5.0
2e699a59,2e699a584,2020-09-01,12,{'WEATHERHAZARD'},{'HAZARD_ON_SHOULDER_CAR_STOPPED'},32,{2},5.0
2e699a59,2e699a58c,2020-09-10,9,{'WEATHERHAZARD'},{'HAZARD_ON_SHOULDER_CAR_STOPPED'},30,{2},5.0
2e699a59,2e699a58c,2020-10-12,11,{'WEATHERHAZARD'},{'HAZARD_ON_ROAD_CONSTRUCTION'},82,{2},6.073170731707317
2e699a59,2e699a58c,2020-10-16,7,{'WEATHERHAZARD'},{'HAZARD_ON_SHOULDER_CAR_STOPPED'},34,{2},5.0
2e699a59,2e699a58c,2020-11-04,7,{'WEATHERHAZARD'},{'HAZARD_ON_SHOULDER_CAR_STOPPED'},32,{2},5.0
2e699a59,2e699a58c,2020-11-04,13,{'JAM'},{'JAM'},18,{2},5.0
2e699a59,2e699a58c,2020-11-05,7,{'JAM'},{'JAM_MODERATE_TRAFFIC'},30,{2},5.0
2e699a59,2e699a58c,2020-11-05,18,{'JAM'},{'JAM_MODERATE_TRAFFIC'},26,{2},8.0
2e699a59,2e699a58c,2020-11-06,7,{'JAM'},{'JAM_MODERATE_TRAFFIC'},12,{2},5.0
2e699a59,2e699a58c,2020-11-09,7,{'WEATHERHAZARD'},{'HAZARD_ON_SHOULDER_CAR_STOPPED'},31,{2},5.806451612903226
2e699a59,2e699a58c,2020-11-11,17,{'WEATHERHAZARD'},{'HAZARD_ON_ROAD_POT_HOLE'},102,{2},6.705882352941177
2e699a59,2e699a58c,2020-11-12,7,{'JAM'},{'JAM_MODERATE_TRAFFIC'},7,{2},5.0
2e699a59,2e699a58c,2020-11-16,7,{'WEATHERHAZARD'},{'HAZARD_ON_SHOULDER_CAR_STOPPED'},31,{2},5.0
2e699a59,2e699a58c,2020-11-20,14,{'JAM'},{'JAM_STAND_STILL_TRAFFIC'},13,{2},5.0
2e699a5b,2e699a5b4,2020-10-09,14,{'WEATHERHAZARD'},{'HAZARD_ON_SHOULDER_CAR_STOPPED'},30,{2},5.0
2e699a5b,2e699a5bc,2020-11-18,15,{'WEATHERHAZARD'},{'WEATHERHAZARD'},30,{2},5.0
2e699a5f,2e699a5ec,2020-09-01,9,{'JAM'},{'JAM_STAND_STILL_TRAFFIC'},7,{2},5.0
2e699a5f,2e699a5f4,2020-09-01,9,{'JAM'},{'JAM_STAND_STILL_TRAFFIC'},7,{2},5.0
2e699a5f,2e699a5f4,2020-09-09,6,{'JAM'},{'JAM_MODERATE_TRAFFIC'},4,{2},7.0
2e699a5f,2e699a5f4,2020-09-10,9,{'WEATHERHAZARD'},{'HAZARD_ON_SHOULDER_CAR_STOPPED'},34,{1},5.0
2e699a5f,2e699a5f4,2020-09-10,17,{'JAM'},{'JAM_HEAVY_TRAFFIC'},10,{2},5.0
2e699a5f,2e699a5f4,2020-09-17,15,{'WEATHERHAZARD'},{'HAZARD_ON_ROAD_CAR_STOPPED'},30,{2},5.333333333333333
2e699a5f,2e699a5f4,2020-10-01,17,{'JAM'},"{'JAM_MODERATE_TRAFFIC', 'JAM_HEAVY_TRAFFIC'}",53,{2},5.660377358490566
2e699a5f,2e699a5f4,2020-10-17,14,{'WEATHERHAZARD'},{'HAZARD_ON_ROAD_POT_HOLE'},1313,{2},9.833968012185833
2e699a5f,2e699a5f4,2020-10-26,17,{'JAM'},{'JAM_HEAVY_TRAFFIC'},70,{2},5.0
2e699a5f,2e699a5f4,2020-11-03,17,{'JAM'},{'JAM_HEAVY_TRAFFIC'},30,{2},5.0
2e699a5f,2e699a5f4,2020-11-04,17,{'JAM'},{'JAM_HEAVY_TRAFFIC'},32,{2},5.0
2e699a5f,2e699a5f4,2020-11-06,17,{'JAM'},{'JAM_STAND_STILL_TRAFFIC'},13,{2},5.0
2e699a5f,2e699a5f4,2020-11-17,15,{'WEATHERHAZARD'},{'HAZARD_ON_ROAD_POT_HOLE'},1298,{2},9.902927580893683
2e699a5f,2e699a5f4,2020-11-17,16,{'WEATHERHAZARD'},{'HAZARD_ON_SHOULDER_CAR_STOPPED'},33,{2},5.0
2e699a5f,2e699a5f4,2020-11-19,17,{'JAM'},{'JAM_HEAVY_TRAFFIC'},5,{2},5.0
2e699a61,2e699a604,2020-09-28,16,{'JAM'},{'JAM_MODERATE_TRAFFIC'},32,{7},5.0
2e699a61,2e699a604,2020-11-07,22,{'JAM'},{'JAM_STAND_STILL_TRAFFIC'},32,{7},5.0
2e699a61,2e699a60c,2020-11-02,14,{'JAM'},{'JAM_STAND_STILL_TRAFFIC'},7,{7},5.0
2e699a61,2e699a614,2020-11-13,22,{'JAM'},{'JAM_MODERATE_TRAFFIC'},33,{7},5.0
2e699a61,2e699a61c,2020-09-11,15,{'WEATHERHAZARD'},{'HAZARD_ON_SHOULDER_CAR_STOPPED'},32,{1},5.0
2e699a61,2e699a61c,2020-10-02,7,{'WEATHERHAZARD'},{'HAZARD_ON_SHOULDER_CAR_STOPPED'},30,{1},5.0
2e699a61,2e699a61c,2020-10-05,7,{'WEATHERHAZARD'},{'HAZARD_ON_SHOULDER_CAR_STOPPED'},30,{1},5.0
2e699a61,2e699a61c,2020-10-06,7,{'WEATHERHAZARD'},{'HAZARD_ON_SHOULDER_CAR_STOPPED'},32,{1},5.0
2e699a61,2e699a61c,2020-10-07,7,{'WEATHERHAZARD'},{'HAZARD_ON_SHOULDER_CAR_STOPPED'},31,{1},5.0
2e699a61,2e699a61c,2020-10-07,18,{'WEATHERHAZARD'},{'HAZARD_ON_SHOULDER_CAR_STOPPED'},31,{1},5.0
2e699a61,2e699a61c,2020-10-08,7,{'WEATHERHAZARD'},{'HAZARD_ON_SHOULDER_CAR_STOPPED'},30,{1},5.0
2e699a61,2e699a61c,2020-10-08,20,{'WEATHERHAZARD'},{'HAZARD_ON_ROAD_ROAD_KILL'},31,{1},5.0
2e699a61,2e699a61c,2020-10-09,7,{'WEATHERHAZARD'},{'HAZARD_ON_SHOULDER_CAR_STOPPED'},31,{1},5.0
2e699a61,2e699a61c,2020-10-12,7,{'WEATHERHAZARD'},{'HAZARD_ON_SHOULDER_CAR_STOPPED'},31,{1},5.0
2e699a61,2e699a61c,2020-10-12,8,{'WEATHERHAZARD'},{'HAZARD_ON_SHOULDER_CAR_STOPPED'},31,{1},5.0
2e699a61,2e699a61c,2020-10-12,18,{'WEATHERHAZARD'},{'HAZARD_ON_SHOULDER_CAR_STOPPED'},33,{1},5.0
2e699a61,2e699a61c,2020-10-13,7,{'WEATHERHAZARD'},{'HAZARD_ON_SHOULDER_CAR_STOPPED'},30,{1},5.0
2e699a61,2e699a61c,2020-10-13,19,{'WEATHERHAZARD'},{'HAZARD_ON_SHOULDER_CAR_STOPPED'},34,{1},5.0
2e699a61,2e699a61c,2020-10-14,7,{'WEATHERHAZARD'},{'HAZARD_ON_SHOULDER_CAR_STOPPED'},32,{1},5.0
2e699a61,2e699a61c,2020-10-15,7,{'WEATHERHAZARD'},{'HAZARD_ON_SHOULDER_CAR_STOPPED'},31,{1},5.0
2e699a61,2e699a61c,2020-10-15,19,{'WEATHERHAZARD'},{'HAZARD_ON_SHOULDER_CAR_STOPPED'},34,{1},5.0
2e699a61,2e699a61c,2020-10-16,7,{'WEATHERHAZARD'},{'HAZARD_ON_SHOULDER_CAR_STOPPED'},31,{1},5.0
2e699a61,2e699a61c,2020-10-19,7,{'WEATHERHAZARD'},{'HAZARD_ON_SHOULDER_CAR_STOPPED'},32,{1},5.0
2e699a61,2e699a61c,2020-10-19,14,{'WEATHERHAZARD'},{'HAZARD_ON_SHOULDER_CAR_STOPPED'},31,{1},5.0
2e699a61,2e699a61c,2020-10-21,7,{'WEATHERHAZARD'},{'HAZARD_ON_SHOULDER_CAR_STOPPED'},31,{1},5.0
2e699a61,2e699a61c,2020-10-22,7,{'WEATHERHAZARD'},{'HAZARD_ON_SHOULDER_CAR_STOPPED'},30,{1},5.0
2e699a61,2e699a61c,2020-10-26,7,{'WEATHERHAZARD'},{'HAZARD_ON_SHOULDER_CAR_STOPPED'},32,{1},5.0
2e699a61,2e699a61c,2020-10-26,20,{'WEATHERHAZARD'},{'HAZARD_ON_SHOULDER_CAR_STOPPED'},30,{1},5.0
2e699a61,2e699a61c,2020-10-28,7,{'WEATHERHAZARD'},{'HAZARD_ON_SHOULDER_CAR_STOPPED'},30,{1},5.0
2e699a61,2e699a61c,2020-10-28,18,{'WEATHERHAZARD'},{'HAZARD_ON_SHOULDER_CAR_STOPPED'},33,{1},5.0
2e699a61,2e699a61c,2020-11-02,7,{'WEATHERHAZARD'},{'HAZARD_ON_SHOULDER_CAR_STOPPED'},33,{1},5.0
2e699a61,2e699a61c,2020-11-04,7,{'WEATHERHAZARD'},{'HAZARD_ON_SHOULDER_CAR_STOPPED'},30,{1},5.0
2e699a61,2e699a61c,2020-11-05,7,{'WEATHERHAZARD'},{'HAZARD_ON_SHOULDER_CAR_STOPPED'},47,{1},5.319148936170213
2e699a61,2e699a61c,2020-11-06,7,{'WEATHERHAZARD'},{'HAZARD_ON_SHOULDER_CAR_STOPPED'},31,{1},5.0
2e699a61,2e699a61c,2020-11-06,13,{'WEATHERHAZARD'},{'HAZARD_ON_SHOULDER_CAR_STOPPED'},30,{1},6.0
2e699a61,2e699a61c,2020-11-09,7,{'WEATHERHAZARD'},{'HAZARD_ON_SHOULDER_CAR_STOPPED'},31,{1},5.0
2e699a61,2e699a61c,2020-11-09,19,{'WEATHERHAZARD'},{'HAZARD_ON_SHOULDER_CAR_STOPPED'},30,{1},5.0
2e699a61,2e699a61c,2020-11-11,7,{'WEATHERHAZARD'},{'HAZARD_ON_SHOULDER_CAR_STOPPED'},33,{1},5.0
2e699a61,2e699a61c,2020-11-11,20,{'WEATHERHAZARD'},{'HAZARD_ON_SHOULDER_CAR_STOPPED'},31,{1},5.0
2e699a61,2e699a61c,2020-11-12,15,{'WEATHERHAZARD'},{'HAZARD_ON_SHOULDER_CAR_STOPPED'},31,{1},5.0
2e699a61,2e699a61c,2020-11-16,7,{'WEATHERHAZARD'},{'HAZARD_ON_SHOULDER_CAR_STOPPED'},30,{1},5.0
2e699a61,2e699a61c,2020-11-16,20,{'WEATHERHAZARD'},{'HAZARD_ON_SHOULDER_CAR_STOPPED'},31,{1},5.0
2e699a61,2e699a61c,2020-11-17,7,{'WEATHERHAZARD'},{'HAZARD_ON_SHOULDER_CAR_STOPPED'},31,{1},5.0
2e699a61,2e699a61c,2020-11-18,7,{'WEATHERHAZARD'},{'HAZARD_ON_SHOULDER_CAR_STOPPED'},31,{1},5.0
2e699a63,2e699a62c,2020-09-01,18,{'WEATHERHAZARD'},{'HAZARD_ON_ROAD_ROAD_KILL'},32,{2},5.0
2e699a63,2e699a62c,2020-09-16,18,{'WEATHERHAZARD'},{'HAZARD_ON_ROAD_ROAD_KILL'},29,{2},5.0
2e699a63,2e699a62c,2020-09-26,1,"{'JAM', 'WEATHERHAZARD', 'ACCIDENT'}","{'JAM', 'HAZARD_WEATHER_FLOOD', 'ACCIDENT'}",183,{2},5.147540983606557
2e699a63,2e699a62c,2020-10-02,12,{'WEATHERHAZARD'},{'HAZARD_ON_ROAD_ROAD_KILL'},32,{2},5.0
2e699a63,2e699a62c,2020-10-06,8,{'WEATHERHAZARD'},{'HAZARD_ON_ROAD_OBJECT'},60,{2},5.75
2e699a63,2e699a62c,2020-10-14,20,{'WEATHERHAZARD'},{'HAZARD_ON_ROAD_ROAD_KILL'},30,{2},5.0
2e699a63,2e699a62c,2020-11-12,20,{'WEATHERHAZARD'},{'HAZARD_ON_ROAD_ROAD_KILL'},31,{2},5.0
2e699a63,2e699a62c,2020-11-19,19,{'WEATHERHAZARD'},{'HAZARD_ON_ROAD_ROAD_KILL'},30,{2},5.633333333333334
2e699a63,2e699a634,2020-10-23,17,{'JAM'},{'JAM_STAND_STILL_TRAFFIC'},31,{1},5.0
2e699a65,2e699a644,2020-09-14,11,{'JAM'},{'JAM_MODERATE_TRAFFIC'},30,{2},5.0
2e699a65,2e699a644,2020-10-23,17,{'JAM'},{'JAM_STAND_STILL_TRAFFIC'},62,{2},5.0
2e699a65,2e699a64c,2020-10-06,16,{'JAM'},{'JAM_HEAVY_TRAFFIC'},33,{2},5.0
2e699a65,2e699a64c,2020-10-23,17,{'JAM'},{'JAM_STAND_STILL_TRAFFIC'},32,{2},5.0
2e699a65,2e699a64c,2020-10-26,17,{'JAM'},{'JAM_STAND_STILL_TRAFFIC'},26,{2},5.961538461538462
2e699a65,2e699a65c,2020-10-15,16,{'JAM'},{'JAM_HEAVY_TRAFFIC'},30,{2},5.0
2e699a67,2e699a664,2020-09-02,17,{'JAM'},"{'JAM', 'JAM_STAND_STILL_TRAFFIC'}",63,{7},5.0
2e699a67,2e699a664,2020-09-15,17,{'JAM'},{'JAM_STAND_STILL_TRAFFIC'},62,"{2, 7}",5.0
2e699a67,2e699a664,2020-09-16,16,{'JAM'},{'JAM_STAND_STILL_TRAFFIC'},29,{7},5.0
2e699a67,2e699a664,2020-09-25,16,{'JAM'},{'JAM_STAND_STILL_TRAFFIC'},31,{7},5.0
2e699a67,2e699a664,2020-09-28,16,{'JAM'},{'JAM_HEAVY_TRAFFIC'},31,{7},5.0
2e699a67,2e699a664,2020-10-06,16,{'JAM'},{'JAM_HEAVY_TRAFFIC'},32,{7},5.0
2e699a67,2e699a664,2020-10-12,16,{'JAM'},{'JAM_HEAVY_TRAFFIC'},6,{7},5.0
2e699a67,2e699a664,2020-10-18,22,{'JAM'},{'JAM'},32,{7},5.0
2e699a67,2e699a664,2020-10-19,18,{'JAM'},{'JAM_STAND_STILL_TRAFFIC'},33,{2},5.454545454545454
2e699a67,2e699a664,2020-10-23,17,{'JAM'},{'JAM_STAND_STILL_TRAFFIC'},33,{7},5.0
2e699a67,2e699a664,2020-10-23,18,{'JAM'},{'JAM_HEAVY_TRAFFIC'},59,{7},5.0
2e699a67,2e699a664,2020-10-28,16,{'JAM'},{'JAM_STAND_STILL_TRAFFIC'},97,{7},5.298969072164948
2e699a67,2e699a664,2020-11-02,17,{'JAM'},{'JAM_HEAVY_TRAFFIC'},35,{7},5.0
2e699a67,2e699a664,2020-11-05,16,{'JAM'},{'JAM_STAND_STILL_TRAFFIC'},92,{7},5.0
2e699a67,2e699a664,2020-11-05,17,{'JAM'},{'JAM_HEAVY_TRAFFIC'},32,{7},5.0
2e699a67,2e699a664,2020-11-09,17,{'JAM'},{'JAM_STAND_STILL_TRAFFIC'},42,{7},5.428571428571429
2e699a67,2e699a66c,2020-09-24,16,{'JAM'},{'JAM_MODERATE_TRAFFIC'},32,{7},5.0
2e699a69,2e699a68c,2020-09-01,16,{'JAM'},{'JAM_MODERATE_TRAFFIC'},32,{7},5.0
2e699a69,2e699a68c,2020-09-02,17,{'JAM'},{'JAM'},30,{7},6.0
2e699a69,2e699a68c,2020-09-16,16,{'JAM'},{'JAM_HEAVY_TRAFFIC'},34,{7},5.470588235294118
2e699a69,2e699a68c,2020-09-30,17,{'JAM'},{'JAM_HEAVY_TRAFFIC'},30,{7},5.0
2e699a69,2e699a68c,2020-10-01,16,{'JAM'},{'JAM_HEAVY_TRAFFIC'},30,{7},5.0
2e699a69,2e699a68c,2020-10-02,18,{'JAM'},{'JAM_HEAVY_TRAFFIC'},31,{7},5.0
2e699a69,2e699a68c,2020-10-03,16,{'JAM'},{'JAM_HEAVY_TRAFFIC'},31,{7},5.0
2e699a69,2e699a68c,2020-10-09,16,{'JAM'},{'JAM_STAND_STILL_TRAFFIC'},31,{7},5.0
2e699a69,2e699a68c,2020-10-17,20,{'JAM'},{'JAM_HEAVY_TRAFFIC'},31,{7},5.0
2e699a69,2e699a68c,2020-10-18,23,{'JAM'},{'JAM'},8,{1},5.0
2e699a69,2e699a68c,2020-10-21,7,{'JAM'},{'JAM_HEAVY_TRAFFIC'},35,{7},5.0
2e699a69,2e699a68c,2020-10-26,17,{'JAM'},{'JAM_HEAVY_TRAFFIC'},32,{7},7.15625
2e699a69,2e699a68c,2020-10-27,16,{'JAM'},{'JAM_STAND_STILL_TRAFFIC'},34,{7},5.0
2e699a69,2e699a68c,2020-11-02,16,{'JAM'},{'JAM_HEAVY_TRAFFIC'},30,{7},5.0
2e699a69,2e699a68c,2020-11-04,19,{'JAM'},{'JAM_HEAVY_TRAFFIC'},32,{7},5.0
2e699a69,2e699a68c,2020-11-05,7,{'JAM'},{'JAM_HEAVY_TRAFFIC'},31,{7},5.709677419354839
2e699a69,2e699a68c,2020-11-05,18,{'JAM'},{'JAM_HEAVY_TRAFFIC'},32,{7},5.0
2e699a69,2e699a694,2020-09-28,17,{'JAM'},{'JAM_STAND_STILL_TRAFFIC'},30,{7},5.0
2e699a69,2e699a694,2020-10-04,20,{'JAM'},{'JAM_HEAVY_TRAFFIC'},30,{7},5.966666666666667
2e699a69,2e699a694,2020-10-08,18,{'JAM'},{'JAM_HEAVY_TRAFFIC'},31,{7},5.0
2e699a69,2e699a694,2020-10-12,16,{'JAM'},{'JAM_STAND_STILL_TRAFFIC'},30,{2},5.0
2e699a69,2e699a694,2020-10-17,17,{'JAM'},{'JAM_HEAVY_TRAFFIC'},31,{2},5.0
2e699a69,2e699a694,2020-10-22,6,{'JAM'},{'JAM_MODERATE_TRAFFIC'},37,{7},5.0
2e699a69,2e699a694,2020-10-23,17,{'JAM'},{'JAM_STAND_STILL_TRAFFIC'},62,{7},5.0
2e699a69,2e699a694,2020-10-23,18,{'JAM'},{'JAM_STAND_STILL_TRAFFIC'},31,{7},5.903225806451613
2e699a69,2e699a694,2020-10-24,18,{'JAM'},{'JAM'},32,{7},5.0
2e699a69,2e699a694,2020-11-02,7,{'JAM'},{'JAM_STAND_STILL_TRAFFIC'},10,{7},5.0
2e699a69,2e699a694,2020-11-02,17,{'JAM'},{'JAM_HEAVY_TRAFFIC'},34,{7},5.0
2e699a69,2e699a694,2020-11-05,16,{'JAM'},{'JAM_HEAVY_TRAFFIC'},40,{7},5.4
2e699a69,2e699a694,2020-11-05,17,{'JAM'},{'JAM_STAND_STILL_TRAFFIC'},34,{7},5.0
2e699a69,2e699a694,2020-11-20,18,{'JAM'},{'JAM_HEAVY_TRAFFIC'},32,{7},5.8125
2e699a69,2e699a694,2020-11-21,17,{'JAM'},{'JAM_STAND_STILL_TRAFFIC'},13,{7},5.0
2e699a6b,2e699a6b4,2020-09-15,18,{'JAM'},{'JAM_STAND_STILL_TRAFFIC'},7,{7},5.0
2e699a6b,2e699a6b4,2020-09-28,16,{'JAM'},{'JAM_STAND_STILL_TRAFFIC'},31,{7},5.0
2e699a6b,2e699a6b4,2020-09-30,17,{'JAM'},{'JAM_STAND_STILL_TRAFFIC'},7,{7},6.428571428571429
2e699a6b,2e699a6b4,2020-10-09,18,{'JAM'},{'JAM_STAND_STILL_TRAFFIC'},31,{7},5.0
2e699a6b,2e699a6b4,2020-10-15,16,{'JAM'},{'JAM_STAND_STILL_TRAFFIC'},15,{7},5.0
2e699a6b,2e699a6b4,2020-10-21,17,{'JAM'},{'JAM_STAND_STILL_TRAFFIC'},31,{7},5.0
2e699a6b,2e699a6b4,2020-10-25,15,{'JAM'},{'JAM_HEAVY_TRAFFIC'},32,{7},6.3125
2e699a6b,2e699a6b4,2020-10-25,17,{'JAM'},{'JAM_HEAVY_TRAFFIC'},31,{7},5.0
2e699a6b,2e699a6b4,2020-10-26,17,{'JAM'},{'JAM_HEAVY_TRAFFIC'},17,{7},8.882352941176471
2e699a6b,2e699a6b4,2020-10-30,17,{'JAM'},{'JAM_HEAVY_TRAFFIC'},31,{7},5.0
2e699a6b,2e699a6b4,2020-11-07,16,{'JAM'},{'JAM_HEAVY_TRAFFIC'},43,{7},5.790697674418604
2e699a6b,2e699a6b4,2020-11-07,17,{'JAM'},{'JAM_STAND_STILL_TRAFFIC'},21,{7},5.857142857142857
2e699a6b,2e699a6b4,2020-11-10,18,{'JAM'},{'JAM'},32,{7},5.0
2e699a6b,2e699a6bc,2020-09-15,18,{'JAM'},{'JAM'},6,{7},5.0
2e699a6b,2e699a6bc,2020-10-08,15,{'JAM'},{'JAM_HEAVY_TRAFFIC'},31,{7},5.0
2e699a6b,2e699a6bc,2020-10-08,18,{'JAM'},{'JAM_HEAVY_TRAFFIC'},31,{7},5.870967741935484
2e699a6b,2e699a6bc,2020-10-09,19,{'JAM'},{'JAM_HEAVY_TRAFFIC'},30,{7},5.0
2e699a6b,2e699a6bc,2020-10-12,18,{'JAM'},{'JAM_HEAVY_TRAFFIC'},43,{7},5.372093023255814
2e699a6b,2e699a6bc,2020-10-17,17,{'JAM'},{'JAM_STAND_STILL_TRAFFIC'},32,{7},5.0
2e699a6b,2e699a6bc,2020-10-26,17,{'WEATHERHAZARD'},{'HAZARD_WEATHER_FLOOD'},29,{7},5.724137931034483
2e699a6b,2e699a6bc,2020-10-31,12,{'JAM'},{'JAM'},31,{7},5.0
2e699a6b,2e699a6bc,2020-10-31,17,{'JAM'},{'JAM_STAND_STILL_TRAFFIC'},31,{7},5.0
2e699a6b,2e699a6bc,2020-11-02,17,{'JAM'},{'JAM_HEAVY_TRAFFIC'},33,{7},5.0
2e699a6b,2e699a6bc,2020-11-05,16,{'JAM'},{'JAM_STAND_STILL_TRAFFIC'},32,{7},5.0
2e699a6b,2e699a6bc,2020-11-06,17,{'JAM'},{'JAM_HEAVY_TRAFFIC'},11,{7},5.0
2e699a6b,2e699a6bc,2020-11-07,14,{'JAM'},{'JAM_MODERATE_TRAFFIC'},33,{7},5.0
2e699a6b,2e699a6bc,2020-11-07,16,{'JAM'},{'JAM_HEAVY_TRAFFIC'},4,{7},6.0
2e699a6b,2e699a6bc,2020-11-17,15,{'JAM'},{'JAM_MODERATE_TRAFFIC'},8,{7},8.0
2e699a6b,2e699a6bc,2020-11-20,18,{'JAM'},"{'JAM_STAND_STILL_TRAFFIC', 'JAM_HEAVY_TRAFFIC'}",44,{7},5.0
2e699a6d,2e699a6c4,2020-10-17,19,{'JAM'},{'JAM_STAND_STILL_TRAFFIC'},33,{2},5.0
2e699a6d,2e699a6d4,2020-11-06,18,{'JAM'},{'JAM'},30,{1},5.0
2e699a6d,2e699a6dc,2020-10-15,19,{'JAM'},{'JAM'},30,{2},5.0
2e699a89,2e699a894,2020-10-06,7,{'WEATHERHAZARD'},{'HAZARD_ON_ROAD_ROAD_KILL'},35,{2},6.2
2e699a89,2e699a894,2020-10-07,7,{'WEATHERHAZARD'},{'HAZARD_ON_ROAD_ROAD_KILL'},30,{2},5.0
2e699a89,2e699a894,2020-10-08,7,{'WEATHERHAZARD'},{'HAZARD_ON_ROAD_ROAD_KILL'},30,{2},5.0
2e699a89,2e699a894,2020-10-08,17,{'JAM'},{'JAM_HEAVY_TRAFFIC'},31,{1},5.0
2e699a89,2e699a894,2020-10-09,7,{'WEATHERHAZARD'},{'HAZARD_ON_ROAD_ROAD_KILL'},31,{2},5.0
2e699a89,2e699a894,2020-10-12,7,{'WEATHERHAZARD'},{'HAZARD_ON_ROAD_ROAD_KILL'},30,{2},5.966666666666667
2e699a89,2e699a894,2020-10-15,7,{'WEATHERHAZARD'},{'HAZARD_ON_ROAD_ROAD_KILL'},31,{2},5.0
2e699a89,2e699a894,2020-10-15,19,{'WEATHERHAZARD'},{'HAZARD_ON_ROAD_ROAD_KILL'},30,{2},5.0
2e699a89,2e699a894,2020-10-18,12,{'JAM'},{'JAM'},30,{1},5.0
2e699a89,2e699a894,2020-10-20,19,{'WEATHERHAZARD'},{'HAZARD_ON_SHOULDER_CAR_STOPPED'},37,{2},5.0
2e699a89,2e699a894,2020-10-26,7,{'WEATHERHAZARD'},{'HAZARD_ON_ROAD_ROAD_KILL'},31,{1},5.0
2e699a89,2e699a894,2020-10-28,7,{'WEATHERHAZARD'},{'HAZARD_ON_ROAD_ROAD_KILL'},31,{2},6.129032258064516
2e699a89,2e699a894,2020-11-06,7,{'WEATHERHAZARD'},{'HAZARD_ON_ROAD_ROAD_KILL'},30,{2},5.633333333333334
2e699a89,2e699a894,2020-11-11,7,{'WEATHERHAZARD'},{'HAZARD_ON_ROAD_ROAD_KILL'},30,{2},5.466666666666667
2e699a89,2e699a894,2020-11-16,7,{'WEATHERHAZARD'},{'HAZARD_ON_ROAD_ROAD_KILL'},31,{2},5.0
2e699a89,2e699a894,2020-11-17,7,{'WEATHERHAZARD'},{'HAZARD_ON_ROAD_ROAD_KILL'},24,{2},5.875
2e699a89,2e699a894,2020-11-19,7,{'WEATHERHAZARD'},{'HAZARD_ON_ROAD_ROAD_KILL'},9,{2},5.777777777777778
2e699a89,2e699a89c,2020-09-07,18,{'WEATHERHAZARD'},{'HAZARD_ON_SHOULDER_CAR_STOPPED'},30,{1},5.0
2e699a89,2e699a89c,2020-09-16,18,{'WEATHERHAZARD'},{'HAZARD_ON_SHOULDER_CAR_STOPPED'},30,{1},5.0
2e699a89,2e699a89c,2020-10-02,12,{'WEATHERHAZARD'},{'HAZARD_ON_SHOULDER_CAR_STOPPED'},33,{1},5.0
2e699a89,2e699a89c,2020-10-05,19,{'WEATHERHAZARD'},{'HAZARD_ON_SHOULDER_CAR_STOPPED'},31,{1},5.0
2e699a89,2e699a89c,2020-10-06,19,{'WEATHERHAZARD'},{'HAZARD_ON_SHOULDER_CAR_STOPPED'},30,{1},5.0
2e699a89,2e699a89c,2020-10-09,14,{'WEATHERHAZARD'},{'HAZARD_ON_SHOULDER_CAR_STOPPED'},32,{1},5.0
2e699a89,2e699a89c,2020-10-14,20,{'WEATHERHAZARD'},{'HAZARD_ON_SHOULDER_CAR_STOPPED'},31,{1},5.0
2e699a89,2e699a89c,2020-10-16,19,{'WEATHERHAZARD'},{'HAZARD_ON_SHOULDER_CAR_STOPPED'},29,{1},5.0
2e699a89,2e699a89c,2020-10-21,20,{'WEATHERHAZARD'},{'HAZARD_ON_SHOULDER_CAR_STOPPED'},32,{2},5.0
2e699a89,2e699a89c,2020-10-22,19,{'WEATHERHAZARD'},{'HAZARD_ON_SHOULDER_CAR_STOPPED'},30,{1},5.0
2e699a89,2e699a89c,2020-10-27,13,{'WEATHERHAZARD'},{'HAZARD_ON_SHOULDER_CAR_STOPPED'},31,{1},5.0
2e699a89,2e699a89c,2020-11-02,19,{'WEATHERHAZARD'},{'HAZARD_ON_SHOULDER_CAR_STOPPED'},31,{1},5.0
2e699a89,2e699a89c,2020-11-04,8,{'WEATHERHAZARD'},{'HAZARD_ON_SHOULDER_CAR_STOPPED'},33,{1},5.0
2e699a89,2e699a89c,2020-11-05,12,{'WEATHERHAZARD'},{'HAZARD_ON_ROAD_ROAD_KILL'},31,{1},5.0
2e699a89,2e699a89c,2020-11-12,10,{'WEATHERHAZARD'},{'HAZARD_ON_SHOULDER_CAR_STOPPED'},31,{1},5.0
2e699a89,2e699a89c,2020-11-18,11,{'WEATHERHAZARD'},{'HAZARD_ON_SHOULDER_CAR_STOPPED'},31,{1},5.0
2e699a8b,2e699a8a4,2020-09-01,13,{'WEATHERHAZARD'},{'HAZARD_ON_SHOULDER_CAR_STOPPED'},30,{1},5.0
2e699a8b,2e699a8a4,2020-09-07,14,{'WEATHERHAZARD'},{'HAZARD_ON_SHOULDER_CAR_STOPPED'},34,{1},5.0
2e699a8b,2e699a8a4,2020-09-11,13,{'WEATHERHAZARD'},{'HAZARD_ON_SHOULDER_CAR_STOPPED'},33,{1},5.0
2e699a8b,2e699a8a4,2020-10-02,7,{'WEATHERHAZARD'},{'HAZARD_ON_SHOULDER_CAR_STOPPED'},30,{1},5.033333333333333
2e699a8b,2e699a8a4,2020-10-06,11,{'WEATHERHAZARD'},{'HAZARD_ON_SHOULDER_CAR_STOPPED'},30,{1},5.0
2e699a8b,2e699a8a4,2020-10-12,11,{'WEATHERHAZARD'},{'HAZARD_ON_SHOULDER_CAR_STOPPED'},33,{1},5.0
2e699a8b,2e699a8a4,2020-10-12,19,{'WEATHERHAZARD'},{'HAZARD_ON_SHOULDER_CAR_STOPPED'},30,{1},5.0
2e699a8b,2e699a8a4,2020-10-27,7,{'WEATHERHAZARD'},{'HAZARD_ON_SHOULDER_CAR_STOPPED'},30,{1},5.0
2e699a8b,2e699a8a4,2020-11-12,7,{'WEATHERHAZARD'},{'HAZARD_ON_SHOULDER_CAR_STOPPED'},31,{1},5.0
2e699a8b,2e699a8ac,2020-09-23,10,{'JAM'},{'JAM_STAND_STILL_TRAFFIC'},30,{7},5.0
2e699a8b,2e699a8b4,2020-10-27,7,{'JAM'},{'JAM_HEAVY_TRAFFIC'},13,{2},5.230769230769231
2e699a8b,2e699a8bc,2020-09-01,13,{'WEATHERHAZARD'},{'HAZARD_ON_SHOULDER'},37,{1},5.0
2e699a8b,2e699a8bc,2020-09-16,13,{'WEATHERHAZARD'},{'HAZARD_ON_SHOULDER_CAR_STOPPED'},30,{1},5.0
2e699a8b,2e699a8bc,2020-10-01,7,{'WEATHERHAZARD'},{'HAZARD_ON_SHOULDER_CAR_STOPPED'},32,{1},5.0
2e699a8b,2e699a8bc,2020-10-11,16,"{'JAM', 'ACCIDENT'}","{'JAM_MODERATE_TRAFFIC', 'ACCIDENT'}",141,{17},5.0
2e699a8b,2e699a8bc,2020-10-16,7,{'WEATHERHAZARD'},{'HAZARD_ON_ROAD_ROAD_KILL'},32,{1},5.0
2e699a8d,2e699a8c4,2020-09-01,18,{'WEATHERHAZARD'},{'HAZARD_ON_ROAD_OBJECT'},62,{2},6.0
2e699a8d,2e699a8c4,2020-09-02,17,{'JAM'},{'JAM_STAND_STILL_TRAFFIC'},31,{2},6.0
2e699a8d,2e699a8c4,2020-09-03,16,{'JAM'},{'JAM_STAND_STILL_TRAFFIC'},5,{2},5.0
2e699a8d,2e699a8c4,2020-09-04,17,{'JAM'},{'JAM_STAND_STILL_TRAFFIC'},30,{2},5.0
2e699a8d,2e699a8c4,2020-10-01,7,{'WEATHERHAZARD'},{'HAZARD_ON_SHOULDER_CAR_STOPPED'},19,{2},5.526315789473684
2e699a8d,2e699a8c4,2020-10-07,18,{'WEATHERHAZARD'},{'HAZARD_ON_ROAD_OBJECT'},60,{2},5.0
2e699a8d,2e699a8c4,2020-10-08,20,{'WEATHERHAZARD'},{'HAZARD_ON_SHOULDER_CAR_STOPPED'},31,{2},5.870967741935484
2e699a8d,2e699a8c4,2020-10-12,8,{'WEATHERHAZARD'},{'HAZARD_ON_ROAD_OBJECT'},61,{2},5.0
2e699a8d,2e699a8c4,2020-10-12,19,{'WEATHERHAZARD'},{'HAZARD_ON_SHOULDER_CAR_STOPPED'},31,{2},6.258064516129032
2e699a8d,2e699a8c4,2020-10-13,7,{'WEATHERHAZARD'},{'HAZARD_ON_ROAD_OBJECT'},61,{2},5.934426229508197
2e699a8d,2e699a8c4,2020-10-13,19,{'WEATHERHAZARD'},{'HAZARD_ON_ROAD_OBJECT'},62,{2},5.82258064516129
2e699a8d,2e699a8c4,2020-10-14,7,{'WEATHERHAZARD'},{'HAZARD_ON_ROAD_OBJECT'},60,{2},6.4
2e699a8d,2e699a8c4,2020-10-16,17,{'JAM'},{'JAM_STAND_STILL_TRAFFIC'},11,{2},5.0
2e699a8d,2e699a8c4,2020-10-19,7,{'WEATHERHAZARD'},{'HAZARD_ON_ROAD_OBJECT'},64,{2},5.0
2e699a8d,2e699a8c4,2020-10-19,17,{'JAM'},{'JAM_STAND_STILL_TRAFFIC'},34,{2},7.705882352941177
2e699a8d,2e699a8c4,2020-10-20,7,{'WEATHERHAZARD'},{'HAZARD_ON_ROAD_OBJECT'},60,{2},5.45
2e699a8d,2e699a8c4,2020-10-20,19,{'WEATHERHAZARD'},{'HAZARD_ON_SHOULDER_CAR_STOPPED'},33,{2},5.0
2e699a8d,2e699a8c4,2020-10-21,7,{'WEATHERHAZARD'},{'HAZARD_ON_ROAD_OBJECT'},60,{2},6.216666666666667
2e699a8d,2e699a8c4,2020-10-22,19,{'WEATHERHAZARD'},{'HAZARD_ON_SHOULDER_CAR_STOPPED'},32,{2},5.84375
2e699a8d,2e699a8c4,2020-10-23,17,{'JAM'},{'JAM_STAND_STILL_TRAFFIC'},72,{2},5.902777777777778
2e699a8d,2e699a8c4,2020-10-26,20,{'WEATHERHAZARD'},{'HAZARD_ON_ROAD_OBJECT'},60,{2},5.0
2e699a8d,2e699a8c4,2020-10-27,17,{'JAM'},{'JAM_STAND_STILL_TRAFFIC'},38,{2},5.921052631578948
2e699a8d,2e699a8c4,2020-10-28,17,{'JAM'},{'JAM_STAND_STILL_TRAFFIC'},9,{2},5.0
2e699a8d,2e699a8c4,2020-11-02,7,{'WEATHERHAZARD'},{'HAZARD_ON_ROAD_OBJECT'},43,{2},5.953488372093023
2e699a8d,2e699a8c4,2020-11-04,7,{'WEATHERHAZARD'},"{'HAZARD_ON_SHOULDER_CAR_STOPPED', 'HAZARD_ON_ROAD_CAR_STOPPED'}",63,{2},6.412698412698413
2e699a8d,2e699a8c4,2020-11-05,7,{'JAM'},{'JAM_MODERATE_TRAFFIC'},30,{2},5.0
2e699a8d,2e699a8c4,2020-11-09,7,{'WEATHERHAZARD'},{'HAZARD_ON_ROAD_OBJECT'},16,{2},6.125
2e699a8d,2e699a8c4,2020-11-09,17,{'JAM'},{'JAM_STAND_STILL_TRAFFIC'},8,{2},5.0
2e699a8d,2e699a8c4,2020-11-10,17,{'JAM'},{'JAM_STAND_STILL_TRAFFIC'},20,{2},5.75
2e699a8d,2e699a8c4,2020-11-12,7,{'JAM'},{'JAM_MODERATE_TRAFFIC'},35,{2},5.857142857142857
2e699a8d,2e699a8c4,2020-11-12,15,{'WEATHERHAZARD'},{'HAZARD_ON_SHOULDER_CAR_STOPPED'},31,{2},5.0
2e699a8d,2e699a8c4,2020-11-16,20,{'WEATHERHAZARD'},{'HAZARD_ON_ROAD_OBJECT'},63,{2},5.0
2e699a8d,2e699a8c4,2020-11-18,7,{'WEATHERHAZARD'},{'HAZARD_ON_ROAD_OBJECT'},60,{2},5.933333333333334
2e699a8d,2e699a8cc,2020-09-02,17,{'JAM'},{'JAM_STAND_STILL_TRAFFIC'},35,{7},5.0
2e699a8d,2e699a8cc,2020-09-04,17,{'JAM'},{'JAM'},41,{7},6.2926829268292686
2e699a8d,2e699a8cc,2020-09-07,17,{'JAM'},{'JAM'},32,{7},7.90625
2e699a8d,2e699a8cc,2020-10-05,7,{'WEATHERHAZARD'},{'HAZARD_ON_SHOULDER_CAR_STOPPED'},43,{2},5.348837209302325
2e699a8d,2e699a8cc,2020-10-12,17,{'JAM'},{'JAM_STAND_STILL_TRAFFIC'},31,{2},5.0
2e699a8d,2e699a8cc,2020-10-14,20,{'WEATHERHAZARD'},{'HAZARD_ON_SHOULDER_CAR_STOPPED'},31,{2},5.0
2e699a8d,2e699a8cc,2020-10-16,17,{'JAM'},{'JAM_STAND_STILL_TRAFFIC'},31,{2},5.967741935483871
2e699a8d,2e699a8cc,2020-10-19,14,{'WEATHERHAZARD'},{'HAZARD_ON_SHOULDER_CAR_STOPPED'},44,{2},5.340909090909091
2e699a8d,2e699a8cc,2020-10-19,17,{'JAM'},{'JAM_STAND_STILL_TRAFFIC'},44,{2},9.795454545454545
2e699a8d,2e699a8cc,2020-10-21,20,{'WEATHERHAZARD'},{'HAZARD_ON_SHOULDER_CAR_STOPPED'},31,{2},5.0
2e699a8d,2e699a8cc,2020-10-26,17,{'JAM'},{'JAM_STAND_STILL_TRAFFIC'},45,{2},5.355555555555555
2e699a8d,2e699a8cc,2020-10-26,18,{'JAM'},{'JAM_STAND_STILL_TRAFFIC'},28,{2},6.892857142857143
2e699a8d,2e699a8cc,2020-10-27,7,"{'JAM', 'WEATHERHAZARD'}","{'HAZARD_ON_ROAD_CAR_STOPPED', 'JAM_HEAVY_TRAFFIC'}",50,{2},7.22
2e699a8d,2e699a8cc,2020-10-27,17,{'JAM'},{'JAM_STAND_STILL_TRAFFIC'},33,{2},6.0
2e699a8d,2e699a8cc,2020-10-28,17,{'JAM'},{'JAM_STAND_STILL_TRAFFIC'},30,{2},5.966666666666667
2e699a8d,2e699a8cc,2020-11-02,17,{'JAM'},{'JAM_STAND_STILL_TRAFFIC'},31,{2},5.0
2e699a8d,2e699a8cc,2020-11-03,17,{'JAM'},{'JAM_STAND_STILL_TRAFFIC'},22,{2},5.0
2e699a8d,2e699a8cc,2020-11-05,14,{'JAM'},{'JAM_STAND_STILL_TRAFFIC'},29,{2},5.0
2e699a8d,2e699a8cc,2020-11-05,17,{'JAM'},{'JAM_STAND_STILL_TRAFFIC'},30,{2},5.0
2e699a8d,2e699a8cc,2020-11-06,7,{'JAM'},{'JAM_HEAVY_TRAFFIC'},6,{2},5.0
2e699a8d,2e699a8cc,2020-11-09,17,{'JAM'},{'JAM_STAND_STILL_TRAFFIC'},33,{2},5.96969696969697
2e699a8d,2e699a8cc,2020-11-10,17,{'WEATHERHAZARD'},{'HAZARD_ON_ROAD_CAR_STOPPED'},32,{2},5.875
2e699a8d,2e699a8cc,2020-11-12,7,{'JAM'},{'JAM_HEAVY_TRAFFIC'},10,{2},5.0
2e699a8d,2e699a8cc,2020-11-16,16,{'JAM'},{'JAM_STAND_STILL_TRAFFIC'},30,{2},6.933333333333334
2e699a8d,2e699a8cc,2020-11-18,11,{'WEATHERHAZARD'},{'HAZARD_ON_SHOULDER_CAR_STOPPED'},30,{2},6.633333333333334
2e699a8d,2e699a8cc,2020-11-18,17,{'JAM'},{'JAM_STAND_STILL_TRAFFIC'},30,{2},6.0
2e699a8d,2e699a8d4,2020-09-14,16,{'JAM'},{'JAM_MODERATE_TRAFFIC'},31,{1},5.0
2e699a8d,2e699a8d4,2020-10-05,16,{'JAM'},{'JAM_MODERATE_TRAFFIC'},33,{1},5.0
2e699a8d,2e699a8dc,2020-09-15,16,{'JAM'},{'JAM_HEAVY_TRAFFIC'},6,{2},5.0
2e699a8d,2e699a8dc,2020-10-09,14,{'WEATHERHAZARD'},{'HAZARD_ON_SHOULDER_CAR_STOPPED'},44,{2},5.363636363636363
2e699a8d,2e699a8dc,2020-10-12,7,{'JAM'},{'JAM_MODERATE_TRAFFIC'},6,{2},5.0
2e699a8d,2e699a8dc,2020-10-13,16,{'JAM'},{'JAM_HEAVY_TRAFFIC'},32,{2},5.0
2e699a8d,2e699a8dc,2020-10-13,17,{'JAM'},{'JAM_HEAVY_TRAFFIC'},33,{2},5.0
2e699a8d,2e699a8dc,2020-10-16,17,{'JAM'},{'JAM_STAND_STILL_TRAFFIC'},31,{2},6.0
2e699a8d,2e699a8dc,2020-10-19,17,{'JAM'},{'JAM_STAND_STILL_TRAFFIC'},31,{2},5.0
2e699a8d,2e699a8dc,2020-10-21,17,{'JAM'},{'JAM_STAND_STILL_TRAFFIC'},30,{2},5.0
2e699a8d,2e699a8dc,2020-10-26,18,{'JAM'},{'JAM_STAND_STILL_TRAFFIC'},57,{2},7.368421052631579
2e699a8d,2e699a8dc,2020-10-28,18,{'WEATHERHAZARD'},{'HAZARD_ON_ROAD_OBJECT'},48,{2},5.791666666666667
2e699a8d,2e699a8dc,2020-11-02,17,{'JAM'},{'JAM_STAND_STILL_TRAFFIC'},31,{2},5.935483870967742
2e699a8d,2e699a8dc,2020-11-05,17,{'JAM'},{'JAM_STAND_STILL_TRAFFIC'},33,{2},5.0
2e699a8d,2e699a8dc,2020-11-09,19,{'WEATHERHAZARD'},{'HAZARD_ON_ROAD_OBJECT'},62,{2},5.0
2e699a8d,2e699a8dc,2020-11-11,20,{'WEATHERHAZARD'},{'HAZARD_ON_SHOULDER_CAR_STOPPED'},33,{2},5.0
2e699a8d,2e699a8dc,2020-11-12,20,{'JAM'},{'JAM_MODERATE_TRAFFIC'},31,{2},5.0
2e699a8d,2e699a8dc,2020-11-17,10,{'WEATHERHAZARD'},{'HAZARD_ON_ROAD_OBJECT'},62,{2},5.0
2e699a8f,2e699a8e4,2020-09-15,17,{'JAM'},{'JAM_STAND_STILL_TRAFFIC'},42,{2},6.333333333333333
2e699a8f,2e699a8e4,2020-10-05,17,{'JAM'},{'JAM_MODERATE_TRAFFIC'},31,{2},6.0
2e699a8f,2e699a8e4,2020-10-06,17,{'JAM'},{'JAM_STAND_STILL_TRAFFIC'},30,{2},5.0
2e699a8f,2e699a8e4,2020-10-13,17,{'JAM'},"{'JAM_STAND_STILL_TRAFFIC', 'JAM_HEAVY_TRAFFIC'}",24,{2},5.0
2e699a8f,2e699a8e4,2020-10-16,17,{'JAM'},{'JAM_STAND_STILL_TRAFFIC'},31,{2},6.0
2e699a8f,2e699a8e4,2020-10-21,17,{'JAM'},{'JAM_STAND_STILL_TRAFFIC'},26,{2},6.0
2e699a8f,2e699a8e4,2020-10-26,17,{'JAM'},{'JAM_HEAVY_TRAFFIC'},5,{2},5.0
2e699a8f,2e699a8e4,2020-10-26,18,{'JAM'},{'JAM_STAND_STILL_TRAFFIC'},63,{2},5.984126984126984
2e699a8f,2e699a8e4,2020-10-27,17,{'JAM'},{'JAM_STAND_STILL_TRAFFIC'},32,{2},5.0
2e699a8f,2e699a8e4,2020-11-02,17,{'JAM'},{'JAM_STAND_STILL_TRAFFIC'},58,{2},5.0
2e699a8f,2e699a8e4,2020-11-06,16,{'JAM'},{'JAM_MODERATE_TRAFFIC'},23,{2},5.0
2e699a8f,2e699a8ec,2020-10-16,16,{'JAM'},{'JAM_STAND_STILL_TRAFFIC'},31,{2},5.0
2e699a8f,2e699a8fc,2020-11-10,19,{'ROAD_CLOSED'},{'ROAD_CLOSED_EVENT'},28188,{1},6.944231587909749
2e699a91,2e699a904,2020-09-03,16,{'JAM'},{'JAM_MODERATE_TRAFFIC'},32,{1},5.0
2e699a91,2e699a904,2020-10-05,14,{'JAM'},{'JAM_STAND_STILL_TRAFFIC'},34,{2},5.0
2e699a91,2e699a904,2020-10-05,17,{'JAM'},"{'JAM', 'JAM_HEAVY_TRAFFIC'}",68,"{1, 2}",7.794117647058823
2e699a91,2e699a904,2020-10-07,11,{'JAM'},{'JAM_STAND_STILL_TRAFFIC'},21,{1},5.0
2e699a91,2e699a904,2020-10-26,17,{'JAM'},{'JAM_STAND_STILL_TRAFFIC'},42,{2},6.261904761904762
2e699a91,2e699a904,2020-11-06,13,{'WEATHERHAZARD'},{'HAZARD_ON_ROAD_POT_HOLE'},3492,{2},8.967926689576174
2e699a93,2e699a924,2020-09-02,16,{'JAM'},{'JAM_STAND_STILL_TRAFFIC'},6,{2},5.0
2e699a93,2e699a924,2020-09-18,17,{'JAM'},{'JAM_HEAVY_TRAFFIC'},8,{2},5.0
2e699a93,2e699a924,2020-09-25,10,{'JAM'},{'JAM_MODERATE_TRAFFIC'},5,{2},5.0
2e699a93,2e699a924,2020-10-02,17,{'JAM'},{'JAM_STAND_STILL_TRAFFIC'},30,{2},5.0
2e699a93,2e699a924,2020-10-26,17,{'JAM'},{'JAM_STAND_STILL_TRAFFIC'},4,{2},5.0
2e699a93,2e699a924,2020-10-27,17,{'JAM'},{'JAM_STAND_STILL_TRAFFIC'},32,{2},5.0
2e699a93,2e699a92c,2020-10-16,12,"{'JAM', 'ACCIDENT'}","{'JAM', 'ACCIDENT'}",152,{1},5.605263157894737
2e699a93,2e699a92c,2020-10-16,14,{'JAM'},{'JAM_HEAVY_TRAFFIC'},32,{1},5.0
2e699a93,2e699a934,2020-10-26,11,{'JAM'},{'JAM_STAND_STILL_TRAFFIC'},34,{2},5.0
2e699a95,2e699a954,2020-09-10,13,{'WEATHERHAZARD'},{'HAZARD_ON_SHOULDER_CAR_STOPPED'},30,{2},5.0
2e699a95,2e699a954,2020-09-16,18,{'WEATHERHAZARD'},{'HAZARD_ON_SHOULDER_CAR_STOPPED'},29,{2},5.0
2e699a95,2e699a954,2020-10-05,19,{'WEATHERHAZARD'},{'HAZARD_ON_SHOULDER_CAR_STOPPED'},31,{2},5.0
2e699a95,2e699a954,2020-10-06,19,{'WEATHERHAZARD'},{'HAZARD_ON_SHOULDER_CAR_STOPPED'},31,{2},5.0
2e699a95,2e699a954,2020-10-07,18,{'WEATHERHAZARD'},{'HAZARD_ON_SHOULDER_CAR_STOPPED'},30,{2},5.0
2e699a9b,2e699a9a4,2020-09-02,17,{'JAM'},{'JAM_MODERATE_TRAFFIC'},9,{1},5.0
2e699a9b,2e699a9a4,2020-10-05,13,{'JAM'},{'JAM_STAND_STILL_TRAFFIC'},10,{1},5.0
2e699a9b,2e699a9a4,2020-10-05,14,{'JAM'},{'JAM_STAND_STILL_TRAFFIC'},33,{1},5.0
2e699a9b,2e699a9a4,2020-10-05,15,{'JAM'},{'JAM_STAND_STILL_TRAFFIC'},29,{1},5.0
2e699a9b,2e699a9a4,2020-10-05,16,{'JAM'},{'JAM_STAND_STILL_TRAFFIC'},6,{1},5.0
2e699a9b,2e699a9a4,2020-10-05,17,{'JAM'},{'JAM_HEAVY_TRAFFIC'},30,{1},6.0
2e699a9b,2e699a9a4,2020-11-06,17,{'JAM'},{'JAM_MODERATE_TRAFFIC'},13,{1},8.0
2e699a9b,2e699a9a4,2020-11-10,11,{'JAM'},"{'JAM_MODERATE_TRAFFIC', 'JAM_HEAVY_TRAFFIC'}",36,{1},5.5
2e699a9b,2e699a9a4,2020-11-10,12,{'JAM'},{'JAM_STAND_STILL_TRAFFIC'},15,{1},5.0
2e699a9b,2e699a9a4,2020-11-13,17,{'JAM'},{'JAM_HEAVY_TRAFFIC'},31,{1},5.0
2e699a9b,2e699a9ac,2020-10-06,8,{'WEATHERHAZARD'},{'HAZARD_ON_ROAD_OBJECT'},61,{1},5.0
2e699a9b,2e699a9bc,2020-10-05,14,{'JAM'},{'JAM_HEAVY_TRAFFIC'},31,{1},5.0
2e699a9b,2e699a9bc,2020-10-06,17,{'JAM'},{'JAM_STAND_STILL_TRAFFIC'},26,{1},7.346153846153846
2e699a9b,2e699a9bc,2020-10-15,17,{'JAM'},{'JAM_HEAVY_TRAFFIC'},7,{1},5.0
2e699a9b,2e699a9bc,2020-10-21,16,{'JAM'},{'JAM_HEAVY_TRAFFIC'},30,{1},5.0
2e699a9b,2e699a9bc,2020-10-26,17,{'JAM'},{'JAM_HEAVY_TRAFFIC'},27,{1},5.0
2e699a9b,2e699a9bc,2020-11-12,17,{'JAM'},{'JAM_HEAVY_TRAFFIC'},31,{1},5.0
2e699a9d,2e699a9c4,2020-09-01,18,{'WEATHERHAZARD'},{'HAZARD_ON_ROAD_ROAD_KILL'},31,{1},5.0
2e699a9d,2e699a9c4,2020-09-03,16,{'JAM'},{'JAM_MODERATE_TRAFFIC'},28,{1},7.0
2e699a9d,2e699a9c4,2020-10-05,17,{'JAM'},{'JAM_HEAVY_TRAFFIC'},33,{1},5.0
2e699a9d,2e699a9c4,2020-11-06,17,{'JAM'},{'JAM_MODERATE_TRAFFIC'},6,{1},8.0
2e699a9d,2e699a9c4,2020-11-19,16,{'JAM'},{'JAM_MODERATE_TRAFFIC'},5,{1},6.0
2e699a9d,2e699a9d4,2020-09-03,16,{'JAM'},{'JAM_MODERATE_TRAFFIC'},4,{1},5.75
2e699a9d,2e699a9d4,2020-11-06,13,{'WEATHERHAZARD'},{'HAZARD_ON_ROAD_ROAD_KILL'},32,{1},5.09375
2e699a9d,2e699a9d4,2020-11-19,16,{'JAM'},{'JAM_MODERATE_TRAFFIC'},6,{1},6.0
2e699a9f,2e699a9fc,2020-09-18,13,{'WEATHERHAZARD'},{'WEATHERHAZARD'},32,{2},5.0
2e699aa1,2e699aa04,2020-11-03,13,{'WEATHERHAZARD'},{'WEATHERHAZARD'},30,{2},5.0
2e699aa5,2e699aa5c,2020-11-19,17,{'JAM'},{'JAM_MODERATE_TRAFFIC'},19,{1},5.7368421052631575
2e699aa7,2e699aa6c,2020-09-14,15,{'JAM'},{'JAM_STAND_STILL_TRAFFIC'},30,{1},5.0
2e699aa7,2e699aa6c,2020-10-15,16,{'JAM'},{'JAM_STAND_STILL_TRAFFIC'},32,{1},5.0
2e699aad,2e699aadc,2020-10-07,15,{'JAM'},{'JAM'},31,{1},5.0
2e699aaf,2e699aae4,2020-10-21,16,{'JAM'},{'JAM_STAND_STILL_TRAFFIC'},32,{1},6.125
2e699aaf,2e699aaec,2020-10-28,10,{'JAM'},{'JAM_STAND_STILL_TRAFFIC'},32,{22},5.0
2e699aaf,2e699aafc,2020-09-21,16,{'JAM'},{'JAM_STAND_STILL_TRAFFIC'},33,{1},5.0
2e699aaf,2e699aafc,2020-10-25,9,{'JAM'},{'JAM_MODERATE_TRAFFIC'},6,{4},5.0
2e699ab1,2e699ab0c,2020-11-01,18,{'ACCIDENT'},{'ACCIDENT_MINOR'},124,{1},5.0
2e699ab3,2e699ab24,2020-09-07,14,{'JAM'},{'JAM_MODERATE_TRAFFIC'},33,{1},5.0
2e699ab3,2e699ab24,2020-09-23,15,{'JAM'},{'JAM_MODERATE_TRAFFIC'},30,{1},5.0
2e699ab3,2e699ab24,2020-10-19,10,{'ACCIDENT'},{'ACCIDENT_MINOR'},120,{1},7.0
2e699ab3,2e699ab24,2020-11-12,14,"{'JAM', 'ACCIDENT'}","{'ACCIDENT', 'JAM_HEAVY_TRAFFIC'}",151,{1},5.0
2e699ab3,2e699ab2c,2020-09-14,17,{'JAM'},{'JAM_STAND_STILL_TRAFFIC'},31,{1},5.0
2e699ab3,2e699ab2c,2020-09-23,15,{'JAM'},{'JAM_MODERATE_TRAFFIC'},30,{1},6.0
2e699ab3,2e699ab2c,2020-10-21,17,{'JAM'},{'JAM_STAND_STILL_TRAFFIC'},42,{1},5.380952380952381
2e699ab3,2e699ab2c,2020-10-31,17,{'JAM'},{'JAM_HEAVY_TRAFFIC'},34,{1},5.0
2e699ab3,2e699ab34,2020-10-07,17,{'JAM'},{'JAM_HEAVY_TRAFFIC'},42,{2},5.428571428571429
2e699ab3,2e699ab34,2020-10-21,16,{'JAM'},{'JAM_HEAVY_TRAFFIC'},35,{2},5.885714285714286
2e699ab3,2e699ab34,2020-11-16,7,{'JAM'},{'JAM_STAND_STILL_TRAFFIC'},30,{2},5.933333333333334
2e699ab3,2e699ab34,2020-11-18,14,{'JAM'},{'JAM_HEAVY_TRAFFIC'},40,{2},5.375
2e699ab3,2e699ab3c,2020-09-10,8,{'JAM'},{'JAM_STAND_STILL_TRAFFIC'},60,{2},5.0
2e699ab3,2e699ab3c,2020-10-21,18,{'JAM'},{'JAM_STAND_STILL_TRAFFIC'},8,{2},5.0
2e699ab3,2e699ab3c,2020-11-18,14,{'JAM'},{'JAM_STAND_STILL_TRAFFIC'},42,{2},5.357142857142857
2e699ab3,2e699ab3c,2020-11-19,15,{'JAM'},{'JAM_STAND_STILL_TRAFFIC'},33,{2},5.0
2e699ab5,2e699ab44,2020-09-10,8,{'JAM'},{'JAM_STAND_STILL_TRAFFIC'},30,{2},5.0
2e699ab5,2e699ab44,2020-10-25,18,{'JAM'},{'JAM_STAND_STILL_TRAFFIC'},32,{2},5.0
2e699ab7,2e699ab6c,2020-11-18,8,{'JAM'},{'JAM_STAND_STILL_TRAFFIC'},11,{2},5.0
2e699ab7,2e699ab7c,2020-10-12,17,{'JAM'},{'JAM_MODERATE_TRAFFIC'},18,{4},7.0
2e699ab7,2e699ab7c,2020-10-14,10,{'WEATHERHAZARD'},{'HAZARD_ON_SHOULDER_CAR_STOPPED'},36,{4},5.444444444444445
2e699ab7,2e699ab7c,2020-10-26,10,{'WEATHERHAZARD'},{'HAZARD_ON_SHOULDER_CAR_STOPPED'},43,{4},5.348837209302325
2e699ab7,2e699ab7c,2020-11-02,11,{'WEATHERHAZARD'},{'HAZARD_ON_SHOULDER_CAR_STOPPED'},30,{4},5.0
2e699ab9,2e699ab84,2020-09-14,13,{'WEATHERHAZARD'},{'HAZARD_ON_SHOULDER_CAR_STOPPED'},31,{4},5.870967741935484
2e699ab9,2e699ab84,2020-10-26,18,{'WEATHERHAZARD'},{'HAZARD_ON_SHOULDER_CAR_STOPPED'},25,{4},7.08
2e699ab9,2e699ab84,2020-10-27,16,{'JAM'},{'JAM_HEAVY_TRAFFIC'},34,{4},5.0
2e699ab9,2e699ab84,2020-11-12,12,{'WEATHERHAZARD'},{'HAZARD_ON_SHOULDER_CAR_STOPPED'},33,{4},5.818181818181818
2e699ab9,2e699ab84,2020-11-16,17,{'JAM'},{'JAM_HEAVY_TRAFFIC'},10,{4},6.9
2e699ab9,2e699ab84,2020-11-19,17,{'WEATHERHAZARD'},{'HAZARD_ON_SHOULDER_CAR_STOPPED'},44,{4},6.340909090909091
2e699ab9,2e699ab8c,2020-09-01,8,{'JAM'},{'JAM_STAND_STILL_TRAFFIC'},1,{4},5.0
2e699ab9,2e699ab8c,2020-09-02,8,{'WEATHERHAZARD'},{'HAZARD_ON_ROAD_CONSTRUCTION'},209,{4},7.444976076555024
2e699ab9,2e699ab8c,2020-09-28,8,{'WEATHERHAZARD'},{'WEATHERHAZARD'},31,{4},5.0
2e699ab9,2e699ab8c,2020-10-02,7,{'WEATHERHAZARD'},{'HAZARD_ON_SHOULDER_CAR_STOPPED'},35,{4},5.0
2e699ab9,2e699ab8c,2020-10-27,16,{'JAM'},{'JAM_STAND_STILL_TRAFFIC'},30,{4},5.0
2e699ab9,2e699ab8c,2020-11-05,14,{'WEATHERHAZARD'},{'HAZARD_ON_ROAD_CONSTRUCTION'},167,{4},8.221556886227544
2e699ab9,2e699ab8c,2020-11-16,13,{'JAM'},{'JAM_STAND_STILL_TRAFFIC'},1,{4},5.0
2e699ab9,2e699ab8c,2020-11-16,17,{'JAM'},{'JAM_HEAVY_TRAFFIC'},16,{4},5.0
2e699ab9,2e699ab8c,2020-11-19,7,{'WEATHERHAZARD'},{'HAZARD_ON_SHOULDER_CAR_STOPPED'},32,{4},7.03125
2e699ab9,2e699ab94,2020-09-01,8,{'JAM'},{'JAM_STAND_STILL_TRAFFIC'},6,{4},5.0
2e699ab9,2e699ab94,2020-09-02,17,{'JAM'},{'JAM_HEAVY_TRAFFIC'},31,{4},5.0
2e699ab9,2e699ab94,2020-09-10,13,{'JAM'},{'JAM_HEAVY_TRAFFIC'},8,{4},5.0
2e699ab9,2e699ab94,2020-09-28,15,{'WEATHERHAZARD'},{'HAZARD_ON_SHOULDER_CAR_STOPPED'},31,{4},5.0
2e699ab9,2e699ab94,2020-10-21,17,{'JAM'},{'JAM_HEAVY_TRAFFIC'},33,{4},5.787878787878788
2e699ab9,2e699ab94,2020-10-21,18,{'JAM'},{'JAM_STAND_STILL_TRAFFIC'},32,{4},5.78125
2e699ab9,2e699ab94,2020-11-05,12,{'WEATHERHAZARD'},{'HAZARD_ON_ROAD_CONSTRUCTION'},227,{4},7.9118942731277535
2e699ab9,2e699ab94,2020-11-06,18,{'JAM'},{'JAM_HEAVY_TRAFFIC'},6,{4},5.0
2e699ab9,2e699ab94,2020-11-11,17,{'JAM'},"{'JAM_STAND_STILL_TRAFFIC', 'JAM_HEAVY_TRAFFIC'}",42,{4},5.928571428571429
2e699ab9,2e699ab94,2020-11-11,20,{'WEATHERHAZARD'},{'HAZARD_ON_ROAD_CONSTRUCTION'},894,{4},7.605145413870246
2e699ab9,2e699ab94,2020-11-16,17,{'JAM'},{'JAM_STAND_STILL_TRAFFIC'},59,{4},7.915254237288136
2e699ab9,2e699ab9c,2020-09-23,7,{'WEATHERHAZARD'},{'HAZARD_ON_ROAD_CAR_STOPPED'},30,{4},5.733333333333333
2e699ab9,2e699ab9c,2020-10-26,10,{'WEATHERHAZARD'},{'HAZARD_ON_SHOULDER_CAR_STOPPED'},45,{4},5.977777777777778
2e699abb,2e699aba4,2020-09-09,17,{'JAM'},{'JAM_HEAVY_TRAFFIC'},1,{4},5.0
2e699abb,2e699aba4,2020-09-22,8,{'JAM'},{'JAM_HEAVY_TRAFFIC'},6,{4},5.0
2e699abb,2e699aba4,2020-09-23,7,{'JAM'},{'JAM_HEAVY_TRAFFIC'},19,{4},5.473684210526316
2e699abb,2e699aba4,2020-10-14,10,{'WEATHERHAZARD'},{'HAZARD_ON_SHOULDER_CAR_STOPPED'},31,{4},5.0
2e699abb,2e699aba4,2020-10-26,18,{'JAM'},{'JAM_HEAVY_TRAFFIC'},27,{4},5.0
2e699abb,2e699aba4,2020-10-28,19,{'JAM'},{'JAM_STAND_STILL_TRAFFIC'},13,{4},5.0
2e699abb,2e699aba4,2020-11-14,14,{'WEATHERHAZARD'},{'HAZARD_ON_ROAD_CAR_STOPPED'},24,{4},5.875
2e699abb,2e699aba4,2020-11-14,16,{'WEATHERHAZARD'},{'HAZARD_ON_SHOULDER_CAR_STOPPED'},32,{4},6.375
2e699abb,2e699aba4,2020-11-16,17,{'JAM'},{'JAM_STAND_STILL_TRAFFIC'},41,{4},7.2682926829268295
2e699abb,2e699abac,2020-09-23,7,{'JAM'},{'JAM_HEAVY_TRAFFIC'},17,{4},7.0
2e699abb,2e699abac,2020-10-27,15,{'JAM'},{'JAM'},32,{4},5.0
2e699abb,2e699abac,2020-10-29,11,{'WEATHERHAZARD'},{'WEATHERHAZARD'},31,{4},5.0
2e699abb,2e699abbc,2020-09-01,17,{'JAM'},{'JAM_STAND_STILL_TRAFFIC'},38,{4},5.868421052631579
2e699abb,2e699abbc,2020-09-15,17,{'JAM'},{'JAM_HEAVY_TRAFFIC'},30,{4},5.866666666666666
2e699abb,2e699abbc,2020-10-05,18,{'JAM'},{'JAM_STAND_STILL_TRAFFIC'},27,{4},5.518518518518518
2e699abb,2e699abbc,2020-10-21,17,{'JAM'},{'JAM_HEAVY_TRAFFIC'},6,{4},5.0
2e699abb,2e699abbc,2020-10-21,19,{'WEATHERHAZARD'},{'HAZARD_ON_ROAD_CAR_STOPPED'},34,{4},5.470588235294118
2e699abb,2e699abbc,2020-10-23,17,{'JAM'},{'JAM_STAND_STILL_TRAFFIC'},21,{4},5.0
2e699abb,2e699abbc,2020-10-23,18,{'JAM'},{'JAM_STAND_STILL_TRAFFIC'},29,{4},5.827586206896552
2e699abb,2e699abbc,2020-11-05,18,{'JAM'},{'JAM_STAND_STILL_TRAFFIC'},30,{4},5.8
2e699abb,2e699abbc,2020-11-06,18,{'JAM'},"{'JAM_STAND_STILL_TRAFFIC', 'JAM_HEAVY_TRAFFIC'}",62,{4},5.0
2e699abb,2e699abbc,2020-11-16,17,{'JAM'},{'JAM_STAND_STILL_TRAFFIC'},2,{4},5.0
2e699abf,2e699abec,2020-11-11,17,{'JAM'},{'JAM_STAND_STILL_TRAFFIC'},19,{4},7.947368421052632
2e699abf,2e699abf4,2020-09-03,7,{'WEATHERHAZARD'},{'HAZARD_ON_SHOULDER_CAR_STOPPED'},31,{4},5.0
2e699abf,2e699abf4,2020-09-10,8,{'WEATHERHAZARD'},{'HAZARD_ON_SHOULDER_CAR_STOPPED'},35,{4},6.228571428571429
2e699abf,2e699abf4,2020-09-11,15,{'WEATHERHAZARD'},{'HAZARD_ON_ROAD_CONSTRUCTION'},122,{4},7.483606557377049
2e699abf,2e699abf4,2020-09-16,8,{'WEATHERHAZARD'},{'HAZARD_ON_SHOULDER_CAR_STOPPED'},32,{4},5.0
2e699abf,2e699abf4,2020-09-21,8,{'WEATHERHAZARD'},{'HAZARD_ON_SHOULDER_CAR_STOPPED'},30,{4},5.0
2e699abf,2e699abf4,2020-10-01,19,{'WEATHERHAZARD'},{'HAZARD_ON_ROAD_CONSTRUCTION'},988,{4},9.563765182186234
2e699abf,2e699abf4,2020-10-05,11,{'JAM'},{'JAM_MODERATE_TRAFFIC'},30,{4},5.0
2e699abf,2e699abf4,2020-10-05,15,{'WEATHERHAZARD'},{'HAZARD_ON_ROAD_CONSTRUCTION'},235,{4},9.34468085106383
2e699abf,2e699abf4,2020-10-05,18,{'JAM'},{'JAM_MODERATE_TRAFFIC'},9,{4},8.0
2e699abf,2e699abf4,2020-10-06,7,{'WEATHERHAZARD'},{'HAZARD_ON_SHOULDER_CAR_STOPPED'},31,{4},5.483870967741935
2e699abf,2e699abf4,2020-10-06,14,{'WEATHERHAZARD'},{'HAZARD_ON_ROAD_CONSTRUCTION'},306,{4},8.68954248366013
2e699abf,2e699abf4,2020-10-12,7,{'WEATHERHAZARD'},{'HAZARD_ON_SHOULDER_CAR_STOPPED'},48,{4},8.0
2e699abf,2e699abf4,2020-10-12,19,{'WEATHERHAZARD'},{'HAZARD_ON_ROAD_CONSTRUCTION'},201,{4},7.3681592039801
2e699abf,2e699abf4,2020-10-13,7,{'WEATHERHAZARD'},{'HAZARD_ON_SHOULDER_CAR_STOPPED'},32,{4},6.65625
2e699abf,2e699abf4,2020-10-13,19,{'WEATHERHAZARD'},{'HAZARD_ON_ROAD_CONSTRUCTION'},904,{4},8.969026548672566
2e699abf,2e699abf4,2020-10-15,19,{'WEATHERHAZARD'},{'HAZARD_ON_ROAD_CONSTRUCTION'},181,{4},7.745856353591161
2e699abf,2e699abf4,2020-10-18,12,{'WEATHERHAZARD'},{'HAZARD_ON_ROAD_CONSTRUCTION'},346,{4},9.488439306358382
2e699abf,2e699abf4,2020-10-21,17,{'JAM'},{'JAM_HEAVY_TRAFFIC'},18,{4},5.0
2e699abf,2e699abf4,2020-10-27,17,{'JAM'},{'JAM_STAND_STILL_TRAFFIC'},47,{4},7.25531914893617
2e699abf,2e699abf4,2020-10-27,18,{'JAM'},{'JAM_STAND_STILL_TRAFFIC'},5,{4},5.0
2e699abf,2e699abf4,2020-10-28,18,{'WEATHERHAZARD'},{'HAZARD_ON_ROAD_CONSTRUCTION'},67,{4},6.522388059701493
2e699abf,2e699abf4,2020-11-09,19,{'WEATHERHAZARD'},{'HAZARD_ON_ROAD_CONSTRUCTION'},740,{4},9.018918918918919
2e699abf,2e699abf4,2020-11-11,17,{'JAM'},{'JAM_STAND_STILL_TRAFFIC'},5,{4},6.0
2e699abf,2e699abf4,2020-11-16,13,{'JAM'},{'JAM_STAND_STILL_TRAFFIC'},61,{4},9.098360655737705
2e699abf,2e699abf4,2020-11-16,17,{'JAM'},{'JAM_STAND_STILL_TRAFFIC'},13,{4},8.0
2e699abf,2e699abf4,2020-11-16,20,{'WEATHERHAZARD'},{'HAZARD_ON_ROAD_CONSTRUCTION'},855,{4},6.16374269005848
2e699abf,2e699abf4,2020-11-18,12,{'WEATHERHAZARD'},{'HAZARD_ON_ROAD_CONSTRUCTION'},115,{4},7.643478260869565
2e699ac1,2e699ac04,2020-10-27,17,{'JAM'},{'JAM_STAND_STILL_TRAFFIC'},3,{4},8.0
2e699ac1,2e699ac04,2020-10-28,14,{'JAM'},{'JAM_STAND_STILL_TRAFFIC'},32,{4},5.0
2e699ac1,2e699ac04,2020-11-19,9,{'JAM'},{'JAM_STAND_STILL_TRAFFIC'},10,{4},5.0
2e699ac1,2e699ac0c,2020-09-01,8,{'JAM'},{'JAM_STAND_STILL_TRAFFIC'},5,{4},7.0
2e699ac1,2e699ac0c,2020-10-11,19,{'JAM'},{'JAM_STAND_STILL_TRAFFIC'},5,{4},5.0
2e699ac1,2e699ac0c,2020-10-21,17,{'JAM'},{'JAM_STAND_STILL_TRAFFIC'},51,{4},7.176470588235294
2e699ac1,2e699ac0c,2020-10-27,17,{'JAM'},{'JAM_STAND_STILL_TRAFFIC'},1,{4},9.0
2e699ac1,2e699ac1c,2020-10-06,14,{'WEATHERHAZARD'},{'HAZARD_ON_ROAD_CONSTRUCTION'},60,{4},10.0
2e699ac1,2e699ac1c,2020-10-11,19,{'JAM'},{'JAM_HEAVY_TRAFFIC'},7,{4},5.0
2e699ac1,2e699ac1c,2020-10-27,17,{'JAM'},{'JAM_STAND_STILL_TRAFFIC'},5,{4},5.0
2e699ac1,2e699ac1c,2020-10-28,19,{'JAM'},{'JAM_STAND_STILL_TRAFFIC'},54,{4},9.61111111111111
2e699ac9,2e699ac84,2020-09-07,6,{'WEATHERHAZARD'},{'HAZARD_ON_ROAD_POT_HOLE'},227,{4},10.0
2e699ac9,2e699ac84,2020-09-09,10,{'WEATHERHAZARD'},{'HAZARD_ON_SHOULDER_CAR_STOPPED'},32,{4},5.46875
2e699ac9,2e699ac84,2020-09-09,17,{'JAM'},{'JAM_HEAVY_TRAFFIC'},30,{4},5.0
2e699ac9,2e699ac84,2020-09-15,17,{'JAM'},{'JAM_STAND_STILL_TRAFFIC'},11,{4},5.0
2e699ac9,2e699ac84,2020-09-16,17,{'JAM'},{'JAM_HEAVY_TRAFFIC'},28,{4},5.0
2e699ac9,2e699ac84,2020-09-21,14,{'JAM'},"{'JAM_STAND_STILL_TRAFFIC', 'JAM_HEAVY_TRAFFIC'}",32,{4},5.0
2e699ac9,2e699ac84,2020-09-30,17,{'JAM'},{'JAM_STAND_STILL_TRAFFIC'},20,{4},5.0
2e699ac9,2e699ac84,2020-10-05,7,{'JAM'},{'JAM_HEAVY_TRAFFIC'},30,{4},5.0
2e699ac9,2e699ac84,2020-10-06,8,{'WEATHERHAZARD'},{'HAZARD_ON_SHOULDER_CAR_STOPPED'},11,{4},6.0
2e699ac9,2e699ac84,2020-10-12,17,{'JAM'},{'JAM_MODERATE_TRAFFIC'},13,{4},5.0
2e699ac9,2e699ac84,2020-10-14,17,{'JAM'},{'JAM_HEAVY_TRAFFIC'},8,{4},5.0
2e699ac9,2e699ac84,2020-10-19,17,{'JAM'},{'JAM_HEAVY_TRAFFIC'},23,{4},5.695652173913044
2e699ac9,2e699ac84,2020-10-21,7,{'WEATHERHAZARD'},{'HAZARD_ON_ROAD_POT_HOLE'},413,{4},9.544794188861985
2e699ac9,2e699ac84,2020-10-21,17,{'JAM'},{'JAM_HEAVY_TRAFFIC'},27,{4},5.0
2e699ac9,2e699ac84,2020-10-23,17,{'JAM'},{'JAM_STAND_STILL_TRAFFIC'},5,{4},5.0
2e699ac9,2e699ac84,2020-11-06,17,{'JAM'},{'JAM_HEAVY_TRAFFIC'},13,{4},5.0
2e699ac9,2e699ac84,2020-11-11,17,{'JAM'},{'JAM_STAND_STILL_TRAFFIC'},12,{4},5.0
2e699ac9,2e699ac84,2020-11-16,7,{'WEATHERHAZARD'},{'HAZARD_ON_ROAD_POT_HOLE'},166,{4},9.951807228915662
2e699ac9,2e699ac84,2020-11-16,17,{'JAM'},{'JAM_STAND_STILL_TRAFFIC'},11,{4},8.0
2e699ac9,2e699ac8c,2020-09-11,17,{'JAM'},{'JAM_HEAVY_TRAFFIC'},31,{4},6.161290322580645
2e699ac9,2e699ac8c,2020-10-23,17,{'JAM'},{'JAM_STAND_STILL_TRAFFIC'},6,{4},6.666666666666667
2e699ac9,2e699ac8c,2020-11-03,17,{'JAM'},{'JAM_STAND_STILL_TRAFFIC'},31,{4},5.0
2e699ac9,2e699ac8c,2020-11-04,17,{'JAM'},{'JAM_HEAVY_TRAFFIC'},44,{4},8.909090909090908
2e699acb,2e699acbc,2020-09-17,3,{'JAM'},{'JAM_HEAVY_TRAFFIC'},30,{1},5.0
2e699acd,2e699acc4,2020-10-27,16,{'JAM'},{'JAM_STAND_STILL_TRAFFIC'},23,{4},5.0
2e699acd,2e699acc4,2020-10-27,17,{'JAM'},{'JAM_MODERATE_TRAFFIC'},6,{4},9.666666666666666
2e699acd,2e699acc4,2020-11-16,17,{'JAM'},{'JAM_MODERATE_TRAFFIC'},4,{2},8.0
2e699acd,2e699accc,2020-09-02,11,{'JAM'},{'JAM_MODERATE_TRAFFIC'},5,{2},5.0
2e699acd,2e699accc,2020-09-03,14,{'JAM'},{'JAM_MODERATE_TRAFFIC'},7,{2},5.0
2e699acd,2e699accc,2020-09-11,7,{'JAM'},{'JAM_STAND_STILL_TRAFFIC'},31,{2},5.0
2e699acd,2e699accc,2020-09-16,11,{'JAM'},{'JAM'},23,{2},5.0
2e699acd,2e699accc,2020-09-21,13,{'JAM'},{'JAM_MODERATE_TRAFFIC'},9,{2},5.0
2e699acd,2e699accc,2020-09-25,8,{'WEATHERHAZARD'},{'HAZARD_ON_ROAD_CAR_STOPPED'},39,{2},6.051282051282051
2e699acd,2e699accc,2020-09-28,15,{'JAM'},{'JAM_MODERATE_TRAFFIC'},5,{2},5.0
2e699acd,2e699accc,2020-10-12,7,{'JAM'},{'JAM_MODERATE_TRAFFIC'},6,{2},8.0
2e699acd,2e699accc,2020-10-27,16,{'JAM'},{'JAM_HEAVY_TRAFFIC'},35,{2},5.485714285714286
2e699acd,2e699accc,2020-11-13,16,{'JAM'},{'JAM_HEAVY_TRAFFIC'},22,{2},5.318181818181818
2e699acd,2e699accc,2020-11-18,15,{'JAM'},{'JAM_HEAVY_TRAFFIC'},26,{2},5.0
2e699acf,2e699acec,2020-09-11,10,{'JAM'},{'JAM_HEAVY_TRAFFIC'},31,{4},5.0
2e699acf,2e699acec,2020-10-27,17,{'JAM'},{'JAM_MODERATE_TRAFFIC'},25,{4},10.0
2e699acf,2e699acec,2020-11-04,18,{'WEATHERHAZARD'},{'HAZARD_ON_ROAD_POT_HOLE'},1156,{2},5.900519031141869
2e699acf,2e699acec,2020-11-16,17,{'WEATHERHAZARD'},{'HAZARD_ON_ROAD_CAR_STOPPED'},23,{4},5.6521739130434785
2e699acf,2e699acf4,2020-11-04,17,{'JAM'},{'JAM_HEAVY_TRAFFIC'},1,{4},6.0
2e699acf,2e699acfc,2020-09-17,16,{'JAM'},{'JAM'},30,{1},5.0
2e699ad1,2e699ad1c,2020-11-09,13,"{'JAM', 'ACCIDENT'}","{'JAM', 'ACCIDENT'}",126,{2},5.0
2e699ad3,2e699ad34,2020-09-14,13,{'WEATHERHAZARD'},{'HAZARD_ON_SHOULDER_CAR_STOPPED'},29,{2},5.724137931034483
2e699ad3,2e699ad34,2020-10-07,15,{'JAM'},{'JAM_STAND_STILL_TRAFFIC'},32,{2},5.0
2e699ad3,2e699ad3c,2020-10-12,8,{'WEATHERHAZARD'},{'HAZARD_ON_ROAD_CONSTRUCTION'},43,{2},5.651162790697675
2e699ad5,2e699ad44,2020-10-07,13,{'JAM'},{'JAM_HEAVY_TRAFFIC'},27,{2},6.0
2e699ad5,2e699ad44,2020-10-27,17,{'JAM'},{'JAM_HEAVY_TRAFFIC'},34,{2},5.0
2e699ad5,2e699ad44,2020-11-02,17,{'JAM'},{'JAM_STAND_STILL_TRAFFIC'},15,{2},7.866666666666666
2e699ad5,2e699ad44,2020-11-10,6,{'JAM'},{'JAM_MODERATE_TRAFFIC'},33,{2},5.0
2e699ad5,2e699ad44,2020-11-10,17,{'JAM'},{'JAM_STAND_STILL_TRAFFIC'},15,{2},5.933333333333334
2e699ad5,2e699ad44,2020-11-11,10,{'JAM'},{'JAM_HEAVY_TRAFFIC'},10,{2},5.7
2e699ad7,2e699ad64,2020-09-13,15,{'ACCIDENT'},{'ACCIDENT'},120,{7},5.108333333333333
2e699ad7,2e699ad64,2020-10-06,15,{'JAM'},{'JAM_HEAVY_TRAFFIC'},30,{2},5.0
2e699ad7,2e699ad64,2020-10-07,7,{'JAM'},{'JAM_STAND_STILL_TRAFFIC'},63,{2},5.0
2e699ad7,2e699ad64,2020-10-07,9,{'JAM'},{'JAM_HEAVY_TRAFFIC'},9,{2},5.0
2e699ad7,2e699ad64,2020-10-07,17,{'JAM'},{'JAM_HEAVY_TRAFFIC'},31,{2},5.0
2e699ad7,2e699ad64,2020-10-23,7,{'JAM'},{'JAM_MODERATE_TRAFFIC'},31,{2},5.0
2e699ad7,2e699ad64,2020-11-02,17,{'JAM'},{'JAM_STAND_STILL_TRAFFIC'},33,{2},5.0
2e699ad7,2e699ad64,2020-11-10,7,{'JAM'},{'JAM_STAND_STILL_TRAFFIC'},5,{2},5.0
2e699ad7,2e699ad64,2020-11-10,17,{'JAM'},{'JAM_STAND_STILL_TRAFFIC'},19,{2},5.0
2e699ad7,2e699ad6c,2020-10-07,13,{'JAM'},{'JAM_HEAVY_TRAFFIC'},3,{2},5.0
2e699ad7,2e699ad6c,2020-10-08,17,{'JAM'},{'JAM_HEAVY_TRAFFIC'},32,{2},5.9375
2e699ad7,2e699ad6c,2020-10-21,17,{'JAM'},{'JAM_MODERATE_TRAFFIC'},32,{2},5.0
2e699ad7,2e699ad7c,2020-09-03,7,{'JAM'},{'JAM_MODERATE_TRAFFIC'},32,{7},5.0
2e699ad7,2e699ad7c,2020-09-07,13,{'WEATHERHAZARD'},{'HAZARD_ON_SHOULDER_CAR_STOPPED'},30,{7},5.0
2e699ad7,2e699ad7c,2020-09-10,9,{'WEATHERHAZARD'},{'HAZARD_ON_SHOULDER_CAR_STOPPED'},31,{2},5.580645161290323
2e699ad7,2e699ad7c,2020-09-11,9,{'WEATHERHAZARD'},{'HAZARD_ON_SHOULDER_CAR_STOPPED'},33,{2},5.090909090909091
2e699ad7,2e699ad7c,2020-09-16,8,{'WEATHERHAZARD'},{'HAZARD_ON_ROAD_OBJECT'},62,{2},5.870967741935484
2e699ad7,2e699ad7c,2020-09-17,6,{'JAM'},{'JAM_HEAVY_TRAFFIC'},20,{7},5.0
2e699ad7,2e699ad7c,2020-09-22,19,{'JAM'},{'JAM_STAND_STILL_TRAFFIC'},6,{7},5.0
2e699ad7,2e699ad7c,2020-09-25,8,{'JAM'},{'JAM_MODERATE_TRAFFIC'},30,{7},5.0
2e699ad7,2e699ad7c,2020-09-28,8,{'WEATHERHAZARD'},{'HAZARD_ON_SHOULDER_CAR_STOPPED'},31,{2},5.0
2e699ad7,2e699ad7c,2020-09-28,15,{'WEATHERHAZARD'},{'HAZARD_ON_SHOULDER_CAR_STOPPED'},31,{2},5.0
2e699ad7,2e699ad7c,2020-10-06,15,{'JAM'},{'JAM_HEAVY_TRAFFIC'},30,{7},5.0
2e699ad7,2e699ad7c,2020-10-09,17,{'JAM'},{'JAM_STAND_STILL_TRAFFIC'},28,{7},5.0
2e699ad7,2e699ad7c,2020-10-12,11,{'WEATHERHAZARD'},{'HAZARD_ON_SHOULDER_CAR_STOPPED'},32,{2},5.65625
2e699ad7,2e699ad7c,2020-10-16,10,{'JAM'},{'JAM'},20,{7},5.0
2e699ad7,2e699ad7c,2020-10-28,9,{'JAM'},{'JAM_HEAVY_TRAFFIC'},35,"{2, 7}",5.0
2e699ad7,2e699ad7c,2020-11-02,17,{'JAM'},{'JAM_STAND_STILL_TRAFFIC'},17,{7},5.0
2e699ad7,2e699ad7c,2020-11-12,12,{'WEATHERHAZARD'},{'HAZARD_ON_SHOULDER_CAR_STOPPED'},31,{7},5.354838709677419
2e699ad9,2e699ad84,2020-09-16,12,{'WEATHERHAZARD'},{'HAZARD_ON_SHOULDER_CAR_STOPPED'},43,{7},5.395348837209302
2e699ad9,2e699ad8c,2020-11-02,16,{'JAM'},{'JAM_HEAVY_TRAFFIC'},30,{2},5.0
2e699ad9,2e699ad8c,2020-11-18,17,{'JAM'},{'JAM_STAND_STILL_TRAFFIC'},31,{2},5.0
2e699ad9,2e699ad94,2020-09-11,13,{'JAM'},{'JAM_MODERATE_TRAFFIC'},27,{7},5.0
2e699ad9,2e699ad94,2020-10-05,16,{'JAM'},{'JAM_HEAVY_TRAFFIC'},31,{2},5.0
2e699ad9,2e699ad94,2020-10-06,10,{'JAM'},{'JAM_STAND_STILL_TRAFFIC'},9,{7},5.0
2e699ad9,2e699ad94,2020-10-07,12,{'JAM'},{'JAM_STAND_STILL_TRAFFIC'},6,{7},5.0
2e699ad9,2e699ad94,2020-10-07,15,{'JAM'},{'JAM_STAND_STILL_TRAFFIC'},43,"{2, 7}",5.0
2e699ad9,2e699ad94,2020-10-07,16,{'JAM'},"{'JAM_STAND_STILL_TRAFFIC', 'JAM_HEAVY_TRAFFIC'}",87,"{2, 7}",7.977011494252873
2e699ad9,2e699ad94,2020-10-14,12,{'JAM'},{'JAM_MODERATE_TRAFFIC'},25,{2},5.0
2e699ad9,2e699ad94,2020-10-20,10,{'JAM'},{'JAM_MODERATE_TRAFFIC'},32,{7},5.0
2e699ad9,2e699ad94,2020-10-21,19,{'JAM'},{'JAM'},31,{7},5.0
2e699ad9,2e699ad94,2020-11-12,11,"{'JAM', 'ACCIDENT'}","{'JAM_MODERATE_TRAFFIC', 'ACCIDENT_MINOR'}",135,{7},5.0
2e699ad9,2e699ad9c,2020-09-02,17,{'JAM'},{'JAM_STAND_STILL_TRAFFIC'},35,{2},5.0
2e699ad9,2e699ad9c,2020-09-11,12,{'WEATHERHAZARD'},{'HAZARD_ON_SHOULDER_CAR_STOPPED'},46,{7},5.3478260869565215
2e699ad9,2e699ad9c,2020-09-12,20,{'JAM'},{'JAM_MODERATE_TRAFFIC'},5,{2},5.0
2e699ad9,2e699ad9c,2020-09-14,7,{'WEATHERHAZARD'},{'HAZARD_ON_ROAD_POT_HOLE'},303,{7},8.132013201320133
2e699ad9,2e699ad9c,2020-09-22,17,{'JAM'},{'JAM_HEAVY_TRAFFIC'},31,{2},5.0
2e699ad9,2e699ad9c,2020-09-25,8,{'JAM'},{'JAM_HEAVY_TRAFFIC'},6,{7},5.0
2e699ad9,2e699ad9c,2020-10-05,18,{'WEATHERHAZARD'},{'HAZARD_ON_ROAD_POT_HOLE'},4116,{2},9.758503401360544
2e699ad9,2e699ad9c,2020-10-07,14,{'JAM'},{'JAM_HEAVY_TRAFFIC'},25,{2},5.2
2e699ad9,2e699ad9c,2020-10-07,15,{'JAM'},"{'JAM', 'JAM_MODERATE_TRAFFIC'}",59,"{2, 7}",5.0
2e699ad9,2e699ad9c,2020-10-09,17,{'JAM'},{'JAM_STAND_STILL_TRAFFIC'},21,{7},5.0
2e699ad9,2e699ad9c,2020-10-22,17,{'JAM'},{'JAM_STAND_STILL_TRAFFIC'},9,{2},5.0
2e699ad9,2e699ad9c,2020-10-27,17,"{'JAM', 'WEATHERHAZARD'}","{'HAZARD_ON_ROAD_POT_HOLE', 'JAM_HEAVY_TRAFFIC'}",2882,{2},9.620402498265094
2e699ad9,2e699ad9c,2020-11-16,17,{'WEATHERHAZARD'},{'HAZARD_ON_ROAD_POT_HOLE'},2514,{2},9.964598249801114
2e699ad9,2e699ad9c,2020-11-21,16,{'WEATHERHAZARD'},{'HAZARD_ON_ROAD_POT_HOLE'},2162,{2},9.708603145235893
2e699adb,2e699ada4,2020-09-02,17,{'JAM'},{'JAM_STAND_STILL_TRAFFIC'},28,{2},5.0
2e699adf,2e699ade4,2020-09-01,12,{'WEATHERHAZARD'},{'HAZARD_ON_SHOULDER_CAR_STOPPED'},32,{7},5.0
2e699adf,2e699ade4,2020-09-04,7,{'JAM'},{'JAM_HEAVY_TRAFFIC'},7,{7},8.0
2e699adf,2e699ade4,2020-09-15,7,{'JAM'},{'JAM_STAND_STILL_TRAFFIC'},30,{7},6.9
2e699adf,2e699ade4,2020-09-26,16,{'ACCIDENT'},{'ACCIDENT_MINOR'},78,{7},5.076923076923077
2e699adf,2e699ade4,2020-10-12,12,{'JAM'},{'JAM'},13,{7},5.0
2e699adf,2e699ade4,2020-10-27,16,{'JAM'},{'JAM_HEAVY_TRAFFIC'},31,{7},5.0
2e699adf,2e699ade4,2020-11-12,17,{'WEATHERHAZARD'},{'HAZARD_ON_ROAD_POT_HOLE'},1089,{7},8.773186409550046
2e699adf,2e699adec,2020-09-03,14,{'JAM'},{'JAM'},32,{7},5.0
2e699adf,2e699adec,2020-09-11,3,{'JAM'},{'JAM_HEAVY_TRAFFIC'},32,{1},5.0
2e699adf,2e699adec,2020-10-05,7,{'WEATHERHAZARD'},{'HAZARD_ON_SHOULDER_CAR_STOPPED'},30,{7},5.0
2e699adf,2e699adec,2020-10-14,7,{'WEATHERHAZARD'},{'HAZARD_ON_ROAD_CAR_STOPPED'},30,{7},6.633333333333334
2e699ae1,2e699ae0c,2020-09-02,17,{'JAM'},{'JAM_STAND_STILL_TRAFFIC'},31,{7},5.0
2e699ae1,2e699ae0c,2020-09-02,20,{'ACCIDENT'},{'ACCIDENT'},120,{7},5.0
2e699ae1,2e699ae0c,2020-09-04,7,{'JAM'},{'JAM_HEAVY_TRAFFIC'},30,{7},8.0
2e699ae1,2e699ae0c,2020-09-08,10,{'JAM'},{'JAM_MODERATE_TRAFFIC'},8,{7},5.0
2e699ae1,2e699ae0c,2020-09-09,14,{'JAM'},{'JAM_MODERATE_TRAFFIC'},8,{7},5.0
2e699ae1,2e699ae0c,2020-09-10,14,{'JAM'},{'JAM_HEAVY_TRAFFIC'},31,{7},5.0
2e699ae1,2e699ae0c,2020-09-14,12,{'JAM'},{'JAM_HEAVY_TRAFFIC'},30,{7},5.0
2e699ae1,2e699ae0c,2020-09-15,13,{'JAM'},{'JAM_MODERATE_TRAFFIC'},9,{7},5.0
2e699ae1,2e699ae0c,2020-09-15,17,{'JAM'},{'JAM_STAND_STILL_TRAFFIC'},7,{7},5.0
2e699ae1,2e699ae0c,2020-09-21,12,{'JAM'},{'JAM_HEAVY_TRAFFIC'},43,{7},5.395348837209302
2e699ae1,2e699ae0c,2020-09-29,12,"{'JAM', 'WEATHERHAZARD'}","{'HAZARD_ON_ROAD_CAR_STOPPED', 'JAM_MODERATE_TRAFFIC'}",43,{7},5.1395348837209305
2e699ae1,2e699ae0c,2020-09-30,17,{'JAM'},{'JAM_STAND_STILL_TRAFFIC'},6,{7},5.0
2e699ae1,2e699ae0c,2020-10-02,15,{'JAM'},{'JAM_MODERATE_TRAFFIC'},31,{7},5.0
2e699ae1,2e699ae0c,2020-10-06,9,{'JAM'},{'JAM_STAND_STILL_TRAFFIC'},33,{7},5.0
2e699ae1,2e699ae0c,2020-10-06,13,{'JAM'},{'JAM_MODERATE_TRAFFIC'},7,{7},5.0
2e699ae1,2e699ae0c,2020-10-07,12,{'JAM'},{'JAM'},23,{7},5.0
2e699ae1,2e699ae0c,2020-10-07,14,{'JAM'},{'JAM_MODERATE_TRAFFIC'},32,{7},6.40625
2e699ae1,2e699ae0c,2020-10-07,15,{'JAM'},{'JAM_STAND_STILL_TRAFFIC'},33,{7},6.0
2e699ae1,2e699ae0c,2020-10-07,16,{'JAM'},{'JAM_HEAVY_TRAFFIC'},46,{7},5.326086956521739
2e699ae1,2e699ae0c,2020-10-08,6,{'JAM'},{'JAM_HEAVY_TRAFFIC'},14,{7},6.0
2e699ae1,2e699ae0c,2020-10-09,17,{'JAM'},{'JAM_STAND_STILL_TRAFFIC'},27,{7},5.0
2e699ae1,2e699ae0c,2020-10-12,14,{'JAM'},{'JAM_STAND_STILL_TRAFFIC'},30,{7},5.0
2e699ae1,2e699ae0c,2020-10-16,17,{'JAM'},{'JAM_HEAVY_TRAFFIC'},61,{7},5.0
2e699ae1,2e699ae0c,2020-10-20,13,{'JAM'},{'JAM_HEAVY_TRAFFIC'},36,{7},6.527777777777778
2e699ae1,2e699ae0c,2020-10-27,14,{'JAM'},{'JAM_STAND_STILL_TRAFFIC'},30,{7},5.0
2e699ae1,2e699ae0c,2020-10-27,17,{'JAM'},{'JAM_STAND_STILL_TRAFFIC'},33,{7},5.0
2e699ae1,2e699ae0c,2020-10-27,18,{'JAM'},{'JAM_HEAVY_TRAFFIC'},31,{7},6.645161290322581
2e699ae1,2e699ae0c,2020-10-29,12,"{'JAM', 'ACCIDENT'}","{'JAM_STAND_STILL_TRAFFIC', 'ACCIDENT'}",130,{7},5.0
2e699ae1,2e699ae0c,2020-11-02,14,{'JAM'},{'JAM_STAND_STILL_TRAFFIC'},17,{7},5.352941176470588
2e699ae1,2e699ae0c,2020-11-03,16,{'JAM'},{'JAM_STAND_STILL_TRAFFIC'},29,{7},6.0
2e699ae1,2e699ae0c,2020-11-03,17,{'JAM'},{'JAM_STAND_STILL_TRAFFIC'},7,{7},5.0
2e699ae1,2e699ae0c,2020-11-12,10,{'WEATHERHAZARD'},{'HAZARD_ON_ROAD_POT_HOLE'},642,{7},9.414330218068535
2e699ae1,2e699ae0c,2020-11-17,17,"{'JAM', 'WEATHERHAZARD'}","{'JAM_STAND_STILL_TRAFFIC', 'HAZARD_ON_ROAD_POT_HOLE'}",521,{7},8.950095969289828
2e699ae1,2e699ae0c,2020-11-19,17,{'JAM'},{'JAM_STAND_STILL_TRAFFIC'},42,{7},5.357142857142857
2e699ae1,2e699ae0c,2020-11-21,22,{'JAM'},{'JAM'},30,{7},5.0
2e699ae1,2e699ae14,2020-09-01,6,{'JAM'},{'JAM_STAND_STILL_TRAFFIC'},30,{7},8.0
2e699ae1,2e699ae14,2020-09-01,8,{'JAM'},{'JAM_STAND_STILL_TRAFFIC'},5,{4},5.0
2e699ae1,2e699ae14,2020-09-03,14,{'JAM'},{'JAM_STAND_STILL_TRAFFIC'},30,{7},5.0
2e699ae1,2e699ae14,2020-09-04,11,{'JAM'},{'JAM_MODERATE_TRAFFIC'},29,{7},5.0
2e699ae1,2e699ae14,2020-09-10,8,{'WEATHERHAZARD'},{'HAZARD_ON_ROAD_POT_HOLE'},459,{4},6.42483660130719
2e699ae1,2e699ae14,2020-09-15,6,{'JAM'},{'JAM_STAND_STILL_TRAFFIC'},30,{7},5.0
2e699ae1,2e699ae14,2020-09-15,7,{'JAM'},"{'JAM_STAND_STILL_TRAFFIC', 'JAM_HEAVY_TRAFFIC'}",48,{7},6.604166666666667
2e699ae1,2e699ae14,2020-09-17,10,{'JAM'},{'JAM_HEAVY_TRAFFIC'},6,{7},5.0
2e699ae1,2e699ae14,2020-09-21,8,{'WEATHERHAZARD'},{'HAZARD_ON_ROAD_POT_HOLE'},172,{4},5.087209302325581
2e699ae1,2e699ae14,2020-09-29,9,{'JAM'},{'JAM_HEAVY_TRAFFIC'},30,{4},5.0
2e699ae1,2e699ae14,2020-10-07,15,{'JAM'},{'JAM_STAND_STILL_TRAFFIC'},36,{7},5.0
2e699ae1,2e699ae14,2020-10-07,16,{'JAM'},{'JAM_HEAVY_TRAFFIC'},85,"{4, 7}",6.5058823529411764
2e699ae1,2e699ae14,2020-10-08,6,{'JAM'},{'JAM_HEAVY_TRAFFIC'},32,{7},5.75
2e699ae1,2e699ae14,2020-10-08,7,{'JAM'},{'JAM_STAND_STILL_TRAFFIC'},18,{7},5.0
2e699ae1,2e699ae14,2020-10-08,14,{'JAM'},{'JAM_STAND_STILL_TRAFFIC'},14,{7},5.0
2e699ae1,2e699ae14,2020-10-08,17,{'JAM'},{'JAM_HEAVY_TRAFFIC'},33,{7},5.0
2e699ae1,2e699ae14,2020-10-09,8,{'JAM'},{'JAM_MODERATE_TRAFFIC'},30,{7},5.0
2e699ae1,2e699ae14,2020-10-09,17,{'JAM'},{'JAM_STAND_STILL_TRAFFIC'},13,{7},5.0
2e699ae1,2e699ae14,2020-10-16,15,{'JAM'},{'JAM'},30,{7},5.0
2e699ae1,2e699ae14,2020-10-16,17,{'JAM'},{'JAM_STAND_STILL_TRAFFIC'},20,{7},7.0
2e699ae1,2e699ae14,2020-10-19,7,{'JAM'},{'JAM_HEAVY_TRAFFIC'},31,{4},5.967741935483871
2e699ae1,2e699ae14,2020-10-20,13,{'JAM'},{'JAM_HEAVY_TRAFFIC'},35,{7},5.3428571428571425
2e699ae1,2e699ae14,2020-10-27,6,{'JAM'},{'JAM'},7,{4},5.0
2e699ae1,2e699ae14,2020-10-27,7,{'JAM'},{'JAM_STAND_STILL_TRAFFIC'},2,{7},5.5
2e699ae1,2e699ae14,2020-10-27,16,{'JAM'},{'JAM_HEAVY_TRAFFIC'},31,{4},5.0
2e699ae1,2e699ae14,2020-10-27,17,{'JAM'},{'JAM_STAND_STILL_TRAFFIC'},29,{7},7.9655172413793105
2e699ae1,2e699ae14,2020-10-28,6,{'JAM'},{'JAM_MODERATE_TRAFFIC'},22,{7},5.0
2e699ae1,2e699ae14,2020-10-30,17,{'JAM'},{'JAM_STAND_STILL_TRAFFIC'},32,{7},5.0
2e699ae1,2e699ae14,2020-11-03,16,{'JAM'},{'JAM_STAND_STILL_TRAFFIC'},2,{7},5.0
2e699ae1,2e699ae14,2020-11-05,7,{'JAM'},{'JAM_STAND_STILL_TRAFFIC'},1,{7},5.0
2e699ae1,2e699ae14,2020-11-05,11,{'JAM'},{'JAM_HEAVY_TRAFFIC'},31,{7},5.0
2e699ae1,2e699ae14,2020-11-10,16,{'JAM'},{'JAM_HEAVY_TRAFFIC'},31,{7},5.0
2e699ae1,2e699ae14,2020-11-10,17,{'JAM'},{'JAM_STAND_STILL_TRAFFIC'},31,{7},5.0
2e699ae1,2e699ae14,2020-11-11,7,{'JAM'},{'JAM_STAND_STILL_TRAFFIC'},39,{7},7.461538461538462
2e699ae1,2e699ae14,2020-11-12,15,{'WEATHERHAZARD'},{'HAZARD_ON_ROAD_POT_HOLE'},17,{7},5.588235294117647
2e699ae1,2e699ae14,2020-11-12,21,{'WEATHERHAZARD'},{'HAZARD_ON_ROAD_POT_HOLE'},745,{4},8.574496644295301
2e699ae1,2e699ae14,2020-11-16,6,{'JAM'},{'JAM_STAND_STILL_TRAFFIC'},33,{7},5.484848484848484
2e699ae1,2e699ae14,2020-11-17,7,{'JAM'},{'JAM_STAND_STILL_TRAFFIC'},3,{7},6.333333333333333
2e699ae1,2e699ae14,2020-11-18,7,{'JAM'},{'JAM_HEAVY_TRAFFIC'},31,{7},8.0
2e699ae1,2e699ae14,2020-11-20,7,{'JAM'},{'JAM_STAND_STILL_TRAFFIC'},17,{7},6.352941176470588
2e699ae5,2e699ae44,2020-09-03,7,{'JAM'},{'JAM_MODERATE_TRAFFIC'},7,{7},8.0
2e699ae5,2e699ae44,2020-09-04,7,{'JAM'},{'JAM_STAND_STILL_TRAFFIC'},35,{7},8.0
2e699ae5,2e699ae44,2020-09-04,18,{'JAM'},{'JAM_STAND_STILL_TRAFFIC'},60,{7},5.483333333333333
2e699ae5,2e699ae44,2020-09-09,7,{'JAM'},{'JAM_STAND_STILL_TRAFFIC'},48,{7},5.0
2e699ae5,2e699ae44,2020-09-11,14,{'JAM'},{'JAM_HEAVY_TRAFFIC'},31,{7},5.0
2e699ae5,2e699ae44,2020-09-15,7,{'WEATHERHAZARD'},{'HAZARD_ON_ROAD_CAR_STOPPED'},41,{7},9.365853658536585
2e699ae5,2e699ae44,2020-09-16,10,{'JAM'},{'JAM_STAND_STILL_TRAFFIC'},20,{7},5.0
2e699ae5,2e699ae44,2020-09-16,12,{'WEATHERHAZARD'},{'HAZARD_ON_SHOULDER_CAR_STOPPED'},40,{7},6.15
2e699ae5,2e699ae44,2020-09-22,10,{'JAM'},{'JAM_STAND_STILL_TRAFFIC'},31,{7},5.0
2e699ae5,2e699ae44,2020-09-28,7,{'JAM'},{'JAM_STAND_STILL_TRAFFIC'},9,{7},5.0
2e699ae5,2e699ae44,2020-09-30,7,{'JAM'},{'JAM_STAND_STILL_TRAFFIC'},30,{7},5.0
2e699ae5,2e699ae44,2020-10-02,7,{'JAM'},{'JAM_MODERATE_TRAFFIC'},6,{7},8.166666666666666
2e699ae5,2e699ae44,2020-10-05,7,{'JAM'},{'JAM_STAND_STILL_TRAFFIC'},32,{7},5.0
2e699ae5,2e699ae44,2020-10-05,8,{'WEATHERHAZARD'},{'HAZARD_ON_ROAD_CAR_STOPPED'},32,{7},5.0
2e699ae5,2e699ae44,2020-10-06,7,{'JAM'},{'JAM_MODERATE_TRAFFIC'},30,{7},5.0
2e699ae5,2e699ae44,2020-10-07,7,{'JAM'},{'JAM_HEAVY_TRAFFIC'},31,{7},8.0
2e699ae5,2e699ae44,2020-10-07,14,{'JAM'},{'JAM_STAND_STILL_TRAFFIC'},30,{7},5.0
2e699ae5,2e699ae44,2020-10-08,6,{'JAM'},{'JAM_HEAVY_TRAFFIC'},24,{7},5.0
2e699ae5,2e699ae44,2020-10-12,7,{'JAM'},{'JAM_STAND_STILL_TRAFFIC'},32,{7},5.0
2e699ae5,2e699ae44,2020-10-12,10,{'JAM'},"{'JAM_MODERATE_TRAFFIC', 'JAM_HEAVY_TRAFFIC'}",58,{7},5.0
2e699ae5,2e699ae44,2020-10-13,7,{'JAM'},"{'JAM_STAND_STILL_TRAFFIC', 'JAM_HEAVY_TRAFFIC'}",91,{7},6.593406593406593
2e699ae5,2e699ae44,2020-10-14,7,{'JAM'},{'JAM_STAND_STILL_TRAFFIC'},44,{7},5.0
2e699ae5,2e699ae44,2020-10-15,7,{'JAM'},{'JAM_STAND_STILL_TRAFFIC'},30,{7},5.833333333333333
2e699ae5,2e699ae44,2020-10-16,7,{'JAM'},{'JAM_STAND_STILL_TRAFFIC'},64,{7},6.03125
2e699ae5,2e699ae44,2020-10-19,7,{'JAM'},"{'JAM_STAND_STILL_TRAFFIC', 'JAM_HEAVY_TRAFFIC'}",65,{7},7.569230769230769
2e699ae5,2e699ae44,2020-10-21,7,{'JAM'},{'JAM_MODERATE_TRAFFIC'},36,{7},5.416666666666667
2e699ae5,2e699ae44,2020-10-23,7,{'JAM'},{'JAM_STAND_STILL_TRAFFIC'},32,{7},5.875
2e699ae5,2e699ae44,2020-10-26,7,{'JAM'},{'JAM_STAND_STILL_TRAFFIC'},30,{7},5.0
2e699ae5,2e699ae44,2020-10-27,7,{'JAM'},{'JAM_STAND_STILL_TRAFFIC'},30,{7},5.0
2e699ae5,2e699ae44,2020-10-27,14,{'JAM'},{'JAM_HEAVY_TRAFFIC'},30,{7},5.0
2e699ae5,2e699ae44,2020-10-27,15,{'JAM'},{'JAM_HEAVY_TRAFFIC'},43,{7},5.395348837209302
2e699ae5,2e699ae44,2020-10-28,7,{'JAM'},{'JAM_STAND_STILL_TRAFFIC'},31,{7},5.0
2e699ae5,2e699ae44,2020-11-02,7,{'JAM'},{'JAM_MODERATE_TRAFFIC'},38,{7},6.394736842105263
2e699ae5,2e699ae44,2020-11-03,7,{'JAM'},{'JAM_STAND_STILL_TRAFFIC'},67,{7},5.507462686567164
2e699ae5,2e699ae44,2020-11-03,11,{'JAM'},{'JAM_STAND_STILL_TRAFFIC'},11,{7},5.0
2e699ae5,2e699ae44,2020-11-04,6,{'JAM'},{'JAM_STAND_STILL_TRAFFIC'},31,{7},5.0
2e699ae5,2e699ae44,2020-11-04,7,{'JAM'},{'JAM_STAND_STILL_TRAFFIC'},31,{7},5.0
2e699ae5,2e699ae44,2020-11-06,7,{'JAM'},{'JAM_STAND_STILL_TRAFFIC'},61,{7},5.0
2e699ae5,2e699ae44,2020-11-06,18,{'JAM'},{'JAM_HEAVY_TRAFFIC'},31,{7},5.0
2e699ae5,2e699ae44,2020-11-09,7,{'JAM'},{'JAM_STAND_STILL_TRAFFIC'},63,{7},5.0
2e699ae5,2e699ae44,2020-11-10,7,{'JAM'},{'JAM_STAND_STILL_TRAFFIC'},62,{7},5.5
2e699ae5,2e699ae44,2020-11-10,11,{'JAM'},{'JAM_MODERATE_TRAFFIC'},32,{7},5.1875
2e699ae5,2e699ae44,2020-11-11,7,{'JAM'},{'JAM_STAND_STILL_TRAFFIC'},72,{7},5.486111111111111
2e699ae5,2e699ae44,2020-11-12,7,{'JAM'},"{'JAM_STAND_STILL_TRAFFIC', 'JAM_HEAVY_TRAFFIC'}",27,{7},6.888888888888889
2e699ae5,2e699ae44,2020-11-13,7,{'JAM'},{'JAM_STAND_STILL_TRAFFIC'},17,{7},5.0
2e699ae5,2e699ae44,2020-11-16,7,{'JAM'},{'JAM_STAND_STILL_TRAFFIC'},80,{7},5.8
2e699ae5,2e699ae44,2020-11-17,7,{'JAM'},{'JAM_STAND_STILL_TRAFFIC'},31,{7},5.0
2e699ae5,2e699ae44,2020-11-18,7,{'JAM'},{'JAM_STAND_STILL_TRAFFIC'},27,{7},5.0
2e699ae5,2e699ae44,2020-11-18,17,{'JAM'},{'JAM_STAND_STILL_TRAFFIC'},11,{7},5.0
2e699ae5,2e699ae44,2020-11-19,7,{'JAM'},{'JAM_STAND_STILL_TRAFFIC'},20,{7},5.0
2e699ae5,2e699ae54,2020-09-04,18,{'JAM'},{'JAM_STAND_STILL_TRAFFIC'},30,{7},6.0
2e699ae5,2e699ae54,2020-09-07,17,{'JAM'},{'JAM_HEAVY_TRAFFIC'},31,{7},5.967741935483871
2e699ae5,2e699ae54,2020-09-18,18,{'JAM'},{'JAM_HEAVY_TRAFFIC'},31,{7},5.0
2e699ae5,2e699ae54,2020-09-22,10,{'JAM'},{'JAM_STAND_STILL_TRAFFIC'},30,{7},5.0
2e699ae5,2e699ae54,2020-10-03,10,{'JAM'},{'JAM_STAND_STILL_TRAFFIC'},50,{7},5.38
2e699ae5,2e699ae54,2020-10-07,14,{'JAM'},{'JAM_STAND_STILL_TRAFFIC'},30,{7},5.0
2e699ae5,2e699ae54,2020-10-10,13,{'JAM'},{'JAM_HEAVY_TRAFFIC'},14,{7},5.0
2e699ae5,2e699ae54,2020-10-12,17,{'JAM'},{'JAM_STAND_STILL_TRAFFIC'},32,{7},5.0
2e699ae5,2e699ae54,2020-10-14,14,{'WEATHERHAZARD'},{'HAZARD_ON_ROAD_CAR_STOPPED'},43,{7},5.441860465116279
2e699ae5,2e699ae54,2020-10-16,15,{'JAM'},{'JAM'},5,{7},5.0
2e699ae5,2e699ae54,2020-10-16,18,{'JAM'},{'JAM_STAND_STILL_TRAFFIC'},40,{7},5.4
2e699ae5,2e699ae54,2020-10-19,15,{'JAM'},{'JAM'},32,{7},5.0
2e699ae5,2e699ae54,2020-10-27,20,{'JAM'},{'JAM_HEAVY_TRAFFIC'},34,{7},6.970588235294118
2e699ae5,2e699ae54,2020-10-28,7,{'WEATHERHAZARD'},{'HAZARD_ON_ROAD_POT_HOLE'},119,{7},6.369747899159663
2e699ae5,2e699ae54,2020-10-30,6,{'JAM'},{'JAM_HEAVY_TRAFFIC'},33,{7},5.0
2e699ae5,2e699ae54,2020-11-02,5,{'JAM'},{'JAM_HEAVY_TRAFFIC'},21,{7},5.0
2e699ae5,2e699ae54,2020-11-03,11,{'JAM'},{'JAM_HEAVY_TRAFFIC'},42,{7},5.428571428571429
2e699ae5,2e699ae54,2020-11-06,19,{'JAM'},{'JAM_HEAVY_TRAFFIC'},31,{7},5.0
2e699ae5,2e699ae54,2020-11-09,19,{'JAM'},{'JAM_HEAVY_TRAFFIC'},30,{7},5.0
2e699ae5,2e699ae54,2020-11-10,11,{'JAM'},{'JAM_HEAVY_TRAFFIC'},40,{7},5.425
2e699ae5,2e699ae54,2020-11-17,11,{'JAM'},{'JAM_MODERATE_TRAFFIC'},30,{7},5.0
2e699ae5,2e699ae5c,2020-09-03,17,{'JAM'},{'JAM_HEAVY_TRAFFIC'},32,{7},5.0
2e699ae5,2e699ae5c,2020-09-09,7,{'JAM'},{'JAM_STAND_STILL_TRAFFIC'},62,{7},5.0
2e699ae5,2e699ae5c,2020-09-11,7,{'JAM'},{'JAM_MODERATE_TRAFFIC'},6,{7},8.0
2e699ae5,2e699ae5c,2020-09-11,14,{'JAM'},{'JAM_HEAVY_TRAFFIC'},12,{7},5.0
2e699ae5,2e699ae5c,2020-09-22,10,{'JAM'},{'JAM_STAND_STILL_TRAFFIC'},31,{7},5.0
2e699ae5,2e699ae5c,2020-09-25,14,{'JAM'},{'JAM_HEAVY_TRAFFIC'},61,"{1, 7}",5.0
2e699ae5,2e699ae5c,2020-10-01,7,{'JAM'},{'JAM_MODERATE_TRAFFIC'},5,{7},5.0
2e699ae5,2e699ae5c,2020-10-05,7,{'JAM'},{'JAM_HEAVY_TRAFFIC'},30,{7},5.0
2e699ae5,2e699ae5c,2020-10-05,11,{'JAM'},{'JAM_MODERATE_TRAFFIC'},32,{4},5.0
2e699ae5,2e699ae5c,2020-10-07,7,{'JAM'},{'JAM_HEAVY_TRAFFIC'},30,{7},5.0
2e699ae5,2e699ae5c,2020-10-07,14,{'JAM'},{'JAM_STAND_STILL_TRAFFIC'},38,{7},5.421052631578948
2e699ae5,2e699ae5c,2020-10-08,6,{'JAM'},{'JAM_HEAVY_TRAFFIC'},25,{7},5.0
2e699ae5,2e699ae5c,2020-10-08,7,{'JAM'},{'JAM_MODERATE_TRAFFIC'},27,{7},6.0
2e699ae5,2e699ae5c,2020-10-08,20,{'WEATHERHAZARD'},{'HAZARD_ON_SHOULDER_CAR_STOPPED'},38,{4},5.973684210526316
2e699ae5,2e699ae5c,2020-10-09,19,{'JAM'},{'JAM_HEAVY_TRAFFIC'},4,{7},5.0
2e699ae5,2e699ae5c,2020-10-12,7,{'JAM'},"{'JAM_STAND_STILL_TRAFFIC', 'JAM_HEAVY_TRAFFIC'}",64,{7},5.0
2e699ae5,2e699ae5c,2020-10-13,7,"{'JAM', 'WEATHERHAZARD'}","{'JAM_STAND_STILL_TRAFFIC', 'HAZARD_ON_ROAD_POT_HOLE'}",3861,{7},7.205387205387205
2e699ae5,2e699ae5c,2020-10-14,7,{'JAM'},"{'JAM_STAND_STILL_TRAFFIC', 'JAM_HEAVY_TRAFFIC'}",62,{7},5.0
2e699ae5,2e699ae5c,2020-10-15,7,{'JAM'},{'JAM_STAND_STILL_TRAFFIC'},32,{7},5.0
2e699ae5,2e699ae5c,2020-10-16,6,{'JAM'},{'JAM_STAND_STILL_TRAFFIC'},32,{7},5.0
2e699ae5,2e699ae5c,2020-10-16,7,{'JAM'},{'JAM_STAND_STILL_TRAFFIC'},32,{7},5.0
2e699ae5,2e699ae5c,2020-10-19,7,{'JAM'},{'JAM_STAND_STILL_TRAFFIC'},61,{7},5.704918032786885
2e699ae5,2e699ae5c,2020-10-19,14,{'WEATHERHAZARD'},{'HAZARD_ON_SHOULDER_CAR_STOPPED'},31,{4},6.0
2e699ae5,2e699ae5c,2020-10-21,7,{'JAM'},{'JAM_STAND_STILL_TRAFFIC'},39,{7},5.333333333333333
2e699ae5,2e699ae5c,2020-10-22,7,{'JAM'},{'JAM_HEAVY_TRAFFIC'},30,{7},8.0
2e699ae5,2e699ae5c,2020-10-22,19,{'WEATHERHAZARD'},{'HAZARD_ON_SHOULDER_CAR_STOPPED'},31,{4},5.0
2e699ae5,2e699ae5c,2020-10-23,7,{'JAM'},{'JAM_STAND_STILL_TRAFFIC'},31,{7},5.0
2e699ae5,2e699ae5c,2020-10-26,7,{'JAM'},{'JAM_STAND_STILL_TRAFFIC'},33,{7},5.0
2e699ae5,2e699ae5c,2020-10-27,7,{'JAM'},{'JAM_STAND_STILL_TRAFFIC'},61,{7},5.0
2e699ae5,2e699ae5c,2020-10-28,7,{'JAM'},{'JAM_STAND_STILL_TRAFFIC'},64,{7},5.0
2e699ae5,2e699ae5c,2020-11-02,5,{'JAM'},{'JAM_HEAVY_TRAFFIC'},30,{7},5.0
2e699ae5,2e699ae5c,2020-11-02,7,"{'JAM', 'WEATHERHAZARD'}","{'JAM_STAND_STILL_TRAFFIC', 'HAZARD_ON_ROAD_POT_HOLE'}",3265,{7},8.937825421133232
2e699ae5,2e699ae5c,2020-11-02,11,{'JAM'},{'JAM_HEAVY_TRAFFIC'},33,{7},5.0
2e699ae5,2e699ae5c,2020-11-02,14,{'JAM'},{'JAM_HEAVY_TRAFFIC'},30,{7},5.833333333333333
2e699ae5,2e699ae5c,2020-11-04,7,{'JAM'},{'JAM_STAND_STILL_TRAFFIC'},64,{7},5.0
2e699ae5,2e699ae5c,2020-11-05,7,{'JAM'},{'JAM_STAND_STILL_TRAFFIC'},61,{7},5.0
2e699ae5,2e699ae5c,2020-11-06,7,{'JAM'},{'JAM_STAND_STILL_TRAFFIC'},32,{7},5.0
2e699ae5,2e699ae5c,2020-11-10,7,{'JAM'},{'JAM_STAND_STILL_TRAFFIC'},32,{7},5.0
2e699ae5,2e699ae5c,2020-11-10,11,{'JAM'},{'JAM_HEAVY_TRAFFIC'},31,{7},5.193548387096774
2e699ae5,2e699ae5c,2020-11-13,7,{'JAM'},{'JAM_STAND_STILL_TRAFFIC'},17,{7},5.0
2e699ae5,2e699ae5c,2020-11-13,13,{'JAM'},{'JAM'},32,{7},5.0
2e699ae5,2e699ae5c,2020-11-13,15,{'JAM'},{'JAM_MODERATE_TRAFFIC'},30,{7},5.0
2e699ae5,2e699ae5c,2020-11-16,6,{'JAM'},{'JAM_STAND_STILL_TRAFFIC'},30,{7},5.0
2e699ae5,2e699ae5c,2020-11-16,7,{'JAM'},{'JAM_STAND_STILL_TRAFFIC'},41,{7},5.414634146341464
2e699ae5,2e699ae5c,2020-11-16,19,{'JAM'},{'JAM_HEAVY_TRAFFIC'},10,{7},5.0
2e699ae5,2e699ae5c,2020-11-16,20,{'WEATHERHAZARD'},{'HAZARD_ON_SHOULDER_CAR_STOPPED'},31,{4},5.0
2e699ae5,2e699ae5c,2020-11-18,17,{'JAM'},{'JAM_STAND_STILL_TRAFFIC'},16,{7},5.0
2e699ae5,2e699ae5c,2020-11-19,7,{'JAM'},{'JAM_STAND_STILL_TRAFFIC'},93,{7},5.0
2e699ae7,2e699ae64,2020-09-15,7,{'JAM'},{'JAM_HEAVY_TRAFFIC'},6,{4},5.0
2e699ae7,2e699ae64,2020-10-08,7,{'JAM'},{'JAM_STAND_STILL_TRAFFIC'},5,{4},5.0
2e699ae7,2e699ae64,2020-10-13,12,{'JAM'},{'JAM_HEAVY_TRAFFIC'},32,{4},5.0
2e699ae7,2e699ae64,2020-10-14,21,{'WEATHERHAZARD'},{'HAZARD_ON_ROAD_CONSTRUCTION'},667,{4},7.049475262368816
2e699ae7,2e699ae64,2020-10-20,19,{'WEATHERHAZARD'},{'HAZARD_ON_ROAD_CONSTRUCTION'},721,{4},8.343966712898752
2e699ae7,2e699ae64,2020-10-21,20,{'WEATHERHAZARD'},{'HAZARD_ON_ROAD_CONSTRUCTION'},721,{4},6.438280166435506
2e699ae7,2e699ae64,2020-10-27,16,{'JAM'},{'JAM_HEAVY_TRAFFIC'},30,{4},5.0
2e699ae7,2e699ae64,2020-10-27,18,{'JAM'},{'JAM_STAND_STILL_TRAFFIC'},75,{4},7.68
2e699ae7,2e699ae6c,2020-09-01,6,{'JAM'},{'JAM_HEAVY_TRAFFIC'},24,{7},8.0
2e699ae7,2e699ae6c,2020-09-01,8,{'JAM'},{'JAM_STAND_STILL_TRAFFIC'},6,{7},5.0
2e699ae7,2e699ae6c,2020-09-03,14,{'JAM'},{'JAM_STAND_STILL_TRAFFIC'},30,{4},5.0
2e699ae7,2e699ae6c,2020-09-03,17,{'JAM'},{'JAM_STAND_STILL_TRAFFIC'},31,{7},5.0
2e699ae7,2e699ae6c,2020-09-04,7,{'JAM'},{'JAM_STAND_STILL_TRAFFIC'},30,{4},8.0
2e699ae7,2e699ae6c,2020-09-08,6,{'JAM'},{'JAM_HEAVY_TRAFFIC'},14,{7},8.714285714285714
2e699ae7,2e699ae6c,2020-09-11,9,{'WEATHERHAZARD'},{'HAZARD_ON_ROAD_POT_HOLE'},369,{4},7.487804878048781
2e699ae7,2e699ae6c,2020-09-21,14,{'JAM'},{'JAM_MODERATE_TRAFFIC'},30,{7},5.966666666666667
2e699ae7,2e699ae6c,2020-09-30,7,{'JAM'},{'JAM_STAND_STILL_TRAFFIC'},31,{7},5.967741935483871
2e699ae7,2e699ae6c,2020-10-02,17,{'JAM'},{'JAM_STAND_STILL_TRAFFIC'},30,{7},5.0
2e699ae7,2e699ae6c,2020-10-05,7,{'JAM'},{'JAM_STAND_STILL_TRAFFIC'},60,{7},5.5
2e699ae7,2e699ae6c,2020-10-06,8,{'JAM'},{'JAM_HEAVY_TRAFFIC'},30,{7},5.0
2e699ae7,2e699ae6c,2020-10-06,9,{'JAM'},{'JAM_STAND_STILL_TRAFFIC'},33,{7},5.0
2e699ae7,2e699ae6c,2020-10-07,15,{'JAM'},{'JAM_STAND_STILL_TRAFFIC'},31,{4},5.0
2e699ae7,2e699ae6c,2020-10-08,6,{'JAM'},{'JAM_HEAVY_TRAFFIC'},22,{7},6.636363636363637
2e699ae7,2e699ae6c,2020-10-12,7,{'JAM'},"{'JAM_STAND_STILL_TRAFFIC', 'JAM_HEAVY_TRAFFIC'}",121,{7},5.0
2e699ae7,2e699ae6c,2020-10-12,11,{'JAM'},{'JAM_MODERATE_TRAFFIC'},12,{7},5.0
2e699ae7,2e699ae6c,2020-10-13,7,{'JAM'},"{'JAM_STAND_STILL_TRAFFIC', 'JAM_HEAVY_TRAFFIC'}",36,{7},5.0
2e699ae7,2e699ae6c,2020-10-13,12,{'JAM'},{'JAM_MODERATE_TRAFFIC'},32,{20},5.0
2e699ae7,2e699ae6c,2020-10-15,7,{'JAM'},{'JAM_STAND_STILL_TRAFFIC'},30,{7},6.766666666666667
2e699ae7,2e699ae6c,2020-10-16,7,{'JAM'},{'JAM_STAND_STILL_TRAFFIC'},30,{7},5.0
2e699ae7,2e699ae6c,2020-10-16,11,{'JAM'},"{'JAM_STAND_STILL_TRAFFIC', 'JAM_MODERATE_TRAFFIC'}",63,"{20, 7}",5.0
2e699ae7,2e699ae6c,2020-10-16,17,{'JAM'},{'JAM_HEAVY_TRAFFIC'},30,{4},7.0
2e699ae7,2e699ae6c,2020-10-16,19,{'JAM'},{'JAM_STAND_STILL_TRAFFIC'},40,{7},5.2
2e699ae7,2e699ae6c,2020-10-19,7,{'JAM'},{'JAM_HEAVY_TRAFFIC'},32,{7},5.65625
2e699ae7,2e699ae6c,2020-10-20,7,{'JAM'},{'JAM_MODERATE_TRAFFIC'},9,{7},8.0
2e699ae7,2e699ae6c,2020-10-20,13,{'JAM'},{'JAM_HEAVY_TRAFFIC'},21,{7},5.571428571428571
2e699ae7,2e699ae6c,2020-10-23,7,{'JAM'},{'JAM_STAND_STILL_TRAFFIC'},33,{7},6.818181818181818
2e699ae7,2e699ae6c,2020-10-26,7,{'JAM'},{'JAM_STAND_STILL_TRAFFIC'},60,{7},5.0
2e699ae7,2e699ae6c,2020-10-26,17,{'JAM'},{'JAM_MODERATE_TRAFFIC'},31,{7},5.0
2e699ae7,2e699ae6c,2020-10-26,18,{'JAM'},{'JAM_STAND_STILL_TRAFFIC'},15,{7},5.0
2e699ae7,2e699ae6c,2020-10-27,7,{'JAM'},{'JAM_STAND_STILL_TRAFFIC'},29,{7},8.0
2e699ae7,2e699ae6c,2020-10-27,15,{'JAM'},{'JAM_MODERATE_TRAFFIC'},39,{7},5.435897435897436
2e699ae7,2e699ae6c,2020-10-27,17,{'JAM'},{'JAM_STAND_STILL_TRAFFIC'},1,{7},5.0
2e699ae7,2e699ae6c,2020-10-28,7,{'JAM'},{'JAM_MODERATE_TRAFFIC'},31,{7},5.0
2e699ae7,2e699ae6c,2020-10-28,20,{'JAM'},{'JAM_MODERATE_TRAFFIC'},9,{4},5.0
2e699ae7,2e699ae6c,2020-11-03,7,{'JAM'},{'JAM_STAND_STILL_TRAFFIC'},8,{7},5.0
2e699ae7,2e699ae6c,2020-11-03,17,{'JAM'},{'JAM_HEAVY_TRAFFIC'},32,{4},6.0
2e699ae7,2e699ae6c,2020-11-04,6,{'JAM'},{'JAM_STAND_STILL_TRAFFIC'},30,{7},5.0
2e699ae7,2e699ae6c,2020-11-04,7,{'JAM'},"{'JAM_STAND_STILL_TRAFFIC', 'JAM_HEAVY_TRAFFIC'}",61,{7},7.950819672131147
2e699ae7,2e699ae6c,2020-11-05,7,{'JAM'},{'JAM_STAND_STILL_TRAFFIC'},65,{7},7.0
2e699ae7,2e699ae6c,2020-11-05,11,{'WEATHERHAZARD'},{'HAZARD_ON_ROAD_CONSTRUCTION'},299,{7},8.618729096989966
2e699ae7,2e699ae6c,2020-11-05,15,{'JAM'},{'JAM_MODERATE_TRAFFIC'},6,{7},5.0
2e699ae7,2e699ae6c,2020-11-06,7,{'JAM'},{'JAM_STAND_STILL_TRAFFIC'},32,{7},5.0
2e699ae7,2e699ae6c,2020-11-06,10,{'JAM'},{'JAM_STAND_STILL_TRAFFIC'},31,{4},5.0
2e699ae7,2e699ae6c,2020-11-09,7,{'JAM'},{'JAM_STAND_STILL_TRAFFIC'},61,{7},5.491803278688525
2e699ae7,2e699ae6c,2020-11-10,7,{'JAM'},{'JAM_STAND_STILL_TRAFFIC'},33,{7},5.0
2e699ae7,2e699ae6c,2020-11-11,7,{'JAM'},{'JAM_HEAVY_TRAFFIC'},30,{7},5.833333333333333
2e699ae7,2e699ae6c,2020-11-11,9,{'JAM'},{'JAM_HEAVY_TRAFFIC'},9,{7},5.0
2e699ae7,2e699ae6c,2020-11-13,7,{'JAM'},{'JAM_STAND_STILL_TRAFFIC'},14,{7},5.0
2e699ae7,2e699ae6c,2020-11-13,10,{'JAM'},{'JAM_MODERATE_TRAFFIC'},24,{7},5.0
2e699ae7,2e699ae6c,2020-11-13,18,{'JAM'},{'JAM_HEAVY_TRAFFIC'},32,{20},5.0
2e699ae7,2e699ae6c,2020-11-16,6,{'JAM'},{'JAM_STAND_STILL_TRAFFIC'},32,{4},5.0
2e699ae7,2e699ae6c,2020-11-16,7,{'JAM'},{'JAM_STAND_STILL_TRAFFIC'},41,{7},5.365853658536586
2e699ae7,2e699ae6c,2020-11-17,6,{'JAM'},{'JAM_HEAVY_TRAFFIC'},31,{7},5.0
2e699ae7,2e699ae6c,2020-11-17,7,{'JAM'},{'JAM_STAND_STILL_TRAFFIC'},59,{7},6.47457627118644
2e699ae7,2e699ae6c,2020-11-18,6,{'WEATHERHAZARD'},{'HAZARD_ON_SHOULDER_CAR_STOPPED'},32,{4},5.96875
2e699ae7,2e699ae6c,2020-11-18,7,{'JAM'},{'JAM_STAND_STILL_TRAFFIC'},31,{7},6.0
2e699ae7,2e699ae6c,2020-11-19,7,{'JAM'},"{'JAM_STAND_STILL_TRAFFIC', 'JAM_HEAVY_TRAFFIC'}",60,{7},5.0
2e699ae7,2e699ae74,2020-09-01,6,{'JAM'},{'JAM_HEAVY_TRAFFIC'},25,{4},8.0
2e699ae7,2e699ae74,2020-09-01,8,{'JAM'},{'JAM_STAND_STILL_TRAFFIC'},6,{4},5.0
2e699ae7,2e699ae74,2020-09-03,7,{'WEATHERHAZARD'},{'HAZARD_ON_SHOULDER_CAR_STOPPED'},36,{4},6.305555555555555
2e699ae7,2e699ae74,2020-09-03,15,{'JAM'},{'JAM_STAND_STILL_TRAFFIC'},24,{4},5.0
2e699ae7,2e699ae74,2020-09-04,6,{'JAM'},{'JAM_STAND_STILL_TRAFFIC'},37,{4},9.054054054054054
2e699ae7,2e699ae74,2020-09-15,7,{'JAM'},"{'JAM_MODERATE_TRAFFIC', 'JAM_HEAVY_TRAFFIC'}",68,{4},7.279411764705882
2e699ae7,2e699ae74,2020-09-17,10,{'JAM'},{'JAM_MODERATE_TRAFFIC'},5,{4},5.0
2e699ae7,2e699ae74,2020-09-30,7,{'JAM'},{'JAM_HEAVY_TRAFFIC'},17,{4},5.0
2e699ae7,2e699ae74,2020-10-08,7,{'WEATHERHAZARD'},{'HAZARD_ON_SHOULDER_CAR_STOPPED'},30,{4},9.433333333333334
2e699ae7,2e699ae74,2020-10-16,7,{'JAM'},{'JAM_STAND_STILL_TRAFFIC'},27,{4},7.074074074074074
2e699ae7,2e699ae74,2020-10-16,17,{'JAM'},{'JAM_HEAVY_TRAFFIC'},1,{4},5.0
2e699ae7,2e699ae74,2020-10-22,7,{'WEATHERHAZARD'},{'HAZARD_ON_SHOULDER_CAR_STOPPED'},57,{4},8.192982456140351
2e699ae7,2e699ae74,2020-10-26,18,{'JAM'},{'JAM_HEAVY_TRAFFIC'},13,{4},5.0
2e699ae7,2e699ae74,2020-10-28,6,{'WEATHERHAZARD'},{'HAZARD_ON_SHOULDER_CAR_STOPPED'},30,{4},6.966666666666667
2e699ae7,2e699ae74,2020-10-28,10,{'JAM'},{'JAM_STAND_STILL_TRAFFIC'},31,{4},5.903225806451613
2e699ae7,2e699ae74,2020-10-28,16,{'JAM'},{'JAM_HEAVY_TRAFFIC'},24,{4},5.333333333333333
2e699ae7,2e699ae74,2020-11-05,7,{'JAM'},{'JAM_STAND_STILL_TRAFFIC'},33,{4},5.0
2e699ae7,2e699ae74,2020-11-16,6,{'JAM'},{'JAM_STAND_STILL_TRAFFIC'},30,{4},5.0
2e699ae7,2e699ae7c,2020-09-01,8,{'JAM'},{'JAM_STAND_STILL_TRAFFIC'},6,{4},5.0
2e699ae7,2e699ae7c,2020-09-14,6,{'JAM'},{'JAM_HEAVY_TRAFFIC'},5,{4},5.0
2e699ae7,2e699ae7c,2020-09-14,7,{'WEATHERHAZARD'},{'HAZARD_ON_SHOULDER_CAR_STOPPED'},30,{4},5.5
2e699ae7,2e699ae7c,2020-10-02,7,{'WEATHERHAZARD'},{'HAZARD_ON_SHOULDER_CAR_STOPPED'},8,{4},7.0
2e699ae7,2e699ae7c,2020-10-06,9,{'JAM'},{'JAM_STAND_STILL_TRAFFIC'},5,{4},5.0
2e699ae7,2e699ae7c,2020-10-07,7,{'WEATHERHAZARD'},{'HAZARD_ON_SHOULDER_CAR_STOPPED'},32,{4},6.0
2e699ae7,2e699ae7c,2020-10-08,7,{'JAM'},{'JAM_STAND_STILL_TRAFFIC'},24,{4},6.916666666666667
2e699ae7,2e699ae7c,2020-10-08,17,{'JAM'},{'JAM_HEAVY_TRAFFIC'},31,{4},5.0
2e699ae7,2e699ae7c,2020-10-14,7,{'WEATHERHAZARD'},{'HAZARD_ON_SHOULDER_CAR_STOPPED'},31,{4},6.483870967741935
2e699ae7,2e699ae7c,2020-10-20,7,{'WEATHERHAZARD'},{'HAZARD_ON_SHOULDER_CAR_STOPPED'},7,{4},5.428571428571429
2e699ae7,2e699ae7c,2020-10-27,16,{'JAM'},{'JAM_STAND_STILL_TRAFFIC'},31,{4},5.0
2e699ae7,2e699ae7c,2020-10-27,18,{'JAM'},{'JAM_STAND_STILL_TRAFFIC'},61,{4},7.0
2e699ae7,2e699ae7c,2020-10-28,10,{'JAM'},"{'JAM_STAND_STILL_TRAFFIC', 'JAM_HEAVY_TRAFFIC'}",55,{4},5.581818181818182
2e699ae7,2e699ae7c,2020-11-20,15,{'JAM'},{'JAM_STAND_STILL_TRAFFIC'},39,{4},5.384615384615385
2e699ae9,2e699ae8c,2020-09-01,8,{'JAM'},{'JAM_STAND_STILL_TRAFFIC'},7,{4},6.0
2e699ae9,2e699ae8c,2020-09-02,12,{'JAM'},{'JAM_STAND_STILL_TRAFFIC'},7,{4},5.0
2e699ae9,2e699ae8c,2020-09-07,18,{'WEATHERHAZARD'},{'HAZARD_ON_ROAD_CONSTRUCTION'},783,{4},9.572158365261814
2e699ae9,2e699ae8c,2020-09-16,18,{'WEATHERHAZARD'},{'HAZARD_ON_SHOULDER_CAR_STOPPED'},32,{4},5.53125
2e699ae9,2e699ae8c,2020-09-28,8,{'WEATHERHAZARD'},{'HAZARD_ON_SHOULDER_CAR_STOPPED'},18,{4},5.611111111111111
2e699ae9,2e699ae8c,2020-10-01,19,{'WEATHERHAZARD'},{'HAZARD_ON_SHOULDER_CAR_STOPPED'},29,{4},5.0
2e699ae9,2e699ae8c,2020-10-05,7,{'JAM'},{'JAM_HEAVY_TRAFFIC'},31,{2},5.0
2e699ae9,2e699ae8c,2020-10-05,19,{'WEATHERHAZARD'},{'HAZARD_ON_SHOULDER_CAR_STOPPED'},31,{4},5.612903225806452
2e699ae9,2e699ae8c,2020-10-08,7,{'JAM'},{'JAM_HEAVY_TRAFFIC'},5,{4},7.4
2e699ae9,2e699ae8c,2020-10-16,19,{'WEATHERHAZARD'},{'HAZARD_ON_SHOULDER_CAR_STOPPED'},36,{4},5.916666666666667
2e699ae9,2e699ae8c,2020-10-21,7,{'WEATHERHAZARD'},{'HAZARD_ON_SHOULDER_CAR_STOPPED'},42,{4},6.809523809523809
2e699ae9,2e699ae8c,2020-10-21,18,{'JAM'},"{'JAM', 'JAM_HEAVY_TRAFFIC'}",43,{4},5.0
2e699ae9,2e699ae8c,2020-10-26,10,{'JAM'},{'JAM'},34,{4},5.0
2e699ae9,2e699ae8c,2020-10-26,20,{'WEATHERHAZARD'},{'HAZARD_ON_SHOULDER_CAR_STOPPED'},38,{4},5.421052631578948
2e699ae9,2e699ae8c,2020-10-27,17,{'JAM'},{'JAM_STAND_STILL_TRAFFIC'},65,{4},7.138461538461539
2e699ae9,2e699ae8c,2020-10-28,10,{'JAM'},{'JAM_HEAVY_TRAFFIC'},15,{4},8.0
2e699ae9,2e699ae8c,2020-10-28,19,{'JAM'},{'JAM_STAND_STILL_TRAFFIC'},32,{4},5.0
2e699ae9,2e699ae8c,2020-11-02,20,{'WEATHERHAZARD'},{'HAZARD_ON_SHOULDER_CAR_STOPPED'},39,{4},5.461538461538462
2e699ae9,2e699ae8c,2020-11-04,8,{'WEATHERHAZARD'},{'HAZARD_ON_SHOULDER_CAR_STOPPED'},30,{4},5.0
2e699ae9,2e699ae8c,2020-11-06,11,{'JAM'},{'JAM_STAND_STILL_TRAFFIC'},23,{4},5.0
2e699ae9,2e699ae8c,2020-11-06,12,{'JAM'},{'JAM_STAND_STILL_TRAFFIC'},31,{4},5.0
2e699ae9,2e699ae8c,2020-11-08,18,{'JAM'},{'JAM_MODERATE_TRAFFIC'},30,{4},5.0
2e699ae9,2e699ae8c,2020-11-12,20,{'WEATHERHAZARD'},{'HAZARD_ON_SHOULDER_CAR_STOPPED'},33,{2},5.484848484848484
2e699ae9,2e699ae8c,2020-11-13,1,{'ACCIDENT'},{'ACCIDENT_MAJOR'},118,{4},5.0
2e699ae9,2e699ae8c,2020-11-16,17,{'JAM'},{'JAM_STAND_STILL_TRAFFIC'},16,{4},6.0
2e699ae9,2e699ae8c,2020-11-19,20,{'WEATHERHAZARD'},{'HAZARD_ON_SHOULDER_CAR_STOPPED'},32,{4},5.75
2e699ae9,2e699ae94,2020-10-01,19,{'WEATHERHAZARD'},{'HAZARD_ON_ROAD_POT_HOLE'},2583,{2},8.651567944250871
2e699ae9,2e699ae9c,2020-09-29,12,{'WEATHERHAZARD'},{'HAZARD_ON_ROAD_CAR_STOPPED'},52,{4},7.134615384615385
2e699ae9,2e699ae9c,2020-10-03,16,{'ACCIDENT'},{'ACCIDENT_MAJOR'},43,{4},5.069767441860465
2e699ae9,2e699ae9c,2020-10-21,17,{'JAM'},{'JAM_STAND_STILL_TRAFFIC'},15,{4},10.0
2e699ae9,2e699ae9c,2020-10-28,18,{'JAM'},{'JAM_HEAVY_TRAFFIC'},32,{4},5.75
2e699ae9,2e699ae9c,2020-10-28,19,{'JAM'},{'JAM_HEAVY_TRAFFIC'},15,{4},5.133333333333334
2e699ae9,2e699ae9c,2020-11-16,18,{'JAM'},{'JAM_STAND_STILL_TRAFFIC'},8,{4},5.0
2e699aeb,2e699aeac,2020-09-11,15,{'WEATHERHAZARD'},{'HAZARD_ON_SHOULDER_CAR_STOPPED'},30,{2},5.0
2e699aeb,2e699aeac,2020-10-02,12,{'WEATHERHAZARD'},{'HAZARD_ON_SHOULDER_CAR_STOPPED'},30,{2},5.0
2e699aeb,2e699aeac,2020-10-16,19,{'WEATHERHAZARD'},{'HAZARD_ON_SHOULDER_CAR_STOPPED'},40,{2},6.1
2e699aeb,2e699aeac,2020-11-05,12,{'WEATHERHAZARD'},{'HAZARD_ON_ROAD_POT_HOLE'},213,{2},5.234741784037559
2e699aeb,2e699aeac,2020-11-19,20,{'WEATHERHAZARD'},{'HAZARD_ON_ROAD_ROAD_KILL'},31,{2},5.645161290322581
2e699aeb,2e699aeb4,2020-10-07,14,{'JAM'},{'JAM_STAND_STILL_TRAFFIC'},34,{2},5.0
2e699aeb,2e699aebc,2020-09-10,13,{'WEATHERHAZARD'},{'HAZARD_ON_SHOULDER_CAR_STOPPED'},33,{2},5.0
2e699aef,2e699aefc,2020-09-01,12,{'JAM'},{'JAM_MODERATE_TRAFFIC'},16,{7},5.0
2e699aef,2e699aefc,2020-09-02,13,{'JAM'},{'JAM_HEAVY_TRAFFIC'},27,{7},5.0
2e699aef,2e699aefc,2020-09-04,7,{'WEATHERHAZARD'},{'HAZARD_ON_ROAD_CAR_STOPPED'},31,{7},9.193548387096774
2e699aef,2e699aefc,2020-09-04,10,{'JAM'},{'JAM_HEAVY_TRAFFIC'},16,{7},5.0
2e699aef,2e699aefc,2020-09-09,9,{'JAM'},{'JAM_STAND_STILL_TRAFFIC'},31,{7},5.0
2e699aef,2e699aefc,2020-09-09,13,{'JAM'},{'JAM_STAND_STILL_TRAFFIC'},28,{7},5.0
2e699aef,2e699aefc,2020-09-12,15,{'JAM'},{'JAM_STAND_STILL_TRAFFIC'},14,{7},5.714285714285714
2e699aef,2e699aefc,2020-09-16,17,{'JAM'},{'JAM_STAND_STILL_TRAFFIC'},21,{7},5.0
2e699aef,2e699aefc,2020-09-16,18,{'WEATHERHAZARD'},{'HAZARD_ON_ROAD_CAR_STOPPED'},6,{7},5.166666666666667
2e699aef,2e699aefc,2020-09-17,14,{'JAM'},{'JAM_HEAVY_TRAFFIC'},7,{7},5.0
2e699aef,2e699aefc,2020-09-17,17,{'JAM'},{'JAM_HEAVY_TRAFFIC'},32,{7},5.0
2e699aef,2e699aefc,2020-09-19,14,{'JAM'},{'JAM_HEAVY_TRAFFIC'},23,{7},5.0
2e699aef,2e699aefc,2020-09-21,14,{'JAM'},{'JAM_STAND_STILL_TRAFFIC'},31,{7},5.0
2e699aef,2e699aefc,2020-09-23,17,{'JAM'},{'JAM_HEAVY_TRAFFIC'},33,{7},5.0
2e699aef,2e699aefc,2020-09-23,18,{'JAM'},{'JAM_HEAVY_TRAFFIC'},30,{7},5.0
2e699aef,2e699aefc,2020-09-25,14,{'JAM'},{'JAM_HEAVY_TRAFFIC'},33,{7},5.0
2e699aef,2e699aefc,2020-09-26,9,{'JAM'},{'JAM_MODERATE_TRAFFIC'},30,{7},8.0
2e699aef,2e699aefc,2020-10-01,18,{'JAM'},{'JAM_HEAVY_TRAFFIC'},30,{7},5.0
2e699aef,2e699aefc,2020-10-02,17,{'JAM'},{'JAM_HEAVY_TRAFFIC'},31,{7},5.0
2e699aef,2e699aefc,2020-10-03,8,{'JAM'},{'JAM_STAND_STILL_TRAFFIC'},32,{7},5.0
2e699aef,2e699aefc,2020-10-03,18,{'JAM'},{'JAM_HEAVY_TRAFFIC'},47,{7},5.0
2e699aef,2e699aefc,2020-10-05,18,{'JAM'},{'JAM_STAND_STILL_TRAFFIC'},31,{7},5.0
2e699aef,2e699aefc,2020-10-09,17,{'JAM'},{'JAM_MODERATE_TRAFFIC'},28,{7},5.0
2e699aef,2e699aefc,2020-10-09,19,{'JAM'},{'JAM_HEAVY_TRAFFIC'},26,{7},6.0
2e699aef,2e699aefc,2020-10-12,11,{'JAM'},{'JAM_MODERATE_TRAFFIC'},6,{7},5.0
2e699aef,2e699aefc,2020-10-13,5,{'JAM'},{'JAM_MODERATE_TRAFFIC'},21,{7},5.0
2e699aef,2e699aefc,2020-10-13,11,{'JAM'},{'JAM_HEAVY_TRAFFIC'},37,{7},6.378378378378378
2e699aef,2e699aefc,2020-10-13,14,{'JAM'},{'JAM_HEAVY_TRAFFIC'},31,{7},5.0
2e699aef,2e699aefc,2020-10-14,13,{'JAM'},{'JAM_HEAVY_TRAFFIC'},31,{7},5.0
2e699aef,2e699aefc,2020-10-16,11,{'JAM'},{'JAM_HEAVY_TRAFFIC'},31,{7},5.0
2e699aef,2e699aefc,2020-10-16,15,{'JAM'},{'JAM'},26,{7},6.0
2e699aef,2e699aefc,2020-10-16,19,{'JAM'},{'JAM_HEAVY_TRAFFIC'},19,{7},5.0
2e699aef,2e699aefc,2020-10-17,11,{'JAM'},{'JAM_STAND_STILL_TRAFFIC'},32,{7},5.0
2e699aef,2e699aefc,2020-10-17,15,{'JAM'},{'JAM'},22,{7},5.0
2e699aef,2e699aefc,2020-10-17,20,{'JAM'},{'JAM_STAND_STILL_TRAFFIC'},10,{7},5.0
2e699aef,2e699aefc,2020-10-23,9,{'JAM'},{'JAM_MODERATE_TRAFFIC'},31,{7},5.0
2e699aef,2e699aefc,2020-10-28,14,{'JAM'},{'JAM_STAND_STILL_TRAFFIC'},30,{7},6.466666666666667
2e699aef,2e699aefc,2020-10-30,19,{'JAM'},{'JAM_HEAVY_TRAFFIC'},31,{7},5.0
2e699aef,2e699aefc,2020-11-04,15,{'JAM'},{'JAM_HEAVY_TRAFFIC'},35,{7},5.0
2e699aef,2e699aefc,2020-11-05,9,{'JAM'},{'JAM_HEAVY_TRAFFIC'},40,{7},5.425
2e699aef,2e699aefc,2020-11-05,13,{'JAM'},{'JAM_STAND_STILL_TRAFFIC'},31,{7},5.967741935483871
2e699aef,2e699aefc,2020-11-06,19,{'JAM'},{'JAM'},32,{7},5.0
2e699aef,2e699aefc,2020-11-07,13,{'JAM'},{'JAM'},32,{7},5.90625
2e699aef,2e699aefc,2020-11-07,19,{'JAM'},{'JAM_HEAVY_TRAFFIC'},33,{7},5.0
2e699aef,2e699aefc,2020-11-09,19,{'WEATHERHAZARD'},{'HAZARD_ON_SHOULDER_CAR_STOPPED'},31,{7},5.870967741935484
2e699aef,2e699aefc,2020-11-11,16,{'JAM'},{'JAM'},22,{7},5.0
2e699aef,2e699aefc,2020-11-12,15,{'JAM'},{'JAM_MODERATE_TRAFFIC'},31,{7},5.0
2e699aef,2e699aefc,2020-11-12,19,{'JAM'},{'JAM_MODERATE_TRAFFIC'},30,{7},5.0
2e699aef,2e699aefc,2020-11-14,10,{'JAM'},{'JAM_HEAVY_TRAFFIC'},31,{7},5.0
2e699aef,2e699aefc,2020-11-14,14,{'JAM'},{'JAM_HEAVY_TRAFFIC'},24,{7},5.0
2e699aef,2e699aefc,2020-11-14,19,{'JAM'},{'JAM_STAND_STILL_TRAFFIC'},31,{7},5.0
2e699aef,2e699aefc,2020-11-16,12,{'JAM'},{'JAM_MODERATE_TRAFFIC'},31,{7},5.0
2e699aef,2e699aefc,2020-11-19,12,{'JAM'},{'JAM_HEAVY_TRAFFIC'},31,{7},5.0
2e699aef,2e699aefc,2020-11-20,17,{'JAM'},{'JAM_HEAVY_TRAFFIC'},29,{7},5.0
2e699af1,2e699af04,2020-09-28,14,{'JAM'},{'JAM_STAND_STILL_TRAFFIC'},30,{7},5.0
2e699af1,2e699af04,2020-10-12,19,{'JAM'},{'JAM_MODERATE_TRAFFIC'},27,{7},5.0
2e699af1,2e699af04,2020-10-13,19,{'JAM'},{'JAM_MODERATE_TRAFFIC'},34,{7},5.0
2e699af1,2e699af04,2020-10-27,13,{'JAM'},{'JAM_MODERATE_TRAFFIC'},31,{7},5.0
2e699af1,2e699af04,2020-11-03,11,{'JAM'},{'JAM_HEAVY_TRAFFIC'},23,{7},5.043478260869565
2e699af1,2e699af04,2020-11-13,11,{'JAM'},{'JAM_STAND_STILL_TRAFFIC'},31,{7},5.0
2e699af1,2e699af04,2020-11-13,17,{'JAM'},{'JAM_STAND_STILL_TRAFFIC'},35,{7},5.3428571428571425
2e699af1,2e699af04,2020-11-14,10,{'JAM'},{'JAM_STAND_STILL_TRAFFIC'},13,{7},5.0
2e699af1,2e699af04,2020-11-17,21,{'JAM'},{'JAM_MODERATE_TRAFFIC'},16,{7},5.0
2e699af1,2e699af1c,2020-09-01,18,{'JAM'},{'JAM_MODERATE_TRAFFIC'},32,{7},8.0
2e699af1,2e699af1c,2020-09-03,17,{'JAM'},{'JAM_STAND_STILL_TRAFFIC'},62,{7},5.0
2e699af1,2e699af1c,2020-09-04,17,{'JAM'},{'JAM_STAND_STILL_TRAFFIC'},30,{7},7.0
2e699af1,2e699af1c,2020-09-07,17,{'JAM'},{'JAM_STAND_STILL_TRAFFIC'},59,{7},5.47457627118644
2e699af1,2e699af1c,2020-09-11,12,{'JAM'},{'JAM_MODERATE_TRAFFIC'},30,{7},5.0
2e699af1,2e699af1c,2020-09-15,17,{'JAM'},{'JAM_STAND_STILL_TRAFFIC'},61,{7},6.180327868852459
2e699af1,2e699af1c,2020-09-16,17,{'JAM'},{'JAM_HEAVY_TRAFFIC'},30,{7},5.0
2e699af1,2e699af1c,2020-09-17,17,{'JAM'},{'JAM_STAND_STILL_TRAFFIC'},22,{7},5.0
2e699af1,2e699af1c,2020-09-23,17,{'JAM'},{'JAM_STAND_STILL_TRAFFIC'},30,{7},5.0
2e699af1,2e699af1c,2020-09-24,17,{'JAM'},{'JAM_MODERATE_TRAFFIC'},29,{7},5.0
2e699af1,2e699af1c,2020-09-25,19,{'JAM'},{'JAM_HEAVY_TRAFFIC'},31,{7},5.903225806451613
2e699af1,2e699af1c,2020-10-01,17,{'JAM'},{'JAM_STAND_STILL_TRAFFIC'},62,{7},5.5
2e699af1,2e699af1c,2020-10-02,16,{'JAM'},{'JAM_HEAVY_TRAFFIC'},31,{7},5.0
2e699af1,2e699af1c,2020-10-02,18,{'JAM'},{'JAM_HEAVY_TRAFFIC'},31,{7},5.0
2e699af1,2e699af1c,2020-10-06,17,{'JAM'},{'JAM_STAND_STILL_TRAFFIC'},58,{7},5.793103448275862
2e699af1,2e699af1c,2020-10-07,11,{'JAM'},{'JAM_HEAVY_TRAFFIC'},31,{7},5.967741935483871
2e699af1,2e699af1c,2020-10-09,11,{'JAM'},{'JAM_STAND_STILL_TRAFFIC'},34,{7},5.0
2e699af1,2e699af1c,2020-10-12,11,{'JAM'},{'JAM_MODERATE_TRAFFIC'},32,{7},5.0
2e699af1,2e699af1c,2020-10-12,14,{'JAM'},{'JAM'},16,{7},5.0
2e699af1,2e699af1c,2020-10-12,17,{'JAM'},{'JAM_STAND_STILL_TRAFFIC'},31,{7},5.0
2e699af1,2e699af1c,2020-10-14,16,{'JAM'},{'JAM_STAND_STILL_TRAFFIC'},31,{7},5.0
2e699af1,2e699af1c,2020-10-15,13,{'JAM'},{'JAM_MODERATE_TRAFFIC'},32,{7},5.0
2e699af1,2e699af1c,2020-10-15,14,{'JAM'},{'JAM_HEAVY_TRAFFIC'},18,{7},5.0
2e699af1,2e699af1c,2020-10-15,17,{'JAM'},{'JAM_STAND_STILL_TRAFFIC'},29,{7},6.0
2e699af1,2e699af1c,2020-10-15,19,{'JAM'},{'JAM_MODERATE_TRAFFIC'},33,{7},5.0
2e699af1,2e699af1c,2020-10-16,14,{'JAM'},{'JAM_MODERATE_TRAFFIC'},32,{7},5.0
2e699af1,2e699af1c,2020-10-16,17,{'JAM'},{'JAM_HEAVY_TRAFFIC'},43,{7},5.395348837209302
2e699af1,2e699af1c,2020-10-16,18,{'JAM'},{'JAM_HEAVY_TRAFFIC'},41,{7},5.414634146341464
2e699af1,2e699af1c,2020-10-16,19,{'JAM'},{'JAM_STAND_STILL_TRAFFIC'},5,{7},5.0
2e699af1,2e699af1c,2020-10-20,17,{'JAM'},{'JAM_STAND_STILL_TRAFFIC'},29,{7},6.0
2e699af1,2e699af1c,2020-10-20,18,{'JAM'},{'JAM_HEAVY_TRAFFIC'},30,{7},5.0
2e699af1,2e699af1c,2020-10-21,7,{'WEATHERHAZARD'},{'HAZARD_ON_SHOULDER_CAR_STOPPED'},32,{7},5.0
2e699af1,2e699af1c,2020-10-21,17,{'JAM'},{'JAM_STAND_STILL_TRAFFIC'},80,{7},6.0
2e699af1,2e699af1c,2020-10-22,17,{'JAM'},{'JAM_HEAVY_TRAFFIC'},31,{7},5.0
2e699af1,2e699af1c,2020-10-23,13,{'JAM'},{'JAM_MODERATE_TRAFFIC'},30,{7},5.0
2e699af1,2e699af1c,2020-10-27,17,{'JAM'},{'JAM_STAND_STILL_TRAFFIC'},32,{7},6.0
2e699af1,2e699af1c,2020-10-27,18,{'JAM'},{'JAM_HEAVY_TRAFFIC'},31,{7},5.838709677419355
2e699af1,2e699af1c,2020-10-28,17,{'JAM'},{'JAM_HEAVY_TRAFFIC'},23,{7},5.0
2e699af1,2e699af1c,2020-10-28,18,{'WEATHERHAZARD'},{'HAZARD_ON_SHOULDER_CAR_STOPPED'},25,{7},6.64
2e699af1,2e699af1c,2020-10-30,21,{'JAM'},{'JAM'},33,{7},5.0
2e699af1,2e699af1c,2020-11-02,10,{'JAM'},{'JAM'},32,{7},5.0
2e699af1,2e699af1c,2020-11-02,17,{'JAM'},{'JAM_STAND_STILL_TRAFFIC'},28,{7},8.0
2e699af1,2e699af1c,2020-11-02,19,{'JAM'},{'JAM_MODERATE_TRAFFIC'},7,{7},5.0
2e699af1,2e699af1c,2020-11-03,8,"{'JAM', 'WEATHERHAZARD'}","{'HAZARD_ON_SHOULDER_CAR_STOPPED', 'JAM_HEAVY_TRAFFIC'}",49,{7},5.326530612244898
2e699af1,2e699af1c,2020-11-03,17,{'JAM'},{'JAM_STAND_STILL_TRAFFIC'},18,{7},5.0
2e699af1,2e699af1c,2020-11-06,15,{'JAM'},{'JAM_STAND_STILL_TRAFFIC'},31,{7},5.0
2e699af1,2e699af1c,2020-11-09,17,{'JAM'},{'JAM_STAND_STILL_TRAFFIC'},44,{7},7.409090909090909
2e699af1,2e699af1c,2020-11-11,17,{'JAM'},{'JAM_STAND_STILL_TRAFFIC'},30,{7},5.0
2e699af1,2e699af1c,2020-11-11,20,{'JAM'},{'JAM_MODERATE_TRAFFIC'},33,{7},5.0
2e699af1,2e699af1c,2020-11-12,17,{'JAM'},"{'JAM_STAND_STILL_TRAFFIC', 'JAM_HEAVY_TRAFFIC'}",73,{7},5.424657534246576
2e699af1,2e699af1c,2020-11-12,18,{'JAM'},{'JAM_HEAVY_TRAFFIC'},31,{7},5.0
2e699af1,2e699af1c,2020-11-13,17,{'JAM'},{'JAM_STAND_STILL_TRAFFIC'},42,{7},5.380952380952381
2e699af1,2e699af1c,2020-11-13,18,{'JAM'},{'JAM_MODERATE_TRAFFIC'},27,{7},5.0
2e699af1,2e699af1c,2020-11-14,10,{'WEATHERHAZARD'},{'HAZARD_ON_ROAD_CAR_STOPPED'},31,{7},5.935483870967742
2e699af1,2e699af1c,2020-11-16,17,{'JAM'},{'JAM_STAND_STILL_TRAFFIC'},31,{7},5.0
2e699af1,2e699af1c,2020-11-17,17,{'JAM'},{'JAM_STAND_STILL_TRAFFIC'},32,{7},5.0
2e699af1,2e699af1c,2020-11-18,12,{'JAM'},{'JAM_MODERATE_TRAFFIC'},31,{7},5.0
2e699af1,2e699af1c,2020-11-18,17,{'JAM'},{'JAM_STAND_STILL_TRAFFIC'},30,{7},5.0
2e699af1,2e699af1c,2020-11-21,14,{'JAM'},{'JAM_HEAVY_TRAFFIC'},29,{7},8.0
2e699af3,2e699af24,2020-09-02,17,{'JAM'},{'JAM_STAND_STILL_TRAFFIC'},30,{7},5.0
2e699af3,2e699af24,2020-09-04,17,{'JAM'},{'JAM_STAND_STILL_TRAFFIC'},32,{7},5.96875
2e699af3,2e699af24,2020-09-07,17,{'JAM'},{'JAM_STAND_STILL_TRAFFIC'},2,{7},5.0
2e699af3,2e699af24,2020-09-17,17,{'JAM'},{'JAM_STAND_STILL_TRAFFIC'},31,{7},5.0
2e699af3,2e699af24,2020-09-21,17,{'JAM'},{'JAM_HEAVY_TRAFFIC'},30,{7},5.0
2e699af3,2e699af24,2020-09-30,17,{'JAM'},{'JAM_HEAVY_TRAFFIC'},63,{7},6.571428571428571
2e699af3,2e699af24,2020-10-06,17,{'JAM'},{'JAM_STAND_STILL_TRAFFIC'},17,{7},7.0
2e699af3,2e699af24,2020-10-15,17,{'JAM'},{'JAM_STAND_STILL_TRAFFIC'},2,{7},5.0
2e699af3,2e699af24,2020-10-16,13,{'JAM'},{'JAM_STAND_STILL_TRAFFIC'},27,{7},5.0
2e699af3,2e699af24,2020-10-16,19,{'JAM'},{'JAM_STAND_STILL_TRAFFIC'},23,{7},6.3478260869565215
2e699af3,2e699af24,2020-10-20,17,{'JAM'},{'JAM_STAND_STILL_TRAFFIC'},1,{7},5.0
2e699af3,2e699af24,2020-10-23,8,{'JAM'},{'JAM_HEAVY_TRAFFIC'},32,{7},5.0
2e699af3,2e699af24,2020-10-27,17,{'JAM'},{'JAM_STAND_STILL_TRAFFIC'},2,{7},5.0
2e699af3,2e699af24,2020-10-28,16,{'JAM'},{'JAM_MODERATE_TRAFFIC'},16,{7},5.0
2e699af3,2e699af24,2020-10-30,16,{'JAM'},{'JAM_STAND_STILL_TRAFFIC'},32,{7},5.0
2e699af3,2e699af24,2020-11-02,16,{'JAM'},{'JAM_STAND_STILL_TRAFFIC'},34,{7},5.0
2e699af3,2e699af24,2020-11-02,17,{'JAM'},{'JAM_STAND_STILL_TRAFFIC'},3,{7},6.0
2e699af3,2e699af24,2020-11-04,8,{'JAM'},{'JAM_HEAVY_TRAFFIC'},32,{7},5.0
2e699af3,2e699af24,2020-11-05,17,{'JAM'},{'JAM_STAND_STILL_TRAFFIC'},25,{7},5.92
2e699af3,2e699af24,2020-11-06,16,{'JAM'},{'JAM_HEAVY_TRAFFIC'},31,{7},5.0
2e699af3,2e699af24,2020-11-06,17,{'JAM'},{'JAM_STAND_STILL_TRAFFIC'},10,{7},5.0
2e699af3,2e699af24,2020-11-08,18,{'WEATHERHAZARD'},{'HAZARD_ON_SHOULDER_MISSING_SIGN'},30,{7},5.0
2e699af3,2e699af24,2020-11-09,16,{'JAM'},{'JAM_MODERATE_TRAFFIC'},7,{7},5.0
2e699af3,2e699af24,2020-11-09,17,{'JAM'},{'JAM_STAND_STILL_TRAFFIC'},2,{7},5.0
2e699af3,2e699af24,2020-11-18,17,{'JAM'},{'JAM_STAND_STILL_TRAFFIC'},33,{7},5.96969696969697
2e699af3,2e699af24,2020-11-19,20,{'JAM'},{'JAM_STAND_STILL_TRAFFIC'},30,{7},5.0
2e699af3,2e699af24,2020-11-20,16,{'JAM'},{'JAM_HEAVY_TRAFFIC'},31,{7},5.0
2e699af3,2e699af34,2020-09-01,18,{'WEATHERHAZARD'},{'HAZARD_ON_ROAD_CAR_STOPPED'},41,{7},8.414634146341463
2e699af3,2e699af34,2020-09-02,17,{'JAM'},{'JAM_STAND_STILL_TRAFFIC'},3,{7},5.666666666666667
2e699af3,2e699af34,2020-09-04,17,{'JAM'},{'JAM_STAND_STILL_TRAFFIC'},31,{7},5.935483870967742
2e699af3,2e699af34,2020-09-07,17,{'JAM'},{'JAM_STAND_STILL_TRAFFIC'},33,{7},5.9393939393939394
2e699af3,2e699af34,2020-09-09,16,{'JAM'},{'JAM_MODERATE_TRAFFIC'},31,{7},5.0
2e699af3,2e699af34,2020-09-15,17,{'JAM'},{'JAM_STAND_STILL_TRAFFIC'},31,{2},5.0
2e699af3,2e699af34,2020-09-21,16,{'JAM'},{'JAM_HEAVY_TRAFFIC'},31,{7},5.0
2e699af3,2e699af34,2020-09-30,17,{'JAM'},{'JAM_STAND_STILL_TRAFFIC'},30,{7},5.9
2e699af3,2e699af34,2020-10-02,7,{'WEATHERHAZARD'},{'HAZARD_ON_SHOULDER_CAR_STOPPED'},33,{7},5.0
2e699af3,2e699af34,2020-10-16,19,{'JAM'},{'JAM_HEAVY_TRAFFIC'},31,{7},6.193548387096774
2e699af3,2e699af34,2020-10-19,17,{'JAM'},{'JAM_STAND_STILL_TRAFFIC'},3,{7},6.0
2e699af3,2e699af34,2020-10-20,16,{'JAM'},"{'JAM_STAND_STILL_TRAFFIC', 'JAM_HEAVY_TRAFFIC'}",55,{7},5.527272727272727
2e699af3,2e699af34,2020-10-22,7,{'WEATHERHAZARD'},{'HAZARD_ON_SHOULDER_CAR_STOPPED'},30,{7},5.0
2e699af3,2e699af34,2020-10-22,17,{'JAM'},{'JAM_STAND_STILL_TRAFFIC'},14,{7},8.0
2e699af3,2e699af34,2020-10-27,20,{'JAM'},{'JAM_HEAVY_TRAFFIC'},61,{7},5.0
2e699af3,2e699af34,2020-10-28,16,{'JAM'},{'JAM'},31,{7},5.0
2e699af3,2e699af34,2020-11-02,17,{'JAM'},{'JAM_STAND_STILL_TRAFFIC'},64,{7},6.4375
2e699af3,2e699af34,2020-11-06,17,{'JAM'},{'JAM_STAND_STILL_TRAFFIC'},8,{7},6.75
2e699af3,2e699af34,2020-11-09,17,{'JAM'},{'JAM_STAND_STILL_TRAFFIC'},45,{7},5.333333333333333
2e699af3,2e699af34,2020-11-10,16,{'JAM'},{'JAM_HEAVY_TRAFFIC'},5,{7},5.0
2e699af3,2e699af34,2020-11-10,18,{'JAM'},{'JAM_MODERATE_TRAFFIC'},5,{7},5.0
2e699af3,2e699af34,2020-11-11,9,{'JAM'},{'JAM_HEAVY_TRAFFIC'},1,{7},5.0
2e699af3,2e699af34,2020-11-11,20,{'WEATHERHAZARD'},{'HAZARD_ON_SHOULDER_CAR_STOPPED'},41,{7},6.341463414634147
2e699af3,2e699af34,2020-11-13,17,{'JAM'},{'JAM_STAND_STILL_TRAFFIC'},4,{7},6.0
2e699af3,2e699af34,2020-11-16,10,{'JAM'},{'JAM_HEAVY_TRAFFIC'},8,{7},5.0
2e699af3,2e699af34,2020-11-17,17,{'JAM'},{'JAM_STAND_STILL_TRAFFIC'},33,{2},5.0
2e699af3,2e699af34,2020-11-20,17,{'JAM'},{'JAM_HEAVY_TRAFFIC'},31,{7},5.0
2e699af3,2e699af3c,2020-09-02,17,{'JAM'},{'JAM_STAND_STILL_TRAFFIC'},31,{7},7.967741935483871
2e699af3,2e699af3c,2020-09-09,14,{'JAM'},{'JAM_MODERATE_TRAFFIC'},28,{7},5.0
2e699af3,2e699af3c,2020-09-15,16,{'JAM'},{'JAM_HEAVY_TRAFFIC'},8,{7},5.0
2e699af3,2e699af3c,2020-09-15,17,{'JAM'},{'JAM_STAND_STILL_TRAFFIC'},31,{7},6.612903225806452
2e699af3,2e699af3c,2020-09-17,17,{'JAM'},{'JAM_STAND_STILL_TRAFFIC'},26,{7},5.923076923076923
2e699af3,2e699af3c,2020-09-21,17,{'JAM'},{'JAM_HEAVY_TRAFFIC'},30,{7},5.0
2e699af3,2e699af3c,2020-09-23,8,{'JAM'},{'JAM_MODERATE_TRAFFIC'},20,{7},5.0
2e699af3,2e699af3c,2020-09-23,14,{'JAM'},{'JAM_MODERATE_TRAFFIC'},23,{7},5.0
2e699af3,2e699af3c,2020-09-24,11,{'WEATHERHAZARD'},{'HAZARD_ON_ROAD_CAR_STOPPED'},47,{7},5.595744680851064
2e699af3,2e699af3c,2020-09-24,15,{'JAM'},{'JAM'},9,{7},5.0
2e699af3,2e699af3c,2020-10-01,16,{'JAM'},{'JAM_MODERATE_TRAFFIC'},38,{7},5.447368421052632
2e699af3,2e699af3c,2020-10-05,16,{'JAM'},{'JAM_HEAVY_TRAFFIC'},30,{7},5.566666666666666
2e699af3,2e699af3c,2020-10-07,14,{'JAM'},{'JAM'},5,{7},5.0
2e699af3,2e699af3c,2020-10-13,17,{'JAM'},{'JAM_STAND_STILL_TRAFFIC'},37,{7},5.0
2e699af3,2e699af3c,2020-10-15,17,{'JAM'},{'JAM_HEAVY_TRAFFIC'},12,{7},5.0
2e699af3,2e699af3c,2020-10-16,18,{'JAM'},{'JAM_STAND_STILL_TRAFFIC'},31,{7},8.838709677419354
2e699af3,2e699af3c,2020-10-19,17,{'JAM'},{'JAM_STAND_STILL_TRAFFIC'},41,{7},8.024390243902438
2e699af3,2e699af3c,2020-10-19,18,{'WEATHERHAZARD'},{'HAZARD_ON_ROAD_CAR_STOPPED'},30,{7},8.1
2e699af3,2e699af3c,2020-10-22,8,{'JAM'},{'JAM_STAND_STILL_TRAFFIC'},16,{7},5.0
2e699af3,2e699af3c,2020-10-23,17,{'JAM'},{'JAM_HEAVY_TRAFFIC'},32,{7},5.9375
2e699af3,2e699af3c,2020-10-26,17,{'JAM'},{'JAM_HEAVY_TRAFFIC'},29,{7},5.0
2e699af3,2e699af3c,2020-10-27,17,{'JAM'},{'JAM_HEAVY_TRAFFIC'},39,{7},8.307692307692308
2e699af3,2e699af3c,2020-11-09,16,{'JAM'},{'JAM_HEAVY_TRAFFIC'},6,{7},5.0
2e699af3,2e699af3c,2020-11-10,17,{'JAM'},{'JAM_STAND_STILL_TRAFFIC'},31,{7},5.967741935483871
2e699af3,2e699af3c,2020-11-11,9,{'JAM'},{'JAM_HEAVY_TRAFFIC'},18,{7},6.0
2e699af3,2e699af3c,2020-11-12,17,{'JAM'},{'JAM_STAND_STILL_TRAFFIC'},9,{7},5.0
2e699af3,2e699af3c,2020-11-13,17,{'JAM'},{'JAM_STAND_STILL_TRAFFIC'},38,{7},9.236842105263158
2e699af3,2e699af3c,2020-11-16,17,{'JAM'},{'JAM_STAND_STILL_TRAFFIC'},30,{7},5.0
2e699af5,2e699af44,2020-11-16,11,{'JAM'},{'JAM'},30,{1},5.0
2e699af5,2e699af4c,2020-09-01,9,{'JAM'},{'JAM_STAND_STILL_TRAFFIC'},5,{7},5.0
2e699af5,2e699af4c,2020-09-07,13,{'WEATHERHAZARD'},{'HAZARD_ON_ROAD_POT_HOLE'},171,{7},6.742690058479532
2e699af5,2e699af4c,2020-09-10,9,{'WEATHERHAZARD'},{'HAZARD_ON_SHOULDER_CAR_STOPPED'},30,{7},6.4
2e699af5,2e699af4c,2020-09-10,13,{'WEATHERHAZARD'},{'HAZARD_ON_SHOULDER_CAR_STOPPED'},30,{2},6.4
2e699af5,2e699af4c,2020-09-16,12,{'WEATHERHAZARD'},{'HAZARD_ON_SHOULDER_CAR_STOPPED'},31,{2},5.0
2e699af5,2e699af4c,2020-09-22,16,{'JAM'},{'JAM_HEAVY_TRAFFIC'},10,{7},5.0
2e699af5,2e699af4c,2020-09-25,10,{'JAM'},{'JAM_HEAVY_TRAFFIC'},6,{2},5.0
2e699af5,2e699af4c,2020-10-02,9,{'JAM'},{'JAM_HEAVY_TRAFFIC'},6,{2},5.0
2e699af5,2e699af4c,2020-10-06,11,{'WEATHERHAZARD'},{'HAZARD_ON_SHOULDER_CAR_STOPPED'},34,{2},5.0
2e699af5,2e699af4c,2020-10-08,8,{'JAM'},{'JAM_HEAVY_TRAFFIC'},6,{7},5.0
2e699af5,2e699af4c,2020-10-09,14,{'JAM'},"{'JAM_STAND_STILL_TRAFFIC', 'JAM_MODERATE_TRAFFIC'}",24,"{2, 7}",5.0
2e699af5,2e699af4c,2020-10-12,8,{'WEATHERHAZARD'},{'HAZARD_ON_SHOULDER_CAR_STOPPED'},31,{2},5.0
2e699af5,2e699af4c,2020-10-12,17,{'JAM'},{'JAM_STAND_STILL_TRAFFIC'},32,{7},5.96875
2e699af5,2e699af4c,2020-10-13,19,{'WEATHERHAZARD'},{'HAZARD_ON_SHOULDER_CAR_STOPPED'},33,{2},5.0
2e699af5,2e699af4c,2020-10-19,17,{'JAM'},{'JAM_STAND_STILL_TRAFFIC'},85,{7},5.4
2e699af5,2e699af4c,2020-10-23,13,{'JAM'},{'JAM_MODERATE_TRAFFIC'},13,{7},5.0
2e699af5,2e699af4c,2020-10-26,20,{'WEATHERHAZARD'},{'HAZARD_ON_SHOULDER_CAR_STOPPED'},31,{2},5.0
2e699af5,2e699af4c,2020-10-27,7,{'JAM'},{'JAM_STAND_STILL_TRAFFIC'},32,{2},5.0
2e699af5,2e699af4c,2020-10-28,11,{'WEATHERHAZARD'},{'HAZARD_ON_SHOULDER_CAR_STOPPED'},30,{2},5.0
2e699af5,2e699af4c,2020-11-12,10,{'WEATHERHAZARD'},{'HAZARD_ON_SHOULDER_CAR_STOPPED'},32,{2},5.0
2e699af5,2e699af4c,2020-11-14,9,{'WEATHERHAZARD'},{'HAZARD_ON_ROAD_CAR_STOPPED'},30,{7},5.9
2e699af5,2e699af4c,2020-11-14,10,{'WEATHERHAZARD'},"{'HAZARD_ON_ROAD_CAR_STOPPED', 'HAZARD_ON_ROAD_POT_HOLE'}",203,{2},7.236453201970443
2e699af5,2e699af4c,2020-11-14,13,{'WEATHERHAZARD'},{'HAZARD_ON_ROAD_POT_HOLE'},66,{2},5.954545454545454
2e699af5,2e699af4c,2020-11-16,10,{'JAM'},{'JAM_STAND_STILL_TRAFFIC'},29,{2},5.0
2e699af5,2e699af4c,2020-11-16,20,"{'JAM', 'WEATHERHAZARD'}","{'HAZARD_ON_SHOULDER_CAR_STOPPED', 'JAM_MODERATE_TRAFFIC'}",47,"{2, 7}",5.0
2e699af5,2e699af4c,2020-11-21,7,{'WEATHERHAZARD'},{'HAZARD_ON_ROAD_POT_HOLE'},407,{2},9.65110565110565
2e699af5,2e699af54,2020-09-16,12,{'WEATHERHAZARD'},{'HAZARD_ON_SHOULDER_CAR_STOPPED'},31,{1},5.0
2e699af5,2e699af54,2020-10-27,7,{'JAM'},{'JAM_HEAVY_TRAFFIC'},31,{2},5.0
2e699af5,2e699af5c,2020-09-04,8,{'JAM'},{'JAM_HEAVY_TRAFFIC'},31,{20},5.0
2e699af5,2e699af5c,2020-09-09,6,{'JAM'},{'JAM_MODERATE_TRAFFIC'},4,{2},5.0
2e699af5,2e699af5c,2020-09-10,11,{'WEATHERHAZARD'},{'HAZARD_ON_SHOULDER_CAR_STOPPED'},31,{2},5.67741935483871
2e699af5,2e699af5c,2020-09-25,13,{'JAM'},{'JAM_STAND_STILL_TRAFFIC'},33,{20},5.0
2e699af5,2e699af5c,2020-10-12,11,{'WEATHERHAZARD'},{'HAZARD_ON_SHOULDER_CAR_STOPPED'},31,{2},5.0
2e699af5,2e699af5c,2020-10-26,17,{'JAM'},{'JAM'},26,{2},6.0
2e699af5,2e699af5c,2020-10-27,16,{'JAM'},{'JAM_STAND_STILL_TRAFFIC'},30,{2},5.0
2e699af5,2e699af5c,2020-11-12,17,{'JAM'},{'JAM_HEAVY_TRAFFIC'},21,{2},5.0
2e699af7,2e699af64,2020-10-15,7,{'JAM'},{'JAM_MODERATE_TRAFFIC'},30,{2},5.833333333333333
2e699af7,2e699af64,2020-10-26,7,{'JAM'},{'JAM_MODERATE_TRAFFIC'},29,{2},5.0
2e699af7,2e699af64,2020-11-11,7,{'JAM'},{'JAM_MODERATE_TRAFFIC'},31,{2},5.0
2e699af9,2e699af84,2020-11-13,13,{'JAM'},{'JAM_HEAVY_TRAFFIC'},31,{1},5.0
2e699afd,2e699afcc,2020-09-27,8,{'JAM'},{'JAM_MODERATE_TRAFFIC'},30,{20},5.0
2e699afd,2e699afd4,2020-09-10,11,{'JAM'},{'JAM'},31,{1},5.0
2e699aff,2e699afec,2020-09-27,14,{'ACCIDENT'},{'ACCIDENT_MAJOR'},120,{1},5.0
2e699b03,2e699b02c,2020-11-18,7,{'WEATHERHAZARD'},{'HAZARD_ON_SHOULDER_CAR_STOPPED'},30,{4},5.0
2e699b05,2e699b054,2020-10-21,18,{'WEATHERHAZARD'},{'HAZARD_ON_ROAD_POT_HOLE'},5230,{1},7.12982791586998
2e699b05,2e699b054,2020-10-27,18,{'JAM'},{'JAM_HEAVY_TRAFFIC'},32,{2},5.0
2e699b09,2e699b084,2020-10-09,15,{'WEATHERHAZARD'},{'HAZARD_ON_SHOULDER_CAR_STOPPED'},33,{4},5.0
2e699b09,2e699b084,2020-10-19,20,{'ACCIDENT'},{'ACCIDENT'},27,{4},5.296296296296297
2e699b09,2e699b084,2020-10-21,11,{'WEATHERHAZARD'},{'HAZARD_ON_ROAD_CONSTRUCTION'},789,{4},9.239543726235741
2e699b09,2e699b084,2020-10-28,13,{'JAM'},{'JAM_STAND_STILL_TRAFFIC'},40,{4},5.9
2e699b09,2e699b094,2020-11-09,12,{'JAM'},{'JAM'},5,{7},5.0
2e699b0b,2e699b0bc,2020-11-06,15,{'WEATHERHAZARD'},{'WEATHERHAZARD'},31,{7},5.0
2e699b0d,2e699b0c4,2020-10-11,15,{'JAM'},{'JAM'},7,{1},5.0
2e699b0d,2e699b0d4,2020-10-27,17,{'JAM'},{'JAM_MODERATE_TRAFFIC'},30,{2},8.0
2e699b0f,2e699b0fc,2020-11-16,17,{'WEATHERHAZARD'},{'HAZARD_ON_ROAD_CONSTRUCTION'},630,{2},9.846031746031747
2e699b11,2e699b114,2020-09-01,11,{'WEATHERHAZARD'},{'HAZARD_ON_SHOULDER_CAR_STOPPED'},32,{1},5.0
2e699b11,2e699b114,2020-09-10,8,{'WEATHERHAZARD'},{'HAZARD_ON_SHOULDER_CAR_STOPPED'},63,"{1, 2}",5.0
2e699b11,2e699b11c,2020-09-05,22,{'JAM'},{'JAM_STAND_STILL_TRAFFIC'},31,{1},5.0
2e699b13,2e699b12c,2020-09-01,8,{'JAM'},{'JAM_MODERATE_TRAFFIC'},24,{2},5.0
2e699b13,2e699b12c,2020-11-16,17,{'JAM'},{'JAM_MODERATE_TRAFFIC'},22,{2},8.0
2e699b15,2e699b144,2020-11-01,14,{'WEATHERHAZARD'},{'WEATHERHAZARD'},30,{1},5.0
2e699b17,2e699b17c,2020-09-01,11,{'WEATHERHAZARD'},{'HAZARD_ON_SHOULDER_CAR_STOPPED'},30,{1},5.0
2e699b17,2e699b17c,2020-10-31,9,{'JAM'},{'JAM_STAND_STILL_TRAFFIC'},30,{1},5.0
2e699b19,2e699b184,2020-09-01,11,{'WEATHERHAZARD'},{'HAZARD_ON_SHOULDER_CAR_STOPPED'},31,{1},5.0
2e699b1b,2e699b1ac,2020-11-02,16,{'JAM'},{'JAM_STAND_STILL_TRAFFIC'},32,{2},5.0
2e699b1b,2e699b1ac,2020-11-09,7,{'JAM'},{'JAM_MODERATE_TRAFFIC'},32,{2},5.0
2e699b1b,2e699b1ac,2020-11-16,7,{'WEATHERHAZARD'},{'HAZARD_ON_ROAD_POT_HOLE'},15836,{2},9.998358171255367
2e699b1d,2e699b1c4,2020-09-08,19,{'WEATHERHAZARD'},{'HAZARD_ON_ROAD_CAR_STOPPED'},47,{2},8.340425531914894
2e699b1f,2e699b1ec,2020-10-07,10,{'JAM'},{'JAM_STAND_STILL_TRAFFIC'},30,{2},5.0
2e699b25,2e699b24c,2020-09-10,9,{'WEATHERHAZARD'},{'HAZARD_ON_SHOULDER_CAR_STOPPED'},31,{1},5.0
2e699b25,2e699b254,2020-09-01,9,{'WEATHERHAZARD'},{'HAZARD_ON_SHOULDER_CAR_STOPPED'},31,{1},5.0
2e699b25,2e699b254,2020-09-01,11,{'WEATHERHAZARD'},{'HAZARD_ON_SHOULDER_CAR_STOPPED'},32,{1},5.0
2e699b25,2e699b254,2020-09-03,7,{'WEATHERHAZARD'},{'HAZARD_ON_SHOULDER_CAR_STOPPED'},33,{1},5.0
2e699b25,2e699b254,2020-09-03,13,{'WEATHERHAZARD'},{'HAZARD_ON_SHOULDER_CAR_STOPPED'},33,{1},5.0
2e699b25,2e699b254,2020-09-10,9,{'WEATHERHAZARD'},"{'HAZARD_ON_ROAD_OBJECT', 'HAZARD_ON_SHOULDER_CAR_STOPPED'}",91,{1},5.0
2e699b25,2e699b254,2020-09-11,9,{'WEATHERHAZARD'},{'HAZARD_ON_SHOULDER_CAR_STOPPED'},30,{1},5.0
2e699b25,2e699b254,2020-09-11,12,{'WEATHERHAZARD'},{'HAZARD_ON_ROAD_OBJECT'},61,{1},5.360655737704918
2e699b25,2e699b254,2020-09-14,7,{'WEATHERHAZARD'},{'HAZARD_ON_SHOULDER_CAR_STOPPED'},33,{1},5.0
2e699b25,2e699b254,2020-09-14,12,{'WEATHERHAZARD'},{'HAZARD_ON_SHOULDER_CAR_STOPPED'},30,{1},5.0
2e699b25,2e699b254,2020-09-16,8,{'WEATHERHAZARD'},{'HAZARD_ON_SHOULDER_CAR_STOPPED'},32,{1},5.0
2e699b25,2e699b254,2020-09-16,12,{'WEATHERHAZARD'},{'HAZARD_ON_SHOULDER_CAR_STOPPED'},31,{1},5.0
2e699b25,2e699b254,2020-09-21,8,{'WEATHERHAZARD'},{'HAZARD_ON_SHOULDER_CAR_STOPPED'},34,{1},5.0
2e699b25,2e699b254,2020-09-21,13,{'WEATHERHAZARD'},{'HAZARD_ON_ROAD_OBJECT'},62,{1},5.0
2e699b25,2e699b254,2020-09-28,8,{'WEATHERHAZARD'},{'HAZARD_ON_SHOULDER_CAR_STOPPED'},32,{1},5.0
2e699b25,2e699b25c,2020-09-01,11,{'WEATHERHAZARD'},{'HAZARD_ON_ROAD_ROAD_KILL'},30,{2},5.0
2e699b27,2e699b264,2020-09-03,13,{'WEATHERHAZARD'},{'HAZARD_ON_SHOULDER_CAR_STOPPED'},31,{2},5.0
2e699b27,2e699b264,2020-09-03,14,{'WEATHERHAZARD'},{'HAZARD_ON_SHOULDER_CAR_STOPPED'},31,{20},5.0
2e699b27,2e699b264,2020-09-07,13,{'WEATHERHAZARD'},{'HAZARD_ON_SHOULDER_CAR_STOPPED'},30,{20},5.0
2e699b27,2e699b264,2020-09-11,12,{'WEATHERHAZARD'},{'HAZARD_ON_SHOULDER_CAR_STOPPED'},31,{20},5.0
2e699b27,2e699b264,2020-09-14,13,{'WEATHERHAZARD'},{'HAZARD_ON_SHOULDER_CAR_STOPPED'},33,{2},5.636363636363637
2e699b27,2e699b264,2020-09-28,14,{'WEATHERHAZARD'},{'HAZARD_ON_SHOULDER_CAR_STOPPED'},31,{2},5.0
2e699b27,2e699b264,2020-10-12,11,{'WEATHERHAZARD'},{'HAZARD_ON_SHOULDER_CAR_STOPPED'},62,"{2, 20}",5.0
2e699b27,2e699b26c,2020-09-21,13,{'WEATHERHAZARD'},{'HAZARD_ON_SHOULDER_CAR_STOPPED'},35,{20},5.0
2e699b27,2e699b26c,2020-11-12,11,{'WEATHERHAZARD'},{'HAZARD_ON_SHOULDER_CAR_STOPPED'},31,{20},5.0
2e699b27,2e699b27c,2020-10-07,7,{'WEATHERHAZARD'},{'HAZARD_ON_ROAD_CAR_STOPPED'},33,{2},5.121212121212121
2e699b27,2e699b27c,2020-10-07,12,{'JAM'},{'JAM'},6,{2},5.0
2e699b27,2e699b27c,2020-10-07,15,{'JAM'},"{'JAM_STAND_STILL_TRAFFIC', 'JAM_HEAVY_TRAFFIC'}",47,{2},5.0
2e699b27,2e699b27c,2020-10-07,17,{'JAM'},{'JAM_STAND_STILL_TRAFFIC'},10,{2},5.0
2e699b27,2e699b27c,2020-10-09,17,{'JAM'},{'JAM_STAND_STILL_TRAFFIC'},70,{2},6.1
2e699b27,2e699b27c,2020-10-12,11,{'WEATHERHAZARD'},{'HAZARD_ON_SHOULDER_CAR_STOPPED'},30,{2},5.233333333333333
2e699b27,2e699b27c,2020-10-16,16,{'WEATHERHAZARD'},{'HAZARD_ON_ROAD_CAR_STOPPED'},31,{2},5.0
2e699b29,2e699b284,2020-09-10,8,{'WEATHERHAZARD'},{'HAZARD_ON_ROAD_OBJECT'},62,{2},5.0
2e699b29,2e699b284,2020-10-07,11,{'JAM'},{'JAM_STAND_STILL_TRAFFIC'},9,{2},5.0
2e699b29,2e699b284,2020-10-09,17,{'JAM'},{'JAM_STAND_STILL_TRAFFIC'},30,{2},5.0
2e699b29,2e699b28c,2020-09-21,8,{'WEATHERHAZARD'},{'HAZARD_ON_SHOULDER_CAR_STOPPED'},30,{1},5.0
2e699b29,2e699b29c,2020-10-01,11,{'ACCIDENT'},{'ACCIDENT'},119,{1},5.0
2e699b29,2e699b29c,2020-10-21,6,{'JAM'},{'JAM_MODERATE_TRAFFIC'},32,{22},5.0
2e699b2b,2e699b2a4,2020-11-21,23,{'ACCIDENT'},{'ACCIDENT_MINOR'},122,{7},5.0
2e699b2b,2e699b2b4,2020-09-22,17,{'JAM'},{'JAM_STAND_STILL_TRAFFIC'},31,{7},5.0
2e699b2b,2e699b2b4,2020-09-23,12,{'ACCIDENT'},{'ACCIDENT_MAJOR'},120,{2},5.0
2e699b2b,2e699b2b4,2020-10-03,18,{'JAM'},{'JAM_STAND_STILL_TRAFFIC'},30,{7},5.0
2e699b2b,2e699b2b4,2020-11-09,20,{'JAM'},{'JAM_MODERATE_TRAFFIC'},30,{2},8.0
2e699b2b,2e699b2bc,2020-09-27,17,{'ACCIDENT'},{'ACCIDENT_MAJOR'},122,{20},5.0
2e699b2f,2e699b2fc,2020-09-03,7,{'WEATHERHAZARD'},{'HAZARD_ON_SHOULDER_CAR_STOPPED'},42,{1},5.428571428571429
2e699b2f,2e699b2fc,2020-09-14,7,{'WEATHERHAZARD'},{'HAZARD_ON_SHOULDER_CAR_STOPPED'},30,{1},5.0
2e699b35,2e699b35c,2020-10-06,10,{'WEATHERHAZARD'},{'HAZARD_ON_ROAD_ROAD_KILL'},31,{2},5.0
2e699b37,2e699b374,2020-10-01,10,"{'JAM', 'ACCIDENT'}","{'JAM', 'ACCIDENT'}",151,{1},5.0
2e699b37,2e699b37c,2020-10-12,0,{'JAM'},{'JAM_MODERATE_TRAFFIC'},31,{2},5.0
2e699b39,2e699b39c,2020-11-03,8,{'WEATHERHAZARD'},{'WEATHERHAZARD'},30,{2},5.0
2e699b3b,2e699b3a4,2020-09-05,11,{'JAM'},{'JAM'},5,{2},5.0
2e699b3b,2e699b3ac,2020-09-01,9,{'WEATHERHAZARD'},{'HAZARD_ON_SHOULDER_CAR_STOPPED'},30,{2},5.0
2e699b3b,2e699b3ac,2020-09-14,12,{'WEATHERHAZARD'},{'HAZARD_ON_SHOULDER_CAR_STOPPED'},33,{2},5.0
2e699b3b,2e699b3ac,2020-10-25,16,{'ACCIDENT'},{'ACCIDENT'},120,{2},5.816666666666666
2e699b3b,2e699b3bc,2020-10-19,17,{'JAM'},{'JAM_STAND_STILL_TRAFFIC'},31,{2},5.0
2e699b3d,2e699b3d4,2020-11-12,11,{'WEATHERHAZARD'},{'HAZARD_ON_SHOULDER_CAR_STOPPED'},33,{1},5.0
2e699b3d,2e699b3dc,2020-09-05,21,{'JAM'},{'JAM_MODERATE_TRAFFIC'},32,{1},5.0
2e699b3f,2e699b3f4,2020-10-06,10,{'WEATHERHAZARD'},{'HAZARD_ON_SHOULDER_CAR_STOPPED'},30,{2},5.0
2e699b3f,2e699b3fc,2020-10-18,14,{'JAM'},{'JAM'},31,{1},5.0
2e699b41,2e699b404,2020-10-16,7,{'JAM'},{'JAM'},8,{2},5.0
2e699b41,2e699b404,2020-11-01,17,{'JAM'},{'JAM'},31,{1},5.0
2e699b41,2e699b41c,2020-09-03,6,{'WEATHERHAZARD'},{'HAZARD_ON_SHOULDER_CAR_STOPPED'},30,{2},5.0
2e699b57,2e699b56c,2020-11-21,23,{'JAM'},{'JAM_MODERATE_TRAFFIC'},33,{1},5.0
2e699b69,2e699b69c,2020-09-01,9,{'WEATHERHAZARD'},{'HAZARD_ON_ROAD_ROAD_KILL'},31,{2},5.0
2e699b6b,2e699b6a4,2020-10-28,14,{'JAM'},{'JAM'},30,{1},5.0
2e699b6b,2e699b6bc,2020-09-19,12,{'WEATHERHAZARD'},{'HAZARD_ON_ROAD_CONSTRUCTION'},720,{1},5.083333333333333
2e699b6d,2e699b6d4,2020-10-08,11,{'JAM'},{'JAM_STAND_STILL_TRAFFIC'},30,{2},5.0
2e699b85,2e699b854,2020-09-24,7,{'WEATHERHAZARD'},{'HAZARD_ON_ROAD_CONSTRUCTION'},793,{4},5.345523329129887
2e699b85,2e699b854,2020-10-12,7,{'JAM'},{'JAM_HEAVY_TRAFFIC'},18,{4},6.277777777777778
2e699b85,2e699b854,2020-10-15,16,{'JAM'},{'JAM_HEAVY_TRAFFIC'},28,{4},5.0
2e699b85,2e699b854,2020-10-28,9,{'ACCIDENT'},{'ACCIDENT'},120,{4},8.666666666666666
2e699b85,2e699b85c,2020-10-31,19,{'ACCIDENT'},{'ACCIDENT_MINOR'},66,{4},8.545454545454545
2e699b8d,2e699b8d4,2020-09-04,7,{'JAM'},{'JAM_HEAVY_TRAFFIC'},17,{2},5.0
2e699b8d,2e699b8d4,2020-09-11,9,{'JAM'},{'JAM_STAND_STILL_TRAFFIC'},6,{4},5.0
2e699b8d,2e699b8d4,2020-10-07,18,{'JAM'},{'JAM_STAND_STILL_TRAFFIC'},30,{4},5.7
2e699b8d,2e699b8d4,2020-10-12,16,{'JAM'},{'JAM_HEAVY_TRAFFIC'},32,{2},5.0
2e699b8d,2e699b8d4,2020-10-16,18,{'JAM'},{'JAM_STAND_STILL_TRAFFIC'},9,{4},5.0
2e699b8d,2e699b8d4,2020-11-06,7,{'JAM'},{'JAM_HEAVY_TRAFFIC'},33,{2},5.0
2e699b8d,2e699b8dc,2020-10-16,17,{'JAM'},{'JAM_HEAVY_TRAFFIC'},9,{4},5.0
2e699b8d,2e699b8dc,2020-10-16,18,{'JAM'},{'JAM_HEAVY_TRAFFIC'},31,{4},5.806451612903226
2e699b8f,2e699b8e4,2020-10-12,7,{'JAM'},{'JAM_HEAVY_TRAFFIC'},32,{4},5.0
2e699b8f,2e699b8e4,2020-11-17,14,{'JAM'},{'JAM_MODERATE_TRAFFIC'},9,{4},5.0
2e699b8f,2e699b8fc,2020-10-12,7,{'JAM'},{'JAM_HEAVY_TRAFFIC'},31,{4},5.0
2e699b8f,2e699b8fc,2020-11-12,7,{'JAM'},{'JAM_HEAVY_TRAFFIC'},30,{4},5.733333333333333
2e699b93,2e699b92c,2020-09-22,6,{'JAM'},{'JAM_HEAVY_TRAFFIC'},30,{2},5.0
2e699b93,2e699b92c,2020-10-05,7,{'JAM'},{'JAM_HEAVY_TRAFFIC'},9,{2},5.0
2e699b93,2e699b92c,2020-10-05,15,{'JAM'},{'JAM_STAND_STILL_TRAFFIC'},31,{2},5.0
2e699b93,2e699b92c,2020-10-16,7,{'JAM'},{'JAM_HEAVY_TRAFFIC'},31,{2},5.0
2e699b93,2e699b92c,2020-10-16,17,{'JAM'},{'JAM_STAND_STILL_TRAFFIC'},62,{2},5.0
2e699b93,2e699b92c,2020-10-16,18,{'JAM'},{'JAM_STAND_STILL_TRAFFIC'},32,{2},5.78125
2e699b93,2e699b92c,2020-11-02,11,{'JAM'},{'JAM_HEAVY_TRAFFIC'},61,{2},5.0
2e699b93,2e699b92c,2020-11-03,6,{'JAM'},{'JAM_HEAVY_TRAFFIC'},31,{2},5.0
2e699b93,2e699b92c,2020-11-03,7,{'JAM'},{'JAM_HEAVY_TRAFFIC'},30,{2},5.0
2e699b93,2e699b92c,2020-11-06,7,{'JAM'},{'JAM_HEAVY_TRAFFIC'},61,{2},5.491803278688525
2e699b93,2e699b92c,2020-11-09,7,{'JAM'},{'JAM_HEAVY_TRAFFIC'},33,{2},5.0
2e699b93,2e699b92c,2020-11-11,7,{'JAM'},{'JAM_STAND_STILL_TRAFFIC'},44,{2},5.409090909090909
2e699b93,2e699b92c,2020-11-17,6,{'JAM'},{'JAM_HEAVY_TRAFFIC'},32,{2},5.0
2e699b93,2e699b934,2020-10-16,17,{'JAM'},{'JAM_STAND_STILL_TRAFFIC'},31,{2},5.935483870967742
2e699b95,2e699b954,2020-09-02,7,{'WEATHERHAZARD'},{'HAZARD_ON_ROAD_POT_HOLE'},1558,{2},9.934531450577664
2e699b95,2e699b954,2020-09-07,6,{'WEATHERHAZARD'},{'HAZARD_ON_ROAD_POT_HOLE'},324,{2},10.0
2e699b95,2e699b954,2020-09-09,7,{'WEATHERHAZARD'},{'HAZARD_ON_ROAD_POT_HOLE'},2351,{2},9.96852403232667
2e699b95,2e699b954,2020-09-14,7,{'WEATHERHAZARD'},{'HAZARD_ON_ROAD_POT_HOLE'},4849,{2},9.936275520725923
2e699b95,2e699b954,2020-09-21,7,{'WEATHERHAZARD'},{'HAZARD_ON_ROAD_POT_HOLE'},2194,{2},9.895168641750228
2e699b95,2e699b954,2020-09-29,7,{'WEATHERHAZARD'},{'HAZARD_ON_ROAD_POT_HOLE'},4608,{2},9.971788194444445
2e699b95,2e699b954,2020-10-06,7,{'WEATHERHAZARD'},{'HAZARD_ON_ROAD_POT_HOLE'},2172,{2},9.825506445672191
2e699b95,2e699b954,2020-10-10,7,{'WEATHERHAZARD'},{'HAZARD_ON_ROAD_POT_HOLE'},4371,{2},9.866849691146191
2e699b95,2e699b954,2020-10-10,8,{'ACCIDENT'},{'ACCIDENT'},121,{2},5.0
2e699b95,2e699b954,2020-10-17,7,{'WEATHERHAZARD'},{'HAZARD_ON_ROAD_POT_HOLE'},788,{2},9.74746192893401
2e699b95,2e699b95c,2020-09-26,10,{'WEATHERHAZARD'},{'HAZARD_ON_ROAD_POT_HOLE'},648,{2},5.830246913580247
2e699b97,2e699b97c,2020-10-21,17,{'JAM'},{'JAM'},31,{1},5.0
2e699b9b,2e699b9b4,2020-10-28,10,{'JAM'},{'JAM_STAND_STILL_TRAFFIC'},5,{4},5.4
2e699b9b,2e699b9b4,2020-10-29,8,{'JAM'},{'JAM'},31,{4},5.0
2e699b9d,2e699b9c4,2020-09-10,15,{'JAM'},{'JAM'},30,{1},5.0
2e699b9d,2e699b9cc,2020-11-13,17,{'JAM'},{'JAM_HEAVY_TRAFFIC'},31,{2},5.0
2e699ba1,2e699ba0c,2020-09-01,6,{'JAM'},{'JAM_MODERATE_TRAFFIC'},9,{4},5.0
2e699ba1,2e699ba0c,2020-09-02,17,{'WEATHERHAZARD'},{'HAZARD_ON_SHOULDER_CAR_STOPPED'},32,{4},5.0
2e699ba1,2e699ba0c,2020-10-01,17,{'WEATHERHAZARD'},{'HAZARD_ON_SHOULDER_CAR_STOPPED'},30,{4},5.0
2e699ba1,2e699ba0c,2020-11-12,12,{'JAM'},{'JAM_MODERATE_TRAFFIC'},31,{4},5.0
2e699ba5,2e699ba44,2020-10-06,12,{'WEATHERHAZARD'},{'WEATHERHAZARD'},30,{20},5.0
2e699ba5,2e699ba4c,2020-10-02,20,{'WEATHERHAZARD'},{'HAZARD_ON_SHOULDER_CAR_STOPPED'},31,{2},8.0
2e699ba5,2e699ba4c,2020-10-06,10,{'WEATHERHAZARD'},{'HAZARD_ON_ROAD_CONSTRUCTION'},145,{2},5.786206896551724
2e699ba5,2e699ba5c,2020-09-28,20,"{'JAM', 'WEATHERHAZARD', 'ACCIDENT'}","{'HAZARD_WEATHER_FOG', 'HAZARD_WEATHER_FLOOD', 'ACCIDENT', 'JAM_HEAVY_TRAFFIC'}",224,{1},5.138392857142857
2e699ba5,2e699ba5c,2020-10-31,19,{'ACCIDENT'},{'ACCIDENT'},120,{7},5.0
2e699ba5,2e699ba5c,2020-11-04,13,{'WEATHERHAZARD'},{'HAZARD_ON_ROAD_POT_HOLE'},1422,{1},7.572433192686357
2e699ba5,2e699ba5c,2020-11-06,7,{'WEATHERHAZARD'},{'HAZARD_ON_SHOULDER_CAR_STOPPED'},33,{2},5.0
2e699ba5,2e699ba5c,2020-11-11,7,{'WEATHERHAZARD'},{'HAZARD_ON_ROAD_POT_HOLE'},606,{1},6.744224422442244
2e699ba5,2e699ba5c,2020-11-16,7,{'WEATHERHAZARD'},{'HAZARD_ON_ROAD_POT_HOLE'},1606,{1},7.102739726027397
2e699ba7,2e699ba64,2020-11-17,7,{'WEATHERHAZARD'},{'HAZARD_ON_SHOULDER_CAR_STOPPED'},31,{7},5.0
2e699ba7,2e699ba6c,2020-09-02,7,{'WEATHERHAZARD'},{'HAZARD_ON_ROAD_POT_HOLE'},1625,{7},9.892923076923077
2e699ba7,2e699ba6c,2020-11-16,7,{'WEATHERHAZARD'},{'HAZARD_ON_ROAD_POT_HOLE'},616,{7},9.988636363636363
2e699ba7,2e699ba74,2020-10-12,7,"{'JAM', 'ACCIDENT'}","{'JAM_HEAVY_TRAFFIC', 'ACCIDENT_MINOR'}",150,{7},6.326666666666667
2e699ba7,2e699ba74,2020-10-21,7,{'WEATHERHAZARD'},{'HAZARD_ON_ROAD_CONSTRUCTION'},721,{7},9.635228848821082
2e699ba7,2e699ba74,2020-10-28,13,{'JAM'},{'JAM_HEAVY_TRAFFIC'},7,{4},5.0
2e699ba7,2e699ba7c,2020-09-15,20,{'WEATHERHAZARD'},{'HAZARD_ON_ROAD_CONSTRUCTION'},926,{4},9.218142548596113
2e699ba7,2e699ba7c,2020-09-24,3,{'JAM'},{'JAM_STAND_STILL_TRAFFIC'},31,{4},5.0
2e699bab,2e699bab4,2020-09-01,12,{'WEATHERHAZARD'},{'HAZARD_ON_SHOULDER_CAR_STOPPED'},38,{2},5.394736842105263
2e699bab,2e699bab4,2020-10-12,11,{'WEATHERHAZARD'},{'HAZARD_ON_SHOULDER_CAR_STOPPED'},31,{2},5.0
2e699bab,2e699babc,2020-10-18,11,{'WEATHERHAZARD'},{'HAZARD_ON_ROAD_CONSTRUCTION'},67,{2},6.104477611940299
2e699bad,2e699bacc,2020-09-11,9,{'JAM'},{'JAM_MODERATE_TRAFFIC'},30,{1},5.0
2e699baf,2e699bae4,2020-10-18,11,{'WEATHERHAZARD'},{'HAZARD_ON_ROAD_CONSTRUCTION'},213,{1},6.887323943661972
2e699baf,2e699bae4,2020-10-27,17,{'JAM'},{'JAM_HEAVY_TRAFFIC'},8,{1},5.0
2e699baf,2e699bae4,2020-11-12,7,{'WEATHERHAZARD'},{'HAZARD_ON_SHOULDER_CAR_STOPPED'},30,{1},5.0
2e699baf,2e699baec,2020-11-06,18,{'JAM'},{'JAM_STAND_STILL_TRAFFIC'},6,{1},5.0
2e699baf,2e699baf4,2020-10-16,7,{'WEATHERHAZARD'},{'HAZARD_ON_ROAD_POT_HOLE'},2021,{1},7.399307273626917
2e699baf,2e699baf4,2020-10-26,7,{'WEATHERHAZARD'},{'HAZARD_ON_ROAD_POT_HOLE'},373,{1},6.351206434316354
2e699baf,2e699baf4,2020-10-27,7,{'WEATHERHAZARD'},{'HAZARD_ON_ROAD_POT_HOLE'},461,{1},7.488069414316703
2e699baf,2e699baf4,2020-11-04,7,{'WEATHERHAZARD'},{'HAZARD_ON_ROAD_POT_HOLE'},2094,{1},8.414995224450811
2e699baf,2e699baf4,2020-11-05,7,{'WEATHERHAZARD'},{'HAZARD_ON_ROAD_POT_HOLE'},1575,{1},6.340952380952381
2e699baf,2e699baf4,2020-11-09,7,{'WEATHERHAZARD'},{'HAZARD_ON_ROAD_POT_HOLE'},593,{1},6.903878583473862
2e699baf,2e699bafc,2020-10-27,17,{'JAM'},{'JAM_HEAVY_TRAFFIC'},8,{1},5.0
2e699bb3,2e699bb24,2020-11-17,10,{'WEATHERHAZARD'},{'HAZARD_ON_ROAD_ROAD_KILL'},30,{2},6.0
2e699bb3,2e699bb3c,2020-10-12,11,{'WEATHERHAZARD'},{'HAZARD_ON_ROAD_OBJECT'},64,{2},5.640625
2e699bb7,2e699bb7c,2020-10-12,11,{'WEATHERHAZARD'},{'HAZARD_ON_SHOULDER_CAR_STOPPED'},30,{2},5.0
2e699bbb,2e699bbb4,2020-09-02,7,{'WEATHERHAZARD'},{'HAZARD_ON_ROAD_POT_HOLE'},1862,{2},9.913533834586467
2e699bbb,2e699bbb4,2020-09-07,6,{'WEATHERHAZARD'},{'HAZARD_ON_ROAD_CONSTRUCTION'},375,{2},10.0
2e699bbb,2e699bbb4,2020-09-26,10,{'WEATHERHAZARD'},{'HAZARD_ON_ROAD_POT_HOLE'},422,{2},5.950236966824645
2e699bbb,2e699bbb4,2020-09-29,7,{'WEATHERHAZARD'},{'HAZARD_ON_ROAD_POT_HOLE'},1446,{2},9.891424619640388
2e699bbb,2e699bbb4,2020-10-08,7,{'WEATHERHAZARD'},{'HAZARD_ON_ROAD_POT_HOLE'},2275,{2},9.98857142857143
2e699bbb,2e699bbb4,2020-10-12,7,{'WEATHERHAZARD'},{'HAZARD_ON_ROAD_POT_HOLE'},2301,{2},9.932203389830509
2e699bbb,2e699bbb4,2020-10-13,7,{'WEATHERHAZARD'},{'HAZARD_ON_ROAD_CONSTRUCTION'},401,{2},5.44139650872818
2e699bbd,2e699bbc4,2020-10-14,7,{'WEATHERHAZARD'},{'HAZARD_ON_ROAD_CONSTRUCTION'},722,{2},9.469529085872576
2e699bbd,2e699bbc4,2020-11-16,17,{'JAM'},{'JAM_MODERATE_TRAFFIC'},23,{2},8.0
2e699bbd,2e699bbdc,2020-09-02,21,{'WEATHERHAZARD'},{'HAZARD_ON_ROAD_POT_HOLE'},2942,{2},8.63970088375255
2e699bbd,2e699bbdc,2020-09-16,17,{'WEATHERHAZARD'},{'HAZARD_ON_ROAD_POT_HOLE'},2397,{2},9.600333750521486
2e699bbd,2e699bbdc,2020-10-05,17,{'WEATHERHAZARD'},{'HAZARD_ON_ROAD_POT_HOLE'},4272,{2},9.94943820224719
2e699bbd,2e699bbdc,2020-10-12,19,{'WEATHERHAZARD'},{'HAZARD_ON_ROAD_POT_HOLE'},4523,{1},5.07318151669246
2e699bbd,2e699bbdc,2020-10-17,7,{'WEATHERHAZARD'},{'HAZARD_ON_ROAD_CONSTRUCTION'},843,{2},9.921708185053381
2e699bbd,2e699bbdc,2020-10-18,17,{'JAM'},{'JAM_HEAVY_TRAFFIC'},31,{1},5.0
2e699bbd,2e699bbdc,2020-10-31,7,{'WEATHERHAZARD'},{'HAZARD_ON_ROAD_CAR_STOPPED'},32,{2},8.5625
2e699bbd,2e699bbdc,2020-11-21,17,{'JAM'},{'JAM_MODERATE_TRAFFIC'},19,{2},5.0
2e699bbf,2e699bbf4,2020-11-13,9,{'JAM'},{'JAM_HEAVY_TRAFFIC'},31,{1},5.0
2e699bbf,2e699bbfc,2020-11-19,9,{'JAM'},{'JAM_HEAVY_TRAFFIC'},33,{1},5.0
2e699bc1,2e699bc1c,2020-10-13,17,{'WEATHERHAZARD'},{'WEATHERHAZARD'},31,{2},5.0
2e699bc1,2e699bc1c,2020-10-20,17,{'WEATHERHAZARD'},{'HAZARD_ON_ROAD_POT_HOLE'},5824,{2},9.99845467032967
2e699bc1,2e699bc1c,2020-11-17,18,{'WEATHERHAZARD'},{'HAZARD_ON_ROAD_POT_HOLE'},1554,{2},8.314028314028315
2e699bc3,2e699bc24,2020-10-13,17,{'WEATHERHAZARD'},{'WEATHERHAZARD'},30,{2},5.0
2e699bc3,2e699bc34,2020-09-26,9,{'WEATHERHAZARD'},{'HAZARD_ON_ROAD_POT_HOLE'},4500,{2},9.771777777777778
2e699bc3,2e699bc34,2020-10-01,17,{'WEATHERHAZARD'},{'HAZARD_ON_ROAD_POT_HOLE'},7476,{2},9.846976993044409
2e699bc3,2e699bc34,2020-10-12,17,{'WEATHERHAZARD'},{'HAZARD_ON_ROAD_POT_HOLE'},4627,{2},9.76831640371731
2e699bc3,2e699bc34,2020-10-13,17,{'WEATHERHAZARD'},{'WEATHERHAZARD'},31,{2},5.0
2e699bc3,2e699bc34,2020-10-27,7,{'WEATHERHAZARD'},{'HAZARD_ON_ROAD_POT_HOLE'},3718,{2},9.768154922001075
2e699bc3,2e699bc34,2020-11-17,18,{'WEATHERHAZARD'},{'HAZARD_ON_ROAD_POT_HOLE'},260,{2},6.5115384615384615
2e699bcb,2e699bcbc,2020-11-17,10,{'WEATHERHAZARD'},{'HAZARD_ON_ROAD_OBJECT'},71,{2},5.211267605633803
2e699bcd,2e699bccc,2020-11-12,13,{'ACCIDENT'},"{'ACCIDENT', 'ACCIDENT_MAJOR'}",246,{1},5.272357723577236
2e699bcd,2e699bcdc,2020-10-02,10,{'WEATHERHAZARD'},{'HAZARD_ON_ROAD_POT_HOLE'},6494,{1},6.404527255928549
2e699bcd,2e699bcdc,2020-11-20,7,{'WEATHERHAZARD'},{'HAZARD_ON_ROAD_POT_HOLE'},11432,{1},8.703114065780266
2e699bcf,2e699bce4,2020-09-04,18,{'WEATHERHAZARD'},{'HAZARD_ON_ROAD_POT_HOLE'},4523,{2},9.424275923059916
2e699bcf,2e699bce4,2020-09-26,9,{'WEATHERHAZARD'},{'HAZARD_ON_ROAD_POT_HOLE'},5048,{2},9.3290412044374
2e699bcf,2e699bce4,2020-10-09,14,{'WEATHERHAZARD'},{'HAZARD_ON_ROAD_POT_HOLE'},3508,{2},7.1282782212086655
2e699bcf,2e699bce4,2020-10-16,7,{'WEATHERHAZARD'},{'HAZARD_ON_ROAD_POT_HOLE'},9020,{2},9.779379157427938
2e699bcf,2e699bce4,2020-11-17,15,{'WEATHERHAZARD'},{'HAZARD_ON_ROAD_POT_HOLE'},2656,{2},9.854668674698795
2e699bcf,2e699bcec,2020-10-22,14,{'JAM'},{'JAM'},33,{22},5.0
2e699bcf,2e699bcec,2020-11-17,18,{'WEATHERHAZARD'},{'HAZARD_ON_ROAD_POT_HOLE'},3908,{2},6.602098259979529
2e699bd1,2e699bd04,2020-10-13,17,{'WEATHERHAZARD'},{'HAZARD_ON_ROAD_POT_HOLE'},1080,{2},6.958333333333333
2e699bd1,2e699bd04,2020-10-22,14,{'WEATHERHAZARD'},{'WEATHERHAZARD'},30,{1},5.0
2e699bd3,2e699bd24,2020-10-13,17,{'WEATHERHAZARD'},{'HAZARD_ON_ROAD_CAR_STOPPED'},31,{1},5.0
2e699bd3,2e699bd2c,2020-09-07,17,{'JAM'},{'JAM_MODERATE_TRAFFIC'},30,{1},8.0
2e699bd3,2e699bd2c,2020-10-12,17,{'JAM'},{'JAM_MODERATE_TRAFFIC'},6,{1},8.0
2e699bd3,2e699bd34,2020-11-10,17,{'JAM'},{'JAM_MODERATE_TRAFFIC'},31,{1},8.0
2e699bd5,2e699bd4c,2020-11-10,17,{'JAM'},{'JAM_HEAVY_TRAFFIC'},33,{1},8.0
2e699bd5,2e699bd4c,2020-11-20,17,{'JAM'},{'JAM_MODERATE_TRAFFIC'},10,{1},8.0
2e699bd5,2e699bd5c,2020-10-09,14,{'WEATHERHAZARD'},{'HAZARD_ON_SHOULDER_CAR_STOPPED'},35,{1},5.0
2e699bdb,2e699bdac,2020-10-09,15,{'WEATHERHAZARD'},{'HAZARD_ON_SHOULDER_CAR_STOPPED'},32,{2},5.0
2e699bdb,2e699bdac,2020-10-13,17,{'WEATHERHAZARD'},{'HAZARD_ON_ROAD_POT_HOLE'},1229,{2},8.436126932465418
2e699bdb,2e699bdb4,2020-09-26,9,{'WEATHERHAZARD'},{'HAZARD_ON_ROAD_POT_HOLE'},4500,{2},9.833333333333334
2e699bdb,2e699bdb4,2020-10-13,17,{'WEATHERHAZARD'},{'HAZARD_ON_ROAD_POT_HOLE'},2089,{2},7.5557683101962665
2e699bdb,2e699bdb4,2020-11-17,18,{'WEATHERHAZARD'},{'HAZARD_ON_ROAD_POT_HOLE'},2460,{2},7.544715447154472
2e699bdb,2e699bdbc,2020-11-17,10,{'WEATHERHAZARD'},{'HAZARD_ON_SHOULDER_CAR_STOPPED'},31,{1},5.0
2e699be1,2e699be14,2020-10-16,17,{'JAM'},{'JAM_HEAVY_TRAFFIC'},30,{2},5.0
2e699be5,2e699be5c,2020-11-17,14,{'WEATHERHAZARD'},{'HAZARD_ON_SHOULDER_CAR_STOPPED'},16,{2},6.4375
2e699beb,2e699beac,2020-09-03,9,{'WEATHERHAZARD'},{'HAZARD_ON_ROAD_POT_HOLE'},4604,{2},8.986099044309297
2e699beb,2e699beac,2020-09-29,7,{'WEATHERHAZARD'},{'HAZARD_ON_ROAD_POT_HOLE'},5140,{2},9.20544747081712
2e699beb,2e699beac,2020-10-05,17,{'WEATHERHAZARD'},{'HAZARD_ON_ROAD_POT_HOLE'},5769,{2},9.792165019934131
2e699beb,2e699beac,2020-10-20,17,{'WEATHERHAZARD'},{'HAZARD_ON_ROAD_POT_HOLE'},11661,{2},9.998113369350827
2e699beb,2e699beac,2020-10-24,7,{'WEATHERHAZARD'},{'HAZARD_ON_ROAD_POT_HOLE'},5210,{2},9.131861804222648
2e699beb,2e699beac,2020-11-09,7,{'WEATHERHAZARD'},{'HAZARD_ON_ROAD_POT_HOLE'},4518,{2},9.981850376272687
2e699beb,2e699beac,2020-11-12,21,{'WEATHERHAZARD'},{'HAZARD_ON_ROAD_POT_HOLE'},5328,{2},9.251313813813814
2e699beb,2e699beac,2020-11-16,17,{'WEATHERHAZARD'},{'HAZARD_ON_ROAD_POT_HOLE'},10935,{2},9.989117512574303
2e699beb,2e699beac,2020-11-17,7,{'WEATHERHAZARD'},{'HAZARD_ON_ROAD_POT_HOLE'},4568,{2},9.99168126094571
2e699bed,2e699bec4,2020-10-16,18,{'JAM'},{'JAM_HEAVY_TRAFFIC'},36,{1},5.472222222222222
2e699bed,2e699becc,2020-11-05,7,{'JAM'},"{'JAM_MODERATE_TRAFFIC', 'JAM_HEAVY_TRAFFIC'}",48,"{1, 2}",6.5625
2e699bed,2e699bedc,2020-09-04,18,{'JAM'},{'JAM'},20,{2},5.0
2e699bed,2e699bedc,2020-10-16,18,{'JAM'},{'JAM_HEAVY_TRAFFIC'},76,{1},5.947368421052632
2e699bef,2e699befc,2020-10-28,14,{'JAM'},{'JAM'},31,{1},5.0
2e699bf3,2e699bf2c,2020-10-12,16,{'JAM'},{'JAM_MODERATE_TRAFFIC'},31,{2},5.0
2e699bf3,2e699bf2c,2020-10-16,16,{'JAM'},{'JAM_STAND_STILL_TRAFFIC'},30,{2},5.0
2e699bf3,2e699bf2c,2020-10-16,18,{'JAM'},"{'JAM_STAND_STILL_TRAFFIC', 'JAM_MODERATE_TRAFFIC'}",93,{2},5.655913978494624
2e699bf3,2e699bf2c,2020-11-03,7,{'JAM'},{'JAM_STAND_STILL_TRAFFIC'},29,{2},5.0
2e699bf3,2e699bf2c,2020-11-13,15,{'JAM'},{'JAM_STAND_STILL_TRAFFIC'},29,{2},5.0
2e699c0d,2e699c0d4,2020-10-29,8,{'JAM'},{'JAM_STAND_STILL_TRAFFIC'},31,{4},5.0
2e699c0d,2e699c0d4,2020-11-05,17,"{'JAM', 'WEATHERHAZARD'}","{'HAZARD_ON_ROAD_CONSTRUCTION', 'HAZARD_ON_ROAD_POT_HOLE', 'JAM_HEAVY_TRAFFIC'}",7708,{20},8.475220550077841
2e699c0d,2e699c0d4,2020-11-07,23,{'JAM'},{'JAM'},30,{20},5.0
2e699c13,2e699c12c,2020-10-28,8,{'JAM'},{'JAM_MODERATE_TRAFFIC'},6,{4},5.0
2e699c13,2e699c12c,2020-10-29,7,{'JAM'},{'JAM_STAND_STILL_TRAFFIC'},30,{4},5.433333333333334
2e699c69,2e699c68c,2020-10-06,20,"{'JAM', 'ACCIDENT'}","{'JAM', 'ACCIDENT_MAJOR'}",142,{1},5.0
2e699c73,2e699c72c,2020-10-23,18,{'JAM'},{'JAM_HEAVY_TRAFFIC'},30,{20},5.0
2e699c73,2e699c72c,2020-11-08,11,{'JAM'},{'JAM'},34,{20},5.0
2e699c73,2e699c734,2020-10-13,15,{'JAM'},{'JAM_STAND_STILL_TRAFFIC'},31,{4},5.0
2e699c73,2e699c734,2020-10-29,7,{'JAM'},{'JAM_STAND_STILL_TRAFFIC'},6,{4},5.0
2e699c73,2e699c734,2020-11-10,12,{'JAM'},{'JAM_STAND_STILL_TRAFFIC'},5,{4},5.0
2e699c73,2e699c734,2020-11-13,6,{'JAM'},{'JAM'},30,{4},5.0
2e699ebf,2e699ebfc,2020-09-23,14,{'JAM'},{'JAM_STAND_STILL_TRAFFIC'},31,{1},5.0
2e69c155,2e69c154c,2020-09-19,22,{'JAM'},{'JAM_MODERATE_TRAFFIC'},32,{1},5.0
2e69c155,2e69c1554,2020-09-04,8,{'WEATHERHAZARD'},{'WEATHERHAZARD'},30,{1},5.0
2e69c377,2e69c376c,2020-11-13,1,{'JAM'},{'JAM'},32,{4},5.0
2e69c37f,2e69c37fc,2020-11-02,15,{'JAM'},{'JAM'},31,{17},5.0
2e69c381,2e69c380c,2020-10-17,16,{'JAM'},{'JAM_HEAVY_TRAFFIC'},6,{6},5.0
2e69c381,2e69c380c,2020-11-22,17,"{'JAM', 'WEATHERHAZARD'}","{'JAM', 'HAZARD_ON_ROAD_CONSTRUCTION'}",671,{6},9.36214605067064
2e69c381,2e69c381c,2020-09-04,9,{'WEATHERHAZARD'},{'HAZARD_ON_SHOULDER_CAR_STOPPED'},32,{6},5.0
2e69c381,2e69c381c,2020-10-12,6,{'ACCIDENT'},{'ACCIDENT'},87,{6},5.64367816091954
2e69c383,2e69c3824,2020-10-21,7,{'WEATHERHAZARD'},{'HAZARD_ON_SHOULDER_CAR_STOPPED'},35,{6},6.142857142857143
2e69c383,2e69c3824,2020-11-02,19,{'JAM'},{'JAM_HEAVY_TRAFFIC'},30,{6},5.0
2e69c383,2e69c3824,2020-11-09,19,{'JAM'},{'JAM_HEAVY_TRAFFIC'},31,{6},5.0
2e69c383,2e69c3824,2020-11-22,15,{'WEATHERHAZARD'},{'HAZARD_ON_ROAD_CAR_STOPPED'},14,{6},5.642857142857143
2e69c385,2e69c385c,2020-10-09,11,{'ACCIDENT'},{'ACCIDENT'},137,{1},5.226277372262774
2e69c385,2e69c385c,2020-11-08,12,{'WEATHERHAZARD'},{'WEATHERHAZARD'},32,{1},6.0
2e69c387,2e69c3864,2020-09-04,19,{'WEATHERHAZARD'},"{'HAZARD_ON_SHOULDER_ANIMALS', 'HAZARD_ON_ROAD_TRAFFIC_LIGHT_FAULT'}",61,{1},5.0
2e69c387,2e69c3874,2020-11-19,19,{'JAM'},{'JAM'},31,{1},5.0
2e69c389,2e69c3894,2020-09-16,18,{'JAM'},{'JAM'},35,{1},5.0
2e69c399,2e69c398c,2020-09-05,19,{'JAM'},{'JAM_HEAVY_TRAFFIC'},7,{1},5.0
2e69c399,2e69c398c,2020-09-23,19,{'WEATHERHAZARD'},{'HAZARD_ON_ROAD_POT_HOLE'},2961,{1},6.916244511989193
2e69c399,2e69c398c,2020-09-26,8,{'JAM'},{'JAM'},32,{1},5.0
2e69c399,2e69c398c,2020-10-02,6,{'WEATHERHAZARD'},{'HAZARD_ON_SHOULDER_CAR_STOPPED'},31,{1},5.0
2e69c399,2e69c398c,2020-10-07,7,{'WEATHERHAZARD'},{'HAZARD_ON_SHOULDER_CAR_STOPPED'},32,{1},5.0
2e69c399,2e69c398c,2020-10-09,7,{'WEATHERHAZARD'},{'HAZARD_ON_SHOULDER_CAR_STOPPED'},31,{1},5.0
2e69c399,2e69c398c,2020-10-10,6,{'WEATHERHAZARD'},{'HAZARD_ON_SHOULDER_CAR_STOPPED'},30,{1},5.0
2e69c399,2e69c398c,2020-10-13,7,{'WEATHERHAZARD'},{'HAZARD_ON_SHOULDER_CAR_STOPPED'},31,{1},5.0
2e69c399,2e69c398c,2020-10-14,7,{'WEATHERHAZARD'},{'HAZARD_ON_SHOULDER_CAR_STOPPED'},30,{1},5.0
2e69c399,2e69c398c,2020-10-15,7,{'WEATHERHAZARD'},{'HAZARD_ON_SHOULDER_CAR_STOPPED'},32,{1},5.0
2e69c399,2e69c398c,2020-10-17,7,{'WEATHERHAZARD'},{'HAZARD_ON_SHOULDER_CAR_STOPPED'},31,{1},5.0
2e69c399,2e69c398c,2020-10-21,7,{'WEATHERHAZARD'},{'HAZARD_ON_SHOULDER_CAR_STOPPED'},31,{1},5.0
2e69c399,2e69c398c,2020-10-22,6,{'WEATHERHAZARD'},{'HAZARD_ON_SHOULDER_CAR_STOPPED'},30,{1},5.0
2e69c399,2e69c398c,2020-11-16,18,{'JAM'},{'JAM'},30,{1},5.0
2e69c399,2e69c3994,2020-09-30,17,{'WEATHERHAZARD'},{'HAZARD_ON_ROAD_CAR_STOPPED'},34,{1},5.0
2e69c399,2e69c3994,2020-10-09,18,{'WEATHERHAZARD'},{'HAZARD_ON_ROAD_POT_HOLE'},4803,{1},5.75244638767437
2e69c399,2e69c3994,2020-10-24,19,{'JAM'},{'JAM_HEAVY_TRAFFIC'},7,{1},5.0
2e69c39b,2e69c39b4,2020-10-24,18,{'WEATHERHAZARD'},{'WEATHERHAZARD'},32,{2},5.0
2e69c39b,2e69c39bc,2020-09-05,19,{'JAM'},{'JAM_HEAVY_TRAFFIC'},5,{1},5.0
2e69c39b,2e69c39bc,2020-09-28,18,{'WEATHERHAZARD'},{'HAZARD_ON_ROAD_POT_HOLE'},1391,{1},5.096333572969087
2e69c39b,2e69c39bc,2020-09-29,17,{'WEATHERHAZARD'},{'HAZARD_ON_ROAD_POT_HOLE'},1453,{1},5.21885753613214
2e69c39b,2e69c39bc,2020-09-30,17,{'WEATHERHAZARD'},{'HAZARD_ON_ROAD_POT_HOLE'},5977,{1},8.332273715910992
2e69c39b,2e69c39bc,2020-10-05,18,{'WEATHERHAZARD'},{'HAZARD_ON_ROAD_POT_HOLE'},4534,{1},5.3028231142479045
2e69c39b,2e69c39bc,2020-10-13,17,{'WEATHERHAZARD'},{'HAZARD_ON_ROAD_POT_HOLE'},3199,{1},5.239137230384495
2e69c39b,2e69c39bc,2020-10-20,16,{'WEATHERHAZARD'},{'HAZARD_ON_ROAD_POT_HOLE'},2933,{1},5.583702693487896
2e69c39b,2e69c39bc,2020-10-26,18,{'WEATHERHAZARD'},{'HAZARD_ON_ROAD_POT_HOLE'},5268,{1},7.104783599088838
2e69c39d,2e69c39cc,2020-09-30,17,{'WEATHERHAZARD'},{'HAZARD_ON_ROAD_POT_HOLE'},1501,{2},7.37508327781479
2e69c39d,2e69c39cc,2020-10-29,0,{'ACCIDENT'},{'ACCIDENT_MAJOR'},120,{2},5.0
2e69c39d,2e69c39cc,2020-11-11,18,{'WEATHERHAZARD'},{'HAZARD_ON_ROAD_POT_HOLE'},2607,{2},5.884925201380898
2e69c39d,2e69c39cc,2020-11-13,18,{'WEATHERHAZARD'},{'HAZARD_ON_ROAD_POT_HOLE'},4097,{2},9.421283866243593
2e69c39f,2e69c39f4,2020-11-16,18,{'JAM'},{'JAM'},30,{1},5.0
2e69c3a1,2e69c3a14,2020-11-13,21,{'JAM'},{'JAM_MODERATE_TRAFFIC'},32,{1},5.0
2e69c3b9,2e69c3b94,2020-10-30,17,{'WEATHERHAZARD'},{'WEATHERHAZARD'},31,{1},5.0
2e69c3bb,2e69c3bbc,2020-10-09,15,{'WEATHERHAZARD'},{'WEATHERHAZARD'},32,{1},6.0
2e69c3bb,2e69c3bbc,2020-11-22,21,{'JAM'},{'JAM'},31,{1},5.0
2e69c3f7,2e69c3f7c,2020-09-26,10,{'JAM'},{'JAM_HEAVY_TRAFFIC'},23,{2},5.0
2e69c3f7,2e69c3f7c,2020-11-07,9,{'JAM'},{'JAM_MODERATE_TRAFFIC'},31,{2},5.0
2e69c3f9,2e69c3f8c,2020-10-11,9,{'WEATHERHAZARD'},{'WEATHERHAZARD'},31,{1},5.0
2e69c403,2e69c402c,2020-09-04,18,{'JAM'},{'JAM_HEAVY_TRAFFIC'},29,{6},5.0
2e69c403,2e69c402c,2020-10-03,11,{'JAM'},{'JAM_STAND_STILL_TRAFFIC'},17,{6},5.9411764705882355
2e69c403,2e69c402c,2020-10-30,17,{'JAM'},{'JAM_STAND_STILL_TRAFFIC'},13,{6},5.923076923076923
2e69c403,2e69c402c,2020-11-21,10,{'JAM'},{'JAM_STAND_STILL_TRAFFIC'},31,{6},5.0
2e69c403,2e69c4034,2020-10-02,20,{'JAM'},{'JAM_MODERATE_TRAFFIC'},35,{1},5.942857142857143
2e69c405,2e69c404c,2020-09-02,12,{'JAM'},{'JAM'},12,{2},5.0
2e69c405,2e69c404c,2020-09-12,15,{'JAM'},{'JAM_HEAVY_TRAFFIC'},35,{2},5.514285714285714
2e69c405,2e69c404c,2020-09-25,22,{'JAM'},{'JAM_HEAVY_TRAFFIC'},8,{1},5.0
2e69c405,2e69c404c,2020-09-26,13,{'JAM'},{'JAM_STAND_STILL_TRAFFIC'},31,{2},5.0
2e69c405,2e69c4054,2020-09-26,13,{'JAM'},{'JAM_STAND_STILL_TRAFFIC'},32,{2},5.0
2e69c405,2e69c405c,2020-09-26,11,{'JAM'},{'JAM_STAND_STILL_TRAFFIC'},30,{2},5.0
2e69c405,2e69c405c,2020-09-26,13,{'JAM'},{'JAM_STAND_STILL_TRAFFIC'},34,{2},5.823529411764706
2e69c405,2e69c405c,2020-11-03,13,{'WEATHERHAZARD'},{'HAZARD_ON_SHOULDER_CAR_STOPPED'},34,{2},5.0
2e69c407,2e69c4064,2020-10-08,17,{'JAM'},{'JAM_STAND_STILL_TRAFFIC'},30,{2},5.0
2e69c407,2e69c4064,2020-11-03,16,{'WEATHERHAZARD'},{'HAZARD_ON_SHOULDER_CAR_STOPPED'},30,{2},5.0
2e69c407,2e69c4064,2020-11-15,15,{'WEATHERHAZARD'},{'HAZARD_ON_SHOULDER_CAR_STOPPED'},32,{2},5.0
2e69c407,2e69c4064,2020-11-19,9,{'JAM'},{'JAM_HEAVY_TRAFFIC'},37,{2},5.405405405405405
2e69c407,2e69c4074,2020-10-04,16,{'WEATHERHAZARD'},{'HAZARD_ON_SHOULDER_CAR_STOPPED'},31,{1},5.0
2e69c407,2e69c4074,2020-10-17,8,{'JAM'},{'JAM_HEAVY_TRAFFIC'},30,{1},5.566666666666666
2e69c407,2e69c4074,2020-11-03,16,{'WEATHERHAZARD'},{'HAZARD_ON_SHOULDER_CAR_STOPPED'},32,{1},5.0
2e69c407,2e69c4074,2020-11-15,17,{'WEATHERHAZARD'},{'HAZARD_ON_SHOULDER_CAR_STOPPED'},33,{1},5.0
2e69c407,2e69c407c,2020-09-26,11,{'JAM'},"{'JAM_STAND_STILL_TRAFFIC', 'JAM_MODERATE_TRAFFIC'}",69,{2},5.0
2e69c407,2e69c407c,2020-10-04,16,{'WEATHERHAZARD'},{'HAZARD_ON_SHOULDER_CAR_STOPPED'},68,"{1, 2}",5.0
2e69c407,2e69c407c,2020-10-08,17,{'ACCIDENT'},{'ACCIDENT_MINOR'},122,{2},5.040983606557377
2e69c407,2e69c407c,2020-11-03,13,{'WEATHERHAZARD'},{'HAZARD_ON_SHOULDER_CAR_STOPPED'},32,{1},5.0
2e69c407,2e69c407c,2020-11-03,16,{'WEATHERHAZARD'},{'HAZARD_ON_SHOULDER_CAR_STOPPED'},30,{1},5.633333333333334
2e69c407,2e69c407c,2020-11-15,17,{'WEATHERHAZARD'},{'HAZARD_ON_SHOULDER_CAR_STOPPED'},70,"{1, 2}",5.228571428571429
2e69c409,2e69c4084,2020-10-08,17,{'WEATHERHAZARD'},{'HAZARD_ON_ROAD_CAR_STOPPED'},33,{2},5.0
2e69c409,2e69c4084,2020-10-28,16,{'JAM'},{'JAM_STAND_STILL_TRAFFIC'},32,{2},5.96875
2e69c40b,2e69c40a4,2020-10-06,20,{'JAM'},{'JAM_STAND_STILL_TRAFFIC'},31,{1},5.0
2e69c40b,2e69c40bc,2020-09-26,14,{'JAM'},{'JAM_HEAVY_TRAFFIC'},31,{7},5.0
2e69c40b,2e69c40bc,2020-10-10,16,{'JAM'},{'JAM_HEAVY_TRAFFIC'},33,{7},5.0
2e69c40b,2e69c40bc,2020-10-16,10,{'JAM'},{'JAM'},6,{7},5.0
2e69c40b,2e69c40bc,2020-10-24,14,{'JAM'},{'JAM_MODERATE_TRAFFIC'},31,{7},5.0
2e69c40b,2e69c40bc,2020-10-28,12,{'JAM'},{'JAM_MODERATE_TRAFFIC'},31,{7},5.0
2e69c40b,2e69c40bc,2020-11-14,14,{'JAM'},{'JAM_HEAVY_TRAFFIC'},32,{7},5.0
2e69c411,2e69c410c,2020-09-05,14,{'JAM'},{'JAM_STAND_STILL_TRAFFIC'},33,{6},5.242424242424242
2e69c411,2e69c410c,2020-09-22,17,{'JAM'},{'JAM_MODERATE_TRAFFIC'},30,{6},5.0
2e69c411,2e69c410c,2020-09-28,17,{'JAM'},{'JAM_STAND_STILL_TRAFFIC'},31,{6},5.0
2e69c411,2e69c410c,2020-10-03,14,{'JAM'},{'JAM_STAND_STILL_TRAFFIC'},32,{6},5.0
2e69c411,2e69c410c,2020-10-03,17,{'JAM'},{'JAM_HEAVY_TRAFFIC'},30,{6},5.0
2e69c411,2e69c410c,2020-10-04,14,{'JAM'},{'JAM_STAND_STILL_TRAFFIC'},16,{6},5.0
2e69c411,2e69c410c,2020-10-09,16,{'JAM'},{'JAM_HEAVY_TRAFFIC'},31,{6},5.903225806451613
2e69c411,2e69c410c,2020-10-09,18,{'JAM'},{'JAM_STAND_STILL_TRAFFIC'},20,{6},5.25
2e69c411,2e69c410c,2020-10-10,10,{'JAM'},{'JAM_STAND_STILL_TRAFFIC'},44,{6},7.7272727272727275
2e69c411,2e69c410c,2020-10-10,15,{'JAM'},{'JAM_STAND_STILL_TRAFFIC'},32,{6},5.0
2e69c411,2e69c410c,2020-10-17,17,{'JAM'},{'JAM_STAND_STILL_TRAFFIC'},31,{6},5.838709677419355
2e69c411,2e69c410c,2020-10-20,16,{'JAM'},{'JAM_HEAVY_TRAFFIC'},31,{6},5.0
2e69c411,2e69c410c,2020-10-23,8,{'JAM'},{'JAM_STAND_STILL_TRAFFIC'},30,{6},5.0
2e69c411,2e69c410c,2020-10-24,17,{'JAM'},{'JAM_HEAVY_TRAFFIC'},31,{6},5.0
2e69c411,2e69c410c,2020-10-25,17,{'JAM'},{'JAM_STAND_STILL_TRAFFIC'},27,{6},9.925925925925926
2e69c411,2e69c410c,2020-10-25,19,{'JAM'},{'JAM_STAND_STILL_TRAFFIC'},7,{6},5.0
2e69c411,2e69c410c,2020-10-29,13,{'JAM'},"{'JAM_STAND_STILL_TRAFFIC', 'JAM_HEAVY_TRAFFIC'}",36,{6},5.0
2e69c411,2e69c410c,2020-10-30,13,{'JAM'},{'JAM_STAND_STILL_TRAFFIC'},31,{7},5.0
2e69c411,2e69c410c,2020-10-30,14,{'JAM'},{'JAM_STAND_STILL_TRAFFIC'},32,{7},7.0
2e69c411,2e69c410c,2020-10-30,17,{'JAM'},{'JAM_STAND_STILL_TRAFFIC'},6,{6},5.0
2e69c411,2e69c410c,2020-10-31,14,{'JAM'},{'JAM_STAND_STILL_TRAFFIC'},30,{7},5.0
2e69c411,2e69c410c,2020-10-31,16,{'JAM'},{'JAM_STAND_STILL_TRAFFIC'},30,{7},6.0
2e69c411,2e69c410c,2020-10-31,19,{'JAM'},{'JAM_MODERATE_TRAFFIC'},30,{6},5.0
2e69c411,2e69c410c,2020-10-31,20,{'JAM'},{'JAM_HEAVY_TRAFFIC'},33,{6},5.0
2e69c411,2e69c410c,2020-11-01,18,{'JAM'},{'JAM_STAND_STILL_TRAFFIC'},31,{7},5.0
2e69c411,2e69c410c,2020-11-02,11,{'JAM'},{'JAM_MODERATE_TRAFFIC'},31,{7},5.0
2e69c411,2e69c410c,2020-11-03,9,{'JAM'},{'JAM_HEAVY_TRAFFIC'},63,{6},5.428571428571429
2e69c411,2e69c410c,2020-11-06,19,{'JAM'},{'JAM_STAND_STILL_TRAFFIC'},33,{7},5.0
2e69c411,2e69c410c,2020-11-12,17,{'JAM'},{'JAM_HEAVY_TRAFFIC'},31,{7},5.935483870967742
2e69c411,2e69c410c,2020-11-12,18,{'JAM'},{'JAM'},30,{6},5.0
2e69c411,2e69c410c,2020-11-14,10,{'JAM'},"{'JAM_STAND_STILL_TRAFFIC', 'JAM_HEAVY_TRAFFIC'}",94,"{6, 7}",5.170212765957447
2e69c411,2e69c410c,2020-11-21,10,{'JAM'},{'JAM_STAND_STILL_TRAFFIC'},18,{6},5.0
2e69c411,2e69c410c,2020-11-21,13,{'JAM'},{'JAM_HEAVY_TRAFFIC'},40,{6},5.925
2e69c411,2e69c411c,2020-10-20,15,"{'JAM', 'WEATHERHAZARD'}","{'HAZARD_ON_ROAD_CONSTRUCTION', 'JAM_MODERATE_TRAFFIC'}",178,{7},5.00561797752809
2e69c413,2e69c412c,2020-09-12,6,{'JAM'},{'JAM'},33,{22},5.0
2e69c413,2e69c413c,2020-09-08,16,{'JAM'},{'JAM'},30,{1},5.0
2e69c415,2e69c4144,2020-10-25,10,{'JAM'},{'JAM_STAND_STILL_TRAFFIC'},31,{6},5.0
2e69c415,2e69c4144,2020-10-25,11,{'JAM'},{'JAM_STAND_STILL_TRAFFIC'},8,{4},5.0
2e69c415,2e69c4144,2020-10-25,13,{'JAM'},"{'JAM_STAND_STILL_TRAFFIC', 'JAM_HEAVY_TRAFFIC'}",87,"{4, 6, 7}",5.839080459770115
2e69c415,2e69c4144,2020-10-25,14,{'JAM'},"{'JAM_STAND_STILL_TRAFFIC', 'JAM_HEAVY_TRAFFIC'}",132,"{4, 6, 7}",5.621212121212121
2e69c415,2e69c4144,2020-10-25,16,{'JAM'},{'JAM_STAND_STILL_TRAFFIC'},139,"{4, 6, 7}",5.798561151079137
2e69c415,2e69c4144,2020-10-25,17,{'JAM'},{'JAM_STAND_STILL_TRAFFIC'},92,"{6, 7}",6.1521739130434785
2e69c415,2e69c4144,2020-10-25,18,{'JAM'},"{'JAM_STAND_STILL_TRAFFIC', 'JAM_HEAVY_TRAFFIC'}",56,"{6, 7}",5.928571428571429
2e69c415,2e69c4144,2020-10-26,10,{'JAM'},"{'JAM', 'JAM_HEAVY_TRAFFIC'}",86,"{6, 7}",5.825581395348837
2e69c415,2e69c4144,2020-10-26,11,{'JAM'},{'JAM_HEAVY_TRAFFIC'},44,{6},5.363636363636363
2e69c415,2e69c4144,2020-10-26,13,{'JAM'},"{'JAM_STAND_STILL_TRAFFIC', 'JAM_HEAVY_TRAFFIC'}",61,{6},5.459016393442623
2e69c415,2e69c4144,2020-10-26,14,{'JAM'},{'JAM_STAND_STILL_TRAFFIC'},8,{4},5.0
2e69c415,2e69c4144,2020-10-26,15,{'JAM'},{'JAM_MODERATE_TRAFFIC'},31,{6},5.0
2e69c415,2e69c4144,2020-10-28,17,{'JAM'},{'JAM_STAND_STILL_TRAFFIC'},1,{7},5.0
2e69c415,2e69c4144,2020-11-03,10,{'JAM'},{'JAM_STAND_STILL_TRAFFIC'},32,{6},5.0
2e69c415,2e69c4144,2020-11-14,16,{'JAM'},{'JAM_STAND_STILL_TRAFFIC'},15,{6},5.6
2e69c415,2e69c414c,2020-09-02,21,{'WEATHERHAZARD'},{'HAZARD_ON_SHOULDER_CAR_STOPPED'},34,{6},5.0
2e69c415,2e69c414c,2020-09-03,20,{'WEATHERHAZARD'},{'HAZARD_ON_SHOULDER_CAR_STOPPED'},33,{6},5.9393939393939394
2e69c415,2e69c414c,2020-09-07,17,{'JAM'},"{'JAM_STAND_STILL_TRAFFIC', 'JAM_HEAVY_TRAFFIC'}",65,{6},5.0
2e69c415,2e69c414c,2020-09-08,20,{'WEATHERHAZARD'},{'HAZARD_ON_SHOULDER_CAR_STOPPED'},15,{6},6.066666666666666
2e69c415,2e69c414c,2020-09-14,16,{'WEATHERHAZARD'},{'HAZARD_ON_SHOULDER_CAR_STOPPED'},30,{6},5.0
2e69c415,2e69c414c,2020-09-18,20,{'WEATHERHAZARD'},{'HAZARD_ON_SHOULDER_CAR_STOPPED'},32,{6},5.40625
2e69c415,2e69c414c,2020-09-24,16,{'JAM'},{'JAM_MODERATE_TRAFFIC'},32,{6},5.0
2e69c415,2e69c414c,2020-10-01,7,{'WEATHERHAZARD'},{'HAZARD_ON_SHOULDER_CAR_STOPPED'},32,{6},5.0
2e69c415,2e69c414c,2020-10-06,19,{'JAM'},{'JAM_STAND_STILL_TRAFFIC'},5,{6},5.0
2e69c415,2e69c414c,2020-10-08,16,{'JAM'},{'JAM_STAND_STILL_TRAFFIC'},31,{6},5.0
2e69c415,2e69c414c,2020-10-12,18,{'WEATHERHAZARD'},{'HAZARD_ON_SHOULDER_CAR_STOPPED'},31,{6},5.0
2e69c415,2e69c414c,2020-10-14,17,{'JAM'},{'JAM_MODERATE_TRAFFIC'},32,{6},5.96875
2e69c415,2e69c414c,2020-10-15,20,{'JAM'},{'JAM_STAND_STILL_TRAFFIC'},14,{6},5.0
2e69c415,2e69c414c,2020-10-17,15,{'JAM'},{'JAM_STAND_STILL_TRAFFIC'},32,{6},5.0
2e69c415,2e69c414c,2020-10-20,16,{'JAM'},{'JAM_HEAVY_TRAFFIC'},37,"{6, 7}",5.0
2e69c415,2e69c414c,2020-10-20,17,{'JAM'},{'JAM_MODERATE_TRAFFIC'},14,{6},5.0
2e69c415,2e69c414c,2020-10-24,15,{'JAM'},{'JAM_HEAVY_TRAFFIC'},31,{6},5.0
2e69c415,2e69c414c,2020-10-24,16,{'JAM'},{'JAM_MODERATE_TRAFFIC'},30,{6},5.0
2e69c415,2e69c414c,2020-10-25,14,{'JAM'},{'JAM_HEAVY_TRAFFIC'},94,{6},8.53191489361702
2e69c415,2e69c414c,2020-10-25,16,{'JAM'},"{'JAM', 'JAM_STAND_STILL_TRAFFIC', 'JAM_HEAVY_TRAFFIC'}",161,"{6, 7}",5.84472049689441
2e69c415,2e69c414c,2020-10-25,17,{'JAM'},{'JAM_STAND_STILL_TRAFFIC'},66,"{6, 7}",6.393939393939394
2e69c415,2e69c414c,2020-10-26,7,{'JAM'},{'JAM_STAND_STILL_TRAFFIC'},31,{6},5.0
2e69c415,2e69c414c,2020-10-26,8,{'JAM'},{'JAM_HEAVY_TRAFFIC'},42,{6},5.380952380952381
2e69c415,2e69c414c,2020-10-26,12,{'JAM'},{'JAM_HEAVY_TRAFFIC'},63,{6},5.0
2e69c415,2e69c414c,2020-10-26,13,{'JAM'},{'JAM_HEAVY_TRAFFIC'},12,{6},5.0
2e69c415,2e69c414c,2020-10-26,14,{'JAM'},"{'JAM', 'JAM_STAND_STILL_TRAFFIC'}",62,"{6, 7}",5.0
2e69c415,2e69c414c,2020-10-26,15,{'JAM'},{'JAM_MODERATE_TRAFFIC'},32,{6},5.0
2e69c415,2e69c414c,2020-10-27,10,{'JAM'},{'JAM_STAND_STILL_TRAFFIC'},32,{6},5.0
2e69c415,2e69c414c,2020-10-27,11,{'JAM'},{'JAM_HEAVY_TRAFFIC'},32,{6},5.0
2e69c415,2e69c414c,2020-10-28,17,{'JAM'},{'JAM_STAND_STILL_TRAFFIC'},100,"{6, 7}",5.29
2e69c415,2e69c414c,2020-11-12,19,{'WEATHERHAZARD'},{'HAZARD_ON_SHOULDER_CAR_STOPPED'},31,{6},5.290322580645161
2e69c415,2e69c414c,2020-11-21,17,{'JAM'},{'JAM_STAND_STILL_TRAFFIC'},9,{6},5.0
2e69c417,2e69c4164,2020-09-18,21,{'WEATHERHAZARD'},{'HAZARD_ON_SHOULDER_CAR_STOPPED'},11,{7},5.0
2e69c417,2e69c4164,2020-09-20,11,{'JAM'},{'JAM'},6,{7},5.0
2e69c417,2e69c4164,2020-10-01,12,{'JAM'},{'JAM_MODERATE_TRAFFIC'},30,{7},5.0
2e69c417,2e69c4164,2020-10-20,16,{'JAM'},{'JAM_HEAVY_TRAFFIC'},33,{7},5.0
2e69c417,2e69c4164,2020-10-20,19,{'WEATHERHAZARD'},{'HAZARD_ON_ROAD_CAR_STOPPED'},32,{7},6.40625
2e69c417,2e69c4164,2020-10-20,20,{'JAM'},{'JAM'},30,{7},6.466666666666667
2e69c417,2e69c4164,2020-11-21,7,{'JAM'},{'JAM_STAND_STILL_TRAFFIC'},47,{1},5.340425531914893
2e69c417,2e69c416c,2020-09-02,21,{'WEATHERHAZARD'},{'HAZARD_ON_SHOULDER_CAR_STOPPED'},36,{6},5.0
2e69c417,2e69c416c,2020-09-03,20,{'WEATHERHAZARD'},{'HAZARD_ON_SHOULDER_CAR_STOPPED'},34,{6},5.9411764705882355
2e69c417,2e69c416c,2020-09-06,12,{'WEATHERHAZARD'},{'HAZARD_ON_ROAD_POT_HOLE'},161,{6},8.118012422360248
2e69c417,2e69c416c,2020-09-06,19,{'WEATHERHAZARD'},{'HAZARD_ON_ROAD_POT_HOLE'},159,{6},5.477987421383648
2e69c417,2e69c416c,2020-09-09,19,{'WEATHERHAZARD'},{'HAZARD_ON_SHOULDER_CAR_STOPPED'},31,{6},5.580645161290323
2e69c417,2e69c416c,2020-09-10,19,{'WEATHERHAZARD'},{'HAZARD_ON_SHOULDER_CAR_STOPPED'},30,{6},5.0
2e69c417,2e69c416c,2020-09-11,19,{'WEATHERHAZARD'},{'HAZARD_ON_SHOULDER_CAR_STOPPED'},33,{6},5.0
2e69c417,2e69c416c,2020-09-27,16,{'WEATHERHAZARD'},{'HAZARD_ON_SHOULDER_CAR_STOPPED'},19,{6},5.947368421052632
2e69c417,2e69c416c,2020-09-28,12,{'WEATHERHAZARD'},{'HAZARD_ON_SHOULDER_CAR_STOPPED'},10,{6},5.6
2e69c417,2e69c416c,2020-10-04,13,{'WEATHERHAZARD'},{'HAZARD_ON_SHOULDER_CAR_STOPPED'},32,{6},5.0
2e69c417,2e69c416c,2020-10-05,11,{'WEATHERHAZARD'},{'HAZARD_ON_SHOULDER_CAR_STOPPED'},30,{6},5.0
2e69c417,2e69c416c,2020-10-15,12,{'JAM'},{'JAM_STAND_STILL_TRAFFIC'},31,{6},5.0
2e69c417,2e69c416c,2020-10-20,16,{'JAM'},{'JAM_STAND_STILL_TRAFFIC'},47,{6},5.0638297872340425
2e69c417,2e69c416c,2020-10-21,16,{'WEATHERHAZARD'},{'HAZARD_ON_ROAD_OBJECT'},61,{6},5.639344262295082
2e69c417,2e69c416c,2020-10-24,14,{'JAM'},{'JAM_HEAVY_TRAFFIC'},16,{6},5.0
2e69c417,2e69c416c,2020-10-24,16,{'JAM'},{'JAM_STAND_STILL_TRAFFIC'},32,{6},5.0
2e69c417,2e69c416c,2020-10-25,17,{'JAM'},{'JAM'},33,{6},5.0
2e69c417,2e69c416c,2020-10-30,15,{'JAM'},{'JAM_MODERATE_TRAFFIC'},13,{6},5.0
2e69c417,2e69c416c,2020-10-31,13,{'JAM'},{'JAM_HEAVY_TRAFFIC'},31,{6},5.0
2e69c417,2e69c416c,2020-10-31,15,{'JAM'},{'JAM'},30,{6},5.0
2e69c417,2e69c416c,2020-10-31,17,{'JAM'},"{'JAM_STAND_STILL_TRAFFIC', 'JAM_HEAVY_TRAFFIC'}",104,"{6, 7}",5.548076923076923
2e69c417,2e69c416c,2020-11-02,9,{'JAM'},{'JAM_HEAVY_TRAFFIC'},6,{6},5.666666666666667
2e69c417,2e69c416c,2020-11-04,11,{'JAM'},{'JAM_STAND_STILL_TRAFFIC'},5,{6},5.0
2e69c417,2e69c416c,2020-11-12,19,{'WEATHERHAZARD'},{'HAZARD_ON_SHOULDER_CAR_STOPPED'},32,{6},5.28125
2e69c417,2e69c416c,2020-11-18,18,{'WEATHERHAZARD'},{'HAZARD_ON_ROAD_POT_HOLE'},1219,{6},9.294503691550451
2e69c417,2e69c4174,2020-10-03,14,{'JAM'},{'JAM_STAND_STILL_TRAFFIC'},30,{6},5.0
2e69c417,2e69c4174,2020-10-04,13,{'WEATHERHAZARD'},{'HAZARD_ON_SHOULDER_CAR_STOPPED'},36,{6},6.166666666666667
2e69c417,2e69c4174,2020-10-25,16,{'JAM'},{'JAM_MODERATE_TRAFFIC'},32,{6},5.8125
2e69c417,2e69c4174,2020-10-25,17,{'JAM'},{'JAM_STAND_STILL_TRAFFIC'},33,{6},5.909090909090909
2e69c417,2e69c4174,2020-10-28,7,{'JAM'},{'JAM_HEAVY_TRAFFIC'},44,{6},5.340909090909091
2e69c417,2e69c4174,2020-10-31,17,{'JAM'},{'JAM_HEAVY_TRAFFIC'},30,{7},5.0
2e69c417,2e69c4174,2020-11-01,18,{'JAM'},{'JAM_STAND_STILL_TRAFFIC'},31,{6},5.0
2e69c417,2e69c4174,2020-11-02,9,{'JAM'},{'JAM_HEAVY_TRAFFIC'},39,{6},7.487179487179487
2e69c417,2e69c4174,2020-11-15,15,{'WEATHERHAZARD'},{'HAZARD_ON_SHOULDER_CAR_STOPPED'},31,{7},5.0
2e69c419,2e69c418c,2020-09-02,16,{'JAM'},{'JAM_STAND_STILL_TRAFFIC'},31,{6},5.0
2e69c419,2e69c418c,2020-09-03,20,{'WEATHERHAZARD'},{'HAZARD_ON_SHOULDER_CAR_STOPPED'},36,{6},5.0
2e69c419,2e69c418c,2020-09-04,20,{'WEATHERHAZARD'},{'HAZARD_ON_SHOULDER_CAR_STOPPED'},30,{6},5.0
2e69c419,2e69c418c,2020-09-09,19,{'WEATHERHAZARD'},{'HAZARD_ON_SHOULDER_CAR_STOPPED'},30,{6},5.933333333333334
2e69c419,2e69c418c,2020-09-11,19,{'WEATHERHAZARD'},{'HAZARD_ON_SHOULDER_CAR_STOPPED'},32,{6},5.0
2e69c419,2e69c418c,2020-09-14,16,{'WEATHERHAZARD'},{'HAZARD_ON_SHOULDER_CAR_STOPPED'},10,{6},6.2
2e69c419,2e69c418c,2020-09-16,14,{'JAM'},{'JAM_STAND_STILL_TRAFFIC'},31,{6},5.0
2e69c419,2e69c418c,2020-09-16,18,{'WEATHERHAZARD'},{'HAZARD_ON_SHOULDER_CAR_STOPPED'},30,{6},5.0
2e69c419,2e69c418c,2020-09-21,17,{'JAM'},{'JAM_HEAVY_TRAFFIC'},30,{6},5.766666666666667
2e69c419,2e69c418c,2020-10-04,13,{'WEATHERHAZARD'},{'HAZARD_ON_ROAD_OBJECT'},61,{6},5.836065573770492
2e69c419,2e69c418c,2020-10-06,16,{'WEATHERHAZARD'},{'HAZARD_ON_SHOULDER_CAR_STOPPED'},30,{6},5.533333333333333
2e69c419,2e69c418c,2020-10-08,16,{'JAM'},{'JAM_STAND_STILL_TRAFFIC'},7,{6},5.0
2e69c419,2e69c418c,2020-10-10,11,{'JAM'},{'JAM_HEAVY_TRAFFIC'},33,{6},5.0
2e69c419,2e69c418c,2020-10-10,19,{'WEATHERHAZARD'},{'WEATHERHAZARD'},32,{20},6.0
2e69c419,2e69c418c,2020-10-14,17,{'JAM'},{'JAM_MODERATE_TRAFFIC'},30,{6},5.0
2e69c419,2e69c418c,2020-10-20,11,{'JAM'},{'JAM_STAND_STILL_TRAFFIC'},23,{6},5.0
2e69c419,2e69c418c,2020-10-21,16,"{'JAM', 'WEATHERHAZARD'}","{'HAZARD_ON_SHOULDER_CAR_STOPPED', 'JAM_MODERATE_TRAFFIC'}",80,{6},5.5625
2e69c419,2e69c418c,2020-10-22,13,{'JAM'},{'JAM_STAND_STILL_TRAFFIC'},31,{6},5.838709677419355
2e69c419,2e69c418c,2020-10-24,10,{'JAM'},{'JAM_HEAVY_TRAFFIC'},41,{6},6.2439024390243905
2e69c419,2e69c418c,2020-10-24,17,{'JAM'},{'JAM_HEAVY_TRAFFIC'},32,{6},5.0
2e69c419,2e69c418c,2020-10-24,18,{'JAM'},"{'JAM_MODERATE_TRAFFIC', 'JAM_HEAVY_TRAFFIC'}",39,{6},5.0
2e69c419,2e69c418c,2020-10-27,13,{'JAM'},{'JAM_HEAVY_TRAFFIC'},61,{6},5.0
2e69c419,2e69c418c,2020-10-29,11,{'JAM'},{'JAM_MODERATE_TRAFFIC'},34,{6},5.0
2e69c419,2e69c418c,2020-10-29,13,{'JAM'},{'JAM_MODERATE_TRAFFIC'},30,{6},5.0
2e69c419,2e69c418c,2020-10-30,13,{'JAM'},{'JAM_STAND_STILL_TRAFFIC'},34,{6},5.0
2e69c419,2e69c418c,2020-11-02,13,{'JAM'},{'JAM_STAND_STILL_TRAFFIC'},63,{6},5.380952380952381
2e69c419,2e69c418c,2020-11-03,13,{'WEATHERHAZARD'},{'HAZARD_ON_SHOULDER_CAR_STOPPED'},32,{6},5.0
2e69c419,2e69c418c,2020-11-06,7,{'JAM'},{'JAM_MODERATE_TRAFFIC'},32,{6},5.0
2e69c419,2e69c418c,2020-11-12,19,{'WEATHERHAZARD'},{'HAZARD_ON_SHOULDER_CAR_STOPPED'},31,{6},5.0
2e69c419,2e69c418c,2020-11-13,7,{'WEATHERHAZARD'},{'HAZARD_ON_SHOULDER_CAR_STOPPED'},30,{4},5.566666666666666
2e69c419,2e69c418c,2020-11-15,15,{'WEATHERHAZARD'},{'HAZARD_ON_SHOULDER_CAR_STOPPED'},30,{6},5.966666666666667
2e69c419,2e69c418c,2020-11-18,15,"{'JAM', 'WEATHERHAZARD'}","{'JAM', 'HAZARD_ON_ROAD_CAR_STOPPED'}",37,{6},5.837837837837838
2e69c419,2e69c418c,2020-11-21,11,{'JAM'},{'JAM_STAND_STILL_TRAFFIC'},31,{6},5.0
2e69c419,2e69c4194,2020-09-05,11,{'JAM'},{'JAM_HEAVY_TRAFFIC'},30,{6},5.0
2e69c419,2e69c4194,2020-09-05,16,{'JAM'},{'JAM_HEAVY_TRAFFIC'},30,{6},5.0
2e69c419,2e69c4194,2020-09-06,14,{'JAM'},{'JAM_STAND_STILL_TRAFFIC'},14,{6},5.0
2e69c419,2e69c4194,2020-09-06,18,{'JAM'},{'JAM_STAND_STILL_TRAFFIC'},30,{6},5.0
2e69c419,2e69c4194,2020-09-12,15,{'JAM'},{'JAM_HEAVY_TRAFFIC'},30,{6},5.0
2e69c419,2e69c4194,2020-09-13,17,{'JAM'},{'JAM_HEAVY_TRAFFIC'},31,{6},5.0
2e69c419,2e69c4194,2020-09-16,14,{'JAM'},"{'JAM', 'JAM_HEAVY_TRAFFIC'}",74,{6},5.283783783783784
2e69c419,2e69c4194,2020-09-21,17,{'JAM'},{'JAM_HEAVY_TRAFFIC'},33,{6},5.0
2e69c419,2e69c4194,2020-09-22,18,{'JAM'},{'JAM_HEAVY_TRAFFIC'},30,{6},6.0
2e69c419,2e69c4194,2020-09-24,10,{'JAM'},{'JAM_STAND_STILL_TRAFFIC'},31,{6},5.0
2e69c419,2e69c4194,2020-09-24,14,{'JAM'},{'JAM_HEAVY_TRAFFIC'},30,{6},5.0
2e69c419,2e69c4194,2020-09-26,14,{'JAM'},{'JAM_STAND_STILL_TRAFFIC'},30,{6},5.0
2e69c419,2e69c4194,2020-09-26,16,{'JAM'},{'JAM_STAND_STILL_TRAFFIC'},31,{6},5.0
2e69c419,2e69c4194,2020-09-27,15,{'JAM'},{'JAM_HEAVY_TRAFFIC'},30,{6},5.0
2e69c419,2e69c4194,2020-09-28,10,{'JAM'},{'JAM_HEAVY_TRAFFIC'},30,{6},5.0
2e69c419,2e69c4194,2020-09-28,15,{'JAM'},{'JAM_HEAVY_TRAFFIC'},34,{6},5.470588235294118
2e69c419,2e69c4194,2020-09-28,16,{'JAM'},{'JAM_MODERATE_TRAFFIC'},31,{6},5.0
2e69c419,2e69c4194,2020-09-29,12,{'JAM'},{'JAM_STAND_STILL_TRAFFIC'},33,{6},5.0
2e69c419,2e69c4194,2020-09-30,17,{'JAM'},{'JAM_HEAVY_TRAFFIC'},9,{6},5.0
2e69c419,2e69c4194,2020-10-03,14,{'JAM'},"{'JAM_MODERATE_TRAFFIC', 'JAM_HEAVY_TRAFFIC'}",61,{6},5.0
2e69c419,2e69c4194,2020-10-03,17,{'JAM'},{'JAM_HEAVY_TRAFFIC'},30,{6},5.9
2e69c419,2e69c4194,2020-10-04,13,"{'JAM', 'WEATHERHAZARD'}","{'JAM', 'HAZARD_ON_ROAD_CAR_STOPPED'}",57,{6},5.298245614035087
2e69c419,2e69c4194,2020-10-04,16,{'WEATHERHAZARD'},{'HAZARD_ON_SHOULDER_CAR_STOPPED'},30,{6},5.0
2e69c419,2e69c4194,2020-10-04,18,{'JAM'},{'JAM_STAND_STILL_TRAFFIC'},30,{6},6.933333333333334
2e69c419,2e69c4194,2020-10-05,7,{'JAM'},{'JAM_HEAVY_TRAFFIC'},32,{6},5.0
2e69c419,2e69c4194,2020-10-07,8,{'JAM'},{'JAM_MODERATE_TRAFFIC'},32,{6},5.0
2e69c419,2e69c4194,2020-10-09,8,{'JAM'},{'JAM_MODERATE_TRAFFIC'},19,{6},5.0
2e69c419,2e69c4194,2020-10-09,15,{'JAM'},{'JAM_STAND_STILL_TRAFFIC'},31,{6},5.0
2e69c419,2e69c4194,2020-10-09,19,{'JAM'},"{'JAM_MODERATE_TRAFFIC', 'JAM_HEAVY_TRAFFIC'}",95,{6},6.463157894736842
2e69c419,2e69c4194,2020-10-10,11,{'JAM'},{'JAM_STAND_STILL_TRAFFIC'},31,{6},5.0
2e69c419,2e69c4194,2020-10-10,15,{'JAM'},{'JAM_STAND_STILL_TRAFFIC'},82,{6},5.195121951219512
2e69c419,2e69c4194,2020-10-17,11,{'JAM'},{'JAM_MODERATE_TRAFFIC'},30,{6},5.0
2e69c419,2e69c4194,2020-10-24,17,{'JAM'},{'JAM_HEAVY_TRAFFIC'},3,{6},5.0
2e69c419,2e69c4194,2020-10-25,17,{'JAM'},{'JAM_STAND_STILL_TRAFFIC'},34,{6},5.4411764705882355
2e69c419,2e69c4194,2020-10-25,20,{'JAM'},{'JAM_HEAVY_TRAFFIC'},32,{6},5.0
2e69c419,2e69c4194,2020-10-28,17,{'JAM'},{'JAM_HEAVY_TRAFFIC'},32,{6},5.0
2e69c419,2e69c4194,2020-10-28,18,{'JAM'},{'JAM_HEAVY_TRAFFIC'},31,{6},5.0
2e69c419,2e69c4194,2020-10-30,14,{'JAM'},{'JAM_STAND_STILL_TRAFFIC'},31,{6},5.0
2e69c419,2e69c4194,2020-10-30,17,{'JAM'},{'JAM_STAND_STILL_TRAFFIC'},64,{6},6.703125
2e69c419,2e69c4194,2020-10-30,18,{'JAM'},{'JAM_STAND_STILL_TRAFFIC'},30,{6},5.0
2e69c419,2e69c4194,2020-10-31,9,{'JAM'},{'JAM_MODERATE_TRAFFIC'},26,{6},5.0
2e69c419,2e69c4194,2020-10-31,12,{'JAM'},{'JAM_STAND_STILL_TRAFFIC'},36,{6},5.416666666666667
2e69c419,2e69c4194,2020-11-03,13,{'WEATHERHAZARD'},{'HAZARD_ON_SHOULDER_CAR_STOPPED'},33,{6},5.606060606060606
2e69c419,2e69c4194,2020-11-04,12,{'JAM'},{'JAM_MODERATE_TRAFFIC'},32,{6},5.0
2e69c419,2e69c4194,2020-11-04,17,{'JAM'},{'JAM_HEAVY_TRAFFIC'},31,{6},6.161290322580645
2e69c419,2e69c4194,2020-11-04,18,{'JAM'},{'JAM_MODERATE_TRAFFIC'},31,{6},6.935483870967742
2e69c419,2e69c4194,2020-11-05,11,{'JAM'},{'JAM_HEAVY_TRAFFIC'},30,{6},5.0
2e69c419,2e69c4194,2020-11-06,6,{'JAM'},{'JAM_MODERATE_TRAFFIC'},20,{6},5.0
2e69c419,2e69c4194,2020-11-06,19,{'JAM'},{'JAM_STAND_STILL_TRAFFIC'},35,{6},5.0
2e69c419,2e69c4194,2020-11-08,19,{'JAM'},{'JAM_STAND_STILL_TRAFFIC'},25,{6},6.8
2e69c419,2e69c4194,2020-11-09,19,{'JAM'},{'JAM_STAND_STILL_TRAFFIC'},30,{6},5.0
2e69c419,2e69c4194,2020-11-12,18,{'JAM'},{'JAM_STAND_STILL_TRAFFIC'},31,{6},5.0
2e69c419,2e69c4194,2020-11-14,14,{'JAM'},{'JAM_HEAVY_TRAFFIC'},5,{6},5.0
2e69c419,2e69c4194,2020-11-14,19,{'JAM'},{'JAM_STAND_STILL_TRAFFIC'},32,{6},5.0
2e69c419,2e69c4194,2020-11-15,15,"{'JAM', 'WEATHERHAZARD'}","{'HAZARD_ON_SHOULDER_CAR_STOPPED', 'JAM_MODERATE_TRAFFIC'}",63,{6},5.523809523809524
2e69c419,2e69c4194,2020-11-15,17,{'JAM'},"{'JAM_STAND_STILL_TRAFFIC', 'JAM_HEAVY_TRAFFIC'}",60,{6},5.0
2e69c419,2e69c4194,2020-11-16,15,{'JAM'},{'JAM_HEAVY_TRAFFIC'},30,{6},5.0
2e69c419,2e69c4194,2020-11-17,15,{'JAM'},{'JAM_STAND_STILL_TRAFFIC'},31,{6},5.612903225806452
2e69c419,2e69c4194,2020-11-17,16,{'JAM'},{'JAM_STAND_STILL_TRAFFIC'},33,{6},5.0
2e69c419,2e69c4194,2020-11-18,15,{'JAM'},{'JAM_HEAVY_TRAFFIC'},17,{6},5.0
2e69c419,2e69c4194,2020-11-18,20,{'JAM'},{'JAM_MODERATE_TRAFFIC'},31,{6},5.0
2e69c419,2e69c4194,2020-11-20,17,{'JAM'},{'JAM_STAND_STILL_TRAFFIC'},31,{6},5.0
2e69c419,2e69c4194,2020-11-21,11,{'JAM'},{'JAM_STAND_STILL_TRAFFIC'},31,{6},5.0
2e69c419,2e69c4194,2020-11-21,17,{'JAM'},{'JAM_STAND_STILL_TRAFFIC'},20,{6},6.0
2e69c419,2e69c419c,2020-09-01,14,{'JAM'},{'JAM_HEAVY_TRAFFIC'},24,{6},5.0
2e69c419,2e69c419c,2020-09-04,20,{'WEATHERHAZARD'},{'HAZARD_ON_SHOULDER_CAR_STOPPED'},29,{6},5.0
2e69c419,2e69c419c,2020-09-05,18,{'JAM'},{'JAM'},31,{6},5.0
2e69c419,2e69c419c,2020-09-09,19,{'WEATHERHAZARD'},{'HAZARD_ON_SHOULDER_CAR_STOPPED'},12,{6},6.583333333333333
2e69c419,2e69c419c,2020-09-12,13,{'JAM'},{'JAM_HEAVY_TRAFFIC'},30,{6},5.0
2e69c419,2e69c419c,2020-09-12,15,{'JAM'},{'JAM_MODERATE_TRAFFIC'},32,{6},5.0
2e69c419,2e69c419c,2020-09-14,16,{'WEATHERHAZARD'},{'HAZARD_ON_SHOULDER_CAR_STOPPED'},31,{6},5.0
2e69c419,2e69c419c,2020-09-16,18,{'WEATHERHAZARD'},{'HAZARD_ON_SHOULDER_CAR_STOPPED'},30,{6},5.0
2e69c419,2e69c419c,2020-09-22,18,{'JAM'},"{'JAM_MODERATE_TRAFFIC', 'JAM_HEAVY_TRAFFIC'}",62,{6},5.967741935483871
2e69c419,2e69c419c,2020-09-24,7,{'WEATHERHAZARD'},{'HAZARD_ON_SHOULDER_CAR_STOPPED'},32,{6},5.0
2e69c419,2e69c419c,2020-09-26,10,{'JAM'},{'JAM_HEAVY_TRAFFIC'},33,{6},5.0
2e69c419,2e69c419c,2020-09-26,13,{'JAM'},{'JAM_STAND_STILL_TRAFFIC'},30,{6},5.0
2e69c419,2e69c419c,2020-09-29,17,{'JAM'},{'JAM_HEAVY_TRAFFIC'},32,{6},5.0
2e69c419,2e69c419c,2020-10-03,12,{'JAM'},{'JAM_HEAVY_TRAFFIC'},30,{6},5.0
2e69c419,2e69c419c,2020-10-03,18,{'JAM'},{'JAM_HEAVY_TRAFFIC'},27,{6},5.0
2e69c419,2e69c419c,2020-10-04,12,{'JAM'},{'JAM'},30,{6},5.0
2e69c419,2e69c419c,2020-10-04,13,{'JAM'},{'JAM_MODERATE_TRAFFIC'},30,{6},5.0
2e69c419,2e69c419c,2020-10-04,16,{'JAM'},{'JAM_MODERATE_TRAFFIC'},28,{6},5.0
2e69c419,2e69c419c,2020-10-06,16,{'JAM'},{'JAM_MODERATE_TRAFFIC'},30,{6},5.0
2e69c419,2e69c419c,2020-10-09,16,{'JAM'},{'JAM'},31,{6},5.967741935483871
2e69c419,2e69c419c,2020-10-09,19,{'JAM'},"{'JAM', 'JAM_STAND_STILL_TRAFFIC'}",64,{6},6.90625
2e69c419,2e69c419c,2020-10-10,10,{'JAM'},{'JAM_STAND_STILL_TRAFFIC'},40,{6},6.65
2e69c419,2e69c419c,2020-10-10,11,{'JAM'},"{'JAM', 'JAM_STAND_STILL_TRAFFIC', 'JAM_HEAVY_TRAFFIC'}",66,{6},5.0
2e69c419,2e69c419c,2020-10-10,17,{'JAM'},{'JAM_STAND_STILL_TRAFFIC'},36,{6},5.472222222222222
2e69c419,2e69c419c,2020-10-11,16,{'JAM'},{'JAM_MODERATE_TRAFFIC'},31,{6},5.483870967741935
2e69c419,2e69c419c,2020-10-12,17,{'WEATHERHAZARD'},{'HAZARD_ON_SHOULDER_CAR_STOPPED'},30,{6},5.666666666666667
2e69c419,2e69c419c,2020-10-14,7,{'JAM'},{'JAM_HEAVY_TRAFFIC'},31,{6},5.0
2e69c419,2e69c419c,2020-10-14,17,{'WEATHERHAZARD'},{'HAZARD_ON_SHOULDER_CAR_STOPPED'},61,{6},6.590163934426229
2e69c419,2e69c419c,2020-10-15,12,{'JAM'},{'JAM_STAND_STILL_TRAFFIC'},66,{6},5.287878787878788
2e69c419,2e69c419c,2020-10-17,14,{'JAM'},{'JAM_STAND_STILL_TRAFFIC'},44,{6},5.386363636363637
2e69c419,2e69c419c,2020-10-17,15,{'JAM'},{'JAM_STAND_STILL_TRAFFIC'},31,{6},5.0
2e69c419,2e69c419c,2020-10-20,16,{'JAM'},{'JAM_HEAVY_TRAFFIC'},31,{6},5.0
2e69c419,2e69c419c,2020-10-23,8,{'JAM'},{'JAM_STAND_STILL_TRAFFIC'},30,{6},5.0
2e69c419,2e69c419c,2020-10-24,11,{'JAM'},{'JAM_STAND_STILL_TRAFFIC'},30,{6},5.0
2e69c419,2e69c419c,2020-10-24,16,{'JAM'},{'JAM_HEAVY_TRAFFIC'},33,{6},5.0
2e69c419,2e69c419c,2020-10-24,17,"{'JAM', 'WEATHERHAZARD'}","{'HAZARD_WEATHER_FLOOD', 'HAZARD_WEATHER_FOG', 'JAM_HEAVY_TRAFFIC'}",80,{6},7.0875
2e69c419,2e69c419c,2020-10-29,10,{'JAM'},{'JAM_MODERATE_TRAFFIC'},30,{6},5.0
2e69c419,2e69c419c,2020-10-30,11,{'JAM'},{'JAM_MODERATE_TRAFFIC'},33,{6},5.0
2e69c419,2e69c419c,2020-10-30,13,{'JAM'},{'JAM_STAND_STILL_TRAFFIC'},32,{6},5.0
2e69c419,2e69c419c,2020-10-30,16,{'JAM'},{'JAM'},32,{6},5.0
2e69c419,2e69c419c,2020-10-31,11,{'JAM'},{'JAM_HEAVY_TRAFFIC'},31,{6},5.516129032258065
2e69c419,2e69c419c,2020-10-31,14,{'JAM'},{'JAM_HEAVY_TRAFFIC'},33,{6},5.0
2e69c419,2e69c419c,2020-10-31,16,{'JAM'},{'JAM_STAND_STILL_TRAFFIC'},30,{6},5.0
2e69c419,2e69c419c,2020-11-03,8,{'WEATHERHAZARD'},{'HAZARD_ON_ROAD_POT_HOLE'},158,{6},8.29746835443038
2e69c419,2e69c419c,2020-11-06,13,{'JAM'},{'JAM_HEAVY_TRAFFIC'},31,{6},5.0
2e69c419,2e69c419c,2020-11-07,12,{'WEATHERHAZARD'},{'HAZARD_ON_SHOULDER_CAR_STOPPED'},34,{6},5.0
2e69c419,2e69c419c,2020-11-08,13,{'JAM'},{'JAM_MODERATE_TRAFFIC'},30,{6},5.0
2e69c419,2e69c419c,2020-11-11,21,{'JAM'},{'JAM_HEAVY_TRAFFIC'},31,{6},5.967741935483871
2e69c419,2e69c419c,2020-11-12,16,{'WEATHERHAZARD'},{'HAZARD_ON_ROAD_CAR_STOPPED'},37,{6},7.108108108108108
2e69c419,2e69c419c,2020-11-13,11,{'JAM'},{'JAM_MODERATE_TRAFFIC'},22,{6},5.0
2e69c419,2e69c419c,2020-11-14,10,{'JAM'},{'JAM_STAND_STILL_TRAFFIC'},30,{6},5.0
2e69c419,2e69c419c,2020-11-14,16,{'JAM'},{'JAM'},31,{6},5.0
2e69c41b,2e69c41a4,2020-09-05,16,{'JAM'},{'JAM_HEAVY_TRAFFIC'},32,{6},5.0
2e69c41b,2e69c41a4,2020-10-03,12,{'JAM'},{'JAM_HEAVY_TRAFFIC'},30,{6},5.0
2e69c41b,2e69c41a4,2020-10-03,14,{'JAM'},{'JAM_STAND_STILL_TRAFFIC'},31,{6},6.0
2e69c41b,2e69c41a4,2020-10-04,13,{'JAM'},{'JAM_MODERATE_TRAFFIC'},31,{6},5.0
2e69c41b,2e69c41a4,2020-10-10,16,{'JAM'},{'JAM_STAND_STILL_TRAFFIC'},5,{6},5.0
2e69c41b,2e69c41a4,2020-10-30,11,{'JAM'},{'JAM_MODERATE_TRAFFIC'},30,{6},5.766666666666667
2e69c41b,2e69c41a4,2020-11-01,13,{'JAM'},{'JAM_STAND_STILL_TRAFFIC'},30,{6},5.0
2e69c41b,2e69c41a4,2020-11-14,11,{'JAM'},{'JAM_STAND_STILL_TRAFFIC'},33,{6},5.0
2e69c41b,2e69c41b4,2020-10-16,17,{'JAM'},{'JAM_HEAVY_TRAFFIC'},32,{2},5.0
2e69c41d,2e69c41c4,2020-09-03,12,{'WEATHERHAZARD'},{'HAZARD_ON_ROAD_POT_HOLE'},162,{6},7.888888888888889
2e69c41d,2e69c41c4,2020-09-05,11,{'JAM'},{'JAM_STAND_STILL_TRAFFIC'},30,{2},5.0
2e69c41d,2e69c41c4,2020-09-17,19,{'JAM'},{'JAM_STAND_STILL_TRAFFIC'},30,{2},5.0
2e69c41d,2e69c41c4,2020-09-21,7,{'JAM'},{'JAM_MODERATE_TRAFFIC'},31,{6},5.0
2e69c41d,2e69c41c4,2020-09-22,13,{'JAM'},{'JAM_HEAVY_TRAFFIC'},10,{2},5.0
2e69c41d,2e69c41c4,2020-09-24,10,{'JAM'},{'JAM_STAND_STILL_TRAFFIC'},32,{6},5.0
2e69c41d,2e69c41c4,2020-09-24,11,{'JAM'},{'JAM_HEAVY_TRAFFIC'},33,{6},5.0
2e69c41d,2e69c41c4,2020-09-26,16,{'JAM'},{'JAM_STAND_STILL_TRAFFIC'},30,{6},5.0
2e69c41d,2e69c41c4,2020-09-29,7,{'JAM'},{'JAM_HEAVY_TRAFFIC'},32,{6},5.0
2e69c41d,2e69c41c4,2020-10-01,10,{'JAM'},{'JAM_HEAVY_TRAFFIC'},31,{6},5.0
2e69c41d,2e69c41c4,2020-10-03,15,{'JAM'},"{'JAM', 'JAM_HEAVY_TRAFFIC'}",62,{6},5.0
2e69c41d,2e69c41c4,2020-10-04,13,{'WEATHERHAZARD'},{'HAZARD_ON_SHOULDER_CAR_STOPPED'},29,{2},5.068965517241379
2e69c41d,2e69c41c4,2020-10-05,10,{'JAM'},{'JAM_STAND_STILL_TRAFFIC'},32,{6},5.0
2e69c41d,2e69c41c4,2020-10-05,11,{'JAM'},{'JAM_STAND_STILL_TRAFFIC'},31,{6},5.0
2e69c41d,2e69c41c4,2020-10-09,8,{'JAM'},{'JAM_HEAVY_TRAFFIC'},33,{2},6.0
2e69c41d,2e69c41c4,2020-10-09,19,{'JAM'},{'JAM_STAND_STILL_TRAFFIC'},30,{6},5.0
2e69c41d,2e69c41c4,2020-10-10,11,{'JAM'},{'JAM_STAND_STILL_TRAFFIC'},59,"{2, 6}",5.491525423728813
2e69c41d,2e69c41c4,2020-10-10,14,"{'JAM', 'WEATHERHAZARD'}","{'JAM_STAND_STILL_TRAFFIC', 'HAZARD_ON_ROAD_TRAFFIC_LIGHT_FAULT'}",95,{6},5.168421052631579
2e69c41d,2e69c41c4,2020-10-10,15,{'JAM'},{'JAM_STAND_STILL_TRAFFIC'},32,{6},5.9375
2e69c41d,2e69c41c4,2020-10-10,16,{'JAM'},{'JAM_HEAVY_TRAFFIC'},44,{6},6.340909090909091
2e69c41d,2e69c41c4,2020-10-10,17,{'JAM'},{'JAM_STAND_STILL_TRAFFIC'},31,{6},5.0
2e69c41d,2e69c41c4,2020-10-19,17,{'JAM'},{'JAM_STAND_STILL_TRAFFIC'},32,{6},5.0
2e69c41d,2e69c41c4,2020-10-20,15,{'JAM'},{'JAM_STAND_STILL_TRAFFIC'},58,"{2, 6}",5.327586206896552
2e69c41d,2e69c41c4,2020-10-24,17,{'WEATHERHAZARD'},{'HAZARD_WEATHER_FLOOD'},10,{6},5.5
2e69c41d,2e69c41c4,2020-10-26,18,{'JAM'},{'JAM_STAND_STILL_TRAFFIC'},32,{6},5.0
2e69c41d,2e69c41c4,2020-10-28,11,{'JAM'},{'JAM_STAND_STILL_TRAFFIC'},31,{6},5.0
2e69c41d,2e69c41c4,2020-10-28,17,{'JAM'},{'JAM_STAND_STILL_TRAFFIC'},39,"{2, 6}",5.743589743589744
2e69c41d,2e69c41c4,2020-10-30,14,{'JAM'},{'JAM_STAND_STILL_TRAFFIC'},88,{6},5.670454545454546
2e69c41d,2e69c41c4,2020-10-30,16,{'JAM'},{'JAM_STAND_STILL_TRAFFIC'},31,{6},5.0
2e69c41d,2e69c41c4,2020-10-30,17,{'JAM'},{'JAM_STAND_STILL_TRAFFIC'},31,{6},5.0
2e69c41d,2e69c41c4,2020-10-31,19,{'JAM'},{'JAM_MODERATE_TRAFFIC'},32,{6},5.0
2e69c41d,2e69c41c4,2020-11-03,10,{'JAM'},{'JAM_MODERATE_TRAFFIC'},31,{6},5.0
2e69c41d,2e69c41c4,2020-11-03,16,"{'JAM', 'WEATHERHAZARD'}","{'JAM', 'HAZARD_ON_SHOULDER'}",62,"{2, 6}",5.0
2e69c41d,2e69c41c4,2020-11-04,18,{'JAM'},{'JAM_MODERATE_TRAFFIC'},32,{6},5.0
2e69c41d,2e69c41c4,2020-11-06,6,{'JAM'},{'JAM_MODERATE_TRAFFIC'},33,{2},5.0
2e69c41d,2e69c41c4,2020-11-06,18,{'JAM'},{'JAM_STAND_STILL_TRAFFIC'},32,{6},5.0
2e69c41d,2e69c41c4,2020-11-07,12,{'JAM'},{'JAM_HEAVY_TRAFFIC'},31,{6},5.0
2e69c41d,2e69c41c4,2020-11-07,14,{'JAM'},{'JAM_HEAVY_TRAFFIC'},31,{6},5.0
2e69c41d,2e69c41c4,2020-11-08,20,{'JAM'},{'JAM'},31,{6},5.0
2e69c41d,2e69c41c4,2020-11-14,14,{'JAM'},{'JAM_HEAVY_TRAFFIC'},31,{6},5.0
2e69c41d,2e69c41c4,2020-11-15,15,{'WEATHERHAZARD'},{'HAZARD_ON_SHOULDER_CAR_STOPPED'},32,{2},5.0
2e69c41d,2e69c41c4,2020-11-15,17,"{'JAM', 'WEATHERHAZARD'}","{'JAM', 'HAZARD_ON_SHOULDER_CAR_STOPPED'}",74,"{2, 6}",5.202702702702703
2e69c41d,2e69c41c4,2020-11-16,17,{'JAM'},{'JAM_STAND_STILL_TRAFFIC'},44,"{2, 6}",5.0
2e69c41d,2e69c41c4,2020-11-17,15,{'JAM'},{'JAM_STAND_STILL_TRAFFIC'},32,{6},5.78125
2e69c41d,2e69c41c4,2020-11-19,8,"{'JAM', 'ACCIDENT'}","{'JAM', 'ACCIDENT'}",126,{6},6.825396825396825
2e69c41d,2e69c41c4,2020-11-20,17,{'JAM'},{'JAM_STAND_STILL_TRAFFIC'},32,{6},5.0
2e69c41d,2e69c41c4,2020-11-21,11,{'JAM'},{'JAM_STAND_STILL_TRAFFIC'},92,{6},5.0
2e69c41d,2e69c41cc,2020-09-26,9,{'JAM'},{'JAM_STAND_STILL_TRAFFIC'},10,{2},5.2
2e69c41d,2e69c41cc,2020-10-09,8,{'JAM'},{'JAM_HEAVY_TRAFFIC'},1,{2},5.0
2e69c41d,2e69c41cc,2020-10-10,11,{'JAM'},{'JAM_STAND_STILL_TRAFFIC'},1,{2},5.0
2e69c41d,2e69c41cc,2020-10-24,11,{'JAM'},{'JAM_HEAVY_TRAFFIC'},30,{6},6.0
2e69c41d,2e69c41cc,2020-11-02,18,{'JAM'},{'JAM_STAND_STILL_TRAFFIC'},31,{6},5.0
2e69c41d,2e69c41cc,2020-11-03,13,{'WEATHERHAZARD'},{'HAZARD_ON_SHOULDER_CAR_STOPPED'},31,{2},5.0
2e69c41d,2e69c41cc,2020-11-06,18,{'JAM'},{'JAM_STAND_STILL_TRAFFIC'},30,{2},5.0
2e69c41d,2e69c41cc,2020-11-19,17,{'JAM'},{'JAM_MODERATE_TRAFFIC'},32,{2},5.96875
2e69c41d,2e69c41d4,2020-09-04,18,{'JAM'},{'JAM_HEAVY_TRAFFIC'},30,{6},5.0
2e69c41d,2e69c41d4,2020-09-22,17,{'JAM'},{'JAM_HEAVY_TRAFFIC'},30,{6},5.0
2e69c41d,2e69c41d4,2020-09-28,13,{'JAM'},{'JAM_HEAVY_TRAFFIC'},14,{6},5.0
2e69c41d,2e69c41d4,2020-10-10,11,{'JAM'},{'JAM_HEAVY_TRAFFIC'},45,{6},5.333333333333333
2e69c41d,2e69c41d4,2020-10-31,11,{'JAM'},"{'JAM_STAND_STILL_TRAFFIC', 'JAM_HEAVY_TRAFFIC'}",80,{6},5.0
2e69c41d,2e69c41d4,2020-11-07,11,{'JAM'},{'JAM_MODERATE_TRAFFIC'},31,{6},5.0
2e69c41d,2e69c41d4,2020-11-21,11,{'JAM'},{'JAM_STAND_STILL_TRAFFIC'},92,{6},5.0
2e69c41f,2e69c41ec,2020-09-06,18,{'JAM'},{'JAM_STAND_STILL_TRAFFIC'},32,{6},5.0
2e69c41f,2e69c41ec,2020-09-13,15,{'JAM'},{'JAM_HEAVY_TRAFFIC'},34,{6},5.0
2e69c41f,2e69c41ec,2020-09-24,14,{'JAM'},{'JAM_HEAVY_TRAFFIC'},29,{6},5.0
2e69c41f,2e69c41ec,2020-10-28,17,{'WEATHERHAZARD'},{'HAZARD_ON_ROAD_CAR_STOPPED'},31,{6},5.0
2e69c41f,2e69c41f4,2020-11-03,16,{'WEATHERHAZARD'},{'HAZARD_ON_SHOULDER_CAR_STOPPED'},31,{4},5.774193548387097
2e69c421,2e69c420c,2020-10-28,17,{'JAM'},{'JAM_STAND_STILL_TRAFFIC'},33,{2},5.0
2e69c421,2e69c4214,2020-10-20,15,{'JAM'},{'JAM_STAND_STILL_TRAFFIC'},27,{2},5.851851851851852
2e69c421,2e69c4214,2020-10-24,19,{'JAM'},{'JAM_STAND_STILL_TRAFFIC'},31,{2},5.0
2e69c421,2e69c4214,2020-10-28,17,{'JAM'},{'JAM_STAND_STILL_TRAFFIC'},32,{2},5.0
2e69c421,2e69c4214,2020-10-31,13,{'JAM'},{'JAM_STAND_STILL_TRAFFIC'},7,{2},5.0
2e69c421,2e69c4214,2020-10-31,17,{'JAM'},{'JAM_STAND_STILL_TRAFFIC'},30,{2},5.0
2e69c423,2e69c4224,2020-09-03,20,{'WEATHERHAZARD'},{'HAZARD_ON_SHOULDER_CAR_STOPPED'},30,{6},5.966666666666667
2e69c423,2e69c4224,2020-09-10,19,{'WEATHERHAZARD'},{'HAZARD_ON_SHOULDER_CAR_STOPPED'},32,{6},5.0
2e69c423,2e69c4224,2020-09-16,14,{'JAM'},"{'JAM_MODERATE_TRAFFIC', 'JAM_HEAVY_TRAFFIC'}",72,"{6, 7}",5.277777777777778
2e69c423,2e69c4224,2020-09-16,17,{'WEATHERHAZARD'},{'HAZARD_ON_SHOULDER_CAR_STOPPED'},30,{6},5.666666666666667
2e69c423,2e69c4224,2020-09-18,20,{'WEATHERHAZARD'},{'HAZARD_ON_ROAD_CAR_STOPPED'},28,{6},7.642857142857143
2e69c423,2e69c4224,2020-09-19,10,{'JAM'},{'JAM_MODERATE_TRAFFIC'},30,{6},5.0
2e69c423,2e69c4224,2020-09-28,12,{'WEATHERHAZARD'},{'HAZARD_ON_SHOULDER_CAR_STOPPED'},33,{6},5.0
2e69c423,2e69c4224,2020-10-02,15,{'JAM'},{'JAM_STAND_STILL_TRAFFIC'},29,{6},5.0
2e69c423,2e69c4224,2020-10-03,17,{'JAM'},{'JAM_STAND_STILL_TRAFFIC'},46,{6},6.043478260869565
2e69c423,2e69c4224,2020-10-06,10,{'JAM'},{'JAM_MODERATE_TRAFFIC'},32,{6},5.0
2e69c423,2e69c4224,2020-10-06,16,{'JAM'},{'JAM_MODERATE_TRAFFIC'},8,{6},5.0
2e69c423,2e69c4224,2020-10-09,13,{'JAM'},{'JAM_HEAVY_TRAFFIC'},30,{6},5.0
2e69c423,2e69c4224,2020-10-09,19,{'JAM'},{'JAM_MODERATE_TRAFFIC'},34,{6},5.0
2e69c423,2e69c4224,2020-10-12,17,{'WEATHERHAZARD'},{'HAZARD_ON_SHOULDER_CAR_STOPPED'},31,{6},5.0
2e69c423,2e69c4224,2020-10-14,17,{'WEATHERHAZARD'},{'HAZARD_ON_SHOULDER_CAR_STOPPED'},31,{6},5.516129032258065
2e69c423,2e69c4224,2020-10-17,14,{'JAM'},{'JAM'},31,{6},5.0
2e69c423,2e69c4224,2020-10-18,13,{'JAM'},{'JAM'},17,{6},5.0
2e69c423,2e69c4224,2020-10-20,14,{'JAM'},{'JAM_HEAVY_TRAFFIC'},31,{6},6.838709677419355
2e69c423,2e69c4224,2020-10-20,16,{'JAM'},{'JAM_HEAVY_TRAFFIC'},5,{6},5.0
2e69c423,2e69c4224,2020-10-21,16,{'JAM'},{'JAM_MODERATE_TRAFFIC'},31,{6},5.0
2e69c423,2e69c4224,2020-10-24,18,{'WEATHERHAZARD'},{'HAZARD_WEATHER_FLOOD'},20,{6},6.75
2e69c423,2e69c4224,2020-10-26,10,{'JAM'},{'JAM_STAND_STILL_TRAFFIC'},31,{6},5.0
2e69c423,2e69c4224,2020-10-26,14,{'JAM'},{'JAM_STAND_STILL_TRAFFIC'},31,{6},5.0
2e69c423,2e69c4224,2020-10-28,14,{'JAM'},{'JAM_HEAVY_TRAFFIC'},31,{6},5.0
2e69c423,2e69c4224,2020-10-28,16,{'JAM'},{'JAM_HEAVY_TRAFFIC'},31,{6},5.67741935483871
2e69c423,2e69c4224,2020-10-29,15,{'JAM'},{'JAM_STAND_STILL_TRAFFIC'},50,{6},5.0
2e69c423,2e69c4224,2020-10-30,14,{'JAM'},{'JAM_STAND_STILL_TRAFFIC'},32,{6},5.0
2e69c423,2e69c4224,2020-10-31,11,{'JAM'},{'JAM_HEAVY_TRAFFIC'},31,{6},5.935483870967742
2e69c423,2e69c4224,2020-10-31,14,{'JAM'},{'JAM_HEAVY_TRAFFIC'},30,{6},5.0
2e69c423,2e69c4224,2020-11-02,14,{'JAM'},{'JAM'},27,{6},5.0
2e69c423,2e69c4224,2020-11-04,19,{'WEATHERHAZARD'},{'HAZARD_ON_SHOULDER_CAR_STOPPED'},47,{6},5.361702127659575
2e69c423,2e69c4224,2020-11-07,10,{'JAM'},{'JAM_MODERATE_TRAFFIC'},31,{6},5.0
2e69c423,2e69c4224,2020-11-07,19,{'JAM'},{'JAM_HEAVY_TRAFFIC'},31,{6},5.0
2e69c423,2e69c4224,2020-11-09,16,{'JAM'},{'JAM_MODERATE_TRAFFIC'},19,{6},5.0
2e69c423,2e69c4224,2020-11-12,19,{'WEATHERHAZARD'},{'HAZARD_ON_SHOULDER_CAR_STOPPED'},32,{6},5.0
2e69c423,2e69c4224,2020-11-13,8,{'JAM'},{'JAM_HEAVY_TRAFFIC'},24,{6},5.125
2e69c423,2e69c4224,2020-11-15,15,{'WEATHERHAZARD'},{'HAZARD_ON_SHOULDER_CAR_STOPPED'},32,{6},5.375
2e69c423,2e69c4224,2020-11-15,17,{'JAM'},{'JAM'},30,{6},5.0
2e69c423,2e69c4224,2020-11-21,11,{'JAM'},{'JAM_STAND_STILL_TRAFFIC'},30,{6},5.0
2e69c423,2e69c4224,2020-11-22,13,{'JAM'},{'JAM_HEAVY_TRAFFIC'},23,{6},5.0
2e69c423,2e69c422c,2020-09-30,10,{'WEATHERHAZARD'},{'WEATHERHAZARD'},30,{7},5.0
2e69c423,2e69c422c,2020-10-10,17,{'JAM'},"{'JAM_MODERATE_TRAFFIC', 'JAM_HEAVY_TRAFFIC'}",62,{7},5.741935483870968
2e69c423,2e69c422c,2020-10-20,10,{'JAM'},{'JAM'},35,{7},5.0
2e69c423,2e69c422c,2020-10-20,12,{'JAM'},{'JAM_HEAVY_TRAFFIC'},31,{7},6.0
2e69c423,2e69c422c,2020-10-20,16,{'JAM'},{'JAM_STAND_STILL_TRAFFIC'},63,{7},7.412698412698413
2e69c423,2e69c422c,2020-10-20,19,{'JAM'},{'JAM_STAND_STILL_TRAFFIC'},32,{7},5.0
2e69c423,2e69c422c,2020-10-24,13,{'JAM'},{'JAM_HEAVY_TRAFFIC'},30,{7},5.0
2e69c423,2e69c422c,2020-10-24,14,{'JAM'},{'JAM_HEAVY_TRAFFIC'},30,{7},5.0
2e69c423,2e69c422c,2020-10-29,15,{'JAM'},{'JAM_HEAVY_TRAFFIC'},33,{7},5.0
2e69c423,2e69c422c,2020-10-31,15,{'JAM'},{'JAM_MODERATE_TRAFFIC'},30,{7},5.0
2e69c423,2e69c422c,2020-11-14,11,{'JAM'},{'JAM_STAND_STILL_TRAFFIC'},30,{7},5.0
2e69c423,2e69c422c,2020-11-14,18,{'JAM'},{'JAM_STAND_STILL_TRAFFIC'},46,{7},5.3478260869565215
2e69c423,2e69c4234,2020-09-02,21,{'JAM'},{'JAM_MODERATE_TRAFFIC'},6,{6},5.0
2e69c423,2e69c4234,2020-09-04,16,{'JAM'},{'JAM_HEAVY_TRAFFIC'},5,{6},5.0
2e69c423,2e69c4234,2020-09-08,19,{'JAM'},{'JAM_MODERATE_TRAFFIC'},6,{6},5.0
2e69c423,2e69c4234,2020-09-09,19,{'JAM'},{'JAM_MODERATE_TRAFFIC'},5,{6},5.0
2e69c423,2e69c4234,2020-09-10,19,{'JAM'},{'JAM_MODERATE_TRAFFIC'},6,{6},5.0
2e69c423,2e69c4234,2020-09-14,16,{'JAM'},{'JAM_MODERATE_TRAFFIC'},30,{6},5.0
2e69c423,2e69c4234,2020-09-14,17,{'JAM'},{'JAM_HEAVY_TRAFFIC'},31,{6},5.0
2e69c423,2e69c4234,2020-09-16,17,{'JAM'},{'JAM_MODERATE_TRAFFIC'},15,{6},5.0
2e69c423,2e69c4234,2020-09-25,17,{'JAM'},{'JAM_HEAVY_TRAFFIC'},31,{6},5.0
2e69c423,2e69c4234,2020-09-28,11,{'JAM'},{'JAM_MODERATE_TRAFFIC'},5,{6},5.0
2e69c423,2e69c4234,2020-10-05,10,{'JAM'},{'JAM_MODERATE_TRAFFIC'},32,{6},5.0
2e69c423,2e69c4234,2020-10-06,10,{'WEATHERHAZARD'},{'HAZARD_ON_SHOULDER_CAR_STOPPED'},32,{6},5.625
2e69c423,2e69c4234,2020-10-06,16,{'JAM'},{'JAM_MODERATE_TRAFFIC'},66,{6},5.0
2e69c423,2e69c4234,2020-10-08,16,{'JAM'},{'JAM_STAND_STILL_TRAFFIC'},31,{6},5.0
2e69c423,2e69c4234,2020-10-08,17,{'JAM'},{'JAM_STAND_STILL_TRAFFIC'},37,{6},5.0
2e69c423,2e69c4234,2020-10-12,17,{'JAM'},{'JAM_MODERATE_TRAFFIC'},31,{6},5.0
2e69c423,2e69c4234,2020-10-14,17,{'JAM'},{'JAM_MODERATE_TRAFFIC'},5,{6},5.0
2e69c423,2e69c4234,2020-10-15,18,{'JAM'},{'JAM_STAND_STILL_TRAFFIC'},26,{6},5.0
2e69c423,2e69c4234,2020-10-20,12,{'JAM'},{'JAM_HEAVY_TRAFFIC'},31,{7},5.0
2e69c423,2e69c4234,2020-10-20,17,{'JAM'},{'JAM_STAND_STILL_TRAFFIC'},32,{7},5.0
2e69c423,2e69c4234,2020-10-21,16,{'JAM'},{'JAM_MODERATE_TRAFFIC'},31,{6},5.0
2e69c423,2e69c4234,2020-10-24,17,{'JAM'},{'JAM_STAND_STILL_TRAFFIC'},63,{6},5.0
2e69c423,2e69c4234,2020-11-01,10,{'JAM'},{'JAM_MODERATE_TRAFFIC'},30,{6},5.0
2e69c423,2e69c4234,2020-11-06,18,{'JAM'},{'JAM_HEAVY_TRAFFIC'},31,{6},5.0
2e69c423,2e69c4234,2020-11-12,19,{'JAM'},{'JAM_MODERATE_TRAFFIC'},7,{6},5.0
2e69c423,2e69c4234,2020-11-18,12,{'JAM'},{'JAM_MODERATE_TRAFFIC'},13,{6},5.0
2e69c423,2e69c4234,2020-11-18,15,{'JAM'},{'JAM'},17,{6},5.0
2e69c423,2e69c4234,2020-11-21,11,{'JAM'},{'JAM_MODERATE_TRAFFIC'},24,{6},5.0
2e69c423,2e69c423c,2020-09-03,13,{'JAM'},{'JAM_STAND_STILL_TRAFFIC'},31,{6},5.0
2e69c423,2e69c423c,2020-09-06,16,{'JAM'},{'JAM_STAND_STILL_TRAFFIC'},30,{2},5.0
2e69c423,2e69c423c,2020-10-04,17,{'JAM'},{'JAM_MODERATE_TRAFFIC'},20,{2},5.0
2e69c423,2e69c423c,2020-10-10,13,{'JAM'},{'JAM_STAND_STILL_TRAFFIC'},32,{2},5.0
2e69c423,2e69c423c,2020-10-10,17,{'JAM'},{'JAM_HEAVY_TRAFFIC'},7,{2},5.0
2e69c423,2e69c423c,2020-10-18,15,{'JAM'},{'JAM_MODERATE_TRAFFIC'},7,{2},5.0
2e69c423,2e69c423c,2020-10-18,16,{'JAM'},{'JAM_STAND_STILL_TRAFFIC'},31,{2},5.0
2e69c423,2e69c423c,2020-10-20,13,{'JAM'},{'JAM'},8,{2},5.0
2e69c423,2e69c423c,2020-10-24,16,{'JAM'},"{'JAM_MODERATE_TRAFFIC', 'JAM_HEAVY_TRAFFIC'}",38,{2},5.0
2e69c423,2e69c423c,2020-10-24,17,{'JAM'},{'JAM_MODERATE_TRAFFIC'},31,{2},5.0
2e69c423,2e69c423c,2020-10-24,18,"{'JAM', 'ACCIDENT'}","{'ACCIDENT_MAJOR', 'JAM_STAND_STILL_TRAFFIC', 'JAM_HEAVY_TRAFFIC'}",170,{2},5.117647058823529
2e69c423,2e69c423c,2020-10-25,16,{'WEATHERHAZARD'},{'HAZARD_ON_SHOULDER_CAR_STOPPED'},51,{6},5.784313725490196
2e69c423,2e69c423c,2020-10-28,16,{'JAM'},{'JAM_STAND_STILL_TRAFFIC'},31,{2},5.0
2e69c423,2e69c423c,2020-10-28,17,{'JAM'},{'JAM_STAND_STILL_TRAFFIC'},145,{2},5.0
2e69c423,2e69c423c,2020-10-28,18,{'JAM'},{'JAM_MODERATE_TRAFFIC'},7,{2},6.0
2e69c423,2e69c423c,2020-10-30,15,{'JAM'},{'JAM_MODERATE_TRAFFIC'},30,{2},5.0
2e69c423,2e69c423c,2020-10-31,13,{'JAM'},{'JAM'},26,{2},5.0
2e69c423,2e69c423c,2020-10-31,15,{'JAM'},{'JAM_STAND_STILL_TRAFFIC'},30,{2},6.0
2e69c423,2e69c423c,2020-10-31,17,{'JAM'},{'JAM_STAND_STILL_TRAFFIC'},93,{2},5.279569892473118
2e69c423,2e69c423c,2020-10-31,18,{'JAM'},"{'JAM', 'JAM_STAND_STILL_TRAFFIC'}",92,{2},5.032608695652174
2e69c423,2e69c423c,2020-11-07,10,{'WEATHERHAZARD'},{'HAZARD_ON_SHOULDER_CAR_STOPPED'},30,{6},5.0
2e69c423,2e69c423c,2020-11-07,17,{'JAM'},{'JAM_HEAVY_TRAFFIC'},32,{2},5.0
2e69c423,2e69c423c,2020-11-10,15,{'JAM'},{'JAM_HEAVY_TRAFFIC'},23,{2},5.0
2e69c423,2e69c423c,2020-11-12,8,{'WEATHERHAZARD'},{'HAZARD_ON_SHOULDER_CAR_STOPPED'},33,{6},5.0
2e69c423,2e69c423c,2020-11-14,16,{'JAM'},{'JAM_STAND_STILL_TRAFFIC'},32,{2},5.0
2e69c423,2e69c423c,2020-11-15,13,{'JAM'},{'JAM_HEAVY_TRAFFIC'},23,{2},5.0
2e69c423,2e69c423c,2020-11-15,14,{'JAM'},{'JAM_STAND_STILL_TRAFFIC'},30,{2},5.0
2e69c423,2e69c423c,2020-11-15,15,{'JAM'},{'JAM_HEAVY_TRAFFIC'},30,{2},5.0
2e69c423,2e69c423c,2020-11-15,17,{'JAM'},{'JAM_STAND_STILL_TRAFFIC'},32,{2},5.0
2e69c423,2e69c423c,2020-11-15,18,{'JAM'},{'JAM_STAND_STILL_TRAFFIC'},18,{2},5.0
2e69c423,2e69c423c,2020-11-18,15,{'JAM'},{'JAM'},36,{6},5.0
2e69c425,2e69c424c,2020-09-14,16,{'WEATHERHAZARD'},{'HAZARD_ON_SHOULDER_CAR_STOPPED'},32,{6},5.0
2e69c425,2e69c424c,2020-09-27,15,{'WEATHERHAZARD'},{'WEATHERHAZARD'},32,{6},5.75
2e69c425,2e69c424c,2020-09-28,12,{'WEATHERHAZARD'},{'HAZARD_ON_SHOULDER_CAR_STOPPED'},26,{6},5.230769230769231
2e69c425,2e69c424c,2020-10-03,18,{'JAM'},{'JAM_MODERATE_TRAFFIC'},31,{6},5.0
2e69c425,2e69c424c,2020-10-08,15,{'JAM'},{'JAM_STAND_STILL_TRAFFIC'},28,{6},6.0
2e69c425,2e69c424c,2020-10-08,17,{'JAM'},{'JAM_STAND_STILL_TRAFFIC'},35,{6},6.428571428571429
2e69c425,2e69c424c,2020-10-26,18,{'JAM'},{'JAM'},31,{6},5.0
2e69c425,2e69c424c,2020-10-29,17,{'JAM'},{'JAM_STAND_STILL_TRAFFIC'},33,{6},5.0
2e69c425,2e69c424c,2020-11-07,10,{'WEATHERHAZARD'},{'HAZARD_ON_SHOULDER_CAR_STOPPED'},47,{6},7.042553191489362
2e69c425,2e69c424c,2020-11-07,17,{'JAM'},{'JAM_STAND_STILL_TRAFFIC'},15,{6},5.0
2e69c425,2e69c424c,2020-11-08,17,{'JAM'},{'JAM_HEAVY_TRAFFIC'},5,{6},5.0
2e69c425,2e69c424c,2020-11-12,19,{'WEATHERHAZARD'},{'HAZARD_ON_SHOULDER_CAR_STOPPED'},31,{6},6.0
2e69c425,2e69c424c,2020-11-16,8,{'WEATHERHAZARD'},{'HAZARD_ON_SHOULDER_CAR_STOPPED'},26,{6},5.423076923076923
2e69c425,2e69c4254,2020-09-03,20,{'WEATHERHAZARD'},{'HAZARD_ON_SHOULDER_CAR_STOPPED'},32,{6},5.90625
2e69c425,2e69c4254,2020-09-09,19,{'WEATHERHAZARD'},{'HAZARD_ON_SHOULDER_CAR_STOPPED'},31,{6},5.903225806451613
2e69c425,2e69c4254,2020-09-11,19,{'WEATHERHAZARD'},{'HAZARD_ON_SHOULDER_CAR_STOPPED'},30,{6},5.0
2e69c425,2e69c4254,2020-10-06,10,{'WEATHERHAZARD'},{'HAZARD_ON_SHOULDER_CAR_STOPPED'},56,{6},5.803571428571429
2e69c425,2e69c4254,2020-10-08,15,{'JAM'},{'JAM_STAND_STILL_TRAFFIC'},3,{6},5.0
2e69c425,2e69c4254,2020-10-08,17,{'JAM'},{'JAM_STAND_STILL_TRAFFIC'},8,{6},5.0
2e69c425,2e69c4254,2020-10-08,18,{'JAM'},{'JAM_HEAVY_TRAFFIC'},32,{6},5.5625
2e69c425,2e69c4254,2020-10-14,17,{'WEATHERHAZARD'},{'HAZARD_ON_SHOULDER_CAR_STOPPED'},31,{6},6.516129032258065
2e69c425,2e69c4254,2020-10-25,16,{'WEATHERHAZARD'},{'HAZARD_ON_SHOULDER_CAR_STOPPED'},63,{6},5.7936507936507935
2e69c425,2e69c4254,2020-10-28,13,{'JAM'},{'JAM_HEAVY_TRAFFIC'},30,{6},5.766666666666667
2e69c425,2e69c4254,2020-10-28,14,{'JAM'},{'JAM_HEAVY_TRAFFIC'},31,{6},5.0
2e69c425,2e69c4254,2020-10-28,17,{'JAM'},{'JAM_STAND_STILL_TRAFFIC'},31,{6},5.0
2e69c425,2e69c4254,2020-10-29,15,{'JAM'},{'JAM_MODERATE_TRAFFIC'},26,{6},5.0
2e69c425,2e69c4254,2020-10-31,14,{'JAM'},{'JAM_HEAVY_TRAFFIC'},30,{6},5.0
2e69c425,2e69c4254,2020-11-04,19,{'WEATHERHAZARD'},{'HAZARD_ON_SHOULDER_CAR_STOPPED'},30,{6},5.0
2e69c425,2e69c4254,2020-11-12,19,{'WEATHERHAZARD'},{'HAZARD_ON_SHOULDER_CAR_STOPPED'},1,{6},5.0
2e69c425,2e69c4254,2020-11-13,9,{'JAM'},{'JAM_HEAVY_TRAFFIC'},13,{6},5.0
2e69c427,2e69c426c,2020-09-26,16,{'JAM'},{'JAM'},6,{2},5.0
2e69c427,2e69c426c,2020-11-15,17,{'JAM'},{'JAM_STAND_STILL_TRAFFIC'},31,{1},5.0
2e69c429,2e69c4294,2020-10-14,17,{'WEATHERHAZARD'},{'HAZARD_ON_SHOULDER_CAR_STOPPED'},31,{2},5.0
2e69c42b,2e69c42a4,2020-09-02,21,{'WEATHERHAZARD'},{'HAZARD_ON_SHOULDER_CAR_STOPPED'},34,{2},5.0
2e69c42b,2e69c42a4,2020-09-03,20,{'WEATHERHAZARD'},{'HAZARD_ON_SHOULDER_CAR_STOPPED'},32,{2},5.0
2e69c42b,2e69c42a4,2020-09-04,20,{'WEATHERHAZARD'},{'HAZARD_ON_SHOULDER_CAR_STOPPED'},62,{2},5.483870967741935
2e69c42b,2e69c42a4,2020-09-09,19,{'WEATHERHAZARD'},{'HAZARD_ON_SHOULDER_CAR_STOPPED'},32,{2},5.0
2e69c42b,2e69c42a4,2020-09-10,19,{'WEATHERHAZARD'},{'HAZARD_ON_SHOULDER_CAR_STOPPED'},31,{2},5.0
2e69c42b,2e69c42a4,2020-09-11,19,{'WEATHERHAZARD'},{'HAZARD_ON_SHOULDER_CAR_STOPPED'},61,{2},5.0
2e69c42b,2e69c42a4,2020-09-14,16,{'WEATHERHAZARD'},{'HAZARD_ON_SHOULDER_CAR_STOPPED'},31,{2},5.096774193548387
2e69c42b,2e69c42a4,2020-09-19,11,{'WEATHERHAZARD'},{'HAZARD_ON_SHOULDER_MISSING_SIGN'},30,{2},5.0
2e69c42b,2e69c42a4,2020-09-24,16,{'WEATHERHAZARD'},{'HAZARD_ON_SHOULDER_CAR_STOPPED'},31,{2},5.0
2e69c42b,2e69c42a4,2020-10-06,16,{'WEATHERHAZARD'},{'HAZARD_ON_SHOULDER_CAR_STOPPED'},31,{2},5.0
2e69c42b,2e69c42a4,2020-10-14,17,{'WEATHERHAZARD'},{'HAZARD_ON_SHOULDER_CAR_STOPPED'},32,{2},5.0
2e69c42b,2e69c42a4,2020-10-25,15,{'JAM'},{'JAM_HEAVY_TRAFFIC'},31,{2},5.0
2e69c42b,2e69c42a4,2020-11-04,19,{'WEATHERHAZARD'},{'HAZARD_ON_SHOULDER_CAR_STOPPED'},31,{2},5.0
2e69c42b,2e69c42a4,2020-11-18,19,{'WEATHERHAZARD'},{'HAZARD_ON_SHOULDER_CAR_STOPPED'},31,{2},5.0
2e69c42b,2e69c42ac,2020-09-24,16,{'WEATHERHAZARD'},{'HAZARD_ON_SHOULDER_CAR_STOPPED'},61,{2},5.229508196721311
2e69c42b,2e69c42ac,2020-10-06,16,{'WEATHERHAZARD'},{'HAZARD_ON_SHOULDER_CAR_STOPPED'},63,{2},5.4603174603174605
2e69c42b,2e69c42ac,2020-10-25,16,{'JAM'},"{'JAM_STAND_STILL_TRAFFIC', 'JAM_HEAVY_TRAFFIC'}",63,{2},5.0
2e69c42b,2e69c42ac,2020-10-29,14,{'JAM'},{'JAM_MODERATE_TRAFFIC'},6,{2},5.0
2e69c42b,2e69c42ac,2020-10-31,15,{'JAM'},{'JAM_STAND_STILL_TRAFFIC'},30,{2},5.0
2e69c42b,2e69c42ac,2020-11-07,16,{'JAM'},{'JAM_STAND_STILL_TRAFFIC'},30,{2},5.0
2e69c42b,2e69c42ac,2020-11-19,8,"{'JAM', 'ACCIDENT'}","{'JAM', 'ACCIDENT'}",131,{2},5.702290076335878
2e69c42b,2e69c42ac,2020-11-21,14,{'JAM'},{'JAM_MODERATE_TRAFFIC'},30,{1},5.0
2e69c42b,2e69c42bc,2020-09-03,20,{'WEATHERHAZARD'},{'HAZARD_ON_SHOULDER_CAR_STOPPED'},31,{2},5.0
2e69c42b,2e69c42bc,2020-09-04,20,{'WEATHERHAZARD'},{'HAZARD_ON_SHOULDER_CAR_STOPPED'},30,{2},5.0
2e69c42b,2e69c42bc,2020-10-12,17,{'WEATHERHAZARD'},{'HAZARD_ON_SHOULDER_CAR_STOPPED'},30,{2},5.0
2e69c42b,2e69c42bc,2020-11-16,13,{'JAM'},{'JAM'},32,{1},5.0
2e69c42b,2e69c42bc,2020-11-18,19,{'WEATHERHAZARD'},{'HAZARD_ON_SHOULDER_CAR_STOPPED'},31,{2},5.0
2e69c42d,2e69c42cc,2020-10-11,10,{'JAM'},{'JAM_STAND_STILL_TRAFFIC'},32,{1},5.0
2e69c42d,2e69c42dc,2020-09-08,19,{'WEATHERHAZARD'},{'HAZARD_ON_SHOULDER_CAR_STOPPED'},32,{6},5.53125
2e69c42d,2e69c42dc,2020-10-05,10,{'WEATHERHAZARD'},{'HAZARD_ON_SHOULDER_CAR_STOPPED'},62,{6},5.0
2e69c42d,2e69c42dc,2020-10-06,10,{'WEATHERHAZARD'},{'HAZARD_ON_SHOULDER_CAR_STOPPED'},31,{6},5.225806451612903
2e69c42d,2e69c42dc,2020-10-25,16,{'WEATHERHAZARD'},{'HAZARD_ON_SHOULDER_CAR_STOPPED'},10,{6},5.0
2e69c42d,2e69c42dc,2020-10-29,12,{'JAM'},{'JAM_MODERATE_TRAFFIC'},32,{6},5.0
2e69c42d,2e69c42dc,2020-11-07,10,{'WEATHERHAZARD'},{'HAZARD_ON_SHOULDER_CAR_STOPPED'},33,{6},5.606060606060606
2e69c42d,2e69c42dc,2020-11-15,15,{'WEATHERHAZARD'},{'HAZARD_ON_SHOULDER_CAR_STOPPED'},42,{6},6.428571428571429
2e69c42f,2e69c42e4,2020-09-02,21,"{'JAM', 'WEATHERHAZARD'}","{'HAZARD_ON_SHOULDER_CAR_STOPPED', 'JAM_MODERATE_TRAFFIC'}",67,{2},5.0
2e69c42f,2e69c42e4,2020-09-08,19,{'WEATHERHAZARD'},{'HAZARD_ON_SHOULDER_CAR_STOPPED'},33,{2},5.0
2e69c42f,2e69c42e4,2020-09-09,19,{'JAM'},{'JAM_MODERATE_TRAFFIC'},29,{2},5.0
2e69c42f,2e69c42e4,2020-09-10,19,{'WEATHERHAZARD'},{'HAZARD_ON_SHOULDER_CAR_STOPPED'},31,{2},5.0
2e69c42f,2e69c42e4,2020-09-24,16,{'WEATHERHAZARD'},{'HAZARD_ON_SHOULDER_CAR_STOPPED'},30,{6},5.0
2e69c42f,2e69c42e4,2020-10-06,10,{'JAM'},{'JAM_MODERATE_TRAFFIC'},27,{6},5.0
2e69c42f,2e69c42e4,2020-10-12,17,{'JAM'},{'JAM_MODERATE_TRAFFIC'},5,{2},5.0
2e69c42f,2e69c42e4,2020-10-14,17,{'WEATHERHAZARD'},{'HAZARD_ON_SHOULDER_CAR_STOPPED'},31,{2},5.0
2e69c42f,2e69c42e4,2020-10-28,16,{'JAM'},{'JAM_STAND_STILL_TRAFFIC'},25,{6},5.0
2e69c42f,2e69c42e4,2020-10-31,16,"{'JAM', 'WEATHERHAZARD'}","{'WEATHERHAZARD', 'JAM_MODERATE_TRAFFIC'}",67,{2},6.104477611940299
2e69c42f,2e69c42e4,2020-11-02,13,{'JAM'},{'JAM_HEAVY_TRAFFIC'},13,{6},5.846153846153846
2e69c42f,2e69c42e4,2020-11-04,19,{'WEATHERHAZARD'},{'HAZARD_ON_SHOULDER_CAR_STOPPED'},33,{2},5.0
2e69c42f,2e69c42e4,2020-11-12,19,{'JAM'},{'JAM_MODERATE_TRAFFIC'},26,{2},5.0
2e69c42f,2e69c42e4,2020-11-14,18,{'JAM'},{'JAM_MODERATE_TRAFFIC'},24,{2},5.0
2e69c42f,2e69c42e4,2020-11-18,8,{'JAM'},{'JAM_HEAVY_TRAFFIC'},20,{6},5.0
2e69c42f,2e69c42e4,2020-11-18,17,{'JAM'},{'JAM_MODERATE_TRAFFIC'},31,{6},5.0
2e69c42f,2e69c42e4,2020-11-18,19,"{'JAM', 'WEATHERHAZARD'}","{'HAZARD_ON_SHOULDER_CAR_STOPPED', 'JAM_MODERATE_TRAFFIC'}",42,"{2, 6}",5.619047619047619
2e69c42f,2e69c42ec,2020-09-04,20,{'WEATHERHAZARD'},{'HAZARD_ON_SHOULDER_CAR_STOPPED'},30,{2},5.6
2e69c42f,2e69c42ec,2020-09-10,19,{'WEATHERHAZARD'},{'HAZARD_ON_SHOULDER_CAR_STOPPED'},31,{2},5.0
2e69c42f,2e69c42ec,2020-09-11,19,{'WEATHERHAZARD'},{'HAZARD_ON_SHOULDER_CAR_STOPPED'},32,{2},5.0
2e69c42f,2e69c42ec,2020-09-24,16,{'WEATHERHAZARD'},{'HAZARD_ON_SHOULDER_CAR_STOPPED'},31,{2},5.096774193548387
2e69c42f,2e69c42ec,2020-10-06,16,{'WEATHERHAZARD'},{'HAZARD_ON_SHOULDER_CAR_STOPPED'},32,{2},5.0
2e69c42f,2e69c42ec,2020-10-31,14,{'JAM'},{'JAM'},32,{1},5.0
2e69c42f,2e69c42fc,2020-09-02,21,{'WEATHERHAZARD'},{'HAZARD_ON_SHOULDER_CAR_STOPPED'},31,{6},5.0
2e69c42f,2e69c42fc,2020-09-04,20,{'WEATHERHAZARD'},{'HAZARD_ON_SHOULDER_CAR_STOPPED'},30,{6},5.0
2e69c42f,2e69c42fc,2020-09-08,19,{'WEATHERHAZARD'},{'HAZARD_ON_SHOULDER_CAR_STOPPED'},31,{6},5.516129032258065
2e69c42f,2e69c42fc,2020-09-10,19,{'WEATHERHAZARD'},{'HAZARD_ON_SHOULDER_CAR_STOPPED'},31,{6},5.0
2e69c42f,2e69c42fc,2020-09-11,19,{'WEATHERHAZARD'},{'HAZARD_ON_SHOULDER_CAR_STOPPED'},31,{6},5.0
2e69c42f,2e69c42fc,2020-09-14,16,{'WEATHERHAZARD'},{'HAZARD_ON_SHOULDER_CAR_STOPPED'},26,{6},5.461538461538462
2e69c42f,2e69c42fc,2020-09-16,17,{'WEATHERHAZARD'},{'HAZARD_ON_SHOULDER_CAR_STOPPED'},21,{6},5.0476190476190474
2e69c42f,2e69c42fc,2020-09-24,16,{'WEATHERHAZARD'},{'HAZARD_ON_SHOULDER_CAR_STOPPED'},32,{6},5.0
2e69c42f,2e69c42fc,2020-10-05,10,{'WEATHERHAZARD'},{'HAZARD_ON_SHOULDER_CAR_STOPPED'},30,{6},5.0
2e69c42f,2e69c42fc,2020-10-06,16,{'WEATHERHAZARD'},{'HAZARD_ON_SHOULDER_CAR_STOPPED'},31,{6},5.0
2e69c42f,2e69c42fc,2020-10-08,17,{'JAM'},{'JAM_STAND_STILL_TRAFFIC'},63,{6},5.0
2e69c42f,2e69c42fc,2020-10-17,16,{'JAM'},{'JAM_HEAVY_TRAFFIC'},8,{6},5.0
2e69c42f,2e69c42fc,2020-10-21,16,{'WEATHERHAZARD'},{'HAZARD_ON_SHOULDER_CAR_STOPPED'},23,{6},5.173913043478261
2e69c42f,2e69c42fc,2020-10-25,16,{'WEATHERHAZARD'},{'HAZARD_ON_SHOULDER_CAR_STOPPED'},8,{6},5.125
2e69c42f,2e69c42fc,2020-11-12,19,{'WEATHERHAZARD'},{'HAZARD_ON_SHOULDER_CAR_STOPPED'},41,{6},5.365853658536586
2e69c433,2e69c432c,2020-10-09,19,{'JAM'},{'JAM_MODERATE_TRAFFIC'},31,{6},5.0
2e69c433,2e69c432c,2020-10-18,12,{'JAM'},{'JAM'},26,{6},5.0
2e69c433,2e69c432c,2020-10-25,16,"{'JAM', 'WEATHERHAZARD'}","{'JAM', 'HAZARD_ON_SHOULDER_CAR_STOPPED'}",61,{6},5.0
2e69c433,2e69c432c,2020-10-31,14,{'JAM'},{'JAM_HEAVY_TRAFFIC'},32,{6},5.46875
2e69c433,2e69c432c,2020-10-31,19,{'JAM'},{'JAM_MODERATE_TRAFFIC'},31,{1},5.0
2e69c435,2e69c4344,2020-10-01,15,{'ACCIDENT'},{'ACCIDENT'},125,{1},5.0
2e69c435,2e69c4354,2020-09-05,14,{'WEATHERHAZARD'},{'HAZARD_ON_SHOULDER_CAR_STOPPED'},24,{7},5.791666666666667
2e69c435,2e69c4354,2020-09-23,7,{'WEATHERHAZARD'},{'HAZARD_ON_SHOULDER_CAR_STOPPED'},30,{7},5.0
2e69c435,2e69c4354,2020-10-08,14,{'JAM'},{'JAM_HEAVY_TRAFFIC'},31,{7},5.0
2e69c435,2e69c4354,2020-10-11,17,{'JAM'},{'JAM_MODERATE_TRAFFIC'},34,{7},5.0
2e69c435,2e69c4354,2020-10-15,9,{'WEATHERHAZARD'},{'HAZARD_ON_SHOULDER_CAR_STOPPED'},31,{7},5.0
2e69c435,2e69c4354,2020-10-23,9,{'WEATHERHAZARD'},{'HAZARD_ON_SHOULDER_CAR_STOPPED'},31,{7},5.838709677419355
2e69c435,2e69c4354,2020-10-27,9,{'WEATHERHAZARD'},{'HAZARD_ON_SHOULDER_CAR_STOPPED'},30,{7},5.0
2e69c435,2e69c435c,2020-10-20,11,{'JAM'},{'JAM_HEAVY_TRAFFIC'},19,{7},5.0
2e69c435,2e69c435c,2020-10-26,9,{'WEATHERHAZARD'},{'HAZARD_ON_SHOULDER_CAR_STOPPED'},41,{7},5.365853658536586
2e69c435,2e69c435c,2020-11-04,12,{'JAM'},{'JAM_MODERATE_TRAFFIC'},31,{7},5.0
2e69c435,2e69c435c,2020-11-11,9,{'WEATHERHAZARD'},{'HAZARD_ON_SHOULDER_CAR_STOPPED'},31,{7},5.967741935483871
2e69c435,2e69c435c,2020-11-22,15,{'WEATHERHAZARD'},{'HAZARD_ON_SHOULDER_CAR_STOPPED'},41,{7},6.2926829268292686
2e69c437,2e69c4364,2020-09-05,11,{'JAM'},{'JAM_HEAVY_TRAFFIC'},32,{7},5.0
2e69c437,2e69c4364,2020-10-08,15,{'JAM'},{'JAM_HEAVY_TRAFFIC'},6,{7},5.0
2e69c437,2e69c4364,2020-10-10,13,{'JAM'},{'JAM_STAND_STILL_TRAFFIC'},12,{7},5.0
2e69c437,2e69c4364,2020-10-25,10,{'WEATHERHAZARD'},{'HAZARD_ON_SHOULDER_CAR_STOPPED'},32,{7},5.0
2e69c437,2e69c4364,2020-10-31,14,"{'JAM', 'WEATHERHAZARD'}","{'HAZARD_ON_ROAD_CAR_STOPPED', 'JAM_STAND_STILL_TRAFFIC'}",65,{7},5.3538461538461535
2e69c437,2e69c4364,2020-11-19,9,{'WEATHERHAZARD'},{'HAZARD_ON_SHOULDER_CAR_STOPPED'},30,{7},5.966666666666667
2e69c437,2e69c437c,2020-10-07,15,{'JAM'},{'JAM_STAND_STILL_TRAFFIC'},28,{7},5.0
2e69c437,2e69c437c,2020-10-20,16,{'JAM'},{'JAM_STAND_STILL_TRAFFIC'},36,{7},5.444444444444445
2e69c439,2e69c4384,2020-10-20,16,{'JAM'},{'JAM_STAND_STILL_TRAFFIC'},19,{7},6.0
2e69c439,2e69c438c,2020-10-08,19,{'JAM'},{'JAM_STAND_STILL_TRAFFIC'},31,{7},6.709677419354839
2e69c439,2e69c438c,2020-10-20,15,{'JAM'},{'JAM'},17,{7},6.0
2e69c439,2e69c438c,2020-10-20,16,{'JAM'},{'JAM_STAND_STILL_TRAFFIC'},44,{7},5.363636363636363
2e69c439,2e69c4394,2020-10-20,15,{'JAM'},{'JAM'},14,{7},5.0
2e69c43b,2e69c43a4,2020-10-30,9,{'JAM'},{'JAM'},31,{1},5.0
2e69c43b,2e69c43a4,2020-11-21,10,{'JAM'},{'JAM_MODERATE_TRAFFIC'},30,{7},5.7
2e69c43b,2e69c43b4,2020-11-07,9,{'JAM'},{'JAM_MODERATE_TRAFFIC'},30,{7},5.0
2e69c43b,2e69c43b4,2020-11-10,8,{'JAM'},{'JAM_HEAVY_TRAFFIC'},33,{7},5.0
2e69c43b,2e69c43bc,2020-11-04,10,{'JAM'},"{'JAM_STAND_STILL_TRAFFIC', 'JAM_MODERATE_TRAFFIC'}",63,{7},5.0
2e69c43d,2e69c43c4,2020-10-20,14,{'JAM'},{'JAM_STAND_STILL_TRAFFIC'},7,{1},5.0
2e69c43d,2e69c43cc,2020-10-20,10,{'JAM'},{'JAM_HEAVY_TRAFFIC'},30,{7},5.966666666666667
2e69c43d,2e69c43cc,2020-10-20,14,{'JAM'},{'JAM_STAND_STILL_TRAFFIC'},89,{1},5.662921348314606
2e69c43d,2e69c43cc,2020-10-20,17,{'JAM'},{'JAM_STAND_STILL_TRAFFIC'},34,{7},5.0
2e69c43d,2e69c43cc,2020-10-20,18,{'JAM'},{'JAM'},31,{7},5.967741935483871
2e69c43d,2e69c43cc,2020-10-24,13,{'JAM'},{'JAM_MODERATE_TRAFFIC'},30,{7},5.0
2e69c43d,2e69c43cc,2020-11-02,15,{'JAM'},"{'JAM', 'JAM_STAND_STILL_TRAFFIC'}",16,{7},5.0
2e69c43d,2e69c43cc,2020-11-04,10,{'JAM'},{'JAM_HEAVY_TRAFFIC'},63,{7},5.0
2e69c43d,2e69c43cc,2020-11-08,17,{'JAM'},{'JAM_MODERATE_TRAFFIC'},6,{7},5.0
2e69c43d,2e69c43cc,2020-11-13,14,{'JAM'},{'JAM'},10,{1},5.0
2e69c43d,2e69c43cc,2020-11-15,13,{'JAM'},{'JAM_MODERATE_TRAFFIC'},5,{7},5.0
2e69c43d,2e69c43d4,2020-10-20,10,{'JAM'},{'JAM_HEAVY_TRAFFIC'},30,{7},5.0
2e69c43d,2e69c43d4,2020-10-20,12,{'JAM'},{'JAM_HEAVY_TRAFFIC'},31,{7},5.0
2e69c43d,2e69c43d4,2020-10-20,15,{'JAM'},{'JAM_STAND_STILL_TRAFFIC'},79,"{1, 7}",5.9113924050632916
2e69c43d,2e69c43d4,2020-10-20,20,{'JAM'},{'JAM_STAND_STILL_TRAFFIC'},63,"{1, 7}",5.968253968253968
2e69c43d,2e69c43dc,2020-10-15,17,{'JAM'},{'JAM_STAND_STILL_TRAFFIC'},32,{7},5.0
2e69c43d,2e69c43dc,2020-10-15,20,{'JAM'},{'JAM_MODERATE_TRAFFIC'},5,{7},5.0
2e69c43d,2e69c43dc,2020-10-20,11,{'JAM'},{'JAM_HEAVY_TRAFFIC'},30,{7},5.7
2e69c43d,2e69c43dc,2020-10-20,13,{'JAM'},{'JAM_STAND_STILL_TRAFFIC'},31,{7},5.483870967741935
2e69c43d,2e69c43dc,2020-10-20,15,{'JAM'},{'JAM_STAND_STILL_TRAFFIC'},41,{7},5.926829268292683
2e69c43d,2e69c43dc,2020-10-20,16,{'JAM'},{'JAM_STAND_STILL_TRAFFIC'},47,{7},6.0
2e69c43d,2e69c43dc,2020-10-20,17,{'JAM'},{'JAM_STAND_STILL_TRAFFIC'},75,{7},6.68
2e69c43d,2e69c43dc,2020-10-20,18,{'JAM'},{'JAM'},32,{7},5.0
2e69c43d,2e69c43dc,2020-10-20,19,{'JAM'},"{'JAM_STAND_STILL_TRAFFIC', 'JAM_HEAVY_TRAFFIC'}",64,{7},5.0
2e69c43d,2e69c43dc,2020-11-03,9,{'JAM'},{'JAM_HEAVY_TRAFFIC'},30,{7},5.0
2e69c43f,2e69c43e4,2020-09-10,7,{'JAM'},{'JAM_HEAVY_TRAFFIC'},31,{7},5.0
2e69c43f,2e69c43e4,2020-09-19,9,{'JAM'},{'JAM_STAND_STILL_TRAFFIC'},32,{7},5.0
2e69c43f,2e69c43e4,2020-10-11,17,{'JAM'},{'JAM_STAND_STILL_TRAFFIC'},32,{7},5.65625
2e69c43f,2e69c43e4,2020-10-16,7,{'JAM'},{'JAM_HEAVY_TRAFFIC'},6,{7},5.0
2e69c43f,2e69c43e4,2020-10-19,16,{'ACCIDENT'},{'ACCIDENT_MINOR'},12,{7},5.0
2e69c43f,2e69c43e4,2020-10-20,12,{'JAM'},{'JAM_HEAVY_TRAFFIC'},32,{7},5.875
2e69c43f,2e69c43e4,2020-10-20,14,{'JAM'},{'JAM_STAND_STILL_TRAFFIC'},31,{7},5.0
2e69c43f,2e69c43e4,2020-10-20,15,{'JAM'},{'JAM_HEAVY_TRAFFIC'},29,{7},5.0
2e69c43f,2e69c43e4,2020-10-20,16,{'JAM'},{'JAM_STAND_STILL_TRAFFIC'},15,{7},5.733333333333333
2e69c43f,2e69c43e4,2020-10-21,7,{'JAM'},{'JAM_HEAVY_TRAFFIC'},8,{7},5.0
2e69c43f,2e69c43e4,2020-10-26,7,{'JAM'},{'JAM_STAND_STILL_TRAFFIC'},5,{7},5.0
2e69c43f,2e69c43e4,2020-10-31,17,{'JAM'},{'JAM_STAND_STILL_TRAFFIC'},6,{7},5.0
2e69c43f,2e69c43ec,2020-09-01,12,{'JAM'},{'JAM_HEAVY_TRAFFIC'},7,{7},5.0
2e69c43f,2e69c43ec,2020-09-02,15,{'JAM'},{'JAM_MODERATE_TRAFFIC'},14,{7},5.0
2e69c43f,2e69c43ec,2020-09-03,14,{'JAM'},{'JAM_MODERATE_TRAFFIC'},21,{7},5.761904761904762
2e69c43f,2e69c43ec,2020-09-07,17,{'JAM'},{'JAM_HEAVY_TRAFFIC'},43,{7},5.0
2e69c43f,2e69c43ec,2020-09-09,17,{'JAM'},{'JAM_HEAVY_TRAFFIC'},31,{7},5.0
2e69c43f,2e69c43ec,2020-09-10,18,{'JAM'},{'JAM'},8,{7},5.625
2e69c43f,2e69c43ec,2020-09-11,10,{'JAM'},{'JAM_STAND_STILL_TRAFFIC'},10,{7},5.0
2e69c43f,2e69c43ec,2020-09-13,17,{'JAM'},{'JAM_HEAVY_TRAFFIC'},31,{7},5.0
2e69c43f,2e69c43ec,2020-09-16,17,{'JAM'},{'JAM_HEAVY_TRAFFIC'},31,{7},5.0
2e69c43f,2e69c43ec,2020-09-18,20,{'JAM'},{'JAM_MODERATE_TRAFFIC'},27,{7},5.0
2e69c43f,2e69c43ec,2020-09-18,21,{'WEATHERHAZARD'},{'HAZARD_ON_SHOULDER_CAR_STOPPED'},12,{7},5.0
2e69c43f,2e69c43ec,2020-09-20,15,{'JAM'},{'JAM_HEAVY_TRAFFIC'},5,{7},5.0
2e69c43f,2e69c43ec,2020-09-21,17,{'JAM'},{'JAM_STAND_STILL_TRAFFIC'},31,{7},5.0
2e69c43f,2e69c43ec,2020-09-25,17,{'JAM'},{'JAM_HEAVY_TRAFFIC'},19,{7},5.0
2e69c43f,2e69c43ec,2020-09-26,16,{'JAM'},{'JAM_STAND_STILL_TRAFFIC'},19,{7},5.0
2e69c43f,2e69c43ec,2020-09-28,10,{'JAM'},{'JAM_MODERATE_TRAFFIC'},31,{7},5.0
2e69c43f,2e69c43ec,2020-09-29,17,{'WEATHERHAZARD'},{'HAZARD_ON_ROAD_POT_HOLE'},67,{7},5.731343283582089
2e69c43f,2e69c43ec,2020-09-30,17,{'JAM'},{'JAM_HEAVY_TRAFFIC'},21,{7},5.0
2e69c43f,2e69c43ec,2020-10-03,10,{'JAM'},{'JAM_MODERATE_TRAFFIC'},31,{7},5.0
2e69c43f,2e69c43ec,2020-10-05,17,{'JAM'},{'JAM_STAND_STILL_TRAFFIC'},7,{7},5.0
2e69c43f,2e69c43ec,2020-10-12,17,{'JAM'},{'JAM'},31,{7},5.0
2e69c43f,2e69c43ec,2020-10-12,18,{'JAM'},{'JAM_STAND_STILL_TRAFFIC'},30,{7},5.0
2e69c43f,2e69c43ec,2020-10-17,14,{'JAM'},{'JAM_STAND_STILL_TRAFFIC'},6,{7},5.0
2e69c43f,2e69c43ec,2020-10-17,20,{'JAM'},{'JAM_STAND_STILL_TRAFFIC'},32,{7},5.0
2e69c43f,2e69c43ec,2020-10-20,12,{'JAM'},"{'JAM_STAND_STILL_TRAFFIC', 'JAM_HEAVY_TRAFFIC'}",92,{7},5.228260869565218
2e69c43f,2e69c43ec,2020-10-20,13,{'JAM'},{'JAM_HEAVY_TRAFFIC'},7,{1},5.0
2e69c43f,2e69c43ec,2020-10-20,15,{'JAM'},"{'JAM_STAND_STILL_TRAFFIC', 'JAM_HEAVY_TRAFFIC'}",62,{7},5.0
2e69c43f,2e69c43ec,2020-10-20,16,{'JAM'},{'JAM_STAND_STILL_TRAFFIC'},122,{7},5.639344262295082
2e69c43f,2e69c43ec,2020-10-20,19,{'JAM'},"{'JAM_STAND_STILL_TRAFFIC', 'JAM_HEAVY_TRAFFIC'}",62,{7},5.0
2e69c43f,2e69c43ec,2020-10-21,18,{'JAM'},{'JAM_HEAVY_TRAFFIC'},31,{7},5.0
2e69c43f,2e69c43ec,2020-10-25,20,{'JAM'},{'JAM_HEAVY_TRAFFIC'},13,{7},5.0
2e69c43f,2e69c43ec,2020-10-27,17,{'JAM'},{'JAM_STAND_STILL_TRAFFIC'},29,{7},5.0
2e69c43f,2e69c43ec,2020-10-28,17,{'JAM'},{'JAM_STAND_STILL_TRAFFIC'},37,{7},5.0
2e69c43f,2e69c43ec,2020-10-31,9,{'JAM'},{'JAM_STAND_STILL_TRAFFIC'},32,{7},5.0
2e69c43f,2e69c43ec,2020-11-04,17,{'JAM'},{'JAM_HEAVY_TRAFFIC'},6,{7},5.0
2e69c43f,2e69c43ec,2020-11-07,8,{'JAM'},{'JAM'},7,{7},5.0
2e69c43f,2e69c43ec,2020-11-09,14,{'JAM'},{'JAM_HEAVY_TRAFFIC'},32,{7},5.0
2e69c43f,2e69c43ec,2020-11-09,20,{'JAM'},{'JAM_HEAVY_TRAFFIC'},6,{7},5.0
2e69c43f,2e69c43ec,2020-11-13,9,{'JAM'},{'JAM'},27,{7},5.0
2e69c43f,2e69c43ec,2020-11-13,17,{'JAM'},{'JAM_STAND_STILL_TRAFFIC'},27,{7},5.0
2e69c43f,2e69c43ec,2020-11-21,10,{'JAM'},{'JAM_HEAVY_TRAFFIC'},64,{7},5.5
2e69c43f,2e69c43ec,2020-11-22,12,{'JAM'},{'JAM_STAND_STILL_TRAFFIC'},30,{7},5.0
2e69c441,2e69c4404,2020-11-17,23,{'JAM'},{'JAM'},35,{1},5.0
2e69c441,2e69c4414,2020-11-08,8,{'JAM'},{'JAM_HEAVY_TRAFFIC'},30,{2},5.0
2e69c443,2e69c4424,2020-09-12,16,{'JAM'},{'JAM_HEAVY_TRAFFIC'},26,{2},5.0
2e69c443,2e69c4434,2020-10-31,7,{'WEATHERHAZARD'},{'WEATHERHAZARD'},32,{1},5.0
2e69c443,2e69c443c,2020-09-16,9,{'WEATHERHAZARD'},{'HAZARD_ON_SHOULDER_CAR_STOPPED'},60,{2},5.0
2e69c443,2e69c443c,2020-10-27,15,{'JAM'},{'JAM_STAND_STILL_TRAFFIC'},50,{2},5.84
2e69c443,2e69c443c,2020-10-27,22,{'JAM'},{'JAM'},8,{2},5.0
2e69c443,2e69c443c,2020-10-28,17,{'JAM'},{'JAM_MODERATE_TRAFFIC'},34,{2},5.0
2e69c445,2e69c4444,2020-10-10,10,{'WEATHERHAZARD'},{'HAZARD_ON_SHOULDER_CAR_STOPPED'},32,{2},5.0
2e69c445,2e69c445c,2020-09-16,9,{'WEATHERHAZARD'},{'HAZARD_ON_SHOULDER_CAR_STOPPED'},30,{2},5.0
2e69c445,2e69c445c,2020-10-16,8,{'WEATHERHAZARD'},{'HAZARD_ON_SHOULDER_CAR_STOPPED'},31,{2},5.0
2e69c445,2e69c445c,2020-11-19,9,{'WEATHERHAZARD'},{'HAZARD_ON_SHOULDER_CAR_STOPPED'},33,{2},5.787878787878788
2e69c449,2e69c449c,2020-10-09,13,{'JAM'},{'JAM_STAND_STILL_TRAFFIC'},32,{1},5.96875
2e69c44b,2e69c44a4,2020-10-20,15,{'JAM'},{'JAM_MODERATE_TRAFFIC'},31,{2},5.0
2e69c44b,2e69c44a4,2020-11-05,17,{'JAM'},{'JAM_STAND_STILL_TRAFFIC'},32,{2},5.0
2e69c44b,2e69c44b4,2020-10-20,11,{'JAM'},{'JAM_STAND_STILL_TRAFFIC'},30,{1},5.833333333333333
2e69c44b,2e69c44bc,2020-09-02,16,{'JAM'},{'JAM_STAND_STILL_TRAFFIC'},30,{2},5.0
2e69c44b,2e69c44bc,2020-10-29,11,{'JAM'},{'JAM_HEAVY_TRAFFIC'},31,{2},5.0
2e69c44b,2e69c44bc,2020-11-05,17,{'JAM'},{'JAM_STAND_STILL_TRAFFIC'},32,{2},5.0
2e69c44b,2e69c44bc,2020-11-07,10,{'JAM'},{'JAM_HEAVY_TRAFFIC'},32,{2},5.0
2e69c44d,2e69c44c4,2020-09-16,10,{'JAM'},{'JAM_MODERATE_TRAFFIC'},8,{2},5.0
2e69c44d,2e69c44c4,2020-09-20,16,{'JAM'},{'JAM_MODERATE_TRAFFIC'},34,{2},5.0
2e69c44d,2e69c44c4,2020-10-07,11,{'JAM'},{'JAM_MODERATE_TRAFFIC'},12,{2},5.0
2e69c44d,2e69c44c4,2020-10-20,13,{'JAM'},{'JAM_HEAVY_TRAFFIC'},26,{2},5.461538461538462
2e69c44d,2e69c44c4,2020-10-27,15,{'JAM'},{'JAM_STAND_STILL_TRAFFIC'},31,{2},5.709677419354839
2e69c44d,2e69c44c4,2020-10-28,11,{'JAM'},{'JAM_MODERATE_TRAFFIC'},30,{2},5.0
2e69c44d,2e69c44cc,2020-10-08,14,{'JAM'},{'JAM_STAND_STILL_TRAFFIC'},31,{2},5.935483870967742
2e69c44d,2e69c44cc,2020-10-20,11,{'JAM'},{'JAM_HEAVY_TRAFFIC'},33,{2},5.0
2e69c44d,2e69c44cc,2020-10-20,13,{'JAM'},{'JAM_HEAVY_TRAFFIC'},16,{2},7.0
2e69c44d,2e69c44cc,2020-10-20,14,{'JAM'},{'JAM_HEAVY_TRAFFIC'},34,{2},5.0
2e69c44d,2e69c44cc,2020-10-20,16,{'JAM'},"{'JAM_STAND_STILL_TRAFFIC', 'JAM_HEAVY_TRAFFIC'}",62,{2},5.0
2e69c44d,2e69c44cc,2020-10-20,19,{'JAM'},{'JAM_STAND_STILL_TRAFFIC'},32,{2},5.65625
2e69c44d,2e69c44d4,2020-10-16,16,"{'JAM', 'WEATHERHAZARD'}","{'HAZARD_ON_SHOULDER_CAR_STOPPED', 'JAM_MODERATE_TRAFFIC'}",64,{7},5.0
2e69c44f,2e69c44ec,2020-10-14,7,{'WEATHERHAZARD'},{'HAZARD_ON_ROAD_CONSTRUCTION'},591,{2},6.304568527918781
2e69c451,2e69c4514,2020-09-02,17,{'JAM'},{'JAM_MODERATE_TRAFFIC'},31,{7},5.0
2e69c451,2e69c4514,2020-10-16,16,{'WEATHERHAZARD'},{'HAZARD_ON_SHOULDER_CAR_STOPPED'},33,{7},5.0
2e69c451,2e69c4514,2020-10-20,18,{'JAM'},{'JAM_MODERATE_TRAFFIC'},5,{7},5.0
2e69c451,2e69c4514,2020-10-31,17,{'JAM'},{'JAM_STAND_STILL_TRAFFIC'},31,{7},5.0
2e69c451,2e69c4514,2020-11-09,19,{'WEATHERHAZARD'},{'HAZARD_ON_SHOULDER_CAR_STOPPED'},32,{7},5.0
2e69c453,2e69c4524,2020-09-26,18,{'JAM'},{'JAM'},30,{20},5.0
2e69c453,2e69c4524,2020-10-07,16,"{'JAM', 'WEATHERHAZARD'}","{'JAM', 'WEATHERHAZARD'}",53,{7},5.0
2e69c453,2e69c4524,2020-10-16,16,{'WEATHERHAZARD'},{'HAZARD_ON_SHOULDER_CAR_STOPPED'},31,{7},5.0
2e69c453,2e69c453c,2020-10-11,15,{'JAM'},{'JAM_STAND_STILL_TRAFFIC'},32,{7},5.0
2e69c455,2e69c4544,2020-10-25,10,{'JAM'},{'JAM_STAND_STILL_TRAFFIC'},38,{2},5.394736842105263
2e69c455,2e69c4544,2020-10-25,13,"{'JAM', 'WEATHERHAZARD'}","{'HAZARD_ON_ROAD_CAR_STOPPED', 'JAM_MODERATE_TRAFFIC'}",61,{2},5.573770491803279
2e69c455,2e69c4554,2020-11-20,20,{'WEATHERHAZARD'},{'HAZARD_ON_SHOULDER_CAR_STOPPED'},31,{2},5.67741935483871
2e69c455,2e69c455c,2020-10-25,10,{'JAM'},{'JAM_STAND_STILL_TRAFFIC'},66,{2},5.0
2e69c455,2e69c455c,2020-10-25,13,{'JAM'},{'JAM_STAND_STILL_TRAFFIC'},30,{2},5.9
2e69c455,2e69c455c,2020-10-28,10,{'JAM'},{'JAM'},12,{2},5.0
2e69c457,2e69c456c,2020-10-20,18,{'WEATHERHAZARD'},{'HAZARD_ON_SHOULDER_CAR_STOPPED'},33,{7},6.424242424242424
2e69c457,2e69c456c,2020-10-26,19,{'WEATHERHAZARD'},{'HAZARD_ON_SHOULDER_CAR_STOPPED'},30,{7},5.0
2e69c457,2e69c456c,2020-11-17,12,{'WEATHERHAZARD'},{'HAZARD_ON_ROAD_ROAD_KILL'},31,{20},5.0
2e69c457,2e69c4574,2020-10-19,17,{'WEATHERHAZARD'},{'HAZARD_ON_SHOULDER_CAR_STOPPED'},33,{7},5.0
2e69c457,2e69c4574,2020-10-20,14,{'JAM'},{'JAM_STAND_STILL_TRAFFIC'},6,{7},5.0
2e69c459,2e69c4584,2020-09-01,19,{'JAM'},{'JAM'},7,{7},5.0
2e69c459,2e69c4584,2020-09-19,19,{'JAM'},{'JAM_MODERATE_TRAFFIC'},6,{7},5.0
2e69c459,2e69c4584,2020-10-20,14,{'JAM'},{'JAM_MODERATE_TRAFFIC'},31,{7},5.0
2e69c459,2e69c4584,2020-10-20,17,{'JAM'},"{'JAM_STAND_STILL_TRAFFIC', 'JAM_HEAVY_TRAFFIC'}",45,{7},5.355555555555555
2e69c459,2e69c4584,2020-10-27,13,{'WEATHERHAZARD'},{'HAZARD_ON_ROAD_OBJECT'},60,{7},5.0
2e69c459,2e69c4584,2020-10-31,17,"{'JAM', 'WEATHERHAZARD'}","{'HAZARD_ON_ROAD_CAR_STOPPED', 'JAM_STAND_STILL_TRAFFIC'}",92,{7},5.260869565217392
2e69c459,2e69c4584,2020-11-03,10,{'JAM'},{'JAM_HEAVY_TRAFFIC'},5,{7},5.0
2e69c459,2e69c4584,2020-11-06,15,{'JAM'},{'JAM_STAND_STILL_TRAFFIC'},31,{7},5.0
2e69c459,2e69c4584,2020-11-07,17,{'JAM'},{'JAM_STAND_STILL_TRAFFIC'},45,{7},5.355555555555555
2e69c459,2e69c4584,2020-11-09,13,{'JAM'},{'JAM_HEAVY_TRAFFIC'},30,{7},5.0
2e69c459,2e69c4584,2020-11-09,19,{'WEATHERHAZARD'},{'HAZARD_ON_SHOULDER_CAR_STOPPED'},30,{7},5.0
2e69c459,2e69c4584,2020-11-21,15,{'JAM'},{'JAM_STAND_STILL_TRAFFIC'},31,{7},5.0
2e69c45b,2e69c45b4,2020-09-06,8,{'JAM'},"{'JAM_STAND_STILL_TRAFFIC', 'JAM_HEAVY_TRAFFIC'}",96,{1},5.0
2e69c45d,2e69c45dc,2020-11-19,9,{'WEATHERHAZARD'},{'HAZARD_ON_SHOULDER_CAR_STOPPED'},30,{2},5.9
2e69c45d,2e69c45dc,2020-11-22,14,{'WEATHERHAZARD'},{'HAZARD_ON_SHOULDER_CAR_STOPPED'},32,{2},5.0
2e69c461,2e69c4604,2020-11-04,20,{'WEATHERHAZARD'},{'HAZARD_ON_SHOULDER_CAR_STOPPED'},30,{1},5.0
2e69c461,2e69c4604,2020-11-07,12,{'WEATHERHAZARD'},{'HAZARD_ON_SHOULDER_CAR_STOPPED'},30,{1},5.0
2e69c461,2e69c460c,2020-11-04,20,{'WEATHERHAZARD'},{'HAZARD_ON_SHOULDER_CAR_STOPPED'},32,{2},5.0
2e69c461,2e69c460c,2020-11-07,12,{'WEATHERHAZARD'},{'HAZARD_ON_SHOULDER_CAR_STOPPED'},31,{2},5.0
2e69c461,2e69c461c,2020-11-04,20,{'WEATHERHAZARD'},{'HAZARD_ON_SHOULDER_CAR_STOPPED'},32,{2},5.0
2e69c463,2e69c462c,2020-09-08,20,{'ACCIDENT'},{'ACCIDENT_MAJOR'},122,{6},5.80327868852459
2e69c463,2e69c462c,2020-09-09,19,{'WEATHERHAZARD'},{'HAZARD_ON_SHOULDER_CAR_STOPPED'},62,{2},5.0
2e69c463,2e69c462c,2020-09-19,15,{'JAM'},{'JAM_HEAVY_TRAFFIC'},30,{6},5.0
2e69c463,2e69c462c,2020-09-23,18,{'JAM'},{'JAM_HEAVY_TRAFFIC'},33,{6},5.0
2e69c463,2e69c462c,2020-10-20,17,{'JAM'},{'JAM_STAND_STILL_TRAFFIC'},21,{2},5.380952380952381
2e69c463,2e69c462c,2020-10-23,18,{'JAM'},{'JAM_MODERATE_TRAFFIC'},31,{6},5.0
2e69c463,2e69c462c,2020-10-31,17,{'WEATHERHAZARD'},{'HAZARD_ON_SHOULDER_CAR_STOPPED'},31,{6},5.548387096774194
2e69c463,2e69c462c,2020-11-04,20,{'WEATHERHAZARD'},{'HAZARD_ON_SHOULDER_CAR_STOPPED'},34,{2},5.0
2e69c463,2e69c462c,2020-11-07,10,{'WEATHERHAZARD'},{'HAZARD_ON_SHOULDER_CAR_STOPPED'},30,{6},5.0
2e69c463,2e69c462c,2020-11-07,11,{'JAM'},{'JAM_STAND_STILL_TRAFFIC'},18,{6},5.0
2e69c463,2e69c462c,2020-11-07,13,{'JAM'},{'JAM_HEAVY_TRAFFIC'},32,{6},5.0
2e69c463,2e69c462c,2020-11-12,20,{'WEATHERHAZARD'},{'HAZARD_ON_SHOULDER_CAR_STOPPED'},34,{6},6.264705882352941
2e69c463,2e69c4634,2020-09-09,19,{'WEATHERHAZARD'},{'HAZARD_ON_SHOULDER_CAR_STOPPED'},31,{6},5.161290322580645
2e69c465,2e69c464c,2020-11-01,20,{'JAM'},{'JAM_MODERATE_TRAFFIC'},30,{2},5.0
2e69c465,2e69c4654,2020-09-02,21,{'WEATHERHAZARD'},{'HAZARD_ON_SHOULDER_CAR_STOPPED'},33,{6},5.0
2e69c465,2e69c4654,2020-09-04,17,{'JAM'},{'JAM_HEAVY_TRAFFIC'},32,{6},5.0
2e69c465,2e69c4654,2020-09-05,12,{'JAM'},{'JAM_STAND_STILL_TRAFFIC'},32,{6},5.0
2e69c465,2e69c4654,2020-09-07,17,{'JAM'},{'JAM_HEAVY_TRAFFIC'},30,{6},5.0
2e69c465,2e69c4654,2020-09-07,18,{'JAM'},{'JAM'},33,{6},5.0
2e69c465,2e69c4654,2020-09-14,17,{'JAM'},{'JAM_HEAVY_TRAFFIC'},28,{4},5.0
2e69c465,2e69c4654,2020-09-17,17,{'JAM'},{'JAM_STAND_STILL_TRAFFIC'},31,{4},5.0
2e69c465,2e69c4654,2020-09-26,12,{'JAM'},{'JAM_MODERATE_TRAFFIC'},30,{6},5.0
2e69c465,2e69c4654,2020-09-26,13,{'JAM'},{'JAM'},31,{6},5.0
2e69c465,2e69c4654,2020-09-26,16,{'JAM'},{'JAM_MODERATE_TRAFFIC'},33,{7},5.0
2e69c465,2e69c4654,2020-10-03,11,{'JAM'},{'JAM_STAND_STILL_TRAFFIC'},33,{6},5.0
2e69c465,2e69c4654,2020-10-08,16,{'JAM'},{'JAM_HEAVY_TRAFFIC'},38,{6},5.447368421052632
2e69c465,2e69c4654,2020-10-08,17,{'JAM'},{'JAM_STAND_STILL_TRAFFIC'},32,{6},5.65625
2e69c465,2e69c4654,2020-10-10,12,{'JAM'},{'JAM_HEAVY_TRAFFIC'},32,{6},5.625
2e69c465,2e69c4654,2020-10-12,18,{'JAM'},{'JAM_MODERATE_TRAFFIC'},31,{6},5.0
2e69c465,2e69c4654,2020-10-13,17,{'WEATHERHAZARD'},{'HAZARD_ON_SHOULDER_CAR_STOPPED'},57,{4},5.333333333333333
2e69c465,2e69c4654,2020-10-20,17,{'JAM'},{'JAM_STAND_STILL_TRAFFIC'},47,{6},5.361702127659575
2e69c465,2e69c4654,2020-10-24,13,{'JAM'},{'JAM_STAND_STILL_TRAFFIC'},16,{4},5.0
2e69c465,2e69c4654,2020-10-29,15,{'JAM'},{'JAM_HEAVY_TRAFFIC'},32,{6},5.0
2e69c465,2e69c4654,2020-10-29,18,{'JAM'},{'JAM_STAND_STILL_TRAFFIC'},2,{6},5.5
2e69c465,2e69c4654,2020-10-30,18,{'JAM'},{'JAM_STAND_STILL_TRAFFIC'},32,{6},7.59375
2e69c465,2e69c4654,2020-11-01,17,{'JAM'},{'JAM_HEAVY_TRAFFIC'},48,{7},5.770833333333333
2e69c465,2e69c4654,2020-11-02,19,{'WEATHERHAZARD'},{'HAZARD_ON_SHOULDER_CAR_STOPPED'},31,{4},5.0
2e69c465,2e69c4654,2020-11-06,14,{'JAM'},{'JAM_HEAVY_TRAFFIC'},32,{6},5.0
2e69c465,2e69c4654,2020-11-07,11,{'JAM'},{'JAM_STAND_STILL_TRAFFIC'},32,{6},5.0
2e69c465,2e69c4654,2020-11-07,12,{'JAM'},{'JAM_MODERATE_TRAFFIC'},30,{6},5.0
2e69c465,2e69c4654,2020-11-07,16,{'JAM'},{'JAM_HEAVY_TRAFFIC'},32,{6},5.0
2e69c465,2e69c4654,2020-11-10,17,{'JAM'},{'JAM_STAND_STILL_TRAFFIC'},34,{6},5.0
2e69c465,2e69c4654,2020-11-21,13,{'JAM'},{'JAM_HEAVY_TRAFFIC'},30,{6},5.0
2e69c467,2e69c4664,2020-10-07,11,{'WEATHERHAZARD'},{'HAZARD_ON_SHOULDER_CAR_STOPPED'},30,{2},5.0
2e69c467,2e69c4664,2020-10-28,11,{'WEATHERHAZARD'},{'HAZARD_ON_SHOULDER_CAR_STOPPED'},30,{2},5.0
2e69c467,2e69c467c,2020-11-09,9,{'JAM'},{'JAM'},31,{1},5.0
2e69c46b,2e69c46b4,2020-09-07,17,{'JAM'},{'JAM_HEAVY_TRAFFIC'},32,{6},5.0
2e69c46b,2e69c46b4,2020-09-08,20,{'WEATHERHAZARD'},{'HAZARD_ON_SHOULDER_CAR_STOPPED'},31,{6},6.548387096774194
2e69c46b,2e69c46b4,2020-09-16,18,{'WEATHERHAZARD'},{'HAZARD_ON_SHOULDER_CAR_STOPPED'},32,{6},5.15625
2e69c46b,2e69c46b4,2020-09-18,21,{'WEATHERHAZARD'},{'HAZARD_ON_SHOULDER_CAR_STOPPED'},8,{6},5.0
2e69c46b,2e69c46b4,2020-09-29,7,{'JAM'},{'JAM_HEAVY_TRAFFIC'},31,{6},5.0
2e69c46b,2e69c46b4,2020-10-04,16,{'JAM'},{'JAM_STAND_STILL_TRAFFIC'},32,{6},5.0
2e69c46b,2e69c46b4,2020-10-07,18,{'JAM'},{'JAM_STAND_STILL_TRAFFIC'},28,{6},5.0
2e69c46b,2e69c46b4,2020-10-15,16,{'JAM'},{'JAM_STAND_STILL_TRAFFIC'},31,{6},5.0
2e69c46b,2e69c46b4,2020-10-21,10,{'JAM'},{'JAM_MODERATE_TRAFFIC'},30,{6},5.0
2e69c46b,2e69c46b4,2020-10-23,7,{'JAM'},{'JAM_HEAVY_TRAFFIC'},30,{6},5.566666666666666
2e69c46b,2e69c46b4,2020-10-28,17,{'JAM'},{'JAM_HEAVY_TRAFFIC'},31,{6},5.0
2e69c46b,2e69c46b4,2020-11-20,14,{'JAM'},{'JAM_MODERATE_TRAFFIC'},30,{6},5.6
2e69c46b,2e69c46b4,2020-11-22,15,{'WEATHERHAZARD'},{'HAZARD_ON_ROAD_CAR_STOPPED'},37,{6},7.027027027027027
2e69c46d,2e69c46c4,2020-09-03,20,{'WEATHERHAZARD'},{'HAZARD_ON_SHOULDER_CAR_STOPPED'},32,{6},5.9375
2e69c46d,2e69c46c4,2020-09-10,19,{'WEATHERHAZARD'},{'HAZARD_ON_SHOULDER_CAR_STOPPED'},31,{6},5.0
2e69c46d,2e69c46c4,2020-09-18,21,{'WEATHERHAZARD'},{'HAZARD_ON_SHOULDER_CAR_STOPPED'},7,{6},5.0
2e69c46d,2e69c46c4,2020-09-21,17,{'WEATHERHAZARD'},{'HAZARD_ON_SHOULDER_CAR_STOPPED'},31,{6},5.935483870967742
2e69c46d,2e69c46c4,2020-09-24,16,{'JAM'},{'JAM_MODERATE_TRAFFIC'},31,{6},5.0
2e69c46d,2e69c46c4,2020-09-30,15,{'WEATHERHAZARD'},{'HAZARD_ON_SHOULDER_CAR_STOPPED'},39,{6},5.82051282051282
2e69c46d,2e69c46c4,2020-10-05,11,{'WEATHERHAZARD'},{'HAZARD_ON_SHOULDER_CAR_STOPPED'},32,{6},5.375
2e69c46d,2e69c46c4,2020-10-09,14,{'WEATHERHAZARD'},{'HAZARD_ON_ROAD_OBJECT'},64,{6},6.15625
2e69c46d,2e69c46c4,2020-10-14,17,{'JAM'},{'JAM_MODERATE_TRAFFIC'},33,{6},5.0
2e69c46d,2e69c46c4,2020-10-19,17,{'JAM'},{'JAM_HEAVY_TRAFFIC'},32,{6},5.0
2e69c46d,2e69c46c4,2020-10-23,6,{'JAM'},{'JAM_STAND_STILL_TRAFFIC'},49,{6},6.183673469387755
2e69c46d,2e69c46c4,2020-10-23,7,{'JAM'},"{'JAM_STAND_STILL_TRAFFIC', 'JAM_HEAVY_TRAFFIC'}",138,"{6, 7}",5.644927536231884
2e69c46d,2e69c46c4,2020-10-28,17,{'JAM'},{'JAM_HEAVY_TRAFFIC'},30,{6},5.0
2e69c46d,2e69c46c4,2020-11-07,12,{'WEATHERHAZARD'},{'HAZARD_ON_SHOULDER_CAR_STOPPED'},31,{6},5.483870967741935
2e69c46d,2e69c46c4,2020-11-12,19,{'WEATHERHAZARD'},{'HAZARD_ON_SHOULDER_CAR_STOPPED'},30,{6},5.0
2e69c46d,2e69c46c4,2020-11-17,15,{'WEATHERHAZARD'},{'HAZARD_ON_SHOULDER_CAR_STOPPED'},70,{6},5.242857142857143
2e69c46d,2e69c46cc,2020-09-07,17,{'JAM'},{'JAM_HEAVY_TRAFFIC'},31,{6},5.0
2e69c46d,2e69c46cc,2020-09-10,19,{'WEATHERHAZARD'},{'HAZARD_ON_SHOULDER_CAR_STOPPED'},31,{6},5.096774193548387
2e69c46d,2e69c46cc,2020-09-11,19,{'WEATHERHAZARD'},{'HAZARD_ON_SHOULDER_CAR_STOPPED'},31,{6},5.032258064516129
2e69c46d,2e69c46cc,2020-09-14,16,{'WEATHERHAZARD'},{'HAZARD_ON_SHOULDER_CAR_STOPPED'},50,{6},5.32
2e69c46d,2e69c46cc,2020-10-08,16,{'JAM'},{'JAM_STAND_STILL_TRAFFIC'},30,{6},5.0
2e69c46d,2e69c46cc,2020-10-12,18,{'WEATHERHAZARD'},{'HAZARD_ON_SHOULDER_CAR_STOPPED'},33,{6},5.0
2e69c46d,2e69c46cc,2020-10-23,6,{'JAM'},{'JAM_STAND_STILL_TRAFFIC'},57,{6},7.2105263157894735
2e69c46d,2e69c46cc,2020-10-26,17,{'JAM'},{'JAM_HEAVY_TRAFFIC'},31,{6},5.0
2e69c46d,2e69c46cc,2020-10-30,16,{'JAM'},{'JAM_MODERATE_TRAFFIC'},30,{6},5.0
2e69c46d,2e69c46cc,2020-11-04,19,{'WEATHERHAZARD'},{'HAZARD_ON_SHOULDER_CAR_STOPPED'},34,{6},5.0
2e69c46f,2e69c46e4,2020-10-23,7,{'JAM'},{'JAM_STAND_STILL_TRAFFIC'},11,{6},7.0
2e69c46f,2e69c46ec,2020-09-03,20,{'WEATHERHAZARD'},{'HAZARD_ON_SHOULDER_CAR_STOPPED'},32,{6},5.9375
2e69c46f,2e69c46ec,2020-09-08,20,{'WEATHERHAZARD'},{'HAZARD_ON_SHOULDER_CAR_STOPPED'},30,{6},6.433333333333334
2e69c46f,2e69c46ec,2020-09-11,19,{'WEATHERHAZARD'},{'HAZARD_ON_SHOULDER_CAR_STOPPED'},30,{6},5.5
2e69c46f,2e69c46ec,2020-09-24,16,{'WEATHERHAZARD'},{'HAZARD_ON_SHOULDER_CAR_STOPPED'},30,{6},5.366666666666666
2e69c46f,2e69c46ec,2020-10-01,19,{'WEATHERHAZARD'},{'HAZARD_ON_SHOULDER_CAR_STOPPED'},31,{4},5.0
2e69c46f,2e69c46ec,2020-10-06,21,{'JAM'},{'JAM'},31,{1},5.0
2e69c46f,2e69c46ec,2020-10-23,7,{'JAM'},{'JAM_STAND_STILL_TRAFFIC'},32,"{6, 7}",7.6875
2e69c46f,2e69c46ec,2020-11-12,19,{'WEATHERHAZARD'},{'HAZARD_ON_SHOULDER_CAR_STOPPED'},15,{6},5.8
2e69c46f,2e69c46ec,2020-11-18,19,{'WEATHERHAZARD'},{'HAZARD_ON_SHOULDER_CAR_STOPPED'},42,{6},5.976190476190476
2e69c46f,2e69c46ec,2020-11-21,12,{'JAM'},{'JAM'},7,{6},5.0
2e69c46f,2e69c46f4,2020-10-31,11,{'JAM'},{'JAM_MODERATE_TRAFFIC'},30,{1},5.0
2e69c46f,2e69c46fc,2020-09-02,21,{'WEATHERHAZARD'},{'HAZARD_ON_SHOULDER_CAR_STOPPED'},33,{6},5.0
2e69c46f,2e69c46fc,2020-09-04,20,{'WEATHERHAZARD'},{'HAZARD_ON_SHOULDER_CAR_STOPPED'},31,{4},5.096774193548387
2e69c46f,2e69c46fc,2020-10-08,17,{'JAM'},{'JAM_STAND_STILL_TRAFFIC'},15,{6},5.0
2e69c46f,2e69c46fc,2020-10-10,10,{'WEATHERHAZARD'},{'HAZARD_ON_SHOULDER_CAR_STOPPED'},30,{7},5.0
2e69c46f,2e69c46fc,2020-10-15,14,{'JAM'},{'JAM_HEAVY_TRAFFIC'},31,{6},5.0
2e69c46f,2e69c46fc,2020-10-23,7,{'JAM'},{'JAM_STAND_STILL_TRAFFIC'},17,{6},5.764705882352941
2e69c46f,2e69c46fc,2020-10-31,16,{'JAM'},{'JAM_HEAVY_TRAFFIC'},30,{4},5.0
2e69c46f,2e69c46fc,2020-11-01,18,{'JAM'},{'JAM_HEAVY_TRAFFIC'},8,{7},5.0
2e69c46f,2e69c46fc,2020-11-10,17,{'JAM'},{'JAM_STAND_STILL_TRAFFIC'},32,{6},5.9375
2e69c46f,2e69c46fc,2020-11-17,15,{'WEATHERHAZARD'},{'HAZARD_ON_SHOULDER_CAR_STOPPED'},31,{6},5.0
2e69c471,2e69c4704,2020-09-09,12,{'JAM'},{'JAM'},35,{20},5.0
2e69c47b,2e69c47ac,2020-09-01,21,{'WEATHERHAZARD'},{'HAZARD_ON_SHOULDER_CAR_STOPPED'},30,{6},5.466666666666667
2e69c47b,2e69c47ac,2020-09-03,17,{'JAM'},{'JAM_HEAVY_TRAFFIC'},30,{6},5.0
2e69c47b,2e69c47ac,2020-09-04,20,{'WEATHERHAZARD'},"{'HAZARD_ON_SHOULDER_CAR_STOPPED', 'HAZARD_ON_ROAD_CAR_STOPPED'}",69,{6},5.594202898550725
2e69c47b,2e69c47ac,2020-09-05,18,{'JAM'},{'JAM_STAND_STILL_TRAFFIC'},32,{6},5.0
2e69c47b,2e69c47ac,2020-09-05,21,{'ACCIDENT'},{'ACCIDENT_MINOR'},15,{6},5.866666666666666
2e69c47b,2e69c47ac,2020-09-07,18,{'WEATHERHAZARD'},{'HAZARD_ON_SHOULDER_CAR_STOPPED'},34,{6},6.735294117647059
2e69c47b,2e69c47ac,2020-09-07,19,{'WEATHERHAZARD'},{'HAZARD_ON_SHOULDER_CAR_STOPPED'},34,{6},5.676470588235294
2e69c47b,2e69c47ac,2020-09-08,7,{'WEATHERHAZARD'},{'HAZARD_ON_SHOULDER_CAR_STOPPED'},32,{6},5.0
2e69c47b,2e69c47ac,2020-09-08,18,{'JAM'},{'JAM_HEAVY_TRAFFIC'},33,{6},5.878787878787879
2e69c47b,2e69c47ac,2020-09-08,20,{'WEATHERHAZARD'},{'HAZARD_ON_SHOULDER_CAR_STOPPED'},24,{6},6.625
2e69c47b,2e69c47ac,2020-09-11,9,{'WEATHERHAZARD'},{'HAZARD_ON_SHOULDER_CAR_STOPPED'},33,{6},6.090909090909091
2e69c47b,2e69c47ac,2020-09-11,19,{'JAM'},{'JAM_MODERATE_TRAFFIC'},30,{6},5.0
2e69c47b,2e69c47ac,2020-09-16,18,{'JAM'},{'JAM_MODERATE_TRAFFIC'},29,{6},5.931034482758621
2e69c47b,2e69c47ac,2020-09-17,17,{'JAM'},{'JAM_HEAVY_TRAFFIC'},31,{6},5.0
2e69c47b,2e69c47ac,2020-09-18,20,{'WEATHERHAZARD'},{'HAZARD_ON_SHOULDER_CAR_STOPPED'},31,{6},6.161290322580645
2e69c47b,2e69c47ac,2020-09-24,7,"{'JAM', 'WEATHERHAZARD'}","{'HAZARD_ON_SHOULDER_CAR_STOPPED', 'JAM_MODERATE_TRAFFIC'}",44,{6},5.590909090909091
2e69c47b,2e69c47ac,2020-09-24,16,"{'JAM', 'WEATHERHAZARD'}","{'HAZARD_ON_SHOULDER_CAR_STOPPED', 'JAM_MODERATE_TRAFFIC'}",59,{6},5.11864406779661
2e69c47b,2e69c47ac,2020-09-24,17,{'JAM'},{'JAM_STAND_STILL_TRAFFIC'},36,{6},6.25
2e69c47b,2e69c47ac,2020-09-26,16,{'JAM'},{'JAM_MODERATE_TRAFFIC'},33,{6},5.0
2e69c47b,2e69c47ac,2020-09-28,17,{'JAM'},{'JAM_STAND_STILL_TRAFFIC'},31,{6},5.0
2e69c47b,2e69c47ac,2020-09-30,15,{'JAM'},{'JAM_MODERATE_TRAFFIC'},33,{6},5.0
2e69c47b,2e69c47ac,2020-10-01,18,{'JAM'},{'JAM_STAND_STILL_TRAFFIC'},32,{6},5.0
2e69c47b,2e69c47ac,2020-10-04,20,{'WEATHERHAZARD'},{'HAZARD_ON_SHOULDER_CAR_STOPPED'},25,{6},5.64
2e69c47b,2e69c47ac,2020-10-05,9,{'WEATHERHAZARD'},{'HAZARD_ON_SHOULDER_CAR_STOPPED'},30,{6},5.7
2e69c47b,2e69c47ac,2020-10-06,10,{'WEATHERHAZARD'},{'HAZARD_ON_SHOULDER_CAR_STOPPED'},29,{6},5.0
2e69c47b,2e69c47ac,2020-10-10,10,{'JAM'},{'JAM_HEAVY_TRAFFIC'},31,{6},5.0
2e69c47b,2e69c47ac,2020-10-10,14,{'JAM'},{'JAM_HEAVY_TRAFFIC'},30,{6},6.833333333333333
2e69c47b,2e69c47ac,2020-10-10,15,{'JAM'},{'JAM_STAND_STILL_TRAFFIC'},31,{6},5.0
2e69c47b,2e69c47ac,2020-10-12,18,{'JAM'},"{'JAM_MODERATE_TRAFFIC', 'JAM_HEAVY_TRAFFIC'}",64,{6},5.4375
2e69c47b,2e69c47ac,2020-10-13,17,{'JAM'},{'JAM_MODERATE_TRAFFIC'},37,{6},5.0
2e69c47b,2e69c47ac,2020-10-15,16,{'JAM'},{'JAM_STAND_STILL_TRAFFIC'},8,{6},5.0
2e69c47b,2e69c47ac,2020-10-17,16,{'JAM'},{'JAM_HEAVY_TRAFFIC'},32,{6},5.0
2e69c47b,2e69c47ac,2020-10-20,16,{'JAM'},{'JAM_STAND_STILL_TRAFFIC'},32,{6},5.0
2e69c47b,2e69c47ac,2020-10-22,17,{'JAM'},{'JAM_HEAVY_TRAFFIC'},32,{6},5.0
2e69c47b,2e69c47ac,2020-10-24,18,{'JAM'},{'JAM_HEAVY_TRAFFIC'},32,{6},5.8125
2e69c47b,2e69c47ac,2020-10-27,18,{'JAM'},{'JAM_HEAVY_TRAFFIC'},34,{6},5.0
2e69c47b,2e69c47ac,2020-10-28,15,{'JAM'},{'JAM_HEAVY_TRAFFIC'},31,{6},5.0
2e69c47b,2e69c47ac,2020-10-28,17,{'WEATHERHAZARD'},{'HAZARD_ON_SHOULDER_CAR_STOPPED'},6,{6},6.333333333333333
2e69c47b,2e69c47ac,2020-10-29,18,{'JAM'},{'JAM_STAND_STILL_TRAFFIC'},29,{6},7.0
2e69c47b,2e69c47ac,2020-10-31,18,{'JAM'},{'JAM_HEAVY_TRAFFIC'},31,{6},5.0
2e69c47b,2e69c47ac,2020-11-01,17,{'JAM'},{'JAM_STAND_STILL_TRAFFIC'},30,{6},5.0
2e69c47b,2e69c47ac,2020-11-04,19,{'JAM'},{'JAM_MODERATE_TRAFFIC'},31,{6},5.0
2e69c47b,2e69c47ac,2020-11-04,20,{'WEATHERHAZARD'},{'HAZARD_ON_SHOULDER_CAR_STOPPED'},34,{6},6.0
2e69c47b,2e69c47ac,2020-11-05,9,{'WEATHERHAZARD'},{'HAZARD_ON_SHOULDER_CAR_STOPPED'},34,{6},5.264705882352941
2e69c47b,2e69c47ac,2020-11-05,19,"{'JAM', 'WEATHERHAZARD'}","{'HAZARD_ON_SHOULDER_CAR_STOPPED', 'JAM_MODERATE_TRAFFIC'}",45,{6},5.177777777777778
2e69c47b,2e69c47ac,2020-11-07,11,{'JAM'},{'JAM_STAND_STILL_TRAFFIC'},43,{6},5.976744186046512
2e69c47b,2e69c47ac,2020-11-07,12,{'WEATHERHAZARD'},{'HAZARD_ON_SHOULDER_CAR_STOPPED'},5,{6},5.4
2e69c47b,2e69c47ac,2020-11-07,15,{'JAM'},{'JAM_STAND_STILL_TRAFFIC'},46,{6},5.782608695652174
2e69c47b,2e69c47ac,2020-11-11,14,{'JAM'},{'JAM_MODERATE_TRAFFIC'},33,{6},5.0
2e69c47b,2e69c47ac,2020-11-12,19,{'JAM'},{'JAM_MODERATE_TRAFFIC'},31,{6},5.0
2e69c47b,2e69c47ac,2020-11-13,9,{'WEATHERHAZARD'},{'HAZARD_ON_SHOULDER_CAR_STOPPED'},30,{6},5.366666666666666
2e69c47b,2e69c47ac,2020-11-13,18,{'JAM'},{'JAM'},32,{6},5.625
2e69c47b,2e69c47ac,2020-11-18,8,{'WEATHERHAZARD'},{'HAZARD_ON_SHOULDER_CAR_STOPPED'},30,{6},7.433333333333334
2e69c47b,2e69c47ac,2020-11-18,12,{'JAM'},{'JAM_MODERATE_TRAFFIC'},31,{6},5.0
2e69c47b,2e69c47ac,2020-11-19,16,{'JAM'},{'JAM_HEAVY_TRAFFIC'},30,{6},5.0
2e69c47b,2e69c47ac,2020-11-19,17,{'JAM'},{'JAM_STAND_STILL_TRAFFIC'},30,{6},5.0
2e69c47b,2e69c47ac,2020-11-20,18,{'JAM'},{'JAM_STAND_STILL_TRAFFIC'},31,{6},5.0
2e69c47b,2e69c47ac,2020-11-21,9,{'JAM'},{'JAM_MODERATE_TRAFFIC'},32,{6},5.0
2e69c47b,2e69c47b4,2020-09-01,21,{'WEATHERHAZARD'},{'HAZARD_ON_SHOULDER_CAR_STOPPED'},33,{6},5.545454545454546
2e69c47b,2e69c47b4,2020-09-02,21,{'WEATHERHAZARD'},{'HAZARD_ON_SHOULDER_CAR_STOPPED'},31,{6},5.0
2e69c47b,2e69c47b4,2020-09-04,9,{'JAM'},{'JAM_HEAVY_TRAFFIC'},15,{6},5.0
2e69c47b,2e69c47b4,2020-09-04,10,{'WEATHERHAZARD'},{'HAZARD_ON_SHOULDER_CAR_STOPPED'},30,{6},5.0
2e69c47b,2e69c47b4,2020-09-04,20,{'WEATHERHAZARD'},{'HAZARD_ON_SHOULDER_CAR_STOPPED'},81,{6},5.395061728395062
2e69c47b,2e69c47b4,2020-09-07,19,{'WEATHERHAZARD'},{'HAZARD_ON_SHOULDER_CAR_STOPPED'},31,{6},5.0
2e69c47b,2e69c47b4,2020-09-09,10,{'WEATHERHAZARD'},{'HAZARD_ON_SHOULDER_CAR_STOPPED'},30,{6},5.0
2e69c47b,2e69c47b4,2020-09-14,8,{'WEATHERHAZARD'},{'HAZARD_ON_SHOULDER_CAR_STOPPED'},31,{6},5.0
2e69c47b,2e69c47b4,2020-09-16,9,{'JAM'},{'JAM_MODERATE_TRAFFIC'},8,{6},5.0
2e69c47b,2e69c47b4,2020-09-20,16,{'WEATHERHAZARD'},{'HAZARD_ON_SHOULDER_CAR_STOPPED'},50,{6},6.68
2e69c47b,2e69c47b4,2020-09-24,16,{'WEATHERHAZARD'},{'HAZARD_ON_SHOULDER_CAR_STOPPED'},32,{6},5.6875
2e69c47b,2e69c47b4,2020-09-29,5,{'JAM'},{'JAM_MODERATE_TRAFFIC'},30,{6},5.0
2e69c47b,2e69c47b4,2020-10-02,18,{'WEATHERHAZARD'},{'HAZARD_ON_SHOULDER_CAR_STOPPED'},31,{6},5.774193548387097
2e69c47b,2e69c47b4,2020-10-03,18,{'WEATHERHAZARD'},{'HAZARD_ON_SHOULDER_CAR_STOPPED'},31,{6},5.806451612903226
2e69c47b,2e69c47b4,2020-10-04,20,{'WEATHERHAZARD'},{'HAZARD_ON_SHOULDER_CAR_STOPPED'},30,{6},5.466666666666667
2e69c47b,2e69c47b4,2020-10-06,9,{'WEATHERHAZARD'},{'HAZARD_ON_SHOULDER_CAR_STOPPED'},30,{6},5.0
2e69c47b,2e69c47b4,2020-10-06,10,{'WEATHERHAZARD'},{'HAZARD_ON_SHOULDER_CAR_STOPPED'},29,{6},5.0
2e69c47b,2e69c47b4,2020-10-06,17,{'JAM'},{'JAM_MODERATE_TRAFFIC'},30,{6},5.0
2e69c47b,2e69c47b4,2020-10-07,11,{'WEATHERHAZARD'},{'HAZARD_ON_SHOULDER_CAR_STOPPED'},38,{6},6.684210526315789
2e69c47b,2e69c47b4,2020-10-08,18,{'WEATHERHAZARD'},{'HAZARD_ON_SHOULDER_CAR_STOPPED'},23,{6},6.739130434782608
2e69c47b,2e69c47b4,2020-10-10,10,{'WEATHERHAZARD'},{'HAZARD_ON_SHOULDER_CAR_STOPPED'},21,{6},6.523809523809524
2e69c47b,2e69c47b4,2020-10-11,17,{'JAM'},{'JAM_HEAVY_TRAFFIC'},56,{6},5.875
2e69c47b,2e69c47b4,2020-10-20,14,{'JAM'},{'JAM_MODERATE_TRAFFIC'},7,{6},5.0
2e69c47b,2e69c47b4,2020-10-21,17,{'WEATHERHAZARD'},{'HAZARD_ON_SHOULDER_CAR_STOPPED'},30,{6},5.0
2e69c47b,2e69c47b4,2020-10-24,16,{'JAM'},{'JAM_STAND_STILL_TRAFFIC'},24,{6},5.0
2e69c47b,2e69c47b4,2020-10-24,18,{'JAM'},{'JAM_STAND_STILL_TRAFFIC'},31,{6},5.0
2e69c47b,2e69c47b4,2020-10-25,9,{'WEATHERHAZARD'},{'HAZARD_ON_SHOULDER_CAR_STOPPED'},30,{6},5.233333333333333
2e69c47b,2e69c47b4,2020-10-25,17,{'JAM'},{'JAM_MODERATE_TRAFFIC'},7,{6},5.0
2e69c47b,2e69c47b4,2020-10-30,17,{'JAM'},{'JAM'},6,{6},5.0
2e69c47b,2e69c47b4,2020-10-31,7,{'JAM'},{'JAM_STAND_STILL_TRAFFIC'},10,{6},5.0
2e69c47b,2e69c47b4,2020-11-01,19,{'JAM'},{'JAM_MODERATE_TRAFFIC'},31,{6},5.0
2e69c47b,2e69c47b4,2020-11-02,19,{'WEATHERHAZARD'},{'HAZARD_ON_SHOULDER_CAR_STOPPED'},44,{6},5.431818181818182
2e69c47b,2e69c47b4,2020-11-04,19,{'WEATHERHAZARD'},{'HAZARD_ON_SHOULDER_CAR_STOPPED'},30,{6},5.933333333333334
2e69c47b,2e69c47b4,2020-11-04,20,{'WEATHERHAZARD'},{'HAZARD_ON_SHOULDER_CAR_STOPPED'},30,{6},5.533333333333333
2e69c47b,2e69c47b4,2020-11-05,9,{'WEATHERHAZARD'},{'HAZARD_ON_SHOULDER_CAR_STOPPED'},74,{6},5.202702702702703
2e69c47b,2e69c47b4,2020-11-05,19,{'WEATHERHAZARD'},{'HAZARD_ON_SHOULDER_CAR_STOPPED'},31,{6},5.709677419354839
2e69c47b,2e69c47b4,2020-11-06,11,{'WEATHERHAZARD'},{'HAZARD_ON_SHOULDER_CAR_STOPPED'},31,{6},5.580645161290323
2e69c47b,2e69c47b4,2020-11-07,17,{'JAM'},{'JAM_STAND_STILL_TRAFFIC'},61,{6},5.0
2e69c47b,2e69c47b4,2020-11-09,20,{'JAM'},{'JAM_HEAVY_TRAFFIC'},15,{6},5.0
2e69c47b,2e69c47b4,2020-11-12,19,{'WEATHERHAZARD'},{'HAZARD_ON_SHOULDER_CAR_STOPPED'},1,{6},5.0
2e69c47b,2e69c47b4,2020-11-12,20,{'JAM'},{'JAM_MODERATE_TRAFFIC'},29,{6},5.0
2e69c47b,2e69c47b4,2020-11-14,11,{'WEATHERHAZARD'},{'HAZARD_ON_SHOULDER_CAR_STOPPED'},30,{6},5.9
2e69c47b,2e69c47b4,2020-11-14,14,{'JAM'},{'JAM_MODERATE_TRAFFIC'},5,{6},5.0
2e69c47b,2e69c47b4,2020-11-14,16,{'JAM'},{'JAM_STAND_STILL_TRAFFIC'},35,{6},5.9714285714285715
2e69c47b,2e69c47b4,2020-11-15,18,{'JAM'},{'JAM_STAND_STILL_TRAFFIC'},5,{6},5.0
2e69c47b,2e69c47b4,2020-11-17,15,{'WEATHERHAZARD'},{'HAZARD_ON_SHOULDER_CAR_STOPPED'},30,{6},5.1
2e69c47b,2e69c47b4,2020-11-18,8,"{'JAM', 'WEATHERHAZARD'}","{'HAZARD_ON_ROAD_CAR_STOPPED', 'JAM_MODERATE_TRAFFIC'}",45,{6},5.822222222222222
2e69c47b,2e69c47b4,2020-11-19,9,{'JAM'},{'JAM_HEAVY_TRAFFIC'},7,{6},5.0
2e69c47b,2e69c47b4,2020-11-20,9,{'JAM'},{'JAM_MODERATE_TRAFFIC'},6,{6},5.0
2e69c47b,2e69c47b4,2020-11-21,19,{'WEATHERHAZARD'},{'HAZARD_ON_SHOULDER_CAR_STOPPED'},31,{6},5.0
2e69c47b,2e69c47bc,2020-11-14,14,{'WEATHERHAZARD'},{'HAZARD_ON_SHOULDER_CAR_STOPPED'},52,{6},5.8076923076923075
2e69c47d,2e69c47c4,2020-09-01,21,{'WEATHERHAZARD'},{'HAZARD_ON_SHOULDER_CAR_STOPPED'},33,{6},5.0
2e69c47d,2e69c47c4,2020-09-03,20,{'WEATHERHAZARD'},{'HAZARD_ON_SHOULDER_CAR_STOPPED'},1,{6},5.0
2e69c47d,2e69c47c4,2020-09-07,19,{'WEATHERHAZARD'},{'HAZARD_ON_SHOULDER_CAR_STOPPED'},47,{6},5.340425531914893
2e69c47d,2e69c47c4,2020-09-08,20,{'WEATHERHAZARD'},{'HAZARD_ON_SHOULDER_CAR_STOPPED'},40,{6},5.425
2e69c47d,2e69c47c4,2020-09-09,19,{'WEATHERHAZARD'},{'HAZARD_ON_SHOULDER_CAR_STOPPED'},31,{6},5.0
2e69c47d,2e69c47c4,2020-09-10,19,{'WEATHERHAZARD'},{'HAZARD_ON_SHOULDER_CAR_STOPPED'},64,{6},5.484375
2e69c47d,2e69c47c4,2020-09-21,17,{'WEATHERHAZARD'},{'HAZARD_ON_SHOULDER_CAR_STOPPED'},31,{6},5.967741935483871
2e69c47d,2e69c47c4,2020-09-22,16,{'WEATHERHAZARD'},{'HAZARD_ON_SHOULDER_CAR_STOPPED'},36,{6},5.444444444444445
2e69c47d,2e69c47c4,2020-09-23,6,{'WEATHERHAZARD'},{'HAZARD_ON_SHOULDER_CAR_STOPPED'},35,{6},5.514285714285714
2e69c47d,2e69c47c4,2020-09-24,16,{'WEATHERHAZARD'},{'HAZARD_ON_SHOULDER_CAR_STOPPED'},31,{6},5.67741935483871
2e69c47d,2e69c47c4,2020-10-12,18,{'WEATHERHAZARD'},{'HAZARD_ON_SHOULDER_CAR_STOPPED'},14,{6},5.357142857142857
2e69c47d,2e69c47c4,2020-10-13,17,{'WEATHERHAZARD'},{'HAZARD_ON_SHOULDER_CAR_STOPPED'},35,{6},6.514285714285714
2e69c47d,2e69c47c4,2020-11-04,9,{'WEATHERHAZARD'},{'HAZARD_ON_SHOULDER_CAR_STOPPED'},30,{6},5.5
2e69c47d,2e69c47c4,2020-11-04,20,{'WEATHERHAZARD'},{'HAZARD_ON_SHOULDER_CAR_STOPPED'},33,{6},5.0
2e69c47d,2e69c47c4,2020-11-05,9,{'WEATHERHAZARD'},{'HAZARD_ON_SHOULDER_CAR_STOPPED'},30,{6},5.066666666666666
2e69c47d,2e69c47c4,2020-11-18,19,{'WEATHERHAZARD'},{'HAZARD_ON_SHOULDER_CAR_STOPPED'},74,{6},5.5
2e69c47d,2e69c47cc,2020-09-09,19,{'WEATHERHAZARD'},{'HAZARD_ON_SHOULDER_CAR_STOPPED'},33,{6},5.0
2e69c47d,2e69c47cc,2020-09-26,17,{'JAM'},{'JAM'},32,{6},5.0
2e69c47d,2e69c47cc,2020-10-03,18,{'WEATHERHAZARD'},{'HAZARD_ON_SHOULDER_CAR_STOPPED'},31,{6},5.451612903225806
2e69c47d,2e69c47cc,2020-10-07,11,{'WEATHERHAZARD'},{'HAZARD_ON_SHOULDER_CAR_STOPPED'},33,{6},5.7272727272727275
2e69c47d,2e69c47cc,2020-10-08,19,{'WEATHERHAZARD'},{'HAZARD_ON_SHOULDER_CAR_STOPPED'},61,{6},6.032786885245901
2e69c47d,2e69c47cc,2020-10-11,17,{'JAM'},{'JAM_HEAVY_TRAFFIC'},6,{6},5.0
2e69c47d,2e69c47cc,2020-10-18,17,{'JAM'},{'JAM_MODERATE_TRAFFIC'},30,{6},5.0
2e69c47d,2e69c47cc,2020-10-21,17,{'WEATHERHAZARD'},{'HAZARD_ON_SHOULDER_CAR_STOPPED'},36,{6},5.0
2e69c47d,2e69c47cc,2020-10-23,18,{'WEATHERHAZARD'},{'HAZARD_ON_SHOULDER_CAR_STOPPED'},30,{6},5.233333333333333
2e69c47d,2e69c47cc,2020-10-24,6,{'WEATHERHAZARD'},{'HAZARD_ON_SHOULDER_CAR_STOPPED'},29,{6},5.068965517241379
2e69c47d,2e69c47cc,2020-10-24,16,{'JAM'},{'JAM_HEAVY_TRAFFIC'},32,{6},5.65625
2e69c47d,2e69c47cc,2020-10-24,18,{'JAM'},{'JAM_STAND_STILL_TRAFFIC'},31,{6},5.0
2e69c47d,2e69c47cc,2020-10-25,17,{'JAM'},{'JAM_MODERATE_TRAFFIC'},5,{6},5.0
2e69c47d,2e69c47cc,2020-10-27,5,{'WEATHERHAZARD'},{'HAZARD_ON_SHOULDER_CAR_STOPPED'},62,{6},5.0
2e69c47d,2e69c47cc,2020-10-27,19,{'WEATHERHAZARD'},{'HAZARD_ON_SHOULDER_CAR_STOPPED'},32,{6},6.71875
2e69c47d,2e69c47cc,2020-10-31,16,{'JAM'},{'JAM_STAND_STILL_TRAFFIC'},30,{6},5.0
2e69c47d,2e69c47cc,2020-11-01,15,{'JAM'},{'JAM_STAND_STILL_TRAFFIC'},31,{6},5.483870967741935
2e69c47d,2e69c47cc,2020-11-02,7,{'JAM'},{'JAM_MODERATE_TRAFFIC'},30,{6},5.933333333333334
2e69c47d,2e69c47cc,2020-11-02,19,{'WEATHERHAZARD'},{'HAZARD_ON_SHOULDER_CAR_STOPPED'},43,{6},5.441860465116279
2e69c47d,2e69c47cc,2020-11-05,20,{'WEATHERHAZARD'},"{'HAZARD_ON_SHOULDER_CAR_STOPPED', 'HAZARD_ON_ROAD_POT_HOLE'}",676,{6},8.347633136094675
2e69c47d,2e69c47cc,2020-11-07,10,{'WEATHERHAZARD'},{'HAZARD_ON_SHOULDER_CAR_STOPPED'},32,{6},5.0
2e69c47d,2e69c47cc,2020-11-07,12,{'WEATHERHAZARD'},{'HAZARD_ON_SHOULDER_CAR_STOPPED'},30,{6},5.0
2e69c47d,2e69c47cc,2020-11-07,13,{'JAM'},{'JAM_STAND_STILL_TRAFFIC'},30,{6},5.0
2e69c47d,2e69c47cc,2020-11-07,19,{'WEATHERHAZARD'},{'HAZARD_ON_SHOULDER_CAR_STOPPED'},31,{6},5.0
2e69c47d,2e69c47cc,2020-11-10,10,{'JAM'},{'JAM_HEAVY_TRAFFIC'},5,{6},5.0
2e69c47d,2e69c47cc,2020-11-14,14,{'WEATHERHAZARD'},{'HAZARD_ON_SHOULDER_CAR_STOPPED'},30,{6},5.5
2e69c47d,2e69c47cc,2020-11-14,16,{'JAM'},{'JAM_MODERATE_TRAFFIC'},31,{6},5.0
2e69c47d,2e69c47cc,2020-11-17,15,{'WEATHERHAZARD'},{'HAZARD_ON_SHOULDER_CAR_STOPPED'},32,{6},5.0
2e69c47d,2e69c47cc,2020-11-17,16,{'JAM'},{'JAM_HEAVY_TRAFFIC'},32,{6},5.0
2e69c47d,2e69c47cc,2020-11-18,19,{'WEATHERHAZARD'},{'HAZARD_ON_SHOULDER_CAR_STOPPED'},33,{6},5.0
2e69c47d,2e69c47cc,2020-11-21,19,{'WEATHERHAZARD'},{'HAZARD_ON_SHOULDER_CAR_STOPPED'},31,{6},5.0
2e69c47d,2e69c47d4,2020-09-02,21,{'WEATHERHAZARD'},{'HAZARD_ON_SHOULDER_CAR_STOPPED'},31,{17},5.0
2e69c47d,2e69c47d4,2020-09-04,20,{'WEATHERHAZARD'},{'HAZARD_ON_SHOULDER_CAR_STOPPED'},60,{1},5.0
2e69c47d,2e69c47d4,2020-09-07,19,{'WEATHERHAZARD'},{'HAZARD_ON_SHOULDER_CAR_STOPPED'},63,{1},5.0
2e69c47d,2e69c47d4,2020-09-10,20,{'WEATHERHAZARD'},{'HAZARD_ON_SHOULDER_CAR_STOPPED'},31,{1},5.0
2e69c47d,2e69c47d4,2020-09-16,18,{'WEATHERHAZARD'},{'HAZARD_ON_SHOULDER_CAR_STOPPED'},37,{1},5.0
2e69c47d,2e69c47d4,2020-09-20,16,{'WEATHERHAZARD'},{'HAZARD_ON_SHOULDER_CAR_STOPPED'},30,{1},5.0
2e69c47d,2e69c47d4,2020-10-07,11,{'WEATHERHAZARD'},{'HAZARD_ON_SHOULDER_CAR_STOPPED'},30,{1},5.0
2e69c47d,2e69c47d4,2020-10-10,11,{'WEATHERHAZARD'},{'HAZARD_ON_SHOULDER_CAR_STOPPED'},30,{1},5.0
2e69c47d,2e69c47d4,2020-10-21,10,{'WEATHERHAZARD'},{'HAZARD_ON_SHOULDER_CAR_STOPPED'},30,{6},5.0
2e69c47d,2e69c47d4,2020-10-31,17,{'WEATHERHAZARD'},{'HAZARD_ON_SHOULDER_CAR_STOPPED'},31,{1},5.0
2e69c47d,2e69c47d4,2020-11-04,8,{'WEATHERHAZARD'},{'HAZARD_ON_SHOULDER_CAR_STOPPED'},30,{1},5.0
2e69c47d,2e69c47d4,2020-11-07,14,{'JAM'},{'JAM_HEAVY_TRAFFIC'},30,{6},5.0
2e69c47d,2e69c47d4,2020-11-12,8,{'WEATHERHAZARD'},{'HAZARD_ON_SHOULDER_CAR_STOPPED'},30,{1},5.0
2e69c47d,2e69c47d4,2020-11-12,19,{'WEATHERHAZARD'},{'HAZARD_ON_SHOULDER_CAR_STOPPED'},31,{1},5.0
2e69c47d,2e69c47dc,2020-09-01,21,{'WEATHERHAZARD'},{'HAZARD_ON_SHOULDER_CAR_STOPPED'},30,{1},5.0
2e69c47d,2e69c47dc,2020-09-02,21,{'WEATHERHAZARD'},{'HAZARD_ON_SHOULDER_CAR_STOPPED'},32,{1},5.0
2e69c47d,2e69c47dc,2020-09-03,20,{'WEATHERHAZARD'},{'HAZARD_ON_SHOULDER_CAR_STOPPED'},66,{1},5.0
2e69c47d,2e69c47dc,2020-09-05,11,{'WEATHERHAZARD'},{'HAZARD_ON_SHOULDER_CAR_STOPPED'},30,{1},5.0
2e69c47d,2e69c47dc,2020-09-07,19,{'WEATHERHAZARD'},{'HAZARD_ON_SHOULDER_CAR_STOPPED'},62,{1},5.0
2e69c47d,2e69c47dc,2020-09-08,20,{'WEATHERHAZARD'},{'HAZARD_ON_SHOULDER_CAR_STOPPED'},63,{1},5.0
2e69c47d,2e69c47dc,2020-09-09,19,{'WEATHERHAZARD'},{'HAZARD_ON_SHOULDER_CAR_STOPPED'},66,{1},5.0
2e69c47d,2e69c47dc,2020-09-10,20,{'WEATHERHAZARD'},{'HAZARD_ON_SHOULDER_CAR_STOPPED'},33,{1},5.0
2e69c47d,2e69c47dc,2020-09-11,19,{'WEATHERHAZARD'},{'HAZARD_ON_SHOULDER_CAR_STOPPED'},65,{1},5.0
2e69c47d,2e69c47dc,2020-09-14,17,{'WEATHERHAZARD'},{'HAZARD_ON_SHOULDER_CAR_STOPPED'},31,{1},5.0
2e69c47d,2e69c47dc,2020-09-16,18,{'WEATHERHAZARD'},{'HAZARD_ON_SHOULDER_CAR_STOPPED'},103,{1},5.116504854368932
2e69c47d,2e69c47dc,2020-09-18,20,{'WEATHERHAZARD'},{'HAZARD_ON_SHOULDER_CAR_STOPPED'},30,{1},5.0
2e69c47d,2e69c47dc,2020-09-21,17,{'WEATHERHAZARD'},{'HAZARD_ON_SHOULDER_CAR_STOPPED'},60,{1},5.0
2e69c47d,2e69c47dc,2020-09-22,16,{'WEATHERHAZARD'},{'HAZARD_ON_SHOULDER_CAR_STOPPED'},63,{1},5.0
2e69c47d,2e69c47dc,2020-09-23,8,{'WEATHERHAZARD'},{'HAZARD_ON_SHOULDER_CAR_STOPPED'},60,{1},5.0
2e69c47d,2e69c47dc,2020-09-24,7,{'WEATHERHAZARD'},{'HAZARD_ON_SHOULDER_CAR_STOPPED'},63,{1},5.0
2e69c47d,2e69c47dc,2020-09-25,19,{'WEATHERHAZARD'},{'HAZARD_ON_SHOULDER_CAR_STOPPED'},33,{1},5.0
2e69c47d,2e69c47dc,2020-09-26,9,{'WEATHERHAZARD'},{'HAZARD_ON_SHOULDER_CAR_STOPPED'},30,{1},5.0
2e69c47d,2e69c47dc,2020-10-03,13,{'WEATHERHAZARD'},{'HAZARD_ON_SHOULDER_CAR_STOPPED'},31,{1},5.0
2e69c47d,2e69c47dc,2020-10-06,9,{'WEATHERHAZARD'},{'HAZARD_ON_SHOULDER_CAR_STOPPED'},32,{1},5.0
2e69c47d,2e69c47dc,2020-10-10,11,{'WEATHERHAZARD'},{'HAZARD_ON_SHOULDER_CAR_STOPPED'},32,{1},5.96875
2e69c47d,2e69c47dc,2020-10-12,9,{'WEATHERHAZARD'},{'HAZARD_ON_SHOULDER_CAR_STOPPED'},31,{1},5.0
2e69c47d,2e69c47dc,2020-10-13,17,{'WEATHERHAZARD'},{'HAZARD_ON_SHOULDER_CAR_STOPPED'},33,{1},5.0
2e69c47d,2e69c47dc,2020-10-28,10,{'WEATHERHAZARD'},{'HAZARD_ON_SHOULDER_CAR_STOPPED'},32,{1},5.0
2e69c47d,2e69c47dc,2020-11-05,19,{'WEATHERHAZARD'},{'HAZARD_ON_SHOULDER_CAR_STOPPED'},62,{1},5.0
2e69c47d,2e69c47dc,2020-11-12,19,{'WEATHERHAZARD'},{'HAZARD_ON_SHOULDER_CAR_STOPPED'},66,{1},5.0
2e69c47d,2e69c47dc,2020-11-18,19,{'WEATHERHAZARD'},{'HAZARD_ON_SHOULDER_CAR_STOPPED'},32,{1},5.0
2e69c47f,2e69c47ec,2020-09-02,21,{'WEATHERHAZARD'},{'HAZARD_ON_SHOULDER_CAR_STOPPED'},30,{1},5.0
2e69c47f,2e69c47ec,2020-09-03,20,{'WEATHERHAZARD'},{'HAZARD_ON_SHOULDER_CAR_STOPPED'},29,{6},6.0
2e69c47f,2e69c47ec,2020-09-04,20,{'WEATHERHAZARD'},{'HAZARD_ON_SHOULDER_CAR_STOPPED'},31,{1},5.0
2e69c47f,2e69c47ec,2020-09-11,19,{'WEATHERHAZARD'},{'HAZARD_ON_SHOULDER_CAR_STOPPED'},30,{6},6.0
2e69c47f,2e69c47ec,2020-09-16,18,{'WEATHERHAZARD'},{'HAZARD_ON_SHOULDER_CAR_STOPPED'},8,{6},5.875
2e69c47f,2e69c47ec,2020-09-18,21,{'WEATHERHAZARD'},{'HAZARD_ON_SHOULDER_CAR_STOPPED'},8,{1},5.0
2e69c47f,2e69c47ec,2020-09-22,16,{'WEATHERHAZARD'},{'HAZARD_ON_SHOULDER_CAR_STOPPED'},31,{1},5.0
2e69c47f,2e69c47ec,2020-09-24,7,{'WEATHERHAZARD'},{'HAZARD_ON_SHOULDER_CAR_STOPPED'},31,{1},5.0
2e69c47f,2e69c47ec,2020-10-08,18,{'WEATHERHAZARD'},{'HAZARD_ON_SHOULDER_CAR_STOPPED'},32,{6},5.28125
2e69c47f,2e69c47ec,2020-10-25,9,{'WEATHERHAZARD'},{'HAZARD_ON_SHOULDER_CAR_STOPPED'},30,{1},5.0
2e69c47f,2e69c47ec,2020-11-12,19,{'WEATHERHAZARD'},{'HAZARD_ON_SHOULDER_CAR_STOPPED'},2,{6},5.5
2e69c47f,2e69c47ec,2020-11-14,16,{'WEATHERHAZARD'},{'HAZARD_ON_ROAD_CAR_STOPPED'},20,{6},5.8
2e69c47f,2e69c47ec,2020-11-18,19,{'WEATHERHAZARD'},{'HAZARD_ON_ROAD_CAR_STOPPED'},31,{6},5.0
2e69c47f,2e69c47f4,2020-09-30,14,{'JAM'},{'JAM'},12,{6},5.0
2e69c481,2e69c4814,2020-11-13,19,{'JAM'},{'JAM'},31,{1},5.0
2e69c483,2e69c4834,2020-10-11,14,{'JAM'},{'JAM'},31,{7},5.0
2e69c483,2e69c4834,2020-10-11,20,{'JAM'},{'JAM'},31,{7},5.0
2e69c483,2e69c4834,2020-11-06,13,{'JAM'},{'JAM'},12,{7},5.0
2e69c485,2e69c484c,2020-10-31,10,{'JAM'},{'JAM_STAND_STILL_TRAFFIC'},30,{7},5.0
2e69c485,2e69c484c,2020-10-31,20,{'JAM'},{'JAM_HEAVY_TRAFFIC'},42,{7},5.857142857142857
2e69c485,2e69c484c,2020-11-18,11,{'JAM'},{'JAM'},30,{7},5.0
2e69c485,2e69c4854,2020-09-05,14,{'JAM'},{'JAM_MODERATE_TRAFFIC'},33,{7},5.0
2e69c485,2e69c4854,2020-09-19,11,{'JAM'},{'JAM_STAND_STILL_TRAFFIC'},31,{7},5.0
2e69c485,2e69c4854,2020-10-04,11,{'JAM'},{'JAM_STAND_STILL_TRAFFIC'},31,{7},5.0
2e69c485,2e69c4854,2020-10-28,18,{'JAM'},{'JAM_STAND_STILL_TRAFFIC'},5,{7},5.0
2e69c485,2e69c4854,2020-10-31,10,{'JAM'},{'JAM_STAND_STILL_TRAFFIC'},30,{7},5.0
2e69c485,2e69c4854,2020-11-14,10,{'JAM'},{'JAM_HEAVY_TRAFFIC'},31,{7},5.0
2e69c485,2e69c4854,2020-11-14,16,{'JAM'},{'JAM_STAND_STILL_TRAFFIC'},31,{7},6.0
2e69c485,2e69c4854,2020-11-21,12,{'JAM'},{'JAM_HEAVY_TRAFFIC'},24,{7},5.0
2e69c485,2e69c485c,2020-09-05,11,{'JAM'},{'JAM_MODERATE_TRAFFIC'},30,{7},5.0
2e69c485,2e69c485c,2020-09-05,14,{'JAM'},{'JAM_HEAVY_TRAFFIC'},31,{7},5.0
2e69c485,2e69c485c,2020-09-19,11,{'JAM'},{'JAM_STAND_STILL_TRAFFIC'},30,{7},5.0
2e69c485,2e69c485c,2020-10-28,18,{'JAM'},{'JAM_HEAVY_TRAFFIC'},30,{7},5.933333333333334
2e69c485,2e69c485c,2020-10-31,10,{'JAM'},{'JAM_STAND_STILL_TRAFFIC'},32,{7},5.0
2e69c485,2e69c485c,2020-11-21,12,{'JAM'},{'JAM_STAND_STILL_TRAFFIC'},30,{7},5.0
2e69c487,2e69c487c,2020-09-02,21,{'WEATHERHAZARD'},{'HAZARD_ON_SHOULDER_CAR_STOPPED'},1,{1},5.0
2e69c487,2e69c487c,2020-09-03,20,{'WEATHERHAZARD'},{'HAZARD_ON_SHOULDER_CAR_STOPPED'},32,{1},5.0
2e69c487,2e69c487c,2020-09-09,19,{'WEATHERHAZARD'},{'HAZARD_ON_SHOULDER_CAR_STOPPED'},30,{1},5.0
2e69c487,2e69c487c,2020-09-14,17,{'WEATHERHAZARD'},{'HAZARD_ON_SHOULDER_CAR_STOPPED'},30,{1},5.0
2e69c487,2e69c487c,2020-09-20,16,{'WEATHERHAZARD'},{'HAZARD_ON_SHOULDER_CAR_STOPPED'},30,{1},5.0
2e69c487,2e69c487c,2020-09-21,17,{'WEATHERHAZARD'},{'HAZARD_ON_SHOULDER_CAR_STOPPED'},31,{1},5.0
2e69c487,2e69c487c,2020-09-22,17,{'WEATHERHAZARD'},{'HAZARD_ON_SHOULDER_CAR_STOPPED'},31,{1},5.0
2e69c487,2e69c487c,2020-09-24,7,{'WEATHERHAZARD'},{'HAZARD_ON_SHOULDER_CAR_STOPPED'},30,{1},5.0
2e69c487,2e69c487c,2020-09-24,17,{'WEATHERHAZARD'},{'HAZARD_ON_SHOULDER_CAR_STOPPED'},33,{1},5.0
2e69c487,2e69c487c,2020-10-08,18,{'WEATHERHAZARD'},{'HAZARD_ON_SHOULDER_CAR_STOPPED'},31,{1},5.0
2e69c487,2e69c487c,2020-10-10,11,{'WEATHERHAZARD'},{'HAZARD_ON_SHOULDER_CAR_STOPPED'},30,{1},5.0
2e69c487,2e69c487c,2020-10-12,18,{'WEATHERHAZARD'},{'HAZARD_ON_SHOULDER_CAR_STOPPED'},32,{1},5.0
2e69c487,2e69c487c,2020-11-04,19,{'WEATHERHAZARD'},{'HAZARD_ON_SHOULDER_CAR_STOPPED'},33,{1},5.0
2e69c487,2e69c487c,2020-11-05,19,{'WEATHERHAZARD'},{'HAZARD_ON_SHOULDER_CAR_STOPPED'},32,{1},5.0
2e69c487,2e69c487c,2020-11-14,11,{'WEATHERHAZARD'},{'HAZARD_ON_SHOULDER_CAR_STOPPED'},31,{1},5.0
2e69c487,2e69c487c,2020-11-18,19,{'WEATHERHAZARD'},{'HAZARD_ON_SHOULDER_CAR_STOPPED'},32,{1},5.0
2e69c489,2e69c4884,2020-09-23,17,{'JAM'},{'JAM_STAND_STILL_TRAFFIC'},43,{6},5.395348837209302
2e69c489,2e69c4884,2020-09-23,18,{'JAM'},{'JAM_HEAVY_TRAFFIC'},64,{6},5.46875
2e69c489,2e69c4884,2020-09-29,15,{'WEATHERHAZARD'},{'HAZARD_ON_SHOULDER_CAR_STOPPED'},40,{6},5.85
2e69c489,2e69c4884,2020-10-04,14,{'JAM'},{'JAM_STAND_STILL_TRAFFIC'},7,{6},5.0
2e69c489,2e69c4884,2020-10-07,11,{'WEATHERHAZARD'},{'HAZARD_ON_SHOULDER_CAR_STOPPED'},34,{6},5.0
2e69c489,2e69c4884,2020-10-10,15,{'JAM'},{'JAM_HEAVY_TRAFFIC'},19,{6},5.0
2e69c489,2e69c4884,2020-10-13,17,{'JAM'},{'JAM_MODERATE_TRAFFIC'},31,{6},5.0
2e69c489,2e69c4884,2020-10-15,8,{'WEATHERHAZARD'},"{'HAZARD_ON_SHOULDER_CAR_STOPPED', 'HAZARD_ON_ROAD_CONSTRUCTION'}",614,{6},5.843648208469055
2e69c489,2e69c4884,2020-10-21,17,{'WEATHERHAZARD'},{'HAZARD_ON_SHOULDER_CAR_STOPPED'},32,{6},5.0
2e69c489,2e69c4884,2020-10-27,5,{'WEATHERHAZARD'},"{'HAZARD_ON_SHOULDER_CAR_STOPPED', 'HAZARD_ON_ROAD_CAR_STOPPED'}",61,{6},5.0
2e69c489,2e69c4884,2020-10-31,16,{'JAM'},{'JAM'},29,{6},5.0
2e69c489,2e69c4884,2020-11-06,12,{'WEATHERHAZARD'},{'HAZARD_ON_SHOULDER_CAR_STOPPED'},30,{6},5.0
2e69c489,2e69c4884,2020-11-08,11,{'WEATHERHAZARD'},{'HAZARD_ON_SHOULDER_CAR_STOPPED'},31,{6},5.0
2e69c489,2e69c4884,2020-11-08,13,{'WEATHERHAZARD'},{'HAZARD_ON_SHOULDER_CAR_STOPPED'},8,{6},5.375
2e69c489,2e69c488c,2020-11-10,7,{'WEATHERHAZARD'},{'HAZARD_ON_SHOULDER_CAR_STOPPED'},33,{1},5.0
2e69c489,2e69c4894,2020-09-05,12,{'JAM'},{'JAM_STAND_STILL_TRAFFIC'},32,{6},5.0
2e69c489,2e69c4894,2020-09-05,14,{'JAM'},{'JAM_HEAVY_TRAFFIC'},31,{6},5.0
2e69c489,2e69c4894,2020-09-07,17,{'JAM'},{'JAM_STAND_STILL_TRAFFIC'},31,{6},5.0
2e69c489,2e69c4894,2020-09-08,18,{'JAM'},{'JAM_MODERATE_TRAFFIC'},31,{6},5.0
2e69c489,2e69c4894,2020-09-12,8,{'WEATHERHAZARD'},{'HAZARD_ON_ROAD_CAR_STOPPED'},30,{6},5.933333333333334
2e69c489,2e69c4894,2020-09-12,11,{'JAM'},{'JAM'},33,{6},5.0
2e69c489,2e69c4894,2020-09-12,17,{'JAM'},{'JAM'},30,{6},5.0
2e69c489,2e69c4894,2020-09-12,18,"{'JAM', 'ACCIDENT'}","{'JAM', 'ACCIDENT'}",152,{6},5.0
2e69c489,2e69c4894,2020-09-15,17,{'JAM'},{'JAM_HEAVY_TRAFFIC'},31,{6},5.0
2e69c489,2e69c4894,2020-09-19,12,{'JAM'},{'JAM_HEAVY_TRAFFIC'},46,{6},5.369565217391305
2e69c489,2e69c4894,2020-09-23,17,{'JAM'},"{'JAM_STAND_STILL_TRAFFIC', 'JAM_HEAVY_TRAFFIC'}",76,{6},5.434210526315789
2e69c489,2e69c4894,2020-09-23,18,{'JAM'},{'JAM_STAND_STILL_TRAFFIC'},30,{6},5.0
2e69c489,2e69c4894,2020-09-26,10,{'JAM'},{'JAM_HEAVY_TRAFFIC'},30,{6},5.0
2e69c489,2e69c4894,2020-09-26,11,{'JAM'},{'JAM_STAND_STILL_TRAFFIC'},92,{6},5.315217391304348
2e69c489,2e69c4894,2020-09-26,16,{'JAM'},{'JAM_HEAVY_TRAFFIC'},6,{6},5.0
2e69c489,2e69c4894,2020-10-03,10,{'JAM'},{'JAM'},30,{6},5.0
2e69c489,2e69c4894,2020-10-03,13,{'JAM'},{'JAM_STAND_STILL_TRAFFIC'},30,{6},5.0
2e69c489,2e69c4894,2020-10-03,14,{'JAM'},{'JAM_MODERATE_TRAFFIC'},30,{6},5.0
2e69c489,2e69c4894,2020-10-03,16,{'JAM'},{'JAM_STAND_STILL_TRAFFIC'},31,{6},5.0
2e69c489,2e69c4894,2020-10-09,20,{'JAM'},{'JAM_MODERATE_TRAFFIC'},34,{6},5.0
2e69c489,2e69c4894,2020-10-10,14,{'JAM'},{'JAM_HEAVY_TRAFFIC'},13,{6},5.0
2e69c489,2e69c4894,2020-10-14,17,{'JAM'},{'JAM_MODERATE_TRAFFIC'},1,{6},5.0
2e69c489,2e69c4894,2020-10-16,18,{'JAM'},{'JAM_HEAVY_TRAFFIC'},32,{6},5.0
2e69c489,2e69c4894,2020-10-16,19,{'JAM'},{'JAM_STAND_STILL_TRAFFIC'},34,{6},5.0
2e69c489,2e69c4894,2020-10-17,13,{'JAM'},{'JAM_STAND_STILL_TRAFFIC'},30,{6},5.0
2e69c489,2e69c4894,2020-10-20,17,{'JAM'},{'JAM_STAND_STILL_TRAFFIC'},61,{6},5.0
2e69c489,2e69c4894,2020-10-20,19,{'WEATHERHAZARD'},{'HAZARD_ON_SHOULDER_CAR_STOPPED'},48,{6},5.375
2e69c489,2e69c4894,2020-10-22,10,{'JAM'},{'JAM_STAND_STILL_TRAFFIC'},20,{6},5.6
2e69c489,2e69c4894,2020-10-22,17,{'JAM'},{'JAM_STAND_STILL_TRAFFIC'},31,{6},5.0
2e69c489,2e69c4894,2020-10-24,14,{'JAM'},"{'JAM_STAND_STILL_TRAFFIC', 'JAM_HEAVY_TRAFFIC'}",48,{6},5.0
2e69c489,2e69c4894,2020-10-25,17,{'WEATHERHAZARD'},{'HAZARD_ON_SHOULDER_CAR_STOPPED'},31,{6},5.0
2e69c489,2e69c4894,2020-10-27,5,{'WEATHERHAZARD'},{'HAZARD_ON_SHOULDER_CAR_STOPPED'},34,{6},5.0
2e69c489,2e69c4894,2020-10-27,17,{'JAM'},{'JAM_HEAVY_TRAFFIC'},31,{6},5.0
2e69c489,2e69c4894,2020-10-28,13,{'JAM'},{'JAM_HEAVY_TRAFFIC'},23,{6},5.956521739130435
2e69c489,2e69c4894,2020-10-28,14,{'JAM'},{'JAM_HEAVY_TRAFFIC'},2,{6},6.0
2e69c489,2e69c4894,2020-10-28,20,{'JAM'},{'JAM'},31,{6},5.0
2e69c489,2e69c4894,2020-10-29,9,{'JAM'},{'JAM_HEAVY_TRAFFIC'},30,{6},5.966666666666667
2e69c489,2e69c4894,2020-10-29,10,{'JAM'},{'JAM_MODERATE_TRAFFIC'},30,{6},5.0
2e69c489,2e69c4894,2020-10-31,11,{'JAM'},{'JAM_STAND_STILL_TRAFFIC'},30,{6},5.0
2e69c489,2e69c4894,2020-10-31,12,{'JAM'},{'JAM_STAND_STILL_TRAFFIC'},30,{6},5.0
2e69c489,2e69c4894,2020-10-31,17,{'JAM'},{'JAM_MODERATE_TRAFFIC'},3,{6},5.0
2e69c489,2e69c4894,2020-11-01,11,{'JAM'},{'JAM_HEAVY_TRAFFIC'},61,{6},5.491803278688525
2e69c489,2e69c4894,2020-11-05,17,{'JAM'},{'JAM_HEAVY_TRAFFIC'},30,{6},5.933333333333334
2e69c489,2e69c4894,2020-11-06,12,{'WEATHERHAZARD'},{'HAZARD_ON_SHOULDER_CAR_STOPPED'},30,{6},5.0
2e69c489,2e69c4894,2020-11-07,8,{'JAM'},{'JAM_STAND_STILL_TRAFFIC'},32,{6},5.0
2e69c489,2e69c4894,2020-11-07,10,"{'JAM', 'WEATHERHAZARD'}","{'HAZARD_ON_SHOULDER_CAR_STOPPED', 'JAM_MODERATE_TRAFFIC'}",61,{6},5.147540983606557
2e69c489,2e69c4894,2020-11-07,12,{'JAM'},{'JAM_STAND_STILL_TRAFFIC'},32,{6},5.875
2e69c489,2e69c4894,2020-11-07,13,{'JAM'},{'JAM_STAND_STILL_TRAFFIC'},4,{6},6.0
2e69c489,2e69c4894,2020-11-11,16,{'JAM'},{'JAM_HEAVY_TRAFFIC'},33,{6},5.0
2e69c489,2e69c4894,2020-11-14,9,{'JAM'},{'JAM_STAND_STILL_TRAFFIC'},31,{6},5.0
2e69c489,2e69c4894,2020-11-14,10,{'JAM'},{'JAM_STAND_STILL_TRAFFIC'},48,{6},5.354166666666667
2e69c489,2e69c4894,2020-11-14,12,{'JAM'},{'JAM_HEAVY_TRAFFIC'},31,{6},5.0
2e69c489,2e69c4894,2020-11-15,10,{'JAM'},{'JAM_STAND_STILL_TRAFFIC'},31,{6},5.483870967741935
2e69c489,2e69c4894,2020-11-20,9,{'WEATHERHAZARD'},{'HAZARD_ON_SHOULDER_CAR_STOPPED'},30,{6},5.9
2e69c489,2e69c489c,2020-10-07,11,{'WEATHERHAZARD'},{'HAZARD_ON_SHOULDER_CAR_STOPPED'},34,{6},5.735294117647059
2e69c489,2e69c489c,2020-10-12,8,{'WEATHERHAZARD'},{'HAZARD_ON_SHOULDER_CAR_STOPPED'},30,{6},5.0
2e69c489,2e69c489c,2020-10-27,19,{'WEATHERHAZARD'},{'HAZARD_ON_SHOULDER_CAR_STOPPED'},31,{6},5.903225806451613
2e69c48b,2e69c48ac,2020-09-05,19,{'WEATHERHAZARD'},{'WEATHERHAZARD'},32,{1},5.0
2e69c48b,2e69c48ac,2020-09-15,2,"{'JAM', 'WEATHERHAZARD', 'ACCIDENT'}","{'JAM_STAND_STILL_TRAFFIC', 'HAZARD_ON_ROAD_TRAFFIC_LIGHT_FAULT', 'ACCIDENT_MAJOR'}",188,{1},5.0
2e69c48b,2e69c48bc,2020-09-02,17,{'JAM'},{'JAM_STAND_STILL_TRAFFIC'},30,{6},5.0
2e69c48b,2e69c48bc,2020-09-08,19,{'JAM'},{'JAM_STAND_STILL_TRAFFIC'},31,{6},5.0
2e69c48b,2e69c48bc,2020-09-24,17,{'JAM'},{'JAM_STAND_STILL_TRAFFIC'},31,{6},5.483870967741935
2e69c48b,2e69c48bc,2020-09-26,16,{'JAM'},{'JAM_STAND_STILL_TRAFFIC'},32,{6},5.0
2e69c48b,2e69c48bc,2020-10-02,18,{'JAM'},{'JAM_HEAVY_TRAFFIC'},30,{6},5.6
2e69c48b,2e69c48bc,2020-10-03,16,{'JAM'},{'JAM_HEAVY_TRAFFIC'},30,{6},5.0
2e69c48b,2e69c48bc,2020-10-14,17,{'JAM'},{'JAM_MODERATE_TRAFFIC'},32,{6},7.90625
2e69c48b,2e69c48bc,2020-10-24,14,{'JAM'},{'JAM_HEAVY_TRAFFIC'},16,{6},6.0
2e69c48b,2e69c48bc,2020-11-21,15,{'JAM'},{'JAM_MODERATE_TRAFFIC'},30,{6},5.0
2e69c48d,2e69c48c4,2020-09-01,17,{'JAM'},{'JAM_STAND_STILL_TRAFFIC'},22,{6},5.0
2e69c48d,2e69c48c4,2020-09-04,18,{'JAM'},{'JAM_STAND_STILL_TRAFFIC'},26,{6},5.0
2e69c48d,2e69c48c4,2020-09-05,17,{'JAM'},{'JAM_STAND_STILL_TRAFFIC'},7,{6},5.0
2e69c48d,2e69c48c4,2020-09-06,9,{'JAM'},{'JAM_STAND_STILL_TRAFFIC'},6,{6},5.0
2e69c48d,2e69c48c4,2020-09-06,18,{'JAM'},{'JAM_HEAVY_TRAFFIC'},15,{6},5.0
2e69c48d,2e69c48c4,2020-09-11,13,{'JAM'},{'JAM_STAND_STILL_TRAFFIC'},33,{6},5.0
2e69c48d,2e69c48c4,2020-09-11,15,{'JAM'},{'JAM_MODERATE_TRAFFIC'},31,{6},5.0
2e69c48d,2e69c48c4,2020-09-11,18,{'JAM'},{'JAM_HEAVY_TRAFFIC'},32,{6},5.0
2e69c48d,2e69c48c4,2020-09-15,16,{'JAM'},{'JAM_STAND_STILL_TRAFFIC'},6,{6},5.0
2e69c48d,2e69c48c4,2020-09-15,20,{'JAM'},{'JAM_MODERATE_TRAFFIC'},5,{6},5.0
2e69c48d,2e69c48c4,2020-09-16,8,{'JAM'},{'JAM_HEAVY_TRAFFIC'},8,{6},5.0
2e69c48d,2e69c48c4,2020-09-16,11,{'JAM'},{'JAM_STAND_STILL_TRAFFIC'},6,{6},5.0
2e69c48d,2e69c48c4,2020-09-17,11,{'JAM'},{'JAM_HEAVY_TRAFFIC'},30,{6},5.0
2e69c48d,2e69c48c4,2020-09-18,14,{'JAM'},{'JAM_STAND_STILL_TRAFFIC'},31,{6},5.0
2e69c48d,2e69c48c4,2020-09-18,19,{'JAM'},{'JAM_STAND_STILL_TRAFFIC'},33,{6},5.0
2e69c48d,2e69c48c4,2020-09-19,10,{'JAM'},"{'JAM_MODERATE_TRAFFIC', 'JAM_HEAVY_TRAFFIC'}",62,{6},5.0
2e69c48d,2e69c48c4,2020-09-19,15,{'JAM'},{'JAM_HEAVY_TRAFFIC'},31,{6},6.0
2e69c48d,2e69c48c4,2020-09-20,10,{'WEATHERHAZARD'},{'HAZARD_ON_ROAD_OBJECT'},60,{6},6.466666666666667
2e69c48d,2e69c48c4,2020-09-22,17,{'JAM'},{'JAM_STAND_STILL_TRAFFIC'},62,{6},5.483870967741935
2e69c48d,2e69c48c4,2020-09-23,9,{'JAM'},{'JAM_MODERATE_TRAFFIC'},33,{6},5.0
2e69c48d,2e69c48c4,2020-09-26,20,{'JAM'},{'JAM_STAND_STILL_TRAFFIC'},14,{6},5.0
2e69c48d,2e69c48c4,2020-09-27,13,{'JAM'},{'JAM_HEAVY_TRAFFIC'},30,{6},6.0
2e69c48d,2e69c48c4,2020-09-28,9,{'JAM'},{'JAM_MODERATE_TRAFFIC'},7,{6},5.571428571428571
2e69c48d,2e69c48c4,2020-09-29,5,"{'JAM', 'WEATHERHAZARD'}","{'HAZARD_ON_SHOULDER_CAR_STOPPED', 'JAM_MODERATE_TRAFFIC'}",40,{6},5.0
2e69c48d,2e69c48c4,2020-09-29,14,{'JAM'},{'JAM_MODERATE_TRAFFIC'},33,{6},5.0
2e69c48d,2e69c48c4,2020-09-30,19,{'JAM'},{'JAM_HEAVY_TRAFFIC'},36,{6},5.0
2e69c48d,2e69c48c4,2020-10-01,10,{'JAM'},{'JAM_MODERATE_TRAFFIC'},31,{6},5.0
2e69c48d,2e69c48c4,2020-10-02,13,{'JAM'},{'JAM_STAND_STILL_TRAFFIC'},36,{6},5.444444444444445
2e69c48d,2e69c48c4,2020-10-02,14,{'JAM'},{'JAM_STAND_STILL_TRAFFIC'},33,{6},5.0
2e69c48d,2e69c48c4,2020-10-02,16,{'JAM'},{'JAM_STAND_STILL_TRAFFIC'},31,{6},5.0
2e69c48d,2e69c48c4,2020-10-02,18,{'JAM'},{'JAM_STAND_STILL_TRAFFIC'},35,{6},5.457142857142857
2e69c48d,2e69c48c4,2020-10-03,13,{'JAM'},"{'JAM_STAND_STILL_TRAFFIC', 'JAM_MODERATE_TRAFFIC'}",37,{6},5.0
2e69c48d,2e69c48c4,2020-10-03,16,{'JAM'},{'JAM_HEAVY_TRAFFIC'},6,{6},5.0
2e69c48d,2e69c48c4,2020-10-03,18,{'JAM'},{'JAM_STAND_STILL_TRAFFIC'},32,{6},5.0
2e69c48d,2e69c48c4,2020-10-04,9,{'JAM'},{'JAM_MODERATE_TRAFFIC'},30,{6},5.0
2e69c48d,2e69c48c4,2020-10-04,16,{'JAM'},{'JAM_STAND_STILL_TRAFFIC'},30,{6},5.0
2e69c48d,2e69c48c4,2020-10-04,21,{'JAM'},{'JAM_MODERATE_TRAFFIC'},11,{6},5.0
2e69c48d,2e69c48c4,2020-10-05,8,{'WEATHERHAZARD'},{'HAZARD_ON_SHOULDER_CAR_STOPPED'},8,{6},5.875
2e69c48d,2e69c48c4,2020-10-05,11,{'JAM'},{'JAM_MODERATE_TRAFFIC'},27,{6},5.0
2e69c48d,2e69c48c4,2020-10-05,14,{'JAM'},{'JAM_STAND_STILL_TRAFFIC'},30,{6},6.0
2e69c48d,2e69c48c4,2020-10-06,9,{'JAM'},{'JAM_HEAVY_TRAFFIC'},31,{6},5.0
2e69c48d,2e69c48c4,2020-10-08,14,{'JAM'},{'JAM_MODERATE_TRAFFIC'},31,{6},5.0
2e69c48d,2e69c48c4,2020-10-08,17,{'JAM'},{'JAM'},31,{6},5.0
2e69c48d,2e69c48c4,2020-10-08,19,{'JAM'},{'JAM_MODERATE_TRAFFIC'},10,{6},5.0
2e69c48d,2e69c48c4,2020-10-09,10,{'JAM'},{'JAM_MODERATE_TRAFFIC'},31,{6},5.0
2e69c48d,2e69c48c4,2020-10-09,15,{'JAM'},{'JAM_HEAVY_TRAFFIC'},31,{6},5.0
2e69c48d,2e69c48c4,2020-10-09,20,{'JAM'},{'JAM_MODERATE_TRAFFIC'},30,{6},5.0
2e69c48d,2e69c48c4,2020-10-10,13,{'JAM'},{'JAM_HEAVY_TRAFFIC'},13,{6},5.0
2e69c48d,2e69c48c4,2020-10-10,18,{'JAM'},{'JAM_HEAVY_TRAFFIC'},6,{6},5.0
2e69c48d,2e69c48c4,2020-10-11,17,{'JAM'},{'JAM_MODERATE_TRAFFIC'},11,{6},5.0
2e69c48d,2e69c48c4,2020-10-11,20,{'JAM'},"{'JAM', 'JAM_STAND_STILL_TRAFFIC'}",61,{6},5.0
2e69c48d,2e69c48c4,2020-10-12,8,{'JAM'},{'JAM_MODERATE_TRAFFIC'},7,{6},5.0
2e69c48d,2e69c48c4,2020-10-12,16,{'JAM'},{'JAM_MODERATE_TRAFFIC'},35,{6},5.0
2e69c48d,2e69c48c4,2020-10-14,11,{'JAM'},{'JAM_HEAVY_TRAFFIC'},31,{6},5.0
2e69c48d,2e69c48c4,2020-10-16,7,{'JAM'},{'JAM'},5,{6},5.0
2e69c48d,2e69c48c4,2020-10-16,17,{'JAM'},{'JAM_MODERATE_TRAFFIC'},30,{7},5.0
2e69c48d,2e69c48c4,2020-10-17,12,{'JAM'},{'JAM_STAND_STILL_TRAFFIC'},6,{7},5.0
2e69c48d,2e69c48c4,2020-10-17,17,"{'JAM', 'ACCIDENT'}","{'JAM_STAND_STILL_TRAFFIC', 'ACCIDENT'}",153,"{6, 7}",5.65359477124183
2e69c48d,2e69c48c4,2020-10-19,10,{'JAM'},{'JAM_MODERATE_TRAFFIC'},5,{6},5.0
2e69c48d,2e69c48c4,2020-10-20,9,{'JAM'},{'JAM_MODERATE_TRAFFIC'},30,{6},5.0
2e69c48d,2e69c48c4,2020-10-20,14,{'JAM'},{'JAM_MODERATE_TRAFFIC'},32,{6},5.53125
2e69c48d,2e69c48c4,2020-10-20,15,{'JAM'},{'JAM_STAND_STILL_TRAFFIC'},27,{6},5.0
2e69c48d,2e69c48c4,2020-10-20,19,{'JAM'},{'JAM_MODERATE_TRAFFIC'},33,{6},5.0
2e69c48d,2e69c48c4,2020-10-21,10,"{'JAM', 'WEATHERHAZARD'}","{'HAZARD_ON_SHOULDER_CAR_STOPPED', 'JAM_MODERATE_TRAFFIC'}",36,{6},5.111111111111111
2e69c48d,2e69c48c4,2020-10-22,13,{'JAM'},{'JAM_HEAVY_TRAFFIC'},20,{6},5.0
2e69c48d,2e69c48c4,2020-10-22,15,{'JAM'},{'JAM_HEAVY_TRAFFIC'},21,{6},5.0
2e69c48d,2e69c48c4,2020-10-23,18,{'JAM'},{'JAM_MODERATE_TRAFFIC'},36,{6},5.0
2e69c48d,2e69c48c4,2020-10-24,11,{'JAM'},{'JAM_STAND_STILL_TRAFFIC'},30,{6},5.0
2e69c48d,2e69c48c4,2020-10-24,15,{'JAM'},{'JAM_HEAVY_TRAFFIC'},7,{6},5.0
2e69c48d,2e69c48c4,2020-10-24,16,{'JAM'},{'JAM_HEAVY_TRAFFIC'},9,{6},5.0
2e69c48d,2e69c48c4,2020-10-25,9,{'JAM'},{'JAM_MODERATE_TRAFFIC'},5,{6},5.0
2e69c48d,2e69c48c4,2020-10-25,15,{'JAM'},{'JAM'},29,{6},5.0
2e69c48d,2e69c48c4,2020-10-25,17,{'JAM'},{'JAM_MODERATE_TRAFFIC'},31,{6},5.0
2e69c48d,2e69c48c4,2020-10-26,16,{'JAM'},{'JAM_STAND_STILL_TRAFFIC'},33,{7},5.0
2e69c48d,2e69c48c4,2020-10-26,17,{'JAM'},{'JAM_HEAVY_TRAFFIC'},31,{6},5.0
2e69c48d,2e69c48c4,2020-10-27,8,{'JAM'},{'JAM_MODERATE_TRAFFIC'},12,{6},5.0
2e69c48d,2e69c48c4,2020-10-28,14,{'JAM'},"{'JAM_STAND_STILL_TRAFFIC', 'JAM_HEAVY_TRAFFIC'}",61,{6},5.622950819672131
2e69c48d,2e69c48c4,2020-10-29,6,{'JAM'},{'JAM_MODERATE_TRAFFIC'},6,{6},5.0
2e69c48d,2e69c48c4,2020-10-29,10,{'JAM'},{'JAM_MODERATE_TRAFFIC'},11,{6},5.0
2e69c48d,2e69c48c4,2020-10-29,14,{'JAM'},{'JAM_MODERATE_TRAFFIC'},31,{6},5.0
2e69c48d,2e69c48c4,2020-10-29,18,{'JAM'},{'JAM_STAND_STILL_TRAFFIC'},5,{6},5.0
2e69c48d,2e69c48c4,2020-10-29,20,{'JAM'},{'JAM_HEAVY_TRAFFIC'},33,{6},5.0
2e69c48d,2e69c48c4,2020-10-30,10,{'JAM'},{'JAM_HEAVY_TRAFFIC'},31,{6},5.0
2e69c48d,2e69c48c4,2020-10-30,14,{'JAM'},{'JAM'},33,{6},5.0
2e69c48d,2e69c48c4,2020-10-30,15,{'JAM'},{'JAM_HEAVY_TRAFFIC'},6,{6},5.0
2e69c48d,2e69c48c4,2020-10-31,7,{'JAM'},{'JAM_MODERATE_TRAFFIC'},31,{6},5.0
2e69c48d,2e69c48c4,2020-10-31,9,{'JAM'},{'JAM_HEAVY_TRAFFIC'},31,{6},5.0
2e69c48d,2e69c48c4,2020-10-31,10,{'JAM'},{'JAM_HEAVY_TRAFFIC'},25,{6},5.0
2e69c48d,2e69c48c4,2020-10-31,12,{'JAM'},{'JAM_HEAVY_TRAFFIC'},16,{6},5.0
2e69c48d,2e69c48c4,2020-10-31,14,{'JAM'},{'JAM_STAND_STILL_TRAFFIC'},31,{6},5.0
2e69c48d,2e69c48c4,2020-10-31,16,{'JAM'},"{'JAM', 'JAM_MODERATE_TRAFFIC'}",63,{6},5.0
2e69c48d,2e69c48c4,2020-10-31,17,"{'JAM', 'WEATHERHAZARD'}","{'HAZARD_ON_SHOULDER_CAR_STOPPED', 'JAM_STAND_STILL_TRAFFIC', 'JAM_MODERATE_TRAFFIC', 'JAM_HEAVY_TRAFFIC'}",127,"{6, 7}",5.889763779527559
2e69c48d,2e69c48c4,2020-11-01,13,{'JAM'},{'JAM_HEAVY_TRAFFIC'},6,{6},5.0
2e69c48d,2e69c48c4,2020-11-01,15,{'JAM'},{'JAM_STAND_STILL_TRAFFIC'},30,{6},5.0
2e69c48d,2e69c48c4,2020-11-01,19,{'JAM'},{'JAM'},30,{6},5.0
2e69c48d,2e69c48c4,2020-11-02,13,{'JAM'},{'JAM_STAND_STILL_TRAFFIC'},36,{6},5.0
2e69c48d,2e69c48c4,2020-11-02,16,{'JAM'},{'JAM_STAND_STILL_TRAFFIC'},62,{6},5.0
2e69c48d,2e69c48c4,2020-11-03,11,{'JAM'},"{'JAM', 'JAM_HEAVY_TRAFFIC'}",15,{6},5.0
2e69c48d,2e69c48c4,2020-11-03,12,{'JAM'},"{'JAM_STAND_STILL_TRAFFIC', 'JAM_HEAVY_TRAFFIC'}",44,{6},5.0
2e69c48d,2e69c48c4,2020-11-04,8,{'JAM'},{'JAM_MODERATE_TRAFFIC'},31,{6},5.0
2e69c48d,2e69c48c4,2020-11-04,16,{'JAM'},"{'JAM_MODERATE_TRAFFIC', 'JAM_HEAVY_TRAFFIC'}",69,{6},5.449275362318841
2e69c48d,2e69c48c4,2020-11-04,17,{'JAM'},{'JAM_STAND_STILL_TRAFFIC'},31,{6},5.0
2e69c48d,2e69c48c4,2020-11-05,9,{'JAM'},{'JAM_MODERATE_TRAFFIC'},30,{6},5.0
2e69c48d,2e69c48c4,2020-11-05,17,{'JAM'},{'JAM'},8,{6},5.0
2e69c48d,2e69c48c4,2020-11-05,22,{'JAM'},{'JAM_MODERATE_TRAFFIC'},31,{6},5.0
2e69c48d,2e69c48c4,2020-11-06,15,{'JAM'},{'JAM_STAND_STILL_TRAFFIC'},33,{6},5.0
2e69c48d,2e69c48c4,2020-11-06,17,{'JAM'},{'JAM_STAND_STILL_TRAFFIC'},31,{7},5.0
2e69c48d,2e69c48c4,2020-11-07,10,{'JAM'},{'JAM_MODERATE_TRAFFIC'},23,{6},5.0
2e69c48d,2e69c48c4,2020-11-07,12,{'JAM'},{'JAM_STAND_STILL_TRAFFIC'},5,{6},5.0
2e69c48d,2e69c48c4,2020-11-07,13,{'JAM'},{'JAM_STAND_STILL_TRAFFIC'},26,{6},6.769230769230769
2e69c48d,2e69c48c4,2020-11-07,17,{'JAM'},{'JAM_STAND_STILL_TRAFFIC'},6,{6},5.666666666666667
2e69c48d,2e69c48c4,2020-11-07,18,{'JAM'},"{'JAM_STAND_STILL_TRAFFIC', 'JAM_MODERATE_TRAFFIC'}",67,"{6, 7}",5.492537313432836
2e69c48d,2e69c48c4,2020-11-07,19,{'JAM'},"{'JAM_STAND_STILL_TRAFFIC', 'JAM_MODERATE_TRAFFIC'}",44,{6},5.0
2e69c48d,2e69c48c4,2020-11-08,13,{'JAM'},{'JAM_HEAVY_TRAFFIC'},31,{6},5.0
2e69c48d,2e69c48c4,2020-11-09,9,{'JAM'},{'JAM_MODERATE_TRAFFIC'},30,{6},5.0
2e69c48d,2e69c48c4,2020-11-10,7,{'JAM'},{'JAM_MODERATE_TRAFFIC'},33,{6},5.0
2e69c48d,2e69c48c4,2020-11-10,20,{'JAM'},{'JAM_STAND_STILL_TRAFFIC'},61,{6},5.0
2e69c48d,2e69c48c4,2020-11-12,7,{'JAM'},{'JAM_MODERATE_TRAFFIC'},32,{6},5.75
2e69c48d,2e69c48c4,2020-11-12,11,{'JAM'},{'JAM_STAND_STILL_TRAFFIC'},36,{6},5.0
2e69c48d,2e69c48c4,2020-11-13,9,{'JAM'},{'JAM_MODERATE_TRAFFIC'},20,{6},5.0
2e69c48d,2e69c48c4,2020-11-13,16,{'JAM'},{'JAM_STAND_STILL_TRAFFIC'},30,{7},5.0
2e69c48d,2e69c48c4,2020-11-14,19,{'JAM'},"{'JAM_STAND_STILL_TRAFFIC', 'JAM_HEAVY_TRAFFIC'}",46,{6},5.630434782608695
2e69c48d,2e69c48c4,2020-11-15,9,{'JAM'},{'JAM_STAND_STILL_TRAFFIC'},47,{6},5.0
2e69c48d,2e69c48c4,2020-11-15,12,{'JAM'},{'JAM_STAND_STILL_TRAFFIC'},6,{6},5.0
2e69c48d,2e69c48c4,2020-11-16,8,{'JAM'},{'JAM_MODERATE_TRAFFIC'},6,{6},5.0
2e69c48d,2e69c48c4,2020-11-16,12,{'JAM'},{'JAM'},35,{6},5.0
2e69c48d,2e69c48c4,2020-11-16,16,{'JAM'},{'JAM_MODERATE_TRAFFIC'},6,{6},5.0
2e69c48d,2e69c48c4,2020-11-16,18,{'JAM'},{'JAM_HEAVY_TRAFFIC'},37,{6},5.45945945945946
2e69c48d,2e69c48c4,2020-11-18,14,{'JAM'},{'JAM_HEAVY_TRAFFIC'},7,{6},5.0
2e69c48d,2e69c48c4,2020-11-19,9,{'JAM'},{'JAM_MODERATE_TRAFFIC'},30,{6},5.633333333333334
2e69c48d,2e69c48c4,2020-11-20,14,{'JAM'},{'JAM'},7,{6},5.0
2e69c48d,2e69c48c4,2020-11-20,15,{'JAM'},{'JAM_HEAVY_TRAFFIC'},7,{6},5.0
2e69c48d,2e69c48c4,2020-11-21,12,{'JAM'},{'JAM_MODERATE_TRAFFIC'},31,{7},5.0
2e69c48d,2e69c48c4,2020-11-21,19,{'JAM'},{'JAM_MODERATE_TRAFFIC'},36,{6},5.194444444444445
2e69c48d,2e69c48c4,2020-11-22,11,{'JAM'},{'JAM_STAND_STILL_TRAFFIC'},25,{6},5.0
2e69c48d,2e69c48cc,2020-09-22,16,{'JAM'},{'JAM_MODERATE_TRAFFIC'},31,{7},5.0
2e69c48d,2e69c48cc,2020-09-26,15,{'JAM'},{'JAM_STAND_STILL_TRAFFIC'},36,{7},5.5
2e69c48d,2e69c48cc,2020-10-04,14,{'JAM'},{'JAM_STAND_STILL_TRAFFIC'},32,{7},5.0
2e69c48d,2e69c48cc,2020-10-04,15,{'JAM'},{'JAM_STAND_STILL_TRAFFIC'},30,{7},6.0
2e69c48d,2e69c48cc,2020-10-17,13,{'JAM'},{'JAM'},32,{7},5.0
2e69c48d,2e69c48cc,2020-10-18,12,{'JAM'},{'JAM_HEAVY_TRAFFIC'},30,{7},5.0
2e69c48d,2e69c48cc,2020-10-20,12,{'JAM'},{'JAM_HEAVY_TRAFFIC'},30,{7},5.0
2e69c48d,2e69c48cc,2020-10-20,13,{'JAM'},{'JAM_HEAVY_TRAFFIC'},32,{7},5.0
2e69c48d,2e69c48cc,2020-10-20,17,{'JAM'},{'JAM_STAND_STILL_TRAFFIC'},31,{7},5.0
2e69c48d,2e69c48cc,2020-10-20,19,{'JAM'},{'JAM_HEAVY_TRAFFIC'},34,{7},5.0
2e69c48d,2e69c48cc,2020-10-25,17,{'JAM'},{'JAM_HEAVY_TRAFFIC'},39,{7},5.0
2e69c48d,2e69c48cc,2020-10-31,17,{'JAM'},"{'JAM_STAND_STILL_TRAFFIC', 'JAM_HEAVY_TRAFFIC'}",90,{7},5.6
2e69c48d,2e69c48cc,2020-11-07,13,{'JAM'},{'JAM_HEAVY_TRAFFIC'},31,{7},5.0
2e69c48d,2e69c48cc,2020-11-07,15,{'JAM'},{'JAM'},30,{7},5.0
2e69c48d,2e69c48cc,2020-11-21,17,{'JAM'},{'JAM_STAND_STILL_TRAFFIC'},22,{7},5.0
2e69c48d,2e69c48cc,2020-11-22,16,{'ACCIDENT'},{'ACCIDENT'},89,{7},5.348314606741573
2e69c48d,2e69c48d4,2020-09-02,14,{'JAM'},{'JAM_MODERATE_TRAFFIC'},31,{6},5.0
2e69c48d,2e69c48d4,2020-09-02,15,{'JAM'},{'JAM_HEAVY_TRAFFIC'},16,{6},5.0
2e69c48d,2e69c48d4,2020-09-02,16,{'JAM'},{'JAM_STAND_STILL_TRAFFIC'},32,{6},5.5
2e69c48d,2e69c48d4,2020-09-02,17,{'JAM'},{'JAM_STAND_STILL_TRAFFIC'},30,{6},5.0
2e69c48d,2e69c48d4,2020-09-08,7,{'JAM'},{'JAM_HEAVY_TRAFFIC'},5,{6},5.0
2e69c48d,2e69c48d4,2020-09-10,14,{'JAM'},{'JAM_STAND_STILL_TRAFFIC'},31,{6},5.0
2e69c48d,2e69c48d4,2020-09-11,13,{'JAM'},{'JAM_STAND_STILL_TRAFFIC'},65,{6},5.0
2e69c48d,2e69c48d4,2020-09-23,17,{'WEATHERHAZARD'},{'HAZARD_WEATHER_FLOOD'},26,{6},5.769230769230769
2e69c48d,2e69c48d4,2020-09-25,14,{'JAM'},{'JAM_STAND_STILL_TRAFFIC'},31,{6},5.0
2e69c48d,2e69c48d4,2020-09-30,16,{'JAM'},{'JAM_STAND_STILL_TRAFFIC'},31,{6},5.0
2e69c48d,2e69c48d4,2020-10-02,13,{'JAM'},"{'JAM_STAND_STILL_TRAFFIC', 'JAM_HEAVY_TRAFFIC'}",65,{6},5.7846153846153845
2e69c48d,2e69c48d4,2020-10-02,17,{'JAM'},{'JAM_HEAVY_TRAFFIC'},33,{6},5.0
2e69c48d,2e69c48d4,2020-10-02,19,{'JAM'},{'JAM_STAND_STILL_TRAFFIC'},31,{6},5.0
2e69c48d,2e69c48d4,2020-10-02,20,{'JAM'},{'JAM_STAND_STILL_TRAFFIC'},63,{6},5.444444444444445
2e69c48d,2e69c48d4,2020-10-03,13,{'JAM'},{'JAM_MODERATE_TRAFFIC'},30,{6},5.0
2e69c48d,2e69c48d4,2020-10-04,13,{'JAM'},{'JAM_STAND_STILL_TRAFFIC'},30,{6},5.0
2e69c48d,2e69c48d4,2020-10-04,15,{'JAM'},{'JAM'},32,{6},5.0
2e69c48d,2e69c48d4,2020-10-04,16,{'JAM'},{'JAM_STAND_STILL_TRAFFIC'},31,{6},5.967741935483871
2e69c48d,2e69c48d4,2020-10-05,14,{'JAM'},{'JAM_STAND_STILL_TRAFFIC'},6,{6},5.333333333333333
2e69c48d,2e69c48d4,2020-10-06,15,{'JAM'},{'JAM_STAND_STILL_TRAFFIC'},36,{6},5.444444444444445
2e69c48d,2e69c48d4,2020-10-07,12,{'JAM'},{'JAM_HEAVY_TRAFFIC'},6,{6},5.0
2e69c48d,2e69c48d4,2020-10-07,14,{'JAM'},{'JAM_HEAVY_TRAFFIC'},63,{6},5.0
2e69c48d,2e69c48d4,2020-10-07,16,{'JAM'},{'JAM_STAND_STILL_TRAFFIC'},34,{6},5.0
2e69c48d,2e69c48d4,2020-10-08,14,{'JAM'},{'JAM_HEAVY_TRAFFIC'},34,{6},5.0
2e69c48d,2e69c48d4,2020-10-08,16,{'JAM'},{'JAM_STAND_STILL_TRAFFIC'},30,{6},5.0
2e69c48d,2e69c48d4,2020-10-09,14,{'JAM'},{'JAM_HEAVY_TRAFFIC'},31,{6},5.0
2e69c48d,2e69c48d4,2020-10-09,15,{'JAM'},{'JAM_HEAVY_TRAFFIC'},30,{6},5.0
2e69c48d,2e69c48d4,2020-10-11,17,{'JAM'},{'JAM_STAND_STILL_TRAFFIC'},30,{6},5.0
2e69c48d,2e69c48d4,2020-10-11,20,{'JAM'},{'JAM_HEAVY_TRAFFIC'},10,{6},5.0
2e69c48d,2e69c48d4,2020-10-14,10,{'JAM'},{'JAM_HEAVY_TRAFFIC'},31,{6},5.0
2e69c48d,2e69c48d4,2020-10-14,11,{'JAM'},"{'JAM_STAND_STILL_TRAFFIC', 'JAM_HEAVY_TRAFFIC'}",62,{6},5.0
2e69c48d,2e69c48d4,2020-10-14,15,{'JAM'},"{'JAM_STAND_STILL_TRAFFIC', 'JAM_HEAVY_TRAFFIC'}",60,{6},5.0
2e69c48d,2e69c48d4,2020-10-15,7,{'JAM'},{'JAM_HEAVY_TRAFFIC'},31,{6},5.0
2e69c48d,2e69c48d4,2020-10-15,8,{'JAM'},{'JAM_MODERATE_TRAFFIC'},63,{6},5.0
2e69c48d,2e69c48d4,2020-10-15,14,{'JAM'},{'JAM_HEAVY_TRAFFIC'},63,{6},5.0
2e69c48d,2e69c48d4,2020-10-15,15,{'JAM'},{'JAM_STAND_STILL_TRAFFIC'},30,{6},5.0
2e69c48d,2e69c48d4,2020-10-16,16,{'JAM'},{'JAM_HEAVY_TRAFFIC'},32,{6},5.0
2e69c48d,2e69c48d4,2020-10-18,16,{'JAM'},{'JAM_STAND_STILL_TRAFFIC'},31,{6},5.0
2e69c48d,2e69c48d4,2020-10-18,17,{'JAM'},{'JAM_HEAVY_TRAFFIC'},30,{6},5.0
2e69c48d,2e69c48d4,2020-10-19,13,{'JAM'},{'JAM_HEAVY_TRAFFIC'},31,{6},5.0
2e69c48d,2e69c48d4,2020-10-19,14,{'JAM'},{'JAM_STAND_STILL_TRAFFIC'},32,{6},5.0
2e69c48d,2e69c48d4,2020-10-20,9,{'JAM'},{'JAM_MODERATE_TRAFFIC'},6,{6},5.0
2e69c48d,2e69c48d4,2020-10-20,15,{'JAM'},{'JAM_STAND_STILL_TRAFFIC'},56,{6},5.0
2e69c48d,2e69c48d4,2020-10-21,12,{'JAM'},{'JAM'},34,{6},5.0
2e69c48d,2e69c48d4,2020-10-21,14,{'JAM'},{'JAM_HEAVY_TRAFFIC'},30,{6},5.566666666666666
2e69c48d,2e69c48d4,2020-10-21,15,{'JAM'},{'JAM_STAND_STILL_TRAFFIC'},31,{6},5.0
2e69c48d,2e69c48d4,2020-10-21,16,{'JAM'},{'JAM_HEAVY_TRAFFIC'},62,{6},5.0
2e69c48d,2e69c48d4,2020-10-22,13,{'JAM'},{'JAM_HEAVY_TRAFFIC'},30,{6},5.0
2e69c48d,2e69c48d4,2020-10-22,14,{'JAM'},{'JAM_STAND_STILL_TRAFFIC'},31,{6},5.0
2e69c48d,2e69c48d4,2020-10-23,13,{'JAM'},{'JAM_HEAVY_TRAFFIC'},42,{6},5.357142857142857
2e69c48d,2e69c48d4,2020-10-23,14,{'JAM'},{'JAM'},31,{6},5.0
2e69c48d,2e69c48d4,2020-10-23,15,{'JAM'},{'JAM_STAND_STILL_TRAFFIC'},61,{6},5.344262295081967
2e69c48d,2e69c48d4,2020-10-25,9,{'WEATHERHAZARD'},{'HAZARD_ON_SHOULDER_CAR_STOPPED'},33,{6},5.0
2e69c48d,2e69c48d4,2020-10-25,15,{'JAM'},"{'JAM_STAND_STILL_TRAFFIC', 'JAM_HEAVY_TRAFFIC'}",63,{6},5.0
2e69c48d,2e69c48d4,2020-10-25,17,"{'JAM', 'WEATHERHAZARD'}","{'HAZARD_ON_SHOULDER_CAR_STOPPED', 'JAM_STAND_STILL_TRAFFIC'}",61,{6},5.426229508196721
2e69c48d,2e69c48d4,2020-10-26,7,{'JAM'},"{'JAM_STAND_STILL_TRAFFIC', 'JAM_HEAVY_TRAFFIC'}",62,{6},5.0
2e69c48d,2e69c48d4,2020-10-26,16,{'JAM'},{'JAM_STAND_STILL_TRAFFIC'},31,{6},5.0
2e69c48d,2e69c48d4,2020-10-27,5,{'WEATHERHAZARD'},{'HAZARD_WEATHER_FOG'},33,{6},5.0
2e69c48d,2e69c48d4,2020-10-27,8,{'JAM'},{'JAM_MODERATE_TRAFFIC'},30,{6},5.0
2e69c48d,2e69c48d4,2020-10-27,14,{'ACCIDENT'},{'ACCIDENT_MINOR'},122,{6},5.60655737704918
2e69c48d,2e69c48d4,2020-10-27,15,{'WEATHERHAZARD'},{'HAZARD_ON_ROAD_CAR_STOPPED'},32,{6},5.875
2e69c48d,2e69c48d4,2020-10-27,17,{'WEATHERHAZARD'},{'HAZARD_ON_ROAD_CAR_STOPPED'},37,{6},5.486486486486487
2e69c48d,2e69c48d4,2020-10-28,15,{'JAM'},{'JAM_STAND_STILL_TRAFFIC'},31,{6},5.838709677419355
2e69c48d,2e69c48d4,2020-10-29,11,{'JAM'},{'JAM_HEAVY_TRAFFIC'},30,{6},5.0
2e69c48d,2e69c48d4,2020-10-29,12,{'JAM'},{'JAM_HEAVY_TRAFFIC'},62,{6},5.0
2e69c48d,2e69c48d4,2020-10-29,13,{'JAM'},{'JAM_STAND_STILL_TRAFFIC'},31,{6},5.0
2e69c48d,2e69c48d4,2020-10-29,19,{'JAM'},"{'JAM', 'JAM_STAND_STILL_TRAFFIC'}",61,{6},6.377049180327869
2e69c48d,2e69c48d4,2020-10-29,21,{'JAM'},{'JAM_STAND_STILL_TRAFFIC'},30,{6},5.0
2e69c48d,2e69c48d4,2020-10-30,10,{'JAM'},{'JAM_HEAVY_TRAFFIC'},31,{6},5.0
2e69c48d,2e69c48d4,2020-10-30,13,{'JAM'},{'JAM_HEAVY_TRAFFIC'},36,{6},5.972222222222222
2e69c48d,2e69c48d4,2020-10-30,15,{'JAM'},"{'JAM_STAND_STILL_TRAFFIC', 'JAM_HEAVY_TRAFFIC'}",63,{6},5.0
2e69c48d,2e69c48d4,2020-10-31,13,{'JAM'},{'JAM_STAND_STILL_TRAFFIC'},31,{6},5.0
2e69c48d,2e69c48d4,2020-10-31,16,{'JAM'},{'JAM_MODERATE_TRAFFIC'},30,{6},5.0
2e69c48d,2e69c48d4,2020-11-01,13,{'JAM'},"{'JAM_STAND_STILL_TRAFFIC', 'JAM_HEAVY_TRAFFIC'}",63,{6},5.0
2e69c48d,2e69c48d4,2020-11-01,14,{'JAM'},{'JAM_STAND_STILL_TRAFFIC'},43,{6},6.069767441860465
2e69c48d,2e69c48d4,2020-11-01,15,{'JAM'},{'JAM_STAND_STILL_TRAFFIC'},30,{6},5.0
2e69c48d,2e69c48d4,2020-11-01,16,{'JAM'},{'JAM_HEAVY_TRAFFIC'},42,{6},5.404761904761905
2e69c48d,2e69c48d4,2020-11-01,17,{'JAM'},{'JAM_STAND_STILL_TRAFFIC'},30,{6},5.0
2e69c48d,2e69c48d4,2020-11-01,20,{'JAM'},{'JAM_HEAVY_TRAFFIC'},64,{6},5.4375
2e69c48d,2e69c48d4,2020-11-02,7,{'JAM'},"{'JAM_STAND_STILL_TRAFFIC', 'JAM_HEAVY_TRAFFIC'}",91,{6},5.186813186813187
2e69c48d,2e69c48d4,2020-11-02,8,{'JAM'},"{'JAM_STAND_STILL_TRAFFIC', 'JAM_HEAVY_TRAFFIC'}",61,{6},5.0
2e69c48d,2e69c48d4,2020-11-02,11,{'JAM'},{'JAM_HEAVY_TRAFFIC'},32,{6},5.0
2e69c48d,2e69c48d4,2020-11-02,13,{'JAM'},{'JAM_STAND_STILL_TRAFFIC'},30,{6},5.0
2e69c48d,2e69c48d4,2020-11-03,12,{'JAM'},{'JAM_HEAVY_TRAFFIC'},30,{6},5.0
2e69c48d,2e69c48d4,2020-11-03,13,{'JAM'},{'JAM_STAND_STILL_TRAFFIC'},31,{6},5.967741935483871
2e69c48d,2e69c48d4,2020-11-03,14,{'JAM'},{'JAM_STAND_STILL_TRAFFIC'},62,{6},5.0
2e69c48d,2e69c48d4,2020-11-04,8,{'JAM'},{'JAM_MODERATE_TRAFFIC'},32,{6},5.0
2e69c48d,2e69c48d4,2020-11-04,11,{'JAM'},{'JAM_STAND_STILL_TRAFFIC'},30,{6},5.0
2e69c48d,2e69c48d4,2020-11-04,12,{'JAM'},{'JAM_HEAVY_TRAFFIC'},33,{6},5.0
2e69c48d,2e69c48d4,2020-11-04,14,{'JAM'},{'JAM_STAND_STILL_TRAFFIC'},31,{6},5.0
2e69c48d,2e69c48d4,2020-11-04,15,{'JAM'},{'JAM_STAND_STILL_TRAFFIC'},31,{6},5.0
2e69c48d,2e69c48d4,2020-11-04,16,{'JAM'},{'JAM_STAND_STILL_TRAFFIC'},30,{6},5.0
2e69c48d,2e69c48d4,2020-11-04,17,{'JAM'},{'JAM_STAND_STILL_TRAFFIC'},33,{6},5.0
2e69c48d,2e69c48d4,2020-11-05,9,{'JAM'},{'JAM_MODERATE_TRAFFIC'},30,{6},5.966666666666667
2e69c48d,2e69c48d4,2020-11-05,13,{'JAM'},{'JAM_MODERATE_TRAFFIC'},34,{6},5.0
2e69c48d,2e69c48d4,2020-11-05,14,{'JAM'},{'JAM_STAND_STILL_TRAFFIC'},31,{6},5.0
2e69c48d,2e69c48d4,2020-11-05,15,{'JAM'},{'JAM_MODERATE_TRAFFIC'},31,{6},5.0
2e69c48d,2e69c48d4,2020-11-06,12,{'JAM'},{'JAM_MODERATE_TRAFFIC'},10,{6},5.0
2e69c48d,2e69c48d4,2020-11-06,14,{'JAM'},{'JAM_STAND_STILL_TRAFFIC'},34,{6},5.0
2e69c48d,2e69c48d4,2020-11-06,15,{'JAM'},{'JAM_STAND_STILL_TRAFFIC'},30,{6},5.0
2e69c48d,2e69c48d4,2020-11-07,10,{'JAM'},{'JAM_MODERATE_TRAFFIC'},24,{6},5.0
2e69c48d,2e69c48d4,2020-11-10,13,{'JAM'},"{'JAM_STAND_STILL_TRAFFIC', 'JAM_HEAVY_TRAFFIC'}",69,{6},5.811594202898551
2e69c48d,2e69c48d4,2020-11-10,14,{'JAM'},{'JAM_STAND_STILL_TRAFFIC'},32,{6},5.0
2e69c48d,2e69c48d4,2020-11-11,13,{'JAM'},"{'JAM', 'JAM_STAND_STILL_TRAFFIC'}",64,{6},5.0
2e69c48d,2e69c48d4,2020-11-12,7,{'JAM'},{'JAM_STAND_STILL_TRAFFIC'},30,{6},5.533333333333333
2e69c48d,2e69c48d4,2020-11-13,9,{'JAM'},{'JAM_HEAVY_TRAFFIC'},30,{6},5.0
2e69c48d,2e69c48d4,2020-11-13,15,{'JAM'},{'JAM_MODERATE_TRAFFIC'},20,{6},5.0
2e69c48d,2e69c48d4,2020-11-14,11,{'JAM'},{'JAM_STAND_STILL_TRAFFIC'},15,{6},5.0
2e69c48d,2e69c48d4,2020-11-15,14,{'JAM'},{'JAM_STAND_STILL_TRAFFIC'},30,{6},5.566666666666666
2e69c48d,2e69c48d4,2020-11-15,20,{'JAM'},{'JAM_HEAVY_TRAFFIC'},31,{6},6.0
2e69c48d,2e69c48d4,2020-11-17,16,{'JAM'},{'JAM_HEAVY_TRAFFIC'},31,{6},5.0
2e69c48d,2e69c48d4,2020-11-18,13,{'JAM'},{'JAM_STAND_STILL_TRAFFIC'},50,{6},5.34
2e69c48d,2e69c48d4,2020-11-18,14,{'JAM'},{'JAM_MODERATE_TRAFFIC'},31,{6},6.0
2e69c48d,2e69c48d4,2020-11-20,15,{'JAM'},{'JAM_HEAVY_TRAFFIC'},46,{6},5.3478260869565215
2e69c48d,2e69c48d4,2020-11-22,13,{'JAM'},"{'JAM', 'JAM_MODERATE_TRAFFIC'}",36,{6},5.0
2e69c48d,2e69c48d4,2020-11-22,14,{'JAM'},{'JAM_HEAVY_TRAFFIC'},35,{6},5.0
2e69c48d,2e69c48dc,2020-09-23,17,{'JAM'},{'JAM_STAND_STILL_TRAFFIC'},30,{6},5.0
2e69c48d,2e69c48dc,2020-10-02,16,{'JAM'},{'JAM_STAND_STILL_TRAFFIC'},31,{6},5.0
2e69c48d,2e69c48dc,2020-10-04,16,{'JAM'},{'JAM_STAND_STILL_TRAFFIC'},32,{6},5.0
2e69c48d,2e69c48dc,2020-10-04,20,{'JAM'},{'JAM_MODERATE_TRAFFIC'},30,{6},5.0
2e69c48d,2e69c48dc,2020-10-09,14,{'JAM'},{'JAM_HEAVY_TRAFFIC'},35,{6},5.0
2e69c48d,2e69c48dc,2020-10-26,16,{'JAM'},{'JAM_HEAVY_TRAFFIC'},36,{6},5.0
2e69c48d,2e69c48dc,2020-10-28,17,{'JAM'},{'JAM_STAND_STILL_TRAFFIC'},36,{6},5.0
2e69c48f,2e69c48ec,2020-09-02,10,{'JAM'},{'JAM_HEAVY_TRAFFIC'},31,{7},5.0
2e69c48f,2e69c48ec,2020-09-12,10,{'JAM'},{'JAM'},32,{7},5.0
2e69c48f,2e69c48ec,2020-09-19,11,{'JAM'},{'JAM_STAND_STILL_TRAFFIC'},31,{7},5.935483870967742
2e69c48f,2e69c48ec,2020-09-19,17,{'JAM'},{'JAM_HEAVY_TRAFFIC'},31,{7},5.0
2e69c48f,2e69c48ec,2020-09-26,13,{'JAM'},{'JAM_HEAVY_TRAFFIC'},33,{7},5.0
2e69c48f,2e69c48ec,2020-10-03,20,{'JAM'},{'JAM_HEAVY_TRAFFIC'},21,{7},5.0
2e69c48f,2e69c48ec,2020-10-17,17,{'JAM'},{'JAM_STAND_STILL_TRAFFIC'},31,{7},5.0
2e69c48f,2e69c48ec,2020-10-23,9,{'JAM'},{'JAM_HEAVY_TRAFFIC'},39,{7},5.384615384615385
2e69c48f,2e69c48ec,2020-10-28,17,"{'JAM', 'WEATHERHAZARD'}","{'HAZARD_ON_ROAD_CAR_STOPPED', 'JAM_STAND_STILL_TRAFFIC'}",68,{7},5.6911764705882355
2e69c48f,2e69c48ec,2020-10-28,19,"{'JAM', 'WEATHERHAZARD'}","{'HAZARD_ON_SHOULDER_CAR_STOPPED', 'JAM_STAND_STILL_TRAFFIC'}",61,{7},5.0
2e69c48f,2e69c48ec,2020-10-29,11,{'JAM'},{'JAM_MODERATE_TRAFFIC'},30,{7},5.0
2e69c48f,2e69c48ec,2020-11-01,18,{'JAM'},{'JAM_STAND_STILL_TRAFFIC'},30,{7},5.0
2e69c48f,2e69c48ec,2020-11-07,10,{'JAM'},{'JAM_STAND_STILL_TRAFFIC'},31,{7},7.0
2e69c48f,2e69c48ec,2020-11-07,16,{'JAM'},{'JAM_MODERATE_TRAFFIC'},35,{7},5.0
2e69c48f,2e69c48ec,2020-11-07,18,{'JAM'},{'JAM_STAND_STILL_TRAFFIC'},31,{7},5.967741935483871
2e69c48f,2e69c48ec,2020-11-08,12,{'JAM'},{'JAM_HEAVY_TRAFFIC'},30,{7},5.0
2e69c48f,2e69c48ec,2020-11-14,11,{'JAM'},{'JAM_STAND_STILL_TRAFFIC'},31,{7},5.903225806451613
2e69c48f,2e69c48f4,2020-09-05,11,{'JAM'},{'JAM_HEAVY_TRAFFIC'},40,{7},5.0
2e69c48f,2e69c48f4,2020-09-19,11,{'JAM'},{'JAM_STAND_STILL_TRAFFIC'},30,{7},5.0
2e69c48f,2e69c48f4,2020-09-19,12,{'JAM'},{'JAM_HEAVY_TRAFFIC'},31,{7},5.709677419354839
2e69c48f,2e69c48f4,2020-09-27,19,{'WEATHERHAZARD'},{'HAZARD_ON_SHOULDER_CAR_STOPPED'},31,{7},5.0
2e69c48f,2e69c48f4,2020-10-03,17,{'JAM'},{'JAM_STAND_STILL_TRAFFIC'},30,{7},5.0
2e69c48f,2e69c48f4,2020-10-10,14,{'JAM'},{'JAM_HEAVY_TRAFFIC'},30,{7},5.0
2e69c48f,2e69c48f4,2020-10-17,12,{'JAM'},{'JAM_HEAVY_TRAFFIC'},30,{7},5.0
2e69c48f,2e69c48f4,2020-10-19,10,"{'JAM', 'WEATHERHAZARD'}","{'HAZARD_ON_SHOULDER_CAR_STOPPED', 'JAM_MODERATE_TRAFFIC'}",65,{7},5.0
2e69c48f,2e69c48f4,2020-10-24,15,{'ACCIDENT'},{'ACCIDENT_MINOR'},120,{1},5.0
2e69c48f,2e69c48f4,2020-10-28,12,{'JAM'},{'JAM_HEAVY_TRAFFIC'},30,{7},5.0
2e69c48f,2e69c48f4,2020-10-28,18,{'JAM'},{'JAM_STAND_STILL_TRAFFIC'},65,{7},5.0
2e69c48f,2e69c48f4,2020-10-31,10,{'JAM'},{'JAM_HEAVY_TRAFFIC'},33,{7},5.0
2e69c48f,2e69c48f4,2020-11-07,16,{'JAM'},{'JAM_MODERATE_TRAFFIC'},34,{7},5.0
2e69c48f,2e69c48f4,2020-11-08,12,{'JAM'},{'JAM_HEAVY_TRAFFIC'},64,{7},5.0
2e69c48f,2e69c48f4,2020-11-14,10,{'JAM'},{'JAM_STAND_STILL_TRAFFIC'},32,{7},5.0
2e69c48f,2e69c48f4,2020-11-14,12,{'JAM'},{'JAM_STAND_STILL_TRAFFIC'},31,{7},5.0
2e69c48f,2e69c48f4,2020-11-15,11,{'JAM'},{'JAM_STAND_STILL_TRAFFIC'},32,{7},5.0
2e69c4b9,2e69c4b8c,2020-10-27,19,{'WEATHERHAZARD'},{'HAZARD_ON_SHOULDER_CAR_STOPPED'},32,{1},5.0
2e69c4b9,2e69c4b94,2020-10-08,19,{'WEATHERHAZARD'},{'HAZARD_ON_SHOULDER_CAR_STOPPED'},33,{1},5.0
2e69c4b9,2e69c4b94,2020-11-20,20,{'WEATHERHAZARD'},{'HAZARD_ON_SHOULDER_CAR_STOPPED'},36,{1},5.444444444444445
2e69c4bb,2e69c4bb4,2020-10-30,18,{'JAM'},{'JAM'},31,{1},5.967741935483871
2e69c4bd,2e69c4bc4,2020-11-01,14,{'JAM'},{'JAM'},30,{1},6.0
2e69c4bf,2e69c4bec,2020-11-06,13,{'WEATHERHAZARD'},{'HAZARD_ON_SHOULDER_CAR_STOPPED'},30,{1},5.0
2e69c4bf,2e69c4bf4,2020-10-26,20,{'WEATHERHAZARD'},{'HAZARD_ON_SHOULDER_CAR_STOPPED'},34,{1},5.0
2e69c4bf,2e69c4bf4,2020-11-20,20,{'WEATHERHAZARD'},{'HAZARD_ON_SHOULDER_CAR_STOPPED'},37,{1},5.4324324324324325
2e69c4c1,2e69c4c0c,2020-09-29,15,{'WEATHERHAZARD'},{'HAZARD_ON_SHOULDER_CAR_STOPPED'},31,{1},5.0
2e69c4c1,2e69c4c0c,2020-10-14,17,{'WEATHERHAZARD'},{'HAZARD_ON_SHOULDER_CAR_STOPPED'},31,{1},5.838709677419355
2e69c4c1,2e69c4c0c,2020-10-19,10,{'WEATHERHAZARD'},{'HAZARD_ON_SHOULDER_CAR_STOPPED'},30,{1},5.0
2e69c4c1,2e69c4c0c,2020-10-21,17,{'WEATHERHAZARD'},{'HAZARD_ON_SHOULDER_CAR_STOPPED'},30,{1},5.0
2e69c4c1,2e69c4c0c,2020-11-19,19,{'WEATHERHAZARD'},{'HAZARD_ON_SHOULDER_CAR_STOPPED'},30,{1},6.0
2e69c4c1,2e69c4c0c,2020-11-21,12,{'WEATHERHAZARD'},{'HAZARD_ON_SHOULDER_CAR_STOPPED'},31,{1},5.0
2e69c4c1,2e69c4c14,2020-09-17,12,{'JAM'},{'JAM_MODERATE_TRAFFIC'},35,{1},5.0
2e69c4c1,2e69c4c14,2020-09-27,13,{'JAM'},{'JAM_STAND_STILL_TRAFFIC'},30,{6},5.0
2e69c4c1,2e69c4c14,2020-10-02,17,{'JAM'},{'JAM_HEAVY_TRAFFIC'},31,{6},5.0
2e69c4c1,2e69c4c14,2020-10-03,13,{'JAM'},{'JAM_HEAVY_TRAFFIC'},32,{6},5.0
2e69c4c1,2e69c4c14,2020-10-04,13,{'JAM'},{'JAM_STAND_STILL_TRAFFIC'},34,{6},5.0
2e69c4c1,2e69c4c14,2020-10-24,20,{'JAM'},{'JAM_STAND_STILL_TRAFFIC'},32,{6},5.0
2e69c4c1,2e69c4c14,2020-11-02,20,{'WEATHERHAZARD'},{'HAZARD_ON_SHOULDER_CAR_STOPPED'},30,{1},5.6
2e69c4c1,2e69c4c14,2020-11-08,11,{'JAM'},{'JAM_STAND_STILL_TRAFFIC'},27,{6},5.0
2e69c4c1,2e69c4c14,2020-11-14,16,{'WEATHERHAZARD'},{'HAZARD_WEATHER_HAIL'},30,{6},5.0
2e69c4c1,2e69c4c14,2020-11-19,19,{'WEATHERHAZARD'},{'HAZARD_ON_SHOULDER_CAR_STOPPED'},1,{1},5.0
2e69c4c1,2e69c4c1c,2020-09-07,17,{'JAM'},{'JAM_HEAVY_TRAFFIC'},30,{6},5.0
2e69c4c1,2e69c4c1c,2020-09-27,19,{'WEATHERHAZARD'},{'HAZARD_ON_SHOULDER_CAR_STOPPED'},30,{6},5.0
2e69c4c1,2e69c4c1c,2020-10-01,14,{'WEATHERHAZARD'},{'WEATHERHAZARD'},31,{6},5.612903225806452
2e69c4c1,2e69c4c1c,2020-10-08,10,{'JAM'},{'JAM_MODERATE_TRAFFIC'},30,{6},5.0
2e69c4c1,2e69c4c1c,2020-10-15,6,{'JAM'},{'JAM_MODERATE_TRAFFIC'},32,{6},5.0
2e69c4c1,2e69c4c1c,2020-10-15,18,{'WEATHERHAZARD'},{'HAZARD_ON_SHOULDER_CAR_STOPPED'},24,{6},5.291666666666667
2e69c4c1,2e69c4c1c,2020-10-23,14,{'JAM'},{'JAM_HEAVY_TRAFFIC'},31,{6},5.0
2e69c4c1,2e69c4c1c,2020-10-23,18,{'WEATHERHAZARD'},{'HAZARD_ON_SHOULDER_CAR_STOPPED'},31,{6},5.0
2e69c4c1,2e69c4c1c,2020-10-24,18,{'JAM'},{'JAM_HEAVY_TRAFFIC'},32,{6},5.0
2e69c4c1,2e69c4c1c,2020-11-06,12,{'JAM'},{'JAM_MODERATE_TRAFFIC'},30,{6},5.0
2e69c4c1,2e69c4c1c,2020-11-07,11,{'JAM'},{'JAM_HEAVY_TRAFFIC'},30,{6},5.0
2e69c4c1,2e69c4c1c,2020-11-07,12,{'WEATHERHAZARD'},{'HAZARD_ON_SHOULDER_CAR_STOPPED'},30,{6},5.066666666666666
2e69c4c1,2e69c4c1c,2020-11-10,16,{'JAM'},{'JAM_HEAVY_TRAFFIC'},31,{6},5.0
2e69c4c7,2e69c4c6c,2020-09-13,15,{'JAM'},{'JAM_MODERATE_TRAFFIC'},31,{6},5.0
2e69c4c7,2e69c4c6c,2020-10-20,10,{'JAM'},{'JAM_MODERATE_TRAFFIC'},32,{6},5.0
2e69c4c7,2e69c4c6c,2020-11-02,15,{'JAM'},{'JAM_MODERATE_TRAFFIC'},32,{6},5.0
2e69c4c7,2e69c4c6c,2020-11-06,16,{'JAM'},{'JAM_STAND_STILL_TRAFFIC'},31,{6},5.0
2e69c4c7,2e69c4c74,2020-09-05,13,{'JAM'},{'JAM_HEAVY_TRAFFIC'},34,{6},5.0
2e69c4c7,2e69c4c74,2020-09-18,14,{'JAM'},{'JAM_STAND_STILL_TRAFFIC'},31,{6},5.0
2e69c4c7,2e69c4c74,2020-10-02,17,{'JAM'},{'JAM_HEAVY_TRAFFIC'},22,{6},5.0
2e69c4e9,2e69c4e94,2020-09-09,18,{'JAM'},{'JAM_MODERATE_TRAFFIC'},32,{2},5.0
2e69c4e9,2e69c4e94,2020-09-12,16,{'JAM'},{'JAM_HEAVY_TRAFFIC'},31,{2},5.0
2e69c4e9,2e69c4e94,2020-09-18,17,{'JAM'},{'JAM_HEAVY_TRAFFIC'},34,{2},5.0
2e69c4e9,2e69c4e94,2020-09-22,16,{'JAM'},{'JAM_MODERATE_TRAFFIC'},30,{2},5.0
2e69c4e9,2e69c4e94,2020-09-27,13,{'JAM'},{'JAM_HEAVY_TRAFFIC'},6,{2},5.0
2e69c4e9,2e69c4e94,2020-09-28,15,{'JAM'},{'JAM_MODERATE_TRAFFIC'},32,{6},5.0
2e69c4e9,2e69c4e94,2020-10-01,13,{'JAM'},{'JAM_MODERATE_TRAFFIC'},33,{2},5.0
2e69c4e9,2e69c4e94,2020-10-03,17,{'JAM'},{'JAM_STAND_STILL_TRAFFIC'},40,{6},5.425
2e69c4e9,2e69c4e94,2020-10-04,22,{'WEATHERHAZARD'},{'HAZARD_ON_SHOULDER_CAR_STOPPED'},31,{6},5.0
2e69c4e9,2e69c4e94,2020-10-07,13,"{'JAM', 'WEATHERHAZARD'}","{'HAZARD_ON_SHOULDER_CAR_STOPPED', 'JAM_MODERATE_TRAFFIC'}",64,{2},5.0
2e69c4e9,2e69c4e94,2020-10-07,14,{'JAM'},{'JAM_HEAVY_TRAFFIC'},31,{2},5.709677419354839
2e69c4e9,2e69c4e94,2020-10-08,10,{'JAM'},{'JAM_HEAVY_TRAFFIC'},18,{6},5.0
2e69c4e9,2e69c4e94,2020-10-10,16,{'WEATHERHAZARD'},{'HAZARD_ON_SHOULDER_CAR_STOPPED'},31,{2},5.0
2e69c4e9,2e69c4e94,2020-10-12,12,{'JAM'},{'JAM_MODERATE_TRAFFIC'},31,{2},5.0
2e69c4e9,2e69c4e94,2020-10-16,16,{'JAM'},{'JAM_MODERATE_TRAFFIC'},32,{2},5.0
2e69c4e9,2e69c4e94,2020-10-18,12,{'JAM'},{'JAM_STAND_STILL_TRAFFIC'},30,{2},5.0
2e69c4e9,2e69c4e94,2020-10-18,15,{'JAM'},{'JAM_HEAVY_TRAFFIC'},34,{2},5.0
2e69c4e9,2e69c4e94,2020-10-20,17,{'JAM'},{'JAM_MODERATE_TRAFFIC'},31,{2},5.0
2e69c4e9,2e69c4e94,2020-10-20,19,"{'JAM', 'WEATHERHAZARD'}","{'HAZARD_ON_SHOULDER_CAR_STOPPED', 'JAM_HEAVY_TRAFFIC'}",69,"{2, 6}",5.231884057971015
2e69c4e9,2e69c4e94,2020-10-24,11,{'JAM'},{'JAM_HEAVY_TRAFFIC'},30,{2},5.0
2e69c4e9,2e69c4e94,2020-10-25,15,{'JAM'},{'JAM_HEAVY_TRAFFIC'},30,{2},5.0
2e69c4e9,2e69c4e94,2020-10-28,14,{'JAM'},{'JAM_MODERATE_TRAFFIC'},31,{2},5.0
2e69c4e9,2e69c4e94,2020-10-30,17,{'JAM'},{'JAM_STAND_STILL_TRAFFIC'},33,{2},5.0
2e69c4e9,2e69c4e94,2020-10-31,8,{'JAM'},{'JAM_MODERATE_TRAFFIC'},31,{2},5.0
2e69c4e9,2e69c4e94,2020-11-01,11,{'JAM'},{'JAM_HEAVY_TRAFFIC'},31,{2},5.0
2e69c4e9,2e69c4e94,2020-11-03,13,{'JAM'},{'JAM_MODERATE_TRAFFIC'},30,{2},5.0
2e69c4e9,2e69c4e94,2020-11-04,16,{'JAM'},"{'JAM_MODERATE_TRAFFIC', 'JAM_HEAVY_TRAFFIC'}",63,{2},5.476190476190476
2e69c4e9,2e69c4e94,2020-11-06,16,{'JAM'},{'JAM_HEAVY_TRAFFIC'},31,{6},6.0
2e69c4e9,2e69c4e94,2020-11-07,12,{'JAM'},{'JAM_STAND_STILL_TRAFFIC'},32,{2},5.0
2e69c4e9,2e69c4e94,2020-11-11,15,{'JAM'},{'JAM_STAND_STILL_TRAFFIC'},31,{6},5.0
2e69c4e9,2e69c4e94,2020-11-11,19,{'WEATHERHAZARD'},{'HAZARD_ON_SHOULDER_CAR_STOPPED'},32,{2},5.0
2e69c4e9,2e69c4e94,2020-11-12,12,{'JAM'},{'JAM_HEAVY_TRAFFIC'},55,{2},5.0
2e69c4e9,2e69c4e94,2020-11-12,17,{'JAM'},{'JAM_HEAVY_TRAFFIC'},32,{2},5.0
2e69c4e9,2e69c4e94,2020-11-13,19,{'WEATHERHAZARD'},{'HAZARD_ON_SHOULDER_CAR_STOPPED'},34,{2},6.0
2e69c4e9,2e69c4e94,2020-11-14,8,{'JAM'},{'JAM_MODERATE_TRAFFIC'},31,{2},5.0
2e69c4e9,2e69c4e94,2020-11-19,19,"{'JAM', 'WEATHERHAZARD'}","{'HAZARD_ON_SHOULDER_CAR_STOPPED', 'JAM_MODERATE_TRAFFIC'}",64,{2},5.4375
2e69c4e9,2e69c4e94,2020-11-20,20,{'WEATHERHAZARD'},{'HAZARD_ON_SHOULDER_CAR_STOPPED'},43,{2},6.093023255813954
2e69c4e9,2e69c4e94,2020-11-22,17,{'JAM'},{'JAM_HEAVY_TRAFFIC'},30,{2},5.0
2e69c4eb,2e69c4ea4,2020-09-01,11,{'JAM'},{'JAM_HEAVY_TRAFFIC'},11,{6},5.0
2e69c4eb,2e69c4ea4,2020-09-26,11,{'JAM'},{'JAM_MODERATE_TRAFFIC'},62,{6},5.0
2e69c4eb,2e69c4ea4,2020-09-30,17,{'WEATHERHAZARD'},{'HAZARD_ON_SHOULDER_CAR_STOPPED'},31,{6},5.096774193548387
2e69c4eb,2e69c4ea4,2020-10-01,17,{'WEATHERHAZARD'},{'HAZARD_ON_ROAD_CONSTRUCTION'},209,{6},5.220095693779904
2e69c4eb,2e69c4ea4,2020-10-02,10,{'JAM'},{'JAM_MODERATE_TRAFFIC'},96,{6},5.0
2e69c4eb,2e69c4ea4,2020-10-03,13,{'JAM'},{'JAM_STAND_STILL_TRAFFIC'},6,{6},5.0
2e69c4eb,2e69c4ea4,2020-10-08,10,{'JAM'},{'JAM_HEAVY_TRAFFIC'},30,{6},5.0
2e69c4eb,2e69c4ea4,2020-10-14,17,{'JAM'},{'JAM_MODERATE_TRAFFIC'},63,{6},5.0
2e69c4eb,2e69c4ea4,2020-10-16,17,{'JAM'},{'JAM_MODERATE_TRAFFIC'},54,{6},5.0
2e69c4eb,2e69c4ea4,2020-10-24,19,{'JAM'},{'JAM_HEAVY_TRAFFIC'},34,{6},5.0
2e69c4eb,2e69c4ea4,2020-10-30,17,{'JAM'},{'JAM_STAND_STILL_TRAFFIC'},33,{6},5.0
2e69c4eb,2e69c4ea4,2020-11-06,16,{'JAM'},{'JAM_STAND_STILL_TRAFFIC'},31,{6},5.0
2e69c4eb,2e69c4ea4,2020-11-10,19,{'JAM'},{'JAM_MODERATE_TRAFFIC'},61,{6},5.0
2e69c4eb,2e69c4ea4,2020-11-10,20,{'JAM'},{'JAM_MODERATE_TRAFFIC'},33,{6},5.0
2e69c4eb,2e69c4ea4,2020-11-12,18,{'JAM'},{'JAM_MODERATE_TRAFFIC'},8,{6},5.0
2e69c4eb,2e69c4ea4,2020-11-19,15,{'JAM'},{'JAM_MODERATE_TRAFFIC'},39,{6},5.384615384615385
2e69c4eb,2e69c4ebc,2020-09-01,11,{'JAM'},{'JAM_STAND_STILL_TRAFFIC'},10,{6},5.0
2e69c4eb,2e69c4ebc,2020-09-26,20,{'JAM'},{'JAM_STAND_STILL_TRAFFIC'},30,{6},5.0
2e69c4eb,2e69c4ebc,2020-09-28,15,{'WEATHERHAZARD'},{'HAZARD_ON_SHOULDER_CAR_STOPPED'},33,{6},5.0
2e69c4eb,2e69c4ebc,2020-10-02,18,{'JAM'},{'JAM_HEAVY_TRAFFIC'},5,{6},5.0
2e69c4eb,2e69c4ebc,2020-10-05,11,{'WEATHERHAZARD'},{'HAZARD_ON_SHOULDER_CAR_STOPPED'},31,{6},5.0
2e69c4eb,2e69c4ebc,2020-10-14,17,{'WEATHERHAZARD'},{'HAZARD_ON_SHOULDER_CAR_STOPPED'},31,{6},5.806451612903226
2e69c4eb,2e69c4ebc,2020-10-17,13,{'JAM'},{'JAM_STAND_STILL_TRAFFIC'},31,{6},5.0
2e69c4eb,2e69c4ebc,2020-10-19,18,{'WEATHERHAZARD'},{'HAZARD_ON_SHOULDER_CAR_STOPPED'},30,{6},5.0
2e69c4eb,2e69c4ebc,2020-10-23,18,{'WEATHERHAZARD'},{'HAZARD_ON_SHOULDER_CAR_STOPPED'},62,{6},5.0
2e69c4eb,2e69c4ebc,2020-11-04,20,{'WEATHERHAZARD'},{'HAZARD_ON_SHOULDER_CAR_STOPPED'},31,{6},5.0
2e69c4eb,2e69c4ebc,2020-11-06,16,{'WEATHERHAZARD'},{'HAZARD_ON_ROAD_CAR_STOPPED'},31,{6},5.0
2e69c4eb,2e69c4ebc,2020-11-09,20,{'WEATHERHAZARD'},{'HAZARD_ON_SHOULDER_CAR_STOPPED'},31,{6},5.387096774193548
2e69c4eb,2e69c4ebc,2020-11-10,19,{'WEATHERHAZARD'},{'HAZARD_ON_SHOULDER_CAR_STOPPED'},31,{6},5.0
2e69c4eb,2e69c4ebc,2020-11-13,19,{'WEATHERHAZARD'},{'HAZARD_ON_SHOULDER_CAR_STOPPED'},32,{6},5.0
2e69c4eb,2e69c4ebc,2020-11-18,20,{'JAM'},{'JAM_MODERATE_TRAFFIC'},32,{6},5.0
2e69c4ed,2e69c4ec4,2020-09-29,15,{'WEATHERHAZARD'},{'HAZARD_ON_SHOULDER_CAR_STOPPED'},32,{6},5.0
2e69c4ed,2e69c4ec4,2020-10-02,17,{'JAM'},"{'JAM_STAND_STILL_TRAFFIC', 'JAM_HEAVY_TRAFFIC'}",63,{6},5.0
2e69c4ed,2e69c4ec4,2020-10-04,11,{'WEATHERHAZARD'},{'HAZARD_ON_SHOULDER_CAR_STOPPED'},30,{6},5.0
2e69c4ed,2e69c4ec4,2020-10-04,21,{'WEATHERHAZARD'},{'HAZARD_ON_SHOULDER_CAR_STOPPED'},31,{6},5.0
2e69c4ed,2e69c4ec4,2020-10-06,17,{'WEATHERHAZARD'},{'HAZARD_ON_SHOULDER_CAR_STOPPED'},32,{6},5.625
2e69c4ed,2e69c4ec4,2020-10-08,19,{'WEATHERHAZARD'},{'HAZARD_ON_SHOULDER_CAR_STOPPED'},34,{6},5.0
2e69c4ed,2e69c4ec4,2020-10-09,20,{'WEATHERHAZARD'},{'HAZARD_ON_SHOULDER_CAR_STOPPED'},53,{6},5.773584905660377
2e69c4ed,2e69c4ec4,2020-10-24,14,{'ACCIDENT'},{'ACCIDENT'},121,{6},5.570247933884297
2e69c4ed,2e69c4ec4,2020-11-10,19,{'WEATHERHAZARD'},{'HAZARD_ON_SHOULDER_CAR_STOPPED'},31,{6},5.0
2e69c4ed,2e69c4ec4,2020-11-12,20,{'WEATHERHAZARD'},{'HAZARD_ON_SHOULDER_CAR_STOPPED'},32,{6},5.0
2e69c4ed,2e69c4ec4,2020-11-16,20,{'WEATHERHAZARD'},{'HAZARD_ON_SHOULDER_CAR_STOPPED'},32,{6},5.0
2e69c4ed,2e69c4ecc,2020-09-01,17,{'JAM'},"{'JAM_STAND_STILL_TRAFFIC', 'JAM_HEAVY_TRAFFIC'}",37,{6},5.0
2e69c4ed,2e69c4ecc,2020-09-08,16,{'JAM'},{'JAM_STAND_STILL_TRAFFIC'},63,{6},5.0
2e69c4ed,2e69c4ecc,2020-09-11,15,{'JAM'},{'JAM_HEAVY_TRAFFIC'},31,{6},5.0
2e69c4ed,2e69c4ecc,2020-09-25,14,{'JAM'},{'JAM_MODERATE_TRAFFIC'},30,{6},5.0
2e69c4ed,2e69c4ecc,2020-09-27,19,{'JAM'},{'JAM_MODERATE_TRAFFIC'},19,{6},5.0
2e69c4ed,2e69c4ecc,2020-09-30,11,{'ACCIDENT'},{'ACCIDENT_MINOR'},121,{6},5.677685950413223
2e69c4ed,2e69c4ecc,2020-10-02,17,{'JAM'},{'JAM_STAND_STILL_TRAFFIC'},85,{6},5.529411764705882
2e69c4ed,2e69c4ecc,2020-10-04,16,{'JAM'},{'JAM_HEAVY_TRAFFIC'},64,{6},5.0
2e69c4ed,2e69c4ecc,2020-10-10,18,{'JAM'},{'JAM_HEAVY_TRAFFIC'},30,{1},5.0
2e69c4ed,2e69c4ecc,2020-10-11,15,{'JAM'},{'JAM_HEAVY_TRAFFIC'},34,{6},5.0
2e69c4ed,2e69c4ecc,2020-10-16,17,{'WEATHERHAZARD'},{'HAZARD_ON_SHOULDER_CAR_STOPPED'},31,{6},5.419354838709677
2e69c4ed,2e69c4ecc,2020-10-18,15,{'JAM'},{'JAM_HEAVY_TRAFFIC'},32,{6},5.0
2e69c4ed,2e69c4ecc,2020-10-18,20,{'JAM'},{'JAM_HEAVY_TRAFFIC'},31,{6},5.0
2e69c4ed,2e69c4ecc,2020-10-19,10,{'JAM'},{'JAM_MODERATE_TRAFFIC'},30,{6},5.0
2e69c4ed,2e69c4ecc,2020-10-31,16,{'JAM'},{'JAM_MODERATE_TRAFFIC'},32,{6},5.0
2e69c4ed,2e69c4ecc,2020-10-31,17,"{'JAM', 'WEATHERHAZARD'}","{'HAZARD_ON_SHOULDER_CAR_STOPPED', 'JAM_STAND_STILL_TRAFFIC', 'JAM_MODERATE_TRAFFIC'}",99,{6},5.0
2e69c4ed,2e69c4ecc,2020-11-01,15,{'JAM'},{'JAM_MODERATE_TRAFFIC'},31,{6},5.0
2e69c4ed,2e69c4ecc,2020-11-01,17,{'JAM'},{'JAM_STAND_STILL_TRAFFIC'},34,{6},5.0
2e69c4ed,2e69c4ecc,2020-11-01,18,{'JAM'},{'JAM_MODERATE_TRAFFIC'},36,{6},5.0
2e69c4ed,2e69c4ecc,2020-11-02,8,{'JAM'},{'JAM_MODERATE_TRAFFIC'},34,{6},5.0
2e69c4ed,2e69c4ecc,2020-11-02,19,{'WEATHERHAZARD'},{'HAZARD_ON_SHOULDER_CAR_STOPPED'},33,{6},5.0
2e69c4ed,2e69c4ecc,2020-11-04,11,{'JAM'},{'JAM_HEAVY_TRAFFIC'},31,{6},5.0
2e69c4ed,2e69c4ecc,2020-11-06,15,{'JAM'},{'JAM_HEAVY_TRAFFIC'},32,{6},5.0
2e69c4ed,2e69c4ecc,2020-11-07,16,{'JAM'},{'JAM_HEAVY_TRAFFIC'},71,"{1, 6}",5.704225352112676
2e69c4ed,2e69c4ecc,2020-11-07,17,{'JAM'},{'JAM_STAND_STILL_TRAFFIC'},31,{6},5.0
2e69c4ed,2e69c4ecc,2020-11-08,13,{'WEATHERHAZARD'},{'HAZARD_ON_SHOULDER_CAR_STOPPED'},30,{6},5.0
2e69c4ed,2e69c4ecc,2020-11-10,7,{'JAM'},{'JAM_MODERATE_TRAFFIC'},32,{6},5.0
2e69c4ed,2e69c4ecc,2020-11-10,16,{'JAM'},{'JAM_HEAVY_TRAFFIC'},40,{6},5.0
2e69c4ed,2e69c4ecc,2020-11-14,12,{'JAM'},{'JAM'},33,{6},5.0
2e69c4ed,2e69c4ecc,2020-11-15,13,{'JAM'},{'JAM_MODERATE_TRAFFIC'},97,{6},5.43298969072165
2e69c4ed,2e69c4ed4,2020-09-09,15,{'JAM'},{'JAM_MODERATE_TRAFFIC'},30,{6},5.0
2e69c4ed,2e69c4ed4,2020-09-30,17,{'WEATHERHAZARD'},{'HAZARD_ON_SHOULDER_CAR_STOPPED'},30,{6},5.0
2e69c4ed,2e69c4ed4,2020-10-01,20,{'WEATHERHAZARD'},{'HAZARD_ON_SHOULDER_CAR_STOPPED'},31,{6},5.451612903225806
2e69c4ed,2e69c4ed4,2020-10-02,17,{'JAM'},"{'JAM_STAND_STILL_TRAFFIC', 'JAM_HEAVY_TRAFFIC'}",138,{6},5.231884057971015
2e69c4ed,2e69c4ed4,2020-10-02,18,{'JAM'},{'JAM_STAND_STILL_TRAFFIC'},32,{6},5.0
2e69c4ed,2e69c4ed4,2020-10-02,20,{'JAM'},"{'JAM_STAND_STILL_TRAFFIC', 'JAM_HEAVY_TRAFFIC'}",95,{6},5.515789473684211
2e69c4ed,2e69c4ed4,2020-10-03,19,{'WEATHERHAZARD'},{'HAZARD_ON_SHOULDER_CAR_STOPPED'},31,{6},5.580645161290323
2e69c4ed,2e69c4ed4,2020-10-04,16,{'JAM'},{'JAM_STAND_STILL_TRAFFIC'},22,{6},5.0
2e69c4ed,2e69c4ed4,2020-10-06,17,{'WEATHERHAZARD'},{'HAZARD_ON_SHOULDER_CAR_STOPPED'},34,{6},7.088235294117647
2e69c4ed,2e69c4ed4,2020-10-08,19,{'WEATHERHAZARD'},{'HAZARD_ON_SHOULDER_CAR_STOPPED'},31,{6},5.0
2e69c4ed,2e69c4ed4,2020-10-14,17,{'JAM'},{'JAM_MODERATE_TRAFFIC'},31,{6},5.0
2e69c4ed,2e69c4ed4,2020-10-20,19,{'WEATHERHAZARD'},{'HAZARD_ON_SHOULDER_CAR_STOPPED'},34,{6},5.0
2e69c4ed,2e69c4ed4,2020-10-21,16,{'JAM'},{'JAM_STAND_STILL_TRAFFIC'},31,{6},5.0
2e69c4ed,2e69c4ed4,2020-10-22,14,{'JAM'},{'JAM_STAND_STILL_TRAFFIC'},32,{6},5.0
2e69c4ed,2e69c4ed4,2020-10-23,18,{'WEATHERHAZARD'},{'HAZARD_ON_SHOULDER_CAR_STOPPED'},33,{6},5.0
2e69c4ed,2e69c4ed4,2020-10-25,17,{'WEATHERHAZARD'},{'HAZARD_ON_SHOULDER_CAR_STOPPED'},33,{6},5.0606060606060606
2e69c4ed,2e69c4ed4,2020-10-28,15,{'JAM'},{'JAM_STAND_STILL_TRAFFIC'},31,{6},5.0
2e69c4ed,2e69c4ed4,2020-10-29,19,{'JAM'},{'JAM_STAND_STILL_TRAFFIC'},8,{6},5.5
2e69c4ed,2e69c4ed4,2020-11-02,11,{'JAM'},{'JAM_HEAVY_TRAFFIC'},33,{6},5.0
2e69c4ed,2e69c4ed4,2020-11-04,14,{'JAM'},{'JAM_HEAVY_TRAFFIC'},32,{6},5.0
2e69c4ed,2e69c4ed4,2020-11-04,20,{'WEATHERHAZARD'},{'HAZARD_ON_SHOULDER_CAR_STOPPED'},31,{6},5.0
2e69c4ed,2e69c4ed4,2020-11-06,12,{'JAM'},{'JAM_MODERATE_TRAFFIC'},32,{6},5.0
2e69c4ed,2e69c4ed4,2020-11-07,12,{'JAM'},{'JAM_MODERATE_TRAFFIC'},31,{6},5.0
2e69c4ed,2e69c4ed4,2020-11-08,11,{'WEATHERHAZARD'},{'HAZARD_ON_SHOULDER_CAR_STOPPED'},30,{6},5.566666666666666
2e69c4ed,2e69c4ed4,2020-11-09,19,{'WEATHERHAZARD'},{'HAZARD_ON_SHOULDER_CAR_STOPPED'},31,{6},5.0
2e69c4ed,2e69c4ed4,2020-11-10,19,{'WEATHERHAZARD'},{'HAZARD_ON_SHOULDER_CAR_STOPPED'},31,{6},5.0
2e69c4ed,2e69c4ed4,2020-11-13,9,{'WEATHERHAZARD'},{'HAZARD_ON_SHOULDER_CAR_STOPPED'},30,{6},5.7
2e69c4ed,2e69c4ed4,2020-11-16,20,{'WEATHERHAZARD'},{'HAZARD_ON_SHOULDER_CAR_STOPPED'},30,{6},5.0
2e69c4ed,2e69c4ed4,2020-11-19,15,{'JAM'},{'JAM_STAND_STILL_TRAFFIC'},44,{6},5.386363636363637
2e69c4ed,2e69c4edc,2020-10-10,16,{'WEATHERHAZARD'},{'HAZARD_ON_SHOULDER_CAR_STOPPED'},38,{6},5.421052631578948
2e69c4ed,2e69c4edc,2020-11-10,19,{'WEATHERHAZARD'},{'HAZARD_ON_SHOULDER_CAR_STOPPED'},32,{1},5.0
2e69c4ef,2e69c4eec,2020-10-12,16,{'JAM'},{'JAM_HEAVY_TRAFFIC'},34,{2},5.0
2e69c4ef,2e69c4eec,2020-11-07,12,{'JAM'},{'JAM_HEAVY_TRAFFIC'},31,{2},6.0
2e69c4ef,2e69c4ef4,2020-09-12,16,{'JAM'},{'JAM_MODERATE_TRAFFIC'},30,{2},5.0
2e69c4ef,2e69c4ef4,2020-09-22,14,{'JAM'},{'JAM_HEAVY_TRAFFIC'},33,{2},5.0
2e69c4ef,2e69c4ef4,2020-10-14,17,{'JAM'},{'JAM_MODERATE_TRAFFIC'},30,{2},5.0
2e69c4ef,2e69c4ef4,2020-10-20,17,{'JAM'},{'JAM_HEAVY_TRAFFIC'},31,{2},5.0
2e69c4ef,2e69c4ef4,2020-10-31,12,{'JAM'},{'JAM_STAND_STILL_TRAFFIC'},31,{2},5.0
2e69c4ef,2e69c4ef4,2020-11-07,12,{'JAM'},{'JAM_HEAVY_TRAFFIC'},33,{2},5.0
2e69c4ef,2e69c4ef4,2020-11-07,16,{'JAM'},{'JAM_MODERATE_TRAFFIC'},31,{2},5.0
2e69c4ef,2e69c4ef4,2020-11-14,16,{'JAM'},{'JAM_HEAVY_TRAFFIC'},32,{2},5.0
2e69c4ef,2e69c4ef4,2020-11-20,20,{'WEATHERHAZARD'},{'HAZARD_ON_SHOULDER_CAR_STOPPED'},45,{2},6.133333333333334
2e69c4ef,2e69c4ef4,2020-11-21,16,{'JAM'},{'JAM_HEAVY_TRAFFIC'},30,{2},5.0
2e69c4ef,2e69c4efc,2020-10-03,15,{'JAM'},{'JAM_STAND_STILL_TRAFFIC'},32,{2},5.0
2e69c4ef,2e69c4efc,2020-10-05,17,{'JAM'},{'JAM_STAND_STILL_TRAFFIC'},7,{2},5.0
2e69c4ef,2e69c4efc,2020-11-20,14,{'JAM'},{'JAM'},8,{2},5.0
2e69c4f1,2e69c4f0c,2020-10-03,16,{'JAM'},{'JAM_HEAVY_TRAFFIC'},9,{1},5.0
2e69c4f1,2e69c4f0c,2020-11-07,16,{'JAM'},{'JAM'},30,{1},5.0
2e69c4f1,2e69c4f1c,2020-10-03,16,{'JAM'},{'JAM_STAND_STILL_TRAFFIC'},8,{1},5.0
2e69c4f3,2e69c4f2c,2020-09-11,15,{'JAM'},{'JAM_HEAVY_TRAFFIC'},5,{6},5.0
2e69c4f3,2e69c4f2c,2020-09-23,12,{'WEATHERHAZARD'},{'HAZARD_ON_SHOULDER_CAR_STOPPED'},34,{6},5.882352941176471
2e69c4f3,2e69c4f2c,2020-09-23,18,{'WEATHERHAZARD'},{'HAZARD_ON_SHOULDER_CAR_STOPPED'},45,{6},7.844444444444444
2e69c4f3,2e69c4f2c,2020-09-23,19,{'JAM'},{'JAM_MODERATE_TRAFFIC'},31,{6},5.0
2e69c4f3,2e69c4f2c,2020-10-02,13,{'JAM'},{'JAM_HEAVY_TRAFFIC'},31,{6},5.870967741935484
2e69c4f3,2e69c4f2c,2020-10-02,17,{'JAM'},{'JAM_HEAVY_TRAFFIC'},32,{6},5.0
2e69c4f3,2e69c4f2c,2020-10-02,18,{'JAM'},{'JAM_STAND_STILL_TRAFFIC'},31,{6},6.870967741935484
2e69c4f3,2e69c4f2c,2020-10-09,14,{'JAM'},{'JAM_HEAVY_TRAFFIC'},6,{6},5.0
2e69c4f3,2e69c4f2c,2020-10-15,8,{'JAM'},{'JAM_MODERATE_TRAFFIC'},22,{6},5.0
2e69c4f3,2e69c4f2c,2020-10-20,14,{'JAM'},{'JAM_HEAVY_TRAFFIC'},30,{6},5.6
2e69c4f3,2e69c4f2c,2020-10-21,15,{'JAM'},{'JAM_STAND_STILL_TRAFFIC'},33,{6},6.0
2e69c4f3,2e69c4f2c,2020-10-26,16,{'JAM'},{'JAM_STAND_STILL_TRAFFIC'},24,{6},5.0
2e69c4f3,2e69c4f2c,2020-10-28,14,{'JAM'},{'JAM_HEAVY_TRAFFIC'},32,{6},5.0
2e69c4f3,2e69c4f2c,2020-10-29,16,{'JAM'},"{'JAM_STAND_STILL_TRAFFIC', 'JAM_HEAVY_TRAFFIC'}",49,{6},5.0
2e69c4f3,2e69c4f2c,2020-10-30,15,{'JAM'},{'JAM_STAND_STILL_TRAFFIC'},31,{6},5.0
2e69c4f3,2e69c4f2c,2020-11-01,21,{'JAM'},{'JAM_HEAVY_TRAFFIC'},35,{6},5.0
2e69c4f3,2e69c4f2c,2020-11-02,9,{'JAM'},{'JAM_HEAVY_TRAFFIC'},31,{6},5.0
2e69c4f3,2e69c4f2c,2020-11-02,11,{'JAM'},{'JAM_HEAVY_TRAFFIC'},30,{6},5.0
2e69c4f3,2e69c4f2c,2020-11-03,13,{'JAM'},{'JAM_STAND_STILL_TRAFFIC'},6,{6},5.0
2e69c4f3,2e69c4f2c,2020-11-06,15,{'JAM'},{'JAM_STAND_STILL_TRAFFIC'},31,{6},5.0
2e69c4f3,2e69c4f2c,2020-11-10,13,{'JAM'},{'JAM_STAND_STILL_TRAFFIC'},39,{6},6.0
2e69c4f5,2e69c4f44,2020-10-16,16,{'WEATHERHAZARD'},{'HAZARD_ON_SHOULDER_CAR_STOPPED'},31,{7},5.0
2e69c4f5,2e69c4f44,2020-11-09,19,{'WEATHERHAZARD'},{'HAZARD_ON_SHOULDER_CAR_STOPPED'},32,{7},5.0
2e69c4f5,2e69c4f4c,2020-10-10,11,{'JAM'},"{'JAM_STAND_STILL_TRAFFIC', 'JAM_HEAVY_TRAFFIC'}",61,{7},5.0
2e69c4f5,2e69c4f4c,2020-10-20,11,{'JAM'},{'JAM_STAND_STILL_TRAFFIC'},32,{7},5.78125
2e69c4f5,2e69c4f4c,2020-11-06,15,{'JAM'},{'JAM_STAND_STILL_TRAFFIC'},30,{7},5.0
2e69c4f5,2e69c4f4c,2020-11-07,12,{'JAM'},{'JAM_MODERATE_TRAFFIC'},64,{7},5.5
2e69c4f5,2e69c4f54,2020-10-24,14,{'WEATHERHAZARD'},{'HAZARD_ON_SHOULDER_CAR_STOPPED'},30,{1},5.0
2e69c4f5,2e69c4f54,2020-11-04,20,{'WEATHERHAZARD'},{'HAZARD_ON_SHOULDER_CAR_STOPPED'},32,{22},5.0
2e69c4f5,2e69c4f54,2020-11-07,12,{'WEATHERHAZARD'},{'HAZARD_ON_SHOULDER_CAR_STOPPED'},30,{1},5.0
2e69c4f5,2e69c4f54,2020-11-18,20,{'WEATHERHAZARD'},{'HAZARD_ON_SHOULDER_CAR_STOPPED'},32,{1},5.0
2e69c4f5,2e69c4f54,2020-11-19,9,{'WEATHERHAZARD'},{'HAZARD_ON_SHOULDER_CAR_STOPPED'},33,{1},5.787878787878788
2e69c4f5,2e69c4f54,2020-11-22,15,{'WEATHERHAZARD'},{'HAZARD_ON_SHOULDER_CAR_STOPPED'},31,{1},5.0
2e69c4f9,2e69c4f8c,2020-10-21,7,{'JAM'},{'JAM_HEAVY_TRAFFIC'},30,{2},5.0
2e69c4f9,2e69c4f8c,2020-11-11,19,{'WEATHERHAZARD'},{'HAZARD_ON_SHOULDER_CAR_STOPPED'},31,{2},5.32258064516129
2e69c4f9,2e69c4f9c,2020-10-07,13,{'WEATHERHAZARD'},{'HAZARD_ON_SHOULDER_CAR_STOPPED'},31,{2},5.0
2e69c4f9,2e69c4f9c,2020-11-13,19,{'WEATHERHAZARD'},{'HAZARD_ON_SHOULDER_CAR_STOPPED'},32,{2},5.0
2e69c4f9,2e69c4f9c,2020-11-20,20,{'WEATHERHAZARD'},{'HAZARD_ON_SHOULDER_CAR_STOPPED'},61,{2},5.311475409836065
2e69c4fb,2e69c4fa4,2020-10-25,14,{'JAM'},{'JAM_HEAVY_TRAFFIC'},32,{2},6.5
2e69c4fb,2e69c4fa4,2020-10-30,13,{'JAM'},{'JAM_HEAVY_TRAFFIC'},32,{1},5.0
2e69c4fb,2e69c4fa4,2020-11-14,8,{'JAM'},{'JAM_MODERATE_TRAFFIC'},31,{2},5.0
2e69c4ff,2e69c4ff4,2020-10-07,13,{'WEATHERHAZARD'},{'HAZARD_ON_ROAD_CONSTRUCTION'},125,{2},6.08
2e69c4ff,2e69c4ff4,2020-11-20,20,{'WEATHERHAZARD'},{'HAZARD_ON_SHOULDER_CAR_STOPPED'},31,{2},5.0
2e69c507,2e69c5074,2020-10-11,19,{'JAM'},{'JAM_MODERATE_TRAFFIC'},30,{1},5.0
2e69c58b,2e69c58b4,2020-09-23,10,{'JAM'},{'JAM_STAND_STILL_TRAFFIC'},30,{1},5.0
2e69c591,2e69c5904,2020-09-05,17,{'JAM'},{'JAM_HEAVY_TRAFFIC'},30,{2},5.0
2e69c591,2e69c5904,2020-09-13,18,{'JAM'},{'JAM_STAND_STILL_TRAFFIC'},31,{2},5.0
2e69c591,2e69c5904,2020-09-16,13,{'JAM'},{'JAM_MODERATE_TRAFFIC'},32,{2},5.0
2e69c591,2e69c5904,2020-09-18,15,{'JAM'},{'JAM_MODERATE_TRAFFIC'},30,{2},5.0
2e69c591,2e69c5904,2020-09-19,16,{'JAM'},{'JAM_STAND_STILL_TRAFFIC'},32,{2},5.0
2e69c591,2e69c5904,2020-09-20,10,{'JAM'},{'JAM_HEAVY_TRAFFIC'},32,{2},5.0
2e69c591,2e69c5904,2020-09-21,16,{'JAM'},{'JAM_STAND_STILL_TRAFFIC'},31,{2},5.0
2e69c591,2e69c5904,2020-09-27,14,{'JAM'},{'JAM_HEAVY_TRAFFIC'},17,{2},5.0
2e69c591,2e69c5904,2020-09-29,13,{'JAM'},{'JAM_HEAVY_TRAFFIC'},6,{2},5.666666666666667
2e69c591,2e69c5904,2020-09-29,14,{'JAM'},{'JAM_HEAVY_TRAFFIC'},60,{2},5.0
2e69c591,2e69c5904,2020-10-03,17,{'JAM'},{'JAM_STAND_STILL_TRAFFIC'},63,{2},5.0
2e69c591,2e69c5904,2020-10-03,18,{'JAM'},{'JAM_STAND_STILL_TRAFFIC'},47,{2},5.680851063829787
2e69c591,2e69c5904,2020-10-03,19,{'JAM'},{'JAM_HEAVY_TRAFFIC'},92,{2},5.0
2e69c591,2e69c5904,2020-10-04,10,{'JAM'},"{'JAM_STAND_STILL_TRAFFIC', 'JAM_HEAVY_TRAFFIC'}",66,{2},5.0
2e69c591,2e69c5904,2020-10-05,10,{'JAM'},{'JAM_STAND_STILL_TRAFFIC'},31,{2},7.67741935483871
2e69c591,2e69c5904,2020-10-10,10,{'JAM'},{'JAM_MODERATE_TRAFFIC'},31,{2},5.0
2e69c591,2e69c5904,2020-10-10,14,{'JAM'},{'JAM_STAND_STILL_TRAFFIC'},45,{2},5.4
2e69c591,2e69c5904,2020-10-10,16,{'JAM'},{'JAM_HEAVY_TRAFFIC'},31,{2},5.0
2e69c591,2e69c5904,2020-10-10,18,{'JAM'},{'JAM_HEAVY_TRAFFIC'},31,{2},5.0
2e69c591,2e69c5904,2020-10-14,10,{'JAM'},"{'JAM_STAND_STILL_TRAFFIC', 'JAM_HEAVY_TRAFFIC'}",62,{2},5.0
2e69c591,2e69c5904,2020-10-17,10,{'JAM'},{'JAM_HEAVY_TRAFFIC'},30,{2},5.5
2e69c591,2e69c5904,2020-10-18,13,{'JAM'},{'JAM_HEAVY_TRAFFIC'},31,{2},5.0
2e69c591,2e69c5904,2020-10-23,16,{'JAM'},{'JAM_STAND_STILL_TRAFFIC'},31,{2},5.0
2e69c591,2e69c5904,2020-10-24,13,{'JAM'},{'JAM_STAND_STILL_TRAFFIC'},30,{2},5.0
2e69c591,2e69c5904,2020-10-25,9,{'JAM'},{'JAM_STAND_STILL_TRAFFIC'},33,{2},5.0
2e69c591,2e69c5904,2020-10-25,11,{'JAM'},{'JAM_STAND_STILL_TRAFFIC'},61,{2},5.0
2e69c591,2e69c5904,2020-10-25,12,{'JAM'},{'JAM_STAND_STILL_TRAFFIC'},62,{2},5.0
2e69c591,2e69c5904,2020-10-27,15,{'JAM'},{'JAM_HEAVY_TRAFFIC'},31,{2},5.0
2e69c591,2e69c5904,2020-10-29,13,{'JAM'},{'JAM_HEAVY_TRAFFIC'},31,{2},7.774193548387097
2e69c591,2e69c5904,2020-10-29,16,{'JAM'},{'JAM_STAND_STILL_TRAFFIC'},30,{2},5.0
2e69c591,2e69c5904,2020-10-30,10,{'JAM'},{'JAM_MODERATE_TRAFFIC'},31,{2},5.0
2e69c591,2e69c5904,2020-10-31,9,{'JAM'},{'JAM_MODERATE_TRAFFIC'},30,{2},5.0
2e69c591,2e69c5904,2020-10-31,14,{'JAM'},{'JAM_STAND_STILL_TRAFFIC'},33,{2},5.0
2e69c591,2e69c5904,2020-11-01,11,{'JAM'},{'JAM'},30,{2},5.0
2e69c591,2e69c5904,2020-11-01,14,{'JAM'},{'JAM_HEAVY_TRAFFIC'},31,{2},5.0
2e69c591,2e69c5904,2020-11-01,17,{'JAM'},{'JAM_HEAVY_TRAFFIC'},67,{2},5.537313432835821
2e69c591,2e69c5904,2020-11-03,11,{'JAM'},{'JAM'},30,{2},6.0
2e69c591,2e69c5904,2020-11-07,11,{'JAM'},{'JAM_HEAVY_TRAFFIC'},30,{2},5.0
2e69c591,2e69c5904,2020-11-07,14,{'JAM'},{'JAM_HEAVY_TRAFFIC'},31,{2},5.0
2e69c591,2e69c5904,2020-11-07,15,{'JAM'},{'JAM_STAND_STILL_TRAFFIC'},43,{2},5.348837209302325
2e69c591,2e69c5904,2020-11-08,8,{'JAM'},{'JAM_STAND_STILL_TRAFFIC'},31,{2},5.0
2e69c591,2e69c5904,2020-11-08,10,{'JAM'},{'JAM_HEAVY_TRAFFIC'},31,{2},5.0
2e69c591,2e69c5904,2020-11-08,12,{'ACCIDENT'},"{'ACCIDENT', 'ACCIDENT_MINOR'}",201,{2},5.378109452736318
2e69c591,2e69c5904,2020-11-08,13,{'JAM'},"{'JAM_STAND_STILL_TRAFFIC', 'JAM_HEAVY_TRAFFIC'}",61,{2},5.885245901639344
2e69c591,2e69c5904,2020-11-08,14,{'JAM'},{'JAM_STAND_STILL_TRAFFIC'},35,{2},5.457142857142857
2e69c591,2e69c5904,2020-11-08,17,{'JAM'},{'JAM_HEAVY_TRAFFIC'},31,{2},5.0
2e69c591,2e69c5904,2020-11-13,18,{'JAM'},{'JAM_STAND_STILL_TRAFFIC'},33,{2},5.0
2e69c591,2e69c5904,2020-11-15,12,{'JAM'},{'JAM_HEAVY_TRAFFIC'},30,{2},5.0
2e69c591,2e69c5904,2020-11-15,16,{'JAM'},{'JAM_STAND_STILL_TRAFFIC'},33,{2},5.0
2e69c591,2e69c5904,2020-11-15,21,{'JAM'},{'JAM_HEAVY_TRAFFIC'},33,{2},5.0
2e69c591,2e69c5904,2020-11-17,19,{'JAM'},{'JAM_HEAVY_TRAFFIC'},60,{2},5.0
2e69c591,2e69c5904,2020-11-18,10,{'JAM'},{'JAM_STAND_STILL_TRAFFIC'},31,{2},5.0
2e69c591,2e69c5904,2020-11-19,10,{'JAM'},{'JAM_HEAVY_TRAFFIC'},30,{2},5.0
2e69c591,2e69c5904,2020-11-21,18,{'JAM'},{'JAM_STAND_STILL_TRAFFIC'},33,{2},5.909090909090909
2e69c591,2e69c5904,2020-11-21,20,{'JAM'},{'JAM_STAND_STILL_TRAFFIC'},30,{2},5.0
2e69c591,2e69c5914,2020-09-13,13,{'JAM'},{'JAM_STAND_STILL_TRAFFIC'},7,{2},5.0
2e69c591,2e69c5914,2020-09-16,14,{'JAM'},{'JAM_STAND_STILL_TRAFFIC'},63,{2},5.428571428571429
2e69c591,2e69c5914,2020-09-16,15,{'JAM'},{'JAM'},31,{2},5.0
2e69c591,2e69c5914,2020-09-20,10,{'JAM'},{'JAM_MODERATE_TRAFFIC'},32,{2},5.0
2e69c591,2e69c5914,2020-09-27,9,{'JAM'},{'JAM_MODERATE_TRAFFIC'},31,{2},5.0
2e69c591,2e69c5914,2020-09-27,14,{'JAM'},{'JAM_HEAVY_TRAFFIC'},5,{2},5.0
2e69c591,2e69c5914,2020-10-03,14,{'JAM'},{'JAM_STAND_STILL_TRAFFIC'},33,{2},5.96969696969697
2e69c591,2e69c5914,2020-10-03,17,{'JAM'},{'JAM_STAND_STILL_TRAFFIC'},32,{2},5.0
2e69c591,2e69c5914,2020-10-03,18,{'JAM'},{'JAM_STAND_STILL_TRAFFIC'},73,{2},6.041095890410959
2e69c591,2e69c5914,2020-10-03,19,{'JAM'},{'JAM_HEAVY_TRAFFIC'},63,{2},5.0
2e69c591,2e69c5914,2020-10-04,12,{'JAM'},{'JAM_STAND_STILL_TRAFFIC'},19,{2},5.0
2e69c591,2e69c5914,2020-10-05,17,{'JAM'},{'JAM_STAND_STILL_TRAFFIC'},91,{2},5.3076923076923075
2e69c591,2e69c5914,2020-10-07,12,{'JAM'},{'JAM_HEAVY_TRAFFIC'},30,{2},5.0
2e69c591,2e69c5914,2020-10-10,14,{'JAM'},"{'JAM_STAND_STILL_TRAFFIC', 'JAM_HEAVY_TRAFFIC'}",61,{2},5.0
2e69c591,2e69c5914,2020-10-10,18,"{'JAM', 'WEATHERHAZARD'}","{'HAZARD_ON_ROAD_CAR_STOPPED', 'JAM_HEAVY_TRAFFIC'}",48,{2},5.0
2e69c591,2e69c5914,2020-10-12,13,{'JAM'},{'JAM_HEAVY_TRAFFIC'},33,{2},5.0
2e69c591,2e69c5914,2020-10-18,11,{'JAM'},{'JAM_HEAVY_TRAFFIC'},29,{2},5.0
2e69c591,2e69c5914,2020-10-23,14,{'JAM'},{'JAM_MODERATE_TRAFFIC'},31,{2},5.0
2e69c591,2e69c5914,2020-10-24,13,{'JAM'},{'JAM_HEAVY_TRAFFIC'},33,{2},5.0
2e69c591,2e69c5914,2020-10-24,15,{'JAM'},{'JAM_STAND_STILL_TRAFFIC'},35,{2},5.914285714285715
2e69c591,2e69c5914,2020-10-25,11,"{'JAM', 'WEATHERHAZARD'}","{'HAZARD_ON_SHOULDER', 'JAM_STAND_STILL_TRAFFIC', 'JAM_HEAVY_TRAFFIC'}",91,{2},5.2967032967032965
2e69c591,2e69c5914,2020-10-25,12,{'JAM'},"{'JAM', 'JAM_STAND_STILL_TRAFFIC'}",60,{2},5.0
2e69c591,2e69c5914,2020-10-25,13,{'JAM'},{'JAM_STAND_STILL_TRAFFIC'},27,{2},7.0
2e69c591,2e69c5914,2020-10-28,15,{'JAM'},{'JAM_HEAVY_TRAFFIC'},32,{2},5.0
2e69c591,2e69c5914,2020-10-29,11,{'JAM'},{'JAM_HEAVY_TRAFFIC'},5,{2},5.0
2e69c591,2e69c5914,2020-10-31,16,{'JAM'},{'JAM_STAND_STILL_TRAFFIC'},31,{2},5.0
2e69c591,2e69c5914,2020-11-03,11,{'JAM'},{'JAM_MODERATE_TRAFFIC'},30,{2},5.0
2e69c591,2e69c5914,2020-11-03,17,{'JAM'},{'JAM_STAND_STILL_TRAFFIC'},33,{2},5.0
2e69c591,2e69c5914,2020-11-07,11,{'JAM'},"{'JAM_STAND_STILL_TRAFFIC', 'JAM_HEAVY_TRAFFIC'}",61,{2},6.245901639344262
2e69c591,2e69c5914,2020-11-07,20,{'JAM'},{'JAM_STAND_STILL_TRAFFIC'},30,{2},5.0
2e69c591,2e69c5914,2020-11-08,10,{'JAM'},{'JAM_HEAVY_TRAFFIC'},31,{2},5.0
2e69c591,2e69c5914,2020-11-08,14,{'JAM'},{'JAM_STAND_STILL_TRAFFIC'},8,{2},5.875
2e69c591,2e69c5914,2020-11-13,18,{'JAM'},{'JAM_STAND_STILL_TRAFFIC'},32,{2},5.0
2e69c591,2e69c5914,2020-11-15,21,{'JAM'},{'JAM_HEAVY_TRAFFIC'},61,{2},5.0
2e69c591,2e69c5914,2020-11-21,16,{'JAM'},{'JAM_STAND_STILL_TRAFFIC'},33,{2},6.393939393939394
2e69c591,2e69c5914,2020-11-22,13,{'JAM'},{'JAM'},27,{2},5.0
2e69c593,2e69c593c,2020-09-05,18,{'JAM'},{'JAM_STAND_STILL_TRAFFIC'},32,{2},5.0
2e69c593,2e69c593c,2020-09-07,17,{'JAM'},{'JAM_STAND_STILL_TRAFFIC'},48,{2},5.395833333333333
2e69c593,2e69c593c,2020-10-03,14,{'JAM'},"{'JAM_MODERATE_TRAFFIC', 'JAM_HEAVY_TRAFFIC'}",60,{2},5.0
2e69c593,2e69c593c,2020-10-25,13,{'JAM'},{'JAM_STAND_STILL_TRAFFIC'},3,{2},5.333333333333333
2e69c593,2e69c593c,2020-10-31,13,{'JAM'},{'JAM_HEAVY_TRAFFIC'},15,{2},5.0
2e69c593,2e69c593c,2020-10-31,14,{'JAM'},{'JAM_HEAVY_TRAFFIC'},30,{2},5.0
2e69c593,2e69c593c,2020-11-13,18,{'JAM'},{'JAM_HEAVY_TRAFFIC'},30,{2},5.0
2e69c593,2e69c593c,2020-11-21,15,{'JAM'},{'JAM_STAND_STILL_TRAFFIC'},32,{2},6.4375
2e69c595,2e69c5944,2020-09-05,15,{'JAM'},{'JAM_STAND_STILL_TRAFFIC'},24,{2},5.0
2e69c595,2e69c5944,2020-09-07,17,{'JAM'},{'JAM_STAND_STILL_TRAFFIC'},89,{2},6.280898876404494
2e69c595,2e69c5944,2020-10-03,18,{'JAM'},{'JAM_STAND_STILL_TRAFFIC'},30,{2},5.0
2e69c595,2e69c5944,2020-10-04,19,{'JAM'},{'JAM_STAND_STILL_TRAFFIC'},32,{2},5.96875
2e69c595,2e69c5944,2020-10-10,14,{'JAM'},{'JAM_HEAVY_TRAFFIC'},31,{2},5.935483870967742
2e69c595,2e69c5944,2020-10-15,17,{'JAM'},{'JAM'},31,{2},5.0
2e69c595,2e69c5944,2020-10-18,12,{'JAM'},{'JAM_STAND_STILL_TRAFFIC'},64,{2},5.0
2e69c595,2e69c5944,2020-10-25,11,{'JAM'},{'JAM_STAND_STILL_TRAFFIC'},30,{2},5.0
2e69c595,2e69c5944,2020-10-25,12,{'JAM'},{'JAM_STAND_STILL_TRAFFIC'},17,{2},5.0
2e69c595,2e69c5944,2020-10-26,8,{'JAM'},{'JAM_MODERATE_TRAFFIC'},34,{2},5.764705882352941
2e69c595,2e69c5944,2020-10-27,12,{'JAM'},{'JAM_HEAVY_TRAFFIC'},31,{2},5.0
2e69c595,2e69c5944,2020-10-30,14,{'JAM'},{'JAM_MODERATE_TRAFFIC'},32,{2},5.0
2e69c595,2e69c5944,2020-11-07,12,{'JAM'},{'JAM_STAND_STILL_TRAFFIC'},30,{2},5.0
2e69c595,2e69c5944,2020-11-07,13,{'JAM'},{'JAM_HEAVY_TRAFFIC'},24,{2},5.0
2e69c595,2e69c5944,2020-11-08,11,{'JAM'},{'JAM_STAND_STILL_TRAFFIC'},31,{2},5.483870967741935
2e69c595,2e69c594c,2020-09-21,16,{'JAM'},{'JAM_STAND_STILL_TRAFFIC'},32,{2},5.0
2e69c595,2e69c594c,2020-09-25,13,{'JAM'},{'JAM_STAND_STILL_TRAFFIC'},34,{2},5.0
2e69c595,2e69c594c,2020-09-28,9,{'JAM'},{'JAM_HEAVY_TRAFFIC'},5,{2},5.0
2e69c595,2e69c594c,2020-10-02,14,{'JAM'},{'JAM_STAND_STILL_TRAFFIC'},30,{2},5.0
2e69c595,2e69c594c,2020-10-11,10,{'JAM'},{'JAM'},6,{2},5.0
2e69c595,2e69c594c,2020-10-20,13,{'JAM'},{'JAM_STAND_STILL_TRAFFIC'},19,{2},7.0
2e69c595,2e69c594c,2020-10-24,19,"{'JAM', 'WEATHERHAZARD'}","{'HAZARD_ON_ROAD_POT_HOLE', 'JAM_HEAVY_TRAFFIC'}",978,{2},6.4038854805725975
2e69c595,2e69c594c,2020-10-27,10,{'JAM'},{'JAM_STAND_STILL_TRAFFIC'},32,{2},5.0
2e69c595,2e69c594c,2020-10-29,11,{'JAM'},{'JAM_STAND_STILL_TRAFFIC'},30,{2},5.0
2e69c595,2e69c594c,2020-11-01,14,{'JAM'},{'JAM_STAND_STILL_TRAFFIC'},5,{2},5.0
2e69c595,2e69c594c,2020-11-14,9,{'WEATHERHAZARD'},{'WEATHERHAZARD'},24,{2},5.375
2e69c595,2e69c594c,2020-11-18,10,{'JAM'},{'JAM_MODERATE_TRAFFIC'},20,{2},5.0
2e69c595,2e69c594c,2020-11-21,15,{'JAM'},{'JAM_STAND_STILL_TRAFFIC'},43,{2},5.372093023255814
2e69c595,2e69c5954,2020-09-05,10,{'JAM'},{'JAM_MODERATE_TRAFFIC'},31,{2},5.0
2e69c595,2e69c5954,2020-09-06,16,{'JAM'},{'JAM_HEAVY_TRAFFIC'},31,{2},5.0
2e69c595,2e69c5954,2020-09-07,17,{'JAM'},"{'JAM_STAND_STILL_TRAFFIC', 'JAM_HEAVY_TRAFFIC'}",64,{2},5.0
2e69c595,2e69c5954,2020-09-26,15,{'JAM'},{'JAM_HEAVY_TRAFFIC'},31,{2},6.0
2e69c595,2e69c5954,2020-09-29,14,{'JAM'},{'JAM_HEAVY_TRAFFIC'},30,{2},5.0
2e69c595,2e69c5954,2020-10-10,14,{'JAM'},{'JAM_HEAVY_TRAFFIC'},34,{2},5.0
2e69c595,2e69c5954,2020-10-15,17,{'JAM'},{'JAM_HEAVY_TRAFFIC'},32,{2},5.0
2e69c595,2e69c5954,2020-10-18,12,{'JAM'},{'JAM_HEAVY_TRAFFIC'},54,{2},6.314814814814815
2e69c595,2e69c5954,2020-10-20,13,{'JAM'},{'JAM_STAND_STILL_TRAFFIC'},12,{2},5.333333333333333
2e69c595,2e69c5954,2020-10-29,11,{'JAM'},{'JAM_STAND_STILL_TRAFFIC'},30,{2},5.766666666666667
2e69c595,2e69c5954,2020-10-30,14,{'JAM'},{'JAM_HEAVY_TRAFFIC'},30,{2},5.0
2e69c595,2e69c5954,2020-11-02,12,{'JAM'},{'JAM_HEAVY_TRAFFIC'},32,{2},5.0
2e69c595,2e69c5954,2020-11-06,19,{'JAM'},{'JAM_HEAVY_TRAFFIC'},32,{2},5.0
2e69c595,2e69c5954,2020-11-07,11,{'JAM'},{'JAM_HEAVY_TRAFFIC'},31,{2},5.0
2e69c595,2e69c5954,2020-11-15,21,{'JAM'},{'JAM_HEAVY_TRAFFIC'},31,{2},5.0
2e69c597,2e69c5964,2020-10-11,20,{'JAM'},{'JAM'},30,{1},5.0
2e69c599,2e69c598c,2020-10-22,16,{'ACCIDENT'},{'ACCIDENT_MAJOR'},123,{1},5.0
2e69c5a3,2e69c5a34,2020-09-19,16,{'JAM'},{'JAM_STAND_STILL_TRAFFIC'},6,{1},5.0
2e69c5a5,2e69c5a44,2020-10-06,16,{'JAM'},{'JAM_STAND_STILL_TRAFFIC'},16,{2},5.0
2e69c5a5,2e69c5a44,2020-10-28,18,{'JAM'},{'JAM_STAND_STILL_TRAFFIC'},31,{2},5.0
2e69c5a5,2e69c5a44,2020-11-07,16,{'JAM'},{'JAM_HEAVY_TRAFFIC'},53,{2},5.0
2e69c5a5,2e69c5a44,2020-11-07,17,{'JAM'},{'JAM_HEAVY_TRAFFIC'},30,{2},5.0
2e69c5a5,2e69c5a4c,2020-09-05,17,{'JAM'},"{'JAM', 'JAM_HEAVY_TRAFFIC'}",61,{2},5.508196721311475
2e69c5a5,2e69c5a4c,2020-09-10,17,{'JAM'},{'JAM_HEAVY_TRAFFIC'},20,{2},5.0
2e69c5a5,2e69c5a4c,2020-09-20,7,{'JAM'},{'JAM_HEAVY_TRAFFIC'},30,{2},5.0
2e69c5a5,2e69c5a4c,2020-09-26,10,{'JAM'},{'JAM_STAND_STILL_TRAFFIC'},30,{2},5.0
2e69c5a5,2e69c5a4c,2020-09-26,15,{'JAM'},{'JAM_STAND_STILL_TRAFFIC'},43,{2},5.4186046511627906
2e69c5a5,2e69c5a4c,2020-10-02,10,{'JAM'},{'JAM_STAND_STILL_TRAFFIC'},11,{2},5.0
2e69c5a5,2e69c5a4c,2020-10-10,19,{'JAM'},{'JAM_HEAVY_TRAFFIC'},31,{2},5.0
2e69c5a5,2e69c5a4c,2020-10-11,8,{'JAM'},{'JAM'},17,{2},5.0
2e69c5a5,2e69c5a4c,2020-10-17,14,{'JAM'},{'JAM_STAND_STILL_TRAFFIC'},32,{2},5.0
2e69c5a5,2e69c5a4c,2020-10-20,11,{'JAM'},"{'JAM_STAND_STILL_TRAFFIC', 'JAM_HEAVY_TRAFFIC'}",108,{2},5.0
2e69c5a5,2e69c5a4c,2020-10-20,12,{'JAM'},{'JAM_STAND_STILL_TRAFFIC'},32,{2},5.0
2e69c5a5,2e69c5a4c,2020-10-20,13,{'JAM'},"{'JAM_STAND_STILL_TRAFFIC', 'JAM_HEAVY_TRAFFIC'}",104,{2},5.625
2e69c5a5,2e69c5a4c,2020-10-20,19,{'JAM'},{'JAM_MODERATE_TRAFFIC'},31,{2},6.0
2e69c5a5,2e69c5a4c,2020-10-25,16,{'JAM'},{'JAM_MODERATE_TRAFFIC'},32,{2},5.0
2e69c5a5,2e69c5a4c,2020-10-28,15,{'JAM'},{'JAM_MODERATE_TRAFFIC'},32,{2},5.0
2e69c5a5,2e69c5a4c,2020-10-28,17,{'JAM'},{'JAM_STAND_STILL_TRAFFIC'},99,{2},5.585858585858586
2e69c5a5,2e69c5a4c,2020-10-31,9,{'JAM'},{'JAM_STAND_STILL_TRAFFIC'},138,{2},5.2101449275362315
2e69c5a5,2e69c5a4c,2020-11-14,17,{'JAM'},{'JAM_HEAVY_TRAFFIC'},22,{2},5.0
2e69c5a5,2e69c5a4c,2020-11-15,12,{'JAM'},{'JAM_MODERATE_TRAFFIC'},32,{2},5.9375
2e69c5a5,2e69c5a4c,2020-11-15,14,{'JAM'},{'JAM_HEAVY_TRAFFIC'},30,{2},5.0
2e69c5a5,2e69c5a4c,2020-11-20,15,{'JAM'},{'JAM_STAND_STILL_TRAFFIC'},43,{2},5.4186046511627906
2e69c5a5,2e69c5a54,2020-10-03,14,{'JAM'},{'JAM_STAND_STILL_TRAFFIC'},40,{2},5.4
2e69c5a5,2e69c5a54,2020-10-17,11,{'JAM'},{'JAM_HEAVY_TRAFFIC'},5,{2},5.0
2e69c5a5,2e69c5a54,2020-10-21,18,{'JAM'},{'JAM_STAND_STILL_TRAFFIC'},32,{2},5.0
2e69c5a5,2e69c5a54,2020-10-28,16,{'JAM'},{'JAM_STAND_STILL_TRAFFIC'},31,{2},5.0
2e69c5a5,2e69c5a54,2020-10-28,18,{'JAM'},{'JAM_STAND_STILL_TRAFFIC'},32,{2},5.0
2e69c5a5,2e69c5a54,2020-11-07,14,{'JAM'},{'JAM_STAND_STILL_TRAFFIC'},30,{2},5.0
2e69c5a5,2e69c5a5c,2020-09-29,17,{'JAM'},"{'JAM_STAND_STILL_TRAFFIC', 'JAM_HEAVY_TRAFFIC'}",62,{2},5.0
2e69c5a5,2e69c5a5c,2020-10-03,13,{'JAM'},{'JAM_STAND_STILL_TRAFFIC'},40,{2},6.35
2e69c5a5,2e69c5a5c,2020-10-03,14,{'JAM'},{'JAM_STAND_STILL_TRAFFIC'},32,{2},5.0
2e69c5a5,2e69c5a5c,2020-10-12,17,{'JAM'},{'JAM_MODERATE_TRAFFIC'},32,{2},5.0
2e69c5a5,2e69c5a5c,2020-10-17,11,{'JAM'},{'JAM_HEAVY_TRAFFIC'},5,{2},5.0
2e69c5a5,2e69c5a5c,2020-10-17,13,{'JAM'},{'JAM_STAND_STILL_TRAFFIC'},31,{2},5.0
2e69c5a5,2e69c5a5c,2020-10-17,14,{'JAM'},{'JAM_HEAVY_TRAFFIC'},30,{2},5.0
2e69c5a5,2e69c5a5c,2020-10-20,14,{'JAM'},{'JAM_HEAVY_TRAFFIC'},30,{2},5.0
2e69c5a5,2e69c5a5c,2020-10-24,10,{'JAM'},{'JAM_STAND_STILL_TRAFFIC'},30,{2},5.0
2e69c5a5,2e69c5a5c,2020-10-28,16,{'JAM'},{'JAM_STAND_STILL_TRAFFIC'},31,{2},5.0
2e69c5a5,2e69c5a5c,2020-10-28,18,{'JAM'},{'JAM_STAND_STILL_TRAFFIC'},30,{2},5.0
2e69c5a5,2e69c5a5c,2020-11-07,14,{'JAM'},{'JAM_HEAVY_TRAFFIC'},30,{2},5.0
2e69c5a5,2e69c5a5c,2020-11-21,17,{'JAM'},{'JAM_STAND_STILL_TRAFFIC'},23,{2},5.608695652173913
2e69c5a7,2e69c5a6c,2020-10-17,14,{'JAM'},{'JAM_HEAVY_TRAFFIC'},31,{2},5.0
2e69c5ab,2e69c5aac,2020-10-10,11,{'JAM'},{'JAM_MODERATE_TRAFFIC'},32,{2},5.0
2e69c5ab,2e69c5aac,2020-10-17,11,{'JAM'},{'JAM_STAND_STILL_TRAFFIC'},32,{2},5.0
2e69c5ab,2e69c5abc,2020-10-08,14,{'JAM'},{'JAM_HEAVY_TRAFFIC'},32,{2},5.6875
2e69c5ad,2e69c5ac4,2020-11-12,10,{'ACCIDENT'},{'ACCIDENT'},121,{22},5.0
2e69c5af,2e69c5aec,2020-09-02,11,{'JAM'},{'JAM_HEAVY_TRAFFIC'},32,{2},5.0
2e69c5af,2e69c5aec,2020-10-07,13,{'WEATHERHAZARD'},{'HAZARD_ON_SHOULDER_CAR_STOPPED'},30,{2},5.0
2e69c5af,2e69c5aec,2020-10-08,16,{'JAM'},{'JAM_STAND_STILL_TRAFFIC'},32,{2},5.0
2e69c5af,2e69c5aec,2020-10-08,19,{'WEATHERHAZARD'},{'HAZARD_WEATHER_HAIL'},30,{2},5.833333333333333
2e69c5af,2e69c5aec,2020-10-10,19,{'JAM'},{'JAM_HEAVY_TRAFFIC'},30,{2},5.0
2e69c5af,2e69c5aec,2020-11-07,10,{'JAM'},{'JAM_STAND_STILL_TRAFFIC'},30,{2},5.0
2e69c5af,2e69c5aec,2020-11-13,19,{'WEATHERHAZARD'},{'HAZARD_ON_SHOULDER_CAR_STOPPED'},32,{2},5.0
2e69c5af,2e69c5aec,2020-11-20,20,{'WEATHERHAZARD'},{'HAZARD_ON_SHOULDER_CAR_STOPPED'},33,{2},5.0
2e69c5af,2e69c5aec,2020-11-21,17,{'JAM'},{'JAM_STAND_STILL_TRAFFIC'},23,{2},5.0
2e69c5af,2e69c5af4,2020-09-12,10,{'JAM'},{'JAM_HEAVY_TRAFFIC'},30,{2},5.0
2e69c5af,2e69c5af4,2020-10-02,16,{'JAM'},{'JAM_MODERATE_TRAFFIC'},30,{2},5.966666666666667
2e69c5af,2e69c5af4,2020-10-03,14,{'JAM'},{'JAM_STAND_STILL_TRAFFIC'},34,{2},5.0
2e69c5af,2e69c5af4,2020-10-10,16,{'JAM'},{'JAM_HEAVY_TRAFFIC'},30,{2},5.0
2e69c5af,2e69c5af4,2020-10-17,13,{'JAM'},{'JAM_STAND_STILL_TRAFFIC'},31,{2},5.0
2e69c5af,2e69c5af4,2020-10-17,14,{'JAM'},"{'JAM_MODERATE_TRAFFIC', 'JAM_HEAVY_TRAFFIC'}",74,{2},5.22972972972973
2e69c5af,2e69c5af4,2020-10-17,15,{'JAM'},{'JAM_STAND_STILL_TRAFFIC'},32,{2},5.0
2e69c5af,2e69c5af4,2020-10-21,17,{'WEATHERHAZARD'},{'HAZARD_WEATHER_HAIL'},47,{2},5.382978723404255
2e69c5af,2e69c5af4,2020-10-28,18,{'JAM'},{'JAM_STAND_STILL_TRAFFIC'},30,{2},5.0
2e69c5af,2e69c5af4,2020-11-07,14,{'JAM'},{'JAM_HEAVY_TRAFFIC'},24,{2},5.0
2e69c5af,2e69c5af4,2020-11-10,19,{'WEATHERHAZARD'},{'HAZARD_ON_SHOULDER_CAR_STOPPED'},33,{2},5.0
2e69c5af,2e69c5af4,2020-11-17,17,{'JAM'},{'JAM_MODERATE_TRAFFIC'},30,{2},5.0
2e69c5af,2e69c5af4,2020-11-19,19,{'WEATHERHAZARD'},{'HAZARD_ON_SHOULDER_CAR_STOPPED'},30,{2},5.2
2e69c5af,2e69c5afc,2020-09-05,17,{'JAM'},{'JAM_STAND_STILL_TRAFFIC'},30,{2},5.9
2e69c5af,2e69c5afc,2020-10-28,18,{'JAM'},{'JAM_STAND_STILL_TRAFFIC'},30,{2},5.7
2e69c5af,2e69c5afc,2020-11-21,16,{'JAM'},{'JAM_STAND_STILL_TRAFFIC'},33,{2},5.0
2e69c5b1,2e69c5b04,2020-11-20,20,{'WEATHERHAZARD'},{'HAZARD_ON_SHOULDER_CAR_STOPPED'},56,{2},7.446428571428571
2e69c5b1,2e69c5b0c,2020-09-01,17,{'JAM'},{'JAM_STAND_STILL_TRAFFIC'},31,{2},5.0
2e69c5b1,2e69c5b0c,2020-09-05,16,{'JAM'},{'JAM_HEAVY_TRAFFIC'},6,{7},5.0
2e69c5b1,2e69c5b0c,2020-09-18,15,{'JAM'},{'JAM_HEAVY_TRAFFIC'},31,{7},5.0
2e69c5b1,2e69c5b0c,2020-10-02,19,{'JAM'},{'JAM_HEAVY_TRAFFIC'},30,{2},5.0
2e69c5b1,2e69c5b0c,2020-10-03,19,{'JAM'},{'JAM_MODERATE_TRAFFIC'},30,{2},5.0
2e69c5b1,2e69c5b0c,2020-10-16,16,{'WEATHERHAZARD'},{'HAZARD_ON_SHOULDER_CAR_STOPPED'},40,{7},5.675
2e69c5b1,2e69c5b0c,2020-10-20,10,{'JAM'},{'JAM_HEAVY_TRAFFIC'},32,{7},6.0
2e69c5b1,2e69c5b0c,2020-10-20,11,{'JAM'},{'JAM_STAND_STILL_TRAFFIC'},62,{2},5.0
2e69c5b1,2e69c5b0c,2020-10-21,8,{'JAM'},{'JAM_HEAVY_TRAFFIC'},30,{2},6.0
2e69c5b1,2e69c5b0c,2020-10-31,17,{'JAM'},{'JAM_STAND_STILL_TRAFFIC'},30,{7},5.0
2e69c5b1,2e69c5b0c,2020-11-10,15,{'JAM'},{'JAM_HEAVY_TRAFFIC'},64,"{2, 7}",5.453125
2e69c5b1,2e69c5b0c,2020-11-13,19,"{'JAM', 'WEATHERHAZARD'}","{'HAZARD_ON_SHOULDER_CAR_STOPPED', 'JAM_MODERATE_TRAFFIC'}",118,"{2, 7}",5.1440677966101696
2e69c5b1,2e69c5b0c,2020-11-20,20,"{'JAM', 'WEATHERHAZARD'}","{'HAZARD_ON_SHOULDER_CAR_STOPPED', 'JAM_MODERATE_TRAFFIC'}",90,{2},6.455555555555556
2e69c5b1,2e69c5b14,2020-09-11,10,{'JAM'},{'JAM_STAND_STILL_TRAFFIC'},30,{7},5.0
2e69c5b1,2e69c5b14,2020-10-07,9,{'JAM'},{'JAM'},30,{7},5.0
2e69c5b1,2e69c5b14,2020-10-08,14,{'JAM'},{'JAM_STAND_STILL_TRAFFIC'},7,{7},5.0
2e69c5b1,2e69c5b14,2020-10-15,17,{'JAM'},"{'JAM_STAND_STILL_TRAFFIC', 'JAM_HEAVY_TRAFFIC'}",37,{7},5.135135135135135
2e69c5b1,2e69c5b14,2020-10-20,10,{'JAM'},{'JAM_STAND_STILL_TRAFFIC'},31,{7},5.67741935483871
2e69c5b1,2e69c5b14,2020-10-20,11,{'JAM'},{'JAM_HEAVY_TRAFFIC'},30,{7},5.0
2e69c5b1,2e69c5b14,2020-11-14,17,{'JAM'},{'JAM_MODERATE_TRAFFIC'},10,{1},5.0
2e69c5b1,2e69c5b14,2020-11-18,9,{'JAM'},{'JAM_STAND_STILL_TRAFFIC'},30,{7},5.766666666666667
2e69c5b1,2e69c5b14,2020-11-22,14,{'JAM'},{'JAM_HEAVY_TRAFFIC'},30,{7},5.0
2e69c5b1,2e69c5b1c,2020-10-28,17,{'JAM'},{'JAM_STAND_STILL_TRAFFIC'},30,{2},5.0
2e69c5b1,2e69c5b1c,2020-11-10,19,{'WEATHERHAZARD'},{'HAZARD_ON_SHOULDER_CAR_STOPPED'},30,{2},5.0
2e69c5b1,2e69c5b1c,2020-11-11,19,{'WEATHERHAZARD'},{'HAZARD_ON_SHOULDER_CAR_STOPPED'},18,{2},6.277777777777778
2e69c5b1,2e69c5b1c,2020-11-19,19,{'WEATHERHAZARD'},{'HAZARD_ON_SHOULDER_CAR_STOPPED'},22,{2},5.863636363636363
2e69c5b3,2e69c5b2c,2020-11-02,6,{'JAM'},{'JAM_MODERATE_TRAFFIC'},33,{1},5.0
2e69c5b3,2e69c5b34,2020-09-26,16,{'JAM'},{'JAM_STAND_STILL_TRAFFIC'},13,{7},5.384615384615385
2e69c5b3,2e69c5b34,2020-09-26,17,{'JAM'},{'JAM_STAND_STILL_TRAFFIC'},62,{7},5.483870967741935
2e69c5b3,2e69c5b34,2020-10-13,12,{'JAM'},{'JAM_HEAVY_TRAFFIC'},31,{7},5.806451612903226
2e69c5b3,2e69c5b34,2020-10-20,11,{'JAM'},{'JAM_HEAVY_TRAFFIC'},32,{2},5.0
2e69c5b3,2e69c5b34,2020-10-20,14,{'JAM'},{'JAM_STAND_STILL_TRAFFIC'},9,{2},5.0
2e69c5b3,2e69c5b34,2020-10-23,7,{'JAM'},{'JAM_MODERATE_TRAFFIC'},16,{7},5.0
2e69c5b3,2e69c5b34,2020-10-29,11,{'WEATHERHAZARD'},{'HAZARD_ON_SHOULDER_CAR_STOPPED'},30,{2},5.0
2e69c5b3,2e69c5b34,2020-10-31,11,{'JAM'},{'JAM_HEAVY_TRAFFIC'},30,{2},5.0
2e69c5b3,2e69c5b34,2020-11-07,14,"{'JAM', 'WEATHERHAZARD'}","{'HAZARD_ON_ROAD_CAR_STOPPED', 'JAM_STAND_STILL_TRAFFIC'}",31,{7},5.32258064516129
2e69c5b3,2e69c5b34,2020-11-09,19,{'WEATHERHAZARD'},{'HAZARD_ON_SHOULDER_CAR_STOPPED'},31,{7},5.0
2e69c5b3,2e69c5b3c,2020-09-03,16,{'JAM'},{'JAM_HEAVY_TRAFFIC'},33,{7},5.0
2e69c5b3,2e69c5b3c,2020-09-04,14,{'JAM'},{'JAM_MODERATE_TRAFFIC'},5,{7},5.0
2e69c5b3,2e69c5b3c,2020-09-26,16,{'WEATHERHAZARD'},{'HAZARD_ON_ROAD_OBJECT'},61,{7},5.737704918032787
2e69c5b3,2e69c5b3c,2020-09-26,17,{'JAM'},{'JAM_STAND_STILL_TRAFFIC'},30,{7},6.0
2e69c5b3,2e69c5b3c,2020-10-02,17,{'JAM'},{'JAM_STAND_STILL_TRAFFIC'},31,{7},5.0
2e69c5b3,2e69c5b3c,2020-10-08,12,{'JAM'},{'JAM_STAND_STILL_TRAFFIC'},31,{7},5.0
2e69c5b3,2e69c5b3c,2020-10-08,19,{'JAM'},{'JAM_MODERATE_TRAFFIC'},35,{7},5.0
2e69c5b3,2e69c5b3c,2020-10-20,17,{'JAM'},{'JAM_HEAVY_TRAFFIC'},30,{7},5.0
2e69c5b3,2e69c5b3c,2020-10-24,15,{'WEATHERHAZARD'},{'HAZARD_ON_SHOULDER'},30,{7},5.633333333333334
2e69c5b3,2e69c5b3c,2020-11-03,16,{'JAM'},{'JAM_HEAVY_TRAFFIC'},30,{7},5.0
2e69c5b3,2e69c5b3c,2020-11-22,16,{'WEATHERHAZARD'},{'HAZARD_ON_ROAD_ICE'},30,{7},5.833333333333333
2e69c5b5,2e69c5b44,2020-11-05,14,{'WEATHERHAZARD'},"{'HAZARD_ON_ROAD_OBJECT', 'HAZARD_ON_ROAD_POT_HOLE'}",4388,{22},6.52028258887876
2e69c5b5,2e69c5b54,2020-09-23,7,{'JAM'},{'JAM_MODERATE_TRAFFIC'},6,{22},5.0
2e69c5b5,2e69c5b54,2020-10-10,10,"{'JAM', 'WEATHERHAZARD'}","{'HAZARD_ON_SHOULDER_CAR_STOPPED', 'JAM_MODERATE_TRAFFIC'}",88,{22},5.363636363636363
2e69c5b5,2e69c5b54,2020-10-28,11,{'WEATHERHAZARD'},{'HAZARD_ON_SHOULDER_CAR_STOPPED'},31,{22},5.0
2e69c5b7,2e69c5b64,2020-10-08,14,{'JAM'},{'JAM_STAND_STILL_TRAFFIC'},30,{22},5.966666666666667
2e69c5b7,2e69c5b64,2020-10-21,16,{'JAM'},{'JAM_HEAVY_TRAFFIC'},33,{1},5.0
2e69c5b7,2e69c5b6c,2020-10-28,12,{'WEATHERHAZARD'},{'HAZARD_ON_SHOULDER_CAR_STOPPED'},31,{1},5.0
2e69c5b7,2e69c5b6c,2020-10-29,10,{'JAM'},{'JAM_STAND_STILL_TRAFFIC'},31,{7},5.0
2e69c5b7,2e69c5b74,2020-09-01,17,{'JAM'},{'JAM_STAND_STILL_TRAFFIC'},31,{7},6.838709677419355
2e69c5b7,2e69c5b74,2020-09-02,16,{'JAM'},{'JAM_HEAVY_TRAFFIC'},61,{7},5.0
2e69c5b7,2e69c5b74,2020-09-03,17,{'JAM'},{'JAM_STAND_STILL_TRAFFIC'},31,{2},5.0
2e69c5b7,2e69c5b74,2020-09-04,18,{'JAM'},{'JAM_HEAVY_TRAFFIC'},41,{7},5.365853658536586
2e69c5b7,2e69c5b74,2020-09-05,15,{'JAM'},{'JAM_MODERATE_TRAFFIC'},30,{7},5.0
2e69c5b7,2e69c5b74,2020-09-10,18,{'JAM'},{'JAM_STAND_STILL_TRAFFIC'},30,{7},5.0
2e69c5b7,2e69c5b74,2020-09-25,17,{'JAM'},{'JAM_STAND_STILL_TRAFFIC'},32,{7},5.0
2e69c5b7,2e69c5b74,2020-09-26,16,{'JAM'},{'JAM_HEAVY_TRAFFIC'},32,{7},5.0
2e69c5b7,2e69c5b74,2020-09-28,18,{'JAM'},{'JAM_STAND_STILL_TRAFFIC'},30,{7},5.0
2e69c5b7,2e69c5b74,2020-09-30,17,{'JAM'},{'JAM_HEAVY_TRAFFIC'},32,{7},5.0
2e69c5b7,2e69c5b74,2020-10-05,18,{'JAM'},{'JAM_STAND_STILL_TRAFFIC'},43,{2},5.441860465116279
2e69c5b7,2e69c5b74,2020-10-07,12,{'WEATHERHAZARD'},{'HAZARD_ON_SHOULDER_CAR_STOPPED'},31,{7},5.0
2e69c5b7,2e69c5b74,2020-10-07,13,{'WEATHERHAZARD'},{'HAZARD_ON_SHOULDER_CAR_STOPPED'},31,{7},5.548387096774194
2e69c5b7,2e69c5b74,2020-10-08,17,{'JAM'},{'JAM_MODERATE_TRAFFIC'},31,{2},5.0
2e69c5b7,2e69c5b74,2020-10-10,20,{'WEATHERHAZARD'},{'HAZARD_WEATHER_FLOOD'},63,{7},5.253968253968254
2e69c5b7,2e69c5b74,2020-10-12,17,{'JAM'},{'JAM_MODERATE_TRAFFIC'},31,{2},5.0
2e69c5b7,2e69c5b74,2020-10-15,18,{'JAM'},{'JAM_HEAVY_TRAFFIC'},73,{7},5.205479452054795
2e69c5b7,2e69c5b74,2020-10-16,16,{'JAM'},{'JAM_MODERATE_TRAFFIC'},31,{7},5.0
2e69c5b7,2e69c5b74,2020-10-20,10,{'JAM'},"{'JAM_STAND_STILL_TRAFFIC', 'JAM_HEAVY_TRAFFIC'}",106,{7},6.018867924528302
2e69c5b7,2e69c5b74,2020-10-20,18,{'JAM'},{'JAM_HEAVY_TRAFFIC'},64,{2},5.484375
2e69c5b7,2e69c5b74,2020-10-26,19,{'WEATHERHAZARD'},{'HAZARD_ON_SHOULDER_CAR_STOPPED'},33,{2},5.0
2e69c5b7,2e69c5b74,2020-10-29,11,{'JAM'},{'JAM_HEAVY_TRAFFIC'},24,{7},5.0
2e69c5b7,2e69c5b74,2020-10-30,15,{'JAM'},{'JAM_HEAVY_TRAFFIC'},31,{7},5.0
2e69c5b7,2e69c5b74,2020-10-31,17,{'JAM'},{'JAM_STAND_STILL_TRAFFIC'},32,{7},5.0
2e69c5b7,2e69c5b74,2020-11-04,16,{'JAM'},{'JAM_HEAVY_TRAFFIC'},32,{7},5.0
2e69c5b7,2e69c5b74,2020-11-04,17,{'JAM'},{'JAM_HEAVY_TRAFFIC'},30,{7},5.0
2e69c5b7,2e69c5b74,2020-11-05,18,{'JAM'},"{'JAM_STAND_STILL_TRAFFIC', 'JAM_HEAVY_TRAFFIC'}",97,"{2, 7}",6.020618556701031
2e69c5b7,2e69c5b74,2020-11-06,16,{'JAM'},{'JAM_STAND_STILL_TRAFFIC'},61,{7},5.0
2e69c5b7,2e69c5b74,2020-11-07,16,{'JAM'},{'JAM_STAND_STILL_TRAFFIC'},66,{7},5.2272727272727275
2e69c5b7,2e69c5b74,2020-11-07,17,{'JAM'},{'JAM_STAND_STILL_TRAFFIC'},30,{2},5.0
2e69c5b7,2e69c5b74,2020-11-07,21,{'JAM'},{'JAM_HEAVY_TRAFFIC'},33,{7},5.0
2e69c5b7,2e69c5b74,2020-11-09,19,{'WEATHERHAZARD'},{'HAZARD_ON_SHOULDER_CAR_STOPPED'},31,{2},5.0
2e69c5b7,2e69c5b74,2020-11-10,15,{'JAM'},{'JAM_HEAVY_TRAFFIC'},1,{7},5.0
2e69c5b7,2e69c5b74,2020-11-10,19,{'JAM'},{'JAM_MODERATE_TRAFFIC'},32,{7},6.0
2e69c5b7,2e69c5b74,2020-11-11,19,{'WEATHERHAZARD'},{'HAZARD_ON_SHOULDER_CAR_STOPPED'},31,{7},5.709677419354839
2e69c5b7,2e69c5b74,2020-11-13,17,{'JAM'},{'JAM_STAND_STILL_TRAFFIC'},31,{7},5.0
2e69c5b7,2e69c5b74,2020-11-13,19,{'WEATHERHAZARD'},{'HAZARD_ON_SHOULDER_CAR_STOPPED'},31,{7},5.0
2e69c5b7,2e69c5b74,2020-11-14,12,{'JAM'},{'JAM_HEAVY_TRAFFIC'},30,{7},5.0
2e69c5b7,2e69c5b74,2020-11-18,18,{'JAM'},{'JAM_STAND_STILL_TRAFFIC'},30,{2},5.0
2e69c5b7,2e69c5b74,2020-11-19,19,"{'JAM', 'WEATHERHAZARD'}","{'HAZARD_ON_SHOULDER_CAR_STOPPED', 'JAM_MODERATE_TRAFFIC'}",61,{7},6.426229508196721
2e69c5b7,2e69c5b74,2020-11-20,20,"{'JAM', 'WEATHERHAZARD'}","{'HAZARD_ON_SHOULDER_CAR_STOPPED', 'JAM_MODERATE_TRAFFIC'}",101,"{2, 7}",5.574257425742574
2e69c5b7,2e69c5b7c,2020-09-02,17,{'JAM'},{'JAM_STAND_STILL_TRAFFIC'},32,{7},5.0
2e69c5b7,2e69c5b7c,2020-09-04,18,{'JAM'},{'JAM_STAND_STILL_TRAFFIC'},41,{7},6.073170731707317
2e69c5b7,2e69c5b7c,2020-09-05,16,{'JAM'},{'JAM_MODERATE_TRAFFIC'},6,{7},5.0
2e69c5b7,2e69c5b7c,2020-09-06,12,{'JAM'},{'JAM'},30,{22},5.0
2e69c5b7,2e69c5b7c,2020-09-18,17,{'WEATHERHAZARD'},{'HAZARD_ON_ROAD_CONSTRUCTION'},25,{6},6.8
2e69c5b7,2e69c5b7c,2020-10-08,13,{'JAM'},{'JAM_HEAVY_TRAFFIC'},31,{7},5.903225806451613
2e69c5b7,2e69c5b7c,2020-10-08,14,{'JAM'},"{'JAM_STAND_STILL_TRAFFIC', 'JAM_HEAVY_TRAFFIC'}",95,"{6, 7}",5.0
2e69c5b7,2e69c5b7c,2020-10-08,15,{'JAM'},{'JAM_HEAVY_TRAFFIC'},36,{6},5.888888888888889
2e69c5b7,2e69c5b7c,2020-10-08,17,{'JAM'},{'JAM_HEAVY_TRAFFIC'},35,{6},5.0
2e69c5b7,2e69c5b7c,2020-10-08,18,{'JAM'},{'JAM_STAND_STILL_TRAFFIC'},35,{7},5.514285714285714
2e69c5b7,2e69c5b7c,2020-10-12,17,{'JAM'},{'JAM'},30,{6},5.0
2e69c5b7,2e69c5b7c,2020-10-15,16,{'JAM'},{'JAM_STAND_STILL_TRAFFIC'},32,{7},5.0
2e69c5b7,2e69c5b7c,2020-10-15,18,{'JAM'},{'JAM_STAND_STILL_TRAFFIC'},29,{7},5.724137931034483
2e69c5b7,2e69c5b7c,2020-10-20,10,{'JAM'},"{'JAM_STAND_STILL_TRAFFIC', 'JAM_HEAVY_TRAFFIC'}",60,{7},5.0
2e69c5b7,2e69c5b7c,2020-10-20,11,{'JAM'},"{'JAM', 'JAM_HEAVY_TRAFFIC'}",69,{7},6.318840579710145
2e69c5b7,2e69c5b7c,2020-10-22,19,{'JAM'},{'JAM_STAND_STILL_TRAFFIC'},33,{1},5.0
2e69c5b7,2e69c5b7c,2020-10-28,13,{'JAM'},{'JAM_HEAVY_TRAFFIC'},30,{6},5.0
2e69c5b7,2e69c5b7c,2020-10-28,14,{'JAM'},{'JAM_HEAVY_TRAFFIC'},31,{6},5.0
2e69c5b7,2e69c5b7c,2020-10-29,11,{'JAM'},{'JAM_HEAVY_TRAFFIC'},60,"{6, 7}",5.7
2e69c5b7,2e69c5b7c,2020-11-02,13,{'JAM'},{'JAM_MODERATE_TRAFFIC'},32,{6},5.0
2e69c5b7,2e69c5b7c,2020-11-10,17,{'JAM'},{'JAM_HEAVY_TRAFFIC'},63,{7},5.428571428571429
2e69c5b7,2e69c5b7c,2020-11-15,11,{'JAM'},{'JAM_HEAVY_TRAFFIC'},10,{6},5.0
2e69c5b7,2e69c5b7c,2020-11-15,15,{'JAM'},{'JAM_HEAVY_TRAFFIC'},34,{6},5.0
2e69c5b7,2e69c5b7c,2020-11-19,8,{'JAM'},{'JAM_HEAVY_TRAFFIC'},30,{7},5.866666666666666
2e69c5b9,2e69c5b84,2020-10-08,14,{'JAM'},{'JAM_STAND_STILL_TRAFFIC'},63,{6},5.0
2e69c5b9,2e69c5b84,2020-10-15,16,{'JAM'},{'JAM_STAND_STILL_TRAFFIC'},36,{6},5.75
2e69c5b9,2e69c5b84,2020-10-16,16,{'WEATHERHAZARD'},{'HAZARD_ON_SHOULDER_CAR_STOPPED'},11,{6},5.181818181818182
2e69c5b9,2e69c5b84,2020-11-05,17,{'JAM'},{'JAM_STAND_STILL_TRAFFIC'},32,{6},5.0
2e69c5b9,2e69c5b8c,2020-10-20,10,{'JAM'},{'JAM_STAND_STILL_TRAFFIC'},5,{2},5.0
2e69c5b9,2e69c5b8c,2020-10-20,13,{'JAM'},"{'JAM_STAND_STILL_TRAFFIC', 'JAM_HEAVY_TRAFFIC'}",38,{2},5.0
2e69c5b9,2e69c5b8c,2020-10-20,14,{'JAM'},"{'JAM', 'JAM_STAND_STILL_TRAFFIC'}",63,{2},5.0
2e69c5b9,2e69c5b8c,2020-10-20,15,{'JAM'},{'JAM_STAND_STILL_TRAFFIC'},27,{2},5.0
2e69c5b9,2e69c5b8c,2020-10-20,16,{'JAM'},{'JAM_STAND_STILL_TRAFFIC'},35,{2},5.0
2e69c5b9,2e69c5b8c,2020-10-20,17,{'JAM'},{'JAM_HEAVY_TRAFFIC'},62,{2},5.0
2e69c5b9,2e69c5b8c,2020-10-26,19,{'WEATHERHAZARD'},{'HAZARD_ON_SHOULDER_CAR_STOPPED'},30,{2},5.0
2e69c5b9,2e69c5b8c,2020-11-13,19,{'WEATHERHAZARD'},{'HAZARD_ON_SHOULDER_CAR_STOPPED'},33,{2},5.0
2e69c5b9,2e69c5b8c,2020-11-20,20,{'WEATHERHAZARD'},{'HAZARD_ON_SHOULDER_CAR_STOPPED'},30,{2},5.8
2e69c5b9,2e69c5b94,2020-10-20,18,{'JAM'},{'JAM_STAND_STILL_TRAFFIC'},30,{2},5.0
2e69c5b9,2e69c5b94,2020-11-05,17,{'JAM'},{'JAM_STAND_STILL_TRAFFIC'},2,{2},5.5
2e69c5b9,2e69c5b9c,2020-09-01,17,{'JAM'},{'JAM_STAND_STILL_TRAFFIC'},39,{2},5.6923076923076925
2e69c5b9,2e69c5b9c,2020-10-08,14,{'JAM'},{'JAM_HEAVY_TRAFFIC'},34,{2},7.970588235294118
2e69c5b9,2e69c5b9c,2020-10-08,15,{'JAM'},{'JAM_STAND_STILL_TRAFFIC'},15,{2},5.0
2e69c5b9,2e69c5b9c,2020-10-20,11,{'JAM'},{'JAM_HEAVY_TRAFFIC'},33,{2},5.0
2e69c5b9,2e69c5b9c,2020-10-20,12,{'JAM'},{'JAM'},32,{2},5.0
2e69c5b9,2e69c5b9c,2020-10-20,15,{'JAM'},{'JAM_STAND_STILL_TRAFFIC'},32,{2},5.0
2e69c5b9,2e69c5b9c,2020-10-20,18,{'JAM'},{'JAM_HEAVY_TRAFFIC'},2,{2},5.0
2e69c5b9,2e69c5b9c,2020-10-20,19,{'JAM'},{'JAM_HEAVY_TRAFFIC'},42,{2},5.357142857142857
2e69c5b9,2e69c5b9c,2020-11-05,17,{'JAM'},{'JAM_STAND_STILL_TRAFFIC'},59,{2},8.305084745762711
2e69c5b9,2e69c5b9c,2020-11-07,17,{'JAM'},{'JAM_STAND_STILL_TRAFFIC'},9,{2},5.0
2e69c5b9,2e69c5b9c,2020-11-09,19,{'WEATHERHAZARD'},{'HAZARD_ON_SHOULDER_CAR_STOPPED'},32,{2},5.21875
2e69c5b9,2e69c5b9c,2020-11-11,19,{'WEATHERHAZARD'},{'HAZARD_ON_SHOULDER_CAR_STOPPED'},31,{2},5.806451612903226
2e69c5b9,2e69c5b9c,2020-11-14,10,{'JAM'},{'JAM'},5,{2},5.0
2e69c5b9,2e69c5b9c,2020-11-19,18,{'WEATHERHAZARD'},{'HAZARD_ON_SHOULDER_CAR_STOPPED'},32,{2},5.8125
2e69c5b9,2e69c5b9c,2020-11-20,20,{'WEATHERHAZARD'},{'HAZARD_ON_SHOULDER_CAR_STOPPED'},60,{2},5.833333333333333
2e69c5bb,2e69c5bb4,2020-10-03,14,{'JAM'},{'JAM_STAND_STILL_TRAFFIC'},32,{2},5.96875
2e69c5bb,2e69c5bb4,2020-10-17,13,{'JAM'},{'JAM_STAND_STILL_TRAFFIC'},30,{2},5.0
2e69c5bb,2e69c5bb4,2020-10-20,11,{'JAM'},{'JAM_HEAVY_TRAFFIC'},31,{2},5.967741935483871
2e69c5bb,2e69c5bb4,2020-10-20,12,{'JAM'},"{'JAM_STAND_STILL_TRAFFIC', 'JAM_HEAVY_TRAFFIC'}",64,{2},5.46875
2e69c5bb,2e69c5bb4,2020-10-20,13,{'JAM'},{'JAM_HEAVY_TRAFFIC'},31,{2},6.451612903225806
2e69c5bb,2e69c5bb4,2020-10-20,14,{'JAM'},{'JAM_HEAVY_TRAFFIC'},32,{2},5.0
2e69c5bb,2e69c5bb4,2020-10-20,16,{'JAM'},{'JAM_STAND_STILL_TRAFFIC'},30,{2},5.966666666666667
2e69c5bb,2e69c5bb4,2020-10-20,17,{'JAM'},{'JAM_MODERATE_TRAFFIC'},45,{2},5.355555555555555
2e69c5bb,2e69c5bb4,2020-10-20,19,{'JAM'},"{'JAM_MODERATE_TRAFFIC', 'JAM_HEAVY_TRAFFIC'}",32,{2},5.0
2e69c5bb,2e69c5bb4,2020-10-31,9,{'WEATHERHAZARD'},{'HAZARD_ON_ROAD_CAR_STOPPED'},76,{2},5.815789473684211
2e69c5bb,2e69c5bb4,2020-11-01,8,{'JAM'},{'JAM_STAND_STILL_TRAFFIC'},32,{2},5.0
2e69c5bb,2e69c5bb4,2020-11-22,7,{'JAM'},{'JAM_STAND_STILL_TRAFFIC'},30,{2},5.0
2e69c5bb,2e69c5bbc,2020-09-09,19,{'JAM'},{'JAM'},33,{1},5.0
2e69c5bb,2e69c5bbc,2020-10-20,18,{'JAM'},{'JAM_STAND_STILL_TRAFFIC'},32,{2},5.0
2e69c5bb,2e69c5bbc,2020-11-15,12,{'JAM'},{'JAM'},5,{2},5.0
2e69c5bd,2e69c5bc4,2020-10-20,11,{'JAM'},{'JAM'},31,{2},5.0
2e69c5bd,2e69c5bc4,2020-10-20,12,{'JAM'},{'JAM_STAND_STILL_TRAFFIC'},31,{2},5.0
2e69c5bd,2e69c5bc4,2020-10-20,13,{'JAM'},{'JAM_STAND_STILL_TRAFFIC'},69,{2},5.63768115942029
2e69c5bd,2e69c5bc4,2020-10-20,14,{'JAM'},{'JAM_STAND_STILL_TRAFFIC'},33,{2},5.0
2e69c5bd,2e69c5bc4,2020-10-20,17,{'JAM'},{'JAM_STAND_STILL_TRAFFIC'},94,"{2, 22}",5.23404255319149
2e69c5bd,2e69c5bc4,2020-10-20,18,{'JAM'},{'JAM_STAND_STILL_TRAFFIC'},61,{2},5.0
2e69c5bd,2e69c5bdc,2020-10-20,11,{'JAM'},{'JAM_STAND_STILL_TRAFFIC'},33,{2},5.0
2e69c5bd,2e69c5bdc,2020-10-20,12,{'JAM'},{'JAM_STAND_STILL_TRAFFIC'},35,{2},5.457142857142857
2e69c5bd,2e69c5bdc,2020-10-20,13,{'JAM'},{'JAM_STAND_STILL_TRAFFIC'},32,{2},6.1875
2e69c5bd,2e69c5bdc,2020-10-20,14,{'JAM'},{'JAM_HEAVY_TRAFFIC'},32,{2},5.0
2e69c5bd,2e69c5bdc,2020-10-20,17,{'JAM'},{'JAM_STAND_STILL_TRAFFIC'},62,{2},5.0
2e69c5bd,2e69c5bdc,2020-10-20,18,{'JAM'},{'JAM_HEAVY_TRAFFIC'},30,{2},5.0
2e69c5bf,2e69c5be4,2020-10-18,11,{'JAM'},{'JAM_HEAVY_TRAFFIC'},34,{2},5.0
2e69c5bf,2e69c5be4,2020-10-20,11,{'JAM'},{'JAM_STAND_STILL_TRAFFIC'},34,{2},5.0
2e69c5bf,2e69c5be4,2020-10-20,13,{'JAM'},{'JAM_STAND_STILL_TRAFFIC'},49,{2},6.204081632653061
2e69c5bf,2e69c5be4,2020-10-20,15,{'JAM'},{'JAM_STAND_STILL_TRAFFIC'},36,{2},5.361111111111111
2e69c5bf,2e69c5be4,2020-10-20,16,{'JAM'},{'JAM'},30,{2},6.433333333333334
2e69c5bf,2e69c5be4,2020-10-20,17,{'JAM'},{'JAM_STAND_STILL_TRAFFIC'},33,{2},5.0
2e69c5bf,2e69c5be4,2020-11-21,11,{'JAM'},{'JAM_HEAVY_TRAFFIC'},40,{2},5.375
2e69c5bf,2e69c5bf4,2020-10-15,19,{'JAM'},{'JAM_STAND_STILL_TRAFFIC'},31,{2},5.0
2e69c5bf,2e69c5bf4,2020-10-20,12,{'JAM'},{'JAM_STAND_STILL_TRAFFIC'},33,{2},5.0
2e69c5bf,2e69c5bf4,2020-10-20,19,{'JAM'},{'JAM_HEAVY_TRAFFIC'},66,{2},5.454545454545454
2e69c5bf,2e69c5bf4,2020-10-26,8,{'JAM'},{'JAM_HEAVY_TRAFFIC'},31,{2},5.0
2e69c5bf,2e69c5bf4,2020-10-29,13,{'JAM'},{'JAM_STAND_STILL_TRAFFIC'},31,{2},5.806451612903226
2e69c5bf,2e69c5bf4,2020-10-30,15,{'JAM'},{'JAM_STAND_STILL_TRAFFIC'},32,{2},5.0
2e69c5bf,2e69c5bf4,2020-11-05,11,{'JAM'},{'JAM_STAND_STILL_TRAFFIC'},27,{2},5.0
2e69c5bf,2e69c5bf4,2020-11-07,14,{'JAM'},{'JAM_STAND_STILL_TRAFFIC'},30,{2},5.966666666666667
2e69c5bf,2e69c5bf4,2020-11-07,15,{'JAM'},{'JAM_HEAVY_TRAFFIC'},8,{2},5.0
2e69c5bf,2e69c5bf4,2020-11-14,12,{'JAM'},{'JAM_MODERATE_TRAFFIC'},33,{2},5.0
2e69c5bf,2e69c5bf4,2020-11-22,13,{'JAM'},{'JAM_STAND_STILL_TRAFFIC'},33,{2},6.454545454545454
2e69c5bf,2e69c5bfc,2020-09-05,14,{'JAM'},{'JAM_HEAVY_TRAFFIC'},10,{2},5.0
2e69c5bf,2e69c5bfc,2020-09-07,17,{'JAM'},{'JAM_HEAVY_TRAFFIC'},31,{2},5.0
2e69c5bf,2e69c5bfc,2020-09-15,11,{'JAM'},"{'JAM_MODERATE_TRAFFIC', 'JAM_HEAVY_TRAFFIC'}",90,"{2, 22}",5.0
2e69c5bf,2e69c5bfc,2020-09-17,8,{'JAM'},{'JAM_HEAVY_TRAFFIC'},62,{2},5.0
2e69c5bf,2e69c5bfc,2020-09-19,11,{'JAM'},{'JAM_STAND_STILL_TRAFFIC'},39,{2},5.3076923076923075
2e69c5bf,2e69c5bfc,2020-09-21,16,{'JAM'},{'JAM_STAND_STILL_TRAFFIC'},32,{2},5.0
2e69c5bf,2e69c5bfc,2020-09-25,7,{'JAM'},{'JAM_HEAVY_TRAFFIC'},30,{2},5.0
2e69c5bf,2e69c5bfc,2020-09-25,8,{'JAM'},{'JAM_STAND_STILL_TRAFFIC'},64,{2},5.0
2e69c5bf,2e69c5bfc,2020-09-26,17,"{'JAM', 'WEATHERHAZARD'}","{'HAZARD_ON_ROAD_CAR_STOPPED', 'JAM_HEAVY_TRAFFIC'}",60,{2},5.0
2e69c5bf,2e69c5bfc,2020-10-04,15,{'JAM'},{'JAM_HEAVY_TRAFFIC'},5,{2},5.0
2e69c5bf,2e69c5bfc,2020-10-07,8,{'JAM'},{'JAM_MODERATE_TRAFFIC'},31,{2},5.0
2e69c5bf,2e69c5bfc,2020-10-09,10,{'JAM'},"{'JAM_MODERATE_TRAFFIC', 'JAM_HEAVY_TRAFFIC'}",49,{2},5.0
2e69c5bf,2e69c5bfc,2020-10-10,10,{'JAM'},{'JAM_MODERATE_TRAFFIC'},32,{2},5.0
2e69c5bf,2e69c5bfc,2020-10-15,18,{'JAM'},{'JAM_HEAVY_TRAFFIC'},29,{2},5.0
2e69c5bf,2e69c5bfc,2020-10-15,19,{'JAM'},{'JAM_STAND_STILL_TRAFFIC'},16,{2},5.0
2e69c5bf,2e69c5bfc,2020-10-16,19,{'JAM'},{'JAM_STAND_STILL_TRAFFIC'},30,{2},5.0
2e69c5bf,2e69c5bfc,2020-10-17,17,{'JAM'},{'JAM_HEAVY_TRAFFIC'},31,{2},5.0
2e69c5bf,2e69c5bfc,2020-10-18,11,{'JAM'},{'JAM_HEAVY_TRAFFIC'},62,{2},5.0
2e69c5bf,2e69c5bfc,2020-10-18,13,{'JAM'},{'JAM_STAND_STILL_TRAFFIC'},32,{2},5.0
2e69c5bf,2e69c5bfc,2020-10-18,14,{'JAM'},"{'JAM_STAND_STILL_TRAFFIC', 'JAM_HEAVY_TRAFFIC'}",129,{2},5.0
2e69c5bf,2e69c5bfc,2020-10-20,11,{'JAM'},{'JAM_STAND_STILL_TRAFFIC'},37,{2},5.0
2e69c5bf,2e69c5bfc,2020-10-20,12,{'JAM'},{'JAM'},65,{2},5.0
2e69c5bf,2e69c5bfc,2020-10-20,14,{'JAM'},{'JAM_STAND_STILL_TRAFFIC'},30,{2},5.0
2e69c5bf,2e69c5bfc,2020-10-20,15,{'JAM'},{'JAM_STAND_STILL_TRAFFIC'},31,{2},5.0
2e69c5bf,2e69c5bfc,2020-10-20,19,{'JAM'},{'JAM_HEAVY_TRAFFIC'},32,{2},5.0
2e69c5bf,2e69c5bfc,2020-10-21,11,{'JAM'},{'JAM_STAND_STILL_TRAFFIC'},31,{2},5.645161290322581
2e69c5bf,2e69c5bfc,2020-10-21,12,{'JAM'},{'JAM_STAND_STILL_TRAFFIC'},158,{2},5.0
2e69c5bf,2e69c5bfc,2020-10-21,19,{'JAM'},{'JAM_HEAVY_TRAFFIC'},45,{2},5.355555555555555
2e69c5bf,2e69c5bfc,2020-10-24,10,{'JAM'},{'JAM_STAND_STILL_TRAFFIC'},30,{2},5.0
2e69c5bf,2e69c5bfc,2020-10-24,12,{'JAM'},{'JAM_STAND_STILL_TRAFFIC'},15,{2},5.0
2e69c5bf,2e69c5bfc,2020-10-24,14,{'JAM'},{'JAM_STAND_STILL_TRAFFIC'},6,{2},6.0
2e69c5bf,2e69c5bfc,2020-10-25,14,{'JAM'},"{'JAM_STAND_STILL_TRAFFIC', 'JAM_HEAVY_TRAFFIC'}",69,{2},5.0
2e69c5bf,2e69c5bfc,2020-10-26,16,{'JAM'},{'JAM'},31,{2},5.0
2e69c5bf,2e69c5bfc,2020-10-28,14,{'JAM'},{'JAM'},31,{2},5.0
2e69c5bf,2e69c5bfc,2020-10-29,11,{'JAM'},{'JAM_STAND_STILL_TRAFFIC'},30,{2},5.0
2e69c5bf,2e69c5bfc,2020-10-29,12,{'JAM'},{'JAM_HEAVY_TRAFFIC'},25,{2},5.0
2e69c5bf,2e69c5bfc,2020-10-30,15,{'JAM'},{'JAM_STAND_STILL_TRAFFIC'},31,{2},5.0
2e69c5bf,2e69c5bfc,2020-11-01,10,{'JAM'},{'JAM_MODERATE_TRAFFIC'},30,{2},5.0
2e69c5bf,2e69c5bfc,2020-11-02,12,{'JAM'},{'JAM_HEAVY_TRAFFIC'},61,{2},5.0
2e69c5bf,2e69c5bfc,2020-11-07,11,{'JAM'},{'JAM_MODERATE_TRAFFIC'},32,{2},5.0
2e69c5bf,2e69c5bfc,2020-11-07,12,{'JAM'},{'JAM_STAND_STILL_TRAFFIC'},32,{2},5.0
2e69c5bf,2e69c5bfc,2020-11-07,14,{'JAM'},{'JAM_STAND_STILL_TRAFFIC'},63,{2},5.4603174603174605
2e69c5bf,2e69c5bfc,2020-11-08,14,{'JAM'},{'JAM_HEAVY_TRAFFIC'},31,{2},5.935483870967742
2e69c5bf,2e69c5bfc,2020-11-09,17,{'JAM'},{'JAM_MODERATE_TRAFFIC'},31,{2},5.0
2e69c5bf,2e69c5bfc,2020-11-11,14,{'JAM'},{'JAM_HEAVY_TRAFFIC'},32,{2},5.0
2e69c5bf,2e69c5bfc,2020-11-12,8,{'JAM'},{'JAM_HEAVY_TRAFFIC'},31,{2},5.0
2e69c5bf,2e69c5bfc,2020-11-13,8,{'JAM'},{'JAM_HEAVY_TRAFFIC'},93,{2},5.0
2e69c5bf,2e69c5bfc,2020-11-15,10,{'JAM'},{'JAM_HEAVY_TRAFFIC'},31,{2},5.0
2e69c5bf,2e69c5bfc,2020-11-15,14,{'JAM'},{'JAM_MODERATE_TRAFFIC'},7,{2},5.0
2e69c5bf,2e69c5bfc,2020-11-22,13,"{'JAM', 'WEATHERHAZARD'}","{'JAM_STAND_STILL_TRAFFIC', 'HAZARD_ON_ROAD_CONSTRUCTION'}",12,{2},6.0
2e69c5c1,2e69c5c04,2020-09-25,13,{'JAM'},{'JAM_HEAVY_TRAFFIC'},8,{2},5.0
2e69c5c1,2e69c5c04,2020-09-25,17,{'JAM'},{'JAM_MODERATE_TRAFFIC'},30,{2},5.0
2e69c5c1,2e69c5c04,2020-09-27,17,{'JAM'},{'JAM_HEAVY_TRAFFIC'},31,{2},5.0
2e69c5c1,2e69c5c04,2020-09-28,17,{'JAM'},{'JAM_HEAVY_TRAFFIC'},30,{2},5.0
2e69c5c1,2e69c5c04,2020-10-09,16,{'JAM'},{'JAM_HEAVY_TRAFFIC'},7,{2},6.0
2e69c5c1,2e69c5c04,2020-10-10,14,{'JAM'},{'JAM_HEAVY_TRAFFIC'},30,{2},6.0
2e69c5c1,2e69c5c04,2020-10-15,16,{'JAM'},{'JAM_HEAVY_TRAFFIC'},31,{2},5.580645161290323
2e69c5c1,2e69c5c04,2020-10-15,17,{'JAM'},{'JAM_STAND_STILL_TRAFFIC'},139,{2},6.784172661870503
2e69c5c1,2e69c5c04,2020-10-15,19,{'JAM'},{'JAM_STAND_STILL_TRAFFIC'},32,{2},5.0
2e69c5c1,2e69c5c04,2020-10-16,17,{'JAM'},{'JAM_HEAVY_TRAFFIC'},33,{2},5.0
2e69c5c1,2e69c5c04,2020-10-20,14,{'JAM'},{'JAM_HEAVY_TRAFFIC'},32,{2},5.0
2e69c5c1,2e69c5c04,2020-10-20,18,{'JAM'},{'JAM_STAND_STILL_TRAFFIC'},33,{2},5.0
2e69c5c1,2e69c5c04,2020-10-20,19,{'JAM'},"{'JAM_STAND_STILL_TRAFFIC', 'JAM_HEAVY_TRAFFIC'}",94,{2},5.0
2e69c5c1,2e69c5c04,2020-10-23,14,{'JAM'},{'JAM_MODERATE_TRAFFIC'},35,{2},5.485714285714286
2e69c5c1,2e69c5c04,2020-10-27,17,{'JAM'},{'JAM_MODERATE_TRAFFIC'},34,{2},5.0
2e69c5c1,2e69c5c04,2020-10-28,12,{'JAM'},{'JAM_STAND_STILL_TRAFFIC'},10,{2},5.0
2e69c5c1,2e69c5c04,2020-10-29,13,{'JAM'},{'JAM_STAND_STILL_TRAFFIC'},31,{2},5.516129032258065
2e69c5c1,2e69c5c04,2020-10-31,13,{'JAM'},"{'JAM_MODERATE_TRAFFIC', 'JAM_HEAVY_TRAFFIC'}",63,{2},5.0
2e69c5c1,2e69c5c04,2020-11-02,16,{'JAM'},{'JAM_MODERATE_TRAFFIC'},31,{2},5.0
2e69c5c1,2e69c5c04,2020-11-05,17,{'JAM'},{'JAM_MODERATE_TRAFFIC'},6,{2},5.0
2e69c5c1,2e69c5c04,2020-11-06,16,{'JAM'},{'JAM_HEAVY_TRAFFIC'},6,{2},5.0
2e69c5c1,2e69c5c04,2020-11-07,16,{'JAM'},{'JAM_MODERATE_TRAFFIC'},34,{2},5.0
2e69c5c1,2e69c5c04,2020-11-09,17,{'JAM'},"{'JAM_MODERATE_TRAFFIC', 'JAM_HEAVY_TRAFFIC'}",62,{2},5.0
2e69c5c1,2e69c5c04,2020-11-21,17,{'JAM'},{'JAM_STAND_STILL_TRAFFIC'},30,{2},5.0
2e69c5c1,2e69c5c0c,2020-09-07,17,{'JAM'},{'JAM_STAND_STILL_TRAFFIC'},33,{2},5.0
2e69c5c1,2e69c5c0c,2020-09-13,16,{'JAM'},{'JAM_HEAVY_TRAFFIC'},30,{2},5.0
2e69c5c1,2e69c5c0c,2020-09-15,13,{'WEATHERHAZARD'},{'HAZARD_ON_ROAD_CONSTRUCTION'},306,"{2, 6}",5.428104575163399
2e69c5c1,2e69c5c0c,2020-09-15,17,{'JAM'},{'JAM_HEAVY_TRAFFIC'},31,{2},5.0
2e69c5c1,2e69c5c0c,2020-09-24,9,{'JAM'},{'JAM_STAND_STILL_TRAFFIC'},30,{6},5.0
2e69c5c1,2e69c5c0c,2020-09-24,16,{'JAM'},{'JAM_HEAVY_TRAFFIC'},32,{6},5.0
2e69c5c1,2e69c5c0c,2020-09-25,16,{'JAM'},{'JAM_HEAVY_TRAFFIC'},32,{6},5.0
2e69c5c1,2e69c5c0c,2020-09-25,17,{'JAM'},"{'JAM_MODERATE_TRAFFIC', 'JAM_HEAVY_TRAFFIC'}",37,"{2, 6}",5.0
2e69c5c1,2e69c5c0c,2020-09-25,18,{'JAM'},{'JAM_HEAVY_TRAFFIC'},26,{6},5.0
2e69c5c1,2e69c5c0c,2020-10-08,14,{'JAM'},{'JAM_STAND_STILL_TRAFFIC'},31,{6},5.0
2e69c5c1,2e69c5c0c,2020-10-09,16,{'JAM'},{'JAM_HEAVY_TRAFFIC'},1,{2},5.0
2e69c5c1,2e69c5c0c,2020-10-15,17,{'JAM'},{'JAM_STAND_STILL_TRAFFIC'},216,"{20, 6}",5.657407407407407
2e69c5c1,2e69c5c0c,2020-10-15,18,{'WEATHERHAZARD'},{'HAZARD_ON_SHOULDER_CAR_STOPPED'},30,{6},5.9
2e69c5c1,2e69c5c0c,2020-10-16,16,{'WEATHERHAZARD'},{'HAZARD_ON_SHOULDER_CAR_STOPPED'},36,{6},5.444444444444445
2e69c5c1,2e69c5c0c,2020-10-20,10,{'JAM'},{'JAM_HEAVY_TRAFFIC'},31,{6},5.0
2e69c5c1,2e69c5c0c,2020-10-20,12,{'JAM'},{'JAM_STAND_STILL_TRAFFIC'},158,"{2, 6}",5.436708860759493
2e69c5c1,2e69c5c0c,2020-10-20,13,{'JAM'},"{'JAM', 'JAM_STAND_STILL_TRAFFIC', 'JAM_HEAVY_TRAFFIC'}",160,"{22, 6}",6.475
2e69c5c1,2e69c5c0c,2020-10-20,14,{'JAM'},{'JAM_STAND_STILL_TRAFFIC'},94,"{2, 6}",5.0
2e69c5c1,2e69c5c0c,2020-10-20,15,{'JAM'},{'JAM_STAND_STILL_TRAFFIC'},103,"{20, 6}",5.252427184466019
2e69c5c1,2e69c5c0c,2020-10-20,16,{'JAM'},{'JAM_STAND_STILL_TRAFFIC'},73,{6},6.287671232876712
2e69c5c1,2e69c5c0c,2020-10-20,17,{'JAM'},"{'JAM_STAND_STILL_TRAFFIC', 'JAM_HEAVY_TRAFFIC'}",95,{6},5.568421052631579
2e69c5c1,2e69c5c0c,2020-10-20,18,"{'JAM', 'WEATHERHAZARD', 'ACCIDENT'}","{'HAZARD_ON_SHOULDER_CAR_STOPPED', 'JAM_STAND_STILL_TRAFFIC', 'ACCIDENT_MAJOR'}",141,{6},5.74468085106383
2e69c5c1,2e69c5c0c,2020-10-21,19,{'JAM'},{'JAM_STAND_STILL_TRAFFIC'},7,{2},5.0
2e69c5c1,2e69c5c0c,2020-10-23,12,{'JAM'},{'JAM_HEAVY_TRAFFIC'},32,{6},5.0
2e69c5c1,2e69c5c0c,2020-10-30,10,{'JAM'},{'JAM_MODERATE_TRAFFIC'},30,{6},5.0
2e69c5c1,2e69c5c0c,2020-10-31,13,{'JAM'},{'JAM_MODERATE_TRAFFIC'},5,{2},5.0
2e69c5c1,2e69c5c0c,2020-10-31,16,{'JAM'},{'JAM_HEAVY_TRAFFIC'},30,{6},5.0
2e69c5c1,2e69c5c0c,2020-10-31,18,{'WEATHERHAZARD'},{'HAZARD_ON_ROAD_CAR_STOPPED'},8,{6},5.625
2e69c5c1,2e69c5c0c,2020-11-02,12,{'JAM'},{'JAM_HEAVY_TRAFFIC'},31,{6},5.774193548387097
2e69c5c1,2e69c5c0c,2020-11-02,13,{'JAM'},{'JAM_STAND_STILL_TRAFFIC'},31,{6},5.0
2e69c5c1,2e69c5c0c,2020-11-07,15,{'JAM'},{'JAM_STAND_STILL_TRAFFIC'},32,{2},5.0
2e69c5c1,2e69c5c0c,2020-11-10,19,{'WEATHERHAZARD'},{'HAZARD_ON_SHOULDER_CAR_STOPPED'},31,{6},5.67741935483871
2e69c5c1,2e69c5c0c,2020-11-13,19,"{'JAM', 'WEATHERHAZARD'}","{'HAZARD_ON_SHOULDER_CAR_STOPPED', 'JAM_MODERATE_TRAFFIC'}",65,{6},5.3538461538461535
2e69c5c1,2e69c5c0c,2020-11-14,19,{'JAM'},{'JAM_MODERATE_TRAFFIC'},6,{2},5.0
2e69c5c1,2e69c5c0c,2020-11-15,11,{'JAM'},{'JAM_MODERATE_TRAFFIC'},30,{6},5.0
2e69c5c1,2e69c5c0c,2020-11-15,17,{'JAM'},{'JAM_HEAVY_TRAFFIC'},19,{6},5.0
2e69c5c1,2e69c5c0c,2020-11-19,18,{'WEATHERHAZARD'},{'HAZARD_ON_SHOULDER_CAR_STOPPED'},25,{6},5.76
2e69c5c1,2e69c5c0c,2020-11-22,18,{'JAM'},{'JAM_MODERATE_TRAFFIC'},26,{6},5.0
2e69c5c1,2e69c5c14,2020-09-03,13,{'JAM'},{'JAM_STAND_STILL_TRAFFIC'},31,{2},5.0
2e69c5c1,2e69c5c14,2020-09-11,13,{'WEATHERHAZARD'},{'HAZARD_ON_ROAD_CONSTRUCTION'},33,{6},7.303030303030303
2e69c5c1,2e69c5c14,2020-09-12,15,{'JAM'},{'JAM_HEAVY_TRAFFIC'},32,{2},5.0
2e69c5c1,2e69c5c14,2020-09-17,10,{'JAM'},{'JAM_HEAVY_TRAFFIC'},31,{2},5.0
2e69c5c1,2e69c5c14,2020-09-19,12,{'JAM'},{'JAM_STAND_STILL_TRAFFIC'},29,{2},5.0
2e69c5c1,2e69c5c14,2020-09-24,9,{'JAM'},{'JAM_STAND_STILL_TRAFFIC'},31,{6},5.967741935483871
2e69c5c1,2e69c5c14,2020-09-25,8,"{'JAM', 'WEATHERHAZARD'}","{'HAZARD_ON_ROAD_CAR_STOPPED', 'JAM_STAND_STILL_TRAFFIC'}",64,{2},5.0
2e69c5c1,2e69c5c14,2020-09-29,13,{'JAM'},{'JAM_MODERATE_TRAFFIC'},7,{6},5.0
2e69c5c1,2e69c5c14,2020-09-30,14,{'JAM'},{'JAM_STAND_STILL_TRAFFIC'},31,{2},5.870967741935484
2e69c5c1,2e69c5c14,2020-10-03,13,{'JAM'},{'JAM_HEAVY_TRAFFIC'},46,{2},6.326086956521739
2e69c5c1,2e69c5c14,2020-10-03,16,{'JAM'},{'JAM_HEAVY_TRAFFIC'},32,{2},6.0
2e69c5c1,2e69c5c14,2020-10-03,17,{'JAM'},{'JAM_MODERATE_TRAFFIC'},6,{2},5.0
2e69c5c1,2e69c5c14,2020-10-03,21,{'JAM'},{'JAM'},27,{2},5.0
2e69c5c1,2e69c5c14,2020-10-07,13,{'JAM'},{'JAM_HEAVY_TRAFFIC'},10,{6},5.0
2e69c5c1,2e69c5c14,2020-10-10,10,{'JAM'},{'JAM_HEAVY_TRAFFIC'},31,{6},5.0
2e69c5c1,2e69c5c14,2020-10-14,14,"{'JAM', 'WEATHERHAZARD'}","{'HAZARD_ON_ROAD_CAR_STOPPED', 'JAM_STAND_STILL_TRAFFIC'}",67,{2},5.0
2e69c5c1,2e69c5c14,2020-10-15,17,{'JAM'},{'JAM_STAND_STILL_TRAFFIC'},78,{6},8.705128205128204
2e69c5c1,2e69c5c14,2020-10-16,12,{'JAM'},{'JAM_HEAVY_TRAFFIC'},30,{2},5.0
2e69c5c1,2e69c5c14,2020-10-20,11,{'JAM'},{'JAM_STAND_STILL_TRAFFIC'},46,{6},5.413043478260869
2e69c5c1,2e69c5c14,2020-10-20,12,{'JAM'},"{'JAM', 'JAM_STAND_STILL_TRAFFIC'}",173,{6},5.341040462427745
2e69c5c1,2e69c5c14,2020-10-20,13,{'JAM'},{'JAM_STAND_STILL_TRAFFIC'},15,{6},5.0
2e69c5c1,2e69c5c14,2020-10-20,17,{'JAM'},"{'JAM_STAND_STILL_TRAFFIC', 'JAM_MODERATE_TRAFFIC'}",88,{6},6.306818181818182
2e69c5c1,2e69c5c14,2020-10-20,18,{'JAM'},{'JAM_STAND_STILL_TRAFFIC'},30,{6},5.0
2e69c5c1,2e69c5c14,2020-10-20,19,{'JAM'},{'JAM_STAND_STILL_TRAFFIC'},27,{6},5.0
2e69c5c1,2e69c5c14,2020-10-26,11,{'JAM'},{'JAM_STAND_STILL_TRAFFIC'},5,{2},6.0
2e69c5c1,2e69c5c14,2020-10-29,9,{'JAM'},{'JAM_HEAVY_TRAFFIC'},31,{6},5.0
2e69c5c1,2e69c5c14,2020-10-30,9,{'JAM'},{'JAM_MODERATE_TRAFFIC'},31,{6},5.0
2e69c5c1,2e69c5c14,2020-10-30,13,{'JAM'},{'JAM_STAND_STILL_TRAFFIC'},30,{2},5.0
2e69c5c1,2e69c5c14,2020-10-30,14,{'JAM'},{'JAM_MODERATE_TRAFFIC'},30,{2},5.0
2e69c5c1,2e69c5c14,2020-11-02,13,{'JAM'},{'JAM_STAND_STILL_TRAFFIC'},43,{6},5.3023255813953485
2e69c5c1,2e69c5c14,2020-11-06,7,{'JAM'},{'JAM_MODERATE_TRAFFIC'},29,{2},5.620689655172414
2e69c5c1,2e69c5c14,2020-11-07,14,{'JAM'},{'JAM_HEAVY_TRAFFIC'},92,{2},5.315217391304348
2e69c5c1,2e69c5c14,2020-11-09,19,{'WEATHERHAZARD'},{'HAZARD_ON_SHOULDER_CAR_STOPPED'},9,{6},5.444444444444445
2e69c5c1,2e69c5c14,2020-11-17,15,{'JAM'},{'JAM_MODERATE_TRAFFIC'},33,{6},5.0
2e69c5c1,2e69c5c14,2020-11-18,10,{'JAM'},{'JAM_MODERATE_TRAFFIC'},30,{6},5.0
2e69c5c1,2e69c5c14,2020-11-18,18,{'JAM'},{'JAM_STAND_STILL_TRAFFIC'},11,{6},5.0
2e69c5c1,2e69c5c14,2020-11-21,8,{'JAM'},{'JAM_STAND_STILL_TRAFFIC'},30,{22},5.0
2e69c5c1,2e69c5c14,2020-11-21,10,{'JAM'},{'JAM_STAND_STILL_TRAFFIC'},34,{22},5.0
2e69c5c1,2e69c5c1c,2020-09-10,12,{'JAM'},{'JAM_STAND_STILL_TRAFFIC'},31,{22},5.0
2e69c5c1,2e69c5c1c,2020-09-19,12,{'JAM'},{'JAM_STAND_STILL_TRAFFIC'},28,{2},5.0
2e69c5c3,2e69c5c24,2020-10-04,15,{'JAM'},{'JAM_HEAVY_TRAFFIC'},45,{2},7.155555555555556
2e69c5c3,2e69c5c24,2020-10-10,15,{'JAM'},{'JAM_STAND_STILL_TRAFFIC'},30,{2},6.366666666666666
2e69c5c3,2e69c5c24,2020-10-14,14,{'WEATHERHAZARD'},{'HAZARD_ON_ROAD_CAR_STOPPED'},59,{2},6.11864406779661
2e69c5c3,2e69c5c24,2020-10-29,14,{'JAM'},{'JAM_STAND_STILL_TRAFFIC'},30,{2},5.0
2e69c5c3,2e69c5c24,2020-10-30,13,{'JAM'},{'JAM_STAND_STILL_TRAFFIC'},33,{2},5.0
2e69c5c3,2e69c5c24,2020-10-30,14,{'JAM'},{'JAM_HEAVY_TRAFFIC'},32,{2},6.90625
2e69c5c3,2e69c5c24,2020-10-31,15,{'JAM'},{'JAM_STAND_STILL_TRAFFIC'},30,{2},7.333333333333333
2e69c5c3,2e69c5c24,2020-11-08,13,{'JAM'},{'JAM_STAND_STILL_TRAFFIC'},35,{2},6.428571428571429
2e69c5c3,2e69c5c24,2020-11-15,15,{'JAM'},{'JAM'},31,{2},5.0
2e69c5c3,2e69c5c34,2020-09-12,11,{'WEATHERHAZARD'},{'WEATHERHAZARD'},6,{6},5.5
2e69c5c3,2e69c5c34,2020-09-21,17,{'JAM'},{'JAM_STAND_STILL_TRAFFIC'},39,{1},5.0
2e69c5c3,2e69c5c34,2020-09-24,15,{'JAM'},{'JAM'},36,{6},5.0
2e69c5c3,2e69c5c34,2020-10-06,15,{'JAM'},{'JAM'},32,{6},5.0
2e69c5c3,2e69c5c34,2020-10-26,19,{'WEATHERHAZARD'},{'HAZARD_ON_SHOULDER_CAR_STOPPED'},25,{6},6.04
2e69c5c3,2e69c5c34,2020-10-27,17,{'JAM'},{'JAM_STAND_STILL_TRAFFIC'},94,{1},6.159574468085107
2e69c5c3,2e69c5c34,2020-11-02,14,{'JAM'},{'JAM_MODERATE_TRAFFIC'},6,{6},5.0
2e69c5c3,2e69c5c34,2020-11-11,19,"{'JAM', 'WEATHERHAZARD'}","{'HAZARD_ON_SHOULDER_CAR_STOPPED', 'JAM_MODERATE_TRAFFIC'}",53,{1},5.471698113207547
2e69c5c3,2e69c5c34,2020-11-15,11,{'JAM'},{'JAM_HEAVY_TRAFFIC'},31,{6},5.0
2e69c5c3,2e69c5c34,2020-11-15,14,{'JAM'},{'JAM_HEAVY_TRAFFIC'},24,{6},5.0
2e69c5c3,2e69c5c34,2020-11-19,18,{'WEATHERHAZARD'},{'HAZARD_ON_SHOULDER_CAR_STOPPED'},22,{6},5.136363636363637
2e69c5c3,2e69c5c34,2020-11-21,11,{'JAM'},{'JAM_HEAVY_TRAFFIC'},6,{6},5.0
2e69c5c3,2e69c5c3c,2020-09-24,9,{'JAM'},{'JAM_STAND_STILL_TRAFFIC'},32,{6},5.0
2e69c5c3,2e69c5c3c,2020-10-15,17,{'WEATHERHAZARD'},{'HAZARD_WEATHER_FOG'},14,{6},5.857142857142857
2e69c5c3,2e69c5c3c,2020-10-28,10,{'JAM'},{'JAM_MODERATE_TRAFFIC'},30,{6},5.0
2e69c5c3,2e69c5c3c,2020-10-31,9,{'JAM'},{'JAM_HEAVY_TRAFFIC'},32,{6},5.0
2e69c5c3,2e69c5c3c,2020-11-10,19,{'WEATHERHAZARD'},{'HAZARD_ON_SHOULDER_CAR_STOPPED'},30,{6},5.8
2e69c5c3,2e69c5c3c,2020-11-19,14,{'JAM'},{'JAM_MODERATE_TRAFFIC'},30,{6},5.0
2e69c5c3,2e69c5c3c,2020-11-19,18,{'WEATHERHAZARD'},{'HAZARD_ON_SHOULDER_CAR_STOPPED'},24,{6},5.375
2e69c5c5,2e69c5c44,2020-09-03,11,{'JAM'},{'JAM_HEAVY_TRAFFIC'},29,{6},5.0
2e69c5c5,2e69c5c44,2020-09-30,21,{'ACCIDENT'},{'ACCIDENT_MINOR'},6,{6},5.833333333333333
2e69c5c5,2e69c5c44,2020-10-14,15,{'WEATHERHAZARD'},{'HAZARD_ON_SHOULDER_CAR_STOPPED'},37,{6},5.972972972972973
2e69c5c5,2e69c5c44,2020-10-15,16,{'JAM'},{'JAM_HEAVY_TRAFFIC'},31,{6},5.0
2e69c5c5,2e69c5c44,2020-10-15,17,{'JAM'},{'JAM_STAND_STILL_TRAFFIC'},48,{6},6.75
2e69c5c5,2e69c5c44,2020-10-16,16,"{'JAM', 'WEATHERHAZARD'}","{'HAZARD_ON_SHOULDER_CAR_STOPPED', 'JAM_MODERATE_TRAFFIC'}",65,{6},5.061538461538461
2e69c5c5,2e69c5c44,2020-10-25,15,{'JAM'},{'JAM_MODERATE_TRAFFIC'},32,{6},5.0
2e69c5c5,2e69c5c44,2020-10-26,19,{'JAM'},{'JAM_MODERATE_TRAFFIC'},11,{6},5.0
2e69c5c5,2e69c5c44,2020-10-29,14,{'JAM'},{'JAM_STAND_STILL_TRAFFIC'},42,{6},5.428571428571429
2e69c5c5,2e69c5c44,2020-10-31,8,{'JAM'},{'JAM_MODERATE_TRAFFIC'},34,{6},5.0
2e69c5c5,2e69c5c44,2020-11-06,16,{'JAM'},{'JAM_HEAVY_TRAFFIC'},32,{6},5.0
2e69c5c5,2e69c5c44,2020-11-09,19,{'WEATHERHAZARD'},{'HAZARD_ON_SHOULDER_CAR_STOPPED'},33,{6},6.03030303030303
2e69c5c5,2e69c5c44,2020-11-13,19,"{'JAM', 'WEATHERHAZARD'}","{'HAZARD_ON_SHOULDER_CAR_STOPPED', 'JAM_MODERATE_TRAFFIC'}",56,{6},5.053571428571429
2e69c5c5,2e69c5c44,2020-11-14,14,{'JAM'},{'JAM_STAND_STILL_TRAFFIC'},42,{6},6.357142857142857
2e69c5c5,2e69c5c44,2020-11-14,18,{'JAM'},{'JAM_MODERATE_TRAFFIC'},30,{6},5.0
2e69c5c5,2e69c5c44,2020-11-19,18,{'WEATHERHAZARD'},{'HAZARD_ON_SHOULDER_CAR_STOPPED'},6,{6},5.166666666666667
2e69c5c5,2e69c5c44,2020-11-20,20,{'WEATHERHAZARD'},{'HAZARD_ON_SHOULDER_CAR_STOPPED'},31,{6},5.709677419354839
2e69c5c5,2e69c5c44,2020-11-21,13,{'JAM'},{'JAM_HEAVY_TRAFFIC'},30,{6},5.7
2e69c5c5,2e69c5c4c,2020-09-05,14,{'JAM'},{'JAM_STAND_STILL_TRAFFIC'},32,{6},5.9375
2e69c5c5,2e69c5c4c,2020-09-05,15,{'JAM'},{'JAM_HEAVY_TRAFFIC'},33,{6},6.393939393939394
2e69c5c5,2e69c5c4c,2020-09-11,10,{'JAM'},{'JAM_STAND_STILL_TRAFFIC'},33,{6},5.0
2e69c5c5,2e69c5c4c,2020-09-19,14,{'JAM'},{'JAM_HEAVY_TRAFFIC'},33,{6},5.0
2e69c5c5,2e69c5c4c,2020-09-19,16,{'JAM'},{'JAM_STAND_STILL_TRAFFIC'},30,{6},5.0
2e69c5c5,2e69c5c4c,2020-09-26,17,{'JAM'},{'JAM_HEAVY_TRAFFIC'},6,{6},5.0
2e69c5c5,2e69c5c4c,2020-10-02,9,{'JAM'},{'JAM_STAND_STILL_TRAFFIC'},30,{6},5.966666666666667
2e69c5c5,2e69c5c4c,2020-10-03,14,{'JAM'},{'JAM_STAND_STILL_TRAFFIC'},60,{6},5.266666666666667
2e69c5c5,2e69c5c4c,2020-10-03,15,{'JAM'},{'JAM_HEAVY_TRAFFIC'},31,{6},5.0
2e69c5c5,2e69c5c4c,2020-10-03,16,{'JAM'},{'JAM_HEAVY_TRAFFIC'},34,{6},5.0
2e69c5c5,2e69c5c4c,2020-10-04,15,{'JAM'},{'JAM_HEAVY_TRAFFIC'},32,{6},5.0
2e69c5c5,2e69c5c4c,2020-10-05,10,{'JAM'},{'JAM_HEAVY_TRAFFIC'},5,{6},5.0
2e69c5c5,2e69c5c4c,2020-10-10,13,{'JAM'},{'JAM'},30,{6},5.0
2e69c5c5,2e69c5c4c,2020-10-11,11,{'JAM'},{'JAM_STAND_STILL_TRAFFIC'},32,{6},5.0
2e69c5c5,2e69c5c4c,2020-10-12,17,{'JAM'},{'JAM_STAND_STILL_TRAFFIC'},33,{6},5.0
2e69c5c5,2e69c5c4c,2020-10-13,15,{'WEATHERHAZARD'},{'HAZARD_ON_SHOULDER_CAR_STOPPED'},30,{6},5.0
2e69c5c5,2e69c5c4c,2020-10-13,19,{'WEATHERHAZARD'},{'HAZARD_ON_SHOULDER_CAR_STOPPED'},37,{6},7.324324324324325
2e69c5c5,2e69c5c4c,2020-10-15,17,"{'JAM', 'WEATHERHAZARD'}","{'JAM_STAND_STILL_TRAFFIC', 'JAM_MODERATE_TRAFFIC', 'HAZARD_WEATHER_FOG'}",172,{6},6.133720930232558
2e69c5c5,2e69c5c4c,2020-10-17,14,{'JAM'},{'JAM_HEAVY_TRAFFIC'},30,{6},5.666666666666667
2e69c5c5,2e69c5c4c,2020-10-21,10,{'JAM'},{'JAM_HEAVY_TRAFFIC'},41,{6},5.2682926829268295
2e69c5c5,2e69c5c4c,2020-10-23,13,{'JAM'},{'JAM_STAND_STILL_TRAFFIC'},30,{6},5.0
2e69c5c5,2e69c5c4c,2020-10-24,15,{'JAM'},{'JAM_STAND_STILL_TRAFFIC'},46,{6},5.3478260869565215
2e69c5c5,2e69c5c4c,2020-10-25,12,{'JAM'},{'JAM_STAND_STILL_TRAFFIC'},32,{6},6.5
2e69c5c5,2e69c5c4c,2020-10-25,14,{'JAM'},{'JAM_STAND_STILL_TRAFFIC'},33,{6},5.454545454545454
2e69c5c5,2e69c5c4c,2020-10-25,21,{'WEATHERHAZARD'},"{'HAZARD_ON_SHOULDER_CAR_STOPPED', 'HAZARD_ON_ROAD_CAR_STOPPED'}",69,{6},5.246376811594203
2e69c5c5,2e69c5c4c,2020-10-27,17,{'JAM'},{'JAM_HEAVY_TRAFFIC'},31,{6},6.0
2e69c5c5,2e69c5c4c,2020-10-28,10,{'JAM'},{'JAM_MODERATE_TRAFFIC'},31,{6},5.0
2e69c5c5,2e69c5c4c,2020-10-29,9,{'JAM'},{'JAM_STAND_STILL_TRAFFIC'},21,{6},5.0
2e69c5c5,2e69c5c4c,2020-10-29,11,{'JAM'},"{'JAM_STAND_STILL_TRAFFIC', 'JAM_HEAVY_TRAFFIC'}",78,{6},5.756410256410256
2e69c5c5,2e69c5c4c,2020-10-29,12,{'JAM'},{'JAM_MODERATE_TRAFFIC'},31,{6},5.0
2e69c5c5,2e69c5c4c,2020-10-29,13,{'JAM'},{'JAM_HEAVY_TRAFFIC'},64,{6},5.359375
2e69c5c5,2e69c5c4c,2020-10-29,14,{'JAM'},{'JAM_STAND_STILL_TRAFFIC'},34,{6},5.0
2e69c5c5,2e69c5c4c,2020-10-30,13,{'JAM'},{'JAM_STAND_STILL_TRAFFIC'},32,{6},5.71875
2e69c5c5,2e69c5c4c,2020-10-30,14,{'JAM'},{'JAM_STAND_STILL_TRAFFIC'},48,{6},5.395833333333333
2e69c5c5,2e69c5c4c,2020-10-31,9,{'JAM'},{'JAM_STAND_STILL_TRAFFIC'},61,{6},5.0
2e69c5c5,2e69c5c4c,2020-10-31,12,{'JAM'},{'JAM_STAND_STILL_TRAFFIC'},65,{6},5.0
2e69c5c5,2e69c5c4c,2020-10-31,13,{'JAM'},{'JAM_STAND_STILL_TRAFFIC'},30,{6},5.0
2e69c5c5,2e69c5c4c,2020-10-31,18,{'WEATHERHAZARD'},{'HAZARD_ON_SHOULDER_CAR_STOPPED'},5,{6},5.8
2e69c5c5,2e69c5c4c,2020-11-01,10,{'JAM'},{'JAM_HEAVY_TRAFFIC'},32,{6},5.9375
2e69c5c5,2e69c5c4c,2020-11-01,11,{'JAM'},{'JAM_STAND_STILL_TRAFFIC'},63,{6},5.0
2e69c5c5,2e69c5c4c,2020-11-01,13,{'JAM'},{'JAM_STAND_STILL_TRAFFIC'},32,{6},5.78125
2e69c5c5,2e69c5c4c,2020-11-01,17,{'WEATHERHAZARD'},{'HAZARD_ON_SHOULDER_CAR_STOPPED'},15,{6},6.6
2e69c5c5,2e69c5c4c,2020-11-02,14,{'JAM'},"{'JAM', 'JAM_HEAVY_TRAFFIC'}",36,{6},5.0
2e69c5c5,2e69c5c4c,2020-11-06,13,{'JAM'},{'JAM_HEAVY_TRAFFIC'},31,{6},5.0
2e69c5c5,2e69c5c4c,2020-11-07,9,{'JAM'},{'JAM_HEAVY_TRAFFIC'},30,{6},5.0
2e69c5c5,2e69c5c4c,2020-11-07,11,{'JAM'},{'JAM_STAND_STILL_TRAFFIC'},32,{6},5.0
2e69c5c5,2e69c5c4c,2020-11-08,12,{'JAM'},{'JAM_HEAVY_TRAFFIC'},66,{6},5.0
2e69c5c5,2e69c5c4c,2020-11-08,13,{'JAM'},{'JAM'},33,{6},5.0
2e69c5c5,2e69c5c4c,2020-11-09,19,{'WEATHERHAZARD'},{'HAZARD_ON_SHOULDER_CAR_STOPPED'},13,{6},5.3076923076923075
2e69c5c5,2e69c5c4c,2020-11-10,19,{'WEATHERHAZARD'},{'HAZARD_ON_SHOULDER_CAR_STOPPED'},31,{6},5.870967741935484
2e69c5c5,2e69c5c4c,2020-11-11,16,{'JAM'},{'JAM_HEAVY_TRAFFIC'},31,{6},5.0
2e69c5c5,2e69c5c4c,2020-11-11,18,{'JAM'},{'JAM_STAND_STILL_TRAFFIC'},10,{6},6.2
2e69c5c5,2e69c5c4c,2020-11-11,19,"{'JAM', 'WEATHERHAZARD'}","{'HAZARD_ON_SHOULDER_CAR_STOPPED', 'JAM_STAND_STILL_TRAFFIC'}",15,{6},5.133333333333334
2e69c5c5,2e69c5c4c,2020-11-13,17,{'JAM'},{'JAM_HEAVY_TRAFFIC'},31,{6},5.774193548387097
2e69c5c5,2e69c5c4c,2020-11-14,10,{'JAM'},{'JAM_HEAVY_TRAFFIC'},31,{6},5.0
2e69c5c5,2e69c5c4c,2020-11-14,14,{'JAM'},{'JAM_STAND_STILL_TRAFFIC'},31,{6},5.0
2e69c5c5,2e69c5c4c,2020-11-15,11,{'JAM'},{'JAM_STAND_STILL_TRAFFIC'},30,{6},5.833333333333333
2e69c5c5,2e69c5c4c,2020-11-15,14,{'JAM'},{'JAM_STAND_STILL_TRAFFIC'},33,{6},5.454545454545454
2e69c5c5,2e69c5c4c,2020-11-18,13,{'JAM'},{'JAM_HEAVY_TRAFFIC'},19,{6},5.0
2e69c5c5,2e69c5c4c,2020-11-19,9,{'WEATHERHAZARD'},{'HAZARD_ON_SHOULDER_CAR_STOPPED'},30,{6},5.0
2e69c5c5,2e69c5c4c,2020-11-20,20,{'WEATHERHAZARD'},{'HAZARD_ON_SHOULDER_CAR_STOPPED'},12,{6},7.0
2e69c5c5,2e69c5c4c,2020-11-21,11,{'JAM'},{'JAM_STAND_STILL_TRAFFIC'},91,{6},5.0
2e69c5c5,2e69c5c4c,2020-11-21,13,{'JAM'},{'JAM_STAND_STILL_TRAFFIC'},31,{6},5.838709677419355
2e69c5c5,2e69c5c4c,2020-11-22,13,{'JAM'},{'JAM_HEAVY_TRAFFIC'},30,{6},5.0
2e69c5c5,2e69c5c54,2020-09-05,14,{'JAM'},{'JAM_HEAVY_TRAFFIC'},35,{6},5.485714285714286
2e69c5c5,2e69c5c54,2020-09-29,8,{'WEATHERHAZARD'},{'HAZARD_ON_ROAD_CAR_STOPPED'},13,{6},6.0
2e69c5c5,2e69c5c54,2020-10-07,13,{'JAM'},{'JAM_MODERATE_TRAFFIC'},10,{6},5.0
2e69c5c5,2e69c5c54,2020-10-15,17,{'JAM'},{'JAM_STAND_STILL_TRAFFIC'},30,{6},5.0
2e69c5c5,2e69c5c54,2020-10-21,10,{'JAM'},{'JAM_MODERATE_TRAFFIC'},38,{6},5.868421052631579
2e69c5c5,2e69c5c54,2020-10-24,11,{'JAM'},{'JAM'},30,{1},5.0
2e69c5c5,2e69c5c54,2020-10-29,13,{'JAM'},"{'JAM_STAND_STILL_TRAFFIC', 'JAM_HEAVY_TRAFFIC'}",96,{6},5.333333333333333
2e69c5c5,2e69c5c54,2020-10-30,14,{'WEATHERHAZARD'},{'HAZARD_ON_SHOULDER_ANIMALS'},4,{6},5.5
2e69c5c5,2e69c5c54,2020-11-05,19,{'JAM'},{'JAM_STAND_STILL_TRAFFIC'},32,{6},5.0
2e69c5c5,2e69c5c54,2020-11-11,18,{'JAM'},{'JAM_STAND_STILL_TRAFFIC'},102,{6},5.833333333333333
2e69c5c5,2e69c5c54,2020-11-15,12,{'JAM'},{'JAM_MODERATE_TRAFFIC'},31,{6},5.0
2e69c5c5,2e69c5c54,2020-11-21,11,{'JAM'},{'JAM_STAND_STILL_TRAFFIC'},30,{6},5.0
2e69c5c5,2e69c5c54,2020-11-22,12,{'JAM'},{'JAM_STAND_STILL_TRAFFIC'},33,{6},6.363636363636363
2e69c5c7,2e69c5c74,2020-10-03,22,{'JAM'},{'JAM'},14,{6},5.0
2e69c5c7,2e69c5c74,2020-10-07,13,{'JAM'},{'JAM_STAND_STILL_TRAFFIC'},28,{6},5.0
2e69c5c7,2e69c5c74,2020-10-08,13,{'JAM'},{'JAM_STAND_STILL_TRAFFIC'},49,{6},6.6938775510204085
2e69c5c7,2e69c5c74,2020-10-08,14,{'JAM'},{'JAM'},32,{20},6.0
2e69c5c7,2e69c5c74,2020-10-10,15,{'WEATHERHAZARD'},{'WEATHERHAZARD'},19,{6},6.631578947368421
2e69c5c7,2e69c5c74,2020-10-14,15,{'WEATHERHAZARD'},{'HAZARD_ON_SHOULDER'},18,{6},6.611111111111111
2e69c5c7,2e69c5c74,2020-10-20,10,{'JAM'},{'JAM_HEAVY_TRAFFIC'},32,{2},5.625
2e69c5c7,2e69c5c74,2020-10-20,11,{'JAM'},{'JAM_HEAVY_TRAFFIC'},30,{6},5.0
2e69c5c7,2e69c5c74,2020-10-20,13,{'JAM'},{'JAM_STAND_STILL_TRAFFIC'},58,{6},5.793103448275862
2e69c5c7,2e69c5c74,2020-10-20,15,{'JAM'},{'JAM_STAND_STILL_TRAFFIC'},70,"{20, 6}",5.642857142857143
2e69c5c7,2e69c5c74,2020-10-20,16,{'JAM'},{'JAM_STAND_STILL_TRAFFIC'},32,{20},6.8125
2e69c5c7,2e69c5c74,2020-10-20,17,{'JAM'},"{'JAM_MODERATE_TRAFFIC', 'JAM_HEAVY_TRAFFIC'}",79,"{2, 6}",6.329113924050633
2e69c5c7,2e69c5c74,2020-10-21,11,{'JAM'},"{'JAM_STAND_STILL_TRAFFIC', 'JAM_HEAVY_TRAFFIC'}",60,{6},5.0
2e69c5c7,2e69c5c74,2020-10-31,18,{'WEATHERHAZARD'},{'HAZARD_ON_SHOULDER'},12,{6},7.083333333333333
2e69c5c7,2e69c5c74,2020-11-02,13,{'WEATHERHAZARD'},{'HAZARD_ON_ROAD_OBJECT'},73,{6},6.698630136986301
2e69c5c7,2e69c5c74,2020-11-05,11,{'JAM'},{'JAM_STAND_STILL_TRAFFIC'},30,{6},5.0
2e69c5c7,2e69c5c74,2020-11-05,17,{'JAM'},{'JAM_HEAVY_TRAFFIC'},13,{6},5.0
2e69c5c7,2e69c5c74,2020-11-09,19,{'WEATHERHAZARD'},{'HAZARD_ON_SHOULDER_CAR_STOPPED'},31,{2},5.0
2e69c5c7,2e69c5c74,2020-11-13,19,{'WEATHERHAZARD'},{'HAZARD_ON_SHOULDER_CAR_STOPPED'},30,{2},5.0
2e69c5c7,2e69c5c7c,2020-10-08,13,{'JAM'},{'JAM_STAND_STILL_TRAFFIC'},17,{6},10.0
2e69c5c7,2e69c5c7c,2020-10-08,14,{'JAM'},{'JAM_HEAVY_TRAFFIC'},35,{6},5.0
2e69c5c7,2e69c5c7c,2020-10-20,17,{'JAM'},{'JAM_STAND_STILL_TRAFFIC'},45,{6},7.0
2e69c5c7,2e69c5c7c,2020-10-20,19,{'JAM'},{'JAM_HEAVY_TRAFFIC'},37,{6},5.0
2e69c5c7,2e69c5c7c,2020-10-27,15,{'JAM'},{'JAM_HEAVY_TRAFFIC'},30,{6},5.433333333333334
2e69c5c7,2e69c5c7c,2020-11-02,13,{'JAM'},{'JAM_MODERATE_TRAFFIC'},37,{6},5.0
2e69c5c7,2e69c5c7c,2020-11-05,11,{'JAM'},{'JAM_MODERATE_TRAFFIC'},31,{6},5.0
2e69c5c7,2e69c5c7c,2020-11-05,17,{'JAM'},"{'JAM_STAND_STILL_TRAFFIC', 'JAM_HEAVY_TRAFFIC'}",60,{6},5.716666666666667
2e69c5c7,2e69c5c7c,2020-11-07,10,{'JAM'},{'JAM_MODERATE_TRAFFIC'},30,{6},5.0
2e69c5c9,2e69c5c84,2020-10-07,14,{'JAM'},{'JAM_HEAVY_TRAFFIC'},30,{6},5.0
2e69c5c9,2e69c5c84,2020-10-08,13,{'JAM'},{'JAM_STAND_STILL_TRAFFIC'},31,{6},5.0
2e69c5c9,2e69c5c84,2020-10-08,14,{'JAM'},{'JAM_STAND_STILL_TRAFFIC'},33,{6},5.0
2e69c5c9,2e69c5c84,2020-10-08,18,{'JAM'},{'JAM_STAND_STILL_TRAFFIC'},20,{6},5.25
2e69c5c9,2e69c5c84,2020-10-20,9,{'JAM'},{'JAM_HEAVY_TRAFFIC'},40,{6},5.375
2e69c5c9,2e69c5c84,2020-11-05,16,{'JAM'},{'JAM_HEAVY_TRAFFIC'},48,{6},5.354166666666667
2e69c5c9,2e69c5c84,2020-11-05,18,{'JAM'},{'JAM_HEAVY_TRAFFIC'},14,{6},5.0
2e69c5c9,2e69c5c94,2020-10-01,9,{'JAM'},{'JAM_HEAVY_TRAFFIC'},30,{6},5.0
2e69c5c9,2e69c5c94,2020-10-11,14,{'JAM'},{'JAM_MODERATE_TRAFFIC'},9,{6},5.0
2e69c5c9,2e69c5c94,2020-10-13,16,{'JAM'},{'JAM_STAND_STILL_TRAFFIC'},20,{6},5.0
2e69c5c9,2e69c5c94,2020-10-18,14,{'JAM'},{'JAM_STAND_STILL_TRAFFIC'},30,{6},5.0
2e69c5c9,2e69c5c94,2020-10-24,16,{'JAM'},{'JAM_STAND_STILL_TRAFFIC'},30,{6},6.466666666666667
2e69c5c9,2e69c5c94,2020-10-25,10,{'JAM'},{'JAM_MODERATE_TRAFFIC'},30,{6},5.0
2e69c5c9,2e69c5c94,2020-10-25,14,{'JAM'},{'JAM_STAND_STILL_TRAFFIC'},30,{6},5.0
2e69c5c9,2e69c5c94,2020-10-28,13,{'JAM'},{'JAM_HEAVY_TRAFFIC'},40,{6},5.4
2e69c5c9,2e69c5c94,2020-10-28,16,{'JAM'},{'JAM_STAND_STILL_TRAFFIC'},33,{6},5.0
2e69c5c9,2e69c5c94,2020-11-05,18,{'JAM'},{'JAM_STAND_STILL_TRAFFIC'},29,{6},6.620689655172414
2e69c5c9,2e69c5c94,2020-11-07,17,{'JAM'},{'JAM_HEAVY_TRAFFIC'},31,{6},5.903225806451613
2e69c5c9,2e69c5c94,2020-11-10,17,{'JAM'},{'JAM_HEAVY_TRAFFIC'},23,{6},5.0
2e69c5c9,2e69c5c94,2020-11-11,18,{'JAM'},{'JAM_STAND_STILL_TRAFFIC'},19,{6},5.0
2e69c5c9,2e69c5c94,2020-11-14,10,{'JAM'},{'JAM'},30,{6},5.0
2e69c5c9,2e69c5c94,2020-11-14,16,{'JAM'},{'JAM_HEAVY_TRAFFIC'},30,{6},5.0
2e69c5c9,2e69c5c94,2020-11-19,9,{'WEATHERHAZARD'},{'HAZARD_ON_ROAD_CAR_STOPPED'},30,{6},5.833333333333333
2e69c5c9,2e69c5c94,2020-11-20,10,{'JAM'},{'JAM_STAND_STILL_TRAFFIC'},30,{6},5.0
2e69c5c9,2e69c5c94,2020-11-21,13,{'JAM'},{'JAM_HEAVY_TRAFFIC'},31,{6},5.903225806451613
2e69c5c9,2e69c5c9c,2020-10-08,12,{'JAM'},{'JAM_STAND_STILL_TRAFFIC'},30,{6},5.966666666666667
2e69c5c9,2e69c5c9c,2020-10-08,13,{'JAM'},{'JAM_HEAVY_TRAFFIC'},31,{6},5.0
2e69c5c9,2e69c5c9c,2020-10-08,14,{'JAM'},{'JAM_STAND_STILL_TRAFFIC'},93,"{1, 6}",5.333333333333333
2e69c5c9,2e69c5c9c,2020-10-08,15,"{'JAM', 'WEATHERHAZARD'}","{'HAZARD_ON_ROAD_OBJECT', 'JAM_STAND_STILL_TRAFFIC'}",71,{6},5.619718309859155
2e69c5c9,2e69c5c9c,2020-10-11,14,{'JAM'},{'JAM_MODERATE_TRAFFIC'},10,{6},5.0
2e69c5c9,2e69c5c9c,2020-10-12,17,{'JAM'},{'JAM'},32,{7},5.0
2e69c5c9,2e69c5c9c,2020-10-20,9,{'JAM'},{'JAM_STAND_STILL_TRAFFIC'},38,{6},5.394736842105263
2e69c5c9,2e69c5c9c,2020-10-20,19,{'JAM'},"{'JAM_STAND_STILL_TRAFFIC', 'JAM_HEAVY_TRAFFIC'}",75,"{6, 7}",5.2
2e69c5c9,2e69c5c9c,2020-10-28,16,{'JAM'},{'JAM_HEAVY_TRAFFIC'},27,{6},5.888888888888889
2e69c5c9,2e69c5c9c,2020-11-05,17,{'JAM'},{'JAM_STAND_STILL_TRAFFIC'},31,{20},5.0
2e69c5c9,2e69c5c9c,2020-11-05,18,{'JAM'},{'JAM_STAND_STILL_TRAFFIC'},53,{6},5.0
2e69c5c9,2e69c5c9c,2020-11-06,11,{'JAM'},{'JAM'},33,{20},5.0
2e69c5c9,2e69c5c9c,2020-11-13,9,{'JAM'},{'JAM'},5,{7},5.0
2e69c5cb,2e69c5ca4,2020-09-07,19,{'WEATHERHAZARD'},{'HAZARD_ON_SHOULDER_CAR_STOPPED'},30,{7},5.0
2e69c5cb,2e69c5ca4,2020-10-17,14,{'JAM'},{'JAM_STAND_STILL_TRAFFIC'},33,{7},5.636363636363637
2e69c5cb,2e69c5ca4,2020-10-20,16,{'JAM'},{'JAM_STAND_STILL_TRAFFIC'},30,{1},5.0
2e69c5cb,2e69c5ca4,2020-11-19,13,{'JAM'},{'JAM_HEAVY_TRAFFIC'},17,{7},5.0
2e69c5cb,2e69c5ca4,2020-11-21,16,{'JAM'},{'JAM_HEAVY_TRAFFIC'},33,{7},5.0
2e69c5cb,2e69c5cac,2020-09-12,18,{'JAM'},{'JAM_MODERATE_TRAFFIC'},34,{7},5.0
2e69c5cb,2e69c5cac,2020-10-04,10,{'JAM'},{'JAM'},32,{1},5.0
2e69c5cb,2e69c5cac,2020-10-07,14,{'JAM'},{'JAM_HEAVY_TRAFFIC'},39,{1},5.461538461538462
2e69c5cb,2e69c5cac,2020-10-08,9,{'WEATHERHAZARD'},{'HAZARD_ON_SHOULDER_CAR_STOPPED'},30,{7},5.0
2e69c5cb,2e69c5cac,2020-10-10,10,{'WEATHERHAZARD'},{'HAZARD_ON_SHOULDER_CAR_STOPPED'},42,{1},5.380952380952381
2e69c5cb,2e69c5cac,2020-10-17,14,{'JAM'},{'JAM_STAND_STILL_TRAFFIC'},31,{7},6.0
2e69c5cb,2e69c5cac,2020-10-18,12,{'JAM'},{'JAM_HEAVY_TRAFFIC'},31,{7},5.0
2e69c5cb,2e69c5cac,2020-10-24,14,{'JAM'},{'JAM_STAND_STILL_TRAFFIC'},33,{7},5.7272727272727275
2e69c5cb,2e69c5cac,2020-10-26,14,{'JAM'},{'JAM_STAND_STILL_TRAFFIC'},33,{7},5.0
2e69c5cb,2e69c5cac,2020-10-26,15,{'JAM'},{'JAM_MODERATE_TRAFFIC'},32,{7},5.0
2e69c5cb,2e69c5cac,2020-10-27,9,{'WEATHERHAZARD'},{'HAZARD_ON_SHOULDER_CAR_STOPPED'},30,{7},5.0
2e69c5cb,2e69c5cac,2020-10-29,11,{'JAM'},{'JAM_MODERATE_TRAFFIC'},7,{1},5.0
2e69c5cb,2e69c5cac,2020-11-05,18,{'JAM'},{'JAM_STAND_STILL_TRAFFIC'},30,{7},5.0
2e69c5cb,2e69c5cac,2020-11-13,9,{'JAM'},{'JAM'},31,{7},5.0
2e69c5cb,2e69c5cb4,2020-09-26,15,{'ACCIDENT'},{'ACCIDENT'},123,{1},5.0
2e69c5cb,2e69c5cb4,2020-11-21,9,{'JAM'},{'JAM_MODERATE_TRAFFIC'},33,{1},5.0
2e69c5cd,2e69c5cc4,2020-10-13,13,{'JAM'},{'JAM_STAND_STILL_TRAFFIC'},9,{2},5.0
2e69c5cd,2e69c5cc4,2020-11-01,16,{'WEATHERHAZARD'},{'HAZARD_ON_SHOULDER_CAR_STOPPED'},33,{2},5.484848484848484
2e69c5cd,2e69c5ccc,2020-10-13,19,{'WEATHERHAZARD'},{'HAZARD_ON_SHOULDER_CAR_STOPPED'},33,{2},5.0
2e69c5cd,2e69c5cd4,2020-09-06,13,{'WEATHERHAZARD'},{'HAZARD_ON_SHOULDER_MISSING_SIGN'},31,{2},5.709677419354839
2e69c5cd,2e69c5cd4,2020-09-11,15,{'JAM'},{'JAM_MODERATE_TRAFFIC'},31,{6},5.0
2e69c5cd,2e69c5cd4,2020-09-24,16,{'JAM'},{'JAM_STAND_STILL_TRAFFIC'},30,{6},5.0
2e69c5cd,2e69c5cd4,2020-10-02,13,{'JAM'},{'JAM_STAND_STILL_TRAFFIC'},30,{6},5.0
2e69c5cd,2e69c5cd4,2020-10-03,12,{'JAM'},{'JAM_HEAVY_TRAFFIC'},31,{6},5.0
2e69c5cd,2e69c5cd4,2020-10-03,17,{'JAM'},{'JAM_STAND_STILL_TRAFFIC'},31,{6},5.0
2e69c5cd,2e69c5cd4,2020-10-09,19,{'WEATHERHAZARD'},{'HAZARD_ON_ROAD_TRAFFIC_LIGHT_FAULT'},33,{6},5.0
2e69c5cd,2e69c5cd4,2020-10-24,12,{'JAM'},{'JAM_HEAVY_TRAFFIC'},30,{6},5.0
2e69c5cd,2e69c5cd4,2020-10-24,16,{'JAM'},{'JAM_STAND_STILL_TRAFFIC'},32,{6},5.0
2e69c5cd,2e69c5cd4,2020-10-27,15,{'JAM'},{'JAM_HEAVY_TRAFFIC'},31,{6},5.0
2e69c5cd,2e69c5cd4,2020-10-29,15,{'WEATHERHAZARD'},{'HAZARD_WEATHER'},13,{2},6.538461538461538
2e69c5cd,2e69c5cd4,2020-10-29,17,{'JAM'},{'JAM_STAND_STILL_TRAFFIC'},34,{6},5.0
2e69c5cd,2e69c5cd4,2020-10-31,14,{'JAM'},{'JAM'},30,{6},5.0
2e69c5cd,2e69c5cd4,2020-10-31,18,{'JAM'},{'JAM'},33,{6},5.0
2e69c5cd,2e69c5cd4,2020-10-31,20,{'WEATHERHAZARD'},{'HAZARD_ON_SHOULDER_CAR_STOPPED'},31,{2},5.935483870967742
2e69c5cd,2e69c5cd4,2020-11-02,13,{'JAM'},{'JAM_HEAVY_TRAFFIC'},13,{6},5.0
2e69c5cd,2e69c5cd4,2020-11-03,11,{'JAM'},{'JAM_HEAVY_TRAFFIC'},31,{6},5.0
2e69c5cd,2e69c5cd4,2020-11-05,18,{'JAM'},{'JAM_MODERATE_TRAFFIC'},31,{6},5.709677419354839
2e69c5cd,2e69c5cd4,2020-11-18,8,{'JAM'},{'JAM_MODERATE_TRAFFIC'},18,{6},5.0
2e69c5cd,2e69c5cd4,2020-11-18,14,{'JAM'},{'JAM_STAND_STILL_TRAFFIC'},31,{2},5.0
2e69c5cd,2e69c5cd4,2020-11-18,17,{'JAM'},{'JAM_MODERATE_TRAFFIC'},10,{6},5.0
2e69c5cd,2e69c5cd4,2020-11-21,11,{'JAM'},{'JAM_MODERATE_TRAFFIC'},31,{6},5.0
2e69c5cd,2e69c5cd4,2020-11-21,13,{'JAM'},{'JAM_MODERATE_TRAFFIC'},34,{6},5.470588235294118
2e69c5cd,2e69c5cdc,2020-09-01,11,{'JAM'},{'JAM_MODERATE_TRAFFIC'},22,{6},5.0
2e69c5cd,2e69c5cdc,2020-09-16,17,{'WEATHERHAZARD'},{'HAZARD_ON_SHOULDER_CAR_STOPPED'},22,{2},5.045454545454546
2e69c5cd,2e69c5cdc,2020-10-02,17,{'JAM'},{'JAM_HEAVY_TRAFFIC'},7,{2},5.0
2e69c5cd,2e69c5cdc,2020-10-03,14,{'JAM'},{'JAM'},30,{6},5.0
2e69c5cd,2e69c5cdc,2020-10-13,19,{'WEATHERHAZARD'},{'HAZARD_ON_SHOULDER_CAR_STOPPED'},32,{1},5.0
2e69c5cd,2e69c5cdc,2020-10-20,15,{'JAM'},{'JAM_STAND_STILL_TRAFFIC'},33,{6},5.0
2e69c5cd,2e69c5cdc,2020-10-24,14,{'JAM'},{'JAM_HEAVY_TRAFFIC'},30,{6},6.0
2e69c5cd,2e69c5cdc,2020-10-24,16,{'JAM'},{'JAM_STAND_STILL_TRAFFIC'},31,{6},5.0
2e69c5cd,2e69c5cdc,2020-10-25,12,{'JAM'},{'JAM_STAND_STILL_TRAFFIC'},31,{6},5.0
2e69c5cd,2e69c5cdc,2020-10-25,21,{'WEATHERHAZARD'},{'HAZARD_ON_SHOULDER_CAR_STOPPED'},35,{1},5.685714285714286
2e69c5cd,2e69c5cdc,2020-10-31,12,{'JAM'},{'JAM_STAND_STILL_TRAFFIC'},30,{6},5.0
2e69c5cd,2e69c5cdc,2020-10-31,20,{'WEATHERHAZARD'},{'HAZARD_ON_SHOULDER_CAR_STOPPED'},32,{2},5.0
2e69c5cd,2e69c5cdc,2020-11-01,16,{'WEATHERHAZARD'},{'HAZARD_ON_SHOULDER_CAR_STOPPED'},94,{1},5.287234042553192
2e69c5cd,2e69c5cdc,2020-11-02,13,{'JAM'},{'JAM_HEAVY_TRAFFIC'},11,{6},5.0
2e69c5cd,2e69c5cdc,2020-11-21,22,{'JAM'},{'JAM_STAND_STILL_TRAFFIC'},23,{6},5.739130434782608
2e69c5cf,2e69c5ce4,2020-09-13,14,{'JAM'},{'JAM_MODERATE_TRAFFIC'},3,{6},5.0
2e69c5cf,2e69c5ce4,2020-10-03,15,{'JAM'},{'JAM_HEAVY_TRAFFIC'},31,{2},5.838709677419355
2e69c5cf,2e69c5ce4,2020-10-06,10,{'WEATHERHAZARD'},{'HAZARD_ON_SHOULDER_CAR_STOPPED'},32,{6},5.0
2e69c5cf,2e69c5ce4,2020-10-13,7,{'JAM'},{'JAM_HEAVY_TRAFFIC'},30,{6},5.0
2e69c5cf,2e69c5ce4,2020-10-25,14,{'JAM'},{'JAM_HEAVY_TRAFFIC'},30,{6},5.0
2e69c5cf,2e69c5ce4,2020-10-25,21,{'WEATHERHAZARD'},{'HAZARD_ON_SHOULDER_CAR_STOPPED'},34,{6},5.0
2e69c5cf,2e69c5ce4,2020-11-05,17,{'JAM'},{'JAM_STAND_STILL_TRAFFIC'},96,"{1, 6}",5.28125
2e69c5cf,2e69c5ce4,2020-11-05,18,"{'JAM', 'WEATHERHAZARD'}","{'HAZARD_ON_SHOULDER_CAR_STOPPED', 'JAM_STAND_STILL_TRAFFIC'}",61,{6},5.377049180327869
2e69c5cf,2e69c5ce4,2020-11-06,10,{'JAM'},{'JAM_HEAVY_TRAFFIC'},32,{1},5.0
2e69c5cf,2e69c5ce4,2020-11-11,18,{'JAM'},{'JAM_STAND_STILL_TRAFFIC'},39,{6},5.769230769230769
2e69c5cf,2e69c5ce4,2020-11-18,12,{'JAM'},{'JAM_MODERATE_TRAFFIC'},7,{6},5.0
2e69c5cf,2e69c5ce4,2020-11-18,20,{'JAM'},{'JAM_MODERATE_TRAFFIC'},30,{2},5.0
2e69c5cf,2e69c5cec,2020-09-29,16,{'JAM'},{'JAM_MODERATE_TRAFFIC'},5,{6},5.0
2e69c5cf,2e69c5cec,2020-10-18,14,{'JAM'},{'JAM_STAND_STILL_TRAFFIC'},31,{6},5.967741935483871
2e69c5cf,2e69c5cec,2020-10-31,15,{'JAM'},{'JAM_STAND_STILL_TRAFFIC'},71,{6},5.0
2e69c5cf,2e69c5cec,2020-11-05,18,{'JAM'},{'JAM_STAND_STILL_TRAFFIC'},1,{6},5.0
2e69c5cf,2e69c5cec,2020-11-10,17,{'WEATHERHAZARD'},{'HAZARD_ON_ROAD_CONSTRUCTION'},191,{6},8.507853403141361
2e69c5cf,2e69c5cec,2020-11-11,18,{'JAM'},{'JAM_HEAVY_TRAFFIC'},31,{6},5.0
2e69c5cf,2e69c5cec,2020-11-14,13,{'JAM'},{'JAM_HEAVY_TRAFFIC'},31,{6},5.0
2e69c5cf,2e69c5cec,2020-11-20,10,{'WEATHERHAZARD'},{'HAZARD_ON_ROAD_CONSTRUCTION'},93,{6},6.462365591397849
2e69c5cf,2e69c5cfc,2020-09-06,14,{'JAM'},{'JAM'},22,{6},5.0
2e69c5cf,2e69c5cfc,2020-09-30,16,{'WEATHERHAZARD'},{'WEATHERHAZARD'},31,{6},5.0
2e69c5cf,2e69c5cfc,2020-10-02,16,{'WEATHERHAZARD'},{'HAZARD_ON_SHOULDER'},31,{6},6.645161290322581
2e69c5cf,2e69c5cfc,2020-10-05,16,{'JAM'},{'JAM_STAND_STILL_TRAFFIC'},30,{6},5.766666666666667
2e69c5cf,2e69c5cfc,2020-10-13,19,{'WEATHERHAZARD'},{'HAZARD_ON_SHOULDER_CAR_STOPPED'},17,{6},6.647058823529412
2e69c5cf,2e69c5cfc,2020-10-14,17,{'WEATHERHAZARD'},{'HAZARD_ON_SHOULDER_CAR_STOPPED'},29,{6},7.344827586206897
2e69c5cf,2e69c5cfc,2020-10-26,10,{'JAM'},{'JAM_MODERATE_TRAFFIC'},30,{6},5.0
2e69c5cf,2e69c5cfc,2020-10-29,12,{'JAM'},{'JAM_HEAVY_TRAFFIC'},30,{6},5.0
2e69c5cf,2e69c5cfc,2020-10-29,15,{'JAM'},{'JAM_STAND_STILL_TRAFFIC'},29,{6},5.896551724137931
2e69c5cf,2e69c5cfc,2020-10-30,14,{'JAM'},{'JAM_MODERATE_TRAFFIC'},29,{6},7.0
2e69c5cf,2e69c5cfc,2020-10-31,18,{'WEATHERHAZARD'},{'HAZARD_ON_ROAD_CAR_STOPPED'},30,{1},5.0
2e69c5cf,2e69c5cfc,2020-11-01,17,{'WEATHERHAZARD'},{'HAZARD_ON_SHOULDER_CAR_STOPPED'},28,{6},5.535714285714286
2e69c5cf,2e69c5cfc,2020-11-02,14,{'JAM'},{'JAM_HEAVY_TRAFFIC'},9,{6},5.0
2e69c5cf,2e69c5cfc,2020-11-05,18,{'JAM'},{'JAM_STAND_STILL_TRAFFIC'},64,{6},5.921875
2e69c5cf,2e69c5cfc,2020-11-06,7,{'JAM'},{'JAM_MODERATE_TRAFFIC'},30,{6},5.5
2e69c5cf,2e69c5cfc,2020-11-11,9,{'WEATHERHAZARD'},{'HAZARD_ON_SHOULDER_CAR_STOPPED'},33,{6},5.7272727272727275
2e69c5cf,2e69c5cfc,2020-11-11,17,{'JAM'},{'JAM_HEAVY_TRAFFIC'},5,{6},5.6
2e69c5cf,2e69c5cfc,2020-11-11,18,{'JAM'},"{'JAM_STAND_STILL_TRAFFIC', 'JAM_HEAVY_TRAFFIC'}",100,{6},5.53
2e69c5cf,2e69c5cfc,2020-11-14,14,{'JAM'},{'JAM_STAND_STILL_TRAFFIC'},30,{6},5.0
2e69c5cf,2e69c5cfc,2020-11-16,8,{'JAM'},{'JAM_MODERATE_TRAFFIC'},42,{6},5.428571428571429
2e69c5cf,2e69c5cfc,2020-11-18,20,{'JAM'},{'JAM_MODERATE_TRAFFIC'},29,{6},5.0
2e69c5cf,2e69c5cfc,2020-11-19,3,{'JAM'},{'JAM_MODERATE_TRAFFIC'},31,{6},5.0
2e69c5cf,2e69c5cfc,2020-11-21,13,{'JAM'},"{'JAM', 'JAM_STAND_STILL_TRAFFIC'}",62,{6},5.274193548387097
2e69c5cf,2e69c5cfc,2020-11-22,12,{'JAM'},{'JAM_STAND_STILL_TRAFFIC'},32,{6},7.40625
2e69c5d1,2e69c5d0c,2020-09-16,17,{'WEATHERHAZARD'},{'HAZARD_ON_SHOULDER_CAR_STOPPED'},25,{1},5.0
2e69c5d1,2e69c5d0c,2020-10-09,15,{'JAM'},{'JAM'},36,{1},5.0
2e69c5d1,2e69c5d14,2020-10-13,15,{'WEATHERHAZARD'},{'HAZARD_ON_SHOULDER_CAR_STOPPED'},31,{1},5.0
2e69c5d1,2e69c5d14,2020-11-07,10,{'WEATHERHAZARD'},{'HAZARD_ON_SHOULDER_CAR_STOPPED'},62,{1},5.0
2e69c5d3,2e69c5d24,2020-10-30,16,{'JAM'},{'JAM_HEAVY_TRAFFIC'},21,{2},5.904761904761905
2e69c5d3,2e69c5d24,2020-10-31,20,{'WEATHERHAZARD'},{'HAZARD_ON_SHOULDER_CAR_STOPPED'},27,{2},5.518518518518518
2e69c5d3,2e69c5d24,2020-11-03,19,{'JAM'},{'JAM_STAND_STILL_TRAFFIC'},32,{2},5.0
2e69c5d3,2e69c5d3c,2020-11-07,10,{'JAM'},{'JAM_MODERATE_TRAFFIC'},23,{2},5.0
2e69c5d5,2e69c5d54,2020-09-11,19,{'WEATHERHAZARD'},{'HAZARD_ON_SHOULDER_CAR_STOPPED'},32,{2},5.0
2e69c5d5,2e69c5d54,2020-09-14,16,{'WEATHERHAZARD'},{'HAZARD_ON_SHOULDER_CAR_STOPPED'},8,{2},5.125
2e69c5d5,2e69c5d54,2020-09-19,11,{'WEATHERHAZARD'},{'HAZARD_WEATHER_HEAVY_SNOW'},30,{2},5.0
2e69c5d5,2e69c5d54,2020-09-24,16,{'WEATHERHAZARD'},{'HAZARD_ON_SHOULDER_CAR_STOPPED'},29,{2},6.0
2e69c5d5,2e69c5d54,2020-10-21,16,{'WEATHERHAZARD'},{'HAZARD_ON_SHOULDER_CAR_STOPPED'},31,{2},5.0
2e69c5d5,2e69c5d54,2020-10-31,13,{'WEATHERHAZARD'},{'HAZARD_WEATHER_HAIL'},37,{2},6.27027027027027
2e69c5d5,2e69c5d54,2020-10-31,15,{'JAM'},{'JAM_HEAVY_TRAFFIC'},31,{2},5.0
2e69c5d5,2e69c5d54,2020-11-07,16,{'JAM'},{'JAM_HEAVY_TRAFFIC'},31,{2},5.0
2e69c5d5,2e69c5d5c,2020-09-03,20,{'WEATHERHAZARD'},{'HAZARD_ON_SHOULDER_CAR_STOPPED'},30,{2},5.0
2e69c5d5,2e69c5d5c,2020-09-04,20,{'WEATHERHAZARD'},{'HAZARD_ON_SHOULDER_CAR_STOPPED'},30,{2},5.0
2e69c5d5,2e69c5d5c,2020-09-08,19,{'WEATHERHAZARD'},{'HAZARD_ON_SHOULDER_CAR_STOPPED'},32,{2},5.0
2e69c5d5,2e69c5d5c,2020-09-09,19,{'WEATHERHAZARD'},{'HAZARD_ON_SHOULDER_CAR_STOPPED'},31,{2},5.0
2e69c5d5,2e69c5d5c,2020-09-10,19,{'WEATHERHAZARD'},{'HAZARD_ON_SHOULDER_CAR_STOPPED'},31,{2},5.967741935483871
2e69c5d5,2e69c5d5c,2020-09-11,19,{'WEATHERHAZARD'},{'HAZARD_ON_SHOULDER_CAR_STOPPED'},30,{2},5.0
2e69c5d5,2e69c5d5c,2020-09-24,16,{'WEATHERHAZARD'},{'HAZARD_ON_SHOULDER_CAR_STOPPED'},1,{2},5.0
2e69c5d5,2e69c5d5c,2020-10-06,16,{'WEATHERHAZARD'},{'HAZARD_ON_SHOULDER_CAR_STOPPED'},30,{2},5.0
2e69c5d5,2e69c5d5c,2020-10-07,15,{'JAM'},{'JAM_MODERATE_TRAFFIC'},32,{2},5.0
2e69c5d5,2e69c5d5c,2020-10-24,16,{'JAM'},{'JAM_HEAVY_TRAFFIC'},30,{2},5.0
2e69c5d5,2e69c5d5c,2020-10-24,17,{'JAM'},{'JAM_MODERATE_TRAFFIC'},6,{2},5.0
2e69c5d5,2e69c5d5c,2020-10-25,13,{'JAM'},{'JAM_STAND_STILL_TRAFFIC'},29,{2},5.0
2e69c5d5,2e69c5d5c,2020-10-25,14,{'JAM'},"{'JAM_STAND_STILL_TRAFFIC', 'JAM_HEAVY_TRAFFIC'}",80,{2},5.0
2e69c5d5,2e69c5d5c,2020-10-25,16,{'JAM'},{'JAM_STAND_STILL_TRAFFIC'},32,{2},5.0
2e69c5d5,2e69c5d5c,2020-10-29,12,{'JAM'},{'JAM_HEAVY_TRAFFIC'},31,{2},5.0
2e69c5d5,2e69c5d5c,2020-10-29,14,{'JAM'},{'JAM_STAND_STILL_TRAFFIC'},42,{2},6.714285714285714
2e69c5d5,2e69c5d5c,2020-10-30,16,{'WEATHERHAZARD'},{'WEATHERHAZARD'},20,{2},8.75
2e69c5d5,2e69c5d5c,2020-10-31,12,{'JAM'},"{'JAM', 'JAM_MODERATE_TRAFFIC'}",60,{2},5.0
2e69c5d5,2e69c5d5c,2020-11-04,19,{'WEATHERHAZARD'},{'HAZARD_ON_SHOULDER_CAR_STOPPED'},41,{2},5.390243902439025
2e69c5d5,2e69c5d5c,2020-11-14,14,{'JAM'},{'JAM_HEAVY_TRAFFIC'},33,{2},5.0
2e69c5d5,2e69c5d5c,2020-11-14,15,{'JAM'},{'JAM_MODERATE_TRAFFIC'},30,{2},5.0
2e69c5d5,2e69c5d5c,2020-11-14,16,{'JAM'},{'JAM_STAND_STILL_TRAFFIC'},39,{2},5.410256410256411
2e69c5d5,2e69c5d5c,2020-11-15,13,{'JAM'},{'JAM'},10,{2},5.0
2e69c5d5,2e69c5d5c,2020-11-15,15,{'JAM'},{'JAM_STAND_STILL_TRAFFIC'},30,{2},5.0
2e69c5d5,2e69c5d5c,2020-11-18,19,{'WEATHERHAZARD'},{'HAZARD_ON_SHOULDER_CAR_STOPPED'},43,{2},7.186046511627907
2e69c5d7,2e69c5d64,2020-09-02,21,{'WEATHERHAZARD'},{'HAZARD_ON_SHOULDER_CAR_STOPPED'},31,{2},5.0
2e69c5d7,2e69c5d64,2020-09-03,20,{'WEATHERHAZARD'},{'HAZARD_ON_SHOULDER_CAR_STOPPED'},31,{2},5.0
2e69c5d7,2e69c5d64,2020-09-04,20,{'WEATHERHAZARD'},{'HAZARD_ON_SHOULDER_CAR_STOPPED'},29,{2},6.0
2e69c5d7,2e69c5d64,2020-09-06,15,{'JAM'},{'JAM_HEAVY_TRAFFIC'},13,{2},5.0
2e69c5d7,2e69c5d64,2020-09-08,19,{'WEATHERHAZARD'},{'HAZARD_ON_SHOULDER_CAR_STOPPED'},30,{2},5.966666666666667
2e69c5d7,2e69c5d64,2020-09-09,19,{'WEATHERHAZARD'},{'HAZARD_ON_SHOULDER_CAR_STOPPED'},31,{2},5.0
2e69c5d7,2e69c5d64,2020-09-10,19,{'WEATHERHAZARD'},{'HAZARD_ON_SHOULDER_CAR_STOPPED'},32,{2},5.28125
2e69c5d7,2e69c5d64,2020-09-11,19,{'WEATHERHAZARD'},{'HAZARD_ON_SHOULDER_CAR_STOPPED'},30,{2},5.0
2e69c5d7,2e69c5d64,2020-09-14,16,{'WEATHERHAZARD'},{'HAZARD_ON_SHOULDER_CAR_STOPPED'},28,{2},6.428571428571429
2e69c5d7,2e69c5d64,2020-09-19,11,{'WEATHERHAZARD'},{'HAZARD_WEATHER_HEAVY_SNOW'},20,{2},5.7
2e69c5d7,2e69c5d64,2020-09-24,16,{'WEATHERHAZARD'},{'HAZARD_ON_SHOULDER_CAR_STOPPED'},31,{2},6.354838709677419
2e69c5d7,2e69c5d64,2020-10-06,16,{'WEATHERHAZARD'},{'HAZARD_ON_SHOULDER_CAR_STOPPED'},31,{2},5.0
2e69c5d7,2e69c5d64,2020-10-14,16,{'WEATHERHAZARD'},{'HAZARD_ON_SHOULDER_CAR_STOPPED'},40,{2},6.275
2e69c5d7,2e69c5d64,2020-10-29,14,{'JAM'},"{'JAM_MODERATE_TRAFFIC', 'JAM_HEAVY_TRAFFIC'}",58,{2},5.913793103448276
2e69c5d7,2e69c5d64,2020-10-31,15,{'JAM'},"{'JAM_STAND_STILL_TRAFFIC', 'JAM_HEAVY_TRAFFIC'}",60,{2},5.0
2e69c5d7,2e69c5d64,2020-11-04,19,{'WEATHERHAZARD'},{'HAZARD_ON_SHOULDER_CAR_STOPPED'},30,{2},5.0
2e69c5d7,2e69c5d64,2020-11-06,15,{'JAM'},{'JAM_STAND_STILL_TRAFFIC'},33,{2},5.0
2e69c5d7,2e69c5d64,2020-11-06,16,"{'JAM', 'WEATHERHAZARD'}","{'HAZARD_ON_SHOULDER_CAR_STOPPED', 'JAM_STAND_STILL_TRAFFIC'}",103,{2},6.233009708737864
2e69c5d7,2e69c5d64,2020-11-06,17,"{'JAM', 'ACCIDENT'}","{'JAM', 'ACCIDENT_MINOR'}",84,{2},6.273809523809524
2e69c5d7,2e69c5d64,2020-11-09,16,{'JAM'},{'JAM_HEAVY_TRAFFIC'},64,{2},5.0
2e69c5d7,2e69c5d64,2020-11-14,12,{'JAM'},{'JAM_STAND_STILL_TRAFFIC'},31,{2},5.0
2e69c5d7,2e69c5d6c,2020-10-31,13,{'JAM'},{'JAM_STAND_STILL_TRAFFIC'},62,{2},5.548387096774194
2e69c5d7,2e69c5d6c,2020-11-14,14,{'JAM'},{'JAM_STAND_STILL_TRAFFIC'},31,{2},5.0
2e69c5d7,2e69c5d74,2020-11-18,11,{'ACCIDENT'},{'ACCIDENT'},133,{1},6.2481203007518795
2e69c5d7,2e69c5d7c,2020-09-06,15,{'JAM'},{'JAM_HEAVY_TRAFFIC'},6,{2},5.0
2e69c5d9,2e69c5d84,2020-09-02,13,{'WEATHERHAZARD'},{'HAZARD_ON_ROAD_CAR_STOPPED'},104,{2},5.653846153846154
2e69c5d9,2e69c5d84,2020-09-03,20,{'WEATHERHAZARD'},{'HAZARD_ON_SHOULDER_CAR_STOPPED'},33,{2},5.0
2e69c5d9,2e69c5d84,2020-09-04,20,{'WEATHERHAZARD'},{'HAZARD_ON_SHOULDER_CAR_STOPPED'},30,{4},6.166666666666667
2e69c5d9,2e69c5d84,2020-09-05,6,{'WEATHERHAZARD'},{'HAZARD_ON_SHOULDER_CAR_STOPPED'},34,{2},5.0
2e69c5d9,2e69c5d84,2020-09-05,13,{'WEATHERHAZARD'},{'HAZARD_ON_ROAD_CONSTRUCTION'},281,{2},6.537366548042705
2e69c5d9,2e69c5d84,2020-09-08,19,{'WEATHERHAZARD'},{'HAZARD_ON_SHOULDER_CAR_STOPPED'},32,{4},5.9375
2e69c5d9,2e69c5d84,2020-09-09,19,{'WEATHERHAZARD'},{'HAZARD_ON_SHOULDER_CAR_STOPPED'},33,{4},5.181818181818182
2e69c5d9,2e69c5d84,2020-09-10,19,{'WEATHERHAZARD'},{'HAZARD_ON_SHOULDER_CAR_STOPPED'},35,{2},5.8
2e69c5d9,2e69c5d84,2020-09-11,19,{'WEATHERHAZARD'},{'HAZARD_ON_SHOULDER_CAR_STOPPED'},30,{4},5.0
2e69c5d9,2e69c5d84,2020-09-13,13,{'JAM'},{'JAM_MODERATE_TRAFFIC'},32,{2},5.0
2e69c5d9,2e69c5d84,2020-09-14,16,{'WEATHERHAZARD'},{'HAZARD_ON_SHOULDER_CAR_STOPPED'},31,{2},5.0
2e69c5d9,2e69c5d84,2020-09-16,17,"{'JAM', 'WEATHERHAZARD'}","{'HAZARD_ON_SHOULDER_CAR_STOPPED', 'JAM_MODERATE_TRAFFIC'}",64,{2},5.0
2e69c5d9,2e69c5d84,2020-09-17,18,{'JAM'},{'JAM_HEAVY_TRAFFIC'},30,{2},5.0
2e69c5d9,2e69c5d84,2020-09-19,11,{'WEATHERHAZARD'},{'WEATHERHAZARD'},31,{2},5.161290322580645
2e69c5d9,2e69c5d84,2020-09-19,15,{'WEATHERHAZARD'},{'HAZARD_ON_SHOULDER_CAR_STOPPED'},30,{2},5.0
2e69c5d9,2e69c5d84,2020-09-20,6,{'WEATHERHAZARD'},{'HAZARD_ON_SHOULDER_CAR_STOPPED'},30,{2},5.0
2e69c5d9,2e69c5d84,2020-09-20,14,{'WEATHERHAZARD'},{'HAZARD_ON_SHOULDER_CAR_STOPPED'},31,{2},5.0
2e69c5d9,2e69c5d84,2020-09-24,16,{'WEATHERHAZARD'},{'HAZARD_ON_SHOULDER_CAR_STOPPED'},30,{2},6.466666666666667
2e69c5d9,2e69c5d84,2020-09-26,6,{'WEATHERHAZARD'},{'HAZARD_ON_SHOULDER_CAR_STOPPED'},34,{2},5.0
2e69c5d9,2e69c5d84,2020-09-26,15,"{'JAM', 'WEATHERHAZARD'}","{'HAZARD_ON_SHOULDER_CAR_STOPPED', 'JAM_HEAVY_TRAFFIC'}",88,{2},5.284090909090909
2e69c5d9,2e69c5d84,2020-09-30,17,{'JAM'},{'JAM_HEAVY_TRAFFIC'},12,{2},6.583333333333333
2e69c5d9,2e69c5d84,2020-10-01,17,{'JAM'},{'JAM'},33,{2},5.0
2e69c5d9,2e69c5d84,2020-10-06,16,"{'JAM', 'WEATHERHAZARD'}","{'HAZARD_ON_SHOULDER_CAR_STOPPED', 'JAM_MODERATE_TRAFFIC'}",65,{2},5.0
2e69c5d9,2e69c5d84,2020-10-08,17,{'JAM'},{'JAM_STAND_STILL_TRAFFIC'},36,"{2, 4}",5.0
2e69c5d9,2e69c5d84,2020-10-10,5,{'WEATHERHAZARD'},{'HAZARD_ON_SHOULDER_CAR_STOPPED'},61,{2},5.0
2e69c5d9,2e69c5d84,2020-10-10,14,{'JAM'},{'JAM_HEAVY_TRAFFIC'},30,{4},5.0
2e69c5d9,2e69c5d84,2020-10-10,16,"{'JAM', 'WEATHERHAZARD'}","{'HAZARD_ON_SHOULDER_CAR_STOPPED', 'JAM_STAND_STILL_TRAFFIC'}",84,{2},5.214285714285714
2e69c5d9,2e69c5d84,2020-10-11,15,{'JAM'},{'JAM_STAND_STILL_TRAFFIC'},60,"{2, 4}",5.333333333333333
2e69c5d9,2e69c5d84,2020-10-11,16,{'JAM'},{'JAM_HEAVY_TRAFFIC'},30,{2},5.0
2e69c5d9,2e69c5d84,2020-10-11,17,{'JAM'},{'JAM_HEAVY_TRAFFIC'},39,{2},5.410256410256411
2e69c5d9,2e69c5d84,2020-10-12,17,"{'JAM', 'WEATHERHAZARD'}","{'HAZARD_ON_SHOULDER_CAR_STOPPED', 'JAM_MODERATE_TRAFFIC'}",42,{2},5.714285714285714
2e69c5d9,2e69c5d84,2020-10-14,16,{'JAM'},{'JAM_MODERATE_TRAFFIC'},31,{1},5.0
2e69c5d9,2e69c5d84,2020-10-17,6,{'WEATHERHAZARD'},{'HAZARD_ON_SHOULDER_CAR_STOPPED'},30,{2},5.0
2e69c5d9,2e69c5d84,2020-10-17,10,{'JAM'},{'JAM_HEAVY_TRAFFIC'},31,{2},5.645161290322581
2e69c5d9,2e69c5d84,2020-10-17,15,"{'JAM', 'WEATHERHAZARD'}","{'HAZARD_ON_SHOULDER_CAR_STOPPED', 'JAM_STAND_STILL_TRAFFIC'}",129,{2},5.209302325581396
2e69c5d9,2e69c5d84,2020-10-17,16,{'JAM'},{'JAM_STAND_STILL_TRAFFIC'},42,{4},6.833333333333333
2e69c5d9,2e69c5d84,2020-10-18,14,{'JAM'},{'JAM_HEAVY_TRAFFIC'},5,{2},5.0
2e69c5d9,2e69c5d84,2020-10-18,15,{'JAM'},"{'JAM_STAND_STILL_TRAFFIC', 'JAM_HEAVY_TRAFFIC'}",60,{2},5.0
2e69c5d9,2e69c5d84,2020-10-20,16,{'JAM'},"{'JAM_STAND_STILL_TRAFFIC', 'JAM_HEAVY_TRAFFIC'}",61,{2},5.0
2e69c5d9,2e69c5d84,2020-10-20,17,{'JAM'},{'JAM_HEAVY_TRAFFIC'},32,{1},5.0
2e69c5d9,2e69c5d84,2020-10-21,16,{'WEATHERHAZARD'},{'HAZARD_ON_SHOULDER_CAR_STOPPED'},32,{2},5.0
2e69c5d9,2e69c5d84,2020-10-22,15,{'JAM'},{'JAM_MODERATE_TRAFFIC'},9,{2},5.0
2e69c5d9,2e69c5d84,2020-10-22,16,{'JAM'},{'JAM_HEAVY_TRAFFIC'},31,{2},5.0
2e69c5d9,2e69c5d84,2020-10-24,15,{'WEATHERHAZARD'},{'HAZARD_ON_SHOULDER_CAR_STOPPED'},44,{2},5.863636363636363
2e69c5d9,2e69c5d84,2020-10-24,16,{'JAM'},{'JAM_MODERATE_TRAFFIC'},30,{4},5.0
2e69c5d9,2e69c5d84,2020-10-24,18,{'JAM'},"{'JAM', 'JAM_HEAVY_TRAFFIC'}",91,"{2, 4}",5.2967032967032965
2e69c5d9,2e69c5d84,2020-10-25,12,{'JAM'},"{'JAM_STAND_STILL_TRAFFIC', 'JAM_HEAVY_TRAFFIC'}",68,"{2, 4}",6.235294117647059
2e69c5d9,2e69c5d84,2020-10-25,13,{'JAM'},"{'JAM', 'JAM_STAND_STILL_TRAFFIC'}",96,"{2, 4}",5.0
2e69c5d9,2e69c5d84,2020-10-25,15,{'JAM'},{'JAM_HEAVY_TRAFFIC'},30,{2},5.0
2e69c5d9,2e69c5d84,2020-10-28,15,{'JAM'},{'JAM_STAND_STILL_TRAFFIC'},33,{2},5.757575757575758
2e69c5d9,2e69c5d84,2020-10-28,18,{'WEATHERHAZARD'},{'HAZARD_ON_SHOULDER_CAR_STOPPED'},25,{2},5.36
2e69c5d9,2e69c5d84,2020-10-29,12,{'JAM'},{'JAM_STAND_STILL_TRAFFIC'},42,{4},6.904761904761905
2e69c5d9,2e69c5d84,2020-10-29,13,{'JAM'},{'JAM_HEAVY_TRAFFIC'},46,{2},5.369565217391305
2e69c5d9,2e69c5d84,2020-10-29,14,{'JAM'},"{'JAM_STAND_STILL_TRAFFIC', 'JAM_HEAVY_TRAFFIC'}",117,"{2, 4}",7.410256410256411
2e69c5d9,2e69c5d84,2020-10-29,15,"{'JAM', 'WEATHERHAZARD'}","{'HAZARD_ON_SHOULDER_CAR_STOPPED', 'JAM_STAND_STILL_TRAFFIC', 'JAM_HEAVY_TRAFFIC'}",94,{2},5.457446808510638
2e69c5d9,2e69c5d84,2020-10-29,16,{'JAM'},{'JAM_STAND_STILL_TRAFFIC'},30,{2},5.0
2e69c5d9,2e69c5d84,2020-10-29,17,{'JAM'},{'JAM_STAND_STILL_TRAFFIC'},31,{2},5.0
2e69c5d9,2e69c5d84,2020-10-30,10,{'JAM'},{'JAM_HEAVY_TRAFFIC'},19,{2},5.0
2e69c5d9,2e69c5d84,2020-10-30,14,{'JAM'},"{'JAM_STAND_STILL_TRAFFIC', 'JAM_HEAVY_TRAFFIC'}",94,"{2, 4}",5.297872340425532
2e69c5d9,2e69c5d84,2020-10-30,15,{'JAM'},{'JAM_HEAVY_TRAFFIC'},34,{4},6.0
2e69c5d9,2e69c5d84,2020-10-31,6,{'WEATHERHAZARD'},{'HAZARD_ON_SHOULDER_CAR_STOPPED'},30,{2},5.0
2e69c5d9,2e69c5d84,2020-10-31,11,{'JAM'},{'JAM_STAND_STILL_TRAFFIC'},30,{4},5.0
2e69c5d9,2e69c5d84,2020-10-31,12,{'JAM'},{'JAM_STAND_STILL_TRAFFIC'},33,{2},5.0
2e69c5d9,2e69c5d84,2020-10-31,13,{'JAM'},{'JAM_STAND_STILL_TRAFFIC'},48,{4},6.895833333333333
2e69c5d9,2e69c5d84,2020-10-31,15,{'JAM'},{'JAM_STAND_STILL_TRAFFIC'},30,{2},5.533333333333333
2e69c5d9,2e69c5d84,2020-10-31,16,"{'JAM', 'WEATHERHAZARD'}","{'JAM', 'HAZARD_ON_SHOULDER_CAR_STOPPED'}",64,{2},6.03125
2e69c5d9,2e69c5d84,2020-10-31,18,{'WEATHERHAZARD'},{'HAZARD_ON_SHOULDER_CAR_STOPPED'},41,{4},6.585365853658536
2e69c5d9,2e69c5d84,2020-11-03,15,{'JAM'},{'JAM_STAND_STILL_TRAFFIC'},15,{2},5.0
2e69c5d9,2e69c5d84,2020-11-03,18,{'JAM'},{'JAM_STAND_STILL_TRAFFIC'},32,{2},5.0
2e69c5d9,2e69c5d84,2020-11-03,19,{'JAM'},{'JAM_STAND_STILL_TRAFFIC'},5,{2},5.0
2e69c5d9,2e69c5d84,2020-11-04,19,"{'JAM', 'WEATHERHAZARD'}","{'HAZARD_ON_SHOULDER_CAR_STOPPED', 'JAM_MODERATE_TRAFFIC'}",62,"{2, 4}",5.0
2e69c5d9,2e69c5d84,2020-11-05,17,{'JAM'},{'JAM_STAND_STILL_TRAFFIC'},30,{2},5.0
2e69c5d9,2e69c5d84,2020-11-06,15,{'JAM'},{'JAM_HEAVY_TRAFFIC'},31,{2},5.0
2e69c5d9,2e69c5d84,2020-11-07,11,{'JAM'},{'JAM_MODERATE_TRAFFIC'},29,{2},5.0
2e69c5d9,2e69c5d84,2020-11-07,14,{'JAM'},"{'JAM_STAND_STILL_TRAFFIC', 'JAM_HEAVY_TRAFFIC'}",34,{4},5.0
2e69c5d9,2e69c5d84,2020-11-07,15,{'JAM'},{'JAM_STAND_STILL_TRAFFIC'},37,{4},7.27027027027027
2e69c5d9,2e69c5d84,2020-11-07,16,{'JAM'},"{'JAM_STAND_STILL_TRAFFIC', 'JAM_HEAVY_TRAFFIC'}",67,{2},5.0
2e69c5d9,2e69c5d84,2020-11-07,17,{'JAM'},{'JAM_HEAVY_TRAFFIC'},35,{2},5.428571428571429
2e69c5d9,2e69c5d84,2020-11-08,5,{'WEATHERHAZARD'},{'HAZARD_ON_SHOULDER_CAR_STOPPED'},31,{2},5.0
2e69c5d9,2e69c5d84,2020-11-08,15,"{'JAM', 'WEATHERHAZARD'}","{'HAZARD_ON_SHOULDER_CAR_STOPPED', 'JAM_HEAVY_TRAFFIC'}",53,{2},5.0
2e69c5d9,2e69c5d84,2020-11-10,17,{'JAM'},{'JAM_HEAVY_TRAFFIC'},31,{2},5.709677419354839
2e69c5d9,2e69c5d84,2020-11-12,13,{'JAM'},{'JAM_MODERATE_TRAFFIC'},31,{2},5.0
2e69c5d9,2e69c5d84,2020-11-12,18,{'JAM'},{'JAM_HEAVY_TRAFFIC'},33,{2},5.0
2e69c5d9,2e69c5d84,2020-11-13,18,{'JAM'},{'JAM_MODERATE_TRAFFIC'},28,{2},5.0
2e69c5d9,2e69c5d84,2020-11-14,5,{'WEATHERHAZARD'},{'HAZARD_ON_SHOULDER_CAR_STOPPED'},32,{2},5.0
2e69c5d9,2e69c5d84,2020-11-14,14,{'JAM'},"{'JAM_STAND_STILL_TRAFFIC', 'JAM_HEAVY_TRAFFIC'}",109,"{2, 4}",5.146788990825688
2e69c5d9,2e69c5d84,2020-11-14,16,{'JAM'},{'JAM_STAND_STILL_TRAFFIC'},54,{2},5.0
2e69c5d9,2e69c5d84,2020-11-15,11,{'WEATHERHAZARD'},{'HAZARD_ON_ROAD_CAR_STOPPED'},29,{2},6.068965517241379
2e69c5d9,2e69c5d84,2020-11-15,15,{'JAM'},{'JAM_HEAVY_TRAFFIC'},27,{2},5.0
2e69c5d9,2e69c5d84,2020-11-18,19,{'WEATHERHAZARD'},{'HAZARD_ON_SHOULDER_CAR_STOPPED'},32,{2},5.28125
2e69c5d9,2e69c5d84,2020-11-20,17,{'JAM'},{'JAM_HEAVY_TRAFFIC'},62,{2},5.0
2e69c5d9,2e69c5d84,2020-11-21,14,{'WEATHERHAZARD'},{'HAZARD_ON_ROAD_POT_HOLE'},413,{2},7.9176755447941884
2e69c5d9,2e69c5d84,2020-11-21,15,{'JAM'},{'JAM_HEAVY_TRAFFIC'},44,{4},5.363636363636363
2e69c5d9,2e69c5d8c,2020-09-05,15,{'JAM'},{'JAM_HEAVY_TRAFFIC'},31,{2},5.0
2e69c5d9,2e69c5d8c,2020-10-17,14,{'JAM'},{'JAM_STAND_STILL_TRAFFIC'},32,{2},5.0
2e69c5d9,2e69c5d8c,2020-10-18,15,{'JAM'},{'JAM_HEAVY_TRAFFIC'},32,{2},5.0
2e69c5d9,2e69c5d94,2020-09-02,13,{'WEATHERHAZARD'},"{'HAZARD_ON_ROAD_OBJECT', 'HAZARD_ON_SHOULDER_CAR_STOPPED', 'HAZARD_ON_ROAD_CAR_STOPPED'}",145,"{2, 4}",6.2827586206896555
2e69c5d9,2e69c5d94,2020-09-05,13,{'WEATHERHAZARD'},{'HAZARD_ON_SHOULDER_CAR_STOPPED'},31,{2},5.709677419354839
2e69c5d9,2e69c5d94,2020-09-12,15,{'JAM'},{'JAM_STAND_STILL_TRAFFIC'},30,{2},5.0
2e69c5d9,2e69c5d94,2020-09-19,13,{'JAM'},{'JAM_MODERATE_TRAFFIC'},30,{2},5.0
2e69c5d9,2e69c5d94,2020-09-19,15,"{'JAM', 'WEATHERHAZARD'}","{'HAZARD_ON_SHOULDER_CAR_STOPPED', 'JAM_STAND_STILL_TRAFFIC'}",90,{2},5.166666666666667
2e69c5d9,2e69c5d94,2020-09-20,14,{'WEATHERHAZARD'},{'HAZARD_ON_SHOULDER_CAR_STOPPED'},65,{2},5.184615384615385
2e69c5d9,2e69c5d94,2020-09-22,7,{'WEATHERHAZARD'},{'HAZARD_ON_SHOULDER_CAR_STOPPED'},28,{4},5.428571428571429
2e69c5d9,2e69c5d94,2020-09-24,17,{'WEATHERHAZARD'},{'HAZARD_ON_SHOULDER_CAR_STOPPED'},32,{4},6.34375
2e69c5d9,2e69c5d94,2020-09-26,15,{'JAM'},{'JAM_HEAVY_TRAFFIC'},5,{2},5.0
2e69c5d9,2e69c5d94,2020-10-06,14,{'WEATHERHAZARD'},{'HAZARD_ON_SHOULDER_CAR_STOPPED'},21,{4},5.857142857142857
2e69c5d9,2e69c5d94,2020-10-10,12,{'JAM'},{'JAM_STAND_STILL_TRAFFIC'},30,{4},5.0
2e69c5d9,2e69c5d94,2020-10-10,14,{'JAM'},{'JAM_STAND_STILL_TRAFFIC'},30,{2},5.766666666666667
2e69c5d9,2e69c5d94,2020-10-10,15,{'JAM'},{'JAM_STAND_STILL_TRAFFIC'},31,{2},5.483870967741935
2e69c5d9,2e69c5d94,2020-10-10,16,"{'JAM', 'WEATHERHAZARD'}","{'HAZARD_ON_SHOULDER_CAR_STOPPED', 'JAM_STAND_STILL_TRAFFIC'}",113,"{2, 4}",6.575221238938053
2e69c5d9,2e69c5d94,2020-10-10,17,{'JAM'},{'JAM_HEAVY_TRAFFIC'},22,{4},5.0
2e69c5d9,2e69c5d94,2020-10-11,13,{'JAM'},{'JAM_HEAVY_TRAFFIC'},26,{4},5.230769230769231
2e69c5d9,2e69c5d94,2020-10-11,15,{'JAM'},{'JAM_STAND_STILL_TRAFFIC'},30,{4},5.0
2e69c5d9,2e69c5d94,2020-10-14,16,{'WEATHERHAZARD'},{'HAZARD_ON_SHOULDER_CAR_STOPPED'},32,{4},5.0
2e69c5d9,2e69c5d94,2020-10-14,17,{'JAM'},"{'JAM_STAND_STILL_TRAFFIC', 'JAM_HEAVY_TRAFFIC'}",93,"{2, 4}",5.0
2e69c5d9,2e69c5d94,2020-10-17,15,{'JAM'},{'JAM_HEAVY_TRAFFIC'},30,{2},6.0
2e69c5d9,2e69c5d94,2020-10-17,16,"{'JAM', 'WEATHERHAZARD'}","{'HAZARD_ON_SHOULDER_CAR_STOPPED', 'JAM_STAND_STILL_TRAFFIC'}",54,{2},5.907407407407407
2e69c5d9,2e69c5d94,2020-10-18,14,{'JAM'},{'JAM_STAND_STILL_TRAFFIC'},42,{4},5.809523809523809
2e69c5d9,2e69c5d94,2020-10-18,15,{'JAM'},{'JAM_STAND_STILL_TRAFFIC'},33,{4},5.0
2e69c5d9,2e69c5d94,2020-10-20,7,{'WEATHERHAZARD'},{'HAZARD_ON_SHOULDER_CAR_STOPPED'},30,{4},5.0
2e69c5d9,2e69c5d94,2020-10-20,17,{'WEATHERHAZARD'},{'HAZARD_ON_SHOULDER_CAR_STOPPED'},33,{4},5.606060606060606
2e69c5d9,2e69c5d94,2020-10-24,14,{'JAM'},{'JAM_STAND_STILL_TRAFFIC'},30,{4},5.933333333333334
2e69c5d9,2e69c5d94,2020-10-24,15,{'WEATHERHAZARD'},{'HAZARD_ON_SHOULDER_CAR_STOPPED'},57,"{2, 4}",5.280701754385965
2e69c5d9,2e69c5d94,2020-10-25,12,{'JAM'},{'JAM_STAND_STILL_TRAFFIC'},56,{4},6.696428571428571
2e69c5d9,2e69c5d94,2020-10-25,14,{'JAM'},{'JAM_STAND_STILL_TRAFFIC'},31,{2},5.0
2e69c5d9,2e69c5d94,2020-10-25,15,{'JAM'},{'JAM_HEAVY_TRAFFIC'},33,{4},5.0
2e69c5d9,2e69c5d94,2020-10-28,15,{'WEATHERHAZARD'},{'HAZARD_ON_SHOULDER_CAR_STOPPED'},33,{2},5.9393939393939394
2e69c5d9,2e69c5d94,2020-10-28,18,"{'JAM', 'WEATHERHAZARD'}","{'HAZARD_ON_SHOULDER_CAR_STOPPED', 'JAM_HEAVY_TRAFFIC'}",63,{2},6.301587301587301
2e69c5d9,2e69c5d94,2020-10-29,9,{'JAM'},{'JAM'},32,{2},5.0
2e69c5d9,2e69c5d94,2020-10-29,11,{'JAM'},{'JAM_HEAVY_TRAFFIC'},30,{4},5.0
2e69c5d9,2e69c5d94,2020-10-29,12,{'JAM'},{'JAM_STAND_STILL_TRAFFIC'},35,{2},5.0
2e69c5d9,2e69c5d94,2020-10-29,13,{'JAM'},{'JAM_STAND_STILL_TRAFFIC'},31,{4},5.0
2e69c5d9,2e69c5d94,2020-10-29,15,{'WEATHERHAZARD'},{'HAZARD_ON_SHOULDER_CAR_STOPPED'},48,{2},7.666666666666667
2e69c5d9,2e69c5d94,2020-10-29,16,{'JAM'},"{'JAM_STAND_STILL_TRAFFIC', 'JAM_MODERATE_TRAFFIC'}",64,"{2, 4}",5.53125
2e69c5d9,2e69c5d94,2020-10-30,13,{'JAM'},{'JAM_STAND_STILL_TRAFFIC'},33,{2},5.0
2e69c5d9,2e69c5d94,2020-10-30,14,{'JAM'},{'JAM_HEAVY_TRAFFIC'},44,{4},7.931818181818182
2e69c5d9,2e69c5d94,2020-10-30,15,{'JAM'},{'JAM_STAND_STILL_TRAFFIC'},17,{4},10.0
2e69c5d9,2e69c5d94,2020-10-31,11,{'JAM'},{'JAM_STAND_STILL_TRAFFIC'},31,{4},5.774193548387097
2e69c5d9,2e69c5d94,2020-11-03,11,{'WEATHERHAZARD'},{'HAZARD_ON_SHOULDER_CAR_STOPPED'},30,{2},5.0
2e69c5d9,2e69c5d94,2020-11-03,19,{'JAM'},{'JAM_HEAVY_TRAFFIC'},30,{2},5.0
2e69c5d9,2e69c5d94,2020-11-06,8,{'JAM'},{'JAM_MODERATE_TRAFFIC'},30,{2},5.0
2e69c5d9,2e69c5d94,2020-11-07,14,{'JAM'},{'JAM_STAND_STILL_TRAFFIC'},57,{4},5.473684210526316
2e69c5d9,2e69c5d94,2020-11-07,15,{'JAM'},{'JAM_STAND_STILL_TRAFFIC'},33,{4},6.818181818181818
2e69c5d9,2e69c5d94,2020-11-07,16,{'JAM'},{'JAM_HEAVY_TRAFFIC'},31,{2},5.0
2e69c5d9,2e69c5d94,2020-11-07,17,{'JAM'},"{'JAM_STAND_STILL_TRAFFIC', 'JAM_HEAVY_TRAFFIC'}",65,"{2, 4}",5.492307692307692
2e69c5d9,2e69c5d94,2020-11-08,15,"{'JAM', 'WEATHERHAZARD'}","{'HAZARD_ON_SHOULDER_CAR_STOPPED', 'JAM_HEAVY_TRAFFIC'}",57,{2},5.0
2e69c5d9,2e69c5d94,2020-11-10,19,{'WEATHERHAZARD'},{'HAZARD_ON_SHOULDER_CAR_STOPPED'},30,{4},5.0
2e69c5d9,2e69c5d94,2020-11-11,7,{'WEATHERHAZARD'},{'HAZARD_ON_SHOULDER_CAR_STOPPED'},32,{4},5.0
2e69c5d9,2e69c5d94,2020-11-12,17,{'WEATHERHAZARD'},{'HAZARD_ON_SHOULDER_CAR_STOPPED'},61,{4},6.983606557377049
2e69c5d9,2e69c5d94,2020-11-14,11,{'JAM'},{'JAM_HEAVY_TRAFFIC'},31,{4},5.645161290322581
2e69c5d9,2e69c5d94,2020-11-14,13,{'JAM'},{'JAM_HEAVY_TRAFFIC'},30,{4},5.0
2e69c5d9,2e69c5d94,2020-11-14,14,{'JAM'},{'JAM_STAND_STILL_TRAFFIC'},31,{2},5.0
2e69c5d9,2e69c5d94,2020-11-14,16,{'WEATHERHAZARD'},{'HAZARD_ON_SHOULDER_CAR_STOPPED'},17,{4},6.352941176470588
2e69c5d9,2e69c5d94,2020-11-15,14,{'JAM'},{'JAM_STAND_STILL_TRAFFIC'},31,{4},5.0
2e69c5d9,2e69c5d94,2020-11-15,19,{'JAM'},{'JAM_STAND_STILL_TRAFFIC'},31,{2},5.967741935483871
2e69c5d9,2e69c5d94,2020-11-16,17,{'WEATHERHAZARD'},{'HAZARD_ON_SHOULDER_CAR_STOPPED'},43,{4},6.953488372093023
2e69c5d9,2e69c5d94,2020-11-16,19,{'WEATHERHAZARD'},{'HAZARD_ON_SHOULDER_CAR_STOPPED'},33,{2},6.515151515151516
2e69c5d9,2e69c5d94,2020-11-21,14,{'JAM'},{'JAM_HEAVY_TRAFFIC'},16,{4},8.0
2e69c5d9,2e69c5d94,2020-11-22,12,{'JAM'},{'JAM_STAND_STILL_TRAFFIC'},18,{4},5.833333333333333
2e69c5d9,2e69c5d9c,2020-10-03,16,{'JAM'},{'JAM_STAND_STILL_TRAFFIC'},31,{4},5.0
2e69c5d9,2e69c5d9c,2020-10-10,14,{'JAM'},{'JAM_HEAVY_TRAFFIC'},30,{4},5.0
2e69c5d9,2e69c5d9c,2020-10-25,14,{'JAM'},{'JAM_STAND_STILL_TRAFFIC'},40,{4},6.375
2e69c5d9,2e69c5d9c,2020-10-25,16,{'JAM'},{'JAM_MODERATE_TRAFFIC'},7,{2},5.0
2e69c5d9,2e69c5d9c,2020-10-30,15,{'JAM'},{'JAM_STAND_STILL_TRAFFIC'},4,{4},7.0
2e69c5d9,2e69c5d9c,2020-11-07,15,{'JAM'},{'JAM_STAND_STILL_TRAFFIC'},26,{2},7.6923076923076925
2e69c5d9,2e69c5d9c,2020-11-21,14,{'JAM'},{'JAM_HEAVY_TRAFFIC'},30,{4},6.6
2e69c5d9,2e69c5d9c,2020-11-21,16,{'JAM'},{'JAM_HEAVY_TRAFFIC'},5,{1},5.0
2e69c5db,2e69c5da4,2020-10-13,15,{'WEATHERHAZARD'},{'HAZARD_ON_SHOULDER_CAR_STOPPED'},31,{1},5.0
2e69c5db,2e69c5dbc,2020-09-02,18,{'WEATHERHAZARD'},{'HAZARD_ON_SHOULDER_CAR_STOPPED'},31,{4},5.0
2e69c5db,2e69c5dbc,2020-10-11,11,{'JAM'},{'JAM_MODERATE_TRAFFIC'},28,{2},5.0
2e69c5db,2e69c5dbc,2020-10-11,13,{'JAM'},{'JAM_HEAVY_TRAFFIC'},30,{2},5.0
2e69c5db,2e69c5dbc,2020-10-14,17,{'WEATHERHAZARD'},{'HAZARD_ON_SHOULDER_CAR_STOPPED'},43,{4},8.30232558139535
2e69c5db,2e69c5dbc,2020-10-17,16,{'WEATHERHAZARD'},{'HAZARD_ON_SHOULDER_CAR_STOPPED'},12,{4},5.833333333333333
2e69c5db,2e69c5dbc,2020-10-17,20,{'JAM'},{'JAM_STAND_STILL_TRAFFIC'},32,{2},5.0
2e69c5db,2e69c5dbc,2020-10-18,15,{'JAM'},{'JAM_MODERATE_TRAFFIC'},6,{1},5.0
2e69c5db,2e69c5dbc,2020-10-25,12,{'JAM'},{'JAM_STAND_STILL_TRAFFIC'},31,{2},5.967741935483871
2e69c5db,2e69c5dbc,2020-10-29,12,{'JAM'},{'JAM_STAND_STILL_TRAFFIC'},30,{2},5.866666666666666
2e69c5db,2e69c5dbc,2020-10-29,16,{'JAM'},{'JAM_HEAVY_TRAFFIC'},20,{4},5.0
2e69c5db,2e69c5dbc,2020-10-30,13,{'JAM'},{'JAM_STAND_STILL_TRAFFIC'},41,{2},5.390243902439025
2e69c5db,2e69c5dbc,2020-10-30,15,{'JAM'},{'JAM_STAND_STILL_TRAFFIC'},19,{4},7.421052631578948
2e69c5db,2e69c5dbc,2020-10-31,13,{'JAM'},{'JAM_STAND_STILL_TRAFFIC'},31,{4},5.967741935483871
2e69c5db,2e69c5dbc,2020-10-31,15,{'JAM'},{'JAM_HEAVY_TRAFFIC'},32,{2},6.875
2e69c5db,2e69c5dbc,2020-10-31,16,{'JAM'},{'JAM_STAND_STILL_TRAFFIC'},33,{2},5.0
2e69c5db,2e69c5dbc,2020-11-01,17,{'WEATHERHAZARD'},{'HAZARD_ON_SHOULDER_CAR_STOPPED'},20,{4},6.35
2e69c5db,2e69c5dbc,2020-11-07,10,{'WEATHERHAZARD'},{'HAZARD_ON_SHOULDER_CAR_STOPPED'},30,{1},5.0
2e69c5db,2e69c5dbc,2020-11-08,13,{'JAM'},{'JAM_STAND_STILL_TRAFFIC'},30,{2},5.0
2e69c5db,2e69c5dbc,2020-11-14,16,"{'JAM', 'WEATHERHAZARD'}","{'HAZARD_ON_SHOULDER_CAR_STOPPED', 'JAM_HEAVY_TRAFFIC'}",56,"{2, 4}",6.125
2e69c5db,2e69c5dbc,2020-11-15,14,{'JAM'},{'JAM_STAND_STILL_TRAFFIC'},18,{4},5.444444444444445
2e69c5db,2e69c5dbc,2020-11-19,7,{'WEATHERHAZARD'},{'HAZARD_ON_ROAD_CAR_STOPPED'},31,{6},5.0
2e69c5db,2e69c5dbc,2020-11-20,18,{'JAM'},{'JAM_HEAVY_TRAFFIC'},17,{4},5.0
2e69c5db,2e69c5dbc,2020-11-21,13,{'JAM'},{'JAM_STAND_STILL_TRAFFIC'},33,{4},5.484848484848484
2e69c5dd,2e69c5dc4,2020-09-02,13,{'WEATHERHAZARD'},{'HAZARD_ON_ROAD_CAR_STOPPED'},42,{2},6.309523809523809
2e69c5dd,2e69c5dc4,2020-09-04,17,{'JAM'},{'JAM_HEAVY_TRAFFIC'},30,{6},6.0
2e69c5dd,2e69c5dc4,2020-09-05,12,{'JAM'},{'JAM_HEAVY_TRAFFIC'},30,{6},5.5
2e69c5dd,2e69c5dc4,2020-09-05,13,{'WEATHERHAZARD'},{'HAZARD_ON_SHOULDER_CAR_STOPPED'},31,{2},5.67741935483871
2e69c5dd,2e69c5dc4,2020-09-05,17,{'JAM'},{'JAM_STAND_STILL_TRAFFIC'},32,{6},5.0
2e69c5dd,2e69c5dc4,2020-09-09,18,{'JAM'},{'JAM_STAND_STILL_TRAFFIC'},31,{6},5.967741935483871
2e69c5dd,2e69c5dc4,2020-09-12,15,"{'JAM', 'WEATHERHAZARD'}","{'HAZARD_ON_SHOULDER_CAR_STOPPED', 'JAM_STAND_STILL_TRAFFIC'}",62,{2},6.145161290322581
2e69c5dd,2e69c5dc4,2020-09-19,15,{'JAM'},{'JAM_STAND_STILL_TRAFFIC'},32,{2},5.0
2e69c5dd,2e69c5dc4,2020-09-24,17,{'WEATHERHAZARD'},{'HAZARD_ON_ROAD_CAR_STOPPED'},34,{6},5.764705882352941
2e69c5dd,2e69c5dc4,2020-09-26,15,{'WEATHERHAZARD'},{'HAZARD_ON_SHOULDER_CAR_STOPPED'},30,{2},6.166666666666667
2e69c5dd,2e69c5dc4,2020-09-30,17,{'JAM'},{'JAM_HEAVY_TRAFFIC'},33,{6},5.0
2e69c5dd,2e69c5dc4,2020-10-02,18,{'JAM'},{'JAM_MODERATE_TRAFFIC'},31,{6},5.0
2e69c5dd,2e69c5dc4,2020-10-04,13,{'JAM'},{'JAM_HEAVY_TRAFFIC'},43,{6},6.232558139534884
2e69c5dd,2e69c5dc4,2020-10-09,19,{'JAM'},{'JAM_MODERATE_TRAFFIC'},7,{6},5.0
2e69c5dd,2e69c5dc4,2020-10-10,14,{'JAM'},{'JAM_HEAVY_TRAFFIC'},44,{6},5.7727272727272725
2e69c5dd,2e69c5dc4,2020-10-10,16,{'WEATHERHAZARD'},{'HAZARD_ON_SHOULDER_CAR_STOPPED'},9,{2},5.555555555555555
2e69c5dd,2e69c5dc4,2020-10-12,17,{'JAM'},{'JAM_STAND_STILL_TRAFFIC'},31,{6},5.0
2e69c5dd,2e69c5dc4,2020-10-17,16,{'WEATHERHAZARD'},{'HAZARD_ON_SHOULDER_CAR_STOPPED'},24,{2},5.083333333333333
2e69c5dd,2e69c5dc4,2020-10-18,13,{'JAM'},{'JAM_MODERATE_TRAFFIC'},30,{6},5.0
2e69c5dd,2e69c5dc4,2020-10-21,23,{'WEATHERHAZARD'},{'WEATHERHAZARD'},31,{6},5.0
2e69c5dd,2e69c5dc4,2020-10-23,13,{'JAM'},{'JAM_HEAVY_TRAFFIC'},32,{2},5.0
2e69c5dd,2e69c5dc4,2020-10-24,12,{'JAM'},{'JAM_MODERATE_TRAFFIC'},28,{6},5.0
2e69c5dd,2e69c5dc4,2020-10-24,15,{'WEATHERHAZARD'},{'HAZARD_ON_SHOULDER_CAR_STOPPED'},76,"{1, 2}",5.842105263157895
2e69c5dd,2e69c5dc4,2020-10-24,16,{'JAM'},{'JAM_STAND_STILL_TRAFFIC'},43,{6},5.813953488372093
2e69c5dd,2e69c5dc4,2020-10-24,18,{'JAM'},{'JAM_HEAVY_TRAFFIC'},37,{6},5.405405405405405
2e69c5dd,2e69c5dc4,2020-10-25,12,{'JAM'},{'JAM_HEAVY_TRAFFIC'},30,{6},5.533333333333333
2e69c5dd,2e69c5dc4,2020-10-25,13,{'JAM'},"{'JAM_STAND_STILL_TRAFFIC', 'JAM_HEAVY_TRAFFIC'}",61,"{2, 6}",5.0
2e69c5dd,2e69c5dc4,2020-10-25,18,{'JAM'},{'JAM_STAND_STILL_TRAFFIC'},31,{2},5.0
2e69c5dd,2e69c5dc4,2020-10-28,18,"{'JAM', 'WEATHERHAZARD'}","{'HAZARD_ON_SHOULDER_CAR_STOPPED', 'JAM_STAND_STILL_TRAFFIC'}",61,{2},5.278688524590164
2e69c5dd,2e69c5dc4,2020-10-29,11,{'JAM'},{'JAM_HEAVY_TRAFFIC'},43,{6},6.441860465116279
2e69c5dd,2e69c5dc4,2020-10-29,15,{'WEATHERHAZARD'},{'HAZARD_ON_SHOULDER_CAR_STOPPED'},15,{2},5.6
2e69c5dd,2e69c5dc4,2020-10-29,17,{'JAM'},{'JAM_HEAVY_TRAFFIC'},41,{6},6.609756097560975
2e69c5dd,2e69c5dc4,2020-10-30,12,{'JAM'},{'JAM_MODERATE_TRAFFIC'},31,{6},6.419354838709677
2e69c5dd,2e69c5dc4,2020-10-30,14,{'JAM'},{'JAM_HEAVY_TRAFFIC'},73,{6},6.8493150684931505
2e69c5dd,2e69c5dc4,2020-10-30,15,{'JAM'},{'JAM_STAND_STILL_TRAFFIC'},19,{6},6.0
2e69c5dd,2e69c5dc4,2020-10-30,16,{'JAM'},{'JAM'},40,{6},6.425
2e69c5dd,2e69c5dc4,2020-11-05,15,{'JAM'},{'JAM_STAND_STILL_TRAFFIC'},55,{2},6.909090909090909
2e69c5dd,2e69c5dc4,2020-11-07,17,"{'JAM', 'WEATHERHAZARD'}","{'HAZARD_ON_SHOULDER_CAR_STOPPED', 'HAZARD_WEATHER_HAIL', 'JAM_STAND_STILL_TRAFFIC'}",105,"{2, 6}",5.390476190476191
2e69c5dd,2e69c5dc4,2020-11-08,15,{'WEATHERHAZARD'},{'HAZARD_ON_SHOULDER_CAR_STOPPED'},30,{2},5.233333333333333
2e69c5dd,2e69c5dc4,2020-11-08,16,{'JAM'},{'JAM_MODERATE_TRAFFIC'},30,{2},5.0
2e69c5dd,2e69c5dc4,2020-11-10,15,{'JAM'},{'JAM_HEAVY_TRAFFIC'},34,{2},5.0
2e69c5dd,2e69c5dc4,2020-11-10,17,{'JAM'},{'JAM_MODERATE_TRAFFIC'},30,{2},5.0
2e69c5dd,2e69c5dc4,2020-11-14,16,{'WEATHERHAZARD'},{'HAZARD_ON_SHOULDER_CAR_STOPPED'},30,{2},5.0
2e69c5dd,2e69c5dc4,2020-11-15,11,{'JAM'},{'JAM_MODERATE_TRAFFIC'},33,{6},5.0
2e69c5dd,2e69c5dc4,2020-11-15,13,{'JAM'},{'JAM'},29,{6},5.0
2e69c5dd,2e69c5dc4,2020-11-15,16,{'JAM'},{'JAM_HEAVY_TRAFFIC'},31,{6},5.645161290322581
2e69c5dd,2e69c5dc4,2020-11-16,17,{'WEATHERHAZARD'},{'HAZARD_ON_SHOULDER_CAR_STOPPED'},27,{2},5.0
2e69c5dd,2e69c5dc4,2020-11-16,20,{'WEATHERHAZARD'},{'HAZARD_ON_SHOULDER_CAR_STOPPED'},31,{2},5.741935483870968
2e69c5dd,2e69c5dc4,2020-11-17,7,{'WEATHERHAZARD'},{'HAZARD_ON_SHOULDER_CAR_STOPPED'},33,{6},5.363636363636363
2e69c5dd,2e69c5dc4,2020-11-20,6,{'WEATHERHAZARD'},{'HAZARD_ON_SHOULDER_CAR_STOPPED'},38,{6},6.131578947368421
2e69c5dd,2e69c5dc4,2020-11-20,18,{'JAM'},{'JAM_STAND_STILL_TRAFFIC'},30,{6},5.0
2e69c5dd,2e69c5dc4,2020-11-21,13,{'JAM'},{'JAM_STAND_STILL_TRAFFIC'},31,{6},7.0
2e69c5dd,2e69c5dc4,2020-11-21,16,{'JAM'},{'JAM_MODERATE_TRAFFIC'},32,{6},5.0
2e69c5dd,2e69c5dcc,2020-09-02,13,{'WEATHERHAZARD'},{'HAZARD_ON_ROAD_CAR_STOPPED'},43,{2},5.790697674418604
2e69c5dd,2e69c5dcc,2020-09-05,14,{'WEATHERHAZARD'},{'HAZARD_ON_SHOULDER_CAR_STOPPED'},11,{6},6.7272727272727275
2e69c5dd,2e69c5dcc,2020-09-12,14,{'JAM'},{'JAM_STAND_STILL_TRAFFIC'},33,{6},5.0
2e69c5dd,2e69c5dcc,2020-09-17,7,{'WEATHERHAZARD'},{'HAZARD_ON_ROAD_CAR_STOPPED'},30,{6},5.0
2e69c5dd,2e69c5dcc,2020-09-19,15,{'WEATHERHAZARD'},{'HAZARD_ON_SHOULDER_CAR_STOPPED'},46,"{2, 6}",5.869565217391305
2e69c5dd,2e69c5dcc,2020-09-19,16,{'JAM'},{'JAM_STAND_STILL_TRAFFIC'},23,{6},5.869565217391305
2e69c5dd,2e69c5dcc,2020-09-23,11,{'JAM'},{'JAM_HEAVY_TRAFFIC'},9,{6},6.0
2e69c5dd,2e69c5dcc,2020-09-26,14,{'JAM'},{'JAM_STAND_STILL_TRAFFIC'},32,{6},5.9375
2e69c5dd,2e69c5dcc,2020-09-26,15,"{'JAM', 'WEATHERHAZARD'}","{'HAZARD_ON_SHOULDER_CAR_STOPPED', 'JAM_HEAVY_TRAFFIC'}",62,"{2, 6}",6.016129032258065
2e69c5dd,2e69c5dcc,2020-09-26,17,{'JAM'},{'JAM_MODERATE_TRAFFIC'},33,{6},5.0
2e69c5dd,2e69c5dcc,2020-09-28,17,{'WEATHERHAZARD'},{'HAZARD_ON_ROAD_CAR_STOPPED'},19,{6},6.684210526315789
2e69c5dd,2e69c5dcc,2020-09-29,17,"{'JAM', 'WEATHERHAZARD'}","{'HAZARD_ON_ROAD_CAR_STOPPED', 'JAM_STAND_STILL_TRAFFIC'}",43,{6},5.27906976744186
2e69c5dd,2e69c5dcc,2020-10-01,17,{'JAM'},{'JAM_STAND_STILL_TRAFFIC'},32,{6},5.0
2e69c5dd,2e69c5dcc,2020-10-02,17,{'JAM'},"{'JAM_STAND_STILL_TRAFFIC', 'JAM_MODERATE_TRAFFIC'}",62,{6},5.0
2e69c5dd,2e69c5dcc,2020-10-03,13,"{'JAM', 'WEATHERHAZARD'}","{'WEATHERHAZARD', 'JAM_HEAVY_TRAFFIC'}",7,{6},5.571428571428571
2e69c5dd,2e69c5dcc,2020-10-07,12,{'JAM'},{'JAM_MODERATE_TRAFFIC'},25,{6},5.0
2e69c5dd,2e69c5dcc,2020-10-09,18,{'JAM'},{'JAM_MODERATE_TRAFFIC'},9,{6},5.0
2e69c5dd,2e69c5dcc,2020-10-09,19,{'JAM'},{'JAM_MODERATE_TRAFFIC'},6,{6},5.0
2e69c5dd,2e69c5dcc,2020-10-10,13,{'JAM'},{'JAM'},31,{6},5.0
2e69c5dd,2e69c5dcc,2020-10-11,10,{'JAM'},{'JAM_STAND_STILL_TRAFFIC'},31,{6},5.0
2e69c5dd,2e69c5dcc,2020-10-11,13,{'JAM'},{'JAM_STAND_STILL_TRAFFIC'},30,{6},5.0
2e69c5dd,2e69c5dcc,2020-10-11,15,{'JAM'},{'JAM_STAND_STILL_TRAFFIC'},32,{6},5.0
2e69c5dd,2e69c5dcc,2020-10-12,13,{'JAM'},{'JAM_HEAVY_TRAFFIC'},9,{6},5.0
2e69c5dd,2e69c5dcc,2020-10-13,15,{'WEATHERHAZARD'},{'HAZARD_ON_SHOULDER_CAR_STOPPED'},17,{6},5.764705882352941
2e69c5dd,2e69c5dcc,2020-10-13,18,{'JAM'},{'JAM_STAND_STILL_TRAFFIC'},32,{6},5.0
2e69c5dd,2e69c5dcc,2020-10-14,15,"{'JAM', 'WEATHERHAZARD'}","{'HAZARD_ON_SHOULDER_CAR_STOPPED', 'JAM_MODERATE_TRAFFIC'}",42,{6},5.214285714285714
2e69c5dd,2e69c5dcc,2020-10-15,18,{'JAM'},"{'JAM_STAND_STILL_TRAFFIC', 'JAM_HEAVY_TRAFFIC'}",62,"{2, 6}",5.0
2e69c5dd,2e69c5dcc,2020-10-17,12,{'JAM'},{'JAM_STAND_STILL_TRAFFIC'},30,{6},5.0
2e69c5dd,2e69c5dcc,2020-10-19,9,{'JAM'},{'JAM'},5,{6},5.0
2e69c5dd,2e69c5dcc,2020-10-19,17,{'JAM'},{'JAM_MODERATE_TRAFFIC'},29,{6},5.0
2e69c5dd,2e69c5dcc,2020-10-20,17,{'JAM'},{'JAM_MODERATE_TRAFFIC'},17,{6},5.0
2e69c5dd,2e69c5dcc,2020-10-24,11,{'JAM'},{'JAM_STAND_STILL_TRAFFIC'},30,{6},5.0
2e69c5dd,2e69c5dcc,2020-10-24,14,{'JAM'},{'JAM_STAND_STILL_TRAFFIC'},41,{6},6.219512195121951
2e69c5dd,2e69c5dcc,2020-10-25,21,{'WEATHERHAZARD'},{'HAZARD_ON_SHOULDER_CAR_STOPPED'},16,{6},6.0625
2e69c5dd,2e69c5dcc,2020-10-28,10,{'JAM'},{'JAM_MODERATE_TRAFFIC'},31,{6},5.967741935483871
2e69c5dd,2e69c5dcc,2020-10-28,18,{'WEATHERHAZARD'},{'HAZARD_ON_SHOULDER_CAR_STOPPED'},13,{6},5.461538461538462
2e69c5dd,2e69c5dcc,2020-10-29,13,{'JAM'},"{'JAM_STAND_STILL_TRAFFIC', 'JAM_HEAVY_TRAFFIC'}",81,"{2, 6}",7.296296296296297
2e69c5dd,2e69c5dcc,2020-10-30,13,{'JAM'},{'JAM_STAND_STILL_TRAFFIC'},31,{2},5.0
2e69c5dd,2e69c5dcc,2020-10-30,14,{'JAM'},{'JAM_STAND_STILL_TRAFFIC'},40,{6},5.95
2e69c5dd,2e69c5dcc,2020-10-30,15,{'JAM'},{'JAM_STAND_STILL_TRAFFIC'},11,{6},5.0
2e69c5dd,2e69c5dcc,2020-10-31,11,{'JAM'},{'JAM'},38,{6},5.184210526315789
2e69c5dd,2e69c5dcc,2020-10-31,12,{'JAM'},{'JAM'},32,{2},5.0
2e69c5dd,2e69c5dcc,2020-10-31,13,{'JAM'},{'JAM_HEAVY_TRAFFIC'},31,{6},5.0
2e69c5dd,2e69c5dcc,2020-10-31,16,{'JAM'},"{'JAM_STAND_STILL_TRAFFIC', 'JAM_HEAVY_TRAFFIC'}",85,"{2, 6}",5.0
2e69c5dd,2e69c5dcc,2020-10-31,18,{'WEATHERHAZARD'},{'HAZARD_ON_SHOULDER_CAR_STOPPED'},3,{6},6.0
2e69c5dd,2e69c5dcc,2020-11-02,14,{'JAM'},{'JAM_HEAVY_TRAFFIC'},6,{6},5.833333333333333
2e69c5dd,2e69c5dcc,2020-11-02,16,{'JAM'},{'JAM_MODERATE_TRAFFIC'},34,{6},5.0
2e69c5dd,2e69c5dcc,2020-11-05,15,"{'JAM', 'WEATHERHAZARD'}","{'HAZARD_ON_SHOULDER_CAR_STOPPED', 'JAM_STAND_STILL_TRAFFIC'}",64,{6},5.859375
2e69c5dd,2e69c5dcc,2020-11-07,12,{'JAM'},{'JAM_HEAVY_TRAFFIC'},46,{6},5.391304347826087
2e69c5dd,2e69c5dcc,2020-11-08,14,{'JAM'},{'JAM_HEAVY_TRAFFIC'},32,{2},5.0
2e69c5dd,2e69c5dcc,2020-11-09,19,{'JAM'},{'JAM_MODERATE_TRAFFIC'},31,{6},5.0
2e69c5dd,2e69c5dcc,2020-11-10,17,{'JAM'},{'JAM_MODERATE_TRAFFIC'},33,{6},5.0
2e69c5dd,2e69c5dcc,2020-11-10,19,{'JAM'},{'JAM_MODERATE_TRAFFIC'},22,{6},5.0
2e69c5dd,2e69c5dcc,2020-11-12,14,{'JAM'},{'JAM_MODERATE_TRAFFIC'},16,{6},5.0
2e69c5dd,2e69c5dcc,2020-11-13,19,{'JAM'},{'JAM_MODERATE_TRAFFIC'},32,{6},5.0
2e69c5dd,2e69c5dcc,2020-11-14,11,{'WEATHERHAZARD'},{'HAZARD_ON_ROAD_CAR_STOPPED'},17,{6},7.764705882352941
2e69c5dd,2e69c5dcc,2020-11-14,16,"{'JAM', 'WEATHERHAZARD'}","{'HAZARD_ON_SHOULDER_CAR_STOPPED', 'HAZARD_WEATHER_HAIL', 'JAM_STAND_STILL_TRAFFIC'}",150,"{2, 6}",5.72
2e69c5dd,2e69c5dcc,2020-11-14,17,{'JAM'},{'JAM'},32,{6},5.0
2e69c5dd,2e69c5dcc,2020-11-15,11,{'JAM'},{'JAM_STAND_STILL_TRAFFIC'},30,{6},5.0
2e69c5dd,2e69c5dcc,2020-11-15,13,{'WEATHERHAZARD'},{'HAZARD_ON_SHOULDER_CAR_STOPPED'},41,{6},7.585365853658536
2e69c5dd,2e69c5dcc,2020-11-16,20,{'WEATHERHAZARD'},{'HAZARD_ON_SHOULDER_CAR_STOPPED'},32,{6},7.125
2e69c5dd,2e69c5dcc,2020-11-17,18,{'WEATHERHAZARD'},{'HAZARD_ON_SHOULDER_CAR_STOPPED'},7,{6},5.714285714285714
2e69c5dd,2e69c5dcc,2020-11-19,18,{'JAM'},{'JAM_MODERATE_TRAFFIC'},32,{6},5.0
2e69c5dd,2e69c5dcc,2020-11-21,10,{'JAM'},{'JAM'},30,{6},5.0
2e69c5dd,2e69c5dcc,2020-11-21,17,{'JAM'},{'JAM_STAND_STILL_TRAFFIC'},34,{6},5.352941176470588
2e69c5dd,2e69c5dcc,2020-11-22,12,{'JAM'},{'JAM_STAND_STILL_TRAFFIC'},33,{6},5.484848484848484
2e69c5dd,2e69c5dcc,2020-11-22,15,{'JAM'},{'JAM_MODERATE_TRAFFIC'},32,{2},5.0
2e69c5dd,2e69c5dd4,2020-09-02,13,{'WEATHERHAZARD'},{'HAZARD_ON_ROAD_CAR_STOPPED'},10,{6},5.4
2e69c5dd,2e69c5dd4,2020-09-05,13,{'WEATHERHAZARD'},{'HAZARD_ON_SHOULDER_CAR_STOPPED'},26,{6},7.884615384615385
2e69c5dd,2e69c5dd4,2020-09-09,16,{'JAM'},{'JAM_STAND_STILL_TRAFFIC'},32,{6},5.0
2e69c5dd,2e69c5dd4,2020-09-12,15,"{'JAM', 'WEATHERHAZARD'}","{'HAZARD_ON_SHOULDER_CAR_STOPPED', 'JAM_STAND_STILL_TRAFFIC'}",72,{6},5.472222222222222
2e69c5dd,2e69c5dd4,2020-09-17,20,{'JAM'},{'JAM'},31,{6},5.0
2e69c5dd,2e69c5dd4,2020-09-19,15,{'WEATHERHAZARD'},{'HAZARD_ON_SHOULDER_CAR_STOPPED'},13,{6},5.076923076923077
2e69c5dd,2e69c5dd4,2020-09-20,14,{'WEATHERHAZARD'},{'HAZARD_ON_SHOULDER_CAR_STOPPED'},34,{6},7.352941176470588
2e69c5dd,2e69c5dd4,2020-09-25,15,{'JAM'},{'JAM_HEAVY_TRAFFIC'},7,{6},5.0
2e69c5dd,2e69c5dd4,2020-09-27,16,{'JAM'},{'JAM_STAND_STILL_TRAFFIC'},33,{6},5.0
2e69c5dd,2e69c5dd4,2020-10-09,19,{'JAM'},{'JAM_MODERATE_TRAFFIC'},65,{6},5.0
2e69c5dd,2e69c5dd4,2020-10-10,12,{'JAM'},{'JAM'},33,{6},5.666666666666667
2e69c5dd,2e69c5dd4,2020-10-10,14,{'JAM'},{'JAM_HEAVY_TRAFFIC'},31,{6},5.612903225806452
2e69c5dd,2e69c5dd4,2020-10-15,17,{'JAM'},"{'JAM_STAND_STILL_TRAFFIC', 'JAM_MODERATE_TRAFFIC'}",111,"{1, 6}",6.486486486486487
2e69c5dd,2e69c5dd4,2020-10-15,18,{'JAM'},"{'JAM_STAND_STILL_TRAFFIC', 'JAM_HEAVY_TRAFFIC'}",61,"{1, 6}",5.344262295081967
2e69c5dd,2e69c5dd4,2020-10-17,15,{'JAM'},{'JAM_MODERATE_TRAFFIC'},31,{6},5.0
2e69c5dd,2e69c5dd4,2020-10-17,16,{'WEATHERHAZARD'},{'HAZARD_ON_SHOULDER_CAR_STOPPED'},14,{6},6.642857142857143
2e69c5dd,2e69c5dd4,2020-10-20,17,"{'JAM', 'WEATHERHAZARD'}","{'HAZARD_ON_SHOULDER_CAR_STOPPED', 'JAM_MODERATE_TRAFFIC'}",72,{6},6.041666666666667
2e69c5dd,2e69c5dd4,2020-10-21,10,{'JAM'},{'JAM'},30,{6},5.0
2e69c5dd,2e69c5dd4,2020-10-24,15,"{'JAM', 'WEATHERHAZARD'}","{'HAZARD_ON_SHOULDER_CAR_STOPPED', 'JAM_HEAVY_TRAFFIC'}",48,{6},6.583333333333333
2e69c5dd,2e69c5dd4,2020-10-24,17,{'WEATHERHAZARD'},{'HAZARD_ON_ROAD_CAR_STOPPED'},8,{6},6.25
2e69c5dd,2e69c5dd4,2020-10-25,13,{'JAM'},{'JAM'},31,{6},5.0
2e69c5dd,2e69c5dd4,2020-10-25,14,{'JAM'},{'JAM_STAND_STILL_TRAFFIC'},5,{6},6.0
2e69c5dd,2e69c5dd4,2020-10-25,18,{'JAM'},{'JAM_HEAVY_TRAFFIC'},29,{6},5.0
2e69c5dd,2e69c5dd4,2020-10-28,15,"{'JAM', 'WEATHERHAZARD'}","{'HAZARD_ON_SHOULDER_CAR_STOPPED', 'JAM_STAND_STILL_TRAFFIC'}",69,{6},5.043478260869565
2e69c5dd,2e69c5dd4,2020-10-28,18,{'WEATHERHAZARD'},{'HAZARD_ON_SHOULDER_CAR_STOPPED'},5,{6},5.6
2e69c5dd,2e69c5dd4,2020-10-29,11,{'JAM'},{'JAM'},30,{6},5.0
2e69c5dd,2e69c5dd4,2020-10-29,12,{'JAM'},{'JAM_HEAVY_TRAFFIC'},44,{6},6.159090909090909
2e69c5dd,2e69c5dd4,2020-10-29,15,"{'JAM', 'WEATHERHAZARD'}","{'HAZARD_ON_SHOULDER_CAR_STOPPED', 'JAM_STAND_STILL_TRAFFIC'}",40,{6},5.9
2e69c5dd,2e69c5dd4,2020-10-30,14,{'JAM'},{'JAM_STAND_STILL_TRAFFIC'},37,{6},6.135135135135135
2e69c5dd,2e69c5dd4,2020-10-31,12,{'JAM'},{'JAM_STAND_STILL_TRAFFIC'},33,{6},7.696969696969697
2e69c5dd,2e69c5dd4,2020-10-31,16,{'JAM'},{'JAM_STAND_STILL_TRAFFIC'},92,{6},5.358695652173913
2e69c5dd,2e69c5dd4,2020-11-01,13,{'JAM'},{'JAM_STAND_STILL_TRAFFIC'},36,{6},6.0
2e69c5dd,2e69c5dd4,2020-11-05,15,{'WEATHERHAZARD'},{'HAZARD_ON_SHOULDER_CAR_STOPPED'},62,{6},6.661290322580645
2e69c5dd,2e69c5dd4,2020-11-08,12,{'JAM'},{'JAM_STAND_STILL_TRAFFIC'},34,{6},6.235294117647059
2e69c5dd,2e69c5dd4,2020-11-08,14,{'JAM'},{'JAM_HEAVY_TRAFFIC'},30,{6},5.0
2e69c5dd,2e69c5dd4,2020-11-08,15,"{'JAM', 'WEATHERHAZARD'}","{'HAZARD_ON_SHOULDER_CAR_STOPPED', 'JAM_STAND_STILL_TRAFFIC'}",57,{6},5.0701754385964914
2e69c5dd,2e69c5dd4,2020-11-13,12,{'JAM'},{'JAM'},30,{6},5.0
2e69c5dd,2e69c5dd4,2020-11-14,13,{'JAM'},{'JAM_HEAVY_TRAFFIC'},33,{6},5.0
2e69c5dd,2e69c5dd4,2020-11-14,16,"{'JAM', 'WEATHERHAZARD'}","{'HAZARD_WEATHER_HAIL', 'JAM_STAND_STILL_TRAFFIC'}",80,{6},5.4875
2e69c5dd,2e69c5dd4,2020-11-15,11,{'JAM'},{'JAM'},31,{6},5.0
2e69c5dd,2e69c5dd4,2020-11-15,14,{'JAM'},"{'JAM_MODERATE_TRAFFIC', 'JAM_HEAVY_TRAFFIC'}",60,{6},5.5
2e69c5dd,2e69c5dd4,2020-11-16,17,{'WEATHERHAZARD'},{'HAZARD_ON_SHOULDER_CAR_STOPPED'},25,{6},5.84
2e69c5dd,2e69c5dd4,2020-11-16,20,{'WEATHERHAZARD'},{'HAZARD_ON_SHOULDER_CAR_STOPPED'},30,{6},6.733333333333333
2e69c5dd,2e69c5dd4,2020-11-17,14,"{'JAM', 'ACCIDENT'}","{'JAM_HEAVY_TRAFFIC', 'ACCIDENT_MAJOR'}",180,{6},5.7
2e69c5dd,2e69c5dd4,2020-11-21,13,{'JAM'},{'JAM_STAND_STILL_TRAFFIC'},32,{2},5.96875
2e69c5dd,2e69c5dd4,2020-11-22,15,{'JAM'},{'JAM_MODERATE_TRAFFIC'},31,{6},5.0
2e69c5dd,2e69c5ddc,2020-10-07,12,{'JAM'},{'JAM'},31,{1},5.0
2e69c5dd,2e69c5ddc,2020-10-11,16,{'JAM'},{'JAM_STAND_STILL_TRAFFIC'},30,{6},5.7
2e69c5dd,2e69c5ddc,2020-10-11,18,{'JAM'},{'JAM_STAND_STILL_TRAFFIC'},34,{6},5.0
2e69c5dd,2e69c5ddc,2020-10-29,13,{'JAM'},{'JAM_STAND_STILL_TRAFFIC'},32,{2},6.5
2e69c5dd,2e69c5ddc,2020-11-15,13,{'JAM'},{'JAM'},6,{1},5.0
2e69c5dd,2e69c5ddc,2020-11-15,14,{'JAM'},{'JAM_HEAVY_TRAFFIC'},30,{6},5.566666666666666
2e69c5dd,2e69c5ddc,2020-11-17,13,{'JAM'},{'JAM'},5,{1},5.0
2e69c5df,2e69c5de4,2020-10-15,17,{'WEATHERHAZARD'},{'WEATHERHAZARD'},32,{1},5.0
2e69c5df,2e69c5de4,2020-10-17,12,{'JAM'},{'JAM_STAND_STILL_TRAFFIC'},31,{17},5.0
2e69c5df,2e69c5dec,2020-09-17,21,{'JAM'},{'JAM'},29,{1},5.0
2e69c5e1,2e69c5e0c,2020-10-04,15,{'JAM'},{'JAM'},17,{1},5.0
2e69c5e1,2e69c5e0c,2020-10-10,16,{'JAM'},{'JAM_STAND_STILL_TRAFFIC'},16,{1},5.0
2e69c5e1,2e69c5e0c,2020-11-18,19,{'JAM'},{'JAM'},33,{1},5.0
2e69c5e1,2e69c5e14,2020-09-13,16,{'JAM'},{'JAM_STAND_STILL_TRAFFIC'},63,{6},5.0
2e69c5e1,2e69c5e14,2020-09-30,16,{'JAM'},{'JAM_HEAVY_TRAFFIC'},23,{6},5.0
2e69c5e1,2e69c5e14,2020-10-04,15,{'JAM'},{'JAM_MODERATE_TRAFFIC'},21,{1},5.0
2e69c5e1,2e69c5e14,2020-10-07,10,{'JAM'},{'JAM_HEAVY_TRAFFIC'},30,{6},5.0
2e69c5e1,2e69c5e14,2020-10-15,17,{'JAM'},{'JAM_STAND_STILL_TRAFFIC'},57,{6},7.649122807017544
2e69c5e1,2e69c5e14,2020-10-15,18,{'WEATHERHAZARD'},{'HAZARD_ON_ROAD_OBJECT'},4,{6},5.75
2e69c5e1,2e69c5e14,2020-10-18,17,{'JAM'},{'JAM_HEAVY_TRAFFIC'},31,{6},5.0
2e69c5e1,2e69c5e14,2020-10-24,17,{'WEATHERHAZARD'},"{'HAZARD_ON_ROAD_OBJECT', 'WEATHERHAZARD'}",40,"{1, 6}",5.1
2e69c5e1,2e69c5e14,2020-10-25,15,{'JAM'},{'JAM_STAND_STILL_TRAFFIC'},40,"{1, 2}",6.15
2e69c5e1,2e69c5e14,2020-10-30,11,{'JAM'},{'JAM_HEAVY_TRAFFIC'},31,{6},5.774193548387097
2e69c5e1,2e69c5e14,2020-10-30,12,{'JAM'},{'JAM_STAND_STILL_TRAFFIC'},34,{6},5.0
2e69c5e1,2e69c5e14,2020-10-31,13,{'JAM'},{'JAM_HEAVY_TRAFFIC'},54,{1},5.962962962962963
2e69c5e1,2e69c5e14,2020-10-31,14,{'WEATHERHAZARD'},{'HAZARD_WEATHER_FOG'},25,{1},6.12
2e69c5e1,2e69c5e14,2020-10-31,16,{'JAM'},"{'JAM_STAND_STILL_TRAFFIC', 'JAM_HEAVY_TRAFFIC'}",59,"{1, 6}",6.627118644067797
2e69c5e1,2e69c5e14,2020-11-01,14,{'JAM'},{'JAM_MODERATE_TRAFFIC'},31,{6},5.0
2e69c5e1,2e69c5e14,2020-11-15,15,{'JAM'},{'JAM_HEAVY_TRAFFIC'},31,{6},5.774193548387097
2e69c5e3,2e69c5e24,2020-09-26,11,{'JAM'},{'JAM_STAND_STILL_TRAFFIC'},5,{1},5.0
2e69c5e3,2e69c5e24,2020-10-10,13,{'JAM'},{'JAM_HEAVY_TRAFFIC'},33,{1},5.0
2e69c5e3,2e69c5e24,2020-10-29,14,{'JAM'},{'JAM_STAND_STILL_TRAFFIC'},6,{1},5.0
2e69c5e3,2e69c5e24,2020-10-29,15,{'JAM'},{'JAM_HEAVY_TRAFFIC'},29,{1},5.0
2e69c5e3,2e69c5e24,2020-10-31,11,{'JAM'},{'JAM_STAND_STILL_TRAFFIC'},5,{1},5.0
2e69c5e3,2e69c5e24,2020-10-31,14,{'JAM'},{'JAM_HEAVY_TRAFFIC'},10,{1},5.0
2e69c5e3,2e69c5e24,2020-11-07,14,{'JAM'},{'JAM_STAND_STILL_TRAFFIC'},30,{1},5.0
2e69c5e3,2e69c5e2c,2020-10-10,15,{'JAM'},{'JAM_HEAVY_TRAFFIC'},17,{6},7.0
2e69c5e3,2e69c5e2c,2020-10-10,16,{'JAM'},{'JAM_STAND_STILL_TRAFFIC'},25,{2},5.0
2e69c5e3,2e69c5e2c,2020-10-14,17,{'JAM'},{'JAM_HEAVY_TRAFFIC'},6,{2},5.0
2e69c5e3,2e69c5e2c,2020-10-15,18,{'JAM'},{'JAM_HEAVY_TRAFFIC'},31,{6},5.0
2e69c5e3,2e69c5e2c,2020-10-29,17,{'JAM'},{'JAM_STAND_STILL_TRAFFIC'},34,{6},5.0
2e69c5e3,2e69c5e2c,2020-10-30,15,{'JAM'},{'JAM_STAND_STILL_TRAFFIC'},61,"{2, 6}",5.80327868852459
2e69c5e3,2e69c5e2c,2020-10-31,14,{'JAM'},{'JAM_HEAVY_TRAFFIC'},13,{6},5.0
2e69c5e3,2e69c5e2c,2020-10-31,16,{'JAM'},{'JAM_HEAVY_TRAFFIC'},31,{22},5.0
2e69c5e3,2e69c5e2c,2020-10-31,18,{'JAM'},{'JAM_HEAVY_TRAFFIC'},31,{2},5.0
2e69c5e3,2e69c5e2c,2020-11-07,19,{'JAM'},{'JAM'},30,{20},5.633333333333334
2e69c5e3,2e69c5e2c,2020-11-21,15,{'JAM'},{'JAM_STAND_STILL_TRAFFIC'},33,{6},5.0
2e69c5e3,2e69c5e2c,2020-11-21,17,{'JAM'},{'JAM_MODERATE_TRAFFIC'},25,{6},5.0
2e69c5e3,2e69c5e34,2020-09-17,16,{'JAM'},{'JAM_MODERATE_TRAFFIC'},31,{6},5.0
2e69c5e3,2e69c5e34,2020-10-04,14,{'JAM'},{'JAM_HEAVY_TRAFFIC'},32,{6},5.8125
2e69c5e3,2e69c5e34,2020-10-04,17,{'JAM'},{'JAM_STAND_STILL_TRAFFIC'},30,{6},5.0
2e69c5e3,2e69c5e34,2020-10-10,15,{'JAM'},"{'JAM_STAND_STILL_TRAFFIC', 'JAM_HEAVY_TRAFFIC'}",118,"{2, 6}",5.016949152542373
2e69c5e3,2e69c5e34,2020-10-15,18,{'JAM'},{'JAM_STAND_STILL_TRAFFIC'},32,{6},5.8125
2e69c5e3,2e69c5e34,2020-10-17,11,{'JAM'},{'JAM_MODERATE_TRAFFIC'},5,{6},5.0
2e69c5e3,2e69c5e34,2020-10-18,16,{'JAM'},{'JAM_HEAVY_TRAFFIC'},30,{6},5.0
2e69c5e3,2e69c5e34,2020-10-24,13,{'JAM'},{'JAM_HEAVY_TRAFFIC'},30,{6},5.866666666666666
2e69c5e3,2e69c5e34,2020-10-25,13,{'JAM'},{'JAM_HEAVY_TRAFFIC'},52,{6},7.634615384615385
2e69c5e3,2e69c5e34,2020-10-29,15,{'JAM'},{'JAM_HEAVY_TRAFFIC'},31,{6},5.741935483870968
2e69c5e3,2e69c5e34,2020-10-30,11,{'JAM'},{'JAM_HEAVY_TRAFFIC'},30,{6},5.0
2e69c5e3,2e69c5e34,2020-10-30,16,{'JAM'},"{'JAM_STAND_STILL_TRAFFIC', 'JAM_HEAVY_TRAFFIC'}",60,{6},6.433333333333334
2e69c5e3,2e69c5e34,2020-10-31,13,{'JAM'},{'JAM_HEAVY_TRAFFIC'},61,{6},5.672131147540983
2e69c5e3,2e69c5e34,2020-10-31,14,{'JAM'},{'JAM_HEAVY_TRAFFIC'},19,{6},7.0
2e69c5e3,2e69c5e34,2020-10-31,15,{'JAM'},"{'JAM_STAND_STILL_TRAFFIC', 'JAM_HEAVY_TRAFFIC'}",69,{6},6.565217391304348
2e69c5e3,2e69c5e34,2020-10-31,17,{'JAM'},{'JAM_HEAVY_TRAFFIC'},31,{6},6.032258064516129
2e69c5e3,2e69c5e34,2020-11-02,14,{'JAM'},{'JAM_STAND_STILL_TRAFFIC'},62,{6},5.0
2e69c5e3,2e69c5e34,2020-11-07,17,{'JAM'},{'JAM_HEAVY_TRAFFIC'},30,{6},5.0
2e69c5e3,2e69c5e34,2020-11-08,13,{'JAM'},{'JAM_STAND_STILL_TRAFFIC'},30,{6},6.0
2e69c5e3,2e69c5e34,2020-11-08,14,{'JAM'},{'JAM_STAND_STILL_TRAFFIC'},31,{6},5.0
2e69c5e3,2e69c5e34,2020-11-14,17,{'JAM'},{'JAM_STAND_STILL_TRAFFIC'},32,{6},5.0
2e69c5e3,2e69c5e34,2020-11-15,14,{'JAM'},{'JAM_HEAVY_TRAFFIC'},32,{6},5.0
2e69c5e3,2e69c5e34,2020-11-15,16,{'JAM'},{'JAM_STAND_STILL_TRAFFIC'},60,{6},5.0
2e69c5e3,2e69c5e34,2020-11-22,14,{'JAM'},"{'JAM_STAND_STILL_TRAFFIC', 'JAM_HEAVY_TRAFFIC'}",74,{6},5.202702702702703
2e69c5e3,2e69c5e3c,2020-09-05,15,{'JAM'},{'JAM_STAND_STILL_TRAFFIC'},30,{6},5.933333333333334
2e69c5e3,2e69c5e3c,2020-09-20,15,{'JAM'},{'JAM_MODERATE_TRAFFIC'},31,{6},5.0
2e69c5e3,2e69c5e3c,2020-10-10,12,{'JAM'},{'JAM_HEAVY_TRAFFIC'},30,{6},5.766666666666667
2e69c5e3,2e69c5e3c,2020-10-18,18,{'JAM'},{'JAM_HEAVY_TRAFFIC'},30,{6},6.0
2e69c5e3,2e69c5e3c,2020-10-25,13,{'JAM'},{'JAM_MODERATE_TRAFFIC'},31,{6},5.0
2e69c5e3,2e69c5e3c,2020-10-25,14,{'JAM'},{'JAM_STAND_STILL_TRAFFIC'},34,{6},5.0
2e69c5e3,2e69c5e3c,2020-10-25,15,{'JAM'},{'JAM_STAND_STILL_TRAFFIC'},34,{6},5.911764705882353
2e69c5e3,2e69c5e3c,2020-10-25,18,{'JAM'},{'JAM_HEAVY_TRAFFIC'},30,{6},5.0
2e69c5e3,2e69c5e3c,2020-10-30,15,{'JAM'},{'JAM_STAND_STILL_TRAFFIC'},31,{6},5.0
2e69c5e3,2e69c5e3c,2020-10-31,14,{'JAM'},{'JAM_STAND_STILL_TRAFFIC'},30,{6},6.666666666666667
2e69c5e3,2e69c5e3c,2020-10-31,16,{'JAM'},{'JAM_STAND_STILL_TRAFFIC'},64,{6},5.25
2e69c5e3,2e69c5e3c,2020-11-01,13,{'JAM'},{'JAM_HEAVY_TRAFFIC'},41,{6},6.439024390243903
2e69c5e3,2e69c5e3c,2020-11-15,13,{'JAM'},{'JAM_STAND_STILL_TRAFFIC'},31,{6},5.838709677419355
2e69c5e3,2e69c5e3c,2020-11-21,14,{'JAM'},{'JAM_STAND_STILL_TRAFFIC'},31,{6},5.0
2e69c5e3,2e69c5e3c,2020-11-22,14,{'JAM'},{'JAM_STAND_STILL_TRAFFIC'},44,{6},6.2727272727272725
2e69c5e5,2e69c5e4c,2020-10-04,16,{'JAM'},{'JAM_HEAVY_TRAFFIC'},31,{2},5.0
2e69c5e5,2e69c5e4c,2020-10-11,14,{'JAM'},{'JAM_STAND_STILL_TRAFFIC'},31,{2},5.0
2e69c5e5,2e69c5e4c,2020-10-17,17,{'JAM'},{'JAM'},20,{2},5.0
2e69c5e5,2e69c5e4c,2020-10-25,14,{'JAM'},"{'JAM_STAND_STILL_TRAFFIC', 'JAM_HEAVY_TRAFFIC'}",65,{2},5.6923076923076925
2e69c5e5,2e69c5e4c,2020-10-28,15,{'JAM'},{'JAM_HEAVY_TRAFFIC'},30,{2},5.0
2e69c5e5,2e69c5e4c,2020-10-29,13,{'JAM'},{'JAM_STAND_STILL_TRAFFIC'},31,{2},5.0
2e69c5e5,2e69c5e4c,2020-10-29,15,{'JAM'},{'JAM_HEAVY_TRAFFIC'},6,{2},5.0
2e69c5e5,2e69c5e4c,2020-10-31,14,{'JAM'},{'JAM_STAND_STILL_TRAFFIC'},30,{2},5.0
2e69c5e5,2e69c5e4c,2020-10-31,17,{'JAM'},{'JAM_STAND_STILL_TRAFFIC'},8,{2},5.875
2e69c5e5,2e69c5e4c,2020-10-31,18,{'JAM'},{'JAM_STAND_STILL_TRAFFIC'},64,{2},5.234375
2e69c5e5,2e69c5e4c,2020-11-01,13,{'JAM'},{'JAM_STAND_STILL_TRAFFIC'},32,{2},5.0
2e69c5e5,2e69c5e4c,2020-11-08,12,{'JAM'},{'JAM_STAND_STILL_TRAFFIC'},30,{2},5.533333333333333
2e69c5e5,2e69c5e4c,2020-11-15,15,{'JAM'},{'JAM_HEAVY_TRAFFIC'},30,{2},5.966666666666667
2e69c5e5,2e69c5e4c,2020-11-15,16,{'JAM'},{'JAM_STAND_STILL_TRAFFIC'},31,{2},5.903225806451613
2e69c5e5,2e69c5e4c,2020-11-21,14,{'JAM'},{'JAM_HEAVY_TRAFFIC'},34,{1},6.176470588235294
2e69c5e5,2e69c5e4c,2020-11-21,15,{'JAM'},{'JAM_HEAVY_TRAFFIC'},33,{2},5.0
2e69c5e5,2e69c5e4c,2020-11-22,13,{'JAM'},"{'JAM_STAND_STILL_TRAFFIC', 'JAM_HEAVY_TRAFFIC'}",61,{2},5.0
2e69c5e5,2e69c5e5c,2020-10-31,15,{'JAM'},{'JAM_STAND_STILL_TRAFFIC'},46,{2},6.282608695652174
2e69c5e5,2e69c5e5c,2020-10-31,17,{'JAM'},{'JAM_STAND_STILL_TRAFFIC'},31,{2},6.354838709677419
2e69c5e7,2e69c5e64,2020-10-31,16,{'JAM'},{'JAM_MODERATE_TRAFFIC'},7,{2},5.0
2e69c5e7,2e69c5e6c,2020-10-04,15,{'JAM'},{'JAM_HEAVY_TRAFFIC'},37,{6},5.4324324324324325
2e69c5e7,2e69c5e6c,2020-10-04,17,{'JAM'},{'JAM'},30,{1},5.0
2e69c5e7,2e69c5e6c,2020-10-10,14,{'JAM'},{'JAM_STAND_STILL_TRAFFIC'},33,{6},5.606060606060606
2e69c5e7,2e69c5e6c,2020-10-19,17,{'JAM'},{'JAM_HEAVY_TRAFFIC'},14,{6},5.0
2e69c5e7,2e69c5e6c,2020-10-30,12,{'JAM'},{'JAM_HEAVY_TRAFFIC'},30,{6},5.0
2e69c5e7,2e69c5e6c,2020-10-30,17,{'JAM'},{'JAM_STAND_STILL_TRAFFIC'},35,{6},5.0
2e69c5e7,2e69c5e6c,2020-10-31,12,{'JAM'},{'JAM'},32,{6},5.0
2e69c5e7,2e69c5e6c,2020-10-31,16,{'JAM'},{'JAM_STAND_STILL_TRAFFIC'},30,{6},5.0
2e69c5e7,2e69c5e74,2020-09-23,17,{'JAM'},{'JAM_STAND_STILL_TRAFFIC'},62,{6},5.0
2e69c5e7,2e69c5e74,2020-09-28,17,{'JAM'},{'JAM_HEAVY_TRAFFIC'},30,{6},5.0
2e69c5e7,2e69c5e74,2020-10-09,19,{'JAM'},{'JAM_MODERATE_TRAFFIC'},32,{6},5.0
2e69c5e7,2e69c5e74,2020-10-10,15,{'JAM'},{'JAM_HEAVY_TRAFFIC'},32,{6},5.0
2e69c5e7,2e69c5e74,2020-10-10,18,{'JAM'},{'JAM_STAND_STILL_TRAFFIC'},32,{6},5.0
2e69c5e7,2e69c5e74,2020-10-14,16,{'WEATHERHAZARD'},{'HAZARD_ON_SHOULDER_CAR_STOPPED'},44,{6},7.090909090909091
2e69c5e7,2e69c5e74,2020-10-15,18,{'JAM'},{'JAM'},31,{6},5.0
2e69c5e7,2e69c5e74,2020-10-16,12,{'JAM'},{'JAM_HEAVY_TRAFFIC'},31,{6},5.0
2e69c5e7,2e69c5e74,2020-10-17,17,{'JAM'},{'JAM_STAND_STILL_TRAFFIC'},31,{6},5.0
2e69c5e7,2e69c5e74,2020-10-24,14,{'JAM'},{'JAM_STAND_STILL_TRAFFIC'},30,{2},5.8
2e69c5e7,2e69c5e74,2020-10-29,15,{'JAM'},{'JAM_STAND_STILL_TRAFFIC'},33,{6},5.9393939393939394
2e69c5e7,2e69c5e74,2020-10-31,14,{'JAM'},{'JAM_STAND_STILL_TRAFFIC'},32,{1},5.0
2e69c5e7,2e69c5e74,2020-10-31,16,{'JAM'},{'JAM_STAND_STILL_TRAFFIC'},20,{6},6.2
2e69c5e7,2e69c5e74,2020-10-31,17,{'JAM'},{'JAM_STAND_STILL_TRAFFIC'},21,{1},5.0
2e69c5e7,2e69c5e74,2020-11-02,7,{'JAM'},{'JAM_HEAVY_TRAFFIC'},30,{6},5.0
2e69c5e7,2e69c5e74,2020-11-06,11,{'JAM'},{'JAM_HEAVY_TRAFFIC'},30,{6},5.0
2e69c5e7,2e69c5e74,2020-11-08,13,{'JAM'},{'JAM_STAND_STILL_TRAFFIC'},32,{6},5.0
2e69c5e7,2e69c5e74,2020-11-14,13,{'JAM'},{'JAM_STAND_STILL_TRAFFIC'},41,{6},6.195121951219512
2e69c5e7,2e69c5e74,2020-11-15,16,{'JAM'},{'JAM_MODERATE_TRAFFIC'},6,{6},5.0
2e69c5e7,2e69c5e74,2020-11-15,17,{'JAM'},{'JAM_STAND_STILL_TRAFFIC'},32,{6},5.0
2e69c5e7,2e69c5e74,2020-11-22,14,{'JAM'},"{'JAM_STAND_STILL_TRAFFIC', 'JAM_HEAVY_TRAFFIC'}",70,"{1, 6}",5.214285714285714
2e69c5e9,2e69c5e84,2020-09-22,8,{'JAM'},{'JAM_MODERATE_TRAFFIC'},32,{2},5.0
2e69c5e9,2e69c5e84,2020-09-29,13,{'JAM'},{'JAM_STAND_STILL_TRAFFIC'},10,{2},5.0
2e69c5e9,2e69c5e84,2020-10-02,10,{'JAM'},{'JAM_STAND_STILL_TRAFFIC'},30,{2},5.0
2e69c5e9,2e69c5e84,2020-10-11,12,{'JAM'},{'JAM_HEAVY_TRAFFIC'},31,{2},5.0
2e69c5e9,2e69c5e84,2020-10-11,16,{'JAM'},{'JAM_STAND_STILL_TRAFFIC'},19,{2},5.0
2e69c5e9,2e69c5e84,2020-10-14,14,"{'JAM', 'WEATHERHAZARD'}","{'JAM_STAND_STILL_TRAFFIC', 'HAZARD_ON_ROAD'}",62,{2},5.306451612903226
2e69c5e9,2e69c5e84,2020-10-18,16,{'JAM'},{'JAM_STAND_STILL_TRAFFIC'},41,{2},5.414634146341464
2e69c5e9,2e69c5e84,2020-10-19,14,{'JAM'},{'JAM_HEAVY_TRAFFIC'},44,{2},5.340909090909091
2e69c5e9,2e69c5e84,2020-10-30,12,{'JAM'},{'JAM_STAND_STILL_TRAFFIC'},34,{2},6.794117647058823
2e69c5e9,2e69c5e84,2020-10-31,14,{'JAM'},{'JAM_STAND_STILL_TRAFFIC'},31,{2},5.0
2e69c5e9,2e69c5e84,2020-11-07,15,{'JAM'},{'JAM_STAND_STILL_TRAFFIC'},30,{2},5.833333333333333
2e69c5e9,2e69c5e84,2020-11-08,12,{'JAM'},{'JAM_STAND_STILL_TRAFFIC'},48,{2},7.5
2e69c5e9,2e69c5e84,2020-11-12,12,{'JAM'},{'JAM_STAND_STILL_TRAFFIC'},30,{2},5.0
2e69c5e9,2e69c5e84,2020-11-14,15,{'JAM'},{'JAM_HEAVY_TRAFFIC'},49,{2},5.387755102040816
2e69c5e9,2e69c5e84,2020-11-15,16,{'JAM'},{'JAM_HEAVY_TRAFFIC'},34,{2},5.9411764705882355
2e69c5e9,2e69c5e84,2020-11-21,14,{'JAM'},{'JAM_HEAVY_TRAFFIC'},30,{2},5.7
2e69c5e9,2e69c5e8c,2020-10-11,13,{'JAM'},{'JAM_MODERATE_TRAFFIC'},30,{2},5.0
2e69c5e9,2e69c5e8c,2020-10-31,18,{'JAM'},{'JAM_MODERATE_TRAFFIC'},32,{2},5.1875
2e69c5e9,2e69c5e94,2020-10-15,18,{'JAM'},{'JAM_STAND_STILL_TRAFFIC'},74,{2},5.472972972972973
2e69c5e9,2e69c5e94,2020-10-17,16,{'JAM'},{'JAM_HEAVY_TRAFFIC'},36,{2},8.027777777777779
2e69c5e9,2e69c5e94,2020-11-01,15,{'JAM'},{'JAM_MODERATE_TRAFFIC'},31,{2},5.0
2e69c5e9,2e69c5e94,2020-11-03,11,{'JAM'},{'JAM'},18,{2},5.0
2e69c5e9,2e69c5e94,2020-11-07,12,{'JAM'},{'JAM_STAND_STILL_TRAFFIC'},30,{20},5.0
2e69c5e9,2e69c5e9c,2020-10-10,16,{'JAM'},{'JAM_STAND_STILL_TRAFFIC'},32,{2},5.0
2e69c5e9,2e69c5e9c,2020-10-11,15,{'JAM'},{'JAM_STAND_STILL_TRAFFIC'},30,{2},6.466666666666667
2e69c5e9,2e69c5e9c,2020-10-11,16,{'JAM'},{'JAM_STAND_STILL_TRAFFIC'},15,{2},6.0
2e69c5e9,2e69c5e9c,2020-10-11,17,{'JAM'},{'JAM_HEAVY_TRAFFIC'},33,{2},5.96969696969697
2e69c5e9,2e69c5e9c,2020-10-18,12,{'JAM'},"{'JAM_STAND_STILL_TRAFFIC', 'JAM_HEAVY_TRAFFIC'}",66,{2},5.257575757575758
2e69c5e9,2e69c5e9c,2020-10-18,16,{'JAM'},{'JAM_STAND_STILL_TRAFFIC'},30,{2},5.966666666666667
2e69c5e9,2e69c5e9c,2020-10-25,16,{'JAM'},{'JAM_HEAVY_TRAFFIC'},47,{2},6.957446808510638
2e69c5e9,2e69c5e9c,2020-10-29,18,{'JAM'},{'JAM_STAND_STILL_TRAFFIC'},33,{2},5.0
2e69c5e9,2e69c5e9c,2020-10-30,13,{'JAM'},"{'JAM_STAND_STILL_TRAFFIC', 'JAM_HEAVY_TRAFFIC'}",62,{2},6.67741935483871
2e69c5e9,2e69c5e9c,2020-10-31,14,{'JAM'},{'JAM_HEAVY_TRAFFIC'},43,{2},6.372093023255814
2e69c5e9,2e69c5e9c,2020-10-31,17,{'JAM'},{'JAM_STAND_STILL_TRAFFIC'},46,{2},5.760869565217392
2e69c5e9,2e69c5e9c,2020-11-08,13,{'JAM'},{'JAM_STAND_STILL_TRAFFIC'},27,{2},7.962962962962963
2e69c5e9,2e69c5e9c,2020-11-21,12,{'JAM'},{'JAM_HEAVY_TRAFFIC'},31,{2},5.0
2e69c5eb,2e69c5ea4,2020-10-20,13,{'JAM'},{'JAM_STAND_STILL_TRAFFIC'},33,{2},5.0
2e69c5eb,2e69c5ea4,2020-10-29,13,{'JAM'},{'JAM_MODERATE_TRAFFIC'},31,{2},5.0
2e69c5eb,2e69c5ea4,2020-10-31,17,{'JAM'},{'JAM_HEAVY_TRAFFIC'},41,{2},5.365853658536586
2e69c5eb,2e69c5ea4,2020-11-01,15,{'JAM'},{'JAM_STAND_STILL_TRAFFIC'},31,{2},5.967741935483871
2e69c5eb,2e69c5ea4,2020-11-15,10,{'JAM'},{'JAM'},29,{2},5.0
2e69c5eb,2e69c5ea4,2020-11-15,15,{'JAM'},{'JAM_HEAVY_TRAFFIC'},31,{2},6.0
2e69c5eb,2e69c5ea4,2020-11-22,13,{'WEATHERHAZARD'},{'HAZARD_ON_ROAD_CONSTRUCTION'},40,{2},5.9
2e69c5eb,2e69c5eac,2020-09-02,13,{'JAM'},{'JAM_HEAVY_TRAFFIC'},30,{2},5.0
2e69c5eb,2e69c5eac,2020-09-02,16,{'JAM'},{'JAM_HEAVY_TRAFFIC'},30,{2},5.0
2e69c5eb,2e69c5eac,2020-09-07,17,{'JAM'},{'JAM_STAND_STILL_TRAFFIC'},34,{2},5.0
2e69c5eb,2e69c5eac,2020-09-20,4,{'JAM'},{'JAM'},32,{2},5.0
2e69c5eb,2e69c5eac,2020-10-15,17,"{'JAM', 'WEATHERHAZARD'}","{'JAM_STAND_STILL_TRAFFIC', 'HAZARD_ON_ROAD_ROAD_KILL'}",80,{2},6.8875
2e69c5eb,2e69c5eac,2020-10-15,18,{'JAM'},"{'JAM_STAND_STILL_TRAFFIC', 'JAM_HEAVY_TRAFFIC'}",55,{2},5.036363636363636
2e69c5eb,2e69c5eac,2020-10-18,14,{'JAM'},{'JAM'},30,{2},5.0
2e69c5eb,2e69c5eac,2020-10-20,12,{'JAM'},{'JAM_STAND_STILL_TRAFFIC'},30,{2},5.0
2e69c5eb,2e69c5eac,2020-10-20,15,{'JAM'},{'JAM_HEAVY_TRAFFIC'},31,{2},5.0
2e69c5eb,2e69c5eac,2020-11-07,14,{'JAM'},{'JAM_STAND_STILL_TRAFFIC'},31,{2},5.0
2e69c5eb,2e69c5eac,2020-11-14,11,{'JAM'},{'JAM_STAND_STILL_TRAFFIC'},23,{2},6.0
2e69c5eb,2e69c5eac,2020-11-21,16,{'JAM'},{'JAM_HEAVY_TRAFFIC'},31,{2},5.774193548387097
2e69c5eb,2e69c5ebc,2020-10-31,16,{'JAM'},{'JAM_STAND_STILL_TRAFFIC'},30,{2},5.0
2e69c5eb,2e69c5ebc,2020-11-07,11,{'JAM'},{'JAM_HEAVY_TRAFFIC'},31,{1},5.0
2e69c5eb,2e69c5ebc,2020-11-07,17,{'JAM'},{'JAM_STAND_STILL_TRAFFIC'},18,{2},5.0
2e69c5ed,2e69c5ecc,2020-11-20,19,"{'JAM', 'WEATHERHAZARD', 'ACCIDENT'}","{'HAZARD_ON_SHOULDER_CAR_STOPPED', 'HAZARD_ON_SHOULDER_MISSING_SIGN', 'HAZARD_ON_ROAD_OBJECT', 'ACCIDENT_MAJOR', 'JAM_HEAVY_TRAFFIC'}",276,{1},5.423913043478261
2e69c5ef,2e69c5ee4,2020-10-24,16,{'JAM'},{'JAM_STAND_STILL_TRAFFIC'},32,{2},5.0
2e69c5ef,2e69c5ee4,2020-10-31,14,{'JAM'},{'JAM_STAND_STILL_TRAFFIC'},40,{2},5.0
2e69c5ef,2e69c5ee4,2020-10-31,18,{'JAM'},{'JAM_STAND_STILL_TRAFFIC'},30,{2},5.0
2e69c5ef,2e69c5eec,2020-10-15,18,{'JAM'},{'JAM_STAND_STILL_TRAFFIC'},47,{2},6.680851063829787
2e69c5ef,2e69c5eec,2020-10-24,16,{'JAM'},{'JAM_STAND_STILL_TRAFFIC'},30,{2},5.0
2e69c5ef,2e69c5eec,2020-10-25,14,{'JAM'},{'JAM_HEAVY_TRAFFIC'},31,{2},7.935483870967742
2e69c5ef,2e69c5eec,2020-10-29,11,{'JAM'},{'JAM_HEAVY_TRAFFIC'},31,{2},5.0
2e69c5ef,2e69c5eec,2020-10-29,13,{'JAM'},{'JAM_HEAVY_TRAFFIC'},26,{2},6.884615384615385
2e69c5ef,2e69c5eec,2020-10-31,14,{'JAM'},{'JAM_STAND_STILL_TRAFFIC'},31,{2},7.548387096774194
2e69c5ef,2e69c5eec,2020-11-07,16,{'JAM'},{'JAM_STAND_STILL_TRAFFIC'},68,{2},5.735294117647059
2e69c5ef,2e69c5eec,2020-11-07,17,{'JAM'},{'JAM_STAND_STILL_TRAFFIC'},32,{2},5.0
2e69c5ef,2e69c5eec,2020-11-14,16,{'JAM'},{'JAM_STAND_STILL_TRAFFIC'},35,{2},5.0
2e69c5ef,2e69c5ef4,2020-10-04,15,{'JAM'},{'JAM_HEAVY_TRAFFIC'},27,{2},5.0
2e69c5ef,2e69c5ef4,2020-10-10,19,{'JAM'},{'JAM_STAND_STILL_TRAFFIC'},31,{2},5.0
2e69c5ef,2e69c5ef4,2020-10-11,11,{'JAM'},{'JAM_STAND_STILL_TRAFFIC'},30,{2},5.933333333333334
2e69c5ef,2e69c5ef4,2020-10-14,17,{'JAM'},"{'JAM_STAND_STILL_TRAFFIC', 'JAM_HEAVY_TRAFFIC'}",103,{2},5.310679611650485
2e69c5ef,2e69c5ef4,2020-10-15,18,{'JAM'},{'JAM_HEAVY_TRAFFIC'},31,{2},5.0
2e69c5ef,2e69c5ef4,2020-10-18,17,{'JAM'},{'JAM_STAND_STILL_TRAFFIC'},30,{2},5.0
2e69c5ef,2e69c5ef4,2020-10-24,10,{'JAM'},{'JAM_HEAVY_TRAFFIC'},31,{2},5.0
2e69c5ef,2e69c5ef4,2020-10-24,16,{'JAM'},{'JAM_STAND_STILL_TRAFFIC'},32,{2},5.0
2e69c5ef,2e69c5ef4,2020-10-25,13,{'JAM'},{'JAM_STAND_STILL_TRAFFIC'},36,{2},5.416666666666667
2e69c5ef,2e69c5ef4,2020-10-28,11,{'JAM'},{'JAM_HEAVY_TRAFFIC'},54,{2},5.0
2e69c5ef,2e69c5ef4,2020-10-29,16,{'JAM'},{'JAM_STAND_STILL_TRAFFIC'},30,{2},5.0
2e69c5ef,2e69c5ef4,2020-10-31,11,{'JAM'},"{'JAM_STAND_STILL_TRAFFIC', 'JAM_HEAVY_TRAFFIC'}",63,{2},5.238095238095238
2e69c5ef,2e69c5ef4,2020-10-31,13,{'JAM'},{'JAM_STAND_STILL_TRAFFIC'},31,{2},5.580645161290323
2e69c5ef,2e69c5ef4,2020-10-31,15,{'JAM'},{'JAM_STAND_STILL_TRAFFIC'},31,{2},5.806451612903226
2e69c5ef,2e69c5ef4,2020-10-31,16,{'JAM'},{'JAM_HEAVY_TRAFFIC'},23,{2},6.0
2e69c5ef,2e69c5ef4,2020-11-02,16,{'JAM'},{'JAM_HEAVY_TRAFFIC'},20,{2},5.0
2e69c5ef,2e69c5ef4,2020-11-04,11,{'JAM'},{'JAM_MODERATE_TRAFFIC'},31,{2},5.0
2e69c5ef,2e69c5ef4,2020-11-07,14,{'JAM'},{'JAM_STAND_STILL_TRAFFIC'},32,{2},5.9375
2e69c5ef,2e69c5ef4,2020-11-09,16,{'JAM'},{'JAM_HEAVY_TRAFFIC'},64,{2},5.0
2e69c5ef,2e69c5ef4,2020-11-15,11,{'JAM'},{'JAM_MODERATE_TRAFFIC'},31,{2},5.0
2e69c5ef,2e69c5ef4,2020-11-15,15,{'JAM'},{'JAM_HEAVY_TRAFFIC'},30,{2},6.0
2e69c5ef,2e69c5efc,2020-10-10,13,{'JAM'},{'JAM_STAND_STILL_TRAFFIC'},35,{2},5.0
2e69c5ef,2e69c5efc,2020-10-10,15,{'JAM'},{'JAM_HEAVY_TRAFFIC'},34,{2},5.0
2e69c5ef,2e69c5efc,2020-10-11,13,{'JAM'},{'JAM_HEAVY_TRAFFIC'},47,{2},5.957446808510638
2e69c5ef,2e69c5efc,2020-10-15,17,{'JAM'},{'JAM_STAND_STILL_TRAFFIC'},34,{2},5.911764705882353
2e69c5ef,2e69c5efc,2020-10-17,13,{'JAM'},{'JAM_HEAVY_TRAFFIC'},31,{2},5.0
2e69c5ef,2e69c5efc,2020-10-18,13,{'JAM'},{'JAM_HEAVY_TRAFFIC'},31,{2},7.483870967741935
2e69c5ef,2e69c5efc,2020-10-18,15,{'JAM'},{'JAM_MODERATE_TRAFFIC'},11,{2},5.0
2e69c5ef,2e69c5efc,2020-10-28,17,{'JAM'},{'JAM_STAND_STILL_TRAFFIC'},62,{2},5.661290322580645
2e69c5ef,2e69c5efc,2020-10-29,16,{'JAM'},{'JAM_STAND_STILL_TRAFFIC'},61,{2},5.262295081967213
2e69c5ef,2e69c5efc,2020-10-31,13,"{'JAM', 'WEATHERHAZARD'}","{'JAM_STAND_STILL_TRAFFIC', 'HAZARD_WEATHER_FOG'}",111,{2},8.045045045045045
2e69c5ef,2e69c5efc,2020-10-31,15,{'JAM'},{'JAM_STAND_STILL_TRAFFIC'},42,{2},6.309523809523809
2e69c5ef,2e69c5efc,2020-10-31,16,{'JAM'},{'JAM_HEAVY_TRAFFIC'},7,{2},5.0
2e69c5ef,2e69c5efc,2020-11-01,14,{'JAM'},{'JAM_MODERATE_TRAFFIC'},31,{2},5.0
2e69c5ef,2e69c5efc,2020-11-08,15,"{'JAM', 'WEATHERHAZARD'}","{'HAZARD_ON_SHOULDER_CAR_STOPPED', 'JAM_STAND_STILL_TRAFFIC'}",46,{2},5.304347826086956
2e69c5ef,2e69c5efc,2020-11-15,11,{'JAM'},{'JAM_HEAVY_TRAFFIC'},30,{2},5.0
2e69c5f1,2e69c5f04,2020-10-18,12,{'JAM'},{'JAM_HEAVY_TRAFFIC'},31,{2},5.0
2e69c5f1,2e69c5f04,2020-10-25,13,{'JAM'},{'JAM_HEAVY_TRAFFIC'},30,{2},5.0
2e69c5f3,2e69c5f2c,2020-09-08,11,{'JAM'},{'JAM_MODERATE_TRAFFIC'},34,{1},5.0
2e69c5f3,2e69c5f34,2020-10-31,16,{'JAM'},{'JAM_HEAVY_TRAFFIC'},28,{2},5.0
2e69c5f5,2e69c5f4c,2020-09-01,11,"{'JAM', 'ACCIDENT'}","{'ACCIDENT', 'JAM_HEAVY_TRAFFIC'}",153,{17},5.0
2e69c5f5,2e69c5f4c,2020-09-05,5,{'JAM'},{'JAM_HEAVY_TRAFFIC'},32,{1},5.0
2e69c5f5,2e69c5f4c,2020-09-09,20,{'WEATHERHAZARD'},{'WEATHERHAZARD'},32,{2},5.0
2e69c5f7,2e69c5f6c,2020-10-20,12,{'JAM'},{'JAM'},30,{1},5.0
2e69c5f9,2e69c5f8c,2020-09-03,17,{'JAM'},{'JAM_HEAVY_TRAFFIC'},35,{2},5.0
2e69c5f9,2e69c5f8c,2020-09-06,10,{'JAM'},{'JAM_STAND_STILL_TRAFFIC'},34,{2},5.0
2e69c5f9,2e69c5f8c,2020-09-12,11,{'JAM'},{'JAM'},8,{2},5.0
2e69c5f9,2e69c5f8c,2020-09-19,19,{'JAM'},{'JAM_STAND_STILL_TRAFFIC'},34,{2},5.0
2e69c5f9,2e69c5f8c,2020-10-18,16,{'JAM'},{'JAM_STAND_STILL_TRAFFIC'},29,{2},6.0
2e69c5f9,2e69c5f8c,2020-11-09,16,{'JAM'},{'JAM_HEAVY_TRAFFIC'},31,{2},5.0
2e69c5f9,2e69c5f8c,2020-11-10,9,{'JAM'},{'JAM_HEAVY_TRAFFIC'},30,{2},5.0
2e69c5f9,2e69c5f94,2020-10-15,18,{'JAM'},{'JAM_STAND_STILL_TRAFFIC'},14,{2},5.0
2e69c5f9,2e69c5f94,2020-10-15,19,{'JAM'},{'JAM_HEAVY_TRAFFIC'},30,{2},5.0
2e69c5f9,2e69c5f94,2020-10-18,16,{'JAM'},{'JAM_STAND_STILL_TRAFFIC'},2,{2},5.0
2e69c5f9,2e69c5f94,2020-10-19,17,{'JAM'},{'JAM_STAND_STILL_TRAFFIC'},30,{2},5.0
2e69c5f9,2e69c5f94,2020-10-31,16,{'JAM'},{'JAM_HEAVY_TRAFFIC'},30,{2},6.966666666666667
2e69c5f9,2e69c5f94,2020-10-31,17,{'JAM'},{'JAM_HEAVY_TRAFFIC'},18,{2},5.0
2e69c5f9,2e69c5f94,2020-11-09,0,{'JAM'},{'JAM_MODERATE_TRAFFIC'},32,{2},5.0
2e69c5f9,2e69c5f9c,2020-10-14,17,"{'JAM', 'ACCIDENT'}","{'ACCIDENT', 'JAM_HEAVY_TRAFFIC'}",69,{2},5.420289855072464
2e69c5f9,2e69c5f9c,2020-10-31,16,{'JAM'},"{'JAM_STAND_STILL_TRAFFIC', 'JAM_HEAVY_TRAFFIC'}",64,{2},5.0
2e69c5fb,2e69c5fa4,2020-09-10,13,{'JAM'},{'JAM_HEAVY_TRAFFIC'},6,{2},5.0
2e69c5fb,2e69c5fa4,2020-10-14,17,{'JAM'},{'JAM_HEAVY_TRAFFIC'},31,{2},5.0
2e69c5fb,2e69c5fa4,2020-10-15,17,{'JAM'},{'JAM_STAND_STILL_TRAFFIC'},38,{2},5.447368421052632
2e69c5fb,2e69c5fa4,2020-10-15,18,{'JAM'},"{'JAM_STAND_STILL_TRAFFIC', 'JAM_HEAVY_TRAFFIC'}",58,{2},5.0
2e69c5fb,2e69c5fa4,2020-10-31,13,{'JAM'},{'JAM_STAND_STILL_TRAFFIC'},97,{2},5.0
2e69c5fb,2e69c5fa4,2020-10-31,14,{'JAM'},{'JAM_STAND_STILL_TRAFFIC'},6,{2},5.0
2e69c5fb,2e69c5fa4,2020-10-31,17,{'JAM'},{'JAM_STAND_STILL_TRAFFIC'},34,{2},5.0
2e69c5fb,2e69c5fac,2020-10-14,17,{'JAM'},"{'JAM_STAND_STILL_TRAFFIC', 'JAM_HEAVY_TRAFFIC'}",66,{2},5.0
2e69c5fb,2e69c5fac,2020-10-15,18,{'JAM'},{'JAM_STAND_STILL_TRAFFIC'},60,{2},5.0
2e69c5fb,2e69c5fac,2020-10-25,14,{'JAM'},"{'JAM_STAND_STILL_TRAFFIC', 'JAM_HEAVY_TRAFFIC'}",62,{2},5.403225806451613
2e69c5fb,2e69c5fac,2020-10-29,16,{'JAM'},"{'JAM_STAND_STILL_TRAFFIC', 'JAM_HEAVY_TRAFFIC'}",79,{2},5.468354430379747
2e69c5fb,2e69c5fac,2020-10-29,17,{'JAM'},{'JAM_STAND_STILL_TRAFFIC'},62,{2},5.435483870967742
2e69c5fb,2e69c5fac,2020-10-31,10,{'JAM'},{'JAM_STAND_STILL_TRAFFIC'},34,{2},5.0
2e69c5fb,2e69c5fac,2020-10-31,13,{'JAM'},{'JAM_STAND_STILL_TRAFFIC'},32,{2},5.0
2e69c5fb,2e69c5fac,2020-10-31,14,{'JAM'},{'JAM_HEAVY_TRAFFIC'},31,{2},8.0
2e69c5fb,2e69c5fac,2020-10-31,15,{'JAM'},{'JAM_STAND_STILL_TRAFFIC'},77,{2},5.220779220779221
2e69c5fb,2e69c5fac,2020-10-31,18,{'JAM'},{'JAM_STAND_STILL_TRAFFIC'},31,{2},5.0
2e69c5fb,2e69c5fac,2020-11-10,11,{'JAM'},{'JAM_STAND_STILL_TRAFFIC'},10,{2},5.0
2e69c5fb,2e69c5fac,2020-11-22,14,{'JAM'},{'JAM_STAND_STILL_TRAFFIC'},32,{2},5.0
2e69c5fb,2e69c5fb4,2020-10-18,13,{'JAM'},{'JAM_HEAVY_TRAFFIC'},31,{2},5.0
2e69c5fb,2e69c5fb4,2020-10-20,10,{'JAM'},{'JAM_STAND_STILL_TRAFFIC'},13,{2},5.0
2e69c5fb,2e69c5fb4,2020-10-25,12,{'JAM'},{'JAM_HEAVY_TRAFFIC'},40,{2},5.375
2e69c5fb,2e69c5fb4,2020-10-29,17,{'JAM'},"{'JAM', 'JAM_STAND_STILL_TRAFFIC'}",63,{2},5.0
2e69c5fb,2e69c5fb4,2020-10-30,15,{'JAM'},{'JAM_STAND_STILL_TRAFFIC'},30,{2},5.0
2e69c5fb,2e69c5fb4,2020-10-31,15,{'JAM'},{'JAM_STAND_STILL_TRAFFIC'},32,{2},5.875
2e69c5fb,2e69c5fb4,2020-10-31,16,{'JAM'},{'JAM_STAND_STILL_TRAFFIC'},30,{2},5.0
2e69c5fb,2e69c5fb4,2020-10-31,17,{'JAM'},"{'JAM_STAND_STILL_TRAFFIC', 'JAM_HEAVY_TRAFFIC'}",89,{2},5.842696629213483
2e69c5fb,2e69c5fb4,2020-11-15,16,{'WEATHERHAZARD'},{'HAZARD_ON_ROAD_OBJECT'},3,{2},5.666666666666667
2e69c5fb,2e69c5fbc,2020-10-15,19,{'JAM'},{'JAM'},30,{22},5.0
2e69c5fd,2e69c5fc4,2020-10-15,17,{'JAM'},{'JAM_STAND_STILL_TRAFFIC'},70,{2},5.671428571428572
2e69c5fd,2e69c5fc4,2020-10-15,18,{'JAM'},"{'JAM_STAND_STILL_TRAFFIC', 'JAM_HEAVY_TRAFFIC'}",36,{2},5.388888888888889
2e69c5fd,2e69c5fc4,2020-10-18,17,{'JAM'},{'JAM_STAND_STILL_TRAFFIC'},30,{2},5.0
2e69c5fd,2e69c5fc4,2020-10-24,14,{'JAM'},{'JAM_HEAVY_TRAFFIC'},30,{2},5.0
2e69c5fd,2e69c5fcc,2020-09-06,17,{'JAM'},{'JAM_HEAVY_TRAFFIC'},37,{2},5.45945945945946
2e69c5fd,2e69c5fcc,2020-09-19,11,{'JAM'},{'JAM_MODERATE_TRAFFIC'},30,{2},5.0
2e69c5fd,2e69c5fcc,2020-10-15,18,{'JAM'},{'JAM_STAND_STILL_TRAFFIC'},32,{2},5.0
2e69c5fd,2e69c5fcc,2020-10-16,16,{'JAM'},{'JAM_HEAVY_TRAFFIC'},16,{2},5.0
2e69c5fd,2e69c5fcc,2020-10-16,17,{'WEATHERHAZARD'},{'WEATHERHAZARD'},33,{2},5.0
2e69c5fd,2e69c5fcc,2020-10-20,18,{'JAM'},{'JAM_MODERATE_TRAFFIC'},26,{2},5.0
2e69c5fd,2e69c5fcc,2020-10-25,14,{'JAM'},{'JAM_STAND_STILL_TRAFFIC'},33,{2},5.484848484848484
2e69c5fd,2e69c5fcc,2020-10-31,15,{'JAM'},{'JAM_STAND_STILL_TRAFFIC'},31,{2},5.0
2e69c5fd,2e69c5fcc,2020-10-31,16,{'JAM'},{'JAM_STAND_STILL_TRAFFIC'},31,{2},6.741935483870968
2e69c5fd,2e69c5fcc,2020-11-06,13,{'JAM'},{'JAM_HEAVY_TRAFFIC'},33,{2},5.0
2e69c5fd,2e69c5fcc,2020-11-09,16,{'JAM'},{'JAM_MODERATE_TRAFFIC'},74,{2},5.0
2e69c5fd,2e69c5fcc,2020-11-12,10,{'JAM'},{'JAM_MODERATE_TRAFFIC'},30,{2},5.0
2e69c5fd,2e69c5fcc,2020-11-22,13,{'JAM'},{'JAM_HEAVY_TRAFFIC'},33,{2},5.0
2e69c5fd,2e69c5fcc,2020-11-22,14,{'JAM'},{'JAM_STAND_STILL_TRAFFIC'},32,{2},6.1875
2e69c5fd,2e69c5fd4,2020-09-26,16,{'JAM'},{'JAM_HEAVY_TRAFFIC'},32,{6},5.84375
2e69c5fd,2e69c5fd4,2020-10-04,12,{'JAM'},{'JAM_STAND_STILL_TRAFFIC'},34,{6},5.970588235294118
2e69c5fd,2e69c5fd4,2020-10-10,15,{'JAM'},{'JAM_STAND_STILL_TRAFFIC'},32,{6},5.5
2e69c5fd,2e69c5fd4,2020-10-10,17,{'JAM'},{'JAM_HEAVY_TRAFFIC'},31,{6},5.0
2e69c5fd,2e69c5fd4,2020-10-18,16,{'JAM'},{'JAM_STAND_STILL_TRAFFIC'},31,{6},5.0
2e69c5fd,2e69c5fd4,2020-10-18,17,{'JAM'},{'JAM_HEAVY_TRAFFIC'},31,{6},5.0
2e69c5fd,2e69c5fd4,2020-10-21,15,{'WEATHERHAZARD'},{'HAZARD_ON_ROAD_CAR_STOPPED'},34,{2},5.0
2e69c5fd,2e69c5fd4,2020-10-24,12,{'JAM'},{'JAM_HEAVY_TRAFFIC'},32,{6},5.0
2e69c5fd,2e69c5fd4,2020-10-25,14,{'JAM'},{'JAM_STAND_STILL_TRAFFIC'},30,{6},6.0
2e69c5fd,2e69c5fd4,2020-10-29,14,{'JAM'},{'JAM_STAND_STILL_TRAFFIC'},31,{6},5.806451612903226
2e69c5fd,2e69c5fd4,2020-10-29,15,{'JAM'},{'JAM_HEAVY_TRAFFIC'},31,{2},5.0
2e69c5fd,2e69c5fd4,2020-10-29,16,{'JAM'},{'JAM_STAND_STILL_TRAFFIC'},32,{6},6.65625
2e69c5fd,2e69c5fd4,2020-10-29,17,{'JAM'},{'JAM_STAND_STILL_TRAFFIC'},30,{6},5.733333333333333
2e69c5fd,2e69c5fd4,2020-10-29,20,{'JAM'},{'JAM'},32,{6},6.0
2e69c5fd,2e69c5fd4,2020-10-30,14,{'JAM'},{'JAM_STAND_STILL_TRAFFIC'},34,{6},5.0
2e69c5fd,2e69c5fd4,2020-10-30,15,{'JAM'},{'JAM_STAND_STILL_TRAFFIC'},59,{6},5.796610169491525
2e69c5fd,2e69c5fd4,2020-10-30,16,{'JAM'},{'JAM_STAND_STILL_TRAFFIC'},32,{6},5.0
2e69c5fd,2e69c5fd4,2020-10-30,17,{'JAM'},{'JAM_STAND_STILL_TRAFFIC'},44,{6},6.204545454545454
2e69c5fd,2e69c5fd4,2020-10-31,12,{'JAM'},"{'JAM_STAND_STILL_TRAFFIC', 'JAM_HEAVY_TRAFFIC'}",41,"{2, 6}",5.365853658536586
2e69c5fd,2e69c5fd4,2020-10-31,14,{'JAM'},"{'JAM_STAND_STILL_TRAFFIC', 'JAM_HEAVY_TRAFFIC'}",111,{6},5.8108108108108105
2e69c5fd,2e69c5fd4,2020-10-31,16,{'JAM'},{'JAM_STAND_STILL_TRAFFIC'},59,{6},5.4576271186440675
2e69c5fd,2e69c5fd4,2020-11-01,14,{'JAM'},{'JAM_STAND_STILL_TRAFFIC'},32,{6},5.0
2e69c5fd,2e69c5fd4,2020-11-01,15,{'JAM'},{'JAM_HEAVY_TRAFFIC'},47,{6},5.361702127659575
2e69c5fd,2e69c5fd4,2020-11-07,14,{'JAM'},{'JAM_STAND_STILL_TRAFFIC'},32,{6},5.0
2e69c5fd,2e69c5fd4,2020-11-08,12,{'JAM'},{'JAM_STAND_STILL_TRAFFIC'},35,{6},5.0
2e69c5fd,2e69c5fd4,2020-11-15,15,{'JAM'},{'JAM_STAND_STILL_TRAFFIC'},31,{6},5.967741935483871
2e69c5fd,2e69c5fd4,2020-11-15,16,{'JAM'},{'JAM_STAND_STILL_TRAFFIC'},32,{6},5.0
2e69c5fd,2e69c5fd4,2020-11-21,16,{'JAM'},{'JAM_HEAVY_TRAFFIC'},36,{6},5.444444444444445
2e69c5fd,2e69c5fd4,2020-11-22,13,"{'JAM', 'WEATHERHAZARD'}","{'JAM_STAND_STILL_TRAFFIC', 'HAZARD_WEATHER_FOG'}",32,{6},5.03125
2e69c5fd,2e69c5fdc,2020-09-03,17,{'JAM'},{'JAM_STAND_STILL_TRAFFIC'},66,"{2, 20}",5.0
2e69c5fd,2e69c5fdc,2020-09-05,15,{'JAM'},{'JAM_MODERATE_TRAFFIC'},31,{6},5.0
2e69c5fd,2e69c5fdc,2020-09-10,17,{'JAM'},{'JAM'},31,{6},5.0
2e69c5fd,2e69c5fdc,2020-09-27,15,{'JAM'},{'JAM_STAND_STILL_TRAFFIC'},32,{6},5.0
2e69c5fd,2e69c5fdc,2020-10-03,15,{'JAM'},{'JAM_STAND_STILL_TRAFFIC'},32,{6},5.0
2e69c5fd,2e69c5fdc,2020-10-10,14,{'JAM'},{'JAM_STAND_STILL_TRAFFIC'},31,{6},5.0
2e69c5fd,2e69c5fdc,2020-10-10,16,{'JAM'},{'JAM_HEAVY_TRAFFIC'},30,{2},5.0
2e69c5fd,2e69c5fdc,2020-10-15,17,{'JAM'},{'JAM_STAND_STILL_TRAFFIC'},31,{6},5.580645161290323
2e69c5fd,2e69c5fdc,2020-10-15,18,{'JAM'},{'JAM_HEAVY_TRAFFIC'},15,{6},5.0
2e69c5fd,2e69c5fdc,2020-10-17,11,"{'JAM', 'ACCIDENT'}","{'JAM_MODERATE_TRAFFIC', 'ACCIDENT_MAJOR'}",118,{6},6.033898305084746
2e69c5fd,2e69c5fdc,2020-10-18,17,{'JAM'},{'JAM_HEAVY_TRAFFIC'},30,{6},5.0
2e69c5fd,2e69c5fdc,2020-10-24,13,{'JAM'},{'JAM_HEAVY_TRAFFIC'},31,{6},5.0
2e69c5fd,2e69c5fdc,2020-10-25,15,{'JAM'},{'JAM_STAND_STILL_TRAFFIC'},30,{6},5.0
2e69c5fd,2e69c5fdc,2020-10-29,17,"{'JAM', 'WEATHERHAZARD'}","{'HAZARD_ON_SHOULDER_CAR_STOPPED', 'JAM_STAND_STILL_TRAFFIC', 'HAZARD_ON_ROAD_POT_HOLE', 'JAM_HEAVY_TRAFFIC'}",4082,"{17, 1, 6}",7.642577168054875
2e69c5fd,2e69c5fdc,2020-10-30,12,{'WEATHERHAZARD'},{'HAZARD_ON_SHOULDER_CAR_STOPPED'},31,{1},5.0
2e69c5fd,2e69c5fdc,2020-10-31,15,"{'JAM', 'WEATHERHAZARD'}","{'WEATHERHAZARD', 'JAM_STAND_STILL_TRAFFIC'}",61,{2},5.081967213114754
2e69c5fd,2e69c5fdc,2020-10-31,16,{'JAM'},{'JAM_STAND_STILL_TRAFFIC'},3,{6},5.0
2e69c5fd,2e69c5fdc,2020-10-31,17,{'ACCIDENT'},{'ACCIDENT_MINOR'},85,{2},7.305882352941176
2e69c5fd,2e69c5fdc,2020-11-08,12,{'WEATHERHAZARD'},{'HAZARD_ON_ROAD_CAR_STOPPED'},28,{6},6.857142857142857
2e69c5fd,2e69c5fdc,2020-11-13,16,{'JAM'},{'JAM_STAND_STILL_TRAFFIC'},31,{20},5.0
2e69c5fd,2e69c5fdc,2020-11-19,13,{'JAM'},{'JAM'},34,{20},5.0
2e69c5fd,2e69c5fdc,2020-11-19,22,{'WEATHERHAZARD'},{'HAZARD_ON_ROAD_POT_HOLE'},5117,{17},8.390658589017002
2e69c5fd,2e69c5fdc,2020-11-19,23,{'WEATHERHAZARD'},{'HAZARD_ON_ROAD_POT_HOLE'},30167,{1},8.516126893625485
2e69c5fd,2e69c5fdc,2020-11-21,7,{'JAM'},{'JAM_HEAVY_TRAFFIC'},18,{6},5.0
2e69c5ff,2e69c5fe4,2020-10-30,12,{'WEATHERHAZARD'},{'HAZARD_ON_SHOULDER_CAR_STOPPED'},30,{1},5.0
2e69c5ff,2e69c5fe4,2020-11-19,23,{'WEATHERHAZARD'},{'HAZARD_ON_ROAD_CAR_STOPPED'},31,{1},5.0
2e69c601,2e69c600c,2020-09-09,7,{'WEATHERHAZARD'},{'HAZARD_ON_ROAD_CAR_STOPPED'},30,{6},5.0
2e69c601,2e69c600c,2020-09-09,8,{'JAM'},{'JAM_HEAVY_TRAFFIC'},30,{2},5.0
2e69c601,2e69c600c,2020-09-11,16,{'JAM'},{'JAM_STAND_STILL_TRAFFIC'},32,{6},5.0
2e69c601,2e69c600c,2020-09-14,16,{'JAM'},{'JAM_MODERATE_TRAFFIC'},33,{6},5.0
2e69c601,2e69c600c,2020-09-26,16,{'JAM'},{'JAM_MODERATE_TRAFFIC'},31,{6},5.0
2e69c601,2e69c600c,2020-10-04,12,{'JAM'},{'JAM_STAND_STILL_TRAFFIC'},13,{6},5.0
2e69c601,2e69c600c,2020-10-09,19,{'JAM'},{'JAM_MODERATE_TRAFFIC'},30,{6},5.0
2e69c601,2e69c600c,2020-10-28,16,{'JAM'},{'JAM_STAND_STILL_TRAFFIC'},30,{6},5.0
2e69c601,2e69c600c,2020-10-31,15,{'JAM'},{'JAM_HEAVY_TRAFFIC'},30,{6},7.0
2e69c601,2e69c600c,2020-10-31,16,{'JAM'},"{'JAM_STAND_STILL_TRAFFIC', 'JAM_HEAVY_TRAFFIC'}",63,{6},5.571428571428571
2e69c601,2e69c600c,2020-11-07,17,{'JAM'},{'JAM_HEAVY_TRAFFIC'},31,{6},5.580645161290323
2e69c601,2e69c600c,2020-11-21,14,{'WEATHERHAZARD'},{'HAZARD_WEATHER_FLOOD'},31,{6},6.774193548387097
2e69c601,2e69c601c,2020-11-02,20,{'JAM'},{'JAM_MODERATE_TRAFFIC'},6,{6},5.0
2e69c603,2e69c6034,2020-10-10,15,{'JAM'},{'JAM_STAND_STILL_TRAFFIC'},32,{2},5.0
2e69c603,2e69c6034,2020-10-29,15,{'JAM'},{'JAM_STAND_STILL_TRAFFIC'},35,{2},5.428571428571429
2e69c603,2e69c6034,2020-10-29,16,{'JAM'},{'JAM_STAND_STILL_TRAFFIC'},32,{2},5.0
2e69c603,2e69c6034,2020-11-19,13,{'WEATHERHAZARD'},{'HAZARD_ON_ROAD_CONSTRUCTION'},720,{2},5.5569444444444445
2e69c607,2e69c606c,2020-11-18,12,{'JAM'},{'JAM_STAND_STILL_TRAFFIC'},6,{2},5.0
2e69c607,2e69c607c,2020-10-04,15,{'JAM'},{'JAM_STAND_STILL_TRAFFIC'},7,{1},5.0
2e69c607,2e69c607c,2020-10-10,15,{'JAM'},{'JAM_STAND_STILL_TRAFFIC'},6,{2},5.0
2e69c607,2e69c607c,2020-10-25,15,{'JAM'},{'JAM_HEAVY_TRAFFIC'},24,{2},5.0
2e69c607,2e69c607c,2020-10-28,19,{'JAM'},{'JAM'},32,{2},5.0
2e69c607,2e69c607c,2020-10-30,15,{'JAM'},"{'JAM_STAND_STILL_TRAFFIC', 'JAM_HEAVY_TRAFFIC'}",111,"{1, 2}",5.0
2e69c607,2e69c607c,2020-10-31,13,{'JAM'},{'JAM_STAND_STILL_TRAFFIC'},27,{1},7.407407407407407
2e69c609,2e69c6084,2020-09-24,13,{'WEATHERHAZARD'},{'WEATHERHAZARD'},33,{1},5.0
2e69c609,2e69c6084,2020-10-04,14,{'JAM'},{'JAM_STAND_STILL_TRAFFIC'},12,{1},5.416666666666667
2e69c609,2e69c6084,2020-10-04,15,{'JAM'},{'JAM_STAND_STILL_TRAFFIC'},36,{1},5.416666666666667
2e69c609,2e69c6084,2020-10-10,15,{'JAM'},{'JAM_STAND_STILL_TRAFFIC'},30,{1},5.0
2e69c609,2e69c6084,2020-10-18,14,{'JAM'},{'JAM_STAND_STILL_TRAFFIC'},17,{1},5.0
2e69c609,2e69c6084,2020-10-25,12,{'JAM'},{'JAM_STAND_STILL_TRAFFIC'},30,{1},5.0
2e69c609,2e69c6084,2020-10-25,14,{'JAM'},{'JAM_STAND_STILL_TRAFFIC'},32,{1},7.65625
2e69c609,2e69c6084,2020-10-29,14,{'JAM'},"{'JAM_STAND_STILL_TRAFFIC', 'JAM_MODERATE_TRAFFIC'}",42,{1},7.714285714285714
2e69c609,2e69c6084,2020-10-30,15,{'JAM'},"{'JAM_STAND_STILL_TRAFFIC', 'JAM_HEAVY_TRAFFIC'}",95,"{1, 2}",5.0
2e69c609,2e69c6084,2020-10-31,13,{'JAM'},{'JAM_STAND_STILL_TRAFFIC'},27,{1},5.962962962962963
2e69c609,2e69c6084,2020-10-31,14,{'JAM'},"{'JAM_MODERATE_TRAFFIC', 'JAM_HEAVY_TRAFFIC'}",15,{1},5.333333333333333
2e69c609,2e69c6084,2020-11-07,14,{'JAM'},{'JAM_STAND_STILL_TRAFFIC'},6,{1},5.0
2e69c609,2e69c6084,2020-11-15,13,{'JAM'},{'JAM_STAND_STILL_TRAFFIC'},30,{22},5.0
2e69c609,2e69c6084,2020-11-15,14,{'JAM'},{'JAM_STAND_STILL_TRAFFIC'},26,{1},5.0
2e69c609,2e69c609c,2020-10-29,14,{'JAM'},{'JAM_HEAVY_TRAFFIC'},6,{1},5.0
2e69c609,2e69c609c,2020-11-07,14,{'JAM'},{'JAM_HEAVY_TRAFFIC'},14,{1},5.0
2e69c60b,2e69c60ac,2020-11-12,9,{'JAM'},{'JAM_STAND_STILL_TRAFFIC'},41,{2},5.0
2e69c60b,2e69c60b4,2020-11-06,11,{'JAM'},{'JAM'},30,{1},5.0
2e69c61b,2e69c61b4,2020-10-15,14,{'JAM'},{'JAM_STAND_STILL_TRAFFIC'},32,{2},5.0
2e69c663,2e69c6634,2020-11-15,17,{'JAM'},{'JAM_MODERATE_TRAFFIC'},31,{2},5.0
2e69c663,2e69c663c,2020-10-20,12,{'JAM'},{'JAM_STAND_STILL_TRAFFIC'},31,{4},5.0
2e69c663,2e69c663c,2020-10-20,13,{'JAM'},{'JAM_STAND_STILL_TRAFFIC'},31,{4},5.967741935483871
2e69c665,2e69c6644,2020-10-10,14,{'WEATHERHAZARD'},{'HAZARD_ON_SHOULDER_CAR_STOPPED'},27,{4},5.666666666666667
2e69c665,2e69c6644,2020-10-20,15,{'JAM'},{'JAM_STAND_STILL_TRAFFIC'},32,{4},5.0
2e69c665,2e69c6644,2020-10-20,16,{'WEATHERHAZARD'},{'HAZARD_WEATHER_FOG'},13,{4},5.846153846153846
2e69c665,2e69c6644,2020-10-28,18,{'WEATHERHAZARD'},{'HAZARD_ON_SHOULDER_CAR_STOPPED'},31,{4},6.419354838709677
2e69c665,2e69c6644,2020-11-14,5,{'WEATHERHAZARD'},{'HAZARD_ON_SHOULDER_CAR_STOPPED'},30,{4},6.533333333333333
2e69c665,2e69c6654,2020-09-27,16,{'JAM'},{'JAM_STAND_STILL_TRAFFIC'},38,{4},6.7894736842105265
2e69c665,2e69c6654,2020-10-28,11,{'JAM'},{'JAM_MODERATE_TRAFFIC'},5,{4},5.0
2e69c665,2e69c6654,2020-10-29,13,{'JAM'},{'JAM_HEAVY_TRAFFIC'},27,{4},7.111111111111111
2e69c665,2e69c6654,2020-10-29,14,{'JAM'},{'JAM'},26,{4},7.730769230769231
2e69c665,2e69c6654,2020-11-13,17,{'WEATHERHAZARD'},{'HAZARD_ON_SHOULDER_CAR_STOPPED'},13,{4},5.076923076923077
2e69c665,2e69c665c,2020-09-02,10,{'WEATHERHAZARD'},{'HAZARD_ON_ROAD_CONSTRUCTION'},22,{4},5.909090909090909
2e69c665,2e69c665c,2020-09-03,20,{'WEATHERHAZARD'},{'HAZARD_ON_ROAD_CONSTRUCTION'},848,{4},7.78183962264151
2e69c665,2e69c665c,2020-09-04,20,{'WEATHERHAZARD'},{'HAZARD_ON_ROAD_CONSTRUCTION'},17,{4},6.117647058823529
2e69c665,2e69c665c,2020-09-05,6,{'WEATHERHAZARD'},{'HAZARD_ON_ROAD_CONSTRUCTION'},101,{4},6.920792079207921
2e69c665,2e69c665c,2020-09-07,19,{'WEATHERHAZARD'},{'HAZARD_ON_ROAD_CONSTRUCTION'},734,{4},9.506811989100818
2e69c665,2e69c665c,2020-09-08,19,{'WEATHERHAZARD'},{'HAZARD_ON_SHOULDER_CAR_STOPPED'},31,{4},5.0
2e69c665,2e69c665c,2020-09-09,19,{'WEATHERHAZARD'},{'HAZARD_ON_ROAD_CONSTRUCTION'},687,{4},9.45269286754003
2e69c665,2e69c665c,2020-09-10,16,{'WEATHERHAZARD'},{'HAZARD_ON_SHOULDER_CAR_STOPPED'},29,{4},5.896551724137931
2e69c665,2e69c665c,2020-09-10,17,{'WEATHERHAZARD'},{'HAZARD_ON_ROAD_CONSTRUCTION'},167,{4},7.574850299401198
2e69c665,2e69c665c,2020-09-11,19,{'WEATHERHAZARD'},{'HAZARD_ON_ROAD_CONSTRUCTION'},127,{4},7.094488188976378
2e69c665,2e69c665c,2020-09-19,21,{'WEATHERHAZARD'},{'HAZARD_ON_ROAD_CONSTRUCTION'},649,{4},8.224961479198768
2e69c665,2e69c665c,2020-09-22,7,{'WEATHERHAZARD'},{'HAZARD_ON_SHOULDER_CAR_STOPPED'},33,{4},5.0
2e69c665,2e69c665c,2020-10-29,12,{'JAM'},{'JAM_HEAVY_TRAFFIC'},31,{4},5.967741935483871
2e69c665,2e69c665c,2020-10-29,13,{'JAM'},{'JAM_HEAVY_TRAFFIC'},29,{4},8.172413793103448
2e69c665,2e69c665c,2020-10-29,14,{'JAM'},{'JAM_STAND_STILL_TRAFFIC'},34,{4},6.411764705882353
2e69c66d,2e69c66d4,2020-09-26,6,{'WEATHERHAZARD'},{'HAZARD_ON_SHOULDER_CAR_STOPPED'},31,{2},5.0
2e69c66d,2e69c66d4,2020-10-10,16,{'WEATHERHAZARD'},{'HAZARD_ON_SHOULDER_CAR_STOPPED'},31,{2},6.0
2e69c66f,2e69c66e4,2020-09-13,14,{'JAM'},{'JAM_MODERATE_TRAFFIC'},5,{4},5.0
2e69c66f,2e69c66fc,2020-09-05,6,{'WEATHERHAZARD'},{'HAZARD_ON_SHOULDER_CAR_STOPPED'},32,{2},5.875
2e69c66f,2e69c66fc,2020-09-12,5,{'WEATHERHAZARD'},{'HAZARD_ON_ROAD_CONSTRUCTION'},108,{4},8.333333333333334
2e69c66f,2e69c66fc,2020-09-14,16,{'WEATHERHAZARD'},{'HAZARD_ON_ROAD_CONSTRUCTION'},727,{4},9.595598349381017
2e69c66f,2e69c66fc,2020-09-19,5,{'WEATHERHAZARD'},{'HAZARD_ON_ROAD_CONSTRUCTION'},113,{4},8.52212389380531
2e69c66f,2e69c66fc,2020-10-06,14,{'WEATHERHAZARD'},{'HAZARD_ON_SHOULDER_CAR_STOPPED'},12,{4},5.75
2e69c66f,2e69c66fc,2020-10-06,16,{'WEATHERHAZARD'},{'HAZARD_ON_ROAD_CONSTRUCTION'},92,{4},6.293478260869565
2e69c66f,2e69c66fc,2020-10-24,6,{'WEATHERHAZARD'},{'HAZARD_ON_SHOULDER_CAR_STOPPED'},32,{2},5.0
2e69c66f,2e69c66fc,2020-10-29,15,{'WEATHERHAZARD'},{'HAZARD_ON_SHOULDER_CAR_STOPPED'},31,{2},5.0
2e69c66f,2e69c66fc,2020-11-06,13,{'WEATHERHAZARD'},{'HAZARD_ON_SHOULDER_CAR_STOPPED'},17,{4},5.705882352941177
2e69c671,2e69c6704,2020-10-31,16,{'WEATHERHAZARD'},{'HAZARD_ON_SHOULDER_CAR_STOPPED'},31,{2},5.548387096774194
2e69c671,2e69c670c,2020-09-05,6,{'WEATHERHAZARD'},{'HAZARD_ON_SHOULDER_CAR_STOPPED'},12,{2},5.666666666666667
2e69c671,2e69c670c,2020-09-05,13,{'WEATHERHAZARD'},{'HAZARD_ON_SHOULDER_CAR_STOPPED'},31,{2},5.967741935483871
2e69c671,2e69c670c,2020-09-12,15,{'WEATHERHAZARD'},{'HAZARD_ON_SHOULDER_CAR_STOPPED'},33,{2},5.0
2e69c671,2e69c670c,2020-09-20,14,{'WEATHERHAZARD'},{'HAZARD_ON_SHOULDER_CAR_STOPPED'},31,{2},5.580645161290323
2e69c671,2e69c670c,2020-10-17,15,{'JAM'},{'JAM_HEAVY_TRAFFIC'},5,{2},5.0
2e69c671,2e69c670c,2020-10-31,16,{'WEATHERHAZARD'},{'HAZARD_ON_SHOULDER_CAR_STOPPED'},30,{2},5.466666666666667
2e69c671,2e69c671c,2020-10-17,6,{'WEATHERHAZARD'},{'HAZARD_ON_SHOULDER_CAR_STOPPED'},31,{2},5.0
2e69c671,2e69c671c,2020-11-05,6,{'JAM'},{'JAM_HEAVY_TRAFFIC'},7,{2},5.0
2e69c673,2e69c6724,2020-09-05,6,{'WEATHERHAZARD'},{'HAZARD_ON_SHOULDER_CAR_STOPPED'},32,{2},5.5625
2e69c673,2e69c6724,2020-09-12,6,{'WEATHERHAZARD'},{'HAZARD_ON_SHOULDER_CAR_STOPPED'},30,{2},5.0
2e69c673,2e69c6724,2020-09-12,15,{'WEATHERHAZARD'},{'HAZARD_ON_SHOULDER_CAR_STOPPED'},31,{2},5.0
2e69c673,2e69c6724,2020-09-20,6,{'WEATHERHAZARD'},{'HAZARD_ON_SHOULDER_CAR_STOPPED'},32,{2},5.0
2e69c673,2e69c6724,2020-10-17,6,{'WEATHERHAZARD'},{'HAZARD_ON_SHOULDER_CAR_STOPPED'},31,{2},5.0
2e69c673,2e69c6724,2020-10-24,6,{'WEATHERHAZARD'},{'HAZARD_ON_SHOULDER_CAR_STOPPED'},31,{2},5.580645161290323
2e69c673,2e69c6724,2020-10-24,14,{'WEATHERHAZARD'},{'HAZARD_ON_SHOULDER_CAR_STOPPED'},30,{2},5.0
2e69c673,2e69c6724,2020-10-29,6,{'WEATHERHAZARD'},{'HAZARD_ON_SHOULDER_CAR_STOPPED'},31,{2},5.0
2e69c673,2e69c6724,2020-10-29,15,{'WEATHERHAZARD'},{'HAZARD_ON_SHOULDER_CAR_STOPPED'},30,{2},5.566666666666666
2e69c673,2e69c6724,2020-11-07,16,{'WEATHERHAZARD'},{'HAZARD_ON_SHOULDER_CAR_STOPPED'},34,{2},5.0
2e69c673,2e69c6724,2020-11-08,15,{'WEATHERHAZARD'},{'HAZARD_ON_SHOULDER_CAR_STOPPED'},32,{2},5.0
2e69c673,2e69c6724,2020-11-14,6,{'WEATHERHAZARD'},{'HAZARD_ON_SHOULDER_CAR_STOPPED'},31,{2},5.0
2e69c673,2e69c6724,2020-11-14,16,{'WEATHERHAZARD'},{'HAZARD_ON_SHOULDER_CAR_STOPPED'},31,{2},5.0
2e69c673,2e69c672c,2020-09-05,13,{'WEATHERHAZARD'},{'HAZARD_ON_SHOULDER_CAR_STOPPED'},32,{2},5.0
2e69c673,2e69c672c,2020-09-12,15,{'WEATHERHAZARD'},{'HAZARD_ON_SHOULDER_CAR_STOPPED'},32,{2},5.0
2e69c673,2e69c672c,2020-09-19,15,{'WEATHERHAZARD'},{'HAZARD_ON_SHOULDER_CAR_STOPPED'},33,{2},5.0
2e69c673,2e69c672c,2020-09-20,14,{'WEATHERHAZARD'},{'HAZARD_ON_SHOULDER_CAR_STOPPED'},31,{2},5.0
2e69c673,2e69c672c,2020-09-26,15,{'WEATHERHAZARD'},{'HAZARD_ON_SHOULDER_CAR_STOPPED'},30,{2},5.0
2e69c673,2e69c672c,2020-10-17,15,{'WEATHERHAZARD'},{'HAZARD_ON_SHOULDER_CAR_STOPPED'},31,{2},5.0
2e69c673,2e69c672c,2020-10-28,6,{'WEATHERHAZARD'},{'HAZARD_ON_SHOULDER_CAR_STOPPED'},30,{2},5.0
2e69c673,2e69c672c,2020-10-28,15,{'WEATHERHAZARD'},{'HAZARD_ON_SHOULDER_CAR_STOPPED'},11,{2},5.363636363636363
2e69c673,2e69c672c,2020-10-31,6,{'WEATHERHAZARD'},{'HAZARD_ON_SHOULDER_CAR_STOPPED'},31,{2},5.0
2e69c673,2e69c672c,2020-10-31,16,{'WEATHERHAZARD'},{'HAZARD_ON_SHOULDER_CAR_STOPPED'},30,{2},5.0
2e69c673,2e69c672c,2020-11-05,15,{'WEATHERHAZARD'},{'HAZARD_ON_SHOULDER_CAR_STOPPED'},30,{2},5.0
2e69c673,2e69c672c,2020-11-07,5,{'WEATHERHAZARD'},{'HAZARD_ON_SHOULDER_CAR_STOPPED'},32,{2},5.0
2e69c677,2e69c6764,2020-09-09,19,{'WEATHERHAZARD'},{'HAZARD_ON_SHOULDER_CAR_STOPPED'},1,{2},5.0
2e69c677,2e69c6764,2020-10-10,11,{'JAM'},{'JAM_STAND_STILL_TRAFFIC'},22,{2},5.0
2e69c677,2e69c6764,2020-11-18,19,{'WEATHERHAZARD'},{'HAZARD_ON_SHOULDER_CAR_STOPPED'},30,{2},5.0
2e69c677,2e69c6774,2020-09-19,15,{'WEATHERHAZARD'},{'HAZARD_ON_ROAD_CONSTRUCTION'},722,{2},5.588642659279778
2e69c677,2e69c6774,2020-09-26,15,{'WEATHERHAZARD'},{'HAZARD_ON_SHOULDER_CAR_STOPPED'},32,{2},5.0
2e69c677,2e69c6774,2020-10-24,14,{'WEATHERHAZARD'},{'HAZARD_ON_SHOULDER_CAR_STOPPED'},30,{2},5.0
2e69c677,2e69c6774,2020-10-28,15,{'WEATHERHAZARD'},{'HAZARD_ON_SHOULDER_CAR_STOPPED'},31,{2},5.548387096774194
2e69c677,2e69c677c,2020-09-02,13,{'WEATHERHAZARD'},{'HAZARD_ON_ROAD_CAR_STOPPED'},45,{2},7.155555555555556
2e69c677,2e69c677c,2020-09-03,20,{'WEATHERHAZARD'},{'HAZARD_ON_SHOULDER_CAR_STOPPED'},31,{2},5.0
2e69c677,2e69c677c,2020-09-05,6,{'WEATHERHAZARD'},{'HAZARD_ON_SHOULDER_CAR_STOPPED'},34,{2},5.0
2e69c677,2e69c677c,2020-09-05,13,"{'JAM', 'WEATHERHAZARD'}","{'HAZARD_ON_SHOULDER_CAR_STOPPED', 'JAM_HEAVY_TRAFFIC'}",35,{2},5.085714285714285
2e69c677,2e69c677c,2020-09-10,19,{'WEATHERHAZARD'},{'HAZARD_ON_SHOULDER_CAR_STOPPED'},34,{2},5.0
2e69c677,2e69c677c,2020-09-11,19,{'WEATHERHAZARD'},{'HAZARD_ON_SHOULDER_CAR_STOPPED'},1,{2},5.0
2e69c677,2e69c677c,2020-09-12,15,{'WEATHERHAZARD'},{'HAZARD_ON_SHOULDER_CAR_STOPPED'},32,{2},6.75
2e69c677,2e69c677c,2020-09-19,6,{'WEATHERHAZARD'},{'HAZARD_ON_SHOULDER_CAR_STOPPED'},30,{2},5.0
2e69c677,2e69c677c,2020-09-19,11,{'WEATHERHAZARD'},{'HAZARD_ON_ROAD_OBJECT'},57,{2},5.0
2e69c677,2e69c677c,2020-09-19,15,{'WEATHERHAZARD'},{'HAZARD_ON_SHOULDER_CAR_STOPPED'},30,{2},5.0
2e69c677,2e69c677c,2020-09-20,6,{'WEATHERHAZARD'},{'HAZARD_ON_SHOULDER_CAR_STOPPED'},30,{2},5.0
2e69c677,2e69c677c,2020-09-20,14,{'WEATHERHAZARD'},{'HAZARD_ON_SHOULDER_CAR_STOPPED'},31,{2},6.0
2e69c677,2e69c677c,2020-09-24,16,{'WEATHERHAZARD'},{'HAZARD_ON_SHOULDER_CAR_STOPPED'},30,{2},5.0
2e69c677,2e69c677c,2020-09-26,6,{'WEATHERHAZARD'},{'HAZARD_ON_SHOULDER_CAR_STOPPED'},34,{2},5.0
2e69c677,2e69c677c,2020-09-26,15,{'WEATHERHAZARD'},{'HAZARD_ON_SHOULDER_CAR_STOPPED'},32,{2},5.0
2e69c677,2e69c677c,2020-10-10,16,"{'JAM', 'WEATHERHAZARD'}","{'HAZARD_ON_SHOULDER_CAR_STOPPED', 'JAM_STAND_STILL_TRAFFIC'}",68,{2},5.8088235294117645
2e69c677,2e69c677c,2020-10-14,16,{'WEATHERHAZARD'},{'HAZARD_ON_SHOULDER_CAR_STOPPED'},31,{2},6.870967741935484
2e69c677,2e69c677c,2020-10-17,6,{'WEATHERHAZARD'},{'HAZARD_ON_SHOULDER_CAR_STOPPED'},32,{2},5.0
2e69c677,2e69c677c,2020-10-17,15,"{'JAM', 'WEATHERHAZARD'}","{'HAZARD_ON_SHOULDER_CAR_STOPPED', 'JAM_STAND_STILL_TRAFFIC'}",65,{2},6.676923076923077
2e69c677,2e69c677c,2020-10-21,16,{'WEATHERHAZARD'},{'HAZARD_ON_SHOULDER_CAR_STOPPED'},31,{2},5.0
2e69c677,2e69c677c,2020-10-24,6,{'WEATHERHAZARD'},{'HAZARD_ON_SHOULDER_CAR_STOPPED'},34,{2},5.0
2e69c677,2e69c677c,2020-10-24,14,{'WEATHERHAZARD'},{'HAZARD_ON_SHOULDER_CAR_STOPPED'},45,{2},6.333333333333333
2e69c677,2e69c677c,2020-10-28,6,{'WEATHERHAZARD'},{'HAZARD_ON_SHOULDER_CAR_STOPPED'},31,{2},5.0
2e69c677,2e69c677c,2020-10-28,18,{'WEATHERHAZARD'},{'HAZARD_ON_SHOULDER_CAR_STOPPED'},40,{2},5.8
2e69c677,2e69c677c,2020-10-29,6,{'WEATHERHAZARD'},{'HAZARD_ON_SHOULDER_CAR_STOPPED'},30,{2},5.0
2e69c677,2e69c677c,2020-10-29,15,{'WEATHERHAZARD'},{'HAZARD_ON_SHOULDER_CAR_STOPPED'},33,{2},6.0
2e69c677,2e69c677c,2020-10-30,14,{'JAM'},{'JAM_STAND_STILL_TRAFFIC'},31,{2},5.0
2e69c677,2e69c677c,2020-10-31,6,{'WEATHERHAZARD'},{'HAZARD_ON_SHOULDER_CAR_STOPPED'},30,{2},6.0
2e69c677,2e69c677c,2020-10-31,16,{'WEATHERHAZARD'},{'HAZARD_ON_SHOULDER_CAR_STOPPED'},33,{2},7.0
2e69c677,2e69c677c,2020-11-04,19,{'WEATHERHAZARD'},{'HAZARD_ON_SHOULDER_CAR_STOPPED'},31,{2},5.0
2e69c677,2e69c677c,2020-11-05,6,{'WEATHERHAZARD'},{'HAZARD_ON_SHOULDER_CAR_STOPPED'},30,{2},5.0
2e69c677,2e69c677c,2020-11-05,15,{'WEATHERHAZARD'},{'HAZARD_ON_SHOULDER_CAR_STOPPED'},30,{2},7.0
2e69c677,2e69c677c,2020-11-07,16,{'WEATHERHAZARD'},{'HAZARD_ON_SHOULDER_CAR_STOPPED'},30,{2},6.0
2e69c677,2e69c677c,2020-11-08,5,{'WEATHERHAZARD'},{'HAZARD_ON_SHOULDER_CAR_STOPPED'},31,{2},5.0
2e69c677,2e69c677c,2020-11-08,15,{'WEATHERHAZARD'},"{'HAZARD_ON_SHOULDER_CAR_STOPPED', 'HAZARD_ON_SHOULDER'}",61,{2},5.0
2e69c677,2e69c677c,2020-11-14,5,{'WEATHERHAZARD'},{'HAZARD_ON_SHOULDER_CAR_STOPPED'},32,{2},5.0
2e69c677,2e69c677c,2020-11-14,16,{'WEATHERHAZARD'},{'HAZARD_ON_SHOULDER_CAR_STOPPED'},31,{2},6.0
2e69c677,2e69c677c,2020-11-19,16,{'JAM'},{'JAM_MODERATE_TRAFFIC'},34,{2},5.794117647058823
2e69c677,2e69c677c,2020-11-21,16,{'WEATHERHAZARD'},{'HAZARD_WEATHER_FOG'},34,{2},5.470588235294118
2e69c67b,2e69c67a4,2020-09-13,17,{'ACCIDENT'},{'ACCIDENT'},23,{4},5.478260869565218
2e69c67b,2e69c67a4,2020-10-10,17,{'WEATHERHAZARD'},{'HAZARD_ON_SHOULDER_CAR_STOPPED'},31,{4},5.0
2e69c67b,2e69c67a4,2020-10-28,15,{'JAM'},{'JAM_STAND_STILL_TRAFFIC'},6,{4},5.0
2e69c67b,2e69c67a4,2020-11-16,17,{'JAM'},{'JAM_HEAVY_TRAFFIC'},7,{4},5.571428571428571
2e69c67b,2e69c67ac,2020-09-12,15,{'WEATHERHAZARD'},{'HAZARD_ON_SHOULDER_CAR_STOPPED'},24,{4},6.375
2e69c67b,2e69c67ac,2020-10-23,17,{'WEATHERHAZARD'},{'HAZARD_ON_ROAD_CAR_STOPPED'},12,{4},6.5
2e69c67b,2e69c67ac,2020-10-29,14,{'JAM'},{'JAM'},10,{4},5.1
2e69c67d,2e69c67c4,2020-10-07,9,{'JAM'},{'JAM_MODERATE_TRAFFIC'},7,{2},5.0
2e69c67d,2e69c67c4,2020-11-01,12,{'JAM'},{'JAM_STAND_STILL_TRAFFIC'},31,{2},5.0
2e69c67f,2e69c67e4,2020-10-28,9,{'JAM'},{'JAM_HEAVY_TRAFFIC'},30,{2},5.0
2e69c67f,2e69c67e4,2020-11-07,17,{'JAM'},{'JAM_HEAVY_TRAFFIC'},6,{2},5.0
2e69c67f,2e69c67ec,2020-09-02,11,"{'JAM', 'WEATHERHAZARD', 'ACCIDENT'}","{'HAZARD_ON_ROAD_OBJECT', 'JAM_HEAVY_TRAFFIC', 'HAZARD_WEATHER_FOG', 'ACCIDENT_MAJOR'}",243,{2},5.0
2e69c67f,2e69c67ec,2020-10-28,9,{'JAM'},{'JAM_HEAVY_TRAFFIC'},8,{2},5.0
2e69c67f,2e69c67ec,2020-11-04,11,{'JAM'},{'JAM_STAND_STILL_TRAFFIC'},63,{2},5.0
2e69c67f,2e69c67f4,2020-10-02,19,{'WEATHERHAZARD'},{'WEATHERHAZARD'},30,{2},5.0
2e69c67f,2e69c67f4,2020-10-22,11,{'JAM'},{'JAM'},31,{2},5.0
2e69c67f,2e69c67f4,2020-10-25,16,{'JAM'},"{'JAM_STAND_STILL_TRAFFIC', 'JAM_HEAVY_TRAFFIC'}",62,{2},5.0
2e69c67f,2e69c67f4,2020-10-31,15,{'JAM'},{'JAM_STAND_STILL_TRAFFIC'},32,{2},5.0
2e69c681,2e69c680c,2020-11-01,10,{'JAM'},{'JAM_STAND_STILL_TRAFFIC'},30,{2},5.0
2e69c681,2e69c680c,2020-11-01,11,{'JAM'},{'JAM_HEAVY_TRAFFIC'},30,{2},5.0
2e69c681,2e69c680c,2020-11-04,7,{'JAM'},{'JAM_STAND_STILL_TRAFFIC'},31,{2},5.0
2e69c681,2e69c6814,2020-09-28,19,{'JAM'},{'JAM_HEAVY_TRAFFIC'},62,"{1, 2}",5.0
2e69c681,2e69c6814,2020-10-17,14,{'JAM'},{'JAM_HEAVY_TRAFFIC'},6,{2},5.0
2e69c681,2e69c681c,2020-09-08,19,{'WEATHERHAZARD'},{'HAZARD_ON_SHOULDER_CAR_STOPPED'},34,{2},5.4411764705882355
2e69c681,2e69c681c,2020-10-25,15,{'JAM'},{'JAM_STAND_STILL_TRAFFIC'},64,"{1, 2}",5.0
2e69c681,2e69c681c,2020-10-28,17,{'JAM'},{'JAM_MODERATE_TRAFFIC'},6,{1},5.0
2e69c681,2e69c681c,2020-11-21,14,{'JAM'},{'JAM_STAND_STILL_TRAFFIC'},33,{1},5.757575757575758
2e69c683,2e69c683c,2020-10-23,11,{'ACCIDENT'},{'ACCIDENT_MAJOR'},121,{1},5.0
2e69c685,2e69c6844,2020-11-21,5,{'JAM'},{'JAM_STAND_STILL_TRAFFIC'},34,{1},5.0
2e69c69d,2e69c69c4,2020-10-10,15,{'JAM'},{'JAM'},17,{2},5.0
2e69c69d,2e69c69cc,2020-09-22,11,{'JAM'},{'JAM'},31,{1},5.580645161290323
2e69c69f,2e69c69ec,2020-10-17,14,"{'JAM', 'WEATHERHAZARD'}","{'HAZARD_ON_SHOULDER_CAR_STOPPED', 'JAM_STAND_STILL_TRAFFIC'}",42,{2},5.0
2e69c69f,2e69c69ec,2020-11-14,13,{'JAM'},{'JAM'},5,{2},5.0
2e69c69f,2e69c69f4,2020-10-03,17,{'JAM'},{'JAM_STAND_STILL_TRAFFIC'},31,{2},5.0
2e69c6a3,2e69c6a3c,2020-11-21,22,{'WEATHERHAZARD'},{'HAZARD_ON_ROAD_CONSTRUCTION'},708,{1},6.141242937853107
2e69c6a5,2e69c6a44,2020-11-18,16,{'WEATHERHAZARD'},{'HAZARD_ON_SHOULDER_ANIMALS'},32,{1},5.0
2e69c6a7,2e69c6a64,2020-09-07,12,{'ACCIDENT'},{'ACCIDENT_MAJOR'},167,{1},5.0
2e69c6a7,2e69c6a64,2020-09-09,19,{'ACCIDENT'},{'ACCIDENT_MAJOR'},122,{1},5.885245901639344
2e69c6a7,2e69c6a6c,2020-10-03,17,{'JAM'},{'JAM_MODERATE_TRAFFIC'},31,{2},5.0
2e69c6a9,2e69c6a84,2020-09-01,18,{'JAM'},{'JAM_HEAVY_TRAFFIC'},31,{6},5.741935483870968
2e69c6a9,2e69c6a84,2020-09-04,18,{'JAM'},{'JAM_HEAVY_TRAFFIC'},60,{6},5.5
2e69c6a9,2e69c6a84,2020-09-08,18,{'JAM'},{'JAM_STAND_STILL_TRAFFIC'},31,{6},5.0
2e69c6a9,2e69c6a84,2020-09-14,18,"{'JAM', 'WEATHERHAZARD'}","{'JAM_STAND_STILL_TRAFFIC', 'HAZARD_ON_ROAD_CONSTRUCTION'}",753,{6},9.386454183266933
2e69c6a9,2e69c6a84,2020-09-22,18,{'JAM'},{'JAM_HEAVY_TRAFFIC'},24,{6},5.5
2e69c6a9,2e69c6a84,2020-09-25,18,{'JAM'},{'JAM_STAND_STILL_TRAFFIC'},31,{6},5.0
2e69c6a9,2e69c6a84,2020-10-05,18,{'JAM'},{'JAM_STAND_STILL_TRAFFIC'},61,"{17, 6}",5.885245901639344
2e69c6a9,2e69c6a84,2020-10-28,14,{'JAM'},{'JAM_MODERATE_TRAFFIC'},15,{6},6.0
2e69c6a9,2e69c6a84,2020-10-30,17,{'JAM'},{'JAM_STAND_STILL_TRAFFIC'},52,{6},7.288461538461538
2e69c6a9,2e69c6a84,2020-11-03,16,{'JAM'},{'JAM_STAND_STILL_TRAFFIC'},64,{6},6.0
2e69c6a9,2e69c6a84,2020-11-05,16,{'JAM'},{'JAM_STAND_STILL_TRAFFIC'},31,{6},5.0
2e69c6a9,2e69c6a84,2020-11-11,16,{'JAM'},{'JAM_STAND_STILL_TRAFFIC'},31,{6},5.0
2e69c6a9,2e69c6a84,2020-11-16,16,{'JAM'},{'JAM_STAND_STILL_TRAFFIC'},42,{6},5.571428571428571
2e69c6a9,2e69c6a84,2020-11-20,16,{'JAM'},{'JAM_STAND_STILL_TRAFFIC'},64,{6},5.0
2e69c6a9,2e69c6a84,2020-11-21,10,{'JAM'},"{'JAM_STAND_STILL_TRAFFIC', 'JAM_HEAVY_TRAFFIC'}",93,{6},5.0
2e69c6a9,2e69c6a94,2020-09-25,18,{'JAM'},{'JAM_HEAVY_TRAFFIC'},30,{6},5.0
2e69c6a9,2e69c6a94,2020-10-02,19,{'JAM'},{'JAM_MODERATE_TRAFFIC'},29,{6},5.0
2e69c6a9,2e69c6a94,2020-10-09,18,{'JAM'},{'JAM_STAND_STILL_TRAFFIC'},63,{6},5.0
2e69c6a9,2e69c6a94,2020-10-13,18,{'JAM'},{'JAM_STAND_STILL_TRAFFIC'},33,{6},5.0
2e69c6a9,2e69c6a94,2020-10-28,17,{'JAM'},{'JAM_HEAVY_TRAFFIC'},33,{6},5.0
2e69c6a9,2e69c6a94,2020-11-16,16,{'JAM'},{'JAM_STAND_STILL_TRAFFIC'},63,{6},5.698412698412699
2e69c6a9,2e69c6a94,2020-11-20,16,{'JAM'},{'JAM_STAND_STILL_TRAFFIC'},33,{6},5.0
2e69c6a9,2e69c6a9c,2020-09-14,18,{'JAM'},{'JAM'},34,{6},5.647058823529412
2e69c6a9,2e69c6a9c,2020-10-09,18,{'JAM'},{'JAM_HEAVY_TRAFFIC'},33,{6},5.0
2e69c6a9,2e69c6a9c,2020-11-16,16,{'JAM'},{'JAM_STAND_STILL_TRAFFIC'},32,{6},5.6875
2e69c6ab,2e69c6aa4,2020-11-01,10,{'JAM'},{'JAM_HEAVY_TRAFFIC'},37,{1},5.405405405405405
2e69c6ab,2e69c6ab4,2020-09-06,20,{'WEATHERHAZARD'},{'HAZARD_ON_ROAD_CAR_STOPPED'},32,{6},6.625
2e69c6ab,2e69c6ab4,2020-09-15,14,"{'JAM', 'ACCIDENT'}","{'JAM_MODERATE_TRAFFIC', 'ACCIDENT'}",121,{6},5.669421487603306
2e69c6ab,2e69c6ab4,2020-10-02,19,{'JAM'},{'JAM_HEAVY_TRAFFIC'},35,{6},5.0
2e69c6ab,2e69c6ab4,2020-10-06,12,{'WEATHERHAZARD'},{'WEATHERHAZARD'},30,{1},5.0
2e69c6ab,2e69c6ab4,2020-10-27,18,{'JAM'},{'JAM_MODERATE_TRAFFIC'},31,{6},5.0
2e69c6ab,2e69c6ab4,2020-10-29,14,{'JAM'},{'JAM_HEAVY_TRAFFIC'},31,{6},5.0
2e69c6ab,2e69c6abc,2020-09-01,10,{'JAM'},{'JAM_STAND_STILL_TRAFFIC'},28,{6},7.0
2e69c6ab,2e69c6abc,2020-09-01,15,{'JAM'},{'JAM_STAND_STILL_TRAFFIC'},32,{6},5.96875
2e69c6ab,2e69c6abc,2020-09-05,11,{'JAM'},{'JAM_HEAVY_TRAFFIC'},33,{6},5.0
2e69c6ab,2e69c6abc,2020-09-23,10,{'JAM'},{'JAM_MODERATE_TRAFFIC'},30,{6},5.0
2e69c6ab,2e69c6abc,2020-09-25,16,{'JAM'},{'JAM_MODERATE_TRAFFIC'},33,{6},5.0
2e69c6ab,2e69c6abc,2020-09-29,12,{'JAM'},{'JAM_STAND_STILL_TRAFFIC'},11,{6},5.0
2e69c6ab,2e69c6abc,2020-09-30,17,{'JAM'},{'JAM_HEAVY_TRAFFIC'},30,{6},5.0
2e69c6ab,2e69c6abc,2020-10-02,19,{'JAM'},{'JAM_MODERATE_TRAFFIC'},31,{6},5.0
2e69c6ab,2e69c6abc,2020-10-04,14,{'JAM'},{'JAM_HEAVY_TRAFFIC'},31,{6},5.0
2e69c6ab,2e69c6abc,2020-10-07,8,{'JAM'},{'JAM_MODERATE_TRAFFIC'},5,{6},5.0
2e69c6ab,2e69c6abc,2020-10-07,19,{'JAM'},{'JAM_HEAVY_TRAFFIC'},31,{6},5.0
2e69c6ab,2e69c6abc,2020-10-09,19,{'JAM'},{'JAM_MODERATE_TRAFFIC'},30,{6},5.0
2e69c6ab,2e69c6abc,2020-10-10,11,{'JAM'},{'JAM_STAND_STILL_TRAFFIC'},31,{6},5.0
2e69c6ab,2e69c6abc,2020-10-25,17,{'JAM'},{'JAM_STAND_STILL_TRAFFIC'},31,{6},5.0
2e69c6ab,2e69c6abc,2020-10-26,19,{'JAM'},{'JAM_STAND_STILL_TRAFFIC'},30,{6},5.0
2e69c6ab,2e69c6abc,2020-10-30,17,{'JAM'},{'JAM_STAND_STILL_TRAFFIC'},30,{6},7.866666666666666
2e69c6ab,2e69c6abc,2020-11-15,18,{'JAM'},{'JAM_STAND_STILL_TRAFFIC'},32,{6},5.0
2e69c6ab,2e69c6abc,2020-11-16,16,{'JAM'},{'JAM_STAND_STILL_TRAFFIC'},31,{6},5.741935483870968
2e69c6ab,2e69c6abc,2020-11-18,20,{'JAM'},{'JAM_MODERATE_TRAFFIC'},21,{6},5.0
2e69c6ad,2e69c6acc,2020-09-01,10,{'JAM'},{'JAM_STAND_STILL_TRAFFIC'},2,{6},5.5
2e69c6ad,2e69c6acc,2020-09-12,18,{'JAM'},{'JAM_HEAVY_TRAFFIC'},32,{6},5.875
2e69c6ad,2e69c6acc,2020-09-16,17,{'JAM'},{'JAM'},18,{6},5.0
2e69c6ad,2e69c6acc,2020-09-29,16,{'JAM'},{'JAM'},33,{6},5.0
2e69c6ad,2e69c6acc,2020-10-03,17,{'JAM'},{'JAM_STAND_STILL_TRAFFIC'},31,{6},5.0
2e69c6ad,2e69c6acc,2020-10-08,17,{'JAM'},{'JAM_HEAVY_TRAFFIC'},32,{6},5.0
2e69c6ad,2e69c6acc,2020-10-09,19,{'JAM'},{'JAM_HEAVY_TRAFFIC'},32,{6},5.0
2e69c6ad,2e69c6acc,2020-10-10,16,{'JAM'},{'JAM_HEAVY_TRAFFIC'},31,{6},5.0
2e69c6ad,2e69c6acc,2020-10-17,15,{'JAM'},{'JAM_MODERATE_TRAFFIC'},32,{6},5.0
2e69c6ad,2e69c6acc,2020-10-19,17,{'JAM'},{'JAM_STAND_STILL_TRAFFIC'},45,{6},5.377777777777778
2e69c6ad,2e69c6acc,2020-10-28,17,{'JAM'},{'JAM_HEAVY_TRAFFIC'},32,{6},5.9375
2e69c6ad,2e69c6acc,2020-10-30,10,{'JAM'},{'JAM'},31,{6},5.935483870967742
2e69c6ad,2e69c6acc,2020-10-31,15,{'JAM'},{'JAM_STAND_STILL_TRAFFIC'},31,{6},5.0
2e69c6ad,2e69c6acc,2020-10-31,16,{'JAM'},{'JAM_HEAVY_TRAFFIC'},32,{6},5.875
2e69c6ad,2e69c6acc,2020-10-31,17,{'JAM'},{'JAM_STAND_STILL_TRAFFIC'},32,{6},5.0
2e69c6ad,2e69c6acc,2020-11-02,17,{'JAM'},{'JAM_HEAVY_TRAFFIC'},34,{6},5.0
2e69c6ad,2e69c6acc,2020-11-06,15,{'WEATHERHAZARD'},{'HAZARD_ON_SHOULDER_CAR_STOPPED'},31,{6},5.0
2e69c6ad,2e69c6acc,2020-11-21,10,{'JAM'},{'JAM_STAND_STILL_TRAFFIC'},34,{6},5.0
2e69c6ad,2e69c6acc,2020-11-21,11,{'JAM'},{'JAM_STAND_STILL_TRAFFIC'},32,{6},5.0
2e69c6af,2e69c6af4,2020-09-12,12,{'JAM'},{'JAM'},31,{2},5.0
2e69c6af,2e69c6af4,2020-09-19,12,{'JAM'},{'JAM_HEAVY_TRAFFIC'},30,{2},5.0
2e69c6af,2e69c6af4,2020-11-09,17,{'JAM'},{'JAM_HEAVY_TRAFFIC'},12,{2},5.0
2e69c893,2e69c8934,2020-10-21,12,{'ACCIDENT'},{'ACCIDENT'},120,{4},5.0
2e69c893,2e69c8934,2020-10-31,7,{'JAM'},{'JAM_STAND_STILL_TRAFFIC'},31,{4},6.129032258064516
2e69c893,2e69c8934,2020-11-14,6,{'JAM'},{'JAM_HEAVY_TRAFFIC'},32,{4},5.6875
2e69c893,2e69c8934,2020-11-15,21,{'JAM'},{'JAM_STAND_STILL_TRAFFIC'},6,{4},5.0
2e69c893,2e69c8934,2020-11-21,14,{'JAM'},{'JAM_STAND_STILL_TRAFFIC'},31,{4},5.645161290322581
2e69c893,2e69c8934,2020-11-22,13,{'JAM'},{'JAM_STAND_STILL_TRAFFIC'},28,{4},5.964285714285714
2e69c895,2e69c8944,2020-10-25,15,{'JAM'},{'JAM_HEAVY_TRAFFIC'},42,{4},5.357142857142857
2e69c895,2e69c8944,2020-10-31,14,{'JAM'},{'JAM_STAND_STILL_TRAFFIC'},39,{4},9.128205128205128
2e69c895,2e69c8954,2020-09-14,12,{'JAM'},{'JAM_MODERATE_TRAFFIC'},31,{6},5.0
2e69c895,2e69c8954,2020-10-18,13,{'JAM'},{'JAM_STAND_STILL_TRAFFIC'},15,{6},7.0
2e69c895,2e69c8954,2020-10-18,15,{'JAM'},{'JAM'},31,{6},5.0
2e69c895,2e69c8954,2020-11-02,9,{'JAM'},{'JAM_MODERATE_TRAFFIC'},30,{6},5.0
2e69c895,2e69c8954,2020-11-07,16,{'JAM'},{'JAM_HEAVY_TRAFFIC'},45,{6},7.333333333333333
2e69c895,2e69c8954,2020-11-08,14,{'JAM'},{'JAM_HEAVY_TRAFFIC'},30,{6},5.0
2e69c895,2e69c8954,2020-11-08,18,{'JAM'},{'JAM_HEAVY_TRAFFIC'},32,{6},5.0
2e69c897,2e69c8974,2020-10-25,18,{'JAM'},{'JAM_STAND_STILL_TRAFFIC'},33,{4},5.0
2e69c897,2e69c8974,2020-10-29,6,{'JAM'},{'JAM_HEAVY_TRAFFIC'},8,{4},5.0
2e69c897,2e69c8974,2020-10-29,14,{'JAM'},{'JAM_HEAVY_TRAFFIC'},40,{4},6.2
2e69c897,2e69c8974,2020-11-02,8,{'WEATHERHAZARD'},{'HAZARD_ON_ROAD_POT_HOLE'},94,{4},6.127659574468085
2e69c897,2e69c8974,2020-11-15,20,{'JAM'},{'JAM_STAND_STILL_TRAFFIC'},33,{4},5.0
2e69c897,2e69c8974,2020-11-21,13,{'JAM'},{'JAM_STAND_STILL_TRAFFIC'},32,{4},5.875
2e69c897,2e69c897c,2020-10-31,15,{'JAM'},{'JAM'},30,{4},5.0
2e69c897,2e69c897c,2020-11-08,20,{'JAM'},{'JAM_STAND_STILL_TRAFFIC'},31,{4},5.0
2e69c899,2e69c8984,2020-10-25,19,{'JAM'},{'JAM_STAND_STILL_TRAFFIC'},31,{4},5.0
2e69c8a1,2e69c8a14,2020-09-11,15,{'JAM'},{'JAM'},31,{1},5.0
2e69c8a3,2e69c8a24,2020-10-11,15,{'JAM'},{'JAM_STAND_STILL_TRAFFIC'},31,{1},5.0
2e69c8a3,2e69c8a24,2020-11-14,8,{'JAM'},{'JAM_STAND_STILL_TRAFFIC'},34,{1},6.0
2e69c8a5,2e69c8a54,2020-10-18,18,{'JAM'},{'JAM_MODERATE_TRAFFIC'},30,{6},5.0
2e69c8a5,2e69c8a54,2020-11-02,11,{'JAM'},{'JAM_HEAVY_TRAFFIC'},30,{6},5.0
2e69c8a5,2e69c8a54,2020-11-06,15,{'JAM'},{'JAM'},32,{6},5.0
2e69c8a5,2e69c8a54,2020-11-08,15,{'JAM'},{'JAM_STAND_STILL_TRAFFIC'},32,{6},5.0
2e69c8a9,2e69c8a84,2020-11-01,13,{'JAM'},{'JAM'},30,{1},5.0
2e69c8a9,2e69c8a8c,2020-11-16,15,{'WEATHERHAZARD'},{'HAZARD_ON_ROAD_POT_HOLE'},10056,{1},7.137927605409706
2e69c8a9,2e69c8a8c,2020-11-16,16,{'WEATHERHAZARD'},{'HAZARD_ON_ROAD_CONSTRUCTION'},37,{1},5.0
2e69c8a9,2e69c8a8c,2020-11-17,9,{'WEATHERHAZARD'},{'HAZARD_ON_ROAD_CONSTRUCTION'},719,{1},6.6550764951321275
2e69c8ab,2e69c8aa4,2020-11-21,14,{'JAM'},{'JAM_MODERATE_TRAFFIC'},30,{6},5.0
2e69c8ab,2e69c8aac,2020-09-22,7,{'JAM'},{'JAM_STAND_STILL_TRAFFIC'},30,{1},5.0
2e69c8ad,2e69c8acc,2020-10-17,12,{'WEATHERHAZARD'},{'WEATHERHAZARD'},30,{2},5.0
2e69c8af,2e69c8aec,2020-10-16,21,{'JAM'},{'JAM'},5,{6},5.0
2e69c8af,2e69c8aec,2020-10-18,19,{'JAM'},{'JAM_HEAVY_TRAFFIC'},31,{6},5.0
2e69c8af,2e69c8aec,2020-11-06,14,{'JAM'},{'JAM_HEAVY_TRAFFIC'},30,{6},5.0
2e69c8af,2e69c8aec,2020-11-22,15,{'JAM'},{'JAM_STAND_STILL_TRAFFIC'},30,{6},5.0
2e69c8af,2e69c8af4,2020-11-06,15,{'JAM'},{'JAM_STAND_STILL_TRAFFIC'},31,{6},6.935483870967742
2e69c8af,2e69c8af4,2020-11-22,15,{'JAM'},{'JAM_STAND_STILL_TRAFFIC'},6,{6},5.0
2e69c8af,2e69c8afc,2020-10-02,9,{'JAM'},{'JAM_MODERATE_TRAFFIC'},33,{6},5.0
2e69c8af,2e69c8afc,2020-10-10,17,{'JAM'},{'JAM_STAND_STILL_TRAFFIC'},30,{6},5.0
2e69c8af,2e69c8afc,2020-10-18,18,{'JAM'},{'JAM_MODERATE_TRAFFIC'},30,{6},5.0
2e69c8af,2e69c8afc,2020-11-04,21,{'JAM'},{'JAM'},30,{6},5.0
2e69c8af,2e69c8afc,2020-11-08,16,{'JAM'},{'JAM_HEAVY_TRAFFIC'},31,{6},5.0
2e69c8b1,2e69c8b14,2020-10-18,20,{'JAM'},{'JAM_MODERATE_TRAFFIC'},62,{1},5.741935483870968
2e69c8bb,2e69c8bac,2020-09-12,13,{'JAM'},{'JAM_MODERATE_TRAFFIC'},31,{6},5.0
2e69c8bb,2e69c8bac,2020-10-03,14,{'JAM'},{'JAM'},31,{6},5.0
2e69c8bb,2e69c8bac,2020-10-10,17,{'JAM'},{'JAM_STAND_STILL_TRAFFIC'},31,{6},5.0
2e69c8bb,2e69c8bac,2020-10-18,16,{'JAM'},{'JAM_STAND_STILL_TRAFFIC'},30,{6},5.0
2e69c8bb,2e69c8bac,2020-10-18,17,{'JAM'},{'JAM_HEAVY_TRAFFIC'},31,{6},5.0
2e69c8bb,2e69c8bac,2020-10-18,18,{'JAM'},{'JAM_MODERATE_TRAFFIC'},31,{6},5.0
2e69c8bb,2e69c8bac,2020-11-01,11,{'JAM'},{'JAM_HEAVY_TRAFFIC'},32,{6},5.0
2e69c8bb,2e69c8bac,2020-11-02,13,{'JAM'},{'JAM_MODERATE_TRAFFIC'},32,{6},5.0
2e69c8bb,2e69c8bac,2020-11-05,13,{'JAM'},{'JAM_HEAVY_TRAFFIC'},30,{6},5.0
2e69c8bb,2e69c8bac,2020-11-06,15,{'JAM'},{'JAM_HEAVY_TRAFFIC'},30,{6},5.0
2e69c8bb,2e69c8bac,2020-11-07,15,{'JAM'},{'JAM_MODERATE_TRAFFIC'},30,{6},5.0
2e69c8bb,2e69c8bac,2020-11-07,17,{'JAM'},{'JAM_HEAVY_TRAFFIC'},32,{6},5.90625
2e69c8bb,2e69c8bac,2020-11-08,15,{'JAM'},{'JAM_STAND_STILL_TRAFFIC'},47,{6},5.340425531914893
2e69c8bb,2e69c8bac,2020-11-08,17,{'JAM'},{'JAM_STAND_STILL_TRAFFIC'},31,{6},5.0
2e69c8bb,2e69c8bac,2020-11-08,18,{'JAM'},{'JAM_HEAVY_TRAFFIC'},32,{6},5.0
2e69c8bb,2e69c8bac,2020-11-22,15,{'JAM'},{'JAM_STAND_STILL_TRAFFIC'},32,{6},5.0
2e69c8bb,2e69c8bac,2020-11-22,16,{'JAM'},{'JAM_STAND_STILL_TRAFFIC'},32,{6},5.0
2e69c8bb,2e69c8bb4,2020-09-05,15,{'JAM'},{'JAM_STAND_STILL_TRAFFIC'},32,{1},5.0
2e69c8bb,2e69c8bb4,2020-09-25,8,{'JAM'},{'JAM_MODERATE_TRAFFIC'},31,{6},5.0
2e69c8bb,2e69c8bb4,2020-10-04,12,{'JAM'},{'JAM_STAND_STILL_TRAFFIC'},21,{6},5.0
2e69c8bb,2e69c8bb4,2020-10-18,18,{'JAM'},"{'JAM', 'JAM_HEAVY_TRAFFIC'}",62,{6},5.0
2e69c8bb,2e69c8bb4,2020-11-07,17,{'JAM'},{'JAM_STAND_STILL_TRAFFIC'},30,{6},5.7
2e69c8bb,2e69c8bb4,2020-11-08,15,{'JAM'},{'JAM_STAND_STILL_TRAFFIC'},15,{6},7.0
2e69c8bb,2e69c8bb4,2020-11-08,16,{'JAM'},{'JAM_STAND_STILL_TRAFFIC'},30,{6},5.0
2e69c8bb,2e69c8bb4,2020-11-22,16,{'JAM'},{'JAM_STAND_STILL_TRAFFIC'},33,{1},5.0
2e69c8bb,2e69c8bb4,2020-11-22,17,{'JAM'},{'JAM_HEAVY_TRAFFIC'},33,{6},5.0
2e69c8bb,2e69c8bbc,2020-09-05,16,{'JAM'},{'JAM_STAND_STILL_TRAFFIC'},34,{6},5.0
2e69c8bb,2e69c8bbc,2020-10-10,16,{'JAM'},{'JAM_HEAVY_TRAFFIC'},33,{6},5.0
2e69c8bb,2e69c8bbc,2020-10-10,17,{'JAM'},{'JAM_STAND_STILL_TRAFFIC'},31,{6},5.0
2e69c8bb,2e69c8bbc,2020-10-18,18,{'JAM'},{'JAM_STAND_STILL_TRAFFIC'},72,{6},5.708333333333333
2e69c8bb,2e69c8bbc,2020-10-29,8,{'JAM'},{'JAM_HEAVY_TRAFFIC'},30,{6},5.0
2e69c8bb,2e69c8bbc,2020-10-29,17,{'JAM'},{'JAM_STAND_STILL_TRAFFIC'},34,{6},5.0
2e69c8bb,2e69c8bbc,2020-10-29,18,{'JAM'},{'JAM_STAND_STILL_TRAFFIC'},37,{6},5.0
2e69c8bb,2e69c8bbc,2020-11-07,16,{'JAM'},{'JAM_STAND_STILL_TRAFFIC'},32,{6},5.0
2e69c8bb,2e69c8bbc,2020-11-07,18,{'JAM'},{'JAM_HEAVY_TRAFFIC'},32,{6},5.0
2e69c8bb,2e69c8bbc,2020-11-07,19,{'JAM'},{'JAM_HEAVY_TRAFFIC'},30,{6},6.0
2e69c8bb,2e69c8bbc,2020-11-08,14,{'JAM'},{'JAM'},30,{6},5.0
2e69c8bb,2e69c8bbc,2020-11-14,14,{'JAM'},{'JAM_HEAVY_TRAFFIC'},36,{6},6.0
2e69c8bd,2e69c8bc4,2020-09-04,12,{'JAM'},{'JAM_STAND_STILL_TRAFFIC'},32,{6},5.0
2e69c8bd,2e69c8bc4,2020-09-05,17,{'JAM'},{'JAM'},31,{6},5.0
2e69c8bd,2e69c8bc4,2020-09-06,16,{'JAM'},{'JAM_HEAVY_TRAFFIC'},39,{6},5.487179487179487
2e69c8bd,2e69c8bc4,2020-09-28,12,{'JAM'},{'JAM_HEAVY_TRAFFIC'},31,{6},5.0
2e69c8bd,2e69c8bc4,2020-10-03,12,{'JAM'},{'JAM_MODERATE_TRAFFIC'},32,{6},5.0
2e69c8bd,2e69c8bc4,2020-10-10,15,{'JAM'},{'JAM_HEAVY_TRAFFIC'},32,{6},5.0
2e69c8bd,2e69c8bc4,2020-10-11,14,{'JAM'},{'JAM_HEAVY_TRAFFIC'},31,{6},5.0
2e69c8bd,2e69c8bc4,2020-10-18,15,{'JAM'},{'JAM_MODERATE_TRAFFIC'},31,{1},5.0
2e69c8bd,2e69c8bc4,2020-10-18,17,{'JAM'},{'JAM_STAND_STILL_TRAFFIC'},26,{6},5.0
2e69c8bd,2e69c8bc4,2020-10-18,18,{'JAM'},{'JAM_STAND_STILL_TRAFFIC'},33,{6},5.0
2e69c8bd,2e69c8bc4,2020-10-29,15,{'JAM'},{'JAM_STAND_STILL_TRAFFIC'},31,{6},5.0
2e69c8bd,2e69c8bc4,2020-10-29,16,{'JAM'},"{'JAM_STAND_STILL_TRAFFIC', 'JAM_HEAVY_TRAFFIC'}",63,{6},5.396825396825397
2e69c8bd,2e69c8bc4,2020-10-29,17,{'JAM'},{'JAM_STAND_STILL_TRAFFIC'},71,{6},5.563380281690141
2e69c8bd,2e69c8bc4,2020-11-02,12,{'JAM'},{'JAM_HEAVY_TRAFFIC'},33,{6},5.0
2e69c8bd,2e69c8bc4,2020-11-07,17,{'JAM'},{'JAM_STAND_STILL_TRAFFIC'},93,{6},5.634408602150538
2e69c8bd,2e69c8bc4,2020-11-08,14,{'JAM'},{'JAM_STAND_STILL_TRAFFIC'},31,{6},6.0
2e69c8bd,2e69c8bc4,2020-11-08,16,{'JAM'},{'JAM_STAND_STILL_TRAFFIC'},45,{6},5.355555555555555
2e69c8bd,2e69c8bc4,2020-11-14,11,{'ACCIDENT'},{'ACCIDENT_MINOR'},124,{1},5.0
2e69c8bd,2e69c8bc4,2020-11-15,14,{'JAM'},{'JAM_HEAVY_TRAFFIC'},32,{6},5.96875
2e69c8bd,2e69c8bdc,2020-11-16,15,"{'JAM', 'WEATHERHAZARD'}","{'JAM', 'WEATHERHAZARD'}",61,{17},5.0
2e69c8bf,2e69c8be4,2020-09-05,15,{'JAM'},{'JAM_MODERATE_TRAFFIC'},32,{6},5.0
2e69c8bf,2e69c8be4,2020-10-10,14,{'JAM'},{'JAM_STAND_STILL_TRAFFIC'},3,{6},5.0
2e69c8bf,2e69c8be4,2020-10-10,17,{'JAM'},{'JAM_STAND_STILL_TRAFFIC'},31,{6},5.0
2e69c8bf,2e69c8be4,2020-10-11,16,{'JAM'},{'JAM_HEAVY_TRAFFIC'},44,{6},5.340909090909091
2e69c8bf,2e69c8be4,2020-10-12,13,{'JAM'},{'JAM_HEAVY_TRAFFIC'},9,{6},5.0
2e69c8bf,2e69c8be4,2020-10-18,14,{'JAM'},{'JAM_STAND_STILL_TRAFFIC'},34,{6},5.0
2e69c8bf,2e69c8be4,2020-10-18,17,{'JAM'},{'JAM_HEAVY_TRAFFIC'},31,{6},5.0
2e69c8bf,2e69c8be4,2020-10-18,18,{'JAM'},{'JAM_STAND_STILL_TRAFFIC'},30,{6},5.733333333333333
2e69c8bf,2e69c8be4,2020-10-20,12,{'JAM'},{'JAM'},31,{6},5.0
2e69c8bf,2e69c8be4,2020-10-30,13,{'JAM'},{'JAM_HEAVY_TRAFFIC'},30,{6},5.0
2e69c8bf,2e69c8be4,2020-11-01,19,{'JAM'},{'JAM_HEAVY_TRAFFIC'},6,{6},5.0
2e69c8bf,2e69c8be4,2020-11-07,15,{'JAM'},{'JAM_STAND_STILL_TRAFFIC'},45,{6},5.333333333333333
2e69c8bf,2e69c8be4,2020-11-08,14,{'JAM'},{'JAM_STAND_STILL_TRAFFIC'},31,{6},5.935483870967742
2e69c8bf,2e69c8be4,2020-11-08,17,{'JAM'},{'JAM_STAND_STILL_TRAFFIC'},32,{6},5.0
2e69c8bf,2e69c8be4,2020-11-14,15,{'JAM'},{'JAM_STAND_STILL_TRAFFIC'},33,{6},5.0
2e69c8bf,2e69c8bec,2020-09-04,12,{'JAM'},{'JAM_STAND_STILL_TRAFFIC'},33,{6},5.0
2e69c8bf,2e69c8bec,2020-10-08,0,{'JAM'},{'JAM'},32,{1},5.0
2e69c8bf,2e69c8bec,2020-10-09,13,{'JAM'},{'JAM_MODERATE_TRAFFIC'},34,{6},5.0
2e69c8bf,2e69c8bec,2020-10-10,14,{'JAM'},{'JAM_STAND_STILL_TRAFFIC'},27,{6},6.0
2e69c8bf,2e69c8bec,2020-10-10,15,{'JAM'},{'JAM_STAND_STILL_TRAFFIC'},48,{6},7.854166666666667
2e69c8bf,2e69c8bec,2020-10-10,17,{'JAM'},{'JAM_STAND_STILL_TRAFFIC'},32,{6},5.0
2e69c8bf,2e69c8bec,2020-10-18,14,{'JAM'},{'JAM_STAND_STILL_TRAFFIC'},30,{6},5.733333333333333
2e69c8bf,2e69c8bec,2020-10-20,12,{'JAM'},{'JAM_MODERATE_TRAFFIC'},30,{6},5.0
2e69c8bf,2e69c8bec,2020-10-29,16,{'JAM'},{'JAM_STAND_STILL_TRAFFIC'},66,{6},5.0
2e69c8bf,2e69c8bec,2020-11-07,15,{'JAM'},{'JAM'},31,{6},5.0
2e69c8bf,2e69c8bec,2020-11-08,16,{'JAM'},{'JAM_STAND_STILL_TRAFFIC'},33,{6},5.484848484848484
2e69c8bf,2e69c8bec,2020-11-21,15,{'JAM'},{'JAM_STAND_STILL_TRAFFIC'},30,{6},5.0
2e69c8bf,2e69c8bec,2020-11-22,17,{'JAM'},{'JAM_STAND_STILL_TRAFFIC'},32,{6},5.0
2e69c8bf,2e69c8bfc,2020-10-18,13,{'JAM'},{'JAM_STAND_STILL_TRAFFIC'},22,{6},6.0
2e69c8bf,2e69c8bfc,2020-10-18,16,{'JAM'},{'JAM_STAND_STILL_TRAFFIC'},31,{6},5.0
2e69c8bf,2e69c8bfc,2020-10-18,17,{'JAM'},{'JAM_STAND_STILL_TRAFFIC'},29,{6},5.0
2e69c8bf,2e69c8bfc,2020-10-29,15,{'JAM'},{'JAM_STAND_STILL_TRAFFIC'},31,{6},5.0
2e69c8bf,2e69c8bfc,2020-11-02,11,{'JAM'},{'JAM_HEAVY_TRAFFIC'},30,{6},5.0
2e69c8bf,2e69c8bfc,2020-11-07,11,{'JAM'},{'JAM_MODERATE_TRAFFIC'},16,{6},5.0
2e69c8bf,2e69c8bfc,2020-11-07,19,{'JAM'},{'JAM_STAND_STILL_TRAFFIC'},31,{6},5.0
2e69c8bf,2e69c8bfc,2020-11-22,17,{'JAM'},"{'JAM_STAND_STILL_TRAFFIC', 'JAM_HEAVY_TRAFFIC'}",61,{6},5.475409836065574
2e69c8d3,2e69c8d24,2020-10-04,21,{'ACCIDENT'},{'ACCIDENT'},122,{2},5.0
2e69c8dd,2e69c8dc4,2020-10-11,14,{'WEATHERHAZARD'},{'HAZARD_ON_SHOULDER_CAR_STOPPED'},31,{2},5.0
2e69c8df,2e69c8dfc,2020-11-22,18,{'JAM'},{'JAM'},30,{1},5.0
2e69c8e1,2e69c8e14,2020-09-05,14,{'WEATHERHAZARD'},{'HAZARD_ON_ROAD_POT_HOLE'},27,{6},5.148148148148148
2e69c8e1,2e69c8e14,2020-09-27,13,{'ACCIDENT'},{'ACCIDENT_MAJOR'},2,{6},5.0
2e69c8e1,2e69c8e14,2020-10-11,13,{'JAM'},{'JAM_HEAVY_TRAFFIC'},5,{6},5.0
2e69c8e1,2e69c8e1c,2020-11-07,15,{'JAM'},{'JAM_HEAVY_TRAFFIC'},17,{6},5.0
2e69c8e7,2e69c8e64,2020-09-22,12,{'JAM'},{'JAM_MODERATE_TRAFFIC'},5,{6},5.0
2e69c8e7,2e69c8e64,2020-09-24,6,{'WEATHERHAZARD'},{'HAZARD_ON_ROAD_CONSTRUCTION'},128,{6},5.3203125
2e69c8e7,2e69c8e64,2020-10-01,13,{'JAM'},{'JAM_MODERATE_TRAFFIC'},5,{6},5.0
2e69c8e7,2e69c8e64,2020-10-11,13,{'JAM'},{'JAM_MODERATE_TRAFFIC'},11,{6},5.0
2e69c8e7,2e69c8e64,2020-10-11,14,{'WEATHERHAZARD'},{'HAZARD_ON_SHOULDER_CAR_STOPPED'},64,{6},5.0
2e69c8e7,2e69c8e64,2020-10-17,10,{'JAM'},{'JAM_MODERATE_TRAFFIC'},27,{6},5.0
2e69c8e7,2e69c8e64,2020-10-17,14,{'JAM'},{'JAM_HEAVY_TRAFFIC'},8,{6},5.0
2e69c8e7,2e69c8e64,2020-10-20,15,{'JAM'},{'JAM_STAND_STILL_TRAFFIC'},60,{6},5.0
2e69c8e7,2e69c8e64,2020-11-08,18,{'JAM'},{'JAM_STAND_STILL_TRAFFIC'},31,{6},5.0
2e69c8e7,2e69c8e6c,2020-09-09,17,{'JAM'},{'JAM'},32,{6},5.0
2e69c8e7,2e69c8e6c,2020-10-05,13,{'JAM'},{'JAM_MODERATE_TRAFFIC'},21,{6},5.0
2e69c8e7,2e69c8e6c,2020-10-11,14,{'WEATHERHAZARD'},{'HAZARD_ON_SHOULDER_CAR_STOPPED'},30,{6},5.4
2e69c8e7,2e69c8e6c,2020-10-17,13,{'JAM'},{'JAM_MODERATE_TRAFFIC'},31,{6},5.0
2e69c8e7,2e69c8e6c,2020-10-18,15,{'WEATHERHAZARD'},{'HAZARD_ON_SHOULDER_CAR_STOPPED'},31,{6},5.0
2e69c8e7,2e69c8e6c,2020-10-23,14,{'JAM'},{'JAM_MODERATE_TRAFFIC'},24,{6},5.0
2e69c8e7,2e69c8e6c,2020-10-25,16,{'JAM'},{'JAM_STAND_STILL_TRAFFIC'},20,{6},5.0
2e69c8e7,2e69c8e6c,2020-10-31,15,{'JAM'},{'JAM_STAND_STILL_TRAFFIC'},32,{6},5.0
2e69c8e7,2e69c8e6c,2020-11-06,14,{'JAM'},{'JAM_MODERATE_TRAFFIC'},35,{6},5.9714285714285715
2e69c8e7,2e69c8e74,2020-11-22,17,{'JAM'},{'JAM_STAND_STILL_TRAFFIC'},31,{1},5.0
2e69c8e9,2e69c8e8c,2020-09-02,10,{'JAM'},{'JAM_STAND_STILL_TRAFFIC'},11,{6},5.0
2e69c8e9,2e69c8e8c,2020-09-02,11,{'JAM'},{'JAM_HEAVY_TRAFFIC'},15,{6},5.0
2e69c8e9,2e69c8e8c,2020-09-05,13,{'JAM'},{'JAM_HEAVY_TRAFFIC'},6,{6},5.0
2e69c8e9,2e69c8e8c,2020-09-05,14,{'WEATHERHAZARD'},{'HAZARD_ON_SHOULDER_CAR_STOPPED'},30,{6},5.0
2e69c8e9,2e69c8e8c,2020-09-10,14,{'JAM'},{'JAM_STAND_STILL_TRAFFIC'},31,{6},5.0
2e69c8e9,2e69c8e8c,2020-09-11,15,{'JAM'},{'JAM'},34,{6},5.0
2e69c8e9,2e69c8e8c,2020-09-12,7,{'JAM'},{'JAM_HEAVY_TRAFFIC'},30,{6},5.0
2e69c8e9,2e69c8e8c,2020-09-12,13,{'WEATHERHAZARD'},{'WEATHERHAZARD'},13,{6},5.461538461538462
2e69c8e9,2e69c8e8c,2020-09-19,14,{'JAM'},{'JAM_HEAVY_TRAFFIC'},40,{6},5.4
2e69c8e9,2e69c8e8c,2020-09-20,11,{'JAM'},{'JAM_HEAVY_TRAFFIC'},6,{6},5.0
2e69c8e9,2e69c8e8c,2020-09-24,14,{'WEATHERHAZARD'},{'HAZARD_ON_ROAD_CAR_STOPPED'},32,{6},5.0
2e69c8e9,2e69c8e8c,2020-09-26,9,{'JAM'},{'JAM_HEAVY_TRAFFIC'},22,{6},5.0
2e69c8e9,2e69c8e8c,2020-09-29,17,{'JAM'},{'JAM_STAND_STILL_TRAFFIC'},30,{6},5.0
2e69c8e9,2e69c8e8c,2020-10-11,6,"{'JAM', 'WEATHERHAZARD'}","{'HAZARD_ON_SHOULDER_CAR_STOPPED', 'JAM_STAND_STILL_TRAFFIC'}",107,{6},5.158878504672897
2e69c8e9,2e69c8e8c,2020-10-19,12,{'JAM'},{'JAM_HEAVY_TRAFFIC'},34,{6},5.0
2e69c8e9,2e69c8e8c,2020-10-20,13,{'JAM'},{'JAM_STAND_STILL_TRAFFIC'},37,{6},6.594594594594595
2e69c8e9,2e69c8e8c,2020-10-20,16,{'JAM'},{'JAM_STAND_STILL_TRAFFIC'},62,{6},5.0
2e69c8e9,2e69c8e8c,2020-10-20,19,{'JAM'},{'JAM_HEAVY_TRAFFIC'},30,{6},5.0
2e69c8e9,2e69c8e8c,2020-10-25,6,{'WEATHERHAZARD'},{'HAZARD_ON_SHOULDER_CAR_STOPPED'},62,{6},5.0
2e69c8e9,2e69c8e8c,2020-10-27,10,{'JAM'},{'JAM_HEAVY_TRAFFIC'},33,{6},5.0
2e69c8e9,2e69c8e8c,2020-10-28,14,{'JAM'},"{'JAM_MODERATE_TRAFFIC', 'JAM_HEAVY_TRAFFIC'}",61,{6},5.508196721311475
2e69c8e9,2e69c8e8c,2020-10-28,20,{'JAM'},{'JAM'},32,{6},5.0
2e69c8e9,2e69c8e8c,2020-10-29,9,{'JAM'},{'JAM_HEAVY_TRAFFIC'},6,{6},5.0
2e69c8e9,2e69c8e8c,2020-10-30,16,{'JAM'},{'JAM_STAND_STILL_TRAFFIC'},60,{6},5.65
2e69c8e9,2e69c8e8c,2020-10-31,7,{'JAM'},{'JAM_STAND_STILL_TRAFFIC'},31,{6},5.0
2e69c8e9,2e69c8e8c,2020-11-02,10,{'JAM'},{'JAM_HEAVY_TRAFFIC'},31,{6},5.0
2e69c8e9,2e69c8e8c,2020-11-05,13,{'JAM'},"{'JAM_STAND_STILL_TRAFFIC', 'JAM_MODERATE_TRAFFIC'}",88,{6},5.0
2e69c8e9,2e69c8e8c,2020-11-06,13,{'JAM'},{'JAM_HEAVY_TRAFFIC'},6,{6},5.0
2e69c8e9,2e69c8e8c,2020-11-20,18,{'JAM'},{'JAM_HEAVY_TRAFFIC'},31,{6},5.935483870967742
2e69c8e9,2e69c8e94,2020-10-03,17,{'WEATHERHAZARD'},{'HAZARD_ON_ROAD_CAR_STOPPED'},31,{6},5.0
2e69c8e9,2e69c8e94,2020-10-20,14,{'JAM'},{'JAM_HEAVY_TRAFFIC'},15,{6},5.0
2e69c8e9,2e69c8e94,2020-10-20,16,{'JAM'},{'JAM_STAND_STILL_TRAFFIC'},30,{6},5.0
2e69c8e9,2e69c8e94,2020-10-20,18,{'JAM'},{'JAM_HEAVY_TRAFFIC'},31,{6},5.0
2e69c8e9,2e69c8e94,2020-10-24,16,{'JAM'},{'JAM_MODERATE_TRAFFIC'},30,{6},5.0
2e69c8eb,2e69c8eac,2020-10-18,14,{'JAM'},{'JAM_HEAVY_TRAFFIC'},35,{6},5.0
2e69c8eb,2e69c8eac,2020-11-07,18,{'JAM'},{'JAM_MODERATE_TRAFFIC'},30,{6},5.0
2e69c8eb,2e69c8eac,2020-11-10,21,{'JAM'},{'JAM_HEAVY_TRAFFIC'},30,{6},5.0
2e69c8eb,2e69c8eb4,2020-09-19,14,{'JAM'},{'JAM'},30,{1},5.0
2e69c8eb,2e69c8ebc,2020-10-20,16,{'JAM'},{'JAM_HEAVY_TRAFFIC'},31,{6},5.0
2e69c8eb,2e69c8ebc,2020-10-20,18,{'JAM'},{'JAM_HEAVY_TRAFFIC'},30,{6},5.833333333333333
2e69c8eb,2e69c8ebc,2020-10-30,13,{'JAM'},{'JAM_MODERATE_TRAFFIC'},12,{6},5.0
2e69c8ed,2e69c8ec4,2020-10-20,12,{'JAM'},{'JAM_STAND_STILL_TRAFFIC'},32,{4},5.0
2e69c8ed,2e69c8ec4,2020-10-20,13,{'JAM'},{'JAM_MODERATE_TRAFFIC'},31,{4},5.516129032258065
2e69c8ed,2e69c8ec4,2020-10-20,15,{'JAM'},{'JAM_HEAVY_TRAFFIC'},42,{4},5.309523809523809
2e69c8ed,2e69c8ec4,2020-11-21,8,"{'JAM', 'ACCIDENT'}","{'JAM', 'ACCIDENT'}",159,{4},5.968553459119497
2e69c8ed,2e69c8ecc,2020-09-12,7,{'JAM'},{'JAM'},14,{4},5.0
2e69c8ed,2e69c8ecc,2020-09-18,17,{'WEATHERHAZARD'},{'HAZARD_ON_ROAD_CAR_STOPPED'},31,{4},5.612903225806452
2e69c8ed,2e69c8ecc,2020-10-17,17,{'JAM'},{'JAM_MODERATE_TRAFFIC'},31,{4},5.0
2e69c8ed,2e69c8ecc,2020-10-29,18,{'JAM'},{'JAM_STAND_STILL_TRAFFIC'},8,{4},5.0
2e69c8ed,2e69c8ecc,2020-10-31,15,{'JAM'},{'JAM_HEAVY_TRAFFIC'},31,{4},5.0
2e69c8ed,2e69c8ecc,2020-11-14,7,{'JAM'},{'JAM_STAND_STILL_TRAFFIC'},30,{4},5.0
2e69c8ed,2e69c8ecc,2020-11-21,14,{'JAM'},{'JAM_STAND_STILL_TRAFFIC'},27,{4},5.703703703703703
2e69c8ef,2e69c8eec,2020-09-04,15,{'JAM'},{'JAM_STAND_STILL_TRAFFIC'},32,{6},5.0
2e69c8ef,2e69c8eec,2020-09-24,6,"{'JAM', 'WEATHERHAZARD'}","{'HAZARD_ON_ROAD_CAR_STOPPED', 'JAM_HEAVY_TRAFFIC'}",36,"{4, 6}",5.833333333333333
2e69c8ef,2e69c8eec,2020-09-24,14,{'WEATHERHAZARD'},"{'HAZARD_ON_ROAD_OBJECT', 'HAZARD_ON_ROAD_CAR_STOPPED'}",90,"{4, 6}",5.0
2e69c8ef,2e69c8eec,2020-09-30,13,{'JAM'},{'JAM_HEAVY_TRAFFIC'},32,{6},5.0
2e69c8ef,2e69c8eec,2020-10-03,12,{'JAM'},{'JAM_STAND_STILL_TRAFFIC'},31,{6},5.0
2e69c8ef,2e69c8eec,2020-10-03,13,{'JAM'},{'JAM_HEAVY_TRAFFIC'},32,{6},5.0
2e69c8ef,2e69c8eec,2020-10-04,14,{'JAM'},{'JAM_STAND_STILL_TRAFFIC'},30,{6},5.0
2e69c8ef,2e69c8eec,2020-10-09,15,{'JAM'},{'JAM_HEAVY_TRAFFIC'},33,{6},5.0
2e69c8ef,2e69c8eec,2020-10-15,15,{'JAM'},{'JAM_HEAVY_TRAFFIC'},31,{6},5.0
2e69c8ef,2e69c8eec,2020-10-20,13,{'JAM'},{'JAM_STAND_STILL_TRAFFIC'},63,{6},5.9523809523809526
2e69c8ef,2e69c8eec,2020-10-20,14,{'JAM'},{'JAM_STAND_STILL_TRAFFIC'},31,{6},5.516129032258065
2e69c8ef,2e69c8eec,2020-10-20,15,{'JAM'},{'JAM_STAND_STILL_TRAFFIC'},26,{6},5.0
2e69c8ef,2e69c8eec,2020-10-20,16,{'JAM'},{'JAM_STAND_STILL_TRAFFIC'},35,{6},5.457142857142857
2e69c8ef,2e69c8eec,2020-10-20,17,{'JAM'},{'JAM'},34,{6},5.0
2e69c8ef,2e69c8eec,2020-10-20,18,{'JAM'},{'JAM_STAND_STILL_TRAFFIC'},30,{6},5.966666666666667
2e69c8ef,2e69c8eec,2020-10-20,19,{'JAM'},{'JAM_MODERATE_TRAFFIC'},32,{6},5.0
2e69c8ef,2e69c8eec,2020-10-23,15,{'JAM'},{'JAM_HEAVY_TRAFFIC'},32,{6},5.0
2e69c8ef,2e69c8eec,2020-10-24,16,{'JAM'},{'JAM_STAND_STILL_TRAFFIC'},31,{6},5.0
2e69c8ef,2e69c8eec,2020-10-25,15,{'WEATHERHAZARD'},{'HAZARD_ON_SHOULDER_CAR_STOPPED'},60,{6},5.816666666666666
2e69c8ef,2e69c8eec,2020-10-28,14,{'JAM'},{'JAM_HEAVY_TRAFFIC'},31,{6},5.0
2e69c8ef,2e69c8eec,2020-10-29,17,{'JAM'},{'JAM_STAND_STILL_TRAFFIC'},31,{6},5.0
2e69c8ef,2e69c8eec,2020-10-30,15,{'JAM'},"{'JAM_STAND_STILL_TRAFFIC', 'JAM_HEAVY_TRAFFIC'}",66,"{4, 6}",5.0
2e69c8ef,2e69c8eec,2020-11-04,11,{'JAM'},{'JAM_STAND_STILL_TRAFFIC'},35,{6},5.428571428571429
2e69c8ef,2e69c8eec,2020-11-04,12,{'JAM'},{'JAM_MODERATE_TRAFFIC'},32,{6},5.0
2e69c8ef,2e69c8eec,2020-11-04,13,{'JAM'},"{'JAM', 'JAM_STAND_STILL_TRAFFIC'}",93,{6},6.645161290322581
2e69c8ef,2e69c8eec,2020-11-07,8,{'JAM'},{'JAM_STAND_STILL_TRAFFIC'},14,{6},5.0
2e69c8ef,2e69c8eec,2020-11-13,8,{'JAM'},{'JAM_STAND_STILL_TRAFFIC'},33,{4},5.0
2e69c8ef,2e69c8eec,2020-11-14,7,{'JAM'},{'JAM_STAND_STILL_TRAFFIC'},30,{6},5.0
2e69c8ef,2e69c8eec,2020-11-19,11,{'JAM'},{'JAM_HEAVY_TRAFFIC'},21,{4},5.0
2e69c8ef,2e69c8eec,2020-11-19,14,{'JAM'},{'JAM_HEAVY_TRAFFIC'},31,{6},5.0
2e69c8ef,2e69c8eec,2020-11-20,14,{'JAM'},{'JAM_HEAVY_TRAFFIC'},33,{6},5.0
2e69c8ef,2e69c8eec,2020-11-20,19,{'JAM'},{'JAM_STAND_STILL_TRAFFIC'},38,{6},5.421052631578948
2e69c8ef,2e69c8eec,2020-11-21,6,{'JAM'},{'JAM_STAND_STILL_TRAFFIC'},31,{6},5.0
2e69c8ef,2e69c8eec,2020-11-21,8,{'JAM'},{'JAM_STAND_STILL_TRAFFIC'},32,{6},5.0
2e69c8ef,2e69c8eec,2020-11-21,14,{'JAM'},{'JAM_STAND_STILL_TRAFFIC'},31,{6},5.0
2e69c8ef,2e69c8ef4,2020-09-15,10,{'JAM'},{'JAM_HEAVY_TRAFFIC'},31,{6},5.0
2e69c8ef,2e69c8ef4,2020-10-04,17,{'JAM'},{'JAM_STAND_STILL_TRAFFIC'},32,{6},5.0
2e69c8ef,2e69c8ef4,2020-10-14,17,{'JAM'},{'JAM_HEAVY_TRAFFIC'},31,{6},5.0
2e69c8ef,2e69c8ef4,2020-10-16,15,{'JAM'},{'JAM_STAND_STILL_TRAFFIC'},31,{6},5.0
2e69c8ef,2e69c8ef4,2020-10-25,15,{'JAM'},{'JAM_HEAVY_TRAFFIC'},5,{6},5.0
2e69c8ef,2e69c8ef4,2020-10-30,10,{'JAM'},{'JAM_STAND_STILL_TRAFFIC'},30,{6},5.0
2e69c8ef,2e69c8ef4,2020-11-01,19,{'JAM'},{'JAM_HEAVY_TRAFFIC'},31,{6},6.806451612903226
2e69c8ef,2e69c8ef4,2020-11-06,14,{'JAM'},{'JAM_MODERATE_TRAFFIC'},34,{6},5.0
2e69c8ef,2e69c8ef4,2020-11-07,9,{'JAM'},{'JAM_HEAVY_TRAFFIC'},30,{6},5.0
2e69c8ef,2e69c8ef4,2020-11-09,12,{'JAM'},{'JAM_HEAVY_TRAFFIC'},5,{6},5.0
2e69c919,2e69c9194,2020-11-11,11,{'JAM'},{'JAM_STAND_STILL_TRAFFIC'},44,{6},5.818181818181818
2e69c91b,2e69c91bc,2020-11-01,17,{'JAM'},{'JAM_STAND_STILL_TRAFFIC'},6,{6},5.666666666666667
2e69c91b,2e69c91bc,2020-11-14,15,{'JAM'},{'JAM_MODERATE_TRAFFIC'},7,{6},5.0
2e69c91f,2e69c91e4,2020-09-26,14,{'JAM'},{'JAM_HEAVY_TRAFFIC'},29,{6},5.0
2e69c91f,2e69c91ec,2020-11-14,15,{'JAM'},{'JAM_MODERATE_TRAFFIC'},13,{6},5.0
2e69cf37,2e69cf36c,2020-09-13,16,{'JAM'},{'JAM_MODERATE_TRAFFIC'},5,{1},5.0
2e69cf39,2e69cf384,2020-11-20,10,{'WEATHERHAZARD'},{'HAZARD_ON_ROAD_ROAD_KILL'},31,{8},5.967741935483871
2e69cf39,2e69cf384,2020-11-21,9,{'WEATHERHAZARD'},{'HAZARD_ON_ROAD_POT_HOLE'},10057,{8},7.871830565775082
2e69cf49,2e69cf48c,2020-10-04,22,{'JAM'},{'JAM'},30,{1},5.0
2e69cf4f,2e69cf4f4,2020-10-28,10,{'JAM'},{'JAM'},31,{1},5.0
2e69cf4f,2e69cf4f4,2020-11-18,13,{'JAM'},{'JAM'},31,{1},5.0
2e69cf51,2e69cf504,2020-10-25,21,{'JAM'},{'JAM'},30,{1},5.0
2e69cf51,2e69cf50c,2020-11-15,15,{'JAM'},{'JAM_HEAVY_TRAFFIC'},40,{2},6.0
2e69cf53,2e69cf52c,2020-09-11,11,{'WEATHERHAZARD'},{'HAZARD_ON_ROAD_CAR_STOPPED'},33,{8},5.0
2e69cf55,2e69cf55c,2020-11-09,20,{'ACCIDENT'},{'ACCIDENT_MINOR'},120,{17},5.0
2e69cf57,2e69cf57c,2020-09-19,18,{'JAM'},{'JAM_STAND_STILL_TRAFFIC'},31,{2},5.0
2e69cf57,2e69cf57c,2020-10-07,15,{'JAM'},{'JAM_HEAVY_TRAFFIC'},32,{2},5.0
2e69cf57,2e69cf57c,2020-10-28,9,{'JAM'},{'JAM'},5,{2},5.0
2e69cf57,2e69cf57c,2020-10-29,17,{'JAM'},{'JAM_HEAVY_TRAFFIC'},31,{2},5.0
2e69cf57,2e69cf57c,2020-11-14,15,{'JAM'},{'JAM_STAND_STILL_TRAFFIC'},17,{1},5.0
2e69cf59,2e69cf584,2020-11-11,18,{'JAM'},{'JAM'},30,{1},6.966666666666667
2e69cf5b,2e69cf5bc,2020-10-31,11,{'JAM'},{'JAM_HEAVY_TRAFFIC'},26,{1},5.0
2e69cf5b,2e69cf5bc,2020-11-08,14,{'JAM'},{'JAM_STAND_STILL_TRAFFIC'},36,{1},5.0
2e69cf5b,2e69cf5bc,2020-11-15,16,{'JAM'},{'JAM_HEAVY_TRAFFIC'},30,{1},5.0
2e69cf5d,2e69cf5c4,2020-10-31,12,{'JAM'},{'JAM_STAND_STILL_TRAFFIC'},26,{1},5.0
2e69cf5d,2e69cf5c4,2020-10-31,13,{'JAM'},{'JAM_STAND_STILL_TRAFFIC'},31,{1},5.0
2e69cf5d,2e69cf5c4,2020-10-31,16,{'JAM'},{'JAM_STAND_STILL_TRAFFIC'},52,{1},5.0
2e69cf5d,2e69cf5c4,2020-11-20,15,{'WEATHERHAZARD'},{'HAZARD_ON_SHOULDER_ANIMALS'},31,{1},5.548387096774194
2e69cf5d,2e69cf5d4,2020-10-29,16,{'JAM'},{'JAM_HEAVY_TRAFFIC'},31,{1},5.0
2e69cf5d,2e69cf5d4,2020-11-14,15,{'JAM'},{'JAM_STAND_STILL_TRAFFIC'},31,{1},5.0
2e69cf5f,2e69cf5e4,2020-09-13,12,{'JAM'},{'JAM_HEAVY_TRAFFIC'},30,{1},5.933333333333334
2e69cf5f,2e69cf5e4,2020-10-03,14,{'JAM'},{'JAM_HEAVY_TRAFFIC'},31,{1},5.0
2e69cf5f,2e69cf5e4,2020-10-04,15,{'JAM'},{'JAM'},31,{1},5.0
2e69cf5f,2e69cf5e4,2020-10-16,16,{'JAM'},{'JAM_HEAVY_TRAFFIC'},30,{1},5.0
2e69cf5f,2e69cf5e4,2020-10-31,14,{'JAM'},{'JAM_HEAVY_TRAFFIC'},31,{1},5.0
2e69cf5f,2e69cf5e4,2020-10-31,15,{'JAM'},{'JAM_HEAVY_TRAFFIC'},65,{1},5.0
2e69cf5f,2e69cf5e4,2020-11-14,12,{'JAM'},{'JAM_HEAVY_TRAFFIC'},61,{1},5.0
2e69cf5f,2e69cf5e4,2020-11-14,13,{'JAM'},{'JAM_HEAVY_TRAFFIC'},36,{1},5.0
2e69cf5f,2e69cf5e4,2020-11-15,11,{'JAM'},{'JAM_HEAVY_TRAFFIC'},31,{1},5.0
2e69cf5f,2e69cf5ec,2020-10-11,15,{'WEATHERHAZARD'},{'WEATHERHAZARD'},32,{1},7.0
2e69cf69,2e69cf68c,2020-10-06,11,{'JAM'},{'JAM'},34,{2},5.0
2e69cf6f,2e69cf6fc,2020-11-05,7,{'JAM'},{'JAM'},31,{1},5.0
2e69e58b,2e69e58bc,2020-09-22,13,{'JAM'},{'JAM'},9,{1},5.0
2e69e5f1,2e69e5f0c,2020-09-23,23,{'JAM'},{'JAM_MODERATE_TRAFFIC'},30,{1},5.0
2e69e5f3,2e69e5f24,2020-11-08,14,{'ACCIDENT'},{'ACCIDENT_MAJOR'},120,{1},5.0
2e69e5f9,2e69e5f9c,2020-09-03,8,{'ACCIDENT'},{'ACCIDENT_MINOR'},121,{1},6.0
2e69e61d,2e69e61d4,2020-10-19,14,"{'JAM', 'WEATHERHAZARD'}","{'HAZARD_ON_SHOULDER_CAR_STOPPED', 'JAM_HEAVY_TRAFFIC'}",62,{7},5.467741935483871
2e69e61d,2e69e61d4,2020-11-16,20,{'WEATHERHAZARD'},{'HAZARD_ON_SHOULDER_CAR_STOPPED'},32,{7},5.53125
2e69e61d,2e69e61dc,2020-09-30,11,{'JAM'},{'JAM'},30,{7},5.0
2e69e61d,2e69e61dc,2020-11-07,13,{'JAM'},{'JAM_HEAVY_TRAFFIC'},30,{7},5.0
2e69e61d,2e69e61dc,2020-11-12,9,{'JAM'},{'JAM_STAND_STILL_TRAFFIC'},31,{7},5.0
2e69e61f,2e69e61e4,2020-10-02,17,{'JAM'},{'JAM_STAND_STILL_TRAFFIC'},30,{7},5.0
2e69e61f,2e69e61e4,2020-10-28,18,{'JAM'},{'JAM_HEAVY_TRAFFIC'},32,{7},5.0
2e69e61f,2e69e61e4,2020-11-07,12,{'JAM'},"{'JAM_STAND_STILL_TRAFFIC', 'JAM_HEAVY_TRAFFIC'}",61,{7},5.0
2e69e621,2e69e6204,2020-11-11,20,{'JAM'},{'JAM_STAND_STILL_TRAFFIC'},34,{2},7.411764705882353
2e69e843,2e69e842c,2020-10-15,11,{'JAM'},{'JAM_STAND_STILL_TRAFFIC'},33,{2},5.0
2e69e855,2e69e855c,2020-10-09,20,{'WEATHERHAZARD'},{'HAZARD_ON_SHOULDER_CAR_STOPPED'},32,{1},5.0
2e69e857,2e69e8564,2020-10-04,16,{'JAM'},{'JAM_MODERATE_TRAFFIC'},30,{1},5.0
2e69e85f,2e69e85f4,2020-10-22,11,{'JAM'},{'JAM_HEAVY_TRAFFIC'},42,{2},5.404761904761905
2e69e85f,2e69e85f4,2020-10-30,14,{'JAM'},{'JAM_STAND_STILL_TRAFFIC'},31,{2},5.0
2e69e85f,2e69e85f4,2020-11-01,16,{'JAM'},{'JAM_STAND_STILL_TRAFFIC'},31,{2},5.903225806451613
2e69e869,2e69e869c,2020-11-01,15,{'JAM'},{'JAM_HEAVY_TRAFFIC'},13,{2},5.0
2e69e87d,2e69e87cc,2020-09-26,17,{'JAM'},{'JAM_HEAVY_TRAFFIC'},31,{1},5.935483870967742
2e69e87d,2e69e87d4,2020-09-26,17,{'JAM'},{'JAM_HEAVY_TRAFFIC'},31,{1},5.0
2e69e87d,2e69e87dc,2020-09-01,8,{'JAM'},{'JAM_HEAVY_TRAFFIC'},30,{6},5.0
2e69e87d,2e69e87dc,2020-09-01,12,{'JAM'},{'JAM_STAND_STILL_TRAFFIC'},31,{6},5.0
2e69e87d,2e69e87dc,2020-09-03,10,{'JAM'},{'JAM'},32,{6},5.0
2e69e87d,2e69e87dc,2020-09-03,11,{'JAM'},{'JAM_STAND_STILL_TRAFFIC'},30,{6},5.0
2e69e87d,2e69e87dc,2020-09-04,8,{'JAM'},{'JAM_MODERATE_TRAFFIC'},31,{6},5.0
2e69e87d,2e69e87dc,2020-09-04,11,{'JAM'},{'JAM_HEAVY_TRAFFIC'},30,{6},5.566666666666666
2e69e87d,2e69e87dc,2020-09-05,13,{'JAM'},{'JAM_STAND_STILL_TRAFFIC'},31,{6},5.0
2e69e87d,2e69e87dc,2020-09-07,14,{'JAM'},{'JAM_STAND_STILL_TRAFFIC'},34,{6},5.0
2e69e87d,2e69e87dc,2020-09-08,11,{'JAM'},{'JAM_STAND_STILL_TRAFFIC'},31,{6},5.0
2e69e87d,2e69e87dc,2020-09-08,14,{'JAM'},{'JAM_MODERATE_TRAFFIC'},30,{6},5.0
2e69e87d,2e69e87dc,2020-09-12,14,{'JAM'},{'JAM_HEAVY_TRAFFIC'},30,{6},5.0
2e69e87d,2e69e87dc,2020-09-19,14,{'JAM'},{'JAM_STAND_STILL_TRAFFIC'},30,{6},5.866666666666666
2e69e87d,2e69e87dc,2020-09-19,15,{'JAM'},{'JAM_STAND_STILL_TRAFFIC'},32,{6},5.0
2e69e87d,2e69e87dc,2020-09-19,16,{'JAM'},{'JAM_STAND_STILL_TRAFFIC'},32,{6},5.0
2e69e87d,2e69e87dc,2020-09-20,16,{'JAM'},{'JAM_HEAVY_TRAFFIC'},5,{6},5.0
2e69e87d,2e69e87dc,2020-09-20,17,{'JAM'},{'JAM_STAND_STILL_TRAFFIC'},30,{6},7.0
2e69e87d,2e69e87dc,2020-09-24,15,{'JAM'},{'JAM_STAND_STILL_TRAFFIC'},16,{6},5.0
2e69e87d,2e69e87dc,2020-09-27,15,{'JAM'},{'JAM_HEAVY_TRAFFIC'},30,{6},5.0
2e69e87d,2e69e87dc,2020-09-29,15,{'JAM'},{'JAM_HEAVY_TRAFFIC'},30,{6},5.0
2e69e87d,2e69e87dc,2020-09-30,8,{'JAM'},{'JAM_HEAVY_TRAFFIC'},32,{6},5.0
2e69e87d,2e69e87dc,2020-10-01,9,{'JAM'},{'JAM_HEAVY_TRAFFIC'},29,{6},5.0
2e69e87d,2e69e87dc,2020-10-01,11,{'JAM'},{'JAM_STAND_STILL_TRAFFIC'},30,{6},5.0
2e69e87d,2e69e87dc,2020-10-01,12,{'JAM'},{'JAM_STAND_STILL_TRAFFIC'},31,{6},5.967741935483871
2e69e87d,2e69e87dc,2020-10-01,15,{'JAM'},{'JAM_HEAVY_TRAFFIC'},32,{6},5.78125
2e69e87d,2e69e87dc,2020-10-03,11,{'JAM'},{'JAM_HEAVY_TRAFFIC'},34,{6},5.0
2e69e87d,2e69e87dc,2020-10-03,17,{'JAM'},{'JAM_HEAVY_TRAFFIC'},40,{6},5.85
2e69e87d,2e69e87dc,2020-10-04,14,{'JAM'},{'JAM_HEAVY_TRAFFIC'},31,{6},5.0
2e69e87d,2e69e87dc,2020-10-04,17,{'JAM'},{'JAM_HEAVY_TRAFFIC'},58,{6},7.551724137931035
2e69e87d,2e69e87dc,2020-10-07,14,{'JAM'},{'JAM_HEAVY_TRAFFIC'},25,{6},5.0
2e69e87d,2e69e87dc,2020-10-11,18,{'JAM'},{'JAM_STAND_STILL_TRAFFIC'},32,{6},5.0
2e69e87d,2e69e87dc,2020-10-15,14,{'JAM'},{'JAM_STAND_STILL_TRAFFIC'},25,{6},5.0
2e69e87d,2e69e87dc,2020-10-17,13,{'JAM'},{'JAM'},30,{6},5.0
2e69e87d,2e69e87dc,2020-10-17,15,{'JAM'},{'JAM_STAND_STILL_TRAFFIC'},32,{6},8.53125
2e69e87d,2e69e87dc,2020-10-17,17,{'JAM'},{'JAM_STAND_STILL_TRAFFIC'},35,{6},5.0
2e69e87d,2e69e87dc,2020-10-18,14,{'JAM'},{'JAM_STAND_STILL_TRAFFIC'},31,{6},5.0
2e69e87d,2e69e87dc,2020-10-18,15,{'JAM'},{'JAM_STAND_STILL_TRAFFIC'},30,{6},6.966666666666667
2e69e87d,2e69e87dc,2020-10-18,19,{'JAM'},{'JAM_STAND_STILL_TRAFFIC'},43,{6},5.837209302325581
2e69e87d,2e69e87dc,2020-10-19,7,{'JAM'},{'JAM_STAND_STILL_TRAFFIC'},32,{6},5.0
2e69e87d,2e69e87dc,2020-10-19,10,"{'JAM', 'WEATHERHAZARD'}","{'HAZARD_ON_SHOULDER_CAR_STOPPED', 'JAM_MODERATE_TRAFFIC'}",77,{6},5.8441558441558445
2e69e87d,2e69e87dc,2020-10-21,11,{'JAM'},{'JAM_STAND_STILL_TRAFFIC'},35,{6},6.857142857142857
2e69e87d,2e69e87dc,2020-10-22,11,{'JAM'},{'JAM_STAND_STILL_TRAFFIC'},30,{6},5.0
2e69e87d,2e69e87dc,2020-10-22,13,{'JAM'},{'JAM_STAND_STILL_TRAFFIC'},47,{6},5.382978723404255
2e69e87d,2e69e87dc,2020-10-24,11,{'JAM'},{'JAM_HEAVY_TRAFFIC'},24,{6},5.0
2e69e87d,2e69e87dc,2020-10-24,15,{'JAM'},{'JAM_STAND_STILL_TRAFFIC'},32,{6},5.0
2e69e87d,2e69e87dc,2020-10-24,17,{'JAM'},{'JAM_HEAVY_TRAFFIC'},32,{6},5.0
2e69e87d,2e69e87dc,2020-10-24,20,{'JAM'},{'JAM_STAND_STILL_TRAFFIC'},31,{6},5.0
2e69e87d,2e69e87dc,2020-10-25,14,{'JAM'},{'JAM_HEAVY_TRAFFIC'},30,{6},5.0
2e69e87d,2e69e87dc,2020-10-25,17,{'JAM'},{'JAM_HEAVY_TRAFFIC'},32,{6},5.46875
2e69e87d,2e69e87dc,2020-10-25,20,{'JAM'},{'JAM_HEAVY_TRAFFIC'},31,{6},5.0
2e69e87d,2e69e87dc,2020-10-26,8,{'JAM'},{'JAM_HEAVY_TRAFFIC'},30,{6},5.0
2e69e87d,2e69e87dc,2020-10-26,10,{'JAM'},{'JAM_MODERATE_TRAFFIC'},31,{6},5.0
2e69e87d,2e69e87dc,2020-10-27,11,{'JAM'},{'JAM_HEAVY_TRAFFIC'},7,{6},6.0
2e69e87d,2e69e87dc,2020-10-28,18,{'JAM'},{'JAM_STAND_STILL_TRAFFIC'},31,{6},5.580645161290323
2e69e87d,2e69e87dc,2020-10-29,14,{'JAM'},{'JAM_STAND_STILL_TRAFFIC'},44,{6},8.25
2e69e87d,2e69e87dc,2020-10-29,16,{'JAM'},{'JAM_STAND_STILL_TRAFFIC'},32,{6},5.0
2e69e87d,2e69e87dc,2020-10-29,18,{'JAM'},{'JAM_STAND_STILL_TRAFFIC'},31,{6},5.0
2e69e87d,2e69e87dc,2020-10-29,19,{'JAM'},{'JAM_HEAVY_TRAFFIC'},36,{6},5.0
2e69e87d,2e69e87dc,2020-10-30,13,{'JAM'},{'JAM_STAND_STILL_TRAFFIC'},5,{6},5.0
2e69e87d,2e69e87dc,2020-10-30,14,{'JAM'},{'JAM_STAND_STILL_TRAFFIC'},32,{6},5.0
2e69e87d,2e69e87dc,2020-10-30,15,{'JAM'},{'JAM_STAND_STILL_TRAFFIC'},32,{6},6.375
2e69e87d,2e69e87dc,2020-10-31,11,{'JAM'},{'JAM_MODERATE_TRAFFIC'},15,{6},5.0
2e69e87d,2e69e87dc,2020-10-31,16,{'JAM'},{'JAM_STAND_STILL_TRAFFIC'},28,{6},5.0
2e69e87d,2e69e87dc,2020-10-31,18,{'JAM'},{'JAM_STAND_STILL_TRAFFIC'},31,{6},5.806451612903226
2e69e87d,2e69e87dc,2020-10-31,19,{'JAM'},{'JAM_STAND_STILL_TRAFFIC'},31,{6},5.0
2e69e87d,2e69e87dc,2020-11-01,12,{'JAM'},{'JAM_STAND_STILL_TRAFFIC'},30,{6},5.0
2e69e87d,2e69e87dc,2020-11-02,6,{'JAM'},{'JAM'},30,{6},5.0
2e69e87d,2e69e87dc,2020-11-03,8,{'JAM'},{'JAM_STAND_STILL_TRAFFIC'},33,{6},5.0
2e69e87d,2e69e87dc,2020-11-03,10,{'JAM'},{'JAM_STAND_STILL_TRAFFIC'},30,{6},5.0
2e69e87d,2e69e87dc,2020-11-03,17,{'JAM'},{'JAM_STAND_STILL_TRAFFIC'},32,{6},5.0
2e69e87d,2e69e87dc,2020-11-05,8,{'JAM'},{'JAM_STAND_STILL_TRAFFIC'},29,{6},5.827586206896552
2e69e87d,2e69e87dc,2020-11-07,11,{'JAM'},{'JAM_HEAVY_TRAFFIC'},30,{6},5.0
2e69e87d,2e69e87dc,2020-11-07,12,{'JAM'},{'JAM_STAND_STILL_TRAFFIC'},30,{6},5.0
2e69e87d,2e69e87dc,2020-11-07,18,{'JAM'},{'JAM'},32,{6},5.0
2e69e87d,2e69e87dc,2020-11-08,17,{'JAM'},{'JAM_STAND_STILL_TRAFFIC'},30,{6},5.0
2e69e87d,2e69e87dc,2020-11-09,15,{'JAM'},{'JAM_HEAVY_TRAFFIC'},31,{6},5.0
2e69e87d,2e69e87dc,2020-11-11,8,{'JAM'},{'JAM_STAND_STILL_TRAFFIC'},32,{6},5.0
2e69e87d,2e69e87dc,2020-11-11,10,{'JAM'},{'JAM_HEAVY_TRAFFIC'},30,{6},5.0
2e69e87d,2e69e87dc,2020-11-12,15,{'JAM'},{'JAM_STAND_STILL_TRAFFIC'},31,{6},5.903225806451613
2e69e87d,2e69e87dc,2020-11-13,9,{'JAM'},{'JAM_HEAVY_TRAFFIC'},32,{6},5.5
2e69e87d,2e69e87dc,2020-11-13,10,{'JAM'},{'JAM_STAND_STILL_TRAFFIC'},39,{6},5.384615384615385
2e69e87d,2e69e87dc,2020-11-14,10,{'JAM'},{'JAM_HEAVY_TRAFFIC'},32,{6},5.84375
2e69e87d,2e69e87dc,2020-11-14,17,{'JAM'},{'JAM_HEAVY_TRAFFIC'},15,{6},5.0
2e69e87d,2e69e87dc,2020-11-15,14,{'JAM'},{'JAM_HEAVY_TRAFFIC'},31,{6},5.0
2e69e87d,2e69e87dc,2020-11-15,17,{'JAM'},{'JAM_HEAVY_TRAFFIC'},32,{6},5.0
2e69e87d,2e69e87dc,2020-11-21,12,{'JAM'},{'JAM_HEAVY_TRAFFIC'},16,{6},6.0
2e69e87d,2e69e87dc,2020-11-21,14,{'JAM'},{'JAM_STAND_STILL_TRAFFIC'},31,{6},5.0
2e69e87d,2e69e87dc,2020-11-21,16,{'JAM'},{'JAM_HEAVY_TRAFFIC'},31,{6},5.0
2e69e87d,2e69e87dc,2020-11-22,16,{'JAM'},{'JAM_HEAVY_TRAFFIC'},32,{6},5.96875
2e69e87d,2e69e87dc,2020-11-22,18,{'JAM'},{'JAM_HEAVY_TRAFFIC'},30,{6},5.966666666666667
2e69e881,2e69e8814,2020-11-07,15,{'JAM'},{'JAM_MODERATE_TRAFFIC'},31,{1},6.0
2e69e885,2e69e8844,2020-09-01,18,{'JAM'},{'JAM_HEAVY_TRAFFIC'},19,{7},5.0
2e69e885,2e69e8844,2020-09-10,13,{'JAM'},{'JAM'},30,{7},5.0
2e69e885,2e69e8844,2020-09-12,15,{'JAM'},{'JAM_HEAVY_TRAFFIC'},28,{7},5.5
2e69e885,2e69e8844,2020-09-14,9,{'WEATHERHAZARD'},{'HAZARD_ON_SHOULDER_CAR_STOPPED'},30,{7},5.0
2e69e885,2e69e8844,2020-09-17,9,{'JAM'},{'JAM_MODERATE_TRAFFIC'},5,{7},5.0
2e69e885,2e69e8844,2020-09-23,11,{'JAM'},{'JAM_HEAVY_TRAFFIC'},30,{7},5.0
2e69e885,2e69e8844,2020-09-29,11,{'JAM'},{'JAM_STAND_STILL_TRAFFIC'},65,{7},5.461538461538462
2e69e885,2e69e8844,2020-10-01,14,{'JAM'},{'JAM_STAND_STILL_TRAFFIC'},60,{7},5.75
2e69e885,2e69e8844,2020-10-01,18,{'JAM'},{'JAM_HEAVY_TRAFFIC'},31,{7},5.0
2e69e885,2e69e8844,2020-10-05,11,{'JAM'},{'JAM_HEAVY_TRAFFIC'},31,{7},5.0
2e69e885,2e69e8844,2020-10-06,19,{'JAM'},{'JAM_HEAVY_TRAFFIC'},31,{7},5.612903225806452
2e69e885,2e69e8844,2020-10-07,10,{'JAM'},{'JAM_MODERATE_TRAFFIC'},31,{7},5.0
2e69e885,2e69e8844,2020-10-09,18,{'JAM'},{'JAM_STAND_STILL_TRAFFIC'},31,{7},5.0
2e69e885,2e69e8844,2020-10-12,10,{'JAM'},{'JAM_HEAVY_TRAFFIC'},6,{7},5.0
2e69e885,2e69e8844,2020-10-12,12,{'JAM'},{'JAM_HEAVY_TRAFFIC'},22,{7},6.0
2e69e885,2e69e8844,2020-10-15,12,{'JAM'},{'JAM_HEAVY_TRAFFIC'},31,{7},5.967741935483871
2e69e885,2e69e8844,2020-10-17,10,{'JAM'},{'JAM_STAND_STILL_TRAFFIC'},30,{7},5.0
2e69e885,2e69e8844,2020-10-17,13,{'JAM'},{'JAM_STAND_STILL_TRAFFIC'},6,{7},5.333333333333333
2e69e885,2e69e8844,2020-10-17,14,{'JAM'},{'JAM_HEAVY_TRAFFIC'},28,{7},5.535714285714286
2e69e885,2e69e8844,2020-10-21,11,{'JAM'},{'JAM_HEAVY_TRAFFIC'},31,{7},5.0
2e69e885,2e69e8844,2020-10-21,13,{'JAM'},{'JAM_HEAVY_TRAFFIC'},33,{7},6.0
2e69e885,2e69e8844,2020-10-22,9,{'JAM'},{'JAM_STAND_STILL_TRAFFIC'},32,{7},5.5
2e69e885,2e69e8844,2020-10-22,14,{'JAM'},{'JAM_MODERATE_TRAFFIC'},30,{7},5.0
2e69e885,2e69e8844,2020-10-23,19,{'JAM'},{'JAM_HEAVY_TRAFFIC'},30,{7},5.0
2e69e885,2e69e8844,2020-10-25,14,{'JAM'},{'JAM_STAND_STILL_TRAFFIC'},5,{7},5.0
2e69e885,2e69e8844,2020-10-27,10,{'JAM'},{'JAM_STAND_STILL_TRAFFIC'},30,{7},5.0
2e69e885,2e69e8844,2020-10-28,16,{'JAM'},{'JAM_HEAVY_TRAFFIC'},31,{7},5.0
2e69e885,2e69e8844,2020-10-29,12,{'JAM'},{'JAM_STAND_STILL_TRAFFIC'},35,{7},7.457142857142857
2e69e885,2e69e8844,2020-10-29,16,{'JAM'},"{'JAM_STAND_STILL_TRAFFIC', 'JAM_HEAVY_TRAFFIC'}",61,"{1, 7}",5.262295081967213
2e69e885,2e69e8844,2020-10-30,18,{'JAM'},{'JAM_MODERATE_TRAFFIC'},11,{7},5.0
2e69e885,2e69e8844,2020-10-31,10,{'JAM'},{'JAM_HEAVY_TRAFFIC'},32,{7},5.0
2e69e885,2e69e8844,2020-11-01,14,{'JAM'},{'JAM_STAND_STILL_TRAFFIC'},30,{7},5.0
2e69e885,2e69e8844,2020-11-02,10,{'JAM'},{'JAM'},32,{7},5.0
2e69e885,2e69e8844,2020-11-04,21,{'JAM'},{'JAM_MODERATE_TRAFFIC'},31,{7},5.0
2e69e885,2e69e8844,2020-11-05,11,{'JAM'},{'JAM_HEAVY_TRAFFIC'},34,{7},5.0
2e69e885,2e69e8844,2020-11-05,14,{'JAM'},{'JAM_STAND_STILL_TRAFFIC'},34,{7},5.0
2e69e885,2e69e8844,2020-11-06,11,{'JAM'},{'JAM_STAND_STILL_TRAFFIC'},10,{7},5.0
2e69e885,2e69e8844,2020-11-06,14,{'JAM'},{'JAM_HEAVY_TRAFFIC'},45,{7},5.4
2e69e885,2e69e8844,2020-11-09,19,{'JAM'},{'JAM_MODERATE_TRAFFIC'},32,{7},5.0
2e69e885,2e69e8844,2020-11-10,10,{'JAM'},{'JAM_STAND_STILL_TRAFFIC'},30,{7},5.0
2e69e885,2e69e8844,2020-11-10,14,{'JAM'},{'JAM_HEAVY_TRAFFIC'},28,{7},6.0
2e69e885,2e69e8844,2020-11-11,11,{'JAM'},{'JAM_STAND_STILL_TRAFFIC'},30,{7},5.5
2e69e885,2e69e8844,2020-11-11,15,{'JAM'},{'JAM_HEAVY_TRAFFIC'},14,{7},5.0
2e69e885,2e69e8844,2020-11-13,22,{'JAM'},{'JAM_STAND_STILL_TRAFFIC'},13,{7},5.0
2e69e885,2e69e8844,2020-11-14,9,{'JAM'},{'JAM_STAND_STILL_TRAFFIC'},31,{7},5.612903225806452
2e69e885,2e69e8844,2020-11-15,14,{'JAM'},{'JAM_STAND_STILL_TRAFFIC'},20,{7},5.0
2e69e885,2e69e8844,2020-11-17,16,{'JAM'},{'JAM_STAND_STILL_TRAFFIC'},31,{7},5.0
2e69e885,2e69e8844,2020-11-17,18,{'JAM'},{'JAM_STAND_STILL_TRAFFIC'},32,{7},5.75
2e69e885,2e69e8844,2020-11-18,7,{'JAM'},{'JAM_STAND_STILL_TRAFFIC'},43,{7},5.395348837209302
2e69e885,2e69e8844,2020-11-18,19,{'JAM'},{'JAM_HEAVY_TRAFFIC'},8,{7},5.0
2e69e885,2e69e8844,2020-11-21,13,{'JAM'},{'JAM_STAND_STILL_TRAFFIC'},1,{7},5.0
2e69e885,2e69e884c,2020-09-03,13,{'JAM'},{'JAM_STAND_STILL_TRAFFIC'},32,{7},5.0
2e69e885,2e69e884c,2020-09-11,20,{'JAM'},{'JAM_HEAVY_TRAFFIC'},33,{7},5.0
2e69e885,2e69e884c,2020-09-12,11,{'JAM'},{'JAM_HEAVY_TRAFFIC'},11,{7},5.0
2e69e885,2e69e884c,2020-09-12,14,{'JAM'},{'JAM_HEAVY_TRAFFIC'},31,{7},6.0
2e69e885,2e69e884c,2020-09-22,14,{'JAM'},{'JAM_MODERATE_TRAFFIC'},31,{7},5.0
2e69e885,2e69e884c,2020-09-26,19,{'JAM'},{'JAM_STAND_STILL_TRAFFIC'},30,{7},5.0
2e69e885,2e69e884c,2020-10-02,19,{'JAM'},{'JAM_HEAVY_TRAFFIC'},32,{7},5.0
2e69e885,2e69e884c,2020-10-03,17,{'JAM'},{'JAM_STAND_STILL_TRAFFIC'},61,{7},5.885245901639344
2e69e885,2e69e884c,2020-10-04,10,{'JAM'},{'JAM_STAND_STILL_TRAFFIC'},25,{7},5.96
2e69e885,2e69e884c,2020-10-05,15,{'JAM'},"{'JAM', 'JAM_HEAVY_TRAFFIC'}",59,{7},5.47457627118644
2e69e885,2e69e884c,2020-10-10,10,{'JAM'},{'JAM_STAND_STILL_TRAFFIC'},32,{7},5.0
2e69e885,2e69e884c,2020-10-10,19,{'JAM'},{'JAM_STAND_STILL_TRAFFIC'},33,{7},5.0
2e69e885,2e69e884c,2020-10-10,20,{'JAM'},"{'JAM_STAND_STILL_TRAFFIC', 'JAM_MODERATE_TRAFFIC'}",66,{7},5.0
2e69e885,2e69e884c,2020-10-12,12,{'JAM'},{'JAM_HEAVY_TRAFFIC'},9,{7},5.0
2e69e885,2e69e884c,2020-10-12,19,{'JAM'},{'JAM_MODERATE_TRAFFIC'},43,{7},5.0
2e69e885,2e69e884c,2020-10-16,18,{'JAM'},{'JAM_STAND_STILL_TRAFFIC'},29,{7},5.9655172413793105
2e69e885,2e69e884c,2020-10-17,13,{'JAM'},"{'JAM_STAND_STILL_TRAFFIC', 'JAM_HEAVY_TRAFFIC'}",30,{7},5.0
2e69e885,2e69e884c,2020-10-17,14,{'JAM'},{'JAM_HEAVY_TRAFFIC'},33,{7},5.757575757575758
2e69e885,2e69e884c,2020-10-22,13,{'JAM'},{'JAM'},32,{7},5.0
2e69e885,2e69e884c,2020-10-22,17,{'JAM'},{'JAM'},40,{7},5.45
2e69e885,2e69e884c,2020-10-23,15,{'JAM'},{'JAM_MODERATE_TRAFFIC'},21,{7},5.0
2e69e885,2e69e884c,2020-10-24,12,{'JAM'},{'JAM_HEAVY_TRAFFIC'},30,{7},5.0
2e69e885,2e69e884c,2020-10-24,19,{'JAM'},{'JAM_HEAVY_TRAFFIC'},25,{7},5.0
2e69e885,2e69e884c,2020-10-26,8,{'JAM'},"{'JAM', 'JAM_HEAVY_TRAFFIC'}",61,{7},5.0
2e69e885,2e69e884c,2020-10-26,12,{'JAM'},{'JAM'},30,{7},5.0
2e69e885,2e69e884c,2020-10-26,17,{'JAM'},{'JAM_STAND_STILL_TRAFFIC'},61,{7},5.344262295081967
2e69e885,2e69e884c,2020-10-26,18,{'JAM'},{'JAM_STAND_STILL_TRAFFIC'},26,{7},5.0
2e69e885,2e69e884c,2020-10-27,16,{'JAM'},{'JAM_HEAVY_TRAFFIC'},31,{7},5.0
2e69e885,2e69e884c,2020-10-27,17,{'JAM'},{'JAM_STAND_STILL_TRAFFIC'},45,{7},5.4
2e69e885,2e69e884c,2020-10-27,19,{'JAM'},{'JAM_STAND_STILL_TRAFFIC'},5,{7},5.0
2e69e885,2e69e884c,2020-10-27,20,{'JAM'},{'JAM_STAND_STILL_TRAFFIC'},31,{7},5.0
2e69e885,2e69e884c,2020-10-28,10,{'JAM'},{'JAM_STAND_STILL_TRAFFIC'},58,{7},6.017241379310345
2e69e885,2e69e884c,2020-10-28,11,{'JAM'},"{'JAM', 'JAM_STAND_STILL_TRAFFIC'}",64,{7},5.0
2e69e885,2e69e884c,2020-10-28,17,{'JAM'},{'JAM_STAND_STILL_TRAFFIC'},57,{7},7.771929824561403
2e69e885,2e69e884c,2020-10-28,18,{'JAM'},{'JAM_STAND_STILL_TRAFFIC'},31,{7},5.483870967741935
2e69e885,2e69e884c,2020-10-29,10,{'JAM'},"{'JAM_STAND_STILL_TRAFFIC', 'JAM_HEAVY_TRAFFIC'}",90,{7},5.7444444444444445
2e69e885,2e69e884c,2020-10-29,11,{'JAM'},{'JAM_STAND_STILL_TRAFFIC'},43,{7},8.093023255813954
2e69e885,2e69e884c,2020-10-29,12,{'JAM'},{'JAM_STAND_STILL_TRAFFIC'},41,{7},6.780487804878049
2e69e885,2e69e884c,2020-10-30,14,{'JAM'},{'JAM_STAND_STILL_TRAFFIC'},31,{7},5.0
2e69e885,2e69e884c,2020-11-01,14,{'JAM'},{'JAM_STAND_STILL_TRAFFIC'},31,{22},5.967741935483871
2e69e885,2e69e884c,2020-11-03,18,{'JAM'},{'JAM_HEAVY_TRAFFIC'},30,{7},5.0
2e69e885,2e69e884c,2020-11-04,11,{'JAM'},{'JAM_HEAVY_TRAFFIC'},30,{7},5.0
2e69e885,2e69e884c,2020-11-05,16,{'JAM'},{'JAM_STAND_STILL_TRAFFIC'},29,{7},5.0
2e69e885,2e69e884c,2020-11-07,13,{'JAM'},{'JAM_STAND_STILL_TRAFFIC'},30,{7},5.0
2e69e885,2e69e884c,2020-11-09,12,{'JAM'},{'JAM_STAND_STILL_TRAFFIC'},31,{7},5.0
2e69e885,2e69e884c,2020-11-10,14,{'JAM'},{'JAM_HEAVY_TRAFFIC'},3,{7},5.0
2e69e885,2e69e884c,2020-11-11,18,{'JAM'},{'JAM_STAND_STILL_TRAFFIC'},31,{7},5.0
2e69e885,2e69e884c,2020-11-11,20,{'JAM'},{'JAM_STAND_STILL_TRAFFIC'},32,{7},5.84375
2e69e885,2e69e884c,2020-11-13,14,{'JAM'},{'JAM_STAND_STILL_TRAFFIC'},31,{7},5.0
2e69e885,2e69e884c,2020-11-14,10,{'JAM'},{'JAM_HEAVY_TRAFFIC'},32,{7},5.0
2e69e885,2e69e884c,2020-11-14,12,{'JAM'},{'JAM'},31,{7},5.0
2e69e885,2e69e884c,2020-11-15,11,{'JAM'},{'JAM_HEAVY_TRAFFIC'},32,{7},5.0
2e69e885,2e69e884c,2020-11-17,18,{'JAM'},{'JAM_STAND_STILL_TRAFFIC'},47,{7},5.9787234042553195
2e69e885,2e69e884c,2020-11-21,10,{'JAM'},{'JAM_STAND_STILL_TRAFFIC'},35,{7},5.457142857142857
2e69e885,2e69e884c,2020-11-21,13,{'JAM'},{'JAM_HEAVY_TRAFFIC'},1,{7},6.0
2e69e885,2e69e8854,2020-09-22,15,{'JAM'},{'JAM_STAND_STILL_TRAFFIC'},6,{6},5.0
2e69e885,2e69e8854,2020-10-22,13,{'JAM'},{'JAM_STAND_STILL_TRAFFIC'},48,{6},5.375
2e69e885,2e69e8854,2020-10-28,17,{'WEATHERHAZARD'},{'HAZARD_WEATHER_FLOOD'},31,{6},6.67741935483871
2e69e885,2e69e885c,2020-09-04,16,{'JAM'},{'JAM_MODERATE_TRAFFIC'},31,{6},5.0
2e69e885,2e69e885c,2020-09-05,12,"{'JAM', 'WEATHERHAZARD'}","{'HAZARD_ON_SHOULDER_CAR_STOPPED', 'JAM_STAND_STILL_TRAFFIC'}",64,{6},5.921875
2e69e885,2e69e885c,2020-10-03,17,{'WEATHERHAZARD'},{'WEATHERHAZARD'},10,{7},5.1
2e69e885,2e69e885c,2020-10-04,10,{'JAM'},{'JAM_MODERATE_TRAFFIC'},30,{6},5.0
2e69e885,2e69e885c,2020-10-04,11,{'JAM'},{'JAM_MODERATE_TRAFFIC'},29,{6},5.0
2e69e885,2e69e885c,2020-10-06,13,{'JAM'},{'JAM_HEAVY_TRAFFIC'},6,{6},5.0
2e69e885,2e69e885c,2020-10-10,11,{'JAM'},{'JAM_STAND_STILL_TRAFFIC'},31,{6},5.0
2e69e885,2e69e885c,2020-10-19,10,{'WEATHERHAZARD'},{'HAZARD_ON_SHOULDER_CAR_STOPPED'},31,{6},5.0
2e69e885,2e69e885c,2020-10-22,17,{'JAM'},{'JAM_HEAVY_TRAFFIC'},32,{7},5.0
2e69e885,2e69e885c,2020-10-25,14,{'JAM'},{'JAM_MODERATE_TRAFFIC'},6,{6},5.0
2e69e885,2e69e885c,2020-10-28,18,{'JAM'},{'JAM_HEAVY_TRAFFIC'},61,{6},5.0
2e69e885,2e69e885c,2020-10-29,10,{'JAM'},{'JAM_HEAVY_TRAFFIC'},20,{6},5.0
2e69e885,2e69e885c,2020-10-29,18,{'JAM'},{'JAM_HEAVY_TRAFFIC'},30,{7},5.0
2e69e885,2e69e885c,2020-11-05,13,{'JAM'},{'JAM_STAND_STILL_TRAFFIC'},31,{7},5.0
2e69e885,2e69e885c,2020-11-07,10,"{'JAM', 'WEATHERHAZARD'}","{'HAZARD_ON_SHOULDER_CAR_STOPPED', 'JAM_STAND_STILL_TRAFFIC'}",66,{6},5.803030303030303
2e69e885,2e69e885c,2020-11-15,10,{'WEATHERHAZARD'},{'HAZARD_ON_SHOULDER_CAR_STOPPED'},31,{6},5.096774193548387
2e69e885,2e69e885c,2020-11-15,14,{'WEATHERHAZARD'},{'HAZARD_ON_SHOULDER_CAR_STOPPED'},31,{6},5.354838709677419
2e69e885,2e69e885c,2020-11-18,16,{'JAM'},{'JAM_MODERATE_TRAFFIC'},31,{6},5.0
2e69e885,2e69e885c,2020-11-19,14,{'JAM'},{'JAM'},30,{6},5.0
2e69e885,2e69e885c,2020-11-22,18,{'JAM'},{'JAM'},6,{6},5.0
2e69e887,2e69e8864,2020-09-01,13,{'JAM'},{'JAM_STAND_STILL_TRAFFIC'},31,{6},5.0
2e69e887,2e69e8864,2020-09-05,9,{'JAM'},{'JAM_MODERATE_TRAFFIC'},27,{7},5.0
2e69e887,2e69e8864,2020-09-10,11,{'JAM'},{'JAM'},19,{7},5.947368421052632
2e69e887,2e69e8864,2020-09-11,11,{'JAM'},{'JAM_STAND_STILL_TRAFFIC'},9,{6},5.0
2e69e887,2e69e8864,2020-09-11,13,{'JAM'},{'JAM_STAND_STILL_TRAFFIC'},33,{6},5.0
2e69e887,2e69e8864,2020-09-11,17,{'JAM'},{'JAM_STAND_STILL_TRAFFIC'},80,{6},5.0
2e69e887,2e69e8864,2020-09-12,9,{'JAM'},{'JAM_HEAVY_TRAFFIC'},63,{6},5.0
2e69e887,2e69e8864,2020-09-12,14,"{'JAM', 'WEATHERHAZARD'}","{'HAZARD_ON_SHOULDER_CAR_STOPPED', 'JAM_HEAVY_TRAFFIC'}",60,{6},5.166666666666667
2e69e887,2e69e8864,2020-09-12,20,{'JAM'},{'JAM_HEAVY_TRAFFIC'},30,{6},5.0
2e69e887,2e69e8864,2020-09-19,12,{'JAM'},{'JAM_HEAVY_TRAFFIC'},65,"{6, 7}",5.0
2e69e887,2e69e8864,2020-09-19,13,{'JAM'},{'JAM_MODERATE_TRAFFIC'},32,{6},5.0
2e69e887,2e69e8864,2020-09-19,14,{'JAM'},{'JAM_STAND_STILL_TRAFFIC'},7,{7},5.0
2e69e887,2e69e8864,2020-09-19,17,{'JAM'},{'JAM_HEAVY_TRAFFIC'},31,{6},5.967741935483871
2e69e887,2e69e8864,2020-09-26,17,{'JAM'},{'JAM_MODERATE_TRAFFIC'},30,{6},5.0
2e69e887,2e69e8864,2020-09-26,18,{'JAM'},{'JAM_MODERATE_TRAFFIC'},30,{2},5.0
2e69e887,2e69e8864,2020-09-29,12,{'JAM'},{'JAM_STAND_STILL_TRAFFIC'},30,{6},5.0
2e69e887,2e69e8864,2020-10-01,15,{'JAM'},{'JAM_HEAVY_TRAFFIC'},31,{7},5.0
2e69e887,2e69e8864,2020-10-04,11,{'JAM'},{'JAM_HEAVY_TRAFFIC'},63,{6},5.0
2e69e887,2e69e8864,2020-10-04,14,"{'JAM', 'WEATHERHAZARD'}","{'HAZARD_ON_SHOULDER_CAR_STOPPED', 'JAM_HEAVY_TRAFFIC'}",93,{6},5.139784946236559
2e69e887,2e69e8864,2020-10-04,18,{'JAM'},{'JAM_STAND_STILL_TRAFFIC'},31,{6},5.0
2e69e887,2e69e8864,2020-10-05,17,{'JAM'},{'JAM_STAND_STILL_TRAFFIC'},34,{7},5.0
2e69e887,2e69e8864,2020-10-06,16,{'JAM'},{'JAM_HEAVY_TRAFFIC'},33,{7},5.0
2e69e887,2e69e8864,2020-10-06,19,{'JAM'},{'JAM_STAND_STILL_TRAFFIC'},63,{7},5.746031746031746
2e69e887,2e69e8864,2020-10-07,20,{'JAM'},{'JAM_HEAVY_TRAFFIC'},30,{6},5.0
2e69e887,2e69e8864,2020-10-08,11,{'JAM'},{'JAM_STAND_STILL_TRAFFIC'},30,{6},5.0
2e69e887,2e69e8864,2020-10-08,14,{'JAM'},{'JAM_HEAVY_TRAFFIC'},60,{6},5.0
2e69e887,2e69e8864,2020-10-10,11,{'JAM'},{'JAM_STAND_STILL_TRAFFIC'},30,{7},5.0
2e69e887,2e69e8864,2020-10-10,16,{'JAM'},{'JAM_MODERATE_TRAFFIC'},31,{6},5.0
2e69e887,2e69e8864,2020-10-10,19,{'JAM'},{'JAM_STAND_STILL_TRAFFIC'},32,{6},5.0
2e69e887,2e69e8864,2020-10-11,11,{'JAM'},{'JAM_HEAVY_TRAFFIC'},63,{6},5.0
2e69e887,2e69e8864,2020-10-12,7,{'JAM'},"{'JAM', 'JAM_HEAVY_TRAFFIC'}",62,"{2, 6}",5.0
2e69e887,2e69e8864,2020-10-12,20,{'JAM'},{'JAM_MODERATE_TRAFFIC'},25,{6},5.0
2e69e887,2e69e8864,2020-10-13,13,{'JAM'},{'JAM_STAND_STILL_TRAFFIC'},35,{6},5.0
2e69e887,2e69e8864,2020-10-14,13,{'JAM'},{'JAM_HEAVY_TRAFFIC'},31,{6},5.0
2e69e887,2e69e8864,2020-10-15,10,{'JAM'},{'JAM_HEAVY_TRAFFIC'},7,{6},5.0
2e69e887,2e69e8864,2020-10-16,19,{'JAM'},{'JAM_STAND_STILL_TRAFFIC'},23,{6},5.0
2e69e887,2e69e8864,2020-10-17,12,{'JAM'},{'JAM_HEAVY_TRAFFIC'},32,{7},5.46875
2e69e887,2e69e8864,2020-10-17,15,{'JAM'},"{'JAM_STAND_STILL_TRAFFIC', 'JAM_HEAVY_TRAFFIC'}",71,"{6, 7}",5.676056338028169
2e69e887,2e69e8864,2020-10-17,19,{'JAM'},{'JAM_STAND_STILL_TRAFFIC'},30,{2},5.0
2e69e887,2e69e8864,2020-10-18,15,{'JAM'},{'JAM_STAND_STILL_TRAFFIC'},31,{6},5.0
2e69e887,2e69e8864,2020-10-18,20,{'JAM'},{'JAM_HEAVY_TRAFFIC'},31,{6},5.0
2e69e887,2e69e8864,2020-10-19,5,{'JAM'},{'JAM_STAND_STILL_TRAFFIC'},33,{6},5.0
2e69e887,2e69e8864,2020-10-19,10,"{'JAM', 'WEATHERHAZARD'}","{'HAZARD_ON_SHOULDER_CAR_STOPPED', 'JAM_MODERATE_TRAFFIC'}",123,{6},5.650406504065041
2e69e887,2e69e8864,2020-10-22,12,{'JAM'},{'JAM_STAND_STILL_TRAFFIC'},32,{6},5.0
2e69e887,2e69e8864,2020-10-22,15,{'JAM'},{'JAM_STAND_STILL_TRAFFIC'},26,{7},5.0
2e69e887,2e69e8864,2020-10-23,7,{'JAM'},{'JAM'},33,{7},5.0
2e69e887,2e69e8864,2020-10-23,16,{'JAM'},{'JAM_HEAVY_TRAFFIC'},31,{6},5.0
2e69e887,2e69e8864,2020-10-24,14,{'JAM'},{'JAM'},31,{6},5.0
2e69e887,2e69e8864,2020-10-24,17,{'JAM'},{'JAM_STAND_STILL_TRAFFIC'},65,"{6, 7}",5.0
2e69e887,2e69e8864,2020-10-24,18,{'JAM'},{'JAM_STAND_STILL_TRAFFIC'},31,{7},5.0
2e69e887,2e69e8864,2020-10-24,19,{'JAM'},"{'JAM_STAND_STILL_TRAFFIC', 'JAM_MODERATE_TRAFFIC'}",39,{7},5.0
2e69e887,2e69e8864,2020-10-25,10,{'JAM'},{'JAM_HEAVY_TRAFFIC'},70,{6},5.228571428571429
2e69e887,2e69e8864,2020-10-25,14,"{'JAM', 'WEATHERHAZARD'}","{'HAZARD_ON_SHOULDER_CAR_STOPPED', 'JAM_MODERATE_TRAFFIC', 'JAM_HEAVY_TRAFFIC'}",141,{6},6.702127659574468
2e69e887,2e69e8864,2020-10-26,17,{'JAM'},{'JAM_HEAVY_TRAFFIC'},27,{7},5.0
2e69e887,2e69e8864,2020-10-27,17,{'JAM'},{'JAM_STAND_STILL_TRAFFIC'},100,"{6, 7}",5.18
2e69e887,2e69e8864,2020-10-27,18,{'JAM'},{'JAM_STAND_STILL_TRAFFIC'},52,{6},5.0
2e69e887,2e69e8864,2020-10-28,8,{'JAM'},{'JAM_HEAVY_TRAFFIC'},31,{7},5.0
2e69e887,2e69e8864,2020-10-28,18,{'JAM'},"{'JAM_STAND_STILL_TRAFFIC', 'JAM_HEAVY_TRAFFIC'}",99,"{6, 7}",5.0
2e69e887,2e69e8864,2020-10-29,12,{'JAM'},"{'JAM_STAND_STILL_TRAFFIC', 'JAM_HEAVY_TRAFFIC'}",129,"{1, 6, 7}",5.713178294573644
2e69e887,2e69e8864,2020-10-29,14,{'JAM'},{'JAM_STAND_STILL_TRAFFIC'},31,{6},5.0
2e69e887,2e69e8864,2020-10-29,16,{'JAM'},{'JAM_STAND_STILL_TRAFFIC'},74,"{6, 7}",5.783783783783784
2e69e887,2e69e8864,2020-10-29,17,{'JAM'},{'JAM_STAND_STILL_TRAFFIC'},7,{7},5.0
2e69e887,2e69e8864,2020-10-29,22,{'WEATHERHAZARD'},{'HAZARD_ON_SHOULDER_CAR_STOPPED'},8,{7},5.0
2e69e887,2e69e8864,2020-10-30,11,{'JAM'},{'JAM_HEAVY_TRAFFIC'},31,{6},5.0
2e69e887,2e69e8864,2020-10-31,12,{'JAM'},{'JAM_HEAVY_TRAFFIC'},30,{7},5.0
2e69e887,2e69e8864,2020-10-31,16,{'JAM'},{'JAM_STAND_STILL_TRAFFIC'},29,{6},5.0
2e69e887,2e69e8864,2020-11-01,16,{'JAM'},{'JAM_MODERATE_TRAFFIC'},31,{7},5.0
2e69e887,2e69e8864,2020-11-02,14,{'JAM'},{'JAM_STAND_STILL_TRAFFIC'},64,{6},5.0
2e69e887,2e69e8864,2020-11-02,17,{'JAM'},{'JAM_HEAVY_TRAFFIC'},32,{7},5.0
2e69e887,2e69e8864,2020-11-04,17,{'JAM'},{'JAM_STAND_STILL_TRAFFIC'},30,{7},5.0
2e69e887,2e69e8864,2020-11-04,19,{'JAM'},{'JAM_HEAVY_TRAFFIC'},32,{6},5.0
2e69e887,2e69e8864,2020-11-04,21,{'JAM'},{'JAM_HEAVY_TRAFFIC'},6,{6},5.0
2e69e887,2e69e8864,2020-11-06,13,{'JAM'},"{'JAM_STAND_STILL_TRAFFIC', 'JAM_MODERATE_TRAFFIC'}",63,"{6, 7}",5.0
2e69e887,2e69e8864,2020-11-07,10,{'WEATHERHAZARD'},{'HAZARD_ON_SHOULDER_CAR_STOPPED'},31,{6},6.967741935483871
2e69e887,2e69e8864,2020-11-08,8,{'JAM'},{'JAM_MODERATE_TRAFFIC'},30,{6},5.0
2e69e887,2e69e8864,2020-11-08,10,{'JAM'},"{'JAM_STAND_STILL_TRAFFIC', 'JAM_MODERATE_TRAFFIC'}",124,"{6, 7}",5.241935483870968
2e69e887,2e69e8864,2020-11-08,11,{'JAM'},{'JAM_STAND_STILL_TRAFFIC'},30,{6},5.0
2e69e887,2e69e8864,2020-11-08,19,{'JAM'},{'JAM_STAND_STILL_TRAFFIC'},31,{6},5.0
2e69e887,2e69e8864,2020-11-09,18,{'JAM'},{'JAM_HEAVY_TRAFFIC'},18,{7},5.0
2e69e887,2e69e8864,2020-11-10,19,{'JAM'},{'JAM_HEAVY_TRAFFIC'},58,"{6, 7}",5.0
2e69e887,2e69e8864,2020-11-11,10,{'JAM'},{'JAM_HEAVY_TRAFFIC'},31,{7},5.0
2e69e887,2e69e8864,2020-11-12,8,{'JAM'},{'JAM_STAND_STILL_TRAFFIC'},30,{7},5.0
2e69e887,2e69e8864,2020-11-12,15,{'JAM'},"{'JAM_STAND_STILL_TRAFFIC', 'JAM_HEAVY_TRAFFIC'}",39,"{6, 7}",5.0
2e69e887,2e69e8864,2020-11-12,18,{'JAM'},{'JAM_STAND_STILL_TRAFFIC'},31,{7},5.0
2e69e887,2e69e8864,2020-11-13,18,{'JAM'},{'JAM_HEAVY_TRAFFIC'},35,{7},5.457142857142857
2e69e887,2e69e8864,2020-11-13,19,{'JAM'},{'JAM_STAND_STILL_TRAFFIC'},32,{6},5.0
2e69e887,2e69e8864,2020-11-14,11,{'JAM'},{'JAM'},32,{7},5.0
2e69e887,2e69e8864,2020-11-14,13,{'JAM'},"{'JAM', 'JAM_MODERATE_TRAFFIC'}",55,{6},5.0
2e69e887,2e69e8864,2020-11-14,15,{'JAM'},{'JAM_HEAVY_TRAFFIC'},63,"{6, 7}",5.0
2e69e887,2e69e8864,2020-11-15,10,{'JAM'},{'JAM_MODERATE_TRAFFIC'},60,{6},5.483333333333333
2e69e887,2e69e8864,2020-11-15,11,{'JAM'},{'JAM_STAND_STILL_TRAFFIC'},60,{6},5.0
2e69e887,2e69e8864,2020-11-15,14,"{'JAM', 'WEATHERHAZARD'}","{'HAZARD_ON_SHOULDER_CAR_STOPPED', 'JAM_HEAVY_TRAFFIC'}",60,{6},5.0
2e69e887,2e69e8864,2020-11-16,6,{'JAM'},{'JAM_MODERATE_TRAFFIC'},28,{6},5.0
2e69e887,2e69e8864,2020-11-17,18,{'JAM'},{'JAM_STAND_STILL_TRAFFIC'},31,{7},5.903225806451613
2e69e887,2e69e8864,2020-11-18,16,{'JAM'},{'JAM_MODERATE_TRAFFIC'},59,{6},5.0
2e69e887,2e69e8864,2020-11-20,10,{'WEATHERHAZARD'},{'HAZARD_ON_ROAD_CAR_STOPPED'},30,{6},5.0
2e69e887,2e69e8864,2020-11-21,12,{'JAM'},{'JAM_HEAVY_TRAFFIC'},6,{7},5.0
2e69e887,2e69e8864,2020-11-22,14,{'WEATHERHAZARD'},{'HAZARD_ON_ROAD_CAR_STOPPED'},22,{6},5.0
2e69e887,2e69e8864,2020-11-22,18,"{'JAM', 'WEATHERHAZARD'}","{'HAZARD_ON_ROAD_CAR_STOPPED', 'JAM_HEAVY_TRAFFIC'}",199,{6},5.688442211055277
2e69e887,2e69e886c,2020-10-11,9,{'JAM'},{'JAM_HEAVY_TRAFFIC'},31,{2},6.645161290322581
2e69e887,2e69e886c,2020-11-05,15,{'JAM'},{'JAM_MODERATE_TRAFFIC'},31,{2},5.0
2e69e887,2e69e886c,2020-11-21,9,{'WEATHERHAZARD'},{'HAZARD_ON_SHOULDER_CAR_STOPPED'},47,{2},5.319148936170213
2e69e887,2e69e886c,2020-11-21,13,{'JAM'},{'JAM_STAND_STILL_TRAFFIC'},5,{2},5.0
2e69e887,2e69e8874,2020-09-01,7,{'JAM'},{'JAM_HEAVY_TRAFFIC'},31,{2},5.0
2e69e887,2e69e8874,2020-09-01,12,{'JAM'},{'JAM_STAND_STILL_TRAFFIC'},29,{6},5.0
2e69e887,2e69e8874,2020-09-03,14,{'JAM'},{'JAM_STAND_STILL_TRAFFIC'},31,{6},5.0
2e69e887,2e69e8874,2020-09-04,13,{'JAM'},{'JAM'},33,{6},5.0
2e69e887,2e69e8874,2020-09-05,17,{'JAM'},{'JAM_STAND_STILL_TRAFFIC'},53,{6},6.9245283018867925
2e69e887,2e69e8874,2020-09-06,14,{'JAM'},{'JAM_HEAVY_TRAFFIC'},31,{6},5.0
2e69e887,2e69e8874,2020-09-06,19,{'JAM'},{'JAM'},33,{6},5.0
2e69e887,2e69e8874,2020-09-07,14,{'JAM'},{'JAM_STAND_STILL_TRAFFIC'},31,{6},5.0
2e69e887,2e69e8874,2020-09-07,15,{'JAM'},{'JAM_HEAVY_TRAFFIC'},31,{6},5.0
2e69e887,2e69e8874,2020-09-10,12,{'JAM'},{'JAM_STAND_STILL_TRAFFIC'},19,{6},5.0
2e69e887,2e69e8874,2020-09-11,11,{'JAM'},{'JAM_STAND_STILL_TRAFFIC'},25,{6},5.0
2e69e887,2e69e8874,2020-09-11,17,{'JAM'},{'JAM_STAND_STILL_TRAFFIC'},31,{6},5.0
2e69e887,2e69e8874,2020-09-11,20,{'JAM'},{'JAM_STAND_STILL_TRAFFIC'},31,{6},5.0
2e69e887,2e69e8874,2020-09-12,8,{'JAM'},"{'JAM_STAND_STILL_TRAFFIC', 'JAM_MODERATE_TRAFFIC'}",61,{6},5.0
2e69e887,2e69e8874,2020-09-12,9,{'WEATHERHAZARD'},{'HAZARD_ON_SHOULDER_CAR_STOPPED'},30,{6},5.533333333333333
2e69e887,2e69e8874,2020-09-12,12,{'JAM'},{'JAM_STAND_STILL_TRAFFIC'},68,"{2, 6}",5.220588235294118
2e69e887,2e69e8874,2020-09-13,18,{'JAM'},{'JAM_HEAVY_TRAFFIC'},30,{6},5.0
2e69e887,2e69e8874,2020-09-14,16,{'JAM'},{'JAM_HEAVY_TRAFFIC'},32,{6},5.0
2e69e887,2e69e8874,2020-09-16,11,{'JAM'},{'JAM_HEAVY_TRAFFIC'},32,{6},5.0
2e69e887,2e69e8874,2020-09-16,12,{'JAM'},{'JAM_HEAVY_TRAFFIC'},32,{6},5.0
2e69e887,2e69e8874,2020-09-19,13,{'JAM'},{'JAM_HEAVY_TRAFFIC'},62,{6},5.0
2e69e887,2e69e8874,2020-09-20,16,{'JAM'},{'JAM_HEAVY_TRAFFIC'},25,{6},6.0
2e69e887,2e69e8874,2020-09-22,9,{'JAM'},{'JAM_STAND_STILL_TRAFFIC'},31,{6},5.0
2e69e887,2e69e8874,2020-09-25,8,{'JAM'},{'JAM'},32,{2},5.0
2e69e887,2e69e8874,2020-09-25,18,{'JAM'},{'JAM_MODERATE_TRAFFIC'},32,{6},5.0
2e69e887,2e69e8874,2020-09-26,10,{'JAM'},{'JAM_STAND_STILL_TRAFFIC'},30,{6},5.0
2e69e887,2e69e8874,2020-09-26,12,{'JAM'},{'JAM_HEAVY_TRAFFIC'},31,{6},5.0
2e69e887,2e69e8874,2020-09-26,14,{'JAM'},{'JAM_HEAVY_TRAFFIC'},31,{6},5.0
2e69e887,2e69e8874,2020-09-26,19,{'JAM'},{'JAM_HEAVY_TRAFFIC'},30,{6},5.0
2e69e887,2e69e8874,2020-09-28,7,{'JAM'},{'JAM_HEAVY_TRAFFIC'},34,{6},5.0
2e69e887,2e69e8874,2020-09-29,9,{'JAM'},{'JAM_HEAVY_TRAFFIC'},32,{6},5.0
2e69e887,2e69e8874,2020-10-01,12,{'JAM'},{'JAM_STAND_STILL_TRAFFIC'},30,{6},5.0
2e69e887,2e69e8874,2020-10-01,16,{'JAM'},{'JAM_STAND_STILL_TRAFFIC'},31,{6},5.0
2e69e887,2e69e8874,2020-10-02,15,{'JAM'},{'JAM'},32,{6},5.96875
2e69e887,2e69e8874,2020-10-03,15,{'JAM'},{'JAM_STAND_STILL_TRAFFIC'},31,{6},5.0
2e69e887,2e69e8874,2020-10-03,16,{'JAM'},{'JAM_HEAVY_TRAFFIC'},35,{2},6.457142857142857
2e69e887,2e69e8874,2020-10-04,10,{'JAM'},{'JAM_STAND_STILL_TRAFFIC'},63,{2},5.0
2e69e887,2e69e8874,2020-10-04,14,{'JAM'},{'JAM_STAND_STILL_TRAFFIC'},92,"{2, 6}",5.0
2e69e887,2e69e8874,2020-10-04,17,{'JAM'},{'JAM_HEAVY_TRAFFIC'},1,{6},6.0
2e69e887,2e69e8874,2020-10-05,11,{'JAM'},{'JAM_HEAVY_TRAFFIC'},32,{6},5.0
2e69e887,2e69e8874,2020-10-06,10,{'JAM'},{'JAM_MODERATE_TRAFFIC'},30,{6},5.933333333333334
2e69e887,2e69e8874,2020-10-08,19,{'JAM'},{'JAM_STAND_STILL_TRAFFIC'},27,{6},5.0
2e69e887,2e69e8874,2020-10-10,10,{'JAM'},{'JAM_STAND_STILL_TRAFFIC'},46,{6},5.695652173913044
2e69e887,2e69e8874,2020-10-10,12,{'JAM'},{'JAM_STAND_STILL_TRAFFIC'},17,{6},5.705882352941177
2e69e887,2e69e8874,2020-10-10,14,{'JAM'},{'JAM_STAND_STILL_TRAFFIC'},30,{6},5.666666666666667
2e69e887,2e69e8874,2020-10-10,20,{'JAM'},{'JAM_STAND_STILL_TRAFFIC'},31,{6},5.774193548387097
2e69e887,2e69e8874,2020-10-11,9,{'JAM'},"{'JAM_STAND_STILL_TRAFFIC', 'JAM_MODERATE_TRAFFIC'}",62,{2},5.0
2e69e887,2e69e8874,2020-10-11,11,{'JAM'},{'JAM_STAND_STILL_TRAFFIC'},34,{6},5.0
2e69e887,2e69e8874,2020-10-11,12,{'JAM'},{'JAM_HEAVY_TRAFFIC'},32,{6},5.0
2e69e887,2e69e8874,2020-10-11,14,{'JAM'},{'JAM_STAND_STILL_TRAFFIC'},31,{6},5.0
2e69e887,2e69e8874,2020-10-11,19,{'JAM'},{'JAM_STAND_STILL_TRAFFIC'},32,{6},5.0
2e69e887,2e69e8874,2020-10-12,6,{'JAM'},{'JAM_HEAVY_TRAFFIC'},31,{6},5.0
2e69e887,2e69e8874,2020-10-12,16,{'JAM'},{'JAM_STAND_STILL_TRAFFIC'},32,{6},5.0
2e69e887,2e69e8874,2020-10-13,9,{'JAM'},{'JAM_HEAVY_TRAFFIC'},32,{6},5.0
2e69e887,2e69e8874,2020-10-14,15,{'JAM'},{'JAM_HEAVY_TRAFFIC'},30,{6},5.0
2e69e887,2e69e8874,2020-10-15,8,{'JAM'},{'JAM_STAND_STILL_TRAFFIC'},31,{6},5.0
2e69e887,2e69e8874,2020-10-15,9,{'JAM'},"{'JAM_STAND_STILL_TRAFFIC', 'JAM_MODERATE_TRAFFIC'}",62,{6},5.0
2e69e887,2e69e8874,2020-10-16,16,{'JAM'},{'JAM_HEAVY_TRAFFIC'},35,{6},5.0
2e69e887,2e69e8874,2020-10-17,11,{'JAM'},{'JAM_STAND_STILL_TRAFFIC'},31,{6},5.0
2e69e887,2e69e8874,2020-10-17,15,{'JAM'},{'JAM_STAND_STILL_TRAFFIC'},31,{6},5.967741935483871
2e69e887,2e69e8874,2020-10-17,16,{'JAM'},{'JAM_STAND_STILL_TRAFFIC'},32,{2},5.0
2e69e887,2e69e8874,2020-10-18,15,{'JAM'},{'JAM_STAND_STILL_TRAFFIC'},32,{6},5.0
2e69e887,2e69e8874,2020-10-18,18,{'JAM'},{'JAM_STAND_STILL_TRAFFIC'},31,{6},5.0
2e69e887,2e69e8874,2020-10-18,20,{'JAM'},{'JAM_STAND_STILL_TRAFFIC'},32,{6},5.0
2e69e887,2e69e8874,2020-10-19,12,{'JAM'},{'JAM_HEAVY_TRAFFIC'},30,{6},5.0
2e69e887,2e69e8874,2020-10-19,15,{'JAM'},{'JAM_STAND_STILL_TRAFFIC'},44,{6},6.340909090909091
2e69e887,2e69e8874,2020-10-20,11,{'JAM'},"{'JAM', 'JAM_HEAVY_TRAFFIC'}",25,{6},6.0
2e69e887,2e69e8874,2020-10-20,15,{'JAM'},{'JAM_STAND_STILL_TRAFFIC'},26,{6},5.846153846153846
2e69e887,2e69e8874,2020-10-21,7,{'JAM'},{'JAM'},34,{6},5.470588235294118
2e69e887,2e69e8874,2020-10-21,11,{'JAM'},{'JAM_STAND_STILL_TRAFFIC'},32,{6},5.0
2e69e887,2e69e8874,2020-10-22,10,{'JAM'},{'JAM_STAND_STILL_TRAFFIC'},31,{6},5.548387096774194
2e69e887,2e69e8874,2020-10-23,13,{'JAM'},{'JAM_HEAVY_TRAFFIC'},69,{6},5.521739130434782
2e69e887,2e69e8874,2020-10-23,17,{'JAM'},{'JAM_HEAVY_TRAFFIC'},32,{6},5.0
2e69e887,2e69e8874,2020-10-24,11,{'JAM'},{'JAM_HEAVY_TRAFFIC'},20,{6},6.95
2e69e887,2e69e8874,2020-10-24,17,{'JAM'},"{'JAM', 'JAM_HEAVY_TRAFFIC'}",63,{6},5.396825396825397
2e69e887,2e69e8874,2020-10-24,20,{'JAM'},{'JAM_STAND_STILL_TRAFFIC'},31,{6},5.0
2e69e887,2e69e8874,2020-10-25,9,{'JAM'},{'JAM_STAND_STILL_TRAFFIC'},30,{6},5.0
2e69e887,2e69e8874,2020-10-25,11,{'ACCIDENT'},{'ACCIDENT_MINOR'},51,{6},5.078431372549019
2e69e887,2e69e8874,2020-10-25,14,{'JAM'},{'JAM_HEAVY_TRAFFIC'},45,{6},5.711111111111111
2e69e887,2e69e8874,2020-10-25,17,{'JAM'},{'JAM_HEAVY_TRAFFIC'},30,{6},5.0
2e69e887,2e69e8874,2020-10-27,11,{'JAM'},{'JAM_STAND_STILL_TRAFFIC'},31,{6},5.0
2e69e887,2e69e8874,2020-10-28,15,{'JAM'},{'JAM_STAND_STILL_TRAFFIC'},31,{6},5.0
2e69e887,2e69e8874,2020-10-28,18,{'JAM'},{'JAM_STAND_STILL_TRAFFIC'},61,"{2, 6}",5.0
2e69e887,2e69e8874,2020-10-29,14,{'JAM'},{'JAM_HEAVY_TRAFFIC'},32,{6},5.78125
2e69e887,2e69e8874,2020-10-30,7,{'JAM'},{'JAM_STAND_STILL_TRAFFIC'},60,{6},6.0
2e69e887,2e69e8874,2020-10-30,18,{'JAM'},{'JAM_MODERATE_TRAFFIC'},33,{6},5.0
2e69e887,2e69e8874,2020-10-31,18,{'JAM'},"{'JAM_STAND_STILL_TRAFFIC', 'JAM_HEAVY_TRAFFIC'}",65,{6},5.615384615384615
2e69e887,2e69e8874,2020-10-31,19,{'JAM'},{'JAM_STAND_STILL_TRAFFIC'},31,{6},5.0
2e69e887,2e69e8874,2020-11-01,9,{'JAM'},{'JAM_STAND_STILL_TRAFFIC'},31,{2},5.0
2e69e887,2e69e8874,2020-11-01,10,{'JAM'},{'JAM_STAND_STILL_TRAFFIC'},31,{6},5.0
2e69e887,2e69e8874,2020-11-01,11,{'JAM'},{'JAM_HEAVY_TRAFFIC'},30,{6},5.0
2e69e887,2e69e8874,2020-11-01,18,{'JAM'},{'JAM_STAND_STILL_TRAFFIC'},33,{6},5.0
2e69e887,2e69e8874,2020-11-01,20,{'JAM'},{'JAM_STAND_STILL_TRAFFIC'},30,{6},5.0
2e69e887,2e69e8874,2020-11-02,11,{'JAM'},{'JAM_STAND_STILL_TRAFFIC'},30,{6},6.0
2e69e887,2e69e8874,2020-11-02,15,{'JAM'},{'JAM_STAND_STILL_TRAFFIC'},30,{6},5.0
2e69e887,2e69e8874,2020-11-03,8,{'JAM'},{'JAM_STAND_STILL_TRAFFIC'},33,{6},5.909090909090909
2e69e887,2e69e8874,2020-11-03,10,{'JAM'},{'JAM_HEAVY_TRAFFIC'},31,{6},5.0
2e69e887,2e69e8874,2020-11-03,13,{'JAM'},{'JAM_STAND_STILL_TRAFFIC'},31,{6},5.0
2e69e887,2e69e8874,2020-11-04,12,{'JAM'},{'JAM_HEAVY_TRAFFIC'},31,{6},5.0
2e69e887,2e69e8874,2020-11-05,8,{'JAM'},{'JAM_STAND_STILL_TRAFFIC'},32,{6},5.0
2e69e887,2e69e8874,2020-11-05,10,{'JAM'},{'JAM_STAND_STILL_TRAFFIC'},30,{6},5.0
2e69e887,2e69e8874,2020-11-06,15,{'JAM'},{'JAM_HEAVY_TRAFFIC'},32,{6},5.0
2e69e887,2e69e8874,2020-11-07,9,{'JAM'},{'JAM_HEAVY_TRAFFIC'},62,"{2, 6}",5.0
2e69e887,2e69e8874,2020-11-07,15,{'JAM'},{'JAM_STAND_STILL_TRAFFIC'},31,{6},5.0
2e69e887,2e69e8874,2020-11-07,17,{'JAM'},{'JAM_STAND_STILL_TRAFFIC'},26,{6},5.0
2e69e887,2e69e8874,2020-11-08,15,{'JAM'},{'JAM_STAND_STILL_TRAFFIC'},30,{6},5.0
2e69e887,2e69e8874,2020-11-08,19,{'JAM'},{'JAM_HEAVY_TRAFFIC'},32,{6},5.90625
2e69e887,2e69e8874,2020-11-09,8,{'JAM'},{'JAM_HEAVY_TRAFFIC'},30,{6},5.0
2e69e887,2e69e8874,2020-11-11,8,{'JAM'},{'JAM_STAND_STILL_TRAFFIC'},30,{6},5.0
2e69e887,2e69e8874,2020-11-11,19,{'JAM'},{'JAM_MODERATE_TRAFFIC'},25,{6},5.0
2e69e887,2e69e8874,2020-11-14,9,{'JAM'},{'JAM_HEAVY_TRAFFIC'},35,{6},5.0
2e69e887,2e69e8874,2020-11-14,10,{'JAM'},{'JAM_STAND_STILL_TRAFFIC'},31,{6},5.0
2e69e887,2e69e8874,2020-11-14,13,{'JAM'},{'JAM_HEAVY_TRAFFIC'},32,{6},5.0
2e69e887,2e69e8874,2020-11-15,11,{'JAM'},{'JAM_STAND_STILL_TRAFFIC'},33,{6},5.0
2e69e887,2e69e8874,2020-11-17,5,{'JAM'},{'JAM_STAND_STILL_TRAFFIC'},30,{2},5.0
2e69e887,2e69e8874,2020-11-18,10,{'JAM'},{'JAM_HEAVY_TRAFFIC'},31,{6},5.0
2e69e887,2e69e8874,2020-11-18,16,{'JAM'},{'JAM'},63,{6},5.0
2e69e887,2e69e8874,2020-11-19,15,{'JAM'},{'JAM_HEAVY_TRAFFIC'},34,{6},5.4411764705882355
2e69e887,2e69e8874,2020-11-20,9,{'JAM'},{'JAM_HEAVY_TRAFFIC'},30,{6},5.0
2e69e887,2e69e8874,2020-11-21,9,{'WEATHERHAZARD'},{'HAZARD_ON_SHOULDER_ANIMALS'},31,{2},5.0
2e69e887,2e69e8874,2020-11-21,16,{'JAM'},{'JAM_HEAVY_TRAFFIC'},31,{6},5.0
2e69e887,2e69e8874,2020-11-22,16,{'JAM'},{'JAM_HEAVY_TRAFFIC'},30,{6},5.0
2e69e887,2e69e8874,2020-11-22,18,{'WEATHERHAZARD'},{'HAZARD_ON_ROAD_CAR_STOPPED'},57,{6},7.491228070175438
2e69e887,2e69e887c,2020-09-04,17,{'JAM'},{'JAM_STAND_STILL_TRAFFIC'},31,{6},5.0
2e69e887,2e69e887c,2020-09-04,18,{'JAM'},{'JAM'},30,{6},5.0
2e69e887,2e69e887c,2020-09-05,8,{'JAM'},{'JAM_HEAVY_TRAFFIC'},33,{6},5.0
2e69e887,2e69e887c,2020-09-11,11,{'JAM'},{'JAM_STAND_STILL_TRAFFIC'},32,{6},5.0
2e69e887,2e69e887c,2020-09-11,12,{'JAM'},{'JAM_MODERATE_TRAFFIC'},31,{6},5.0
2e69e887,2e69e887c,2020-09-13,12,{'JAM'},{'JAM_HEAVY_TRAFFIC'},30,{6},5.0
2e69e887,2e69e887c,2020-09-20,17,{'JAM'},{'JAM_HEAVY_TRAFFIC'},32,{6},5.65625
2e69e887,2e69e887c,2020-09-23,11,{'JAM'},{'JAM_HEAVY_TRAFFIC'},30,{6},5.8
2e69e887,2e69e887c,2020-09-23,16,{'JAM'},{'JAM_MODERATE_TRAFFIC'},33,{6},5.0
2e69e887,2e69e887c,2020-09-29,12,{'JAM'},{'JAM_STAND_STILL_TRAFFIC'},31,{6},5.0
2e69e887,2e69e887c,2020-10-06,18,{'JAM'},{'JAM_STAND_STILL_TRAFFIC'},31,{6},5.0
2e69e887,2e69e887c,2020-10-09,13,{'JAM'},{'JAM_HEAVY_TRAFFIC'},32,{6},5.0
2e69e887,2e69e887c,2020-10-15,10,{'JAM'},{'JAM_MODERATE_TRAFFIC'},28,{6},5.0
2e69e887,2e69e887c,2020-10-15,12,{'JAM'},{'JAM_HEAVY_TRAFFIC'},32,{6},5.0
2e69e887,2e69e887c,2020-10-15,14,{'JAM'},{'JAM_MODERATE_TRAFFIC'},31,{6},5.0
2e69e887,2e69e887c,2020-10-15,17,{'JAM'},{'JAM_HEAVY_TRAFFIC'},31,{6},5.0
2e69e887,2e69e887c,2020-10-16,9,{'JAM'},{'JAM_STAND_STILL_TRAFFIC'},30,{6},5.0
2e69e887,2e69e887c,2020-10-17,17,{'JAM'},{'JAM'},9,{6},5.0
2e69e887,2e69e887c,2020-10-17,19,{'WEATHERHAZARD'},{'HAZARD_ON_ROAD_CAR_STOPPED'},34,{6},5.294117647058823
2e69e887,2e69e887c,2020-10-20,10,{'JAM'},{'JAM_STAND_STILL_TRAFFIC'},31,{6},5.0
2e69e887,2e69e887c,2020-10-20,11,{'JAM'},"{'JAM', 'JAM_HEAVY_TRAFFIC'}",35,{6},6.6571428571428575
2e69e887,2e69e887c,2020-10-25,10,{'WEATHERHAZARD'},{'HAZARD_ON_SHOULDER_CAR_STOPPED'},23,{6},5.695652173913044
2e69e887,2e69e887c,2020-10-26,8,{'JAM'},{'JAM_HEAVY_TRAFFIC'},31,{6},5.709677419354839
2e69e887,2e69e887c,2020-10-29,18,{'JAM'},{'JAM_STAND_STILL_TRAFFIC'},56,{6},6.696428571428571
2e69e887,2e69e887c,2020-10-30,13,{'JAM'},{'JAM_HEAVY_TRAFFIC'},34,{6},5.0
2e69e887,2e69e887c,2020-10-31,18,{'JAM'},{'JAM_STAND_STILL_TRAFFIC'},45,{6},6.222222222222222
2e69e887,2e69e887c,2020-11-05,14,{'JAM'},{'JAM_HEAVY_TRAFFIC'},30,{6},5.0
2e69e887,2e69e887c,2020-11-09,18,{'JAM'},{'JAM_MODERATE_TRAFFIC'},33,{6},5.0
2e69e887,2e69e887c,2020-11-12,8,{'JAM'},{'JAM_MODERATE_TRAFFIC'},31,{6},5.0
2e69e887,2e69e887c,2020-11-16,20,{'WEATHERHAZARD'},{'HAZARD_ON_SHOULDER_CAR_STOPPED'},36,{6},6.888888888888889
2e69e887,2e69e887c,2020-11-16,21,{'JAM'},{'JAM_MODERATE_TRAFFIC'},6,{6},5.0
2e69e887,2e69e887c,2020-11-22,14,{'WEATHERHAZARD'},{'HAZARD_ON_ROAD_CAR_STOPPED'},23,{6},5.0
2e69e889,2e69e8884,2020-09-17,3,{'JAM'},{'JAM'},30,{1},5.0
2e69e889,2e69e8884,2020-11-04,17,{'JAM'},{'JAM'},31,{1},5.0
2e69e88b,2e69e88b4,2020-10-19,22,{'JAM'},{'JAM'},31,{1},5.0
2e69e88d,2e69e88cc,2020-09-25,11,{'ACCIDENT'},"{'ACCIDENT', 'ACCIDENT_MINOR'}",249,{1},5.0
2e69e88f,2e69e88f4,2020-11-03,23,{'JAM'},{'JAM_STAND_STILL_TRAFFIC'},32,{1},5.0
2e69e891,2e69e890c,2020-10-29,10,{'JAM'},{'JAM_HEAVY_TRAFFIC'},19,{6},5.0
2e69e895,2e69e8944,2020-09-24,7,{'JAM'},{'JAM_MODERATE_TRAFFIC'},30,{1},5.0
2e69e895,2e69e8954,2020-09-02,13,"{'JAM', 'WEATHERHAZARD'}","{'JAM', 'HAZARD_ON_ROAD_CAR_STOPPED', 'JAM_STAND_STILL_TRAFFIC'}",51,{7},5.450980392156863
2e69e895,2e69e8954,2020-09-02,17,{'ACCIDENT'},{'ACCIDENT_MINOR'},42,{7},5.071428571428571
2e69e895,2e69e8954,2020-09-05,11,{'JAM'},{'JAM'},21,{7},5.0
2e69e895,2e69e8954,2020-09-06,12,{'WEATHERHAZARD'},{'HAZARD_ON_ROAD_CAR_STOPPED'},18,{7},5.055555555555555
2e69e895,2e69e8954,2020-09-12,13,{'JAM'},{'JAM'},63,{7},5.0
2e69e895,2e69e8954,2020-09-12,16,"{'JAM', 'WEATHERHAZARD', 'ACCIDENT'}","{'JAM', 'HAZARD_ON_ROAD_CAR_STOPPED', 'JAM_STAND_STILL_TRAFFIC', 'ACCIDENT'}",211,{7},7.507109004739337
2e69e895,2e69e8954,2020-09-12,18,{'WEATHERHAZARD'},{'HAZARD_ON_ROAD_CAR_STOPPED'},64,{7},7.671875
2e69e895,2e69e8954,2020-09-20,15,{'WEATHERHAZARD'},{'HAZARD_ON_ROAD_CONSTRUCTION'},971,{7},8.554067971163748
2e69e895,2e69e8954,2020-09-24,14,{'JAM'},{'JAM_HEAVY_TRAFFIC'},31,{7},5.0
2e69e895,2e69e8954,2020-09-26,11,{'WEATHERHAZARD'},{'HAZARD_ON_ROAD_OBJECT'},75,{7},7.413333333333333
2e69e895,2e69e8954,2020-10-02,13,{'JAM'},{'JAM'},31,{7},5.0
2e69e895,2e69e8954,2020-10-02,15,{'JAM'},{'JAM_HEAVY_TRAFFIC'},30,{7},5.0
2e69e895,2e69e8954,2020-10-03,11,{'JAM'},{'JAM_STAND_STILL_TRAFFIC'},30,{7},5.0
2e69e895,2e69e8954,2020-10-03,12,{'JAM'},{'JAM'},7,{7},5.0
2e69e895,2e69e8954,2020-10-03,18,{'JAM'},{'JAM_STAND_STILL_TRAFFIC'},31,{1},5.0
2e69e895,2e69e8954,2020-10-10,13,{'JAM'},{'JAM'},31,{7},5.0
2e69e895,2e69e8954,2020-10-10,17,{'JAM'},{'JAM_STAND_STILL_TRAFFIC'},60,{7},5.0
2e69e895,2e69e8954,2020-10-17,13,{'JAM'},{'JAM'},6,{7},5.0
2e69e895,2e69e8954,2020-10-18,11,{'JAM'},{'JAM_STAND_STILL_TRAFFIC'},33,{7},5.0
2e69e895,2e69e8954,2020-10-25,11,{'JAM'},{'JAM_STAND_STILL_TRAFFIC'},31,{7},5.0
2e69e895,2e69e8954,2020-10-27,17,{'JAM'},{'JAM'},30,{7},5.0
2e69e895,2e69e8954,2020-10-28,14,{'JAM'},{'JAM'},39,{7},5.0
2e69e895,2e69e8954,2020-10-29,11,{'JAM'},{'JAM_MODERATE_TRAFFIC'},26,{7},5.0
2e69e895,2e69e8954,2020-10-30,18,{'JAM'},{'JAM_MODERATE_TRAFFIC'},32,{7},5.0
2e69e895,2e69e8954,2020-10-31,15,{'JAM'},{'JAM_STAND_STILL_TRAFFIC'},63,{7},5.0
2e69e895,2e69e8954,2020-10-31,16,{'JAM'},{'JAM_HEAVY_TRAFFIC'},30,{7},5.9
2e69e895,2e69e8954,2020-10-31,17,{'JAM'},{'JAM_STAND_STILL_TRAFFIC'},52,{7},5.1923076923076925
2e69e895,2e69e8954,2020-11-02,13,{'JAM'},{'JAM_STAND_STILL_TRAFFIC'},30,{7},5.0
2e69e895,2e69e8954,2020-11-05,15,{'JAM'},{'JAM_HEAVY_TRAFFIC'},31,{7},5.0
2e69e895,2e69e8954,2020-11-07,15,{'JAM'},{'JAM_MODERATE_TRAFFIC'},63,{7},5.0
2e69e895,2e69e8954,2020-11-07,17,{'JAM'},{'JAM_STAND_STILL_TRAFFIC'},30,{7},5.0
2e69e895,2e69e8954,2020-11-09,17,{'JAM'},{'JAM_HEAVY_TRAFFIC'},6,{7},5.0
2e69e895,2e69e8954,2020-11-12,17,{'JAM'},{'JAM_HEAVY_TRAFFIC'},27,{7},5.0
2e69e895,2e69e8954,2020-11-14,13,{'JAM'},{'JAM'},18,{7},5.0
2e69e895,2e69e8954,2020-11-15,16,{'JAM'},{'JAM_STAND_STILL_TRAFFIC'},30,{7},5.0
2e69e895,2e69e8954,2020-11-22,14,{'JAM'},{'JAM'},22,{7},5.0
2e69e895,2e69e895c,2020-09-02,13,"{'JAM', 'WEATHERHAZARD'}","{'JAM', 'HAZARD_ON_ROAD_CONSTRUCTION'}",278,{7},8.79136690647482
2e69e895,2e69e895c,2020-09-05,11,{'JAM'},{'JAM'},20,{7},7.0
2e69e895,2e69e895c,2020-09-06,15,{'WEATHERHAZARD'},{'HAZARD_ON_ROAD_CAR_STOPPED'},28,"{6, 7}",6.035714285714286
2e69e895,2e69e895c,2020-09-10,15,"{'JAM', 'WEATHERHAZARD'}","{'JAM', 'HAZARD_ON_ROAD_CAR_STOPPED'}",23,{7},5.043478260869565
2e69e895,2e69e895c,2020-09-11,16,"{'JAM', 'WEATHERHAZARD'}","{'JAM', 'HAZARD_ON_ROAD_CAR_STOPPED'}",67,{7},5.701492537313433
2e69e895,2e69e895c,2020-09-12,13,{'JAM'},{'JAM'},30,{7},5.966666666666667
2e69e895,2e69e895c,2020-09-12,16,{'JAM'},{'JAM_STAND_STILL_TRAFFIC'},32,{7},5.0
2e69e895,2e69e895c,2020-09-16,13,{'JAM'},{'JAM'},33,{6},5.0
2e69e895,2e69e895c,2020-09-19,17,{'JAM'},{'JAM_MODERATE_TRAFFIC'},35,{7},5.0
2e69e895,2e69e895c,2020-09-20,15,{'WEATHERHAZARD'},{'HAZARD_ON_ROAD_CAR_STOPPED'},30,{7},5.533333333333333
2e69e895,2e69e895c,2020-09-24,7,{'JAM'},{'JAM_MODERATE_TRAFFIC'},20,{7},5.0
2e69e895,2e69e895c,2020-10-01,13,{'WEATHERHAZARD'},{'HAZARD_ON_ROAD_CAR_STOPPED'},13,{6},5.461538461538462
2e69e895,2e69e895c,2020-10-02,13,{'JAM'},{'JAM'},31,{7},5.0
2e69e895,2e69e895c,2020-10-02,19,{'JAM'},{'JAM_HEAVY_TRAFFIC'},33,{7},5.0
2e69e895,2e69e895c,2020-10-03,12,{'JAM'},{'JAM'},62,{7},5.483870967741935
2e69e895,2e69e895c,2020-10-03,19,{'JAM'},{'JAM_HEAVY_TRAFFIC'},31,{7},6.0
2e69e895,2e69e895c,2020-10-04,18,{'JAM'},{'JAM_STAND_STILL_TRAFFIC'},30,{7},5.0
2e69e895,2e69e895c,2020-10-07,16,"{'JAM', 'WEATHERHAZARD'}","{'JAM', 'HAZARD_ON_ROAD_CAR_STOPPED'}",60,"{6, 7}",5.0
2e69e895,2e69e895c,2020-10-10,13,"{'JAM', 'WEATHERHAZARD'}","{'JAM', 'HAZARD_ON_ROAD_CAR_STOPPED'}",115,{7},6.3826086956521735
2e69e895,2e69e895c,2020-10-14,17,{'WEATHERHAZARD'},{'HAZARD_ON_ROAD_CAR_STOPPED'},30,{7},5.666666666666667
2e69e895,2e69e895c,2020-10-17,13,{'JAM'},{'JAM'},31,{7},5.0
2e69e895,2e69e895c,2020-10-23,16,{'JAM'},{'JAM'},62,{7},5.0
2e69e895,2e69e895c,2020-10-25,13,"{'JAM', 'WEATHERHAZARD'}","{'JAM', 'HAZARD_ON_ROAD_CAR_STOPPED'}",46,"{6, 7}",5.239130434782608
2e69e895,2e69e895c,2020-10-26,14,{'JAM'},"{'JAM_MODERATE_TRAFFIC', 'JAM_HEAVY_TRAFFIC'}",61,"{6, 7}",5.262295081967213
2e69e895,2e69e895c,2020-10-27,10,{'WEATHERHAZARD'},{'HAZARD_ON_ROAD_CONSTRUCTION'},107,{6},7.289719626168225
2e69e895,2e69e895c,2020-10-27,16,{'JAM'},{'JAM'},21,{7},5.0
2e69e895,2e69e895c,2020-10-28,14,{'JAM'},{'JAM'},33,{7},5.0
2e69e895,2e69e895c,2020-10-29,18,{'JAM'},{'JAM_STAND_STILL_TRAFFIC'},31,{7},5.0
2e69e895,2e69e895c,2020-10-31,10,"{'JAM', 'WEATHERHAZARD'}","{'JAM', 'HAZARD_ON_ROAD_CAR_STOPPED'}",64,"{6, 7}",5.09375
2e69e895,2e69e895c,2020-11-01,15,{'JAM'},{'JAM_HEAVY_TRAFFIC'},32,{7},5.9375
2e69e895,2e69e895c,2020-11-02,13,{'JAM'},{'JAM_STAND_STILL_TRAFFIC'},31,{7},5.0
2e69e895,2e69e895c,2020-11-04,13,"{'JAM', 'WEATHERHAZARD'}","{'JAM', 'HAZARD_ON_ROAD_CAR_STOPPED'}",56,"{6, 7}",5.714285714285714
2e69e895,2e69e895c,2020-11-05,15,{'JAM'},{'JAM_STAND_STILL_TRAFFIC'},30,{7},5.0
2e69e895,2e69e895c,2020-11-06,19,"{'JAM', 'WEATHERHAZARD'}","{'JAM', 'HAZARD_ON_ROAD_CAR_STOPPED'}",37,"{6, 7}",5.0
2e69e895,2e69e895c,2020-11-06,20,{'WEATHERHAZARD'},{'HAZARD_ON_ROAD_CAR_STOPPED'},42,{7},5.404761904761905
2e69e895,2e69e895c,2020-11-07,17,{'JAM'},{'JAM_HEAVY_TRAFFIC'},30,{7},5.0
2e69e895,2e69e895c,2020-11-08,12,{'JAM'},{'JAM'},30,{7},6.0
2e69e895,2e69e895c,2020-11-10,19,{'WEATHERHAZARD'},{'HAZARD_ON_ROAD_CAR_STOPPED'},32,{7},5.0
2e69e895,2e69e895c,2020-11-13,16,"{'JAM', 'WEATHERHAZARD'}","{'JAM', 'HAZARD_ON_ROAD_CAR_STOPPED'}",61,"{6, 7}",5.295081967213115
2e69e895,2e69e895c,2020-11-14,7,{'JAM'},{'JAM'},33,{7},5.0
2e69e895,2e69e895c,2020-11-14,15,{'JAM'},{'JAM_MODERATE_TRAFFIC'},30,{7},5.0
2e69e895,2e69e895c,2020-11-14,17,{'JAM'},{'JAM_HEAVY_TRAFFIC'},14,{6},5.0
2e69e895,2e69e895c,2020-11-18,16,{'JAM'},{'JAM'},52,"{6, 7}",5.0
2e69e895,2e69e895c,2020-11-20,12,{'WEATHERHAZARD'},{'HAZARD_ON_ROAD_CAR_STOPPED'},10,{6},5.1
2e69e895,2e69e895c,2020-11-20,13,{'WEATHERHAZARD'},{'HAZARD_ON_ROAD_CAR_STOPPED'},31,{6},5.903225806451613
2e69e895,2e69e895c,2020-11-21,20,"{'JAM', 'WEATHERHAZARD'}","{'JAM', 'HAZARD_ON_ROAD_CAR_STOPPED'}",16,"{6, 7}",5.1875
2e69e895,2e69e895c,2020-11-22,14,{'JAM'},{'JAM'},12,{7},6.0
2e69e897,2e69e8964,2020-10-25,10,{'WEATHERHAZARD'},{'HAZARD_ON_SHOULDER_CAR_STOPPED'},30,{6},5.2
2e69e897,2e69e8964,2020-11-07,12,{'JAM'},{'JAM'},19,{6},5.0
2e69e897,2e69e8964,2020-11-13,14,{'JAM'},{'JAM_HEAVY_TRAFFIC'},35,{6},7.6
2e69e897,2e69e8964,2020-11-22,18,{'JAM'},{'JAM'},30,{6},5.0
2e69e897,2e69e8974,2020-10-19,11,{'WEATHERHAZARD'},{'HAZARD_ON_SHOULDER_CAR_STOPPED'},30,{6},6.1
2e69e897,2e69e8974,2020-11-07,12,{'JAM'},{'JAM_STAND_STILL_TRAFFIC'},30,{6},6.833333333333333
2e69e897,2e69e897c,2020-10-02,15,{'WEATHERHAZARD'},{'HAZARD_WEATHER_FLOOD'},34,{6},5.470588235294118
2e69e897,2e69e897c,2020-10-31,16,{'JAM'},{'JAM_STAND_STILL_TRAFFIC'},31,{6},5.0
2e69e897,2e69e897c,2020-11-07,12,{'JAM'},{'JAM_STAND_STILL_TRAFFIC'},30,{6},5.0
2e69e897,2e69e897c,2020-11-08,10,{'JAM'},{'JAM_STAND_STILL_TRAFFIC'},18,{6},5.0
2e69e897,2e69e897c,2020-11-14,17,{'JAM'},{'JAM_MODERATE_TRAFFIC'},22,{6},6.863636363636363
2e69e897,2e69e897c,2020-11-18,16,{'JAM'},{'JAM'},37,{6},5.0
2e69e897,2e69e897c,2020-11-22,18,{'JAM'},{'JAM'},6,{6},5.0
2e69e89b,2e69e89a4,2020-11-08,10,{'JAM'},{'JAM_MODERATE_TRAFFIC'},31,{6},5.0
2e69e89b,2e69e89ac,2020-09-11,7,{'WEATHERHAZARD'},{'HAZARD_ON_ROAD_CAR_STOPPED'},30,{6},5.0
2e69e89b,2e69e89ac,2020-10-19,11,{'WEATHERHAZARD'},{'HAZARD_ON_SHOULDER_CAR_STOPPED'},19,{6},5.052631578947368
2e69e89b,2e69e89ac,2020-10-29,14,{'JAM'},{'JAM_STAND_STILL_TRAFFIC'},16,{6},5.0
2e69e89b,2e69e89ac,2020-11-07,12,{'JAM'},{'JAM_STAND_STILL_TRAFFIC'},36,{6},6.416666666666667
2e69e89b,2e69e89ac,2020-11-12,17,{'JAM'},{'JAM_HEAVY_TRAFFIC'},30,{6},5.0
2e69e89b,2e69e89b4,2020-09-26,17,{'JAM'},{'JAM_STAND_STILL_TRAFFIC'},61,{7},5.0
2e69e89b,2e69e89b4,2020-10-03,17,{'JAM'},{'JAM_STAND_STILL_TRAFFIC'},22,{7},5.0
2e69e89b,2e69e89b4,2020-10-22,14,{'JAM'},{'JAM_STAND_STILL_TRAFFIC'},31,{7},5.0
2e69e89b,2e69e89b4,2020-10-28,16,{'JAM'},{'JAM_HEAVY_TRAFFIC'},31,{7},5.0
2e69e89d,2e69e89c4,2020-09-04,17,{'JAM'},"{'JAM_STAND_STILL_TRAFFIC', 'JAM_HEAVY_TRAFFIC'}",62,{7},5.467741935483871
2e69e89d,2e69e89c4,2020-09-11,18,{'JAM'},{'JAM_STAND_STILL_TRAFFIC'},35,{7},5.542857142857143
2e69e89d,2e69e89c4,2020-09-11,20,{'JAM'},"{'JAM_STAND_STILL_TRAFFIC', 'JAM_HEAVY_TRAFFIC'}",59,{7},5.0
2e69e89d,2e69e89c4,2020-09-19,11,{'JAM'},{'JAM_STAND_STILL_TRAFFIC'},31,{7},5.0
2e69e89d,2e69e89c4,2020-09-24,9,{'JAM'},{'JAM_HEAVY_TRAFFIC'},6,{7},5.0
2e69e89d,2e69e89c4,2020-09-26,17,{'JAM'},{'JAM'},30,{7},5.0
2e69e89d,2e69e89c4,2020-10-01,14,{'JAM'},{'JAM_HEAVY_TRAFFIC'},43,{7},5.395348837209302
2e69e89d,2e69e89c4,2020-10-03,12,{'JAM'},"{'JAM_STAND_STILL_TRAFFIC', 'JAM_HEAVY_TRAFFIC'}",60,{7},5.0
2e69e89d,2e69e89c4,2020-10-03,13,{'JAM'},{'JAM_STAND_STILL_TRAFFIC'},31,{7},5.0
2e69e89d,2e69e89c4,2020-10-10,12,{'JAM'},{'JAM_STAND_STILL_TRAFFIC'},20,{7},5.0
2e69e89d,2e69e89c4,2020-10-10,13,{'JAM'},{'JAM_STAND_STILL_TRAFFIC'},29,{7},6.0
2e69e89d,2e69e89c4,2020-10-10,17,{'JAM'},{'JAM_STAND_STILL_TRAFFIC'},32,{7},5.0
2e69e89d,2e69e89c4,2020-10-16,19,{'JAM'},{'JAM_STAND_STILL_TRAFFIC'},24,{7},5.0
2e69e89d,2e69e89c4,2020-10-17,13,{'JAM'},{'JAM_STAND_STILL_TRAFFIC'},61,{7},5.0
2e69e89d,2e69e89c4,2020-10-17,14,{'JAM'},"{'JAM_STAND_STILL_TRAFFIC', 'JAM_HEAVY_TRAFFIC'}",61,{7},5.0
2e69e89d,2e69e89c4,2020-10-22,7,{'JAM'},{'JAM_HEAVY_TRAFFIC'},32,{7},5.59375
2e69e89d,2e69e89c4,2020-10-22,14,{'JAM'},{'JAM_STAND_STILL_TRAFFIC'},31,{7},5.0
2e69e89d,2e69e89c4,2020-10-24,10,{'JAM'},{'JAM'},31,{7},5.0
2e69e89d,2e69e89c4,2020-10-24,11,{'JAM'},{'JAM'},31,{7},5.903225806451613
2e69e89d,2e69e89c4,2020-10-24,12,{'JAM'},{'JAM_STAND_STILL_TRAFFIC'},31,{7},5.0
2e69e89d,2e69e89c4,2020-10-26,12,{'JAM'},{'JAM_MODERATE_TRAFFIC'},29,{7},5.0
2e69e89d,2e69e89c4,2020-10-27,19,{'JAM'},{'JAM_HEAVY_TRAFFIC'},36,{7},5.0
2e69e89d,2e69e89c4,2020-10-28,10,{'JAM'},{'JAM'},31,{7},6.0
2e69e89d,2e69e89c4,2020-10-28,11,{'JAM'},{'JAM_HEAVY_TRAFFIC'},32,{7},5.0
2e69e89d,2e69e89c4,2020-10-28,17,{'JAM'},{'JAM_STAND_STILL_TRAFFIC'},31,{7},5.0
2e69e89d,2e69e89c4,2020-10-28,18,{'JAM'},"{'JAM_STAND_STILL_TRAFFIC', 'JAM_HEAVY_TRAFFIC'}",66,{7},5.484848484848484
2e69e89d,2e69e89c4,2020-10-29,10,{'JAM'},{'JAM_STAND_STILL_TRAFFIC'},7,{7},5.0
2e69e89d,2e69e89c4,2020-10-29,11,{'JAM'},{'JAM_STAND_STILL_TRAFFIC'},91,{7},5.956043956043956
2e69e89d,2e69e89c4,2020-10-29,16,{'JAM'},{'JAM_STAND_STILL_TRAFFIC'},66,{7},5.0
2e69e89d,2e69e89c4,2020-10-29,17,{'JAM'},{'JAM_HEAVY_TRAFFIC'},41,{7},6.2439024390243905
2e69e89d,2e69e89c4,2020-10-30,11,{'JAM'},{'JAM_STAND_STILL_TRAFFIC'},31,{7},5.0
2e69e89d,2e69e89c4,2020-10-31,10,{'JAM'},{'JAM_HEAVY_TRAFFIC'},63,{7},5.396825396825397
2e69e89d,2e69e89c4,2020-11-04,17,{'JAM'},{'JAM_STAND_STILL_TRAFFIC'},31,{7},5.0
2e69e89d,2e69e89c4,2020-11-05,12,{'JAM'},"{'JAM', 'JAM_HEAVY_TRAFFIC'}",50,{7},5.0
2e69e89d,2e69e89c4,2020-11-07,15,{'JAM'},{'JAM_HEAVY_TRAFFIC'},64,{7},5.0
2e69e89d,2e69e89c4,2020-11-11,18,{'JAM'},{'JAM_STAND_STILL_TRAFFIC'},30,{7},5.0
2e69e89d,2e69e89c4,2020-11-11,20,{'JAM'},{'JAM_STAND_STILL_TRAFFIC'},33,{7},5.0
2e69e89d,2e69e89c4,2020-11-14,12,{'JAM'},{'JAM_STAND_STILL_TRAFFIC'},38,{7},5.868421052631579
2e69e89d,2e69e89c4,2020-11-14,14,{'JAM'},{'JAM_STAND_STILL_TRAFFIC'},28,{7},6.0
2e69e89d,2e69e89c4,2020-11-16,20,{'WEATHERHAZARD'},{'HAZARD_ON_SHOULDER_CAR_STOPPED'},31,{7},5.67741935483871
2e69e89d,2e69e89c4,2020-11-17,18,{'JAM'},{'JAM_STAND_STILL_TRAFFIC'},30,{7},5.933333333333334
2e69e89d,2e69e89cc,2020-09-05,12,{'JAM'},{'JAM_HEAVY_TRAFFIC'},31,{7},5.0
2e69e89d,2e69e89cc,2020-09-05,20,{'JAM'},{'JAM_STAND_STILL_TRAFFIC'},31,{7},5.0
2e69e89d,2e69e89cc,2020-09-19,12,{'JAM'},"{'JAM', 'JAM_HEAVY_TRAFFIC'}",71,{7},5.76056338028169
2e69e89d,2e69e89cc,2020-09-24,8,{'JAM'},{'JAM_STAND_STILL_TRAFFIC'},30,{7},5.0
2e69e89d,2e69e89cc,2020-09-26,17,{'JAM'},{'JAM_STAND_STILL_TRAFFIC'},64,{7},5.0
2e69e89d,2e69e89cc,2020-10-01,12,{'JAM'},{'JAM_HEAVY_TRAFFIC'},30,{7},5.0
2e69e89d,2e69e89cc,2020-10-01,14,{'JAM'},{'JAM_HEAVY_TRAFFIC'},30,{7},5.0
2e69e89d,2e69e89cc,2020-10-01,15,{'JAM'},"{'JAM_STAND_STILL_TRAFFIC', 'JAM_HEAVY_TRAFFIC'}",60,{7},5.0
2e69e89d,2e69e89cc,2020-10-03,12,{'JAM'},{'JAM_STAND_STILL_TRAFFIC'},65,{7},6.661538461538462
2e69e89d,2e69e89cc,2020-10-03,17,{'JAM'},{'JAM_STAND_STILL_TRAFFIC'},46,{7},5.3478260869565215
2e69e89d,2e69e89cc,2020-10-07,17,{'JAM'},{'JAM_STAND_STILL_TRAFFIC'},64,{7},5.0
2e69e89d,2e69e89cc,2020-10-10,11,{'JAM'},"{'JAM_STAND_STILL_TRAFFIC', 'JAM_HEAVY_TRAFFIC'}",61,{7},5.0
2e69e89d,2e69e89cc,2020-10-10,12,{'JAM'},{'JAM_STAND_STILL_TRAFFIC'},21,{7},5.0
2e69e89d,2e69e89cc,2020-10-10,13,{'JAM'},{'JAM_STAND_STILL_TRAFFIC'},31,{7},5.0
2e69e89d,2e69e89cc,2020-10-10,14,{'JAM'},{'JAM_STAND_STILL_TRAFFIC'},32,{7},5.0
2e69e89d,2e69e89cc,2020-10-10,17,{'JAM'},{'JAM_HEAVY_TRAFFIC'},5,{7},5.0
2e69e89d,2e69e89cc,2020-10-10,19,{'JAM'},{'JAM'},31,{7},5.0
2e69e89d,2e69e89cc,2020-10-17,12,{'JAM'},{'JAM_MODERATE_TRAFFIC'},33,{7},6.0
2e69e89d,2e69e89cc,2020-10-17,13,{'JAM'},{'JAM_HEAVY_TRAFFIC'},31,{7},5.0
2e69e89d,2e69e89cc,2020-10-17,14,{'JAM'},{'JAM_STAND_STILL_TRAFFIC'},39,{7},6.435897435897436
2e69e89d,2e69e89cc,2020-10-22,13,{'JAM'},{'JAM_HEAVY_TRAFFIC'},44,{7},5.386363636363637
2e69e89d,2e69e89cc,2020-10-22,14,{'JAM'},{'JAM_STAND_STILL_TRAFFIC'},32,{7},5.0
2e69e89d,2e69e89cc,2020-10-22,22,{'JAM'},{'JAM_HEAVY_TRAFFIC'},6,{7},5.0
2e69e89d,2e69e89cc,2020-10-26,8,{'JAM'},{'JAM_HEAVY_TRAFFIC'},31,{7},5.0
2e69e89d,2e69e89cc,2020-10-26,14,{'JAM'},{'JAM_HEAVY_TRAFFIC'},7,{7},5.0
2e69e89d,2e69e89cc,2020-10-27,17,{'JAM'},{'JAM_STAND_STILL_TRAFFIC'},71,{7},5.0
2e69e89d,2e69e89cc,2020-10-27,19,{'JAM'},{'JAM_STAND_STILL_TRAFFIC'},31,{7},5.0
2e69e89d,2e69e89cc,2020-10-28,10,{'JAM'},{'JAM_STAND_STILL_TRAFFIC'},4,{7},6.0
2e69e89d,2e69e89cc,2020-10-28,18,{'JAM'},{'JAM_HEAVY_TRAFFIC'},63,{7},5.0
2e69e89d,2e69e89cc,2020-10-29,10,{'JAM'},{'JAM_STAND_STILL_TRAFFIC'},88,{7},5.386363636363637
2e69e89d,2e69e89cc,2020-10-29,11,{'JAM'},{'JAM_STAND_STILL_TRAFFIC'},35,{7},5.171428571428572
2e69e89d,2e69e89cc,2020-10-29,17,{'JAM'},{'JAM_STAND_STILL_TRAFFIC'},30,{7},5.0
2e69e89d,2e69e89cc,2020-10-30,11,{'JAM'},{'JAM_STAND_STILL_TRAFFIC'},62,{7},5.0
2e69e89d,2e69e89cc,2020-10-31,10,{'JAM'},{'JAM_HEAVY_TRAFFIC'},30,{7},5.0
2e69e89d,2e69e89cc,2020-11-03,17,{'JAM'},{'JAM_HEAVY_TRAFFIC'},26,{7},5.0
2e69e89d,2e69e89cc,2020-11-11,20,{'JAM'},{'JAM_HEAVY_TRAFFIC'},31,{7},5.0
2e69e89d,2e69e89cc,2020-11-14,10,{'JAM'},{'JAM_HEAVY_TRAFFIC'},19,{7},5.0
2e69e89d,2e69e89cc,2020-11-14,12,{'JAM'},{'JAM_HEAVY_TRAFFIC'},31,{7},5.0
2e69e89d,2e69e89cc,2020-11-17,18,{'JAM'},{'JAM_STAND_STILL_TRAFFIC'},31,{7},5.193548387096774
2e69e89d,2e69e89cc,2020-11-19,11,{'JAM'},{'JAM_STAND_STILL_TRAFFIC'},30,{7},5.0
2e69e89d,2e69e89dc,2020-09-01,16,{'WEATHERHAZARD'},{'HAZARD_ON_ROAD_POT_HOLE'},8809,{1},5.556476331025088
2e69e89d,2e69e89dc,2020-09-30,12,{'JAM'},{'JAM'},31,{1},5.0
2e69e89f,2e69e89e4,2020-09-05,15,{'JAM'},{'JAM_HEAVY_TRAFFIC'},4,{7},5.0
2e69e89f,2e69e89e4,2020-09-05,17,{'JAM'},{'JAM_HEAVY_TRAFFIC'},30,{7},5.0
2e69e89f,2e69e89e4,2020-09-11,18,{'JAM'},{'JAM_STAND_STILL_TRAFFIC'},16,{7},9.0
2e69e89f,2e69e89e4,2020-10-01,13,{'JAM'},{'JAM'},30,{7},5.0
2e69e89f,2e69e89e4,2020-10-01,14,{'JAM'},{'JAM_HEAVY_TRAFFIC'},30,{7},5.966666666666667
2e69e89f,2e69e89e4,2020-10-03,12,{'JAM'},{'JAM_STAND_STILL_TRAFFIC'},15,{7},5.666666666666667
2e69e89f,2e69e89e4,2020-10-10,12,{'JAM'},{'JAM_STAND_STILL_TRAFFIC'},18,{7},6.611111111111111
2e69e89f,2e69e89e4,2020-10-12,19,{'JAM'},{'JAM_STAND_STILL_TRAFFIC'},34,{7},5.0
2e69e89f,2e69e89e4,2020-10-22,7,{'JAM'},{'JAM_STAND_STILL_TRAFFIC'},35,{7},5.0
2e69e89f,2e69e89e4,2020-10-28,11,{'JAM'},{'JAM_STAND_STILL_TRAFFIC'},5,{7},5.2
2e69e89f,2e69e89e4,2020-10-28,18,{'JAM'},{'JAM_HEAVY_TRAFFIC'},31,{7},5.0
2e69e89f,2e69e89e4,2020-10-29,11,{'JAM'},{'JAM_STAND_STILL_TRAFFIC'},30,{7},6.333333333333333
2e69e89f,2e69e89e4,2020-11-05,17,{'JAM'},{'JAM_HEAVY_TRAFFIC'},33,{7},5.0
2e69e89f,2e69e89e4,2020-11-07,11,{'JAM'},{'JAM_STAND_STILL_TRAFFIC'},30,{7},5.933333333333334
2e69e89f,2e69e89e4,2020-11-09,17,{'JAM'},{'JAM'},34,{7},5.470588235294118
2e69e89f,2e69e89e4,2020-11-11,20,{'JAM'},{'JAM_HEAVY_TRAFFIC'},29,{7},6.758620689655173
2e69e89f,2e69e89e4,2020-11-12,17,{'JAM'},{'JAM_HEAVY_TRAFFIC'},31,{7},5.0
2e69e89f,2e69e89e4,2020-11-14,15,{'JAM'},{'JAM_HEAVY_TRAFFIC'},21,{7},5.0
2e69e89f,2e69e89e4,2020-11-14,16,{'JAM'},{'JAM_HEAVY_TRAFFIC'},25,{7},5.0
2e69e89f,2e69e89ec,2020-09-04,17,{'JAM'},{'JAM_HEAVY_TRAFFIC'},30,{7},5.0
2e69e89f,2e69e89ec,2020-09-05,12,{'JAM'},{'JAM_HEAVY_TRAFFIC'},44,{7},5.704545454545454
2e69e89f,2e69e89ec,2020-09-05,15,{'JAM'},{'JAM_HEAVY_TRAFFIC'},27,{7},6.0
2e69e89f,2e69e89ec,2020-09-05,19,{'JAM'},{'JAM_HEAVY_TRAFFIC'},30,{7},5.0
2e69e89f,2e69e89ec,2020-09-11,18,{'JAM'},{'JAM_STAND_STILL_TRAFFIC'},29,{7},6.551724137931035
2e69e89f,2e69e89ec,2020-09-19,11,{'JAM'},{'JAM_HEAVY_TRAFFIC'},31,{7},5.0
2e69e89f,2e69e89ec,2020-09-21,10,{'JAM'},{'JAM_MODERATE_TRAFFIC'},31,{7},5.0
2e69e89f,2e69e89ec,2020-10-01,15,{'JAM'},{'JAM_HEAVY_TRAFFIC'},31,{7},5.0
2e69e89f,2e69e89ec,2020-10-10,15,{'JAM'},{'JAM_HEAVY_TRAFFIC'},6,{7},5.0
2e69e89f,2e69e89ec,2020-10-17,14,{'JAM'},{'JAM_MODERATE_TRAFFIC'},11,{7},5.0
2e69e89f,2e69e89ec,2020-10-22,8,{'JAM'},{'JAM_STAND_STILL_TRAFFIC'},31,{7},5.0
2e69e89f,2e69e89ec,2020-10-27,18,{'JAM'},{'JAM_STAND_STILL_TRAFFIC'},31,{7},5.0
2e69e89f,2e69e89ec,2020-10-28,11,{'JAM'},{'JAM_STAND_STILL_TRAFFIC'},32,{7},7.0
2e69e89f,2e69e89ec,2020-10-28,17,{'JAM'},{'JAM_STAND_STILL_TRAFFIC'},31,{7},5.0
2e69e89f,2e69e89ec,2020-10-30,11,{'JAM'},{'JAM_STAND_STILL_TRAFFIC'},30,{7},5.0
2e69e89f,2e69e89ec,2020-11-07,15,{'JAM'},{'JAM_HEAVY_TRAFFIC'},30,{7},5.0
2e69e89f,2e69e89ec,2020-11-09,18,{'JAM'},{'JAM_MODERATE_TRAFFIC'},31,{7},5.0
2e69e89f,2e69e89ec,2020-11-11,20,{'JAM'},"{'JAM_STAND_STILL_TRAFFIC', 'JAM_HEAVY_TRAFFIC'}",33,{7},5.0
2e69e89f,2e69e89ec,2020-11-14,10,{'JAM'},{'JAM_STAND_STILL_TRAFFIC'},30,{7},5.0
2e69e89f,2e69e89ec,2020-11-17,10,{'JAM'},{'JAM'},33,{1},5.0
2e69e89f,2e69e89ec,2020-11-17,18,{'JAM'},{'JAM_STAND_STILL_TRAFFIC'},31,{7},5.0
2e69e89f,2e69e89fc,2020-09-05,10,{'JAM'},{'JAM_HEAVY_TRAFFIC'},30,{7},5.0
2e69e89f,2e69e89fc,2020-09-05,20,{'JAM'},{'JAM_STAND_STILL_TRAFFIC'},31,{7},5.0
2e69e89f,2e69e89fc,2020-09-11,18,{'JAM'},{'JAM_STAND_STILL_TRAFFIC'},5,{7},5.0
2e69e89f,2e69e89fc,2020-09-11,20,{'JAM'},{'JAM_HEAVY_TRAFFIC'},31,{7},5.0
2e69e89f,2e69e89fc,2020-09-19,11,{'JAM'},{'JAM_HEAVY_TRAFFIC'},30,{7},5.0
2e69e89f,2e69e89fc,2020-09-25,20,{'JAM'},{'JAM_HEAVY_TRAFFIC'},33,{7},5.0
2e69e89f,2e69e89fc,2020-09-28,11,{'JAM'},{'JAM_MODERATE_TRAFFIC'},31,{7},5.0
2e69e89f,2e69e89fc,2020-10-01,14,{'JAM'},{'JAM_STAND_STILL_TRAFFIC'},47,{7},5.76595744680851
2e69e89f,2e69e89fc,2020-10-01,15,{'JAM'},{'JAM_HEAVY_TRAFFIC'},31,{2},5.0
2e69e89f,2e69e89fc,2020-10-03,12,{'JAM'},{'JAM_STAND_STILL_TRAFFIC'},6,{7},5.0
2e69e89f,2e69e89fc,2020-10-09,19,{'JAM'},{'JAM'},29,{7},5.0
2e69e89f,2e69e89fc,2020-10-10,12,{'JAM'},{'JAM_STAND_STILL_TRAFFIC'},32,{7},5.0
2e69e89f,2e69e89fc,2020-10-10,14,{'JAM'},{'JAM_HEAVY_TRAFFIC'},30,{7},5.0
2e69e89f,2e69e89fc,2020-10-17,13,{'JAM'},{'JAM_STAND_STILL_TRAFFIC'},5,{7},5.0
2e69e89f,2e69e89fc,2020-10-22,7,{'JAM'},{'JAM_STAND_STILL_TRAFFIC'},30,{7},5.0
2e69e89f,2e69e89fc,2020-10-22,12,"{'JAM', 'WEATHERHAZARD', 'ACCIDENT'}","{'HAZARD_ON_ROAD_CAR_STOPPED', 'JAM_STAND_STILL_TRAFFIC', 'ACCIDENT_MAJOR'}",213,"{2, 7}",6.131455399061033
2e69e89f,2e69e89fc,2020-10-22,14,{'JAM'},{'JAM_MODERATE_TRAFFIC'},34,{7},5.0
2e69e89f,2e69e89fc,2020-10-24,11,{'JAM'},{'JAM'},11,{2},5.0
2e69e89f,2e69e89fc,2020-10-24,12,{'JAM'},{'JAM_STAND_STILL_TRAFFIC'},32,{7},5.0
2e69e89f,2e69e89fc,2020-10-28,18,{'JAM'},{'JAM_HEAVY_TRAFFIC'},31,{7},5.0
2e69e89f,2e69e89fc,2020-10-29,11,{'JAM'},{'JAM_STAND_STILL_TRAFFIC'},30,{2},5.966666666666667
2e69e89f,2e69e89fc,2020-10-29,12,{'JAM'},{'JAM_STAND_STILL_TRAFFIC'},31,{7},6.838709677419355
2e69e89f,2e69e89fc,2020-10-30,18,{'JAM'},{'JAM_MODERATE_TRAFFIC'},12,{7},5.0
2e69e89f,2e69e89fc,2020-11-07,12,{'JAM'},{'JAM_STAND_STILL_TRAFFIC'},31,{7},5.0
2e69e89f,2e69e89fc,2020-11-09,18,{'JAM'},{'JAM_MODERATE_TRAFFIC'},29,{7},5.0
2e69e89f,2e69e89fc,2020-11-11,18,{'JAM'},{'JAM_STAND_STILL_TRAFFIC'},31,{7},5.0
2e69e89f,2e69e89fc,2020-11-11,20,{'JAM'},{'JAM_STAND_STILL_TRAFFIC'},30,{7},5.966666666666667
2e69e89f,2e69e89fc,2020-11-14,16,{'JAM'},{'JAM_MODERATE_TRAFFIC'},30,{7},5.0
2e69e89f,2e69e89fc,2020-11-18,7,{'JAM'},{'JAM_MODERATE_TRAFFIC'},33,{7},5.515151515151516
2e69e8a1,2e69e8a04,2020-10-01,14,{'JAM'},{'JAM_HEAVY_TRAFFIC'},31,{7},5.0
2e69e8a1,2e69e8a04,2020-10-28,10,{'JAM'},{'JAM_MODERATE_TRAFFIC'},30,{7},5.0
2e69e8a1,2e69e8a04,2020-10-28,18,{'JAM'},{'JAM_HEAVY_TRAFFIC'},63,{7},5.4603174603174605
2e69e8a1,2e69e8a04,2020-11-07,13,{'JAM'},{'JAM_STAND_STILL_TRAFFIC'},25,{7},5.0
2e69e8a1,2e69e8a04,2020-11-11,19,{'JAM'},{'JAM_HEAVY_TRAFFIC'},38,{7},5.447368421052632
2e69e8a1,2e69e8a04,2020-11-11,20,{'JAM'},"{'JAM', 'JAM_STAND_STILL_TRAFFIC'}",63,{7},5.428571428571429
2e69e8a3,2e69e8a34,2020-09-07,20,{'WEATHERHAZARD'},{'HAZARD_WEATHER_FLOOD'},31,{1},5.0
2e69e8ad,2e69e8adc,2020-09-19,11,{'WEATHERHAZARD'},{'WEATHERHAZARD'},32,{1},5.0
2e69e8af,2e69e8ae4,2020-10-19,18,{'JAM'},{'JAM'},31,{1},5.0
2e69e8b5,2e69e8b44,2020-10-09,21,{'ACCIDENT'},{'ACCIDENT_MAJOR'},25,{1},5.0
2e69e8b5,2e69e8b54,2020-09-01,7,{'JAM'},{'JAM_HEAVY_TRAFFIC'},30,{6},5.633333333333334
2e69e8b5,2e69e8b54,2020-09-20,15,"{'JAM', 'ACCIDENT'}","{'JAM', 'ACCIDENT_MINOR'}",67,{6},5.82089552238806
2e69e8b5,2e69e8b54,2020-10-25,13,{'JAM'},{'JAM'},13,{6},5.0
2e69e8b5,2e69e8b54,2020-11-08,12,{'JAM'},{'JAM'},30,{6},5.0
2e69e8b5,2e69e8b5c,2020-09-01,7,{'JAM'},{'JAM_STAND_STILL_TRAFFIC'},30,{6},5.0
2e69e8b5,2e69e8b5c,2020-09-20,15,{'WEATHERHAZARD'},{'HAZARD_ON_ROAD_CAR_STOPPED'},31,{6},7.258064516129032
2e69e8b5,2e69e8b5c,2020-10-16,18,{'JAM'},{'JAM_HEAVY_TRAFFIC'},30,{6},5.0
2e69e8b7,2e69e8b64,2020-09-20,15,{'WEATHERHAZARD'},{'HAZARD_ON_ROAD_CAR_STOPPED'},30,{6},5.0
2e69e8b7,2e69e8b64,2020-09-26,11,{'WEATHERHAZARD'},{'HAZARD_ON_ROAD_CAR_STOPPED'},30,{6},5.6
2e69e8b7,2e69e8b64,2020-10-02,13,{'WEATHERHAZARD'},{'HAZARD_ON_ROAD_CAR_STOPPED'},19,{6},5.526315789473684
2e69e8b7,2e69e8b64,2020-11-06,20,{'JAM'},{'JAM'},30,{6},5.0
2e69e8b7,2e69e8b64,2020-11-20,12,{'WEATHERHAZARD'},{'HAZARD_ON_ROAD_CAR_STOPPED'},33,{6},5.0
2e69e8b7,2e69e8b74,2020-09-05,12,{'WEATHERHAZARD'},{'HAZARD_ON_ROAD_CAR_STOPPED'},31,{6},5.0
2e69e8b7,2e69e8b74,2020-09-06,12,{'WEATHERHAZARD'},{'HAZARD_ON_ROAD_CAR_STOPPED'},33,{6},7.212121212121212
2e69e8b7,2e69e8b74,2020-09-12,14,{'WEATHERHAZARD'},{'HAZARD_ON_SHOULDER_CAR_STOPPED'},34,{6},5.0
2e69e8b7,2e69e8b74,2020-09-28,6,{'JAM'},{'JAM'},31,{1},5.0
2e69e8b7,2e69e8b74,2020-10-03,12,{'WEATHERHAZARD'},{'HAZARD_ON_ROAD_CAR_STOPPED'},34,{6},5.529411764705882
2e69e8b7,2e69e8b74,2020-10-04,15,{'WEATHERHAZARD'},{'HAZARD_ON_ROAD_CAR_STOPPED'},31,{6},5.0
2e69e8b7,2e69e8b74,2020-10-07,16,{'WEATHERHAZARD'},{'HAZARD_ON_ROAD_CAR_STOPPED'},41,{6},5.390243902439025
2e69e8b7,2e69e8b74,2020-10-25,13,{'WEATHERHAZARD'},{'HAZARD_ON_ROAD_CAR_STOPPED'},15,{6},6.266666666666667
2e69e8b7,2e69e8b74,2020-10-25,14,{'WEATHERHAZARD'},{'HAZARD_ON_SHOULDER_CAR_STOPPED'},36,{6},6.444444444444445
2e69e8b7,2e69e8b74,2020-10-28,14,{'WEATHERHAZARD'},{'HAZARD_ON_ROAD_CAR_STOPPED'},43,{6},5.953488372093023
2e69e8b7,2e69e8b74,2020-11-11,14,{'JAM'},{'JAM'},34,{1},5.0
2e69e8b7,2e69e8b74,2020-11-12,5,{'JAM'},{'JAM'},31,{1},5.0
2e69e8b7,2e69e8b74,2020-11-15,14,{'WEATHERHAZARD'},{'HAZARD_ON_SHOULDER_CAR_STOPPED'},17,{6},5.588235294117647
2e69e8b7,2e69e8b7c,2020-10-07,17,{'WEATHERHAZARD'},{'HAZARD_ON_ROAD_CAR_STOPPED'},30,{6},5.0
2e69e8b7,2e69e8b7c,2020-10-08,18,{'JAM'},{'JAM_HEAVY_TRAFFIC'},33,{6},5.0
2e69e8b9,2e69e8b94,2020-09-20,15,{'WEATHERHAZARD'},{'HAZARD_ON_ROAD_CAR_STOPPED'},30,{6},5.7
2e69e8b9,2e69e8b94,2020-11-17,8,"{'JAM', 'ACCIDENT'}","{'JAM_STAND_STILL_TRAFFIC', 'ACCIDENT_MAJOR'}",69,{6},6.246376811594203
2e69e8b9,2e69e8b9c,2020-09-06,12,{'JAM'},{'JAM'},5,{6},5.0
2e69e8b9,2e69e8b9c,2020-09-06,15,{'JAM'},{'JAM'},11,{6},5.0
2e69e8b9,2e69e8b9c,2020-10-03,12,{'JAM'},{'JAM'},6,{6},5.0
2e69e8b9,2e69e8b9c,2020-10-18,16,{'WEATHERHAZARD'},{'WEATHERHAZARD'},42,{6},6.119047619047619
2e69e8b9,2e69e8b9c,2020-10-25,13,{'JAM'},{'JAM'},31,{6},5.0
2e69e8b9,2e69e8b9c,2020-11-20,12,{'WEATHERHAZARD'},{'HAZARD_ON_ROAD_CAR_STOPPED'},34,{6},5.0
2e69e8bb,2e69e8bbc,2020-11-15,11,{'JAM'},{'JAM_MODERATE_TRAFFIC'},30,{1},5.0
2e69e8bf,2e69e8be4,2020-09-02,13,{'WEATHERHAZARD'},{'HAZARD_ON_ROAD_CAR_STOPPED'},37,{6},6.486486486486487
2e69e8bf,2e69e8be4,2020-09-03,19,{'JAM'},{'JAM_HEAVY_TRAFFIC'},30,{6},5.0
2e69e8bf,2e69e8be4,2020-09-05,21,{'WEATHERHAZARD'},{'HAZARD_ON_ROAD_CAR_STOPPED'},32,{6},6.84375
2e69e8bf,2e69e8be4,2020-09-06,18,{'WEATHERHAZARD'},{'HAZARD_ON_ROAD_CAR_STOPPED'},32,{6},5.84375
2e69e8bf,2e69e8be4,2020-09-11,16,{'JAM'},{'JAM'},17,{6},5.0
2e69e8bf,2e69e8be4,2020-09-12,19,{'JAM'},{'JAM_HEAVY_TRAFFIC'},23,{6},5.0
2e69e8bf,2e69e8be4,2020-09-20,15,{'WEATHERHAZARD'},{'HAZARD_ON_ROAD_CAR_STOPPED'},31,{6},7.193548387096774
2e69e8bf,2e69e8be4,2020-10-01,13,{'WEATHERHAZARD'},{'HAZARD_ON_ROAD_CAR_STOPPED'},30,{6},5.0
2e69e8bf,2e69e8be4,2020-10-02,13,{'WEATHERHAZARD'},{'HAZARD_ON_ROAD_CAR_STOPPED'},31,{6},7.096774193548387
2e69e8bf,2e69e8be4,2020-10-02,19,{'JAM'},{'JAM_MODERATE_TRAFFIC'},32,{6},5.0
2e69e8bf,2e69e8be4,2020-10-03,15,{'JAM'},{'JAM_MODERATE_TRAFFIC'},32,{6},5.0
2e69e8bf,2e69e8be4,2020-10-03,20,{'JAM'},{'JAM_STAND_STILL_TRAFFIC'},31,{6},5.0
2e69e8bf,2e69e8be4,2020-10-08,15,{'JAM'},{'JAM_HEAVY_TRAFFIC'},31,{6},5.0
2e69e8bf,2e69e8be4,2020-10-14,17,{'JAM'},{'JAM'},31,{6},5.0
2e69e8bf,2e69e8be4,2020-10-19,11,{'WEATHERHAZARD'},{'HAZARD_ON_SHOULDER_CAR_STOPPED'},48,{6},5.895833333333333
2e69e8bf,2e69e8be4,2020-10-24,15,{'JAM'},{'JAM_STAND_STILL_TRAFFIC'},15,{6},5.0
2e69e8bf,2e69e8be4,2020-10-27,16,{'JAM'},{'JAM'},31,{6},5.0
2e69e8bf,2e69e8be4,2020-11-14,13,{'JAM'},{'JAM'},33,{6},5.0
2e69e8bf,2e69e8be4,2020-11-15,10,{'WEATHERHAZARD'},{'HAZARD_ON_SHOULDER_CAR_STOPPED'},10,{6},5.4
2e69e8bf,2e69e8be4,2020-11-15,21,{'WEATHERHAZARD'},{'HAZARD_ON_ROAD_CAR_STOPPED'},32,{6},7.03125
2e69e8bf,2e69e8be4,2020-11-20,13,{'JAM'},{'JAM'},33,{6},5.0
2e69e8bf,2e69e8bec,2020-09-02,13,{'JAM'},{'JAM'},19,{6},5.0
2e69e8bf,2e69e8bec,2020-09-06,15,{'WEATHERHAZARD'},{'HAZARD_ON_ROAD_CAR_STOPPED'},25,{6},6.16
2e69e8bf,2e69e8bec,2020-09-06,16,{'JAM'},{'JAM_STAND_STILL_TRAFFIC'},31,{6},5.967741935483871
2e69e8bf,2e69e8bec,2020-10-02,13,"{'JAM', 'WEATHERHAZARD'}","{'HAZARD_ON_ROAD_CAR_STOPPED', 'JAM_HEAVY_TRAFFIC'}",80,{6},5.8375
2e69e8bf,2e69e8bec,2020-10-02,17,{'JAM'},{'JAM_HEAVY_TRAFFIC'},31,{6},5.0
2e69e8bf,2e69e8bec,2020-10-03,20,{'JAM'},{'JAM_STAND_STILL_TRAFFIC'},31,{6},5.0
2e69e8bf,2e69e8bec,2020-10-14,16,{'JAM'},{'JAM'},31,{6},5.0
2e69e8bf,2e69e8bec,2020-10-24,12,{'JAM'},{'JAM_MODERATE_TRAFFIC'},30,{6},5.0
2e69e8bf,2e69e8bec,2020-10-28,14,{'WEATHERHAZARD'},{'HAZARD_ON_ROAD_CAR_STOPPED'},31,{6},5.129032258064516
2e69e8bf,2e69e8bec,2020-11-06,20,{'JAM'},{'JAM'},31,{6},5.0
2e69e8bf,2e69e8bec,2020-11-08,10,{'JAM'},{'JAM_MODERATE_TRAFFIC'},30,{6},6.0
2e69e8bf,2e69e8bec,2020-11-08,12,{'WEATHERHAZARD'},{'HAZARD_ON_ROAD_CAR_STOPPED'},32,{6},5.125
2e69e8bf,2e69e8bec,2020-11-14,13,{'JAM'},{'JAM_MODERATE_TRAFFIC'},28,{6},5.0
2e69e8bf,2e69e8bec,2020-11-14,17,{'JAM'},{'JAM_STAND_STILL_TRAFFIC'},32,{6},5.0
2e69e8bf,2e69e8bec,2020-11-17,7,{'JAM'},{'JAM_STAND_STILL_TRAFFIC'},21,{6},5.0
2e69e8c9,2e69e8c84,2020-10-19,14,{'JAM'},{'JAM'},31,{1},5.0
2e69e8cd,2e69e8cd4,2020-09-21,16,{'ACCIDENT'},{'ACCIDENT'},120,{1},5.0
2e69e8d1,2e69e8d1c,2020-10-03,16,{'JAM'},{'JAM_STAND_STILL_TRAFFIC'},30,{1},5.0
2e69e8d1,2e69e8d1c,2020-10-08,5,{'ACCIDENT'},{'ACCIDENT'},101,{1},5.0
2e69e8d5,2e69e8d54,2020-09-19,19,{'WEATHERHAZARD'},{'HAZARD_ON_ROAD_CAR_STOPPED'},44,{7},5.363636363636363
2e69e8d5,2e69e8d54,2020-10-09,17,{'JAM'},{'JAM'},33,{7},5.0
2e69e8d5,2e69e8d54,2020-10-29,18,{'JAM'},{'JAM'},31,{7},5.0
2e69e8d5,2e69e8d54,2020-11-07,20,{'JAM'},{'JAM'},34,{7},5.0
2e69e8d5,2e69e8d5c,2020-09-15,15,{'ACCIDENT'},{'ACCIDENT_MAJOR'},100,{22},5.0
2e69e8d5,2e69e8d5c,2020-10-12,12,{'WEATHERHAZARD'},{'HAZARD_ON_ROAD_CAR_STOPPED'},30,{7},5.0
2e69e8d5,2e69e8d5c,2020-10-16,17,{'JAM'},{'JAM'},29,{7},5.0
2e69e8d5,2e69e8d5c,2020-11-08,16,{'JAM'},{'JAM'},63,{7},5.0
2e69e8d7,2e69e8d64,2020-09-02,15,{'WEATHERHAZARD'},{'WEATHERHAZARD'},32,{7},5.0
2e69e8d7,2e69e8d64,2020-09-19,8,{'JAM'},{'JAM'},31,{7},5.0
2e69e8d7,2e69e8d64,2020-10-07,7,{'WEATHERHAZARD'},{'HAZARD_ON_ROAD_OBJECT'},183,{7},5.420765027322404
2e69e8d7,2e69e8d64,2020-10-09,17,{'JAM'},{'JAM'},32,{7},5.0
2e69e8d7,2e69e8d64,2020-10-19,14,{'WEATHERHAZARD'},{'WEATHERHAZARD'},46,{7},5.326086956521739
2e69e8d7,2e69e8d64,2020-10-30,13,{'WEATHERHAZARD'},{'WEATHERHAZARD'},31,{7},5.548387096774194
2e69e8d7,2e69e8d64,2020-11-08,16,{'JAM'},{'JAM'},8,{7},5.0
2e69e8d7,2e69e8d64,2020-11-10,22,"{'JAM', 'ACCIDENT'}","{'JAM', 'ACCIDENT'}",152,{20},5.0
2e69e8d7,2e69e8d64,2020-11-14,9,{'JAM'},{'JAM_STAND_STILL_TRAFFIC'},15,{7},5.0
2e69e8d7,2e69e8d64,2020-11-20,15,{'WEATHERHAZARD'},{'HAZARD_ON_SHOULDER_CAR_STOPPED'},30,{7},5.5
2e69e8d7,2e69e8d7c,2020-10-24,17,{'JAM'},{'JAM_HEAVY_TRAFFIC'},32,{7},5.0
2e69e8d7,2e69e8d7c,2020-11-01,15,{'JAM'},{'JAM'},30,{7},5.0
2e69e8d7,2e69e8d7c,2020-11-07,20,"{'JAM', 'WEATHERHAZARD'}","{'JAM', 'HAZARD_ON_ROAD_CAR_STOPPED'}",55,{7},5.0
2e69e8d7,2e69e8d7c,2020-11-08,16,{'JAM'},{'JAM'},8,{7},5.0
2e69e8d9,2e69e8d84,2020-09-19,7,{'JAM'},{'JAM'},31,{7},5.0
2e69e8d9,2e69e8d84,2020-11-20,16,{'WEATHERHAZARD'},{'HAZARD_WEATHER_FLOOD'},33,{7},5.0
2e69e8d9,2e69e8d8c,2020-10-31,17,{'JAM'},{'JAM_STAND_STILL_TRAFFIC'},38,{1},5.421052631578948
2e69e8db,2e69e8dac,2020-11-07,13,{'JAM'},{'JAM_STAND_STILL_TRAFFIC'},31,{1},5.0
2e69e8db,2e69e8db4,2020-09-09,21,{'JAM'},{'JAM_STAND_STILL_TRAFFIC'},30,{1},6.0
2e69e8db,2e69e8db4,2020-11-07,13,{'JAM'},{'JAM_HEAVY_TRAFFIC'},33,{1},5.0
2e69e8dd,2e69e8dcc,2020-11-21,16,{'JAM'},{'JAM_HEAVY_TRAFFIC'},30,{22},7.266666666666667
2e69e8dd,2e69e8dd4,2020-09-26,20,{'JAM'},{'JAM_HEAVY_TRAFFIC'},6,{1},5.0
2e69e8dd,2e69e8dd4,2020-09-27,17,{'JAM'},{'JAM_HEAVY_TRAFFIC'},40,{1},5.0
2e69e8df,2e69e8de4,2020-09-02,7,{'JAM'},{'JAM_HEAVY_TRAFFIC'},13,{7},5.0
2e69e8df,2e69e8de4,2020-09-04,8,{'JAM'},{'JAM_HEAVY_TRAFFIC'},30,{7},5.0
2e69e8df,2e69e8de4,2020-09-06,15,{'JAM'},{'JAM_STAND_STILL_TRAFFIC'},31,{7},5.967741935483871
2e69e8df,2e69e8de4,2020-09-07,17,{'JAM'},{'JAM_MODERATE_TRAFFIC'},30,{7},5.0
2e69e8df,2e69e8de4,2020-09-22,8,{'JAM'},{'JAM_STAND_STILL_TRAFFIC'},30,{7},5.0
2e69e8df,2e69e8de4,2020-10-09,7,{'JAM'},{'JAM_STAND_STILL_TRAFFIC'},29,{7},6.137931034482759
2e69e8df,2e69e8de4,2020-10-17,11,{'JAM'},{'JAM_STAND_STILL_TRAFFIC'},30,{7},5.0
2e69e8df,2e69e8de4,2020-10-25,19,{'JAM'},{'JAM_STAND_STILL_TRAFFIC'},33,{7},5.0
2e69e8df,2e69e8de4,2020-10-28,13,{'JAM'},{'JAM_HEAVY_TRAFFIC'},32,{7},5.75
2e69e8df,2e69e8de4,2020-10-31,13,{'JAM'},{'JAM_STAND_STILL_TRAFFIC'},29,{7},8.0
2e69e8df,2e69e8de4,2020-11-01,17,{'JAM'},{'JAM_STAND_STILL_TRAFFIC'},5,{1},5.0
2e69e8df,2e69e8de4,2020-11-07,10,{'JAM'},{'JAM_STAND_STILL_TRAFFIC'},30,{7},5.0
2e69e8df,2e69e8de4,2020-11-08,11,{'JAM'},{'JAM_STAND_STILL_TRAFFIC'},31,{7},5.903225806451613
2e69e8df,2e69e8dfc,2020-09-08,17,{'JAM'},{'JAM'},22,{7},5.0
2e69e8df,2e69e8dfc,2020-09-12,16,{'JAM'},{'JAM_STAND_STILL_TRAFFIC'},30,{7},5.0
2e69e8df,2e69e8dfc,2020-09-27,15,{'JAM'},{'JAM_STAND_STILL_TRAFFIC'},31,{7},5.967741935483871
2e69e8df,2e69e8dfc,2020-10-01,7,{'JAM'},{'JAM_MODERATE_TRAFFIC'},32,{7},5.0
2e69e8df,2e69e8dfc,2020-10-13,16,{'JAM'},{'JAM_HEAVY_TRAFFIC'},31,{7},5.0
2e69e8df,2e69e8dfc,2020-10-16,16,{'JAM'},{'JAM_HEAVY_TRAFFIC'},28,{7},5.0
2e69e8df,2e69e8dfc,2020-10-17,10,{'JAM'},{'JAM'},33,{7},5.0
2e69e8df,2e69e8dfc,2020-10-24,11,{'JAM'},{'JAM_STAND_STILL_TRAFFIC'},30,{7},5.0
2e69e8df,2e69e8dfc,2020-10-24,17,{'JAM'},{'JAM_HEAVY_TRAFFIC'},30,{7},5.6
2e69e8df,2e69e8dfc,2020-10-26,8,{'JAM'},{'JAM_STAND_STILL_TRAFFIC'},32,{7},5.0
2e69e8df,2e69e8dfc,2020-10-28,18,{'JAM'},{'JAM_STAND_STILL_TRAFFIC'},38,{7},5.842105263157895
2e69e8df,2e69e8dfc,2020-10-30,10,{'JAM'},{'JAM_HEAVY_TRAFFIC'},30,{7},5.866666666666666
2e69e8df,2e69e8dfc,2020-10-30,13,"{'JAM', 'WEATHERHAZARD'}","{'JAM', 'HAZARD_ON_ROAD_CAR_STOPPED'}",73,{7},5.534246575342466
2e69e8df,2e69e8dfc,2020-10-31,12,{'JAM'},{'JAM_STAND_STILL_TRAFFIC'},30,{7},6.6
2e69e8df,2e69e8dfc,2020-11-03,11,{'JAM'},{'JAM_STAND_STILL_TRAFFIC'},19,{7},6.0
2e69e8df,2e69e8dfc,2020-11-04,16,{'JAM'},{'JAM_STAND_STILL_TRAFFIC'},34,{7},5.0
2e69e8df,2e69e8dfc,2020-11-07,14,{'JAM'},{'JAM'},30,{1},5.0
2e69e8df,2e69e8dfc,2020-11-09,19,{'JAM'},{'JAM'},32,{7},5.0
2e69e8df,2e69e8dfc,2020-11-12,10,{'JAM'},{'JAM'},30,{7},5.0
2e69e8e1,2e69e8e04,2020-09-01,5,{'JAM'},{'JAM_HEAVY_TRAFFIC'},24,{7},5.0
2e69e8e1,2e69e8e04,2020-09-01,7,{'JAM'},{'JAM'},60,{7},5.0
2e69e8e1,2e69e8e04,2020-09-01,18,{'JAM'},{'JAM_STAND_STILL_TRAFFIC'},31,{7},5.0
2e69e8e1,2e69e8e04,2020-09-05,17,{'JAM'},{'JAM_STAND_STILL_TRAFFIC'},28,{7},5.0
2e69e8e1,2e69e8e04,2020-09-06,13,{'JAM'},"{'JAM_STAND_STILL_TRAFFIC', 'JAM_HEAVY_TRAFFIC'}",37,{7},5.0
2e69e8e1,2e69e8e04,2020-09-06,15,{'JAM'},{'JAM_STAND_STILL_TRAFFIC'},32,{7},5.96875
2e69e8e1,2e69e8e04,2020-09-08,7,{'JAM'},{'JAM'},31,{7},5.0
2e69e8e1,2e69e8e04,2020-09-09,8,{'JAM'},{'JAM_STAND_STILL_TRAFFIC'},33,{7},5.0
2e69e8e1,2e69e8e04,2020-09-09,10,{'JAM'},{'JAM_STAND_STILL_TRAFFIC'},31,{7},5.0
2e69e8e1,2e69e8e04,2020-09-09,15,{'JAM'},{'JAM_MODERATE_TRAFFIC'},30,{7},5.0
2e69e8e1,2e69e8e04,2020-09-10,14,{'WEATHERHAZARD'},{'HAZARD_ON_ROAD_CAR_STOPPED'},38,{7},5.421052631578948
2e69e8e1,2e69e8e04,2020-09-12,16,{'JAM'},{'JAM_MODERATE_TRAFFIC'},32,{7},5.0
2e69e8e1,2e69e8e04,2020-09-13,10,{'JAM'},{'JAM'},31,{7},5.0
2e69e8e1,2e69e8e04,2020-09-16,8,{'JAM'},{'JAM_HEAVY_TRAFFIC'},32,{7},5.0
2e69e8e1,2e69e8e04,2020-09-17,8,{'JAM'},{'JAM_STAND_STILL_TRAFFIC'},32,{7},5.0
2e69e8e1,2e69e8e04,2020-09-19,11,{'JAM'},"{'JAM_MODERATE_TRAFFIC', 'JAM_HEAVY_TRAFFIC'}",61,{7},5.0
2e69e8e1,2e69e8e04,2020-09-19,12,{'JAM'},{'JAM_MODERATE_TRAFFIC'},31,{7},5.0
2e69e8e1,2e69e8e04,2020-09-20,11,{'JAM'},{'JAM'},20,{7},5.0
2e69e8e1,2e69e8e04,2020-09-21,13,{'JAM'},{'JAM'},29,{7},5.0
2e69e8e1,2e69e8e04,2020-09-21,14,{'JAM'},{'JAM_STAND_STILL_TRAFFIC'},32,{7},5.0
2e69e8e1,2e69e8e04,2020-09-22,8,{'JAM'},{'JAM_STAND_STILL_TRAFFIC'},32,{7},5.90625
2e69e8e1,2e69e8e04,2020-09-25,8,{'JAM'},{'JAM_STAND_STILL_TRAFFIC'},30,{7},5.0
2e69e8e1,2e69e8e04,2020-09-26,16,{'JAM'},{'JAM_STAND_STILL_TRAFFIC'},61,{7},5.0
2e69e8e1,2e69e8e04,2020-09-27,10,{'JAM'},{'JAM_MODERATE_TRAFFIC'},35,{7},5.0
2e69e8e1,2e69e8e04,2020-09-28,8,{'JAM'},{'JAM_HEAVY_TRAFFIC'},31,{7},5.0
2e69e8e1,2e69e8e04,2020-09-28,17,{'JAM'},{'JAM_HEAVY_TRAFFIC'},31,{7},5.0
2e69e8e1,2e69e8e04,2020-09-29,8,{'JAM'},{'JAM_STAND_STILL_TRAFFIC'},30,{7},5.0
2e69e8e1,2e69e8e04,2020-09-29,10,{'JAM'},{'JAM_MODERATE_TRAFFIC'},22,{7},5.0
2e69e8e1,2e69e8e04,2020-10-01,9,{'JAM'},{'JAM_HEAVY_TRAFFIC'},29,{7},5.0
2e69e8e1,2e69e8e04,2020-10-02,8,{'JAM'},{'JAM_STAND_STILL_TRAFFIC'},66,{7},5.318181818181818
2e69e8e1,2e69e8e04,2020-10-03,20,{'JAM'},{'JAM'},66,{7},5.0
2e69e8e1,2e69e8e04,2020-10-04,12,{'JAM'},{'JAM_HEAVY_TRAFFIC'},38,{7},5.394736842105263
2e69e8e1,2e69e8e04,2020-10-04,14,{'JAM'},{'JAM_STAND_STILL_TRAFFIC'},32,{7},6.0
2e69e8e1,2e69e8e04,2020-10-05,8,{'JAM'},{'JAM_STAND_STILL_TRAFFIC'},30,{7},5.966666666666667
2e69e8e1,2e69e8e04,2020-10-06,5,{'JAM'},{'JAM_HEAVY_TRAFFIC'},30,{7},5.0
2e69e8e1,2e69e8e04,2020-10-07,7,{'JAM'},{'JAM_STAND_STILL_TRAFFIC'},31,{7},5.0
2e69e8e1,2e69e8e04,2020-10-09,8,{'JAM'},{'JAM_STAND_STILL_TRAFFIC'},32,{7},5.0
2e69e8e1,2e69e8e04,2020-10-09,11,{'JAM'},{'JAM_HEAVY_TRAFFIC'},61,{7},5.0
2e69e8e1,2e69e8e04,2020-10-09,15,{'JAM'},"{'JAM', 'JAM_MODERATE_TRAFFIC'}",66,{7},5.0
2e69e8e1,2e69e8e04,2020-10-10,20,{'JAM'},{'JAM_HEAVY_TRAFFIC'},31,{7},5.0
2e69e8e1,2e69e8e04,2020-10-12,12,{'JAM'},{'JAM'},31,{7},5.0
2e69e8e1,2e69e8e04,2020-10-13,13,"{'JAM', 'WEATHERHAZARD'}","{'JAM', 'HAZARD_ON_ROAD_ROAD_KILL'}",22,{7},5.0
2e69e8e1,2e69e8e04,2020-10-13,16,{'JAM'},{'JAM'},30,{7},5.0
2e69e8e1,2e69e8e04,2020-10-17,11,{'JAM'},{'JAM_HEAVY_TRAFFIC'},31,{1},6.67741935483871
2e69e8e1,2e69e8e04,2020-10-17,16,{'JAM'},{'JAM_STAND_STILL_TRAFFIC'},30,{1},5.0
2e69e8e1,2e69e8e04,2020-10-17,20,{'JAM'},{'JAM_STAND_STILL_TRAFFIC'},31,{7},5.0
2e69e8e1,2e69e8e04,2020-10-18,11,{'JAM'},{'JAM'},42,{7},5.0
2e69e8e1,2e69e8e04,2020-10-19,7,{'JAM'},{'JAM_STAND_STILL_TRAFFIC'},30,{7},5.0
2e69e8e1,2e69e8e04,2020-10-19,8,{'JAM'},{'JAM_STAND_STILL_TRAFFIC'},30,{1},6.0
2e69e8e1,2e69e8e04,2020-10-21,7,{'JAM'},{'JAM'},19,{7},5.0
2e69e8e1,2e69e8e04,2020-10-22,9,{'JAM'},{'JAM_STAND_STILL_TRAFFIC'},28,{1},5.0
2e69e8e1,2e69e8e04,2020-10-23,8,{'JAM'},{'JAM_STAND_STILL_TRAFFIC'},30,{7},5.0
2e69e8e1,2e69e8e04,2020-10-24,12,{'JAM'},{'JAM_HEAVY_TRAFFIC'},62,{7},5.0
2e69e8e1,2e69e8e04,2020-10-24,17,{'JAM'},{'JAM_STAND_STILL_TRAFFIC'},77,{7},7.51948051948052
2e69e8e1,2e69e8e04,2020-10-24,18,{'JAM'},{'JAM_STAND_STILL_TRAFFIC'},30,{7},5.0
2e69e8e1,2e69e8e04,2020-10-25,12,{'WEATHERHAZARD'},{'HAZARD_ON_ROAD_CAR_STOPPED'},31,{7},5.290322580645161
2e69e8e1,2e69e8e04,2020-10-25,17,{'JAM'},{'JAM_STAND_STILL_TRAFFIC'},31,{7},5.0
2e69e8e1,2e69e8e04,2020-10-26,9,{'JAM'},{'JAM'},30,{7},5.0
2e69e8e1,2e69e8e04,2020-10-26,10,{'JAM'},{'JAM_HEAVY_TRAFFIC'},31,{7},5.0
2e69e8e1,2e69e8e04,2020-10-26,13,{'JAM'},{'JAM_HEAVY_TRAFFIC'},32,{7},5.5
2e69e8e1,2e69e8e04,2020-10-27,7,{'JAM'},{'JAM_HEAVY_TRAFFIC'},30,{7},5.933333333333334
2e69e8e1,2e69e8e04,2020-10-28,19,{'JAM'},{'JAM_STAND_STILL_TRAFFIC'},31,{7},5.838709677419355
2e69e8e1,2e69e8e04,2020-10-29,12,{'JAM'},{'JAM_HEAVY_TRAFFIC'},70,{7},5.242857142857143
2e69e8e1,2e69e8e04,2020-10-29,19,{'WEATHERHAZARD'},{'HAZARD_ON_ROAD_CAR_STOPPED'},39,{7},5.923076923076923
2e69e8e1,2e69e8e04,2020-10-30,13,"{'JAM', 'WEATHERHAZARD'}","{'JAM', 'HAZARD_ON_ROAD_CAR_STOPPED'}",92,{7},5.0978260869565215
2e69e8e1,2e69e8e04,2020-10-30,16,{'JAM'},{'JAM'},25,{7},5.0
2e69e8e1,2e69e8e04,2020-10-31,13,{'JAM'},{'JAM_STAND_STILL_TRAFFIC'},103,{7},5.145631067961165
2e69e8e1,2e69e8e04,2020-10-31,17,{'JAM'},{'JAM_STAND_STILL_TRAFFIC'},33,{7},5.0
2e69e8e1,2e69e8e04,2020-11-01,9,{'JAM'},{'JAM_STAND_STILL_TRAFFIC'},31,{7},5.0
2e69e8e1,2e69e8e04,2020-11-01,10,"{'JAM', 'WEATHERHAZARD'}","{'JAM', 'HAZARD_ON_ROAD_CAR_STOPPED'}",101,{7},5.0
2e69e8e1,2e69e8e04,2020-11-01,16,{'JAM'},{'JAM_STAND_STILL_TRAFFIC'},92,{1},6.086956521739131
2e69e8e1,2e69e8e04,2020-11-01,17,{'JAM'},{'JAM_STAND_STILL_TRAFFIC'},33,{7},8.090909090909092
2e69e8e1,2e69e8e04,2020-11-02,6,{'JAM'},{'JAM'},6,{7},5.0
2e69e8e1,2e69e8e04,2020-11-02,7,{'JAM'},{'JAM_HEAVY_TRAFFIC'},32,{7},6.0
2e69e8e1,2e69e8e04,2020-11-02,9,{'JAM'},{'JAM_STAND_STILL_TRAFFIC'},45,{1},5.355555555555555
2e69e8e1,2e69e8e04,2020-11-02,10,{'JAM'},{'JAM_STAND_STILL_TRAFFIC'},33,{7},5.0
2e69e8e1,2e69e8e04,2020-11-02,17,{'JAM'},{'JAM'},8,{7},5.0
2e69e8e1,2e69e8e04,2020-11-03,11,{'JAM'},{'JAM_STAND_STILL_TRAFFIC'},14,{7},5.0
2e69e8e1,2e69e8e04,2020-11-04,7,{'JAM'},{'JAM'},30,{7},5.0
2e69e8e1,2e69e8e04,2020-11-04,11,{'JAM'},{'JAM_MODERATE_TRAFFIC'},7,{7},5.0
2e69e8e1,2e69e8e04,2020-11-04,14,"{'WEATHERHAZARD', 'ACCIDENT'}","{'HAZARD_ON_ROAD_CAR_STOPPED', 'ACCIDENT'}",177,{7},6.129943502824859
2e69e8e1,2e69e8e04,2020-11-05,6,{'JAM'},{'JAM_MODERATE_TRAFFIC'},62,{7},5.0
2e69e8e1,2e69e8e04,2020-11-05,7,{'JAM'},{'JAM_STAND_STILL_TRAFFIC'},30,{1},5.0
2e69e8e1,2e69e8e04,2020-11-05,8,{'JAM'},"{'JAM_STAND_STILL_TRAFFIC', 'JAM_HEAVY_TRAFFIC'}",62,"{1, 7}",5.274193548387097
2e69e8e1,2e69e8e04,2020-11-05,9,{'JAM'},{'JAM_STAND_STILL_TRAFFIC'},31,{1},5.0
2e69e8e1,2e69e8e04,2020-11-05,10,{'JAM'},{'JAM_STAND_STILL_TRAFFIC'},59,{1},5.0
2e69e8e1,2e69e8e04,2020-11-05,14,{'JAM'},{'JAM_MODERATE_TRAFFIC'},5,{7},5.0
2e69e8e1,2e69e8e04,2020-11-05,15,{'JAM'},{'JAM_STAND_STILL_TRAFFIC'},30,{7},5.0
2e69e8e1,2e69e8e04,2020-11-05,17,{'JAM'},{'JAM'},50,{7},5.0
2e69e8e1,2e69e8e04,2020-11-06,14,{'JAM'},{'JAM'},91,{7},5.0
2e69e8e1,2e69e8e04,2020-11-07,14,{'JAM'},{'JAM'},91,{7},5.0
2e69e8e1,2e69e8e04,2020-11-07,15,{'JAM'},{'JAM_HEAVY_TRAFFIC'},30,{7},5.0
2e69e8e1,2e69e8e04,2020-11-07,16,{'JAM'},{'JAM_HEAVY_TRAFFIC'},26,{1},5.653846153846154
2e69e8e1,2e69e8e04,2020-11-08,11,{'JAM'},{'JAM_STAND_STILL_TRAFFIC'},32,{7},5.0
2e69e8e1,2e69e8e04,2020-11-08,16,{'JAM'},"{'JAM', 'JAM_STAND_STILL_TRAFFIC'}",94,{7},5.0
2e69e8e1,2e69e8e04,2020-11-08,19,{'JAM'},{'JAM_STAND_STILL_TRAFFIC'},30,{7},5.0
2e69e8e1,2e69e8e04,2020-11-09,8,{'JAM'},{'JAM_STAND_STILL_TRAFFIC'},30,{7},5.0
2e69e8e1,2e69e8e04,2020-11-09,15,{'JAM'},{'JAM'},46,{7},6.3478260869565215
2e69e8e1,2e69e8e04,2020-11-10,7,{'JAM'},"{'JAM', 'JAM_HEAVY_TRAFFIC'}",61,{7},5.409836065573771
2e69e8e1,2e69e8e04,2020-11-10,14,{'JAM'},{'JAM_HEAVY_TRAFFIC'},28,{7},6.0
2e69e8e1,2e69e8e04,2020-11-11,8,{'JAM'},{'JAM_STAND_STILL_TRAFFIC'},60,{7},5.466666666666667
2e69e8e1,2e69e8e04,2020-11-11,13,{'JAM'},{'JAM'},32,{7},5.0
2e69e8e1,2e69e8e04,2020-11-11,16,{'JAM'},{'JAM_STAND_STILL_TRAFFIC'},31,{7},5.0
2e69e8e1,2e69e8e04,2020-11-12,8,{'JAM'},{'JAM_STAND_STILL_TRAFFIC'},30,{7},5.0
2e69e8e1,2e69e8e04,2020-11-12,9,{'JAM'},{'JAM_STAND_STILL_TRAFFIC'},31,{7},5.0
2e69e8e1,2e69e8e04,2020-11-12,10,{'JAM'},{'JAM'},60,{7},5.0
2e69e8e1,2e69e8e04,2020-11-12,13,{'JAM'},{'JAM_STAND_STILL_TRAFFIC'},32,{7},5.0
2e69e8e1,2e69e8e04,2020-11-12,20,{'JAM'},{'JAM_STAND_STILL_TRAFFIC'},31,{7},5.612903225806452
2e69e8e1,2e69e8e04,2020-11-14,11,{'JAM'},{'JAM_STAND_STILL_TRAFFIC'},8,{1},5.0
2e69e8e1,2e69e8e04,2020-11-14,18,{'JAM'},{'JAM_STAND_STILL_TRAFFIC'},33,{7},5.0
2e69e8e1,2e69e8e04,2020-11-14,20,{'JAM'},{'JAM_STAND_STILL_TRAFFIC'},32,{7},5.0
2e69e8e1,2e69e8e04,2020-11-15,12,{'JAM'},{'JAM'},27,{7},5.481481481481482
2e69e8e1,2e69e8e04,2020-11-16,7,{'JAM'},{'JAM_HEAVY_TRAFFIC'},33,{1},5.0
2e69e8e1,2e69e8e04,2020-11-18,7,{'JAM'},{'JAM_STAND_STILL_TRAFFIC'},78,{7},5.884615384615385
2e69e8e1,2e69e8e04,2020-11-20,14,{'JAM'},{'JAM'},9,{7},5.0
2e69e8e1,2e69e8e04,2020-11-21,9,{'JAM'},{'JAM'},94,{7},5.0
2e69e8e1,2e69e8e04,2020-11-22,12,{'JAM'},{'JAM_STAND_STILL_TRAFFIC'},31,{7},5.0
2e69e8e1,2e69e8e0c,2020-09-01,10,{'JAM'},{'JAM_HEAVY_TRAFFIC'},32,{7},5.0
2e69e8e1,2e69e8e0c,2020-09-03,8,{'JAM'},{'JAM_HEAVY_TRAFFIC'},31,{7},5.0
2e69e8e1,2e69e8e0c,2020-09-03,9,{'JAM'},{'JAM_STAND_STILL_TRAFFIC'},30,{7},5.0
2e69e8e1,2e69e8e0c,2020-09-03,16,{'JAM'},{'JAM_HEAVY_TRAFFIC'},30,{7},5.0
2e69e8e1,2e69e8e0c,2020-09-04,9,{'JAM'},{'JAM_HEAVY_TRAFFIC'},29,{7},5.0
2e69e8e1,2e69e8e0c,2020-09-04,10,{'JAM'},{'JAM_MODERATE_TRAFFIC'},29,{7},5.0
2e69e8e1,2e69e8e0c,2020-09-04,18,{'JAM'},{'JAM_STAND_STILL_TRAFFIC'},33,{7},5.9393939393939394
2e69e8e1,2e69e8e0c,2020-09-05,9,{'JAM'},{'JAM_STAND_STILL_TRAFFIC'},19,{7},5.0
2e69e8e1,2e69e8e0c,2020-09-05,10,{'JAM'},{'JAM_HEAVY_TRAFFIC'},32,{7},5.0
2e69e8e1,2e69e8e0c,2020-09-06,13,{'JAM'},{'JAM_STAND_STILL_TRAFFIC'},30,{7},5.0
2e69e8e1,2e69e8e0c,2020-09-09,8,{'JAM'},{'JAM_HEAVY_TRAFFIC'},30,{7},5.0
2e69e8e1,2e69e8e0c,2020-09-10,8,{'JAM'},{'JAM_STAND_STILL_TRAFFIC'},30,{7},5.0
2e69e8e1,2e69e8e0c,2020-09-10,13,{'WEATHERHAZARD'},{'HAZARD_ON_ROAD_CAR_STOPPED'},30,{7},5.0
2e69e8e1,2e69e8e0c,2020-09-10,19,{'WEATHERHAZARD'},{'HAZARD_ON_ROAD_CAR_STOPPED'},31,{7},5.0
2e69e8e1,2e69e8e0c,2020-09-11,9,{'JAM'},{'JAM_STAND_STILL_TRAFFIC'},32,{7},5.0
2e69e8e1,2e69e8e0c,2020-09-12,9,{'JAM'},{'JAM_HEAVY_TRAFFIC'},33,{7},6.696969696969697
2e69e8e1,2e69e8e0c,2020-09-12,14,{'JAM'},{'JAM'},32,{7},5.0
2e69e8e1,2e69e8e0c,2020-09-17,7,{'JAM'},{'JAM_HEAVY_TRAFFIC'},30,{7},5.0
2e69e8e1,2e69e8e0c,2020-09-19,10,{'JAM'},{'JAM_MODERATE_TRAFFIC'},28,{7},5.0
2e69e8e1,2e69e8e0c,2020-09-19,11,{'JAM'},{'JAM'},5,{7},5.0
2e69e8e1,2e69e8e0c,2020-09-25,9,{'JAM'},{'JAM_STAND_STILL_TRAFFIC'},32,{7},5.0
2e69e8e1,2e69e8e0c,2020-09-26,17,{'JAM'},{'JAM_STAND_STILL_TRAFFIC'},32,{7},5.0
2e69e8e1,2e69e8e0c,2020-09-27,14,{'JAM'},{'JAM_HEAVY_TRAFFIC'},30,{7},5.0
2e69e8e1,2e69e8e0c,2020-09-27,15,{'JAM'},"{'JAM_STAND_STILL_TRAFFIC', 'JAM_HEAVY_TRAFFIC'}",62,{7},6.451612903225806
2e69e8e1,2e69e8e0c,2020-09-27,16,{'JAM'},{'JAM_STAND_STILL_TRAFFIC'},31,{7},5.903225806451613
2e69e8e1,2e69e8e0c,2020-09-28,8,{'JAM'},{'JAM_HEAVY_TRAFFIC'},31,{7},5.0
2e69e8e1,2e69e8e0c,2020-09-29,8,{'JAM'},{'JAM_STAND_STILL_TRAFFIC'},32,{7},5.0
2e69e8e1,2e69e8e0c,2020-09-29,10,{'JAM'},{'JAM_HEAVY_TRAFFIC'},25,{7},5.0
2e69e8e1,2e69e8e0c,2020-10-01,16,{'ACCIDENT'},{'ACCIDENT'},119,{7},5.0
2e69e8e1,2e69e8e0c,2020-10-02,8,{'JAM'},{'JAM_STAND_STILL_TRAFFIC'},33,{7},6.454545454545454
2e69e8e1,2e69e8e0c,2020-10-02,13,{'JAM'},{'JAM'},31,{7},5.0
2e69e8e1,2e69e8e0c,2020-10-02,15,{'JAM'},{'JAM_MODERATE_TRAFFIC'},14,{7},5.0
2e69e8e1,2e69e8e0c,2020-10-02,17,{'WEATHERHAZARD'},{'HAZARD_ON_ROAD_CAR_STOPPED'},31,{7},5.870967741935484
2e69e8e1,2e69e8e0c,2020-10-03,11,{'JAM'},{'JAM_STAND_STILL_TRAFFIC'},30,{7},5.0
2e69e8e1,2e69e8e0c,2020-10-03,17,{'JAM'},{'JAM_STAND_STILL_TRAFFIC'},47,{7},6.319148936170213
2e69e8e1,2e69e8e0c,2020-10-03,18,{'ACCIDENT'},{'ACCIDENT'},145,{7},5.3310344827586205
2e69e8e1,2e69e8e0c,2020-10-03,20,{'JAM'},{'JAM'},25,{7},5.0
2e69e8e1,2e69e8e0c,2020-10-04,11,{'JAM'},{'JAM_STAND_STILL_TRAFFIC'},7,{7},5.0
2e69e8e1,2e69e8e0c,2020-10-04,12,{'JAM'},{'JAM_HEAVY_TRAFFIC'},39,{7},6.230769230769231
2e69e8e1,2e69e8e0c,2020-10-04,13,{'JAM'},{'JAM_STAND_STILL_TRAFFIC'},63,{7},6.396825396825397
2e69e8e1,2e69e8e0c,2020-10-04,15,{'JAM'},"{'JAM', 'JAM_STAND_STILL_TRAFFIC'}",61,{7},6.0
2e69e8e1,2e69e8e0c,2020-10-04,19,{'JAM'},{'JAM_HEAVY_TRAFFIC'},29,{7},5.9655172413793105
2e69e8e1,2e69e8e0c,2020-10-05,8,{'JAM'},{'JAM_STAND_STILL_TRAFFIC'},30,{7},5.0
2e69e8e1,2e69e8e0c,2020-10-05,9,{'JAM'},{'JAM_STAND_STILL_TRAFFIC'},33,{7},5.0
2e69e8e1,2e69e8e0c,2020-10-06,8,{'JAM'},{'JAM_HEAVY_TRAFFIC'},34,{7},5.0
2e69e8e1,2e69e8e0c,2020-10-09,7,{'JAM'},{'JAM_STAND_STILL_TRAFFIC'},19,{7},8.0
2e69e8e1,2e69e8e0c,2020-10-09,8,{'JAM'},{'JAM_STAND_STILL_TRAFFIC'},30,{7},5.566666666666666
2e69e8e1,2e69e8e0c,2020-10-09,10,{'JAM'},{'JAM_STAND_STILL_TRAFFIC'},30,{7},5.0
2e69e8e1,2e69e8e0c,2020-10-09,11,{'JAM'},{'JAM_HEAVY_TRAFFIC'},31,{7},5.0
2e69e8e1,2e69e8e0c,2020-10-09,17,{'JAM'},{'JAM_STAND_STILL_TRAFFIC'},31,{7},5.0
2e69e8e1,2e69e8e0c,2020-10-10,12,{'JAM'},{'JAM_HEAVY_TRAFFIC'},17,{7},5.9411764705882355
2e69e8e1,2e69e8e0c,2020-10-10,15,{'JAM'},{'JAM_HEAVY_TRAFFIC'},43,{7},5.348837209302325
2e69e8e1,2e69e8e0c,2020-10-10,16,{'JAM'},{'JAM_STAND_STILL_TRAFFIC'},31,{7},5.967741935483871
2e69e8e1,2e69e8e0c,2020-10-11,16,{'JAM'},{'JAM_HEAVY_TRAFFIC'},23,{7},5.0
2e69e8e1,2e69e8e0c,2020-10-12,7,{'JAM'},{'JAM_HEAVY_TRAFFIC'},31,{7},5.0
2e69e8e1,2e69e8e0c,2020-10-12,9,{'JAM'},{'JAM_HEAVY_TRAFFIC'},30,{7},5.633333333333334
2e69e8e1,2e69e8e0c,2020-10-14,8,{'JAM'},{'JAM'},32,{7},5.0
2e69e8e1,2e69e8e0c,2020-10-15,8,{'JAM'},{'JAM_STAND_STILL_TRAFFIC'},36,{7},5.0
2e69e8e1,2e69e8e0c,2020-10-15,17,{'JAM'},{'JAM_STAND_STILL_TRAFFIC'},5,{7},5.0
2e69e8e1,2e69e8e0c,2020-10-16,8,{'JAM'},{'JAM_STAND_STILL_TRAFFIC'},31,{7},5.0
2e69e8e1,2e69e8e0c,2020-10-17,9,{'JAM'},{'JAM_STAND_STILL_TRAFFIC'},32,{7},5.0
2e69e8e1,2e69e8e0c,2020-10-17,15,{'JAM'},{'JAM_STAND_STILL_TRAFFIC'},13,{7},5.0
2e69e8e1,2e69e8e0c,2020-10-19,7,{'JAM'},{'JAM_HEAVY_TRAFFIC'},30,{7},5.733333333333333
2e69e8e1,2e69e8e0c,2020-10-19,14,{'WEATHERHAZARD'},{'HAZARD_ON_ROAD_CAR_STOPPED'},31,{7},5.967741935483871
2e69e8e1,2e69e8e0c,2020-10-22,8,{'JAM'},{'JAM_STAND_STILL_TRAFFIC'},42,{7},5.428571428571429
2e69e8e1,2e69e8e0c,2020-10-22,9,{'JAM'},{'JAM_STAND_STILL_TRAFFIC'},36,{7},5.416666666666667
2e69e8e1,2e69e8e0c,2020-10-22,11,{'JAM'},{'JAM_HEAVY_TRAFFIC'},30,{7},6.866666666666666
2e69e8e1,2e69e8e0c,2020-10-23,8,{'JAM'},{'JAM_STAND_STILL_TRAFFIC'},31,{7},5.935483870967742
2e69e8e1,2e69e8e0c,2020-10-23,9,{'JAM'},{'JAM_STAND_STILL_TRAFFIC'},37,{7},5.4324324324324325
2e69e8e1,2e69e8e0c,2020-10-24,12,{'JAM'},"{'JAM', 'JAM_HEAVY_TRAFFIC'}",60,{7},5.0
2e69e8e1,2e69e8e0c,2020-10-24,14,{'JAM'},{'JAM'},30,{7},5.0
2e69e8e1,2e69e8e0c,2020-10-24,15,{'JAM'},{'JAM_STAND_STILL_TRAFFIC'},42,{7},5.357142857142857
2e69e8e1,2e69e8e0c,2020-10-24,17,{'JAM'},{'JAM_HEAVY_TRAFFIC'},13,{1},5.0
2e69e8e1,2e69e8e0c,2020-10-24,18,{'JAM'},{'JAM_STAND_STILL_TRAFFIC'},32,{7},5.0
2e69e8e1,2e69e8e0c,2020-10-24,21,{'JAM'},{'JAM'},31,{7},5.0
2e69e8e1,2e69e8e0c,2020-10-26,8,{'JAM'},{'JAM_STAND_STILL_TRAFFIC'},47,{7},6.851063829787234
2e69e8e1,2e69e8e0c,2020-10-26,9,{'JAM'},{'JAM_STAND_STILL_TRAFFIC'},31,{7},5.774193548387097
2e69e8e1,2e69e8e0c,2020-10-26,13,{'JAM'},{'JAM_STAND_STILL_TRAFFIC'},70,{7},5.614285714285714
2e69e8e1,2e69e8e0c,2020-10-26,15,{'JAM'},{'JAM_STAND_STILL_TRAFFIC'},31,{7},5.0
2e69e8e1,2e69e8e0c,2020-10-27,7,{'JAM'},{'JAM_HEAVY_TRAFFIC'},32,{7},5.0
2e69e8e1,2e69e8e0c,2020-10-27,12,{'JAM'},{'JAM_HEAVY_TRAFFIC'},31,{7},5.0
2e69e8e1,2e69e8e0c,2020-10-27,15,{'JAM'},{'JAM_MODERATE_TRAFFIC'},30,{7},5.0
2e69e8e1,2e69e8e0c,2020-10-28,17,{'JAM'},{'JAM_STAND_STILL_TRAFFIC'},62,{7},5.951612903225806
2e69e8e1,2e69e8e0c,2020-10-29,11,{'JAM'},{'JAM_HEAVY_TRAFFIC'},51,{7},7.235294117647059
2e69e8e1,2e69e8e0c,2020-10-29,17,{'JAM'},"{'JAM_MODERATE_TRAFFIC', 'JAM_HEAVY_TRAFFIC'}",61,{7},5.80327868852459
2e69e8e1,2e69e8e0c,2020-10-30,15,{'JAM'},{'JAM_MODERATE_TRAFFIC'},31,{7},5.0
2e69e8e1,2e69e8e0c,2020-10-31,11,{'JAM'},{'JAM_HEAVY_TRAFFIC'},42,{7},5.357142857142857
2e69e8e1,2e69e8e0c,2020-10-31,13,{'JAM'},{'JAM_STAND_STILL_TRAFFIC'},3,{7},6.0
2e69e8e1,2e69e8e0c,2020-10-31,17,{'JAM'},{'JAM_STAND_STILL_TRAFFIC'},43,{7},5.372093023255814
2e69e8e1,2e69e8e0c,2020-10-31,19,{'JAM'},{'JAM_STAND_STILL_TRAFFIC'},60,{7},5.0
2e69e8e1,2e69e8e0c,2020-11-01,7,{'JAM'},{'JAM'},6,{7},5.0
2e69e8e1,2e69e8e0c,2020-11-01,8,{'JAM'},{'JAM_STAND_STILL_TRAFFIC'},30,{7},5.0
2e69e8e1,2e69e8e0c,2020-11-01,14,{'JAM'},{'JAM_HEAVY_TRAFFIC'},30,{7},5.0
2e69e8e1,2e69e8e0c,2020-11-01,15,{'JAM'},{'JAM_STAND_STILL_TRAFFIC'},30,{7},5.0
2e69e8e1,2e69e8e0c,2020-11-01,17,{'JAM'},{'JAM_STAND_STILL_TRAFFIC'},59,{7},7.5423728813559325
2e69e8e1,2e69e8e0c,2020-11-01,18,{'JAM'},{'JAM_STAND_STILL_TRAFFIC'},30,{7},5.0
2e69e8e1,2e69e8e0c,2020-11-01,19,{'JAM'},{'JAM_STAND_STILL_TRAFFIC'},33,{7},7.0606060606060606
2e69e8e1,2e69e8e0c,2020-11-02,9,{'JAM'},{'JAM_STAND_STILL_TRAFFIC'},31,{7},5.741935483870968
2e69e8e1,2e69e8e0c,2020-11-02,10,{'JAM'},{'JAM_STAND_STILL_TRAFFIC'},31,{7},5.0
2e69e8e1,2e69e8e0c,2020-11-03,7,{'JAM'},{'JAM_STAND_STILL_TRAFFIC'},10,{7},5.0
2e69e8e1,2e69e8e0c,2020-11-04,17,{'JAM'},{'JAM_STAND_STILL_TRAFFIC'},41,{7},5.365853658536586
2e69e8e1,2e69e8e0c,2020-11-05,7,{'JAM'},{'JAM'},40,{7},5.375
2e69e8e1,2e69e8e0c,2020-11-05,10,{'JAM'},{'JAM_STAND_STILL_TRAFFIC'},30,{7},5.0
2e69e8e1,2e69e8e0c,2020-11-06,8,{'JAM'},{'JAM_STAND_STILL_TRAFFIC'},31,{7},5.935483870967742
2e69e8e1,2e69e8e0c,2020-11-06,14,{'JAM'},{'JAM'},31,{7},5.967741935483871
2e69e8e1,2e69e8e0c,2020-11-07,8,{'JAM'},{'JAM_HEAVY_TRAFFIC'},22,{7},5.0
2e69e8e1,2e69e8e0c,2020-11-07,14,{'JAM'},{'JAM'},60,{7},5.0
2e69e8e1,2e69e8e0c,2020-11-07,16,{'JAM'},{'JAM_STAND_STILL_TRAFFIC'},30,{7},5.666666666666667
2e69e8e1,2e69e8e0c,2020-11-07,18,{'JAM'},{'JAM_STAND_STILL_TRAFFIC'},64,{7},5.0
2e69e8e1,2e69e8e0c,2020-11-08,16,{'JAM'},{'JAM_STAND_STILL_TRAFFIC'},32,{7},5.0
2e69e8e1,2e69e8e0c,2020-11-08,19,{'JAM'},{'JAM_STAND_STILL_TRAFFIC'},30,{7},5.0
2e69e8e1,2e69e8e0c,2020-11-09,7,{'JAM'},{'JAM_STAND_STILL_TRAFFIC'},44,{7},5.363636363636363
2e69e8e1,2e69e8e0c,2020-11-09,8,{'JAM'},{'JAM_HEAVY_TRAFFIC'},31,{7},5.0
2e69e8e1,2e69e8e0c,2020-11-09,15,{'JAM'},{'JAM'},20,{7},5.0
2e69e8e1,2e69e8e0c,2020-11-10,10,{'JAM'},"{'JAM_STAND_STILL_TRAFFIC', 'JAM_HEAVY_TRAFFIC'}",45,{7},5.0
2e69e8e1,2e69e8e0c,2020-11-12,7,{'JAM'},{'JAM_HEAVY_TRAFFIC'},30,{7},5.0
2e69e8e1,2e69e8e0c,2020-11-12,8,{'JAM'},{'JAM_STAND_STILL_TRAFFIC'},61,{7},5.0
2e69e8e1,2e69e8e0c,2020-11-12,10,{'JAM'},{'JAM'},30,{7},5.0
2e69e8e1,2e69e8e0c,2020-11-12,20,{'JAM'},{'JAM_STAND_STILL_TRAFFIC'},64,{7},5.78125
2e69e8e1,2e69e8e0c,2020-11-13,9,{'JAM'},{'JAM_HEAVY_TRAFFIC'},31,{7},5.0
2e69e8e1,2e69e8e0c,2020-11-14,18,{'JAM'},{'JAM_STAND_STILL_TRAFFIC'},32,{7},5.0
2e69e8e1,2e69e8e0c,2020-11-15,15,{'JAM'},{'JAM_HEAVY_TRAFFIC'},58,{7},7.258620689655173
2e69e8e1,2e69e8e0c,2020-11-15,18,{'JAM'},{'JAM_STAND_STILL_TRAFFIC'},23,{7},5.0
2e69e8e1,2e69e8e0c,2020-11-16,6,{'JAM'},{'JAM_HEAVY_TRAFFIC'},40,{7},5.375
2e69e8e1,2e69e8e0c,2020-11-17,8,{'JAM'},{'JAM_STAND_STILL_TRAFFIC'},32,{7},5.0
2e69e8e1,2e69e8e0c,2020-11-18,8,{'JAM'},{'JAM_STAND_STILL_TRAFFIC'},63,{7},5.968253968253968
2e69e8e1,2e69e8e0c,2020-11-18,10,{'JAM'},{'JAM_HEAVY_TRAFFIC'},34,{7},5.0
2e69e8e1,2e69e8e0c,2020-11-20,14,{'WEATHERHAZARD'},{'HAZARD_ON_ROAD_CAR_STOPPED'},31,{7},5.0
2e69e8e1,2e69e8e0c,2020-11-21,9,{'JAM'},{'JAM'},30,{7},5.0
2e69e8e1,2e69e8e0c,2020-11-21,18,{'JAM'},"{'JAM_STAND_STILL_TRAFFIC', 'JAM_HEAVY_TRAFFIC'}",43,{7},5.0
2e69e8e1,2e69e8e0c,2020-11-22,12,{'JAM'},{'JAM_STAND_STILL_TRAFFIC'},33,{7},5.0
2e69e8e3,2e69e8e2c,2020-11-15,17,{'WEATHERHAZARD'},{'WEATHERHAZARD'},30,{1},5.0
2e69e8e3,2e69e8e34,2020-09-01,22,"{'JAM', 'ACCIDENT'}","{'JAM', 'ACCIDENT'}",154,{1},5.0
2e69e8e5,2e69e8e44,2020-09-01,19,{'WEATHERHAZARD'},{'HAZARD_ON_ROAD_CAR_STOPPED'},31,{2},6.0
2e69e8e5,2e69e8e44,2020-09-02,13,{'WEATHERHAZARD'},{'HAZARD_ON_ROAD_CAR_STOPPED'},15,{2},5.0
2e69e8e5,2e69e8e44,2020-09-08,17,{'WEATHERHAZARD'},{'HAZARD_ON_ROAD_CAR_STOPPED'},31,{2},5.0
2e69e8e5,2e69e8e44,2020-09-19,8,{'WEATHERHAZARD'},{'HAZARD_ON_ROAD_CAR_STOPPED'},30,{2},5.0
2e69e8e5,2e69e8e44,2020-11-12,10,{'WEATHERHAZARD'},{'HAZARD_ON_ROAD_CAR_STOPPED'},32,{2},5.0
2e69e8e5,2e69e8e4c,2020-10-20,16,{'JAM'},{'JAM'},30,{1},5.0
2e69e8e5,2e69e8e5c,2020-09-01,19,{'WEATHERHAZARD'},{'HAZARD_ON_ROAD_CAR_STOPPED'},29,{1},5.0
2e69e8e5,2e69e8e5c,2020-09-08,17,{'WEATHERHAZARD'},{'HAZARD_ON_ROAD_CAR_STOPPED'},30,{1},5.0
2e69e8e7,2e69e8e6c,2020-09-02,13,{'WEATHERHAZARD'},{'HAZARD_ON_ROAD_CAR_STOPPED'},16,{2},5.0
2e69e8e7,2e69e8e6c,2020-09-27,8,{'WEATHERHAZARD'},{'HAZARD_ON_ROAD_CAR_STOPPED'},62,{2},5.0
2e69e8e7,2e69e8e6c,2020-10-01,16,{'WEATHERHAZARD'},{'WEATHERHAZARD'},31,{2},5.0
2e69e8e7,2e69e8e74,2020-09-01,18,{'JAM'},{'JAM_STAND_STILL_TRAFFIC'},33,{7},5.0
2e69e8e7,2e69e8e74,2020-09-01,19,{'WEATHERHAZARD'},{'HAZARD_ON_ROAD_CAR_STOPPED'},32,{2},5.0
2e69e8e7,2e69e8e74,2020-09-02,16,{'JAM'},{'JAM_HEAVY_TRAFFIC'},21,{7},5.0
2e69e8e7,2e69e8e74,2020-09-05,11,{'JAM'},"{'JAM', 'JAM_STAND_STILL_TRAFFIC'}",62,{7},5.0
2e69e8e7,2e69e8e74,2020-09-05,18,{'JAM'},{'JAM'},30,{7},5.0
2e69e8e7,2e69e8e74,2020-09-06,13,{'JAM'},{'JAM_STAND_STILL_TRAFFIC'},30,{7},5.0
2e69e8e7,2e69e8e74,2020-09-07,13,{'JAM'},{'JAM_MODERATE_TRAFFIC'},8,{7},5.0
2e69e8e7,2e69e8e74,2020-09-08,17,{'JAM'},{'JAM'},33,{7},5.0
2e69e8e7,2e69e8e74,2020-09-09,8,{'JAM'},{'JAM_HEAVY_TRAFFIC'},30,{7},5.0
2e69e8e7,2e69e8e74,2020-09-16,7,{'JAM'},{'JAM_MODERATE_TRAFFIC'},31,{7},5.0
2e69e8e7,2e69e8e74,2020-09-18,20,{'WEATHERHAZARD'},{'HAZARD_ON_ROAD_CAR_STOPPED'},30,{7},5.0
2e69e8e7,2e69e8e74,2020-09-19,8,{'JAM'},{'JAM'},32,{7},5.0
2e69e8e7,2e69e8e74,2020-09-20,15,{'WEATHERHAZARD'},{'HAZARD_ON_ROAD_CAR_STOPPED'},32,{2},5.625
2e69e8e7,2e69e8e74,2020-09-21,13,{'WEATHERHAZARD'},{'HAZARD_ON_ROAD_CAR_STOPPED'},30,{7},5.0
2e69e8e7,2e69e8e74,2020-09-25,9,{'JAM'},{'JAM_STAND_STILL_TRAFFIC'},32,{7},5.0
2e69e8e7,2e69e8e74,2020-09-26,17,{'JAM'},"{'JAM', 'JAM_STAND_STILL_TRAFFIC'}",61,"{2, 7}",5.786885245901639
2e69e8e7,2e69e8e74,2020-09-26,18,"{'JAM', 'WEATHERHAZARD'}","{'JAM', 'HAZARD_ON_ROAD_CAR_STOPPED'}",62,{7},5.0
2e69e8e7,2e69e8e74,2020-09-27,16,{'JAM'},{'JAM_STAND_STILL_TRAFFIC'},30,{7},5.0
2e69e8e7,2e69e8e74,2020-09-27,17,{'JAM'},{'JAM_STAND_STILL_TRAFFIC'},31,{7},5.0
2e69e8e7,2e69e8e74,2020-09-29,7,{'JAM'},{'JAM_STAND_STILL_TRAFFIC'},32,{7},5.0
2e69e8e7,2e69e8e74,2020-09-29,8,{'JAM'},{'JAM_STAND_STILL_TRAFFIC'},31,{7},5.0
2e69e8e7,2e69e8e74,2020-10-01,13,{'JAM'},{'JAM'},12,{7},5.0
2e69e8e7,2e69e8e74,2020-10-02,8,{'JAM'},{'JAM_STAND_STILL_TRAFFIC'},62,{7},5.0
2e69e8e7,2e69e8e74,2020-10-02,10,{'JAM'},{'JAM_HEAVY_TRAFFIC'},32,{7},5.8125
2e69e8e7,2e69e8e74,2020-10-02,13,"{'JAM', 'WEATHERHAZARD'}","{'HAZARD_ON_ROAD_OBJECT', 'JAM'}",95,{7},5.2105263157894735
2e69e8e7,2e69e8e74,2020-10-03,10,{'JAM'},{'JAM_STAND_STILL_TRAFFIC'},30,{7},5.0
2e69e8e7,2e69e8e74,2020-10-03,17,{'JAM'},"{'JAM_STAND_STILL_TRAFFIC', 'JAM_HEAVY_TRAFFIC'}",95,{7},5.589473684210526
2e69e8e7,2e69e8e74,2020-10-03,19,{'JAM'},{'JAM_STAND_STILL_TRAFFIC'},34,{7},5.0
2e69e8e7,2e69e8e74,2020-10-03,20,{'JAM'},{'JAM'},35,{7},5.0
2e69e8e7,2e69e8e74,2020-10-04,13,{'JAM'},{'JAM_HEAVY_TRAFFIC'},32,{7},6.96875
2e69e8e7,2e69e8e74,2020-10-04,15,{'JAM'},{'JAM_STAND_STILL_TRAFFIC'},37,{7},5.4324324324324325
2e69e8e7,2e69e8e74,2020-10-09,8,{'JAM'},{'JAM_STAND_STILL_TRAFFIC'},62,{7},6.274193548387097
2e69e8e7,2e69e8e74,2020-10-09,9,{'JAM'},{'JAM_STAND_STILL_TRAFFIC'},71,{7},5.507042253521127
2e69e8e7,2e69e8e74,2020-10-09,10,{'JAM'},{'JAM_STAND_STILL_TRAFFIC'},31,{7},5.0
2e69e8e7,2e69e8e74,2020-10-09,11,"{'JAM', 'WEATHERHAZARD'}","{'HAZARD_ON_SHOULDER_CAR_STOPPED', 'JAM_STAND_STILL_TRAFFIC'}",62,{7},5.225806451612903
2e69e8e7,2e69e8e74,2020-10-09,15,{'JAM'},{'JAM'},31,{7},5.0
2e69e8e7,2e69e8e74,2020-10-10,10,{'JAM'},{'JAM_HEAVY_TRAFFIC'},31,{7},5.0
2e69e8e7,2e69e8e74,2020-10-10,16,{'JAM'},{'JAM_STAND_STILL_TRAFFIC'},31,{7},5.0
2e69e8e7,2e69e8e74,2020-10-10,17,{'JAM'},{'JAM_STAND_STILL_TRAFFIC'},33,{7},5.0
2e69e8e7,2e69e8e74,2020-10-11,12,{'JAM'},{'JAM_HEAVY_TRAFFIC'},30,{7},5.0
2e69e8e7,2e69e8e74,2020-10-11,17,{'JAM'},{'JAM_STAND_STILL_TRAFFIC'},30,{7},5.0
2e69e8e7,2e69e8e74,2020-10-12,8,{'JAM'},{'JAM_STAND_STILL_TRAFFIC'},60,{7},5.0
2e69e8e7,2e69e8e74,2020-10-12,12,{'WEATHERHAZARD'},{'HAZARD_ON_ROAD'},31,{7},5.0
2e69e8e7,2e69e8e74,2020-10-12,13,{'JAM'},{'JAM_STAND_STILL_TRAFFIC'},38,{7},5.421052631578948
2e69e8e7,2e69e8e74,2020-10-13,13,{'WEATHERHAZARD'},{'HAZARD_ON_ROAD_CAR_STOPPED'},10,{2},5.0
2e69e8e7,2e69e8e74,2020-10-14,8,{'JAM'},{'JAM_STAND_STILL_TRAFFIC'},61,{7},5.442622950819672
2e69e8e7,2e69e8e74,2020-10-16,8,{'JAM'},"{'JAM_STAND_STILL_TRAFFIC', 'JAM_HEAVY_TRAFFIC'}",37,{7},5.0
2e69e8e7,2e69e8e74,2020-10-17,12,{'JAM'},{'JAM_STAND_STILL_TRAFFIC'},30,{7},5.0
2e69e8e7,2e69e8e74,2020-10-17,13,{'WEATHERHAZARD'},{'HAZARD_ON_ROAD_CAR_STOPPED'},56,{7},6.75
2e69e8e7,2e69e8e74,2020-10-17,20,{'JAM'},{'JAM_STAND_STILL_TRAFFIC'},29,{7},5.0
2e69e8e7,2e69e8e74,2020-10-18,16,{'JAM'},{'JAM'},31,{7},5.0
2e69e8e7,2e69e8e74,2020-10-18,17,{'JAM'},{'JAM_MODERATE_TRAFFIC'},32,{7},5.0
2e69e8e7,2e69e8e74,2020-10-18,18,{'JAM'},{'JAM_STAND_STILL_TRAFFIC'},59,{7},5.0
2e69e8e7,2e69e8e74,2020-10-19,7,{'JAM'},{'JAM_HEAVY_TRAFFIC'},68,{7},5.720588235294118
2e69e8e7,2e69e8e74,2020-10-19,8,{'JAM'},{'JAM_STAND_STILL_TRAFFIC'},72,{7},5.222222222222222
2e69e8e7,2e69e8e74,2020-10-21,16,{'JAM'},{'JAM'},5,{7},5.0
2e69e8e7,2e69e8e74,2020-10-22,7,{'JAM'},{'JAM_STAND_STILL_TRAFFIC'},31,{7},5.0
2e69e8e7,2e69e8e74,2020-10-23,8,{'JAM'},"{'JAM_STAND_STILL_TRAFFIC', 'JAM_HEAVY_TRAFFIC'}",38,{7},5.0
2e69e8e7,2e69e8e74,2020-10-23,9,{'JAM'},{'JAM_STAND_STILL_TRAFFIC'},40,{7},5.375
2e69e8e7,2e69e8e74,2020-10-24,9,{'JAM'},{'JAM_STAND_STILL_TRAFFIC'},40,{7},5.425
2e69e8e7,2e69e8e74,2020-10-24,11,{'JAM'},"{'JAM', 'JAM_STAND_STILL_TRAFFIC'}",62,{7},5.0
2e69e8e7,2e69e8e74,2020-10-24,12,{'JAM'},{'JAM_HEAVY_TRAFFIC'},31,{7},5.0
2e69e8e7,2e69e8e74,2020-10-24,13,{'JAM'},{'JAM_STAND_STILL_TRAFFIC'},28,{7},5.0
2e69e8e7,2e69e8e74,2020-10-24,16,{'JAM'},{'JAM_HEAVY_TRAFFIC'},32,{7},5.0
2e69e8e7,2e69e8e74,2020-10-24,17,{'JAM'},{'JAM_STAND_STILL_TRAFFIC'},71,{7},5.225352112676056
2e69e8e7,2e69e8e74,2020-10-25,15,{'JAM'},{'JAM_MODERATE_TRAFFIC'},33,{7},5.0
2e69e8e7,2e69e8e74,2020-10-25,16,{'JAM'},"{'JAM_MODERATE_TRAFFIC', 'JAM_HEAVY_TRAFFIC'}",63,"{2, 7}",5.253968253968254
2e69e8e7,2e69e8e74,2020-10-25,17,{'JAM'},{'JAM'},30,{7},5.0
2e69e8e7,2e69e8e74,2020-10-26,7,{'JAM'},{'JAM_HEAVY_TRAFFIC'},78,{7},6.82051282051282
2e69e8e7,2e69e8e74,2020-10-26,10,{'JAM'},{'JAM_HEAVY_TRAFFIC'},5,{7},5.0
2e69e8e7,2e69e8e74,2020-10-26,12,{'JAM'},"{'JAM', 'JAM_STAND_STILL_TRAFFIC'}",11,{7},5.0
2e69e8e7,2e69e8e74,2020-10-26,13,{'JAM'},{'JAM_STAND_STILL_TRAFFIC'},49,{7},5.387755102040816
2e69e8e7,2e69e8e74,2020-10-27,9,{'JAM'},{'JAM_STAND_STILL_TRAFFIC'},30,{7},6.0
2e69e8e7,2e69e8e74,2020-10-27,17,{'JAM'},{'JAM'},36,{7},5.0
2e69e8e7,2e69e8e74,2020-10-28,16,{'JAM'},{'JAM_STAND_STILL_TRAFFIC'},33,{7},5.0
2e69e8e7,2e69e8e74,2020-10-28,18,{'JAM'},{'JAM_HEAVY_TRAFFIC'},31,{7},5.0
2e69e8e7,2e69e8e74,2020-10-28,19,{'JAM'},{'JAM'},30,{7},5.0
2e69e8e7,2e69e8e74,2020-10-29,12,{'JAM'},{'JAM'},61,{7},5.0
2e69e8e7,2e69e8e74,2020-10-29,18,"{'JAM', 'WEATHERHAZARD'}","{'HAZARD_ON_SHOULDER_CAR_STOPPED', 'JAM_HEAVY_TRAFFIC'}",62,{7},6.629032258064516
2e69e8e7,2e69e8e74,2020-10-30,16,"{'JAM', 'WEATHERHAZARD'}","{'JAM', 'HAZARD_ON_ROAD_CAR_STOPPED'}",56,{7},5.25
2e69e8e7,2e69e8e74,2020-10-31,10,{'JAM'},{'JAM_HEAVY_TRAFFIC'},38,{7},5.421052631578948
2e69e8e7,2e69e8e74,2020-10-31,11,{'JAM'},{'JAM_STAND_STILL_TRAFFIC'},60,{7},5.25
2e69e8e7,2e69e8e74,2020-10-31,13,{'JAM'},{'JAM_STAND_STILL_TRAFFIC'},61,{7},5.442622950819672
2e69e8e7,2e69e8e74,2020-10-31,17,{'JAM'},{'JAM_HEAVY_TRAFFIC'},32,{7},5.0
2e69e8e7,2e69e8e74,2020-11-02,7,{'JAM'},{'JAM_STAND_STILL_TRAFFIC'},30,{7},5.0
2e69e8e7,2e69e8e74,2020-11-02,8,{'JAM'},{'JAM_STAND_STILL_TRAFFIC'},30,{7},5.0
2e69e8e7,2e69e8e74,2020-11-02,9,{'JAM'},{'JAM_HEAVY_TRAFFIC'},33,{7},5.0
2e69e8e7,2e69e8e74,2020-11-02,17,{'JAM'},{'JAM'},31,{7},5.0
2e69e8e7,2e69e8e74,2020-11-03,8,{'JAM'},{'JAM_HEAVY_TRAFFIC'},33,{7},5.0
2e69e8e7,2e69e8e74,2020-11-03,10,{'JAM'},{'JAM_STAND_STILL_TRAFFIC'},33,{7},5.0
2e69e8e7,2e69e8e74,2020-11-03,11,{'JAM'},{'JAM_STAND_STILL_TRAFFIC'},31,{7},5.0
2e69e8e7,2e69e8e74,2020-11-04,9,{'JAM'},{'JAM_HEAVY_TRAFFIC'},31,{7},5.0
2e69e8e7,2e69e8e74,2020-11-04,15,{'JAM'},{'JAM'},32,{7},5.0
2e69e8e7,2e69e8e74,2020-11-05,6,{'JAM'},{'JAM_HEAVY_TRAFFIC'},30,{7},5.0
2e69e8e7,2e69e8e74,2020-11-05,8,{'JAM'},{'JAM_STAND_STILL_TRAFFIC'},30,{7},5.0
2e69e8e7,2e69e8e74,2020-11-05,9,{'JAM'},{'JAM_STAND_STILL_TRAFFIC'},31,{7},6.0
2e69e8e7,2e69e8e74,2020-11-05,17,{'JAM'},{'JAM'},20,{7},5.0
2e69e8e7,2e69e8e74,2020-11-06,8,{'JAM'},{'JAM_HEAVY_TRAFFIC'},30,{7},5.0
2e69e8e7,2e69e8e74,2020-11-06,14,{'JAM'},{'JAM_STAND_STILL_TRAFFIC'},15,{7},5.0
2e69e8e7,2e69e8e74,2020-11-06,15,{'JAM'},{'JAM'},5,{7},5.0
2e69e8e7,2e69e8e74,2020-11-07,10,{'JAM'},{'JAM_HEAVY_TRAFFIC'},30,{7},5.0
2e69e8e7,2e69e8e74,2020-11-07,11,{'JAM'},"{'JAM_STAND_STILL_TRAFFIC', 'JAM_HEAVY_TRAFFIC'}",69,{7},5.260869565217392
2e69e8e7,2e69e8e74,2020-11-07,18,{'JAM'},{'JAM_STAND_STILL_TRAFFIC'},30,{7},5.0
2e69e8e7,2e69e8e74,2020-11-08,12,{'JAM'},{'JAM_STAND_STILL_TRAFFIC'},29,{7},5.0
2e69e8e7,2e69e8e74,2020-11-08,16,{'JAM'},{'JAM'},31,{7},5.0
2e69e8e7,2e69e8e74,2020-11-09,7,{'JAM'},{'JAM_STAND_STILL_TRAFFIC'},40,{7},6.375
2e69e8e7,2e69e8e74,2020-11-10,8,{'JAM'},{'JAM_STAND_STILL_TRAFFIC'},32,{7},5.0
2e69e8e7,2e69e8e74,2020-11-10,10,{'JAM'},{'JAM_STAND_STILL_TRAFFIC'},31,{7},5.0
2e69e8e7,2e69e8e74,2020-11-11,8,{'JAM'},"{'JAM_STAND_STILL_TRAFFIC', 'JAM_MODERATE_TRAFFIC'}",75,{7},5.213333333333333
2e69e8e7,2e69e8e74,2020-11-12,8,{'JAM'},{'JAM_STAND_STILL_TRAFFIC'},73,{7},5.63013698630137
2e69e8e7,2e69e8e74,2020-11-12,10,{'JAM'},{'JAM'},31,{7},5.0
2e69e8e7,2e69e8e74,2020-11-12,20,{'JAM'},{'JAM_STAND_STILL_TRAFFIC'},73,{7},5.47945205479452
2e69e8e7,2e69e8e74,2020-11-13,8,{'JAM'},{'JAM_HEAVY_TRAFFIC'},63,{7},5.0
2e69e8e7,2e69e8e74,2020-11-14,7,{'WEATHERHAZARD'},{'HAZARD_ON_ROAD_CAR_STOPPED'},24,{7},5.833333333333333
2e69e8e7,2e69e8e74,2020-11-14,11,{'JAM'},{'JAM_HEAVY_TRAFFIC'},32,{7},5.96875
2e69e8e7,2e69e8e74,2020-11-14,19,{'JAM'},{'JAM_STAND_STILL_TRAFFIC'},30,{7},5.0
2e69e8e7,2e69e8e74,2020-11-15,14,{'JAM'},{'JAM_HEAVY_TRAFFIC'},30,{7},7.533333333333333
2e69e8e7,2e69e8e74,2020-11-15,15,{'JAM'},{'JAM_HEAVY_TRAFFIC'},29,{7},7.0
2e69e8e7,2e69e8e74,2020-11-16,7,{'JAM'},{'JAM_HEAVY_TRAFFIC'},32,{7},5.0
2e69e8e7,2e69e8e74,2020-11-17,8,{'JAM'},{'JAM_STAND_STILL_TRAFFIC'},60,{7},5.416666666666667
2e69e8e7,2e69e8e74,2020-11-18,10,{'JAM'},{'JAM_STAND_STILL_TRAFFIC'},24,{7},5.0
2e69e8e7,2e69e8e74,2020-11-18,13,{'WEATHERHAZARD'},{'HAZARD_ON_ROAD_CAR_STOPPED'},48,{7},5.333333333333333
2e69e8e7,2e69e8e74,2020-11-20,9,{'JAM'},{'JAM_STAND_STILL_TRAFFIC'},19,{7},5.0
2e69e8e7,2e69e8e74,2020-11-21,9,{'JAM'},{'JAM'},42,"{2, 7}",5.0
2e69e8e7,2e69e8e74,2020-11-21,11,{'JAM'},{'JAM_STAND_STILL_TRAFFIC'},18,{7},5.0
2e69e8e7,2e69e8e74,2020-11-21,14,{'JAM'},"{'JAM_STAND_STILL_TRAFFIC', 'JAM_HEAVY_TRAFFIC'}",89,{7},5.314606741573034
2e69e8e7,2e69e8e74,2020-11-21,15,{'JAM'},{'JAM_STAND_STILL_TRAFFIC'},31,{7},5.0
2e69e8e7,2e69e8e74,2020-11-21,16,{'JAM'},{'JAM_HEAVY_TRAFFIC'},30,{7},5.0
2e69e8e7,2e69e8e74,2020-11-21,18,{'JAM'},{'JAM_HEAVY_TRAFFIC'},33,{7},6.0
2e69e8e7,2e69e8e7c,2020-09-01,17,{'JAM'},{'JAM_HEAVY_TRAFFIC'},26,{7},5.0
2e69e8e7,2e69e8e7c,2020-09-02,8,{'JAM'},{'JAM_STAND_STILL_TRAFFIC'},30,{7},5.0
2e69e8e7,2e69e8e7c,2020-09-05,10,{'JAM'},"{'JAM_MODERATE_TRAFFIC', 'JAM_HEAVY_TRAFFIC'}",64,{7},5.5
2e69e8e7,2e69e8e7c,2020-09-05,11,{'JAM'},{'JAM'},122,{7},5.0
2e69e8e7,2e69e8e7c,2020-09-06,12,{'WEATHERHAZARD'},{'HAZARD_ON_ROAD_CAR_STOPPED'},28,{7},6.464285714285714
2e69e8e7,2e69e8e7c,2020-09-06,13,{'JAM'},{'JAM_STAND_STILL_TRAFFIC'},31,{7},5.0
2e69e8e7,2e69e8e7c,2020-09-06,17,{'JAM'},{'JAM_STAND_STILL_TRAFFIC'},32,{7},5.0
2e69e8e7,2e69e8e7c,2020-09-06,19,{'JAM'},{'JAM_STAND_STILL_TRAFFIC'},33,{7},5.0
2e69e8e7,2e69e8e7c,2020-09-10,15,{'JAM'},{'JAM'},32,{7},5.0
2e69e8e7,2e69e8e7c,2020-09-11,16,{'JAM'},{'JAM'},30,{7},5.0
2e69e8e7,2e69e8e7c,2020-09-13,16,{'JAM'},{'JAM_HEAVY_TRAFFIC'},33,{7},5.0
2e69e8e7,2e69e8e7c,2020-09-15,15,{'JAM'},{'JAM_STAND_STILL_TRAFFIC'},42,{7},5.357142857142857
2e69e8e7,2e69e8e7c,2020-09-16,17,{'JAM'},{'JAM'},30,{7},5.0
2e69e8e7,2e69e8e7c,2020-09-18,16,{'JAM'},{'JAM'},91,{7},5.0
2e69e8e7,2e69e8e7c,2020-09-19,13,{'JAM'},{'JAM_STAND_STILL_TRAFFIC'},30,{7},5.0
2e69e8e7,2e69e8e7c,2020-09-20,15,{'JAM'},{'JAM'},30,{7},5.0
2e69e8e7,2e69e8e7c,2020-09-20,16,{'JAM'},{'JAM_MODERATE_TRAFFIC'},32,{7},5.0
2e69e8e7,2e69e8e7c,2020-09-24,17,{'JAM'},{'JAM_STAND_STILL_TRAFFIC'},26,{7},5.0
2e69e8e7,2e69e8e7c,2020-09-26,10,{'JAM'},{'JAM'},120,{7},5.0
2e69e8e7,2e69e8e7c,2020-09-26,13,{'JAM'},{'JAM_HEAVY_TRAFFIC'},30,{7},5.0
2e69e8e7,2e69e8e7c,2020-09-26,14,{'JAM'},{'JAM_STAND_STILL_TRAFFIC'},16,{7},5.0
2e69e8e7,2e69e8e7c,2020-09-26,17,{'JAM'},{'JAM_STAND_STILL_TRAFFIC'},31,{7},5.612903225806452
2e69e8e7,2e69e8e7c,2020-09-27,10,{'JAM'},{'JAM_HEAVY_TRAFFIC'},26,{7},5.8076923076923075
2e69e8e7,2e69e8e7c,2020-09-27,15,{'JAM'},{'JAM_STAND_STILL_TRAFFIC'},63,{7},5.476190476190476
2e69e8e7,2e69e8e7c,2020-09-29,8,{'JAM'},{'JAM_STAND_STILL_TRAFFIC'},65,{7},5.246153846153846
2e69e8e7,2e69e8e7c,2020-09-30,9,{'JAM'},{'JAM_MODERATE_TRAFFIC'},31,{7},5.0
2e69e8e7,2e69e8e7c,2020-09-30,17,{'JAM'},{'JAM_STAND_STILL_TRAFFIC'},31,{7},6.0
2e69e8e7,2e69e8e7c,2020-10-01,13,{'JAM'},{'JAM'},30,{7},5.0
2e69e8e7,2e69e8e7c,2020-10-02,10,{'JAM'},{'JAM_STAND_STILL_TRAFFIC'},9,{7},5.222222222222222
2e69e8e7,2e69e8e7c,2020-10-02,13,{'JAM'},"{'JAM', 'JAM_STAND_STILL_TRAFFIC'}",75,{7},5.306666666666667
2e69e8e7,2e69e8e7c,2020-10-03,10,{'JAM'},{'JAM_STAND_STILL_TRAFFIC'},30,{7},5.0
2e69e8e7,2e69e8e7c,2020-10-03,12,"{'JAM', 'WEATHERHAZARD'}","{'JAM', 'HAZARD_ON_ROAD_CAR_STOPPED'}",79,{7},5.6075949367088604
2e69e8e7,2e69e8e7c,2020-10-03,17,{'JAM'},"{'JAM_STAND_STILL_TRAFFIC', 'JAM_MODERATE_TRAFFIC'}",61,{7},5.0
2e69e8e7,2e69e8e7c,2020-10-04,11,{'JAM'},{'JAM_HEAVY_TRAFFIC'},22,{7},5.0
2e69e8e7,2e69e8e7c,2020-10-07,16,{'JAM'},{'JAM'},39,{7},5.0
2e69e8e7,2e69e8e7c,2020-10-08,19,{'JAM'},{'JAM_STAND_STILL_TRAFFIC'},33,{7},5.0
2e69e8e7,2e69e8e7c,2020-10-09,8,{'JAM'},{'JAM_STAND_STILL_TRAFFIC'},122,{7},5.459016393442623
2e69e8e7,2e69e8e7c,2020-10-09,14,{'JAM'},{'JAM_HEAVY_TRAFFIC'},29,{7},5.0
2e69e8e7,2e69e8e7c,2020-10-10,12,{'JAM'},{'JAM_STAND_STILL_TRAFFIC'},20,{7},5.0
2e69e8e7,2e69e8e7c,2020-10-10,13,{'JAM'},{'JAM'},60,{7},5.0
2e69e8e7,2e69e8e7c,2020-10-10,17,{'JAM'},{'JAM_STAND_STILL_TRAFFIC'},46,{7},5.695652173913044
2e69e8e7,2e69e8e7c,2020-10-12,13,{'JAM'},{'JAM_STAND_STILL_TRAFFIC'},15,{7},5.0
2e69e8e7,2e69e8e7c,2020-10-14,16,{'JAM'},{'JAM'},30,{7},5.0
2e69e8e7,2e69e8e7c,2020-10-15,10,{'JAM'},{'JAM_MODERATE_TRAFFIC'},5,{7},5.0
2e69e8e7,2e69e8e7c,2020-10-15,13,{'JAM'},{'JAM_STAND_STILL_TRAFFIC'},31,{7},5.0
2e69e8e7,2e69e8e7c,2020-10-16,16,{'JAM'},{'JAM_STAND_STILL_TRAFFIC'},32,{7},5.0
2e69e8e7,2e69e8e7c,2020-10-17,9,{'JAM'},{'JAM_STAND_STILL_TRAFFIC'},26,{7},5.0
2e69e8e7,2e69e8e7c,2020-10-17,12,{'JAM'},{'JAM_HEAVY_TRAFFIC'},32,{7},5.0
2e69e8e7,2e69e8e7c,2020-10-17,13,{'JAM'},{'JAM'},6,{7},5.0
2e69e8e7,2e69e8e7c,2020-10-17,20,{'JAM'},{'JAM_HEAVY_TRAFFIC'},33,{7},6.0
2e69e8e7,2e69e8e7c,2020-10-18,17,{'JAM'},{'JAM_MODERATE_TRAFFIC'},30,{7},5.0
2e69e8e7,2e69e8e7c,2020-10-19,7,{'JAM'},{'JAM_STAND_STILL_TRAFFIC'},7,{7},5.0
2e69e8e7,2e69e8e7c,2020-10-19,8,{'JAM'},{'JAM_HEAVY_TRAFFIC'},32,{7},5.0
2e69e8e7,2e69e8e7c,2020-10-19,11,{'JAM'},{'JAM_MODERATE_TRAFFIC'},33,{7},5.0
2e69e8e7,2e69e8e7c,2020-10-20,8,{'JAM'},{'JAM_STAND_STILL_TRAFFIC'},5,{7},5.0
2e69e8e7,2e69e8e7c,2020-10-22,13,{'JAM'},{'JAM_STAND_STILL_TRAFFIC'},31,{7},5.0
2e69e8e7,2e69e8e7c,2020-10-22,17,{'JAM'},{'JAM_STAND_STILL_TRAFFIC'},7,{7},5.0
2e69e8e7,2e69e8e7c,2020-10-23,8,{'JAM'},{'JAM'},30,{7},5.0
2e69e8e7,2e69e8e7c,2020-10-23,9,{'JAM'},{'JAM_HEAVY_TRAFFIC'},30,{7},5.0
2e69e8e7,2e69e8e7c,2020-10-24,10,{'JAM'},"{'JAM', 'JAM_HEAVY_TRAFFIC'}",60,{7},5.0
2e69e8e7,2e69e8e7c,2020-10-24,11,{'JAM'},{'JAM_STAND_STILL_TRAFFIC'},16,{7},5.0
2e69e8e7,2e69e8e7c,2020-10-24,15,{'JAM'},{'JAM_STAND_STILL_TRAFFIC'},33,{7},5.0
2e69e8e7,2e69e8e7c,2020-10-24,17,{'JAM'},"{'JAM_STAND_STILL_TRAFFIC', 'JAM_HEAVY_TRAFFIC'}",77,{7},5.194805194805195
2e69e8e7,2e69e8e7c,2020-10-24,18,{'JAM'},{'JAM_STAND_STILL_TRAFFIC'},8,{7},5.0
2e69e8e7,2e69e8e7c,2020-10-25,12,{'JAM'},{'JAM'},63,{7},5.0
2e69e8e7,2e69e8e7c,2020-10-25,15,{'JAM'},"{'JAM_MODERATE_TRAFFIC', 'JAM_HEAVY_TRAFFIC'}",64,{7},5.0
2e69e8e7,2e69e8e7c,2020-10-25,17,{'JAM'},{'JAM_HEAVY_TRAFFIC'},6,{7},5.0
2e69e8e7,2e69e8e7c,2020-10-25,18,{'JAM'},{'JAM_STAND_STILL_TRAFFIC'},32,{7},5.0
2e69e8e7,2e69e8e7c,2020-10-26,8,{'JAM'},{'JAM_HEAVY_TRAFFIC'},31,{7},7.129032258064516
2e69e8e7,2e69e8e7c,2020-10-26,9,{'JAM'},{'JAM_STAND_STILL_TRAFFIC'},100,{7},5.0
2e69e8e7,2e69e8e7c,2020-10-26,13,{'JAM'},{'JAM_STAND_STILL_TRAFFIC'},121,{7},5.223140495867769
2e69e8e7,2e69e8e7c,2020-10-26,15,{'JAM'},{'JAM_HEAVY_TRAFFIC'},30,{7},5.933333333333334
2e69e8e7,2e69e8e7c,2020-10-27,10,{'JAM'},{'JAM_STAND_STILL_TRAFFIC'},11,{7},5.0
2e69e8e7,2e69e8e7c,2020-10-27,12,{'JAM'},{'JAM_MODERATE_TRAFFIC'},31,{7},5.612903225806452
2e69e8e7,2e69e8e7c,2020-10-27,17,{'JAM'},{'JAM'},31,{7},5.0
2e69e8e7,2e69e8e7c,2020-10-28,14,{'JAM'},{'JAM'},61,{7},5.278688524590164
2e69e8e7,2e69e8e7c,2020-10-28,15,{'JAM'},"{'JAM', 'JAM_HEAVY_TRAFFIC'}",61,{7},5.0
2e69e8e7,2e69e8e7c,2020-10-28,17,{'JAM'},{'JAM_STAND_STILL_TRAFFIC'},30,{7},5.0
2e69e8e7,2e69e8e7c,2020-10-28,19,{'JAM'},{'JAM'},62,{7},5.0
2e69e8e7,2e69e8e7c,2020-10-29,13,{'JAM'},{'JAM_HEAVY_TRAFFIC'},34,{7},5.0
2e69e8e7,2e69e8e7c,2020-10-29,17,{'JAM'},"{'JAM_STAND_STILL_TRAFFIC', 'JAM_MODERATE_TRAFFIC'}",100,{7},5.16
2e69e8e7,2e69e8e7c,2020-10-30,15,{'JAM'},{'JAM_STAND_STILL_TRAFFIC'},32,{7},5.0
2e69e8e7,2e69e8e7c,2020-10-31,9,{'JAM'},{'JAM_STAND_STILL_TRAFFIC'},62,{7},5.5
2e69e8e7,2e69e8e7c,2020-10-31,10,{'JAM'},"{'JAM', 'JAM_STAND_STILL_TRAFFIC'}",112,"{1, 7}",5.410714285714286
2e69e8e7,2e69e8e7c,2020-10-31,11,{'JAM'},{'JAM_STAND_STILL_TRAFFIC'},28,{7},5.0
2e69e8e7,2e69e8e7c,2020-10-31,17,{'JAM'},{'JAM_STAND_STILL_TRAFFIC'},30,{7},5.0
2e69e8e7,2e69e8e7c,2020-10-31,19,{'JAM'},"{'JAM_STAND_STILL_TRAFFIC', 'JAM_HEAVY_TRAFFIC'}",63,{7},5.444444444444445
2e69e8e7,2e69e8e7c,2020-11-01,12,{'JAM'},{'JAM_STAND_STILL_TRAFFIC'},43,{7},5.4186046511627906
2e69e8e7,2e69e8e7c,2020-11-01,15,{'JAM'},"{'JAM', 'JAM_STAND_STILL_TRAFFIC'}",122,"{1, 7}",5.254098360655738
2e69e8e7,2e69e8e7c,2020-11-02,8,{'JAM'},{'JAM_STAND_STILL_TRAFFIC'},60,{7},5.0
2e69e8e7,2e69e8e7c,2020-11-02,9,{'JAM'},{'JAM_HEAVY_TRAFFIC'},99,{7},5.848484848484849
2e69e8e7,2e69e8e7c,2020-11-03,8,{'JAM'},{'JAM_STAND_STILL_TRAFFIC'},6,{7},5.0
2e69e8e7,2e69e8e7c,2020-11-03,10,{'JAM'},{'JAM_STAND_STILL_TRAFFIC'},30,{7},5.0
2e69e8e7,2e69e8e7c,2020-11-04,11,{'JAM'},{'JAM_HEAVY_TRAFFIC'},35,{7},5.0
2e69e8e7,2e69e8e7c,2020-11-04,13,{'JAM'},"{'JAM', 'JAM_STAND_STILL_TRAFFIC'}",91,{7},5.0
2e69e8e7,2e69e8e7c,2020-11-04,15,{'JAM'},{'JAM'},121,{7},5.0
2e69e8e7,2e69e8e7c,2020-11-04,16,{'JAM'},{'JAM_STAND_STILL_TRAFFIC'},32,{7},5.0
2e69e8e7,2e69e8e7c,2020-11-05,7,{'JAM'},"{'JAM_STAND_STILL_TRAFFIC', 'JAM_HEAVY_TRAFFIC'}",68,{7},5.0
2e69e8e7,2e69e8e7c,2020-11-05,8,{'JAM'},{'JAM_STAND_STILL_TRAFFIC'},30,{7},5.0
2e69e8e7,2e69e8e7c,2020-11-05,9,{'JAM'},{'JAM_STAND_STILL_TRAFFIC'},59,{7},5.694915254237288
2e69e8e7,2e69e8e7c,2020-11-05,12,{'JAM'},{'JAM_HEAVY_TRAFFIC'},30,{7},5.0
2e69e8e7,2e69e8e7c,2020-11-05,16,{'JAM'},{'JAM_MODERATE_TRAFFIC'},35,{7},5.571428571428571
2e69e8e7,2e69e8e7c,2020-11-05,17,{'JAM'},{'JAM'},28,{7},5.0
2e69e8e7,2e69e8e7c,2020-11-06,8,{'JAM'},{'JAM_HEAVY_TRAFFIC'},30,{7},5.0
2e69e8e7,2e69e8e7c,2020-11-06,20,{'JAM'},{'JAM'},31,{7},5.0
2e69e8e7,2e69e8e7c,2020-11-07,15,{'JAM'},{'JAM_HEAVY_TRAFFIC'},31,{7},5.0
2e69e8e7,2e69e8e7c,2020-11-07,16,{'JAM'},{'JAM_STAND_STILL_TRAFFIC'},23,{7},5.0
2e69e8e7,2e69e8e7c,2020-11-07,18,{'JAM'},{'JAM_STAND_STILL_TRAFFIC'},30,{7},5.0
2e69e8e7,2e69e8e7c,2020-11-07,19,{'JAM'},{'JAM_STAND_STILL_TRAFFIC'},5,{7},5.0
2e69e8e7,2e69e8e7c,2020-11-08,12,{'JAM'},{'JAM'},30,{7},5.0
2e69e8e7,2e69e8e7c,2020-11-08,16,{'JAM'},{'JAM_STAND_STILL_TRAFFIC'},26,{7},5.0
2e69e8e7,2e69e8e7c,2020-11-09,9,{'JAM'},{'JAM_STAND_STILL_TRAFFIC'},30,{7},5.0
2e69e8e7,2e69e8e7c,2020-11-10,10,{'JAM'},{'JAM_HEAVY_TRAFFIC'},10,{7},5.0
2e69e8e7,2e69e8e7c,2020-11-10,14,{'JAM'},{'JAM_HEAVY_TRAFFIC'},6,{7},5.0
2e69e8e7,2e69e8e7c,2020-11-11,8,{'JAM'},{'JAM_STAND_STILL_TRAFFIC'},31,{7},5.0
2e69e8e7,2e69e8e7c,2020-11-11,9,{'JAM'},{'JAM_STAND_STILL_TRAFFIC'},32,{7},5.8125
2e69e8e7,2e69e8e7c,2020-11-12,19,{'JAM'},{'JAM_HEAVY_TRAFFIC'},10,{7},5.0
2e69e8e7,2e69e8e7c,2020-11-12,20,"{'JAM', 'WEATHERHAZARD'}","{'HAZARD_ON_ROAD_CAR_STOPPED', 'JAM_STAND_STILL_TRAFFIC', 'JAM_HEAVY_TRAFFIC'}",109,{7},5.963302752293578
2e69e8e7,2e69e8e7c,2020-11-14,11,{'JAM'},{'JAM_STAND_STILL_TRAFFIC'},30,{7},5.0
2e69e8e7,2e69e8e7c,2020-11-14,19,{'JAM'},"{'JAM_STAND_STILL_TRAFFIC', 'JAM_HEAVY_TRAFFIC'}",49,{7},5.0
2e69e8e7,2e69e8e7c,2020-11-15,16,{'JAM'},{'JAM'},37,{1},5.0
2e69e8e7,2e69e8e7c,2020-11-17,8,{'JAM'},{'JAM_STAND_STILL_TRAFFIC'},33,{7},5.787878787878788
2e69e8e7,2e69e8e7c,2020-11-21,11,{'JAM'},{'JAM_STAND_STILL_TRAFFIC'},23,{7},5.0
2e69e8e7,2e69e8e7c,2020-11-21,13,{'JAM'},{'JAM_HEAVY_TRAFFIC'},13,{7},8.846153846153847
2e69e8e7,2e69e8e7c,2020-11-21,14,{'JAM'},{'JAM_STAND_STILL_TRAFFIC'},28,{7},5.0
2e69e8e7,2e69e8e7c,2020-11-21,20,{'JAM'},{'JAM'},10,{7},5.0
2e69e8e7,2e69e8e7c,2020-11-22,18,{'JAM'},{'JAM'},30,{7},5.0
2e69e8e9,2e69e8e84,2020-09-03,15,{'JAM'},{'JAM_STAND_STILL_TRAFFIC'},63,{7},5.0
2e69e8e9,2e69e8e84,2020-09-06,13,{'JAM'},{'JAM_HEAVY_TRAFFIC'},36,{7},5.0
2e69e8e9,2e69e8e84,2020-09-06,16,{'JAM'},{'JAM_MODERATE_TRAFFIC'},31,{7},5.0
2e69e8e9,2e69e8e84,2020-09-06,19,{'JAM'},{'JAM_STAND_STILL_TRAFFIC'},64,{7},5.0
2e69e8e9,2e69e8e84,2020-09-09,17,{'JAM'},{'JAM_STAND_STILL_TRAFFIC'},19,{7},5.0
2e69e8e9,2e69e8e84,2020-09-11,20,"{'JAM', 'WEATHERHAZARD'}","{'JAM', 'HAZARD_ON_ROAD_CAR_STOPPED'}",58,{7},5.0
2e69e8e9,2e69e8e84,2020-09-12,16,{'JAM'},"{'JAM_MODERATE_TRAFFIC', 'JAM_HEAVY_TRAFFIC'}",65,{7},5.707692307692308
2e69e8e9,2e69e8e84,2020-09-15,9,{'JAM'},{'JAM_STAND_STILL_TRAFFIC'},29,{7},5.0
2e69e8e9,2e69e8e84,2020-09-16,17,{'JAM'},{'JAM_HEAVY_TRAFFIC'},28,{7},5.0
2e69e8e9,2e69e8e84,2020-09-16,19,{'JAM'},{'JAM_STAND_STILL_TRAFFIC'},23,{7},5.0
2e69e8e9,2e69e8e84,2020-09-18,16,{'JAM'},{'JAM'},33,{7},5.0
2e69e8e9,2e69e8e84,2020-09-18,17,{'JAM'},{'JAM_HEAVY_TRAFFIC'},31,{7},5.0
2e69e8e9,2e69e8e84,2020-09-19,16,{'JAM'},{'JAM_HEAVY_TRAFFIC'},32,{7},6.0
2e69e8e9,2e69e8e84,2020-09-20,15,{'JAM'},{'JAM_HEAVY_TRAFFIC'},60,{7},5.0
2e69e8e9,2e69e8e84,2020-09-26,10,{'JAM'},{'JAM'},64,{7},5.0
2e69e8e9,2e69e8e84,2020-09-26,17,{'JAM'},{'JAM_STAND_STILL_TRAFFIC'},30,{7},5.0
2e69e8e9,2e69e8e84,2020-09-27,15,{'JAM'},"{'JAM_STAND_STILL_TRAFFIC', 'JAM_HEAVY_TRAFFIC'}",129,{7},5.0
2e69e8e9,2e69e8e84,2020-09-29,8,{'JAM'},{'JAM_STAND_STILL_TRAFFIC'},61,{7},5.0
2e69e8e9,2e69e8e84,2020-09-30,15,{'JAM'},{'JAM_HEAVY_TRAFFIC'},30,{7},5.0
2e69e8e9,2e69e8e84,2020-10-02,9,{'JAM'},{'JAM_STAND_STILL_TRAFFIC'},30,{7},5.0
2e69e8e9,2e69e8e84,2020-10-03,19,{'JAM'},{'JAM'},31,{7},5.0
2e69e8e9,2e69e8e84,2020-10-04,9,{'JAM'},{'JAM_STAND_STILL_TRAFFIC'},33,{7},5.0
2e69e8e9,2e69e8e84,2020-10-04,11,{'JAM'},{'JAM_HEAVY_TRAFFIC'},32,{7},5.0
2e69e8e9,2e69e8e84,2020-10-04,15,{'JAM'},{'JAM_STAND_STILL_TRAFFIC'},30,{7},5.0
2e69e8e9,2e69e8e84,2020-10-05,14,{'JAM'},{'JAM_STAND_STILL_TRAFFIC'},10,{7},5.0
2e69e8e9,2e69e8e84,2020-10-05,16,{'JAM'},{'JAM'},38,{7},6.394736842105263
2e69e8e9,2e69e8e84,2020-10-07,15,{'JAM'},"{'JAM_MODERATE_TRAFFIC', 'JAM_HEAVY_TRAFFIC'}",46,{7},5.0
2e69e8e9,2e69e8e84,2020-10-07,16,{'JAM'},{'JAM'},16,{7},5.0
2e69e8e9,2e69e8e84,2020-10-09,11,{'JAM'},{'JAM_HEAVY_TRAFFIC'},34,{7},5.0
2e69e8e9,2e69e8e84,2020-10-09,13,{'JAM'},{'JAM_STAND_STILL_TRAFFIC'},31,{7},5.0
2e69e8e9,2e69e8e84,2020-10-10,9,{'JAM'},{'JAM_HEAVY_TRAFFIC'},30,{7},5.0
2e69e8e9,2e69e8e84,2020-10-10,11,{'JAM'},{'JAM_STAND_STILL_TRAFFIC'},31,{7},5.0
2e69e8e9,2e69e8e84,2020-10-10,20,{'JAM'},{'JAM_MODERATE_TRAFFIC'},5,{7},5.0
2e69e8e9,2e69e8e84,2020-10-15,12,{'JAM'},{'JAM_MODERATE_TRAFFIC'},31,{7},5.0
2e69e8e9,2e69e8e84,2020-10-16,10,{'JAM'},{'JAM_HEAVY_TRAFFIC'},30,{7},5.0
2e69e8e9,2e69e8e84,2020-10-17,13,{'JAM'},{'JAM'},24,{7},5.0
2e69e8e9,2e69e8e84,2020-10-18,17,{'JAM'},{'JAM_MODERATE_TRAFFIC'},64,{7},5.0
2e69e8e9,2e69e8e84,2020-10-19,14,{'JAM'},{'JAM_MODERATE_TRAFFIC'},32,{7},5.0
2e69e8e9,2e69e8e84,2020-10-19,16,{'JAM'},{'JAM_STAND_STILL_TRAFFIC'},78,{7},5.0
2e69e8e9,2e69e8e84,2020-10-22,12,{'JAM'},{'JAM_MODERATE_TRAFFIC'},32,{7},5.0
2e69e8e9,2e69e8e84,2020-10-24,11,{'JAM'},{'JAM_STAND_STILL_TRAFFIC'},31,{7},5.0
2e69e8e9,2e69e8e84,2020-10-24,17,{'JAM'},"{'JAM_STAND_STILL_TRAFFIC', 'JAM_HEAVY_TRAFFIC'}",69,{7},5.27536231884058
2e69e8e9,2e69e8e84,2020-10-24,18,{'JAM'},{'JAM_STAND_STILL_TRAFFIC'},33,{7},5.575757575757576
2e69e8e9,2e69e8e84,2020-10-25,15,{'JAM'},"{'JAM_MODERATE_TRAFFIC', 'JAM_HEAVY_TRAFFIC'}",100,{7},5.19
2e69e8e9,2e69e8e84,2020-10-26,8,{'WEATHERHAZARD'},{'WEATHERHAZARD'},33,{7},6.151515151515151
2e69e8e9,2e69e8e84,2020-10-26,9,{'JAM'},{'JAM_STAND_STILL_TRAFFIC'},31,{7},5.0
2e69e8e9,2e69e8e84,2020-10-26,13,{'JAM'},"{'JAM', 'JAM_STAND_STILL_TRAFFIC'}",38,{7},5.0
2e69e8e9,2e69e8e84,2020-10-26,14,{'JAM'},{'JAM_STAND_STILL_TRAFFIC'},30,{7},5.0
2e69e8e9,2e69e8e84,2020-10-26,15,{'JAM'},{'JAM_HEAVY_TRAFFIC'},30,{7},5.0
2e69e8e9,2e69e8e84,2020-10-27,17,{'JAM'},{'JAM'},6,{7},5.0
2e69e8e9,2e69e8e84,2020-10-28,15,{'JAM'},{'JAM_STAND_STILL_TRAFFIC'},31,{7},5.0
2e69e8e9,2e69e8e84,2020-10-28,19,{'JAM'},{'JAM'},8,{7},5.0
2e69e8e9,2e69e8e84,2020-10-29,17,{'JAM'},"{'JAM_MODERATE_TRAFFIC', 'JAM_HEAVY_TRAFFIC'}",94,{7},5.159574468085107
2e69e8e9,2e69e8e84,2020-10-30,18,{'JAM'},{'JAM_HEAVY_TRAFFIC'},30,{7},5.0
2e69e8e9,2e69e8e84,2020-10-31,10,{'JAM'},{'JAM'},70,{7},5.214285714285714
2e69e8e9,2e69e8e84,2020-10-31,11,{'JAM'},{'JAM_STAND_STILL_TRAFFIC'},31,{7},5.806451612903226
2e69e8e9,2e69e8e84,2020-10-31,18,{'JAM'},{'JAM_STAND_STILL_TRAFFIC'},32,{7},5.0
2e69e8e9,2e69e8e84,2020-11-01,15,{'JAM'},{'JAM_STAND_STILL_TRAFFIC'},30,{7},6.966666666666667
2e69e8e9,2e69e8e84,2020-11-01,16,{'JAM'},{'JAM_STAND_STILL_TRAFFIC'},31,{7},5.0
2e69e8e9,2e69e8e84,2020-11-01,18,{'JAM'},{'JAM_STAND_STILL_TRAFFIC'},34,{7},5.470588235294118
2e69e8e9,2e69e8e84,2020-11-02,9,{'JAM'},{'JAM_HEAVY_TRAFFIC'},36,{7},5.416666666666667
2e69e8e9,2e69e8e84,2020-11-02,13,{'JAM'},{'JAM_HEAVY_TRAFFIC'},30,{7},5.0
2e69e8e9,2e69e8e84,2020-11-03,16,{'JAM'},{'JAM_HEAVY_TRAFFIC'},32,{7},5.0
2e69e8e9,2e69e8e84,2020-11-04,11,{'JAM'},{'JAM_STAND_STILL_TRAFFIC'},35,{7},5.0
2e69e8e9,2e69e8e84,2020-11-04,12,{'JAM'},{'JAM_MODERATE_TRAFFIC'},31,{7},5.0
2e69e8e9,2e69e8e84,2020-11-04,15,{'JAM'},{'JAM'},93,{7},5.0
2e69e8e9,2e69e8e84,2020-11-05,7,{'JAM'},{'JAM_STAND_STILL_TRAFFIC'},30,{1},5.0
2e69e8e9,2e69e8e84,2020-11-05,9,{'JAM'},{'JAM_STAND_STILL_TRAFFIC'},90,{7},6.866666666666666
2e69e8e9,2e69e8e84,2020-11-05,15,{'JAM'},{'JAM_HEAVY_TRAFFIC'},31,{7},5.0
2e69e8e9,2e69e8e84,2020-11-05,16,{'JAM'},{'JAM_HEAVY_TRAFFIC'},31,{7},5.0
2e69e8e9,2e69e8e84,2020-11-05,17,{'JAM'},{'JAM'},98,{7},5.0
2e69e8e9,2e69e8e84,2020-11-06,16,{'JAM'},{'JAM'},30,{7},5.0
2e69e8e9,2e69e8e84,2020-11-06,19,{'JAM'},{'JAM'},13,{7},5.0
2e69e8e9,2e69e8e84,2020-11-07,14,{'JAM'},{'JAM_MODERATE_TRAFFIC'},31,{7},5.0
2e69e8e9,2e69e8e84,2020-11-07,15,{'JAM'},{'JAM_HEAVY_TRAFFIC'},32,{7},5.0
2e69e8e9,2e69e8e84,2020-11-07,18,{'JAM'},{'JAM_STAND_STILL_TRAFFIC'},78,{7},5.217948717948718
2e69e8e9,2e69e8e84,2020-11-07,19,{'JAM'},{'JAM_STAND_STILL_TRAFFIC'},34,{7},5.0
2e69e8e9,2e69e8e84,2020-11-07,20,{'JAM'},{'JAM_STAND_STILL_TRAFFIC'},32,{7},5.59375
2e69e8e9,2e69e8e84,2020-11-08,16,{'JAM'},{'JAM_STAND_STILL_TRAFFIC'},32,{7},5.0
2e69e8e9,2e69e8e84,2020-11-08,18,{'JAM'},"{'JAM_STAND_STILL_TRAFFIC', 'JAM_HEAVY_TRAFFIC'}",62,{7},5.0
2e69e8e9,2e69e8e84,2020-11-08,19,{'JAM'},{'JAM_HEAVY_TRAFFIC'},31,{7},5.0
2e69e8e9,2e69e8e84,2020-11-09,19,{'JAM'},{'JAM_HEAVY_TRAFFIC'},30,{7},5.0
2e69e8e9,2e69e8e84,2020-11-11,8,{'JAM'},{'JAM_STAND_STILL_TRAFFIC'},69,{7},5.0
2e69e8e9,2e69e8e84,2020-11-11,9,{'JAM'},{'JAM_HEAVY_TRAFFIC'},62,{7},5.887096774193548
2e69e8e9,2e69e8e84,2020-11-11,13,{'JAM'},{'JAM_HEAVY_TRAFFIC'},35,{7},5.0
2e69e8e9,2e69e8e84,2020-11-11,21,{'JAM'},{'JAM'},33,{7},5.0
2e69e8e9,2e69e8e84,2020-11-12,8,{'JAM'},{'JAM_STAND_STILL_TRAFFIC'},31,{7},5.0
2e69e8e9,2e69e8e84,2020-11-13,8,{'JAM'},{'JAM_MODERATE_TRAFFIC'},32,{7},5.0
2e69e8e9,2e69e8e84,2020-11-13,13,{'JAM'},"{'JAM_STAND_STILL_TRAFFIC', 'JAM_HEAVY_TRAFFIC'}",60,{7},5.9
2e69e8e9,2e69e8e84,2020-11-13,16,{'JAM'},"{'JAM', 'JAM_MODERATE_TRAFFIC'}",63,{7},5.0
2e69e8e9,2e69e8e84,2020-11-13,19,{'JAM'},{'JAM'},5,{7},5.0
2e69e8e9,2e69e8e84,2020-11-14,17,{'JAM'},{'JAM'},32,{7},5.0
2e69e8e9,2e69e8e84,2020-11-14,18,{'JAM'},{'JAM_STAND_STILL_TRAFFIC'},30,{7},5.0
2e69e8e9,2e69e8e84,2020-11-14,19,{'JAM'},{'JAM_STAND_STILL_TRAFFIC'},37,{7},5.45945945945946
2e69e8e9,2e69e8e84,2020-11-18,16,{'JAM'},{'JAM'},63,{7},5.0
2e69e8e9,2e69e8e84,2020-11-20,13,{'JAM'},{'JAM'},31,{7},5.0
2e69e8e9,2e69e8e84,2020-11-21,13,{'WEATHERHAZARD'},{'HAZARD_ON_ROAD_POT_HOLE'},32,{7},7.46875
2e69e8e9,2e69e8e84,2020-11-21,14,{'JAM'},{'JAM_STAND_STILL_TRAFFIC'},29,{7},5.0
2e69e8e9,2e69e8e84,2020-11-21,15,{'JAM'},{'JAM_STAND_STILL_TRAFFIC'},32,{7},5.0
2e69e8e9,2e69e8e84,2020-11-22,19,{'JAM'},"{'JAM_STAND_STILL_TRAFFIC', 'JAM_HEAVY_TRAFFIC'}",61,{7},5.0
2e69e8e9,2e69e8e8c,2020-09-01,17,{'JAM'},{'JAM_STAND_STILL_TRAFFIC'},31,{7},5.0
2e69e8e9,2e69e8e8c,2020-09-06,19,{'JAM'},{'JAM_STAND_STILL_TRAFFIC'},30,{7},5.0
2e69e8e9,2e69e8e8c,2020-09-09,8,{'JAM'},"{'JAM_MODERATE_TRAFFIC', 'JAM_HEAVY_TRAFFIC'}",35,{7},5.0
2e69e8e9,2e69e8e8c,2020-09-16,17,{'JAM'},{'JAM_HEAVY_TRAFFIC'},18,{7},5.0
2e69e8e9,2e69e8e8c,2020-09-20,15,{'WEATHERHAZARD'},{'HAZARD_ON_ROAD_CAR_STOPPED'},31,{7},5.516129032258065
2e69e8e9,2e69e8e8c,2020-09-24,14,{'JAM'},{'JAM_MODERATE_TRAFFIC'},33,{7},5.0
2e69e8e9,2e69e8e8c,2020-09-26,11,"{'JAM', 'WEATHERHAZARD'}","{'JAM', 'HAZARD_ON_ROAD_CAR_STOPPED'}",62,{7},5.016129032258065
2e69e8e9,2e69e8e8c,2020-09-27,15,{'JAM'},{'JAM_STAND_STILL_TRAFFIC'},41,{7},6.317073170731708
2e69e8e9,2e69e8e8c,2020-09-29,8,{'JAM'},{'JAM_STAND_STILL_TRAFFIC'},21,{7},6.857142857142857
2e69e8e9,2e69e8e8c,2020-09-29,16,{'JAM'},{'JAM_MODERATE_TRAFFIC'},32,{7},5.0
2e69e8e9,2e69e8e8c,2020-10-02,13,"{'JAM', 'WEATHERHAZARD'}","{'JAM', 'HAZARD_ON_ROAD_CAR_STOPPED'}",52,{7},5.0
2e69e8e9,2e69e8e8c,2020-10-03,10,{'JAM'},{'JAM_STAND_STILL_TRAFFIC'},30,{7},5.0
2e69e8e9,2e69e8e8c,2020-10-03,12,{'WEATHERHAZARD'},{'HAZARD_ON_ROAD_CAR_STOPPED'},20,{7},5.0
2e69e8e9,2e69e8e8c,2020-10-03,14,{'JAM'},{'JAM_STAND_STILL_TRAFFIC'},30,{7},5.0
2e69e8e9,2e69e8e8c,2020-10-03,17,{'JAM'},{'JAM_STAND_STILL_TRAFFIC'},36,{7},6.083333333333333
2e69e8e9,2e69e8e8c,2020-10-04,13,{'JAM'},{'JAM_MODERATE_TRAFFIC'},11,{7},5.0
2e69e8e9,2e69e8e8c,2020-10-04,15,{'JAM'},"{'JAM_STAND_STILL_TRAFFIC', 'JAM_HEAVY_TRAFFIC'}",61,{7},5.491803278688525
2e69e8e9,2e69e8e8c,2020-10-09,9,{'JAM'},{'JAM_STAND_STILL_TRAFFIC'},31,{7},5.0
2e69e8e9,2e69e8e8c,2020-10-10,11,{'JAM'},{'JAM_STAND_STILL_TRAFFIC'},31,{7},5.0
2e69e8e9,2e69e8e8c,2020-10-10,13,"{'JAM', 'WEATHERHAZARD'}","{'HAZARD_ON_ROAD_CAR_STOPPED', 'JAM_STAND_STILL_TRAFFIC'}",78,{7},5.756410256410256
2e69e8e9,2e69e8e8c,2020-10-10,16,{'JAM'},{'JAM_HEAVY_TRAFFIC'},30,{7},5.0
2e69e8e9,2e69e8e8c,2020-10-16,10,{'JAM'},{'JAM_HEAVY_TRAFFIC'},30,{7},5.0
2e69e8e9,2e69e8e8c,2020-10-22,16,{'JAM'},{'JAM_MODERATE_TRAFFIC'},30,{7},5.0
2e69e8e9,2e69e8e8c,2020-10-24,17,{'JAM'},{'JAM_HEAVY_TRAFFIC'},31,{7},5.0
2e69e8e9,2e69e8e8c,2020-10-24,18,{'JAM'},{'JAM_MODERATE_TRAFFIC'},30,{7},5.0
2e69e8e9,2e69e8e8c,2020-10-25,15,{'JAM'},{'JAM_HEAVY_TRAFFIC'},31,{7},5.0
2e69e8e9,2e69e8e8c,2020-10-25,17,{'JAM'},{'JAM'},30,{7},5.0
2e69e8e9,2e69e8e8c,2020-10-26,9,{'JAM'},{'JAM_STAND_STILL_TRAFFIC'},33,{7},5.0
2e69e8e9,2e69e8e8c,2020-10-27,14,{'JAM'},{'JAM_STAND_STILL_TRAFFIC'},22,{7},5.0
2e69e8e9,2e69e8e8c,2020-10-27,16,{'JAM'},{'JAM'},9,{7},5.0
2e69e8e9,2e69e8e8c,2020-10-28,14,{'JAM'},{'JAM_STAND_STILL_TRAFFIC'},30,{7},5.933333333333334
2e69e8e9,2e69e8e8c,2020-10-28,17,{'JAM'},{'JAM_STAND_STILL_TRAFFIC'},32,{7},5.0
2e69e8e9,2e69e8e8c,2020-10-29,17,{'JAM'},{'JAM_STAND_STILL_TRAFFIC'},41,{7},5.390243902439025
2e69e8e9,2e69e8e8c,2020-10-29,18,{'JAM'},{'JAM_STAND_STILL_TRAFFIC'},30,{7},5.0
2e69e8e9,2e69e8e8c,2020-10-30,15,{'JAM'},"{'JAM_STAND_STILL_TRAFFIC', 'JAM_HEAVY_TRAFFIC'}",62,{7},5.0
2e69e8e9,2e69e8e8c,2020-10-30,17,{'JAM'},{'JAM_HEAVY_TRAFFIC'},31,{7},5.806451612903226
2e69e8e9,2e69e8e8c,2020-10-31,10,"{'JAM', 'WEATHERHAZARD'}","{'HAZARD_ON_ROAD_CAR_STOPPED', 'JAM_HEAVY_TRAFFIC'}",61,{7},5.409836065573771
2e69e8e9,2e69e8e8c,2020-10-31,11,{'JAM'},{'JAM_STAND_STILL_TRAFFIC'},33,{7},5.0
2e69e8e9,2e69e8e8c,2020-10-31,13,{'JAM'},{'JAM_STAND_STILL_TRAFFIC'},59,{7},5.983050847457627
2e69e8e9,2e69e8e8c,2020-10-31,16,{'JAM'},{'JAM_HEAVY_TRAFFIC'},31,{7},5.0
2e69e8e9,2e69e8e8c,2020-10-31,19,{'JAM'},"{'JAM_STAND_STILL_TRAFFIC', 'JAM_HEAVY_TRAFFIC'}",59,{7},5.0
2e69e8e9,2e69e8e8c,2020-11-01,16,{'JAM'},{'JAM_STAND_STILL_TRAFFIC'},30,{7},5.0
2e69e8e9,2e69e8e8c,2020-11-02,7,{'JAM'},{'JAM_STAND_STILL_TRAFFIC'},54,{7},5.7592592592592595
2e69e8e9,2e69e8e8c,2020-11-02,9,{'JAM'},"{'JAM_STAND_STILL_TRAFFIC', 'JAM_HEAVY_TRAFFIC'}",67,{7},5.731343283582089
2e69e8e9,2e69e8e8c,2020-11-03,10,{'JAM'},{'JAM_STAND_STILL_TRAFFIC'},6,{7},5.0
2e69e8e9,2e69e8e8c,2020-11-04,15,{'JAM'},{'JAM'},41,{7},6.121951219512195
2e69e8e9,2e69e8e8c,2020-11-05,7,{'JAM'},{'JAM_HEAVY_TRAFFIC'},32,{7},5.0
2e69e8e9,2e69e8e8c,2020-11-05,8,{'JAM'},{'JAM'},33,{7},5.0
2e69e8e9,2e69e8e8c,2020-11-05,9,{'JAM'},{'JAM_STAND_STILL_TRAFFIC'},31,{7},5.0
2e69e8e9,2e69e8e8c,2020-11-05,17,{'JAM'},{'JAM'},32,{7},5.0
2e69e8e9,2e69e8e8c,2020-11-06,8,{'JAM'},"{'JAM_MODERATE_TRAFFIC', 'JAM_HEAVY_TRAFFIC'}",29,{7},5.0
2e69e8e9,2e69e8e8c,2020-11-07,11,{'JAM'},{'JAM_STAND_STILL_TRAFFIC'},32,{7},5.75
2e69e8e9,2e69e8e8c,2020-11-07,17,{'JAM'},{'JAM_STAND_STILL_TRAFFIC'},50,{7},6.84
2e69e8e9,2e69e8e8c,2020-11-08,17,{'JAM'},{'JAM_STAND_STILL_TRAFFIC'},31,{7},6.741935483870968
2e69e8e9,2e69e8e8c,2020-11-10,10,{'JAM'},{'JAM_MODERATE_TRAFFIC'},30,{7},5.0
2e69e8e9,2e69e8e8c,2020-11-10,19,{'JAM'},{'JAM'},11,{7},5.0
2e69e8e9,2e69e8e8c,2020-11-14,16,{'JAM'},{'JAM_HEAVY_TRAFFIC'},24,{7},6.0
2e69e8e9,2e69e8e8c,2020-11-14,17,{'JAM'},{'JAM'},33,{7},5.0
2e69e8e9,2e69e8e8c,2020-11-15,18,{'JAM'},{'JAM_STAND_STILL_TRAFFIC'},29,{7},5.0
2e69e8e9,2e69e8e8c,2020-11-21,14,{'JAM'},{'JAM_STAND_STILL_TRAFFIC'},34,{7},5.0
2e69e8e9,2e69e8e94,2020-09-05,21,{'WEATHERHAZARD'},"{'HAZARD_ON_SHOULDER_CAR_STOPPED', 'HAZARD_ON_ROAD_CAR_STOPPED'}",62,{7},5.0
2e69e8e9,2e69e8e94,2020-09-06,12,{'JAM'},{'JAM'},18,{7},5.0
2e69e8e9,2e69e8e94,2020-09-06,16,{'JAM'},{'JAM_HEAVY_TRAFFIC'},30,{7},5.0
2e69e8e9,2e69e8e94,2020-09-10,15,{'JAM'},{'JAM'},20,{7},5.0
2e69e8e9,2e69e8e94,2020-09-16,17,{'JAM'},{'JAM_STAND_STILL_TRAFFIC'},28,{7},6.0
2e69e8e9,2e69e8e94,2020-09-18,16,{'JAM'},{'JAM'},24,{7},5.0
2e69e8e9,2e69e8e94,2020-09-20,16,{'JAM'},{'JAM_HEAVY_TRAFFIC'},35,{7},5.0
2e69e8e9,2e69e8e94,2020-09-22,14,{'JAM'},{'JAM_MODERATE_TRAFFIC'},31,{7},5.0
2e69e8e9,2e69e8e94,2020-09-26,11,{'JAM'},{'JAM'},7,{7},5.0
2e69e8e9,2e69e8e94,2020-09-27,15,{'JAM'},{'JAM_STAND_STILL_TRAFFIC'},135,{7},5.0
2e69e8e9,2e69e8e94,2020-09-27,16,{'JAM'},{'JAM_STAND_STILL_TRAFFIC'},32,{7},6.0
2e69e8e9,2e69e8e94,2020-09-29,8,{'JAM'},{'JAM_STAND_STILL_TRAFFIC'},9,{7},5.0
2e69e8e9,2e69e8e94,2020-09-30,17,{'JAM'},{'JAM_STAND_STILL_TRAFFIC'},33,{7},5.0
2e69e8e9,2e69e8e94,2020-10-01,13,{'WEATHERHAZARD'},{'HAZARD_ON_ROAD_ROAD_KILL'},30,{7},5.933333333333334
2e69e8e9,2e69e8e94,2020-10-02,9,{'JAM'},{'JAM_HEAVY_TRAFFIC'},8,{7},5.0
2e69e8e9,2e69e8e94,2020-10-03,14,{'JAM'},{'JAM_HEAVY_TRAFFIC'},32,{2},5.0
2e69e8e9,2e69e8e94,2020-10-03,16,{'JAM'},"{'JAM', 'JAM_STAND_STILL_TRAFFIC'}",94,"{22, 7}",5.0
2e69e8e9,2e69e8e94,2020-10-03,17,{'JAM'},"{'JAM_MODERATE_TRAFFIC', 'JAM_HEAVY_TRAFFIC'}",59,{7},5.0
2e69e8e9,2e69e8e94,2020-10-03,18,{'JAM'},{'JAM_HEAVY_TRAFFIC'},31,{7},5.0
2e69e8e9,2e69e8e94,2020-10-04,15,{'JAM'},{'JAM_STAND_STILL_TRAFFIC'},31,{7},5.0
2e69e8e9,2e69e8e94,2020-10-05,19,{'WEATHERHAZARD'},{'HAZARD_ON_ROAD_POT_HOLE'},711,{7},8.534458509142054
2e69e8e9,2e69e8e94,2020-10-07,16,{'WEATHERHAZARD'},{'HAZARD_ON_ROAD_ROAD_KILL'},27,{7},5.666666666666667
2e69e8e9,2e69e8e94,2020-10-09,8,{'JAM'},{'JAM_STAND_STILL_TRAFFIC'},58,{7},5.0
2e69e8e9,2e69e8e94,2020-10-09,9,{'JAM'},{'JAM_STAND_STILL_TRAFFIC'},33,{7},5.0
2e69e8e9,2e69e8e94,2020-10-10,13,"{'JAM', 'WEATHERHAZARD'}","{'JAM', 'HAZARD_ON_ROAD_CAR_STOPPED'}",34,{7},5.0
2e69e8e9,2e69e8e94,2020-10-10,16,{'JAM'},{'JAM_STAND_STILL_TRAFFIC'},5,{7},5.0
2e69e8e9,2e69e8e94,2020-10-10,17,{'JAM'},"{'JAM_STAND_STILL_TRAFFIC', 'JAM_HEAVY_TRAFFIC'}",68,"{2, 22, 7}",5.0
2e69e8e9,2e69e8e94,2020-10-12,14,{'JAM'},{'JAM_STAND_STILL_TRAFFIC'},17,{7},5.0
2e69e8e9,2e69e8e94,2020-10-14,16,{'JAM'},{'JAM'},32,{7},5.0
2e69e8e9,2e69e8e94,2020-10-14,17,{'WEATHERHAZARD'},{'HAZARD_ON_ROAD_CAR_STOPPED'},32,{7},5.5
2e69e8e9,2e69e8e94,2020-10-16,10,{'JAM'},"{'JAM_MODERATE_TRAFFIC', 'JAM_HEAVY_TRAFFIC'}",38,{7},5.0
2e69e8e9,2e69e8e94,2020-10-17,11,{'JAM'},{'JAM_STAND_STILL_TRAFFIC'},31,{7},5.0
2e69e8e9,2e69e8e94,2020-10-18,17,{'JAM'},{'JAM_STAND_STILL_TRAFFIC'},31,{7},6.0
2e69e8e9,2e69e8e94,2020-10-24,16,{'JAM'},{'JAM_STAND_STILL_TRAFFIC'},31,{7},5.0
2e69e8e9,2e69e8e94,2020-10-24,17,{'JAM'},{'JAM_HEAVY_TRAFFIC'},33,{7},5.0
2e69e8e9,2e69e8e94,2020-10-24,18,{'JAM'},"{'JAM', 'JAM_STAND_STILL_TRAFFIC'}",63,{7},5.0
2e69e8e9,2e69e8e94,2020-10-25,13,{'JAM'},{'JAM_STAND_STILL_TRAFFIC'},30,{7},5.0
2e69e8e9,2e69e8e94,2020-10-25,14,{'JAM'},{'JAM'},20,{2},5.0
2e69e8e9,2e69e8e94,2020-10-25,15,{'JAM'},{'JAM'},61,"{2, 7}",5.0
2e69e8e9,2e69e8e94,2020-10-25,16,{'JAM'},{'JAM_STAND_STILL_TRAFFIC'},32,{7},5.0
2e69e8e9,2e69e8e94,2020-10-26,13,{'JAM'},{'JAM_HEAVY_TRAFFIC'},62,{7},5.435483870967742
2e69e8e9,2e69e8e94,2020-10-26,15,{'JAM'},"{'JAM_STAND_STILL_TRAFFIC', 'JAM_HEAVY_TRAFFIC'}",64,{7},5.0
2e69e8e9,2e69e8e94,2020-10-27,8,{'JAM'},{'JAM_STAND_STILL_TRAFFIC'},30,{7},5.0
2e69e8e9,2e69e8e94,2020-10-28,11,{'JAM'},{'JAM_MODERATE_TRAFFIC'},62,{7},5.0
2e69e8e9,2e69e8e94,2020-10-28,14,{'JAM'},{'JAM'},32,{7},5.0
2e69e8e9,2e69e8e94,2020-10-29,17,{'JAM'},"{'JAM_STAND_STILL_TRAFFIC', 'JAM_HEAVY_TRAFFIC'}",99,"{2, 7}",5.626262626262626
2e69e8e9,2e69e8e94,2020-10-30,14,{'JAM'},{'JAM_STAND_STILL_TRAFFIC'},31,{7},5.0
2e69e8e9,2e69e8e94,2020-10-31,13,{'JAM'},{'JAM_STAND_STILL_TRAFFIC'},34,"{2, 7}",5.0
2e69e8e9,2e69e8e94,2020-10-31,17,{'JAM'},{'JAM_STAND_STILL_TRAFFIC'},35,{7},5.0
2e69e8e9,2e69e8e94,2020-11-01,16,{'JAM'},{'JAM_STAND_STILL_TRAFFIC'},64,{7},6.515625
2e69e8e9,2e69e8e94,2020-11-02,7,{'JAM'},{'JAM_STAND_STILL_TRAFFIC'},46,{7},5.3478260869565215
2e69e8e9,2e69e8e94,2020-11-02,8,{'JAM'},{'JAM_HEAVY_TRAFFIC'},37,"{2, 7}",5.486486486486487
2e69e8e9,2e69e8e94,2020-11-04,13,{'JAM'},{'JAM'},30,{7},5.0
2e69e8e9,2e69e8e94,2020-11-04,14,{'JAM'},{'JAM'},30,{7},5.0
2e69e8e9,2e69e8e94,2020-11-04,15,{'JAM'},{'JAM'},33,{7},5.0
2e69e8e9,2e69e8e94,2020-11-05,10,{'JAM'},{'JAM_MODERATE_TRAFFIC'},26,{2},5.0
2e69e8e9,2e69e8e94,2020-11-05,16,{'JAM'},{'JAM'},28,{7},5.0
2e69e8e9,2e69e8e94,2020-11-06,20,{'WEATHERHAZARD'},{'HAZARD_ON_ROAD_CAR_STOPPED'},31,{7},5.967741935483871
2e69e8e9,2e69e8e94,2020-11-07,15,{'JAM'},{'JAM_STAND_STILL_TRAFFIC'},32,{7},5.0
2e69e8e9,2e69e8e94,2020-11-07,16,{'JAM'},{'JAM_STAND_STILL_TRAFFIC'},30,{7},5.0
2e69e8e9,2e69e8e94,2020-11-07,17,{'JAM'},"{'JAM_STAND_STILL_TRAFFIC', 'JAM_HEAVY_TRAFFIC'}",55,{7},5.0
2e69e8e9,2e69e8e94,2020-11-07,19,{'JAM'},{'JAM_STAND_STILL_TRAFFIC'},31,{7},5.0
2e69e8e9,2e69e8e94,2020-11-08,17,{'JAM'},{'JAM_STAND_STILL_TRAFFIC'},33,{7},6.0
2e69e8e9,2e69e8e94,2020-11-08,18,{'JAM'},{'JAM_HEAVY_TRAFFIC'},31,{2},5.0
2e69e8e9,2e69e8e94,2020-11-08,19,{'JAM'},{'JAM_HEAVY_TRAFFIC'},19,{7},5.0
2e69e8e9,2e69e8e94,2020-11-12,8,{'JAM'},{'JAM_HEAVY_TRAFFIC'},30,{7},5.0
2e69e8e9,2e69e8e94,2020-11-14,13,{'JAM'},{'JAM'},17,{7},5.0
2e69e8e9,2e69e8e94,2020-11-14,17,{'JAM'},{'JAM_MODERATE_TRAFFIC'},32,{7},5.9375
2e69e8e9,2e69e8e94,2020-11-15,18,{'JAM'},{'JAM_STAND_STILL_TRAFFIC'},26,{2},5.0
2e69e8e9,2e69e8e94,2020-11-21,14,{'JAM'},{'JAM_STAND_STILL_TRAFFIC'},31,{7},5.0
2e69e8e9,2e69e8e94,2020-11-21,15,{'JAM'},{'JAM_HEAVY_TRAFFIC'},30,{7},5.0
2e69e8e9,2e69e8e94,2020-11-22,14,{'JAM'},{'JAM'},2,{7},5.0
2e69e8eb,2e69e8ea4,2020-10-02,15,{'JAM'},{'JAM_HEAVY_TRAFFIC'},5,{7},5.0
2e69e8eb,2e69e8ea4,2020-10-10,13,{'WEATHERHAZARD'},{'HAZARD_ON_ROAD_OBJECT'},64,{7},7.328125
2e69e8eb,2e69e8ea4,2020-11-22,14,{'JAM'},{'JAM'},4,{7},5.0
2e69e8eb,2e69e8eac,2020-09-05,11,{'JAM'},{'JAM'},22,{7},5.0
2e69e8eb,2e69e8eac,2020-09-12,13,{'JAM'},{'JAM'},32,{7},5.0
2e69e8eb,2e69e8eac,2020-09-12,19,{'JAM'},{'JAM_STAND_STILL_TRAFFIC'},26,{7},5.0
2e69e8eb,2e69e8eac,2020-09-18,18,{'JAM'},{'JAM'},15,{7},5.0
2e69e8eb,2e69e8eac,2020-09-20,15,{'WEATHERHAZARD'},{'HAZARD_ON_ROAD_CAR_STOPPED'},30,{7},5.0
2e69e8eb,2e69e8eac,2020-09-27,16,"{'WEATHERHAZARD', 'ACCIDENT'}","{'WEATHERHAZARD', 'ACCIDENT'}",151,{7},5.046357615894039
2e69e8eb,2e69e8eac,2020-10-01,13,{'WEATHERHAZARD'},{'HAZARD_ON_ROAD_CAR_STOPPED'},30,{7},5.0
2e69e8eb,2e69e8eac,2020-10-02,13,{'JAM'},{'JAM_STAND_STILL_TRAFFIC'},62,{7},5.967741935483871
2e69e8eb,2e69e8eac,2020-10-02,18,{'JAM'},{'JAM_STAND_STILL_TRAFFIC'},96,{7},5.875
2e69e8eb,2e69e8eac,2020-10-03,12,{'JAM'},{'JAM'},31,{7},5.0
2e69e8eb,2e69e8eac,2020-10-03,17,{'JAM'},{'JAM_HEAVY_TRAFFIC'},31,{7},5.0
2e69e8eb,2e69e8eac,2020-10-10,13,{'JAM'},{'JAM'},62,{7},5.419354838709677
2e69e8eb,2e69e8eac,2020-10-17,13,{'JAM'},{'JAM'},32,{7},5.0
2e69e8eb,2e69e8eac,2020-10-17,15,{'JAM'},{'JAM_HEAVY_TRAFFIC'},34,{7},5.0
2e69e8eb,2e69e8eac,2020-10-17,18,{'JAM'},{'JAM_STAND_STILL_TRAFFIC'},21,{7},5.428571428571429
2e69e8eb,2e69e8eac,2020-10-18,17,{'JAM'},{'JAM_STAND_STILL_TRAFFIC'},62,{7},5.0
2e69e8eb,2e69e8eac,2020-10-24,16,{'JAM'},{'JAM_STAND_STILL_TRAFFIC'},31,{7},5.0
2e69e8eb,2e69e8eac,2020-10-24,17,{'JAM'},"{'JAM_STAND_STILL_TRAFFIC', 'JAM_HEAVY_TRAFFIC'}",71,{7},5.338028169014085
2e69e8eb,2e69e8eac,2020-10-24,18,{'JAM'},{'JAM_STAND_STILL_TRAFFIC'},30,{7},5.0
2e69e8eb,2e69e8eac,2020-10-28,14,{'JAM'},"{'JAM', 'JAM_HEAVY_TRAFFIC'}",28,{7},5.0
2e69e8eb,2e69e8eac,2020-10-30,11,{'JAM'},{'JAM_HEAVY_TRAFFIC'},31,{7},5.0
2e69e8eb,2e69e8eac,2020-10-31,10,{'JAM'},{'JAM'},30,{7},5.0
2e69e8eb,2e69e8eac,2020-11-01,15,{'JAM'},{'JAM_HEAVY_TRAFFIC'},30,{7},5.0
2e69e8eb,2e69e8eac,2020-11-05,9,{'JAM'},{'JAM_STAND_STILL_TRAFFIC'},30,{7},5.0
2e69e8eb,2e69e8eac,2020-11-07,17,{'JAM'},{'JAM_STAND_STILL_TRAFFIC'},33,{7},5.0
2e69e8eb,2e69e8eac,2020-11-08,12,{'JAM'},{'JAM'},63,{7},5.0
2e69e8eb,2e69e8eac,2020-11-14,13,{'JAM'},{'JAM'},31,{7},5.0
2e69e8eb,2e69e8eac,2020-11-21,13,{'JAM'},{'JAM_STAND_STILL_TRAFFIC'},5,{7},5.2
2e69e8eb,2e69e8eac,2020-11-22,14,{'JAM'},{'JAM'},16,{7},5.0
2e69e8eb,2e69e8eb4,2020-11-07,11,{'JAM'},{'JAM'},30,{2},5.0
2e69e8eb,2e69e8ebc,2020-09-20,15,{'WEATHERHAZARD'},{'HAZARD_ON_ROAD_CAR_STOPPED'},30,{7},5.0
2e69e8eb,2e69e8ebc,2020-10-03,19,{'JAM'},{'JAM_STAND_STILL_TRAFFIC'},20,{7},5.0
2e69e8eb,2e69e8ebc,2020-10-10,13,{'JAM'},{'JAM'},60,{7},5.483333333333333
2e69e8eb,2e69e8ebc,2020-10-10,17,{'JAM'},{'JAM_STAND_STILL_TRAFFIC'},53,{7},5.0
2e69e8eb,2e69e8ebc,2020-10-18,17,{'JAM'},{'JAM_STAND_STILL_TRAFFIC'},64,{7},5.5
2e69e8eb,2e69e8ebc,2020-10-24,17,{'JAM'},"{'JAM', 'JAM_STAND_STILL_TRAFFIC', 'JAM_HEAVY_TRAFFIC'}",128,{7},5.0
2e69e8eb,2e69e8ebc,2020-10-29,18,{'JAM'},{'JAM_STAND_STILL_TRAFFIC'},33,{7},5.848484848484849
2e69e8eb,2e69e8ebc,2020-11-01,17,{'JAM'},{'JAM_HEAVY_TRAFFIC'},60,{7},5.0
2e69e8eb,2e69e8ebc,2020-11-01,18,{'JAM'},{'JAM_STAND_STILL_TRAFFIC'},30,{7},5.0
2e69e8eb,2e69e8ebc,2020-11-04,13,{'JAM'},{'JAM'},22,{7},5.0
2e69e8eb,2e69e8ebc,2020-11-04,14,{'JAM'},{'JAM'},30,{7},5.0
2e69e8eb,2e69e8ebc,2020-11-05,9,{'JAM'},{'JAM_STAND_STILL_TRAFFIC'},30,{7},5.0
2e69e8eb,2e69e8ebc,2020-11-06,20,{'WEATHERHAZARD'},{'HAZARD_ON_ROAD_CAR_STOPPED'},31,{7},5.0
2e69e8eb,2e69e8ebc,2020-11-07,13,{'JAM'},{'JAM_STAND_STILL_TRAFFIC'},30,{7},5.933333333333334
2e69e8eb,2e69e8ebc,2020-11-07,17,{'JAM'},{'JAM_STAND_STILL_TRAFFIC'},94,{7},5.0
2e69e8eb,2e69e8ebc,2020-11-14,13,{'JAM'},{'JAM'},6,{7},5.0
2e69e8eb,2e69e8ebc,2020-11-21,14,{'JAM'},{'JAM_STAND_STILL_TRAFFIC'},32,{7},5.0
2e69e8eb,2e69e8ebc,2020-11-21,15,{'JAM'},{'JAM_STAND_STILL_TRAFFIC'},33,{7},5.0
2e69e8eb,2e69e8ebc,2020-11-22,14,"{'JAM', 'WEATHERHAZARD'}","{'HAZARD_ON_ROAD_CAR_STOPPED', 'JAM_HEAVY_TRAFFIC'}",11,{7},5.0
2e69e8ef,2e69e8ee4,2020-10-10,17,{'JAM'},{'JAM_STAND_STILL_TRAFFIC'},30,{2},5.0
2e69e8ef,2e69e8ee4,2020-10-18,18,{'JAM'},{'JAM'},30,{2},5.0
2e69e8ef,2e69e8ee4,2020-10-24,17,{'JAM'},"{'JAM', 'JAM_STAND_STILL_TRAFFIC'}",96,"{1, 2}",5.0
2e69e8ef,2e69e8ee4,2020-10-29,17,{'JAM'},{'JAM_HEAVY_TRAFFIC'},32,{2},5.0
2e69e8ef,2e69e8ee4,2020-11-01,17,{'JAM'},{'JAM_HEAVY_TRAFFIC'},32,{2},5.0
2e69e8ef,2e69e8ee4,2020-11-21,14,{'JAM'},{'JAM_STAND_STILL_TRAFFIC'},63,{2},5.0
2e69e8ef,2e69e8eec,2020-09-03,16,{'JAM'},{'JAM_MODERATE_TRAFFIC'},24,{2},5.0
2e69e8ef,2e69e8eec,2020-09-26,17,{'JAM'},{'JAM_HEAVY_TRAFFIC'},31,{2},5.0
2e69e8ef,2e69e8eec,2020-10-03,11,{'JAM'},{'JAM_STAND_STILL_TRAFFIC'},30,{2},5.0
2e69e8ef,2e69e8eec,2020-10-09,9,{'JAM'},{'JAM_STAND_STILL_TRAFFIC'},32,{2},5.0
2e69e8ef,2e69e8eec,2020-10-09,10,{'JAM'},{'JAM_HEAVY_TRAFFIC'},31,{2},5.0
2e69e8ef,2e69e8eec,2020-10-10,15,{'JAM'},{'JAM_HEAVY_TRAFFIC'},32,{2},5.96875
2e69e8ef,2e69e8eec,2020-10-10,17,{'JAM'},{'JAM_STAND_STILL_TRAFFIC'},62,{2},5.467741935483871
2e69e8ef,2e69e8eec,2020-10-17,16,{'JAM'},{'JAM_HEAVY_TRAFFIC'},31,{2},5.0
2e69e8ef,2e69e8eec,2020-10-17,18,{'JAM'},{'JAM_HEAVY_TRAFFIC'},30,{2},5.0
2e69e8ef,2e69e8eec,2020-10-18,17,{'JAM'},"{'JAM_STAND_STILL_TRAFFIC', 'JAM_HEAVY_TRAFFIC'}",60,{2},5.25
2e69e8ef,2e69e8eec,2020-10-25,14,{'JAM'},{'JAM_STAND_STILL_TRAFFIC'},30,{2},5.0
2e69e8ef,2e69e8eec,2020-10-26,14,{'JAM'},{'JAM_STAND_STILL_TRAFFIC'},30,{1},5.0
2e69e8ef,2e69e8eec,2020-10-29,17,{'JAM'},"{'JAM_MODERATE_TRAFFIC', 'JAM_HEAVY_TRAFFIC'}",95,{2},5.0
2e69e8ef,2e69e8eec,2020-11-01,18,{'JAM'},{'JAM_HEAVY_TRAFFIC'},31,{2},5.0
2e69e8ef,2e69e8eec,2020-11-02,8,{'JAM'},{'JAM_STAND_STILL_TRAFFIC'},60,{2},5.45
2e69e8ef,2e69e8eec,2020-11-02,9,{'JAM'},{'JAM_STAND_STILL_TRAFFIC'},33,{2},5.0
2e69e8ef,2e69e8eec,2020-11-07,18,{'JAM'},{'JAM_HEAVY_TRAFFIC'},30,{2},5.0
2e69e8ef,2e69e8eec,2020-11-08,18,{'JAM'},{'JAM_STAND_STILL_TRAFFIC'},31,{2},5.0
2e69e8ef,2e69e8eec,2020-11-21,14,{'JAM'},{'JAM_STAND_STILL_TRAFFIC'},29,{2},5.0
2e69e8f1,2e69e8f14,2020-10-24,17,{'JAM'},{'JAM_STAND_STILL_TRAFFIC'},30,{2},5.0
2e69e8f1,2e69e8f14,2020-10-25,18,{'JAM'},{'JAM'},34,{2},5.0
2e69e8f1,2e69e8f14,2020-11-01,17,{'JAM'},{'JAM_HEAVY_TRAFFIC'},30,{2},5.833333333333333
2e69e8f1,2e69e8f14,2020-11-07,12,{'JAM'},{'JAM_MODERATE_TRAFFIC'},30,{2},5.0
2e69e8f1,2e69e8f1c,2020-09-05,15,{'JAM'},{'JAM_STAND_STILL_TRAFFIC'},30,{2},5.0
2e69e8f1,2e69e8f1c,2020-10-04,14,{'JAM'},{'JAM_MODERATE_TRAFFIC'},32,{2},5.0
2e69e8f1,2e69e8f1c,2020-10-17,12,{'JAM'},{'JAM_HEAVY_TRAFFIC'},30,{2},5.0
2e69e8f3,2e69e8f3c,2020-10-18,17,{'JAM'},{'JAM_HEAVY_TRAFFIC'},35,{2},5.0
2e69e8f5,2e69e8f5c,2020-09-29,14,{'JAM'},{'JAM_STAND_STILL_TRAFFIC'},6,{2},5.0
2e69e8f5,2e69e8f5c,2020-10-04,12,{'JAM'},{'JAM_STAND_STILL_TRAFFIC'},25,{2},5.0
2e69e8f5,2e69e8f5c,2020-10-04,14,{'JAM'},{'JAM_MODERATE_TRAFFIC'},31,{2},5.516129032258065
2e69e8f5,2e69e8f5c,2020-10-18,15,{'JAM'},{'JAM_HEAVY_TRAFFIC'},5,{2},5.0
2e69e8f5,2e69e8f5c,2020-10-22,10,{'JAM'},{'JAM_STAND_STILL_TRAFFIC'},23,{2},5.913043478260869
2e69e8f5,2e69e8f5c,2020-10-22,15,{'JAM'},{'JAM_STAND_STILL_TRAFFIC'},32,{2},5.0
2e69e8f5,2e69e8f5c,2020-11-08,14,{'JAM'},{'JAM_HEAVY_TRAFFIC'},7,{2},5.0
2e69e8f7,2e69e8f64,2020-10-20,18,{'JAM'},{'JAM'},33,{1},5.0
2e69e8f7,2e69e8f64,2020-11-15,14,{'WEATHERHAZARD'},{'WEATHERHAZARD'},23,{1},5.0
2e69e8fb,2e69e8fbc,2020-09-09,4,{'ACCIDENT'},{'ACCIDENT_MAJOR'},120,{1},5.0
2e69e8fb,2e69e8fbc,2020-11-11,4,{'ACCIDENT'},{'ACCIDENT'},120,{1},5.0
2e69e8fd,2e69e8fdc,2020-10-29,15,{'JAM'},{'JAM_MODERATE_TRAFFIC'},34,{1},5.0
2e69e8ff,2e69e8ffc,2020-09-29,19,{'JAM'},{'JAM'},32,{1},5.0
2e69e903,2e69e9034,2020-10-11,15,{'JAM'},{'JAM'},31,{1},5.0
2e69e907,2e69e9064,2020-10-14,11,{'JAM'},{'JAM'},9,{1},5.0
2e69e90d,2e69e90d4,2020-09-16,14,{'JAM'},{'JAM_STAND_STILL_TRAFFIC'},21,{2},5.0
2e69e911,2e69e911c,2020-10-02,15,{'JAM'},{'JAM'},32,{22},5.0
2e69e917,2e69e9164,2020-09-01,17,{'JAM'},{'JAM_STAND_STILL_TRAFFIC'},30,{2},5.0
2e69e917,2e69e9164,2020-11-14,17,{'JAM'},{'JAM_HEAVY_TRAFFIC'},12,{2},5.916666666666667
2e69e917,2e69e9164,2020-11-17,17,{'JAM'},{'JAM_STAND_STILL_TRAFFIC'},34,{2},5.0
2e69e91b,2e69e91a4,2020-09-08,23,{'JAM'},{'JAM'},30,{1},5.0
2e69e91b,2e69e91bc,2020-11-16,5,{'ACCIDENT'},{'ACCIDENT_MAJOR'},122,{1},5.0
2e69e91d,2e69e91d4,2020-10-29,7,{'JAM'},{'JAM'},31,{1},5.0
2e69e91d,2e69e91dc,2020-10-04,15,{'JAM'},{'JAM_STAND_STILL_TRAFFIC'},31,{1},5.0
2e69e91f,2e69e91e4,2020-10-31,17,{'ACCIDENT'},{'ACCIDENT'},121,{1},5.0
2e69e91f,2e69e91e4,2020-11-01,7,"{'JAM', 'WEATHERHAZARD'}","{'HAZARD_WEATHER_FLOOD', 'JAM_STAND_STILL_TRAFFIC'}",61,{1},5.459016393442623
2e69e91f,2e69e91e4,2020-11-01,17,{'JAM'},{'JAM_STAND_STILL_TRAFFIC'},31,{1},5.0
2e69e91f,2e69e91e4,2020-11-14,14,{'JAM'},{'JAM_STAND_STILL_TRAFFIC'},26,{1},5.0
2e69e91f,2e69e91fc,2020-09-12,11,{'JAM'},{'JAM_STAND_STILL_TRAFFIC'},5,{1},6.0
2e69e91f,2e69e91fc,2020-10-09,8,{'JAM'},{'JAM_STAND_STILL_TRAFFIC'},30,{1},5.0
2e69e91f,2e69e91fc,2020-10-19,7,{'JAM'},{'JAM_STAND_STILL_TRAFFIC'},32,{1},5.0
2e69e91f,2e69e91fc,2020-10-29,15,{'JAM'},{'JAM_HEAVY_TRAFFIC'},33,{1},5.0
2e69e91f,2e69e91fc,2020-10-29,16,{'JAM'},{'JAM_STAND_STILL_TRAFFIC'},32,{1},5.0
2e69e91f,2e69e91fc,2020-10-31,13,{'JAM'},{'JAM_STAND_STILL_TRAFFIC'},39,{1},5.384615384615385
2e69e91f,2e69e91fc,2020-10-31,16,{'JAM'},{'JAM_HEAVY_TRAFFIC'},30,{1},6.566666666666666
2e69e91f,2e69e91fc,2020-11-01,16,{'JAM'},{'JAM_STAND_STILL_TRAFFIC'},32,{1},5.0
2e69e91f,2e69e91fc,2020-11-01,17,{'JAM'},{'JAM_STAND_STILL_TRAFFIC'},32,{1},5.0
2e69e91f,2e69e91fc,2020-11-05,8,{'JAM'},{'JAM_STAND_STILL_TRAFFIC'},34,{1},5.0
2e69e91f,2e69e91fc,2020-11-07,10,{'JAM'},{'JAM_STAND_STILL_TRAFFIC'},32,{1},5.0
2e69e91f,2e69e91fc,2020-11-08,13,{'JAM'},{'JAM_HEAVY_TRAFFIC'},29,{1},5.0
2e69e91f,2e69e91fc,2020-11-21,15,{'JAM'},{'JAM_STAND_STILL_TRAFFIC'},39,{1},6.17948717948718
2e69e921,2e69e9204,2020-09-01,7,{'JAM'},{'JAM'},77,{7},5.0
2e69e921,2e69e9204,2020-09-01,10,{'JAM'},"{'JAM_STAND_STILL_TRAFFIC', 'JAM_HEAVY_TRAFFIC'}",62,{7},5.0
2e69e921,2e69e9204,2020-09-01,18,{'JAM'},"{'JAM', 'JAM_STAND_STILL_TRAFFIC'}",106,{7},5.443396226415095
2e69e921,2e69e9204,2020-09-01,19,{'JAM'},{'JAM'},30,{7},5.0
2e69e921,2e69e9204,2020-09-02,7,{'JAM'},{'JAM_MODERATE_TRAFFIC'},41,{7},5.365853658536586
2e69e921,2e69e9204,2020-09-02,16,{'JAM'},{'JAM_STAND_STILL_TRAFFIC'},34,{7},5.0
2e69e921,2e69e9204,2020-09-02,19,{'JAM'},{'JAM_STAND_STILL_TRAFFIC'},31,{7},5.0
2e69e921,2e69e9204,2020-09-03,7,{'JAM'},{'JAM_MODERATE_TRAFFIC'},34,{7},5.0
2e69e921,2e69e9204,2020-09-05,21,{'WEATHERHAZARD'},{'HAZARD_ON_SHOULDER_CAR_STOPPED'},23,{7},5.3478260869565215
2e69e921,2e69e9204,2020-09-06,13,{'JAM'},{'JAM_STAND_STILL_TRAFFIC'},62,{7},5.0
2e69e921,2e69e9204,2020-09-06,19,{'JAM'},{'JAM_STAND_STILL_TRAFFIC'},32,{7},6.96875
2e69e921,2e69e9204,2020-09-07,13,{'JAM'},{'JAM_STAND_STILL_TRAFFIC'},30,{7},5.0
2e69e921,2e69e9204,2020-09-07,19,{'JAM'},{'JAM'},32,{7},5.0
2e69e921,2e69e9204,2020-09-08,7,{'JAM'},{'JAM'},63,{7},5.0
2e69e921,2e69e9204,2020-09-08,17,{'JAM'},"{'JAM', 'JAM_HEAVY_TRAFFIC'}",77,{7},5.415584415584416
2e69e921,2e69e9204,2020-09-10,14,{'JAM'},{'JAM'},65,{7},5.492307692307692
2e69e921,2e69e9204,2020-09-10,18,{'JAM'},{'JAM'},32,{7},5.0
2e69e921,2e69e9204,2020-09-10,19,{'JAM'},{'JAM'},58,{7},5.0
2e69e921,2e69e9204,2020-09-12,21,{'JAM'},{'JAM'},31,{7},5.0
2e69e921,2e69e9204,2020-09-13,10,"{'JAM', 'WEATHERHAZARD'}","{'JAM', 'HAZARD_ON_ROAD_CAR_STOPPED', 'JAM_HEAVY_TRAFFIC'}",60,{7},5.183333333333334
2e69e921,2e69e9204,2020-09-13,17,{'JAM'},{'JAM'},93,{7},5.301075268817204
2e69e921,2e69e9204,2020-09-16,8,{'JAM'},{'JAM_STAND_STILL_TRAFFIC'},31,{7},5.0
2e69e921,2e69e9204,2020-09-17,9,{'JAM'},{'JAM'},29,{7},5.0
2e69e921,2e69e9204,2020-09-17,14,{'JAM'},{'JAM_HEAVY_TRAFFIC'},3,{7},5.0
2e69e921,2e69e9204,2020-09-18,20,{'JAM'},{'JAM'},96,{7},5.0
2e69e921,2e69e9204,2020-09-19,8,{'JAM'},{'JAM'},70,{7},5.0
2e69e921,2e69e9204,2020-09-19,11,{'JAM'},"{'JAM_MODERATE_TRAFFIC', 'JAM_HEAVY_TRAFFIC'}",135,{7},5.0
2e69e921,2e69e9204,2020-09-19,13,{'JAM'},{'JAM_STAND_STILL_TRAFFIC'},31,{7},6.0
2e69e921,2e69e9204,2020-09-19,19,{'WEATHERHAZARD'},{'HAZARD_ON_ROAD_CAR_STOPPED'},32,{7},5.25
2e69e921,2e69e9204,2020-09-21,11,{'JAM'},{'JAM_HEAVY_TRAFFIC'},31,{7},5.0
2e69e921,2e69e9204,2020-09-21,14,{'JAM'},{'JAM_STAND_STILL_TRAFFIC'},33,{7},5.0
2e69e921,2e69e9204,2020-09-22,8,{'JAM'},{'JAM_STAND_STILL_TRAFFIC'},41,{7},5.0
2e69e921,2e69e9204,2020-09-23,20,{'JAM'},{'JAM'},68,{7},5.0
2e69e921,2e69e9204,2020-09-25,9,{'JAM'},{'JAM_STAND_STILL_TRAFFIC'},30,{7},5.0
2e69e921,2e69e9204,2020-09-25,20,{'JAM'},{'JAM_STAND_STILL_TRAFFIC'},61,{7},5.0
2e69e921,2e69e9204,2020-09-26,16,{'JAM'},{'JAM_STAND_STILL_TRAFFIC'},31,{7},5.806451612903226
2e69e921,2e69e9204,2020-09-26,18,{'JAM'},"{'JAM', 'JAM_STAND_STILL_TRAFFIC'}",90,{7},5.0
2e69e921,2e69e9204,2020-09-27,15,{'JAM'},{'JAM_STAND_STILL_TRAFFIC'},63,{7},5.0
2e69e921,2e69e9204,2020-09-29,7,{'JAM'},{'JAM_STAND_STILL_TRAFFIC'},30,{7},5.0
2e69e921,2e69e9204,2020-09-29,8,{'JAM'},{'JAM_STAND_STILL_TRAFFIC'},24,{7},5.0
2e69e921,2e69e9204,2020-09-30,13,{'JAM'},{'JAM_HEAVY_TRAFFIC'},31,{7},5.0
2e69e921,2e69e9204,2020-10-01,7,{'JAM'},"{'JAM_STAND_STILL_TRAFFIC', 'JAM_MODERATE_TRAFFIC'}",87,{7},5.0
2e69e921,2e69e9204,2020-10-01,10,{'JAM'},{'JAM_HEAVY_TRAFFIC'},28,{7},5.0
2e69e921,2e69e9204,2020-10-01,16,{'JAM'},{'JAM'},97,{7},5.329896907216495
2e69e921,2e69e9204,2020-10-02,13,{'JAM'},{'JAM_HEAVY_TRAFFIC'},13,{7},5.0
2e69e921,2e69e9204,2020-10-02,14,{'JAM'},{'JAM_STAND_STILL_TRAFFIC'},31,{7},5.0
2e69e921,2e69e9204,2020-10-02,17,{'JAM'},{'JAM'},92,{7},5.0
2e69e921,2e69e9204,2020-10-03,8,{'JAM'},{'JAM_HEAVY_TRAFFIC'},30,{7},5.0
2e69e921,2e69e9204,2020-10-03,17,{'JAM'},{'JAM_STAND_STILL_TRAFFIC'},6,{7},5.0
2e69e921,2e69e9204,2020-10-03,20,{'JAM'},"{'JAM', 'JAM_MODERATE_TRAFFIC'}",64,{7},5.0
2e69e921,2e69e9204,2020-10-04,14,{'JAM'},{'JAM_MODERATE_TRAFFIC'},30,{7},5.0
2e69e921,2e69e9204,2020-10-04,15,{'JAM'},{'JAM_HEAVY_TRAFFIC'},31,{7},5.0
2e69e921,2e69e9204,2020-10-05,7,{'JAM'},{'JAM_HEAVY_TRAFFIC'},10,{7},5.0
2e69e921,2e69e9204,2020-10-05,19,{'JAM'},{'JAM_HEAVY_TRAFFIC'},31,{7},5.0
2e69e921,2e69e9204,2020-10-07,7,"{'JAM', 'WEATHERHAZARD'}","{'HAZARD_ON_ROAD_CAR_STOPPED', 'JAM_STAND_STILL_TRAFFIC', 'JAM_HEAVY_TRAFFIC'}",93,{7},5.204301075268817
2e69e921,2e69e9204,2020-10-07,10,{'JAM'},{'JAM_STAND_STILL_TRAFFIC'},31,{7},5.0
2e69e921,2e69e9204,2020-10-07,17,{'JAM'},{'JAM'},32,{7},5.0
2e69e921,2e69e9204,2020-10-09,7,{'JAM'},{'JAM_STAND_STILL_TRAFFIC'},37,{7},6.378378378378378
2e69e921,2e69e9204,2020-10-09,8,{'JAM'},{'JAM_HEAVY_TRAFFIC'},32,{7},5.0
2e69e921,2e69e9204,2020-10-09,15,{'JAM'},{'JAM'},95,{7},5.010526315789473
2e69e921,2e69e9204,2020-10-09,17,{'JAM'},{'JAM'},88,{7},5.0
2e69e921,2e69e9204,2020-10-09,18,{'JAM'},{'JAM_HEAVY_TRAFFIC'},32,{7},5.0
2e69e921,2e69e9204,2020-10-10,10,{'JAM'},{'JAM_HEAVY_TRAFFIC'},30,{7},5.0
2e69e921,2e69e9204,2020-10-10,16,{'JAM'},{'JAM_STAND_STILL_TRAFFIC'},31,{7},5.0
2e69e921,2e69e9204,2020-10-11,18,{'JAM'},{'JAM_STAND_STILL_TRAFFIC'},30,{7},5.0
2e69e921,2e69e9204,2020-10-12,11,{'JAM'},{'JAM_STAND_STILL_TRAFFIC'},22,{7},5.0
2e69e921,2e69e9204,2020-10-12,12,{'JAM'},{'JAM'},12,{7},5.0
2e69e921,2e69e9204,2020-10-12,15,{'JAM'},{'JAM'},30,{7},5.0
2e69e921,2e69e9204,2020-10-12,16,{'JAM'},{'JAM_HEAVY_TRAFFIC'},32,{7},5.0
2e69e921,2e69e9204,2020-10-12,18,{'JAM'},{'JAM_STAND_STILL_TRAFFIC'},33,{7},5.0
2e69e921,2e69e9204,2020-10-13,13,{'JAM'},{'JAM'},7,{7},5.0
2e69e921,2e69e9204,2020-10-13,16,{'JAM'},"{'JAM', 'JAM_STAND_STILL_TRAFFIC'}",93,{7},5.0
2e69e921,2e69e9204,2020-10-14,8,{'JAM'},{'JAM_STAND_STILL_TRAFFIC'},31,{7},6.516129032258065
2e69e921,2e69e9204,2020-10-15,10,{'JAM'},{'JAM_STAND_STILL_TRAFFIC'},6,{7},5.0
2e69e921,2e69e9204,2020-10-15,11,{'JAM'},{'JAM_STAND_STILL_TRAFFIC'},24,{7},5.0
2e69e921,2e69e9204,2020-10-16,15,{'JAM'},{'JAM'},61,{7},5.0
2e69e921,2e69e9204,2020-10-17,15,{'JAM'},{'JAM_HEAVY_TRAFFIC'},30,{7},5.0
2e69e921,2e69e9204,2020-10-17,19,{'JAM'},{'JAM_MODERATE_TRAFFIC'},92,{7},5.0
2e69e921,2e69e9204,2020-10-18,11,{'JAM'},{'JAM'},33,{7},5.0
2e69e921,2e69e9204,2020-10-18,16,{'JAM'},{'JAM'},31,{7},5.0
2e69e921,2e69e9204,2020-10-19,7,{'JAM'},{'JAM_STAND_STILL_TRAFFIC'},33,{20},5.0
2e69e921,2e69e9204,2020-10-19,9,{'JAM'},{'JAM_HEAVY_TRAFFIC'},30,{7},5.0
2e69e921,2e69e9204,2020-10-19,14,{'JAM'},{'JAM'},51,{7},5.0
2e69e921,2e69e9204,2020-10-19,15,{'JAM'},{'JAM'},46,{7},5.0
2e69e921,2e69e9204,2020-10-19,16,{'JAM'},{'JAM_STAND_STILL_TRAFFIC'},31,{7},5.0
2e69e921,2e69e9204,2020-10-20,7,{'JAM'},{'JAM_STAND_STILL_TRAFFIC'},31,{7},5.67741935483871
2e69e921,2e69e9204,2020-10-21,2,{'WEATHERHAZARD'},{'WEATHERHAZARD'},33,{1},5.0
2e69e921,2e69e9204,2020-10-21,7,{'JAM'},{'JAM'},6,{7},5.0
2e69e921,2e69e9204,2020-10-21,16,{'JAM'},{'JAM'},96,{7},5.0
2e69e921,2e69e9204,2020-10-21,17,{'JAM'},{'JAM_MODERATE_TRAFFIC'},29,{7},5.0
2e69e921,2e69e9204,2020-10-22,8,{'JAM'},{'JAM_STAND_STILL_TRAFFIC'},30,{7},5.0
2e69e921,2e69e9204,2020-10-22,9,{'JAM'},{'JAM_STAND_STILL_TRAFFIC'},30,{7},6.0
2e69e921,2e69e9204,2020-10-23,14,{'JAM'},{'JAM_HEAVY_TRAFFIC'},59,{7},5.593220338983051
2e69e921,2e69e9204,2020-10-23,18,{'JAM'},{'JAM'},58,{7},5.0
2e69e921,2e69e9204,2020-10-23,21,{'JAM'},{'JAM_MODERATE_TRAFFIC'},32,{7},5.0
2e69e921,2e69e9204,2020-10-24,12,{'JAM'},"{'JAM', 'JAM_STAND_STILL_TRAFFIC', 'JAM_MODERATE_TRAFFIC'}",94,{7},5.0
2e69e921,2e69e9204,2020-10-24,13,{'JAM'},{'JAM_HEAVY_TRAFFIC'},30,{7},5.0
2e69e921,2e69e9204,2020-10-24,14,{'JAM'},{'JAM_STAND_STILL_TRAFFIC'},30,{7},5.966666666666667
2e69e921,2e69e9204,2020-10-24,15,{'JAM'},{'JAM_STAND_STILL_TRAFFIC'},6,{1},5.833333333333333
2e69e921,2e69e9204,2020-10-24,18,{'JAM'},"{'JAM', 'JAM_STAND_STILL_TRAFFIC', 'JAM_HEAVY_TRAFFIC'}",124,{7},5.0
2e69e921,2e69e9204,2020-10-25,10,{'JAM'},{'JAM_HEAVY_TRAFFIC'},30,{7},5.0
2e69e921,2e69e9204,2020-10-25,17,{'JAM'},{'JAM'},92,{7},5.0
2e69e921,2e69e9204,2020-10-25,19,{'JAM'},{'JAM_HEAVY_TRAFFIC'},31,{7},5.0
2e69e921,2e69e9204,2020-10-26,12,{'JAM'},{'JAM_STAND_STILL_TRAFFIC'},99,{7},5.505050505050505
2e69e921,2e69e9204,2020-10-26,13,{'JAM'},{'JAM_STAND_STILL_TRAFFIC'},31,{7},5.645161290322581
2e69e921,2e69e9204,2020-10-27,7,{'JAM'},{'JAM_STAND_STILL_TRAFFIC'},32,{7},5.0
2e69e921,2e69e9204,2020-10-27,11,{'JAM'},{'JAM_STAND_STILL_TRAFFIC'},13,{7},5.0
2e69e921,2e69e9204,2020-10-27,12,{'JAM'},{'JAM_STAND_STILL_TRAFFIC'},30,{7},5.0
2e69e921,2e69e9204,2020-10-27,14,{'JAM'},{'JAM_STAND_STILL_TRAFFIC'},62,{7},5.0
2e69e921,2e69e9204,2020-10-28,14,{'JAM'},{'JAM_STAND_STILL_TRAFFIC'},31,{7},5.0
2e69e921,2e69e9204,2020-10-29,12,"{'JAM', 'WEATHERHAZARD'}","{'HAZARD_ON_ROAD_CAR_STOPPED', 'JAM_HEAVY_TRAFFIC'}",50,{7},5.32
2e69e921,2e69e9204,2020-10-29,16,{'JAM'},{'JAM_HEAVY_TRAFFIC'},34,{7},5.0
2e69e921,2e69e9204,2020-10-29,18,{'JAM'},{'JAM_STAND_STILL_TRAFFIC'},32,{7},5.0
2e69e921,2e69e9204,2020-10-29,19,{'JAM'},{'JAM'},60,{7},5.0
2e69e921,2e69e9204,2020-10-30,13,{'JAM'},"{'JAM', 'JAM_STAND_STILL_TRAFFIC'}",92,{7},5.271739130434782
2e69e921,2e69e9204,2020-10-30,15,{'JAM'},{'JAM_STAND_STILL_TRAFFIC'},31,{7},6.0
2e69e921,2e69e9204,2020-10-30,16,{'JAM'},{'JAM_MODERATE_TRAFFIC'},34,{7},5.0
2e69e921,2e69e9204,2020-10-30,18,{'JAM'},{'JAM_MODERATE_TRAFFIC'},31,{7},5.0
2e69e921,2e69e9204,2020-10-31,12,{'JAM'},{'JAM_STAND_STILL_TRAFFIC'},63,{7},6.190476190476191
2e69e921,2e69e9204,2020-10-31,15,{'JAM'},{'JAM'},30,{7},5.0
2e69e921,2e69e9204,2020-10-31,17,{'JAM'},{'JAM_STAND_STILL_TRAFFIC'},60,{7},5.0
2e69e921,2e69e9204,2020-10-31,19,{'JAM'},"{'JAM_STAND_STILL_TRAFFIC', 'JAM_HEAVY_TRAFFIC'}",92,{7},5.326086956521739
2e69e921,2e69e9204,2020-10-31,20,{'JAM'},{'JAM'},94,{7},5.0
2e69e921,2e69e9204,2020-11-01,9,{'JAM'},{'JAM_STAND_STILL_TRAFFIC'},56,{7},5.0
2e69e921,2e69e9204,2020-11-01,16,"{'JAM', 'WEATHERHAZARD'}","{'HAZARD_ON_ROAD_CAR_STOPPED', 'JAM_MODERATE_TRAFFIC'}",166,{7},5.0
2e69e921,2e69e9204,2020-11-02,6,{'JAM'},{'JAM'},7,{7},5.0
2e69e921,2e69e9204,2020-11-02,8,{'JAM'},{'JAM_HEAVY_TRAFFIC'},62,{7},5.0
2e69e921,2e69e9204,2020-11-02,9,{'JAM'},{'JAM_STAND_STILL_TRAFFIC'},31,{7},5.0
2e69e921,2e69e9204,2020-11-02,17,{'JAM'},{'JAM'},62,{7},5.467741935483871
2e69e921,2e69e9204,2020-11-03,17,{'JAM'},{'JAM'},93,{7},5.0
2e69e921,2e69e9204,2020-11-04,9,{'JAM'},{'JAM_STAND_STILL_TRAFFIC'},30,{7},7.3
2e69e921,2e69e9204,2020-11-04,16,{'JAM'},{'JAM_STAND_STILL_TRAFFIC'},34,{7},5.0
2e69e921,2e69e9204,2020-11-05,6,{'JAM'},"{'JAM_MODERATE_TRAFFIC', 'JAM_HEAVY_TRAFFIC'}",65,{7},5.0
2e69e921,2e69e9204,2020-11-05,7,{'JAM'},{'JAM_HEAVY_TRAFFIC'},31,{7},5.0
2e69e921,2e69e9204,2020-11-05,8,{'JAM'},{'JAM_STAND_STILL_TRAFFIC'},36,{7},5.472222222222222
2e69e921,2e69e9204,2020-11-05,17,{'JAM'},{'JAM'},139,{7},5.0
2e69e921,2e69e9204,2020-11-06,9,{'JAM'},{'JAM'},31,{7},5.0
2e69e921,2e69e9204,2020-11-06,14,{'JAM'},{'JAM'},137,{7},5.218978102189781
2e69e921,2e69e9204,2020-11-06,15,{'JAM'},"{'JAM', 'JAM_HEAVY_TRAFFIC'}",62,{7},5.0
2e69e921,2e69e9204,2020-11-07,10,{'JAM'},"{'JAM_STAND_STILL_TRAFFIC', 'JAM_HEAVY_TRAFFIC'}",66,{7},5.0
2e69e921,2e69e9204,2020-11-07,14,{'JAM'},{'JAM'},127,{7},5.0
2e69e921,2e69e9204,2020-11-07,16,{'JAM'},{'JAM_STAND_STILL_TRAFFIC'},65,{7},5.230769230769231
2e69e921,2e69e9204,2020-11-07,18,{'JAM'},{'JAM_STAND_STILL_TRAFFIC'},31,{7},5.0
2e69e921,2e69e9204,2020-11-07,19,{'JAM'},{'JAM_STAND_STILL_TRAFFIC'},70,{7},5.228571428571429
2e69e921,2e69e9204,2020-11-07,20,{'JAM'},{'JAM'},60,{7},5.0
2e69e921,2e69e9204,2020-11-08,13,{'JAM'},{'JAM_STAND_STILL_TRAFFIC'},30,{7},5.0
2e69e921,2e69e9204,2020-11-08,15,{'JAM'},{'JAM_HEAVY_TRAFFIC'},10,{7},5.0
2e69e921,2e69e9204,2020-11-08,16,{'JAM'},"{'JAM', 'JAM_STAND_STILL_TRAFFIC'}",94,{7},5.0
2e69e921,2e69e9204,2020-11-08,20,{'JAM'},{'JAM_HEAVY_TRAFFIC'},15,{7},5.0
2e69e921,2e69e9204,2020-11-09,8,{'JAM'},"{'JAM_STAND_STILL_TRAFFIC', 'JAM_HEAVY_TRAFFIC'}",65,{7},5.476923076923077
2e69e921,2e69e9204,2020-11-09,10,{'JAM'},{'JAM_STAND_STILL_TRAFFIC'},30,{7},5.0
2e69e921,2e69e9204,2020-11-09,15,{'JAM'},{'JAM'},74,{7},5.0
2e69e921,2e69e9204,2020-11-10,7,{'JAM'},"{'JAM', 'JAM_STAND_STILL_TRAFFIC'}",122,{7},5.0
2e69e921,2e69e9204,2020-11-10,14,{'JAM'},{'JAM_MODERATE_TRAFFIC'},24,{7},5.0
2e69e921,2e69e9204,2020-11-10,17,{'JAM'},{'JAM_HEAVY_TRAFFIC'},32,{7},5.0
2e69e921,2e69e9204,2020-11-11,9,{'JAM'},{'JAM_STAND_STILL_TRAFFIC'},31,{7},5.0
2e69e921,2e69e9204,2020-11-11,19,{'JAM'},{'JAM_HEAVY_TRAFFIC'},31,{7},5.0
2e69e921,2e69e9204,2020-11-11,20,{'JAM'},{'JAM'},66,{7},5.0
2e69e921,2e69e9204,2020-11-12,10,{'JAM'},{'JAM'},128,{7},5.0
2e69e921,2e69e9204,2020-11-12,18,{'JAM'},{'JAM_STAND_STILL_TRAFFIC'},31,{7},5.0
2e69e921,2e69e9204,2020-11-13,7,{'JAM'},{'JAM'},86,{7},5.0
2e69e921,2e69e9204,2020-11-13,8,{'JAM'},{'JAM_STAND_STILL_TRAFFIC'},30,{7},5.0
2e69e921,2e69e9204,2020-11-13,13,{'JAM'},{'JAM_STAND_STILL_TRAFFIC'},30,{7},5.0
2e69e921,2e69e9204,2020-11-13,18,{'JAM'},{'JAM_STAND_STILL_TRAFFIC'},32,{7},5.0
2e69e921,2e69e9204,2020-11-14,11,{'JAM'},{'JAM_STAND_STILL_TRAFFIC'},43,{7},5.348837209302325
2e69e921,2e69e9204,2020-11-14,13,{'JAM'},{'JAM_HEAVY_TRAFFIC'},31,{7},5.0
2e69e921,2e69e9204,2020-11-14,17,{'JAM'},{'JAM_STAND_STILL_TRAFFIC'},48,{7},5.395833333333333
2e69e921,2e69e9204,2020-11-14,21,{'JAM'},{'JAM'},32,{7},5.0
2e69e921,2e69e9204,2020-11-15,12,{'JAM'},{'JAM'},92,{7},5.0
2e69e921,2e69e9204,2020-11-15,15,{'JAM'},{'JAM_HEAVY_TRAFFIC'},31,{7},7.0
2e69e921,2e69e9204,2020-11-15,18,{'JAM'},{'JAM_STAND_STILL_TRAFFIC'},17,{7},5.0
2e69e921,2e69e9204,2020-11-16,6,{'JAM'},{'JAM'},39,{7},5.0
2e69e921,2e69e9204,2020-11-19,7,"{'JAM', 'WEATHERHAZARD'}","{'HAZARD_ON_ROAD_CAR_STOPPED', 'JAM_STAND_STILL_TRAFFIC'}",34,{7},5.0588235294117645
2e69e921,2e69e9204,2020-11-19,17,{'JAM'},{'JAM'},90,{7},5.0
2e69e921,2e69e9204,2020-11-20,14,{'JAM'},{'JAM'},96,{7},5.0
2e69e921,2e69e9204,2020-11-21,9,{'JAM'},{'JAM'},64,{7},5.0
2e69e921,2e69e9204,2020-11-21,14,{'JAM'},{'JAM_STAND_STILL_TRAFFIC'},28,{7},5.0
2e69e921,2e69e9204,2020-11-21,16,{'JAM'},{'JAM_STAND_STILL_TRAFFIC'},31,{7},5.0
2e69e921,2e69e9204,2020-11-21,17,{'JAM'},{'JAM_STAND_STILL_TRAFFIC'},28,{7},5.0
2e69e921,2e69e920c,2020-09-01,7,{'JAM'},{'JAM'},61,{7},5.0
2e69e921,2e69e920c,2020-09-02,16,{'JAM'},{'JAM_STAND_STILL_TRAFFIC'},30,{7},5.0
2e69e921,2e69e920c,2020-09-02,19,{'JAM'},{'JAM_STAND_STILL_TRAFFIC'},35,{7},5.0
2e69e921,2e69e920c,2020-09-03,19,{'JAM'},{'JAM_HEAVY_TRAFFIC'},30,{7},6.0
2e69e921,2e69e920c,2020-09-04,10,{'JAM'},{'JAM_STAND_STILL_TRAFFIC'},30,{7},5.0
2e69e921,2e69e920c,2020-09-05,16,{'JAM'},{'JAM_HEAVY_TRAFFIC'},32,{7},5.0
2e69e921,2e69e920c,2020-09-05,18,{'JAM'},{'JAM_STAND_STILL_TRAFFIC'},62,{7},5.0
2e69e921,2e69e920c,2020-09-05,21,{'JAM'},{'JAM_STAND_STILL_TRAFFIC'},12,{7},5.0
2e69e921,2e69e920c,2020-09-06,13,{'JAM'},{'JAM_STAND_STILL_TRAFFIC'},30,{7},5.966666666666667
2e69e921,2e69e920c,2020-09-06,19,{'JAM'},"{'JAM_STAND_STILL_TRAFFIC', 'JAM_HEAVY_TRAFFIC'}",61,{7},5.0
2e69e921,2e69e920c,2020-09-08,7,{'JAM'},{'JAM'},30,{7},5.0
2e69e921,2e69e920c,2020-09-08,8,{'JAM'},{'JAM_MODERATE_TRAFFIC'},30,{7},5.0
2e69e921,2e69e920c,2020-09-08,17,{'JAM'},"{'JAM', 'JAM_STAND_STILL_TRAFFIC'}",65,{7},5.2153846153846155
2e69e921,2e69e920c,2020-09-09,8,{'JAM'},"{'JAM_STAND_STILL_TRAFFIC', 'JAM_HEAVY_TRAFFIC'}",62,{7},5.0
2e69e921,2e69e920c,2020-09-10,14,{'JAM'},{'JAM'},62,{7},5.0
2e69e921,2e69e920c,2020-09-10,17,{'JAM'},{'JAM_HEAVY_TRAFFIC'},31,{7},5.0
2e69e921,2e69e920c,2020-09-10,18,{'JAM'},{'JAM'},59,{7},5.0
2e69e921,2e69e920c,2020-09-12,19,{'JAM'},{'JAM_STAND_STILL_TRAFFIC'},30,{7},5.0
2e69e921,2e69e920c,2020-09-13,16,{'JAM'},{'JAM'},63,{7},5.0
2e69e921,2e69e920c,2020-09-19,10,{'JAM'},{'JAM_STAND_STILL_TRAFFIC'},28,{7},5.0
2e69e921,2e69e920c,2020-09-19,11,{'JAM'},{'JAM_HEAVY_TRAFFIC'},59,{7},5.0
2e69e921,2e69e920c,2020-09-19,16,{'JAM'},{'JAM_HEAVY_TRAFFIC'},30,{7},5.866666666666666
2e69e921,2e69e920c,2020-09-20,11,{'JAM'},{'JAM'},15,{7},5.0
2e69e921,2e69e920c,2020-09-21,11,{'JAM'},{'JAM_HEAVY_TRAFFIC'},33,{7},5.0
2e69e921,2e69e920c,2020-09-21,13,{'JAM'},{'JAM'},26,{7},5.0
2e69e921,2e69e920c,2020-09-22,8,{'JAM'},{'JAM_STAND_STILL_TRAFFIC'},31,{7},5.0
2e69e921,2e69e920c,2020-09-23,17,{'JAM'},{'JAM'},19,{7},5.0
2e69e921,2e69e920c,2020-09-25,7,{'JAM'},{'JAM_HEAVY_TRAFFIC'},30,{7},5.0
2e69e921,2e69e920c,2020-09-25,15,{'JAM'},{'JAM_HEAVY_TRAFFIC'},16,{7},5.0
2e69e921,2e69e920c,2020-09-25,20,{'JAM'},{'JAM_STAND_STILL_TRAFFIC'},32,{7},5.0
2e69e921,2e69e920c,2020-09-26,18,{'JAM'},{'JAM'},62,{7},5.0
2e69e921,2e69e920c,2020-09-29,15,{'JAM'},{'JAM_HEAVY_TRAFFIC'},32,{7},5.0
2e69e921,2e69e920c,2020-09-30,8,{'JAM'},{'JAM_STAND_STILL_TRAFFIC'},31,{7},5.0
2e69e921,2e69e920c,2020-10-01,15,{'JAM'},{'JAM_HEAVY_TRAFFIC'},31,{7},5.0
2e69e921,2e69e920c,2020-10-01,16,{'JAM'},"{'JAM', 'JAM_STAND_STILL_TRAFFIC'}",99,{7},5.0
2e69e921,2e69e920c,2020-10-02,7,{'JAM'},{'JAM_HEAVY_TRAFFIC'},30,{7},5.0
2e69e921,2e69e920c,2020-10-02,17,{'JAM'},{'JAM'},31,{7},5.0
2e69e921,2e69e920c,2020-10-03,14,{'JAM'},{'JAM_STAND_STILL_TRAFFIC'},31,{7},6.290322580645161
2e69e921,2e69e920c,2020-10-03,15,{'JAM'},{'JAM_HEAVY_TRAFFIC'},33,{7},5.0
2e69e921,2e69e920c,2020-10-03,18,{'JAM'},{'JAM_STAND_STILL_TRAFFIC'},31,{7},5.580645161290323
2e69e921,2e69e920c,2020-10-03,19,{'JAM'},{'JAM_STAND_STILL_TRAFFIC'},32,{7},5.96875
2e69e921,2e69e920c,2020-10-03,20,{'JAM'},{'JAM_MODERATE_TRAFFIC'},61,{7},5.0
2e69e921,2e69e920c,2020-10-04,10,{'JAM'},{'JAM_STAND_STILL_TRAFFIC'},31,{7},5.0
2e69e921,2e69e920c,2020-10-04,13,{'JAM'},{'JAM_STAND_STILL_TRAFFIC'},31,{7},5.0
2e69e921,2e69e920c,2020-10-05,8,{'JAM'},{'JAM_STAND_STILL_TRAFFIC'},27,{7},5.0
2e69e921,2e69e920c,2020-10-05,18,{'JAM'},{'JAM_MODERATE_TRAFFIC'},31,{7},5.0
2e69e921,2e69e920c,2020-10-06,13,{'JAM'},{'JAM'},12,{7},5.0
2e69e921,2e69e920c,2020-10-06,16,{'JAM'},{'JAM_HEAVY_TRAFFIC'},33,{7},5.606060606060606
2e69e921,2e69e920c,2020-10-07,12,{'JAM'},{'JAM_STAND_STILL_TRAFFIC'},30,{7},5.0
2e69e921,2e69e920c,2020-10-08,15,{'JAM'},{'JAM_HEAVY_TRAFFIC'},31,{7},5.0
2e69e921,2e69e920c,2020-10-08,16,{'JAM'},{'JAM_STAND_STILL_TRAFFIC'},31,{7},5.0
2e69e921,2e69e920c,2020-10-09,9,{'JAM'},{'JAM_HEAVY_TRAFFIC'},42,{7},6.095238095238095
2e69e921,2e69e920c,2020-10-09,11,{'JAM'},{'JAM_STAND_STILL_TRAFFIC'},19,{7},5.0
2e69e921,2e69e920c,2020-10-09,15,{'JAM'},{'JAM'},61,{7},5.950819672131147
2e69e921,2e69e920c,2020-10-09,16,{'JAM'},{'JAM_MODERATE_TRAFFIC'},30,{7},5.0
2e69e921,2e69e920c,2020-10-09,18,{'JAM'},{'JAM_HEAVY_TRAFFIC'},31,{7},5.0
2e69e921,2e69e920c,2020-10-09,19,{'JAM'},{'JAM_STAND_STILL_TRAFFIC'},32,{7},5.0
2e69e921,2e69e920c,2020-10-10,14,{'JAM'},{'JAM_HEAVY_TRAFFIC'},32,{7},5.0
2e69e921,2e69e920c,2020-10-11,18,{'JAM'},{'JAM_HEAVY_TRAFFIC'},34,{7},5.0
2e69e921,2e69e920c,2020-10-12,15,{'JAM'},{'JAM'},64,{7},5.0
2e69e921,2e69e920c,2020-10-13,8,{'JAM'},{'JAM_STAND_STILL_TRAFFIC'},36,{7},5.0
2e69e921,2e69e920c,2020-10-13,9,{'JAM'},{'JAM_HEAVY_TRAFFIC'},30,{7},5.0
2e69e921,2e69e920c,2020-10-13,13,{'JAM'},{'JAM'},12,{7},5.0
2e69e921,2e69e920c,2020-10-13,14,{'JAM'},{'JAM_STAND_STILL_TRAFFIC'},31,{7},5.0
2e69e921,2e69e920c,2020-10-13,16,{'JAM'},{'JAM'},31,{7},5.0
2e69e921,2e69e920c,2020-10-14,10,{'JAM'},{'JAM_STAND_STILL_TRAFFIC'},44,{7},5.386363636363637
2e69e921,2e69e920c,2020-10-16,7,{'JAM'},"{'JAM_MODERATE_TRAFFIC', 'JAM_HEAVY_TRAFFIC'}",61,{7},5.0
2e69e921,2e69e920c,2020-10-16,15,{'JAM'},{'JAM'},31,{7},5.0
2e69e921,2e69e920c,2020-10-17,12,{'JAM'},{'JAM_STAND_STILL_TRAFFIC'},31,{7},5.0
2e69e921,2e69e920c,2020-10-17,15,{'JAM'},"{'JAM_STAND_STILL_TRAFFIC', 'JAM_HEAVY_TRAFFIC'}",64,{7},5.0
2e69e921,2e69e920c,2020-10-17,20,{'JAM'},{'JAM_STAND_STILL_TRAFFIC'},38,{7},7.394736842105263
2e69e921,2e69e920c,2020-10-18,11,{'JAM'},{'JAM'},35,{7},5.0
2e69e921,2e69e920c,2020-10-18,16,{'JAM'},"{'JAM', 'JAM_HEAVY_TRAFFIC'}",73,{7},5.219178082191781
2e69e921,2e69e920c,2020-10-19,14,{'JAM'},"{'JAM', 'JAM_STAND_STILL_TRAFFIC'}",63,{7},5.0
2e69e921,2e69e920c,2020-10-20,8,{'JAM'},{'JAM_STAND_STILL_TRAFFIC'},30,{7},5.0
2e69e921,2e69e920c,2020-10-21,8,{'JAM'},{'JAM_MODERATE_TRAFFIC'},33,{7},5.0
2e69e921,2e69e920c,2020-10-21,16,{'JAM'},{'JAM'},33,{7},5.0
2e69e921,2e69e920c,2020-10-21,17,{'JAM'},{'JAM_MODERATE_TRAFFIC'},31,{7},5.0
2e69e921,2e69e920c,2020-10-23,8,{'JAM'},{'JAM_STAND_STILL_TRAFFIC'},31,{7},5.0
2e69e921,2e69e920c,2020-10-23,19,{'JAM'},{'JAM_HEAVY_TRAFFIC'},30,{7},5.0
2e69e921,2e69e920c,2020-10-24,12,{'JAM'},"{'JAM_STAND_STILL_TRAFFIC', 'JAM_MODERATE_TRAFFIC'}",88,{7},5.0
2e69e921,2e69e920c,2020-10-24,14,{'JAM'},{'JAM_STAND_STILL_TRAFFIC'},32,{7},5.0
2e69e921,2e69e920c,2020-10-24,17,{'JAM'},{'JAM_STAND_STILL_TRAFFIC'},63,{7},5.476190476190476
2e69e921,2e69e920c,2020-10-24,18,{'JAM'},{'JAM_STAND_STILL_TRAFFIC'},67,{7},5.0
2e69e921,2e69e920c,2020-10-25,13,{'JAM'},{'JAM_STAND_STILL_TRAFFIC'},30,{7},5.966666666666667
2e69e921,2e69e920c,2020-10-25,15,{'JAM'},{'JAM_STAND_STILL_TRAFFIC'},31,{7},5.548387096774194
2e69e921,2e69e920c,2020-10-25,17,{'JAM'},"{'JAM', 'JAM_STAND_STILL_TRAFFIC'}",92,{7},5.0
2e69e921,2e69e920c,2020-10-25,19,{'JAM'},{'JAM_STAND_STILL_TRAFFIC'},33,{7},5.0
2e69e921,2e69e920c,2020-10-26,12,{'JAM'},"{'JAM_STAND_STILL_TRAFFIC', 'JAM_HEAVY_TRAFFIC'}",104,{7},7.615384615384615
2e69e921,2e69e920c,2020-10-26,13,{'JAM'},{'JAM_STAND_STILL_TRAFFIC'},35,{7},5.457142857142857
2e69e921,2e69e920c,2020-10-26,15,{'JAM'},{'JAM_STAND_STILL_TRAFFIC'},32,{7},5.0
2e69e921,2e69e920c,2020-10-27,7,{'JAM'},{'JAM_STAND_STILL_TRAFFIC'},30,{7},5.0
2e69e921,2e69e920c,2020-10-27,11,{'JAM'},{'JAM_STAND_STILL_TRAFFIC'},30,{7},6.0
2e69e921,2e69e920c,2020-10-27,14,{'JAM'},{'JAM_STAND_STILL_TRAFFIC'},5,{7},5.0
2e69e921,2e69e920c,2020-10-27,20,{'JAM'},{'JAM_STAND_STILL_TRAFFIC'},33,{7},5.848484848484849
2e69e921,2e69e920c,2020-10-28,11,{'JAM'},{'JAM_STAND_STILL_TRAFFIC'},34,{7},5.0
2e69e921,2e69e920c,2020-10-28,14,{'JAM'},{'JAM_STAND_STILL_TRAFFIC'},62,{7},5.0
2e69e921,2e69e920c,2020-10-28,18,{'JAM'},{'JAM_STAND_STILL_TRAFFIC'},33,{7},5.0
2e69e921,2e69e920c,2020-10-29,12,{'JAM'},"{'JAM', 'JAM_MODERATE_TRAFFIC'}",61,{7},5.0
2e69e921,2e69e920c,2020-10-30,13,{'JAM'},{'JAM'},64,{7},5.90625
2e69e921,2e69e920c,2020-10-30,16,{'JAM'},{'JAM'},67,{7},5.0
2e69e921,2e69e920c,2020-10-31,12,{'JAM'},{'JAM_STAND_STILL_TRAFFIC'},34,{7},5.0
2e69e921,2e69e920c,2020-10-31,15,{'JAM'},{'JAM_STAND_STILL_TRAFFIC'},32,{7},7.0
2e69e921,2e69e920c,2020-10-31,17,{'JAM'},{'JAM_STAND_STILL_TRAFFIC'},65,{7},5.0
2e69e921,2e69e920c,2020-10-31,19,{'JAM'},{'JAM_STAND_STILL_TRAFFIC'},45,{7},5.333333333333333
2e69e921,2e69e920c,2020-10-31,20,{'JAM'},{'JAM'},61,{7},5.0
2e69e921,2e69e920c,2020-11-01,9,{'JAM'},{'JAM_HEAVY_TRAFFIC'},30,{7},5.0
2e69e921,2e69e920c,2020-11-01,10,{'JAM'},{'JAM'},31,{7},5.0
2e69e921,2e69e920c,2020-11-01,16,{'JAM'},{'JAM_MODERATE_TRAFFIC'},31,{7},5.0
2e69e921,2e69e920c,2020-11-01,17,{'JAM'},"{'JAM', 'JAM_STAND_STILL_TRAFFIC'}",68,{7},6.661764705882353
2e69e921,2e69e920c,2020-11-02,6,{'JAM'},{'JAM'},63,{7},5.0
2e69e921,2e69e920c,2020-11-02,8,{'JAM'},{'JAM_HEAVY_TRAFFIC'},34,{7},5.4411764705882355
2e69e921,2e69e920c,2020-11-02,9,{'JAM'},{'JAM_STAND_STILL_TRAFFIC'},31,{7},5.967741935483871
2e69e921,2e69e920c,2020-11-02,16,{'JAM'},{'JAM'},33,{7},5.0
2e69e921,2e69e920c,2020-11-03,10,{'JAM'},{'JAM_STAND_STILL_TRAFFIC'},31,{7},5.0
2e69e921,2e69e920c,2020-11-03,17,{'JAM'},{'JAM'},66,{7},5.136363636363637
2e69e921,2e69e920c,2020-11-04,9,{'JAM'},"{'JAM', 'JAM_HEAVY_TRAFFIC'}",62,{7},5.0
2e69e921,2e69e920c,2020-11-04,16,{'JAM'},{'JAM_STAND_STILL_TRAFFIC'},30,{7},6.0
2e69e921,2e69e920c,2020-11-04,17,{'JAM'},{'JAM_STAND_STILL_TRAFFIC'},31,{7},5.0
2e69e921,2e69e920c,2020-11-05,9,{'JAM'},"{'JAM_STAND_STILL_TRAFFIC', 'JAM_HEAVY_TRAFFIC'}",61,{7},5.0
2e69e921,2e69e920c,2020-11-05,10,{'JAM'},{'JAM'},31,{7},5.0
2e69e921,2e69e920c,2020-11-06,8,{'JAM'},{'JAM_STAND_STILL_TRAFFIC'},32,{7},5.6875
2e69e921,2e69e920c,2020-11-06,9,{'JAM'},{'JAM'},31,{7},5.0
2e69e921,2e69e920c,2020-11-06,14,{'JAM'},{'JAM'},66,{7},5.0
2e69e921,2e69e920c,2020-11-06,18,{'JAM'},{'JAM_HEAVY_TRAFFIC'},31,{7},5.0
2e69e921,2e69e920c,2020-11-07,10,{'JAM'},"{'JAM_STAND_STILL_TRAFFIC', 'JAM_HEAVY_TRAFFIC'}",73,{7},5.0
2e69e921,2e69e920c,2020-11-07,11,{'JAM'},{'JAM_STAND_STILL_TRAFFIC'},31,{7},5.0
2e69e921,2e69e920c,2020-11-07,14,{'JAM'},{'JAM'},63,{7},5.0
2e69e921,2e69e920c,2020-11-07,18,{'JAM'},{'JAM_STAND_STILL_TRAFFIC'},62,{7},5.0
2e69e921,2e69e920c,2020-11-07,20,{'JAM'},{'JAM'},61,{7},5.0
2e69e921,2e69e920c,2020-11-08,16,{'JAM'},"{'JAM', 'JAM_STAND_STILL_TRAFFIC'}",101,{7},5.1683168316831685
2e69e921,2e69e920c,2020-11-09,15,{'JAM'},{'JAM'},48,{7},5.354166666666667
2e69e921,2e69e920c,2020-11-10,7,{'JAM'},{'JAM'},64,{7},5.5
2e69e921,2e69e920c,2020-11-11,13,{'JAM'},{'JAM'},30,{7},5.0
2e69e921,2e69e920c,2020-11-11,19,{'JAM'},{'JAM_HEAVY_TRAFFIC'},31,{7},5.0
2e69e921,2e69e920c,2020-11-12,7,{'JAM'},{'JAM_HEAVY_TRAFFIC'},31,{7},5.0
2e69e921,2e69e920c,2020-11-12,10,{'JAM'},{'JAM'},64,{7},5.0
2e69e921,2e69e920c,2020-11-12,11,{'JAM'},{'JAM'},33,{7},5.0
2e69e921,2e69e920c,2020-11-12,20,{'JAM'},{'JAM_STAND_STILL_TRAFFIC'},35,{7},5.542857142857143
2e69e921,2e69e920c,2020-11-13,7,{'JAM'},{'JAM'},25,{7},5.0
2e69e921,2e69e920c,2020-11-14,17,{'JAM'},{'JAM_STAND_STILL_TRAFFIC'},53,{7},5.415094339622642
2e69e921,2e69e920c,2020-11-14,20,{'JAM'},{'JAM'},34,{7},5.0
2e69e921,2e69e920c,2020-11-14,21,{'JAM'},{'JAM'},33,{7},5.0
2e69e921,2e69e920c,2020-11-15,12,{'JAM'},{'JAM'},30,{7},5.0
2e69e921,2e69e920c,2020-11-16,9,{'JAM'},{'JAM_STAND_STILL_TRAFFIC'},33,{7},5.0
2e69e921,2e69e920c,2020-11-18,7,{'JAM'},{'JAM'},30,{7},5.0
2e69e921,2e69e920c,2020-11-19,7,{'JAM'},{'JAM_HEAVY_TRAFFIC'},60,{7},5.0
2e69e921,2e69e920c,2020-11-19,11,{'WEATHERHAZARD'},{'HAZARD_ON_ROAD_CAR_STOPPED'},30,{7},5.366666666666666
2e69e921,2e69e920c,2020-11-19,17,{'JAM'},{'JAM'},31,{7},5.0
2e69e921,2e69e920c,2020-11-20,10,{'JAM'},{'JAM_STAND_STILL_TRAFFIC'},32,{7},5.0
2e69e921,2e69e920c,2020-11-20,14,{'JAM'},{'JAM'},61,{7},5.0
2e69e921,2e69e920c,2020-11-21,9,{'JAM'},"{'JAM', 'JAM_STAND_STILL_TRAFFIC'}",91,{7},5.0
2e69e921,2e69e920c,2020-11-21,13,{'JAM'},{'JAM_HEAVY_TRAFFIC'},10,{7},5.1
2e69e921,2e69e920c,2020-11-22,12,{'JAM'},{'JAM_STAND_STILL_TRAFFIC'},31,{7},5.0
2e69e921,2e69e9214,2020-09-24,22,{'JAM'},{'JAM_MODERATE_TRAFFIC'},7,{1},5.0
2e69e925,2e69e9244,2020-09-01,7,{'JAM'},{'JAM'},31,{7},5.0
2e69e925,2e69e9244,2020-09-01,20,{'JAM'},{'JAM_STAND_STILL_TRAFFIC'},31,{7},5.0
2e69e925,2e69e9244,2020-09-03,18,{'JAM'},{'JAM_STAND_STILL_TRAFFIC'},63,{7},5.428571428571429
2e69e925,2e69e9244,2020-09-04,15,{'JAM'},{'JAM_HEAVY_TRAFFIC'},27,{7},5.0
2e69e925,2e69e9244,2020-09-05,18,{'JAM'},{'JAM_STAND_STILL_TRAFFIC'},29,{7},5.517241379310345
2e69e925,2e69e9244,2020-09-05,21,{'WEATHERHAZARD'},{'HAZARD_ON_SHOULDER_CAR_STOPPED'},14,{7},5.714285714285714
2e69e925,2e69e9244,2020-09-06,11,{'JAM'},{'JAM_HEAVY_TRAFFIC'},31,{7},5.0
2e69e925,2e69e9244,2020-09-06,13,{'JAM'},{'JAM_STAND_STILL_TRAFFIC'},30,{7},5.0
2e69e925,2e69e9244,2020-09-07,18,{'JAM'},{'JAM_STAND_STILL_TRAFFIC'},31,{7},5.0
2e69e925,2e69e9244,2020-09-08,7,{'JAM'},{'JAM'},31,{7},5.0
2e69e925,2e69e9244,2020-09-08,11,{'JAM'},{'JAM_HEAVY_TRAFFIC'},30,{7},5.0
2e69e925,2e69e9244,2020-09-08,17,{'JAM'},{'JAM'},61,{7},5.0
2e69e925,2e69e9244,2020-09-09,17,{'JAM'},{'JAM_HEAVY_TRAFFIC'},32,{7},5.0
2e69e925,2e69e9244,2020-09-10,14,{'JAM'},{'JAM'},30,{7},5.0
2e69e925,2e69e9244,2020-09-10,15,{'JAM'},{'JAM'},125,{7},5.0
2e69e925,2e69e9244,2020-09-11,18,{'JAM'},{'JAM'},30,{7},6.0
2e69e925,2e69e9244,2020-09-18,16,{'JAM'},{'JAM_STAND_STILL_TRAFFIC'},31,{7},5.0
2e69e925,2e69e9244,2020-09-19,12,{'JAM'},{'JAM_MODERATE_TRAFFIC'},29,{7},5.0
2e69e925,2e69e9244,2020-09-19,13,{'JAM'},{'JAM_STAND_STILL_TRAFFIC'},31,{7},5.0
2e69e925,2e69e9244,2020-09-19,17,{'JAM'},{'JAM_HEAVY_TRAFFIC'},32,{7},5.0
2e69e925,2e69e9244,2020-09-21,14,{'JAM'},{'JAM_STAND_STILL_TRAFFIC'},29,{7},5.0
2e69e925,2e69e9244,2020-09-23,17,{'JAM'},{'JAM_HEAVY_TRAFFIC'},31,{7},5.0
2e69e925,2e69e9244,2020-09-23,20,{'JAM'},{'JAM'},32,{7},5.0
2e69e925,2e69e9244,2020-09-25,17,{'JAM'},{'JAM_STAND_STILL_TRAFFIC'},155,{7},6.148387096774194
2e69e925,2e69e9244,2020-09-26,9,{'JAM'},{'JAM_STAND_STILL_TRAFFIC'},61,"{20, 7}",5.688524590163935
2e69e925,2e69e9244,2020-09-26,14,{'JAM'},{'JAM_STAND_STILL_TRAFFIC'},33,{7},5.454545454545454
2e69e925,2e69e9244,2020-09-26,15,{'JAM'},{'JAM_MODERATE_TRAFFIC'},62,{7},5.0
2e69e925,2e69e9244,2020-09-26,18,{'JAM'},"{'JAM_STAND_STILL_TRAFFIC', 'JAM_HEAVY_TRAFFIC'}",92,{7},5.336956521739131
2e69e925,2e69e9244,2020-09-27,13,{'WEATHERHAZARD'},{'WEATHERHAZARD'},30,{7},5.0
2e69e925,2e69e9244,2020-09-27,15,{'JAM'},{'JAM_STAND_STILL_TRAFFIC'},61,{7},5.0
2e69e925,2e69e9244,2020-09-29,17,{'JAM'},{'JAM_HEAVY_TRAFFIC'},30,{7},5.0
2e69e925,2e69e9244,2020-10-01,17,{'JAM'},{'JAM_HEAVY_TRAFFIC'},31,{7},5.838709677419355
2e69e925,2e69e9244,2020-10-01,19,{'JAM'},{'JAM_STAND_STILL_TRAFFIC'},22,{7},5.0
2e69e925,2e69e9244,2020-10-02,20,{'JAM'},{'JAM_HEAVY_TRAFFIC'},32,{7},5.0
2e69e925,2e69e9244,2020-10-03,10,{'JAM'},{'JAM_MODERATE_TRAFFIC'},32,{7},5.0
2e69e925,2e69e9244,2020-10-03,12,{'JAM'},{'JAM_STAND_STILL_TRAFFIC'},30,{7},5.0
2e69e925,2e69e9244,2020-10-03,15,{'JAM'},{'JAM_HEAVY_TRAFFIC'},36,{7},5.722222222222222
2e69e925,2e69e9244,2020-10-03,17,{'JAM'},{'JAM_HEAVY_TRAFFIC'},30,{7},6.966666666666667
2e69e925,2e69e9244,2020-10-03,19,{'JAM'},{'JAM'},99,{7},5.0
2e69e925,2e69e9244,2020-10-04,10,{'JAM'},{'JAM_HEAVY_TRAFFIC'},31,{7},5.645161290322581
2e69e925,2e69e9244,2020-10-04,19,{'JAM'},{'JAM_STAND_STILL_TRAFFIC'},30,{7},5.0
2e69e925,2e69e9244,2020-10-05,7,{'JAM'},{'JAM_MODERATE_TRAFFIC'},30,{7},5.0
2e69e925,2e69e9244,2020-10-06,9,{'JAM'},{'JAM_HEAVY_TRAFFIC'},34,{7},5.5
2e69e925,2e69e9244,2020-10-06,10,{'JAM'},{'JAM_STAND_STILL_TRAFFIC'},31,{7},5.0
2e69e925,2e69e9244,2020-10-06,20,{'JAM'},{'JAM_STAND_STILL_TRAFFIC'},31,{7},5.0
2e69e925,2e69e9244,2020-10-08,16,{'JAM'},{'JAM'},33,{7},5.0
2e69e925,2e69e9244,2020-10-08,18,{'JAM'},{'JAM_STAND_STILL_TRAFFIC'},62,{7},5.919354838709677
2e69e925,2e69e9244,2020-10-09,13,{'JAM'},{'JAM_STAND_STILL_TRAFFIC'},31,{7},5.967741935483871
2e69e925,2e69e9244,2020-10-09,19,"{'JAM', 'WEATHERHAZARD'}","{'HAZARD_ON_SHOULDER_CAR_STOPPED', 'JAM_STAND_STILL_TRAFFIC'}",54,{7},5.277777777777778
2e69e925,2e69e9244,2020-10-10,10,{'JAM'},{'JAM_STAND_STILL_TRAFFIC'},30,{7},5.833333333333333
2e69e925,2e69e9244,2020-10-10,11,{'JAM'},{'JAM_STAND_STILL_TRAFFIC'},30,{7},5.7
2e69e925,2e69e9244,2020-10-10,16,{'JAM'},{'JAM_STAND_STILL_TRAFFIC'},30,{7},5.0
2e69e925,2e69e9244,2020-10-11,11,{'JAM'},{'JAM_STAND_STILL_TRAFFIC'},31,{7},5.0
2e69e925,2e69e9244,2020-10-12,14,{'JAM'},{'JAM_STAND_STILL_TRAFFIC'},62,{7},5.0
2e69e925,2e69e9244,2020-10-12,15,{'JAM'},{'JAM'},31,{7},5.0
2e69e925,2e69e9244,2020-10-12,16,{'JAM'},"{'JAM_STAND_STILL_TRAFFIC', 'JAM_HEAVY_TRAFFIC'}",63,{7},5.0
2e69e925,2e69e9244,2020-10-15,18,{'JAM'},{'JAM_STAND_STILL_TRAFFIC'},31,{7},5.0
2e69e925,2e69e9244,2020-10-16,8,{'JAM'},{'JAM_HEAVY_TRAFFIC'},44,{7},5.363636363636363
2e69e925,2e69e9244,2020-10-16,16,{'JAM'},{'JAM_HEAVY_TRAFFIC'},31,{7},5.838709677419355
2e69e925,2e69e9244,2020-10-16,18,{'JAM'},{'JAM_HEAVY_TRAFFIC'},31,{7},5.0
2e69e925,2e69e9244,2020-10-16,20,{'JAM'},{'JAM_STAND_STILL_TRAFFIC'},56,{7},5.767857142857143
2e69e925,2e69e9244,2020-10-17,14,{'JAM'},{'JAM_HEAVY_TRAFFIC'},32,{7},5.96875
2e69e925,2e69e9244,2020-10-17,19,{'JAM'},{'JAM'},57,{7},5.0
2e69e925,2e69e9244,2020-10-17,21,{'JAM'},{'JAM_HEAVY_TRAFFIC'},31,{7},5.0
2e69e925,2e69e9244,2020-10-21,7,{'JAM'},{'JAM'},32,{7},5.0
2e69e925,2e69e9244,2020-10-21,8,{'JAM'},{'JAM_STAND_STILL_TRAFFIC'},20,{7},5.0
2e69e925,2e69e9244,2020-10-21,16,{'JAM'},{'JAM'},33,{7},5.0
2e69e925,2e69e9244,2020-10-23,8,{'JAM'},{'JAM_STAND_STILL_TRAFFIC'},31,{7},5.0
2e69e925,2e69e9244,2020-10-23,17,{'JAM'},"{'JAM_MODERATE_TRAFFIC', 'JAM_HEAVY_TRAFFIC'}",61,{7},5.0
2e69e925,2e69e9244,2020-10-23,20,{'JAM'},{'JAM_STAND_STILL_TRAFFIC'},32,{7},5.0
2e69e925,2e69e9244,2020-10-24,10,{'JAM'},{'JAM_HEAVY_TRAFFIC'},30,{7},5.0
2e69e925,2e69e9244,2020-10-24,12,{'JAM'},"{'JAM', 'JAM_HEAVY_TRAFFIC'}",58,{7},5.0
2e69e925,2e69e9244,2020-10-24,13,{'JAM'},{'JAM_HEAVY_TRAFFIC'},60,{7},5.833333333333333
2e69e925,2e69e9244,2020-10-24,17,{'JAM'},{'JAM_STAND_STILL_TRAFFIC'},31,{7},5.0
2e69e925,2e69e9244,2020-10-24,18,{'JAM'},{'JAM_HEAVY_TRAFFIC'},92,{7},5.0
2e69e925,2e69e9244,2020-10-25,12,{'JAM'},{'JAM_STAND_STILL_TRAFFIC'},30,{7},5.0
2e69e925,2e69e9244,2020-10-25,15,{'JAM'},{'JAM_STAND_STILL_TRAFFIC'},30,{7},5.0
2e69e925,2e69e9244,2020-10-25,17,{'JAM'},{'JAM'},61,{7},5.0
2e69e925,2e69e9244,2020-10-26,19,{'JAM'},{'JAM_STAND_STILL_TRAFFIC'},31,{7},5.0
2e69e925,2e69e9244,2020-10-27,7,{'JAM'},{'JAM_STAND_STILL_TRAFFIC'},31,{7},5.0
2e69e925,2e69e9244,2020-10-27,11,{'JAM'},{'JAM_STAND_STILL_TRAFFIC'},31,{7},5.0
2e69e925,2e69e9244,2020-10-27,14,{'JAM'},{'JAM_HEAVY_TRAFFIC'},39,{7},5.666666666666667
2e69e925,2e69e9244,2020-10-27,20,{'JAM'},{'JAM_STAND_STILL_TRAFFIC'},31,{7},5.0
2e69e925,2e69e9244,2020-10-28,11,{'JAM'},{'JAM'},30,{7},5.0
2e69e925,2e69e9244,2020-10-28,18,{'JAM'},{'JAM_STAND_STILL_TRAFFIC'},39,{7},5.384615384615385
2e69e925,2e69e9244,2020-10-29,10,{'JAM'},{'JAM_HEAVY_TRAFFIC'},46,{7},5.673913043478261
2e69e925,2e69e9244,2020-10-29,12,{'JAM'},"{'JAM', 'JAM_STAND_STILL_TRAFFIC'}",93,{7},5.0
2e69e925,2e69e9244,2020-10-30,13,{'JAM'},{'JAM_STAND_STILL_TRAFFIC'},41,{7},5.414634146341464
2e69e925,2e69e9244,2020-10-31,9,{'JAM'},{'JAM_STAND_STILL_TRAFFIC'},31,{7},5.0
2e69e925,2e69e9244,2020-10-31,13,{'JAM'},{'JAM_STAND_STILL_TRAFFIC'},32,{7},5.0
2e69e925,2e69e9244,2020-10-31,15,{'JAM'},{'JAM_STAND_STILL_TRAFFIC'},30,{7},5.766666666666667
2e69e925,2e69e9244,2020-10-31,16,{'JAM'},{'JAM_STAND_STILL_TRAFFIC'},30,{7},5.0
2e69e925,2e69e9244,2020-10-31,18,{'JAM'},{'JAM_STAND_STILL_TRAFFIC'},31,{7},5.0
2e69e925,2e69e9244,2020-10-31,19,{'JAM'},{'JAM_HEAVY_TRAFFIC'},32,{7},5.0
2e69e925,2e69e9244,2020-10-31,20,{'JAM'},{'JAM_MODERATE_TRAFFIC'},31,{7},5.0
2e69e925,2e69e9244,2020-11-01,17,{'JAM'},{'JAM_HEAVY_TRAFFIC'},30,{7},5.0
2e69e925,2e69e9244,2020-11-01,18,{'JAM'},{'JAM_HEAVY_TRAFFIC'},32,{7},5.0
2e69e925,2e69e9244,2020-11-02,6,{'JAM'},{'JAM'},30,{7},5.0
2e69e925,2e69e9244,2020-11-02,16,{'JAM'},{'JAM'},36,{7},5.0
2e69e925,2e69e9244,2020-11-03,6,"{'JAM', 'WEATHERHAZARD'}","{'JAM', 'HAZARD_ON_ROAD_CAR_STOPPED'}",57,{7},5.894736842105263
2e69e925,2e69e9244,2020-11-03,7,{'JAM'},{'JAM'},30,{7},5.0
2e69e925,2e69e9244,2020-11-03,17,{'JAM'},{'JAM'},79,{7},5.215189873417722
2e69e925,2e69e9244,2020-11-04,14,{'JAM'},{'JAM_STAND_STILL_TRAFFIC'},31,{7},5.0
2e69e925,2e69e9244,2020-11-06,7,{'JAM'},{'JAM_HEAVY_TRAFFIC'},30,{7},5.0
2e69e925,2e69e9244,2020-11-06,18,{'JAM'},{'JAM_STAND_STILL_TRAFFIC'},30,{7},5.0
2e69e925,2e69e9244,2020-11-06,20,{'JAM'},{'JAM_STAND_STILL_TRAFFIC'},31,{7},5.0
2e69e925,2e69e9244,2020-11-07,10,{'JAM'},{'JAM_STAND_STILL_TRAFFIC'},60,{7},5.0
2e69e925,2e69e9244,2020-11-07,13,{'JAM'},{'JAM_STAND_STILL_TRAFFIC'},45,{7},5.4
2e69e925,2e69e9244,2020-11-07,14,{'JAM'},{'JAM'},31,{7},5.0
2e69e925,2e69e9244,2020-11-08,10,{'JAM'},{'JAM_STAND_STILL_TRAFFIC'},31,{7},5.0
2e69e925,2e69e9244,2020-11-08,13,{'JAM'},{'JAM_MODERATE_TRAFFIC'},30,{7},5.0
2e69e925,2e69e9244,2020-11-08,18,{'JAM'},{'JAM_STAND_STILL_TRAFFIC'},32,{7},5.0
2e69e925,2e69e9244,2020-11-09,7,{'JAM'},{'JAM_STAND_STILL_TRAFFIC'},30,{7},5.0
2e69e925,2e69e9244,2020-11-09,8,{'JAM'},{'JAM_STAND_STILL_TRAFFIC'},31,{7},5.0
2e69e925,2e69e9244,2020-11-09,19,{'JAM'},{'JAM'},32,{7},5.0
2e69e925,2e69e9244,2020-11-10,7,{'JAM'},"{'JAM', 'JAM_HEAVY_TRAFFIC'}",94,{7},5.329787234042553
2e69e925,2e69e9244,2020-11-10,16,{'JAM'},{'JAM_HEAVY_TRAFFIC'},94,{7},5.319148936170213
2e69e925,2e69e9244,2020-11-10,18,{'JAM'},{'JAM_HEAVY_TRAFFIC'},31,{7},5.0
2e69e925,2e69e9244,2020-11-10,19,{'JAM'},{'JAM_HEAVY_TRAFFIC'},31,{7},5.0
2e69e925,2e69e9244,2020-11-11,13,{'JAM'},{'JAM'},62,{7},5.0
2e69e925,2e69e9244,2020-11-11,18,{'JAM'},{'JAM_STAND_STILL_TRAFFIC'},31,{7},5.0
2e69e925,2e69e9244,2020-11-12,10,"{'JAM', 'WEATHERHAZARD'}","{'JAM', 'HAZARD_ON_ROAD_CAR_STOPPED'}",120,{7},5.858333333333333
2e69e925,2e69e9244,2020-11-14,10,{'JAM'},{'JAM_STAND_STILL_TRAFFIC'},31,{7},5.0
2e69e925,2e69e9244,2020-11-14,17,{'JAM'},{'JAM_STAND_STILL_TRAFFIC'},16,{7},5.9375
2e69e925,2e69e9244,2020-11-14,20,{'JAM'},{'JAM'},64,{7},5.0
2e69e925,2e69e9244,2020-11-15,11,{'JAM'},{'JAM_HEAVY_TRAFFIC'},30,{7},5.0
2e69e925,2e69e9244,2020-11-16,6,{'JAM'},{'JAM'},30,{7},5.0
2e69e925,2e69e9244,2020-11-16,7,{'JAM'},{'JAM_HEAVY_TRAFFIC'},30,{7},5.0
2e69e925,2e69e9244,2020-11-16,19,{'JAM'},{'JAM_STAND_STILL_TRAFFIC'},26,{7},5.0
2e69e925,2e69e9244,2020-11-18,13,{'JAM'},{'JAM'},8,{7},5.0
2e69e925,2e69e9244,2020-11-18,18,{'JAM'},{'JAM_STAND_STILL_TRAFFIC'},30,{7},5.0
2e69e925,2e69e9244,2020-11-19,7,{'JAM'},{'JAM'},61,{7},5.0
2e69e925,2e69e9244,2020-11-19,17,{'JAM'},{'JAM'},65,{7},5.0
2e69e925,2e69e9244,2020-11-20,14,{'JAM'},{'JAM'},11,{7},5.0
2e69e925,2e69e9244,2020-11-20,15,{'WEATHERHAZARD'},"{'HAZARD_ON_SHOULDER_CAR_STOPPED', 'HAZARD_WEATHER_FLOOD'}",69,{7},5.9855072463768115
2e69e925,2e69e9244,2020-11-20,18,{'JAM'},{'JAM_STAND_STILL_TRAFFIC'},32,{7},5.0
2e69e925,2e69e9244,2020-11-20,20,{'JAM'},{'JAM_STAND_STILL_TRAFFIC'},30,{7},5.866666666666666
2e69e925,2e69e924c,2020-09-01,7,{'WEATHERHAZARD'},{'HAZARD_ON_ROAD_CAR_STOPPED'},31,{7},6.354838709677419
2e69e925,2e69e924c,2020-09-02,16,{'JAM'},"{'JAM', 'JAM_STAND_STILL_TRAFFIC'}",62,{7},5.0
2e69e925,2e69e924c,2020-09-05,11,{'JAM'},{'JAM_STAND_STILL_TRAFFIC'},30,{7},5.0
2e69e925,2e69e924c,2020-09-06,11,{'JAM'},{'JAM_HEAVY_TRAFFIC'},30,{7},5.0
2e69e925,2e69e924c,2020-09-06,13,{'JAM'},{'JAM_STAND_STILL_TRAFFIC'},60,{7},5.0
2e69e925,2e69e924c,2020-09-06,14,{'JAM'},{'JAM_STAND_STILL_TRAFFIC'},31,{7},5.0
2e69e925,2e69e924c,2020-09-07,17,{'JAM'},{'JAM_STAND_STILL_TRAFFIC'},11,{7},5.0
2e69e925,2e69e924c,2020-09-07,18,{'JAM'},{'JAM_HEAVY_TRAFFIC'},30,{7},5.866666666666666
2e69e925,2e69e924c,2020-09-08,17,{'JAM'},"{'JAM', 'JAM_STAND_STILL_TRAFFIC', 'JAM_MODERATE_TRAFFIC'}",122,{7},5.237704918032787
2e69e925,2e69e924c,2020-09-10,18,{'JAM'},{'JAM_STAND_STILL_TRAFFIC'},30,{7},5.0
2e69e925,2e69e924c,2020-09-12,13,{'JAM'},{'JAM'},31,{7},5.0
2e69e925,2e69e924c,2020-09-13,10,{'JAM'},{'JAM'},30,{7},5.0
2e69e925,2e69e924c,2020-09-17,8,{'JAM'},{'JAM'},32,{7},5.0
2e69e925,2e69e924c,2020-09-17,18,{'JAM'},{'JAM_HEAVY_TRAFFIC'},31,{7},5.0
2e69e925,2e69e924c,2020-09-17,19,{'WEATHERHAZARD'},{'HAZARD_ON_SHOULDER_CAR_STOPPED'},35,{7},6.857142857142857
2e69e925,2e69e924c,2020-09-18,18,{'JAM'},{'JAM_HEAVY_TRAFFIC'},34,{7},5.0
2e69e925,2e69e924c,2020-09-19,13,{'JAM'},{'JAM_STAND_STILL_TRAFFIC'},63,{7},5.0
2e69e925,2e69e924c,2020-09-19,14,{'JAM'},{'JAM_MODERATE_TRAFFIC'},33,{7},5.0
2e69e925,2e69e924c,2020-09-25,15,{'JAM'},{'JAM_STAND_STILL_TRAFFIC'},33,{7},5.0
2e69e925,2e69e924c,2020-09-25,17,{'JAM'},{'JAM_STAND_STILL_TRAFFIC'},94,{7},5.308510638297872
2e69e925,2e69e924c,2020-09-25,20,{'JAM'},{'JAM_STAND_STILL_TRAFFIC'},38,{7},5.0
2e69e925,2e69e924c,2020-09-26,9,{'JAM'},{'JAM_HEAVY_TRAFFIC'},30,{7},5.0
2e69e925,2e69e924c,2020-09-26,12,{'JAM'},{'JAM_STAND_STILL_TRAFFIC'},31,{7},5.0
2e69e925,2e69e924c,2020-09-26,14,{'JAM'},{'JAM_STAND_STILL_TRAFFIC'},30,{7},5.0
2e69e925,2e69e924c,2020-09-26,15,{'JAM'},"{'JAM_STAND_STILL_TRAFFIC', 'JAM_MODERATE_TRAFFIC'}",61,{7},5.934426229508197
2e69e925,2e69e924c,2020-09-26,16,{'JAM'},{'JAM_STAND_STILL_TRAFFIC'},32,{7},8.8125
2e69e925,2e69e924c,2020-09-26,18,{'JAM'},{'JAM_STAND_STILL_TRAFFIC'},61,{7},5.0
2e69e925,2e69e924c,2020-09-27,8,{'WEATHERHAZARD'},{'HAZARD_ON_ROAD_CAR_STOPPED'},39,{7},5.384615384615385
2e69e925,2e69e924c,2020-09-27,13,{'JAM'},{'JAM_STAND_STILL_TRAFFIC'},30,{7},5.533333333333333
2e69e925,2e69e924c,2020-09-27,15,{'JAM'},{'JAM_HEAVY_TRAFFIC'},32,{7},5.0
2e69e925,2e69e924c,2020-09-30,17,{'JAM'},{'JAM_STAND_STILL_TRAFFIC'},33,{7},5.0
2e69e925,2e69e924c,2020-09-30,19,{'JAM'},{'JAM_MODERATE_TRAFFIC'},30,{7},5.0
2e69e925,2e69e924c,2020-10-02,16,{'JAM'},{'JAM_STAND_STILL_TRAFFIC'},21,{7},5.0
2e69e925,2e69e924c,2020-10-03,9,{'JAM'},{'JAM_HEAVY_TRAFFIC'},30,{7},5.0
2e69e925,2e69e924c,2020-10-03,10,{'JAM'},{'JAM_HEAVY_TRAFFIC'},31,{7},5.0
2e69e925,2e69e924c,2020-10-03,11,{'JAM'},{'JAM_STAND_STILL_TRAFFIC'},31,{7},5.0
2e69e925,2e69e924c,2020-10-03,14,{'JAM'},{'JAM_STAND_STILL_TRAFFIC'},72,{7},6.777777777777778
2e69e925,2e69e924c,2020-10-03,15,{'JAM'},{'JAM_STAND_STILL_TRAFFIC'},33,{7},5.0
2e69e925,2e69e924c,2020-10-03,17,{'JAM'},{'JAM_STAND_STILL_TRAFFIC'},29,{7},5.0
2e69e925,2e69e924c,2020-10-03,18,{'JAM'},{'JAM_STAND_STILL_TRAFFIC'},31,{7},5.0
2e69e925,2e69e924c,2020-10-03,19,{'JAM'},{'JAM'},124,"{1, 7}",5.0
2e69e925,2e69e924c,2020-10-04,10,{'JAM'},{'JAM_MODERATE_TRAFFIC'},30,{7},5.0
2e69e925,2e69e924c,2020-10-04,14,{'JAM'},{'JAM_HEAVY_TRAFFIC'},34,{7},5.0
2e69e925,2e69e924c,2020-10-05,19,{'JAM'},{'JAM_STAND_STILL_TRAFFIC'},33,{7},5.0
2e69e925,2e69e924c,2020-10-05,20,{'JAM'},{'JAM_MODERATE_TRAFFIC'},31,{7},5.0
2e69e925,2e69e924c,2020-10-06,10,{'JAM'},{'JAM_STAND_STILL_TRAFFIC'},29,{7},5.0
2e69e925,2e69e924c,2020-10-07,19,{'JAM'},{'JAM_STAND_STILL_TRAFFIC'},31,{7},5.0
2e69e925,2e69e924c,2020-10-09,8,{'JAM'},{'JAM_HEAVY_TRAFFIC'},24,{7},5.625
2e69e925,2e69e924c,2020-10-09,19,{'JAM'},{'JAM_STAND_STILL_TRAFFIC'},30,{7},5.0
2e69e925,2e69e924c,2020-10-10,10,{'JAM'},{'JAM'},30,{7},5.0
2e69e925,2e69e924c,2020-10-10,11,{'JAM'},{'JAM_STAND_STILL_TRAFFIC'},30,{7},5.0
2e69e925,2e69e924c,2020-10-10,13,{'JAM'},{'JAM_STAND_STILL_TRAFFIC'},30,{7},5.966666666666667
2e69e925,2e69e924c,2020-10-10,16,"{'JAM', 'WEATHERHAZARD'}","{'HAZARD_ON_ROAD_OBJECT', 'HAZARD_ON_ROAD_CAR_STOPPED', 'JAM_STAND_STILL_TRAFFIC'}",118,{7},7.169491525423729
2e69e925,2e69e924c,2020-10-12,14,{'JAM'},{'JAM_STAND_STILL_TRAFFIC'},31,{7},5.0
2e69e925,2e69e924c,2020-10-12,15,{'JAM'},{'JAM'},65,{7},5.230769230769231
2e69e925,2e69e924c,2020-10-15,17,{'JAM'},{'JAM_HEAVY_TRAFFIC'},106,{7},5.169811320754717
2e69e925,2e69e924c,2020-10-15,19,{'JAM'},{'JAM_HEAVY_TRAFFIC'},32,{7},5.0
2e69e925,2e69e924c,2020-10-16,20,{'JAM'},{'JAM_STAND_STILL_TRAFFIC'},90,{7},5.666666666666667
2e69e925,2e69e924c,2020-10-16,21,{'JAM'},{'JAM_HEAVY_TRAFFIC'},6,{7},5.0
2e69e925,2e69e924c,2020-10-17,11,{'JAM'},{'JAM_STAND_STILL_TRAFFIC'},30,{7},5.0
2e69e925,2e69e924c,2020-10-17,16,{'JAM'},{'JAM_STAND_STILL_TRAFFIC'},7,{7},5.0
2e69e925,2e69e924c,2020-10-17,19,{'JAM'},"{'JAM', 'JAM_MODERATE_TRAFFIC', 'JAM_HEAVY_TRAFFIC'}",123,{7},5.0
2e69e925,2e69e924c,2020-10-17,21,{'JAM'},{'JAM_HEAVY_TRAFFIC'},32,{7},5.0
2e69e925,2e69e924c,2020-10-19,15,{'JAM'},{'JAM'},8,{7},5.0
2e69e925,2e69e924c,2020-10-20,18,{'JAM'},{'JAM_HEAVY_TRAFFIC'},30,{7},5.0
2e69e925,2e69e924c,2020-10-21,16,{'JAM'},{'JAM'},33,{7},5.0
2e69e925,2e69e924c,2020-10-24,9,{'JAM'},{'JAM_STAND_STILL_TRAFFIC'},30,{7},5.0
2e69e925,2e69e924c,2020-10-24,10,{'JAM'},{'JAM_STAND_STILL_TRAFFIC'},30,{7},5.0
2e69e925,2e69e924c,2020-10-24,12,{'JAM'},{'JAM_STAND_STILL_TRAFFIC'},32,{7},5.0
2e69e925,2e69e924c,2020-10-24,13,{'JAM'},{'JAM_STAND_STILL_TRAFFIC'},75,{7},5.626666666666667
2e69e925,2e69e924c,2020-10-24,14,{'JAM'},{'JAM'},32,{7},5.0
2e69e925,2e69e924c,2020-10-24,15,{'JAM'},{'JAM_STAND_STILL_TRAFFIC'},31,{7},5.0
2e69e925,2e69e924c,2020-10-24,16,{'JAM'},{'JAM_STAND_STILL_TRAFFIC'},34,{7},5.0
2e69e925,2e69e924c,2020-10-24,17,{'ACCIDENT'},{'ACCIDENT'},121,{7},8.768595041322314
2e69e925,2e69e924c,2020-10-24,18,{'JAM'},"{'JAM_STAND_STILL_TRAFFIC', 'JAM_HEAVY_TRAFFIC'}",93,{7},5.0
2e69e925,2e69e924c,2020-10-24,21,{'JAM'},{'JAM_STAND_STILL_TRAFFIC'},23,{7},5.0
2e69e925,2e69e924c,2020-10-25,15,{'JAM'},{'JAM_HEAVY_TRAFFIC'},30,{7},5.0
2e69e925,2e69e924c,2020-10-25,17,{'JAM'},{'JAM'},123,{7},5.2439024390243905
2e69e925,2e69e924c,2020-10-26,12,{'JAM'},{'JAM_STAND_STILL_TRAFFIC'},31,{7},5.0
2e69e925,2e69e924c,2020-10-26,20,{'JAM'},{'JAM_STAND_STILL_TRAFFIC'},32,{7},5.0
2e69e925,2e69e924c,2020-10-27,14,{'JAM'},{'JAM_STAND_STILL_TRAFFIC'},18,{7},5.0
2e69e925,2e69e924c,2020-10-27,20,{'JAM'},{'JAM_STAND_STILL_TRAFFIC'},31,{7},5.0
2e69e925,2e69e924c,2020-10-28,13,{'JAM'},{'JAM_STAND_STILL_TRAFFIC'},32,{7},5.0
2e69e925,2e69e924c,2020-10-29,10,"{'JAM', 'ACCIDENT'}","{'JAM_STAND_STILL_TRAFFIC', 'ACCIDENT_MAJOR'}",41,{7},6.073170731707317
2e69e925,2e69e924c,2020-10-30,13,{'JAM'},{'JAM_STAND_STILL_TRAFFIC'},33,{7},5.0
2e69e925,2e69e924c,2020-10-31,14,{'JAM'},{'JAM'},32,{7},5.0
2e69e925,2e69e924c,2020-10-31,16,{'JAM'},{'JAM_STAND_STILL_TRAFFIC'},143,"{1, 7}",5.258741258741258
2e69e925,2e69e924c,2020-10-31,18,{'JAM'},{'JAM_STAND_STILL_TRAFFIC'},31,{7},5.0
2e69e925,2e69e924c,2020-10-31,19,{'JAM'},{'JAM_STAND_STILL_TRAFFIC'},31,{7},5.0
2e69e925,2e69e924c,2020-10-31,20,{'JAM'},"{'JAM', 'JAM_MODERATE_TRAFFIC'}",94,{7},5.0
2e69e925,2e69e924c,2020-11-01,9,{'JAM'},{'JAM_HEAVY_TRAFFIC'},34,{7},5.5588235294117645
2e69e925,2e69e924c,2020-11-01,11,{'JAM'},{'JAM_HEAVY_TRAFFIC'},31,{7},5.0
2e69e925,2e69e924c,2020-11-01,14,{'JAM'},{'JAM_HEAVY_TRAFFIC'},34,{7},5.882352941176471
2e69e925,2e69e924c,2020-11-02,16,{'JAM'},{'JAM'},61,{7},5.491803278688525
2e69e925,2e69e924c,2020-11-03,13,"{'JAM', 'WEATHERHAZARD'}","{'HAZARD_ON_SHOULDER_CAR_STOPPED', 'JAM_HEAVY_TRAFFIC'}",44,{7},5.068181818181818
2e69e925,2e69e924c,2020-11-03,17,{'JAM'},"{'JAM', 'JAM_HEAVY_TRAFFIC'}",95,{7},5.252631578947368
2e69e925,2e69e924c,2020-11-04,19,{'JAM'},{'JAM_HEAVY_TRAFFIC'},30,{7},5.0
2e69e925,2e69e924c,2020-11-05,14,{'JAM'},{'JAM_HEAVY_TRAFFIC'},31,{7},5.0
2e69e925,2e69e924c,2020-11-05,15,{'JAM'},{'JAM_HEAVY_TRAFFIC'},30,{7},5.0
2e69e925,2e69e924c,2020-11-06,18,{'JAM'},{'JAM_STAND_STILL_TRAFFIC'},62,{7},5.0
2e69e925,2e69e924c,2020-11-06,20,{'JAM'},{'JAM_STAND_STILL_TRAFFIC'},100,{7},5.32
2e69e925,2e69e924c,2020-11-07,10,{'JAM'},{'JAM_STAND_STILL_TRAFFIC'},30,{7},5.0
2e69e925,2e69e924c,2020-11-07,14,{'JAM'},{'JAM'},13,{7},5.0
2e69e925,2e69e924c,2020-11-08,10,{'JAM'},{'JAM_HEAVY_TRAFFIC'},45,{7},5.333333333333333
2e69e925,2e69e924c,2020-11-08,18,{'JAM'},{'JAM_STAND_STILL_TRAFFIC'},30,{7},5.0
2e69e925,2e69e924c,2020-11-09,18,{'JAM'},{'JAM_HEAVY_TRAFFIC'},26,{7},5.0
2e69e925,2e69e924c,2020-11-09,19,{'JAM'},{'JAM'},57,{7},5.0
2e69e925,2e69e924c,2020-11-10,17,{'JAM'},"{'JAM_STAND_STILL_TRAFFIC', 'JAM_HEAVY_TRAFFIC'}",61,{7},5.0
2e69e925,2e69e924c,2020-11-11,20,{'JAM'},{'JAM'},31,{7},5.0
2e69e925,2e69e924c,2020-11-12,17,{'JAM'},"{'JAM_STAND_STILL_TRAFFIC', 'JAM_HEAVY_TRAFFIC'}",67,{7},5.0
2e69e925,2e69e924c,2020-11-12,18,{'JAM'},"{'JAM_STAND_STILL_TRAFFIC', 'JAM_MODERATE_TRAFFIC'}",61,{7},5.360655737704918
2e69e925,2e69e924c,2020-11-13,19,{'JAM'},{'JAM_STAND_STILL_TRAFFIC'},33,{7},5.0
2e69e925,2e69e924c,2020-11-14,9,{'JAM'},{'JAM_MODERATE_TRAFFIC'},31,{7},5.0
2e69e925,2e69e924c,2020-11-14,11,{'JAM'},{'JAM_STAND_STILL_TRAFFIC'},39,{7},6.230769230769231
2e69e925,2e69e924c,2020-11-14,12,{'JAM'},{'JAM_STAND_STILL_TRAFFIC'},30,{7},5.0
2e69e925,2e69e924c,2020-11-14,14,{'JAM'},{'JAM_STAND_STILL_TRAFFIC'},23,{7},5.0
2e69e925,2e69e924c,2020-11-14,15,{'JAM'},{'JAM_STAND_STILL_TRAFFIC'},30,{7},5.0
2e69e925,2e69e924c,2020-11-14,17,{'JAM'},{'JAM_STAND_STILL_TRAFFIC'},20,{7},5.3
2e69e925,2e69e924c,2020-11-14,20,{'JAM'},{'JAM'},93,{7},5.0
2e69e925,2e69e924c,2020-11-15,12,{'JAM'},{'JAM_STAND_STILL_TRAFFIC'},33,{7},5.0
2e69e925,2e69e924c,2020-11-15,18,{'JAM'},{'JAM_HEAVY_TRAFFIC'},25,{7},5.0
2e69e925,2e69e924c,2020-11-18,13,{'WEATHERHAZARD'},{'HAZARD_ON_ROAD_CAR_STOPPED'},36,{7},5.972222222222222
2e69e925,2e69e924c,2020-11-19,17,{'JAM'},"{'JAM', 'JAM_HEAVY_TRAFFIC'}",122,{7},5.213114754098361
2e69e925,2e69e924c,2020-11-20,17,{'JAM'},{'JAM_STAND_STILL_TRAFFIC'},24,{7},5.0
2e69e925,2e69e924c,2020-11-21,13,{'JAM'},{'JAM_STAND_STILL_TRAFFIC'},13,{7},5.0
2e69e925,2e69e924c,2020-11-21,14,{'JAM'},{'JAM_STAND_STILL_TRAFFIC'},19,{7},5.0
2e69e927,2e69e9264,2020-09-05,12,{'JAM'},{'JAM_MODERATE_TRAFFIC'},33,{7},5.0
2e69e927,2e69e9264,2020-09-05,16,{'JAM'},{'JAM_HEAVY_TRAFFIC'},30,{7},5.0
2e69e927,2e69e9264,2020-09-08,7,{'WEATHERHAZARD'},{'HAZARD_ON_ROAD_CAR_STOPPED'},30,{7},5.866666666666666
2e69e927,2e69e9264,2020-09-08,17,{'WEATHERHAZARD'},{'HAZARD_ON_ROAD_CAR_STOPPED'},21,{7},6.619047619047619
2e69e927,2e69e9264,2020-09-10,15,{'JAM'},{'JAM'},62,{7},5.0
2e69e927,2e69e9264,2020-09-13,16,{'JAM'},{'JAM'},31,{7},5.0
2e69e927,2e69e9264,2020-09-19,11,{'JAM'},{'JAM'},29,{7},5.0
2e69e927,2e69e9264,2020-09-19,13,{'JAM'},{'JAM_STAND_STILL_TRAFFIC'},1,{7},5.0
2e69e927,2e69e9264,2020-09-20,11,{'JAM'},{'JAM'},30,{7},5.0
2e69e927,2e69e9264,2020-09-20,13,{'JAM'},{'JAM_HEAVY_TRAFFIC'},18,{7},5.0
2e69e927,2e69e9264,2020-09-23,20,{'JAM'},{'JAM'},32,{7},5.0
2e69e927,2e69e9264,2020-09-26,14,{'JAM'},{'JAM_HEAVY_TRAFFIC'},32,{7},5.0
2e69e927,2e69e9264,2020-09-26,18,{'JAM'},{'JAM'},30,{7},5.0
2e69e927,2e69e9264,2020-10-02,8,{'JAM'},{'JAM_MODERATE_TRAFFIC'},30,{7},5.0
2e69e927,2e69e9264,2020-10-02,16,{'JAM'},{'JAM_HEAVY_TRAFFIC'},32,{7},5.0
2e69e927,2e69e9264,2020-10-06,13,{'JAM'},{'JAM_MODERATE_TRAFFIC'},6,{7},5.0
2e69e927,2e69e9264,2020-10-09,13,{'JAM'},{'JAM'},31,{7},5.0
2e69e927,2e69e9264,2020-10-09,19,{'WEATHERHAZARD'},{'HAZARD_ON_SHOULDER_CAR_STOPPED'},31,{7},5.032258064516129
2e69e927,2e69e9264,2020-10-12,14,{'JAM'},{'JAM_STAND_STILL_TRAFFIC'},5,{7},5.0
2e69e927,2e69e9264,2020-10-13,13,{'WEATHERHAZARD'},{'HAZARD_ON_ROAD_CAR_STOPPED'},7,{7},5.0
2e69e927,2e69e9264,2020-10-13,16,{'JAM'},{'JAM'},60,{7},5.0
2e69e927,2e69e9264,2020-10-15,18,{'JAM'},{'JAM_STAND_STILL_TRAFFIC'},31,{7},5.0
2e69e927,2e69e9264,2020-10-21,16,{'JAM'},{'JAM'},30,{7},5.0
2e69e927,2e69e9264,2020-10-21,18,{'JAM'},{'JAM_HEAVY_TRAFFIC'},30,{7},5.0
2e69e927,2e69e9264,2020-10-22,15,{'JAM'},{'JAM_HEAVY_TRAFFIC'},31,{7},5.0
2e69e927,2e69e9264,2020-10-24,13,{'JAM'},{'JAM_STAND_STILL_TRAFFIC'},30,{7},5.0
2e69e927,2e69e9264,2020-10-25,17,{'JAM'},{'JAM'},16,{7},5.0
2e69e927,2e69e9264,2020-10-26,12,{'JAM'},{'JAM_STAND_STILL_TRAFFIC'},30,{7},5.666666666666667
2e69e927,2e69e9264,2020-10-26,15,{'JAM'},{'JAM_HEAVY_TRAFFIC'},31,{7},5.0
2e69e927,2e69e9264,2020-10-27,14,{'JAM'},{'JAM_STAND_STILL_TRAFFIC'},66,{7},5.0
2e69e927,2e69e9264,2020-10-30,14,{'JAM'},{'JAM_STAND_STILL_TRAFFIC'},31,{7},5.0
2e69e927,2e69e9264,2020-11-01,10,{'JAM'},{'JAM'},30,{7},5.0
2e69e927,2e69e9264,2020-11-02,14,{'JAM'},{'JAM_HEAVY_TRAFFIC'},32,{7},5.0
2e69e927,2e69e9264,2020-11-03,17,{'JAM'},{'JAM'},34,{7},5.0
2e69e927,2e69e9264,2020-11-04,14,{'JAM'},{'JAM_STAND_STILL_TRAFFIC'},57,{7},6.719298245614035
2e69e927,2e69e9264,2020-11-05,9,{'JAM'},{'JAM_STAND_STILL_TRAFFIC'},51,{7},5.431372549019608
2e69e927,2e69e9264,2020-11-06,18,{'JAM'},{'JAM_HEAVY_TRAFFIC'},32,{7},5.0
2e69e927,2e69e9264,2020-11-10,7,{'JAM'},{'JAM'},30,{7},5.0
2e69e927,2e69e9264,2020-11-10,10,{'JAM'},{'JAM_STAND_STILL_TRAFFIC'},31,{7},5.0
2e69e927,2e69e9264,2020-11-11,7,{'JAM'},{'JAM_HEAVY_TRAFFIC'},33,{7},5.9393939393939394
2e69e927,2e69e9264,2020-11-11,20,{'JAM'},{'JAM'},17,{7},5.0
2e69e927,2e69e9264,2020-11-12,10,{'JAM'},{'JAM'},32,{7},5.46875
2e69e927,2e69e9264,2020-11-16,6,{'JAM'},{'JAM'},32,{7},5.0
2e69e927,2e69e9264,2020-11-18,13,{'WEATHERHAZARD'},{'HAZARD_ON_ROAD_CAR_STOPPED'},43,{7},6.906976744186046
2e69e927,2e69e926c,2020-09-02,16,{'JAM'},{'JAM_STAND_STILL_TRAFFIC'},31,{7},5.0
2e69e927,2e69e926c,2020-09-03,6,{'JAM'},{'JAM_HEAVY_TRAFFIC'},13,{7},5.0
2e69e927,2e69e926c,2020-09-05,12,{'JAM'},{'JAM_STAND_STILL_TRAFFIC'},30,{7},5.966666666666667
2e69e927,2e69e926c,2020-09-05,18,{'JAM'},{'JAM_HEAVY_TRAFFIC'},30,{7},5.0
2e69e927,2e69e926c,2020-09-10,15,"{'JAM', 'WEATHERHAZARD'}","{'JAM', 'HAZARD_ON_ROAD_CAR_STOPPED'}",73,{7},5.273972602739726
2e69e927,2e69e926c,2020-09-13,10,{'JAM'},{'JAM'},60,{7},5.0
2e69e927,2e69e926c,2020-09-14,19,{'JAM'},{'JAM_MODERATE_TRAFFIC'},31,{7},5.0
2e69e927,2e69e926c,2020-09-18,18,{'JAM'},{'JAM_HEAVY_TRAFFIC'},30,{7},5.0
2e69e927,2e69e926c,2020-09-19,13,{'JAM'},{'JAM_STAND_STILL_TRAFFIC'},91,{7},5.329670329670329
2e69e927,2e69e926c,2020-09-24,19,{'JAM'},{'JAM_HEAVY_TRAFFIC'},32,{7},5.0
2e69e927,2e69e926c,2020-09-25,22,"{'WEATHERHAZARD', 'ACCIDENT'}","{'WEATHERHAZARD', 'ACCIDENT'}",30,{7},5.266666666666667
2e69e927,2e69e926c,2020-09-26,10,{'JAM'},{'JAM_STAND_STILL_TRAFFIC'},33,{7},5.96969696969697
2e69e927,2e69e926c,2020-09-26,15,{'JAM'},{'JAM_MODERATE_TRAFFIC'},31,{7},5.0
2e69e927,2e69e926c,2020-09-26,18,"{'JAM', 'WEATHERHAZARD'}","{'JAM', 'HAZARD_ON_ROAD_CAR_STOPPED'}",108,{7},6.2592592592592595
2e69e927,2e69e926c,2020-09-27,7,{'JAM'},{'JAM'},31,{7},5.0
2e69e927,2e69e926c,2020-09-27,13,{'ACCIDENT'},{'ACCIDENT'},12,{7},5.833333333333333
2e69e927,2e69e926c,2020-09-27,15,{'JAM'},{'JAM_STAND_STILL_TRAFFIC'},31,{7},5.0
2e69e927,2e69e926c,2020-09-29,8,{'JAM'},{'JAM_STAND_STILL_TRAFFIC'},61,{7},5.0
2e69e927,2e69e926c,2020-09-30,17,{'JAM'},{'JAM_STAND_STILL_TRAFFIC'},33,{7},5.0
2e69e927,2e69e926c,2020-10-02,20,{'JAM'},{'JAM_HEAVY_TRAFFIC'},30,{7},5.0
2e69e927,2e69e926c,2020-10-03,10,{'JAM'},{'JAM_STAND_STILL_TRAFFIC'},30,{7},6.0
2e69e927,2e69e926c,2020-10-03,17,{'JAM'},{'JAM_STAND_STILL_TRAFFIC'},31,{7},5.0
2e69e927,2e69e926c,2020-10-03,19,{'JAM'},{'JAM'},97,{7},5.0
2e69e927,2e69e926c,2020-10-03,20,{'JAM'},{'JAM_STAND_STILL_TRAFFIC'},32,{7},5.0
2e69e927,2e69e926c,2020-10-06,16,{'JAM'},{'JAM_HEAVY_TRAFFIC'},34,{7},5.0
2e69e927,2e69e926c,2020-10-06,18,{'JAM'},{'JAM_HEAVY_TRAFFIC'},31,{7},5.0
2e69e927,2e69e926c,2020-10-07,7,{'JAM'},{'JAM_STAND_STILL_TRAFFIC'},15,{7},5.0
2e69e927,2e69e926c,2020-10-08,18,{'JAM'},{'JAM_STAND_STILL_TRAFFIC'},33,{7},5.0
2e69e927,2e69e926c,2020-10-10,16,{'JAM'},{'JAM_STAND_STILL_TRAFFIC'},31,{7},5.0
2e69e927,2e69e926c,2020-10-11,14,{'JAM'},{'JAM_HEAVY_TRAFFIC'},30,{7},5.0
2e69e927,2e69e926c,2020-10-12,14,{'JAM'},{'JAM_STAND_STILL_TRAFFIC'},69,{7},5.0
2e69e927,2e69e926c,2020-10-12,15,{'JAM'},{'JAM'},68,{7},5.0
2e69e927,2e69e926c,2020-10-13,9,{'JAM'},{'JAM_STAND_STILL_TRAFFIC'},30,{7},5.0
2e69e927,2e69e926c,2020-10-13,11,{'JAM'},{'JAM_HEAVY_TRAFFIC'},6,{7},5.0
2e69e927,2e69e926c,2020-10-13,16,{'JAM'},{'JAM'},31,{7},5.0
2e69e927,2e69e926c,2020-10-15,18,{'JAM'},{'JAM_STAND_STILL_TRAFFIC'},36,{7},5.472222222222222
2e69e927,2e69e926c,2020-10-16,8,{'JAM'},{'JAM_HEAVY_TRAFFIC'},34,{7},5.0
2e69e927,2e69e926c,2020-10-17,9,{'JAM'},{'JAM_STAND_STILL_TRAFFIC'},38,{7},5.394736842105263
2e69e927,2e69e926c,2020-10-17,15,{'JAM'},{'JAM_HEAVY_TRAFFIC'},30,{7},5.0
2e69e927,2e69e926c,2020-10-17,16,"{'JAM', 'WEATHERHAZARD'}","{'HAZARD_ON_ROAD_CAR_STOPPED', 'JAM_HEAVY_TRAFFIC'}",95,{7},8.43157894736842
2e69e927,2e69e926c,2020-10-17,19,{'JAM'},{'JAM_MODERATE_TRAFFIC'},36,{7},5.0
2e69e927,2e69e926c,2020-10-18,11,{'WEATHERHAZARD'},{'HAZARD_ON_ROAD_CAR_STOPPED'},29,{7},5.862068965517241
2e69e927,2e69e926c,2020-10-18,16,{'JAM'},{'JAM'},66,{7},5.2272727272727275
2e69e927,2e69e926c,2020-10-19,15,{'JAM'},{'JAM'},52,{7},5.0
2e69e927,2e69e926c,2020-10-20,18,{'JAM'},{'JAM_HEAVY_TRAFFIC'},28,{7},5.0
2e69e927,2e69e926c,2020-10-21,16,{'JAM'},{'JAM'},67,{7},5.0
2e69e927,2e69e926c,2020-10-21,18,{'JAM'},{'JAM_HEAVY_TRAFFIC'},31,{7},5.0
2e69e927,2e69e926c,2020-10-24,12,{'JAM'},{'JAM_STAND_STILL_TRAFFIC'},27,{7},5.0
2e69e927,2e69e926c,2020-10-24,13,{'JAM'},{'JAM_STAND_STILL_TRAFFIC'},32,{7},5.0
2e69e927,2e69e926c,2020-10-24,17,"{'JAM', 'WEATHERHAZARD'}","{'JAM_STAND_STILL_TRAFFIC', 'HAZARD_WEATHER_FOG'}",64,{7},5.953125
2e69e927,2e69e926c,2020-10-24,18,{'JAM'},{'JAM_STAND_STILL_TRAFFIC'},154,{7},5.324675324675325
2e69e927,2e69e926c,2020-10-25,17,{'JAM'},{'JAM'},30,{7},5.0
2e69e927,2e69e926c,2020-10-26,12,{'JAM'},{'JAM_STAND_STILL_TRAFFIC'},62,{7},5.0
2e69e927,2e69e926c,2020-10-26,13,{'JAM'},{'JAM_STAND_STILL_TRAFFIC'},32,{7},5.0
2e69e927,2e69e926c,2020-10-26,20,{'JAM'},{'JAM_HEAVY_TRAFFIC'},31,{7},5.0
2e69e927,2e69e926c,2020-10-27,7,{'JAM'},{'JAM_HEAVY_TRAFFIC'},31,{7},5.0
2e69e927,2e69e926c,2020-10-27,20,{'JAM'},{'JAM_STAND_STILL_TRAFFIC'},30,{7},5.0
2e69e927,2e69e926c,2020-10-28,13,{'JAM'},{'JAM_STAND_STILL_TRAFFIC'},37,{7},5.4324324324324325
2e69e927,2e69e926c,2020-10-29,11,{'JAM'},{'JAM_HEAVY_TRAFFIC'},30,{2},5.866666666666666
2e69e927,2e69e926c,2020-10-29,12,{'JAM'},{'JAM'},20,{7},5.0
2e69e927,2e69e926c,2020-10-29,13,{'JAM'},{'JAM_STAND_STILL_TRAFFIC'},30,{7},5.0
2e69e927,2e69e926c,2020-10-29,15,{'JAM'},{'JAM_STAND_STILL_TRAFFIC'},8,{7},5.0
2e69e927,2e69e926c,2020-10-30,13,{'JAM'},{'JAM_STAND_STILL_TRAFFIC'},33,{7},5.0
2e69e927,2e69e926c,2020-10-31,16,{'JAM'},{'JAM_STAND_STILL_TRAFFIC'},45,{7},6.377777777777778
2e69e927,2e69e926c,2020-10-31,18,{'JAM'},{'JAM_STAND_STILL_TRAFFIC'},47,{7},5.0212765957446805
2e69e927,2e69e926c,2020-10-31,20,{'JAM'},"{'JAM', 'JAM_MODERATE_TRAFFIC', 'JAM_HEAVY_TRAFFIC'}",119,{7},5.0
2e69e927,2e69e926c,2020-11-01,9,{'JAM'},{'JAM_STAND_STILL_TRAFFIC'},31,{7},5.0
2e69e927,2e69e926c,2020-11-01,12,{'JAM'},{'JAM_MODERATE_TRAFFIC'},31,{7},5.0
2e69e927,2e69e926c,2020-11-01,15,{'JAM'},{'JAM_HEAVY_TRAFFIC'},30,{7},5.0
2e69e927,2e69e926c,2020-11-01,17,{'JAM'},{'JAM_STAND_STILL_TRAFFIC'},31,{7},5.0
2e69e927,2e69e926c,2020-11-02,6,"{'JAM', 'WEATHERHAZARD'}","{'JAM', 'HAZARD_ON_ROAD_CAR_STOPPED'}",36,{7},5.055555555555555
2e69e927,2e69e926c,2020-11-02,16,{'JAM'},{'JAM'},62,{7},5.0
2e69e927,2e69e926c,2020-11-03,6,{'JAM'},{'JAM'},44,{7},5.0
2e69e927,2e69e926c,2020-11-03,17,{'JAM'},{'JAM'},61,{7},5.0
2e69e927,2e69e926c,2020-11-05,17,{'JAM'},{'JAM_HEAVY_TRAFFIC'},78,{7},5.5
2e69e927,2e69e926c,2020-11-06,8,{'JAM'},{'JAM_HEAVY_TRAFFIC'},61,"{2, 7}",5.0
2e69e927,2e69e926c,2020-11-06,14,"{'JAM', 'WEATHERHAZARD'}","{'JAM', 'HAZARD_ON_ROAD_CAR_STOPPED'}",71,{7},5.577464788732394
2e69e927,2e69e926c,2020-11-07,10,{'JAM'},{'JAM_STAND_STILL_TRAFFIC'},30,{7},5.0
2e69e927,2e69e926c,2020-11-07,19,{'JAM'},{'JAM_STAND_STILL_TRAFFIC'},31,{7},5.0
2e69e927,2e69e926c,2020-11-09,15,{'JAM'},{'JAM'},6,{7},5.0
2e69e927,2e69e926c,2020-11-10,7,{'JAM'},{'JAM'},30,{7},5.0
2e69e927,2e69e926c,2020-11-11,13,{'JAM'},{'JAM'},33,{7},5.0
2e69e927,2e69e926c,2020-11-12,10,{'JAM'},{'JAM'},96,{7},5.177083333333333
2e69e927,2e69e926c,2020-11-13,7,{'JAM'},{'JAM'},20,{7},5.0
2e69e927,2e69e926c,2020-11-13,8,{'JAM'},{'JAM_STAND_STILL_TRAFFIC'},30,{7},5.933333333333334
2e69e927,2e69e926c,2020-11-13,19,{'JAM'},{'JAM_HEAVY_TRAFFIC'},32,{7},5.0
2e69e927,2e69e926c,2020-11-14,13,{'JAM'},{'JAM_HEAVY_TRAFFIC'},34,{7},5.0
2e69e927,2e69e926c,2020-11-14,17,{'JAM'},{'JAM_STAND_STILL_TRAFFIC'},20,{7},6.0
2e69e927,2e69e926c,2020-11-14,20,{'JAM'},{'JAM'},33,{7},5.0
2e69e927,2e69e926c,2020-11-15,18,{'JAM'},"{'JAM_STAND_STILL_TRAFFIC', 'JAM_HEAVY_TRAFFIC'}",34,{7},5.411764705882353
2e69e927,2e69e926c,2020-11-16,6,{'JAM'},{'JAM'},32,{7},5.0
2e69e927,2e69e926c,2020-11-19,17,{'JAM'},{'JAM'},98,"{2, 7}",5.0
2e69e927,2e69e926c,2020-11-20,14,"{'JAM', 'WEATHERHAZARD'}","{'JAM', 'HAZARD_ON_ROAD_CAR_STOPPED'}",42,{7},5.0476190476190474
2e69e927,2e69e926c,2020-11-21,9,{'WEATHERHAZARD'},{'HAZARD_ON_ROAD_CAR_STOPPED'},30,{7},5.4
2e69e927,2e69e9274,2020-09-01,5,{'JAM'},{'JAM_MODERATE_TRAFFIC'},23,{7},5.0
2e69e927,2e69e9274,2020-09-01,7,{'JAM'},{'JAM'},96,{7},5.0
2e69e927,2e69e9274,2020-09-01,17,{'WEATHERHAZARD'},{'HAZARD_ON_SHOULDER_CAR_STOPPED'},33,{7},7.96969696969697
2e69e927,2e69e9274,2020-09-01,18,{'JAM'},{'JAM_MODERATE_TRAFFIC'},62,{7},5.0
2e69e927,2e69e9274,2020-09-02,7,{'JAM'},{'JAM_MODERATE_TRAFFIC'},33,{7},5.0
2e69e927,2e69e9274,2020-09-02,15,{'JAM'},{'JAM'},33,{7},5.0
2e69e927,2e69e9274,2020-09-03,16,{'JAM'},{'JAM_HEAVY_TRAFFIC'},27,{7},5.0
2e69e927,2e69e9274,2020-09-05,17,{'JAM'},{'JAM_STAND_STILL_TRAFFIC'},28,{7},6.714285714285714
2e69e927,2e69e9274,2020-09-05,21,{'JAM'},"{'JAM_STAND_STILL_TRAFFIC', 'JAM_HEAVY_TRAFFIC'}",17,{7},5.0
2e69e927,2e69e9274,2020-09-06,12,{'JAM'},{'JAM_MODERATE_TRAFFIC'},30,{7},5.0
2e69e927,2e69e9274,2020-09-06,13,{'JAM'},{'JAM_STAND_STILL_TRAFFIC'},30,{7},6.0
2e69e927,2e69e9274,2020-09-06,19,{'JAM'},{'JAM'},31,{7},5.0
2e69e927,2e69e9274,2020-09-07,18,{'JAM'},"{'JAM', 'JAM_HEAVY_TRAFFIC'}",50,{7},5.4
2e69e927,2e69e9274,2020-09-07,19,{'JAM'},{'JAM_STAND_STILL_TRAFFIC'},29,{7},5.0
2e69e927,2e69e9274,2020-09-08,7,{'JAM'},{'JAM'},64,{7},5.0
2e69e927,2e69e9274,2020-09-08,17,{'JAM'},{'JAM'},41,{7},5.439024390243903
2e69e927,2e69e9274,2020-09-09,8,{'JAM'},{'JAM_MODERATE_TRAFFIC'},34,{7},5.0
2e69e927,2e69e9274,2020-09-10,14,{'JAM'},{'JAM'},60,{7},5.0
2e69e927,2e69e9274,2020-09-10,15,"{'JAM', 'WEATHERHAZARD'}","{'HAZARD_ON_ROAD_CAR_STOPPED', 'JAM_HEAVY_TRAFFIC'}",60,{7},5.083333333333333
2e69e927,2e69e9274,2020-09-10,18,{'WEATHERHAZARD'},{'HAZARD_ON_ROAD_CAR_STOPPED'},3,{7},6.0
2e69e927,2e69e9274,2020-09-12,19,{'JAM'},{'JAM_STAND_STILL_TRAFFIC'},33,{7},5.0
2e69e927,2e69e9274,2020-09-13,10,{'JAM'},{'JAM'},30,{7},5.0
2e69e927,2e69e9274,2020-09-15,9,{'JAM'},{'JAM_STAND_STILL_TRAFFIC'},22,{7},5.0
2e69e927,2e69e9274,2020-09-16,18,{'JAM'},{'JAM_HEAVY_TRAFFIC'},30,{7},5.0
2e69e927,2e69e9274,2020-09-17,8,{'JAM'},{'JAM_HEAVY_TRAFFIC'},30,{7},5.0
2e69e927,2e69e9274,2020-09-17,9,{'JAM'},{'JAM_STAND_STILL_TRAFFIC'},30,{7},5.0
2e69e927,2e69e9274,2020-09-17,15,{'JAM'},{'JAM_STAND_STILL_TRAFFIC'},30,{7},5.0
2e69e927,2e69e9274,2020-09-18,17,{'JAM'},{'JAM_STAND_STILL_TRAFFIC'},31,{7},5.0
2e69e927,2e69e9274,2020-09-18,18,{'JAM'},{'JAM'},33,{7},5.0
2e69e927,2e69e9274,2020-09-19,10,{'JAM'},{'JAM_HEAVY_TRAFFIC'},31,{7},5.0
2e69e927,2e69e9274,2020-09-19,11,{'JAM'},{'JAM_HEAVY_TRAFFIC'},82,{7},5.0
2e69e927,2e69e9274,2020-09-19,13,{'JAM'},{'JAM_STAND_STILL_TRAFFIC'},63,{7},5.0
2e69e927,2e69e9274,2020-09-19,15,{'JAM'},{'JAM_MODERATE_TRAFFIC'},30,{7},5.0
2e69e927,2e69e9274,2020-09-19,18,{'JAM'},{'JAM_HEAVY_TRAFFIC'},31,{7},5.0
2e69e927,2e69e9274,2020-09-20,11,{'WEATHERHAZARD'},{'HAZARD_ON_ROAD_CAR_STOPPED'},31,{7},5.645161290322581
2e69e927,2e69e9274,2020-09-21,11,{'JAM'},{'JAM_HEAVY_TRAFFIC'},31,{7},5.0
2e69e927,2e69e9274,2020-09-21,13,{'JAM'},{'JAM'},30,{7},5.0
2e69e927,2e69e9274,2020-09-22,8,{'JAM'},{'JAM_STAND_STILL_TRAFFIC'},30,{7},5.0
2e69e927,2e69e9274,2020-09-23,17,{'JAM'},{'JAM'},18,{7},5.0
2e69e927,2e69e9274,2020-09-24,7,{'JAM'},{'JAM_STAND_STILL_TRAFFIC'},30,{7},5.0
2e69e927,2e69e9274,2020-09-24,10,{'JAM'},{'JAM'},13,{7},5.0
2e69e927,2e69e9274,2020-09-25,15,{'JAM'},{'JAM_HEAVY_TRAFFIC'},33,{7},5.0
2e69e927,2e69e9274,2020-09-25,16,{'JAM'},{'JAM_STAND_STILL_TRAFFIC'},32,{7},5.0
2e69e927,2e69e9274,2020-09-25,20,{'JAM'},{'JAM_STAND_STILL_TRAFFIC'},15,{7},5.0
2e69e927,2e69e9274,2020-09-26,12,{'JAM'},{'JAM_HEAVY_TRAFFIC'},30,{7},5.0
2e69e927,2e69e9274,2020-09-26,18,{'JAM'},{'JAM'},32,{7},5.0
2e69e927,2e69e9274,2020-09-27,10,{'JAM'},{'JAM_HEAVY_TRAFFIC'},17,{7},5.0
2e69e927,2e69e9274,2020-09-27,15,{'JAM'},{'JAM_STAND_STILL_TRAFFIC'},64,{7},5.0
2e69e927,2e69e9274,2020-09-27,19,{'JAM'},{'JAM_MODERATE_TRAFFIC'},30,{7},5.0
2e69e927,2e69e9274,2020-09-28,9,{'JAM'},{'JAM_HEAVY_TRAFFIC'},8,{7},5.0
2e69e927,2e69e9274,2020-09-28,16,{'JAM'},{'JAM_HEAVY_TRAFFIC'},31,{7},5.0
2e69e927,2e69e9274,2020-09-30,11,{'JAM'},{'JAM_MODERATE_TRAFFIC'},29,{7},5.0
2e69e927,2e69e9274,2020-10-01,10,{'JAM'},{'JAM_HEAVY_TRAFFIC'},30,{7},5.0
2e69e927,2e69e9274,2020-10-01,16,{'WEATHERHAZARD'},{'HAZARD_ON_ROAD_CAR_STOPPED'},30,{7},6.066666666666666
2e69e927,2e69e9274,2020-10-02,8,{'JAM'},{'JAM_HEAVY_TRAFFIC'},30,{7},5.0
2e69e927,2e69e9274,2020-10-02,10,{'JAM'},{'JAM_STAND_STILL_TRAFFIC'},30,{7},5.0
2e69e927,2e69e9274,2020-10-02,14,{'JAM'},{'JAM_STAND_STILL_TRAFFIC'},30,{7},5.7
2e69e927,2e69e9274,2020-10-02,17,{'JAM'},{'JAM'},65,{7},5.492307692307692
2e69e927,2e69e9274,2020-10-03,10,{'JAM'},{'JAM_STAND_STILL_TRAFFIC'},30,{7},5.0
2e69e927,2e69e9274,2020-10-03,15,{'JAM'},{'JAM_STAND_STILL_TRAFFIC'},30,{7},5.0
2e69e927,2e69e9274,2020-10-03,17,{'JAM'},{'JAM_HEAVY_TRAFFIC'},30,{7},5.0
2e69e927,2e69e9274,2020-10-03,18,{'JAM'},{'JAM_STAND_STILL_TRAFFIC'},62,{7},5.483870967741935
2e69e927,2e69e9274,2020-10-03,20,{'JAM'},{'JAM_MODERATE_TRAFFIC'},62,{7},5.0
2e69e927,2e69e9274,2020-10-04,10,{'JAM'},{'JAM_MODERATE_TRAFFIC'},31,{7},5.0
2e69e927,2e69e9274,2020-10-04,13,{'JAM'},{'JAM_MODERATE_TRAFFIC'},27,{7},5.0
2e69e927,2e69e9274,2020-10-04,16,{'JAM'},{'JAM_HEAVY_TRAFFIC'},45,{7},5.355555555555555
2e69e927,2e69e9274,2020-10-04,17,{'JAM'},{'JAM_STAND_STILL_TRAFFIC'},31,{7},5.0
2e69e927,2e69e9274,2020-10-05,8,{'JAM'},{'JAM_STAND_STILL_TRAFFIC'},61,{7},5.0
2e69e927,2e69e9274,2020-10-05,14,{'JAM'},{'JAM_HEAVY_TRAFFIC'},31,{7},5.0
2e69e927,2e69e9274,2020-10-05,19,{'JAM'},{'JAM_HEAVY_TRAFFIC'},30,{7},5.533333333333333
2e69e927,2e69e9274,2020-10-07,7,{'JAM'},"{'JAM', 'JAM_STAND_STILL_TRAFFIC'}",75,{7},5.733333333333333
2e69e927,2e69e9274,2020-10-07,8,{'JAM'},{'JAM_STAND_STILL_TRAFFIC'},30,{7},5.0
2e69e927,2e69e9274,2020-10-07,12,{'JAM'},{'JAM_STAND_STILL_TRAFFIC'},32,{7},5.0
2e69e927,2e69e9274,2020-10-08,17,{'JAM'},{'JAM_HEAVY_TRAFFIC'},30,{7},5.0
2e69e927,2e69e9274,2020-10-08,19,{'JAM'},{'JAM_MODERATE_TRAFFIC'},23,{7},5.0
2e69e927,2e69e9274,2020-10-09,8,{'JAM'},{'JAM_STAND_STILL_TRAFFIC'},32,{7},5.0
2e69e927,2e69e9274,2020-10-09,9,{'JAM'},{'JAM_HEAVY_TRAFFIC'},31,{7},6.161290322580645
2e69e927,2e69e9274,2020-10-09,13,{'JAM'},{'JAM_STAND_STILL_TRAFFIC'},75,{7},5.44
2e69e927,2e69e9274,2020-10-09,17,{'WEATHERHAZARD'},{'WEATHERHAZARD'},30,{7},5.0
2e69e927,2e69e9274,2020-10-10,11,{'JAM'},{'JAM_HEAVY_TRAFFIC'},30,{7},5.566666666666666
2e69e927,2e69e9274,2020-10-10,17,{'JAM'},{'JAM_HEAVY_TRAFFIC'},39,{7},6.384615384615385
2e69e927,2e69e9274,2020-10-11,10,{'JAM'},{'JAM_HEAVY_TRAFFIC'},31,{7},5.0
2e69e927,2e69e9274,2020-10-11,13,{'JAM'},{'JAM_STAND_STILL_TRAFFIC'},32,{7},5.0
2e69e927,2e69e9274,2020-10-11,14,{'JAM'},{'JAM_HEAVY_TRAFFIC'},31,{7},5.0
2e69e927,2e69e9274,2020-10-12,18,{'JAM'},{'JAM_HEAVY_TRAFFIC'},31,{7},5.0
2e69e927,2e69e9274,2020-10-13,13,{'JAM'},{'JAM'},11,{7},5.0
2e69e927,2e69e9274,2020-10-13,16,{'JAM'},{'JAM'},38,{7},5.0
2e69e927,2e69e9274,2020-10-15,8,{'JAM'},{'JAM_STAND_STILL_TRAFFIC'},30,{7},5.0
2e69e927,2e69e9274,2020-10-16,7,{'JAM'},{'JAM_MODERATE_TRAFFIC'},30,{7},5.0
2e69e927,2e69e9274,2020-10-16,15,{'JAM'},{'JAM'},95,{7},5.0
2e69e927,2e69e9274,2020-10-16,17,{'JAM'},"{'JAM', 'JAM_MODERATE_TRAFFIC'}",66,{7},5.0
2e69e927,2e69e9274,2020-10-17,12,{'JAM'},{'JAM_HEAVY_TRAFFIC'},30,{7},5.0
2e69e927,2e69e9274,2020-10-17,15,{'JAM'},{'JAM_HEAVY_TRAFFIC'},33,{7},5.0
2e69e927,2e69e9274,2020-10-18,11,{'JAM'},{'JAM'},43,{7},5.0
2e69e927,2e69e9274,2020-10-18,16,{'JAM'},{'JAM'},90,{7},5.0
2e69e927,2e69e9274,2020-10-19,14,"{'JAM', 'WEATHERHAZARD'}","{'JAM', 'HAZARD_ON_ROAD_CAR_STOPPED'}",75,{7},5.933333333333334
2e69e927,2e69e9274,2020-10-20,8,{'JAM'},{'JAM_STAND_STILL_TRAFFIC'},31,{7},5.0
2e69e927,2e69e9274,2020-10-21,7,{'JAM'},{'JAM'},86,{7},5.0
2e69e927,2e69e9274,2020-10-21,16,{'JAM'},{'JAM'},66,{7},5.0
2e69e927,2e69e9274,2020-10-21,17,{'JAM'},{'JAM_MODERATE_TRAFFIC'},31,{7},5.0
2e69e927,2e69e9274,2020-10-22,9,{'JAM'},{'JAM_HEAVY_TRAFFIC'},29,{7},5.0
2e69e927,2e69e9274,2020-10-23,15,{'JAM'},{'JAM_MODERATE_TRAFFIC'},32,{7},5.0
2e69e927,2e69e9274,2020-10-24,6,{'JAM'},{'JAM_HEAVY_TRAFFIC'},23,{7},5.0
2e69e927,2e69e9274,2020-10-24,9,{'JAM'},"{'JAM_STAND_STILL_TRAFFIC', 'JAM_HEAVY_TRAFFIC'}",70,{7},6.257142857142857
2e69e927,2e69e9274,2020-10-24,12,{'JAM'},{'JAM'},62,{7},5.0
2e69e927,2e69e9274,2020-10-24,14,{'JAM'},{'JAM_STAND_STILL_TRAFFIC'},79,{7},7.025316455696203
2e69e927,2e69e9274,2020-10-24,16,{'JAM'},{'JAM_HEAVY_TRAFFIC'},31,{7},5.0
2e69e927,2e69e9274,2020-10-24,18,{'JAM'},"{'JAM_STAND_STILL_TRAFFIC', 'JAM_HEAVY_TRAFFIC'}",189,{7},5.317460317460317
2e69e927,2e69e9274,2020-10-24,19,{'JAM'},{'JAM_STAND_STILL_TRAFFIC'},31,{7},5.0
2e69e927,2e69e9274,2020-10-24,20,{'JAM'},{'JAM'},33,{7},5.0
2e69e927,2e69e9274,2020-10-25,10,{'JAM'},{'JAM_HEAVY_TRAFFIC'},30,{7},5.0
2e69e927,2e69e9274,2020-10-25,12,{'JAM'},{'JAM_STAND_STILL_TRAFFIC'},30,{7},5.0
2e69e927,2e69e9274,2020-10-25,15,{'JAM'},{'JAM_STAND_STILL_TRAFFIC'},32,{7},5.0
2e69e927,2e69e9274,2020-10-25,17,{'JAM'},{'JAM'},91,{7},5.0
2e69e927,2e69e9274,2020-10-26,8,{'JAM'},"{'JAM_STAND_STILL_TRAFFIC', 'JAM_HEAVY_TRAFFIC'}",64,{7},5.0
2e69e927,2e69e9274,2020-10-26,12,{'JAM'},{'JAM_STAND_STILL_TRAFFIC'},36,{7},5.555555555555555
2e69e927,2e69e9274,2020-10-26,16,{'JAM'},{'JAM_HEAVY_TRAFFIC'},31,{7},5.0
2e69e927,2e69e9274,2020-10-27,9,{'JAM'},{'JAM_HEAVY_TRAFFIC'},30,{7},5.0
2e69e927,2e69e9274,2020-10-27,12,{'JAM'},{'JAM_STAND_STILL_TRAFFIC'},31,{7},5.0
2e69e927,2e69e9274,2020-10-27,18,{'JAM'},{'JAM_HEAVY_TRAFFIC'},31,{7},5.0
2e69e927,2e69e9274,2020-10-27,20,{'JAM'},{'JAM_STAND_STILL_TRAFFIC'},20,{7},7.0
2e69e927,2e69e9274,2020-10-28,11,{'JAM'},{'JAM_STAND_STILL_TRAFFIC'},30,{7},6.0
2e69e927,2e69e9274,2020-10-28,12,{'JAM'},{'JAM_HEAVY_TRAFFIC'},30,{7},5.0
2e69e927,2e69e9274,2020-10-28,13,{'JAM'},{'JAM_HEAVY_TRAFFIC'},16,{7},5.0
2e69e927,2e69e9274,2020-10-28,17,{'JAM'},{'JAM_STAND_STILL_TRAFFIC'},30,{7},5.0
2e69e927,2e69e9274,2020-10-28,18,{'JAM'},{'JAM_STAND_STILL_TRAFFIC'},74,{7},6.391891891891892
2e69e927,2e69e9274,2020-10-28,20,{'JAM'},{'JAM'},34,{7},5.0
2e69e927,2e69e9274,2020-10-29,11,{'JAM'},{'JAM_STAND_STILL_TRAFFIC'},32,{7},5.875
2e69e927,2e69e9274,2020-10-29,12,{'JAM'},{'JAM'},61,{7},5.0
2e69e927,2e69e9274,2020-10-29,16,{'JAM'},{'JAM_HEAVY_TRAFFIC'},31,{7},6.967741935483871
2e69e927,2e69e9274,2020-10-29,17,{'JAM'},{'JAM_STAND_STILL_TRAFFIC'},20,{7},6.0
2e69e927,2e69e9274,2020-10-30,13,{'JAM'},{'JAM'},34,{7},5.0
2e69e927,2e69e9274,2020-10-30,14,{'JAM'},{'JAM_STAND_STILL_TRAFFIC'},44,{7},6.181818181818182
2e69e927,2e69e9274,2020-10-30,16,{'JAM'},"{'JAM', 'JAM_HEAVY_TRAFFIC'}",81,{7},5.222222222222222
2e69e927,2e69e9274,2020-10-31,12,{'JAM'},{'JAM_STAND_STILL_TRAFFIC'},73,{7},7.041095890410959
2e69e927,2e69e9274,2020-10-31,16,{'JAM'},{'JAM_STAND_STILL_TRAFFIC'},26,{7},6.0
2e69e927,2e69e9274,2020-10-31,18,{'JAM'},{'JAM_STAND_STILL_TRAFFIC'},33,{7},6.0
2e69e927,2e69e9274,2020-10-31,19,{'JAM'},{'JAM_STAND_STILL_TRAFFIC'},31,{7},5.0
2e69e927,2e69e9274,2020-10-31,20,{'JAM'},"{'JAM', 'JAM_HEAVY_TRAFFIC'}",91,{7},5.0
2e69e927,2e69e9274,2020-11-01,10,{'JAM'},{'JAM'},62,{7},5.0
2e69e927,2e69e9274,2020-11-01,11,{'JAM'},{'JAM'},30,{7},5.0
2e69e927,2e69e9274,2020-11-01,15,{'JAM'},"{'JAM_STAND_STILL_TRAFFIC', 'JAM_HEAVY_TRAFFIC'}",53,{7},6.0
2e69e927,2e69e9274,2020-11-01,16,{'JAM'},{'JAM_MODERATE_TRAFFIC'},33,{7},5.0
2e69e927,2e69e9274,2020-11-02,6,{'JAM'},"{'JAM', 'JAM_MODERATE_TRAFFIC'}",65,{7},5.446153846153846
2e69e927,2e69e9274,2020-11-02,12,{'JAM'},{'JAM_STAND_STILL_TRAFFIC'},30,{7},5.0
2e69e927,2e69e9274,2020-11-02,14,{'JAM'},{'JAM_HEAVY_TRAFFIC'},31,{7},5.0
2e69e927,2e69e9274,2020-11-02,16,{'JAM'},{'JAM'},23,{7},5.0
2e69e927,2e69e9274,2020-11-03,6,{'JAM'},{'JAM'},62,{7},5.0
2e69e927,2e69e9274,2020-11-03,11,{'JAM'},{'JAM_STAND_STILL_TRAFFIC'},46,{7},5.326086956521739
2e69e927,2e69e9274,2020-11-03,15,{'JAM'},{'JAM_HEAVY_TRAFFIC'},15,{7},5.0
2e69e927,2e69e9274,2020-11-03,17,{'JAM'},{'JAM'},60,{7},5.0
2e69e927,2e69e9274,2020-11-04,8,{'JAM'},{'JAM_STAND_STILL_TRAFFIC'},31,{7},5.0
2e69e927,2e69e9274,2020-11-04,16,{'JAM'},{'JAM_STAND_STILL_TRAFFIC'},34,{7},5.0
2e69e927,2e69e9274,2020-11-05,6,{'JAM'},{'JAM_MODERATE_TRAFFIC'},31,{7},5.741935483870968
2e69e927,2e69e9274,2020-11-05,9,{'ACCIDENT'},"{'ACCIDENT', 'ACCIDENT_MINOR'}",104,{7},8.961538461538462
2e69e927,2e69e9274,2020-11-05,10,{'JAM'},{'JAM_STAND_STILL_TRAFFIC'},30,{7},5.966666666666667
2e69e927,2e69e9274,2020-11-05,13,{'JAM'},{'JAM_MODERATE_TRAFFIC'},34,{7},5.0
2e69e927,2e69e9274,2020-11-05,15,{'JAM'},{'JAM_MODERATE_TRAFFIC'},21,{7},5.0
2e69e927,2e69e9274,2020-11-05,17,{'JAM'},{'JAM'},100,{7},5.0
2e69e927,2e69e9274,2020-11-06,8,{'JAM'},{'JAM_HEAVY_TRAFFIC'},30,{7},5.7
2e69e927,2e69e9274,2020-11-06,14,{'JAM'},{'JAM'},63,{7},5.0
2e69e927,2e69e9274,2020-11-06,15,{'JAM'},{'JAM_HEAVY_TRAFFIC'},32,{7},5.0
2e69e927,2e69e9274,2020-11-07,8,{'JAM'},{'JAM'},33,{7},5.0
2e69e927,2e69e9274,2020-11-07,9,{'JAM'},{'JAM_HEAVY_TRAFFIC'},30,{7},5.0
2e69e927,2e69e9274,2020-11-07,10,{'JAM'},{'JAM_HEAVY_TRAFFIC'},28,{7},6.0
2e69e927,2e69e9274,2020-11-07,14,{'JAM'},{'JAM'},13,{7},5.0
2e69e927,2e69e9274,2020-11-07,18,{'JAM'},{'JAM_STAND_STILL_TRAFFIC'},30,{7},5.0
2e69e927,2e69e9274,2020-11-07,20,{'JAM'},{'JAM'},22,{7},5.0
2e69e927,2e69e9274,2020-11-08,15,{'JAM'},{'JAM_HEAVY_TRAFFIC'},44,{7},5.340909090909091
2e69e927,2e69e9274,2020-11-08,16,{'JAM'},{'JAM'},75,{7},5.2
2e69e927,2e69e9274,2020-11-09,8,{'JAM'},{'JAM_MODERATE_TRAFFIC'},31,{7},5.0
2e69e927,2e69e9274,2020-11-09,15,{'JAM'},{'JAM'},31,{7},5.0
2e69e927,2e69e9274,2020-11-10,7,{'JAM'},{'JAM'},60,{7},5.0
2e69e927,2e69e9274,2020-11-10,10,{'JAM'},{'JAM_STAND_STILL_TRAFFIC'},31,{7},5.0
2e69e927,2e69e9274,2020-11-11,7,{'JAM'},{'JAM_STAND_STILL_TRAFFIC'},31,{7},5.838709677419355
2e69e927,2e69e9274,2020-11-11,13,"{'JAM', 'WEATHERHAZARD'}","{'JAM', 'HAZARD_ON_ROAD_CAR_STOPPED'}",126,{7},5.333333333333333
2e69e927,2e69e9274,2020-11-11,16,{'JAM'},{'JAM_HEAVY_TRAFFIC'},32,{7},5.0
2e69e927,2e69e9274,2020-11-12,10,{'JAM'},{'JAM'},90,{7},5.0
2e69e927,2e69e9274,2020-11-13,7,{'JAM'},{'JAM'},70,{7},5.0
2e69e927,2e69e9274,2020-11-13,13,{'JAM'},{'JAM_STAND_STILL_TRAFFIC'},33,{7},5.0
2e69e927,2e69e9274,2020-11-13,17,{'JAM'},{'JAM_HEAVY_TRAFFIC'},34,{7},5.0
2e69e927,2e69e9274,2020-11-13,18,{'JAM'},"{'JAM_STAND_STILL_TRAFFIC', 'JAM_HEAVY_TRAFFIC'}",62,{7},5.0
2e69e927,2e69e9274,2020-11-14,20,{'JAM'},{'JAM'},65,{7},5.0
2e69e927,2e69e9274,2020-11-15,12,{'JAM'},{'JAM'},30,{7},5.0
2e69e927,2e69e9274,2020-11-15,15,{'JAM'},{'JAM_HEAVY_TRAFFIC'},29,{7},5.0
2e69e927,2e69e9274,2020-11-16,6,{'JAM'},{'JAM'},31,{7},5.0
2e69e927,2e69e9274,2020-11-18,7,{'JAM'},{'JAM_STAND_STILL_TRAFFIC'},42,{7},6.261904761904762
2e69e927,2e69e9274,2020-11-19,7,{'JAM'},{'JAM'},62,{7},5.0
2e69e927,2e69e9274,2020-11-20,7,{'JAM'},{'JAM_HEAVY_TRAFFIC'},19,{7},5.0
2e69e927,2e69e9274,2020-11-20,14,{'JAM'},{'JAM'},31,{7},5.0
2e69e927,2e69e9274,2020-11-21,9,{'JAM'},{'JAM'},90,{7},5.0
2e69e927,2e69e9274,2020-11-21,14,{'JAM'},{'JAM_STAND_STILL_TRAFFIC'},57,{7},5.0
2e69e927,2e69e927c,2020-09-01,7,{'JAM'},{'JAM'},30,{7},5.0
2e69e927,2e69e927c,2020-09-01,18,"{'JAM', 'WEATHERHAZARD'}","{'JAM', 'HAZARD_ON_ROAD_CAR_STOPPED'}",81,{7},5.987654320987654
2e69e927,2e69e927c,2020-09-05,21,{'JAM'},"{'JAM_STAND_STILL_TRAFFIC', 'JAM_HEAVY_TRAFFIC'}",44,{7},5.0
2e69e927,2e69e927c,2020-09-06,11,{'JAM'},{'JAM_MODERATE_TRAFFIC'},32,{7},5.0
2e69e927,2e69e927c,2020-09-06,13,{'WEATHERHAZARD'},{'HAZARD_ON_ROAD_CAR_STOPPED'},32,{7},5.8125
2e69e927,2e69e927c,2020-09-06,19,{'JAM'},{'JAM_MODERATE_TRAFFIC'},30,{7},5.666666666666667
2e69e927,2e69e927c,2020-09-07,13,{'JAM'},{'JAM_STAND_STILL_TRAFFIC'},31,{7},5.0
2e69e927,2e69e927c,2020-09-08,17,{'WEATHERHAZARD'},{'HAZARD_ON_ROAD_CAR_STOPPED'},30,{7},5.0
2e69e927,2e69e927c,2020-09-10,14,{'WEATHERHAZARD'},{'HAZARD_ON_ROAD_CAR_STOPPED'},32,{7},5.46875
2e69e927,2e69e927c,2020-09-10,15,{'WEATHERHAZARD'},{'HAZARD_ON_ROAD_CAR_STOPPED'},52,{7},5.923076923076923
2e69e927,2e69e927c,2020-09-10,18,{'JAM'},"{'JAM', 'JAM_STAND_STILL_TRAFFIC'}",61,{7},5.0
2e69e927,2e69e927c,2020-09-11,18,{'JAM'},{'JAM_HEAVY_TRAFFIC'},33,{7},5.7272727272727275
2e69e927,2e69e927c,2020-09-11,20,{'JAM'},{'JAM_HEAVY_TRAFFIC'},31,{7},5.0
2e69e927,2e69e927c,2020-09-12,21,{'WEATHERHAZARD'},{'HAZARD_ON_ROAD_CAR_STOPPED'},30,{7},5.0
2e69e927,2e69e927c,2020-09-13,8,{'JAM'},{'JAM_STAND_STILL_TRAFFIC'},17,{7},5.0
2e69e927,2e69e927c,2020-09-13,10,{'WEATHERHAZARD'},{'HAZARD_ON_ROAD_CAR_STOPPED'},31,{7},5.580645161290323
2e69e927,2e69e927c,2020-09-13,16,{'WEATHERHAZARD'},{'HAZARD_ON_ROAD_CAR_STOPPED'},41,{7},5.365853658536586
2e69e927,2e69e927c,2020-09-15,15,{'JAM'},{'JAM_STAND_STILL_TRAFFIC'},51,{7},5.196078431372549
2e69e927,2e69e927c,2020-09-16,9,{'JAM'},{'JAM_STAND_STILL_TRAFFIC'},32,{7},5.0
2e69e927,2e69e927c,2020-09-19,7,{'WEATHERHAZARD'},{'HAZARD_ON_ROAD_CAR_STOPPED'},30,{7},5.0
2e69e927,2e69e927c,2020-09-19,8,{'JAM'},{'JAM'},96,"{22, 7}",5.0
2e69e927,2e69e927c,2020-09-19,11,"{'JAM', 'WEATHERHAZARD'}","{'JAM', 'HAZARD_ON_ROAD_CAR_STOPPED', 'JAM_HEAVY_TRAFFIC'}",92,{7},5.282608695652174
2e69e927,2e69e927c,2020-09-19,13,{'JAM'},{'JAM_STAND_STILL_TRAFFIC'},30,{7},6.0
2e69e927,2e69e927c,2020-09-20,7,{'WEATHERHAZARD'},{'HAZARD_ON_ROAD_CAR_STOPPED'},31,{7},5.0
2e69e927,2e69e927c,2020-09-20,11,{'JAM'},{'JAM'},30,{7},5.0
2e69e927,2e69e927c,2020-09-23,17,{'WEATHERHAZARD'},{'HAZARD_ON_ROAD_CAR_STOPPED'},41,{7},5.658536585365853
2e69e927,2e69e927c,2020-09-23,20,{'WEATHERHAZARD'},{'HAZARD_ON_ROAD_CAR_STOPPED'},31,{7},5.32258064516129
2e69e927,2e69e927c,2020-09-26,12,{'JAM'},{'JAM_HEAVY_TRAFFIC'},30,{7},5.0
2e69e927,2e69e927c,2020-09-26,18,{'JAM'},{'JAM_STAND_STILL_TRAFFIC'},38,{7},5.421052631578948
2e69e927,2e69e927c,2020-09-27,8,{'WEATHERHAZARD'},{'HAZARD_ON_ROAD_CAR_STOPPED'},31,{7},5.0
2e69e927,2e69e927c,2020-09-28,18,{'JAM'},{'JAM_STAND_STILL_TRAFFIC'},44,{7},5.363636363636363
2e69e927,2e69e927c,2020-10-01,16,{'JAM'},{'JAM'},62,{7},5.0
2e69e927,2e69e927c,2020-10-02,6,{'JAM'},{'JAM_STAND_STILL_TRAFFIC'},16,{7},5.0
2e69e927,2e69e927c,2020-10-02,20,{'JAM'},{'JAM_STAND_STILL_TRAFFIC'},29,{7},5.0
2e69e927,2e69e927c,2020-10-03,19,"{'JAM', 'WEATHERHAZARD'}","{'HAZARD_ON_ROAD_CAR_STOPPED', 'JAM_MODERATE_TRAFFIC'}",43,{7},5.232558139534884
2e69e927,2e69e927c,2020-10-04,11,{'JAM'},{'JAM_HEAVY_TRAFFIC'},30,{7},5.0
2e69e927,2e69e927c,2020-10-04,16,{'JAM'},{'JAM_HEAVY_TRAFFIC'},32,{7},5.0
2e69e927,2e69e927c,2020-10-05,11,{'JAM'},{'JAM_HEAVY_TRAFFIC'},33,{7},5.0
2e69e927,2e69e927c,2020-10-05,18,{'JAM'},{'JAM_STAND_STILL_TRAFFIC'},44,{7},5.386363636363637
2e69e927,2e69e927c,2020-10-07,7,{'WEATHERHAZARD'},{'HAZARD_ON_ROAD_CAR_STOPPED'},94,{7},5.372340425531915
2e69e927,2e69e927c,2020-10-09,7,{'JAM'},"{'JAM', 'JAM_STAND_STILL_TRAFFIC'}",62,{7},5.0
2e69e927,2e69e927c,2020-10-09,8,{'JAM'},{'JAM_HEAVY_TRAFFIC'},31,{7},5.870967741935484
2e69e927,2e69e927c,2020-10-09,9,{'JAM'},"{'JAM', 'JAM_STAND_STILL_TRAFFIC'}",65,{7},5.461538461538462
2e69e927,2e69e927c,2020-10-09,16,"{'JAM', 'WEATHERHAZARD'}","{'JAM', 'HAZARD_ON_ROAD_CAR_STOPPED'}",62,{7},5.0
2e69e927,2e69e927c,2020-10-09,17,"{'JAM', 'WEATHERHAZARD'}","{'JAM', 'HAZARD_ON_ROAD_CAR_STOPPED', 'JAM_HEAVY_TRAFFIC'}",93,{7},5.053763440860215
2e69e927,2e69e927c,2020-10-09,20,{'JAM'},{'JAM_HEAVY_TRAFFIC'},34,{7},5.0
2e69e927,2e69e927c,2020-10-10,12,{'JAM'},{'JAM'},18,{7},5.0
2e69e927,2e69e927c,2020-10-10,15,{'JAM'},{'JAM'},30,{7},5.0
2e69e927,2e69e927c,2020-10-10,17,{'JAM'},{'JAM'},31,{7},5.0
2e69e927,2e69e927c,2020-10-10,18,{'JAM'},{'JAM_STAND_STILL_TRAFFIC'},30,{7},5.8
2e69e927,2e69e927c,2020-10-11,11,{'JAM'},{'JAM_STAND_STILL_TRAFFIC'},30,{7},6.0
2e69e927,2e69e927c,2020-10-11,14,{'JAM'},{'JAM_MODERATE_TRAFFIC'},30,{7},5.0
2e69e927,2e69e927c,2020-10-12,15,"{'JAM', 'WEATHERHAZARD'}","{'JAM', 'HAZARD_ON_ROAD_CAR_STOPPED'}",45,{7},5.111111111111111
2e69e927,2e69e927c,2020-10-16,17,{'JAM'},{'JAM'},31,{7},5.0
2e69e927,2e69e927c,2020-10-17,11,{'JAM'},{'JAM_STAND_STILL_TRAFFIC'},32,{7},5.0
2e69e927,2e69e927c,2020-10-17,19,{'JAM'},{'JAM'},67,{7},5.0
2e69e927,2e69e927c,2020-10-18,11,{'WEATHERHAZARD'},{'HAZARD_ON_ROAD_CAR_STOPPED'},3,{7},5.0
2e69e927,2e69e927c,2020-10-18,16,{'JAM'},{'JAM'},31,{7},5.0
2e69e927,2e69e927c,2020-10-21,14,{'JAM'},{'JAM_STAND_STILL_TRAFFIC'},31,{7},5.0
2e69e927,2e69e927c,2020-10-23,18,"{'JAM', 'WEATHERHAZARD'}","{'JAM', 'HAZARD_ON_ROAD_CAR_STOPPED'}",60,{7},5.383333333333334
2e69e927,2e69e927c,2020-10-24,9,{'JAM'},{'JAM_HEAVY_TRAFFIC'},6,{7},5.0
2e69e927,2e69e927c,2020-10-24,12,{'WEATHERHAZARD'},{'HAZARD_ON_ROAD_CAR_STOPPED'},32,{7},5.0
2e69e927,2e69e927c,2020-10-24,14,{'JAM'},{'JAM_STAND_STILL_TRAFFIC'},3,{7},5.666666666666667
2e69e927,2e69e927c,2020-10-24,16,{'JAM'},{'JAM_HEAVY_TRAFFIC'},31,{7},5.0
2e69e927,2e69e927c,2020-10-24,17,{'JAM'},"{'JAM_STAND_STILL_TRAFFIC', 'JAM_HEAVY_TRAFFIC'}",93,{7},5.311827956989247
2e69e927,2e69e927c,2020-10-24,18,{'JAM'},{'JAM_STAND_STILL_TRAFFIC'},33,{7},5.9393939393939394
2e69e927,2e69e927c,2020-10-25,13,{'JAM'},{'JAM_HEAVY_TRAFFIC'},34,{7},6.0
2e69e927,2e69e927c,2020-10-27,15,{'JAM'},{'JAM_STAND_STILL_TRAFFIC'},32,{7},5.0
2e69e927,2e69e927c,2020-10-27,20,{'JAM'},{'JAM_STAND_STILL_TRAFFIC'},7,{7},5.714285714285714
2e69e927,2e69e927c,2020-10-28,13,{'JAM'},{'JAM_HEAVY_TRAFFIC'},16,{7},6.0
2e69e927,2e69e927c,2020-10-29,10,{'JAM'},{'JAM_STAND_STILL_TRAFFIC'},30,{7},5.0
2e69e927,2e69e927c,2020-10-29,13,{'JAM'},{'JAM_STAND_STILL_TRAFFIC'},30,{7},5.0
2e69e927,2e69e927c,2020-10-29,17,{'JAM'},{'JAM_STAND_STILL_TRAFFIC'},10,{7},5.0
2e69e927,2e69e927c,2020-10-30,13,{'JAM'},{'JAM'},31,{7},5.0
2e69e927,2e69e927c,2020-10-30,14,{'JAM'},{'JAM_STAND_STILL_TRAFFIC'},30,{7},5.0
2e69e927,2e69e927c,2020-10-30,16,{'JAM'},{'JAM'},13,{7},5.0
2e69e927,2e69e927c,2020-10-31,12,{'JAM'},{'JAM_STAND_STILL_TRAFFIC'},31,{7},5.0
2e69e927,2e69e927c,2020-10-31,16,{'JAM'},{'JAM_STAND_STILL_TRAFFIC'},5,{7},5.0
2e69e927,2e69e927c,2020-10-31,17,{'JAM'},"{'JAM_STAND_STILL_TRAFFIC', 'JAM_HEAVY_TRAFFIC'}",71,{7},6.197183098591549
2e69e927,2e69e927c,2020-10-31,20,"{'JAM', 'WEATHERHAZARD'}","{'HAZARD_ON_ROAD_CAR_STOPPED', 'JAM_MODERATE_TRAFFIC'}",50,{7},5.16
2e69e927,2e69e927c,2020-11-01,9,{'JAM'},{'JAM_STAND_STILL_TRAFFIC'},31,{7},5.612903225806452
2e69e927,2e69e927c,2020-11-01,10,{'JAM'},{'JAM_HEAVY_TRAFFIC'},64,{7},5.453125
2e69e927,2e69e927c,2020-11-01,15,{'JAM'},"{'JAM', 'JAM_MODERATE_TRAFFIC', 'JAM_HEAVY_TRAFFIC'}",109,{7},5.963302752293578
2e69e927,2e69e927c,2020-11-01,17,{'JAM'},{'JAM_STAND_STILL_TRAFFIC'},31,{7},5.0
2e69e927,2e69e927c,2020-11-02,9,{'JAM'},{'JAM_STAND_STILL_TRAFFIC'},31,{7},5.935483870967742
2e69e927,2e69e927c,2020-11-02,16,{'WEATHERHAZARD'},{'HAZARD_ON_ROAD_CAR_STOPPED'},30,{7},6.766666666666667
2e69e927,2e69e927c,2020-11-03,17,"{'JAM', 'WEATHERHAZARD'}","{'JAM', 'HAZARD_ON_ROAD_CAR_STOPPED'}",62,{7},5.338709677419355
2e69e927,2e69e927c,2020-11-04,14,{'JAM'},{'JAM_STAND_STILL_TRAFFIC'},32,{7},5.8125
2e69e927,2e69e927c,2020-11-04,16,{'JAM'},{'JAM_STAND_STILL_TRAFFIC'},30,{7},5.0
2e69e927,2e69e927c,2020-11-05,17,{'JAM'},{'JAM'},30,{7},5.0
2e69e927,2e69e927c,2020-11-06,14,"{'JAM', 'WEATHERHAZARD'}","{'JAM', 'HAZARD_ON_ROAD_CAR_STOPPED'}",73,{7},5.0
2e69e927,2e69e927c,2020-11-07,10,{'JAM'},{'JAM_HEAVY_TRAFFIC'},2,{7},5.0
2e69e927,2e69e927c,2020-11-07,14,"{'JAM', 'WEATHERHAZARD'}","{'JAM', 'HAZARD_ON_ROAD_CAR_STOPPED', 'JAM_HEAVY_TRAFFIC'}",49,{7},5.081632653061225
2e69e927,2e69e927c,2020-11-07,17,{'JAM'},{'JAM_STAND_STILL_TRAFFIC'},22,{7},6.954545454545454
2e69e927,2e69e927c,2020-11-07,19,{'JAM'},{'JAM_STAND_STILL_TRAFFIC'},31,{7},5.0
2e69e927,2e69e927c,2020-11-07,20,{'JAM'},{'JAM'},13,{7},5.0
2e69e927,2e69e927c,2020-11-08,16,{'JAM'},{'JAM'},19,{7},5.0
2e69e927,2e69e927c,2020-11-08,18,{'JAM'},{'JAM_STAND_STILL_TRAFFIC'},31,{7},5.0
2e69e927,2e69e927c,2020-11-09,19,{'WEATHERHAZARD'},{'HAZARD_ON_ROAD_CAR_STOPPED'},33,{7},7.696969696969697
2e69e927,2e69e927c,2020-11-11,8,{'JAM'},{'JAM_STAND_STILL_TRAFFIC'},34,{7},5.4411764705882355
2e69e927,2e69e927c,2020-11-12,10,"{'JAM', 'WEATHERHAZARD'}","{'JAM', 'HAZARD_ON_ROAD_CAR_STOPPED'}",80,{7},5.9375
2e69e927,2e69e927c,2020-11-12,18,{'JAM'},{'JAM_HEAVY_TRAFFIC'},30,{7},5.0
2e69e927,2e69e927c,2020-11-13,7,{'JAM'},{'JAM'},21,{7},5.0
2e69e927,2e69e927c,2020-11-14,9,{'JAM'},{'JAM_STAND_STILL_TRAFFIC'},61,{7},5.0
2e69e927,2e69e927c,2020-11-14,11,{'JAM'},{'JAM_HEAVY_TRAFFIC'},12,{7},5.0
2e69e927,2e69e927c,2020-11-14,15,{'JAM'},{'JAM_STAND_STILL_TRAFFIC'},30,{7},5.0
2e69e927,2e69e927c,2020-11-14,17,"{'JAM', 'WEATHERHAZARD'}","{'HAZARD_ON_ROAD_CAR_STOPPED', 'JAM_STAND_STILL_TRAFFIC'}",51,{7},5.254901960784314
2e69e927,2e69e927c,2020-11-14,20,"{'JAM', 'WEATHERHAZARD'}","{'JAM', 'HAZARD_ON_ROAD_CAR_STOPPED'}",33,{7},5.03030303030303
2e69e927,2e69e927c,2020-11-15,12,{'WEATHERHAZARD'},{'HAZARD_ON_ROAD_CAR_STOPPED'},27,{7},5.592592592592593
2e69e927,2e69e927c,2020-11-20,14,"{'JAM', 'WEATHERHAZARD'}","{'JAM', 'HAZARD_ON_ROAD_CAR_STOPPED'}",62,{7},5.0
2e69e927,2e69e927c,2020-11-20,15,{'WEATHERHAZARD'},{'HAZARD_WEATHER_FLOOD'},32,{7},5.96875
2e69e927,2e69e927c,2020-11-21,9,{'JAM'},{'JAM'},30,{7},5.0
2e69e929,2e69e9284,2020-09-25,22,{'JAM'},{'JAM'},6,{1},5.0
2e69e92b,2e69e92bc,2020-10-31,16,{'JAM'},{'JAM'},31,{1},5.0
2e69e931,2e69e9304,2020-11-03,17,{'JAM'},{'JAM_STAND_STILL_TRAFFIC'},26,{4},5.0
2e69e931,2e69e9304,2020-11-07,13,{'JAM'},{'JAM_STAND_STILL_TRAFFIC'},1,{4},5.0
2e69e931,2e69e9304,2020-11-13,19,{'JAM'},{'JAM_HEAVY_TRAFFIC'},31,{4},5.0
2e69e931,2e69e9304,2020-11-16,19,{'JAM'},{'JAM_STAND_STILL_TRAFFIC'},41,{4},8.902439024390244
2e69e931,2e69e931c,2020-10-01,9,{'JAM'},{'JAM_HEAVY_TRAFFIC'},30,{1},5.0
2e69e935,2e69e934c,2020-09-16,18,{'ACCIDENT'},{'ACCIDENT'},124,{1},5.983870967741935
2e69e935,2e69e934c,2020-10-04,19,{'ACCIDENT'},{'ACCIDENT'},120,{1},5.0
2e69e935,2e69e934c,2020-10-07,17,{'JAM'},{'JAM_HEAVY_TRAFFIC'},30,{2},5.0
2e69e935,2e69e934c,2020-10-25,15,{'JAM'},{'JAM_HEAVY_TRAFFIC'},32,{2},5.0
2e69e935,2e69e9354,2020-10-22,7,{'JAM'},{'JAM_STAND_STILL_TRAFFIC'},32,{1},5.0
2e69e937,2e69e9364,2020-10-03,12,{'JAM'},{'JAM'},5,{22},5.0
2e69e937,2e69e936c,2020-10-20,12,{'JAM'},{'JAM'},33,{1},5.0
2e69e939,2e69e9384,2020-09-01,20,{'JAM'},{'JAM'},31,{7},5.0
2e69e939,2e69e9384,2020-09-04,16,{'JAM'},{'JAM_HEAVY_TRAFFIC'},30,{7},5.0
2e69e939,2e69e9384,2020-09-06,13,{'JAM'},{'JAM_HEAVY_TRAFFIC'},32,{7},5.0
2e69e939,2e69e9384,2020-09-10,14,"{'JAM', 'WEATHERHAZARD'}","{'JAM', 'HAZARD_ON_ROAD_CAR_STOPPED'}",83,{7},6.144578313253012
2e69e939,2e69e9384,2020-09-12,10,{'JAM'},{'JAM'},31,{7},5.645161290322581
2e69e939,2e69e9384,2020-09-12,14,{'JAM'},{'JAM_STAND_STILL_TRAFFIC'},30,{7},5.566666666666666
2e69e939,2e69e9384,2020-09-12,19,{'JAM'},{'JAM_STAND_STILL_TRAFFIC'},31,{7},5.0
2e69e939,2e69e9384,2020-09-20,11,{'JAM'},{'JAM'},36,{7},5.0
2e69e939,2e69e9384,2020-09-22,19,{'JAM'},{'JAM_MODERATE_TRAFFIC'},30,{7},5.0
2e69e939,2e69e9384,2020-09-23,18,{'JAM'},{'JAM_MODERATE_TRAFFIC'},33,{7},5.0
2e69e939,2e69e9384,2020-09-23,20,{'JAM'},{'JAM'},6,{7},5.0
2e69e939,2e69e9384,2020-09-25,19,{'JAM'},{'JAM_HEAVY_TRAFFIC'},33,{7},5.0
2e69e939,2e69e9384,2020-09-26,13,{'JAM'},{'JAM_STAND_STILL_TRAFFIC'},33,{7},5.0
2e69e939,2e69e9384,2020-09-26,14,{'JAM'},{'JAM_STAND_STILL_TRAFFIC'},30,{7},5.0
2e69e939,2e69e9384,2020-09-26,15,{'JAM'},{'JAM_STAND_STILL_TRAFFIC'},64,{7},5.0
2e69e939,2e69e9384,2020-09-26,16,{'JAM'},{'JAM_STAND_STILL_TRAFFIC'},10,{7},5.0
2e69e939,2e69e9384,2020-09-30,7,{'JAM'},{'JAM_STAND_STILL_TRAFFIC'},30,{7},5.0
2e69e939,2e69e9384,2020-10-01,10,{'JAM'},{'JAM_MODERATE_TRAFFIC'},32,{7},5.0
2e69e939,2e69e9384,2020-10-01,11,{'JAM'},{'JAM_STAND_STILL_TRAFFIC'},32,{7},5.0
2e69e939,2e69e9384,2020-10-01,18,{'JAM'},{'JAM'},32,{7},5.96875
2e69e939,2e69e9384,2020-10-02,6,{'ACCIDENT'},{'ACCIDENT_MAJOR'},122,{7},5.0
2e69e939,2e69e9384,2020-10-02,19,{'JAM'},{'JAM_MODERATE_TRAFFIC'},31,{7},5.0
2e69e939,2e69e9384,2020-10-03,10,{'JAM'},{'JAM_MODERATE_TRAFFIC'},31,{7},5.0
2e69e939,2e69e9384,2020-10-03,14,{'JAM'},{'JAM_HEAVY_TRAFFIC'},64,{7},5.0
2e69e939,2e69e9384,2020-10-04,14,{'JAM'},{'JAM_STAND_STILL_TRAFFIC'},30,{7},5.0
2e69e939,2e69e9384,2020-10-05,17,{'JAM'},{'JAM_HEAVY_TRAFFIC'},31,{7},5.0
2e69e939,2e69e9384,2020-10-06,13,{'JAM'},"{'JAM', 'JAM_STAND_STILL_TRAFFIC'}",26,{7},5.0
2e69e939,2e69e9384,2020-10-08,10,{'JAM'},{'JAM_HEAVY_TRAFFIC'},31,{7},5.0
2e69e939,2e69e9384,2020-10-10,10,{'JAM'},{'JAM_HEAVY_TRAFFIC'},32,{7},5.53125
2e69e939,2e69e9384,2020-10-12,8,{'JAM'},{'JAM_STAND_STILL_TRAFFIC'},32,{7},5.0
2e69e939,2e69e9384,2020-10-13,16,{'WEATHERHAZARD'},{'HAZARD_ON_ROAD_CAR_STOPPED'},36,{7},6.305555555555555
2e69e939,2e69e9384,2020-10-13,18,{'JAM'},{'JAM_HEAVY_TRAFFIC'},32,{7},5.0
2e69e939,2e69e9384,2020-10-14,8,{'JAM'},{'JAM_STAND_STILL_TRAFFIC'},9,{7},5.0
2e69e939,2e69e9384,2020-10-14,11,{'JAM'},{'JAM_HEAVY_TRAFFIC'},94,{7},5.319148936170213
2e69e939,2e69e9384,2020-10-17,11,{'JAM'},{'JAM_HEAVY_TRAFFIC'},62,{7},5.0
2e69e939,2e69e9384,2020-10-17,17,{'JAM'},{'JAM_STAND_STILL_TRAFFIC'},32,{7},5.0
2e69e939,2e69e9384,2020-10-17,19,{'JAM'},{'JAM'},31,{7},5.0
2e69e939,2e69e9384,2020-10-18,11,{'JAM'},{'JAM_HEAVY_TRAFFIC'},28,{7},5.0
2e69e939,2e69e9384,2020-10-19,11,{'JAM'},{'JAM_MODERATE_TRAFFIC'},31,{7},5.0
2e69e939,2e69e9384,2020-10-19,13,{'JAM'},{'JAM'},32,{7},5.0
2e69e939,2e69e9384,2020-10-19,19,{'JAM'},{'JAM_HEAVY_TRAFFIC'},30,{7},5.0
2e69e939,2e69e9384,2020-10-21,7,{'JAM'},{'JAM_STAND_STILL_TRAFFIC'},32,{7},5.0
2e69e939,2e69e9384,2020-10-23,9,{'JAM'},{'JAM_STAND_STILL_TRAFFIC'},32,{7},5.625
2e69e939,2e69e9384,2020-10-24,13,{'JAM'},{'JAM_STAND_STILL_TRAFFIC'},43,{7},5.348837209302325
2e69e939,2e69e9384,2020-10-24,14,{'JAM'},{'JAM_MODERATE_TRAFFIC'},31,{7},5.0
2e69e939,2e69e9384,2020-10-24,19,{'JAM'},{'JAM_HEAVY_TRAFFIC'},32,{7},5.96875
2e69e939,2e69e9384,2020-10-25,21,{'JAM'},{'JAM_HEAVY_TRAFFIC'},33,{7},5.0
2e69e939,2e69e9384,2020-10-26,14,{'JAM'},{'JAM_HEAVY_TRAFFIC'},31,{7},5.0
2e69e939,2e69e9384,2020-10-27,7,{'JAM'},{'JAM_STAND_STILL_TRAFFIC'},30,{7},5.0
2e69e939,2e69e9384,2020-10-27,13,{'JAM'},{'JAM_STAND_STILL_TRAFFIC'},25,{7},5.0
2e69e939,2e69e9384,2020-10-27,14,{'JAM'},{'JAM_STAND_STILL_TRAFFIC'},61,{7},5.0
2e69e939,2e69e9384,2020-10-27,16,{'JAM'},{'JAM_STAND_STILL_TRAFFIC'},65,{7},5.0
2e69e939,2e69e9384,2020-10-27,17,{'JAM'},{'JAM_STAND_STILL_TRAFFIC'},33,{7},5.0
2e69e939,2e69e9384,2020-10-28,14,{'JAM'},{'JAM_HEAVY_TRAFFIC'},39,{7},6.358974358974359
2e69e939,2e69e9384,2020-10-29,10,{'JAM'},{'JAM_STAND_STILL_TRAFFIC'},30,{7},5.0
2e69e939,2e69e9384,2020-10-29,12,{'JAM'},{'JAM_STAND_STILL_TRAFFIC'},33,{7},5.0
2e69e939,2e69e9384,2020-10-29,13,{'JAM'},{'JAM_STAND_STILL_TRAFFIC'},33,{7},5.0
2e69e939,2e69e9384,2020-10-29,19,{'JAM'},{'JAM_STAND_STILL_TRAFFIC'},36,{7},5.0
2e69e939,2e69e9384,2020-10-30,19,{'JAM'},{'JAM_HEAVY_TRAFFIC'},30,{7},5.0
2e69e939,2e69e9384,2020-10-31,14,{'JAM'},{'JAM_STAND_STILL_TRAFFIC'},31,{7},5.0
2e69e939,2e69e9384,2020-10-31,15,{'JAM'},{'JAM_STAND_STILL_TRAFFIC'},20,{7},6.0
2e69e939,2e69e9384,2020-10-31,20,{'JAM'},{'JAM_STAND_STILL_TRAFFIC'},46,{7},5.391304347826087
2e69e939,2e69e9384,2020-11-03,7,{'JAM'},{'JAM_STAND_STILL_TRAFFIC'},31,{7},5.0
2e69e939,2e69e9384,2020-11-03,9,{'JAM'},{'JAM_STAND_STILL_TRAFFIC'},30,{7},5.0
2e69e939,2e69e9384,2020-11-03,18,{'JAM'},{'JAM_HEAVY_TRAFFIC'},45,{7},5.222222222222222
2e69e939,2e69e9384,2020-11-03,21,{'JAM'},{'JAM_STAND_STILL_TRAFFIC'},11,{7},5.0
2e69e939,2e69e9384,2020-11-04,18,{'JAM'},{'JAM_HEAVY_TRAFFIC'},33,{7},5.0
2e69e939,2e69e9384,2020-11-05,19,{'JAM'},{'JAM_STAND_STILL_TRAFFIC'},31,{7},5.0
2e69e939,2e69e9384,2020-11-07,13,{'JAM'},{'JAM_HEAVY_TRAFFIC'},30,{7},5.0
2e69e939,2e69e9384,2020-11-07,17,{'JAM'},{'JAM_HEAVY_TRAFFIC'},30,{7},5.0
2e69e939,2e69e9384,2020-11-09,18,{'JAM'},{'JAM_HEAVY_TRAFFIC'},29,{7},5.0
2e69e939,2e69e9384,2020-11-11,17,{'JAM'},{'JAM_HEAVY_TRAFFIC'},31,{7},5.806451612903226
2e69e939,2e69e9384,2020-11-13,20,{'JAM'},{'JAM_HEAVY_TRAFFIC'},30,{7},5.0
2e69e939,2e69e9384,2020-11-14,11,{'JAM'},{'JAM_HEAVY_TRAFFIC'},30,{7},5.0
2e69e939,2e69e9384,2020-11-14,13,{'JAM'},{'JAM_STAND_STILL_TRAFFIC'},28,{7},5.0
2e69e939,2e69e9384,2020-11-14,14,{'JAM'},{'JAM_HEAVY_TRAFFIC'},28,{7},5.0
2e69e939,2e69e9384,2020-11-16,17,{'JAM'},{'JAM_HEAVY_TRAFFIC'},32,{7},5.0
2e69e939,2e69e9384,2020-11-17,17,{'JAM'},{'JAM_STAND_STILL_TRAFFIC'},31,{7},5.967741935483871
2e69e939,2e69e9384,2020-11-17,19,{'JAM'},{'JAM_HEAVY_TRAFFIC'},30,{7},5.6
2e69e939,2e69e9384,2020-11-18,8,{'JAM'},{'JAM_HEAVY_TRAFFIC'},30,{7},5.633333333333334
2e69e939,2e69e9384,2020-11-18,13,{'JAM'},{'JAM'},32,{7},5.0
2e69e939,2e69e9384,2020-11-18,20,{'JAM'},{'JAM_HEAVY_TRAFFIC'},31,{7},5.0
2e69e939,2e69e9384,2020-11-19,9,{'JAM'},{'JAM_HEAVY_TRAFFIC'},30,{7},6.0
2e69e939,2e69e9384,2020-11-20,17,{'JAM'},{'JAM_STAND_STILL_TRAFFIC'},30,{7},5.966666666666667
2e69e939,2e69e9384,2020-11-21,11,{'JAM'},{'JAM_MODERATE_TRAFFIC'},11,{7},5.0
2e69e939,2e69e9384,2020-11-21,14,{'JAM'},"{'JAM_STAND_STILL_TRAFFIC', 'JAM_HEAVY_TRAFFIC'}",60,{7},5.0
2e69e939,2e69e9384,2020-11-21,16,{'JAM'},{'JAM_STAND_STILL_TRAFFIC'},30,{7},5.0
2e69e939,2e69e9384,2020-11-21,17,{'JAM'},{'JAM_STAND_STILL_TRAFFIC'},13,{7},5.0
2e69e939,2e69e9384,2020-11-22,14,{'JAM'},{'JAM_HEAVY_TRAFFIC'},20,{7},5.0
2e69e939,2e69e9384,2020-11-22,19,{'JAM'},{'JAM_HEAVY_TRAFFIC'},26,{7},5.0
2e69e939,2e69e939c,2020-09-01,20,{'JAM'},"{'JAM_STAND_STILL_TRAFFIC', 'JAM_HEAVY_TRAFFIC'}",58,{7},5.0
2e69e939,2e69e939c,2020-09-05,18,{'JAM'},"{'JAM_STAND_STILL_TRAFFIC', 'JAM_HEAVY_TRAFFIC'}",59,{7},5.0
2e69e939,2e69e939c,2020-09-08,19,{'JAM'},{'JAM_HEAVY_TRAFFIC'},33,{7},5.0
2e69e939,2e69e939c,2020-09-10,14,{'JAM'},{'JAM'},30,{7},5.0
2e69e939,2e69e939c,2020-09-12,19,{'JAM'},{'JAM_HEAVY_TRAFFIC'},7,{7},5.0
2e69e939,2e69e939c,2020-09-24,8,{'JAM'},{'JAM_STAND_STILL_TRAFFIC'},31,{7},5.0
2e69e939,2e69e939c,2020-09-26,15,{'JAM'},{'JAM_STAND_STILL_TRAFFIC'},31,{7},5.967741935483871
2e69e939,2e69e939c,2020-10-01,18,{'JAM'},{'JAM'},31,{7},6.0
2e69e939,2e69e939c,2020-10-01,19,{'JAM'},{'JAM_STAND_STILL_TRAFFIC'},15,{7},5.0
2e69e939,2e69e939c,2020-10-02,19,{'JAM'},{'JAM_STAND_STILL_TRAFFIC'},30,{7},7.933333333333334
2e69e939,2e69e939c,2020-10-03,10,{'WEATHERHAZARD'},{'HAZARD_ON_SHOULDER_CAR_STOPPED'},34,{7},5.823529411764706
2e69e939,2e69e939c,2020-10-03,11,{'JAM'},{'JAM_STAND_STILL_TRAFFIC'},31,{7},6.225806451612903
2e69e939,2e69e939c,2020-10-04,18,{'JAM'},{'JAM_STAND_STILL_TRAFFIC'},5,{7},5.0
2e69e939,2e69e939c,2020-10-05,17,{'JAM'},"{'JAM_MODERATE_TRAFFIC', 'JAM_HEAVY_TRAFFIC'}",56,{7},5.571428571428571
2e69e939,2e69e939c,2020-10-06,18,{'JAM'},{'JAM_HEAVY_TRAFFIC'},30,{7},5.0
2e69e939,2e69e939c,2020-10-12,7,{'JAM'},{'JAM'},5,{7},5.0
2e69e939,2e69e939c,2020-10-13,18,{'JAM'},{'JAM_HEAVY_TRAFFIC'},30,{7},5.0
2e69e939,2e69e939c,2020-10-14,10,{'WEATHERHAZARD'},{'HAZARD_ON_SHOULDER_CAR_STOPPED'},30,{7},5.0
2e69e939,2e69e939c,2020-10-16,19,{'JAM'},{'JAM_MODERATE_TRAFFIC'},28,{7},5.928571428571429
2e69e939,2e69e939c,2020-10-17,11,{'JAM'},{'JAM_STAND_STILL_TRAFFIC'},42,{7},6.309523809523809
2e69e939,2e69e939c,2020-10-17,12,{'JAM'},{'JAM_HEAVY_TRAFFIC'},31,{7},5.0
2e69e939,2e69e939c,2020-10-17,13,{'JAM'},{'JAM'},31,{7},5.0
2e69e939,2e69e939c,2020-10-19,19,{'JAM'},{'JAM_HEAVY_TRAFFIC'},30,{7},5.0
2e69e939,2e69e939c,2020-10-23,19,{'JAM'},{'JAM_STAND_STILL_TRAFFIC'},36,{7},5.5
2e69e939,2e69e939c,2020-10-24,11,{'JAM'},{'JAM_HEAVY_TRAFFIC'},20,{7},5.0
2e69e939,2e69e939c,2020-10-24,17,{'JAM'},{'JAM_STAND_STILL_TRAFFIC'},30,{7},5.5
2e69e939,2e69e939c,2020-10-25,15,{'JAM'},{'JAM_STAND_STILL_TRAFFIC'},23,{7},5.0
2e69e939,2e69e939c,2020-10-27,8,{'JAM'},{'JAM_HEAVY_TRAFFIC'},36,{7},5.0
2e69e939,2e69e939c,2020-10-27,13,{'JAM'},{'JAM_STAND_STILL_TRAFFIC'},32,{7},5.0
2e69e939,2e69e939c,2020-10-27,17,{'JAM'},{'JAM_HEAVY_TRAFFIC'},30,{7},5.0
2e69e939,2e69e939c,2020-10-28,14,{'JAM'},{'JAM_STAND_STILL_TRAFFIC'},88,{7},5.8522727272727275
2e69e939,2e69e939c,2020-10-29,11,{'JAM'},{'JAM_HEAVY_TRAFFIC'},30,{7},5.0
2e69e939,2e69e939c,2020-10-29,12,{'JAM'},"{'JAM_STAND_STILL_TRAFFIC', 'JAM_HEAVY_TRAFFIC'}",64,{7},5.484375
2e69e939,2e69e939c,2020-11-03,8,{'JAM'},{'JAM_STAND_STILL_TRAFFIC'},31,{7},5.0
2e69e939,2e69e939c,2020-11-03,18,{'JAM'},{'JAM_HEAVY_TRAFFIC'},32,{7},5.0
2e69e939,2e69e939c,2020-11-03,20,{'JAM'},{'JAM_STAND_STILL_TRAFFIC'},12,{7},5.0
2e69e939,2e69e939c,2020-11-04,16,{'JAM'},{'JAM_MODERATE_TRAFFIC'},35,{7},5.0
2e69e939,2e69e939c,2020-11-04,18,{'JAM'},{'JAM_HEAVY_TRAFFIC'},30,{7},5.0
2e69e939,2e69e939c,2020-11-05,7,{'JAM'},{'JAM_STAND_STILL_TRAFFIC'},32,{7},5.0
2e69e939,2e69e939c,2020-11-06,17,{'JAM'},{'JAM_STAND_STILL_TRAFFIC'},6,{7},5.0
2e69e939,2e69e939c,2020-11-06,18,{'JAM'},{'JAM_STAND_STILL_TRAFFIC'},62,{7},5.0
2e69e939,2e69e939c,2020-11-07,10,{'JAM'},{'JAM_HEAVY_TRAFFIC'},30,{7},5.0
2e69e939,2e69e939c,2020-11-09,6,{'JAM'},{'JAM_STAND_STILL_TRAFFIC'},32,{7},5.0
2e69e939,2e69e939c,2020-11-09,15,{'JAM'},{'JAM_STAND_STILL_TRAFFIC'},5,{7},5.0
2e69e939,2e69e939c,2020-11-09,19,{'JAM'},{'JAM'},31,{7},5.0
2e69e939,2e69e939c,2020-11-10,16,{'JAM'},{'JAM_MODERATE_TRAFFIC'},31,{7},5.0
2e69e939,2e69e939c,2020-11-10,18,{'JAM'},{'JAM_STAND_STILL_TRAFFIC'},19,{7},5.0
2e69e939,2e69e939c,2020-11-11,8,{'JAM'},{'JAM_HEAVY_TRAFFIC'},18,{7},5.0
2e69e939,2e69e939c,2020-11-11,18,{'JAM'},{'JAM_STAND_STILL_TRAFFIC'},31,{7},5.0
2e69e939,2e69e939c,2020-11-13,20,{'JAM'},{'JAM_HEAVY_TRAFFIC'},34,{7},5.0
2e69e939,2e69e939c,2020-11-14,13,{'JAM'},{'JAM_STAND_STILL_TRAFFIC'},29,{7},5.931034482758621
2e69e939,2e69e939c,2020-11-14,15,{'JAM'},{'JAM_STAND_STILL_TRAFFIC'},31,{7},5.0
2e69e939,2e69e939c,2020-11-14,18,{'JAM'},{'JAM_MODERATE_TRAFFIC'},15,{7},5.0
2e69e939,2e69e939c,2020-11-16,19,{'JAM'},"{'JAM_STAND_STILL_TRAFFIC', 'JAM_HEAVY_TRAFFIC'}",63,"{1, 7}",5.349206349206349
2e69e939,2e69e939c,2020-11-17,8,{'JAM'},{'JAM_STAND_STILL_TRAFFIC'},30,{7},5.0
2e69e939,2e69e939c,2020-11-18,13,{'JAM'},{'JAM'},63,{7},5.0
2e69e939,2e69e939c,2020-11-18,18,{'JAM'},{'JAM_STAND_STILL_TRAFFIC'},70,{7},5.514285714285714
2e69e939,2e69e939c,2020-11-20,16,{'JAM'},{'JAM_HEAVY_TRAFFIC'},27,{7},5.0
2e69e939,2e69e939c,2020-11-21,13,{'JAM'},{'JAM_STAND_STILL_TRAFFIC'},8,{7},5.875
2e69e939,2e69e939c,2020-11-21,14,{'JAM'},{'JAM'},33,{7},5.0
2e69e93b,2e69e93a4,2020-09-01,20,{'JAM'},{'JAM_STAND_STILL_TRAFFIC'},30,{7},5.0
2e69e93b,2e69e93a4,2020-09-01,21,{'JAM'},{'JAM_STAND_STILL_TRAFFIC'},30,{7},5.0
2e69e93b,2e69e93a4,2020-09-05,14,{'JAM'},{'JAM_HEAVY_TRAFFIC'},6,{7},5.0
2e69e93b,2e69e93a4,2020-09-07,19,{'JAM'},{'JAM_STAND_STILL_TRAFFIC'},28,{7},5.964285714285714
2e69e93b,2e69e93a4,2020-09-08,18,{'JAM'},{'JAM_STAND_STILL_TRAFFIC'},19,{7},5.0
2e69e93b,2e69e93a4,2020-09-09,12,{'JAM'},{'JAM_MODERATE_TRAFFIC'},21,{7},5.0
2e69e93b,2e69e93a4,2020-09-10,14,{'JAM'},"{'JAM', 'JAM_HEAVY_TRAFFIC'}",50,{7},5.0
2e69e93b,2e69e93a4,2020-09-11,18,{'JAM'},{'JAM_STAND_STILL_TRAFFIC'},32,{7},6.75
2e69e93b,2e69e93a4,2020-09-20,11,{'WEATHERHAZARD'},{'HAZARD_ON_ROAD_CAR_STOPPED'},30,{7},5.0
2e69e93b,2e69e93a4,2020-09-23,20,{'WEATHERHAZARD'},{'HAZARD_ON_ROAD_CAR_STOPPED'},24,{7},5.916666666666667
2e69e93b,2e69e93a4,2020-09-26,11,{'ACCIDENT'},{'ACCIDENT'},73,{7},5.273972602739726
2e69e93b,2e69e93a4,2020-09-26,13,{'JAM'},{'JAM_HEAVY_TRAFFIC'},35,{7},6.142857142857143
2e69e93b,2e69e93a4,2020-09-26,14,{'JAM'},{'JAM_STAND_STILL_TRAFFIC'},61,{7},5.0
2e69e93b,2e69e93a4,2020-10-02,18,{'JAM'},{'JAM_HEAVY_TRAFFIC'},27,{7},5.0
2e69e93b,2e69e93a4,2020-10-02,20,{'JAM'},{'JAM_STAND_STILL_TRAFFIC'},30,{7},5.0
2e69e93b,2e69e93a4,2020-10-03,14,{'JAM'},{'JAM_STAND_STILL_TRAFFIC'},22,{7},5.0
2e69e93b,2e69e93a4,2020-10-03,16,{'JAM'},{'JAM_HEAVY_TRAFFIC'},16,{7},5.3125
2e69e93b,2e69e93a4,2020-10-06,9,{'JAM'},{'JAM_STAND_STILL_TRAFFIC'},8,{7},5.0
2e69e93b,2e69e93a4,2020-10-06,18,{'JAM'},{'JAM_HEAVY_TRAFFIC'},31,{7},5.0
2e69e93b,2e69e93a4,2020-10-08,17,{'WEATHERHAZARD'},{'HAZARD_WEATHER_FLOOD'},31,{7},5.0
2e69e93b,2e69e93a4,2020-10-08,18,{'JAM'},{'JAM_HEAVY_TRAFFIC'},32,{7},5.0
2e69e93b,2e69e93a4,2020-10-13,16,{'WEATHERHAZARD'},{'HAZARD_ON_ROAD_CAR_STOPPED'},35,{7},6.285714285714286
2e69e93b,2e69e93a4,2020-10-16,9,{'JAM'},{'JAM_STAND_STILL_TRAFFIC'},22,{7},6.0
2e69e93b,2e69e93a4,2020-10-16,20,{'JAM'},{'JAM_STAND_STILL_TRAFFIC'},30,{7},5.0
2e69e93b,2e69e93a4,2020-10-17,12,{'JAM'},{'JAM_STAND_STILL_TRAFFIC'},5,{7},5.0
2e69e93b,2e69e93a4,2020-10-17,13,{'JAM'},"{'JAM_STAND_STILL_TRAFFIC', 'JAM_HEAVY_TRAFFIC'}",64,{7},5.578125
2e69e93b,2e69e93a4,2020-10-17,17,{'JAM'},{'JAM_STAND_STILL_TRAFFIC'},32,{7},5.0
2e69e93b,2e69e93a4,2020-10-17,19,{'JAM'},{'JAM'},33,{7},5.0
2e69e93b,2e69e93a4,2020-10-19,19,{'JAM'},{'JAM_STAND_STILL_TRAFFIC'},25,{7},5.0
2e69e93b,2e69e93a4,2020-10-20,18,{'JAM'},{'JAM_STAND_STILL_TRAFFIC'},20,{7},5.0
2e69e93b,2e69e93a4,2020-10-21,7,{'JAM'},{'JAM_MODERATE_TRAFFIC'},30,{7},5.0
2e69e93b,2e69e93a4,2020-10-24,11,{'JAM'},{'JAM_STAND_STILL_TRAFFIC'},31,{7},5.0
2e69e93b,2e69e93a4,2020-10-24,12,{'JAM'},{'JAM_STAND_STILL_TRAFFIC'},30,{7},5.0
2e69e93b,2e69e93a4,2020-10-24,13,{'JAM'},{'JAM_HEAVY_TRAFFIC'},19,{7},5.0
2e69e93b,2e69e93a4,2020-10-24,14,{'JAM'},"{'JAM_MODERATE_TRAFFIC', 'JAM_HEAVY_TRAFFIC'}",61,{7},5.0
2e69e93b,2e69e93a4,2020-10-24,19,{'JAM'},{'JAM_HEAVY_TRAFFIC'},32,{7},5.0
2e69e93b,2e69e93a4,2020-10-28,14,{'JAM'},{'JAM_STAND_STILL_TRAFFIC'},104,{7},5.423076923076923
2e69e93b,2e69e93a4,2020-10-29,13,{'JAM'},{'JAM'},31,{7},5.0
2e69e93b,2e69e93a4,2020-10-31,14,{'JAM'},{'JAM_STAND_STILL_TRAFFIC'},30,{7},5.0
2e69e93b,2e69e93a4,2020-10-31,15,{'JAM'},{'JAM_HEAVY_TRAFFIC'},32,{7},6.0
2e69e93b,2e69e93a4,2020-11-03,7,{'JAM'},{'JAM_STAND_STILL_TRAFFIC'},35,{7},5.0
2e69e93b,2e69e93a4,2020-11-03,18,{'JAM'},{'JAM_HEAVY_TRAFFIC'},30,{7},5.0
2e69e93b,2e69e93a4,2020-11-03,19,{'JAM'},{'JAM_HEAVY_TRAFFIC'},30,{7},5.0
2e69e93b,2e69e93a4,2020-11-04,8,{'JAM'},{'JAM_MODERATE_TRAFFIC'},30,{7},5.0
2e69e93b,2e69e93a4,2020-11-07,11,"{'JAM', 'ACCIDENT'}","{'JAM_STAND_STILL_TRAFFIC', 'ACCIDENT'}",55,{7},5.345454545454546
2e69e93b,2e69e93a4,2020-11-07,13,{'JAM'},{'JAM_STAND_STILL_TRAFFIC'},33,{7},5.0
2e69e93b,2e69e93a4,2020-11-09,6,{'JAM'},{'JAM_HEAVY_TRAFFIC'},32,{7},5.0
2e69e93b,2e69e93a4,2020-11-09,18,{'JAM'},{'JAM_HEAVY_TRAFFIC'},30,{7},5.0
2e69e93b,2e69e93a4,2020-11-09,19,{'JAM'},{'JAM'},31,{7},5.0
2e69e93b,2e69e93a4,2020-11-11,19,{'JAM'},{'JAM_STAND_STILL_TRAFFIC'},30,{7},5.0
2e69e93b,2e69e93a4,2020-11-11,20,{'JAM'},{'JAM_STAND_STILL_TRAFFIC'},27,{7},5.0
2e69e93b,2e69e93a4,2020-11-12,19,{'JAM'},{'JAM_HEAVY_TRAFFIC'},30,{7},5.0
2e69e93b,2e69e93a4,2020-11-13,20,{'JAM'},{'JAM_STAND_STILL_TRAFFIC'},32,{7},5.96875
2e69e93b,2e69e93a4,2020-11-14,12,{'JAM'},{'JAM_STAND_STILL_TRAFFIC'},31,{7},5.0
2e69e93b,2e69e93a4,2020-11-14,13,{'JAM'},{'JAM_STAND_STILL_TRAFFIC'},27,{7},5.0
2e69e93b,2e69e93a4,2020-11-14,15,{'JAM'},{'JAM_STAND_STILL_TRAFFIC'},31,{7},5.0
2e69e93b,2e69e93a4,2020-11-14,20,{'JAM'},{'JAM'},32,{7},5.0
2e69e93b,2e69e93a4,2020-11-16,20,{'JAM'},{'JAM_STAND_STILL_TRAFFIC'},30,{7},5.0
2e69e93b,2e69e93a4,2020-11-18,13,"{'JAM', 'WEATHERHAZARD'}","{'JAM', 'HAZARD_ON_ROAD_CONSTRUCTION'}",88,{7},6.5227272727272725
2e69e93b,2e69e93a4,2020-11-18,14,{'WEATHERHAZARD'},{'HAZARD_ON_ROAD_CONSTRUCTION'},15,{7},5.133333333333334
2e69e93b,2e69e93a4,2020-11-18,16,{'WEATHERHAZARD'},{'HAZARD_ON_ROAD_CAR_STOPPED'},33,{7},6.818181818181818
2e69e93b,2e69e93a4,2020-11-18,17,{'WEATHERHAZARD'},{'HAZARD_ON_SHOULDER_CAR_STOPPED'},30,{7},5.833333333333333
2e69e93b,2e69e93a4,2020-11-18,19,{'JAM'},{'JAM_HEAVY_TRAFFIC'},32,{7},5.0
2e69e93b,2e69e93a4,2020-11-20,20,{'JAM'},{'JAM_HEAVY_TRAFFIC'},31,{7},5.67741935483871
2e69e93b,2e69e93a4,2020-11-21,13,{'JAM'},"{'JAM_STAND_STILL_TRAFFIC', 'JAM_HEAVY_TRAFFIC'}",15,{7},5.0
2e69e93b,2e69e93a4,2020-11-21,14,{'JAM'},{'JAM_STAND_STILL_TRAFFIC'},34,{7},5.5
2e69e93b,2e69e93ac,2020-09-01,18,{'JAM'},{'JAM_STAND_STILL_TRAFFIC'},70,{4},5.742857142857143
2e69e93b,2e69e93ac,2020-09-01,19,{'JAM'},{'JAM_STAND_STILL_TRAFFIC'},76,{4},6.473684210526316
2e69e93b,2e69e93ac,2020-09-04,18,{'JAM'},"{'JAM', 'JAM_STAND_STILL_TRAFFIC'}",104,"{4, 7}",6.0673076923076925
2e69e93b,2e69e93ac,2020-09-05,12,{'JAM'},{'JAM_STAND_STILL_TRAFFIC'},34,{7},8.088235294117647
2e69e93b,2e69e93ac,2020-09-05,13,{'JAM'},{'JAM_HEAVY_TRAFFIC'},60,"{4, 7}",5.0
2e69e93b,2e69e93ac,2020-09-05,14,{'JAM'},{'JAM_STAND_STILL_TRAFFIC'},31,{4},5.0
2e69e93b,2e69e93ac,2020-09-05,17,{'JAM'},{'JAM_HEAVY_TRAFFIC'},29,{4},5.0
2e69e93b,2e69e93ac,2020-09-06,19,{'JAM'},{'JAM'},30,{4},5.0
2e69e93b,2e69e93ac,2020-09-07,19,{'JAM'},{'JAM_STAND_STILL_TRAFFIC'},28,{7},5.0
2e69e93b,2e69e93ac,2020-09-12,15,{'JAM'},{'JAM_STAND_STILL_TRAFFIC'},31,{4},5.0
2e69e93b,2e69e93ac,2020-09-12,18,{'JAM'},{'JAM_STAND_STILL_TRAFFIC'},34,{4},5.0
2e69e93b,2e69e93ac,2020-09-25,17,{'JAM'},{'JAM_STAND_STILL_TRAFFIC'},30,{4},5.0
2e69e93b,2e69e93ac,2020-09-25,19,{'JAM'},{'JAM_STAND_STILL_TRAFFIC'},29,{4},5.0
2e69e93b,2e69e93ac,2020-09-26,15,{'JAM'},{'JAM_HEAVY_TRAFFIC'},8,{4},5.0
2e69e93b,2e69e93ac,2020-09-26,16,{'JAM'},{'JAM_STAND_STILL_TRAFFIC'},32,{4},5.0
2e69e93b,2e69e93ac,2020-09-26,17,"{'JAM', 'WEATHERHAZARD'}","{'HAZARD_ON_ROAD_CAR_STOPPED', 'JAM_STAND_STILL_TRAFFIC', 'JAM_HEAVY_TRAFFIC'}",75,{4},5.28
2e69e93b,2e69e93ac,2020-09-28,18,{'JAM'},{'JAM_HEAVY_TRAFFIC'},6,{4},5.0
2e69e93b,2e69e93ac,2020-09-30,16,{'JAM'},{'JAM_STAND_STILL_TRAFFIC'},7,{4},5.0
2e69e93b,2e69e93ac,2020-10-01,8,{'JAM'},{'JAM_STAND_STILL_TRAFFIC'},31,{7},5.0
2e69e93b,2e69e93ac,2020-10-01,11,{'JAM'},{'JAM_HEAVY_TRAFFIC'},12,{7},5.0
2e69e93b,2e69e93ac,2020-10-01,18,{'JAM'},{'JAM_STAND_STILL_TRAFFIC'},32,{7},5.0
2e69e93b,2e69e93ac,2020-10-03,11,{'JAM'},"{'JAM_STAND_STILL_TRAFFIC', 'JAM_HEAVY_TRAFFIC'}",65,{4},5.415384615384616
2e69e93b,2e69e93ac,2020-10-03,12,{'JAM'},"{'JAM_STAND_STILL_TRAFFIC', 'JAM_HEAVY_TRAFFIC'}",23,{4},5.130434782608695
2e69e93b,2e69e93ac,2020-10-03,13,{'JAM'},{'JAM_HEAVY_TRAFFIC'},44,{4},7.7727272727272725
2e69e93b,2e69e93ac,2020-10-03,14,{'JAM'},{'JAM_STAND_STILL_TRAFFIC'},31,{7},6.354838709677419
2e69e93b,2e69e93ac,2020-10-03,15,{'JAM'},{'JAM_HEAVY_TRAFFIC'},6,{4},5.0
2e69e93b,2e69e93ac,2020-10-03,18,{'JAM'},{'JAM_STAND_STILL_TRAFFIC'},32,{4},5.0
2e69e93b,2e69e93ac,2020-10-06,17,{'JAM'},{'JAM_STAND_STILL_TRAFFIC'},30,{4},5.0
2e69e93b,2e69e93ac,2020-10-08,18,{'JAM'},{'JAM_STAND_STILL_TRAFFIC'},31,{7},5.0
2e69e93b,2e69e93ac,2020-10-09,14,{'JAM'},{'JAM_STAND_STILL_TRAFFIC'},6,{4},5.0
2e69e93b,2e69e93ac,2020-10-10,13,{'JAM'},{'JAM_STAND_STILL_TRAFFIC'},30,{4},5.7
2e69e93b,2e69e93ac,2020-10-13,18,{'JAM'},{'JAM_MODERATE_TRAFFIC'},30,{7},5.0
2e69e93b,2e69e93ac,2020-10-16,16,{'JAM'},{'JAM_STAND_STILL_TRAFFIC'},27,{7},5.0
2e69e93b,2e69e93ac,2020-10-16,17,{'JAM'},{'JAM_HEAVY_TRAFFIC'},28,{4},5.0
2e69e93b,2e69e93ac,2020-10-17,11,{'JAM'},{'JAM_STAND_STILL_TRAFFIC'},58,{4},5.4655172413793105
2e69e93b,2e69e93ac,2020-10-17,13,{'JAM'},"{'JAM_STAND_STILL_TRAFFIC', 'JAM_HEAVY_TRAFFIC'}",61,"{4, 7}",5.459016393442623
2e69e93b,2e69e93ac,2020-10-17,16,{'JAM'},{'JAM_STAND_STILL_TRAFFIC'},31,{4},5.548387096774194
2e69e93b,2e69e93ac,2020-10-17,19,{'JAM'},{'JAM'},32,{7},5.0
2e69e93b,2e69e93ac,2020-10-17,20,{'JAM'},{'JAM_STAND_STILL_TRAFFIC'},34,{4},5.0
2e69e93b,2e69e93ac,2020-10-19,15,{'JAM'},{'JAM'},14,{4},5.0
2e69e93b,2e69e93ac,2020-10-21,16,{'JAM'},{'JAM'},31,{4},5.0
2e69e93b,2e69e93ac,2020-10-24,10,{'JAM'},{'JAM_STAND_STILL_TRAFFIC'},5,{4},5.0
2e69e93b,2e69e93ac,2020-10-24,11,{'JAM'},{'JAM_STAND_STILL_TRAFFIC'},51,{4},6.666666666666667
2e69e93b,2e69e93ac,2020-10-24,12,"{'JAM', 'WEATHERHAZARD'}","{'JAM', 'HAZARD_ON_ROAD_CAR_STOPPED', 'JAM_STAND_STILL_TRAFFIC'}",73,{4},5.684931506849315
2e69e93b,2e69e93ac,2020-10-24,14,{'JAM'},{'JAM'},6,{4},5.0
2e69e93b,2e69e93ac,2020-10-24,17,{'JAM'},"{'JAM_STAND_STILL_TRAFFIC', 'JAM_HEAVY_TRAFFIC'}",58,{4},5.844827586206897
2e69e93b,2e69e93ac,2020-10-24,18,{'JAM'},{'JAM_STAND_STILL_TRAFFIC'},39,{4},5.0
2e69e93b,2e69e93ac,2020-10-26,8,{'JAM'},{'JAM_HEAVY_TRAFFIC'},33,{7},5.0
2e69e93b,2e69e93ac,2020-10-26,13,{'JAM'},{'JAM_STAND_STILL_TRAFFIC'},33,{4},6.0606060606060606
2e69e93b,2e69e93ac,2020-10-26,16,{'JAM'},{'JAM_STAND_STILL_TRAFFIC'},31,{7},5.516129032258065
2e69e93b,2e69e93ac,2020-10-26,17,{'JAM'},{'JAM_HEAVY_TRAFFIC'},34,{7},5.0
2e69e93b,2e69e93ac,2020-10-26,18,{'JAM'},{'JAM_STAND_STILL_TRAFFIC'},100,{4},5.0
2e69e93b,2e69e93ac,2020-10-27,17,{'JAM'},{'JAM_STAND_STILL_TRAFFIC'},30,{4},5.0
2e69e93b,2e69e93ac,2020-10-27,20,{'JAM'},{'JAM_STAND_STILL_TRAFFIC'},14,{4},5.0
2e69e93b,2e69e93ac,2020-10-28,20,{'JAM'},{'JAM_HEAVY_TRAFFIC'},33,{7},5.0
2e69e93b,2e69e93ac,2020-10-29,11,{'JAM'},{'JAM_STAND_STILL_TRAFFIC'},7,{4},5.0
2e69e93b,2e69e93ac,2020-10-29,19,{'JAM'},{'JAM_HEAVY_TRAFFIC'},24,{7},6.0
2e69e93b,2e69e93ac,2020-10-30,18,{'JAM'},{'JAM_MODERATE_TRAFFIC'},6,{4},5.0
2e69e93b,2e69e93ac,2020-10-31,12,{'JAM'},{'JAM_STAND_STILL_TRAFFIC'},28,{4},9.071428571428571
2e69e93b,2e69e93ac,2020-10-31,13,{'JAM'},{'JAM_STAND_STILL_TRAFFIC'},6,{4},5.0
2e69e93b,2e69e93ac,2020-11-01,20,{'JAM'},{'JAM_STAND_STILL_TRAFFIC'},31,{7},5.0
2e69e93b,2e69e93ac,2020-11-04,17,{'JAM'},{'JAM_HEAVY_TRAFFIC'},31,{4},5.0
2e69e93b,2e69e93ac,2020-11-07,13,{'JAM'},"{'JAM_STAND_STILL_TRAFFIC', 'JAM_HEAVY_TRAFFIC'}",35,{4},5.828571428571428
2e69e93b,2e69e93ac,2020-11-07,14,{'JAM'},{'JAM_HEAVY_TRAFFIC'},50,{4},5.0
2e69e93b,2e69e93ac,2020-11-09,18,{'JAM'},{'JAM_STAND_STILL_TRAFFIC'},31,{7},5.0
2e69e93b,2e69e93ac,2020-11-09,20,{'JAM'},{'JAM_MODERATE_TRAFFIC'},18,{7},5.0
2e69e93b,2e69e93ac,2020-11-10,16,{'JAM'},{'JAM_STAND_STILL_TRAFFIC'},31,{7},5.0
2e69e93b,2e69e93ac,2020-11-11,20,{'JAM'},{'JAM'},7,{4},5.0
2e69e93b,2e69e93ac,2020-11-12,19,{'JAM'},{'JAM_STAND_STILL_TRAFFIC'},30,{7},5.866666666666666
2e69e93b,2e69e93ac,2020-11-13,19,{'JAM'},{'JAM_STAND_STILL_TRAFFIC'},41,{4},6.170731707317073
2e69e93b,2e69e93ac,2020-11-14,12,{'JAM'},{'JAM_STAND_STILL_TRAFFIC'},31,{4},5.0
2e69e93b,2e69e93ac,2020-11-14,14,{'JAM'},{'JAM_HEAVY_TRAFFIC'},5,{4},5.0
2e69e93b,2e69e93ac,2020-11-14,16,{'JAM'},{'JAM_STAND_STILL_TRAFFIC'},5,{4},5.0
2e69e93b,2e69e93ac,2020-11-16,18,{'JAM'},{'JAM_HEAVY_TRAFFIC'},5,{4},5.0
2e69e93b,2e69e93ac,2020-11-16,19,{'JAM'},"{'JAM_STAND_STILL_TRAFFIC', 'JAM_HEAVY_TRAFFIC'}",29,{4},5.827586206896552
2e69e93b,2e69e93ac,2020-11-16,20,"{'JAM', 'WEATHERHAZARD'}","{'HAZARD_ON_SHOULDER_CAR_STOPPED', 'JAM_STAND_STILL_TRAFFIC'}",74,{4},6.54054054054054
2e69e93b,2e69e93ac,2020-11-18,13,{'JAM'},{'JAM'},55,{7},5.1454545454545455
2e69e93b,2e69e93ac,2020-11-18,17,{'JAM'},{'JAM_STAND_STILL_TRAFFIC'},31,{7},5.0
2e69e93b,2e69e93ac,2020-11-18,19,{'JAM'},{'JAM_MODERATE_TRAFFIC'},29,{7},5.586206896551724
2e69e93b,2e69e93ac,2020-11-19,17,{'JAM'},{'JAM_HEAVY_TRAFFIC'},31,{7},5.0
2e69e93b,2e69e93ac,2020-11-20,17,{'JAM'},{'JAM_STAND_STILL_TRAFFIC'},19,{7},5.0
2e69e93b,2e69e93ac,2020-11-20,18,{'JAM'},{'JAM_STAND_STILL_TRAFFIC'},17,{4},5.411764705882353
2e69e93b,2e69e93ac,2020-11-20,19,{'JAM'},{'JAM_STAND_STILL_TRAFFIC'},27,"{4, 7}",5.0
2e69e93b,2e69e93ac,2020-11-21,12,{'JAM'},{'JAM_MODERATE_TRAFFIC'},13,{7},5.0
2e69e93b,2e69e93ac,2020-11-21,13,{'JAM'},"{'JAM_STAND_STILL_TRAFFIC', 'JAM_HEAVY_TRAFFIC'}",23,"{4, 7}",5.130434782608695
2e69e93b,2e69e93b4,2020-09-01,21,{'JAM'},{'JAM_STAND_STILL_TRAFFIC'},30,{7},5.0
2e69e93b,2e69e93b4,2020-09-03,18,{'JAM'},{'JAM_HEAVY_TRAFFIC'},32,{7},5.0
2e69e93b,2e69e93b4,2020-09-04,18,{'JAM'},{'JAM_STAND_STILL_TRAFFIC'},30,{7},5.0
2e69e93b,2e69e93b4,2020-09-04,19,{'JAM'},{'JAM'},30,{7},5.0
2e69e93b,2e69e93b4,2020-09-05,12,{'JAM'},{'JAM_STAND_STILL_TRAFFIC'},30,{7},5.0
2e69e93b,2e69e93b4,2020-09-05,14,{'JAM'},{'JAM_STAND_STILL_TRAFFIC'},61,"{4, 7}",5.0
2e69e93b,2e69e93b4,2020-09-05,17,{'JAM'},{'JAM_STAND_STILL_TRAFFIC'},27,{7},5.7407407407407405
2e69e93b,2e69e93b4,2020-09-06,10,{'JAM'},{'JAM_HEAVY_TRAFFIC'},30,{4},5.0
2e69e93b,2e69e93b4,2020-09-06,12,{'JAM'},{'JAM_HEAVY_TRAFFIC'},26,{7},5.0
2e69e93b,2e69e93b4,2020-09-06,13,{'JAM'},{'JAM_STAND_STILL_TRAFFIC'},31,{7},5.0
2e69e93b,2e69e93b4,2020-09-07,18,{'JAM'},{'JAM_HEAVY_TRAFFIC'},31,{1},5.0
2e69e93b,2e69e93b4,2020-09-08,17,{'JAM'},"{'JAM_STAND_STILL_TRAFFIC', 'JAM_MODERATE_TRAFFIC'}",95,"{4, 7}",5.0
2e69e93b,2e69e93b4,2020-09-10,17,{'JAM'},{'JAM_STAND_STILL_TRAFFIC'},31,{7},5.0
2e69e93b,2e69e93b4,2020-09-10,18,{'JAM'},{'JAM_STAND_STILL_TRAFFIC'},31,{4},5.0
2e69e93b,2e69e93b4,2020-09-11,19,{'JAM'},{'JAM_STAND_STILL_TRAFFIC'},30,{7},5.766666666666667
2e69e93b,2e69e93b4,2020-09-12,10,{'JAM'},{'JAM_STAND_STILL_TRAFFIC'},31,{7},5.0
2e69e93b,2e69e93b4,2020-09-12,17,{'JAM'},{'JAM_STAND_STILL_TRAFFIC'},31,{7},6.419354838709677
2e69e93b,2e69e93b4,2020-09-12,18,{'JAM'},{'JAM_STAND_STILL_TRAFFIC'},27,{7},5.0
2e69e93b,2e69e93b4,2020-09-14,17,{'JAM'},{'JAM_HEAVY_TRAFFIC'},30,{7},5.0
2e69e93b,2e69e93b4,2020-09-16,17,{'JAM'},{'JAM_STAND_STILL_TRAFFIC'},41,{7},5.634146341463414
2e69e93b,2e69e93b4,2020-09-17,19,{'JAM'},{'JAM_HEAVY_TRAFFIC'},7,{7},5.0
2e69e93b,2e69e93b4,2020-09-18,16,{'JAM'},{'JAM_STAND_STILL_TRAFFIC'},60,{7},5.0
2e69e93b,2e69e93b4,2020-09-18,18,{'JAM'},{'JAM_HEAVY_TRAFFIC'},28,{7},5.0
2e69e93b,2e69e93b4,2020-09-19,10,{'JAM'},{'JAM_HEAVY_TRAFFIC'},30,{7},5.0
2e69e93b,2e69e93b4,2020-09-19,15,{'JAM'},{'JAM_HEAVY_TRAFFIC'},59,{7},5.0
2e69e93b,2e69e93b4,2020-09-22,16,{'JAM'},{'JAM_MODERATE_TRAFFIC'},30,{7},5.0
2e69e93b,2e69e93b4,2020-09-24,17,{'JAM'},{'JAM_HEAVY_TRAFFIC'},24,{7},5.0
2e69e93b,2e69e93b4,2020-09-25,17,{'JAM'},{'JAM_STAND_STILL_TRAFFIC'},31,{7},5.0
2e69e93b,2e69e93b4,2020-09-25,18,{'JAM'},"{'JAM_STAND_STILL_TRAFFIC', 'JAM_HEAVY_TRAFFIC'}",61,{7},5.0
2e69e93b,2e69e93b4,2020-09-26,9,{'JAM'},{'JAM_STAND_STILL_TRAFFIC'},17,{7},5.0
2e69e93b,2e69e93b4,2020-09-26,12,{'JAM'},{'JAM_STAND_STILL_TRAFFIC'},30,{7},5.0
2e69e93b,2e69e93b4,2020-09-26,13,{'JAM'},{'JAM_MODERATE_TRAFFIC'},30,{7},5.5
2e69e93b,2e69e93b4,2020-09-26,17,{'JAM'},"{'JAM_STAND_STILL_TRAFFIC', 'JAM_HEAVY_TRAFFIC'}",63,"{4, 7}",5.0
2e69e93b,2e69e93b4,2020-09-26,18,"{'JAM', 'WEATHERHAZARD'}","{'HAZARD_ON_ROAD_CAR_STOPPED', 'JAM_STAND_STILL_TRAFFIC'}",101,{7},5.574257425742574
2e69e93b,2e69e93b4,2020-09-27,11,{'JAM'},{'JAM_STAND_STILL_TRAFFIC'},5,{7},5.0
2e69e93b,2e69e93b4,2020-09-27,15,{'JAM'},{'JAM_STAND_STILL_TRAFFIC'},30,{7},5.0
2e69e93b,2e69e93b4,2020-09-28,17,{'JAM'},{'JAM_STAND_STILL_TRAFFIC'},63,{7},5.0
2e69e93b,2e69e93b4,2020-09-28,18,{'JAM'},{'JAM_STAND_STILL_TRAFFIC'},32,{7},5.0
2e69e93b,2e69e93b4,2020-09-29,17,{'JAM'},{'JAM_STAND_STILL_TRAFFIC'},30,{7},5.0
2e69e93b,2e69e93b4,2020-09-30,16,{'JAM'},{'JAM_STAND_STILL_TRAFFIC'},34,{7},5.0
2e69e93b,2e69e93b4,2020-09-30,17,{'JAM'},{'JAM_STAND_STILL_TRAFFIC'},30,{7},5.0
2e69e93b,2e69e93b4,2020-10-01,11,{'JAM'},{'JAM_STAND_STILL_TRAFFIC'},32,{7},5.0
2e69e93b,2e69e93b4,2020-10-01,16,{'JAM'},{'JAM_HEAVY_TRAFFIC'},30,{7},5.0
2e69e93b,2e69e93b4,2020-10-02,15,{'JAM'},{'JAM_STAND_STILL_TRAFFIC'},31,{7},5.0
2e69e93b,2e69e93b4,2020-10-02,16,{'JAM'},{'JAM_STAND_STILL_TRAFFIC'},33,{7},5.0
2e69e93b,2e69e93b4,2020-10-02,19,{'JAM'},{'JAM_HEAVY_TRAFFIC'},30,{4},5.0
2e69e93b,2e69e93b4,2020-10-03,11,{'JAM'},{'JAM_STAND_STILL_TRAFFIC'},30,{7},5.0
2e69e93b,2e69e93b4,2020-10-03,12,{'JAM'},{'JAM_HEAVY_TRAFFIC'},30,{7},5.0
2e69e93b,2e69e93b4,2020-10-03,13,{'JAM'},{'JAM_STAND_STILL_TRAFFIC'},34,{7},5.0
2e69e93b,2e69e93b4,2020-10-03,14,{'JAM'},{'JAM_STAND_STILL_TRAFFIC'},30,{7},5.0
2e69e93b,2e69e93b4,2020-10-03,15,{'JAM'},{'JAM_STAND_STILL_TRAFFIC'},67,"{4, 7}",5.2388059701492535
2e69e93b,2e69e93b4,2020-10-03,16,{'JAM'},{'JAM_STAND_STILL_TRAFFIC'},41,{7},5.780487804878049
2e69e93b,2e69e93b4,2020-10-03,17,{'JAM'},{'JAM_STAND_STILL_TRAFFIC'},77,{7},6.207792207792208
2e69e93b,2e69e93b4,2020-10-03,18,{'JAM'},{'JAM_STAND_STILL_TRAFFIC'},34,{7},5.0
2e69e93b,2e69e93b4,2020-10-03,19,{'JAM'},"{'JAM', 'JAM_MODERATE_TRAFFIC'}",125,{7},5.232
2e69e93b,2e69e93b4,2020-10-04,11,{'JAM'},{'JAM_STAND_STILL_TRAFFIC'},30,{7},5.0
2e69e93b,2e69e93b4,2020-10-04,13,{'JAM'},{'JAM_STAND_STILL_TRAFFIC'},42,{7},5.357142857142857
2e69e93b,2e69e93b4,2020-10-04,14,{'JAM'},{'JAM_STAND_STILL_TRAFFIC'},30,{7},5.0
2e69e93b,2e69e93b4,2020-10-05,17,{'JAM'},{'JAM_STAND_STILL_TRAFFIC'},32,{7},5.0
2e69e93b,2e69e93b4,2020-10-06,19,{'JAM'},{'JAM_HEAVY_TRAFFIC'},32,{7},5.0
2e69e93b,2e69e93b4,2020-10-07,6,{'JAM'},{'JAM'},32,{1},5.0
2e69e93b,2e69e93b4,2020-10-07,18,{'JAM'},{'JAM_STAND_STILL_TRAFFIC'},32,{7},5.0
2e69e93b,2e69e93b4,2020-10-08,19,{'JAM'},{'JAM_STAND_STILL_TRAFFIC'},31,{7},5.0
2e69e93b,2e69e93b4,2020-10-09,8,{'JAM'},{'JAM_STAND_STILL_TRAFFIC'},26,{7},5.0
2e69e93b,2e69e93b4,2020-10-09,14,{'JAM'},{'JAM_STAND_STILL_TRAFFIC'},27,{7},5.0
2e69e93b,2e69e93b4,2020-10-09,16,{'JAM'},{'JAM_MODERATE_TRAFFIC'},31,{7},5.0
2e69e93b,2e69e93b4,2020-10-09,19,{'JAM'},{'JAM_STAND_STILL_TRAFFIC'},32,{7},5.0
2e69e93b,2e69e93b4,2020-10-10,13,{'JAM'},{'JAM_STAND_STILL_TRAFFIC'},30,{7},5.833333333333333
2e69e93b,2e69e93b4,2020-10-10,14,{'JAM'},{'JAM_STAND_STILL_TRAFFIC'},25,{7},5.64
2e69e93b,2e69e93b4,2020-10-10,16,{'JAM'},{'JAM_STAND_STILL_TRAFFIC'},31,{7},5.0
2e69e93b,2e69e93b4,2020-10-10,17,{'JAM'},{'JAM_STAND_STILL_TRAFFIC'},31,{7},5.967741935483871
2e69e93b,2e69e93b4,2020-10-12,17,{'JAM'},{'JAM_HEAVY_TRAFFIC'},31,{7},5.0
2e69e93b,2e69e93b4,2020-10-16,16,{'JAM'},{'JAM_STAND_STILL_TRAFFIC'},30,{7},5.0
2e69e93b,2e69e93b4,2020-10-16,20,{'JAM'},{'JAM_STAND_STILL_TRAFFIC'},62,"{1, 7}",5.0
2e69e93b,2e69e93b4,2020-10-17,11,{'JAM'},{'JAM_STAND_STILL_TRAFFIC'},65,{7},5.2615384615384615
2e69e93b,2e69e93b4,2020-10-17,12,{'JAM'},{'JAM_STAND_STILL_TRAFFIC'},61,{7},5.852459016393443
2e69e93b,2e69e93b4,2020-10-17,14,{'JAM'},{'JAM_HEAVY_TRAFFIC'},32,{7},5.0
2e69e93b,2e69e93b4,2020-10-17,15,{'JAM'},{'JAM_STAND_STILL_TRAFFIC'},33,{7},5.0
2e69e93b,2e69e93b4,2020-10-17,19,{'JAM'},"{'JAM_MODERATE_TRAFFIC', 'JAM_HEAVY_TRAFFIC'}",133,{7},5.383458646616542
2e69e93b,2e69e93b4,2020-10-21,7,{'WEATHERHAZARD'},{'HAZARD_ON_ROAD_CAR_STOPPED'},25,{4},5.52
2e69e93b,2e69e93b4,2020-10-21,18,{'WEATHERHAZARD'},{'HAZARD_ON_ROAD_CAR_STOPPED'},31,{7},5.580645161290323
2e69e93b,2e69e93b4,2020-10-21,19,{'JAM'},{'JAM_STAND_STILL_TRAFFIC'},61,{7},5.0
2e69e93b,2e69e93b4,2020-10-23,17,{'JAM'},{'JAM_MODERATE_TRAFFIC'},30,{7},5.0
2e69e93b,2e69e93b4,2020-10-23,20,{'JAM'},{'JAM_STAND_STILL_TRAFFIC'},48,{7},6.208333333333333
2e69e93b,2e69e93b4,2020-10-24,10,{'JAM'},{'JAM_STAND_STILL_TRAFFIC'},31,{7},5.0
2e69e93b,2e69e93b4,2020-10-24,12,{'JAM'},{'JAM_STAND_STILL_TRAFFIC'},123,{7},5.146341463414634
2e69e93b,2e69e93b4,2020-10-24,13,{'JAM'},{'JAM_STAND_STILL_TRAFFIC'},30,{7},5.866666666666666
2e69e93b,2e69e93b4,2020-10-24,14,{'JAM'},{'JAM_STAND_STILL_TRAFFIC'},32,{7},5.75
2e69e93b,2e69e93b4,2020-10-24,16,{'JAM'},{'JAM_STAND_STILL_TRAFFIC'},35,"{4, 7}",5.0
2e69e93b,2e69e93b4,2020-10-24,17,{'JAM'},{'JAM_STAND_STILL_TRAFFIC'},105,"{4, 7}",5.485714285714286
2e69e93b,2e69e93b4,2020-10-24,18,{'JAM'},{'JAM_STAND_STILL_TRAFFIC'},31,{7},5.0
2e69e93b,2e69e93b4,2020-10-24,21,{'JAM'},{'JAM_STAND_STILL_TRAFFIC'},30,{7},5.0
2e69e93b,2e69e93b4,2020-10-25,12,{'JAM'},{'JAM_HEAVY_TRAFFIC'},28,{7},5.0
2e69e93b,2e69e93b4,2020-10-25,13,{'JAM'},"{'JAM_STAND_STILL_TRAFFIC', 'JAM_HEAVY_TRAFFIC'}",62,{7},5.0
2e69e93b,2e69e93b4,2020-10-26,11,{'JAM'},{'JAM_HEAVY_TRAFFIC'},19,{4},5.0
2e69e93b,2e69e93b4,2020-10-26,12,{'JAM'},{'JAM_STAND_STILL_TRAFFIC'},30,{7},5.0
2e69e93b,2e69e93b4,2020-10-26,13,{'JAM'},{'JAM_STAND_STILL_TRAFFIC'},30,{7},5.0
2e69e93b,2e69e93b4,2020-10-26,17,{'JAM'},{'JAM_STAND_STILL_TRAFFIC'},29,{7},6.0
2e69e93b,2e69e93b4,2020-10-26,19,{'JAM'},{'JAM_STAND_STILL_TRAFFIC'},37,{7},5.0
2e69e93b,2e69e93b4,2020-10-27,19,{'JAM'},{'JAM_HEAVY_TRAFFIC'},32,{7},6.46875
2e69e93b,2e69e93b4,2020-10-27,20,{'JAM'},{'JAM_STAND_STILL_TRAFFIC'},33,{7},5.0
2e69e93b,2e69e93b4,2020-10-28,11,{'JAM'},{'JAM_STAND_STILL_TRAFFIC'},30,{7},5.0
2e69e93b,2e69e93b4,2020-10-28,12,{'JAM'},{'JAM'},30,{7},5.0
2e69e93b,2e69e93b4,2020-10-28,13,{'JAM'},"{'JAM_STAND_STILL_TRAFFIC', 'JAM_HEAVY_TRAFFIC'}",63,{7},5.476190476190476
2e69e93b,2e69e93b4,2020-10-28,18,{'JAM'},{'JAM_STAND_STILL_TRAFFIC'},62,{7},5.0
2e69e93b,2e69e93b4,2020-10-29,10,{'JAM'},{'JAM_STAND_STILL_TRAFFIC'},31,{7},5.0
2e69e93b,2e69e93b4,2020-10-29,11,{'ACCIDENT'},{'ACCIDENT'},42,{7},6.214285714285714
2e69e93b,2e69e93b4,2020-10-29,12,{'JAM'},{'JAM_HEAVY_TRAFFIC'},33,{7},6.0
2e69e93b,2e69e93b4,2020-10-29,13,{'JAM'},{'JAM_STAND_STILL_TRAFFIC'},6,{7},5.0
2e69e93b,2e69e93b4,2020-10-29,14,{'JAM'},{'JAM_HEAVY_TRAFFIC'},33,{7},5.909090909090909
2e69e93b,2e69e93b4,2020-10-30,15,{'JAM'},{'JAM_STAND_STILL_TRAFFIC'},32,{7},5.0
2e69e93b,2e69e93b4,2020-10-31,12,{'JAM'},"{'JAM_STAND_STILL_TRAFFIC', 'JAM_HEAVY_TRAFFIC'}",49,"{4, 7}",6.183673469387755
2e69e93b,2e69e93b4,2020-10-31,15,{'JAM'},{'JAM_STAND_STILL_TRAFFIC'},32,{7},6.0
2e69e93b,2e69e93b4,2020-10-31,16,{'JAM'},{'JAM_STAND_STILL_TRAFFIC'},29,{7},5.0
2e69e93b,2e69e93b4,2020-10-31,17,{'JAM'},"{'JAM', 'JAM_STAND_STILL_TRAFFIC'}",42,{7},5.0
2e69e93b,2e69e93b4,2020-10-31,18,{'JAM'},"{'JAM_STAND_STILL_TRAFFIC', 'JAM_HEAVY_TRAFFIC'}",41,{7},5.0
2e69e93b,2e69e93b4,2020-10-31,19,{'JAM'},{'JAM_STAND_STILL_TRAFFIC'},34,{7},5.764705882352941
2e69e93b,2e69e93b4,2020-10-31,20,{'JAM'},"{'JAM', 'JAM_MODERATE_TRAFFIC'}",60,"{4, 7}",5.0
2e69e93b,2e69e93b4,2020-11-01,8,{'JAM'},{'JAM'},5,{7},5.0
2e69e93b,2e69e93b4,2020-11-01,9,{'JAM'},{'JAM_STAND_STILL_TRAFFIC'},27,{7},5.0
2e69e93b,2e69e93b4,2020-11-01,10,{'JAM'},{'JAM_STAND_STILL_TRAFFIC'},60,{7},5.233333333333333
2e69e93b,2e69e93b4,2020-11-01,11,{'JAM'},{'JAM_STAND_STILL_TRAFFIC'},60,{7},5.0
2e69e93b,2e69e93b4,2020-11-01,12,{'JAM'},{'JAM_STAND_STILL_TRAFFIC'},31,{7},5.935483870967742
2e69e93b,2e69e93b4,2020-11-01,15,{'JAM'},{'JAM_STAND_STILL_TRAFFIC'},32,{7},5.0
2e69e93b,2e69e93b4,2020-11-01,16,{'JAM'},"{'JAM_STAND_STILL_TRAFFIC', 'JAM_HEAVY_TRAFFIC'}",49,{7},5.591836734693878
2e69e93b,2e69e93b4,2020-11-01,18,{'JAM'},{'JAM_HEAVY_TRAFFIC'},5,{7},5.0
2e69e93b,2e69e93b4,2020-11-02,16,{'JAM'},{'JAM_MODERATE_TRAFFIC'},72,{7},5.0
2e69e93b,2e69e93b4,2020-11-02,18,{'JAM'},{'JAM_HEAVY_TRAFFIC'},32,{7},5.0
2e69e93b,2e69e93b4,2020-11-02,19,{'JAM'},{'JAM_STAND_STILL_TRAFFIC'},32,{7},5.0
2e69e93b,2e69e93b4,2020-11-03,17,{'JAM'},"{'JAM_MODERATE_TRAFFIC', 'JAM_HEAVY_TRAFFIC'}",50,{7},5.0
2e69e93b,2e69e93b4,2020-11-03,18,{'JAM'},{'JAM_STAND_STILL_TRAFFIC'},26,{7},5.0
2e69e93b,2e69e93b4,2020-11-03,19,{'JAM'},{'JAM_STAND_STILL_TRAFFIC'},30,{7},6.0
2e69e93b,2e69e93b4,2020-11-04,18,{'JAM'},{'JAM_STAND_STILL_TRAFFIC'},35,{7},5.0
2e69e93b,2e69e93b4,2020-11-05,17,{'JAM'},"{'JAM_STAND_STILL_TRAFFIC', 'JAM_HEAVY_TRAFFIC'}",35,{7},5.0
2e69e93b,2e69e93b4,2020-11-05,19,{'JAM'},{'JAM_HEAVY_TRAFFIC'},30,{7},6.0
2e69e93b,2e69e93b4,2020-11-06,17,{'JAM'},{'JAM_STAND_STILL_TRAFFIC'},13,{7},6.538461538461538
2e69e93b,2e69e93b4,2020-11-06,18,{'JAM'},{'JAM_STAND_STILL_TRAFFIC'},31,{7},5.0
2e69e93b,2e69e93b4,2020-11-06,20,{'JAM'},{'JAM_STAND_STILL_TRAFFIC'},31,{7},6.0
2e69e93b,2e69e93b4,2020-11-07,12,{'JAM'},{'JAM'},31,{7},5.0
2e69e93b,2e69e93b4,2020-11-07,13,{'JAM'},{'JAM_STAND_STILL_TRAFFIC'},79,{7},5.860759493670886
2e69e93b,2e69e93b4,2020-11-07,15,{'JAM'},{'JAM_STAND_STILL_TRAFFIC'},30,{7},5.0
2e69e93b,2e69e93b4,2020-11-07,16,{'JAM'},"{'JAM_STAND_STILL_TRAFFIC', 'JAM_HEAVY_TRAFFIC'}",79,{7},5.113924050632911
2e69e93b,2e69e93b4,2020-11-07,17,{'JAM'},{'JAM_STAND_STILL_TRAFFIC'},22,{7},5.0
2e69e93b,2e69e93b4,2020-11-08,13,{'JAM'},{'JAM_STAND_STILL_TRAFFIC'},32,{7},5.0
2e69e93b,2e69e93b4,2020-11-09,20,{'JAM'},"{'JAM_STAND_STILL_TRAFFIC', 'JAM_HEAVY_TRAFFIC'}",65,{7},5.0
2e69e93b,2e69e93b4,2020-11-10,17,{'JAM'},{'JAM_STAND_STILL_TRAFFIC'},43,{7},5.0
2e69e93b,2e69e93b4,2020-11-11,17,{'JAM'},{'JAM_STAND_STILL_TRAFFIC'},44,{7},5.386363636363637
2e69e93b,2e69e93b4,2020-11-11,19,{'JAM'},{'JAM_STAND_STILL_TRAFFIC'},48,{7},5.5
2e69e93b,2e69e93b4,2020-11-11,20,{'JAM'},{'JAM_STAND_STILL_TRAFFIC'},33,{7},5.0
2e69e93b,2e69e93b4,2020-11-12,18,{'JAM'},{'JAM_STAND_STILL_TRAFFIC'},30,{4},5.0
2e69e93b,2e69e93b4,2020-11-13,19,{'JAM'},{'JAM_STAND_STILL_TRAFFIC'},30,{7},5.0
2e69e93b,2e69e93b4,2020-11-13,20,{'JAM'},"{'JAM_STAND_STILL_TRAFFIC', 'JAM_HEAVY_TRAFFIC'}",66,{7},5.378787878787879
2e69e93b,2e69e93b4,2020-11-14,11,{'JAM'},{'JAM_STAND_STILL_TRAFFIC'},32,{7},5.0
2e69e93b,2e69e93b4,2020-11-14,12,{'JAM'},{'JAM_STAND_STILL_TRAFFIC'},33,{7},5.0
2e69e93b,2e69e93b4,2020-11-14,14,{'JAM'},{'JAM_STAND_STILL_TRAFFIC'},30,{7},5.966666666666667
2e69e93b,2e69e93b4,2020-11-14,15,{'JAM'},{'JAM_STAND_STILL_TRAFFIC'},32,{7},5.0
2e69e93b,2e69e93b4,2020-11-14,17,{'JAM'},{'JAM_STAND_STILL_TRAFFIC'},61,{7},5.180327868852459
2e69e93b,2e69e93b4,2020-11-14,18,{'JAM'},"{'JAM', 'JAM_STAND_STILL_TRAFFIC'}",96,{7},6.052083333333333
2e69e93b,2e69e93b4,2020-11-14,20,{'JAM'},"{'JAM', 'JAM_HEAVY_TRAFFIC'}",123,{7},5.0
2e69e93b,2e69e93b4,2020-11-15,11,{'JAM'},{'JAM_STAND_STILL_TRAFFIC'},31,{7},5.483870967741935
2e69e93b,2e69e93b4,2020-11-16,19,{'JAM'},{'JAM_STAND_STILL_TRAFFIC'},39,{7},5.410256410256411
2e69e93b,2e69e93b4,2020-11-19,17,{'JAM'},{'JAM'},5,{7},5.0
2e69e93b,2e69e93b4,2020-11-20,17,{'JAM'},{'JAM_STAND_STILL_TRAFFIC'},39,{7},5.0
2e69e93b,2e69e93b4,2020-11-20,19,{'JAM'},{'JAM_STAND_STILL_TRAFFIC'},103,{7},5.543689320388349
2e69e93b,2e69e93b4,2020-11-20,20,{'JAM'},{'JAM_STAND_STILL_TRAFFIC'},31,{7},5.516129032258065
2e69e93b,2e69e93b4,2020-11-21,13,{'JAM'},{'JAM_STAND_STILL_TRAFFIC'},26,{7},5.269230769230769
2e69e93b,2e69e93b4,2020-11-21,14,{'JAM'},{'JAM_STAND_STILL_TRAFFIC'},41,{7},6.390243902439025
2e69e93b,2e69e93b4,2020-11-21,15,{'JAM'},{'JAM_STAND_STILL_TRAFFIC'},32,{7},5.0
2e69e93b,2e69e93b4,2020-11-21,17,{'JAM'},{'JAM_STAND_STILL_TRAFFIC'},28,{7},5.785714285714286
2e69e93b,2e69e93b4,2020-11-21,20,{'JAM'},{'JAM_STAND_STILL_TRAFFIC'},13,{7},5.0
2e69e93d,2e69e93cc,2020-10-25,13,{'JAM'},{'JAM'},31,{1},5.0
2e69e93f,2e69e93f4,2020-11-21,12,{'JAM'},{'JAM_HEAVY_TRAFFIC'},5,{1},5.0
2e69e93f,2e69e93fc,2020-10-20,20,{'JAM'},{'JAM_HEAVY_TRAFFIC'},34,{1},5.0
2e69e941,2e69e9404,2020-10-01,10,{'JAM'},{'JAM_STAND_STILL_TRAFFIC'},5,{2},5.0
2e69e941,2e69e941c,2020-09-23,0,"{'JAM', 'ACCIDENT'}","{'JAM', 'ACCIDENT'}",153,{1},5.0
2e69e941,2e69e941c,2020-10-23,23,"{'JAM', 'WEATHERHAZARD', 'ACCIDENT'}","{'JAM', 'WEATHERHAZARD', 'ACCIDENT'}",185,{1},5.178378378378379
2e69e943,2e69e9434,2020-09-06,13,{'JAM'},{'JAM_HEAVY_TRAFFIC'},16,{7},5.0
2e69e943,2e69e9434,2020-09-12,20,{'JAM'},{'JAM'},32,{7},5.0
2e69e943,2e69e9434,2020-10-09,17,{'JAM'},{'JAM_STAND_STILL_TRAFFIC'},45,{7},5.333333333333333
2e69e943,2e69e9434,2020-10-17,12,{'JAM'},{'JAM_STAND_STILL_TRAFFIC'},6,{7},5.0
2e69e943,2e69e9434,2020-10-17,13,{'JAM'},{'JAM_HEAVY_TRAFFIC'},32,{7},5.0
2e69e943,2e69e9434,2020-10-17,19,{'WEATHERHAZARD'},{'HAZARD_ON_ROAD_CAR_STOPPED'},19,{7},5.7368421052631575
2e69e943,2e69e9434,2020-10-21,20,{'JAM'},{'JAM_STAND_STILL_TRAFFIC'},28,{7},5.0
2e69e943,2e69e9434,2020-11-01,14,{'ACCIDENT'},{'ACCIDENT'},130,{7},5.7384615384615385
2e69e943,2e69e9434,2020-11-07,17,{'JAM'},{'JAM_STAND_STILL_TRAFFIC'},32,{7},5.0
2e69e943,2e69e9434,2020-11-20,22,{'JAM'},{'JAM'},11,{7},5.0
2e69e943,2e69e9434,2020-11-21,14,{'JAM'},{'JAM_STAND_STILL_TRAFFIC'},31,{7},5.0
2e69e945,2e69e9444,2020-09-03,13,{'JAM'},{'JAM_STAND_STILL_TRAFFIC'},30,{7},5.0
2e69e945,2e69e9444,2020-09-03,14,{'JAM'},{'JAM_STAND_STILL_TRAFFIC'},30,{7},5.0
2e69e945,2e69e9444,2020-09-03,18,{'JAM'},{'JAM_STAND_STILL_TRAFFIC'},31,{7},5.0
2e69e945,2e69e9444,2020-09-04,17,{'JAM'},{'JAM_STAND_STILL_TRAFFIC'},31,{7},5.967741935483871
2e69e945,2e69e9444,2020-09-05,13,{'JAM'},{'JAM_HEAVY_TRAFFIC'},31,{7},5.0
2e69e945,2e69e9444,2020-09-09,15,{'JAM'},{'JAM_HEAVY_TRAFFIC'},30,{7},5.0
2e69e945,2e69e9444,2020-09-10,14,{'JAM'},{'JAM'},6,{7},5.0
2e69e945,2e69e9444,2020-09-18,18,{'JAM'},{'JAM_HEAVY_TRAFFIC'},31,{7},5.0
2e69e945,2e69e9444,2020-09-20,11,"{'JAM', 'WEATHERHAZARD'}","{'JAM', 'HAZARD_ON_ROAD_CAR_STOPPED'}",62,{7},5.0
2e69e945,2e69e9444,2020-09-23,18,{'JAM'},{'JAM_STAND_STILL_TRAFFIC'},31,{7},5.0
2e69e945,2e69e9444,2020-09-25,8,{'JAM'},{'JAM_HEAVY_TRAFFIC'},31,{7},5.0
2e69e945,2e69e9444,2020-09-25,17,{'JAM'},{'JAM_STAND_STILL_TRAFFIC'},63,{7},5.492063492063492
2e69e945,2e69e9444,2020-09-26,13,{'JAM'},{'JAM_STAND_STILL_TRAFFIC'},30,{7},5.0
2e69e945,2e69e9444,2020-09-26,15,{'JAM'},{'JAM_HEAVY_TRAFFIC'},15,{7},5.0
2e69e945,2e69e9444,2020-09-27,17,{'JAM'},{'JAM_MODERATE_TRAFFIC'},30,{7},5.0
2e69e945,2e69e9444,2020-09-28,16,{'JAM'},{'JAM_STAND_STILL_TRAFFIC'},31,{7},5.0
2e69e945,2e69e9444,2020-09-30,17,{'JAM'},{'JAM_STAND_STILL_TRAFFIC'},63,{7},5.0
2e69e945,2e69e9444,2020-10-02,17,{'JAM'},{'JAM_STAND_STILL_TRAFFIC'},97,{7},5.0
2e69e945,2e69e9444,2020-10-03,13,{'JAM'},{'JAM_HEAVY_TRAFFIC'},30,{7},5.0
2e69e945,2e69e9444,2020-10-03,16,{'JAM'},"{'JAM_STAND_STILL_TRAFFIC', 'JAM_HEAVY_TRAFFIC'}",36,{7},6.722222222222222
2e69e945,2e69e9444,2020-10-08,18,{'JAM'},{'JAM_STAND_STILL_TRAFFIC'},31,{7},5.0
2e69e945,2e69e9444,2020-10-09,16,{'JAM'},{'JAM_STAND_STILL_TRAFFIC'},31,{7},5.0
2e69e945,2e69e9444,2020-10-13,16,{'JAM'},{'JAM'},6,{7},5.0
2e69e945,2e69e9444,2020-10-15,8,{'JAM'},{'JAM_STAND_STILL_TRAFFIC'},6,{7},5.0
2e69e945,2e69e9444,2020-10-17,12,{'JAM'},{'JAM_HEAVY_TRAFFIC'},39,{7},5.410256410256411
2e69e945,2e69e9444,2020-10-17,13,{'JAM'},{'JAM_STAND_STILL_TRAFFIC'},32,{7},5.0
2e69e945,2e69e9444,2020-10-17,14,{'JAM'},{'JAM_STAND_STILL_TRAFFIC'},30,{7},5.0
2e69e945,2e69e9444,2020-10-17,16,{'JAM'},{'JAM_HEAVY_TRAFFIC'},32,{7},5.0
2e69e945,2e69e9444,2020-10-17,19,{'JAM'},{'JAM'},38,{7},5.0
2e69e945,2e69e9444,2020-10-23,14,{'JAM'},{'JAM_HEAVY_TRAFFIC'},30,{7},5.0
2e69e945,2e69e9444,2020-10-24,11,{'JAM'},{'JAM_STAND_STILL_TRAFFIC'},7,{7},5.0
2e69e945,2e69e9444,2020-10-24,14,{'JAM'},{'JAM_STAND_STILL_TRAFFIC'},62,{7},5.306451612903226
2e69e945,2e69e9444,2020-10-27,14,{'JAM'},{'JAM_STAND_STILL_TRAFFIC'},31,{7},6.0
2e69e945,2e69e9444,2020-10-28,13,{'JAM'},{'JAM_HEAVY_TRAFFIC'},78,{7},5.0
2e69e945,2e69e9444,2020-10-29,11,{'JAM'},{'JAM_HEAVY_TRAFFIC'},60,{7},5.0
2e69e945,2e69e9444,2020-10-30,13,{'JAM'},{'JAM_HEAVY_TRAFFIC'},30,{7},5.0
2e69e945,2e69e9444,2020-10-31,11,{'JAM'},{'JAM_MODERATE_TRAFFIC'},33,{7},5.0
2e69e945,2e69e9444,2020-10-31,14,"{'JAM', 'WEATHERHAZARD'}","{'HAZARD_ON_SHOULDER_CAR_STOPPED', 'JAM_STAND_STILL_TRAFFIC'}",90,{7},5.7
2e69e945,2e69e9444,2020-10-31,15,{'JAM'},{'JAM_STAND_STILL_TRAFFIC'},58,{7},6.0
2e69e945,2e69e9444,2020-10-31,16,{'JAM'},{'JAM_HEAVY_TRAFFIC'},16,{7},5.0
2e69e945,2e69e9444,2020-11-01,20,{'JAM'},{'JAM_HEAVY_TRAFFIC'},62,{7},5.0
2e69e945,2e69e9444,2020-11-02,7,{'JAM'},{'JAM_HEAVY_TRAFFIC'},30,{7},5.0
2e69e945,2e69e9444,2020-11-05,8,{'JAM'},{'JAM_HEAVY_TRAFFIC'},29,{7},5.0
2e69e945,2e69e9444,2020-11-06,9,{'JAM'},{'JAM_STAND_STILL_TRAFFIC'},30,{7},5.0
2e69e945,2e69e9444,2020-11-07,10,{'JAM'},{'JAM_STAND_STILL_TRAFFIC'},32,{7},5.96875
2e69e945,2e69e9444,2020-11-07,11,{'JAM'},{'JAM_STAND_STILL_TRAFFIC'},31,{7},5.0
2e69e945,2e69e9444,2020-11-09,9,{'JAM'},{'JAM_STAND_STILL_TRAFFIC'},9,{7},6.0
2e69e945,2e69e9444,2020-11-10,18,{'JAM'},{'JAM_STAND_STILL_TRAFFIC'},30,{7},5.0
2e69e945,2e69e9444,2020-11-11,17,{'JAM'},{'JAM_STAND_STILL_TRAFFIC'},33,{7},5.0
2e69e945,2e69e9444,2020-11-14,15,{'JAM'},{'JAM_STAND_STILL_TRAFFIC'},18,{7},5.0
2e69e945,2e69e9444,2020-11-14,20,{'JAM'},{'JAM'},33,{7},5.0
2e69e945,2e69e9444,2020-11-21,12,{'JAM'},{'JAM_HEAVY_TRAFFIC'},7,{7},5.0
2e69e945,2e69e9444,2020-11-21,13,{'JAM'},"{'JAM_STAND_STILL_TRAFFIC', 'JAM_HEAVY_TRAFFIC'}",30,{7},5.133333333333334
2e69e945,2e69e9444,2020-11-21,15,{'JAM'},{'JAM_HEAVY_TRAFFIC'},32,{7},5.0
2e69e945,2e69e9444,2020-11-22,17,{'JAM'},{'JAM_STAND_STILL_TRAFFIC'},55,{7},5.963636363636364
2e69e945,2e69e9444,2020-11-22,19,{'JAM'},{'JAM_STAND_STILL_TRAFFIC'},26,{7},5.0
2e69e945,2e69e944c,2020-09-05,12,{'JAM'},"{'JAM', 'JAM_STAND_STILL_TRAFFIC'}",60,{7},5.0
2e69e945,2e69e944c,2020-09-05,17,{'JAM'},{'JAM_STAND_STILL_TRAFFIC'},29,{7},5.0
2e69e945,2e69e944c,2020-09-12,20,{'WEATHERHAZARD'},{'HAZARD_ON_ROAD_CAR_STOPPED'},32,{7},5.0
2e69e945,2e69e944c,2020-09-22,7,{'JAM'},{'JAM_STAND_STILL_TRAFFIC'},6,{7},5.0
2e69e945,2e69e944c,2020-09-23,18,{'JAM'},{'JAM_STAND_STILL_TRAFFIC'},31,{7},5.0
2e69e945,2e69e944c,2020-09-23,20,{'WEATHERHAZARD'},{'HAZARD_ON_ROAD_CAR_STOPPED'},31,{7},5.0
2e69e945,2e69e944c,2020-09-26,16,{'JAM'},{'JAM_STAND_STILL_TRAFFIC'},10,{7},5.0
2e69e945,2e69e944c,2020-09-30,8,{'JAM'},{'JAM_STAND_STILL_TRAFFIC'},5,{7},5.0
2e69e945,2e69e944c,2020-10-01,12,{'JAM'},{'JAM_HEAVY_TRAFFIC'},28,{7},5.0
2e69e945,2e69e944c,2020-10-02,17,{'JAM'},{'JAM_STAND_STILL_TRAFFIC'},61,{7},5.0
2e69e945,2e69e944c,2020-10-03,11,{'JAM'},"{'JAM_STAND_STILL_TRAFFIC', 'JAM_HEAVY_TRAFFIC'}",61,{7},5.754098360655738
2e69e945,2e69e944c,2020-10-03,13,{'JAM'},{'JAM_STAND_STILL_TRAFFIC'},31,{7},5.0
2e69e945,2e69e944c,2020-10-08,18,{'JAM'},{'JAM_STAND_STILL_TRAFFIC'},93,{7},5.0
2e69e945,2e69e944c,2020-10-09,10,{'JAM'},{'JAM_STAND_STILL_TRAFFIC'},6,{7},5.0
2e69e945,2e69e944c,2020-10-10,14,{'JAM'},{'JAM_HEAVY_TRAFFIC'},26,{7},5.0
2e69e945,2e69e944c,2020-10-10,15,{'JAM'},{'JAM_STAND_STILL_TRAFFIC'},32,{1},5.0
2e69e945,2e69e944c,2020-10-11,18,{'JAM'},{'JAM_HEAVY_TRAFFIC'},30,{7},5.0
2e69e945,2e69e944c,2020-10-17,13,{'JAM'},{'JAM_STAND_STILL_TRAFFIC'},19,{7},5.0
2e69e945,2e69e944c,2020-10-17,16,{'JAM'},{'JAM_MODERATE_TRAFFIC'},31,{7},5.0
2e69e945,2e69e944c,2020-10-17,17,{'JAM'},{'JAM_STAND_STILL_TRAFFIC'},30,{7},5.0
2e69e945,2e69e944c,2020-10-24,11,{'JAM'},{'JAM_HEAVY_TRAFFIC'},32,{7},5.0
2e69e945,2e69e944c,2020-10-24,14,{'JAM'},{'JAM_STAND_STILL_TRAFFIC'},63,{7},5.507936507936508
2e69e945,2e69e944c,2020-10-29,12,{'JAM'},{'JAM_STAND_STILL_TRAFFIC'},64,{7},5.0
2e69e945,2e69e944c,2020-10-30,14,{'WEATHERHAZARD'},{'HAZARD_ON_SHOULDER'},30,{7},6.0
2e69e945,2e69e944c,2020-10-31,14,{'JAM'},{'JAM_STAND_STILL_TRAFFIC'},32,{7},5.0
2e69e945,2e69e944c,2020-10-31,15,{'JAM'},{'JAM_STAND_STILL_TRAFFIC'},28,{7},6.0
2e69e945,2e69e944c,2020-11-02,8,{'JAM'},{'JAM_HEAVY_TRAFFIC'},31,{7},5.0
2e69e945,2e69e944c,2020-11-02,9,{'JAM'},{'JAM_HEAVY_TRAFFIC'},30,{7},5.0
2e69e945,2e69e944c,2020-11-02,17,{'JAM'},{'JAM_STAND_STILL_TRAFFIC'},33,{7},5.0
2e69e945,2e69e944c,2020-11-02,19,{'JAM'},{'JAM_STAND_STILL_TRAFFIC'},30,{7},5.533333333333333
2e69e945,2e69e944c,2020-11-05,11,{'JAM'},{'JAM_MODERATE_TRAFFIC'},31,{7},5.0
2e69e945,2e69e944c,2020-11-07,11,{'JAM'},{'JAM_STAND_STILL_TRAFFIC'},31,{7},5.0
2e69e945,2e69e944c,2020-11-07,14,{'JAM'},{'JAM_MODERATE_TRAFFIC'},31,{7},5.0
2e69e945,2e69e944c,2020-11-14,20,{'JAM'},{'JAM'},30,{7},5.0
2e69e945,2e69e944c,2020-11-17,16,{'JAM'},{'JAM_STAND_STILL_TRAFFIC'},31,{7},5.0
2e69e945,2e69e944c,2020-11-21,13,{'JAM'},{'JAM_HEAVY_TRAFFIC'},15,{7},5.133333333333334
2e69e945,2e69e944c,2020-11-21,14,{'JAM'},{'JAM_STAND_STILL_TRAFFIC'},32,{7},5.0
2e69e945,2e69e944c,2020-11-21,15,{'JAM'},{'JAM_HEAVY_TRAFFIC'},33,{7},5.0
2e69e945,2e69e945c,2020-09-08,11,{'ACCIDENT'},{'ACCIDENT_MAJOR'},86,{1},5.0
2e69e947,2e69e9464,2020-10-20,23,{'JAM'},{'JAM'},33,{22},5.0
2e69e947,2e69e946c,2020-09-04,17,{'JAM'},{'JAM_STAND_STILL_TRAFFIC'},33,{7},5.0
2e69e947,2e69e946c,2020-09-07,17,{'JAM'},{'JAM_HEAVY_TRAFFIC'},21,{7},5.571428571428571
2e69e947,2e69e946c,2020-09-08,8,{'JAM'},{'JAM_MODERATE_TRAFFIC'},60,{7},5.0
2e69e947,2e69e946c,2020-09-08,12,{'JAM'},{'JAM_HEAVY_TRAFFIC'},26,{7},5.961538461538462
2e69e947,2e69e946c,2020-09-09,15,{'JAM'},{'JAM_HEAVY_TRAFFIC'},30,{7},5.0
2e69e947,2e69e946c,2020-09-10,14,{'WEATHERHAZARD'},{'HAZARD_ON_ROAD_CAR_STOPPED'},40,{7},5.625
2e69e947,2e69e946c,2020-09-12,18,{'JAM'},{'JAM_STAND_STILL_TRAFFIC'},31,{7},5.0
2e69e947,2e69e946c,2020-09-14,17,{'JAM'},{'JAM_STAND_STILL_TRAFFIC'},31,{7},5.0
2e69e947,2e69e946c,2020-09-18,17,{'JAM'},"{'JAM_MODERATE_TRAFFIC', 'JAM_HEAVY_TRAFFIC'}",62,{7},5.0
2e69e947,2e69e946c,2020-09-21,18,{'JAM'},{'JAM_STAND_STILL_TRAFFIC'},30,{7},5.0
2e69e947,2e69e946c,2020-09-23,7,{'JAM'},{'JAM_STAND_STILL_TRAFFIC'},32,{7},5.0
2e69e947,2e69e946c,2020-09-23,20,{'JAM'},{'JAM'},31,{7},5.0
2e69e947,2e69e946c,2020-09-25,8,{'JAM'},{'JAM_STAND_STILL_TRAFFIC'},32,{7},5.0
2e69e947,2e69e946c,2020-09-25,17,{'JAM'},{'JAM_STAND_STILL_TRAFFIC'},77,{7},5.233766233766234
2e69e947,2e69e946c,2020-09-25,20,{'JAM'},{'JAM_STAND_STILL_TRAFFIC'},31,{7},5.0
2e69e947,2e69e946c,2020-09-30,17,{'JAM'},{'JAM_STAND_STILL_TRAFFIC'},31,{7},5.967741935483871
2e69e947,2e69e946c,2020-10-03,13,{'JAM'},{'JAM_HEAVY_TRAFFIC'},32,{7},5.0
2e69e947,2e69e946c,2020-10-03,20,{'JAM'},{'JAM_STAND_STILL_TRAFFIC'},32,{7},5.0
2e69e947,2e69e946c,2020-10-08,16,{'JAM'},{'JAM_STAND_STILL_TRAFFIC'},8,{7},5.0
2e69e947,2e69e946c,2020-10-08,17,{'JAM'},{'JAM_MODERATE_TRAFFIC'},31,{7},5.0
2e69e947,2e69e946c,2020-10-08,19,{'JAM'},{'JAM_STAND_STILL_TRAFFIC'},31,{7},5.870967741935484
2e69e947,2e69e946c,2020-10-09,15,{'JAM'},{'JAM_MODERATE_TRAFFIC'},65,{7},5.0
2e69e947,2e69e946c,2020-10-10,16,{'JAM'},{'JAM_HEAVY_TRAFFIC'},8,{7},5.125
2e69e947,2e69e946c,2020-10-12,16,{'JAM'},{'JAM_HEAVY_TRAFFIC'},41,{7},5.463414634146342
2e69e947,2e69e946c,2020-10-13,16,{'JAM'},{'JAM'},65,{7},5.0
2e69e947,2e69e946c,2020-10-14,11,{'JAM'},{'JAM_HEAVY_TRAFFIC'},66,{7},5.0
2e69e947,2e69e946c,2020-10-15,11,{'JAM'},{'JAM_STAND_STILL_TRAFFIC'},6,{7},5.0
2e69e947,2e69e946c,2020-10-15,17,{'JAM'},{'JAM_STAND_STILL_TRAFFIC'},34,{7},5.0
2e69e947,2e69e946c,2020-10-16,8,{'JAM'},{'JAM_STAND_STILL_TRAFFIC'},30,{7},5.0
2e69e947,2e69e946c,2020-10-17,11,{'JAM'},{'JAM_HEAVY_TRAFFIC'},31,{7},5.0
2e69e947,2e69e946c,2020-10-17,13,{'JAM'},{'JAM_HEAVY_TRAFFIC'},63,{7},5.26984126984127
2e69e947,2e69e946c,2020-10-17,17,{'JAM'},{'JAM_STAND_STILL_TRAFFIC'},32,{7},5.0
2e69e947,2e69e946c,2020-10-17,18,{'JAM'},{'JAM_HEAVY_TRAFFIC'},30,{7},5.0
2e69e947,2e69e946c,2020-10-17,19,{'JAM'},{'JAM'},33,{7},5.0
2e69e947,2e69e946c,2020-10-24,9,{'JAM'},{'JAM_HEAVY_TRAFFIC'},41,{7},5.414634146341464
2e69e947,2e69e946c,2020-10-24,14,{'JAM'},{'JAM_STAND_STILL_TRAFFIC'},36,{7},5.0
2e69e947,2e69e946c,2020-10-24,16,{'JAM'},{'JAM_HEAVY_TRAFFIC'},32,{7},6.0
2e69e947,2e69e946c,2020-10-26,18,{'JAM'},{'JAM'},31,{1},5.0
2e69e947,2e69e946c,2020-10-27,14,{'JAM'},"{'JAM', 'JAM_STAND_STILL_TRAFFIC'}",96,{7},5.0
2e69e947,2e69e946c,2020-10-28,12,{'JAM'},{'JAM_STAND_STILL_TRAFFIC'},31,{7},5.0
2e69e947,2e69e946c,2020-10-29,11,{'JAM'},{'JAM_HEAVY_TRAFFIC'},10,{7},5.9
2e69e947,2e69e946c,2020-10-29,13,{'JAM'},{'JAM_STAND_STILL_TRAFFIC'},31,{7},5.0
2e69e947,2e69e946c,2020-10-31,12,{'JAM'},{'JAM_STAND_STILL_TRAFFIC'},32,{7},5.0
2e69e947,2e69e946c,2020-10-31,14,{'JAM'},{'JAM_HEAVY_TRAFFIC'},31,{7},5.0
2e69e947,2e69e946c,2020-10-31,15,{'JAM'},{'JAM_MODERATE_TRAFFIC'},32,{7},6.0
2e69e947,2e69e946c,2020-10-31,18,{'JAM'},{'JAM_HEAVY_TRAFFIC'},31,{7},5.0
2e69e947,2e69e946c,2020-10-31,19,{'JAM'},"{'JAM_STAND_STILL_TRAFFIC', 'JAM_HEAVY_TRAFFIC'}",63,{7},5.0
2e69e947,2e69e946c,2020-11-01,14,{'ACCIDENT'},{'ACCIDENT'},9,{7},5.333333333333333
2e69e947,2e69e946c,2020-11-01,20,{'JAM'},{'JAM_HEAVY_TRAFFIC'},32,{7},5.0
2e69e947,2e69e946c,2020-11-02,7,{'JAM'},{'JAM_STAND_STILL_TRAFFIC'},32,{7},5.0
2e69e947,2e69e946c,2020-11-03,7,{'JAM'},{'JAM_STAND_STILL_TRAFFIC'},31,{7},5.0
2e69e947,2e69e946c,2020-11-05,7,{'JAM'},{'JAM_MODERATE_TRAFFIC'},60,"{17, 7}",5.0
2e69e947,2e69e946c,2020-11-09,9,{'JAM'},{'JAM_STAND_STILL_TRAFFIC'},31,{7},5.0
2e69e947,2e69e946c,2020-11-10,14,{'JAM'},{'JAM_HEAVY_TRAFFIC'},12,{7},6.0
2e69e947,2e69e946c,2020-11-10,18,{'JAM'},{'JAM_STAND_STILL_TRAFFIC'},33,{7},5.484848484848484
2e69e947,2e69e946c,2020-11-14,11,{'JAM'},{'JAM_STAND_STILL_TRAFFIC'},31,{7},5.0
2e69e947,2e69e946c,2020-11-15,18,{'JAM'},{'JAM_STAND_STILL_TRAFFIC'},36,{7},5.444444444444445
2e69e947,2e69e946c,2020-11-19,11,{'WEATHERHAZARD'},{'WEATHERHAZARD'},47,{7},5.851063829787234
2e69e947,2e69e946c,2020-11-21,13,{'JAM'},{'JAM_HEAVY_TRAFFIC'},15,{7},5.133333333333334
2e69e947,2e69e9474,2020-09-03,13,{'JAM'},{'JAM_HEAVY_TRAFFIC'},39,{7},5.0
2e69e947,2e69e9474,2020-09-08,8,{'JAM'},{'JAM_MODERATE_TRAFFIC'},12,{7},5.0
2e69e947,2e69e9474,2020-09-09,15,{'JAM'},{'JAM_HEAVY_TRAFFIC'},31,{7},6.0
2e69e947,2e69e9474,2020-09-10,14,{'JAM'},{'JAM'},22,{7},5.0
2e69e947,2e69e9474,2020-09-22,11,{'WEATHERHAZARD'},{'HAZARD_ON_SHOULDER_CAR_STOPPED'},30,{7},5.966666666666667
2e69e947,2e69e9474,2020-09-26,13,{'JAM'},{'JAM_STAND_STILL_TRAFFIC'},31,{7},5.0
2e69e947,2e69e9474,2020-09-26,15,{'JAM'},{'JAM_STAND_STILL_TRAFFIC'},30,{7},6.466666666666667
2e69e947,2e69e9474,2020-10-03,11,{'JAM'},{'JAM_STAND_STILL_TRAFFIC'},32,{7},6.0
2e69e947,2e69e9474,2020-10-09,15,{'JAM'},{'JAM_MODERATE_TRAFFIC'},32,{7},5.0
2e69e947,2e69e9474,2020-10-13,16,{'JAM'},{'JAM'},32,{7},5.0
2e69e947,2e69e9474,2020-10-14,11,{'JAM'},{'JAM_HEAVY_TRAFFIC'},7,{7},5.0
2e69e947,2e69e9474,2020-10-17,11,{'JAM'},{'JAM_STAND_STILL_TRAFFIC'},30,{7},5.0
2e69e947,2e69e9474,2020-10-17,17,{'JAM'},{'JAM_HEAVY_TRAFFIC'},45,{7},5.444444444444445
2e69e947,2e69e9474,2020-10-27,14,{'JAM'},{'JAM_STAND_STILL_TRAFFIC'},40,{7},5.0
2e69e947,2e69e9474,2020-11-02,7,{'JAM'},{'JAM_STAND_STILL_TRAFFIC'},30,{7},5.733333333333333
2e69e947,2e69e9474,2020-11-02,8,{'JAM'},{'JAM_HEAVY_TRAFFIC'},31,{7},5.0
2e69e947,2e69e9474,2020-11-06,18,{'JAM'},{'JAM_STAND_STILL_TRAFFIC'},21,{7},5.0
2e69e947,2e69e9474,2020-11-09,7,{'JAM'},{'JAM_STAND_STILL_TRAFFIC'},30,{7},5.0
2e69e947,2e69e9474,2020-11-09,9,{'JAM'},{'JAM_STAND_STILL_TRAFFIC'},27,{7},5.62962962962963
2e69e947,2e69e947c,2020-09-03,19,{'JAM'},{'JAM_STAND_STILL_TRAFFIC'},11,{2},5.0
2e69e947,2e69e947c,2020-09-08,8,{'JAM'},{'JAM_MODERATE_TRAFFIC'},23,{7},5.0
2e69e947,2e69e947c,2020-09-10,14,{'JAM'},{'JAM'},31,{7},5.0
2e69e947,2e69e947c,2020-09-12,21,{'JAM'},{'JAM'},31,{7},5.0
2e69e947,2e69e947c,2020-09-13,16,{'JAM'},{'JAM_MODERATE_TRAFFIC'},12,{7},5.0
2e69e947,2e69e947c,2020-09-16,17,{'JAM'},{'JAM_STAND_STILL_TRAFFIC'},16,{7},5.0
2e69e947,2e69e947c,2020-09-20,11,{'JAM'},{'JAM'},30,{7},5.0
2e69e947,2e69e947c,2020-09-22,7,{'JAM'},{'JAM_STAND_STILL_TRAFFIC'},36,{7},5.0
2e69e947,2e69e947c,2020-09-23,10,{'JAM'},{'JAM_HEAVY_TRAFFIC'},25,{7},5.96
2e69e947,2e69e947c,2020-09-24,20,{'JAM'},{'JAM_STAND_STILL_TRAFFIC'},33,{7},5.0
2e69e947,2e69e947c,2020-09-26,19,{'JAM'},{'JAM_HEAVY_TRAFFIC'},7,{7},5.0
2e69e947,2e69e947c,2020-10-01,20,{'JAM'},{'JAM_STAND_STILL_TRAFFIC'},22,{7},5.0
2e69e947,2e69e947c,2020-10-02,16,{'JAM'},{'JAM_STAND_STILL_TRAFFIC'},31,{7},5.0
2e69e947,2e69e947c,2020-10-06,13,{'JAM'},{'JAM_MODERATE_TRAFFIC'},16,{7},5.0
2e69e947,2e69e947c,2020-10-08,17,{'JAM'},{'JAM_HEAVY_TRAFFIC'},32,{7},5.0
2e69e947,2e69e947c,2020-10-14,11,{'JAM'},"{'JAM_MODERATE_TRAFFIC', 'JAM_HEAVY_TRAFFIC'}",38,{7},5.0
2e69e947,2e69e947c,2020-10-17,14,{'JAM'},{'JAM_STAND_STILL_TRAFFIC'},31,{7},5.0
2e69e947,2e69e947c,2020-10-17,17,{'JAM'},{'JAM_STAND_STILL_TRAFFIC'},30,{7},5.0
2e69e947,2e69e947c,2020-10-17,19,{'JAM'},{'JAM'},31,{7},5.0
2e69e947,2e69e947c,2020-10-19,11,{'JAM'},{'JAM_MODERATE_TRAFFIC'},6,{7},5.0
2e69e947,2e69e947c,2020-10-23,13,{'JAM'},{'JAM_HEAVY_TRAFFIC'},38,{7},5.0
2e69e947,2e69e947c,2020-10-23,20,{'JAM'},{'JAM_STAND_STILL_TRAFFIC'},30,{7},5.0
2e69e947,2e69e947c,2020-10-24,13,{'JAM'},{'JAM_STAND_STILL_TRAFFIC'},31,{2},5.0
2e69e947,2e69e947c,2020-10-24,14,{'JAM'},{'JAM_MODERATE_TRAFFIC'},32,{7},5.0
2e69e947,2e69e947c,2020-10-24,17,{'JAM'},{'JAM_STAND_STILL_TRAFFIC'},32,{7},5.0
2e69e947,2e69e947c,2020-10-24,21,{'JAM'},{'JAM_STAND_STILL_TRAFFIC'},31,{7},5.0
2e69e947,2e69e947c,2020-10-25,21,{'WEATHERHAZARD'},{'HAZARD_WEATHER_FLOOD'},32,{7},5.78125
2e69e947,2e69e947c,2020-10-27,8,{'JAM'},{'JAM_HEAVY_TRAFFIC'},34,{7},5.0
2e69e947,2e69e947c,2020-10-28,14,{'JAM'},{'JAM_HEAVY_TRAFFIC'},32,{7},5.0
2e69e947,2e69e947c,2020-10-29,12,{'JAM'},{'JAM'},32,{7},5.0
2e69e947,2e69e947c,2020-10-31,15,{'JAM'},{'JAM_MODERATE_TRAFFIC'},26,{7},6.0
2e69e947,2e69e947c,2020-10-31,21,"{'JAM', 'WEATHERHAZARD'}","{'HAZARD_WEATHER_FLOOD', 'JAM_MODERATE_TRAFFIC'}",61,{2},5.0
2e69e947,2e69e947c,2020-11-03,18,{'JAM'},{'JAM_HEAVY_TRAFFIC'},30,{7},5.0
2e69e947,2e69e947c,2020-11-06,18,{'JAM'},{'JAM_STAND_STILL_TRAFFIC'},43,{7},5.372093023255814
2e69e947,2e69e947c,2020-11-08,13,{'JAM'},{'JAM_STAND_STILL_TRAFFIC'},31,{7},5.0
2e69e947,2e69e947c,2020-11-12,17,{'JAM'},{'JAM_STAND_STILL_TRAFFIC'},33,{7},5.0
2e69e947,2e69e947c,2020-11-15,11,{'JAM'},{'JAM_STAND_STILL_TRAFFIC'},31,{7},5.0
2e69e947,2e69e947c,2020-11-18,13,{'JAM'},{'JAM'},33,{7},5.484848484848484
2e69e947,2e69e947c,2020-11-18,14,{'JAM'},{'JAM_HEAVY_TRAFFIC'},32,{7},5.0
2e69e947,2e69e947c,2020-11-18,16,{'JAM'},{'JAM_STAND_STILL_TRAFFIC'},31,{7},5.0
2e69e947,2e69e947c,2020-11-21,14,{'JAM'},{'JAM_STAND_STILL_TRAFFIC'},30,{7},5.0
2e69e947,2e69e947c,2020-11-22,5,{'WEATHERHAZARD'},{'HAZARD_WEATHER_FLOOD'},31,{2},5.0
2e69e947,2e69e947c,2020-11-22,18,{'WEATHERHAZARD'},{'HAZARD_ON_ROAD_CAR_STOPPED'},19,{7},5.473684210526316
2e69e949,2e69e9484,2020-11-09,20,{'JAM'},{'JAM_HEAVY_TRAFFIC'},7,{2},5.0
2e69e949,2e69e9494,2020-11-07,20,{'ACCIDENT'},{'ACCIDENT'},120,{22},5.0
2e69e94d,2e69e94d4,2020-10-04,6,{'JAM'},{'JAM_HEAVY_TRAFFIC'},30,{1},5.0
2e69e94d,2e69e94d4,2020-10-07,11,{'JAM'},{'JAM'},31,{1},5.0
2e69e94d,2e69e94dc,2020-11-21,15,{'JAM'},{'JAM_STAND_STILL_TRAFFIC'},30,{2},5.0
2e69e951,2e69e950c,2020-10-11,19,{'JAM'},{'JAM_STAND_STILL_TRAFFIC'},32,{22},5.84375
2e69e951,2e69e950c,2020-11-10,20,{'JAM'},{'JAM'},31,{22},5.0
2e69e953,2e69e9524,2020-10-15,21,{'WEATHERHAZARD'},{'WEATHERHAZARD'},31,{22},5.0
2e69e953,2e69e953c,2020-09-02,20,{'ACCIDENT'},{'ACCIDENT_MINOR'},120,{1},5.0
2e69e955,2e69e9544,2020-10-20,6,{'WEATHERHAZARD'},{'HAZARD_ON_SHOULDER_CAR_STOPPED'},30,{2},5.0
2e69e955,2e69e9544,2020-11-08,13,"{'WEATHERHAZARD', 'ACCIDENT'}","{'WEATHERHAZARD', 'ACCIDENT'}",168,{1},5.178571428571429
2e69e955,2e69e954c,2020-09-24,13,{'JAM'},{'JAM_STAND_STILL_TRAFFIC'},31,{2},5.0
2e69e955,2e69e954c,2020-11-22,12,{'JAM'},{'JAM_STAND_STILL_TRAFFIC'},15,{2},5.0
2e69e955,2e69e954c,2020-11-22,17,{'JAM'},{'JAM_HEAVY_TRAFFIC'},66,{2},5.0
2e69e955,2e69e9554,2020-10-26,21,{'WEATHERHAZARD'},{'HAZARD_WEATHER_FOG'},31,{1},5.0
2e69e955,2e69e9554,2020-11-06,20,{'JAM'},{'JAM'},30,{22},5.0
2e69e957,2e69e9564,2020-09-14,23,{'JAM'},{'JAM'},30,{2},5.0
2e69e957,2e69e9564,2020-09-23,20,{'WEATHERHAZARD'},{'HAZARD_ON_ROAD_ROAD_KILL'},32,{2},5.0
2e69e957,2e69e9564,2020-10-23,12,{'JAM'},{'JAM_MODERATE_TRAFFIC'},6,{2},5.0
2e69e957,2e69e9564,2020-11-07,12,{'JAM'},{'JAM_HEAVY_TRAFFIC'},30,{2},5.0
2e69e957,2e69e9564,2020-11-15,13,{'JAM'},{'JAM_MODERATE_TRAFFIC'},29,{2},5.0
2e69e957,2e69e9564,2020-11-20,22,{'WEATHERHAZARD'},{'HAZARD_ON_ROAD_CAR_STOPPED'},31,{2},5.064516129032258
2e69e957,2e69e956c,2020-09-12,11,{'JAM'},{'JAM_MODERATE_TRAFFIC'},30,{2},5.0
2e69e957,2e69e956c,2020-10-17,14,{'JAM'},{'JAM_STAND_STILL_TRAFFIC'},32,{2},5.0
2e69e957,2e69e956c,2020-11-04,18,{'JAM'},{'JAM_STAND_STILL_TRAFFIC'},36,{2},5.0
2e69e957,2e69e956c,2020-11-07,12,{'JAM'},{'JAM_STAND_STILL_TRAFFIC'},25,{2},5.0
2e69e957,2e69e9574,2020-09-06,11,{'JAM'},{'JAM'},30,{22},5.0
2e69e957,2e69e9574,2020-10-04,14,{'JAM'},{'JAM_HEAVY_TRAFFIC'},7,{2},5.0
2e69e957,2e69e957c,2020-09-28,12,{'JAM'},{'JAM'},23,{2},5.0
2e69e957,2e69e957c,2020-10-02,14,{'JAM'},{'JAM_HEAVY_TRAFFIC'},26,{2},5.0
2e69e957,2e69e957c,2020-11-02,8,{'JAM'},{'JAM_STAND_STILL_TRAFFIC'},33,{2},5.0
2e69e957,2e69e957c,2020-11-19,9,{'JAM'},{'JAM_MODERATE_TRAFFIC'},32,{2},5.59375
2e69e959,2e69e9584,2020-11-04,13,{'JAM'},{'JAM_MODERATE_TRAFFIC'},31,{1},5.0
2e69e959,2e69e9594,2020-09-05,11,{'JAM'},{'JAM_STAND_STILL_TRAFFIC'},7,{2},5.0
2e69e959,2e69e9594,2020-10-10,14,{'JAM'},{'JAM_HEAVY_TRAFFIC'},45,{2},5.333333333333333
2e69e959,2e69e9594,2020-10-21,6,{'JAM'},{'JAM_MODERATE_TRAFFIC'},30,{1},5.0
2e69e959,2e69e9594,2020-11-07,17,{'JAM'},{'JAM_HEAVY_TRAFFIC'},29,{2},5.0
2e69e959,2e69e9594,2020-11-14,18,{'JAM'},{'JAM_MODERATE_TRAFFIC'},32,{2},5.0
2e69e959,2e69e959c,2020-09-10,21,{'ACCIDENT'},{'ACCIDENT_MAJOR'},52,{22},5.0
2e69e959,2e69e959c,2020-09-19,11,{'JAM'},{'JAM_STAND_STILL_TRAFFIC'},31,{1},5.0
2e69e959,2e69e959c,2020-09-25,22,{'JAM'},{'JAM_STAND_STILL_TRAFFIC'},13,{1},5.0
2e69e959,2e69e959c,2020-10-06,13,{'JAM'},{'JAM_STAND_STILL_TRAFFIC'},8,{22},5.0
2e69e959,2e69e959c,2020-10-06,17,{'JAM'},{'JAM_STAND_STILL_TRAFFIC'},21,{2},5.0
2e69e959,2e69e959c,2020-10-17,18,{'WEATHERHAZARD'},{'HAZARD_ON_ROAD_CAR_STOPPED'},11,{2},5.363636363636363
2e69e959,2e69e959c,2020-11-07,17,{'JAM'},{'JAM_STAND_STILL_TRAFFIC'},78,{2},5.243589743589744
2e69e959,2e69e959c,2020-11-12,16,{'JAM'},{'JAM'},33,{2},5.0
2e69e959,2e69e959c,2020-11-21,8,{'JAM'},{'JAM_MODERATE_TRAFFIC'},61,{2},5.0
2e69e95b,2e69e95ac,2020-09-12,10,{'ACCIDENT'},{'ACCIDENT_MINOR'},123,{1},5.0
2e69e95b,2e69e95ac,2020-09-27,11,{'WEATHERHAZARD'},{'WEATHERHAZARD'},32,{22},5.0
2e69e95d,2e69e95c4,2020-09-05,11,{'JAM'},{'JAM_STAND_STILL_TRAFFIC'},36,{7},5.0
2e69e95d,2e69e95c4,2020-09-11,20,{'JAM'},{'JAM_STAND_STILL_TRAFFIC'},27,{7},5.148148148148148
2e69e95d,2e69e95c4,2020-09-28,4,{'JAM'},{'JAM'},32,{22},5.0
2e69e95d,2e69e95c4,2020-10-03,11,{'JAM'},{'JAM_HEAVY_TRAFFIC'},32,{7},5.96875
2e69e95d,2e69e95c4,2020-10-03,14,{'JAM'},{'JAM_STAND_STILL_TRAFFIC'},30,{7},5.0
2e69e95d,2e69e95c4,2020-10-08,18,{'JAM'},{'JAM_STAND_STILL_TRAFFIC'},31,{7},5.0
2e69e95d,2e69e95c4,2020-10-10,20,{'JAM'},{'JAM_HEAVY_TRAFFIC'},29,{7},5.931034482758621
2e69e95d,2e69e95c4,2020-10-17,12,{'JAM'},{'JAM_STAND_STILL_TRAFFIC'},31,{7},5.0
2e69e95d,2e69e95c4,2020-10-17,17,{'JAM'},{'JAM_STAND_STILL_TRAFFIC'},30,{7},5.0
2e69e95d,2e69e95c4,2020-10-21,20,{'JAM'},{'JAM_STAND_STILL_TRAFFIC'},30,{7},5.0
2e69e95d,2e69e95c4,2020-10-24,14,{'JAM'},{'JAM_STAND_STILL_TRAFFIC'},31,{7},5.0
2e69e95d,2e69e95c4,2020-10-31,14,{'JAM'},{'JAM_STAND_STILL_TRAFFIC'},64,{7},6.0
2e69e95d,2e69e95c4,2020-11-02,8,{'JAM'},{'JAM_STAND_STILL_TRAFFIC'},30,{7},5.0
2e69e95d,2e69e95c4,2020-11-07,10,{'JAM'},{'JAM_STAND_STILL_TRAFFIC'},33,{7},5.9393939393939394
2e69e95d,2e69e95cc,2020-09-04,18,{'JAM'},{'JAM_STAND_STILL_TRAFFIC'},34,{7},5.0
2e69e95d,2e69e95cc,2020-09-05,12,{'JAM'},{'JAM_STAND_STILL_TRAFFIC'},31,{7},5.0
2e69e95d,2e69e95cc,2020-09-05,13,{'JAM'},{'JAM_HEAVY_TRAFFIC'},30,{7},5.0
2e69e95d,2e69e95cc,2020-09-07,17,{'JAM'},{'JAM_STAND_STILL_TRAFFIC'},5,{7},6.0
2e69e95d,2e69e95cc,2020-09-18,14,{'JAM'},{'JAM_HEAVY_TRAFFIC'},31,{7},5.0
2e69e95d,2e69e95cc,2020-09-20,11,{'JAM'},{'JAM'},9,{7},5.0
2e69e95d,2e69e95cc,2020-09-21,20,{'WEATHERHAZARD'},{'WEATHERHAZARD'},32,{7},7.0
2e69e95d,2e69e95cc,2020-09-25,17,{'JAM'},{'JAM_STAND_STILL_TRAFFIC'},31,{7},5.0
2e69e95d,2e69e95cc,2020-09-26,15,{'JAM'},{'JAM_STAND_STILL_TRAFFIC'},17,{7},5.0
2e69e95d,2e69e95cc,2020-09-30,17,{'JAM'},{'JAM_HEAVY_TRAFFIC'},31,{7},5.0
2e69e95d,2e69e95cc,2020-10-02,16,{'JAM'},{'JAM_STAND_STILL_TRAFFIC'},35,{7},5.0
2e69e95d,2e69e95cc,2020-10-03,11,{'JAM'},{'JAM'},32,{7},5.0
2e69e95d,2e69e95cc,2020-10-03,15,{'JAM'},{'JAM_STAND_STILL_TRAFFIC'},31,{7},5.0
2e69e95d,2e69e95cc,2020-10-05,15,{'JAM'},{'JAM_STAND_STILL_TRAFFIC'},5,{7},5.0
2e69e95d,2e69e95cc,2020-10-07,10,{'JAM'},{'JAM_STAND_STILL_TRAFFIC'},30,{7},5.0
2e69e95d,2e69e95cc,2020-10-08,18,{'JAM'},{'JAM_STAND_STILL_TRAFFIC'},31,{7},5.0
2e69e95d,2e69e95cc,2020-10-10,16,{'JAM'},{'JAM_STAND_STILL_TRAFFIC'},31,{7},5.0
2e69e95d,2e69e95cc,2020-10-11,18,{'JAM'},{'JAM_MODERATE_TRAFFIC'},83,{7},5.0
2e69e95d,2e69e95cc,2020-10-12,8,{'JAM'},{'JAM_STAND_STILL_TRAFFIC'},30,{7},5.0
2e69e95d,2e69e95cc,2020-10-17,13,{'JAM'},"{'JAM_STAND_STILL_TRAFFIC', 'JAM_HEAVY_TRAFFIC'}",40,{7},5.0
2e69e95d,2e69e95cc,2020-10-21,20,{'JAM'},{'JAM_STAND_STILL_TRAFFIC'},24,{7},5.0
2e69e95d,2e69e95cc,2020-10-27,15,{'JAM'},{'JAM_HEAVY_TRAFFIC'},32,{7},5.0
2e69e95d,2e69e95cc,2020-10-27,18,{'JAM'},{'JAM_MODERATE_TRAFFIC'},31,{7},5.0
2e69e95d,2e69e95cc,2020-10-29,18,{'JAM'},{'JAM_MODERATE_TRAFFIC'},36,{7},5.0
2e69e95d,2e69e95cc,2020-10-29,19,{'JAM'},{'JAM_MODERATE_TRAFFIC'},7,{7},5.0
2e69e95d,2e69e95cc,2020-10-31,15,{'JAM'},{'JAM_STAND_STILL_TRAFFIC'},91,{7},6.0
2e69e95d,2e69e95cc,2020-11-07,10,{'JAM'},{'JAM_HEAVY_TRAFFIC'},31,{7},5.0
2e69e95d,2e69e95cc,2020-11-07,17,{'JAM'},{'JAM_STAND_STILL_TRAFFIC'},33,{7},5.0
2e69e95d,2e69e95cc,2020-11-09,15,{'JAM'},{'JAM_HEAVY_TRAFFIC'},33,{7},5.0
2e69e95d,2e69e95cc,2020-11-10,17,{'JAM'},{'JAM_STAND_STILL_TRAFFIC'},31,{7},5.0
2e69e95d,2e69e95cc,2020-11-12,9,{'JAM'},{'JAM_HEAVY_TRAFFIC'},31,{7},5.0
2e69e95d,2e69e95cc,2020-11-13,18,{'JAM'},{'JAM_HEAVY_TRAFFIC'},31,{7},5.0
2e69e95d,2e69e95cc,2020-11-14,20,{'JAM'},{'JAM'},31,{7},5.0
2e69e95d,2e69e95cc,2020-11-17,8,{'JAM'},{'JAM_STAND_STILL_TRAFFIC'},30,{7},5.9
2e69e95d,2e69e95cc,2020-11-18,13,{'JAM'},{'JAM'},31,{7},5.580645161290323
2e69e95d,2e69e95cc,2020-11-18,16,{'JAM'},{'JAM_HEAVY_TRAFFIC'},31,{7},5.0
2e69e95d,2e69e95cc,2020-11-21,11,{'JAM'},{'JAM_MODERATE_TRAFFIC'},11,{7},5.0
2e69e95d,2e69e95cc,2020-11-21,14,{'JAM'},{'JAM_HEAVY_TRAFFIC'},31,{7},5.516129032258065
2e69e95d,2e69e95d4,2020-11-07,17,{'JAM'},{'JAM_STAND_STILL_TRAFFIC'},49,{2},5.0
2e69e95d,2e69e95dc,2020-10-10,13,{'JAM'},{'JAM_STAND_STILL_TRAFFIC'},30,{2},5.766666666666667
2e69e95d,2e69e95dc,2020-10-10,16,{'JAM'},{'JAM_HEAVY_TRAFFIC'},32,{2},5.0
2e69e95d,2e69e95dc,2020-10-11,14,{'JAM'},{'JAM_HEAVY_TRAFFIC'},31,{2},5.0
2e69e95d,2e69e95dc,2020-11-05,16,{'WEATHERHAZARD'},{'HAZARD_ON_SHOULDER_CAR_STOPPED'},35,{2},5.0
2e69e95d,2e69e95dc,2020-11-07,17,{'JAM'},{'JAM_STAND_STILL_TRAFFIC'},28,{2},7.0
2e69e95d,2e69e95dc,2020-11-14,16,{'JAM'},{'JAM_STAND_STILL_TRAFFIC'},22,{2},5.0
2e69e95f,2e69e95e4,2020-09-06,16,{'JAM'},{'JAM_STAND_STILL_TRAFFIC'},27,{2},5.0
2e69e95f,2e69e95e4,2020-09-09,20,{'JAM'},{'JAM_MODERATE_TRAFFIC'},31,{2},5.0
2e69e95f,2e69e95e4,2020-10-03,15,{'JAM'},{'JAM_HEAVY_TRAFFIC'},31,{2},5.0
2e69e95f,2e69e95e4,2020-10-11,13,{'JAM'},{'JAM_HEAVY_TRAFFIC'},30,{2},5.0
2e69e95f,2e69e95e4,2020-10-11,17,"{'JAM', 'WEATHERHAZARD'}","{'JAM_STAND_STILL_TRAFFIC', 'HAZARD_ON_ROAD_CONSTRUCTION'}",444,{2},7.024774774774775
2e69e95f,2e69e95e4,2020-10-18,16,{'JAM'},{'JAM_HEAVY_TRAFFIC'},30,{2},5.0
2e69e95f,2e69e95e4,2020-11-01,13,{'WEATHERHAZARD'},{'HAZARD_WEATHER_FLOOD'},31,{2},5.0
2e69e95f,2e69e95e4,2020-11-07,12,{'JAM'},{'JAM_STAND_STILL_TRAFFIC'},30,{2},5.0
2e69e95f,2e69e95e4,2020-11-13,17,{'JAM'},{'JAM_HEAVY_TRAFFIC'},31,{2},5.0
2e69e95f,2e69e95ec,2020-09-06,13,{'JAM'},{'JAM_STAND_STILL_TRAFFIC'},22,{2},5.136363636363637
2e69e95f,2e69e95ec,2020-09-12,20,{'JAM'},{'JAM'},14,{2},5.0
2e69e95f,2e69e95ec,2020-09-20,11,{'WEATHERHAZARD'},{'HAZARD_ON_ROAD_CAR_STOPPED'},30,{7},5.0
2e69e95f,2e69e95ec,2020-09-20,16,{'JAM'},{'JAM_STAND_STILL_TRAFFIC'},16,{2},5.0
2e69e95f,2e69e95ec,2020-09-23,20,{'WEATHERHAZARD'},"{'WEATHERHAZARD', 'HAZARD_ON_ROAD_CAR_STOPPED'}",78,"{2, 7}",5.1923076923076925
2e69e95f,2e69e95ec,2020-10-01,12,{'JAM'},{'JAM_STAND_STILL_TRAFFIC'},33,{7},5.909090909090909
2e69e95f,2e69e95ec,2020-10-03,12,{'JAM'},{'JAM_STAND_STILL_TRAFFIC'},21,{2},5.0
2e69e95f,2e69e95ec,2020-10-03,15,{'JAM'},{'JAM'},30,{7},6.0
2e69e95f,2e69e95ec,2020-10-06,16,{'JAM'},{'JAM_STAND_STILL_TRAFFIC'},62,"{2, 7}",5.0
2e69e95f,2e69e95ec,2020-10-08,18,{'JAM'},{'JAM_STAND_STILL_TRAFFIC'},41,{7},5.414634146341464
2e69e95f,2e69e95ec,2020-10-08,19,{'JAM'},{'JAM'},7,{7},5.0
2e69e95f,2e69e95ec,2020-10-10,12,{'JAM'},{'JAM_STAND_STILL_TRAFFIC'},44,"{1, 2}",5.0
2e69e95f,2e69e95ec,2020-10-10,14,{'JAM'},{'JAM_STAND_STILL_TRAFFIC'},56,{2},6.232142857142857
2e69e95f,2e69e95ec,2020-10-11,17,{'JAM'},{'JAM_STAND_STILL_TRAFFIC'},63,{2},5.0
2e69e95f,2e69e95ec,2020-10-13,15,{'JAM'},{'JAM'},6,{2},5.0
2e69e95f,2e69e95ec,2020-10-17,14,{'JAM'},{'JAM_STAND_STILL_TRAFFIC'},35,{2},5.0
2e69e95f,2e69e95ec,2020-10-21,10,{'JAM'},{'JAM_MODERATE_TRAFFIC'},18,{2},5.0
2e69e95f,2e69e95ec,2020-10-29,19,{'JAM'},{'JAM_HEAVY_TRAFFIC'},5,{7},5.0
2e69e95f,2e69e95ec,2020-11-05,14,{'JAM'},{'JAM_STAND_STILL_TRAFFIC'},36,{2},5.0
2e69e95f,2e69e95ec,2020-11-07,16,{'JAM'},"{'JAM', 'JAM_STAND_STILL_TRAFFIC'}",67,{7},5.985074626865671
2e69e95f,2e69e95ec,2020-11-07,17,{'JAM'},"{'JAM_STAND_STILL_TRAFFIC', 'JAM_HEAVY_TRAFFIC'}",64,{2},5.453125
2e69e95f,2e69e95ec,2020-11-07,18,{'JAM'},{'JAM_MODERATE_TRAFFIC'},31,{7},5.0
2e69e95f,2e69e95ec,2020-11-08,19,{'JAM'},{'JAM_HEAVY_TRAFFIC'},6,{7},5.0
2e69e95f,2e69e95ec,2020-11-10,17,{'JAM'},{'JAM_HEAVY_TRAFFIC'},8,{2},5.0
2e69e95f,2e69e95ec,2020-11-17,17,{'JAM'},{'JAM_STAND_STILL_TRAFFIC'},19,{2},5.0
2e69e95f,2e69e95ec,2020-11-18,13,{'JAM'},{'JAM'},11,{7},5.0
2e69e95f,2e69e95ec,2020-11-20,22,{'JAM'},{'JAM'},7,{2},5.0
2e69e95f,2e69e95f4,2020-11-08,7,{'JAM'},{'JAM'},35,{22},5.0
2e69e95f,2e69e95fc,2020-09-10,19,{'JAM'},"{'JAM_STAND_STILL_TRAFFIC', 'JAM_HEAVY_TRAFFIC'}",75,{7},5.36
2e69e95f,2e69e95fc,2020-09-11,17,{'JAM'},{'JAM_HEAVY_TRAFFIC'},31,{7},5.0
2e69e95f,2e69e95fc,2020-09-23,16,{'JAM'},{'JAM_HEAVY_TRAFFIC'},17,{7},5.0
2e69e95f,2e69e95fc,2020-10-02,15,{'JAM'},{'JAM_HEAVY_TRAFFIC'},22,{7},5.0
2e69e95f,2e69e95fc,2020-10-09,17,{'JAM'},{'JAM_STAND_STILL_TRAFFIC'},31,{7},5.0
2e69e95f,2e69e95fc,2020-10-15,7,{'JAM'},{'JAM_HEAVY_TRAFFIC'},15,{7},5.0
2e69e95f,2e69e95fc,2020-10-17,15,{'JAM'},{'JAM_STAND_STILL_TRAFFIC'},72,{7},5.416666666666667
2e69e95f,2e69e95fc,2020-10-19,21,{'WEATHERHAZARD'},{'HAZARD_ON_ROAD_POT_HOLE'},773,{7},6.2380336351875805
2e69e95f,2e69e95fc,2020-10-29,19,{'JAM'},{'JAM_STAND_STILL_TRAFFIC'},61,{7},5.0
2e69e95f,2e69e95fc,2020-10-31,15,{'JAM'},{'JAM'},16,{7},5.0
2e69e95f,2e69e95fc,2020-10-31,20,{'JAM'},{'JAM_HEAVY_TRAFFIC'},30,{7},5.0
2e69e95f,2e69e95fc,2020-11-01,15,{'JAM'},{'JAM_STAND_STILL_TRAFFIC'},33,{7},5.0
2e69e95f,2e69e95fc,2020-11-03,15,{'JAM'},{'JAM_STAND_STILL_TRAFFIC'},24,{7},5.0
2e69e95f,2e69e95fc,2020-11-04,19,{'JAM'},{'JAM_STAND_STILL_TRAFFIC'},31,{7},5.0
2e69e95f,2e69e95fc,2020-11-05,8,{'JAM'},{'JAM_STAND_STILL_TRAFFIC'},29,{7},5.551724137931035
2e69e95f,2e69e95fc,2020-11-07,16,{'JAM'},"{'JAM_STAND_STILL_TRAFFIC', 'JAM_MODERATE_TRAFFIC'}",61,{7},6.016393442622951
2e69e95f,2e69e95fc,2020-11-07,17,{'JAM'},{'JAM_STAND_STILL_TRAFFIC'},31,{7},5.0
2e69e95f,2e69e95fc,2020-11-07,18,{'JAM'},{'JAM_HEAVY_TRAFFIC'},46,{7},5.3478260869565215
2e69e95f,2e69e95fc,2020-11-11,18,{'JAM'},{'JAM_HEAVY_TRAFFIC'},31,{7},5.0
2e69e95f,2e69e95fc,2020-11-20,7,{'JAM'},{'JAM_STAND_STILL_TRAFFIC'},21,{7},5.0
2e69e95f,2e69e95fc,2020-11-20,15,{'JAM'},{'JAM_HEAVY_TRAFFIC'},24,{7},5.291666666666667
2e69e961,2e69e9604,2020-10-21,21,{'JAM'},{'JAM'},32,{1},5.0
2e69e961,2e69e960c,2020-10-25,11,{'ACCIDENT'},{'ACCIDENT'},122,{22},5.0
2e69e961,2e69e960c,2020-10-27,10,{'JAM'},{'JAM_HEAVY_TRAFFIC'},32,{2},5.0
2e69e963,2e69e9624,2020-09-23,11,{'JAM'},{'JAM_HEAVY_TRAFFIC'},6,{7},5.0
2e69e963,2e69e9624,2020-10-03,11,{'JAM'},{'JAM_MODERATE_TRAFFIC'},15,{7},5.0
2e69e963,2e69e9624,2020-10-28,17,{'JAM'},{'JAM'},28,{7},5.0
2e69e963,2e69e9624,2020-10-30,18,{'JAM'},{'JAM_HEAVY_TRAFFIC'},32,{7},5.0
2e69e963,2e69e9624,2020-11-02,14,{'JAM'},{'JAM_HEAVY_TRAFFIC'},29,{7},5.0
2e69e963,2e69e9624,2020-11-03,19,{'JAM'},{'JAM_HEAVY_TRAFFIC'},38,{7},6.0
2e69e963,2e69e9624,2020-11-06,17,{'JAM'},{'JAM_STAND_STILL_TRAFFIC'},10,{7},5.0
2e69e963,2e69e9624,2020-11-08,21,{'JAM'},{'JAM_STAND_STILL_TRAFFIC'},31,{7},6.935483870967742
2e69e963,2e69e9624,2020-11-09,7,{'JAM'},{'JAM_STAND_STILL_TRAFFIC'},7,{7},5.0
2e69e963,2e69e9624,2020-11-16,7,{'JAM'},{'JAM_MODERATE_TRAFFIC'},21,{7},5.0
2e69e963,2e69e9624,2020-11-21,15,{'JAM'},{'JAM_STAND_STILL_TRAFFIC'},10,{7},5.0
2e69e963,2e69e962c,2020-09-04,14,{'JAM'},{'JAM_STAND_STILL_TRAFFIC'},46,{7},5.3478260869565215
2e69e963,2e69e962c,2020-10-02,19,{'JAM'},{'JAM_MODERATE_TRAFFIC'},7,{7},5.0
2e69e963,2e69e962c,2020-10-10,10,{'WEATHERHAZARD'},{'HAZARD_ON_ROAD_POT_HOLE'},65,{2},7.892307692307693
2e69e963,2e69e962c,2020-10-14,8,{'WEATHERHAZARD'},{'HAZARD_ON_ROAD_POT_HOLE'},309,{2},7.73462783171521
2e69e963,2e69e962c,2020-10-31,13,{'JAM'},{'JAM_HEAVY_TRAFFIC'},18,{7},5.0
2e69e963,2e69e962c,2020-11-01,13,{'JAM'},{'JAM_HEAVY_TRAFFIC'},8,{2},5.0
2e69e963,2e69e962c,2020-11-01,17,{'JAM'},{'JAM_STAND_STILL_TRAFFIC'},30,{2},5.0
2e69e963,2e69e962c,2020-11-02,14,{'JAM'},"{'JAM', 'JAM_HEAVY_TRAFFIC'}",62,{2},5.0
2e69e963,2e69e962c,2020-11-02,18,{'JAM'},{'JAM_HEAVY_TRAFFIC'},30,{2},5.0
2e69e963,2e69e962c,2020-11-03,15,{'JAM'},{'JAM_STAND_STILL_TRAFFIC'},7,{2},5.0
2e69e963,2e69e962c,2020-11-03,18,{'JAM'},{'JAM_STAND_STILL_TRAFFIC'},9,{2},5.0
2e69e963,2e69e962c,2020-11-04,9,{'JAM'},{'JAM'},5,{7},5.0
2e69e963,2e69e962c,2020-11-04,17,{'JAM'},"{'JAM_STAND_STILL_TRAFFIC', 'JAM_HEAVY_TRAFFIC'}",37,{2},5.0
2e69e963,2e69e962c,2020-11-05,10,{'JAM'},{'JAM_STAND_STILL_TRAFFIC'},29,{2},5.0
2e69e963,2e69e962c,2020-11-05,14,{'JAM'},{'JAM_HEAVY_TRAFFIC'},31,{2},5.0
2e69e963,2e69e962c,2020-11-05,18,{'JAM'},{'JAM_STAND_STILL_TRAFFIC'},31,{2},5.0
2e69e963,2e69e962c,2020-11-06,13,{'JAM'},{'JAM_HEAVY_TRAFFIC'},30,{2},5.0
2e69e963,2e69e962c,2020-11-06,19,{'JAM'},{'JAM_HEAVY_TRAFFIC'},62,{2},5.0
2e69e963,2e69e962c,2020-11-07,11,{'JAM'},{'JAM_STAND_STILL_TRAFFIC'},33,{2},5.0
2e69e963,2e69e962c,2020-11-10,17,{'JAM'},{'JAM_HEAVY_TRAFFIC'},35,{2},5.514285714285714
2e69e963,2e69e962c,2020-11-10,18,{'JAM'},{'JAM_HEAVY_TRAFFIC'},65,{2},5.0
2e69e963,2e69e962c,2020-11-10,20,{'JAM'},{'JAM_HEAVY_TRAFFIC'},23,{2},5.0
2e69e963,2e69e962c,2020-11-19,17,{'JAM'},{'JAM_STAND_STILL_TRAFFIC'},29,{2},6.0
2e69e963,2e69e962c,2020-11-20,17,{'JAM'},{'JAM_STAND_STILL_TRAFFIC'},20,{2},5.0
2e69e963,2e69e962c,2020-11-20,18,{'JAM'},{'JAM_STAND_STILL_TRAFFIC'},10,{2},5.0
2e69e963,2e69e962c,2020-11-21,12,{'JAM'},{'JAM_HEAVY_TRAFFIC'},14,{2},5.0
2e69e963,2e69e962c,2020-11-21,15,{'JAM'},{'JAM_STAND_STILL_TRAFFIC'},54,{7},5.0
2e69e963,2e69e962c,2020-11-21,16,{'JAM'},{'JAM_HEAVY_TRAFFIC'},33,{2},5.636363636363637
2e69e963,2e69e962c,2020-11-21,17,{'JAM'},{'JAM_STAND_STILL_TRAFFIC'},7,{2},5.0
2e69e963,2e69e962c,2020-11-21,18,{'JAM'},{'JAM_STAND_STILL_TRAFFIC'},9,{2},5.0
2e69e967,2e69e967c,2020-10-06,17,{'WEATHERHAZARD'},{'HAZARD_WEATHER_HAIL'},32,{22},5.0
2e69e967,2e69e967c,2020-11-07,15,{'JAM'},{'JAM_HEAVY_TRAFFIC'},32,{2},5.0
2e69e967,2e69e967c,2020-11-10,16,{'WEATHERHAZARD'},{'WEATHERHAZARD'},31,{1},5.0
2e69e969,2e69e968c,2020-09-12,18,{'JAM'},{'JAM_STAND_STILL_TRAFFIC'},30,{2},5.0
2e69e969,2e69e968c,2020-10-28,11,{'JAM'},{'JAM'},30,{2},5.0
2e69e969,2e69e968c,2020-11-21,13,{'JAM'},{'JAM_HEAVY_TRAFFIC'},19,{2},5.0
2e69e96b,2e69e96a4,2020-10-03,15,{'JAM'},{'JAM_HEAVY_TRAFFIC'},16,{2},5.0
2e69e96b,2e69e96a4,2020-10-08,2,"{'JAM', 'WEATHERHAZARD'}","{'JAM', 'WEATHERHAZARD'}",55,{2},5.0
2e69e96b,2e69e96b4,2020-09-16,7,"{'JAM', 'ACCIDENT'}","{'JAM', 'ACCIDENT'}",39,{1},5.0
2e69e96d,2e69e96c4,2020-09-03,14,{'JAM'},{'JAM'},32,{1},5.0
2e69e96d,2e69e96dc,2020-09-26,16,{'JAM'},"{'JAM', 'JAM_HEAVY_TRAFFIC'}",39,{2},5.0
2e69e96d,2e69e96dc,2020-09-28,21,{'WEATHERHAZARD'},{'HAZARD_ON_SHOULDER_CAR_STOPPED'},30,{2},5.0
2e69e96f,2e69e96e4,2020-10-30,16,{'JAM'},{'JAM_STAND_STILL_TRAFFIC'},31,{2},5.0
2e69e96f,2e69e96ec,2020-09-05,20,{'JAM'},{'JAM_HEAVY_TRAFFIC'},26,{2},5.0
2e69e96f,2e69e96ec,2020-11-05,16,{'WEATHERHAZARD'},{'WEATHERHAZARD'},31,{2},5.0
2e69e971,2e69e9714,2020-10-31,14,{'WEATHERHAZARD'},{'HAZARD_WEATHER'},33,{1},5.7272727272727275
2e69e973,2e69e9724,2020-10-22,19,{'JAM'},{'JAM'},31,{22},5.0
2e69e975,2e69e974c,2020-09-11,17,{'JAM'},{'JAM_HEAVY_TRAFFIC'},32,{2},5.0
2e69e975,2e69e974c,2020-10-29,11,{'JAM'},{'JAM_STAND_STILL_TRAFFIC'},30,{2},5.0
2e69e975,2e69e974c,2020-11-01,17,{'JAM'},{'JAM_HEAVY_TRAFFIC'},34,{2},5.4411764705882355
2e69e975,2e69e974c,2020-11-11,9,{'JAM'},{'JAM_STAND_STILL_TRAFFIC'},30,{2},5.0
2e69e975,2e69e974c,2020-11-14,9,{'JAM'},{'JAM'},11,{2},5.0
2e69e975,2e69e9754,2020-09-01,18,{'JAM'},{'JAM_HEAVY_TRAFFIC'},32,{2},5.0
2e69e975,2e69e9754,2020-09-06,17,{'JAM'},{'JAM_STAND_STILL_TRAFFIC'},31,{2},5.0
2e69e975,2e69e9754,2020-09-08,19,{'JAM'},{'JAM_MODERATE_TRAFFIC'},31,{2},5.0
2e69e975,2e69e9754,2020-09-11,17,{'JAM'},{'JAM_HEAVY_TRAFFIC'},31,{2},5.0
2e69e975,2e69e9754,2020-09-12,13,{'JAM'},{'JAM_HEAVY_TRAFFIC'},27,{2},5.0
2e69e975,2e69e9754,2020-10-03,17,{'JAM'},{'JAM_STAND_STILL_TRAFFIC'},31,{2},5.0
2e69e975,2e69e9754,2020-10-03,20,{'JAM'},{'JAM_HEAVY_TRAFFIC'},30,{2},5.0
2e69e975,2e69e9754,2020-10-07,17,{'JAM'},{'JAM_HEAVY_TRAFFIC'},31,{2},5.0
2e69e975,2e69e9754,2020-10-24,16,{'JAM'},{'JAM_STAND_STILL_TRAFFIC'},31,{2},5.0
2e69e975,2e69e9754,2020-10-26,18,{'JAM'},{'JAM_HEAVY_TRAFFIC'},4,{2},5.0
2e69e975,2e69e9754,2020-11-01,17,{'JAM'},{'JAM_HEAVY_TRAFFIC'},43,{2},5.6976744186046515
2e69e975,2e69e9754,2020-11-07,17,{'JAM'},{'JAM_STAND_STILL_TRAFFIC'},29,{2},5.0
2e69e975,2e69e9754,2020-11-15,16,{'JAM'},"{'JAM_STAND_STILL_TRAFFIC', 'JAM_MODERATE_TRAFFIC'}",55,"{1, 2}",5.0
2e69e97b,2e69e97ac,2020-10-04,17,{'JAM'},{'JAM_HEAVY_TRAFFIC'},30,{1},5.9
2e69e97d,2e69e97cc,2020-10-27,14,{'JAM'},{'JAM'},30,{17},5.0
2e69e97d,2e69e97d4,2020-10-17,14,{'JAM'},{'JAM_STAND_STILL_TRAFFIC'},33,{7},5.878787878787879
2e69e97d,2e69e97dc,2020-09-05,14,{'JAM'},{'JAM_STAND_STILL_TRAFFIC'},32,{7},5.0
2e69e97d,2e69e97dc,2020-10-08,18,{'JAM'},{'JAM_MODERATE_TRAFFIC'},30,{7},5.0
2e69e97d,2e69e97dc,2020-10-09,17,"{'JAM', 'WEATHERHAZARD'}","{'HAZARD_ON_ROAD_CAR_STOPPED', 'JAM_HEAVY_TRAFFIC'}",66,{7},5.303030303030303
2e69e97d,2e69e97dc,2020-10-10,15,{'JAM'},{'JAM_STAND_STILL_TRAFFIC'},24,{7},5.0
2e69e97d,2e69e97dc,2020-10-24,15,{'JAM'},{'JAM_MODERATE_TRAFFIC'},32,{7},5.0
2e69e97d,2e69e97dc,2020-10-25,15,{'JAM'},{'JAM_STAND_STILL_TRAFFIC'},31,{7},5.0
2e69e97f,2e69e97e4,2020-09-25,7,{'JAM'},{'JAM'},30,{1},5.0
2e69e97f,2e69e97ec,2020-09-21,7,{'JAM'},{'JAM_HEAVY_TRAFFIC'},30,{7},5.0
2e69e97f,2e69e97ec,2020-11-21,15,{'JAM'},{'JAM_STAND_STILL_TRAFFIC'},60,{7},5.466666666666667
2e69e97f,2e69e97f4,2020-09-11,21,{'JAM'},{'JAM_MODERATE_TRAFFIC'},7,{7},5.0
2e69e97f,2e69e97f4,2020-10-09,17,{'JAM'},{'JAM_STAND_STILL_TRAFFIC'},34,{7},5.0
2e69e97f,2e69e97f4,2020-10-16,19,{'JAM'},{'JAM_STAND_STILL_TRAFFIC'},28,{7},5.0
2e69e97f,2e69e97f4,2020-10-31,17,{'JAM'},{'JAM_HEAVY_TRAFFIC'},30,{7},5.0
2e69e97f,2e69e97f4,2020-11-07,16,{'JAM'},{'JAM_STAND_STILL_TRAFFIC'},32,{7},5.0
2e69e981,2e69e981c,2020-10-10,9,{'JAM'},{'JAM_HEAVY_TRAFFIC'},31,{7},5.0
2e69e981,2e69e981c,2020-11-07,17,{'JAM'},{'JAM_STAND_STILL_TRAFFIC'},23,{7},5.0
2e69e985,2e69e9844,2020-09-05,10,{'JAM'},{'JAM_HEAVY_TRAFFIC'},29,{7},5.0
2e69e985,2e69e9844,2020-11-01,20,{'JAM'},{'JAM_STAND_STILL_TRAFFIC'},25,{7},5.0
2e69e985,2e69e984c,2020-11-22,15,{'JAM'},{'JAM'},30,{1},5.0
2e69e985,2e69e985c,2020-09-11,18,{'JAM'},{'JAM_MODERATE_TRAFFIC'},7,{7},5.0
2e69e985,2e69e985c,2020-10-10,14,{'JAM'},{'JAM_HEAVY_TRAFFIC'},6,{7},5.0
2e69e98b,2e69e98b4,2020-10-12,21,{'WEATHERHAZARD'},{'WEATHERHAZARD'},32,{1},5.0
2e69e98b,2e69e98bc,2020-11-02,15,{'WEATHERHAZARD'},{'WEATHERHAZARD'},35,{1},5.0
2e69e98d,2e69e98d4,2020-09-05,19,{'JAM'},{'JAM_STAND_STILL_TRAFFIC'},17,{7},6.0
2e69e98d,2e69e98dc,2020-09-05,19,{'JAM'},"{'JAM_STAND_STILL_TRAFFIC', 'JAM_HEAVY_TRAFFIC'}",83,{7},5.325301204819277
2e69e98d,2e69e98dc,2020-09-25,18,{'JAM'},{'JAM_STAND_STILL_TRAFFIC'},34,{7},5.0
2e69e98d,2e69e98dc,2020-10-25,7,{'JAM'},{'JAM'},33,{1},5.0
2e69e98d,2e69e98dc,2020-11-01,6,{'JAM'},{'JAM'},31,{1},5.0
2e69e98f,2e69e98e4,2020-09-05,19,{'JAM'},{'JAM_HEAVY_TRAFFIC'},61,{7},5.0
2e69e98f,2e69e98f4,2020-09-05,19,{'JAM'},{'JAM_HEAVY_TRAFFIC'},29,{7},5.0
2e69e98f,2e69e98f4,2020-10-08,18,{'JAM'},{'JAM_HEAVY_TRAFFIC'},33,{7},5.0
2e69e98f,2e69e98f4,2020-10-12,17,{'JAM'},{'JAM_HEAVY_TRAFFIC'},34,{7},5.0
2e69e98f,2e69e98f4,2020-10-24,20,{'JAM'},{'JAM_HEAVY_TRAFFIC'},33,{7},5.0
2e69e98f,2e69e98f4,2020-11-07,13,{'JAM'},{'JAM_MODERATE_TRAFFIC'},15,{7},5.0
2e69e98f,2e69e98fc,2020-10-09,20,{'JAM'},{'JAM_STAND_STILL_TRAFFIC'},30,{7},5.0
2e69e98f,2e69e98fc,2020-10-20,13,{'JAM'},{'JAM_STAND_STILL_TRAFFIC'},45,{1},5.4
2e69e98f,2e69e98fc,2020-11-01,20,{'JAM'},{'JAM_STAND_STILL_TRAFFIC'},27,{7},5.0
2e69e98f,2e69e98fc,2020-11-08,17,{'JAM'},{'JAM_MODERATE_TRAFFIC'},30,{1},5.0
2e69e993,2e69e992c,2020-09-05,18,{'JAM'},{'JAM_STAND_STILL_TRAFFIC'},90,{1},5.977777777777778
2e69e995,2e69e9944,2020-09-05,12,{'JAM'},{'JAM_STAND_STILL_TRAFFIC'},32,{2},5.0
2e69e995,2e69e9944,2020-09-05,20,{'JAM'},{'JAM_STAND_STILL_TRAFFIC'},30,{2},5.0
2e69e995,2e69e9944,2020-09-06,15,{'JAM'},{'JAM_STAND_STILL_TRAFFIC'},19,{2},5.0
2e69e995,2e69e9944,2020-10-03,16,{'JAM'},"{'JAM_STAND_STILL_TRAFFIC', 'JAM_HEAVY_TRAFFIC'}",44,{2},5.2272727272727275
2e69e995,2e69e9944,2020-11-01,10,{'JAM'},{'JAM_STAND_STILL_TRAFFIC'},30,{2},5.0
2e69e995,2e69e9944,2020-11-01,11,{'JAM'},{'JAM_STAND_STILL_TRAFFIC'},30,{2},5.0
2e69e995,2e69e9944,2020-11-08,16,{'JAM'},{'JAM_STAND_STILL_TRAFFIC'},8,{2},5.0
2e69e995,2e69e9944,2020-11-14,17,{'JAM'},{'JAM_STAND_STILL_TRAFFIC'},20,{2},5.0
2e69e995,2e69e994c,2020-09-05,20,{'JAM'},"{'JAM_STAND_STILL_TRAFFIC', 'JAM_HEAVY_TRAFFIC'}",60,"{1, 2}",5.0
2e69e995,2e69e994c,2020-10-17,15,{'JAM'},{'JAM_HEAVY_TRAFFIC'},7,{2},5.0
2e69e995,2e69e994c,2020-11-01,17,{'JAM'},{'JAM_MODERATE_TRAFFIC'},33,{2},5.0
2e69e995,2e69e994c,2020-11-07,15,{'JAM'},{'JAM_MODERATE_TRAFFIC'},31,{2},5.0
2e69e995,2e69e994c,2020-11-09,16,{'JAM'},{'JAM_STAND_STILL_TRAFFIC'},34,{1},5.0
2e69e995,2e69e994c,2020-11-21,10,{'JAM'},{'JAM_STAND_STILL_TRAFFIC'},32,{1},5.875
2e69e995,2e69e9954,2020-10-04,13,{'JAM'},{'JAM_HEAVY_TRAFFIC'},30,{1},5.0
2e69e995,2e69e9954,2020-11-01,17,{'JAM'},{'JAM_STAND_STILL_TRAFFIC'},31,{1},5.0
2e69e995,2e69e9954,2020-11-07,11,{'JAM'},{'JAM_STAND_STILL_TRAFFIC'},31,{1},5.0
2e69e995,2e69e9954,2020-11-08,10,{'JAM'},{'JAM_MODERATE_TRAFFIC'},31,{1},5.0
2e69e995,2e69e9954,2020-11-08,16,{'JAM'},{'JAM_STAND_STILL_TRAFFIC'},34,{1},5.0
2e69e995,2e69e9954,2020-11-14,17,{'JAM'},{'JAM_STAND_STILL_TRAFFIC'},54,{1},7.074074074074074
2e69e997,2e69e9964,2020-09-05,20,{'JAM'},{'JAM_STAND_STILL_TRAFFIC'},22,{2},5.0
2e69e997,2e69e9964,2020-11-01,11,{'JAM'},{'JAM_STAND_STILL_TRAFFIC'},30,{2},5.0
2e69e997,2e69e997c,2020-09-30,19,{'JAM'},{'JAM_STAND_STILL_TRAFFIC'},32,{2},5.0
2e69e997,2e69e997c,2020-10-14,10,{'JAM'},{'JAM_HEAVY_TRAFFIC'},63,{2},5.0
2e69e997,2e69e997c,2020-10-14,18,{'JAM'},{'JAM_MODERATE_TRAFFIC'},32,{2},5.0
2e69e997,2e69e997c,2020-10-25,11,{'JAM'},{'JAM_STAND_STILL_TRAFFIC'},30,{1},5.0
2e69e997,2e69e997c,2020-10-27,19,{'JAM'},{'JAM_STAND_STILL_TRAFFIC'},17,{2},5.0
2e69e997,2e69e997c,2020-11-07,17,{'JAM'},{'JAM_HEAVY_TRAFFIC'},23,{2},5.0
2e69e997,2e69e997c,2020-11-20,21,{'JAM'},{'JAM_STAND_STILL_TRAFFIC'},25,{2},5.0
2e69e999,2e69e9984,2020-09-05,12,{'JAM'},{'JAM_STAND_STILL_TRAFFIC'},30,{1},5.0
2e69e999,2e69e9984,2020-09-06,19,{'JAM'},{'JAM_HEAVY_TRAFFIC'},19,{2},5.0
2e69e999,2e69e9984,2020-09-12,16,{'ACCIDENT'},{'ACCIDENT'},131,{2},6.00763358778626
2e69e999,2e69e9984,2020-10-03,12,{'JAM'},{'JAM_STAND_STILL_TRAFFIC'},32,{1},5.0
2e69e999,2e69e9984,2020-10-03,20,{'JAM'},{'JAM_STAND_STILL_TRAFFIC'},32,{1},5.0
2e69e999,2e69e9984,2020-10-28,19,{'JAM'},{'JAM_STAND_STILL_TRAFFIC'},18,{2},5.0
2e69e999,2e69e9984,2020-10-31,15,{'JAM'},{'JAM_STAND_STILL_TRAFFIC'},30,{2},5.0
2e69e999,2e69e9984,2020-11-01,16,{'JAM'},{'JAM_STAND_STILL_TRAFFIC'},31,{2},5.0
2e69e999,2e69e998c,2020-11-01,17,{'JAM'},{'JAM_HEAVY_TRAFFIC'},30,{2},5.0
2e69e99b,2e69e99bc,2020-11-05,5,{'JAM'},{'JAM_MODERATE_TRAFFIC'},33,{1},5.0
2e69e99d,2e69e99d4,2020-09-05,18,{'JAM'},{'JAM_STAND_STILL_TRAFFIC'},33,{1},5.0
2e69e99f,2e69e99ec,2020-09-21,16,"{'JAM', 'ACCIDENT'}","{'JAM_STAND_STILL_TRAFFIC', 'ACCIDENT'}",151,{1},5.0
2e69e99f,2e69e99fc,2020-09-07,23,{'JAM'},{'JAM'},6,{2},5.0
2e69e99f,2e69e99fc,2020-09-12,13,{'JAM'},{'JAM_MODERATE_TRAFFIC'},33,{22},5.0
2e69e99f,2e69e99fc,2020-10-26,10,{'JAM'},{'JAM_STAND_STILL_TRAFFIC'},31,{2},5.0
2e69e99f,2e69e99fc,2020-11-01,17,{'JAM'},{'JAM_HEAVY_TRAFFIC'},32,{2},5.0
2e69e99f,2e69e99fc,2020-11-08,16,{'JAM'},"{'JAM_STAND_STILL_TRAFFIC', 'JAM_HEAVY_TRAFFIC'}",62,{2},5.0
2e69e9a1,2e69e9a04,2020-10-25,0,{'JAM'},{'JAM_STAND_STILL_TRAFFIC'},30,{1},5.0
2e69e9a9,2e69e9a94,2020-09-18,15,{'ACCIDENT'},{'ACCIDENT'},119,{1},5.0
2e69e9b3,2e69e9b2c,2020-10-17,14,{'WEATHERHAZARD'},{'WEATHERHAZARD'},32,{1},5.65625
2e69e9e9,2e69e9e94,2020-09-05,14,{'JAM'},{'JAM_STAND_STILL_TRAFFIC'},30,{2},5.0
2e69e9e9,2e69e9e94,2020-09-06,10,{'JAM'},{'JAM_STAND_STILL_TRAFFIC'},47,{2},6.340425531914893
2e69e9e9,2e69e9e94,2020-10-29,8,{'JAM'},{'JAM_HEAVY_TRAFFIC'},6,{2},5.0
2e69e9e9,2e69e9e94,2020-11-02,18,{'JAM'},{'JAM_STAND_STILL_TRAFFIC'},34,{2},5.970588235294118
2e69e9e9,2e69e9e94,2020-11-07,16,{'JAM'},{'JAM_MODERATE_TRAFFIC'},26,{2},5.0
2e69e9eb,2e69e9eb4,2020-10-03,12,{'JAM'},{'JAM_HEAVY_TRAFFIC'},6,{2},7.0
2e69e9eb,2e69e9eb4,2020-10-03,13,{'JAM'},{'JAM_STAND_STILL_TRAFFIC'},16,{2},5.375
2e69e9eb,2e69e9eb4,2020-11-14,17,{'JAM'},{'JAM_STAND_STILL_TRAFFIC'},20,{2},5.0
2e69e9eb,2e69e9ebc,2020-09-06,11,{'JAM'},{'JAM_STAND_STILL_TRAFFIC'},30,{2},6.366666666666666
2e69e9eb,2e69e9ebc,2020-09-27,13,{'JAM'},{'JAM_STAND_STILL_TRAFFIC'},40,{2},5.375
2e69e9eb,2e69e9ebc,2020-10-03,12,{'JAM'},{'JAM_HEAVY_TRAFFIC'},53,{2},7.132075471698113
2e69e9eb,2e69e9ebc,2020-11-07,14,{'JAM'},{'JAM_STAND_STILL_TRAFFIC'},23,{2},5.0
2e69e9eb,2e69e9ebc,2020-11-07,15,{'JAM'},{'JAM_STAND_STILL_TRAFFIC'},62,{2},7.919354838709677
2e69ea05,2e69ea04c,2020-10-17,13,{'JAM'},{'JAM_STAND_STILL_TRAFFIC'},11,{2},5.0
2e69ea05,2e69ea054,2020-09-30,18,{'WEATHERHAZARD'},{'WEATHERHAZARD'},33,{2},5.0
2e69ea13,2e69ea12c,2020-11-13,21,{'ACCIDENT'},{'ACCIDENT'},119,{1},5.0
2e69ea13,2e69ea13c,2020-10-09,11,{'JAM'},{'JAM'},33,{1},5.0
2e69ea13,2e69ea13c,2020-10-09,12,{'JAM'},{'JAM_STAND_STILL_TRAFFIC'},31,{1},5.0
2e69ea13,2e69ea13c,2020-10-10,18,{'JAM'},{'JAM'},30,{1},5.0
2e69ea13,2e69ea13c,2020-11-19,9,{'JAM'},{'JAM_STAND_STILL_TRAFFIC'},49,{1},5.346938775510204
2e69ea15,2e69ea144,2020-11-09,3,{'JAM'},{'JAM_STAND_STILL_TRAFFIC'},35,{1},5.0
2e69ea15,2e69ea15c,2020-09-15,13,{'JAM'},{'JAM_STAND_STILL_TRAFFIC'},22,{1},5.0
2e69ea17,2e69ea164,2020-09-24,10,{'JAM'},{'JAM_HEAVY_TRAFFIC'},30,{2},5.0
2e69ea17,2e69ea164,2020-11-06,11,{'WEATHERHAZARD'},{'WEATHERHAZARD'},31,{2},5.0
2e69ea17,2e69ea17c,2020-10-15,19,{'JAM'},{'JAM_MODERATE_TRAFFIC'},31,{2},5.0
2e69ea17,2e69ea17c,2020-10-17,19,{'JAM'},{'JAM_HEAVY_TRAFFIC'},31,{2},5.0
2e69ea1b,2e69ea1a4,2020-10-29,13,{'JAM'},{'JAM_STAND_STILL_TRAFFIC'},32,{2},5.0
2e69ea1b,2e69ea1ac,2020-09-12,22,{'JAM'},{'JAM'},31,{2},5.0
2e69ea1b,2e69ea1ac,2020-10-29,12,{'JAM'},{'JAM'},47,{2},5.74468085106383
2e69ea21,2e69ea204,2020-10-07,10,{'WEATHERHAZARD'},{'HAZARD_ON_ROAD_OBJECT'},62,{7},5.0
2e69ea21,2e69ea20c,2020-10-19,17,{'JAM'},{'JAM_HEAVY_TRAFFIC'},31,{1},5.0
2e69ea21,2e69ea21c,2020-11-16,5,{'JAM'},{'JAM'},30,{1},5.0
2e69ea23,2e69ea22c,2020-10-10,11,{'JAM'},{'JAM_STAND_STILL_TRAFFIC'},8,{2},5.0
2e69ea27,2e69ea26c,2020-09-26,8,{'ACCIDENT'},{'ACCIDENT_MINOR'},120,{1},5.466666666666667
2e69ea27,2e69ea27c,2020-11-04,21,{'JAM'},{'JAM_HEAVY_TRAFFIC'},32,{1},5.0
2e69ea2b,2e69ea2a4,2020-10-02,8,{'JAM'},{'JAM'},31,{1},5.0
2e69ea2b,2e69ea2ac,2020-09-02,9,{'JAM'},{'JAM'},31,{1},6.0
2e69ea2d,2e69ea2d4,2020-10-16,16,{'WEATHERHAZARD'},{'WEATHERHAZARD'},31,{2},5.0
2e69ea2d,2e69ea2d4,2020-10-17,13,{'JAM'},{'JAM_MODERATE_TRAFFIC'},6,{2},5.0
2e69ea2d,2e69ea2dc,2020-09-05,21,{'JAM'},{'JAM_STAND_STILL_TRAFFIC'},30,{2},5.0
2e69ea2f,2e69ea2e4,2020-09-22,8,{'WEATHERHAZARD'},{'WEATHERHAZARD'},30,{1},5.0
2e69ea2f,2e69ea2f4,2020-09-17,7,{'ACCIDENT'},{'ACCIDENT'},120,{1},5.0
2e69ea31,2e69ea314,2020-11-17,12,{'JAM'},{'JAM'},30,{1},5.0
2e69ea35,2e69ea354,2020-11-19,0,{'ACCIDENT'},{'ACCIDENT_MAJOR'},120,{1},5.0
2e69ea3b,2e69ea3a4,2020-10-31,11,{'JAM'},{'JAM'},31,{1},5.0
2e69ea3d,2e69ea3d4,2020-11-01,11,{'JAM'},{'JAM'},30,{1},6.0
2e69ea3f,2e69ea3ec,2020-10-04,12,{'JAM'},{'JAM'},30,{1},5.0
2e69ea3f,2e69ea3f4,2020-10-20,15,{'JAM'},{'JAM'},26,{2},5.0
2e69ea41,2e69ea414,2020-11-17,15,{'JAM'},{'JAM'},31,{2},5.0
2e69ea45,2e69ea444,2020-09-02,1,{'JAM'},{'JAM'},30,{1},5.0
2e69ea45,2e69ea444,2020-09-26,19,{'JAM'},{'JAM_HEAVY_TRAFFIC'},30,{2},5.0
2e69ea45,2e69ea444,2020-10-23,14,{'JAM'},{'JAM_HEAVY_TRAFFIC'},31,{2},5.0
2e69ea45,2e69ea44c,2020-09-25,19,{'JAM'},{'JAM_HEAVY_TRAFFIC'},32,{2},5.0
2e69ea45,2e69ea454,2020-10-26,16,{'WEATHERHAZARD'},{'HAZARD_ON_SHOULDER'},30,{1},5.0
2e69ea45,2e69ea45c,2020-09-21,9,{'ACCIDENT'},{'ACCIDENT_MAJOR'},121,{1},5.0
2e69ea4b,2e69ea4a4,2020-09-24,11,{'JAM'},{'JAM_MODERATE_TRAFFIC'},31,{1},5.935483870967742
2e69ea4b,2e69ea4b4,2020-09-02,1,{'JAM'},{'JAM'},32,{8},5.96875
2e69ea4d,2e69ea4cc,2020-11-07,13,{'ACCIDENT'},{'ACCIDENT'},122,{1},5.0
2e69ea4d,2e69ea4cc,2020-11-10,9,{'JAM'},{'JAM_MODERATE_TRAFFIC'},31,{1},5.0
2e69ea4f,2e69ea4e4,2020-10-15,10,"{'JAM', 'WEATHERHAZARD'}","{'JAM_MODERATE_TRAFFIC', 'HAZARD_ON_ROAD_POT_HOLE'}",2033,{1},5.0
2e69ea51,2e69ea514,2020-11-15,21,{'JAM'},{'JAM_HEAVY_TRAFFIC'},30,{6},5.0
2e69ea53,2e69ea534,2020-09-29,8,{'WEATHERHAZARD'},{'WEATHERHAZARD'},31,{6},5.0
2e69ea53,2e69ea53c,2020-10-03,20,{'JAM'},{'JAM_STAND_STILL_TRAFFIC'},31,{6},5.967741935483871
2e69ea53,2e69ea53c,2020-10-28,6,{'JAM'},{'JAM_STAND_STILL_TRAFFIC'},30,{6},5.0
2e69ea5b,2e69ea5ac,2020-11-22,5,{'JAM'},{'JAM_MODERATE_TRAFFIC'},6,{6},5.0
2e69ea61,2e69ea61c,2020-10-16,21,{'WEATHERHAZARD'},{'HAZARD_WEATHER_FLOOD'},7,{1},5.0
2e69ea63,2e69ea624,2020-11-03,9,{'JAM'},{'JAM_STAND_STILL_TRAFFIC'},7,{1},5.0
2e69ea65,2e69ea644,2020-10-03,16,{'JAM'},{'JAM_MODERATE_TRAFFIC'},30,{1},5.0
2e69ea65,2e69ea654,2020-09-17,23,{'WEATHERHAZARD'},{'HAZARD_ON_ROAD_CONSTRUCTION'},232,{6},5.702586206896552
2e69ea65,2e69ea654,2020-09-26,10,{'JAM'},{'JAM_STAND_STILL_TRAFFIC'},30,{6},5.0
2e69ea65,2e69ea654,2020-10-09,19,{'JAM'},{'JAM_STAND_STILL_TRAFFIC'},31,{6},5.0
2e69ea65,2e69ea654,2020-10-10,12,{'JAM'},{'JAM'},17,{6},5.0
2e69ea65,2e69ea654,2020-10-10,13,{'JAM'},{'JAM_STAND_STILL_TRAFFIC'},33,{6},5.0
2e69ea65,2e69ea654,2020-10-10,15,{'JAM'},{'JAM_STAND_STILL_TRAFFIC'},30,{6},5.0
2e69ea65,2e69ea654,2020-10-11,14,{'JAM'},{'JAM_STAND_STILL_TRAFFIC'},2,{6},5.5
2e69ea65,2e69ea654,2020-10-17,10,{'JAM'},{'JAM_HEAVY_TRAFFIC'},33,{6},5.0
2e69ea65,2e69ea654,2020-10-22,17,{'JAM'},{'JAM_HEAVY_TRAFFIC'},6,{6},5.666666666666667
2e69ea65,2e69ea654,2020-10-28,17,{'JAM'},{'JAM_HEAVY_TRAFFIC'},50,{6},5.94
2e69ea65,2e69ea654,2020-10-30,17,{'JAM'},{'JAM_STAND_STILL_TRAFFIC'},32,{6},5.0
2e69ea65,2e69ea654,2020-10-31,19,{'JAM'},{'JAM'},12,{6},5.0
2e69ea65,2e69ea654,2020-11-01,16,{'JAM'},{'JAM_STAND_STILL_TRAFFIC'},30,{6},5.0
2e69ea65,2e69ea654,2020-11-02,18,{'JAM'},{'JAM_HEAVY_TRAFFIC'},35,{6},5.457142857142857
2e69ea65,2e69ea654,2020-11-05,18,{'JAM'},{'JAM_STAND_STILL_TRAFFIC'},61,{6},5.0
2e69ea65,2e69ea654,2020-11-07,19,{'JAM'},{'JAM_STAND_STILL_TRAFFIC'},31,{6},5.967741935483871
2e69ea65,2e69ea654,2020-11-07,20,{'JAM'},{'JAM_STAND_STILL_TRAFFIC'},32,{6},5.0
2e69ea65,2e69ea654,2020-11-09,7,{'JAM'},{'JAM_HEAVY_TRAFFIC'},27,{6},6.0
2e69ea65,2e69ea654,2020-11-16,7,{'JAM'},{'JAM_HEAVY_TRAFFIC'},1,{6},5.0
2e69ea65,2e69ea654,2020-11-21,17,{'JAM'},{'JAM_STAND_STILL_TRAFFIC'},12,{6},5.0
2e69ea65,2e69ea65c,2020-09-30,7,{'JAM'},{'JAM'},24,{1},5.0
2e69ea65,2e69ea65c,2020-10-03,14,{'JAM'},{'JAM_STAND_STILL_TRAFFIC'},30,{1},5.0
2e69ea65,2e69ea65c,2020-10-03,17,{'JAM'},{'JAM_STAND_STILL_TRAFFIC'},33,{1},6.151515151515151
2e69ea65,2e69ea65c,2020-10-04,17,{'JAM'},{'JAM_MODERATE_TRAFFIC'},30,{1},5.0
2e69ea65,2e69ea65c,2020-10-13,17,{'JAM'},{'JAM_STAND_STILL_TRAFFIC'},36,{1},5.0
2e69ea65,2e69ea65c,2020-10-23,17,{'JAM'},{'JAM_HEAVY_TRAFFIC'},29,{1},5.0
2e69ea65,2e69ea65c,2020-10-29,10,{'JAM'},{'JAM_HEAVY_TRAFFIC'},63,{1},5.0
2e69ea65,2e69ea65c,2020-10-29,12,{'JAM'},{'JAM_STAND_STILL_TRAFFIC'},66,{1},5.5
2e69ea65,2e69ea65c,2020-10-29,13,{'JAM'},{'JAM_MODERATE_TRAFFIC'},36,{1},5.0
2e69ea65,2e69ea65c,2020-11-02,17,{'JAM'},{'JAM_HEAVY_TRAFFIC'},32,{1},5.0
2e69ea65,2e69ea65c,2020-11-04,18,{'JAM'},{'JAM_STAND_STILL_TRAFFIC'},92,{1},5.315217391304348
2e69ea65,2e69ea65c,2020-11-07,18,{'JAM'},{'JAM_STAND_STILL_TRAFFIC'},32,{1},5.0
2e69ea65,2e69ea65c,2020-11-09,17,{'JAM'},{'JAM_HEAVY_TRAFFIC'},66,{1},5.0
2e69ea65,2e69ea65c,2020-11-17,15,{'JAM'},{'JAM_HEAVY_TRAFFIC'},31,{1},5.0
2e69ea67,2e69ea664,2020-09-12,16,{'JAM'},{'JAM_MODERATE_TRAFFIC'},6,{6},5.0
2e69ea67,2e69ea664,2020-10-03,10,{'JAM'},{'JAM_STAND_STILL_TRAFFIC'},60,{6},5.0
2e69ea67,2e69ea664,2020-10-10,15,{'JAM'},{'JAM_HEAVY_TRAFFIC'},30,{6},5.0
2e69ea67,2e69ea664,2020-10-13,17,{'JAM'},{'JAM_STAND_STILL_TRAFFIC'},61,{6},5.459016393442623
2e69ea67,2e69ea664,2020-10-17,18,{'JAM'},{'JAM_HEAVY_TRAFFIC'},30,{6},5.0
2e69ea67,2e69ea664,2020-10-17,19,{'JAM'},{'JAM_HEAVY_TRAFFIC'},12,{6},5.0
2e69ea67,2e69ea664,2020-10-20,17,{'JAM'},{'JAM_STAND_STILL_TRAFFIC'},30,{6},5.566666666666666
2e69ea67,2e69ea664,2020-10-23,18,{'JAM'},{'JAM_STAND_STILL_TRAFFIC'},30,{1},5.0
2e69ea67,2e69ea664,2020-10-24,16,{'JAM'},{'JAM_HEAVY_TRAFFIC'},34,{1},5.0
2e69ea67,2e69ea664,2020-10-24,18,{'JAM'},{'JAM_STAND_STILL_TRAFFIC'},33,{6},5.0
2e69ea67,2e69ea664,2020-10-27,8,{'JAM'},{'JAM_HEAVY_TRAFFIC'},21,{6},5.0
2e69ea67,2e69ea664,2020-10-29,11,{'JAM'},{'JAM_HEAVY_TRAFFIC'},60,"{1, 6}",5.0
2e69ea67,2e69ea664,2020-10-30,14,{'JAM'},{'JAM_HEAVY_TRAFFIC'},31,{1},5.0
2e69ea67,2e69ea664,2020-10-31,9,{'JAM'},{'JAM_STAND_STILL_TRAFFIC'},47,{6},5.468085106382978
2e69ea67,2e69ea664,2020-11-04,18,{'JAM'},{'JAM_STAND_STILL_TRAFFIC'},30,{1},5.0
2e69ea67,2e69ea664,2020-11-07,10,{'JAM'},{'JAM_HEAVY_TRAFFIC'},31,{6},5.0
2e69ea67,2e69ea664,2020-11-07,16,{'JAM'},"{'JAM_MODERATE_TRAFFIC', 'JAM_HEAVY_TRAFFIC'}",63,"{1, 22}",5.0
2e69ea67,2e69ea664,2020-11-07,18,{'JAM'},{'JAM_STAND_STILL_TRAFFIC'},33,{1},5.0
2e69ea67,2e69ea664,2020-11-07,19,{'JAM'},{'JAM_STAND_STILL_TRAFFIC'},31,{1},5.0
2e69ea67,2e69ea664,2020-11-08,10,{'JAM'},{'JAM_STAND_STILL_TRAFFIC'},30,{6},5.0
2e69ea67,2e69ea664,2020-11-09,17,{'JAM'},{'JAM_HEAVY_TRAFFIC'},31,{1},5.0
2e69ea67,2e69ea664,2020-11-14,17,{'JAM'},{'JAM_STAND_STILL_TRAFFIC'},21,{22},5.0
2e69ea67,2e69ea664,2020-11-19,16,{'JAM'},{'JAM_HEAVY_TRAFFIC'},31,{6},5.0
2e69ea67,2e69ea66c,2020-10-24,16,{'JAM'},{'JAM_HEAVY_TRAFFIC'},30,{1},5.0
2e69ea67,2e69ea66c,2020-10-29,11,{'JAM'},{'JAM_STAND_STILL_TRAFFIC'},92,{1},5.0
2e69ea67,2e69ea66c,2020-11-03,19,{'JAM'},{'JAM_HEAVY_TRAFFIC'},38,{1},5.0
2e69ea67,2e69ea66c,2020-11-06,18,{'JAM'},{'JAM_STAND_STILL_TRAFFIC'},31,{1},5.0
2e69ea67,2e69ea66c,2020-11-07,13,{'JAM'},{'JAM_STAND_STILL_TRAFFIC'},30,{1},5.0
2e69ea67,2e69ea66c,2020-11-07,16,{'JAM'},{'JAM_HEAVY_TRAFFIC'},30,{1},5.0
2e69ea67,2e69ea66c,2020-11-11,17,{'JAM'},{'JAM_STAND_STILL_TRAFFIC'},32,{1},5.0
2e69ea67,2e69ea66c,2020-11-17,15,{'JAM'},"{'JAM_MODERATE_TRAFFIC', 'JAM_HEAVY_TRAFFIC'}",61,{1},5.0
2e69ea67,2e69ea66c,2020-11-22,5,{'JAM'},{'JAM_STAND_STILL_TRAFFIC'},30,{1},5.0
2e69ea67,2e69ea674,2020-10-05,3,{'JAM'},{'JAM_HEAVY_TRAFFIC'},30,{1},5.0
2e69ea67,2e69ea674,2020-10-05,10,{'JAM'},{'JAM'},30,{1},5.0
2e69ea67,2e69ea67c,2020-09-05,17,{'WEATHERHAZARD'},{'HAZARD_ON_ROAD'},30,{1},5.0
2e69ea67,2e69ea67c,2020-10-10,15,{'JAM'},{'JAM_HEAVY_TRAFFIC'},30,{6},5.0
2e69ea67,2e69ea67c,2020-10-29,11,{'JAM'},{'JAM_STAND_STILL_TRAFFIC'},65,{6},5.0
2e69ea67,2e69ea67c,2020-11-07,11,{'JAM'},{'JAM_STAND_STILL_TRAFFIC'},31,{6},5.903225806451613
2e69ea69,2e69ea68c,2020-09-10,17,{'JAM'},{'JAM_HEAVY_TRAFFIC'},30,{6},5.0
2e69ea69,2e69ea68c,2020-09-12,16,{'JAM'},{'JAM_HEAVY_TRAFFIC'},36,{6},5.0
2e69ea69,2e69ea68c,2020-10-10,15,{'JAM'},{'JAM_MODERATE_TRAFFIC'},31,{6},5.0
2e69ea69,2e69ea68c,2020-10-24,18,{'JAM'},{'JAM_HEAVY_TRAFFIC'},30,{6},5.0
2e69ea69,2e69ea68c,2020-10-25,13,{'JAM'},{'JAM_STAND_STILL_TRAFFIC'},32,{6},5.0
2e69ea69,2e69ea68c,2020-10-28,17,{'JAM'},{'JAM_HEAVY_TRAFFIC'},6,{6},5.0
2e69ea69,2e69ea68c,2020-10-29,11,{'JAM'},{'JAM_STAND_STILL_TRAFFIC'},30,{6},6.0
2e69ea69,2e69ea68c,2020-11-10,16,{'JAM'},{'JAM_HEAVY_TRAFFIC'},35,{6},5.514285714285714
2e69ea6f,2e69ea6e4,2020-10-30,13,{'JAM'},{'JAM'},32,{1},5.0
2e69ea6f,2e69ea6ec,2020-11-14,11,{'JAM'},{'JAM_STAND_STILL_TRAFFIC'},30,{1},5.0
2e69ea6f,2e69ea6f4,2020-09-01,9,{'JAM'},{'JAM_STAND_STILL_TRAFFIC'},32,{1},5.0
2e69ea6f,2e69ea6f4,2020-09-08,16,{'JAM'},{'JAM_HEAVY_TRAFFIC'},34,{6},5.0
2e69ea6f,2e69ea6f4,2020-09-12,11,{'JAM'},{'JAM_HEAVY_TRAFFIC'},32,{6},6.90625
2e69ea6f,2e69ea6f4,2020-09-21,17,{'JAM'},{'JAM_HEAVY_TRAFFIC'},30,{6},5.0
2e69ea6f,2e69ea6f4,2020-09-23,7,{'JAM'},{'JAM_STAND_STILL_TRAFFIC'},30,{6},5.0
2e69ea6f,2e69ea6f4,2020-09-26,16,{'JAM'},{'JAM_HEAVY_TRAFFIC'},31,{6},5.580645161290323
2e69ea6f,2e69ea6f4,2020-09-29,17,{'JAM'},{'JAM_MODERATE_TRAFFIC'},30,{6},5.0
2e69ea6f,2e69ea6f4,2020-10-02,14,{'JAM'},{'JAM_STAND_STILL_TRAFFIC'},31,{6},5.0
2e69ea6f,2e69ea6f4,2020-10-02,17,{'JAM'},{'JAM_STAND_STILL_TRAFFIC'},32,{6},5.0
2e69ea6f,2e69ea6f4,2020-10-03,10,{'WEATHERHAZARD'},{'HAZARD_ON_ROAD_CAR_STOPPED'},30,{6},5.0
2e69ea6f,2e69ea6f4,2020-10-03,17,{'JAM'},{'JAM_STAND_STILL_TRAFFIC'},40,{6},5.975
2e69ea6f,2e69ea6f4,2020-10-04,16,{'JAM'},{'JAM_STAND_STILL_TRAFFIC'},33,{6},5.0
2e69ea6f,2e69ea6f4,2020-10-07,17,{'JAM'},{'JAM_HEAVY_TRAFFIC'},31,{6},5.0
2e69ea6f,2e69ea6f4,2020-10-09,19,{'JAM'},{'JAM_MODERATE_TRAFFIC'},16,{6},5.0
2e69ea6f,2e69ea6f4,2020-10-10,11,{'JAM'},{'JAM_STAND_STILL_TRAFFIC'},32,{6},5.0
2e69ea6f,2e69ea6f4,2020-10-11,10,{'JAM'},{'JAM_STAND_STILL_TRAFFIC'},31,{6},5.0
2e69ea6f,2e69ea6f4,2020-10-11,14,{'JAM'},{'JAM_STAND_STILL_TRAFFIC'},28,{6},7.928571428571429
2e69ea6f,2e69ea6f4,2020-10-22,16,{'JAM'},{'JAM'},32,{6},5.0
2e69ea6f,2e69ea6f4,2020-10-23,7,{'JAM'},{'JAM_HEAVY_TRAFFIC'},34,{6},5.0
2e69ea6f,2e69ea6f4,2020-10-23,17,{'JAM'},{'JAM_HEAVY_TRAFFIC'},32,{6},5.0
2e69ea6f,2e69ea6f4,2020-10-27,8,{'JAM'},"{'JAM_STAND_STILL_TRAFFIC', 'JAM_HEAVY_TRAFFIC'}",62,"{1, 6}",5.0
2e69ea6f,2e69ea6f4,2020-10-27,16,{'JAM'},{'JAM_HEAVY_TRAFFIC'},49,{6},6.183673469387755
2e69ea6f,2e69ea6f4,2020-10-30,17,{'JAM'},{'JAM_HEAVY_TRAFFIC'},33,{6},5.0
2e69ea6f,2e69ea6f4,2020-10-31,12,{'JAM'},{'JAM_STAND_STILL_TRAFFIC'},32,{6},5.0
2e69ea6f,2e69ea6f4,2020-10-31,19,{'JAM'},{'JAM'},22,{6},6.954545454545454
2e69ea6f,2e69ea6f4,2020-11-02,7,{'JAM'},{'JAM_STAND_STILL_TRAFFIC'},31,{1},5.967741935483871
2e69ea6f,2e69ea6f4,2020-11-04,16,{'JAM'},{'JAM_STAND_STILL_TRAFFIC'},53,{6},5.30188679245283
2e69ea6f,2e69ea6f4,2020-11-07,11,{'JAM'},{'JAM_HEAVY_TRAFFIC'},28,{1},5.0
2e69ea6f,2e69ea6f4,2020-11-07,19,{'JAM'},{'JAM_STAND_STILL_TRAFFIC'},46,{6},5.369565217391305
2e69ea6f,2e69ea6f4,2020-11-08,12,{'JAM'},{'JAM_STAND_STILL_TRAFFIC'},31,{6},5.0
2e69ea6f,2e69ea6f4,2020-11-08,13,{'JAM'},{'JAM_STAND_STILL_TRAFFIC'},32,{6},5.0
2e69ea6f,2e69ea6f4,2020-11-09,7,{'JAM'},{'JAM_HEAVY_TRAFFIC'},3,{6},5.0
2e69ea6f,2e69ea6f4,2020-11-14,11,{'JAM'},{'JAM_STAND_STILL_TRAFFIC'},31,{1},5.0
2e69ea6f,2e69ea6f4,2020-11-18,14,{'JAM'},{'JAM'},31,{6},5.0
2e69ea6f,2e69ea6f4,2020-11-19,17,{'JAM'},{'JAM_MODERATE_TRAFFIC'},30,{6},5.0
2e69ea6f,2e69ea6f4,2020-11-21,14,{'JAM'},{'JAM_STAND_STILL_TRAFFIC'},29,{6},5.0
2e69ea6f,2e69ea6f4,2020-11-21,16,{'JAM'},{'JAM_STAND_STILL_TRAFFIC'},31,{6},5.0
2e69ea6f,2e69ea6fc,2020-09-01,17,{'JAM'},{'JAM_HEAVY_TRAFFIC'},32,{6},5.0
2e69ea6f,2e69ea6fc,2020-09-12,18,{'JAM'},{'JAM_HEAVY_TRAFFIC'},31,{6},5.0
2e69ea6f,2e69ea6fc,2020-10-03,10,{'JAM'},{'JAM_HEAVY_TRAFFIC'},30,{6},5.866666666666666
2e69ea6f,2e69ea6fc,2020-10-13,17,{'JAM'},{'JAM_HEAVY_TRAFFIC'},31,{6},5.0
2e69ea6f,2e69ea6fc,2020-10-15,16,{'JAM'},{'JAM_HEAVY_TRAFFIC'},32,{6},5.0
2e69ea6f,2e69ea6fc,2020-10-17,18,{'JAM'},{'JAM_MODERATE_TRAFFIC'},31,{6},5.0
2e69ea6f,2e69ea6fc,2020-10-18,16,{'JAM'},{'JAM_HEAVY_TRAFFIC'},31,{6},5.0
2e69ea6f,2e69ea6fc,2020-10-22,17,{'JAM'},{'JAM_HEAVY_TRAFFIC'},31,{6},7.580645161290323
2e69ea6f,2e69ea6fc,2020-10-24,18,{'JAM'},{'JAM_STAND_STILL_TRAFFIC'},32,{6},5.0
2e69ea6f,2e69ea6fc,2020-10-28,16,{'JAM'},{'JAM'},31,{6},5.0
2e69ea6f,2e69ea6fc,2020-10-31,11,{'JAM'},{'JAM'},30,{6},5.0
2e69ea6f,2e69ea6fc,2020-10-31,16,{'JAM'},{'JAM_HEAVY_TRAFFIC'},31,{6},5.0
2e69ea6f,2e69ea6fc,2020-10-31,18,{'JAM'},{'JAM_HEAVY_TRAFFIC'},30,{6},5.0
2e69ea6f,2e69ea6fc,2020-11-07,20,{'JAM'},{'JAM_HEAVY_TRAFFIC'},30,{6},5.0
2e69ea6f,2e69ea6fc,2020-11-16,7,{'JAM'},{'JAM_HEAVY_TRAFFIC'},30,{6},7.833333333333333
2e69ea71,2e69ea704,2020-11-12,20,"{'JAM', 'WEATHERHAZARD', 'ACCIDENT'}","{'HAZARD_ON_ROAD_OBJECT', 'ACCIDENT', 'JAM', 'HAZARD_ON_ROAD_POT_HOLE'}",10081,{8},5.004563039381014
2e69ea71,2e69ea704,2020-11-12,21,{'WEATHERHAZARD'},"{'HAZARD_ON_ROAD_CAR_STOPPED', 'HAZARD_WEATHER_FLOOD'}",65,{8},5.0
2e69ea71,2e69ea704,2020-11-14,22,{'JAM'},{'JAM_MODERATE_TRAFFIC'},31,{1},5.0
2e69ea79,2e69ea784,2020-09-11,15,{'JAM'},{'JAM_MODERATE_TRAFFIC'},9,{6},5.0
2e69ea79,2e69ea794,2020-09-07,9,{'WEATHERHAZARD'},{'HAZARD_ON_ROAD_CONSTRUCTION'},93,{6},10.0
2e69ea79,2e69ea794,2020-09-17,23,{'WEATHERHAZARD'},{'HAZARD_ON_ROAD_CONSTRUCTION'},230,{6},5.7043478260869565
2e69ea79,2e69ea794,2020-10-24,5,{'WEATHERHAZARD'},{'WEATHERHAZARD'},31,{6},6.0
2e69ea79,2e69ea79c,2020-09-01,17,{'JAM'},{'JAM_MODERATE_TRAFFIC'},6,{6},5.0
2e69ea79,2e69ea79c,2020-09-06,13,{'JAM'},{'JAM'},18,{6},5.0
2e69ea79,2e69ea79c,2020-09-15,6,{'JAM'},{'JAM_HEAVY_TRAFFIC'},25,{6},5.0
2e69ea79,2e69ea79c,2020-10-20,19,{'JAM'},{'JAM_MODERATE_TRAFFIC'},6,{6},5.0
2e69ea79,2e69ea79c,2020-10-21,16,{'JAM'},{'JAM'},29,{6},5.0
2e69ea79,2e69ea79c,2020-10-27,16,{'JAM'},{'JAM_HEAVY_TRAFFIC'},31,{6},5.0
2e69ea79,2e69ea79c,2020-10-27,17,{'JAM'},{'JAM_STAND_STILL_TRAFFIC'},6,{6},5.833333333333333
2e69ea79,2e69ea79c,2020-10-29,15,{'JAM'},{'JAM'},28,{6},5.0
2e69ea79,2e69ea79c,2020-11-22,18,{'JAM'},{'JAM_STAND_STILL_TRAFFIC'},19,{6},5.0
2e69ea7b,2e69ea7a4,2020-09-15,6,{'JAM'},{'JAM_STAND_STILL_TRAFFIC'},29,{6},5.0
2e69ea7b,2e69ea7a4,2020-10-20,16,{'JAM'},{'JAM_MODERATE_TRAFFIC'},31,{6},5.0
2e69ea7b,2e69ea7a4,2020-11-01,16,{'JAM'},{'JAM_HEAVY_TRAFFIC'},31,{6},5.0
2e69ea7b,2e69ea7a4,2020-11-07,16,{'JAM'},{'JAM_HEAVY_TRAFFIC'},30,{6},5.0
2e69ea7b,2e69ea7a4,2020-11-07,17,{'JAM'},{'JAM_STAND_STILL_TRAFFIC'},32,{6},6.9375
2e69ea7b,2e69ea7ac,2020-09-14,16,{'JAM'},{'JAM_MODERATE_TRAFFIC'},16,{6},5.0
2e69ea7b,2e69ea7ac,2020-10-10,17,{'JAM'},{'JAM_HEAVY_TRAFFIC'},33,{6},5.0
2e69ea7b,2e69ea7ac,2020-10-22,14,{'WEATHERHAZARD'},{'HAZARD_ON_ROAD_CONSTRUCTION'},721,{6},8.427184466019417
2e69ea7b,2e69ea7ac,2020-10-22,17,{'JAM'},{'JAM_STAND_STILL_TRAFFIC'},34,{6},5.970588235294118
2e69ea7b,2e69ea7ac,2020-10-27,16,{'JAM'},{'JAM_STAND_STILL_TRAFFIC'},31,{6},5.0
2e69ea7b,2e69ea7ac,2020-10-30,17,{'JAM'},{'JAM_HEAVY_TRAFFIC'},30,{6},5.0
2e69ea7b,2e69ea7ac,2020-10-31,17,{'JAM'},{'JAM_HEAVY_TRAFFIC'},31,{6},5.903225806451613
2e69ea7b,2e69ea7ac,2020-11-02,17,"{'JAM', 'WEATHERHAZARD'}","{'HAZARD_ON_SHOULDER', 'JAM_HEAVY_TRAFFIC'}",66,{6},5.5
2e69ea7b,2e69ea7ac,2020-11-05,17,{'JAM'},{'JAM_STAND_STILL_TRAFFIC'},31,{6},5.0
2e69ea7b,2e69ea7ac,2020-11-07,19,{'JAM'},{'JAM_HEAVY_TRAFFIC'},67,{6},5.447761194029851
2e69ea7d,2e69ea7c4,2020-10-10,9,{'JAM'},{'JAM_HEAVY_TRAFFIC'},30,{2},5.0
2e69ea7d,2e69ea7c4,2020-10-11,10,{'JAM'},{'JAM_HEAVY_TRAFFIC'},30,{2},5.0
2e69ea7d,2e69ea7c4,2020-10-11,15,{'JAM'},{'JAM_STAND_STILL_TRAFFIC'},31,{1},5.0
2e69ea7d,2e69ea7c4,2020-10-13,7,{'JAM'},{'JAM_MODERATE_TRAFFIC'},30,{2},5.0
2e69ea7d,2e69ea7c4,2020-10-16,9,{'JAM'},{'JAM_STAND_STILL_TRAFFIC'},30,{2},5.0
2e69ea7d,2e69ea7c4,2020-10-17,15,{'WEATHERHAZARD'},{'HAZARD_ON_ROAD_CONSTRUCTION'},691,{2},6.725036179450072
2e69ea7d,2e69ea7c4,2020-10-18,9,{'JAM'},{'JAM_STAND_STILL_TRAFFIC'},32,{2},5.0
2e69ea7d,2e69ea7c4,2020-10-23,9,{'WEATHERHAZARD'},{'HAZARD_ON_SHOULDER_MISSING_SIGN'},31,{2},5.0
2e69ea7d,2e69ea7c4,2020-10-24,15,{'JAM'},{'JAM_MODERATE_TRAFFIC'},31,{2},5.0
2e69ea7d,2e69ea7c4,2020-10-25,14,"{'JAM', 'WEATHERHAZARD'}","{'HAZARD_ON_ROAD_CONSTRUCTION', 'JAM_HEAVY_TRAFFIC'}",755,{2},7.888741721854305
2e69ea7d,2e69ea7c4,2020-10-25,17,{'JAM'},{'JAM_STAND_STILL_TRAFFIC'},31,{2},5.0
2e69ea7d,2e69ea7c4,2020-10-26,18,{'WEATHERHAZARD'},{'HAZARD_ON_ROAD_CONSTRUCTION'},716,{2},5.948324022346369
2e69ea7d,2e69ea7c4,2020-10-29,9,{'JAM'},{'JAM_HEAVY_TRAFFIC'},20,{2},5.0
2e69ea7d,2e69ea7c4,2020-10-30,11,{'JAM'},{'JAM_HEAVY_TRAFFIC'},30,{2},5.0
2e69ea7d,2e69ea7c4,2020-10-30,15,{'JAM'},{'JAM_MODERATE_TRAFFIC'},30,{2},5.0
2e69ea7d,2e69ea7c4,2020-10-31,17,{'JAM'},{'JAM_HEAVY_TRAFFIC'},7,{2},5.0
2e69ea7d,2e69ea7c4,2020-11-02,12,{'JAM'},{'JAM'},31,{2},5.0
2e69ea7d,2e69ea7c4,2020-11-02,18,"{'JAM', 'WEATHERHAZARD'}","{'JAM_STAND_STILL_TRAFFIC', 'HAZARD_ON_ROAD_CONSTRUCTION'}",752,{2},5.0412234042553195
2e69ea7d,2e69ea7dc,2020-10-17,15,{'JAM'},{'JAM_HEAVY_TRAFFIC'},30,{2},5.0
2e69ea7d,2e69ea7dc,2020-10-26,18,{'JAM'},{'JAM_STAND_STILL_TRAFFIC'},28,{2},5.0
2e69ea7f,2e69ea7ec,2020-10-10,9,{'WEATHERHAZARD'},{'HAZARD_ON_ROAD_CONSTRUCTION'},700,{2},7.098571428571429
2e69ea7f,2e69ea7ec,2020-10-10,19,"{'JAM', 'WEATHERHAZARD'}","{'HAZARD_ON_ROAD_CONSTRUCTION', 'JAM_HEAVY_TRAFFIC'}",751,{2},5.876165113182424
2e69ea7f,2e69ea7ec,2020-10-14,17,{'WEATHERHAZARD'},{'HAZARD_ON_ROAD_POT_HOLE'},3082,{2},6.795587280986372
2e69ea7f,2e69ea7ec,2020-10-23,9,{'WEATHERHAZARD'},{'HAZARD_ON_ROAD_CONSTRUCTION'},2,{2},5.5
2e69ea7f,2e69ea7ec,2020-10-31,17,{'JAM'},{'JAM_HEAVY_TRAFFIC'},5,{2},5.0
2e69ea7f,2e69ea7ec,2020-11-01,14,{'WEATHERHAZARD'},{'HAZARD_ON_ROAD_CONSTRUCTION'},721,{2},5.993065187239944
2e69ea7f,2e69ea7ec,2020-11-02,18,{'WEATHERHAZARD'},{'HAZARD_ON_ROAD_CONSTRUCTION'},722,{2},5.0
2e69ea7f,2e69ea7ec,2020-11-04,19,"{'JAM', 'WEATHERHAZARD'}","{'JAM_STAND_STILL_TRAFFIC', 'HAZARD_ON_ROAD_CAR_STOPPED', 'HAZARD_ON_ROAD_POT_HOLE', 'HAZARD_ON_ROAD_CONSTRUCTION', 'HAZARD_ON_ROAD_OBJECT'}",3615,{2},8.016320885200553
2e69ea7f,2e69ea7f4,2020-10-10,15,{'JAM'},{'JAM_HEAVY_TRAFFIC'},24,{2},5.0
2e69ea89,2e69ea884,2020-11-22,7,{'JAM'},{'JAM_MODERATE_TRAFFIC'},31,{1},5.0
2e69ea89,2e69ea89c,2020-10-09,17,{'JAM'},{'JAM_HEAVY_TRAFFIC'},32,{2},5.0
2e69ea89,2e69ea89c,2020-10-31,17,{'JAM'},{'JAM_STAND_STILL_TRAFFIC'},31,{2},5.0
2e69ea89,2e69ea89c,2020-10-31,20,{'JAM'},{'JAM_MODERATE_TRAFFIC'},28,{2},5.0
2e69ea89,2e69ea89c,2020-11-07,16,{'JAM'},"{'JAM_MODERATE_TRAFFIC', 'JAM_HEAVY_TRAFFIC'}",60,{1},5.0
2e69ea89,2e69ea89c,2020-11-22,7,{'JAM'},{'JAM_HEAVY_TRAFFIC'},32,{2},5.0
2e69ea8b,2e69ea8a4,2020-09-19,11,"{'JAM', 'ACCIDENT'}","{'JAM', 'ACCIDENT'}",152,{1},5.703947368421052
2e69ea8b,2e69ea8a4,2020-10-03,17,{'JAM'},{'JAM_STAND_STILL_TRAFFIC'},31,{2},6.0
2e69ea8b,2e69ea8bc,2020-10-26,14,{'ACCIDENT'},{'ACCIDENT'},121,{2},5.049586776859504
2e69ea8d,2e69ea8c4,2020-09-19,11,{'WEATHERHAZARD'},{'HAZARD_ON_ROAD_CAR_STOPPED'},30,{2},5.0
2e69ea8d,2e69ea8c4,2020-09-25,10,"{'JAM', 'WEATHERHAZARD'}","{'JAM', 'HAZARD_ON_SHOULDER_CAR_STOPPED'}",61,{2},5.0
2e69ea8d,2e69ea8c4,2020-09-25,11,{'WEATHERHAZARD'},{'HAZARD_ON_SHOULDER_MISSING_SIGN'},30,{2},5.0
2e69ea8d,2e69ea8c4,2020-10-27,14,{'JAM'},{'JAM_MODERATE_TRAFFIC'},31,{2},5.0
2e69ea8d,2e69ea8c4,2020-11-10,21,{'JAM'},{'JAM_STAND_STILL_TRAFFIC'},30,{2},5.0
2e69ea8d,2e69ea8d4,2020-10-27,14,{'JAM'},{'JAM_HEAVY_TRAFFIC'},31,{2},5.0
2e69ea8d,2e69ea8d4,2020-11-19,20,{'JAM'},{'JAM_MODERATE_TRAFFIC'},9,{2},5.0
2e69ea8f,2e69ea8f4,2020-09-21,14,"{'JAM', 'WEATHERHAZARD'}","{'JAM_MODERATE_TRAFFIC', 'HAZARD_WEATHER_FOG'}",61,{1},5.0
2e69ea93,2e69ea92c,2020-09-15,7,{'JAM'},{'JAM_STAND_STILL_TRAFFIC'},7,{2},5.0
2e69ea93,2e69ea92c,2020-10-26,20,{'JAM'},{'JAM_HEAVY_TRAFFIC'},30,{2},5.0
2e69ea93,2e69ea92c,2020-11-10,21,{'JAM'},{'JAM_STAND_STILL_TRAFFIC'},30,{2},5.0
2e69eac1,2e69eac14,2020-09-15,14,{'WEATHERHAZARD'},{'HAZARD_ON_SHOULDER_CAR_STOPPED'},35,{20},5.0
2e69eac1,2e69eac14,2020-09-21,14,{'WEATHERHAZARD'},{'HAZARD_ON_SHOULDER_CAR_STOPPED'},33,{20},5.0
2e69eac1,2e69eac14,2020-09-28,15,{'WEATHERHAZARD'},{'HAZARD_ON_SHOULDER_CAR_STOPPED'},30,{20},5.0
2e69eac1,2e69eac14,2020-10-14,17,{'WEATHERHAZARD'},{'HAZARD_ON_SHOULDER_CAR_STOPPED'},30,{20},5.0
2e69eac1,2e69eac14,2020-10-15,13,{'WEATHERHAZARD'},{'HAZARD_ON_SHOULDER_CAR_STOPPED'},31,{20},5.806451612903226
2e69eac1,2e69eac14,2020-10-18,15,{'ACCIDENT'},{'ACCIDENT'},135,{20},5.688888888888889
2e69eac1,2e69eac14,2020-10-21,15,{'WEATHERHAZARD'},{'HAZARD_ON_SHOULDER_CAR_STOPPED'},31,{20},5.0
2e69eac1,2e69eac14,2020-10-26,15,{'WEATHERHAZARD'},{'HAZARD_ON_SHOULDER_CAR_STOPPED'},32,{20},5.0
2e69eac1,2e69eac14,2020-10-29,17,{'WEATHERHAZARD'},{'HAZARD_ON_SHOULDER_CAR_STOPPED'},2,{20},5.0
2e69eac1,2e69eac14,2020-11-10,7,{'WEATHERHAZARD'},{'WEATHERHAZARD'},31,{20},5.0
2e69eac1,2e69eac14,2020-11-12,14,{'WEATHERHAZARD'},{'HAZARD_ON_SHOULDER_CAR_STOPPED'},31,{20},5.0
2e69eac1,2e69eac14,2020-11-17,14,{'WEATHERHAZARD'},{'HAZARD_ON_SHOULDER_CAR_STOPPED'},32,{20},5.0
2e69eac3,2e69eac3c,2020-09-08,14,{'WEATHERHAZARD'},{'HAZARD_ON_SHOULDER_CAR_STOPPED'},31,{4},5.0
2e69eac3,2e69eac3c,2020-09-10,9,{'WEATHERHAZARD'},{'HAZARD_ON_SHOULDER_CAR_STOPPED'},30,{4},5.0
2e69eac3,2e69eac3c,2020-09-12,15,{'WEATHERHAZARD'},{'HAZARD_ON_SHOULDER_CAR_STOPPED'},48,{4},7.1875
2e69eac3,2e69eac3c,2020-09-17,3,{'WEATHERHAZARD'},{'WEATHERHAZARD'},30,{20},5.0
2e69eac3,2e69eac3c,2020-09-20,15,{'WEATHERHAZARD'},{'HAZARD_ON_SHOULDER_CAR_STOPPED'},42,{4},8.071428571428571
2e69eac3,2e69eac3c,2020-09-21,14,{'WEATHERHAZARD'},{'HAZARD_ON_SHOULDER_CAR_STOPPED'},30,{4},5.0
2e69eac3,2e69eac3c,2020-09-25,14,{'WEATHERHAZARD'},{'HAZARD_ON_SHOULDER_CAR_STOPPED'},58,{4},5.896551724137931
2e69eac3,2e69eac3c,2020-09-28,15,{'WEATHERHAZARD'},{'HAZARD_ON_ROAD_CONSTRUCTION'},720,{20},7.636111111111111
2e69eac3,2e69eac3c,2020-09-29,11,{'WEATHERHAZARD'},{'HAZARD_ON_SHOULDER_CAR_STOPPED'},31,{4},5.0
2e69eac3,2e69eac3c,2020-10-03,21,{'WEATHERHAZARD'},{'HAZARD_ON_SHOULDER_CAR_STOPPED'},30,{4},5.733333333333333
2e69eac3,2e69eac3c,2020-10-08,16,{'WEATHERHAZARD'},{'HAZARD_ON_SHOULDER_CAR_STOPPED'},30,{20},5.0
2e69eac3,2e69eac3c,2020-10-10,17,{'WEATHERHAZARD'},{'HAZARD_ON_SHOULDER_CAR_STOPPED'},19,{4},7.7894736842105265
2e69eac3,2e69eac3c,2020-10-11,19,{'WEATHERHAZARD'},{'HAZARD_ON_SHOULDER_CAR_STOPPED'},30,{20},5.0
2e69eac3,2e69eac3c,2020-10-15,13,{'WEATHERHAZARD'},{'HAZARD_ON_SHOULDER_CAR_STOPPED'},30,{4},5.4
2e69eac3,2e69eac3c,2020-10-17,16,{'WEATHERHAZARD'},{'HAZARD_ON_SHOULDER_CAR_STOPPED'},22,{4},6.0
2e69eac3,2e69eac3c,2020-10-21,10,{'WEATHERHAZARD'},{'HAZARD_ON_SHOULDER_CAR_STOPPED'},30,{4},5.0
2e69eac3,2e69eac3c,2020-10-21,15,{'WEATHERHAZARD'},{'HAZARD_ON_SHOULDER_CAR_STOPPED'},31,{4},5.0
2e69eac3,2e69eac3c,2020-10-25,19,{'ACCIDENT'},{'ACCIDENT'},52,{4},8.48076923076923
2e69eac3,2e69eac3c,2020-10-26,15,{'WEATHERHAZARD'},{'HAZARD_ON_SHOULDER_CAR_STOPPED'},30,{4},5.0
2e69eac3,2e69eac3c,2020-10-28,18,{'WEATHERHAZARD'},{'HAZARD_ON_SHOULDER_CAR_STOPPED'},24,{4},7.541666666666667
2e69eac3,2e69eac3c,2020-10-29,17,{'WEATHERHAZARD'},{'HAZARD_ON_SHOULDER_CAR_STOPPED'},30,{20},6.666666666666667
2e69eac3,2e69eac3c,2020-10-29,19,{'JAM'},{'JAM_HEAVY_TRAFFIC'},33,{4},5.0
2e69eac3,2e69eac3c,2020-11-02,10,{'WEATHERHAZARD'},{'HAZARD_ON_SHOULDER_CAR_STOPPED'},31,{4},5.0
2e69eac3,2e69eac3c,2020-11-03,8,{'JAM'},{'JAM_STAND_STILL_TRAFFIC'},35,{4},5.485714285714286
2e69eac3,2e69eac3c,2020-11-07,17,{'WEATHERHAZARD'},{'HAZARD_ON_SHOULDER_CAR_STOPPED'},30,{20},5.0
2e69eac3,2e69eac3c,2020-11-09,15,{'JAM'},{'JAM_HEAVY_TRAFFIC'},30,{4},5.5
2e69eac3,2e69eac3c,2020-11-12,14,{'WEATHERHAZARD'},{'HAZARD_ON_SHOULDER_CAR_STOPPED'},33,{4},5.0
2e69eac3,2e69eac3c,2020-11-13,11,{'WEATHERHAZARD'},{'HAZARD_ON_SHOULDER_CAR_STOPPED'},40,{4},8.475
2e69eac3,2e69eac3c,2020-11-14,17,{'WEATHERHAZARD'},{'HAZARD_ON_SHOULDER_CAR_STOPPED'},4,{4},7.5
2e69eac3,2e69eac3c,2020-11-15,20,{'JAM'},{'JAM_STAND_STILL_TRAFFIC'},31,{4},5.0
2e69eac3,2e69eac3c,2020-11-15,22,{'JAM'},{'JAM_HEAVY_TRAFFIC'},10,{4},5.0
2e69eac3,2e69eac3c,2020-11-17,14,{'WEATHERHAZARD'},{'HAZARD_ON_SHOULDER'},40,{20},5.4
2e69eac3,2e69eac3c,2020-11-17,17,{'JAM'},{'JAM'},30,{1},5.0
2e69ead7,2e69ead64,2020-11-11,16,"{'JAM', 'WEATHERHAZARD'}","{'HAZARD_ON_SHOULDER_CAR_STOPPED', 'JAM_HEAVY_TRAFFIC'}",36,{2},5.111111111111111
2e69ead7,2e69ead7c,2020-09-18,13,{'WEATHERHAZARD'},{'HAZARD_ON_SHOULDER_CAR_STOPPED'},33,{17},5.0
2e69ead9,2e69ead8c,2020-09-05,11,{'JAM'},{'JAM_STAND_STILL_TRAFFIC'},29,{4},5.0
2e69ead9,2e69ead8c,2020-09-09,16,{'JAM'},{'JAM'},30,{4},5.0
2e69ead9,2e69ead8c,2020-09-10,17,{'JAM'},{'JAM_MODERATE_TRAFFIC'},35,{4},5.0
2e69ead9,2e69ead8c,2020-09-19,10,{'JAM'},{'JAM_STAND_STILL_TRAFFIC'},44,{4},5.704545454545454
2e69ead9,2e69ead8c,2020-10-21,16,{'JAM'},{'JAM_STAND_STILL_TRAFFIC'},30,{4},5.0
2e69ead9,2e69ead8c,2020-10-27,15,{'JAM'},{'JAM_HEAVY_TRAFFIC'},28,{2},6.0
2e69eadf,2e69eade4,2020-11-05,13,{'JAM'},{'JAM_STAND_STILL_TRAFFIC'},30,{1},5.0
2e69eadf,2e69eade4,2020-11-21,14,{'JAM'},{'JAM'},29,{2},5.0
2e69eadf,2e69eadf4,2020-09-12,17,{'WEATHERHAZARD'},{'HAZARD_ON_ROAD_CAR_STOPPED'},33,{2},5.696969696969697
2e69eadf,2e69eadf4,2020-09-18,13,"{'JAM', 'WEATHERHAZARD'}","{'HAZARD_ON_SHOULDER_CAR_STOPPED', 'JAM_HEAVY_TRAFFIC'}",65,"{2, 4}",5.630769230769231
2e69eadf,2e69eadf4,2020-09-19,11,{'JAM'},{'JAM_HEAVY_TRAFFIC'},30,{2},5.0
2e69eadf,2e69eadf4,2020-09-19,14,{'JAM'},{'JAM_STAND_STILL_TRAFFIC'},35,{2},6.4
2e69eadf,2e69eadf4,2020-09-24,17,{'JAM'},{'JAM_HEAVY_TRAFFIC'},32,{2},5.5
2e69eadf,2e69eadf4,2020-10-20,7,{'JAM'},{'JAM_STAND_STILL_TRAFFIC'},30,{4},5.933333333333334
2e69eadf,2e69eadf4,2020-10-26,18,{'JAM'},{'JAM_STAND_STILL_TRAFFIC'},62,"{1, 2}",5.0
2e69eadf,2e69eadf4,2020-10-26,19,{'JAM'},{'JAM_HEAVY_TRAFFIC'},30,{2},5.0
2e69eadf,2e69eadf4,2020-10-27,15,{'JAM'},{'JAM_HEAVY_TRAFFIC'},17,{2},6.882352941176471
2e69eadf,2e69eadf4,2020-10-27,17,{'JAM'},{'JAM_STAND_STILL_TRAFFIC'},52,"{1, 2, 4}",5.288461538461538
2e69eadf,2e69eadf4,2020-11-05,17,{'JAM'},{'JAM_HEAVY_TRAFFIC'},32,{2},5.0
2e69eadf,2e69eadf4,2020-11-07,18,{'JAM'},{'JAM_STAND_STILL_TRAFFIC'},30,{2},5.0
2e69eadf,2e69eadf4,2020-11-11,17,{'WEATHERHAZARD'},{'HAZARD_ON_SHOULDER_CAR_STOPPED'},32,{2},5.28125
2e69eadf,2e69eadf4,2020-11-11,18,{'JAM'},{'JAM_HEAVY_TRAFFIC'},16,{4},5.0
2e69eadf,2e69eadfc,2020-10-17,16,{'JAM'},{'JAM'},12,{2},5.0
2e69eae7,2e69eae64,2020-09-18,17,{'ACCIDENT'},{'ACCIDENT'},120,{1},5.0
2e69eae7,2e69eae64,2020-09-27,7,{'JAM'},{'JAM_STAND_STILL_TRAFFIC'},33,{1},5.0
2e69eae9,2e69eae84,2020-09-04,1,{'JAM'},{'JAM_HEAVY_TRAFFIC'},7,{2},5.0
2e69eae9,2e69eae84,2020-11-14,11,{'JAM'},{'JAM_HEAVY_TRAFFIC'},6,{2},5.0
2e69eae9,2e69eae94,2020-09-11,15,{'ACCIDENT'},{'ACCIDENT'},114,{2},7.464912280701754
2e69eae9,2e69eae94,2020-10-27,14,{'JAM'},{'JAM_STAND_STILL_TRAFFIC'},13,{2},5.0
2e69eaeb,2e69eaeac,2020-10-31,11,{'JAM'},{'JAM'},31,{1},5.0
2e69eaed,2e69eaec4,2020-09-19,13,{'JAM'},{'JAM_STAND_STILL_TRAFFIC'},30,{2},5.0
2e69eaed,2e69eaec4,2020-11-18,17,{'JAM'},{'JAM_HEAVY_TRAFFIC'},28,{2},5.0
2e69eaed,2e69eaed4,2020-11-19,20,{'JAM'},{'JAM_HEAVY_TRAFFIC'},37,{2},5.351351351351352
2e69eaf9,2e69eaf94,2020-10-03,18,{'JAM'},{'JAM'},30,{1},5.0
2e69eb05,2e69eb05c,2020-10-10,1,{'JAM'},{'JAM'},31,{22},5.0
2e69eb07,2e69eb064,2020-10-04,8,{'WEATHERHAZARD'},{'HAZARD_WEATHER_FLOOD'},33,{1},5.0
2e69eb07,2e69eb06c,2020-11-20,12,"{'JAM', 'WEATHERHAZARD'}","{'WEATHERHAZARD', 'JAM_HEAVY_TRAFFIC'}",62,{1},5.451612903225806
2e69eb07,2e69eb06c,2020-11-20,21,"{'JAM', 'WEATHERHAZARD'}","{'JAM', 'WEATHERHAZARD'}",64,{1},6.9375
2e69eb07,2e69eb06c,2020-11-21,13,{'WEATHERHAZARD'},{'WEATHERHAZARD'},13,{1},5.0
2e69eb07,2e69eb07c,2020-10-17,11,{'JAM'},{'JAM'},30,{22},5.0
2e69eb0b,2e69eb0b4,2020-09-14,21,{'WEATHERHAZARD'},{'HAZARD_ON_SHOULDER'},31,{1},5.967741935483871
2e69eb0b,2e69eb0bc,2020-09-06,21,{'JAM'},{'JAM_MODERATE_TRAFFIC'},32,{1},5.0
2e69eb0b,2e69eb0bc,2020-09-15,5,{'JAM'},{'JAM'},32,{1},5.0
2e69eb11,2e69eb114,2020-11-12,19,{'JAM'},{'JAM'},31,{1},5.0
2e69eb13,2e69eb12c,2020-09-12,19,{'JAM'},{'JAM_STAND_STILL_TRAFFIC'},31,{1},5.0
2e69eb13,2e69eb12c,2020-09-29,17,{'JAM'},{'JAM_HEAVY_TRAFFIC'},32,{2},5.0
2e69eb13,2e69eb12c,2020-10-03,16,{'JAM'},{'JAM_HEAVY_TRAFFIC'},46,{2},5.0
2e69eb13,2e69eb12c,2020-10-29,16,{'JAM'},{'JAM_HEAVY_TRAFFIC'},33,{2},5.0
2e69eb13,2e69eb12c,2020-11-07,14,{'JAM'},{'JAM_MODERATE_TRAFFIC'},30,{2},5.0
2e69eb13,2e69eb12c,2020-11-07,19,{'JAM'},{'JAM_STAND_STILL_TRAFFIC'},31,{2},5.0
2e69eb13,2e69eb12c,2020-11-13,10,{'JAM'},{'JAM_HEAVY_TRAFFIC'},33,{2},5.0
2e69eb15,2e69eb144,2020-09-06,11,{'JAM'},{'JAM_MODERATE_TRAFFIC'},10,{2},5.0
2e69eb15,2e69eb144,2020-11-13,10,{'JAM'},{'JAM_MODERATE_TRAFFIC'},30,{2},5.0
2e69eb15,2e69eb144,2020-11-20,15,{'JAM'},{'JAM_HEAVY_TRAFFIC'},5,{2},5.0
2e69eb15,2e69eb15c,2020-11-07,15,{'JAM'},{'JAM_HEAVY_TRAFFIC'},30,{2},5.0
2e69eb17,2e69eb174,2020-09-20,15,{'JAM'},{'JAM'},30,{1},5.0
2e69eb17,2e69eb174,2020-10-10,11,{'WEATHERHAZARD'},{'WEATHERHAZARD'},32,{1},5.0
2e69eb19,2e69eb19c,2020-09-06,15,{'JAM'},{'JAM'},32,{1},5.0
2e69eb27,2e69eb264,2020-09-01,11,{'JAM'},{'JAM_STAND_STILL_TRAFFIC'},35,{2},5.0
2e69eb27,2e69eb264,2020-09-04,8,{'WEATHERHAZARD'},{'HAZARD_ON_SHOULDER_ANIMALS'},30,{2},5.0
2e69eb27,2e69eb264,2020-09-07,17,{'JAM'},{'JAM_HEAVY_TRAFFIC'},24,{2},5.0
2e69eb27,2e69eb264,2020-09-19,12,{'JAM'},{'JAM_STAND_STILL_TRAFFIC'},32,{2},5.0
2e69eb27,2e69eb264,2020-10-03,17,{'JAM'},{'JAM_STAND_STILL_TRAFFIC'},31,{2},6.483870967741935
2e69eb27,2e69eb264,2020-10-05,18,{'JAM'},{'JAM_HEAVY_TRAFFIC'},30,{2},5.0
2e69eb27,2e69eb264,2020-10-07,16,{'WEATHERHAZARD'},{'HAZARD_ON_ROAD_CAR_STOPPED'},51,{4},7.1568627450980395
2e69eb27,2e69eb264,2020-10-10,18,{'JAM'},{'JAM_STAND_STILL_TRAFFIC'},30,{2},5.0
2e69eb27,2e69eb264,2020-10-12,18,{'JAM'},{'JAM_MODERATE_TRAFFIC'},31,{2},5.0
2e69eb27,2e69eb264,2020-10-13,11,{'JAM'},{'JAM_STAND_STILL_TRAFFIC'},31,{2},5.0
2e69eb27,2e69eb264,2020-10-15,13,{'WEATHERHAZARD'},{'WEATHERHAZARD'},42,{4},7.428571428571429
2e69eb27,2e69eb264,2020-10-17,16,{'JAM'},{'JAM_STAND_STILL_TRAFFIC'},16,{2},5.0
2e69eb27,2e69eb264,2020-11-05,13,{'JAM'},{'JAM_STAND_STILL_TRAFFIC'},31,{2},5.0
2e69eb27,2e69eb264,2020-11-06,18,{'JAM'},{'JAM_HEAVY_TRAFFIC'},27,{2},7.0
2e69eb27,2e69eb264,2020-11-07,15,{'JAM'},{'JAM_STAND_STILL_TRAFFIC'},31,{2},5.0
2e69eb27,2e69eb264,2020-11-07,17,{'JAM'},{'JAM_HEAVY_TRAFFIC'},22,{2},6.954545454545454
2e69eb27,2e69eb264,2020-11-07,18,{'JAM'},{'JAM_HEAVY_TRAFFIC'},5,{2},5.0
2e69eb27,2e69eb264,2020-11-16,16,{'JAM'},{'JAM_STAND_STILL_TRAFFIC'},12,{2},5.0
2e69eb27,2e69eb26c,2020-09-01,7,{'JAM'},{'JAM_MODERATE_TRAFFIC'},31,{2},5.645161290322581
2e69eb27,2e69eb26c,2020-09-01,17,{'JAM'},{'JAM_MODERATE_TRAFFIC'},5,{2},5.0
2e69eb27,2e69eb26c,2020-09-02,15,{'JAM'},{'JAM_HEAVY_TRAFFIC'},7,{2},5.0
2e69eb27,2e69eb26c,2020-09-02,16,{'JAM'},{'JAM_HEAVY_TRAFFIC'},19,{2},5.0
2e69eb27,2e69eb26c,2020-09-02,17,{'JAM'},{'JAM_STAND_STILL_TRAFFIC'},31,{2},5.0
2e69eb27,2e69eb26c,2020-09-03,17,{'JAM'},{'JAM_STAND_STILL_TRAFFIC'},6,{2},5.0
2e69eb27,2e69eb26c,2020-09-03,18,{'JAM'},{'JAM_STAND_STILL_TRAFFIC'},31,{2},5.0
2e69eb27,2e69eb26c,2020-09-05,12,{'JAM'},{'JAM_STAND_STILL_TRAFFIC'},31,{2},5.0
2e69eb27,2e69eb26c,2020-09-10,13,{'JAM'},{'JAM_STAND_STILL_TRAFFIC'},14,{2},5.0
2e69eb27,2e69eb26c,2020-09-10,17,{'JAM'},{'JAM_STAND_STILL_TRAFFIC'},33,{2},6.0
2e69eb27,2e69eb26c,2020-09-15,17,{'JAM'},{'JAM_STAND_STILL_TRAFFIC'},31,{2},5.0
2e69eb27,2e69eb26c,2020-09-18,13,{'JAM'},{'JAM_STAND_STILL_TRAFFIC'},30,{2},5.0
2e69eb27,2e69eb26c,2020-09-18,16,{'JAM'},{'JAM_STAND_STILL_TRAFFIC'},21,{2},5.0
2e69eb27,2e69eb26c,2020-09-19,13,{'JAM'},{'JAM_STAND_STILL_TRAFFIC'},30,{2},5.0
2e69eb27,2e69eb26c,2020-09-24,17,{'JAM'},{'JAM_STAND_STILL_TRAFFIC'},31,{2},6.548387096774194
2e69eb27,2e69eb26c,2020-09-25,17,{'JAM'},{'JAM_STAND_STILL_TRAFFIC'},31,{2},5.0
2e69eb27,2e69eb26c,2020-09-28,15,{'JAM'},{'JAM_STAND_STILL_TRAFFIC'},23,{2},5.0
2e69eb27,2e69eb26c,2020-09-28,16,{'JAM'},{'JAM_HEAVY_TRAFFIC'},30,{2},5.0
2e69eb27,2e69eb26c,2020-10-02,16,{'JAM'},{'JAM_STAND_STILL_TRAFFIC'},31,{2},5.0
2e69eb27,2e69eb26c,2020-10-03,16,{'JAM'},{'JAM'},30,{2},5.0
2e69eb27,2e69eb26c,2020-10-03,17,{'JAM'},{'JAM_STAND_STILL_TRAFFIC'},6,{2},5.0
2e69eb27,2e69eb26c,2020-10-10,16,{'JAM'},{'JAM_MODERATE_TRAFFIC'},31,{2},5.0
2e69eb27,2e69eb26c,2020-10-11,14,{'JAM'},{'JAM_STAND_STILL_TRAFFIC'},13,{2},5.0
2e69eb27,2e69eb26c,2020-10-13,16,{'JAM'},{'JAM_STAND_STILL_TRAFFIC'},31,{2},5.0
2e69eb27,2e69eb26c,2020-10-14,8,{'JAM'},{'JAM_HEAVY_TRAFFIC'},30,{2},5.0
2e69eb27,2e69eb26c,2020-10-14,16,{'JAM'},{'JAM_STAND_STILL_TRAFFIC'},32,{2},5.0
2e69eb27,2e69eb26c,2020-10-15,17,{'JAM'},{'JAM_STAND_STILL_TRAFFIC'},63,{2},5.698412698412699
2e69eb27,2e69eb26c,2020-10-16,17,{'JAM'},{'JAM_STAND_STILL_TRAFFIC'},34,{2},5.0
2e69eb27,2e69eb26c,2020-10-23,14,{'JAM'},{'JAM_STAND_STILL_TRAFFIC'},7,{2},5.0
2e69eb27,2e69eb26c,2020-10-23,15,{'WEATHERHAZARD'},{'HAZARD_ON_SHOULDER'},33,{2},5.0
2e69eb27,2e69eb26c,2020-10-23,17,{'JAM'},{'JAM_STAND_STILL_TRAFFIC'},30,{2},5.0
2e69eb27,2e69eb26c,2020-10-26,16,{'WEATHERHAZARD'},{'HAZARD_WEATHER_HAIL'},31,{2},6.193548387096774
2e69eb27,2e69eb26c,2020-10-28,15,{'JAM'},{'JAM_STAND_STILL_TRAFFIC'},31,{2},5.0
2e69eb27,2e69eb26c,2020-11-03,8,{'JAM'},{'JAM_STAND_STILL_TRAFFIC'},30,{2},5.0
2e69eb27,2e69eb26c,2020-11-05,18,{'JAM'},{'JAM_HEAVY_TRAFFIC'},5,{2},5.0
2e69eb27,2e69eb26c,2020-11-06,16,{'JAM'},{'JAM_STAND_STILL_TRAFFIC'},32,{2},5.0
2e69eb27,2e69eb26c,2020-11-07,12,{'JAM'},{'JAM_STAND_STILL_TRAFFIC'},31,{2},5.0
2e69eb27,2e69eb26c,2020-11-10,15,{'JAM'},{'JAM_STAND_STILL_TRAFFIC'},33,{2},5.0
2e69eb27,2e69eb26c,2020-11-13,14,{'JAM'},{'JAM_STAND_STILL_TRAFFIC'},7,{2},5.0
2e69eb27,2e69eb26c,2020-11-17,17,{'JAM'},{'JAM_STAND_STILL_TRAFFIC'},22,{2},5.0
2e69eb27,2e69eb274,2020-09-10,17,{'JAM'},{'JAM_STAND_STILL_TRAFFIC'},32,{2},5.0
2e69eb27,2e69eb274,2020-09-17,17,{'JAM'},{'JAM_STAND_STILL_TRAFFIC'},11,{2},5.0
2e69eb27,2e69eb274,2020-09-18,17,{'JAM'},{'JAM_HEAVY_TRAFFIC'},30,{2},5.0
2e69eb27,2e69eb274,2020-09-18,18,{'JAM'},{'JAM_HEAVY_TRAFFIC'},16,{2},5.6875
2e69eb27,2e69eb274,2020-09-19,10,{'JAM'},{'JAM_STAND_STILL_TRAFFIC'},30,{2},6.0
2e69eb27,2e69eb274,2020-09-19,11,{'JAM'},{'JAM_STAND_STILL_TRAFFIC'},6,{2},5.666666666666667
2e69eb27,2e69eb274,2020-09-19,12,{'JAM'},{'JAM_STAND_STILL_TRAFFIC'},15,{2},5.0
2e69eb27,2e69eb274,2020-09-24,17,{'JAM'},{'JAM_STAND_STILL_TRAFFIC'},5,{2},5.0
2e69eb27,2e69eb274,2020-10-02,18,{'JAM'},{'JAM_STAND_STILL_TRAFFIC'},32,{2},5.0
2e69eb27,2e69eb274,2020-10-07,17,{'JAM'},"{'JAM_STAND_STILL_TRAFFIC', 'JAM_HEAVY_TRAFFIC'}",36,{2},5.583333333333333
2e69eb27,2e69eb274,2020-10-20,16,{'JAM'},{'JAM_STAND_STILL_TRAFFIC'},61,{2},5.0
2e69eb27,2e69eb274,2020-10-21,16,{'JAM'},{'JAM_STAND_STILL_TRAFFIC'},33,{2},5.0
2e69eb27,2e69eb274,2020-10-24,12,{'JAM'},{'JAM_STAND_STILL_TRAFFIC'},28,{2},5.928571428571429
2e69eb27,2e69eb274,2020-10-24,13,{'JAM'},{'JAM_STAND_STILL_TRAFFIC'},33,{2},5.878787878787879
2e69eb27,2e69eb274,2020-10-26,16,"{'JAM', 'WEATHERHAZARD'}","{'HAZARD_WEATHER_HAIL', 'JAM_STAND_STILL_TRAFFIC'}",36,{2},5.0
2e69eb27,2e69eb274,2020-10-26,19,{'JAM'},{'JAM_HEAVY_TRAFFIC'},32,{2},5.0
2e69eb27,2e69eb274,2020-10-28,11,{'JAM'},{'JAM_HEAVY_TRAFFIC'},12,{2},5.0
2e69eb27,2e69eb274,2020-10-30,17,{'JAM'},{'JAM'},32,{4},5.0
2e69eb27,2e69eb274,2020-11-05,18,{'JAM'},{'JAM_HEAVY_TRAFFIC'},13,{2},5.0
2e69eb27,2e69eb274,2020-11-07,12,{'JAM'},{'JAM_HEAVY_TRAFFIC'},32,{2},5.9375
2e69eb27,2e69eb274,2020-11-07,16,{'JAM'},{'JAM_STAND_STILL_TRAFFIC'},24,{2},5.0
2e69eb27,2e69eb274,2020-11-07,17,{'JAM'},{'JAM_STAND_STILL_TRAFFIC'},22,{2},5.0
2e69eb27,2e69eb274,2020-11-10,7,{'JAM'},{'JAM_MODERATE_TRAFFIC'},23,{4},5.913043478260869
2e69eb27,2e69eb274,2020-11-10,15,{'JAM'},{'JAM_STAND_STILL_TRAFFIC'},6,{2},5.0
2e69eb27,2e69eb274,2020-11-12,7,{'JAM'},{'JAM_HEAVY_TRAFFIC'},12,{4},5.333333333333333
2e69eb29,2e69eb29c,2020-11-11,16,{'JAM'},{'JAM_HEAVY_TRAFFIC'},7,{2},5.0
2e69eb2b,2e69eb2a4,2020-09-18,13,{'WEATHERHAZARD'},{'HAZARD_ON_SHOULDER_CAR_STOPPED'},30,{2},5.0
2e69eb2b,2e69eb2bc,2020-11-11,16,"{'JAM', 'WEATHERHAZARD'}","{'HAZARD_ON_SHOULDER_CAR_STOPPED', 'JAM_HEAVY_TRAFFIC'}",36,{2},5.0
2e69eb2d,2e69eb2c4,2020-11-11,16,{'JAM'},{'JAM_HEAVY_TRAFFIC'},5,{2},5.0
2e69eb2d,2e69eb2dc,2020-09-24,9,{'WEATHERHAZARD'},{'HAZARD_ON_ROAD_CONSTRUCTION'},236,{2},6.088983050847458
2e69eb2f,2e69eb2e4,2020-10-10,17,{'JAM'},{'JAM_STAND_STILL_TRAFFIC'},36,{2},5.444444444444445
2e69eb2f,2e69eb2f4,2020-09-05,17,{'JAM'},{'JAM_STAND_STILL_TRAFFIC'},31,{2},5.0
2e69eb2f,2e69eb2f4,2020-09-19,10,{'JAM'},{'JAM_STAND_STILL_TRAFFIC'},18,{2},5.888888888888889
2e69eb2f,2e69eb2f4,2020-10-02,17,{'JAM'},{'JAM_STAND_STILL_TRAFFIC'},28,{2},5.0
2e69eb2f,2e69eb2f4,2020-10-03,14,{'JAM'},{'JAM_STAND_STILL_TRAFFIC'},44,{2},5.431818181818182
2e69eb2f,2e69eb2f4,2020-10-05,18,{'JAM'},{'JAM_STAND_STILL_TRAFFIC'},18,{2},5.0
2e69eb2f,2e69eb2f4,2020-10-07,10,"{'JAM', 'WEATHERHAZARD'}","{'HAZARD_ON_SHOULDER_CAR_STOPPED', 'JAM_MODERATE_TRAFFIC'}",48,{2},6.541666666666667
2e69eb2f,2e69eb2f4,2020-10-10,15,{'JAM'},{'JAM_STAND_STILL_TRAFFIC'},31,{2},5.0
2e69eb2f,2e69eb2f4,2020-10-10,18,{'JAM'},{'JAM_STAND_STILL_TRAFFIC'},63,{2},5.0
2e69eb2f,2e69eb2f4,2020-10-13,11,{'JAM'},{'JAM_STAND_STILL_TRAFFIC'},31,{2},5.0
2e69eb2f,2e69eb2f4,2020-10-17,13,{'JAM'},{'JAM_HEAVY_TRAFFIC'},6,{2},5.0
2e69eb2f,2e69eb2f4,2020-10-17,16,{'JAM'},{'JAM_STAND_STILL_TRAFFIC'},22,{2},5.0
2e69eb2f,2e69eb2f4,2020-10-26,18,{'JAM'},{'JAM_STAND_STILL_TRAFFIC'},27,{2},5.0
2e69eb2f,2e69eb2f4,2020-10-30,22,"{'JAM', 'WEATHERHAZARD', 'ACCIDENT'}","{'JAM_MODERATE_TRAFFIC', 'HAZARD_ON_ROAD_POT_HOLE', 'ACCIDENT_MAJOR'}",764,{2},5.969895287958115
2e69eb2f,2e69eb2f4,2020-11-07,12,{'JAM'},{'JAM_MODERATE_TRAFFIC'},6,{2},5.0
2e69eb2f,2e69eb2f4,2020-11-07,15,{'JAM'},{'JAM_HEAVY_TRAFFIC'},19,{2},5.578947368421052
2e69eb2f,2e69eb2f4,2020-11-07,16,{'JAM'},{'JAM_STAND_STILL_TRAFFIC'},30,{2},5.0
2e69eb2f,2e69eb2f4,2020-11-11,16,{'WEATHERHAZARD'},{'HAZARD_ON_SHOULDER_CAR_STOPPED'},30,{2},5.0
2e69eb2f,2e69eb2fc,2020-09-03,17,{'JAM'},"{'JAM_STAND_STILL_TRAFFIC', 'JAM_HEAVY_TRAFFIC'}",55,{2},5.0
2e69eb2f,2e69eb2fc,2020-09-04,17,{'JAM'},{'JAM_STAND_STILL_TRAFFIC'},63,{2},5.9523809523809526
2e69eb2f,2e69eb2fc,2020-09-18,13,{'WEATHERHAZARD'},{'HAZARD_ON_SHOULDER_CAR_STOPPED'},65,{2},5.0
2e69eb2f,2e69eb2fc,2020-09-18,18,{'JAM'},{'JAM_STAND_STILL_TRAFFIC'},10,{2},5.0
2e69eb2f,2e69eb2fc,2020-09-19,10,{'JAM'},{'JAM_STAND_STILL_TRAFFIC'},44,{2},5.681818181818182
2e69eb2f,2e69eb2fc,2020-09-19,12,{'JAM'},{'JAM_STAND_STILL_TRAFFIC'},32,{2},5.0
2e69eb2f,2e69eb2fc,2020-09-19,14,{'JAM'},{'JAM_HEAVY_TRAFFIC'},25,{2},5.0
2e69eb2f,2e69eb2fc,2020-09-21,17,{'JAM'},{'JAM_STAND_STILL_TRAFFIC'},8,{2},5.0
2e69eb2f,2e69eb2fc,2020-10-02,17,{'JAM'},{'JAM_STAND_STILL_TRAFFIC'},40,{2},10.0
2e69eb2f,2e69eb2fc,2020-10-02,18,{'JAM'},{'JAM_STAND_STILL_TRAFFIC'},32,{2},5.5
2e69eb2f,2e69eb2fc,2020-10-03,14,{'JAM'},{'JAM_STAND_STILL_TRAFFIC'},30,{2},5.0
2e69eb2f,2e69eb2fc,2020-10-03,16,{'JAM'},"{'JAM', 'JAM_HEAVY_TRAFFIC'}",64,{2},5.0
2e69eb2f,2e69eb2fc,2020-10-04,14,{'JAM'},{'JAM_STAND_STILL_TRAFFIC'},31,{2},5.0
2e69eb2f,2e69eb2fc,2020-10-07,10,{'JAM'},{'JAM_HEAVY_TRAFFIC'},30,{2},5.0
2e69eb2f,2e69eb2fc,2020-10-07,17,{'JAM'},{'JAM_HEAVY_TRAFFIC'},31,{2},5.0
2e69eb2f,2e69eb2fc,2020-10-10,16,{'JAM'},{'JAM_MODERATE_TRAFFIC'},32,{2},5.0
2e69eb2f,2e69eb2fc,2020-10-10,17,{'JAM'},{'JAM_STAND_STILL_TRAFFIC'},59,{2},5.0
2e69eb2f,2e69eb2fc,2020-10-23,17,{'JAM'},{'JAM_HEAVY_TRAFFIC'},33,{2},5.0
2e69eb2f,2e69eb2fc,2020-10-27,17,{'JAM'},{'JAM_STAND_STILL_TRAFFIC'},30,{2},6.0
2e69eb2f,2e69eb2fc,2020-10-30,17,{'JAM'},{'JAM_STAND_STILL_TRAFFIC'},30,{2},5.0
2e69eb2f,2e69eb2fc,2020-11-01,11,{'JAM'},{'JAM_MODERATE_TRAFFIC'},5,{2},5.0
2e69eb2f,2e69eb2fc,2020-11-02,17,{'JAM'},"{'JAM_STAND_STILL_TRAFFIC', 'JAM_HEAVY_TRAFFIC'}",72,{2},5.416666666666667
2e69eb2f,2e69eb2fc,2020-11-06,18,{'JAM'},{'JAM_MODERATE_TRAFFIC'},24,{2},5.0
2e69eb2f,2e69eb2fc,2020-11-07,12,{'JAM'},{'JAM_HEAVY_TRAFFIC'},30,{2},5.0
2e69eb2f,2e69eb2fc,2020-11-07,14,{'JAM'},{'JAM_HEAVY_TRAFFIC'},33,{2},5.0
2e69eb2f,2e69eb2fc,2020-11-07,15,{'JAM'},{'JAM_HEAVY_TRAFFIC'},30,{2},5.0
2e69eb2f,2e69eb2fc,2020-11-11,16,"{'JAM', 'WEATHERHAZARD'}","{'HAZARD_ON_SHOULDER_CAR_STOPPED', 'JAM_HEAVY_TRAFFIC'}",37,{2},5.0
2e69eb2f,2e69eb2fc,2020-11-14,17,{'JAM'},{'JAM_STAND_STILL_TRAFFIC'},15,{2},5.0
2e69eb31,2e69eb304,2020-09-04,17,{'JAM'},{'JAM_STAND_STILL_TRAFFIC'},31,{2},5.0
2e69eb31,2e69eb304,2020-09-19,14,{'JAM'},{'JAM_STAND_STILL_TRAFFIC'},6,{2},5.0
2e69eb31,2e69eb304,2020-10-03,15,{'JAM'},{'JAM_MODERATE_TRAFFIC'},31,{2},5.0
2e69eb31,2e69eb304,2020-10-10,17,{'JAM'},{'JAM_STAND_STILL_TRAFFIC'},33,{2},5.0
2e69eb31,2e69eb304,2020-10-27,17,{'JAM'},{'JAM_STAND_STILL_TRAFFIC'},83,{2},5.433734939759036
2e69eb31,2e69eb304,2020-10-27,18,{'JAM'},{'JAM_STAND_STILL_TRAFFIC'},31,{2},5.806451612903226
2e69eb31,2e69eb304,2020-11-02,17,{'JAM'},{'JAM'},32,{2},5.0
2e69eb31,2e69eb304,2020-11-07,14,{'JAM'},{'JAM_HEAVY_TRAFFIC'},30,{2},5.0
2e69eb31,2e69eb304,2020-11-07,16,{'JAM'},{'JAM_HEAVY_TRAFFIC'},24,{2},5.0
2e69eb31,2e69eb304,2020-11-11,17,{'JAM'},{'JAM_HEAVY_TRAFFIC'},26,{2},5.8076923076923075
2e69eb31,2e69eb314,2020-09-19,10,{'JAM'},{'JAM_STAND_STILL_TRAFFIC'},10,{2},5.0
2e69eb31,2e69eb314,2020-09-19,11,{'JAM'},{'JAM_STAND_STILL_TRAFFIC'},18,{2},9.944444444444445
2e69eb31,2e69eb314,2020-10-10,16,{'JAM'},"{'JAM_STAND_STILL_TRAFFIC', 'JAM_HEAVY_TRAFFIC'}",97,{2},5.0
2e69eb31,2e69eb314,2020-10-10,17,{'JAM'},{'JAM_STAND_STILL_TRAFFIC'},2,{2},5.0
2e69eb31,2e69eb314,2020-10-24,17,{'JAM'},{'JAM_STAND_STILL_TRAFFIC'},32,{2},6.96875
2e69eb31,2e69eb314,2020-10-28,14,{'JAM'},{'JAM_STAND_STILL_TRAFFIC'},31,{2},5.0
2e69eb31,2e69eb314,2020-11-10,17,{'JAM'},{'JAM_HEAVY_TRAFFIC'},32,{2},5.875
2e69eb31,2e69eb31c,2020-09-02,15,{'JAM'},{'JAM_MODERATE_TRAFFIC'},33,{2},5.0
2e69eb31,2e69eb31c,2020-09-04,12,{'JAM'},{'JAM_HEAVY_TRAFFIC'},12,{2},5.0
2e69eb31,2e69eb31c,2020-09-04,17,{'JAM'},{'JAM_STAND_STILL_TRAFFIC'},29,{2},5.0
2e69eb31,2e69eb31c,2020-09-09,17,{'JAM'},{'JAM'},32,{2},6.0
2e69eb31,2e69eb31c,2020-09-19,11,{'WEATHERHAZARD'},{'HAZARD_ON_SHOULDER_CAR_STOPPED'},14,{2},5.714285714285714
2e69eb31,2e69eb31c,2020-09-19,17,{'JAM'},{'JAM_MODERATE_TRAFFIC'},31,{2},5.774193548387097
2e69eb31,2e69eb31c,2020-09-25,17,{'JAM'},{'JAM_STAND_STILL_TRAFFIC'},30,{2},5.0
2e69eb31,2e69eb31c,2020-09-26,16,{'JAM'},{'JAM_STAND_STILL_TRAFFIC'},30,{2},5.0
2e69eb31,2e69eb31c,2020-09-28,17,{'JAM'},{'JAM_HEAVY_TRAFFIC'},31,{2},5.0
2e69eb31,2e69eb31c,2020-10-02,16,{'JAM'},{'JAM_STAND_STILL_TRAFFIC'},64,{2},5.0
2e69eb31,2e69eb31c,2020-10-03,14,{'JAM'},{'JAM_STAND_STILL_TRAFFIC'},35,{2},5.0
2e69eb31,2e69eb31c,2020-10-03,16,{'JAM'},{'JAM_HEAVY_TRAFFIC'},32,{2},5.0
2e69eb31,2e69eb31c,2020-10-04,14,{'JAM'},{'JAM_STAND_STILL_TRAFFIC'},30,{2},5.0
2e69eb31,2e69eb31c,2020-10-06,17,{'JAM'},{'JAM_STAND_STILL_TRAFFIC'},62,{2},5.806451612903226
2e69eb31,2e69eb31c,2020-10-07,18,{'JAM'},{'JAM_STAND_STILL_TRAFFIC'},62,{2},5.0
2e69eb31,2e69eb31c,2020-10-11,16,{'JAM'},{'JAM_STAND_STILL_TRAFFIC'},23,{2},5.0
2e69eb31,2e69eb31c,2020-10-12,17,{'JAM'},{'JAM_HEAVY_TRAFFIC'},30,{2},5.0
2e69eb31,2e69eb31c,2020-10-15,17,{'JAM'},{'JAM_STAND_STILL_TRAFFIC'},17,{2},5.235294117647059
2e69eb31,2e69eb31c,2020-10-23,16,{'JAM'},{'JAM_HEAVY_TRAFFIC'},32,{2},7.0
2e69eb31,2e69eb31c,2020-10-27,17,{'JAM'},{'JAM_STAND_STILL_TRAFFIC'},33,{2},5.0
2e69eb31,2e69eb31c,2020-10-27,18,{'JAM'},{'JAM_STAND_STILL_TRAFFIC'},64,{2},5.0
2e69eb31,2e69eb31c,2020-11-02,17,{'JAM'},{'JAM_STAND_STILL_TRAFFIC'},60,{2},5.0
2e69eb31,2e69eb31c,2020-11-02,18,{'JAM'},{'JAM_HEAVY_TRAFFIC'},63,{2},5.396825396825397
2e69eb31,2e69eb31c,2020-11-05,17,{'JAM'},{'JAM_HEAVY_TRAFFIC'},34,{2},5.0
2e69eb31,2e69eb31c,2020-11-07,15,{'JAM'},"{'JAM_STAND_STILL_TRAFFIC', 'JAM_MODERATE_TRAFFIC'}",62,{2},5.0
2e69eb31,2e69eb31c,2020-11-09,17,{'JAM'},{'JAM_HEAVY_TRAFFIC'},41,{2},5.390243902439025
2e69eb31,2e69eb31c,2020-11-11,17,{'JAM'},"{'JAM_STAND_STILL_TRAFFIC', 'JAM_HEAVY_TRAFFIC'}",54,{2},6.462962962962963
2e69eb37,2e69eb36c,2020-09-19,11,{'JAM'},{'JAM_STAND_STILL_TRAFFIC'},14,{2},7.571428571428571
2e69eb37,2e69eb36c,2020-10-03,22,{'JAM'},{'JAM_HEAVY_TRAFFIC'},30,{2},5.0
2e69eb37,2e69eb36c,2020-10-10,17,{'JAM'},{'JAM_STAND_STILL_TRAFFIC'},30,{2},6.0
2e69eb3b,2e69eb3a4,2020-10-26,19,"{'JAM', 'ACCIDENT'}","{'JAM_STAND_STILL_TRAFFIC', 'ACCIDENT'}",152,{2},5.0
2e69eb3b,2e69eb3a4,2020-10-27,17,{'JAM'},{'JAM_STAND_STILL_TRAFFIC'},49,{2},5.530612244897959
2e69eb3b,2e69eb3a4,2020-10-27,18,{'JAM'},"{'JAM_STAND_STILL_TRAFFIC', 'JAM_HEAVY_TRAFFIC'}",73,{2},5.904109589041096
2e69eb3b,2e69eb3ac,2020-10-27,18,{'JAM'},{'JAM_STAND_STILL_TRAFFIC'},33,{2},5.909090909090909
2e69eb3b,2e69eb3ac,2020-11-07,14,{'JAM'},{'JAM_STAND_STILL_TRAFFIC'},31,{2},5.774193548387097
2e69eb3b,2e69eb3bc,2020-10-27,17,{'JAM'},{'JAM_STAND_STILL_TRAFFIC'},18,{2},7.0
2e69eb3d,2e69eb3dc,2020-11-18,13,{'JAM'},{'JAM_STAND_STILL_TRAFFIC'},17,{2},5.0
2e69eb45,2e69eb444,2020-10-19,15,{'JAM'},{'JAM_HEAVY_TRAFFIC'},12,{4},5.0
2e69eb45,2e69eb444,2020-11-03,12,{'JAM'},{'JAM_HEAVY_TRAFFIC'},44,{4},5.0
2e69eb45,2e69eb44c,2020-10-29,11,{'JAM'},{'JAM_HEAVY_TRAFFIC'},27,{4},5.0
2e69eb45,2e69eb44c,2020-11-01,18,{'JAM'},{'JAM_STAND_STILL_TRAFFIC'},16,{4},5.0
2e69eb45,2e69eb44c,2020-11-10,8,{'JAM'},{'JAM_STAND_STILL_TRAFFIC'},62,{4},5.0
2e69eb45,2e69eb44c,2020-11-19,8,{'JAM'},{'JAM_HEAVY_TRAFFIC'},12,{4},5.0
2e69eb47,2e69eb46c,2020-10-31,12,{'JAM'},{'JAM_MODERATE_TRAFFIC'},68,{4},5.0
2e69eb4b,2e69eb4a4,2020-10-12,17,{'JAM'},{'JAM_MODERATE_TRAFFIC'},53,{2},5.0
2e69eb4b,2e69eb4a4,2020-10-26,21,"{'JAM', 'WEATHERHAZARD'}","{'JAM', 'WEATHERHAZARD'}",98,{2},5.0
2e69eb4b,2e69eb4b4,2020-10-02,10,{'JAM'},{'JAM'},64,{1},5.0
2e69eb4d,2e69eb4c4,2020-11-13,19,{'WEATHERHAZARD'},{'HAZARD_ON_SHOULDER_CAR_STOPPED'},62,{2},5.709677419354839
2e69eb4d,2e69eb4c4,2020-11-14,13,{'JAM'},{'JAM_HEAVY_TRAFFIC'},34,{2},5.9411764705882355
2e69eb4d,2e69eb4d4,2020-10-21,12,{'JAM'},{'JAM_HEAVY_TRAFFIC'},66,{2},5.0
2e69eb51,2e69eb50c,2020-09-28,12,{'JAM'},{'JAM'},62,{1},5.0
2e69eb51,2e69eb50c,2020-10-31,9,{'JAM'},{'JAM_MODERATE_TRAFFIC'},64,{1},5.0
2e69eb57,2e69eb574,2020-10-31,10,{'JAM'},{'JAM_STAND_STILL_TRAFFIC'},60,{1},6.0
2e69eb57,2e69eb574,2020-11-17,15,"{'JAM', 'ACCIDENT'}","{'JAM_STAND_STILL_TRAFFIC', 'ACCIDENT_MINOR'}",569,{1},5.402460456942004
2e69eb59,2e69eb58c,2020-09-01,14,{'WEATHERHAZARD'},{'HAZARD_ON_SHOULDER_CAR_STOPPED'},55,{4},5.945454545454545
2e69eb59,2e69eb58c,2020-09-24,5,{'WEATHERHAZARD'},{'HAZARD_ON_SHOULDER_CAR_STOPPED'},32,{4},5.0
2e69eb59,2e69eb58c,2020-10-02,6,{'WEATHERHAZARD'},{'HAZARD_ON_SHOULDER_CAR_STOPPED'},30,{4},5.566666666666666
2e69eb59,2e69eb58c,2020-10-18,17,{'JAM'},{'JAM_HEAVY_TRAFFIC'},5,{4},5.0
2e69eb59,2e69eb58c,2020-10-19,8,{'JAM'},{'JAM_STAND_STILL_TRAFFIC'},31,{4},6.290322580645161
2e69eb59,2e69eb58c,2020-10-19,9,{'JAM'},{'JAM_STAND_STILL_TRAFFIC'},9,{4},5.0
2e69eb59,2e69eb58c,2020-10-21,6,{'WEATHERHAZARD'},{'HAZARD_ON_SHOULDER_CAR_STOPPED'},59,{4},7.135593220338983
2e69eb59,2e69eb58c,2020-10-22,15,{'JAM'},{'JAM_STAND_STILL_TRAFFIC'},5,{4},5.0
2e69eb59,2e69eb58c,2020-10-26,18,{'JAM'},{'JAM_STAND_STILL_TRAFFIC'},33,{4},5.0
2e69eb59,2e69eb58c,2020-10-27,9,{'JAM'},{'JAM_STAND_STILL_TRAFFIC'},8,{4},5.0
2e69eb59,2e69eb58c,2020-11-02,8,{'JAM'},{'JAM_HEAVY_TRAFFIC'},5,{4},5.0
2e69eb59,2e69eb58c,2020-11-09,7,{'JAM'},{'JAM_HEAVY_TRAFFIC'},9,{4},5.0
2e69eb59,2e69eb58c,2020-11-09,18,{'WEATHERHAZARD'},{'HAZARD_ON_SHOULDER_CAR_STOPPED'},29,{4},5.0
2e69eb59,2e69eb58c,2020-11-12,7,{'JAM'},{'JAM_HEAVY_TRAFFIC'},5,{4},6.0
2e69eb59,2e69eb58c,2020-11-12,8,{'JAM'},{'JAM_STAND_STILL_TRAFFIC'},7,{4},5.0
2e69eb59,2e69eb58c,2020-11-13,8,{'WEATHERHAZARD'},{'HAZARD_ON_SHOULDER_CAR_STOPPED'},26,{4},8.653846153846153
2e69eb59,2e69eb58c,2020-11-13,9,{'JAM'},{'JAM_HEAVY_TRAFFIC'},33,{4},5.454545454545454
2e69eb59,2e69eb58c,2020-11-13,14,{'JAM'},{'JAM_STAND_STILL_TRAFFIC'},9,{4},5.333333333333333
2e69eb59,2e69eb58c,2020-11-16,7,{'JAM'},{'JAM_HEAVY_TRAFFIC'},36,{4},6.305555555555555
2e69eb59,2e69eb58c,2020-11-16,17,{'JAM'},{'JAM_STAND_STILL_TRAFFIC'},10,{4},5.5
2e69eb59,2e69eb58c,2020-11-17,6,{'WEATHERHAZARD'},{'HAZARD_ON_ROAD_CONSTRUCTION'},116,{4},9.482758620689655
2e69eb59,2e69eb58c,2020-11-18,7,{'WEATHERHAZARD'},{'HAZARD_ON_SHOULDER_CAR_STOPPED'},35,{4},7.742857142857143
2e69eb59,2e69eb58c,2020-11-19,7,{'JAM'},{'JAM_HEAVY_TRAFFIC'},14,{4},5.0
2e69eb59,2e69eb58c,2020-11-21,15,{'JAM'},{'JAM_HEAVY_TRAFFIC'},23,{4},5.956521739130435
2e69eb59,2e69eb58c,2020-11-22,19,{'JAM'},{'JAM_MODERATE_TRAFFIC'},7,{4},5.0
2e69eb59,2e69eb594,2020-09-12,13,{'JAM'},{'JAM_MODERATE_TRAFFIC'},8,{4},5.0
2e69eb59,2e69eb594,2020-09-15,8,{'JAM'},{'JAM_MODERATE_TRAFFIC'},6,{4},5.0
2e69eb59,2e69eb594,2020-10-21,8,{'JAM'},{'JAM_HEAVY_TRAFFIC'},32,{4},5.25
2e69eb59,2e69eb594,2020-11-09,7,{'JAM'},{'JAM_HEAVY_TRAFFIC'},24,{4},6.0
2e69eb59,2e69eb594,2020-11-09,8,{'JAM'},{'JAM_STAND_STILL_TRAFFIC'},12,{4},5.0
2e69eb59,2e69eb594,2020-11-10,7,{'JAM'},{'JAM_STAND_STILL_TRAFFIC'},18,{4},5.0
2e69eb59,2e69eb594,2020-11-10,9,{'JAM'},{'JAM'},7,{4},5.0
2e69eb59,2e69eb594,2020-11-12,7,{'JAM'},{'JAM_HEAVY_TRAFFIC'},46,{4},8.065217391304348
2e69eb59,2e69eb594,2020-11-12,8,"{'JAM', 'WEATHERHAZARD'}","{'JAM_STAND_STILL_TRAFFIC', 'HAZARD_ON_ROAD_CONSTRUCTION'}",39,{4},7.0256410256410255
2e69eb59,2e69eb594,2020-11-13,6,{'JAM'},{'JAM_HEAVY_TRAFFIC'},46,{4},7.521739130434782
2e69eb59,2e69eb594,2020-11-13,7,{'JAM'},{'JAM_STAND_STILL_TRAFFIC'},32,{4},6.5625
2e69eb59,2e69eb594,2020-11-13,10,{'JAM'},{'JAM_STAND_STILL_TRAFFIC'},24,{4},5.0
2e69eb59,2e69eb594,2020-11-16,7,{'JAM'},{'JAM_STAND_STILL_TRAFFIC'},9,{4},5.0
2e69eb59,2e69eb594,2020-11-18,7,{'WEATHERHAZARD'},{'HAZARD_ON_ROAD_CONSTRUCTION'},139,{4},9.60431654676259
2e69eb59,2e69eb594,2020-11-18,12,{'WEATHERHAZARD'},{'HAZARD_ON_ROAD_CONSTRUCTION'},59,{4},6.5423728813559325
2e69eb59,2e69eb594,2020-11-19,8,{'JAM'},{'JAM_HEAVY_TRAFFIC'},6,{4},5.0
2e69eb59,2e69eb594,2020-11-21,16,{'JAM'},{'JAM_STAND_STILL_TRAFFIC'},18,{4},5.0
2e69eb5b,2e69eb5ac,2020-11-16,0,{'ACCIDENT'},{'ACCIDENT'},242,{4},5.0
2e69eb5b,2e69eb5b4,2020-11-20,11,{'JAM'},{'JAM'},7,{4},5.0
2e69eb5b,2e69eb5b4,2020-11-20,15,{'JAM'},{'JAM'},11,{4},5.0
2e69eb5b,2e69eb5bc,2020-09-08,15,{'WEATHERHAZARD'},{'HAZARD_ON_SHOULDER_CAR_STOPPED'},38,{4},6.2631578947368425
2e69eb5b,2e69eb5bc,2020-10-06,7,{'JAM'},{'JAM_HEAVY_TRAFFIC'},30,{4},5.0
2e69eb5b,2e69eb5bc,2020-11-03,12,{'JAM'},{'JAM_HEAVY_TRAFFIC'},33,{4},5.0
2e69eb5b,2e69eb5bc,2020-11-04,6,{'JAM'},{'JAM_MODERATE_TRAFFIC'},6,{4},5.0
2e69eb5b,2e69eb5bc,2020-11-04,8,{'JAM'},{'JAM_MODERATE_TRAFFIC'},5,{4},5.0
2e69eb5b,2e69eb5bc,2020-11-05,8,{'JAM'},{'JAM'},29,{4},5.0
2e69eb5b,2e69eb5bc,2020-11-07,12,{'WEATHERHAZARD'},{'HAZARD_ON_SHOULDER_CAR_STOPPED'},24,{4},6.291666666666667
2e69eb5b,2e69eb5bc,2020-11-09,6,{'JAM'},{'JAM_MODERATE_TRAFFIC'},40,{4},5.425
2e69eb5b,2e69eb5bc,2020-11-10,15,{'JAM'},"{'JAM_STAND_STILL_TRAFFIC', 'JAM_HEAVY_TRAFFIC'}",88,{4},5.0
2e69eb5b,2e69eb5bc,2020-11-13,7,{'JAM'},{'JAM_STAND_STILL_TRAFFIC'},37,{4},6.324324324324325
2e69eb5d,2e69eb5c4,2020-09-10,10,{'WEATHERHAZARD'},{'HAZARD_ON_ROAD_CONSTRUCTION'},56,{4},5.607142857142857
2e69eb5d,2e69eb5c4,2020-09-27,19,{'JAM'},{'JAM_MODERATE_TRAFFIC'},19,{4},5.0
2e69eb5d,2e69eb5c4,2020-10-22,9,{'WEATHERHAZARD'},{'HAZARD_ON_ROAD_CAR_STOPPED'},31,{4},5.258064516129032
2e69eb5d,2e69eb5cc,2020-09-02,17,{'WEATHERHAZARD'},{'HAZARD_ON_ROAD_CONSTRUCTION'},44,{4},6.7727272727272725
2e69eb5d,2e69eb5dc,2020-10-27,16,{'JAM'},{'JAM_MODERATE_TRAFFIC'},63,"{1, 2}",5.0
2e69eb5f,2e69eb5f4,2020-10-27,15,{'JAM'},{'JAM_STAND_STILL_TRAFFIC'},14,{2},5.0
2e69eb5f,2e69eb5fc,2020-10-10,12,{'JAM'},{'JAM'},27,{1},5.0
2e69eb61,2e69eb604,2020-09-07,16,{'JAM'},{'JAM_HEAVY_TRAFFIC'},31,{2},5.0
2e69eb61,2e69eb604,2020-09-24,13,{'JAM'},{'JAM_MODERATE_TRAFFIC'},30,{2},5.0
2e69eb61,2e69eb604,2020-10-15,17,{'JAM'},{'JAM_STAND_STILL_TRAFFIC'},5,{2},6.0
2e69eb61,2e69eb604,2020-10-28,8,{'JAM'},{'JAM_HEAVY_TRAFFIC'},7,{2},5.0
2e69eb61,2e69eb604,2020-10-31,20,{'JAM'},{'JAM_HEAVY_TRAFFIC'},6,{2},5.0
2e69eb61,2e69eb60c,2020-09-05,17,{'JAM'},{'JAM_STAND_STILL_TRAFFIC'},30,{2},5.0
2e69eb61,2e69eb60c,2020-09-29,18,{'JAM'},{'JAM_HEAVY_TRAFFIC'},30,{2},5.0
2e69eb61,2e69eb60c,2020-10-05,17,{'JAM'},{'JAM_STAND_STILL_TRAFFIC'},33,{2},5.0
2e69eb61,2e69eb60c,2020-10-10,16,{'JAM'},{'JAM_STAND_STILL_TRAFFIC'},31,{2},5.0
2e69eb61,2e69eb60c,2020-10-13,16,{'JAM'},{'JAM_HEAVY_TRAFFIC'},31,{2},5.0
2e69eb61,2e69eb60c,2020-11-06,19,{'JAM'},{'JAM_STAND_STILL_TRAFFIC'},33,{2},5.0
2e69eb61,2e69eb614,2020-09-05,17,{'JAM'},{'JAM_STAND_STILL_TRAFFIC'},29,{2},5.0
2e69eb61,2e69eb614,2020-10-04,17,{'JAM'},{'JAM_STAND_STILL_TRAFFIC'},26,{2},5.0
2e69eb61,2e69eb614,2020-10-14,18,{'JAM'},{'JAM_STAND_STILL_TRAFFIC'},31,{2},5.0
2e69eb63,2e69eb63c,2020-11-14,17,{'JAM'},{'JAM_STAND_STILL_TRAFFIC'},16,{2},5.0
2e69eb65,2e69eb644,2020-10-14,18,{'JAM'},{'JAM_HEAVY_TRAFFIC'},7,{2},5.0
2e69eb65,2e69eb654,2020-09-26,10,{'JAM'},{'JAM_HEAVY_TRAFFIC'},31,{22},5.0
2e69eb65,2e69eb65c,2020-09-11,23,{'WEATHERHAZARD'},{'WEATHERHAZARD'},33,{1},5.0
2e69eb67,2e69eb66c,2020-10-02,17,{'JAM'},{'JAM_STAND_STILL_TRAFFIC'},14,{2},5.0
2e69eb67,2e69eb66c,2020-10-04,17,{'JAM'},{'JAM_STAND_STILL_TRAFFIC'},64,{2},5.0
2e69eb67,2e69eb66c,2020-10-05,17,{'JAM'},{'JAM_STAND_STILL_TRAFFIC'},65,{2},5.0
2e69eb67,2e69eb66c,2020-10-07,17,{'JAM'},{'JAM_STAND_STILL_TRAFFIC'},31,{1},5.0
2e69eb67,2e69eb66c,2020-10-10,16,{'JAM'},{'JAM_STAND_STILL_TRAFFIC'},31,{2},5.0
2e69eb67,2e69eb66c,2020-10-11,16,{'JAM'},{'JAM_STAND_STILL_TRAFFIC'},21,{2},5.0
2e69eb67,2e69eb66c,2020-10-30,11,{'WEATHERHAZARD'},{'HAZARD_ON_ROAD_CAR_STOPPED'},31,{1},5.838709677419355
2e69eb67,2e69eb66c,2020-11-01,17,{'JAM'},{'JAM_MODERATE_TRAFFIC'},31,{2},5.0
2e69eb6f,2e69eb6e4,2020-09-05,23,{'ACCIDENT'},{'ACCIDENT'},126,{1},5.0
2e69eb6f,2e69eb6e4,2020-11-08,12,{'JAM'},{'JAM_HEAVY_TRAFFIC'},30,{1},5.0
2e69eb6f,2e69eb6fc,2020-09-04,19,{'ACCIDENT'},{'ACCIDENT'},119,{1},5.0
2e69eb71,2e69eb714,2020-10-05,1,{'JAM'},{'JAM_MODERATE_TRAFFIC'},30,{1},5.0
2e69eb71,2e69eb714,2020-10-29,12,{'WEATHERHAZARD'},{'WEATHERHAZARD'},30,{2},5.0
2e69eb71,2e69eb71c,2020-09-30,13,{'JAM'},{'JAM_STAND_STILL_TRAFFIC'},19,{2},5.0
2e69eb75,2e69eb754,2020-09-02,10,{'JAM'},{'JAM_HEAVY_TRAFFIC'},22,{6},5.0
2e69eb75,2e69eb75c,2020-09-14,17,{'JAM'},{'JAM_HEAVY_TRAFFIC'},8,{6},5.0
2e69eb75,2e69eb75c,2020-10-08,17,{'JAM'},{'JAM_STAND_STILL_TRAFFIC'},30,{6},5.766666666666667
2e69eb77,2e69eb764,2020-10-08,17,{'JAM'},{'JAM_STAND_STILL_TRAFFIC'},32,{6},5.0
2e69eb77,2e69eb77c,2020-09-03,6,{'ACCIDENT'},{'ACCIDENT'},155,{6},6.754838709677419
2e69eb77,2e69eb77c,2020-09-03,8,{'JAM'},{'JAM_STAND_STILL_TRAFFIC'},25,{6},5.0
2e69eb77,2e69eb77c,2020-09-23,9,{'WEATHERHAZARD'},{'HAZARD_ON_ROAD_CAR_STOPPED'},34,{6},6.264705882352941
2e69eb77,2e69eb77c,2020-09-24,8,{'WEATHERHAZARD'},{'HAZARD_ON_SHOULDER_CAR_STOPPED'},40,{6},6.725
2e69eb77,2e69eb77c,2020-09-24,9,"{'JAM', 'WEATHERHAZARD'}","{'JAM_STAND_STILL_TRAFFIC', 'HAZARD_ON_ROAD_CONSTRUCTION'}",245,{6},7.644897959183673
2e69eb77,2e69eb77c,2020-09-26,10,{'WEATHERHAZARD'},{'HAZARD_ON_ROAD_CONSTRUCTION'},202,{6},7.801980198019802
2e69eb77,2e69eb77c,2020-10-07,18,{'JAM'},{'JAM_STAND_STILL_TRAFFIC'},31,{6},5.0
2e69eb77,2e69eb77c,2020-10-27,19,{'JAM'},{'JAM_STAND_STILL_TRAFFIC'},31,{6},5.0
2e69eb79,2e69eb784,2020-09-17,23,{'WEATHERHAZARD'},{'HAZARD_ON_ROAD_CONSTRUCTION'},243,{6},5.893004115226337
2e69eb79,2e69eb784,2020-09-26,10,{'JAM'},{'JAM_MODERATE_TRAFFIC'},31,{6},5.0
2e69eb79,2e69eb784,2020-10-19,7,{'JAM'},{'JAM_STAND_STILL_TRAFFIC'},31,{6},5.0
2e69eb79,2e69eb784,2020-10-26,7,{'JAM'},{'JAM_HEAVY_TRAFFIC'},51,{6},5.588235294117647
2e69eb79,2e69eb784,2020-11-02,8,{'JAM'},{'JAM_HEAVY_TRAFFIC'},6,{6},5.0
2e69eb79,2e69eb784,2020-11-14,16,{'JAM'},{'JAM_STAND_STILL_TRAFFIC'},28,{6},5.0
2e69eb79,2e69eb78c,2020-09-06,10,{'JAM'},{'JAM_HEAVY_TRAFFIC'},30,{6},5.633333333333334
2e69eb79,2e69eb78c,2020-09-12,13,{'JAM'},{'JAM_STAND_STILL_TRAFFIC'},32,{6},5.0
2e69eb79,2e69eb78c,2020-09-30,19,{'JAM'},{'JAM_STAND_STILL_TRAFFIC'},31,{6},5.0
2e69eb79,2e69eb78c,2020-10-02,17,{'JAM'},{'JAM_STAND_STILL_TRAFFIC'},31,{6},5.0
2e69eb79,2e69eb78c,2020-10-10,15,{'JAM'},{'JAM'},31,{2},5.0
2e69eb79,2e69eb78c,2020-10-10,18,{'JAM'},{'JAM_STAND_STILL_TRAFFIC'},35,{6},5.0
2e69eb79,2e69eb78c,2020-10-11,9,{'JAM'},{'JAM_HEAVY_TRAFFIC'},30,{6},5.0
2e69eb79,2e69eb78c,2020-10-19,12,{'JAM'},{'JAM_STAND_STILL_TRAFFIC'},31,{6},5.0
2e69eb79,2e69eb78c,2020-10-20,17,{'JAM'},{'JAM_STAND_STILL_TRAFFIC'},31,{6},5.0
2e69eb79,2e69eb78c,2020-10-21,10,{'JAM'},{'JAM_HEAVY_TRAFFIC'},9,{6},5.0
2e69eb79,2e69eb78c,2020-10-22,10,{'JAM'},{'JAM'},15,{6},5.933333333333334
2e69eb79,2e69eb78c,2020-10-24,11,{'JAM'},{'JAM_HEAVY_TRAFFIC'},22,{6},5.0
2e69eb79,2e69eb78c,2020-10-24,16,{'JAM'},{'JAM_STAND_STILL_TRAFFIC'},62,{6},5.0
2e69eb79,2e69eb78c,2020-10-28,15,{'JAM'},{'JAM_HEAVY_TRAFFIC'},33,{6},6.7272727272727275
2e69eb79,2e69eb78c,2020-10-31,18,{'JAM'},{'JAM_STAND_STILL_TRAFFIC'},34,{6},6.0
2e69eb79,2e69eb78c,2020-10-31,19,{'JAM'},{'JAM_HEAVY_TRAFFIC'},19,{6},5.0
2e69eb79,2e69eb78c,2020-10-31,20,{'JAM'},{'JAM_HEAVY_TRAFFIC'},5,{6},5.0
2e69eb79,2e69eb78c,2020-11-01,13,{'JAM'},{'JAM_HEAVY_TRAFFIC'},32,{6},6.5
2e69eb79,2e69eb78c,2020-11-01,16,{'JAM'},{'JAM_STAND_STILL_TRAFFIC'},30,{6},5.9
2e69eb79,2e69eb78c,2020-11-01,17,{'JAM'},{'JAM_HEAVY_TRAFFIC'},10,{6},5.0
2e69eb79,2e69eb78c,2020-11-02,7,{'JAM'},{'JAM_STAND_STILL_TRAFFIC'},30,{6},5.0
2e69eb79,2e69eb78c,2020-11-04,17,{'JAM'},"{'JAM_STAND_STILL_TRAFFIC', 'JAM_HEAVY_TRAFFIC'}",60,{6},5.466666666666667
2e69eb79,2e69eb78c,2020-11-06,14,{'JAM'},{'JAM'},31,{6},5.0
2e69eb79,2e69eb78c,2020-11-07,15,{'JAM'},{'JAM_STAND_STILL_TRAFFIC'},32,{6},5.0
2e69eb79,2e69eb78c,2020-11-07,17,{'JAM'},{'JAM_HEAVY_TRAFFIC'},26,{6},5.615384615384615
2e69eb79,2e69eb78c,2020-11-08,16,{'JAM'},{'JAM'},11,{6},5.0
2e69eb79,2e69eb78c,2020-11-09,7,{'JAM'},{'JAM_HEAVY_TRAFFIC'},32,{6},5.0
2e69eb79,2e69eb78c,2020-11-12,16,{'JAM'},{'JAM_HEAVY_TRAFFIC'},31,{6},5.0
2e69eb79,2e69eb78c,2020-11-14,15,{'JAM'},{'JAM_MODERATE_TRAFFIC'},31,{6},5.0
2e69eb79,2e69eb78c,2020-11-21,15,{'JAM'},{'JAM_STAND_STILL_TRAFFIC'},32,{6},5.5625
2e69eb79,2e69eb78c,2020-11-21,17,{'JAM'},{'JAM_HEAVY_TRAFFIC'},24,{6},5.0
2e69eb79,2e69eb794,2020-09-25,17,{'JAM'},{'JAM_STAND_STILL_TRAFFIC'},60,{2},5.5
2e69eb79,2e69eb794,2020-09-30,18,{'JAM'},{'JAM_STAND_STILL_TRAFFIC'},30,{2},5.0
2e69eb79,2e69eb794,2020-10-02,17,{'JAM'},{'JAM_STAND_STILL_TRAFFIC'},6,{2},5.0
2e69eb79,2e69eb794,2020-10-05,15,{'JAM'},{'JAM_STAND_STILL_TRAFFIC'},32,{2},5.0
2e69eb79,2e69eb794,2020-10-06,16,{'JAM'},{'JAM_STAND_STILL_TRAFFIC'},66,{2},5.0
2e69eb79,2e69eb794,2020-10-10,17,{'JAM'},{'JAM_STAND_STILL_TRAFFIC'},5,{2},5.0
2e69eb79,2e69eb794,2020-10-13,9,{'JAM'},{'JAM_STAND_STILL_TRAFFIC'},30,{2},5.0
2e69eb79,2e69eb794,2020-10-21,17,{'JAM'},{'JAM_STAND_STILL_TRAFFIC'},32,{2},5.0
2e69eb79,2e69eb794,2020-10-27,17,{'JAM'},{'JAM_HEAVY_TRAFFIC'},44,{2},6.590909090909091
2e69eb79,2e69eb794,2020-11-01,14,{'JAM'},{'JAM_HEAVY_TRAFFIC'},30,{2},5.0
2e69eb79,2e69eb794,2020-11-05,7,{'JAM'},{'JAM'},32,{2},5.0
2e69eb79,2e69eb794,2020-11-07,18,{'JAM'},{'JAM_HEAVY_TRAFFIC'},30,{2},5.0
2e69eb79,2e69eb794,2020-11-15,17,{'JAM'},{'JAM_STAND_STILL_TRAFFIC'},20,{2},5.0
2e69eb79,2e69eb794,2020-11-18,17,{'JAM'},{'JAM_STAND_STILL_TRAFFIC'},89,{2},5.0
2e69eb79,2e69eb794,2020-11-21,14,{'JAM'},{'JAM_STAND_STILL_TRAFFIC'},28,{2},6.857142857142857
2e69eb7b,2e69eb7ac,2020-09-24,10,{'JAM'},"{'JAM_STAND_STILL_TRAFFIC', 'JAM_MODERATE_TRAFFIC'}",62,{1},5.483870967741935
2e69eb7b,2e69eb7ac,2020-10-13,11,{'JAM'},{'JAM_STAND_STILL_TRAFFIC'},20,{2},5.0
2e69eb7b,2e69eb7ac,2020-11-04,12,{'JAM'},{'JAM_STAND_STILL_TRAFFIC'},31,{2},5.0
2e69eb7b,2e69eb7b4,2020-09-15,18,{'ACCIDENT'},{'ACCIDENT'},120,{1},5.0
2e69eb7b,2e69eb7b4,2020-10-30,6,{'JAM'},{'JAM_HEAVY_TRAFFIC'},32,{1},5.0
2e69eb7b,2e69eb7bc,2020-10-27,17,{'JAM'},{'JAM_HEAVY_TRAFFIC'},32,{2},5.0
2e69eb7b,2e69eb7bc,2020-11-07,14,{'JAM'},"{'JAM_STAND_STILL_TRAFFIC', 'JAM_HEAVY_TRAFFIC'}",94,{2},5.0
2e69eb7d,2e69eb7c4,2020-09-25,18,{'JAM'},{'JAM_STAND_STILL_TRAFFIC'},9,{4},5.666666666666667
2e69eb7d,2e69eb7c4,2020-09-25,19,{'JAM'},{'JAM_MODERATE_TRAFFIC'},31,{4},5.67741935483871
2e69eb7d,2e69eb7c4,2020-10-16,17,{'JAM'},{'JAM_STAND_STILL_TRAFFIC'},35,{4},6.542857142857143
2e69eb7d,2e69eb7c4,2020-10-23,17,{'JAM'},{'JAM_STAND_STILL_TRAFFIC'},6,{4},5.0
2e69eb7d,2e69eb7c4,2020-10-27,19,{'JAM'},{'JAM_STAND_STILL_TRAFFIC'},38,{4},5.184210526315789
2e69eb7d,2e69eb7c4,2020-11-07,18,{'JAM'},{'JAM_STAND_STILL_TRAFFIC'},39,{4},6.461538461538462
2e69eb7d,2e69eb7c4,2020-11-11,22,{'JAM'},{'JAM_HEAVY_TRAFFIC'},28,{4},5.0
2e69eb7d,2e69eb7dc,2020-10-26,8,{'JAM'},{'JAM_HEAVY_TRAFFIC'},31,{4},7.096774193548387
2e69eb7d,2e69eb7dc,2020-11-18,10,{'WEATHERHAZARD'},{'HAZARD_ON_ROAD_CAR_STOPPED'},29,{4},5.0
2e69eb7d,2e69eb7dc,2020-11-21,12,{'JAM'},{'JAM_HEAVY_TRAFFIC'},9,{4},5.0
2e69eb7f,2e69eb7e4,2020-09-21,17,{'JAM'},{'JAM_HEAVY_TRAFFIC'},30,{2},5.0
2e69eb7f,2e69eb7e4,2020-09-24,17,{'JAM'},{'JAM_HEAVY_TRAFFIC'},31,{4},5.0
2e69eb7f,2e69eb7e4,2020-09-25,18,{'JAM'},{'JAM_STAND_STILL_TRAFFIC'},18,{4},10.0
2e69eb7f,2e69eb7e4,2020-09-28,18,{'JAM'},{'JAM_HEAVY_TRAFFIC'},31,{2},5.0
2e69eb7f,2e69eb7e4,2020-09-30,18,{'JAM'},{'JAM_HEAVY_TRAFFIC'},43,{4},8.488372093023257
2e69eb7f,2e69eb7e4,2020-10-01,18,{'JAM'},{'JAM_STAND_STILL_TRAFFIC'},33,{4},5.0
2e69eb7f,2e69eb7e4,2020-10-02,18,{'JAM'},{'JAM_STAND_STILL_TRAFFIC'},32,{4},5.0
2e69eb7f,2e69eb7e4,2020-10-07,18,{'JAM'},{'JAM_STAND_STILL_TRAFFIC'},31,{4},5.0
2e69eb7f,2e69eb7e4,2020-10-16,19,{'JAM'},{'JAM_STAND_STILL_TRAFFIC'},9,{4},5.0
2e69eb7f,2e69eb7e4,2020-10-26,8,{'JAM'},{'JAM_HEAVY_TRAFFIC'},1,{4},6.0
2e69eb7f,2e69eb7e4,2020-10-27,18,{'JAM'},{'JAM_STAND_STILL_TRAFFIC'},48,{2},6.270833333333333
2e69eb7f,2e69eb7e4,2020-11-06,18,{'JAM'},{'JAM_STAND_STILL_TRAFFIC'},18,{4},6.0
2e69eb7f,2e69eb7e4,2020-11-07,18,{'JAM'},{'JAM_STAND_STILL_TRAFFIC'},23,{4},6.913043478260869
2e69eb7f,2e69eb7ec,2020-09-25,18,{'JAM'},"{'JAM_STAND_STILL_TRAFFIC', 'JAM_HEAVY_TRAFFIC'}",41,"{2, 4}",5.829268292682927
2e69eb7f,2e69eb7ec,2020-10-27,19,{'JAM'},{'JAM_STAND_STILL_TRAFFIC'},27,{4},8.851851851851851
2e69eb7f,2e69eb7ec,2020-11-05,17,{'JAM'},{'JAM_HEAVY_TRAFFIC'},7,{2},5.0
2e69eb7f,2e69eb7ec,2020-11-06,18,{'JAM'},{'JAM_STAND_STILL_TRAFFIC'},30,{4},5.0
2e69eb7f,2e69eb7ec,2020-11-07,14,{'JAM'},{'JAM_STAND_STILL_TRAFFIC'},31,{2},5.0
2e69eb7f,2e69eb7f4,2020-09-01,9,{'JAM'},{'JAM_HEAVY_TRAFFIC'},32,{6},5.0
2e69eb7f,2e69eb7f4,2020-09-01,17,{'JAM'},{'JAM_STAND_STILL_TRAFFIC'},10,{6},5.8
2e69eb7f,2e69eb7f4,2020-09-01,18,{'JAM'},"{'JAM', 'JAM_STAND_STILL_TRAFFIC'}",65,{6},5.0
2e69eb7f,2e69eb7f4,2020-09-03,17,{'JAM'},"{'JAM_STAND_STILL_TRAFFIC', 'JAM_HEAVY_TRAFFIC'}",47,{6},5.0
2e69eb7f,2e69eb7f4,2020-09-04,6,{'JAM'},{'JAM_HEAVY_TRAFFIC'},30,{6},5.0
2e69eb7f,2e69eb7f4,2020-09-04,11,{'JAM'},{'JAM_MODERATE_TRAFFIC'},8,{6},5.0
2e69eb7f,2e69eb7f4,2020-09-05,18,{'JAM'},{'JAM_HEAVY_TRAFFIC'},30,{6},5.0
2e69eb7f,2e69eb7f4,2020-09-05,19,{'JAM'},{'JAM_STAND_STILL_TRAFFIC'},58,{6},5.0
2e69eb7f,2e69eb7f4,2020-09-12,14,{'JAM'},{'JAM_STAND_STILL_TRAFFIC'},33,{6},5.0
2e69eb7f,2e69eb7f4,2020-09-12,15,{'JAM'},{'JAM_HEAVY_TRAFFIC'},31,{6},5.0
2e69eb7f,2e69eb7f4,2020-09-12,17,{'JAM'},{'JAM_HEAVY_TRAFFIC'},31,{6},5.0
2e69eb7f,2e69eb7f4,2020-09-14,17,{'JAM'},{'JAM_STAND_STILL_TRAFFIC'},31,{6},5.0
2e69eb7f,2e69eb7f4,2020-09-15,17,{'JAM'},{'JAM_HEAVY_TRAFFIC'},20,{6},5.0
2e69eb7f,2e69eb7f4,2020-09-20,11,{'JAM'},{'JAM_STAND_STILL_TRAFFIC'},21,{6},5.0
2e69eb7f,2e69eb7f4,2020-09-21,14,{'JAM'},{'JAM_MODERATE_TRAFFIC'},30,{6},5.0
2e69eb7f,2e69eb7f4,2020-09-25,17,{'JAM'},{'JAM_STAND_STILL_TRAFFIC'},32,{6},5.0
2e69eb7f,2e69eb7f4,2020-09-26,10,{'JAM'},{'JAM_STAND_STILL_TRAFFIC'},42,{6},5.380952380952381
2e69eb7f,2e69eb7f4,2020-09-28,7,{'JAM'},{'JAM_MODERATE_TRAFFIC'},31,{6},5.0
2e69eb7f,2e69eb7f4,2020-09-28,16,{'JAM'},{'JAM_STAND_STILL_TRAFFIC'},31,{6},5.0
2e69eb7f,2e69eb7f4,2020-09-28,18,{'JAM'},{'JAM_STAND_STILL_TRAFFIC'},32,{6},6.875
2e69eb7f,2e69eb7f4,2020-09-28,19,{'JAM'},{'JAM_STAND_STILL_TRAFFIC'},32,{6},6.0
2e69eb7f,2e69eb7f4,2020-09-29,17,{'JAM'},{'JAM_MODERATE_TRAFFIC'},30,{6},5.0
2e69eb7f,2e69eb7f4,2020-09-29,18,{'JAM'},{'JAM_STAND_STILL_TRAFFIC'},30,{6},5.566666666666666
2e69eb7f,2e69eb7f4,2020-09-30,17,{'JAM'},{'JAM_STAND_STILL_TRAFFIC'},31,{6},5.0
2e69eb7f,2e69eb7f4,2020-09-30,18,{'JAM'},{'JAM_STAND_STILL_TRAFFIC'},61,{6},7.278688524590164
2e69eb7f,2e69eb7f4,2020-09-30,22,{'JAM'},{'JAM'},7,{6},5.0
2e69eb7f,2e69eb7f4,2020-10-01,18,{'JAM'},{'JAM_STAND_STILL_TRAFFIC'},30,{6},5.0
2e69eb7f,2e69eb7f4,2020-10-01,19,{'JAM'},{'JAM_STAND_STILL_TRAFFIC'},31,{6},5.0
2e69eb7f,2e69eb7f4,2020-10-02,16,{'JAM'},{'JAM_STAND_STILL_TRAFFIC'},31,{6},5.0
2e69eb7f,2e69eb7f4,2020-10-03,17,{'JAM'},{'JAM_HEAVY_TRAFFIC'},58,{6},5.0
2e69eb7f,2e69eb7f4,2020-10-05,13,{'JAM'},{'JAM_STAND_STILL_TRAFFIC'},50,{6},5.0
2e69eb7f,2e69eb7f4,2020-10-05,18,{'JAM'},{'JAM_MODERATE_TRAFFIC'},9,{6},5.0
2e69eb7f,2e69eb7f4,2020-10-06,8,{'JAM'},{'JAM_HEAVY_TRAFFIC'},33,{6},5.0
2e69eb7f,2e69eb7f4,2020-10-06,10,{'JAM'},{'JAM'},30,{6},5.0
2e69eb7f,2e69eb7f4,2020-10-07,8,{'JAM'},{'JAM'},12,{6},5.0
2e69eb7f,2e69eb7f4,2020-10-07,15,{'JAM'},{'JAM_HEAVY_TRAFFIC'},35,{6},5.0
2e69eb7f,2e69eb7f4,2020-10-07,18,{'JAM'},"{'JAM_STAND_STILL_TRAFFIC', 'JAM_MODERATE_TRAFFIC'}",54,{6},5.296296296296297
2e69eb7f,2e69eb7f4,2020-10-09,17,{'JAM'},{'JAM_MODERATE_TRAFFIC'},32,{6},5.0
2e69eb7f,2e69eb7f4,2020-10-09,19,{'JAM'},{'JAM_HEAVY_TRAFFIC'},30,{6},5.0
2e69eb7f,2e69eb7f4,2020-10-10,18,{'JAM'},{'JAM_STAND_STILL_TRAFFIC'},40,{6},6.0
2e69eb7f,2e69eb7f4,2020-10-11,15,{'WEATHERHAZARD'},{'HAZARD_ON_ROAD_CONSTRUCTION'},37,{6},7.108108108108108
2e69eb7f,2e69eb7f4,2020-10-12,16,{'JAM'},{'JAM_HEAVY_TRAFFIC'},31,{6},5.0
2e69eb7f,2e69eb7f4,2020-10-12,17,{'JAM'},{'JAM_MODERATE_TRAFFIC'},31,{6},5.0
2e69eb7f,2e69eb7f4,2020-10-13,17,{'JAM'},{'JAM_HEAVY_TRAFFIC'},30,{6},6.266666666666667
2e69eb7f,2e69eb7f4,2020-10-13,18,{'JAM'},{'JAM_HEAVY_TRAFFIC'},30,{6},5.0
2e69eb7f,2e69eb7f4,2020-10-13,20,{'JAM'},{'JAM_STAND_STILL_TRAFFIC'},32,{6},5.0
2e69eb7f,2e69eb7f4,2020-10-15,15,{'JAM'},{'JAM_MODERATE_TRAFFIC'},31,{6},5.0
2e69eb7f,2e69eb7f4,2020-10-15,19,{'JAM'},{'JAM_STAND_STILL_TRAFFIC'},30,{6},5.0
2e69eb7f,2e69eb7f4,2020-10-16,7,{'JAM'},{'JAM_HEAVY_TRAFFIC'},31,{6},5.0
2e69eb7f,2e69eb7f4,2020-10-16,17,{'JAM'},{'JAM_HEAVY_TRAFFIC'},35,{6},5.628571428571429
2e69eb7f,2e69eb7f4,2020-10-16,18,{'JAM'},{'JAM_HEAVY_TRAFFIC'},32,{6},5.96875
2e69eb7f,2e69eb7f4,2020-10-17,18,{'JAM'},{'JAM_MODERATE_TRAFFIC'},52,{6},5.576923076923077
2e69eb7f,2e69eb7f4,2020-10-17,20,{'JAM'},{'JAM_STAND_STILL_TRAFFIC'},31,{6},5.0
2e69eb7f,2e69eb7f4,2020-10-18,17,{'JAM'},{'JAM_STAND_STILL_TRAFFIC'},26,{6},5.0
2e69eb7f,2e69eb7f4,2020-10-18,20,{'JAM'},{'JAM_STAND_STILL_TRAFFIC'},23,{6},5.0
2e69eb7f,2e69eb7f4,2020-10-21,17,{'JAM'},{'JAM_STAND_STILL_TRAFFIC'},31,{6},5.0
2e69eb7f,2e69eb7f4,2020-10-22,16,{'JAM'},{'JAM_HEAVY_TRAFFIC'},32,{6},5.0
2e69eb7f,2e69eb7f4,2020-10-22,17,{'JAM'},{'JAM'},31,{6},5.870967741935484
2e69eb7f,2e69eb7f4,2020-10-23,16,{'JAM'},{'JAM_MODERATE_TRAFFIC'},30,{6},5.0
2e69eb7f,2e69eb7f4,2020-10-23,19,{'JAM'},{'JAM_STAND_STILL_TRAFFIC'},31,{6},5.612903225806452
2e69eb7f,2e69eb7f4,2020-10-24,15,{'JAM'},{'JAM_HEAVY_TRAFFIC'},30,{6},5.0
2e69eb7f,2e69eb7f4,2020-10-24,20,{'JAM'},{'JAM_MODERATE_TRAFFIC'},6,{6},5.0
2e69eb7f,2e69eb7f4,2020-10-25,19,{'JAM'},{'JAM_HEAVY_TRAFFIC'},30,{6},5.0
2e69eb7f,2e69eb7f4,2020-10-26,7,{'JAM'},{'JAM_HEAVY_TRAFFIC'},31,{6},5.0
2e69eb7f,2e69eb7f4,2020-10-27,19,{'JAM'},{'JAM_HEAVY_TRAFFIC'},61,{6},5.426229508196721
2e69eb7f,2e69eb7f4,2020-10-28,16,{'JAM'},{'JAM_MODERATE_TRAFFIC'},32,{6},5.0
2e69eb7f,2e69eb7f4,2020-10-28,21,{'ACCIDENT'},{'ACCIDENT'},12,{6},5.666666666666667
2e69eb7f,2e69eb7f4,2020-10-31,15,{'JAM'},{'JAM_HEAVY_TRAFFIC'},31,{6},5.0
2e69eb7f,2e69eb7f4,2020-10-31,18,{'JAM'},{'JAM_STAND_STILL_TRAFFIC'},30,{6},5.0
2e69eb7f,2e69eb7f4,2020-10-31,20,{'JAM'},{'JAM_STAND_STILL_TRAFFIC'},27,{6},5.0
2e69eb7f,2e69eb7f4,2020-11-01,11,{'JAM'},{'JAM_HEAVY_TRAFFIC'},30,{6},5.0
2e69eb7f,2e69eb7f4,2020-11-01,12,{'JAM'},{'JAM_STAND_STILL_TRAFFIC'},32,{6},5.0
2e69eb7f,2e69eb7f4,2020-11-01,20,{'JAM'},{'JAM_HEAVY_TRAFFIC'},31,{6},5.0
2e69eb7f,2e69eb7f4,2020-11-04,18,{'JAM'},"{'JAM_STAND_STILL_TRAFFIC', 'JAM_HEAVY_TRAFFIC'}",83,{6},5.963855421686747
2e69eb7f,2e69eb7f4,2020-11-05,6,{'JAM'},{'JAM_STAND_STILL_TRAFFIC'},30,{6},5.0
2e69eb7f,2e69eb7f4,2020-11-05,18,{'JAM'},{'JAM_STAND_STILL_TRAFFIC'},31,{6},5.0
2e69eb7f,2e69eb7f4,2020-11-07,17,{'JAM'},{'JAM_HEAVY_TRAFFIC'},62,{6},5.290322580645161
2e69eb7f,2e69eb7f4,2020-11-07,18,{'JAM'},{'JAM_STAND_STILL_TRAFFIC'},32,{6},5.0
2e69eb7f,2e69eb7f4,2020-11-07,19,{'JAM'},{'JAM_HEAVY_TRAFFIC'},31,{6},5.0
2e69eb7f,2e69eb7f4,2020-11-08,12,{'JAM'},{'JAM_MODERATE_TRAFFIC'},26,{6},5.0
2e69eb7f,2e69eb7f4,2020-11-08,16,{'JAM'},{'JAM_MODERATE_TRAFFIC'},30,{6},5.0
2e69eb7f,2e69eb7f4,2020-11-08,18,{'JAM'},{'JAM_STAND_STILL_TRAFFIC'},31,{6},5.0
2e69eb7f,2e69eb7f4,2020-11-08,19,{'JAM'},{'JAM_HEAVY_TRAFFIC'},30,{6},5.0
2e69eb7f,2e69eb7f4,2020-11-09,15,{'JAM'},{'JAM_MODERATE_TRAFFIC'},31,{6},5.0
2e69eb7f,2e69eb7f4,2020-11-09,16,{'JAM'},{'JAM'},31,{6},5.0
2e69eb7f,2e69eb7f4,2020-11-11,11,{'JAM'},"{'JAM_STAND_STILL_TRAFFIC', 'JAM_HEAVY_TRAFFIC'}",44,{6},5.7272727272727275
2e69eb7f,2e69eb7f4,2020-11-14,15,{'JAM'},{'JAM_HEAVY_TRAFFIC'},31,{6},5.0
2e69eb7f,2e69eb7f4,2020-11-15,14,{'JAM'},{'JAM_STAND_STILL_TRAFFIC'},19,{6},5.0
2e69eb7f,2e69eb7f4,2020-11-15,20,{'JAM'},{'JAM_STAND_STILL_TRAFFIC'},8,{6},5.0
2e69eb7f,2e69eb7f4,2020-11-16,17,{'JAM'},{'JAM_HEAVY_TRAFFIC'},6,{6},5.0
2e69eb7f,2e69eb7f4,2020-11-16,23,{'JAM'},{'JAM_STAND_STILL_TRAFFIC'},8,{6},5.0
2e69eb7f,2e69eb7f4,2020-11-17,11,{'JAM'},{'JAM_HEAVY_TRAFFIC'},34,{6},5.0
2e69eb7f,2e69eb7f4,2020-11-21,12,{'JAM'},{'JAM_HEAVY_TRAFFIC'},6,{6},5.0
2e69eb7f,2e69eb7f4,2020-11-21,15,{'JAM'},{'JAM_HEAVY_TRAFFIC'},32,{6},5.0
2e69eb7f,2e69eb7f4,2020-11-21,17,{'JAM'},{'JAM_HEAVY_TRAFFIC'},24,{6},6.75
2e69eb7f,2e69eb7fc,2020-09-01,9,{'JAM'},{'JAM_HEAVY_TRAFFIC'},18,{6},5.0
2e69eb7f,2e69eb7fc,2020-09-03,18,{'JAM'},{'JAM_HEAVY_TRAFFIC'},15,{4},5.0
2e69eb7f,2e69eb7fc,2020-09-04,17,{'JAM'},{'JAM_STAND_STILL_TRAFFIC'},30,{4},5.0
2e69eb7f,2e69eb7fc,2020-09-04,19,{'ACCIDENT'},{'ACCIDENT'},19,{6},5.684210526315789
2e69eb7f,2e69eb7fc,2020-09-05,18,{'JAM'},{'JAM_STAND_STILL_TRAFFIC'},18,{6},5.0
2e69eb7f,2e69eb7fc,2020-09-07,18,{'JAM'},{'JAM_HEAVY_TRAFFIC'},31,{6},5.0
2e69eb7f,2e69eb7fc,2020-09-08,17,{'JAM'},{'JAM_STAND_STILL_TRAFFIC'},35,{6},5.428571428571429
2e69eb7f,2e69eb7fc,2020-09-10,16,{'JAM'},{'JAM_HEAVY_TRAFFIC'},30,{6},5.0
2e69eb7f,2e69eb7fc,2020-09-11,19,{'JAM'},{'JAM_STAND_STILL_TRAFFIC'},48,{4},6.229166666666667
2e69eb7f,2e69eb7fc,2020-09-13,14,{'WEATHERHAZARD'},{'HAZARD_ON_ROAD_CAR_STOPPED'},34,{4},7.794117647058823
2e69eb7f,2e69eb7fc,2020-09-13,17,{'JAM'},{'JAM_HEAVY_TRAFFIC'},19,{6},5.0
2e69eb7f,2e69eb7fc,2020-09-19,17,{'JAM'},{'JAM_STAND_STILL_TRAFFIC'},30,{6},5.0
2e69eb7f,2e69eb7fc,2020-09-21,17,{'JAM'},{'JAM_HEAVY_TRAFFIC'},30,{6},5.0
2e69eb7f,2e69eb7fc,2020-09-23,18,{'JAM'},{'JAM_HEAVY_TRAFFIC'},34,{2},5.0
2e69eb7f,2e69eb7fc,2020-09-28,7,{'JAM'},{'JAM_MODERATE_TRAFFIC'},28,{6},5.0
2e69eb7f,2e69eb7fc,2020-09-28,14,{'JAM'},{'JAM_STAND_STILL_TRAFFIC'},30,{6},5.0
2e69eb7f,2e69eb7fc,2020-09-28,17,{'JAM'},{'JAM_STAND_STILL_TRAFFIC'},38,{4},5.394736842105263
2e69eb7f,2e69eb7fc,2020-09-28,18,{'JAM'},"{'JAM_STAND_STILL_TRAFFIC', 'JAM_HEAVY_TRAFFIC'}",21,"{6, 7}",5.0
2e69eb7f,2e69eb7fc,2020-10-02,18,{'JAM'},{'JAM_HEAVY_TRAFFIC'},32,{2},5.0
2e69eb7f,2e69eb7fc,2020-10-05,17,{'JAM'},{'JAM_STAND_STILL_TRAFFIC'},31,{6},5.0
2e69eb7f,2e69eb7fc,2020-10-06,15,{'JAM'},{'JAM_STAND_STILL_TRAFFIC'},31,{6},5.0
2e69eb7f,2e69eb7fc,2020-10-06,17,{'JAM'},{'JAM_HEAVY_TRAFFIC'},31,{2},5.0
2e69eb7f,2e69eb7fc,2020-10-08,17,{'JAM'},{'JAM_HEAVY_TRAFFIC'},54,{2},5.888888888888889
2e69eb7f,2e69eb7fc,2020-10-08,18,{'JAM'},{'JAM_STAND_STILL_TRAFFIC'},31,{7},5.548387096774194
2e69eb7f,2e69eb7fc,2020-10-09,19,{'JAM'},{'JAM_HEAVY_TRAFFIC'},32,{6},5.0
2e69eb7f,2e69eb7fc,2020-10-12,16,{'JAM'},{'JAM_STAND_STILL_TRAFFIC'},30,{1},5.0
2e69eb7f,2e69eb7fc,2020-10-13,19,{'JAM'},{'JAM_STAND_STILL_TRAFFIC'},5,{6},5.0
2e69eb7f,2e69eb7fc,2020-10-14,18,{'JAM'},{'JAM_MODERATE_TRAFFIC'},33,{2},5.0
2e69eb7f,2e69eb7fc,2020-10-15,20,{'JAM'},{'JAM_STAND_STILL_TRAFFIC'},39,"{1, 6}",5.0
2e69eb7f,2e69eb7fc,2020-10-16,7,{'JAM'},{'JAM_HEAVY_TRAFFIC'},30,{6},5.0
2e69eb7f,2e69eb7fc,2020-10-16,18,{'JAM'},{'JAM_STAND_STILL_TRAFFIC'},31,{6},5.0
2e69eb7f,2e69eb7fc,2020-10-17,13,{'JAM'},{'JAM_STAND_STILL_TRAFFIC'},32,{6},6.34375
2e69eb7f,2e69eb7fc,2020-10-17,18,{'JAM'},{'JAM_HEAVY_TRAFFIC'},14,{6},5.0
2e69eb7f,2e69eb7fc,2020-10-19,17,{'JAM'},{'JAM_STAND_STILL_TRAFFIC'},19,{4},5.0
2e69eb7f,2e69eb7fc,2020-10-20,18,{'JAM'},{'JAM_STAND_STILL_TRAFFIC'},31,{6},5.0
2e69eb7f,2e69eb7fc,2020-10-23,18,{'JAM'},{'JAM_STAND_STILL_TRAFFIC'},30,{7},5.0
2e69eb7f,2e69eb7fc,2020-10-23,20,{'JAM'},{'JAM_STAND_STILL_TRAFFIC'},32,{6},5.8125
2e69eb7f,2e69eb7fc,2020-10-27,21,{'JAM'},{'JAM_STAND_STILL_TRAFFIC'},30,{6},5.7
2e69eb7f,2e69eb7fc,2020-10-30,16,{'JAM'},{'JAM_STAND_STILL_TRAFFIC'},31,{6},5.0
2e69eb7f,2e69eb7fc,2020-11-01,12,{'JAM'},{'JAM_STAND_STILL_TRAFFIC'},30,{6},5.0
2e69eb7f,2e69eb7fc,2020-11-01,18,{'JAM'},{'JAM_MODERATE_TRAFFIC'},7,{2},5.0
2e69eb7f,2e69eb7fc,2020-11-02,18,{'JAM'},{'JAM_HEAVY_TRAFFIC'},36,"{2, 6}",5.111111111111111
2e69eb7f,2e69eb7fc,2020-11-03,17,{'JAM'},{'JAM_HEAVY_TRAFFIC'},17,{6},5.0
2e69eb7f,2e69eb7fc,2020-11-03,19,{'JAM'},{'JAM'},30,{6},5.0
2e69eb7f,2e69eb7fc,2020-11-04,10,{'JAM'},{'JAM_HEAVY_TRAFFIC'},12,{4},5.0
2e69eb7f,2e69eb7fc,2020-11-04,18,{'JAM'},{'JAM_STAND_STILL_TRAFFIC'},31,{6},5.0
2e69eb7f,2e69eb7fc,2020-11-05,16,{'JAM'},{'JAM_HEAVY_TRAFFIC'},30,{6},5.0
2e69eb7f,2e69eb7fc,2020-11-07,10,{'JAM'},"{'JAM_MODERATE_TRAFFIC', 'JAM_HEAVY_TRAFFIC'}",30,{6},5.0
2e69eb7f,2e69eb7fc,2020-11-07,17,{'JAM'},"{'JAM_STAND_STILL_TRAFFIC', 'JAM_HEAVY_TRAFFIC'}",57,"{6, 7}",5.0
2e69eb7f,2e69eb7fc,2020-11-08,13,{'WEATHERHAZARD'},{'HAZARD_ON_ROAD_OBJECT'},61,{6},5.0
2e69eb7f,2e69eb7fc,2020-11-09,8,{'JAM'},{'JAM_HEAVY_TRAFFIC'},23,{6},5.0
2e69eb7f,2e69eb7fc,2020-11-09,14,{'JAM'},{'JAM_HEAVY_TRAFFIC'},31,{6},5.0
2e69eb7f,2e69eb7fc,2020-11-10,16,{'JAM'},{'JAM_STAND_STILL_TRAFFIC'},35,{6},5.428571428571429
2e69eb7f,2e69eb7fc,2020-11-11,17,{'JAM'},{'JAM_HEAVY_TRAFFIC'},63,{7},6.746031746031746
2e69eb7f,2e69eb7fc,2020-11-12,17,{'JAM'},{'JAM_STAND_STILL_TRAFFIC'},30,{6},5.0
2e69eb7f,2e69eb7fc,2020-11-12,20,{'JAM'},{'JAM_STAND_STILL_TRAFFIC'},27,{6},5.0
2e69eb7f,2e69eb7fc,2020-11-14,12,{'JAM'},{'JAM_STAND_STILL_TRAFFIC'},32,{6},5.0
2e69eb7f,2e69eb7fc,2020-11-14,15,{'JAM'},{'JAM_STAND_STILL_TRAFFIC'},31,{6},5.0
2e69eb7f,2e69eb7fc,2020-11-14,19,{'JAM'},{'JAM_HEAVY_TRAFFIC'},15,{6},5.0
2e69eb7f,2e69eb7fc,2020-11-16,20,{'JAM'},{'JAM_STAND_STILL_TRAFFIC'},27,{6},5.0
2e69eb7f,2e69eb7fc,2020-11-20,18,{'JAM'},{'JAM_STAND_STILL_TRAFFIC'},31,{6},5.967741935483871
2e69eb7f,2e69eb7fc,2020-11-21,11,{'JAM'},{'JAM_STAND_STILL_TRAFFIC'},21,{7},5.9523809523809526
2e69eb81,2e69eb804,2020-09-12,12,{'JAM'},{'JAM_STAND_STILL_TRAFFIC'},22,{7},5.0
2e69eb81,2e69eb804,2020-10-10,17,{'JAM'},{'JAM_HEAVY_TRAFFIC'},29,{7},5.0
2e69eb81,2e69eb804,2020-10-23,17,{'JAM'},{'JAM_STAND_STILL_TRAFFIC'},28,{7},5.642857142857143
2e69eb81,2e69eb804,2020-10-26,18,{'JAM'},{'JAM_HEAVY_TRAFFIC'},11,{7},5.0
2e69eb81,2e69eb804,2020-10-27,18,{'JAM'},{'JAM_STAND_STILL_TRAFFIC'},33,{7},5.0
2e69eb81,2e69eb804,2020-11-07,10,{'JAM'},{'JAM_HEAVY_TRAFFIC'},37,{7},5.4324324324324325
2e69eb81,2e69eb80c,2020-10-03,16,{'JAM'},{'JAM_HEAVY_TRAFFIC'},15,{7},5.0
2e69eb81,2e69eb80c,2020-10-09,6,{'WEATHERHAZARD'},{'HAZARD_ON_ROAD_CAR_STOPPED'},32,{7},5.0
2e69eb81,2e69eb80c,2020-10-09,9,"{'JAM', 'WEATHERHAZARD'}","{'HAZARD_ON_ROAD_CAR_STOPPED', 'JAM_HEAVY_TRAFFIC'}",61,{7},5.0
2e69eb81,2e69eb80c,2020-10-09,11,{'WEATHERHAZARD'},{'HAZARD_ON_ROAD_CAR_STOPPED'},43,{7},6.511627906976744
2e69eb81,2e69eb80c,2020-10-25,20,{'JAM'},{'JAM_STAND_STILL_TRAFFIC'},5,{7},5.0
2e69eb81,2e69eb80c,2020-11-21,11,{'JAM'},{'JAM_HEAVY_TRAFFIC'},25,{7},5.0
2e69eb85,2e69eb844,2020-09-21,19,{'JAM'},{'JAM'},32,{22},5.0
2e69eb85,2e69eb854,2020-09-20,20,{'ACCIDENT'},{'ACCIDENT'},121,{22},6.0
2e69eb87,2e69eb864,2020-11-18,12,{'JAM'},{'JAM'},31,{1},5.0
2e69eb87,2e69eb874,2020-09-01,9,{'WEATHERHAZARD'},{'HAZARD_ON_ROAD_CAR_STOPPED'},32,{7},5.0
2e69eb87,2e69eb874,2020-10-08,17,{'JAM'},{'JAM_HEAVY_TRAFFIC'},30,{7},5.0
2e69eb87,2e69eb874,2020-10-08,19,{'JAM'},{'JAM_STAND_STILL_TRAFFIC'},31,{7},5.0
2e69eb87,2e69eb874,2020-10-09,18,{'JAM'},{'JAM_MODERATE_TRAFFIC'},15,{7},5.0
2e69eb87,2e69eb87c,2020-10-14,18,{'JAM'},{'JAM_HEAVY_TRAFFIC'},7,{7},5.0
2e69eb87,2e69eb87c,2020-11-06,19,{'JAM'},{'JAM_STAND_STILL_TRAFFIC'},33,{22},5.0
2e69eb89,2e69eb88c,2020-10-29,18,{'JAM'},{'JAM_MODERATE_TRAFFIC'},30,{2},5.0
2e69eb89,2e69eb89c,2020-09-01,19,{'JAM'},{'JAM_HEAVY_TRAFFIC'},30,{22},5.0
2e69eb8b,2e69eb8ac,2020-11-12,10,{'JAM'},{'JAM'},7,{2},5.0
2e69eb8d,2e69eb8dc,2020-10-09,16,{'JAM'},{'JAM'},31,{22},5.0
2e69eb8f,2e69eb8f4,2020-10-19,9,{'JAM'},{'JAM_HEAVY_TRAFFIC'},30,{22},5.0
2e69eb8f,2e69eb8f4,2020-10-31,15,{'JAM'},{'JAM_HEAVY_TRAFFIC'},24,{2},5.0
2e69eb8f,2e69eb8f4,2020-11-13,18,{'JAM'},{'JAM_MODERATE_TRAFFIC'},31,{2},5.0
2e69eb8f,2e69eb8fc,2020-10-03,13,{'JAM'},{'JAM_HEAVY_TRAFFIC'},31,{2},5.967741935483871
2e69eb8f,2e69eb8fc,2020-10-21,18,{'JAM'},{'JAM'},30,{22},5.0
2e69eb8f,2e69eb8fc,2020-10-31,15,{'JAM'},{'JAM_MODERATE_TRAFFIC'},15,{2},5.0
2e69eb91,2e69eb904,2020-09-26,17,{'JAM'},{'JAM_HEAVY_TRAFFIC'},30,{2},5.0
2e69eb91,2e69eb904,2020-10-28,15,{'JAM'},{'JAM_MODERATE_TRAFFIC'},28,{2},5.0
2e69eb91,2e69eb904,2020-10-31,15,{'JAM'},{'JAM_MODERATE_TRAFFIC'},30,{2},5.0
2e69eb91,2e69eb904,2020-11-05,18,{'JAM'},{'JAM_MODERATE_TRAFFIC'},30,{2},5.0
2e69eb91,2e69eb90c,2020-10-17,11,{'JAM'},"{'JAM_STAND_STILL_TRAFFIC', 'JAM_HEAVY_TRAFFIC'}",62,{2},5.0
2e69eb93,2e69eb92c,2020-09-30,21,{'JAM'},{'JAM_MODERATE_TRAFFIC'},7,{2},5.0
2e69eb95,2e69eb944,2020-10-31,17,{'JAM'},{'JAM'},32,{22},5.0
2e69eb97,2e69eb974,2020-09-26,17,{'JAM'},{'JAM_HEAVY_TRAFFIC'},32,{2},5.0
2e69eb97,2e69eb974,2020-10-19,17,{'JAM'},{'JAM_MODERATE_TRAFFIC'},31,{2},5.0
2e69eb97,2e69eb974,2020-11-08,10,{'JAM'},{'JAM_MODERATE_TRAFFIC'},31,{2},5.0
2e69eb97,2e69eb974,2020-11-19,10,{'JAM'},{'JAM'},30,{1},5.0
2e69eb99,2e69eb98c,2020-09-10,18,{'JAM'},{'JAM_MODERATE_TRAFFIC'},14,{1},5.0
2e69eb9b,2e69eb9a4,2020-09-06,18,"{'WEATHERHAZARD', 'ACCIDENT'}","{'WEATHERHAZARD', 'ACCIDENT'}",153,{1},5.0
2e69eb9d,2e69eb9dc,2020-09-03,6,"{'JAM', 'WEATHERHAZARD', 'ACCIDENT'}","{'HAZARD_ON_ROAD_OBJECT', 'HAZARD_ON_SHOULDER_CAR_STOPPED', 'JAM_HEAVY_TRAFFIC', 'ACCIDENT_MINOR'}",242,{6},6.169421487603306
2e69eb9d,2e69eb9dc,2020-09-22,18,{'JAM'},{'JAM_HEAVY_TRAFFIC'},19,{6},5.0
2e69eb9d,2e69eb9dc,2020-09-24,8,{'JAM'},{'JAM_HEAVY_TRAFFIC'},32,{6},5.0
2e69eb9d,2e69eb9dc,2020-09-24,9,{'JAM'},{'JAM_HEAVY_TRAFFIC'},30,{6},6.766666666666667
2e69eb9d,2e69eb9dc,2020-10-08,17,{'JAM'},{'JAM_STAND_STILL_TRAFFIC'},32,{6},7.5625
2e69eb9d,2e69eb9dc,2020-11-05,7,{'JAM'},{'JAM_STAND_STILL_TRAFFIC'},31,{6},5.0
2e69eb9f,2e69eb9e4,2020-09-03,6,{'ACCIDENT'},{'ACCIDENT_MINOR'},2,{6},5.0
2e69eb9f,2e69eb9e4,2020-09-24,9,{'JAM'},{'JAM_HEAVY_TRAFFIC'},3,{6},5.0
2e69eb9f,2e69eb9e4,2020-10-03,14,{'JAM'},{'JAM_STAND_STILL_TRAFFIC'},25,{6},5.0
2e69eb9f,2e69eb9e4,2020-10-08,17,{'JAM'},{'JAM_STAND_STILL_TRAFFIC'},32,{6},5.0
2e69eb9f,2e69eb9e4,2020-10-21,8,{'JAM'},{'JAM_HEAVY_TRAFFIC'},32,{6},5.0
2e69eb9f,2e69eb9e4,2020-11-05,7,{'JAM'},{'JAM_MODERATE_TRAFFIC'},29,{6},5.0
2e69eb9f,2e69eb9fc,2020-10-09,18,{'JAM'},{'JAM_STAND_STILL_TRAFFIC'},32,{6},5.3125
2e69eb9f,2e69eb9fc,2020-11-01,11,{'JAM'},{'JAM_MODERATE_TRAFFIC'},26,{6},5.0
2e69eb9f,2e69eb9fc,2020-11-05,7,{'JAM'},{'JAM_MODERATE_TRAFFIC'},6,{6},5.0
2e69eb9f,2e69eb9fc,2020-11-21,15,{'WEATHERHAZARD'},{'HAZARD_ON_SHOULDER_CAR_STOPPED'},19,{6},5.7368421052631575
2e69eba1,2e69eba04,2020-11-21,15,{'JAM'},{'JAM_MODERATE_TRAFFIC'},7,{6},5.0
2e69eba1,2e69eba14,2020-09-02,6,{'JAM'},{'JAM_STAND_STILL_TRAFFIC'},30,{6},5.0
2e69eba1,2e69eba14,2020-09-18,20,{'JAM'},{'JAM_STAND_STILL_TRAFFIC'},25,{6},5.0
2e69eba1,2e69eba14,2020-10-09,18,{'JAM'},{'JAM_STAND_STILL_TRAFFIC'},63,{6},5.0
2e69eba1,2e69eba14,2020-10-09,19,{'JAM'},{'JAM_STAND_STILL_TRAFFIC'},30,{6},6.466666666666667
2e69eba1,2e69eba14,2020-11-12,4,"{'JAM', 'ACCIDENT'}","{'JAM_STAND_STILL_TRAFFIC', 'ACCIDENT'}",140,{6},5.692857142857143
2e69eba1,2e69eba14,2020-11-13,16,{'JAM'},{'JAM_MODERATE_TRAFFIC'},7,{6},5.0
2e69eba1,2e69eba14,2020-11-17,19,{'JAM'},{'JAM_HEAVY_TRAFFIC'},31,{6},5.0
2e69eba1,2e69eba1c,2020-10-06,16,{'JAM'},{'JAM'},33,{1},5.0
2e69eba1,2e69eba1c,2020-10-09,18,{'JAM'},{'JAM_STAND_STILL_TRAFFIC'},34,{6},6.5588235294117645
2e69eba1,2e69eba1c,2020-11-17,20,{'ACCIDENT'},{'ACCIDENT_MAJOR'},79,{6},7.506329113924051
2e69eba3,2e69eba24,2020-09-09,12,{'ACCIDENT'},{'ACCIDENT_MINOR'},129,{1},5.0
2e69eba5,2e69eba44,2020-11-16,14,{'JAM'},{'JAM_MODERATE_TRAFFIC'},31,{1},5.0
2e69eba5,2e69eba5c,2020-10-28,5,{'JAM'},{'JAM'},32,{1},8.59375
2e69eba5,2e69eba5c,2020-11-18,14,{'WEATHERHAZARD'},{'HAZARD_ON_ROAD_CAR_STOPPED'},31,{7},5.0
2e69eba7,2e69eba64,2020-09-01,18,{'JAM'},{'JAM_MODERATE_TRAFFIC'},37,"{6, 7}",6.405405405405405
2e69eba7,2e69eba64,2020-09-04,17,{'JAM'},{'JAM_HEAVY_TRAFFIC'},30,{6},5.0
2e69eba7,2e69eba64,2020-09-11,18,{'JAM'},{'JAM_HEAVY_TRAFFIC'},31,{6},6.0
2e69eba7,2e69eba64,2020-09-12,16,{'JAM'},{'JAM_MODERATE_TRAFFIC'},31,{7},5.0
2e69eba7,2e69eba64,2020-09-14,19,{'JAM'},{'JAM_STAND_STILL_TRAFFIC'},32,{6},6.0
2e69eba7,2e69eba64,2020-09-19,2,{'JAM'},{'JAM_STAND_STILL_TRAFFIC'},6,{6},5.0
2e69eba7,2e69eba64,2020-09-21,20,{'WEATHERHAZARD'},{'HAZARD_WEATHER_FLOOD'},37,{6},6.243243243243243
2e69eba7,2e69eba64,2020-10-03,17,{'JAM'},{'JAM_STAND_STILL_TRAFFIC'},31,{6},5.0
2e69eba7,2e69eba64,2020-10-07,6,{'JAM'},{'JAM_HEAVY_TRAFFIC'},31,{6},5.0
2e69eba7,2e69eba64,2020-10-07,7,{'JAM'},{'JAM'},31,{6},5.903225806451613
2e69eba7,2e69eba64,2020-10-09,18,{'JAM'},{'JAM_STAND_STILL_TRAFFIC'},31,{6},5.0
2e69eba7,2e69eba64,2020-10-10,17,{'JAM'},{'JAM_STAND_STILL_TRAFFIC'},32,{6},5.0
2e69eba7,2e69eba64,2020-10-10,19,{'JAM'},{'JAM_STAND_STILL_TRAFFIC'},32,{6},5.0
2e69eba7,2e69eba64,2020-10-16,16,{'JAM'},{'JAM_MODERATE_TRAFFIC'},32,{6},5.0
2e69eba7,2e69eba64,2020-10-17,18,{'JAM'},{'JAM'},30,{6},5.0
2e69eba7,2e69eba64,2020-10-21,18,{'JAM'},{'JAM_HEAVY_TRAFFIC'},31,{6},5.0
2e69eba7,2e69eba64,2020-10-27,16,{'JAM'},{'JAM_MODERATE_TRAFFIC'},31,{6},5.967741935483871
2e69eba7,2e69eba64,2020-10-30,19,{'JAM'},{'JAM_HEAVY_TRAFFIC'},30,{6},5.0
2e69eba7,2e69eba64,2020-11-01,10,{'JAM'},{'JAM_MODERATE_TRAFFIC'},31,{6},5.0
2e69eba7,2e69eba64,2020-11-01,12,{'WEATHERHAZARD'},{'HAZARD_WEATHER_FOG'},30,{7},5.0
2e69eba7,2e69eba64,2020-11-02,17,{'JAM'},{'JAM_STAND_STILL_TRAFFIC'},35,{6},5.0
2e69eba7,2e69eba64,2020-11-04,16,{'JAM'},{'JAM_STAND_STILL_TRAFFIC'},32,{6},5.0
2e69eba7,2e69eba64,2020-11-06,19,{'JAM'},{'JAM_STAND_STILL_TRAFFIC'},30,{6},5.0
2e69eba7,2e69eba64,2020-11-07,17,{'JAM'},{'JAM_HEAVY_TRAFFIC'},32,{6},5.0
2e69eba7,2e69eba64,2020-11-09,18,{'JAM'},{'JAM_STAND_STILL_TRAFFIC'},30,{6},5.0
2e69eba7,2e69eba64,2020-11-17,20,{'JAM'},{'JAM_STAND_STILL_TRAFFIC'},42,{6},5.404761904761905
2e69eba7,2e69eba6c,2020-09-02,17,{'JAM'},{'JAM_STAND_STILL_TRAFFIC'},31,{6},5.0
2e69eba7,2e69eba6c,2020-09-25,17,{'JAM'},{'JAM_STAND_STILL_TRAFFIC'},10,{6},5.6
2e69eba7,2e69eba6c,2020-10-02,17,{'JAM'},{'JAM_HEAVY_TRAFFIC'},34,{6},5.970588235294118
2e69eba7,2e69eba6c,2020-10-03,15,{'JAM'},{'JAM_STAND_STILL_TRAFFIC'},30,{6},5.0
2e69eba7,2e69eba6c,2020-10-05,16,{'JAM'},{'JAM_MODERATE_TRAFFIC'},32,{6},5.0
2e69eba7,2e69eba6c,2020-10-09,17,{'JAM'},{'JAM_MODERATE_TRAFFIC'},48,{6},7.104166666666667
2e69eba7,2e69eba6c,2020-10-09,18,{'JAM'},{'JAM_STAND_STILL_TRAFFIC'},30,{6},6.2
2e69eba7,2e69eba6c,2020-10-27,17,{'JAM'},{'JAM_HEAVY_TRAFFIC'},32,{6},5.0
2e69eba7,2e69eba6c,2020-11-09,17,{'JAM'},{'JAM'},31,{6},5.0
2e69eba7,2e69eba6c,2020-11-10,16,{'JAM'},{'JAM_HEAVY_TRAFFIC'},48,{6},5.375
2e69eba7,2e69eba6c,2020-11-10,17,{'JAM'},"{'JAM_STAND_STILL_TRAFFIC', 'JAM_HEAVY_TRAFFIC'}",64,{6},5.0
2e69eba7,2e69eba6c,2020-11-10,18,{'JAM'},{'JAM_STAND_STILL_TRAFFIC'},30,{6},5.0
2e69eba7,2e69eba6c,2020-11-21,15,{'WEATHERHAZARD'},{'HAZARD_WEATHER_HAIL'},29,{6},5.793103448275862
2e69eba7,2e69eba74,2020-09-04,18,{'JAM'},{'JAM_HEAVY_TRAFFIC'},30,{6},5.0
2e69eba7,2e69eba74,2020-09-11,17,{'JAM'},{'JAM_STAND_STILL_TRAFFIC'},30,{6},5.0
2e69eba7,2e69eba74,2020-10-01,19,{'JAM'},{'JAM_MODERATE_TRAFFIC'},31,{6},5.0
2e69eba7,2e69eba74,2020-10-02,17,{'JAM'},{'JAM_STAND_STILL_TRAFFIC'},33,{6},5.0
2e69eba7,2e69eba74,2020-10-20,17,{'JAM'},{'JAM_HEAVY_TRAFFIC'},31,{6},5.741935483870968
2e69eba7,2e69eba74,2020-11-06,19,{'JAM'},{'JAM_STAND_STILL_TRAFFIC'},32,{6},5.0
2e69eba9,2e69eba84,2020-09-17,18,"{'JAM', 'ACCIDENT'}","{'JAM', 'ACCIDENT'}",152,{17},5.0
2e69eba9,2e69eba84,2020-09-23,9,{'ACCIDENT'},{'ACCIDENT_MINOR'},120,{1},5.841666666666667
2e69eba9,2e69eba8c,2020-09-01,17,{'JAM'},{'JAM_HEAVY_TRAFFIC'},17,{6},5.0
2e69eba9,2e69eba8c,2020-09-16,11,{'JAM'},{'JAM_MODERATE_TRAFFIC'},21,{6},5.0
2e69eba9,2e69eba8c,2020-09-27,19,{'JAM'},{'JAM_HEAVY_TRAFFIC'},30,{6},5.0
2e69eba9,2e69eba8c,2020-10-03,17,{'JAM'},{'JAM_STAND_STILL_TRAFFIC'},31,{6},5.0
2e69eba9,2e69eba8c,2020-10-04,20,{'JAM'},{'JAM_STAND_STILL_TRAFFIC'},30,{6},5.0
2e69eba9,2e69eba8c,2020-10-04,21,{'JAM'},{'JAM_HEAVY_TRAFFIC'},30,{6},5.0
2e69eba9,2e69eba8c,2020-10-16,15,{'JAM'},{'JAM_MODERATE_TRAFFIC'},6,{6},5.0
2e69eba9,2e69eba8c,2020-10-27,17,{'JAM'},{'JAM_STAND_STILL_TRAFFIC'},33,{6},5.0
2e69eba9,2e69eba8c,2020-10-28,16,{'JAM'},{'JAM_MODERATE_TRAFFIC'},26,{6},5.0
2e69eba9,2e69eba8c,2020-10-28,19,{'JAM'},{'JAM_STAND_STILL_TRAFFIC'},59,{6},8.711864406779661
2e69eba9,2e69eba8c,2020-11-03,12,{'JAM'},{'JAM_HEAVY_TRAFFIC'},18,{6},5.388888888888889
2e69eba9,2e69eba8c,2020-11-03,18,{'JAM'},{'JAM_STAND_STILL_TRAFFIC'},22,{6},5.545454545454546
2e69eba9,2e69eba8c,2020-11-06,19,{'JAM'},{'JAM'},31,{6},5.0
2e69eba9,2e69eba8c,2020-11-08,13,{'JAM'},{'JAM_STAND_STILL_TRAFFIC'},6,{6},5.166666666666667
2e69eba9,2e69eba8c,2020-11-12,8,{'JAM'},{'JAM_MODERATE_TRAFFIC'},6,{6},5.0
2e69eba9,2e69eba8c,2020-11-13,7,{'JAM'},{'JAM_STAND_STILL_TRAFFIC'},6,{6},5.0
2e69eba9,2e69eba8c,2020-11-21,15,{'JAM'},{'JAM_MODERATE_TRAFFIC'},31,{6},5.0
2e69eba9,2e69eba8c,2020-11-22,18,{'JAM'},{'JAM_STAND_STILL_TRAFFIC'},31,{6},5.0
2e69eba9,2e69eba94,2020-10-28,19,{'JAM'},{'JAM_STAND_STILL_TRAFFIC'},6,{6},7.0
2e69eba9,2e69eba94,2020-11-03,18,{'JAM'},{'JAM_STAND_STILL_TRAFFIC'},24,{6},8.125
2e69eba9,2e69eba9c,2020-11-13,10,{'WEATHERHAZARD'},{'HAZARD_ON_ROAD_CAR_STOPPED'},32,{1},5.0
2e69ebab,2e69ebabc,2020-11-17,21,{'JAM'},{'JAM_HEAVY_TRAFFIC'},31,{1},5.838709677419355
2e69ebad,2e69ebac4,2020-09-01,18,{'JAM'},{'JAM_MODERATE_TRAFFIC'},13,{6},5.0
2e69ebad,2e69ebac4,2020-09-27,18,{'JAM'},{'JAM_HEAVY_TRAFFIC'},30,{6},5.0
2e69ebad,2e69ebac4,2020-10-17,13,{'JAM'},{'JAM_HEAVY_TRAFFIC'},34,{6},5.970588235294118
2e69ebad,2e69ebacc,2020-10-06,9,{'JAM'},{'JAM_HEAVY_TRAFFIC'},6,{6},5.0
2e69ebad,2e69ebacc,2020-10-24,14,{'JAM'},{'JAM'},7,{6},5.0
2e69ebad,2e69ebacc,2020-11-22,5,{'WEATHERHAZARD'},{'HAZARD_ON_ROAD_CONSTRUCTION'},647,{1},5.346213292117465
2e69ebad,2e69ebadc,2020-11-01,19,{'JAM'},{'JAM'},32,{8},5.0
2e69ebb1,2e69ebb04,2020-10-30,5,{'JAM'},{'JAM'},32,{1},5.0
2e69ebb3,2e69ebb2c,2020-11-22,5,{'WEATHERHAZARD'},{'HAZARD_ON_ROAD_OBJECT'},61,{1},5.0
2e69ebb3,2e69ebb3c,2020-10-17,15,{'ACCIDENT'},{'ACCIDENT'},183,{1},5.240437158469946
2e69ebb7,2e69ebb64,2020-10-17,23,{'ACCIDENT'},{'ACCIDENT'},122,{1},5.0
2e69ebb7,2e69ebb6c,2020-10-25,20,{'JAM'},{'JAM'},33,{1},5.0
2e69ebb9,2e69ebb84,2020-09-14,22,"{'JAM', 'ACCIDENT'}","{'JAM', 'ACCIDENT'}",151,{1},5.0
2e69ebb9,2e69ebb8c,2020-09-30,7,{'JAM'},{'JAM'},30,{1},5.0
2e69ebb9,2e69ebb9c,2020-11-01,10,{'JAM'},{'JAM_MODERATE_TRAFFIC'},30,{1},5.0
2e69ebbb,2e69ebbb4,2020-09-01,18,{'JAM'},{'JAM_MODERATE_TRAFFIC'},32,{7},5.0
2e69ebbb,2e69ebbb4,2020-09-17,17,{'JAM'},{'JAM_HEAVY_TRAFFIC'},39,{7},5.410256410256411
2e69ebbb,2e69ebbb4,2020-10-11,19,{'JAM'},{'JAM_MODERATE_TRAFFIC'},33,{7},5.878787878787879
2e69ebbb,2e69ebbb4,2020-10-13,13,{'JAM'},{'JAM_STAND_STILL_TRAFFIC'},8,{7},5.0
2e69ebbb,2e69ebbb4,2020-11-01,17,{'JAM'},{'JAM_STAND_STILL_TRAFFIC'},14,{7},5.0
2e69ebbb,2e69ebbb4,2020-11-18,14,{'JAM'},{'JAM'},23,{7},5.0
2e69ebbd,2e69ebbc4,2020-09-21,17,{'JAM'},{'JAM_MODERATE_TRAFFIC'},6,{2},5.0
2e69ebbd,2e69ebbc4,2020-09-28,15,{'JAM'},{'JAM_MODERATE_TRAFFIC'},6,{7},5.0
2e69ebbd,2e69ebbc4,2020-11-18,14,{'JAM'},{'JAM'},6,{7},5.0
2e69ebbd,2e69ebbcc,2020-10-17,16,{'JAM'},{'JAM'},19,{1},5.0
2e69ebbd,2e69ebbcc,2020-11-13,18,{'JAM'},{'JAM_HEAVY_TRAFFIC'},18,{7},5.0
2e69ebbd,2e69ebbd4,2020-10-10,11,{'JAM'},{'JAM_MODERATE_TRAFFIC'},28,{2},5.0
2e69ebbd,2e69ebbd4,2020-11-07,11,{'WEATHERHAZARD'},{'WEATHERHAZARD'},31,{2},5.161290322580645
2e69ebbd,2e69ebbd4,2020-11-13,18,{'JAM'},{'JAM_MODERATE_TRAFFIC'},33,{2},5.0
2e69ebbd,2e69ebbdc,2020-10-30,22,{'JAM'},{'JAM'},31,{1},5.0
2e69ebbf,2e69ebbec,2020-09-26,15,{'JAM'},{'JAM_MODERATE_TRAFFIC'},6,{7},5.0
2e69ebbf,2e69ebbec,2020-11-12,12,{'JAM'},{'JAM_STAND_STILL_TRAFFIC'},32,{7},5.0
2e69ebbf,2e69ebbec,2020-11-18,14,{'WEATHERHAZARD'},{'HAZARD_ON_ROAD_CAR_STOPPED'},32,{7},5.0
2e69ebbf,2e69ebbfc,2020-10-07,17,{'JAM'},{'JAM_HEAVY_TRAFFIC'},32,{1},5.0
2e69ebc1,2e69ebc0c,2020-10-09,17,{'JAM'},{'JAM_HEAVY_TRAFFIC'},32,{1},5.0
2e69ebc1,2e69ebc0c,2020-10-23,18,{'JAM'},{'JAM_HEAVY_TRAFFIC'},6,{1},5.0
2e69ebc1,2e69ebc0c,2020-10-24,14,{'JAM'},{'JAM_MODERATE_TRAFFIC'},30,{7},5.0
2e69ebc1,2e69ebc0c,2020-11-03,17,{'WEATHERHAZARD'},{'HAZARD_WEATHER_FLOOD'},34,{7},5.0
2e69ebc1,2e69ebc0c,2020-11-04,10,{'JAM'},{'JAM_HEAVY_TRAFFIC'},30,{1},5.0
2e69ebc1,2e69ebc0c,2020-11-11,17,{'JAM'},{'JAM_HEAVY_TRAFFIC'},30,{7},5.533333333333333
2e69ebc1,2e69ebc0c,2020-11-18,13,{'JAM'},{'JAM'},5,{7},5.0
2e69ebc1,2e69ebc14,2020-09-24,18,"{'JAM', 'ACCIDENT'}","{'JAM_HEAVY_TRAFFIC', 'ACCIDENT_MAJOR'}",153,{7},7.803921568627451
2e69ebc1,2e69ebc14,2020-09-27,17,{'JAM'},{'JAM_HEAVY_TRAFFIC'},30,{7},5.0
2e69ebc1,2e69ebc14,2020-10-10,11,{'JAM'},{'JAM_HEAVY_TRAFFIC'},31,{7},5.0
2e69ebc1,2e69ebc14,2020-10-15,16,{'JAM'},{'JAM_HEAVY_TRAFFIC'},30,{7},5.0
2e69ebc1,2e69ebc14,2020-10-19,12,{'JAM'},{'JAM_STAND_STILL_TRAFFIC'},6,{7},5.0
2e69ebc1,2e69ebc14,2020-11-04,10,{'JAM'},{'JAM_MODERATE_TRAFFIC'},32,{7},5.0
2e69ebc1,2e69ebc1c,2020-09-03,17,{'JAM'},{'JAM_HEAVY_TRAFFIC'},31,{7},5.935483870967742
2e69ebc1,2e69ebc1c,2020-09-08,17,{'JAM'},{'JAM'},30,{2},5.0
2e69ebc1,2e69ebc1c,2020-09-15,17,{'JAM'},"{'JAM_MODERATE_TRAFFIC', 'JAM_HEAVY_TRAFFIC'}",64,"{2, 7}",5.0
2e69ebc1,2e69ebc1c,2020-09-19,13,{'JAM'},{'JAM_HEAVY_TRAFFIC'},31,{7},5.0
2e69ebc1,2e69ebc1c,2020-09-24,17,{'JAM'},{'JAM_STAND_STILL_TRAFFIC'},31,{7},5.0
2e69ebc1,2e69ebc1c,2020-09-26,16,{'JAM'},{'JAM_HEAVY_TRAFFIC'},31,{2},5.0
2e69ebc1,2e69ebc1c,2020-09-28,10,{'JAM'},{'JAM_HEAVY_TRAFFIC'},30,{7},5.0
2e69ebc1,2e69ebc1c,2020-10-06,17,{'JAM'},{'JAM_HEAVY_TRAFFIC'},32,{2},5.0
2e69ebc1,2e69ebc1c,2020-10-18,13,{'JAM'},{'JAM_HEAVY_TRAFFIC'},37,{7},5.405405405405405
2e69ebc1,2e69ebc1c,2020-10-28,13,{'JAM'},{'JAM_MODERATE_TRAFFIC'},33,{7},5.0
2e69ebc1,2e69ebc1c,2020-11-02,16,{'JAM'},{'JAM_MODERATE_TRAFFIC'},30,{2},5.0
2e69ebc1,2e69ebc1c,2020-11-04,10,{'JAM'},"{'JAM_MODERATE_TRAFFIC', 'JAM_HEAVY_TRAFFIC'}",63,"{2, 7}",5.0
2e69ebc1,2e69ebc1c,2020-11-04,12,{'JAM'},{'JAM_MODERATE_TRAFFIC'},33,{7},5.0
2e69ebc1,2e69ebc1c,2020-11-08,13,{'JAM'},{'JAM_HEAVY_TRAFFIC'},23,{2},5.0
2e69ebc1,2e69ebc1c,2020-11-19,17,{'JAM'},{'JAM_HEAVY_TRAFFIC'},30,{7},5.0
2e69ebc3,2e69ebc24,2020-09-26,17,{'JAM'},{'JAM_STAND_STILL_TRAFFIC'},30,{7},5.0
2e69ebc3,2e69ebc24,2020-10-01,17,{'JAM'},{'JAM_HEAVY_TRAFFIC'},9,{7},5.0
2e69ebc3,2e69ebc24,2020-10-03,12,{'JAM'},{'JAM_HEAVY_TRAFFIC'},16,{7},5.0
2e69ebc3,2e69ebc24,2020-10-17,16,{'JAM'},{'JAM_HEAVY_TRAFFIC'},16,{7},5.0
2e69ebc3,2e69ebc24,2020-10-20,14,{'JAM'},{'JAM_HEAVY_TRAFFIC'},31,{7},5.0
2e69ebc3,2e69ebc24,2020-10-28,11,{'JAM'},{'JAM_HEAVY_TRAFFIC'},30,{7},5.0
2e69ebc3,2e69ebc24,2020-10-28,17,{'JAM'},{'JAM_HEAVY_TRAFFIC'},30,{7},5.0
2e69ebc3,2e69ebc24,2020-11-04,12,{'JAM'},{'JAM_HEAVY_TRAFFIC'},30,{7},5.0
2e69ebc3,2e69ebc24,2020-11-07,19,{'JAM'},{'JAM_MODERATE_TRAFFIC'},30,{7},5.0
2e69ebc3,2e69ebc24,2020-11-19,19,{'JAM'},{'JAM_HEAVY_TRAFFIC'},30,{7},5.0
2e69ebc3,2e69ebc24,2020-11-21,12,{'JAM'},{'JAM_HEAVY_TRAFFIC'},5,{7},5.0
2e69ebc3,2e69ebc2c,2020-09-01,18,{'JAM'},{'JAM_HEAVY_TRAFFIC'},20,{7},5.0
2e69ebc3,2e69ebc2c,2020-09-02,14,{'JAM'},{'JAM_STAND_STILL_TRAFFIC'},33,{7},5.0
2e69ebc3,2e69ebc2c,2020-09-21,17,{'JAM'},"{'JAM_STAND_STILL_TRAFFIC', 'JAM_HEAVY_TRAFFIC'}",39,{7},5.0
2e69ebc3,2e69ebc2c,2020-09-24,17,{'JAM'},{'JAM_HEAVY_TRAFFIC'},33,{7},5.0
2e69ebc3,2e69ebc2c,2020-09-25,17,{'JAM'},{'JAM_STAND_STILL_TRAFFIC'},26,{7},5.0
2e69ebc3,2e69ebc2c,2020-09-27,11,{'JAM'},{'JAM_STAND_STILL_TRAFFIC'},20,{7},5.0
2e69ebc3,2e69ebc2c,2020-09-27,16,{'JAM'},{'JAM_STAND_STILL_TRAFFIC'},35,{7},5.457142857142857
2e69ebc3,2e69ebc2c,2020-09-29,17,{'JAM'},{'JAM_HEAVY_TRAFFIC'},7,{7},5.0
2e69ebc3,2e69ebc2c,2020-10-03,16,{'JAM'},{'JAM_STAND_STILL_TRAFFIC'},6,{7},5.0
2e69ebc3,2e69ebc2c,2020-10-03,17,{'JAM'},{'JAM_STAND_STILL_TRAFFIC'},32,{7},5.0
2e69ebc3,2e69ebc2c,2020-10-05,17,{'JAM'},{'JAM_HEAVY_TRAFFIC'},32,{7},5.0
2e69ebc3,2e69ebc2c,2020-10-10,13,{'JAM'},{'JAM_HEAVY_TRAFFIC'},25,{7},5.0
2e69ebc3,2e69ebc2c,2020-10-10,14,{'WEATHERHAZARD'},{'HAZARD_ON_ROAD_CONSTRUCTION'},5,{7},5.4
2e69ebc3,2e69ebc2c,2020-10-17,11,{'JAM'},{'JAM_STAND_STILL_TRAFFIC'},30,{7},5.0
2e69ebc3,2e69ebc2c,2020-10-17,17,{'JAM'},{'JAM_STAND_STILL_TRAFFIC'},17,{7},5.0
2e69ebc3,2e69ebc2c,2020-10-18,13,{'JAM'},{'JAM_HEAVY_TRAFFIC'},11,{7},5.0
2e69ebc3,2e69ebc2c,2020-10-20,17,{'JAM'},{'JAM_STAND_STILL_TRAFFIC'},31,{7},5.0
2e69ebc3,2e69ebc2c,2020-10-21,17,{'JAM'},{'JAM_STAND_STILL_TRAFFIC'},48,{7},5.0
2e69ebc3,2e69ebc2c,2020-10-22,21,{'WEATHERHAZARD'},{'WEATHERHAZARD'},30,{1},5.0
2e69ebc3,2e69ebc2c,2020-10-23,14,{'JAM'},{'JAM_HEAVY_TRAFFIC'},31,{7},5.0
2e69ebc3,2e69ebc2c,2020-10-24,14,{'JAM'},{'JAM_STAND_STILL_TRAFFIC'},31,{7},5.0
2e69ebc3,2e69ebc2c,2020-10-24,19,{'JAM'},{'JAM_STAND_STILL_TRAFFIC'},12,{7},5.0
2e69ebc3,2e69ebc2c,2020-10-25,15,{'JAM'},{'JAM_HEAVY_TRAFFIC'},8,{7},5.0
2e69ebc3,2e69ebc2c,2020-10-26,14,{'JAM'},{'JAM_STAND_STILL_TRAFFIC'},32,{7},5.0
2e69ebc3,2e69ebc2c,2020-10-28,17,{'JAM'},{'JAM_STAND_STILL_TRAFFIC'},54,{7},6.111111111111111
2e69ebc3,2e69ebc2c,2020-10-31,11,{'JAM'},{'JAM_STAND_STILL_TRAFFIC'},31,{7},5.0
2e69ebc3,2e69ebc2c,2020-10-31,13,{'JAM'},{'JAM_HEAVY_TRAFFIC'},6,{7},5.833333333333333
2e69ebc3,2e69ebc2c,2020-11-01,17,{'JAM'},{'JAM_HEAVY_TRAFFIC'},27,{7},5.0
2e69ebc3,2e69ebc2c,2020-11-03,18,{'JAM'},{'JAM_MODERATE_TRAFFIC'},20,{7},5.0
2e69ebc3,2e69ebc2c,2020-11-04,12,{'JAM'},{'JAM_HEAVY_TRAFFIC'},6,{7},6.0
2e69ebc3,2e69ebc2c,2020-11-04,16,{'JAM'},{'JAM_STAND_STILL_TRAFFIC'},31,{7},5.967741935483871
2e69ebc3,2e69ebc2c,2020-11-04,17,{'JAM'},{'JAM_STAND_STILL_TRAFFIC'},62,{7},5.0
2e69ebc3,2e69ebc2c,2020-11-04,18,{'JAM'},{'JAM'},30,{7},5.0
2e69ebc3,2e69ebc2c,2020-11-05,17,{'JAM'},{'JAM_STAND_STILL_TRAFFIC'},31,{7},5.0
2e69ebc3,2e69ebc2c,2020-11-06,17,{'JAM'},{'JAM_STAND_STILL_TRAFFIC'},39,{7},5.0
2e69ebc3,2e69ebc2c,2020-11-06,19,{'JAM'},{'JAM_STAND_STILL_TRAFFIC'},32,{7},5.0
2e69ebc3,2e69ebc2c,2020-11-06,20,{'JAM'},{'JAM_STAND_STILL_TRAFFIC'},55,{7},5.2727272727272725
2e69ebc3,2e69ebc2c,2020-11-09,18,{'JAM'},{'JAM_STAND_STILL_TRAFFIC'},32,{7},5.0
2e69ebc3,2e69ebc2c,2020-11-10,18,{'JAM'},{'JAM_HEAVY_TRAFFIC'},31,{7},9.935483870967742
2e69ebc3,2e69ebc2c,2020-11-10,19,{'JAM'},{'JAM_HEAVY_TRAFFIC'},92,{7},5.684782608695652
2e69ebc3,2e69ebc2c,2020-11-14,17,{'JAM'},{'JAM_STAND_STILL_TRAFFIC'},22,{7},5.0
2e69ebc3,2e69ebc2c,2020-11-18,13,{'WEATHERHAZARD'},{'HAZARD_ON_ROAD_CAR_STOPPED'},33,{7},6.424242424242424
2e69ebc3,2e69ebc2c,2020-11-19,17,{'JAM'},{'JAM_HEAVY_TRAFFIC'},23,{7},5.0
2e69ebc3,2e69ebc2c,2020-11-21,10,{'JAM'},{'JAM_HEAVY_TRAFFIC'},27,{7},5.0
2e69ebc3,2e69ebc2c,2020-11-21,12,{'JAM'},{'JAM_STAND_STILL_TRAFFIC'},9,{7},5.0
2e69ebc3,2e69ebc34,2020-09-02,22,{'ACCIDENT'},{'ACCIDENT_MAJOR'},121,{1},5.0
2e69ebc3,2e69ebc34,2020-09-04,23,{'ACCIDENT'},{'ACCIDENT_MAJOR'},123,{1},5.0
2e69ebc3,2e69ebc34,2020-09-15,7,{'WEATHERHAZARD'},{'WEATHERHAZARD'},31,{1},5.0
2e69ebc3,2e69ebc34,2020-09-19,11,{'JAM'},{'JAM'},31,{1},5.0
2e69ebc3,2e69ebc34,2020-09-20,18,{'JAM'},{'JAM_STAND_STILL_TRAFFIC'},30,{1},5.0
2e69ebc3,2e69ebc3c,2020-09-03,17,{'JAM'},{'JAM_STAND_STILL_TRAFFIC'},32,{7},5.0
2e69ebc3,2e69ebc3c,2020-09-12,10,{'JAM'},{'JAM_HEAVY_TRAFFIC'},31,{7},5.0
2e69ebc3,2e69ebc3c,2020-09-15,17,{'JAM'},{'JAM_MODERATE_TRAFFIC'},8,{7},5.0
2e69ebc3,2e69ebc3c,2020-09-24,17,{'JAM'},"{'JAM_STAND_STILL_TRAFFIC', 'JAM_HEAVY_TRAFFIC'}",63,{7},5.507936507936508
2e69ebc3,2e69ebc3c,2020-09-26,18,{'JAM'},{'JAM_STAND_STILL_TRAFFIC'},62,{7},5.0
2e69ebc3,2e69ebc3c,2020-09-27,10,{'JAM'},{'JAM_MODERATE_TRAFFIC'},30,{7},5.0
2e69ebc3,2e69ebc3c,2020-10-01,17,{'JAM'},{'JAM_HEAVY_TRAFFIC'},30,{7},5.0
2e69ebc3,2e69ebc3c,2020-10-03,13,{'JAM'},{'JAM_STAND_STILL_TRAFFIC'},46,{20},5.391304347826087
2e69ebc3,2e69ebc3c,2020-10-03,20,{'JAM'},{'JAM_HEAVY_TRAFFIC'},33,{7},5.0
2e69ebc3,2e69ebc3c,2020-10-05,18,{'JAM'},{'JAM_HEAVY_TRAFFIC'},35,{7},5.0
2e69ebc3,2e69ebc3c,2020-10-08,16,{'JAM'},{'JAM_HEAVY_TRAFFIC'},30,{7},5.0
2e69ebc3,2e69ebc3c,2020-10-08,17,{'JAM'},{'JAM_STAND_STILL_TRAFFIC'},35,{7},5.0
2e69ebc3,2e69ebc3c,2020-10-10,17,{'JAM'},{'JAM_HEAVY_TRAFFIC'},32,{7},5.0
2e69ebc3,2e69ebc3c,2020-10-12,11,{'JAM'},{'JAM_HEAVY_TRAFFIC'},31,{7},5.0
2e69ebc3,2e69ebc3c,2020-10-14,19,{'JAM'},{'JAM_MODERATE_TRAFFIC'},8,{7},5.0
2e69ebc3,2e69ebc3c,2020-10-18,11,{'JAM'},{'JAM'},32,{7},5.0
2e69ebc3,2e69ebc3c,2020-10-18,17,{'JAM'},{'JAM_HEAVY_TRAFFIC'},32,{7},5.0
2e69ebc3,2e69ebc3c,2020-10-20,14,{'JAM'},{'JAM_HEAVY_TRAFFIC'},30,{7},5.0
2e69ebc3,2e69ebc3c,2020-10-20,17,{'JAM'},{'JAM_STAND_STILL_TRAFFIC'},29,{7},5.0
2e69ebc3,2e69ebc3c,2020-10-21,17,{'JAM'},{'JAM_HEAVY_TRAFFIC'},31,{7},5.0
2e69ebc3,2e69ebc3c,2020-10-22,14,{'JAM'},{'JAM_HEAVY_TRAFFIC'},32,{7},5.0
2e69ebc3,2e69ebc3c,2020-10-23,15,{'JAM'},{'JAM_MODERATE_TRAFFIC'},8,{7},5.0
2e69ebc3,2e69ebc3c,2020-10-25,12,{'JAM'},{'JAM_STAND_STILL_TRAFFIC'},35,{7},5.0
2e69ebc3,2e69ebc3c,2020-10-26,16,{'JAM'},{'JAM_HEAVY_TRAFFIC'},33,{7},5.0
2e69ebc3,2e69ebc3c,2020-11-03,18,{'JAM'},{'JAM_MODERATE_TRAFFIC'},78,{7},5.333333333333333
2e69ebc3,2e69ebc3c,2020-11-04,12,{'JAM'},{'JAM_MODERATE_TRAFFIC'},30,{7},5.0
2e69ebc3,2e69ebc3c,2020-11-06,17,{'JAM'},{'JAM_STAND_STILL_TRAFFIC'},15,{7},5.0
2e69ebc3,2e69ebc3c,2020-11-10,17,{'JAM'},{'JAM_HEAVY_TRAFFIC'},32,{7},5.0
2e69ebc3,2e69ebc3c,2020-11-18,13,{'WEATHERHAZARD'},{'HAZARD_ON_ROAD_CAR_STOPPED'},31,{7},5.935483870967742
2e69ebc5,2e69ebc44,2020-09-08,17,{'WEATHERHAZARD'},{'HAZARD_ON_ROAD_CONSTRUCTION'},122,{7},6.688524590163935
2e69ebc5,2e69ebc44,2020-09-24,17,{'JAM'},"{'JAM_STAND_STILL_TRAFFIC', 'JAM_MODERATE_TRAFFIC'}",40,{7},5.8
2e69ebc5,2e69ebc44,2020-11-11,18,{'JAM'},{'JAM_MODERATE_TRAFFIC'},33,{7},5.0
2e69ebc5,2e69ebc4c,2020-10-24,12,{'JAM'},{'JAM_HEAVY_TRAFFIC'},17,{7},5.0
2e69ebc7,2e69ebc7c,2020-09-22,17,{'JAM'},{'JAM'},7,{1},5.0
2e69ebc9,2e69ebc8c,2020-09-18,19,{'JAM'},{'JAM'},35,{1},5.0
2e69ebc9,2e69ebc9c,2020-09-03,21,{'JAM'},{'JAM'},31,{1},5.0
2e69ebcb,2e69ebcac,2020-09-16,11,{'JAM'},{'JAM'},30,{1},5.0
2e69ebcf,2e69ebce4,2020-10-11,15,{'ACCIDENT'},{'ACCIDENT_MAJOR'},112,{1},5.0
2e69ebd1,2e69ebd04,2020-11-05,18,{'JAM'},{'JAM_HEAVY_TRAFFIC'},32,{7},6.1875
2e69ebd1,2e69ebd1c,2020-10-29,5,{'WEATHERHAZARD'},{'WEATHERHAZARD'},31,{1},5.0
2e69ebd3,2e69ebd24,2020-09-11,17,{'JAM'},{'JAM_MODERATE_TRAFFIC'},32,{7},5.0
2e69ebd3,2e69ebd34,2020-11-01,9,"{'JAM', 'ACCIDENT'}","{'JAM_STAND_STILL_TRAFFIC', 'ACCIDENT'}",151,{1},5.0
2e69ebd3,2e69ebd34,2020-11-01,13,{'JAM'},{'JAM_MODERATE_TRAFFIC'},31,{1},5.0
2e69ebd3,2e69ebd34,2020-11-21,9,{'JAM'},{'JAM_STAND_STILL_TRAFFIC'},30,{1},5.0
2e69ebd5,2e69ebd44,2020-11-02,10,{'JAM'},{'JAM'},30,{1},5.0
2e69ebd5,2e69ebd44,2020-11-21,12,{'WEATHERHAZARD'},{'HAZARD_ON_ROAD_POT_HOLE'},301,{2},9.830564784053156
2e69ebd7,2e69ebd64,2020-09-19,9,{'WEATHERHAZARD'},{'HAZARD_ON_ROAD_CAR_STOPPED'},34,{2},5.0
2e69ebd7,2e69ebd64,2020-11-04,19,{'WEATHERHAZARD'},{'HAZARD_ON_ROAD_POT_HOLE'},723,{2},9.118948824343015
2e69ebd7,2e69ebd6c,2020-09-12,12,{'WEATHERHAZARD'},{'HAZARD_ON_ROAD_POT_HOLE'},121,{2},8.049586776859504
2e69ebd7,2e69ebd6c,2020-10-14,8,{'WEATHERHAZARD'},{'HAZARD_ON_ROAD_POT_HOLE'},334,{2},6.880239520958084
2e69ebd7,2e69ebd6c,2020-10-24,17,{'JAM'},{'JAM'},8,{2},5.625
2e69ebd7,2e69ebd74,2020-11-03,18,{'WEATHERHAZARD'},{'HAZARD_ON_ROAD_POT_HOLE'},1375,{2},9.448727272727274
2e69ebd7,2e69ebd7c,2020-09-08,5,{'WEATHERHAZARD'},{'HAZARD_ON_ROAD_POT_HOLE'},462,{2},7.677489177489178
2e69ebd7,2e69ebd7c,2020-10-14,8,{'WEATHERHAZARD'},{'HAZARD_ON_ROAD_POT_HOLE'},573,{2},8.886561954624781
2e69ebd7,2e69ebd7c,2020-11-01,16,{'JAM'},"{'JAM_STAND_STILL_TRAFFIC', 'JAM_HEAVY_TRAFFIC'}",64,{2},5.25
2e69ebd7,2e69ebd7c,2020-11-03,18,{'WEATHERHAZARD'},{'HAZARD_ON_ROAD_POT_HOLE'},215,{2},8.61860465116279
2e69ebd7,2e69ebd7c,2020-11-05,8,{'JAM'},{'JAM_STAND_STILL_TRAFFIC'},30,{2},5.0
2e69ebd7,2e69ebd7c,2020-11-05,9,{'JAM'},{'JAM_STAND_STILL_TRAFFIC'},29,{2},5.0
2e69ebd7,2e69ebd7c,2020-11-06,14,{'JAM'},{'JAM_HEAVY_TRAFFIC'},35,{2},5.0
2e69ebd7,2e69ebd7c,2020-11-19,9,{'JAM'},{'JAM_HEAVY_TRAFFIC'},33,{2},5.96969696969697
2e69ebd7,2e69ebd7c,2020-11-20,7,{'JAM'},{'JAM_HEAVY_TRAFFIC'},7,{2},5.0
2e69ebd7,2e69ebd7c,2020-11-21,11,{'JAM'},"{'JAM_STAND_STILL_TRAFFIC', 'JAM_HEAVY_TRAFFIC'}",12,{2},5.583333333333333
2e69ebd7,2e69ebd7c,2020-11-21,12,{'WEATHERHAZARD'},{'HAZARD_ON_ROAD_POT_HOLE'},99,{2},9.696969696969697
2e69ebd7,2e69ebd7c,2020-11-22,10,{'JAM'},{'JAM_STAND_STILL_TRAFFIC'},5,{2},5.0
2e69ebd7,2e69ebd7c,2020-11-22,12,{'JAM'},{'JAM_HEAVY_TRAFFIC'},28,{2},5.0
2e69ebd7,2e69ebd7c,2020-11-22,17,{'JAM'},{'JAM_HEAVY_TRAFFIC'},30,{2},5.0
2e69ebd9,2e69ebd84,2020-10-02,17,"{'JAM', 'WEATHERHAZARD'}","{'JAM_STAND_STILL_TRAFFIC', 'HAZARD_ON_ROAD_POT_HOLE'}",196,{2},8.607142857142858
2e69ebd9,2e69ebd84,2020-10-02,18,{'WEATHERHAZARD'},{'HAZARD_ON_ROAD_POT_HOLE'},546,{2},8.001831501831502
2e69ebd9,2e69ebd84,2020-10-07,9,{'WEATHERHAZARD'},{'HAZARD_ON_ROAD_POT_HOLE'},464,{2},7.241379310344827
2e69ebd9,2e69ebd84,2020-10-10,10,{'WEATHERHAZARD'},{'HAZARD_ON_ROAD_POT_HOLE'},88,{2},5.181818181818182
2e69ebd9,2e69ebd84,2020-10-14,8,{'WEATHERHAZARD'},{'HAZARD_ON_ROAD_POT_HOLE'},517,{2},6.3152804642166345
2e69ebd9,2e69ebd84,2020-10-14,11,{'WEATHERHAZARD'},{'HAZARD_ON_ROAD_POT_HOLE'},329,{2},7.069908814589666
2e69ebd9,2e69ebd84,2020-10-18,18,{'JAM'},{'JAM_HEAVY_TRAFFIC'},32,{2},5.53125
2e69ebd9,2e69ebd84,2020-10-31,13,{'JAM'},{'JAM_STAND_STILL_TRAFFIC'},31,{2},5.0
2e69ebd9,2e69ebd84,2020-10-31,17,{'JAM'},{'JAM_HEAVY_TRAFFIC'},31,{2},5.0
2e69ebd9,2e69ebd84,2020-10-31,19,{'JAM'},{'JAM_STAND_STILL_TRAFFIC'},33,{2},5.0
2e69ebd9,2e69ebd84,2020-10-31,20,{'JAM'},{'JAM_HEAVY_TRAFFIC'},31,{2},5.0
2e69ebd9,2e69ebd84,2020-11-03,18,{'WEATHERHAZARD'},{'HAZARD_ON_ROAD_CONSTRUCTION'},13,{2},8.615384615384615
2e69ebd9,2e69ebd84,2020-11-05,17,{'JAM'},{'JAM_HEAVY_TRAFFIC'},31,{2},5.0
2e69ebd9,2e69ebd84,2020-11-05,18,"{'JAM', 'WEATHERHAZARD'}","{'JAM_STAND_STILL_TRAFFIC', 'HAZARD_ON_ROAD_POT_HOLE'}",453,{2},9.229580573951434
2e69ebd9,2e69ebd84,2020-11-06,14,{'WEATHERHAZARD'},{'HAZARD_ON_ROAD_CONSTRUCTION'},65,{2},7.6461538461538465
2e69ebd9,2e69ebd84,2020-11-06,17,{'JAM'},{'JAM_STAND_STILL_TRAFFIC'},12,{2},5.0
2e69ebd9,2e69ebd84,2020-11-07,10,{'JAM'},{'JAM_STAND_STILL_TRAFFIC'},32,{2},5.0
2e69ebd9,2e69ebd84,2020-11-07,11,{'WEATHERHAZARD'},{'HAZARD_ON_ROAD_POT_HOLE'},89,{2},8.9438202247191
2e69ebd9,2e69ebd84,2020-11-09,16,"{'JAM', 'WEATHERHAZARD'}","{'HAZARD_ON_ROAD_CONSTRUCTION', 'JAM_MODERATE_TRAFFIC'}",733,{2},9.497953615279673
2e69ebd9,2e69ebd84,2020-11-10,20,{'WEATHERHAZARD'},{'HAZARD_ON_ROAD_POT_HOLE'},1034,{2},9.04642166344294
2e69ebd9,2e69ebd84,2020-11-12,17,{'WEATHERHAZARD'},{'HAZARD_ON_ROAD_POT_HOLE'},111,{2},8.864864864864865
2e69ebd9,2e69ebd84,2020-11-18,13,{'JAM'},{'JAM_HEAVY_TRAFFIC'},16,{2},5.0
2e69ebd9,2e69ebd84,2020-11-19,11,{'JAM'},{'JAM_STAND_STILL_TRAFFIC'},26,{2},5.0
2e69ebd9,2e69ebd84,2020-11-20,7,{'JAM'},{'JAM_HEAVY_TRAFFIC'},21,{2},5.0
2e69ebd9,2e69ebd84,2020-11-20,16,{'WEATHERHAZARD'},{'HAZARD_ON_ROAD_CONSTRUCTION'},791,{2},8.830594184576485
2e69ebd9,2e69ebd84,2020-11-21,11,{'WEATHERHAZARD'},{'HAZARD_ON_ROAD_POT_HOLE'},291,{2},9.742268041237113
2e69ebd9,2e69ebd84,2020-11-21,15,{'JAM'},{'JAM_HEAVY_TRAFFIC'},31,{2},5.0
2e69ebd9,2e69ebd84,2020-11-21,16,{'JAM'},{'JAM_HEAVY_TRAFFIC'},30,{2},5.0
2e69ebd9,2e69ebd84,2020-11-21,17,{'JAM'},{'JAM_STAND_STILL_TRAFFIC'},50,{2},5.0
2e69ebd9,2e69ebd84,2020-11-21,18,{'JAM'},{'JAM_HEAVY_TRAFFIC'},19,{2},5.0
2e69ebd9,2e69ebd84,2020-11-22,10,{'JAM'},{'JAM_MODERATE_TRAFFIC'},31,{2},5.0
2e69ebd9,2e69ebd84,2020-11-22,13,{'JAM'},{'JAM_HEAVY_TRAFFIC'},7,{2},5.0
2e69ebd9,2e69ebd8c,2020-09-14,19,{'JAM'},{'JAM_STAND_STILL_TRAFFIC'},5,{7},5.0
2e69ebd9,2e69ebd8c,2020-11-19,8,{'JAM'},{'JAM_STAND_STILL_TRAFFIC'},27,{7},6.0
2e69ebd9,2e69ebd94,2020-09-28,11,"{'JAM', 'ACCIDENT'}","{'JAM_MODERATE_TRAFFIC', 'ACCIDENT'}",154,{8},5.0
2e69ebdf,2e69ebde4,2020-11-15,21,{'WEATHERHAZARD'},{'HAZARD_WEATHER_FOG'},31,{1},5.0
2e69ebdf,2e69ebdf4,2020-09-04,15,{'WEATHERHAZARD'},{'HAZARD_ON_ROAD_CONSTRUCTION'},52,{7},5.230769230769231
2e69ebdf,2e69ebdf4,2020-09-07,14,{'WEATHERHAZARD'},{'HAZARD_ON_ROAD_CONSTRUCTION'},38,{7},6.2894736842105265
2e69ebdf,2e69ebdf4,2020-09-07,22,{'WEATHERHAZARD'},{'HAZARD_ON_ROAD_CONSTRUCTION'},120,{7},6.45
2e69ebdf,2e69ebdf4,2020-09-12,11,{'JAM'},{'JAM_HEAVY_TRAFFIC'},30,{7},5.0
2e69ebdf,2e69ebdf4,2020-09-23,17,{'JAM'},{'JAM_STAND_STILL_TRAFFIC'},31,{7},5.0
2e69ebdf,2e69ebdf4,2020-10-02,20,{'JAM'},{'JAM'},30,{7},5.0
2e69ebdf,2e69ebdf4,2020-10-27,17,{'JAM'},"{'JAM_MODERATE_TRAFFIC', 'JAM_HEAVY_TRAFFIC'}",75,{7},5.213333333333333
2e69ebdf,2e69ebdf4,2020-10-28,16,{'JAM'},{'JAM_STAND_STILL_TRAFFIC'},32,{7},5.0
2e69ebdf,2e69ebdf4,2020-11-01,16,{'JAM'},{'JAM_HEAVY_TRAFFIC'},35,{7},5.0
2e69ebdf,2e69ebdf4,2020-11-05,8,{'JAM'},{'JAM_STAND_STILL_TRAFFIC'},29,{7},5.0
2e69ebdf,2e69ebdf4,2020-11-22,15,{'JAM'},{'JAM_MODERATE_TRAFFIC'},29,{7},5.0
2e69ebdf,2e69ebdfc,2020-09-04,14,{'WEATHERHAZARD'},{'HAZARD_ON_ROAD_CAR_STOPPED'},34,{7},5.647058823529412
2e69ebdf,2e69ebdfc,2020-09-12,11,{'JAM'},{'JAM_MODERATE_TRAFFIC'},25,{7},5.0
2e69ebdf,2e69ebdfc,2020-10-08,16,{'JAM'},{'JAM_STAND_STILL_TRAFFIC'},32,{7},5.0
2e69ebdf,2e69ebdfc,2020-10-15,15,{'JAM'},{'JAM_HEAVY_TRAFFIC'},16,{7},5.0
2e69ebdf,2e69ebdfc,2020-10-24,18,{'WEATHERHAZARD'},{'HAZARD_WEATHER_FLOOD'},31,{7},6.258064516129032
2e69ebdf,2e69ebdfc,2020-10-26,17,{'JAM'},{'JAM_STAND_STILL_TRAFFIC'},56,{7},5.0
2e69ebdf,2e69ebdfc,2020-10-27,17,{'JAM'},{'JAM_HEAVY_TRAFFIC'},33,{7},8.878787878787879
2e69ebdf,2e69ebdfc,2020-11-11,8,{'JAM'},{'JAM_STAND_STILL_TRAFFIC'},6,{7},5.0
2e69ebdf,2e69ebdfc,2020-11-19,8,{'JAM'},{'JAM_STAND_STILL_TRAFFIC'},31,{7},5.774193548387097
2e69ebdf,2e69ebdfc,2020-11-21,15,{'JAM'},{'JAM_STAND_STILL_TRAFFIC'},30,{7},5.266666666666667
2e69ebe1,2e69ebe04,2020-09-08,19,{'JAM'},{'JAM_STAND_STILL_TRAFFIC'},6,{7},5.0
2e69ebe1,2e69ebe04,2020-09-17,21,{'JAM'},{'JAM_HEAVY_TRAFFIC'},33,{7},5.0
2e69ebe1,2e69ebe04,2020-09-20,11,{'JAM'},{'JAM'},30,{7},5.0
2e69ebe1,2e69ebe04,2020-09-21,16,{'JAM'},{'JAM'},31,{7},5.0
2e69ebe1,2e69ebe04,2020-10-11,16,{'JAM'},{'JAM_STAND_STILL_TRAFFIC'},21,{7},5.0
2e69ebe1,2e69ebe04,2020-10-17,15,{'JAM'},{'JAM_STAND_STILL_TRAFFIC'},29,{7},5.0
2e69ebe1,2e69ebe04,2020-10-21,19,{'JAM'},{'JAM_HEAVY_TRAFFIC'},30,{7},5.0
2e69ebe1,2e69ebe04,2020-10-24,22,{'JAM'},{'JAM_STAND_STILL_TRAFFIC'},35,{7},5.0
2e69ebe1,2e69ebe04,2020-10-27,7,{'JAM'},{'JAM_STAND_STILL_TRAFFIC'},31,{7},5.0
2e69ebe1,2e69ebe04,2020-10-27,18,{'JAM'},{'JAM_MODERATE_TRAFFIC'},31,{7},5.0
2e69ebe1,2e69ebe04,2020-10-29,19,{'JAM'},{'JAM_STAND_STILL_TRAFFIC'},69,{7},5.0
2e69ebe1,2e69ebe04,2020-11-04,13,{'JAM'},{'JAM_HEAVY_TRAFFIC'},6,{7},5.833333333333333
2e69ebe1,2e69ebe04,2020-11-12,7,{'JAM'},{'JAM_STAND_STILL_TRAFFIC'},31,{7},6.32258064516129
2e69ebe1,2e69ebe04,2020-11-18,13,{'JAM'},{'JAM'},13,{7},5.3076923076923075
2e69ebe1,2e69ebe04,2020-11-19,7,{'JAM'},"{'JAM_STAND_STILL_TRAFFIC', 'JAM_HEAVY_TRAFFIC'}",61,{7},5.245901639344262
2e69ebe1,2e69ebe04,2020-11-19,9,{'JAM'},{'JAM_STAND_STILL_TRAFFIC'},16,{7},5.0
2e69ebe1,2e69ebe04,2020-11-21,15,{'JAM'},{'JAM_STAND_STILL_TRAFFIC'},31,{7},5.0
2e69ebe1,2e69ebe0c,2020-09-09,17,{'JAM'},{'JAM_HEAVY_TRAFFIC'},14,{7},5.0
2e69ebe1,2e69ebe0c,2020-09-23,18,{'JAM'},{'JAM_MODERATE_TRAFFIC'},31,{7},5.0
2e69ebe1,2e69ebe0c,2020-10-07,18,{'JAM'},{'JAM_STAND_STILL_TRAFFIC'},31,{7},5.0
2e69ebe1,2e69ebe0c,2020-10-09,13,{'JAM'},{'JAM_STAND_STILL_TRAFFIC'},29,{7},5.0
2e69ebe1,2e69ebe0c,2020-11-06,17,{'JAM'},{'JAM_HEAVY_TRAFFIC'},10,{7},5.0
2e69ebe1,2e69ebe0c,2020-11-06,18,{'JAM'},{'JAM_HEAVY_TRAFFIC'},17,{7},5.0
2e69ebe1,2e69ebe0c,2020-11-07,12,{'JAM'},{'JAM_HEAVY_TRAFFIC'},31,{7},5.0
2e69ebe1,2e69ebe0c,2020-11-19,8,{'JAM'},{'JAM_STAND_STILL_TRAFFIC'},30,{7},5.5
2e69ebe1,2e69ebe14,2020-11-19,7,{'JAM'},"{'JAM', 'JAM_STAND_STILL_TRAFFIC'}",20,{7},5.05
2e69ebe1,2e69ebe1c,2020-09-25,8,{'JAM'},{'JAM'},30,{1},5.0
2e69ebe1,2e69ebe1c,2020-10-19,21,{'WEATHERHAZARD'},{'HAZARD_ON_SHOULDER_ANIMALS'},31,{7},5.516129032258065
2e69ebe1,2e69ebe1c,2020-10-31,19,{'JAM'},{'JAM_HEAVY_TRAFFIC'},29,{7},5.0
2e69ebe1,2e69ebe1c,2020-11-03,22,{'JAM'},{'JAM_HEAVY_TRAFFIC'},32,{7},5.0
2e69ebe1,2e69ebe1c,2020-11-18,13,{'WEATHERHAZARD'},{'HAZARD_ON_ROAD_CAR_STOPPED'},30,{7},6.766666666666667
2e69ebe1,2e69ebe1c,2020-11-19,8,{'JAM'},{'JAM_STAND_STILL_TRAFFIC'},39,{7},6.3076923076923075
2e69ebe3,2e69ebe34,2020-09-10,14,{'JAM'},{'JAM_MODERATE_TRAFFIC'},33,{20},5.0
2e69ebe3,2e69ebe34,2020-11-21,13,{'JAM'},{'JAM_STAND_STILL_TRAFFIC'},5,{7},5.0
2e69ebe3,2e69ebe3c,2020-09-08,19,{'JAM'},{'JAM'},34,{7},5.0
2e69ebe3,2e69ebe3c,2020-09-16,9,{'JAM'},{'JAM_HEAVY_TRAFFIC'},32,{7},5.0
2e69ebe3,2e69ebe3c,2020-09-23,17,{'JAM'},{'JAM_STAND_STILL_TRAFFIC'},30,{7},5.0
2e69ebe3,2e69ebe3c,2020-09-25,10,{'JAM'},{'JAM_MODERATE_TRAFFIC'},12,{7},5.0
2e69ebe3,2e69ebe3c,2020-10-05,10,{'JAM'},{'JAM_STAND_STILL_TRAFFIC'},33,{7},6.121212121212121
2e69ebe3,2e69ebe3c,2020-10-07,15,{'JAM'},{'JAM_MODERATE_TRAFFIC'},26,{7},5.0
2e69ebe3,2e69ebe3c,2020-10-17,13,{'JAM'},{'JAM'},31,{7},5.0
2e69ebe3,2e69ebe3c,2020-10-17,14,{'JAM'},{'JAM_STAND_STILL_TRAFFIC'},31,{7},5.0
2e69ebe3,2e69ebe3c,2020-10-21,7,{'JAM'},{'JAM_STAND_STILL_TRAFFIC'},8,{7},5.0
2e69ebe3,2e69ebe3c,2020-10-22,11,{'WEATHERHAZARD'},{'WEATHERHAZARD'},15,{7},5.866666666666666
2e69ebe3,2e69ebe3c,2020-10-27,7,{'JAM'},{'JAM_HEAVY_TRAFFIC'},21,{7},5.0
2e69ebe3,2e69ebe3c,2020-10-27,8,{'JAM'},{'JAM_STAND_STILL_TRAFFIC'},5,{7},5.0
2e69ebe3,2e69ebe3c,2020-10-27,17,{'JAM'},{'JAM_STAND_STILL_TRAFFIC'},30,{2},5.0
2e69ebe3,2e69ebe3c,2020-11-03,17,{'JAM'},{'JAM_STAND_STILL_TRAFFIC'},32,{7},5.0
2e69ebe3,2e69ebe3c,2020-11-07,13,{'JAM'},{'JAM_HEAVY_TRAFFIC'},31,{7},5.0
2e69ebe3,2e69ebe3c,2020-11-08,13,{'JAM'},{'JAM_STAND_STILL_TRAFFIC'},30,{7},5.0
2e69ebe3,2e69ebe3c,2020-11-10,17,{'JAM'},{'JAM_HEAVY_TRAFFIC'},31,{7},5.0
2e69ebe3,2e69ebe3c,2020-11-19,7,{'JAM'},{'JAM_STAND_STILL_TRAFFIC'},80,{7},6.4875
2e69ebe3,2e69ebe3c,2020-11-19,9,{'JAM'},{'JAM_STAND_STILL_TRAFFIC'},13,{7},5.0
2e69ebe5,2e69ebe44,2020-11-19,8,"{'JAM', 'ACCIDENT'}","{'JAM_STAND_STILL_TRAFFIC', 'ACCIDENT_MAJOR'}",152,{20},5.894736842105263
2e69ebe5,2e69ebe4c,2020-09-04,14,{'JAM'},{'JAM_MODERATE_TRAFFIC'},27,{7},5.925925925925926
2e69ebe5,2e69ebe4c,2020-09-05,11,{'JAM'},{'JAM_HEAVY_TRAFFIC'},31,{7},5.967741935483871
2e69ebe5,2e69ebe4c,2020-09-11,14,{'JAM'},{'JAM_HEAVY_TRAFFIC'},30,{7},5.0
2e69ebe5,2e69ebe4c,2020-09-26,14,{'JAM'},{'JAM_STAND_STILL_TRAFFIC'},20,{7},5.6
2e69ebe5,2e69ebe4c,2020-10-03,14,{'JAM'},{'JAM_STAND_STILL_TRAFFIC'},45,{7},6.022222222222222
2e69ebe5,2e69ebe4c,2020-10-03,15,{'JAM'},{'JAM_STAND_STILL_TRAFFIC'},30,{7},5.0
2e69ebe5,2e69ebe4c,2020-10-04,19,{'WEATHERHAZARD'},{'HAZARD_WEATHER_FLOOD'},31,{7},7.709677419354839
2e69ebe5,2e69ebe4c,2020-10-05,8,{'JAM'},{'JAM_STAND_STILL_TRAFFIC'},6,{7},5.0
2e69ebe5,2e69ebe4c,2020-10-24,14,{'JAM'},{'JAM_STAND_STILL_TRAFFIC'},32,{7},5.0
2e69ebe5,2e69ebe4c,2020-10-24,15,{'JAM'},{'JAM_MODERATE_TRAFFIC'},30,{7},5.0
2e69ebe5,2e69ebe4c,2020-10-29,19,{'JAM'},{'JAM_STAND_STILL_TRAFFIC'},21,{7},5.0
2e69ebe5,2e69ebe4c,2020-10-31,18,{'JAM'},{'JAM'},31,{7},5.0
2e69ebe5,2e69ebe4c,2020-11-02,13,{'JAM'},{'JAM_STAND_STILL_TRAFFIC'},22,{7},5.0
2e69ebe5,2e69ebe4c,2020-11-19,9,{'JAM'},"{'JAM_STAND_STILL_TRAFFIC', 'JAM_HEAVY_TRAFFIC'}",54,{7},5.962962962962963
2e69ebe5,2e69ebe4c,2020-11-21,14,{'JAM'},{'JAM_MODERATE_TRAFFIC'},29,{7},5.0
2e69ebe7,2e69ebe74,2020-09-04,15,{'JAM'},{'JAM_MODERATE_TRAFFIC'},32,{7},5.0
2e69ebe7,2e69ebe74,2020-09-14,19,{'JAM'},{'JAM'},31,{7},5.0
2e69ebe7,2e69ebe74,2020-09-21,18,{'JAM'},{'JAM_MODERATE_TRAFFIC'},33,{7},5.0
2e69ebe7,2e69ebe74,2020-10-09,13,{'JAM'},{'JAM_STAND_STILL_TRAFFIC'},34,{7},5.0
2e69ebe7,2e69ebe74,2020-10-18,17,{'JAM'},{'JAM_STAND_STILL_TRAFFIC'},25,{7},6.0
2e69ebe7,2e69ebe74,2020-10-26,16,{'JAM'},{'JAM_MODERATE_TRAFFIC'},30,{7},5.0
2e69ebe7,2e69ebe74,2020-10-28,10,{'JAM'},{'JAM_STAND_STILL_TRAFFIC'},31,{7},5.0
2e69ebe7,2e69ebe74,2020-11-04,12,{'JAM'},{'JAM_MODERATE_TRAFFIC'},6,{7},5.0
2e69ebe7,2e69ebe74,2020-11-06,17,{'JAM'},"{'JAM_STAND_STILL_TRAFFIC', 'JAM_HEAVY_TRAFFIC'}",28,{7},5.0
2e69ebe7,2e69ebe74,2020-11-06,18,{'JAM'},{'JAM_STAND_STILL_TRAFFIC'},38,{7},5.368421052631579
2e69ebe7,2e69ebe74,2020-11-19,8,{'JAM'},{'JAM_STAND_STILL_TRAFFIC'},34,{7},5.4411764705882355
2e69ebe7,2e69ebe74,2020-11-20,20,{'JAM'},{'JAM_HEAVY_TRAFFIC'},30,{7},5.966666666666667
2e69ebe7,2e69ebe7c,2020-09-10,18,{'WEATHERHAZARD'},{'WEATHERHAZARD'},32,{7},5.0
2e69ebe7,2e69ebe7c,2020-10-26,14,{'JAM'},{'JAM_STAND_STILL_TRAFFIC'},32,{7},5.0
2e69ebe7,2e69ebe7c,2020-11-06,18,{'JAM'},{'JAM_STAND_STILL_TRAFFIC'},31,{7},5.0
2e69ebe7,2e69ebe7c,2020-11-10,19,{'JAM'},{'JAM_HEAVY_TRAFFIC'},30,{7},6.0
2e69ebe7,2e69ebe7c,2020-11-14,17,{'JAM'},{'JAM_STAND_STILL_TRAFFIC'},20,{7},5.0
2e69ebe9,2e69ebe84,2020-10-24,14,{'JAM'},{'JAM_HEAVY_TRAFFIC'},31,{7},5.0
2e69ebe9,2e69ebe84,2020-11-04,17,{'JAM'},{'JAM_STAND_STILL_TRAFFIC'},41,{7},6.317073170731708
2e69ebe9,2e69ebe84,2020-11-06,17,{'JAM'},"{'JAM_MODERATE_TRAFFIC', 'JAM_HEAVY_TRAFFIC'}",23,{7},5.0
2e69ebe9,2e69ebe84,2020-11-07,11,{'JAM'},{'JAM_STAND_STILL_TRAFFIC'},6,{7},5.0
2e69ebe9,2e69ebe84,2020-11-07,12,{'JAM'},{'JAM_MODERATE_TRAFFIC'},30,{7},5.0
2e69ebe9,2e69ebe84,2020-11-14,17,{'JAM'},{'JAM_STAND_STILL_TRAFFIC'},32,{7},5.0
2e69ebe9,2e69ebe84,2020-11-18,13,{'JAM'},{'JAM'},8,{7},5.0
2e69ebeb,2e69ebea4,2020-09-01,16,{'JAM'},{'JAM_MODERATE_TRAFFIC'},31,{2},5.0
2e69ebeb,2e69ebea4,2020-09-01,17,{'JAM'},{'JAM_HEAVY_TRAFFIC'},31,{2},5.0
2e69ebeb,2e69ebea4,2020-09-05,9,{'JAM'},{'JAM_MODERATE_TRAFFIC'},31,{2},5.0
2e69ebeb,2e69ebea4,2020-09-12,11,{'JAM'},{'JAM_STAND_STILL_TRAFFIC'},16,{2},5.9375
2e69ebeb,2e69ebea4,2020-09-17,17,{'JAM'},{'JAM_STAND_STILL_TRAFFIC'},29,{2},6.0
2e69ebeb,2e69ebea4,2020-09-25,17,{'JAM'},{'JAM_STAND_STILL_TRAFFIC'},6,{2},5.0
2e69ebeb,2e69ebea4,2020-09-26,15,{'JAM'},{'JAM_STAND_STILL_TRAFFIC'},31,{2},5.0
2e69ebeb,2e69ebea4,2020-09-26,16,{'JAM'},{'JAM_STAND_STILL_TRAFFIC'},32,{2},5.0
2e69ebeb,2e69ebea4,2020-09-29,17,{'JAM'},"{'JAM', 'JAM_STAND_STILL_TRAFFIC'}",86,{2},5.0
2e69ebeb,2e69ebea4,2020-10-03,12,{'JAM'},"{'JAM_STAND_STILL_TRAFFIC', 'JAM_HEAVY_TRAFFIC'}",50,{2},5.28
2e69ebeb,2e69ebea4,2020-10-03,16,{'JAM'},{'JAM_HEAVY_TRAFFIC'},31,{2},5.0
2e69ebeb,2e69ebea4,2020-10-05,17,{'JAM'},{'JAM_HEAVY_TRAFFIC'},32,{2},5.0
2e69ebeb,2e69ebea4,2020-10-06,17,{'JAM'},{'JAM_HEAVY_TRAFFIC'},30,{2},5.0
2e69ebeb,2e69ebea4,2020-11-09,17,{'JAM'},{'JAM_STAND_STILL_TRAFFIC'},30,{2},5.0
2e69ebeb,2e69ebebc,2020-09-09,17,{'JAM'},{'JAM_STAND_STILL_TRAFFIC'},22,{2},5.0
2e69ebeb,2e69ebebc,2020-09-17,17,{'JAM'},{'JAM_STAND_STILL_TRAFFIC'},29,{2},5.0
2e69ebeb,2e69ebebc,2020-09-26,15,{'JAM'},{'JAM_HEAVY_TRAFFIC'},30,{2},5.966666666666667
2e69ebeb,2e69ebebc,2020-09-29,17,{'JAM'},{'JAM_MODERATE_TRAFFIC'},30,{2},5.0
2e69ebed,2e69ebec4,2020-09-09,17,{'JAM'},{'JAM_HEAVY_TRAFFIC'},17,{2},5.0
2e69ebed,2e69ebec4,2020-09-11,16,{'JAM'},{'JAM_HEAVY_TRAFFIC'},32,{2},5.0
2e69ebed,2e69ebec4,2020-09-17,17,{'JAM'},{'JAM_HEAVY_TRAFFIC'},31,{2},5.0
2e69ebed,2e69ebec4,2020-09-21,18,{'JAM'},{'JAM_HEAVY_TRAFFIC'},31,{2},5.0
2e69ebed,2e69ebec4,2020-09-26,16,{'JAM'},{'JAM_STAND_STILL_TRAFFIC'},31,{2},5.0
2e69ebed,2e69ebec4,2020-10-03,16,{'JAM'},{'JAM_STAND_STILL_TRAFFIC'},73,{2},5.232876712328767
2e69ebed,2e69ebec4,2020-11-10,19,{'JAM'},{'JAM_MODERATE_TRAFFIC'},31,{2},5.0
2e69ebed,2e69ebedc,2020-09-03,15,{'JAM'},{'JAM_MODERATE_TRAFFIC'},14,{2},5.0
2e69ebed,2e69ebedc,2020-09-24,11,{'JAM'},{'JAM'},7,{2},5.0
2e69ebed,2e69ebedc,2020-09-25,17,{'JAM'},{'JAM_HEAVY_TRAFFIC'},6,{2},5.0
2e69ebed,2e69ebedc,2020-10-07,18,{'JAM'},{'JAM_STAND_STILL_TRAFFIC'},34,{2},5.0
2e69ebed,2e69ebedc,2020-10-07,19,{'JAM'},{'JAM_MODERATE_TRAFFIC'},12,{2},5.0
2e69ebed,2e69ebedc,2020-10-31,19,{'ACCIDENT'},{'ACCIDENT'},120,{22},5.0
2e69ebed,2e69ebedc,2020-11-07,16,{'JAM'},{'JAM_HEAVY_TRAFFIC'},33,{2},5.0
2e69ebed,2e69ebedc,2020-11-10,13,{'WEATHERHAZARD'},{'HAZARD_ON_ROAD'},31,{2},5.580645161290323
2e69ebed,2e69ebedc,2020-11-10,19,{'JAM'},{'JAM_HEAVY_TRAFFIC'},30,{2},5.0
2e69ebf3,2e69ebf24,2020-09-15,15,{'JAM'},{'JAM'},31,{1},5.0
2e69ebf3,2e69ebf24,2020-10-07,19,{'JAM'},{'JAM_MODERATE_TRAFFIC'},13,{2},5.0
2e69ebf3,2e69ebf24,2020-10-28,16,{'JAM'},{'JAM'},31,{1},5.0
2e69ebf3,2e69ebf24,2020-11-07,16,{'JAM'},{'JAM_HEAVY_TRAFFIC'},30,{2},5.0
2e69ebf3,2e69ebf24,2020-11-09,6,{'JAM'},{'JAM'},9,{2},5.0
2e69ebf3,2e69ebf24,2020-11-10,19,{'JAM'},{'JAM_HEAVY_TRAFFIC'},31,{2},5.0
2e69ebf3,2e69ebf2c,2020-10-03,18,{'WEATHERHAZARD'},{'WEATHERHAZARD'},31,{1},5.0
2e69ebf3,2e69ebf34,2020-11-01,14,{'ACCIDENT'},{'ACCIDENT_MAJOR'},120,{1},5.0
2e69ebf3,2e69ebf3c,2020-10-02,15,{'JAM'},{'JAM_MODERATE_TRAFFIC'},8,{2},5.0
2e69ebf3,2e69ebf3c,2020-10-04,11,{'JAM'},{'JAM_MODERATE_TRAFFIC'},6,{2},5.0
2e69ebf3,2e69ebf3c,2020-10-28,11,{'JAM'},{'JAM_MODERATE_TRAFFIC'},31,{2},5.0
2e69ebf3,2e69ebf3c,2020-11-06,18,{'JAM'},{'JAM_MODERATE_TRAFFIC'},30,{2},5.0
2e69ebf5,2e69ebf44,2020-09-15,11,"{'JAM', 'ACCIDENT'}","{'JAM', 'ACCIDENT'}",112,{1},5.0
2e69ebf5,2e69ebf4c,2020-10-08,16,{'WEATHERHAZARD'},{'HAZARD_WEATHER_FLOOD'},30,{2},5.666666666666667
2e69ebf5,2e69ebf4c,2020-11-04,16,{'WEATHERHAZARD'},{'WEATHERHAZARD'},31,{2},5.612903225806452
2e69ebf7,2e69ebf64,2020-11-06,6,{'JAM'},{'JAM'},30,{22},5.0
2e69ebf7,2e69ebf7c,2020-09-03,16,{'JAM'},{'JAM_STAND_STILL_TRAFFIC'},31,{7},5.0
2e69ebf7,2e69ebf7c,2020-09-05,13,{'JAM'},{'JAM_STAND_STILL_TRAFFIC'},30,{7},5.0
2e69ebf7,2e69ebf7c,2020-09-08,8,{'JAM'},{'JAM_MODERATE_TRAFFIC'},7,{7},5.0
2e69ebf7,2e69ebf7c,2020-09-28,16,{'JAM'},{'JAM_HEAVY_TRAFFIC'},31,{7},5.0
2e69ebf7,2e69ebf7c,2020-10-01,16,{'WEATHERHAZARD'},{'HAZARD_ON_SHOULDER_ANIMALS'},40,{7},6.125
2e69ebf7,2e69ebf7c,2020-10-02,16,{'JAM'},{'JAM_MODERATE_TRAFFIC'},30,{7},5.0
2e69ebf7,2e69ebf7c,2020-10-17,16,{'JAM'},{'JAM_STAND_STILL_TRAFFIC'},8,{7},5.0
2e69ebf7,2e69ebf7c,2020-10-17,18,{'JAM'},{'JAM'},32,{7},5.0
2e69ebf7,2e69ebf7c,2020-10-18,18,{'JAM'},{'JAM_HEAVY_TRAFFIC'},32,{7},5.0
2e69ebf7,2e69ebf7c,2020-10-23,9,{'JAM'},{'JAM_HEAVY_TRAFFIC'},27,{7},5.0
2e69ebf7,2e69ebf7c,2020-10-29,16,{'JAM'},{'JAM_HEAVY_TRAFFIC'},31,{7},5.0
2e69ebf7,2e69ebf7c,2020-10-31,14,{'JAM'},{'JAM_STAND_STILL_TRAFFIC'},31,{7},5.0
2e69ebf7,2e69ebf7c,2020-11-09,18,{'JAM'},{'JAM'},30,{7},6.0
2e69ebf7,2e69ebf7c,2020-11-14,17,{'JAM'},{'JAM_HEAVY_TRAFFIC'},16,{7},5.0
2e69ebf7,2e69ebf7c,2020-11-17,19,{'JAM'},{'JAM_MODERATE_TRAFFIC'},34,{7},5.0
2e69ebf9,2e69ebf84,2020-09-19,11,{'JAM'},{'JAM_HEAVY_TRAFFIC'},30,{7},5.0
2e69ebf9,2e69ebf94,2020-10-29,20,{'JAM'},{'JAM'},31,{22},5.0
2e69ebf9,2e69ebf9c,2020-09-02,16,"{'JAM', 'WEATHERHAZARD'}","{'JAM_STAND_STILL_TRAFFIC', 'HAZARD_ON_ROAD_POT_HOLE'}",149,{7},5.429530201342282
2e69ebf9,2e69ebf9c,2020-09-17,16,{'JAM'},{'JAM_STAND_STILL_TRAFFIC'},30,{7},5.0
2e69ebf9,2e69ebf9c,2020-10-02,13,{'JAM'},{'JAM_STAND_STILL_TRAFFIC'},32,{7},5.0
2e69ebf9,2e69ebf9c,2020-10-03,13,{'JAM'},{'JAM'},30,{7},5.0
2e69ebf9,2e69ebf9c,2020-10-24,17,{'JAM'},{'JAM_STAND_STILL_TRAFFIC'},33,{7},5.0
2e69ebfb,2e69ebfa4,2020-09-01,18,{'WEATHERHAZARD'},{'HAZARD_ON_SHOULDER_CAR_STOPPED'},33,{7},5.0
2e69ebfb,2e69ebfa4,2020-09-01,21,{'WEATHERHAZARD'},{'HAZARD_ON_ROAD_POT_HOLE'},56,{7},5.357142857142857
2e69ebfb,2e69ebfa4,2020-09-10,9,{'WEATHERHAZARD'},{'WEATHERHAZARD'},30,{1},5.0
2e69ebfb,2e69ebfa4,2020-09-20,11,{'JAM'},{'JAM'},16,{7},5.0
2e69ebfb,2e69ebfa4,2020-10-02,13,{'JAM'},{'JAM_STAND_STILL_TRAFFIC'},30,{7},5.0
2e69ebfb,2e69ebfa4,2020-10-02,14,{'JAM'},{'JAM_STAND_STILL_TRAFFIC'},32,{7},5.0
2e69ebfb,2e69ebfa4,2020-10-17,14,{'JAM'},"{'JAM_STAND_STILL_TRAFFIC', 'JAM_HEAVY_TRAFFIC'}",61,{7},5.540983606557377
2e69ebfb,2e69ebfa4,2020-10-27,13,{'JAM'},{'JAM_STAND_STILL_TRAFFIC'},22,{7},5.0
2e69ebfb,2e69ebfa4,2020-10-31,17,{'JAM'},{'JAM_STAND_STILL_TRAFFIC'},32,{7},5.0
2e69ebfb,2e69ebfa4,2020-11-14,11,{'JAM'},{'JAM_STAND_STILL_TRAFFIC'},31,{7},5.967741935483871
2e69ebfb,2e69ebfb4,2020-09-05,15,{'JAM'},{'JAM_HEAVY_TRAFFIC'},32,{7},5.0
2e69ebfb,2e69ebfb4,2020-09-09,12,{'WEATHERHAZARD'},{'HAZARD_WEATHER'},30,{7},5.166666666666667
2e69ebfb,2e69ebfb4,2020-09-10,18,{'ACCIDENT'},{'ACCIDENT_MINOR'},28,{7},5.607142857142857
2e69ebfb,2e69ebfb4,2020-09-12,20,{'JAM'},{'JAM'},16,{7},5.0
2e69ebfb,2e69ebfb4,2020-09-13,14,{'JAM'},{'JAM_HEAVY_TRAFFIC'},27,{7},5.962962962962963
2e69ebfb,2e69ebfb4,2020-09-14,6,{'JAM'},{'JAM_HEAVY_TRAFFIC'},10,{7},5.0
2e69ebfb,2e69ebfb4,2020-09-20,11,{'JAM'},{'JAM'},14,{7},5.0
2e69ebfb,2e69ebfb4,2020-09-23,19,{'WEATHERHAZARD'},{'HAZARD_ON_ROAD_CAR_STOPPED'},65,"{2, 7}",5.523076923076923
2e69ebfb,2e69ebfb4,2020-10-05,15,{'JAM'},{'JAM_HEAVY_TRAFFIC'},31,{7},5.0
2e69ebfb,2e69ebfb4,2020-10-13,15,{'WEATHERHAZARD'},{'HAZARD_ON_ROAD_CAR_STOPPED'},31,{2},5.0
2e69ebfb,2e69ebfb4,2020-10-16,15,{'JAM'},{'JAM_STAND_STILL_TRAFFIC'},30,{7},5.0
2e69ebfb,2e69ebfb4,2020-10-17,14,{'JAM'},{'JAM_STAND_STILL_TRAFFIC'},36,{7},5.416666666666667
2e69ebfb,2e69ebfb4,2020-10-17,18,"{'JAM', 'WEATHERHAZARD'}","{'JAM', 'HAZARD_ON_ROAD_CAR_STOPPED'}",26,"{2, 7}",5.269230769230769
2e69ebfb,2e69ebfb4,2020-10-20,16,{'JAM'},{'JAM_HEAVY_TRAFFIC'},31,{7},5.0
2e69ebfb,2e69ebfb4,2020-10-26,16,{'JAM'},{'JAM_STAND_STILL_TRAFFIC'},8,{7},5.0
2e69ebfb,2e69ebfb4,2020-10-28,13,{'JAM'},{'JAM_HEAVY_TRAFFIC'},31,{7},5.0
2e69ebfb,2e69ebfb4,2020-10-29,0,{'JAM'},{'JAM_MODERATE_TRAFFIC'},33,{7},5.0
2e69ebfb,2e69ebfb4,2020-10-29,19,{'JAM'},{'JAM_STAND_STILL_TRAFFIC'},5,{7},5.0
2e69ebfb,2e69ebfb4,2020-10-31,11,{'JAM'},{'JAM_STAND_STILL_TRAFFIC'},5,{7},5.0
2e69ebfb,2e69ebfb4,2020-10-31,14,{'JAM'},"{'JAM_STAND_STILL_TRAFFIC', 'JAM_HEAVY_TRAFFIC'}",12,{7},5.5
2e69ebfb,2e69ebfb4,2020-11-03,13,{'JAM'},{'JAM_HEAVY_TRAFFIC'},30,{7},5.0
2e69ebfb,2e69ebfb4,2020-11-03,15,{'JAM'},{'JAM_STAND_STILL_TRAFFIC'},32,{7},5.0
2e69ebfb,2e69ebfb4,2020-11-04,12,{'JAM'},{'JAM_MODERATE_TRAFFIC'},5,{7},5.0
2e69ebfb,2e69ebfb4,2020-11-04,13,{'JAM'},{'JAM_HEAVY_TRAFFIC'},32,{7},5.96875
2e69ebfb,2e69ebfb4,2020-11-05,7,{'JAM'},{'JAM_MODERATE_TRAFFIC'},33,{7},5.0
2e69ebfb,2e69ebfb4,2020-11-07,11,{'JAM'},{'JAM'},32,{7},5.0
2e69ebfb,2e69ebfb4,2020-11-08,16,{'JAM'},{'JAM_STAND_STILL_TRAFFIC'},5,{7},5.0
2e69ebfb,2e69ebfb4,2020-11-10,8,{'JAM'},{'JAM_HEAVY_TRAFFIC'},31,{7},5.0
2e69ebfb,2e69ebfb4,2020-11-12,9,{'JAM'},{'JAM_STAND_STILL_TRAFFIC'},22,{7},5.0
2e69ebfb,2e69ebfb4,2020-11-14,12,{'JAM'},{'JAM_MODERATE_TRAFFIC'},30,{7},5.0
2e69ebfb,2e69ebfb4,2020-11-20,21,{'JAM'},{'JAM'},12,{7},5.0
2e69ebfb,2e69ebfb4,2020-11-22,21,{'JAM'},{'JAM_HEAVY_TRAFFIC'},22,{7},5.2272727272727275
2e69ebfb,2e69ebfbc,2020-09-15,5,{'JAM'},{'JAM_HEAVY_TRAFFIC'},33,{1},6.0
2e69ebfb,2e69ebfbc,2020-10-16,15,{'JAM'},{'JAM_HEAVY_TRAFFIC'},30,{7},5.0
2e69ebfd,2e69ebfc4,2020-11-10,9,{'JAM'},{'JAM'},31,{1},5.0
2e69ebfd,2e69ebfcc,2020-10-04,22,{'JAM'},"{'JAM_STAND_STILL_TRAFFIC', 'JAM_HEAVY_TRAFFIC'}",65,"{2, 7}",5.0
2e69ebfd,2e69ebfcc,2020-10-17,13,"{'JAM', 'WEATHERHAZARD'}","{'HAZARD_WEATHER_FLOOD', 'JAM_STAND_STILL_TRAFFIC'}",53,{7},5.849056603773585
2e69ebfd,2e69ebfcc,2020-11-05,11,{'WEATHERHAZARD'},{'HAZARD_ON_ROAD_CAR_STOPPED'},32,{7},5.71875
2e69ebfd,2e69ebfd4,2020-09-07,13,{'JAM'},{'JAM_STAND_STILL_TRAFFIC'},55,"{2, 7}",5.0
2e69ebfd,2e69ebfd4,2020-09-14,16,{'WEATHERHAZARD'},{'HAZARD_ON_ROAD_CAR_STOPPED'},47,{7},8.936170212765957
2e69ebfd,2e69ebfd4,2020-09-23,19,{'WEATHERHAZARD'},{'HAZARD_ON_ROAD_CAR_STOPPED'},32,{2},6.25
2e69ebfd,2e69ebfd4,2020-10-04,19,{'WEATHERHAZARD'},{'HAZARD_WEATHER_FLOOD'},77,{7},8.519480519480519
2e69ebfd,2e69ebfd4,2020-10-04,22,{'JAM'},{'JAM_STAND_STILL_TRAFFIC'},31,{7},5.0
2e69ebfd,2e69ebfd4,2020-10-10,13,{'JAM'},{'JAM_STAND_STILL_TRAFFIC'},23,{2},5.0
2e69ebfd,2e69ebfd4,2020-10-17,14,{'JAM'},{'JAM'},32,{7},5.0
2e69ebfd,2e69ebfd4,2020-10-27,13,{'JAM'},{'JAM_HEAVY_TRAFFIC'},30,{7},5.0
2e69ebfd,2e69ebfd4,2020-11-02,14,{'JAM'},{'JAM_HEAVY_TRAFFIC'},31,{2},5.0
2e69ebfd,2e69ebfd4,2020-11-05,14,{'JAM'},{'JAM_STAND_STILL_TRAFFIC'},19,{7},5.0
2e69ebfd,2e69ebfd4,2020-11-07,12,{'JAM'},"{'JAM_STAND_STILL_TRAFFIC', 'JAM_HEAVY_TRAFFIC'}",62,{2},5.0
2e69ebfd,2e69ebfd4,2020-11-09,17,{'WEATHERHAZARD'},{'HAZARD_ON_ROAD_CAR_STOPPED'},34,{7},5.088235294117647
2e69ebfd,2e69ebfd4,2020-11-17,10,{'JAM'},{'JAM_HEAVY_TRAFFIC'},6,{7},5.0
2e69ec07,2e69ec064,2020-10-24,17,{'WEATHERHAZARD'},{'WEATHERHAZARD'},30,{1},5.0
2e69ec09,2e69ec084,2020-09-12,12,{'JAM'},{'JAM_MODERATE_TRAFFIC'},31,{7},5.0
2e69ec09,2e69ec084,2020-09-17,7,{'JAM'},{'JAM'},30,{7},5.0
2e69ec09,2e69ec084,2020-09-17,9,{'JAM'},{'JAM_HEAVY_TRAFFIC'},24,{7},5.0
2e69ec09,2e69ec084,2020-10-26,9,{'JAM'},{'JAM_HEAVY_TRAFFIC'},31,{7},5.935483870967742
2e69ec09,2e69ec084,2020-10-28,10,{'JAM'},{'JAM_MODERATE_TRAFFIC'},30,{7},5.0
2e69ec09,2e69ec084,2020-10-29,16,{'JAM'},{'JAM_HEAVY_TRAFFIC'},33,{7},5.0
2e69ec09,2e69ec084,2020-10-31,15,{'JAM'},{'JAM_STAND_STILL_TRAFFIC'},34,{7},5.0
2e69ec09,2e69ec084,2020-11-07,12,{'JAM'},{'JAM_HEAVY_TRAFFIC'},30,{7},5.0
2e69ec09,2e69ec084,2020-11-19,15,{'JAM'},{'JAM_HEAVY_TRAFFIC'},30,{7},5.533333333333333
2e69ec09,2e69ec08c,2020-09-12,6,{'WEATHERHAZARD'},{'HAZARD_ON_ROAD'},32,{7},6.0
2e69ec09,2e69ec08c,2020-09-12,20,{'JAM'},{'JAM'},6,{7},5.0
2e69ec09,2e69ec08c,2020-09-14,8,{'JAM'},{'JAM_HEAVY_TRAFFIC'},6,{7},5.0
2e69ec09,2e69ec08c,2020-09-18,16,{'JAM'},{'JAM_STAND_STILL_TRAFFIC'},31,{7},5.0
2e69ec09,2e69ec08c,2020-09-20,6,{'WEATHERHAZARD'},{'HAZARD_ON_ROAD'},30,{7},6.0
2e69ec09,2e69ec08c,2020-09-21,16,{'JAM'},{'JAM_STAND_STILL_TRAFFIC'},15,{7},5.733333333333333
2e69ec09,2e69ec08c,2020-09-23,17,{'JAM'},{'JAM_STAND_STILL_TRAFFIC'},6,{7},5.0
2e69ec09,2e69ec08c,2020-09-23,19,{'JAM'},{'JAM'},31,{7},5.0
2e69ec09,2e69ec08c,2020-09-24,18,{'JAM'},{'JAM_STAND_STILL_TRAFFIC'},14,{7},5.0
2e69ec09,2e69ec08c,2020-09-28,12,{'WEATHERHAZARD'},{'HAZARD_ON_ROAD_CONSTRUCTION'},311,{7},6.045016077170418
2e69ec09,2e69ec08c,2020-09-28,14,{'JAM'},{'JAM_STAND_STILL_TRAFFIC'},7,{7},5.0
2e69ec09,2e69ec08c,2020-09-28,15,"{'JAM', 'WEATHERHAZARD'}","{'HAZARD_ON_ROAD_CONSTRUCTION', 'JAM_HEAVY_TRAFFIC'}",52,{7},5.673076923076923
2e69ec09,2e69ec08c,2020-09-30,8,{'JAM'},{'JAM_HEAVY_TRAFFIC'},5,{7},5.0
2e69ec09,2e69ec08c,2020-09-30,12,{'WEATHERHAZARD'},{'HAZARD_ON_ROAD_OBJECT'},6,{7},6.5
2e69ec09,2e69ec08c,2020-09-30,21,{'JAM'},{'JAM_STAND_STILL_TRAFFIC'},8,{7},5.0
2e69ec09,2e69ec08c,2020-10-01,15,{'WEATHERHAZARD'},{'HAZARD_ON_ROAD_OBJECT'},41,{7},6.975609756097561
2e69ec09,2e69ec08c,2020-10-02,9,{'JAM'},{'JAM_STAND_STILL_TRAFFIC'},28,{7},6.535714285714286
2e69ec09,2e69ec08c,2020-10-02,15,{'WEATHERHAZARD'},{'HAZARD_WEATHER'},41,{7},7.121951219512195
2e69ec09,2e69ec08c,2020-10-03,10,{'WEATHERHAZARD'},{'HAZARD_ON_ROAD_OBJECT'},63,{7},5.9523809523809526
2e69ec09,2e69ec08c,2020-10-04,14,{'WEATHERHAZARD'},{'HAZARD_ON_ROAD_CONSTRUCTION'},5,{7},5.2
2e69ec09,2e69ec08c,2020-10-04,20,{'JAM'},{'JAM_STAND_STILL_TRAFFIC'},63,{7},5.507936507936508
2e69ec09,2e69ec08c,2020-10-06,18,{'JAM'},{'JAM_STAND_STILL_TRAFFIC'},31,{7},5.0
2e69ec09,2e69ec08c,2020-10-09,13,{'WEATHERHAZARD'},{'HAZARD_ON_ROAD_CONSTRUCTION'},57,{7},7.192982456140351
2e69ec09,2e69ec08c,2020-10-09,16,{'JAM'},{'JAM_STAND_STILL_TRAFFIC'},7,{7},5.0
2e69ec09,2e69ec08c,2020-10-13,15,{'JAM'},{'JAM'},18,{7},5.0
2e69ec09,2e69ec08c,2020-10-14,19,{'WEATHERHAZARD'},{'HAZARD_ON_ROAD_OBJECT'},62,{7},7.112903225806452
2e69ec09,2e69ec08c,2020-10-17,12,{'JAM'},{'JAM_STAND_STILL_TRAFFIC'},5,{7},5.0
2e69ec09,2e69ec08c,2020-10-17,18,{'JAM'},{'JAM'},30,{7},5.0
2e69ec09,2e69ec08c,2020-10-24,10,{'JAM'},{'JAM_HEAVY_TRAFFIC'},31,{7},5.838709677419355
2e69ec09,2e69ec08c,2020-10-24,14,{'JAM'},{'JAM_STAND_STILL_TRAFFIC'},11,{7},5.454545454545454
2e69ec09,2e69ec08c,2020-10-25,16,{'JAM'},{'JAM_STAND_STILL_TRAFFIC'},6,{7},5.0
2e69ec09,2e69ec08c,2020-10-26,17,{'WEATHERHAZARD'},{'WEATHERHAZARD'},26,{1},5.0
2e69ec09,2e69ec08c,2020-10-31,11,{'JAM'},"{'JAM_STAND_STILL_TRAFFIC', 'JAM_MODERATE_TRAFFIC'}",33,{7},5.0
2e69ec09,2e69ec08c,2020-10-31,16,{'JAM'},{'JAM_STAND_STILL_TRAFFIC'},32,{7},5.0
2e69ec09,2e69ec08c,2020-10-31,17,{'JAM'},{'JAM_STAND_STILL_TRAFFIC'},6,{7},5.0
2e69ec09,2e69ec08c,2020-10-31,18,{'JAM'},{'JAM_STAND_STILL_TRAFFIC'},7,{7},5.0
2e69ec09,2e69ec08c,2020-11-03,13,{'WEATHERHAZARD'},{'HAZARD_ON_ROAD_CONSTRUCTION'},178,{7},8.365168539325843
2e69ec09,2e69ec08c,2020-11-03,22,{'JAM'},{'JAM_HEAVY_TRAFFIC'},6,{7},5.0
2e69ec09,2e69ec08c,2020-11-05,13,{'JAM'},{'JAM_STAND_STILL_TRAFFIC'},26,{7},5.0
2e69ec09,2e69ec08c,2020-11-05,16,{'JAM'},{'JAM'},22,{7},5.0
2e69ec09,2e69ec08c,2020-11-08,9,{'JAM'},{'JAM_HEAVY_TRAFFIC'},13,{7},5.0
2e69ec09,2e69ec08c,2020-11-09,18,{'JAM'},{'JAM'},32,{7},5.0
2e69ec09,2e69ec08c,2020-11-14,15,{'JAM'},{'JAM_STAND_STILL_TRAFFIC'},31,{7},5.774193548387097
2e69ec09,2e69ec08c,2020-11-14,20,{'JAM'},{'JAM'},62,{7},5.0
2e69ec09,2e69ec08c,2020-11-15,10,{'JAM'},{'JAM_STAND_STILL_TRAFFIC'},31,{7},5.0
2e69ec09,2e69ec08c,2020-11-15,14,{'JAM'},{'JAM_HEAVY_TRAFFIC'},21,{7},5.0
2e69ec09,2e69ec08c,2020-11-15,18,{'JAM'},{'JAM_STAND_STILL_TRAFFIC'},28,{7},5.0
2e69ec09,2e69ec08c,2020-11-19,11,{'JAM'},{'JAM_MODERATE_TRAFFIC'},5,{7},5.0
2e69ec09,2e69ec08c,2020-11-20,21,{'JAM'},{'JAM'},30,{7},5.0
2e69ec09,2e69ec08c,2020-11-21,9,{'JAM'},{'JAM_STAND_STILL_TRAFFIC'},31,{7},5.0
2e69ec09,2e69ec094,2020-09-07,13,{'WEATHERHAZARD'},{'HAZARD_ON_ROAD_CONSTRUCTION'},69,{7},7.478260869565218
2e69ec09,2e69ec094,2020-09-12,14,{'JAM'},{'JAM_STAND_STILL_TRAFFIC'},28,{7},5.0
2e69ec09,2e69ec094,2020-09-16,9,{'JAM'},{'JAM_STAND_STILL_TRAFFIC'},6,{7},5.0
2e69ec09,2e69ec094,2020-09-23,17,{'JAM'},{'JAM_STAND_STILL_TRAFFIC'},30,{7},5.0
2e69ec09,2e69ec094,2020-09-26,11,{'JAM'},{'JAM_STAND_STILL_TRAFFIC'},19,{7},5.0
2e69ec09,2e69ec094,2020-09-26,16,{'JAM'},{'JAM_STAND_STILL_TRAFFIC'},34,{7},5.0
2e69ec09,2e69ec094,2020-10-04,16,{'JAM'},{'JAM_STAND_STILL_TRAFFIC'},30,{7},5.0
2e69ec09,2e69ec094,2020-10-05,18,{'JAM'},{'JAM_STAND_STILL_TRAFFIC'},23,{4},5.0
2e69ec09,2e69ec094,2020-10-17,15,{'JAM'},{'JAM_STAND_STILL_TRAFFIC'},30,{7},5.0
2e69ec09,2e69ec094,2020-10-24,15,{'JAM'},{'JAM_STAND_STILL_TRAFFIC'},33,{7},5.0
2e69ec09,2e69ec094,2020-11-07,13,{'JAM'},{'JAM_HEAVY_TRAFFIC'},27,{7},5.37037037037037
2e69ec09,2e69ec094,2020-11-14,18,"{'JAM', 'WEATHERHAZARD'}","{'HAZARD_ON_SHOULDER_CAR_STOPPED', 'JAM_HEAVY_TRAFFIC'}",68,{7},5.382352941176471
2e69ec09,2e69ec094,2020-11-21,15,{'JAM'},{'JAM_HEAVY_TRAFFIC'},33,{7},5.0
2e69ec09,2e69ec09c,2020-09-22,9,{'WEATHERHAZARD'},{'HAZARD_ON_ROAD_CAR_STOPPED'},33,{7},5.0
2e69ec09,2e69ec09c,2020-10-17,14,{'JAM'},{'JAM_STAND_STILL_TRAFFIC'},33,{7},6.818181818181818
2e69ec09,2e69ec09c,2020-10-17,15,{'JAM'},{'JAM_STAND_STILL_TRAFFIC'},30,{7},5.0
2e69ec09,2e69ec09c,2020-10-25,14,{'JAM'},{'JAM_HEAVY_TRAFFIC'},17,{7},5.0
2e69ec0b,2e69ec0a4,2020-09-03,20,"{'JAM', 'WEATHERHAZARD'}","{'HAZARD_ON_ROAD_CONSTRUCTION', 'JAM_HEAVY_TRAFFIC'}",75,{7},5.8133333333333335
2e69ec0b,2e69ec0a4,2020-09-09,12,{'WEATHERHAZARD'},{'HAZARD_ON_SHOULDER_CAR_STOPPED'},30,{7},5.033333333333333
2e69ec0b,2e69ec0a4,2020-10-17,14,{'JAM'},{'JAM_STAND_STILL_TRAFFIC'},31,{7},5.0
2e69ec0b,2e69ec0a4,2020-10-24,14,"{'JAM', 'ROAD_CLOSED'}","{'ROAD_CLOSED_EVENT', 'JAM_STAND_STILL_TRAFFIC'}",83,{7},5.578313253012048
2e69ec0b,2e69ec0a4,2020-10-24,15,{'JAM'},{'JAM_STAND_STILL_TRAFFIC'},30,{7},5.0
2e69ec0b,2e69ec0a4,2020-10-27,16,{'ROAD_CLOSED'},{'ROAD_CLOSED'},23,{7},5.0
2e69ec0b,2e69ec0a4,2020-11-06,16,{'JAM'},{'JAM'},30,{7},5.0
2e69ec0b,2e69ec0a4,2020-11-07,13,{'JAM'},"{'JAM_STAND_STILL_TRAFFIC', 'JAM_HEAVY_TRAFFIC'}",36,{7},5.277777777777778
2e69ec0b,2e69ec0a4,2020-11-16,12,{'JAM'},{'JAM_STAND_STILL_TRAFFIC'},30,{7},5.0
2e69ec0b,2e69ec0a4,2020-11-16,13,{'WEATHERHAZARD'},{'HAZARD_ON_ROAD_OBJECT'},62,{7},5.0
2e69ec0b,2e69ec0a4,2020-11-18,15,{'WEATHERHAZARD'},{'HAZARD_WEATHER_FLOOD'},36,{7},6.972222222222222
2e69ec0b,2e69ec0ac,2020-09-16,12,{'JAM'},{'JAM'},5,{7},5.0
2e69ec0b,2e69ec0ac,2020-09-28,9,"{'JAM', 'WEATHERHAZARD'}","{'HAZARD_ON_SHOULDER_MISSING_SIGN', 'JAM_HEAVY_TRAFFIC'}",63,{7},5.253968253968254
2e69ec0b,2e69ec0ac,2020-10-03,14,{'JAM'},{'JAM_HEAVY_TRAFFIC'},6,{7},7.0
2e69ec0b,2e69ec0ac,2020-10-16,13,"{'JAM', 'ACCIDENT'}","{'JAM_HEAVY_TRAFFIC', 'ACCIDENT_MINOR'}",92,{7},6.543478260869565
2e69ec0b,2e69ec0ac,2020-10-23,12,{'JAM'},{'JAM_MODERATE_TRAFFIC'},26,{7},5.0
2e69ec0b,2e69ec0ac,2020-11-12,17,{'JAM'},{'JAM_HEAVY_TRAFFIC'},22,{7},5.0
2e69ec0b,2e69ec0ac,2020-11-16,10,{'WEATHERHAZARD'},{'HAZARD_ON_ROAD_CONSTRUCTION'},90,{7},7.6
2e69ec0b,2e69ec0bc,2020-10-03,14,{'JAM'},{'JAM_STAND_STILL_TRAFFIC'},5,{1},5.0
2e69ec0d,2e69ec0c4,2020-10-10,22,{'JAM'},{'JAM_STAND_STILL_TRAFFIC'},31,{1},5.0
2e69ec0f,2e69ec0e4,2020-09-01,17,{'JAM'},{'JAM_MODERATE_TRAFFIC'},30,{7},5.0
2e69ec0f,2e69ec0e4,2020-09-05,14,{'JAM'},{'JAM_STAND_STILL_TRAFFIC'},43,{7},5.395348837209302
2e69ec0f,2e69ec0e4,2020-09-13,12,{'JAM'},{'JAM_MODERATE_TRAFFIC'},30,{7},5.0
2e69ec0f,2e69ec0e4,2020-09-26,16,{'WEATHERHAZARD'},{'WEATHERHAZARD'},5,{7},5.4
2e69ec0f,2e69ec0e4,2020-10-04,16,{'JAM'},{'JAM_HEAVY_TRAFFIC'},30,{7},5.0
2e69ec0f,2e69ec0e4,2020-10-06,18,{'JAM'},{'JAM_HEAVY_TRAFFIC'},34,{7},5.0
2e69ec0f,2e69ec0e4,2020-10-07,9,{'WEATHERHAZARD'},{'HAZARD_ON_ROAD_CAR_STOPPED'},31,{7},5.0
2e69ec0f,2e69ec0e4,2020-10-14,18,{'JAM'},{'JAM_STAND_STILL_TRAFFIC'},33,{7},5.0
2e69ec0f,2e69ec0e4,2020-10-16,17,{'JAM'},{'JAM_HEAVY_TRAFFIC'},39,{7},5.435897435897436
2e69ec0f,2e69ec0e4,2020-10-17,11,{'JAM'},{'JAM_STAND_STILL_TRAFFIC'},22,{7},5.954545454545454
2e69ec0f,2e69ec0e4,2020-10-17,18,{'JAM'},{'JAM'},33,{7},5.0
2e69ec0f,2e69ec0e4,2020-10-21,17,{'JAM'},{'JAM_HEAVY_TRAFFIC'},1,{7},5.0
2e69ec0f,2e69ec0e4,2020-10-23,18,{'JAM'},{'JAM'},30,{7},5.0
2e69ec0f,2e69ec0e4,2020-10-23,19,{'JAM'},{'JAM_MODERATE_TRAFFIC'},30,{7},5.0
2e69ec0f,2e69ec0e4,2020-10-23,21,{'WEATHERHAZARD'},{'HAZARD_WEATHER'},31,{7},6.774193548387097
2e69ec0f,2e69ec0e4,2020-10-26,7,{'JAM'},{'JAM_STAND_STILL_TRAFFIC'},30,{7},5.0
2e69ec0f,2e69ec0e4,2020-10-26,18,{'JAM'},{'JAM_STAND_STILL_TRAFFIC'},31,{7},5.0
2e69ec0f,2e69ec0e4,2020-10-26,19,{'JAM'},{'JAM_STAND_STILL_TRAFFIC'},31,{7},5.935483870967742
2e69ec0f,2e69ec0e4,2020-10-27,16,{'JAM'},{'JAM_HEAVY_TRAFFIC'},31,{7},5.0
2e69ec0f,2e69ec0e4,2020-10-31,10,{'JAM'},{'JAM_STAND_STILL_TRAFFIC'},31,{7},5.0
2e69ec0f,2e69ec0e4,2020-10-31,17,{'JAM'},{'JAM_HEAVY_TRAFFIC'},30,{7},5.0
2e69ec0f,2e69ec0e4,2020-11-02,8,{'JAM'},{'JAM_STAND_STILL_TRAFFIC'},63,{7},5.0
2e69ec0f,2e69ec0e4,2020-11-02,9,{'JAM'},{'JAM_HEAVY_TRAFFIC'},31,{7},5.0
2e69ec0f,2e69ec0e4,2020-11-02,19,{'JAM'},{'JAM_MODERATE_TRAFFIC'},30,{7},5.0
2e69ec0f,2e69ec0e4,2020-11-09,18,{'JAM'},{'JAM'},31,{7},5.0
2e69ec0f,2e69ec0e4,2020-11-12,17,{'JAM'},{'JAM_STAND_STILL_TRAFFIC'},31,{7},5.0
2e69ec0f,2e69ec0e4,2020-11-14,20,{'JAM'},{'JAM'},15,{7},5.0
2e69ec0f,2e69ec0e4,2020-11-20,19,{'JAM'},{'JAM'},33,{7},5.0
2e69ec0f,2e69ec0e4,2020-11-20,21,{'JAM'},{'JAM'},31,{7},5.0
2e69ec0f,2e69ec0e4,2020-11-21,15,{'JAM'},{'JAM_STAND_STILL_TRAFFIC'},32,{7},5.0
2e69ec0f,2e69ec0ec,2020-09-05,14,{'JAM'},{'JAM_STAND_STILL_TRAFFIC'},32,{7},7.0
2e69ec0f,2e69ec0ec,2020-09-12,11,{'JAM'},{'JAM_HEAVY_TRAFFIC'},30,{7},5.0
2e69ec0f,2e69ec0ec,2020-09-26,11,{'JAM'},{'JAM_HEAVY_TRAFFIC'},31,{7},5.0
2e69ec0f,2e69ec0ec,2020-10-01,17,{'JAM'},{'JAM_MODERATE_TRAFFIC'},30,{7},5.0
2e69ec0f,2e69ec0ec,2020-10-05,17,{'JAM'},{'JAM_MODERATE_TRAFFIC'},30,{7},5.0
2e69ec0f,2e69ec0ec,2020-10-17,16,{'JAM'},{'JAM'},27,{7},5.0
2e69ec0f,2e69ec0ec,2020-10-19,19,{'JAM'},{'JAM_STAND_STILL_TRAFFIC'},32,{7},5.0
2e69ec0f,2e69ec0ec,2020-10-21,17,{'JAM'},{'JAM_HEAVY_TRAFFIC'},29,{7},6.0
2e69ec0f,2e69ec0ec,2020-10-24,13,{'JAM'},{'JAM_STAND_STILL_TRAFFIC'},31,{7},5.0
2e69ec0f,2e69ec0ec,2020-10-26,18,{'JAM'},{'JAM_STAND_STILL_TRAFFIC'},37,{7},5.72972972972973
2e69ec0f,2e69ec0ec,2020-10-28,15,{'JAM'},{'JAM_MODERATE_TRAFFIC'},30,{7},5.0
2e69ec0f,2e69ec0ec,2020-11-14,12,{'JAM'},{'JAM_STAND_STILL_TRAFFIC'},30,{7},5.0
2e69ec0f,2e69ec0ec,2020-11-15,13,{'WEATHERHAZARD'},{'WEATHERHAZARD'},10,{7},5.8
2e69ec0f,2e69ec0f4,2020-09-04,17,{'JAM'},{'JAM_HEAVY_TRAFFIC'},31,{7},5.0
2e69ec0f,2e69ec0f4,2020-10-03,11,{'JAM'},{'JAM_MODERATE_TRAFFIC'},30,{7},5.0
2e69ec0f,2e69ec0f4,2020-10-06,8,{'JAM'},{'JAM_HEAVY_TRAFFIC'},15,{7},5.0
2e69ec0f,2e69ec0f4,2020-10-17,13,{'JAM'},{'JAM_HEAVY_TRAFFIC'},30,{7},5.0
2e69ec0f,2e69ec0f4,2020-10-17,18,{'JAM'},{'JAM'},32,{7},5.0
2e69ec0f,2e69ec0f4,2020-10-24,10,{'JAM'},{'JAM_HEAVY_TRAFFIC'},31,{7},5.548387096774194
2e69ec0f,2e69ec0f4,2020-10-25,15,{'JAM'},{'JAM_HEAVY_TRAFFIC'},11,{7},5.0
2e69ec0f,2e69ec0f4,2020-10-31,17,{'JAM'},{'JAM_STAND_STILL_TRAFFIC'},5,{7},5.0
2e69ec0f,2e69ec0f4,2020-11-02,8,{'JAM'},{'JAM_HEAVY_TRAFFIC'},21,{7},5.9523809523809526
2e69ec0f,2e69ec0f4,2020-11-02,13,{'JAM'},{'JAM_STAND_STILL_TRAFFIC'},10,{7},5.0
2e69ec0f,2e69ec0f4,2020-11-04,9,{'JAM'},{'JAM_MODERATE_TRAFFIC'},11,{7},5.0
2e69ec0f,2e69ec0f4,2020-11-11,9,{'JAM'},{'JAM_STAND_STILL_TRAFFIC'},25,{7},5.0
2e69ec0f,2e69ec0f4,2020-11-12,16,{'WEATHERHAZARD'},{'WEATHERHAZARD'},31,{7},5.0
2e69ec0f,2e69ec0f4,2020-11-14,11,{'JAM'},{'JAM_STAND_STILL_TRAFFIC'},128,{7},5.0
2e69ec0f,2e69ec0f4,2020-11-14,12,{'JAM'},{'JAM_STAND_STILL_TRAFFIC'},60,{7},6.033333333333333
2e69ec0f,2e69ec0f4,2020-11-14,13,{'JAM'},{'JAM_HEAVY_TRAFFIC'},30,{7},5.0
2e69ec0f,2e69ec0f4,2020-11-16,16,{'JAM'},{'JAM_HEAVY_TRAFFIC'},30,{7},5.8
2e69ec11,2e69ec114,2020-10-02,20,{'JAM'},{'JAM_STAND_STILL_TRAFFIC'},31,{7},5.0
2e69ec11,2e69ec114,2020-10-03,16,{'JAM'},{'JAM_STAND_STILL_TRAFFIC'},31,{7},5.483870967741935
2e69ec11,2e69ec114,2020-10-14,17,{'WEATHERHAZARD'},{'HAZARD_ON_ROAD'},21,{7},9.571428571428571
2e69ec11,2e69ec114,2020-10-19,19,{'JAM'},{'JAM_STAND_STILL_TRAFFIC'},32,{7},5.0
2e69ec11,2e69ec114,2020-10-26,19,{'JAM'},{'JAM_HEAVY_TRAFFIC'},31,{7},5.0
2e69ec11,2e69ec114,2020-11-02,8,{'JAM'},{'JAM_HEAVY_TRAFFIC'},14,{7},5.0
2e69ec11,2e69ec114,2020-11-13,17,{'JAM'},{'JAM_HEAVY_TRAFFIC'},30,{7},5.0
2e69ec11,2e69ec114,2020-11-20,13,{'WEATHERHAZARD'},{'HAZARD_ON_ROAD_CAR_STOPPED'},59,{7},8.033898305084746
2e69ec11,2e69ec114,2020-11-20,19,{'JAM'},{'JAM_STAND_STILL_TRAFFIC'},32,{7},5.0
2e69ec11,2e69ec11c,2020-10-14,17,{'JAM'},"{'JAM_STAND_STILL_TRAFFIC', 'JAM_HEAVY_TRAFFIC'}",61,{7},6.295081967213115
2e69ec11,2e69ec11c,2020-10-17,14,{'JAM'},{'JAM_STAND_STILL_TRAFFIC'},45,{7},6.0
2e69ec11,2e69ec11c,2020-10-24,11,{'JAM'},{'JAM_STAND_STILL_TRAFFIC'},30,{7},5.0
2e69ec11,2e69ec11c,2020-11-02,7,{'JAM'},{'JAM_STAND_STILL_TRAFFIC'},32,{7},5.0
2e69ec11,2e69ec11c,2020-11-02,8,{'JAM'},{'JAM_HEAVY_TRAFFIC'},17,{7},6.0
2e69ec11,2e69ec11c,2020-11-03,16,{'JAM'},{'JAM_STAND_STILL_TRAFFIC'},41,{7},5.414634146341464
2e69ec11,2e69ec11c,2020-11-07,13,{'JAM'},{'JAM_HEAVY_TRAFFIC'},30,{7},5.0
2e69ec11,2e69ec11c,2020-11-09,17,{'JAM'},{'JAM_HEAVY_TRAFFIC'},30,{7},5.0
2e69ec11,2e69ec11c,2020-11-09,18,{'JAM'},{'JAM'},30,{7},5.0
2e69ec11,2e69ec11c,2020-11-14,12,{'JAM'},{'JAM_STAND_STILL_TRAFFIC'},30,{7},5.0
2e69ec11,2e69ec11c,2020-11-14,15,{'JAM'},{'JAM_STAND_STILL_TRAFFIC'},30,{7},5.0
2e69ec11,2e69ec11c,2020-11-18,17,{'JAM'},{'JAM_STAND_STILL_TRAFFIC'},32,{7},5.0
2e69ec11,2e69ec11c,2020-11-18,18,{'WEATHERHAZARD'},{'HAZARD_ON_ROAD_CAR_STOPPED'},33,{7},8.424242424242424
2e69ec11,2e69ec11c,2020-11-20,17,{'JAM'},{'JAM_STAND_STILL_TRAFFIC'},21,{7},5.0
2e69ec13,2e69ec13c,2020-11-19,11,{'ACCIDENT'},{'ACCIDENT'},123,{1},6.0
2e69ec17,2e69ec164,2020-09-01,16,"{'JAM', 'WEATHERHAZARD'}","{'HAZARD_ON_SHOULDER_CAR_STOPPED', 'JAM_STAND_STILL_TRAFFIC'}",74,{7},6.175675675675675
2e69ec17,2e69ec164,2020-10-26,8,{'JAM'},{'JAM_STAND_STILL_TRAFFIC'},30,{7},5.0
2e69ec17,2e69ec164,2020-10-26,9,{'JAM'},{'JAM_HEAVY_TRAFFIC'},26,{7},5.115384615384615
2e69ec17,2e69ec164,2020-11-01,17,{'JAM'},{'JAM_HEAVY_TRAFFIC'},30,{7},5.0
2e69ec17,2e69ec164,2020-11-02,7,{'JAM'},{'JAM_STAND_STILL_TRAFFIC'},32,{7},5.96875
2e69ec17,2e69ec164,2020-11-02,9,{'JAM'},{'JAM_STAND_STILL_TRAFFIC'},32,{7},5.0
2e69ec17,2e69ec16c,2020-09-10,17,{'ACCIDENT'},{'ACCIDENT'},20,{7},5.9
2e69ec17,2e69ec16c,2020-10-31,20,{'JAM'},{'JAM_MODERATE_TRAFFIC'},30,{7},5.0
2e69ec17,2e69ec16c,2020-11-02,6,{'JAM'},{'JAM_STAND_STILL_TRAFFIC'},31,{7},5.0
2e69ec17,2e69ec16c,2020-11-02,8,{'JAM'},{'JAM_HEAVY_TRAFFIC'},32,{7},7.0
2e69ec17,2e69ec17c,2020-10-05,17,{'JAM'},{'JAM'},18,{2},5.0
2e69ec1f,2e69ec1fc,2020-11-16,14,{'JAM'},{'JAM'},34,{1},5.0
2e69ec21,2e69ec204,2020-10-07,20,{'WEATHERHAZARD'},{'WEATHERHAZARD'},33,{1},5.0
2e69ec21,2e69ec214,2020-09-06,7,{'JAM'},{'JAM_HEAVY_TRAFFIC'},30,{1},6.9
2e69ec35,2e69ec354,2020-11-18,14,{'WEATHERHAZARD'},{'WEATHERHAZARD'},31,{22},5.0
2e69ec39,2e69ec38c,2020-10-01,13,{'WEATHERHAZARD'},{'WEATHERHAZARD'},32,{1},6.0
2e69ec39,2e69ec38c,2020-10-08,11,{'WEATHERHAZARD'},{'HAZARD_ON_SHOULDER'},30,{7},5.066666666666666
2e69ec39,2e69ec38c,2020-11-09,7,{'JAM'},{'JAM_HEAVY_TRAFFIC'},13,{7},5.0
2e69ec39,2e69ec38c,2020-11-11,17,{'JAM'},{'JAM_MODERATE_TRAFFIC'},32,{7},5.0
2e69ec39,2e69ec38c,2020-11-18,21,{'JAM'},{'JAM_STAND_STILL_TRAFFIC'},33,{7},5.0
2e69ec39,2e69ec394,2020-10-08,9,{'JAM'},{'JAM_HEAVY_TRAFFIC'},46,{7},7.217391304347826
2e69ec39,2e69ec394,2020-11-02,10,{'JAM'},{'JAM_STAND_STILL_TRAFFIC'},30,{7},5.0
2e69ec39,2e69ec394,2020-11-12,8,{'JAM'},{'JAM_MODERATE_TRAFFIC'},30,{7},5.0
2e69ec39,2e69ec394,2020-11-16,7,{'JAM'},{'JAM_STAND_STILL_TRAFFIC'},30,{7},5.0
2e69ec39,2e69ec394,2020-11-18,7,{'JAM'},"{'JAM_STAND_STILL_TRAFFIC', 'JAM_MODERATE_TRAFFIC'}",57,{7},5.0
2e69ec3d,2e69ec3c4,2020-09-01,6,{'WEATHERHAZARD'},{'HAZARD_ON_ROAD_CONSTRUCTION'},412,{7},6.679611650485437
2e69ec3d,2e69ec3c4,2020-09-04,6,{'WEATHERHAZARD'},{'HAZARD_ON_ROAD_CONSTRUCTION'},255,{7},9.552941176470588
2e69ec3d,2e69ec3c4,2020-09-04,21,{'JAM'},{'JAM_HEAVY_TRAFFIC'},23,{7},5.0
2e69ec3d,2e69ec3c4,2020-09-05,9,{'JAM'},{'JAM_STAND_STILL_TRAFFIC'},31,{7},5.516129032258065
2e69ec3d,2e69ec3c4,2020-09-05,11,{'JAM'},{'JAM_HEAVY_TRAFFIC'},31,{7},5.0
2e69ec3d,2e69ec3c4,2020-09-09,7,{'JAM'},{'JAM_MODERATE_TRAFFIC'},23,{7},5.0
2e69ec3d,2e69ec3c4,2020-09-13,16,{'JAM'},{'JAM_HEAVY_TRAFFIC'},37,{7},5.486486486486487
2e69ec3d,2e69ec3c4,2020-09-14,11,{'WEATHERHAZARD'},{'HAZARD_ON_ROAD_CONSTRUCTION'},24,{7},6.75
2e69ec3d,2e69ec3c4,2020-09-15,13,{'WEATHERHAZARD'},{'HAZARD_ON_ROAD_CONSTRUCTION'},149,{7},7.651006711409396
2e69ec3d,2e69ec3c4,2020-09-15,17,{'JAM'},{'JAM_STAND_STILL_TRAFFIC'},24,{7},5.291666666666667
2e69ec3d,2e69ec3c4,2020-09-17,7,{'WEATHERHAZARD'},{'HAZARD_ON_ROAD_CONSTRUCTION'},53,{7},6.584905660377358
2e69ec3d,2e69ec3c4,2020-09-17,9,{'WEATHERHAZARD'},{'HAZARD_ON_ROAD_CONSTRUCTION'},124,{7},7.92741935483871
2e69ec3d,2e69ec3c4,2020-09-19,7,{'WEATHERHAZARD'},{'HAZARD_ON_ROAD_CONSTRUCTION'},284,{7},7.774647887323944
2e69ec3d,2e69ec3c4,2020-09-22,18,{'WEATHERHAZARD'},{'HAZARD_ON_ROAD_CONSTRUCTION'},236,{7},7.927966101694915
2e69ec3d,2e69ec3c4,2020-09-24,11,{'JAM'},{'JAM_STAND_STILL_TRAFFIC'},5,{7},5.0
2e69ec3d,2e69ec3c4,2020-09-25,11,"{'JAM', 'WEATHERHAZARD', 'ACCIDENT'}","{'JAM_STAND_STILL_TRAFFIC', 'HAZARD_ON_ROAD_CONSTRUCTION', 'ACCIDENT_MAJOR'}",682,{7},5.973607038123167
2e69ec3d,2e69ec3c4,2020-09-28,7,{'WEATHERHAZARD'},{'HAZARD_ON_ROAD_CONSTRUCTION'},351,{7},6.455840455840455
2e69ec3d,2e69ec3c4,2020-09-30,7,"{'JAM', 'WEATHERHAZARD'}","{'HAZARD_ON_ROAD_CONSTRUCTION', 'JAM_HEAVY_TRAFFIC'}",378,{7},8.031746031746032
2e69ec3d,2e69ec3c4,2020-09-30,9,{'JAM'},{'JAM_MODERATE_TRAFFIC'},25,{7},5.0
2e69ec3d,2e69ec3c4,2020-10-02,7,{'WEATHERHAZARD'},{'HAZARD_ON_ROAD_CONSTRUCTION'},427,{7},8.784543325526933
2e69ec3d,2e69ec3c4,2020-10-02,14,{'WEATHERHAZARD'},{'HAZARD_ON_ROAD_CONSTRUCTION'},217,{7},7.76036866359447
2e69ec3d,2e69ec3c4,2020-10-08,6,{'WEATHERHAZARD'},{'HAZARD_ON_ROAD_CONSTRUCTION'},242,{7},8.826446280991735
2e69ec3d,2e69ec3c4,2020-10-13,8,{'JAM'},{'JAM_HEAVY_TRAFFIC'},31,{7},5.0
2e69ec3d,2e69ec3c4,2020-10-16,6,{'WEATHERHAZARD'},{'HAZARD_ON_ROAD_CONSTRUCTION'},171,{7},7.83625730994152
2e69ec3d,2e69ec3c4,2020-10-19,8,{'JAM'},{'JAM_HEAVY_TRAFFIC'},31,{7},5.0
2e69ec3d,2e69ec3c4,2020-10-19,16,{'JAM'},{'JAM_STAND_STILL_TRAFFIC'},7,{7},5.0
2e69ec3d,2e69ec3c4,2020-10-20,9,"{'JAM', 'WEATHERHAZARD'}","{'HAZARD_ON_SHOULDER_CAR_STOPPED', 'JAM_HEAVY_TRAFFIC'}",62,{7},5.0
2e69ec3d,2e69ec3c4,2020-10-21,9,{'JAM'},{'JAM_MODERATE_TRAFFIC'},33,{7},5.0
2e69ec3d,2e69ec3c4,2020-10-22,15,{'WEATHERHAZARD'},{'HAZARD_ON_ROAD_CONSTRUCTION'},72,{7},7.166666666666667
2e69ec3d,2e69ec3c4,2020-10-23,6,{'WEATHERHAZARD'},{'HAZARD_ON_ROAD_CONSTRUCTION'},553,{7},9.083182640144665
2e69ec3d,2e69ec3c4,2020-10-24,11,{'JAM'},{'JAM_HEAVY_TRAFFIC'},30,{7},5.0
2e69ec3d,2e69ec3c4,2020-10-24,13,{'JAM'},{'JAM_MODERATE_TRAFFIC'},31,{7},5.0
2e69ec3d,2e69ec3c4,2020-10-26,6,{'JAM'},{'JAM'},34,{7},5.9411764705882355
2e69ec3d,2e69ec3c4,2020-10-26,18,{'JAM'},{'JAM_STAND_STILL_TRAFFIC'},30,{7},5.0
2e69ec3d,2e69ec3c4,2020-10-27,15,{'JAM'},{'JAM_STAND_STILL_TRAFFIC'},31,{7},5.0
2e69ec3d,2e69ec3c4,2020-10-27,16,"{'JAM', 'WEATHERHAZARD'}","{'HAZARD_ON_ROAD_CONSTRUCTION', 'JAM_HEAVY_TRAFFIC'}",85,{7},7.376470588235295
2e69ec3d,2e69ec3c4,2020-10-29,20,{'WEATHERHAZARD'},{'HAZARD_ON_ROAD_CONSTRUCTION'},145,{7},5.875862068965517
2e69ec3d,2e69ec3c4,2020-10-30,10,{'JAM'},{'JAM_MODERATE_TRAFFIC'},16,{7},5.9375
2e69ec3d,2e69ec3c4,2020-10-31,8,{'JAM'},{'JAM_STAND_STILL_TRAFFIC'},31,{7},5.0
2e69ec3d,2e69ec3c4,2020-10-31,10,{'JAM'},"{'JAM_STAND_STILL_TRAFFIC', 'JAM_HEAVY_TRAFFIC'}",62,{7},5.32258064516129
2e69ec3d,2e69ec3c4,2020-10-31,14,{'JAM'},{'JAM_STAND_STILL_TRAFFIC'},69,{7},5.217391304347826
2e69ec3d,2e69ec3c4,2020-10-31,19,{'JAM'},{'JAM_HEAVY_TRAFFIC'},32,{7},6.40625
2e69ec3d,2e69ec3c4,2020-11-01,11,{'JAM'},{'JAM_HEAVY_TRAFFIC'},31,{7},5.0
2e69ec3d,2e69ec3c4,2020-11-01,14,{'WEATHERHAZARD'},{'HAZARD_ON_ROAD_CONSTRUCTION'},99,{7},9.11111111111111
2e69ec3d,2e69ec3c4,2020-11-01,15,{'JAM'},{'JAM_HEAVY_TRAFFIC'},37,{7},5.4324324324324325
2e69ec3d,2e69ec3c4,2020-11-01,16,{'WEATHERHAZARD'},{'HAZARD_ON_ROAD_CONSTRUCTION'},56,{7},8.446428571428571
2e69ec3d,2e69ec3c4,2020-11-01,17,{'JAM'},{'JAM_STAND_STILL_TRAFFIC'},31,{7},5.0
2e69ec3d,2e69ec3c4,2020-11-01,19,"{'JAM', 'WEATHERHAZARD'}","{'HAZARD_ON_ROAD_CONSTRUCTION', 'JAM_HEAVY_TRAFFIC'}",54,{7},6.166666666666667
2e69ec3d,2e69ec3c4,2020-11-02,6,{'JAM'},{'JAM_STAND_STILL_TRAFFIC'},92,{7},5.663043478260869
2e69ec3d,2e69ec3c4,2020-11-02,7,{'JAM'},{'JAM'},27,{7},6.0
2e69ec3d,2e69ec3c4,2020-11-02,9,{'JAM'},{'JAM_STAND_STILL_TRAFFIC'},60,{7},5.5
2e69ec3d,2e69ec3c4,2020-11-02,12,{'JAM'},{'JAM_HEAVY_TRAFFIC'},34,{7},5.0
2e69ec3d,2e69ec3c4,2020-11-02,13,{'JAM'},{'JAM_STAND_STILL_TRAFFIC'},62,{7},5.0
2e69ec3d,2e69ec3c4,2020-11-02,14,{'JAM'},{'JAM_HEAVY_TRAFFIC'},33,{7},5.0
2e69ec3d,2e69ec3c4,2020-11-02,15,"{'JAM', 'WEATHERHAZARD'}","{'HAZARD_ON_ROAD_CONSTRUCTION', 'JAM_MODERATE_TRAFFIC'}",150,{7},7.1
2e69ec3d,2e69ec3c4,2020-11-02,17,{'JAM'},{'JAM_STAND_STILL_TRAFFIC'},61,{7},5.0
2e69ec3d,2e69ec3c4,2020-11-02,19,{'JAM'},{'JAM_HEAVY_TRAFFIC'},23,{7},5.0
2e69ec3d,2e69ec3c4,2020-11-03,6,{'JAM'},{'JAM_MODERATE_TRAFFIC'},30,{7},5.0
2e69ec3d,2e69ec3c4,2020-11-03,10,{'JAM'},{'JAM_HEAVY_TRAFFIC'},60,{7},5.0
2e69ec3d,2e69ec3c4,2020-11-03,11,{'WEATHERHAZARD'},{'HAZARD_ON_ROAD_CONSTRUCTION'},265,{7},9.479245283018868
2e69ec3d,2e69ec3c4,2020-11-03,14,{'JAM'},{'JAM_HEAVY_TRAFFIC'},32,{7},5.0
2e69ec3d,2e69ec3c4,2020-11-04,6,{'JAM'},{'JAM_STAND_STILL_TRAFFIC'},63,{7},5.0
2e69ec3d,2e69ec3c4,2020-11-04,9,{'JAM'},{'JAM_STAND_STILL_TRAFFIC'},31,{7},5.0
2e69ec3d,2e69ec3c4,2020-11-04,11,{'JAM'},{'JAM_STAND_STILL_TRAFFIC'},74,{7},5.8108108108108105
2e69ec3d,2e69ec3c4,2020-11-04,13,"{'JAM', 'WEATHERHAZARD'}","{'HAZARD_ON_ROAD_CONSTRUCTION', 'JAM_HEAVY_TRAFFIC'}",196,{7},8.28061224489796
2e69ec3d,2e69ec3c4,2020-11-04,18,{'JAM'},{'JAM_STAND_STILL_TRAFFIC'},8,{7},5.0
2e69ec3d,2e69ec3c4,2020-11-05,8,{'JAM'},{'JAM_HEAVY_TRAFFIC'},35,{7},8.342857142857143
2e69ec3d,2e69ec3c4,2020-11-05,9,"{'JAM', 'WEATHERHAZARD'}","{'JAM_STAND_STILL_TRAFFIC', 'HAZARD_ON_ROAD_CONSTRUCTION', 'JAM_HEAVY_TRAFFIC'}",416,{7},6.913461538461538
2e69ec3d,2e69ec3c4,2020-11-05,10,{'JAM'},{'JAM_HEAVY_TRAFFIC'},30,{7},5.0
2e69ec3d,2e69ec3c4,2020-11-05,11,"{'JAM', 'WEATHERHAZARD'}","{'HAZARD_ON_ROAD_CONSTRUCTION', 'JAM_MODERATE_TRAFFIC', 'JAM_HEAVY_TRAFFIC'}",78,{7},5.948717948717949
2e69ec3d,2e69ec3c4,2020-11-05,13,{'JAM'},{'JAM_HEAVY_TRAFFIC'},30,{7},5.0
2e69ec3d,2e69ec3c4,2020-11-05,16,{'JAM'},{'JAM_HEAVY_TRAFFIC'},31,{7},5.0
2e69ec3d,2e69ec3c4,2020-11-05,18,"{'JAM', 'WEATHERHAZARD'}","{'JAM_STAND_STILL_TRAFFIC', 'HAZARD_ON_SHOULDER_MISSING_SIGN'}",58,{7},5.4655172413793105
2e69ec3d,2e69ec3c4,2020-11-06,7,"{'JAM', 'WEATHERHAZARD'}","{'HAZARD_ON_ROAD_CONSTRUCTION', 'JAM_HEAVY_TRAFFIC'}",87,{7},6.67816091954023
2e69ec3d,2e69ec3c4,2020-11-06,10,{'JAM'},{'JAM_STAND_STILL_TRAFFIC'},31,{7},5.0
2e69ec3d,2e69ec3c4,2020-11-06,14,{'WEATHERHAZARD'},{'HAZARD_ON_ROAD_CONSTRUCTION'},157,{7},8.159235668789808
2e69ec3d,2e69ec3c4,2020-11-06,15,{'JAM'},{'JAM_STAND_STILL_TRAFFIC'},35,{7},5.0
2e69ec3d,2e69ec3c4,2020-11-06,17,{'WEATHERHAZARD'},{'HAZARD_ON_ROAD_CONSTRUCTION'},72,{7},8.166666666666666
2e69ec3d,2e69ec3c4,2020-11-07,8,{'JAM'},"{'JAM', 'JAM_MODERATE_TRAFFIC'}",64,{7},5.5
2e69ec3d,2e69ec3c4,2020-11-07,9,"{'JAM', 'WEATHERHAZARD'}","{'JAM_STAND_STILL_TRAFFIC', 'HAZARD_ON_ROAD_CONSTRUCTION', 'JAM_HEAVY_TRAFFIC'}",93,{7},5.505376344086022
2e69ec3d,2e69ec3c4,2020-11-07,15,{'WEATHERHAZARD'},{'WEATHERHAZARD'},22,{7},6.045454545454546
2e69ec3d,2e69ec3c4,2020-11-07,19,"{'JAM', 'WEATHERHAZARD'}","{'HAZARD_ON_ROAD_CONSTRUCTION', 'JAM_HEAVY_TRAFFIC'}",126,{7},7.833333333333333
2e69ec3d,2e69ec3c4,2020-11-08,11,{'WEATHERHAZARD'},{'HAZARD_ON_ROAD_CONSTRUCTION'},37,{7},7.081081081081081
2e69ec3d,2e69ec3c4,2020-11-08,12,"{'JAM', 'WEATHERHAZARD'}","{'HAZARD_ON_ROAD_CONSTRUCTION', 'JAM_HEAVY_TRAFFIC'}",182,{7},7.225274725274725
2e69ec3d,2e69ec3c4,2020-11-08,13,"{'JAM', 'WEATHERHAZARD'}","{'WEATHERHAZARD', 'JAM_HEAVY_TRAFFIC'}",68,{7},6.5588235294117645
2e69ec3d,2e69ec3c4,2020-11-08,15,{'JAM'},"{'JAM', 'JAM_STAND_STILL_TRAFFIC'}",61,{7},5.426229508196721
2e69ec3d,2e69ec3c4,2020-11-08,20,"{'JAM', 'WEATHERHAZARD'}","{'HAZARD_ON_ROAD_CONSTRUCTION', 'JAM_HEAVY_TRAFFIC'}",166,{7},8.662650602409638
2e69ec3d,2e69ec3c4,2020-11-09,7,"{'JAM', 'WEATHERHAZARD'}","{'HAZARD_ON_ROAD_CONSTRUCTION', 'JAM_HEAVY_TRAFFIC'}",207,{7},8.652173913043478
2e69ec3d,2e69ec3c4,2020-11-09,11,{'JAM'},{'JAM_HEAVY_TRAFFIC'},30,{7},5.0
2e69ec3d,2e69ec3c4,2020-11-09,16,{'JAM'},{'JAM_STAND_STILL_TRAFFIC'},16,{7},5.0
2e69ec3d,2e69ec3c4,2020-11-09,17,{'JAM'},{'JAM_STAND_STILL_TRAFFIC'},1,{7},6.0
2e69ec3d,2e69ec3c4,2020-11-10,10,{'JAM'},{'JAM_HEAVY_TRAFFIC'},31,{7},5.0
2e69ec3d,2e69ec3c4,2020-11-10,12,{'JAM'},{'JAM_HEAVY_TRAFFIC'},33,{7},5.0
2e69ec3d,2e69ec3c4,2020-11-10,13,"{'JAM', 'WEATHERHAZARD'}","{'HAZARD_ON_ROAD_CONSTRUCTION', 'JAM_HEAVY_TRAFFIC'}",51,{7},6.627450980392157
2e69ec3d,2e69ec3c4,2020-11-10,22,{'WEATHERHAZARD'},{'HAZARD_ON_ROAD_CONSTRUCTION'},92,{7},6.445652173913044
2e69ec3d,2e69ec3c4,2020-11-13,8,"{'JAM', 'WEATHERHAZARD'}","{'HAZARD_ON_ROAD_CONSTRUCTION', 'JAM_HEAVY_TRAFFIC'}",162,{7},8.641975308641975
2e69ec3d,2e69ec3c4,2020-11-14,10,{'JAM'},{'JAM_STAND_STILL_TRAFFIC'},30,{7},5.5
2e69ec3d,2e69ec3c4,2020-11-14,11,{'WEATHERHAZARD'},{'HAZARD_ON_ROAD_CONSTRUCTION'},89,{7},8.842696629213483
2e69ec3d,2e69ec3c4,2020-11-15,6,{'WEATHERHAZARD'},{'HAZARD_ON_ROAD_CONSTRUCTION'},345,{7},8.904347826086957
2e69ec3d,2e69ec3c4,2020-11-15,15,{'WEATHERHAZARD'},{'HAZARD_ON_ROAD_CONSTRUCTION'},139,{7},9.244604316546763
2e69ec3d,2e69ec3c4,2020-11-15,16,{'JAM'},{'JAM_HEAVY_TRAFFIC'},31,{7},5.0
2e69ec3d,2e69ec3c4,2020-11-15,20,{'WEATHERHAZARD'},{'HAZARD_ON_ROAD_CONSTRUCTION'},126,{7},9.34920634920635
2e69ec3d,2e69ec3c4,2020-11-16,8,"{'JAM', 'WEATHERHAZARD'}","{'HAZARD_ON_ROAD_CONSTRUCTION', 'JAM_HEAVY_TRAFFIC'}",118,{7},7.728813559322034
2e69ec3d,2e69ec3c4,2020-11-17,13,{'WEATHERHAZARD'},{'HAZARD_ON_ROAD_CONSTRUCTION'},107,{7},9.327102803738319
2e69ec3d,2e69ec3c4,2020-11-18,13,{'JAM'},{'JAM_STAND_STILL_TRAFFIC'},31,{7},5.0
2e69ec3d,2e69ec3c4,2020-11-18,15,"{'JAM', 'WEATHERHAZARD'}","{'JAM_STAND_STILL_TRAFFIC', 'HAZARD_ON_ROAD_CONSTRUCTION'}",101,{7},5.910891089108911
2e69ec3d,2e69ec3c4,2020-11-18,18,{'WEATHERHAZARD'},{'HAZARD_ON_ROAD_CONSTRUCTION'},62,{7},5.048387096774194
2e69ec3d,2e69ec3c4,2020-11-19,7,{'WEATHERHAZARD'},{'HAZARD_ON_ROAD_CONSTRUCTION'},101,{7},8.346534653465346
2e69ec3d,2e69ec3c4,2020-11-19,9,{'JAM'},{'JAM_STAND_STILL_TRAFFIC'},30,{7},5.833333333333333
2e69ec3d,2e69ec3c4,2020-11-19,10,{'WEATHERHAZARD'},{'HAZARD_ON_ROAD_CONSTRUCTION'},70,{7},8.5
2e69ec3d,2e69ec3c4,2020-11-20,9,{'JAM'},{'JAM_HEAVY_TRAFFIC'},38,{7},5.447368421052632
2e69ec3d,2e69ec3c4,2020-11-20,10,{'JAM'},{'JAM_HEAVY_TRAFFIC'},30,{7},5.0
2e69ec3d,2e69ec3c4,2020-11-21,9,"{'WEATHERHAZARD', 'ACCIDENT'}","{'HAZARD_ON_ROAD_CONSTRUCTION', 'ACCIDENT_MINOR'}",134,{7},7.253731343283582
2e69ec3d,2e69ec3c4,2020-11-21,15,{'WEATHERHAZARD'},{'HAZARD_ON_ROAD_CONSTRUCTION'},32,{7},6.34375
2e69ec3d,2e69ec3c4,2020-11-22,5,{'WEATHERHAZARD'},{'HAZARD_ON_ROAD_CONSTRUCTION'},212,{7},6.85377358490566
2e69ec3d,2e69ec3c4,2020-11-22,12,{'WEATHERHAZARD'},{'HAZARD_ON_ROAD_CONSTRUCTION'},49,{7},7.673469387755102
2e69ec3d,2e69ec3c4,2020-11-22,16,"{'JAM', 'WEATHERHAZARD'}","{'HAZARD_ON_ROAD_CONSTRUCTION', 'JAM_HEAVY_TRAFFIC'}",67,{7},6.611940298507463
2e69ec3d,2e69ec3c4,2020-11-22,20,"{'JAM', 'WEATHERHAZARD'}","{'JAM_STAND_STILL_TRAFFIC', 'HAZARD_ON_ROAD_CONSTRUCTION'}",96,{7},7.104166666666667
2e69ec3d,2e69ec3cc,2020-09-13,16,{'JAM'},{'JAM_STAND_STILL_TRAFFIC'},41,{7},6.390243902439025
2e69ec3d,2e69ec3cc,2020-10-17,12,{'JAM'},{'JAM_HEAVY_TRAFFIC'},5,{7},5.0
2e69ec3d,2e69ec3cc,2020-10-20,13,{'WEATHERHAZARD'},{'HAZARD_ON_SHOULDER_ANIMALS'},33,{7},5.575757575757576
2e69ec3d,2e69ec3cc,2020-10-23,8,{'JAM'},{'JAM_HEAVY_TRAFFIC'},31,{7},5.0
2e69ec3d,2e69ec3cc,2020-10-30,13,{'WEATHERHAZARD'},{'HAZARD_ON_ROAD_CONSTRUCTION'},722,{7},5.0
2e69ec3d,2e69ec3cc,2020-10-31,6,{'WEATHERHAZARD'},{'HAZARD_ON_ROAD_CONSTRUCTION'},228,{7},8.214912280701755
2e69ec3d,2e69ec3cc,2020-10-31,18,{'JAM'},{'JAM_HEAVY_TRAFFIC'},32,{7},6.71875
2e69ec3d,2e69ec3cc,2020-11-01,11,{'JAM'},{'JAM_HEAVY_TRAFFIC'},42,{7},5.357142857142857
2e69ec3d,2e69ec3cc,2020-11-01,12,{'JAM'},{'JAM_HEAVY_TRAFFIC'},31,{7},5.516129032258065
2e69ec3d,2e69ec3cc,2020-11-01,18,{'JAM'},{'JAM_STAND_STILL_TRAFFIC'},44,{7},6.340909090909091
2e69ec3d,2e69ec3cc,2020-11-02,7,{'JAM'},{'JAM_MODERATE_TRAFFIC'},30,{7},5.0
2e69ec3d,2e69ec3cc,2020-11-02,10,{'JAM'},{'JAM_HEAVY_TRAFFIC'},31,{7},5.0
2e69ec3d,2e69ec3cc,2020-11-02,11,{'JAM'},{'JAM_HEAVY_TRAFFIC'},46,{7},5.369565217391305
2e69ec3d,2e69ec3cc,2020-11-03,6,{'JAM'},{'JAM_MODERATE_TRAFFIC'},32,{7},5.0
2e69ec3d,2e69ec3cc,2020-11-04,11,{'JAM'},{'JAM_STAND_STILL_TRAFFIC'},1,{7},5.0
2e69ec3d,2e69ec3cc,2020-11-05,9,{'JAM'},{'JAM_HEAVY_TRAFFIC'},33,{7},6.0606060606060606
2e69ec3d,2e69ec3cc,2020-11-06,8,{'JAM'},{'JAM_HEAVY_TRAFFIC'},35,{7},6.428571428571429
2e69ec3d,2e69ec3cc,2020-11-07,13,{'JAM'},{'JAM_STAND_STILL_TRAFFIC'},32,{7},5.875
2e69ec3d,2e69ec3cc,2020-11-07,20,{'JAM'},{'JAM_STAND_STILL_TRAFFIC'},32,{7},5.0
2e69ec3d,2e69ec3cc,2020-11-08,12,{'WEATHERHAZARD'},{'HAZARD_ON_ROAD_CONSTRUCTION'},62,{7},7.129032258064516
2e69ec3d,2e69ec3cc,2020-11-10,13,{'JAM'},{'JAM'},24,{7},5.0
2e69ec3d,2e69ec3cc,2020-11-11,18,{'JAM'},{'JAM_HEAVY_TRAFFIC'},14,{7},5.0
2e69ec3d,2e69ec3cc,2020-11-12,6,{'JAM'},{'JAM'},31,{7},5.0
2e69ec3d,2e69ec3cc,2020-11-12,16,{'ACCIDENT'},{'ACCIDENT_MINOR'},34,{7},5.617647058823529
2e69ec3d,2e69ec3cc,2020-11-13,16,{'JAM'},{'JAM_STAND_STILL_TRAFFIC'},31,{7},5.0
2e69ec3d,2e69ec3cc,2020-11-18,15,{'WEATHERHAZARD'},{'WEATHERHAZARD'},32,{7},5.09375
2e69ec3d,2e69ec3cc,2020-11-21,17,{'JAM'},{'JAM_HEAVY_TRAFFIC'},12,{7},5.0
2e69ec3d,2e69ec3d4,2020-09-14,6,{'JAM'},{'JAM'},30,{7},5.0
2e69ec3d,2e69ec3d4,2020-10-16,7,{'JAM'},{'JAM'},5,{7},5.0
2e69ec3d,2e69ec3d4,2020-10-20,6,{'JAM'},{'JAM'},31,{7},5.0
2e69ec3d,2e69ec3d4,2020-10-26,7,{'JAM'},{'JAM_STAND_STILL_TRAFFIC'},30,{7},5.966666666666667
2e69ec3d,2e69ec3d4,2020-10-27,7,{'JAM'},{'JAM_HEAVY_TRAFFIC'},30,{7},5.0
2e69ec3d,2e69ec3d4,2020-10-30,16,{'JAM'},{'JAM_HEAVY_TRAFFIC'},32,{7},6.0
2e69ec3d,2e69ec3d4,2020-10-30,20,{'JAM'},{'JAM_HEAVY_TRAFFIC'},30,{7},5.0
2e69ec3d,2e69ec3d4,2020-10-31,10,{'JAM'},{'JAM_STAND_STILL_TRAFFIC'},18,{7},5.666666666666667
2e69ec3d,2e69ec3d4,2020-10-31,13,{'JAM'},{'JAM_HEAVY_TRAFFIC'},31,{7},5.483870967741935
2e69ec3d,2e69ec3d4,2020-11-01,13,{'JAM'},{'JAM_HEAVY_TRAFFIC'},30,{7},5.8
2e69ec3d,2e69ec3d4,2020-11-01,14,{'JAM'},{'JAM_HEAVY_TRAFFIC'},40,{7},5.375
2e69ec3d,2e69ec3d4,2020-11-01,17,{'JAM'},{'JAM_STAND_STILL_TRAFFIC'},30,{7},6.7
2e69ec3d,2e69ec3d4,2020-11-02,5,{'JAM'},{'JAM_HEAVY_TRAFFIC'},30,{7},5.0
2e69ec3d,2e69ec3d4,2020-11-02,7,{'JAM'},{'JAM'},3,{7},5.0
2e69ec3d,2e69ec3d4,2020-11-02,13,{'JAM'},"{'JAM_STAND_STILL_TRAFFIC', 'JAM_MODERATE_TRAFFIC'}",45,{7},5.0
2e69ec3d,2e69ec3d4,2020-11-03,7,{'JAM'},{'JAM_HEAVY_TRAFFIC'},49,{7},5.73469387755102
2e69ec3d,2e69ec3d4,2020-11-04,7,{'JAM'},{'JAM_STAND_STILL_TRAFFIC'},11,{7},5.0
2e69ec3d,2e69ec3d4,2020-11-04,9,{'JAM'},{'JAM_STAND_STILL_TRAFFIC'},30,{7},5.0
2e69ec3d,2e69ec3d4,2020-11-05,11,{'JAM'},{'JAM_HEAVY_TRAFFIC'},28,{7},5.214285714285714
2e69ec3d,2e69ec3d4,2020-11-06,8,{'JAM'},{'JAM_STAND_STILL_TRAFFIC'},31,{7},5.516129032258065
2e69ec3d,2e69ec3d4,2020-11-07,15,{'JAM'},{'JAM_HEAVY_TRAFFIC'},30,{7},5.0
2e69ec3d,2e69ec3d4,2020-11-08,7,{'JAM'},{'JAM_MODERATE_TRAFFIC'},7,{7},5.0
2e69ec3d,2e69ec3d4,2020-11-08,19,{'JAM'},{'JAM_STAND_STILL_TRAFFIC'},30,{7},5.0
2e69ec3d,2e69ec3d4,2020-11-09,7,{'JAM'},{'JAM_HEAVY_TRAFFIC'},41,{7},6.2682926829268295
2e69ec3d,2e69ec3d4,2020-11-09,8,{'JAM'},{'JAM_STAND_STILL_TRAFFIC'},43,{7},6.093023255813954
2e69ec3d,2e69ec3d4,2020-11-09,9,{'JAM'},"{'JAM_STAND_STILL_TRAFFIC', 'JAM_HEAVY_TRAFFIC'}",71,{7},5.211267605633803
2e69ec3d,2e69ec3d4,2020-11-09,10,{'JAM'},{'JAM_STAND_STILL_TRAFFIC'},30,{7},5.0
2e69ec3d,2e69ec3d4,2020-11-09,17,{'JAM'},{'JAM_STAND_STILL_TRAFFIC'},30,{7},7.333333333333333
2e69ec3d,2e69ec3d4,2020-11-10,7,{'JAM'},{'JAM_STAND_STILL_TRAFFIC'},37,{7},5.45945945945946
2e69ec3d,2e69ec3d4,2020-11-11,9,{'JAM'},{'JAM_STAND_STILL_TRAFFIC'},32,{7},5.96875
2e69ec3d,2e69ec3d4,2020-11-12,8,{'JAM'},{'JAM_STAND_STILL_TRAFFIC'},32,{7},5.0
2e69ec3d,2e69ec3d4,2020-11-13,6,{'JAM'},{'JAM_HEAVY_TRAFFIC'},30,{7},5.9
2e69ec3d,2e69ec3d4,2020-11-13,7,{'JAM'},"{'JAM_STAND_STILL_TRAFFIC', 'JAM_MODERATE_TRAFFIC'}",56,{7},5.678571428571429
2e69ec3d,2e69ec3d4,2020-11-15,19,{'JAM'},{'JAM_STAND_STILL_TRAFFIC'},47,{7},5.787234042553192
2e69ec3d,2e69ec3d4,2020-11-16,8,{'JAM'},{'JAM_STAND_STILL_TRAFFIC'},20,{7},5.0
2e69ec3d,2e69ec3d4,2020-11-19,9,{'JAM'},{'JAM_STAND_STILL_TRAFFIC'},34,{7},6.647058823529412
2e69ec3d,2e69ec3d4,2020-11-21,15,{'JAM'},{'JAM_HEAVY_TRAFFIC'},32,{7},7.46875
2e69ec3d,2e69ec3dc,2020-09-01,6,{'WEATHERHAZARD'},{'HAZARD_ON_ROAD_TRAFFIC_LIGHT_FAULT'},30,{7},5.0
2e69ec3d,2e69ec3dc,2020-09-05,10,{'JAM'},{'JAM_STAND_STILL_TRAFFIC'},30,{7},5.0
2e69ec3d,2e69ec3dc,2020-09-05,11,{'JAM'},{'JAM_STAND_STILL_TRAFFIC'},26,{7},5.0
2e69ec3d,2e69ec3dc,2020-09-07,15,{'JAM'},{'JAM_MODERATE_TRAFFIC'},32,{7},5.0
2e69ec3d,2e69ec3dc,2020-10-26,6,{'JAM'},{'JAM_STAND_STILL_TRAFFIC'},30,{7},6.966666666666667
2e69ec3d,2e69ec3dc,2020-10-26,7,{'JAM'},{'JAM_HEAVY_TRAFFIC'},30,{7},5.0
2e69ec3d,2e69ec3dc,2020-10-26,8,{'JAM'},{'JAM_STAND_STILL_TRAFFIC'},37,{7},5.45945945945946
2e69ec3d,2e69ec3dc,2020-10-26,9,{'JAM'},{'JAM_STAND_STILL_TRAFFIC'},23,{7},5.0
2e69ec3d,2e69ec3dc,2020-10-30,16,{'JAM'},{'JAM_HEAVY_TRAFFIC'},32,{7},5.0
2e69ec3d,2e69ec3dc,2020-10-31,13,{'JAM'},{'JAM_STAND_STILL_TRAFFIC'},36,{7},5.0
2e69ec3d,2e69ec3dc,2020-10-31,14,{'JAM'},{'JAM_STAND_STILL_TRAFFIC'},30,{7},5.866666666666666
2e69ec3d,2e69ec3dc,2020-10-31,19,{'JAM'},{'JAM_HEAVY_TRAFFIC'},30,{7},5.0
2e69ec3d,2e69ec3dc,2020-11-01,11,{'JAM'},{'JAM_STAND_STILL_TRAFFIC'},30,{7},5.966666666666667
2e69ec3d,2e69ec3dc,2020-11-01,13,{'JAM'},{'JAM_STAND_STILL_TRAFFIC'},31,{7},5.0
2e69ec3d,2e69ec3dc,2020-11-01,14,{'JAM'},{'JAM_HEAVY_TRAFFIC'},71,{7},5.225352112676056
2e69ec3d,2e69ec3dc,2020-11-01,16,{'JAM'},{'JAM_STAND_STILL_TRAFFIC'},30,{7},5.0
2e69ec3d,2e69ec3dc,2020-11-01,19,{'JAM'},{'JAM_STAND_STILL_TRAFFIC'},31,{7},5.548387096774194
2e69ec3d,2e69ec3dc,2020-11-02,6,{'JAM'},"{'JAM', 'JAM_HEAVY_TRAFFIC'}",69,{7},5.217391304347826
2e69ec3d,2e69ec3dc,2020-11-03,9,{'JAM'},{'JAM_HEAVY_TRAFFIC'},26,{7},5.0
2e69ec3d,2e69ec3dc,2020-11-05,9,{'JAM'},{'JAM_HEAVY_TRAFFIC'},30,{7},5.0
2e69ec3d,2e69ec3dc,2020-11-06,9,{'JAM'},{'JAM_STAND_STILL_TRAFFIC'},31,{7},5.0
2e69ec3d,2e69ec3dc,2020-11-06,14,{'JAM'},{'JAM_HEAVY_TRAFFIC'},29,{7},5.0
2e69ec3d,2e69ec3dc,2020-11-12,8,{'JAM'},{'JAM_HEAVY_TRAFFIC'},30,{7},5.0
2e69ec3d,2e69ec3dc,2020-11-14,20,{'WEATHERHAZARD'},{'HAZARD_ON_ROAD_CAR_STOPPED'},33,{7},6.606060606060606
2e69ec3d,2e69ec3dc,2020-11-19,7,{'JAM'},{'JAM_HEAVY_TRAFFIC'},20,{7},5.0
2e69ec3d,2e69ec3dc,2020-11-19,9,{'JAM'},{'JAM_STAND_STILL_TRAFFIC'},31,{7},5.645161290322581
2e69ec3d,2e69ec3dc,2020-11-21,15,{'JAM'},{'JAM'},29,{7},5.586206896551724
2e69ec3f,2e69ec3f4,2020-09-13,19,{'JAM'},{'JAM_HEAVY_TRAFFIC'},31,{7},5.0
2e69ec41,2e69ec40c,2020-09-02,12,{'JAM'},{'JAM_MODERATE_TRAFFIC'},31,{7},5.0
2e69ec41,2e69ec40c,2020-09-04,14,{'JAM'},{'JAM_HEAVY_TRAFFIC'},30,{7},5.0
2e69ec41,2e69ec40c,2020-09-23,13,{'JAM'},{'JAM_STAND_STILL_TRAFFIC'},34,{7},5.0
2e69ec41,2e69ec40c,2020-10-03,11,{'JAM'},{'JAM_MODERATE_TRAFFIC'},64,{7},5.0
2e69ec41,2e69ec40c,2020-10-10,16,{'JAM'},{'JAM_MODERATE_TRAFFIC'},6,{7},5.0
2e69ec41,2e69ec40c,2020-10-16,13,{'JAM'},{'JAM_MODERATE_TRAFFIC'},32,{7},5.0
2e69ec41,2e69ec40c,2020-10-24,9,{'JAM'},{'JAM'},18,{7},5.0
2e69ec41,2e69ec40c,2020-11-05,17,{'JAM'},{'JAM_MODERATE_TRAFFIC'},32,{7},5.0
2e69ec41,2e69ec40c,2020-11-18,13,{'JAM'},{'JAM_STAND_STILL_TRAFFIC'},35,{7},5.885714285714286
2e69ec41,2e69ec40c,2020-11-19,17,{'JAM'},{'JAM_MODERATE_TRAFFIC'},35,{7},5.0
2e69ec41,2e69ec414,2020-09-09,13,{'JAM'},{'JAM_MODERATE_TRAFFIC'},5,{7},5.0
2e69ec41,2e69ec414,2020-10-16,13,{'JAM'},{'JAM_HEAVY_TRAFFIC'},20,{7},5.0
2e69ec41,2e69ec414,2020-10-18,13,{'WEATHERHAZARD'},{'WEATHERHAZARD'},31,{7},5.483870967741935
2e69ec41,2e69ec414,2020-10-24,9,{'ACCIDENT'},{'ACCIDENT'},57,{7},5.087719298245614
2e69ec41,2e69ec414,2020-11-01,19,{'JAM'},"{'JAM_MODERATE_TRAFFIC', 'JAM_HEAVY_TRAFFIC'}",73,{7},5.808219178082192
2e69ec41,2e69ec414,2020-11-03,11,{'JAM'},{'JAM_HEAVY_TRAFFIC'},31,{7},5.0
2e69ec43,2e69ec434,2020-09-24,10,{'JAM'},"{'JAM', 'JAM_HEAVY_TRAFFIC'}",63,{7},5.492063492063492
2e69ec43,2e69ec434,2020-10-07,15,{'JAM'},{'JAM_HEAVY_TRAFFIC'},5,{7},5.0
2e69ec43,2e69ec43c,2020-09-24,10,{'JAM'},{'JAM_HEAVY_TRAFFIC'},31,{7},5.0
2e69ec43,2e69ec43c,2020-09-26,10,{'JAM'},{'JAM_STAND_STILL_TRAFFIC'},31,{7},5.0
2e69ec43,2e69ec43c,2020-10-26,14,{'WEATHERHAZARD'},{'HAZARD_WEATHER_FLOOD'},31,{7},5.0
2e69ec43,2e69ec43c,2020-10-29,15,{'JAM'},{'JAM_HEAVY_TRAFFIC'},30,{7},5.0
2e69ec43,2e69ec43c,2020-10-29,20,{'JAM'},{'JAM_HEAVY_TRAFFIC'},30,{7},5.0
2e69ec43,2e69ec43c,2020-10-31,16,{'JAM'},{'JAM_STAND_STILL_TRAFFIC'},30,{1},5.0
2e69ec43,2e69ec43c,2020-11-01,19,{'JAM'},{'JAM_MODERATE_TRAFFIC'},31,{7},5.0
2e69ec43,2e69ec43c,2020-11-03,11,{'JAM'},{'JAM_HEAVY_TRAFFIC'},30,{7},5.0
2e69ec43,2e69ec43c,2020-11-13,10,{'JAM'},{'JAM_HEAVY_TRAFFIC'},30,{1},5.0
2e69ec43,2e69ec43c,2020-11-16,9,{'JAM'},{'JAM_MODERATE_TRAFFIC'},31,{7},5.0
2e69ec43,2e69ec43c,2020-11-18,12,{'JAM'},{'JAM'},6,{7},5.0
2e69ec43,2e69ec43c,2020-11-22,14,{'JAM'},{'JAM_STAND_STILL_TRAFFIC'},20,{7},5.0
2e69ec45,2e69ec454,2020-10-30,13,{'JAM'},{'JAM_STAND_STILL_TRAFFIC'},30,{1},5.0
2e69ec47,2e69ec46c,2020-11-16,7,{'JAM'},{'JAM_STAND_STILL_TRAFFIC'},30,{1},5.0
2e69ec47,2e69ec474,2020-09-26,14,{'JAM'},{'JAM'},31,{2},6.0
2e69ec49,2e69ec484,2020-11-21,19,{'JAM'},{'JAM_STAND_STILL_TRAFFIC'},32,{2},5.0
2e69ec4b,2e69ec4b4,2020-10-29,1,{'ACCIDENT'},{'ACCIDENT'},121,{1},5.0
2e69ec59,2e69ec594,2020-09-22,21,{'JAM'},{'JAM_MODERATE_TRAFFIC'},34,{20},5.0
2e69ec59,2e69ec594,2020-11-05,17,{'JAM'},{'JAM_HEAVY_TRAFFIC'},31,{6},5.0
2e69ec5b,2e69ec5ac,2020-10-05,16,{'JAM'},{'JAM'},31,{1},5.0
2e69ec5d,2e69ec5cc,2020-09-13,16,{'JAM'},{'JAM'},31,{7},5.0
2e69ec5d,2e69ec5cc,2020-09-24,10,{'JAM'},{'JAM'},1,{7},5.0
2e69ec5d,2e69ec5cc,2020-10-19,18,{'WEATHERHAZARD'},{'HAZARD_WEATHER_FLOOD'},21,{7},5.857142857142857
2e69ec5d,2e69ec5cc,2020-10-26,15,{'WEATHERHAZARD'},{'HAZARD_WEATHER_FLOOD'},32,{7},5.0
2e69ec5d,2e69ec5cc,2020-10-27,15,{'WEATHERHAZARD'},{'HAZARD_WEATHER_FLOOD'},32,{7},5.0
2e69ec5d,2e69ec5cc,2020-11-16,13,{'JAM'},{'JAM_HEAVY_TRAFFIC'},32,{7},5.0
2e69ec5d,2e69ec5d4,2020-09-12,9,"{'JAM', 'WEATHERHAZARD'}","{'HAZARD_ON_SHOULDER_CAR_STOPPED', 'JAM_HEAVY_TRAFFIC'}",60,{1},5.0
2e69ec5d,2e69ec5dc,2020-09-01,20,{'JAM'},{'JAM_MODERATE_TRAFFIC'},9,{7},5.0
2e69ec5d,2e69ec5dc,2020-09-05,10,{'JAM'},{'JAM_HEAVY_TRAFFIC'},31,{7},5.0
2e69ec5d,2e69ec5dc,2020-09-12,9,{'JAM'},{'JAM_MODERATE_TRAFFIC'},31,{7},5.0
2e69ec5d,2e69ec5dc,2020-09-22,10,{'JAM'},{'JAM_MODERATE_TRAFFIC'},31,{7},5.0
2e69ec5d,2e69ec5dc,2020-09-30,10,{'JAM'},"{'JAM_MODERATE_TRAFFIC', 'JAM_HEAVY_TRAFFIC'}",60,{7},5.0
2e69ec5d,2e69ec5dc,2020-10-30,13,{'JAM'},{'JAM_MODERATE_TRAFFIC'},18,{7},5.0
2e69ec5d,2e69ec5dc,2020-10-31,12,{'JAM'},{'JAM_MODERATE_TRAFFIC'},31,{7},5.0
2e69ec5d,2e69ec5dc,2020-11-02,17,{'JAM'},{'JAM_MODERATE_TRAFFIC'},31,{7},5.0
2e69ec5d,2e69ec5dc,2020-11-07,12,{'JAM'},{'JAM_HEAVY_TRAFFIC'},34,{7},5.0
2e69ec5d,2e69ec5dc,2020-11-11,20,{'JAM'},{'JAM_HEAVY_TRAFFIC'},22,{7},5.181818181818182
2e69ec5d,2e69ec5dc,2020-11-20,10,{'JAM'},{'JAM_MODERATE_TRAFFIC'},6,{7},5.0
2e69ec5f,2e69ec5e4,2020-09-02,20,{'JAM'},{'JAM'},6,{6},5.0
2e69ec5f,2e69ec5e4,2020-09-11,14,{'JAM'},{'JAM_HEAVY_TRAFFIC'},32,{6},5.0
2e69ec5f,2e69ec5e4,2020-10-10,18,{'JAM'},{'JAM_HEAVY_TRAFFIC'},20,{6},5.0
2e69ec5f,2e69ec5e4,2020-10-12,9,{'JAM'},{'JAM_STAND_STILL_TRAFFIC'},33,{6},5.0
2e69ec5f,2e69ec5e4,2020-10-17,9,{'ACCIDENT'},{'ACCIDENT_MINOR'},122,{6},6.475409836065574
2e69ec5f,2e69ec5e4,2020-10-27,12,{'JAM'},{'JAM_STAND_STILL_TRAFFIC'},31,{6},5.0
2e69ec5f,2e69ec5e4,2020-11-01,12,{'JAM'},{'JAM'},5,{6},5.0
2e69ec5f,2e69ec5e4,2020-11-04,14,{'JAM'},{'JAM'},23,{6},5.0
2e69ec5f,2e69ec5e4,2020-11-05,17,{'JAM'},{'JAM_HEAVY_TRAFFIC'},30,{6},5.0
2e69ec5f,2e69ec5e4,2020-11-07,12,{'JAM'},{'JAM_STAND_STILL_TRAFFIC'},19,{6},5.0
2e69ec5f,2e69ec5e4,2020-11-09,7,{'JAM'},"{'JAM_STAND_STILL_TRAFFIC', 'JAM_HEAVY_TRAFFIC'}",60,{6},5.0
2e69ec5f,2e69ec5ec,2020-10-10,16,{'JAM'},{'JAM_STAND_STILL_TRAFFIC'},30,{6},5.0
2e69ec61,2e69ec614,2020-11-11,16,{'JAM'},{'JAM_HEAVY_TRAFFIC'},32,{6},5.0
2e69ec61,2e69ec61c,2020-10-30,12,{'WEATHERHAZARD'},{'WEATHERHAZARD'},30,{1},5.0
2e69ec61,2e69ec61c,2020-11-09,7,{'JAM'},{'JAM'},31,{1},5.0
2e69ec63,2e69ec624,2020-09-16,19,{'JAM'},{'JAM_HEAVY_TRAFFIC'},32,{2},5.0
2e69ec63,2e69ec62c,2020-09-09,19,"{'JAM', 'ACCIDENT'}","{'JAM', 'ACCIDENT'}",153,{1},5.0
2e69ec63,2e69ec62c,2020-09-09,21,{'JAM'},{'JAM'},31,{1},5.0
2e69ec63,2e69ec634,2020-09-03,15,{'JAM'},{'JAM_HEAVY_TRAFFIC'},7,{6},5.0
2e69ec63,2e69ec634,2020-09-05,16,{'JAM'},{'JAM_HEAVY_TRAFFIC'},5,{6},5.0
2e69ec63,2e69ec634,2020-10-12,7,{'JAM'},"{'JAM_MODERATE_TRAFFIC', 'JAM_HEAVY_TRAFFIC'}",62,{6},5.0
2e69ec63,2e69ec63c,2020-10-30,12,{'JAM'},{'JAM_HEAVY_TRAFFIC'},20,{6},5.0
2e69ec63,2e69ec63c,2020-11-02,17,{'JAM'},{'JAM_MODERATE_TRAFFIC'},31,{6},5.0
2e69ec63,2e69ec63c,2020-11-03,14,{'JAM'},{'JAM_STAND_STILL_TRAFFIC'},31,{6},5.0
2e69ec63,2e69ec63c,2020-11-07,11,{'JAM'},{'JAM_STAND_STILL_TRAFFIC'},31,{6},5.0
2e69ec65,2e69ec644,2020-10-25,15,{'JAM'},{'JAM'},30,{1},5.0
2e69ec67,2e69ec674,2020-10-11,13,{'WEATHERHAZARD'},{'HAZARD_WEATHER_HAIL'},19,{6},6.631578947368421
2e69ec67,2e69ec674,2020-11-07,12,{'JAM'},{'JAM_STAND_STILL_TRAFFIC'},30,{6},5.0
2e69ec71,2e69ec704,2020-09-21,20,{'WEATHERHAZARD'},{'HAZARD_WEATHER_FLOOD'},32,{2},5.0
2e69ec73,2e69ec724,2020-09-08,12,{'JAM'},{'JAM'},31,{2},5.0
2e69ec73,2e69ec724,2020-11-13,18,{'JAM'},{'JAM_MODERATE_TRAFFIC'},7,{2},5.0
2e69ec73,2e69ec72c,2020-10-03,15,{'JAM'},{'JAM_HEAVY_TRAFFIC'},31,{2},5.0
2e69ec73,2e69ec72c,2020-10-20,13,{'WEATHERHAZARD'},{'HAZARD_ON_SHOULDER_CAR_STOPPED'},30,{2},5.166666666666667
2e69ec73,2e69ec72c,2020-10-28,7,{'WEATHERHAZARD'},{'HAZARD_ON_ROAD_CAR_STOPPED'},33,{2},5.0
2e69ec73,2e69ec73c,2020-09-23,8,{'JAM'},{'JAM'},30,{2},5.0
2e69ec75,2e69ec744,2020-09-05,16,{'JAM'},{'JAM_STAND_STILL_TRAFFIC'},29,{2},5.0
2e69ec75,2e69ec744,2020-10-08,11,{'JAM'},{'JAM_STAND_STILL_TRAFFIC'},33,{1},5.0
2e69ec75,2e69ec74c,2020-11-09,8,{'JAM'},{'JAM'},32,{1},5.0
2e69ec75,2e69ec754,2020-09-01,19,{'WEATHERHAZARD'},{'HAZARD_ON_ROAD_CONSTRUCTION'},63,{7},7.380952380952381
2e69ec75,2e69ec754,2020-09-10,13,{'WEATHERHAZARD'},{'HAZARD_ON_ROAD_CONSTRUCTION'},142,{7},8.774647887323944
2e69ec75,2e69ec754,2020-09-11,12,{'WEATHERHAZARD'},{'HAZARD_ON_ROAD_CONSTRUCTION'},42,{7},6.380952380952381
2e69ec75,2e69ec754,2020-09-26,17,{'JAM'},{'JAM_STAND_STILL_TRAFFIC'},24,{7},5.0
2e69ec75,2e69ec754,2020-09-28,9,{'JAM'},{'JAM_HEAVY_TRAFFIC'},14,{7},5.0
2e69ec75,2e69ec754,2020-09-28,23,{'JAM'},{'JAM_STAND_STILL_TRAFFIC'},30,{7},5.0
2e69ec75,2e69ec754,2020-10-17,15,{'JAM'},{'JAM_MODERATE_TRAFFIC'},30,{7},5.5
2e69ec75,2e69ec754,2020-10-22,15,{'WEATHERHAZARD'},{'WEATHERHAZARD'},70,{7},8.014285714285714
2e69ec75,2e69ec754,2020-10-24,14,{'JAM'},{'JAM_STAND_STILL_TRAFFIC'},31,{7},5.0
2e69ec75,2e69ec754,2020-10-27,22,{'JAM'},{'JAM_HEAVY_TRAFFIC'},11,{7},5.0
2e69ec75,2e69ec754,2020-11-07,13,{'JAM'},{'JAM_HEAVY_TRAFFIC'},30,{7},5.0
2e69ec75,2e69ec754,2020-11-12,18,{'JAM'},{'JAM_HEAVY_TRAFFIC'},26,{7},5.961538461538462
2e69ec75,2e69ec754,2020-11-15,19,{'JAM'},{'JAM_MODERATE_TRAFFIC'},8,{7},5.0
2e69ec75,2e69ec754,2020-11-17,17,{'JAM'},{'JAM_HEAVY_TRAFFIC'},30,{7},5.0
2e69ec75,2e69ec75c,2020-10-03,14,{'JAM'},{'JAM_HEAVY_TRAFFIC'},46,{7},6.1521739130434785
2e69ec75,2e69ec75c,2020-10-04,15,{'JAM'},{'JAM_HEAVY_TRAFFIC'},11,{7},5.0
2e69ec75,2e69ec75c,2020-10-10,13,{'JAM'},{'JAM_HEAVY_TRAFFIC'},31,{7},5.0
2e69ec75,2e69ec75c,2020-10-19,17,{'JAM'},{'JAM_STAND_STILL_TRAFFIC'},32,{7},5.75
2e69ec75,2e69ec75c,2020-10-23,18,{'JAM'},{'JAM_STAND_STILL_TRAFFIC'},22,{7},5.954545454545454
2e69ec75,2e69ec75c,2020-10-24,13,{'JAM'},{'JAM_HEAVY_TRAFFIC'},32,{7},5.0
2e69ec75,2e69ec75c,2020-10-24,15,{'JAM'},{'JAM_STAND_STILL_TRAFFIC'},31,{7},5.0
2e69ec75,2e69ec75c,2020-10-25,12,{'JAM'},{'JAM_MODERATE_TRAFFIC'},10,{7},5.0
2e69ec75,2e69ec75c,2020-10-25,14,{'JAM'},{'JAM_STAND_STILL_TRAFFIC'},20,{7},5.0
2e69ec75,2e69ec75c,2020-10-27,16,{'JAM'},{'JAM_HEAVY_TRAFFIC'},32,{7},5.0
2e69ec75,2e69ec75c,2020-10-27,17,{'JAM'},{'JAM_HEAVY_TRAFFIC'},40,{7},5.5
2e69ec75,2e69ec75c,2020-10-31,13,{'JAM'},{'JAM_STAND_STILL_TRAFFIC'},7,{7},5.0
2e69ec75,2e69ec75c,2020-10-31,16,{'JAM'},{'JAM_HEAVY_TRAFFIC'},31,{7},5.0
2e69ec75,2e69ec75c,2020-11-01,16,{'JAM'},{'JAM_HEAVY_TRAFFIC'},32,{7},5.0
2e69ec75,2e69ec75c,2020-11-06,15,{'ACCIDENT'},{'ACCIDENT_MINOR'},18,{7},5.888888888888889
2e69ec75,2e69ec75c,2020-11-07,11,{'JAM'},{'JAM_STAND_STILL_TRAFFIC'},29,{7},5.0
2e69ec75,2e69ec75c,2020-11-14,16,{'JAM'},{'JAM_STAND_STILL_TRAFFIC'},28,{7},5.0
2e69ec75,2e69ec75c,2020-11-18,17,{'WEATHERHAZARD'},{'HAZARD_ON_ROAD_CAR_STOPPED'},43,{7},7.372093023255814
2e69ec75,2e69ec75c,2020-11-18,18,{'WEATHERHAZARD'},{'HAZARD_ON_ROAD_CAR_STOPPED'},31,{7},6.32258064516129
2e69ec75,2e69ec75c,2020-11-21,14,{'JAM'},{'JAM_STAND_STILL_TRAFFIC'},39,{7},5.435897435897436
2e69ec75,2e69ec75c,2020-11-21,15,{'JAM'},{'JAM_STAND_STILL_TRAFFIC'},31,{7},5.0
2e69ec75,2e69ec75c,2020-11-21,17,{'JAM'},{'JAM_STAND_STILL_TRAFFIC'},28,{7},7.0
2e69ec75,2e69ec75c,2020-11-22,17,{'JAM'},{'JAM_HEAVY_TRAFFIC'},7,{7},5.0
2e69ec77,2e69ec764,2020-09-01,16,{'JAM'},{'JAM_MODERATE_TRAFFIC'},31,{7},5.0
2e69ec77,2e69ec764,2020-09-01,18,{'JAM'},{'JAM_STAND_STILL_TRAFFIC'},32,{7},5.0
2e69ec77,2e69ec764,2020-09-06,18,{'WEATHERHAZARD'},{'HAZARD_ON_ROAD'},50,{7},7.74
2e69ec77,2e69ec764,2020-09-06,19,"{'JAM', 'WEATHERHAZARD'}","{'HAZARD_ON_SHOULDER_CAR_STOPPED', 'JAM_STAND_STILL_TRAFFIC'}",61,"{22, 7}",5.770491803278689
2e69ec77,2e69ec764,2020-09-09,14,{'JAM'},{'JAM_HEAVY_TRAFFIC'},31,{7},5.0
2e69ec77,2e69ec764,2020-09-11,17,{'JAM'},{'JAM_HEAVY_TRAFFIC'},31,{7},5.0
2e69ec77,2e69ec764,2020-09-29,17,{'JAM'},{'JAM_HEAVY_TRAFFIC'},30,{7},5.0
2e69ec77,2e69ec764,2020-10-05,16,{'JAM'},{'JAM_HEAVY_TRAFFIC'},31,{7},5.0
2e69ec77,2e69ec764,2020-10-06,9,{'JAM'},{'JAM_MODERATE_TRAFFIC'},31,{7},5.0
2e69ec77,2e69ec764,2020-10-10,16,{'JAM'},{'JAM_STAND_STILL_TRAFFIC'},31,{2},5.0
2e69ec77,2e69ec764,2020-10-13,18,{'JAM'},{'JAM_STAND_STILL_TRAFFIC'},30,{7},5.0
2e69ec77,2e69ec764,2020-10-17,21,{'ACCIDENT'},{'ACCIDENT'},121,{1},5.0
2e69ec77,2e69ec764,2020-10-23,18,{'JAM'},{'JAM_STAND_STILL_TRAFFIC'},30,{7},5.733333333333333
2e69ec77,2e69ec764,2020-10-24,11,{'JAM'},{'JAM_HEAVY_TRAFFIC'},32,{7},5.0
2e69ec77,2e69ec764,2020-10-25,10,{'JAM'},{'JAM_HEAVY_TRAFFIC'},30,{7},5.0
2e69ec77,2e69ec764,2020-10-25,14,{'JAM'},{'JAM_STAND_STILL_TRAFFIC'},26,{7},5.0
2e69ec77,2e69ec764,2020-10-31,13,{'JAM'},{'JAM_HEAVY_TRAFFIC'},31,{7},5.0
2e69ec77,2e69ec764,2020-11-14,13,{'JAM'},{'JAM_HEAVY_TRAFFIC'},27,{7},5.0
2e69ec77,2e69ec764,2020-11-14,18,{'JAM'},{'JAM_HEAVY_TRAFFIC'},30,{7},5.0
2e69ec77,2e69ec764,2020-11-15,13,{'JAM'},{'JAM_HEAVY_TRAFFIC'},29,{7},5.0
2e69ec77,2e69ec764,2020-11-16,17,{'JAM'},{'JAM_STAND_STILL_TRAFFIC'},24,{7},5.0
2e69ec77,2e69ec764,2020-11-18,17,{'JAM'},{'JAM_HEAVY_TRAFFIC'},34,{7},5.0
2e69ec77,2e69ec764,2020-11-19,18,{'JAM'},{'JAM_MODERATE_TRAFFIC'},30,{7},5.0
2e69ec77,2e69ec76c,2020-11-03,16,{'JAM'},{'JAM_HEAVY_TRAFFIC'},6,{2},5.0
2e69ec77,2e69ec77c,2020-09-21,12,{'WEATHERHAZARD'},{'HAZARD_ON_ROAD_CONSTRUCTION'},66,{7},6.621212121212121
2e69ec77,2e69ec77c,2020-10-19,19,{'WEATHERHAZARD'},{'HAZARD_ON_ROAD_CAR_STOPPED'},13,{7},5.538461538461538
2e69ec77,2e69ec77c,2020-11-05,17,{'JAM'},{'JAM_HEAVY_TRAFFIC'},44,{7},5.25
2e69ec77,2e69ec77c,2020-11-16,13,{'WEATHERHAZARD'},{'HAZARD_WEATHER'},32,{7},5.0
2e69ec77,2e69ec77c,2020-11-21,15,{'JAM'},{'JAM_MODERATE_TRAFFIC'},30,{7},5.0
2e69ec79,2e69ec784,2020-10-19,19,{'WEATHERHAZARD'},{'HAZARD_ON_ROAD_CAR_STOPPED'},44,{7},6.590909090909091
2e69ec79,2e69ec784,2020-10-19,20,{'ACCIDENT'},{'ACCIDENT_MAJOR'},122,{7},9.008196721311476
2e69ec79,2e69ec794,2020-10-27,0,{'JAM'},{'JAM'},32,{1},5.0
2e69ec79,2e69ec79c,2020-10-10,21,{'ACCIDENT'},{'ACCIDENT'},121,{22},5.0
2e69ec7b,2e69ec7bc,2020-09-21,20,{'WEATHERHAZARD'},{'HAZARD_WEATHER_FLOOD'},64,{2},5.0
2e69ec7d,2e69ec7cc,2020-10-27,7,"{'WEATHERHAZARD', 'ACCIDENT'}","{'HAZARD_ON_SHOULDER_CAR_STOPPED', 'ACCIDENT'}",194,{6},6.201030927835052
2e69ec7d,2e69ec7dc,2020-09-08,17,{'JAM'},{'JAM_HEAVY_TRAFFIC'},30,{6},5.0
2e69ec7d,2e69ec7dc,2020-09-14,18,{'JAM'},{'JAM_MODERATE_TRAFFIC'},29,{6},5.0
2e69ec7d,2e69ec7dc,2020-09-16,17,{'JAM'},{'JAM_MODERATE_TRAFFIC'},35,{6},5.0
2e69ec7d,2e69ec7dc,2020-09-28,15,{'JAM'},{'JAM_MODERATE_TRAFFIC'},30,{6},5.0
2e69ec7d,2e69ec7dc,2020-10-01,19,{'JAM'},{'JAM_HEAVY_TRAFFIC'},30,{6},5.0
2e69ec7d,2e69ec7dc,2020-10-07,13,{'JAM'},{'JAM_HEAVY_TRAFFIC'},30,{6},5.0
2e69ec7d,2e69ec7dc,2020-10-24,16,{'JAM'},{'JAM_HEAVY_TRAFFIC'},31,{6},5.0
2e69ec7d,2e69ec7dc,2020-10-28,17,{'JAM'},{'JAM_STAND_STILL_TRAFFIC'},30,{6},5.0
2e69ec7d,2e69ec7dc,2020-11-02,17,{'JAM'},"{'JAM_STAND_STILL_TRAFFIC', 'JAM_HEAVY_TRAFFIC'}",61,{6},5.0
2e69ec7d,2e69ec7dc,2020-11-05,17,{'JAM'},{'JAM_HEAVY_TRAFFIC'},32,{6},5.0
2e69ec7d,2e69ec7dc,2020-11-07,14,{'JAM'},{'JAM_STAND_STILL_TRAFFIC'},32,{6},5.0
2e69ec7d,2e69ec7dc,2020-11-13,14,{'JAM'},{'JAM_STAND_STILL_TRAFFIC'},31,{2},5.0
2e69ec7f,2e69ec7e4,2020-09-05,11,{'JAM'},{'JAM'},31,{6},5.0
2e69ec7f,2e69ec7e4,2020-09-08,17,{'JAM'},{'JAM_STAND_STILL_TRAFFIC'},31,{6},5.0
2e69ec7f,2e69ec7e4,2020-09-09,13,{'JAM'},{'JAM_MODERATE_TRAFFIC'},31,{6},5.0
2e69ec7f,2e69ec7e4,2020-09-14,14,{'JAM'},{'JAM_STAND_STILL_TRAFFIC'},6,{6},5.0
2e69ec7f,2e69ec7e4,2020-09-21,17,{'JAM'},{'JAM_HEAVY_TRAFFIC'},32,{6},5.0
2e69ec7f,2e69ec7e4,2020-09-21,20,{'WEATHERHAZARD'},{'HAZARD_WEATHER_FLOOD'},43,{6},5.372093023255814
2e69ec7f,2e69ec7e4,2020-09-28,7,{'JAM'},{'JAM_MODERATE_TRAFFIC'},28,{6},5.0
2e69ec7f,2e69ec7e4,2020-10-05,17,{'JAM'},{'JAM_STAND_STILL_TRAFFIC'},37,{6},5.45945945945946
2e69ec7f,2e69ec7e4,2020-10-10,13,{'JAM'},{'JAM_HEAVY_TRAFFIC'},14,{6},5.0
2e69ec7f,2e69ec7e4,2020-10-18,17,{'JAM'},{'JAM_MODERATE_TRAFFIC'},29,{6},5.0
2e69ec7f,2e69ec7e4,2020-11-02,10,{'JAM'},{'JAM_STAND_STILL_TRAFFIC'},6,{6},5.0
2e69ec7f,2e69ec7e4,2020-11-07,14,{'JAM'},{'JAM_STAND_STILL_TRAFFIC'},32,{6},5.0
2e69ec7f,2e69ec7e4,2020-11-07,17,{'JAM'},{'JAM_HEAVY_TRAFFIC'},31,{6},5.870967741935484
2e69ec7f,2e69ec7e4,2020-11-09,7,{'JAM'},{'JAM_HEAVY_TRAFFIC'},29,{6},5.0
2e69ec7f,2e69ec7e4,2020-11-11,14,{'JAM'},{'JAM_HEAVY_TRAFFIC'},32,{6},5.0
2e69ec7f,2e69ec7e4,2020-11-19,9,{'JAM'},{'JAM_HEAVY_TRAFFIC'},23,{6},5.0
2e69ec7f,2e69ec7e4,2020-11-21,13,{'JAM'},{'JAM_STAND_STILL_TRAFFIC'},23,{6},5.565217391304348
2e69ec7f,2e69ec7e4,2020-11-21,16,{'JAM'},{'JAM_HEAVY_TRAFFIC'},34,{6},5.0
2e69ec7f,2e69ec7e4,2020-11-21,17,{'JAM'},{'JAM_STAND_STILL_TRAFFIC'},11,{6},5.0
2e69ec7f,2e69ec7fc,2020-09-19,17,{'JAM'},{'JAM_STAND_STILL_TRAFFIC'},30,{6},5.0
2e69ec7f,2e69ec7fc,2020-10-02,6,{'JAM'},{'JAM'},31,{22},5.0
2e69ec7f,2e69ec7fc,2020-10-02,17,{'JAM'},{'JAM_STAND_STILL_TRAFFIC'},30,{6},5.0
2e69ec7f,2e69ec7fc,2020-11-02,18,{'JAM'},{'JAM_HEAVY_TRAFFIC'},31,{6},5.903225806451613
2e69ec7f,2e69ec7fc,2020-11-07,11,{'JAM'},{'JAM_HEAVY_TRAFFIC'},31,{6},5.0
2e69ec7f,2e69ec7fc,2020-11-08,2,{'JAM'},{'JAM'},30,{22},5.0
2e69ec7f,2e69ec7fc,2020-11-11,15,{'JAM'},{'JAM_STAND_STILL_TRAFFIC'},34,{6},6.0
2e69ec7f,2e69ec7fc,2020-11-11,16,{'JAM'},{'JAM_STAND_STILL_TRAFFIC'},30,{6},5.0
2e69ec7f,2e69ec7fc,2020-11-12,17,{'JAM'},{'JAM_STAND_STILL_TRAFFIC'},33,{6},5.0
2e69ec81,2e69ec804,2020-09-01,14,{'JAM'},{'JAM_HEAVY_TRAFFIC'},32,{6},5.0
2e69ec81,2e69ec804,2020-09-01,17,{'JAM'},{'JAM_HEAVY_TRAFFIC'},31,{6},5.0
2e69ec81,2e69ec804,2020-09-04,17,{'JAM'},{'JAM_HEAVY_TRAFFIC'},33,{6},5.0
2e69ec81,2e69ec804,2020-09-05,15,{'JAM'},{'JAM_STAND_STILL_TRAFFIC'},30,{6},5.0
2e69ec81,2e69ec804,2020-09-05,17,{'JAM'},{'JAM_STAND_STILL_TRAFFIC'},28,{6},5.0
2e69ec81,2e69ec804,2020-09-05,18,{'JAM'},{'JAM_STAND_STILL_TRAFFIC'},14,{6},5.0
2e69ec81,2e69ec804,2020-09-05,20,{'JAM'},{'JAM_HEAVY_TRAFFIC'},28,{6},5.0
2e69ec81,2e69ec804,2020-09-07,18,{'JAM'},{'JAM_HEAVY_TRAFFIC'},40,{6},5.425
2e69ec81,2e69ec804,2020-09-08,11,{'JAM'},{'JAM_STAND_STILL_TRAFFIC'},32,{6},5.0
2e69ec81,2e69ec804,2020-09-08,17,{'JAM'},{'JAM_STAND_STILL_TRAFFIC'},39,{6},5.384615384615385
2e69ec81,2e69ec804,2020-09-09,15,{'JAM'},{'JAM_HEAVY_TRAFFIC'},28,{6},5.0
2e69ec81,2e69ec804,2020-09-10,14,{'JAM'},{'JAM_HEAVY_TRAFFIC'},60,{6},5.466666666666667
2e69ec81,2e69ec804,2020-09-11,18,{'JAM'},{'JAM'},35,{6},5.0
2e69ec81,2e69ec804,2020-09-14,14,{'JAM'},{'JAM_STAND_STILL_TRAFFIC'},6,{6},5.0
2e69ec81,2e69ec804,2020-09-14,15,{'JAM'},{'JAM_MODERATE_TRAFFIC'},32,{6},5.75
2e69ec81,2e69ec804,2020-09-16,17,{'JAM'},{'JAM_HEAVY_TRAFFIC'},17,{6},5.0
2e69ec81,2e69ec804,2020-09-17,14,{'JAM'},{'JAM_MODERATE_TRAFFIC'},10,{6},5.0
2e69ec81,2e69ec804,2020-09-17,17,{'JAM'},{'JAM_STAND_STILL_TRAFFIC'},61,{6},5.0
2e69ec81,2e69ec804,2020-09-19,17,{'JAM'},{'JAM_STAND_STILL_TRAFFIC'},93,{6},5.0
2e69ec81,2e69ec804,2020-09-21,17,{'JAM'},{'JAM_HEAVY_TRAFFIC'},66,{6},5.0
2e69ec81,2e69ec804,2020-09-24,17,{'JAM'},{'JAM_HEAVY_TRAFFIC'},33,{6},5.0
2e69ec81,2e69ec804,2020-09-28,14,{'JAM'},{'JAM_STAND_STILL_TRAFFIC'},36,{6},5.0
2e69ec81,2e69ec804,2020-09-28,17,{'JAM'},{'JAM_STAND_STILL_TRAFFIC'},30,{6},5.0
2e69ec81,2e69ec804,2020-10-01,16,{'JAM'},{'JAM_HEAVY_TRAFFIC'},30,{6},5.0
2e69ec81,2e69ec804,2020-10-02,14,{'JAM'},"{'JAM_STAND_STILL_TRAFFIC', 'JAM_HEAVY_TRAFFIC'}",69,{6},5.0
2e69ec81,2e69ec804,2020-10-02,17,{'JAM'},{'JAM_MODERATE_TRAFFIC'},8,{6},5.0
2e69ec81,2e69ec804,2020-10-02,19,{'JAM'},{'JAM_HEAVY_TRAFFIC'},32,{6},5.0
2e69ec81,2e69ec804,2020-10-02,20,{'JAM'},{'JAM_HEAVY_TRAFFIC'},31,{6},5.0
2e69ec81,2e69ec804,2020-10-03,13,{'JAM'},{'JAM_STAND_STILL_TRAFFIC'},46,{6},5.8478260869565215
2e69ec81,2e69ec804,2020-10-03,20,{'JAM'},{'JAM_STAND_STILL_TRAFFIC'},32,{6},5.0
2e69ec81,2e69ec804,2020-10-04,14,{'JAM'},{'JAM_STAND_STILL_TRAFFIC'},31,{6},5.0
2e69ec81,2e69ec804,2020-10-04,15,{'JAM'},{'JAM_STAND_STILL_TRAFFIC'},30,{6},6.6
2e69ec81,2e69ec804,2020-10-05,16,{'JAM'},{'JAM_HEAVY_TRAFFIC'},30,{6},5.0
2e69ec81,2e69ec804,2020-10-05,17,{'JAM'},{'JAM_STAND_STILL_TRAFFIC'},31,{6},5.0
2e69ec81,2e69ec804,2020-10-05,18,{'JAM'},{'JAM_HEAVY_TRAFFIC'},32,{6},5.0
2e69ec81,2e69ec804,2020-10-07,17,{'JAM'},{'JAM_STAND_STILL_TRAFFIC'},31,{6},5.0
2e69ec81,2e69ec804,2020-10-09,18,{'JAM'},{'JAM_STAND_STILL_TRAFFIC'},30,{6},5.0
2e69ec81,2e69ec804,2020-10-09,19,{'JAM'},{'JAM_HEAVY_TRAFFIC'},8,{6},5.0
2e69ec81,2e69ec804,2020-10-10,12,{'JAM'},{'JAM'},17,{6},5.0
2e69ec81,2e69ec804,2020-10-10,17,{'JAM'},{'JAM_HEAVY_TRAFFIC'},60,{6},5.0
2e69ec81,2e69ec804,2020-10-10,18,{'JAM'},{'JAM_STAND_STILL_TRAFFIC'},24,{6},5.0
2e69ec81,2e69ec804,2020-10-13,15,{'JAM'},{'JAM_HEAVY_TRAFFIC'},41,{6},5.390243902439025
2e69ec81,2e69ec804,2020-10-14,14,{'JAM'},{'JAM_STAND_STILL_TRAFFIC'},31,{6},5.0
2e69ec81,2e69ec804,2020-10-14,16,{'JAM'},{'JAM_HEAVY_TRAFFIC'},10,{6},5.0
2e69ec81,2e69ec804,2020-10-14,17,{'JAM'},{'JAM_STAND_STILL_TRAFFIC'},39,{6},5.384615384615385
2e69ec81,2e69ec804,2020-10-14,19,{'JAM'},{'JAM_HEAVY_TRAFFIC'},31,{6},5.0
2e69ec81,2e69ec804,2020-10-16,16,{'JAM'},{'JAM_MODERATE_TRAFFIC'},37,{6},5.0
2e69ec81,2e69ec804,2020-10-16,18,{'JAM'},"{'JAM_STAND_STILL_TRAFFIC', 'JAM_HEAVY_TRAFFIC'}",56,{6},5.0
2e69ec81,2e69ec804,2020-10-16,21,{'JAM'},{'JAM_MODERATE_TRAFFIC'},11,{6},5.0
2e69ec81,2e69ec804,2020-10-17,16,{'JAM'},{'JAM_HEAVY_TRAFFIC'},7,{6},5.0
2e69ec81,2e69ec804,2020-10-17,17,{'JAM'},{'JAM_STAND_STILL_TRAFFIC'},64,{6},5.484375
2e69ec81,2e69ec804,2020-10-17,18,{'JAM'},{'JAM_HEAVY_TRAFFIC'},31,{6},5.0
2e69ec81,2e69ec804,2020-10-19,15,{'JAM'},{'JAM_STAND_STILL_TRAFFIC'},61,{6},5.0
2e69ec81,2e69ec804,2020-10-20,16,{'JAM'},{'JAM_HEAVY_TRAFFIC'},32,{6},5.0
2e69ec81,2e69ec804,2020-10-21,8,{'JAM'},{'JAM_MODERATE_TRAFFIC'},8,{6},5.0
2e69ec81,2e69ec804,2020-10-22,17,{'JAM'},{'JAM_HEAVY_TRAFFIC'},63,{6},5.809523809523809
2e69ec81,2e69ec804,2020-10-22,18,{'JAM'},{'JAM_HEAVY_TRAFFIC'},31,{6},5.0
2e69ec81,2e69ec804,2020-10-23,19,{'JAM'},{'JAM_STAND_STILL_TRAFFIC'},40,{6},5.475
2e69ec81,2e69ec804,2020-10-23,20,{'JAM'},"{'JAM_STAND_STILL_TRAFFIC', 'JAM_HEAVY_TRAFFIC'}",61,{6},5.0
2e69ec81,2e69ec804,2020-10-24,10,{'JAM'},{'JAM_HEAVY_TRAFFIC'},39,{6},5.384615384615385
2e69ec81,2e69ec804,2020-10-24,16,{'JAM'},{'JAM_STAND_STILL_TRAFFIC'},61,{6},5.377049180327869
2e69ec81,2e69ec804,2020-10-24,17,{'JAM'},{'JAM_STAND_STILL_TRAFFIC'},34,{6},5.0
2e69ec81,2e69ec804,2020-10-24,18,{'JAM'},{'JAM_STAND_STILL_TRAFFIC'},65,{6},5.0
2e69ec81,2e69ec804,2020-10-25,15,{'JAM'},{'JAM_STAND_STILL_TRAFFIC'},6,{6},5.0
2e69ec81,2e69ec804,2020-10-25,16,{'JAM'},{'JAM_MODERATE_TRAFFIC'},7,{6},5.0
2e69ec81,2e69ec804,2020-10-26,16,{'JAM'},{'JAM_STAND_STILL_TRAFFIC'},32,{6},5.75
2e69ec81,2e69ec804,2020-10-26,17,{'JAM'},{'JAM_HEAVY_TRAFFIC'},29,{6},5.0
2e69ec81,2e69ec804,2020-10-27,21,{'JAM'},{'JAM_STAND_STILL_TRAFFIC'},18,{6},5.222222222222222
2e69ec81,2e69ec804,2020-10-28,17,{'JAM'},{'JAM_STAND_STILL_TRAFFIC'},32,{6},5.0
2e69ec81,2e69ec804,2020-10-28,20,{'JAM'},{'JAM_STAND_STILL_TRAFFIC'},32,{6},5.0
2e69ec81,2e69ec804,2020-10-30,16,{'JAM'},{'JAM_STAND_STILL_TRAFFIC'},35,{6},5.428571428571429
2e69ec81,2e69ec804,2020-10-31,11,{'JAM'},{'JAM_STAND_STILL_TRAFFIC'},37,{6},5.405405405405405
2e69ec81,2e69ec804,2020-10-31,16,{'JAM'},{'JAM_MODERATE_TRAFFIC'},19,{6},5.0
2e69ec81,2e69ec804,2020-11-01,15,{'JAM'},{'JAM_MODERATE_TRAFFIC'},11,{6},5.0
2e69ec81,2e69ec804,2020-11-02,16,{'JAM'},{'JAM_STAND_STILL_TRAFFIC'},32,{6},5.0
2e69ec81,2e69ec804,2020-11-02,18,{'JAM'},{'JAM_HEAVY_TRAFFIC'},33,{6},5.9393939393939394
2e69ec81,2e69ec804,2020-11-02,19,{'JAM'},{'JAM_HEAVY_TRAFFIC'},31,{6},5.0
2e69ec81,2e69ec804,2020-11-03,17,{'JAM'},"{'JAM_STAND_STILL_TRAFFIC', 'JAM_HEAVY_TRAFFIC'}",39,{6},5.538461538461538
2e69ec81,2e69ec804,2020-11-04,7,{'JAM'},{'JAM_HEAVY_TRAFFIC'},18,{6},5.0
2e69ec81,2e69ec804,2020-11-06,19,{'JAM'},{'JAM_STAND_STILL_TRAFFIC'},31,{6},5.0
2e69ec81,2e69ec804,2020-11-07,10,{'JAM'},{'JAM_HEAVY_TRAFFIC'},15,{6},6.0
2e69ec81,2e69ec804,2020-11-07,11,{'JAM'},{'JAM_STAND_STILL_TRAFFIC'},31,{6},5.0
2e69ec81,2e69ec804,2020-11-07,16,{'JAM'},{'JAM'},31,{6},5.0
2e69ec81,2e69ec804,2020-11-07,17,{'JAM'},{'JAM_STAND_STILL_TRAFFIC'},32,{6},5.0
2e69ec81,2e69ec804,2020-11-07,20,{'JAM'},{'JAM_HEAVY_TRAFFIC'},53,{6},5.0
2e69ec81,2e69ec804,2020-11-08,14,{'JAM'},{'JAM_MODERATE_TRAFFIC'},31,{6},5.0
2e69ec81,2e69ec804,2020-11-09,11,{'JAM'},{'JAM_STAND_STILL_TRAFFIC'},30,{6},5.0
2e69ec81,2e69ec804,2020-11-09,16,{'JAM'},{'JAM_HEAVY_TRAFFIC'},32,{6},5.0
2e69ec81,2e69ec804,2020-11-10,16,{'JAM'},{'JAM_STAND_STILL_TRAFFIC'},40,{6},5.375
2e69ec81,2e69ec804,2020-11-10,17,{'JAM'},{'JAM_HEAVY_TRAFFIC'},30,{6},5.0
2e69ec81,2e69ec804,2020-11-11,7,{'JAM'},{'JAM_MODERATE_TRAFFIC'},31,{6},5.0
2e69ec81,2e69ec804,2020-11-11,14,{'JAM'},{'JAM_HEAVY_TRAFFIC'},30,{6},5.0
2e69ec81,2e69ec804,2020-11-11,15,{'JAM'},{'JAM_STAND_STILL_TRAFFIC'},94,{6},5.340425531914893
2e69ec81,2e69ec804,2020-11-11,17,{'WEATHERHAZARD'},{'WEATHERHAZARD'},32,{6},7.125
2e69ec81,2e69ec804,2020-11-12,18,{'JAM'},{'JAM_STAND_STILL_TRAFFIC'},30,{6},5.0
2e69ec81,2e69ec804,2020-11-13,17,{'JAM'},{'JAM_HEAVY_TRAFFIC'},40,{6},5.525
2e69ec81,2e69ec804,2020-11-14,11,{'JAM'},{'JAM_STAND_STILL_TRAFFIC'},31,{6},5.0
2e69ec81,2e69ec804,2020-11-14,12,{'JAM'},{'JAM_STAND_STILL_TRAFFIC'},24,{6},5.0
2e69ec81,2e69ec804,2020-11-14,15,{'JAM'},{'JAM_STAND_STILL_TRAFFIC'},30,{6},5.0
2e69ec81,2e69ec804,2020-11-19,16,{'JAM'},{'JAM_STAND_STILL_TRAFFIC'},64,{6},5.453125
2e69ec81,2e69ec804,2020-11-20,14,{'JAM'},{'JAM_STAND_STILL_TRAFFIC'},44,{6},5.363636363636363
2e69ec81,2e69ec804,2020-11-20,17,{'JAM'},{'JAM_HEAVY_TRAFFIC'},21,{6},5.0
2e69ec81,2e69ec804,2020-11-20,18,{'JAM'},{'JAM_STAND_STILL_TRAFFIC'},32,{6},5.9375
2e69ec81,2e69ec804,2020-11-21,14,{'JAM'},{'JAM_STAND_STILL_TRAFFIC'},29,{6},5.0
2e69ec81,2e69ec804,2020-11-21,16,{'JAM'},{'JAM_HEAVY_TRAFFIC'},31,{6},5.0
2e69ec83,2e69ec834,2020-10-29,8,{'JAM'},{'JAM'},33,{1},5.0
2e69ec85,2e69ec844,2020-09-01,19,{'JAM'},{'JAM_HEAVY_TRAFFIC'},35,{2},5.0
2e69ec87,2e69ec86c,2020-10-12,19,{'JAM'},{'JAM_STAND_STILL_TRAFFIC'},38,{2},5.0
2e69ec87,2e69ec86c,2020-10-17,17,{'JAM'},{'JAM_STAND_STILL_TRAFFIC'},14,{2},5.0
2e69ec87,2e69ec874,2020-10-17,12,{'JAM'},{'JAM'},30,{2},5.0
2e69ec87,2e69ec874,2020-11-13,14,{'JAM'},{'JAM_STAND_STILL_TRAFFIC'},10,{2},5.0
2e69ec89,2e69ec89c,2020-10-01,16,{'JAM'},{'JAM'},6,{2},5.0
2e69ec8b,2e69ec8ac,2020-10-25,8,{'JAM'},{'JAM'},30,{1},5.0
2e69ec91,2e69ec90c,2020-10-01,15,{'WEATHERHAZARD'},{'WEATHERHAZARD'},30,{1},5.0
2e69ec91,2e69ec90c,2020-10-25,15,{'ACCIDENT'},{'ACCIDENT'},121,{1},5.0
2e69ec99,2e69ec984,2020-09-05,13,{'JAM'},{'JAM_STAND_STILL_TRAFFIC'},30,{2},5.0
2e69ec99,2e69ec984,2020-09-08,18,{'JAM'},{'JAM_MODERATE_TRAFFIC'},33,{2},5.0
2e69ec99,2e69ec984,2020-09-09,13,{'JAM'},{'JAM_STAND_STILL_TRAFFIC'},62,{2},5.0
2e69ec99,2e69ec984,2020-09-10,8,{'JAM'},{'JAM_STAND_STILL_TRAFFIC'},32,{2},5.0
2e69ec99,2e69ec984,2020-09-23,20,{'JAM'},{'JAM_STAND_STILL_TRAFFIC'},27,{2},5.0
2e69ec99,2e69ec984,2020-09-26,10,{'JAM'},{'JAM_HEAVY_TRAFFIC'},7,{2},5.0
2e69ec99,2e69ec984,2020-09-28,12,{'JAM'},{'JAM_HEAVY_TRAFFIC'},6,{2},5.0
2e69ec99,2e69ec984,2020-09-30,7,{'JAM'},{'JAM_HEAVY_TRAFFIC'},30,{2},5.0
2e69ec99,2e69ec984,2020-09-30,8,{'JAM'},{'JAM_MODERATE_TRAFFIC'},16,{2},5.0
2e69ec99,2e69ec984,2020-10-07,16,{'JAM'},{'JAM_STAND_STILL_TRAFFIC'},7,{2},5.0
2e69ec99,2e69ec984,2020-10-10,13,{'JAM'},{'JAM_STAND_STILL_TRAFFIC'},34,{2},5.5
2e69ec99,2e69ec984,2020-10-14,8,{'JAM'},{'JAM_HEAVY_TRAFFIC'},67,{2},5.7164179104477615
2e69ec99,2e69ec984,2020-10-19,8,{'JAM'},{'JAM_HEAVY_TRAFFIC'},96,{2},5.6875
2e69ec99,2e69ec984,2020-10-20,8,{'JAM'},{'JAM_HEAVY_TRAFFIC'},31,{2},5.0
2e69ec99,2e69ec984,2020-10-21,18,{'JAM'},{'JAM_MODERATE_TRAFFIC'},32,{2},5.0
2e69ec99,2e69ec984,2020-10-24,12,{'JAM'},{'JAM_MODERATE_TRAFFIC'},28,{2},5.0
2e69ec99,2e69ec984,2020-10-25,11,{'JAM'},{'JAM_STAND_STILL_TRAFFIC'},33,{2},5.0
2e69ec99,2e69ec984,2020-10-25,13,{'JAM'},{'JAM_STAND_STILL_TRAFFIC'},63,{2},5.0
2e69ec99,2e69ec984,2020-10-25,14,{'WEATHERHAZARD'},{'HAZARD_WEATHER_HAIL'},31,{2},5.903225806451613
2e69ec99,2e69ec984,2020-10-25,19,{'JAM'},{'JAM_STAND_STILL_TRAFFIC'},16,{2},5.9375
2e69ec99,2e69ec984,2020-10-26,7,{'JAM'},{'JAM_HEAVY_TRAFFIC'},30,{2},5.0
2e69ec99,2e69ec984,2020-11-01,10,{'JAM'},{'JAM_STAND_STILL_TRAFFIC'},31,{2},5.0
2e69ec99,2e69ec984,2020-11-01,13,{'JAM'},{'JAM_HEAVY_TRAFFIC'},30,{2},5.0
2e69ec99,2e69ec984,2020-11-02,7,{'JAM'},"{'JAM_STAND_STILL_TRAFFIC', 'JAM_MODERATE_TRAFFIC', 'JAM_HEAVY_TRAFFIC'}",67,{2},5.7611940298507465
2e69ec99,2e69ec984,2020-11-03,7,{'JAM'},{'JAM_HEAVY_TRAFFIC'},32,{2},5.0
2e69ec99,2e69ec984,2020-11-05,9,{'JAM'},{'JAM_STAND_STILL_TRAFFIC'},34,{2},5.0
2e69ec99,2e69ec984,2020-11-08,10,{'JAM'},{'JAM_MODERATE_TRAFFIC'},30,{2},5.0
2e69ec99,2e69ec984,2020-11-08,12,{'JAM'},{'JAM_HEAVY_TRAFFIC'},62,{2},5.0
2e69ec99,2e69ec984,2020-11-11,8,{'JAM'},{'JAM_STAND_STILL_TRAFFIC'},30,{2},5.0
2e69ec99,2e69ec984,2020-11-14,13,{'JAM'},{'JAM_STAND_STILL_TRAFFIC'},21,{2},5.333333333333333
2e69ec99,2e69ec984,2020-11-15,16,{'JAM'},{'JAM_HEAVY_TRAFFIC'},27,{2},5.0
2e69ec99,2e69ec984,2020-11-17,7,{'JAM'},{'JAM_STAND_STILL_TRAFFIC'},32,{2},5.0
2e69ec99,2e69ec98c,2020-09-04,15,{'JAM'},{'JAM'},7,{2},5.0
2e69ec99,2e69ec98c,2020-10-10,13,{'JAM'},{'JAM_STAND_STILL_TRAFFIC'},26,{2},5.0
2e69ec99,2e69ec98c,2020-10-12,7,{'JAM'},{'JAM_STAND_STILL_TRAFFIC'},30,{2},5.0
2e69ec99,2e69ec98c,2020-10-14,7,{'JAM'},{'JAM_HEAVY_TRAFFIC'},32,{2},5.0
2e69ec99,2e69ec98c,2020-10-20,8,{'JAM'},{'JAM_HEAVY_TRAFFIC'},93,{2},5.172043010752688
2e69ec99,2e69ec98c,2020-10-22,7,{'JAM'},{'JAM_MODERATE_TRAFFIC'},33,{2},5.0
2e69ec99,2e69ec98c,2020-10-25,13,{'JAM'},{'JAM_STAND_STILL_TRAFFIC'},34,{1},5.0
2e69ec99,2e69ec98c,2020-10-26,6,{'JAM'},{'JAM_HEAVY_TRAFFIC'},30,{2},5.0
2e69ec99,2e69ec98c,2020-10-26,7,{'JAM'},{'JAM_STAND_STILL_TRAFFIC'},60,{2},5.0
2e69ec99,2e69ec98c,2020-10-26,17,{'JAM'},{'JAM_STAND_STILL_TRAFFIC'},27,{2},5.0
2e69ec99,2e69ec98c,2020-10-27,7,{'JAM'},{'JAM_STAND_STILL_TRAFFIC'},32,{2},5.0
2e69ec99,2e69ec98c,2020-11-01,12,{'JAM'},{'JAM_HEAVY_TRAFFIC'},30,{2},5.0
2e69ec99,2e69ec98c,2020-11-02,6,{'JAM'},{'JAM_STAND_STILL_TRAFFIC'},5,{2},5.0
2e69ec99,2e69ec98c,2020-11-02,7,{'JAM'},{'JAM_HEAVY_TRAFFIC'},63,{2},5.0
2e69ec99,2e69ec98c,2020-11-02,8,{'JAM'},{'JAM_HEAVY_TRAFFIC'},30,{2},5.0
2e69ec99,2e69ec98c,2020-11-05,8,{'JAM'},{'JAM_STAND_STILL_TRAFFIC'},31,{2},5.0
2e69ec99,2e69ec98c,2020-11-05,9,{'JAM'},{'JAM_STAND_STILL_TRAFFIC'},62,{2},5.0
2e69ec99,2e69ec98c,2020-11-08,14,{'JAM'},{'JAM_STAND_STILL_TRAFFIC'},38,{2},5.473684210526316
2e69ec99,2e69ec98c,2020-11-11,8,{'JAM'},{'JAM_HEAVY_TRAFFIC'},13,{2},5.0
2e69ec99,2e69ec98c,2020-11-17,7,{'JAM'},{'JAM_HEAVY_TRAFFIC'},30,{2},5.0
2e69ec99,2e69ec99c,2020-09-28,15,{'WEATHERHAZARD'},{'WEATHERHAZARD'},33,{2},5.333333333333333
2e69ec99,2e69ec99c,2020-10-26,8,{'JAM'},{'JAM_HEAVY_TRAFFIC'},30,{2},5.0
2e69ec99,2e69ec99c,2020-11-16,8,{'JAM'},{'JAM_STAND_STILL_TRAFFIC'},32,{2},5.0
2e69ec9b,2e69ec9a4,2020-09-08,9,{'JAM'},{'JAM'},32,{1},5.0
2e69ec9b,2e69ec9a4,2020-09-20,10,{'JAM'},{'JAM_HEAVY_TRAFFIC'},31,{2},5.0
2e69ec9b,2e69ec9b4,2020-09-01,19,{'JAM'},{'JAM_MODERATE_TRAFFIC'},30,{2},5.0
2e69ec9b,2e69ec9b4,2020-09-23,10,{'JAM'},{'JAM'},5,{2},6.0
2e69ec9b,2e69ec9bc,2020-10-24,11,{'JAM'},{'JAM_MODERATE_TRAFFIC'},18,{2},5.0
2e69ec9b,2e69ec9bc,2020-11-19,16,{'JAM'},{'JAM_STAND_STILL_TRAFFIC'},24,{2},5.0
2e69ec9d,2e69ec9cc,2020-10-21,17,{'WEATHERHAZARD'},{'HAZARD_ON_ROAD_OBJECT'},61,{1},5.0
2e69ec9f,2e69ec9ec,2020-09-05,10,{'JAM'},{'JAM_STAND_STILL_TRAFFIC'},32,{1},6.40625
2e69ec9f,2e69ec9f4,2020-09-10,10,{'JAM'},{'JAM'},32,{2},5.0
2e69ec9f,2e69ec9f4,2020-09-24,13,{'JAM'},{'JAM_MODERATE_TRAFFIC'},30,{2},5.0
2e69ec9f,2e69ec9f4,2020-10-12,8,{'JAM'},"{'JAM', 'JAM_STAND_STILL_TRAFFIC'}",93,{2},5.268817204301075
2e69ec9f,2e69ec9f4,2020-10-20,8,{'JAM'},{'JAM_STAND_STILL_TRAFFIC'},35,{2},5.428571428571429
2e69ec9f,2e69ec9f4,2020-10-27,7,{'JAM'},{'JAM_HEAVY_TRAFFIC'},51,{2},5.411764705882353
2e69ec9f,2e69ec9f4,2020-11-01,12,{'JAM'},{'JAM_STAND_STILL_TRAFFIC'},31,{2},5.0
2e69ec9f,2e69ec9f4,2020-11-02,7,{'JAM'},{'JAM_HEAVY_TRAFFIC'},32,{2},5.0
2e69ec9f,2e69ec9f4,2020-11-04,13,{'JAM'},{'JAM_HEAVY_TRAFFIC'},8,{2},5.0
2e69ec9f,2e69ec9f4,2020-11-05,7,{'JAM'},{'JAM_STAND_STILL_TRAFFIC'},88,{2},5.659090909090909
2e69ec9f,2e69ec9f4,2020-11-12,7,{'JAM'},{'JAM_STAND_STILL_TRAFFIC'},63,{2},5.0
2e69ec9f,2e69ec9fc,2020-09-12,18,{'JAM'},{'JAM_STAND_STILL_TRAFFIC'},19,{2},5.0
2e69ec9f,2e69ec9fc,2020-10-12,8,{'JAM'},{'JAM_STAND_STILL_TRAFFIC'},7,{2},5.0
2e69ec9f,2e69ec9fc,2020-10-16,20,{'JAM'},{'JAM_MODERATE_TRAFFIC'},5,{2},5.0
2e69ec9f,2e69ec9fc,2020-11-06,12,{'JAM'},{'JAM_STAND_STILL_TRAFFIC'},37,{2},5.0
2e69eca3,2e69eca2c,2020-09-02,18,"{'JAM', 'WEATHERHAZARD'}","{'HAZARD_ON_ROAD_CAR_STOPPED', 'JAM_HEAVY_TRAFFIC'}",59,{7},5.745762711864407
2e69eca3,2e69eca2c,2020-09-05,13,{'JAM'},{'JAM_STAND_STILL_TRAFFIC'},31,{7},5.0
2e69eca3,2e69eca2c,2020-09-08,18,{'JAM'},{'JAM_HEAVY_TRAFFIC'},32,{7},5.0
2e69eca3,2e69eca2c,2020-09-19,9,{'JAM'},{'JAM_STAND_STILL_TRAFFIC'},30,{7},5.633333333333334
2e69eca3,2e69eca2c,2020-09-19,10,{'JAM'},{'JAM_HEAVY_TRAFFIC'},37,{7},6.378378378378378
2e69eca3,2e69eca2c,2020-10-02,19,{'JAM'},{'JAM_HEAVY_TRAFFIC'},30,{7},7.0
2e69eca3,2e69eca2c,2020-10-08,15,{'JAM'},{'JAM_HEAVY_TRAFFIC'},31,{7},5.0
2e69eca3,2e69eca2c,2020-10-08,18,{'ACCIDENT'},{'ACCIDENT'},45,{7},7.555555555555555
2e69eca3,2e69eca2c,2020-10-10,19,{'JAM'},{'JAM'},31,{7},5.709677419354839
2e69eca3,2e69eca2c,2020-10-17,15,{'JAM'},"{'JAM', 'JAM_HEAVY_TRAFFIC'}",68,"{4, 7}",5.161764705882353
2e69eca3,2e69eca2c,2020-10-25,15,{'JAM'},"{'JAM_STAND_STILL_TRAFFIC', 'JAM_HEAVY_TRAFFIC'}",58,{7},5.0
2e69eca3,2e69eca2c,2020-11-03,18,{'JAM'},{'JAM_STAND_STILL_TRAFFIC'},30,{7},6.0
2e69eca3,2e69eca2c,2020-11-07,18,{'JAM'},{'JAM_HEAVY_TRAFFIC'},32,{7},5.0
2e69eca3,2e69eca2c,2020-11-08,18,{'JAM'},{'JAM_HEAVY_TRAFFIC'},31,{7},5.0
2e69eca3,2e69eca2c,2020-11-08,19,{'JAM'},{'JAM_HEAVY_TRAFFIC'},13,{7},5.0
2e69eca3,2e69eca2c,2020-11-12,18,{'JAM'},{'JAM_STAND_STILL_TRAFFIC'},30,{7},5.0
2e69eca3,2e69eca2c,2020-11-13,17,{'JAM'},{'JAM_STAND_STILL_TRAFFIC'},31,{7},5.0
2e69eca3,2e69eca2c,2020-11-14,17,{'JAM'},{'JAM_STAND_STILL_TRAFFIC'},46,{7},6.260869565217392
2e69eca3,2e69eca2c,2020-11-15,16,{'JAM'},{'JAM_STAND_STILL_TRAFFIC'},32,{7},5.0
2e69eca3,2e69eca2c,2020-11-15,17,{'JAM'},{'JAM_HEAVY_TRAFFIC'},18,{7},5.0
2e69eca3,2e69eca2c,2020-11-16,7,{'JAM'},{'JAM_STAND_STILL_TRAFFIC'},31,{2},5.0
2e69eca3,2e69eca2c,2020-11-20,17,{'JAM'},{'JAM_STAND_STILL_TRAFFIC'},13,{7},5.0
2e69eca3,2e69eca2c,2020-11-21,14,{'JAM'},{'JAM_STAND_STILL_TRAFFIC'},39,{7},5.384615384615385
2e69eca3,2e69eca2c,2020-11-21,16,{'JAM'},{'JAM_STAND_STILL_TRAFFIC'},32,{7},5.90625
2e69eca3,2e69eca34,2020-09-02,18,{'JAM'},{'JAM_HEAVY_TRAFFIC'},92,{7},5.0
2e69eca3,2e69eca34,2020-09-03,14,{'JAM'},{'JAM'},13,{7},5.0
2e69eca3,2e69eca34,2020-09-03,17,{'JAM'},{'JAM_HEAVY_TRAFFIC'},64,{7},5.0
2e69eca3,2e69eca34,2020-09-04,15,{'JAM'},{'JAM_HEAVY_TRAFFIC'},29,{7},5.0
2e69eca3,2e69eca34,2020-09-04,19,{'JAM'},{'JAM_MODERATE_TRAFFIC'},28,{7},5.0
2e69eca3,2e69eca34,2020-09-05,18,"{'JAM', 'WEATHERHAZARD'}","{'HAZARD_ON_ROAD_CAR_STOPPED', 'JAM_HEAVY_TRAFFIC'}",52,{7},5.076923076923077
2e69eca3,2e69eca34,2020-09-06,14,{'JAM'},{'JAM_HEAVY_TRAFFIC'},30,{7},5.0
2e69eca3,2e69eca34,2020-09-06,17,{'JAM'},{'JAM_HEAVY_TRAFFIC'},31,{7},5.0
2e69eca3,2e69eca34,2020-09-08,17,{'JAM'},{'JAM_HEAVY_TRAFFIC'},19,{7},5.0
2e69eca3,2e69eca34,2020-09-08,18,{'JAM'},{'JAM_HEAVY_TRAFFIC'},16,{7},5.0
2e69eca3,2e69eca34,2020-09-12,16,{'JAM'},{'JAM_STAND_STILL_TRAFFIC'},31,{7},5.0
2e69eca3,2e69eca34,2020-09-12,17,{'JAM'},{'JAM_HEAVY_TRAFFIC'},47,{7},5.404255319148936
2e69eca3,2e69eca34,2020-09-12,18,{'WEATHERHAZARD'},{'HAZARD_ON_ROAD_CAR_STOPPED'},31,{7},5.0
2e69eca3,2e69eca34,2020-09-15,17,{'JAM'},{'JAM_STAND_STILL_TRAFFIC'},69,{7},5.478260869565218
2e69eca3,2e69eca34,2020-09-15,18,{'JAM'},{'JAM_HEAVY_TRAFFIC'},64,{7},6.09375
2e69eca3,2e69eca34,2020-09-16,17,{'JAM'},{'JAM_HEAVY_TRAFFIC'},31,{7},6.806451612903226
2e69eca3,2e69eca34,2020-09-19,9,{'JAM'},"{'JAM_STAND_STILL_TRAFFIC', 'JAM_HEAVY_TRAFFIC'}",58,{7},5.931034482758621
2e69eca3,2e69eca34,2020-09-19,10,"{'JAM', 'ACCIDENT'}","{'JAM', 'JAM_STAND_STILL_TRAFFIC', 'ACCIDENT'}",228,"{20, 7}",7.43859649122807
2e69eca3,2e69eca34,2020-09-19,11,{'JAM'},{'JAM_STAND_STILL_TRAFFIC'},59,{7},5.186440677966102
2e69eca3,2e69eca34,2020-09-19,12,{'JAM'},{'JAM_STAND_STILL_TRAFFIC'},63,{7},5.444444444444445
2e69eca3,2e69eca34,2020-09-21,11,{'JAM'},{'JAM_MODERATE_TRAFFIC'},21,{7},5.0
2e69eca3,2e69eca34,2020-09-25,18,{'JAM'},{'JAM_HEAVY_TRAFFIC'},33,{7},5.0
2e69eca3,2e69eca34,2020-10-02,17,{'JAM'},{'JAM_STAND_STILL_TRAFFIC'},62,{7},5.0
2e69eca3,2e69eca34,2020-10-02,18,{'JAM'},{'JAM_HEAVY_TRAFFIC'},33,{7},5.0
2e69eca3,2e69eca34,2020-10-06,17,{'JAM'},{'JAM_HEAVY_TRAFFIC'},18,{7},5.0
2e69eca3,2e69eca34,2020-10-10,17,{'JAM'},{'JAM_STAND_STILL_TRAFFIC'},30,{7},5.0
2e69eca3,2e69eca34,2020-10-10,19,{'JAM'},{'JAM_HEAVY_TRAFFIC'},39,{7},5.410256410256411
2e69eca3,2e69eca34,2020-10-10,20,{'JAM'},{'JAM_STAND_STILL_TRAFFIC'},62,"{20, 7}",5.0
2e69eca3,2e69eca34,2020-10-11,11,{'JAM'},{'JAM_HEAVY_TRAFFIC'},32,{7},5.96875
2e69eca3,2e69eca34,2020-10-12,17,{'JAM'},"{'JAM', 'JAM_STAND_STILL_TRAFFIC', 'JAM_HEAVY_TRAFFIC'}",126,{7},5.238095238095238
2e69eca3,2e69eca34,2020-10-13,17,{'JAM'},{'JAM_STAND_STILL_TRAFFIC'},32,{7},5.0
2e69eca3,2e69eca34,2020-10-17,13,{'JAM'},{'JAM'},31,{7},5.0
2e69eca3,2e69eca34,2020-10-17,17,{'WEATHERHAZARD'},{'HAZARD_ON_SHOULDER_CAR_STOPPED'},42,{7},6.357142857142857
2e69eca3,2e69eca34,2020-10-18,18,{'JAM'},{'JAM_HEAVY_TRAFFIC'},32,{7},5.5
2e69eca3,2e69eca34,2020-10-21,17,{'JAM'},{'JAM_STAND_STILL_TRAFFIC'},32,{7},5.0
2e69eca3,2e69eca34,2020-10-22,17,{'JAM'},{'JAM_STAND_STILL_TRAFFIC'},37,{7},5.45945945945946
2e69eca3,2e69eca34,2020-10-24,15,{'JAM'},{'JAM_STAND_STILL_TRAFFIC'},30,{7},5.0
2e69eca3,2e69eca34,2020-10-24,16,{'WEATHERHAZARD'},{'HAZARD_ON_SHOULDER_CAR_STOPPED'},21,{7},6.380952380952381
2e69eca3,2e69eca34,2020-10-25,15,{'JAM'},{'JAM_STAND_STILL_TRAFFIC'},38,{7},5.394736842105263
2e69eca3,2e69eca34,2020-10-26,15,{'JAM'},{'JAM_STAND_STILL_TRAFFIC'},41,{7},5.414634146341464
2e69eca3,2e69eca34,2020-10-27,14,{'JAM'},{'JAM_STAND_STILL_TRAFFIC'},31,{7},6.516129032258065
2e69eca3,2e69eca34,2020-10-27,15,{'JAM'},{'JAM_STAND_STILL_TRAFFIC'},34,{7},5.5588235294117645
2e69eca3,2e69eca34,2020-10-27,16,{'JAM'},{'JAM_HEAVY_TRAFFIC'},33,{7},5.0
2e69eca3,2e69eca34,2020-11-02,14,{'JAM'},{'JAM_STAND_STILL_TRAFFIC'},30,{7},5.0
2e69eca3,2e69eca34,2020-11-03,18,{'JAM'},{'JAM_STAND_STILL_TRAFFIC'},13,{7},5.0
2e69eca3,2e69eca34,2020-11-07,13,{'JAM'},{'JAM_HEAVY_TRAFFIC'},44,{7},5.386363636363637
2e69eca3,2e69eca34,2020-11-07,14,{'JAM'},{'JAM_STAND_STILL_TRAFFIC'},31,{7},5.580645161290323
2e69eca3,2e69eca34,2020-11-07,16,{'JAM'},{'JAM_HEAVY_TRAFFIC'},31,{7},5.0
2e69eca3,2e69eca34,2020-11-09,17,{'JAM'},{'JAM_HEAVY_TRAFFIC'},31,{7},5.0
2e69eca3,2e69eca34,2020-11-11,11,{'JAM'},{'JAM_STAND_STILL_TRAFFIC'},32,{20},5.0
2e69eca3,2e69eca34,2020-11-12,17,{'JAM'},{'JAM_STAND_STILL_TRAFFIC'},31,{7},5.0
2e69eca3,2e69eca34,2020-11-14,16,{'JAM'},{'JAM_STAND_STILL_TRAFFIC'},51,{7},5.8431372549019605
2e69eca3,2e69eca34,2020-11-14,17,{'JAM'},{'JAM_STAND_STILL_TRAFFIC'},15,{7},5.0
2e69eca3,2e69eca34,2020-11-21,14,{'JAM'},{'JAM_HEAVY_TRAFFIC'},28,{7},5.714285714285714
2e69eca3,2e69eca34,2020-11-21,16,{'JAM'},{'JAM_HEAVY_TRAFFIC'},30,{7},5.933333333333334
2e69eca3,2e69eca34,2020-11-22,17,{'JAM'},{'JAM'},22,{7},5.0
2e69eca5,2e69eca44,2020-09-03,12,{'WEATHERHAZARD'},{'HAZARD_ON_SHOULDER_CAR_STOPPED'},31,{7},6.193548387096774
2e69eca5,2e69eca44,2020-09-03,15,{'JAM'},{'JAM_HEAVY_TRAFFIC'},31,{7},5.0
2e69eca5,2e69eca44,2020-09-04,11,{'WEATHERHAZARD'},{'HAZARD_ON_ROAD_POT_HOLE'},107,{7},7.299065420560748
2e69eca5,2e69eca44,2020-09-05,18,{'JAM'},{'JAM_MODERATE_TRAFFIC'},30,{7},5.0
2e69eca5,2e69eca44,2020-09-08,12,{'JAM'},{'JAM_MODERATE_TRAFFIC'},31,{7},5.967741935483871
2e69eca5,2e69eca44,2020-09-08,22,{'WEATHERHAZARD'},{'HAZARD_ON_ROAD_CONSTRUCTION'},478,{7},9.069037656903765
2e69eca5,2e69eca44,2020-09-09,13,{'JAM'},{'JAM_STAND_STILL_TRAFFIC'},30,{7},6.0
2e69eca5,2e69eca44,2020-09-11,20,{'WEATHERHAZARD'},{'HAZARD_ON_ROAD_CONSTRUCTION'},38,{7},7.473684210526316
2e69eca5,2e69eca44,2020-09-12,18,{'WEATHERHAZARD'},{'HAZARD_ON_SHOULDER_CAR_STOPPED'},31,{7},5.0
2e69eca5,2e69eca44,2020-09-13,10,{'JAM'},{'JAM_HEAVY_TRAFFIC'},31,{7},5.0
2e69eca5,2e69eca44,2020-09-14,15,{'JAM'},{'JAM_MODERATE_TRAFFIC'},31,{7},5.645161290322581
2e69eca5,2e69eca44,2020-09-15,18,{'JAM'},"{'JAM_STAND_STILL_TRAFFIC', 'JAM_HEAVY_TRAFFIC'}",67,{7},5.0
2e69eca5,2e69eca44,2020-09-16,14,{'JAM'},{'JAM_HEAVY_TRAFFIC'},30,{7},5.0
2e69eca5,2e69eca44,2020-09-16,17,{'JAM'},{'JAM_HEAVY_TRAFFIC'},34,{7},5.0
2e69eca5,2e69eca44,2020-09-19,1,{'WEATHERHAZARD'},{'HAZARD_ON_ROAD_CONSTRUCTION'},408,{7},6.602941176470588
2e69eca5,2e69eca44,2020-09-19,9,{'JAM'},{'JAM_STAND_STILL_TRAFFIC'},31,{7},5.580645161290323
2e69eca5,2e69eca44,2020-09-19,10,"{'JAM', 'ACCIDENT'}","{'JAM_STAND_STILL_TRAFFIC', 'ACCIDENT'}",51,{7},6.0
2e69eca5,2e69eca44,2020-09-19,12,{'JAM'},{'JAM_STAND_STILL_TRAFFIC'},32,{7},5.0
2e69eca5,2e69eca44,2020-09-22,18,{'JAM'},{'JAM_STAND_STILL_TRAFFIC'},29,{7},5.0
2e69eca5,2e69eca44,2020-10-01,11,{'JAM'},{'JAM_HEAVY_TRAFFIC'},33,{7},5.0
2e69eca5,2e69eca44,2020-10-02,17,{'JAM'},{'JAM_STAND_STILL_TRAFFIC'},13,{7},5.0
2e69eca5,2e69eca44,2020-10-08,19,{'WEATHERHAZARD'},{'HAZARD_ON_ROAD_CONSTRUCTION'},10,{7},5.3
2e69eca5,2e69eca44,2020-10-09,17,"{'JAM', 'WEATHERHAZARD'}","{'JAM_STAND_STILL_TRAFFIC', 'HAZARD_ON_ROAD_CONSTRUCTION', 'JAM_HEAVY_TRAFFIC'}",140,{7},6.75
2e69eca5,2e69eca44,2020-10-10,16,"{'JAM', 'WEATHERHAZARD'}","{'JAM_STAND_STILL_TRAFFIC', 'HAZARD_ON_ROAD_CONSTRUCTION'}",43,{7},5.558139534883721
2e69eca5,2e69eca44,2020-10-11,15,{'WEATHERHAZARD'},{'HAZARD_ON_ROAD_CONSTRUCTION'},4,{7},5.5
2e69eca5,2e69eca44,2020-10-12,11,{'JAM'},{'JAM_MODERATE_TRAFFIC'},12,{7},5.0
2e69eca5,2e69eca44,2020-10-12,17,{'JAM'},{'JAM_HEAVY_TRAFFIC'},33,{7},5.0
2e69eca5,2e69eca44,2020-10-12,19,{'JAM'},{'JAM_STAND_STILL_TRAFFIC'},62,{7},5.790322580645161
2e69eca5,2e69eca44,2020-10-13,12,{'WEATHERHAZARD'},{'HAZARD_ON_ROAD_CONSTRUCTION'},53,{7},8.716981132075471
2e69eca5,2e69eca44,2020-10-13,14,{'JAM'},{'JAM_STAND_STILL_TRAFFIC'},31,{7},5.0
2e69eca5,2e69eca44,2020-10-14,7,{'JAM'},{'JAM_HEAVY_TRAFFIC'},31,{7},5.0
2e69eca5,2e69eca44,2020-10-14,8,{'WEATHERHAZARD'},{'HAZARD_ON_SHOULDER_CAR_STOPPED'},38,{7},5.815789473684211
2e69eca5,2e69eca44,2020-10-14,15,{'JAM'},{'JAM_HEAVY_TRAFFIC'},31,{7},5.0
2e69eca5,2e69eca44,2020-10-15,15,{'JAM'},{'JAM_STAND_STILL_TRAFFIC'},31,{7},5.0
2e69eca5,2e69eca44,2020-10-18,12,{'JAM'},{'JAM_STAND_STILL_TRAFFIC'},25,{7},5.0
2e69eca5,2e69eca44,2020-10-20,15,{'JAM'},{'JAM_HEAVY_TRAFFIC'},34,{7},5.882352941176471
2e69eca5,2e69eca44,2020-10-23,11,{'WEATHERHAZARD'},{'HAZARD_ON_ROAD_CONSTRUCTION'},67,{7},8.417910447761194
2e69eca5,2e69eca44,2020-10-24,16,{'WEATHERHAZARD'},{'HAZARD_ON_SHOULDER_CAR_STOPPED'},27,{7},5.518518518518518
2e69eca5,2e69eca44,2020-10-25,15,{'JAM'},{'JAM_STAND_STILL_TRAFFIC'},5,{7},5.0
2e69eca5,2e69eca44,2020-10-26,20,{'JAM'},{'JAM_HEAVY_TRAFFIC'},29,{7},5.0
2e69eca5,2e69eca44,2020-10-27,12,{'WEATHERHAZARD'},{'HAZARD_ON_SHOULDER_CAR_STOPPED'},48,{7},8.75
2e69eca5,2e69eca44,2020-10-27,13,{'JAM'},"{'JAM_STAND_STILL_TRAFFIC', 'JAM_HEAVY_TRAFFIC'}",76,{7},5.7631578947368425
2e69eca5,2e69eca44,2020-10-27,14,{'JAM'},{'JAM_STAND_STILL_TRAFFIC'},45,{7},5.377777777777778
2e69eca5,2e69eca44,2020-10-27,15,{'JAM'},{'JAM_MODERATE_TRAFFIC'},30,{7},5.933333333333334
2e69eca5,2e69eca44,2020-10-27,21,{'WEATHERHAZARD'},{'HAZARD_ON_SHOULDER_CAR_STOPPED'},31,{7},6.32258064516129
2e69eca5,2e69eca44,2020-10-28,11,{'JAM'},{'JAM_MODERATE_TRAFFIC'},32,{7},5.0
2e69eca5,2e69eca44,2020-10-28,12,{'JAM'},{'JAM_HEAVY_TRAFFIC'},30,{7},5.0
2e69eca5,2e69eca44,2020-10-28,14,{'JAM'},{'JAM_HEAVY_TRAFFIC'},31,{7},5.0
2e69eca5,2e69eca44,2020-10-28,19,{'WEATHERHAZARD'},{'WEATHERHAZARD'},34,{7},5.676470588235294
2e69eca5,2e69eca44,2020-10-29,12,{'JAM'},{'JAM_STAND_STILL_TRAFFIC'},33,{7},5.0
2e69eca5,2e69eca44,2020-10-31,17,{'JAM'},{'JAM_STAND_STILL_TRAFFIC'},31,{7},5.0
2e69eca5,2e69eca44,2020-11-01,8,{'JAM'},{'JAM_HEAVY_TRAFFIC'},32,{7},5.0
2e69eca5,2e69eca44,2020-11-01,16,{'JAM'},{'JAM_STAND_STILL_TRAFFIC'},32,{7},5.0
2e69eca5,2e69eca44,2020-11-03,19,{'JAM'},{'JAM_HEAVY_TRAFFIC'},32,{7},5.0
2e69eca5,2e69eca44,2020-11-05,15,{'JAM'},{'JAM_HEAVY_TRAFFIC'},31,{7},5.741935483870968
2e69eca5,2e69eca44,2020-11-05,19,{'JAM'},{'JAM_MODERATE_TRAFFIC'},32,{7},5.0
2e69eca5,2e69eca44,2020-11-06,13,{'JAM'},{'JAM'},30,{7},5.0
2e69eca5,2e69eca44,2020-11-06,14,{'JAM'},{'JAM_STAND_STILL_TRAFFIC'},63,{7},5.0
2e69eca5,2e69eca44,2020-11-06,16,{'JAM'},{'JAM_STAND_STILL_TRAFFIC'},31,{7},5.0
2e69eca5,2e69eca44,2020-11-10,9,{'JAM'},{'JAM_HEAVY_TRAFFIC'},6,{7},5.0
2e69eca5,2e69eca44,2020-11-21,21,{'JAM'},{'JAM_HEAVY_TRAFFIC'},31,{7},5.838709677419355
2e69eca5,2e69eca4c,2020-11-06,11,{'WEATHERHAZARD'},{'HAZARD_ON_SHOULDER_CAR_STOPPED'},17,{7},6.294117647058823
2e69eca7,2e69eca64,2020-10-26,16,{'JAM'},{'JAM'},30,{7},6.0
2e69eca7,2e69eca64,2020-10-28,14,{'JAM'},{'JAM'},30,{7},5.0
2e69eca7,2e69eca64,2020-11-04,3,{'WEATHERHAZARD'},{'HAZARD_ON_ROAD_ROAD_KILL'},69,{1},5.0
2e69eca7,2e69eca64,2020-11-07,11,{'JAM'},{'JAM_STAND_STILL_TRAFFIC'},39,{7},5.897435897435898
2e69eca7,2e69eca6c,2020-09-02,18,{'ACCIDENT'},{'ACCIDENT'},87,{7},8.379310344827585
2e69eca7,2e69eca6c,2020-09-03,7,{'WEATHERHAZARD'},{'HAZARD_ON_SHOULDER_CAR_STOPPED'},31,{7},8.193548387096774
2e69eca7,2e69eca6c,2020-09-04,9,"{'JAM', 'WEATHERHAZARD'}","{'HAZARD_ON_ROAD_CONSTRUCTION', 'JAM_HEAVY_TRAFFIC'}",103,{7},7.883495145631068
2e69eca7,2e69eca6c,2020-09-04,16,{'WEATHERHAZARD'},{'HAZARD_ON_ROAD_CONSTRUCTION'},50,{7},8.24
2e69eca7,2e69eca6c,2020-09-05,11,{'JAM'},{'JAM_HEAVY_TRAFFIC'},31,{7},5.0
2e69eca7,2e69eca6c,2020-09-05,12,{'JAM'},{'JAM_HEAVY_TRAFFIC'},30,{7},5.0
2e69eca7,2e69eca6c,2020-09-05,14,{'JAM'},{'JAM_STAND_STILL_TRAFFIC'},31,{7},5.0
2e69eca7,2e69eca6c,2020-09-05,23,{'WEATHERHAZARD'},{'HAZARD_ON_ROAD_CONSTRUCTION'},15,{7},6.866666666666666
2e69eca7,2e69eca6c,2020-09-06,10,{'WEATHERHAZARD'},{'HAZARD_ON_ROAD'},17,{7},7.117647058823529
2e69eca7,2e69eca6c,2020-09-06,12,{'JAM'},{'JAM_STAND_STILL_TRAFFIC'},32,{7},5.0
2e69eca7,2e69eca6c,2020-09-06,14,{'JAM'},{'JAM_STAND_STILL_TRAFFIC'},31,{7},5.0
2e69eca7,2e69eca6c,2020-09-06,15,{'JAM'},{'JAM_HEAVY_TRAFFIC'},30,{7},5.6
2e69eca7,2e69eca6c,2020-09-12,7,{'WEATHERHAZARD'},{'HAZARD_ON_ROAD_CONSTRUCTION'},70,{7},5.542857142857143
2e69eca7,2e69eca6c,2020-09-12,9,{'WEATHERHAZARD'},{'HAZARD_ON_ROAD_CONSTRUCTION'},19,{7},6.0
2e69eca7,2e69eca6c,2020-09-19,11,{'JAM'},{'JAM_STAND_STILL_TRAFFIC'},30,{7},7.1
2e69eca7,2e69eca6c,2020-09-20,14,{'WEATHERHAZARD'},{'HAZARD_ON_ROAD_CONSTRUCTION'},31,{7},5.709677419354839
2e69eca7,2e69eca6c,2020-09-23,9,{'WEATHERHAZARD'},{'HAZARD_ON_ROAD_CONSTRUCTION'},122,{7},7.295081967213115
2e69eca7,2e69eca6c,2020-09-23,16,"{'JAM', 'WEATHERHAZARD'}","{'HAZARD_ON_ROAD_CONSTRUCTION', 'JAM_MODERATE_TRAFFIC'}",223,{7},8.143497757847534
2e69eca7,2e69eca6c,2020-09-24,7,{'JAM'},{'JAM_MODERATE_TRAFFIC'},15,{7},5.0
2e69eca7,2e69eca6c,2020-09-25,17,{'WEATHERHAZARD'},{'HAZARD_ON_SHOULDER_CAR_STOPPED'},31,{7},5.935483870967742
2e69eca7,2e69eca6c,2020-09-28,11,{'WEATHERHAZARD'},{'HAZARD_ON_ROAD_CONSTRUCTION'},208,{4},7.701923076923077
2e69eca7,2e69eca6c,2020-10-01,21,{'WEATHERHAZARD'},{'HAZARD_ON_ROAD_CONSTRUCTION'},588,{7},8.600340136054422
2e69eca7,2e69eca6c,2020-10-03,14,{'JAM'},{'JAM_STAND_STILL_TRAFFIC'},31,{7},5.0
2e69eca7,2e69eca6c,2020-10-05,7,{'JAM'},{'JAM_HEAVY_TRAFFIC'},7,{7},5.0
2e69eca7,2e69eca6c,2020-10-05,15,{'WEATHERHAZARD'},{'HAZARD_ON_ROAD_CONSTRUCTION'},60,{7},7.55
2e69eca7,2e69eca6c,2020-10-05,17,{'WEATHERHAZARD'},{'HAZARD_ON_ROAD_CONSTRUCTION'},39,{7},7.871794871794871
2e69eca7,2e69eca6c,2020-10-06,9,{'WEATHERHAZARD'},{'HAZARD_ON_ROAD_CONSTRUCTION'},12,{7},8.75
2e69eca7,2e69eca6c,2020-10-06,10,{'WEATHERHAZARD'},{'HAZARD_ON_ROAD_CONSTRUCTION'},63,{7},5.761904761904762
2e69eca7,2e69eca6c,2020-10-06,11,{'WEATHERHAZARD'},{'HAZARD_ON_SHOULDER_MISSING_SIGN'},31,{7},5.258064516129032
2e69eca7,2e69eca6c,2020-10-06,14,{'WEATHERHAZARD'},{'HAZARD_ON_ROAD_CONSTRUCTION'},108,{7},9.083333333333334
2e69eca7,2e69eca6c,2020-10-07,13,{'JAM'},{'JAM_HEAVY_TRAFFIC'},30,{7},5.0
2e69eca7,2e69eca6c,2020-10-07,17,{'JAM'},{'JAM_STAND_STILL_TRAFFIC'},31,{7},5.0
2e69eca7,2e69eca6c,2020-10-07,18,{'JAM'},{'JAM_MODERATE_TRAFFIC'},31,{7},5.0
2e69eca7,2e69eca6c,2020-10-08,16,{'WEATHERHAZARD'},{'HAZARD_ON_ROAD_CONSTRUCTION'},28,{7},8.928571428571429
2e69eca7,2e69eca6c,2020-10-09,19,{'WEATHERHAZARD'},{'HAZARD_ON_ROAD_CONSTRUCTION'},128,{7},8.984375
2e69eca7,2e69eca6c,2020-10-12,16,{'WEATHERHAZARD'},{'HAZARD_ON_ROAD_CONSTRUCTION'},32,{7},8.65625
2e69eca7,2e69eca6c,2020-10-13,13,{'WEATHERHAZARD'},{'HAZARD_ON_ROAD_CONSTRUCTION'},21,{7},8.047619047619047
2e69eca7,2e69eca6c,2020-10-13,14,{'WEATHERHAZARD'},{'HAZARD_ON_ROAD_CONSTRUCTION'},58,{7},8.03448275862069
2e69eca7,2e69eca6c,2020-10-13,17,{'WEATHERHAZARD'},{'HAZARD_ON_ROAD_CONSTRUCTION'},33,{7},7.303030303030303
2e69eca7,2e69eca6c,2020-10-14,1,{'WEATHERHAZARD'},{'HAZARD_ON_ROAD_CONSTRUCTION'},544,{7},6.1599264705882355
2e69eca7,2e69eca6c,2020-10-14,15,{'WEATHERHAZARD'},{'HAZARD_ON_ROAD_CONSTRUCTION'},8,{7},5.375
2e69eca7,2e69eca6c,2020-10-14,17,{'JAM'},{'JAM_STAND_STILL_TRAFFIC'},33,{7},5.0
2e69eca7,2e69eca6c,2020-10-15,16,{'JAM'},{'JAM_STAND_STILL_TRAFFIC'},31,{7},6.0
2e69eca7,2e69eca6c,2020-10-15,17,{'WEATHERHAZARD'},{'HAZARD_ON_ROAD_CONSTRUCTION'},101,{7},8.821782178217822
2e69eca7,2e69eca6c,2020-10-17,14,{'JAM'},{'JAM_STAND_STILL_TRAFFIC'},32,{7},5.96875
2e69eca7,2e69eca6c,2020-10-17,15,{'JAM'},{'JAM_STAND_STILL_TRAFFIC'},12,{7},5.0
2e69eca7,2e69eca6c,2020-10-18,11,{'JAM'},{'JAM_STAND_STILL_TRAFFIC'},34,{7},5.4411764705882355
2e69eca7,2e69eca6c,2020-10-18,15,{'WEATHERHAZARD'},{'HAZARD_ON_SHOULDER_CAR_STOPPED'},34,{7},8.5
2e69eca7,2e69eca6c,2020-10-20,16,{'JAM'},{'JAM_STAND_STILL_TRAFFIC'},35,{7},5.0
2e69eca7,2e69eca6c,2020-10-22,13,{'JAM'},{'JAM_MODERATE_TRAFFIC'},26,{7},5.0
2e69eca7,2e69eca6c,2020-10-24,11,{'JAM'},{'JAM_STAND_STILL_TRAFFIC'},30,{7},5.0
2e69eca7,2e69eca6c,2020-10-25,14,{'JAM'},{'JAM_STAND_STILL_TRAFFIC'},23,{7},6.0
2e69eca7,2e69eca6c,2020-10-26,15,{'JAM'},{'JAM_STAND_STILL_TRAFFIC'},38,{7},5.0
2e69eca7,2e69eca6c,2020-10-26,18,{'JAM'},{'JAM_STAND_STILL_TRAFFIC'},62,{7},5.419354838709677
2e69eca7,2e69eca6c,2020-10-27,18,"{'JAM', 'WEATHERHAZARD'}","{'HAZARD_ON_ROAD_CAR_STOPPED', 'JAM_HEAVY_TRAFFIC'}",96,{7},7.96875
2e69eca7,2e69eca6c,2020-10-28,12,{'JAM'},{'JAM'},30,{7},5.0
2e69eca7,2e69eca6c,2020-10-30,6,{'WEATHERHAZARD'},{'HAZARD_ON_SHOULDER_CAR_STOPPED'},31,{7},5.709677419354839
2e69eca7,2e69eca6c,2020-10-31,18,{'JAM'},{'JAM_MODERATE_TRAFFIC'},41,{7},5.365853658536586
2e69eca7,2e69eca6c,2020-11-01,8,{'WEATHERHAZARD'},{'HAZARD_ON_ROAD_CONSTRUCTION'},94,{7},9.063829787234043
2e69eca7,2e69eca6c,2020-11-01,13,{'JAM'},{'JAM_HEAVY_TRAFFIC'},35,{7},5.428571428571429
2e69eca7,2e69eca6c,2020-11-02,14,{'WEATHERHAZARD'},{'HAZARD_ON_SHOULDER_CAR_STOPPED'},28,{7},5.428571428571429
2e69eca7,2e69eca6c,2020-11-03,13,{'WEATHERHAZARD'},{'HAZARD_ON_ROAD_CAR_STOPPED'},59,{7},7.271186440677966
2e69eca7,2e69eca6c,2020-11-03,19,{'JAM'},{'JAM_STAND_STILL_TRAFFIC'},63,{7},5.0
2e69eca7,2e69eca6c,2020-11-05,16,{'JAM'},{'JAM_STAND_STILL_TRAFFIC'},30,{7},6.966666666666667
2e69eca7,2e69eca6c,2020-11-06,10,{'JAM'},{'JAM_MODERATE_TRAFFIC'},13,{7},5.3076923076923075
2e69eca7,2e69eca6c,2020-11-06,15,{'JAM'},{'JAM_STAND_STILL_TRAFFIC'},61,{7},5.0
2e69eca7,2e69eca6c,2020-11-06,19,{'JAM'},{'JAM'},30,{7},6.0
2e69eca7,2e69eca6c,2020-11-07,11,{'WEATHERHAZARD'},{'HAZARD_ON_SHOULDER_CAR_STOPPED'},8,{7},5.125
2e69eca7,2e69eca6c,2020-11-07,16,{'JAM'},{'JAM_HEAVY_TRAFFIC'},32,{7},5.0
2e69eca7,2e69eca6c,2020-11-08,11,{'JAM'},{'JAM_STAND_STILL_TRAFFIC'},30,{7},5.0
2e69eca7,2e69eca6c,2020-11-10,8,{'JAM'},{'JAM_STAND_STILL_TRAFFIC'},26,{7},5.0
2e69eca7,2e69eca6c,2020-11-11,11,{'JAM'},{'JAM_STAND_STILL_TRAFFIC'},22,{7},5.0
2e69eca7,2e69eca6c,2020-11-14,10,{'WEATHERHAZARD'},{'HAZARD_ON_ROAD_CONSTRUCTION'},12,{7},6.083333333333333
2e69eca7,2e69eca74,2020-10-10,15,{'JAM'},{'JAM_STAND_STILL_TRAFFIC'},30,{7},7.0
2e69eca7,2e69eca74,2020-10-25,15,{'JAM'},{'JAM_MODERATE_TRAFFIC'},46,{7},5.3478260869565215
2e69eca7,2e69eca74,2020-10-29,15,{'JAM'},{'JAM_STAND_STILL_TRAFFIC'},31,{7},5.0
2e69eca7,2e69eca74,2020-11-11,12,{'JAM'},{'JAM_MODERATE_TRAFFIC'},26,{7},5.0
2e69eca7,2e69eca7c,2020-09-02,14,{'JAM'},{'JAM_MODERATE_TRAFFIC'},32,{7},5.0
2e69eca7,2e69eca7c,2020-09-02,18,{'WEATHERHAZARD'},{'HAZARD_ON_ROAD_CAR_STOPPED'},30,{7},6.266666666666667
2e69eca7,2e69eca7c,2020-09-04,9,{'JAM'},{'JAM_MODERATE_TRAFFIC'},30,{7},5.0
2e69eca7,2e69eca7c,2020-09-04,16,{'JAM'},{'JAM_HEAVY_TRAFFIC'},89,{7},5.0
2e69eca7,2e69eca7c,2020-09-04,17,{'JAM'},{'JAM_HEAVY_TRAFFIC'},33,{7},5.0
2e69eca7,2e69eca7c,2020-09-05,15,{'JAM'},{'JAM_HEAVY_TRAFFIC'},61,{7},5.0
2e69eca7,2e69eca7c,2020-09-05,16,{'JAM'},{'JAM_HEAVY_TRAFFIC'},31,{7},5.0
2e69eca7,2e69eca7c,2020-09-06,10,{'JAM'},{'JAM_HEAVY_TRAFFIC'},60,{7},5.0
2e69eca7,2e69eca7c,2020-09-06,12,{'JAM'},{'JAM_MODERATE_TRAFFIC'},52,{7},5.0
2e69eca7,2e69eca7c,2020-09-06,14,{'JAM'},{'JAM_STAND_STILL_TRAFFIC'},31,{7},5.0
2e69eca7,2e69eca7c,2020-09-07,16,{'WEATHERHAZARD'},{'HAZARD_ON_SHOULDER_CAR_STOPPED'},27,{7},5.888888888888889
2e69eca7,2e69eca7c,2020-09-10,13,{'JAM'},{'JAM_MODERATE_TRAFFIC'},32,{7},5.0
2e69eca7,2e69eca7c,2020-09-11,22,{'WEATHERHAZARD'},{'WEATHERHAZARD'},11,{20},5.0
2e69eca7,2e69eca7c,2020-09-13,11,{'JAM'},{'JAM_HEAVY_TRAFFIC'},31,{7},5.0
2e69eca7,2e69eca7c,2020-09-13,14,{'JAM'},{'JAM_STAND_STILL_TRAFFIC'},30,{7},5.0
2e69eca7,2e69eca7c,2020-09-13,15,{'JAM'},{'JAM_HEAVY_TRAFFIC'},31,{7},5.0
2e69eca7,2e69eca7c,2020-09-16,13,{'WEATHERHAZARD'},{'HAZARD_ON_SHOULDER_CAR_STOPPED'},8,{7},5.75
2e69eca7,2e69eca7c,2020-09-18,17,{'JAM'},{'JAM_HEAVY_TRAFFIC'},30,{7},5.0
2e69eca7,2e69eca7c,2020-09-19,9,"{'JAM', 'ACCIDENT'}","{'JAM_STAND_STILL_TRAFFIC', 'ACCIDENT_MAJOR'}",216,{7},8.467592592592593
2e69eca7,2e69eca7c,2020-09-19,10,{'JAM'},{'JAM_STAND_STILL_TRAFFIC'},151,{7},5.370860927152318
2e69eca7,2e69eca7c,2020-09-19,12,{'JAM'},{'JAM_STAND_STILL_TRAFFIC'},60,{7},5.0
2e69eca7,2e69eca7c,2020-09-20,11,{'JAM'},{'JAM_HEAVY_TRAFFIC'},25,{7},5.0
2e69eca7,2e69eca7c,2020-09-20,14,{'JAM'},{'JAM_STAND_STILL_TRAFFIC'},30,{7},5.0
2e69eca7,2e69eca7c,2020-09-22,18,"{'JAM', 'ACCIDENT'}","{'JAM_STAND_STILL_TRAFFIC', 'ACCIDENT'}",287,{7},6.10801393728223
2e69eca7,2e69eca7c,2020-09-23,10,{'JAM'},{'JAM_STAND_STILL_TRAFFIC'},22,{7},5.0
2e69eca7,2e69eca7c,2020-09-26,11,{'JAM'},"{'JAM_STAND_STILL_TRAFFIC', 'JAM_HEAVY_TRAFFIC'}",64,{7},5.390625
2e69eca7,2e69eca7c,2020-09-26,18,{'JAM'},{'JAM_STAND_STILL_TRAFFIC'},20,{4},5.0
2e69eca7,2e69eca7c,2020-09-29,15,{'JAM'},{'JAM_STAND_STILL_TRAFFIC'},32,{7},5.0
2e69eca7,2e69eca7c,2020-09-29,19,{'JAM'},{'JAM_MODERATE_TRAFFIC'},31,{7},5.0
2e69eca7,2e69eca7c,2020-10-01,11,{'JAM'},{'JAM_HEAVY_TRAFFIC'},26,{7},5.0
2e69eca7,2e69eca7c,2020-10-01,13,{'JAM'},{'JAM_STAND_STILL_TRAFFIC'},30,{7},6.0
2e69eca7,2e69eca7c,2020-10-03,13,{'ACCIDENT'},{'ACCIDENT_MAJOR'},51,{7},6.431372549019608
2e69eca7,2e69eca7c,2020-10-06,10,{'JAM'},{'JAM_MODERATE_TRAFFIC'},58,{7},5.0
2e69eca7,2e69eca7c,2020-10-07,12,{'JAM'},{'JAM_STAND_STILL_TRAFFIC'},31,{7},5.0
2e69eca7,2e69eca7c,2020-10-09,7,{'WEATHERHAZARD'},{'HAZARD_ON_ROAD_CAR_STOPPED'},70,{7},5.114285714285714
2e69eca7,2e69eca7c,2020-10-09,18,{'JAM'},{'JAM_STAND_STILL_TRAFFIC'},30,{7},5.0
2e69eca7,2e69eca7c,2020-10-10,15,{'JAM'},{'JAM_STAND_STILL_TRAFFIC'},1,{7},5.0
2e69eca7,2e69eca7c,2020-10-11,15,{'JAM'},{'JAM_STAND_STILL_TRAFFIC'},31,{7},5.0
2e69eca7,2e69eca7c,2020-10-12,19,"{'JAM', 'WEATHERHAZARD'}","{'HAZARD_ON_SHOULDER_CAR_STOPPED', 'JAM_HEAVY_TRAFFIC'}",224,{7},6.977678571428571
2e69eca7,2e69eca7c,2020-10-13,17,"{'JAM', 'WEATHERHAZARD'}","{'HAZARD_ON_ROAD_CAR_STOPPED', 'JAM_MODERATE_TRAFFIC'}",129,{7},6.658914728682171
2e69eca7,2e69eca7c,2020-10-14,17,{'JAM'},{'JAM_STAND_STILL_TRAFFIC'},31,{7},5.0
2e69eca7,2e69eca7c,2020-10-15,12,{'JAM'},{'JAM_STAND_STILL_TRAFFIC'},30,{7},5.0
2e69eca7,2e69eca7c,2020-10-16,17,{'JAM'},{'JAM_HEAVY_TRAFFIC'},31,{7},5.0
2e69eca7,2e69eca7c,2020-10-16,19,{'JAM'},{'JAM_STAND_STILL_TRAFFIC'},28,{7},5.0
2e69eca7,2e69eca7c,2020-10-17,17,{'JAM'},{'JAM_HEAVY_TRAFFIC'},31,{7},5.903225806451613
2e69eca7,2e69eca7c,2020-10-18,12,{'JAM'},{'JAM_MODERATE_TRAFFIC'},32,{7},5.0
2e69eca7,2e69eca7c,2020-10-18,13,{'JAM'},{'JAM_HEAVY_TRAFFIC'},30,{7},5.6
2e69eca7,2e69eca7c,2020-10-19,7,{'JAM'},{'JAM_HEAVY_TRAFFIC'},30,{7},5.0
2e69eca7,2e69eca7c,2020-10-20,9,{'JAM'},{'JAM_HEAVY_TRAFFIC'},60,{7},5.0
2e69eca7,2e69eca7c,2020-10-20,15,{'JAM'},{'JAM_MODERATE_TRAFFIC'},33,{7},5.0
2e69eca7,2e69eca7c,2020-10-21,15,{'JAM'},{'JAM_STAND_STILL_TRAFFIC'},63,{7},5.0
2e69eca7,2e69eca7c,2020-10-21,17,{'JAM'},{'JAM_HEAVY_TRAFFIC'},31,{7},5.0
2e69eca7,2e69eca7c,2020-10-25,12,{'JAM'},{'JAM_HEAVY_TRAFFIC'},33,{7},5.0
2e69eca7,2e69eca7c,2020-10-25,14,{'JAM'},{'JAM_STAND_STILL_TRAFFIC'},10,{7},5.0
2e69eca7,2e69eca7c,2020-10-25,17,{'JAM'},{'JAM_STAND_STILL_TRAFFIC'},30,{7},5.966666666666667
2e69eca7,2e69eca7c,2020-10-26,14,{'JAM'},{'JAM_STAND_STILL_TRAFFIC'},64,{7},5.0
2e69eca7,2e69eca7c,2020-10-26,15,{'JAM'},{'JAM_STAND_STILL_TRAFFIC'},168,{7},5.178571428571429
2e69eca7,2e69eca7c,2020-10-26,17,{'JAM'},{'JAM_STAND_STILL_TRAFFIC'},54,{7},5.351851851851852
2e69eca7,2e69eca7c,2020-10-26,18,{'JAM'},{'JAM_STAND_STILL_TRAFFIC'},154,{7},5.590909090909091
2e69eca7,2e69eca7c,2020-10-27,7,{'JAM'},{'JAM_HEAVY_TRAFFIC'},35,{7},5.0
2e69eca7,2e69eca7c,2020-10-27,18,{'JAM'},{'JAM_STAND_STILL_TRAFFIC'},30,{7},5.0
2e69eca7,2e69eca7c,2020-10-27,21,{'WEATHERHAZARD'},{'HAZARD_ON_SHOULDER_CAR_STOPPED'},20,{7},6.15
2e69eca7,2e69eca7c,2020-10-28,12,{'JAM'},{'JAM_STAND_STILL_TRAFFIC'},24,{7},5.0
2e69eca7,2e69eca7c,2020-10-28,18,{'JAM'},{'JAM_HEAVY_TRAFFIC'},32,{7},5.0
2e69eca7,2e69eca7c,2020-10-28,19,{'ACCIDENT'},{'ACCIDENT'},5,{7},5.0
2e69eca7,2e69eca7c,2020-10-29,16,{'JAM'},{'JAM_STAND_STILL_TRAFFIC'},32,{7},5.5625
2e69eca7,2e69eca7c,2020-10-29,17,{'JAM'},{'JAM_STAND_STILL_TRAFFIC'},62,{7},5.0
2e69eca7,2e69eca7c,2020-10-31,14,{'JAM'},{'JAM_HEAVY_TRAFFIC'},31,{7},5.0
2e69eca7,2e69eca7c,2020-11-01,16,{'JAM'},{'JAM_HEAVY_TRAFFIC'},33,{7},5.848484848484849
2e69eca7,2e69eca7c,2020-11-02,12,{'JAM'},{'JAM_HEAVY_TRAFFIC'},62,{7},5.0
2e69eca7,2e69eca7c,2020-11-02,13,{'JAM'},{'JAM_STAND_STILL_TRAFFIC'},62,{7},5.0
2e69eca7,2e69eca7c,2020-11-02,14,{'JAM'},"{'JAM_STAND_STILL_TRAFFIC', 'JAM_HEAVY_TRAFFIC'}",64,{7},5.0
2e69eca7,2e69eca7c,2020-11-03,19,{'JAM'},{'JAM_HEAVY_TRAFFIC'},35,{7},5.0
2e69eca7,2e69eca7c,2020-11-05,13,{'JAM'},{'JAM_HEAVY_TRAFFIC'},34,{7},5.0
2e69eca7,2e69eca7c,2020-11-05,15,{'JAM'},{'JAM_HEAVY_TRAFFIC'},33,{7},5.0
2e69eca7,2e69eca7c,2020-11-05,19,{'JAM'},{'JAM_HEAVY_TRAFFIC'},31,{7},5.0
2e69eca7,2e69eca7c,2020-11-05,20,{'JAM'},{'JAM_HEAVY_TRAFFIC'},66,{7},5.0
2e69eca7,2e69eca7c,2020-11-07,11,{'JAM'},{'JAM_STAND_STILL_TRAFFIC'},30,{7},5.0
2e69eca7,2e69eca7c,2020-11-07,15,{'JAM'},{'JAM_MODERATE_TRAFFIC'},62,{7},5.0
2e69eca7,2e69eca7c,2020-11-08,11,{'JAM'},{'JAM_STAND_STILL_TRAFFIC'},31,{7},5.0
2e69eca7,2e69eca7c,2020-11-08,14,{'JAM'},{'JAM_HEAVY_TRAFFIC'},30,{7},5.0
2e69eca7,2e69eca7c,2020-11-09,15,{'JAM'},{'JAM'},31,{7},5.0
2e69eca7,2e69eca7c,2020-11-10,15,{'JAM'},"{'JAM_STAND_STILL_TRAFFIC', 'JAM_HEAVY_TRAFFIC'}",62,{7},5.0
2e69eca7,2e69eca7c,2020-11-12,15,{'JAM'},{'JAM_STAND_STILL_TRAFFIC'},32,{7},5.0
2e69eca7,2e69eca7c,2020-11-15,14,{'JAM'},{'JAM_STAND_STILL_TRAFFIC'},22,{7},5.0
2e69eca7,2e69eca7c,2020-11-15,21,{'JAM'},{'JAM_HEAVY_TRAFFIC'},53,{7},5.0
2e69eca9,2e69eca84,2020-09-02,14,{'JAM'},{'JAM'},126,"{17, 20}",5.0
2e69eca9,2e69eca84,2020-09-03,16,{'JAM'},{'JAM_MODERATE_TRAFFIC'},49,{7},5.0
2e69eca9,2e69eca84,2020-09-03,17,{'JAM'},{'JAM_HEAVY_TRAFFIC'},67,{7},5.0
2e69eca9,2e69eca84,2020-09-06,14,{'JAM'},{'JAM_STAND_STILL_TRAFFIC'},122,{7},5.0
2e69eca9,2e69eca84,2020-09-12,11,{'WEATHERHAZARD'},{'HAZARD_ON_ROAD_CAR_STOPPED'},21,{7},5.571428571428571
2e69eca9,2e69eca84,2020-09-12,12,{'JAM'},{'JAM_STAND_STILL_TRAFFIC'},150,{7},5.693333333333333
2e69eca9,2e69eca84,2020-09-18,16,{'JAM'},{'JAM_HEAVY_TRAFFIC'},61,{7},5.0
2e69eca9,2e69eca84,2020-09-19,6,"{'JAM', 'ACCIDENT'}","{'JAM_MODERATE_TRAFFIC', 'ACCIDENT_MAJOR'}",420,{7},8.754761904761905
2e69eca9,2e69eca84,2020-09-19,9,{'JAM'},{'JAM_STAND_STILL_TRAFFIC'},66,{7},5.0
2e69eca9,2e69eca84,2020-09-19,10,{'ACCIDENT'},{'ACCIDENT_MAJOR'},144,{7},9.805555555555555
2e69eca9,2e69eca84,2020-09-19,12,"{'JAM', 'WEATHERHAZARD'}","{'HAZARD_ON_ROAD_CAR_STOPPED', 'JAM_STAND_STILL_TRAFFIC'}",245,{7},6.477551020408163
2e69eca9,2e69eca84,2020-09-19,13,"{'JAM', 'WEATHERHAZARD'}","{'HAZARD_ON_ROAD_CAR_STOPPED', 'JAM_STAND_STILL_TRAFFIC'}",108,{7},6.564814814814815
2e69eca9,2e69eca84,2020-09-24,7,{'WEATHERHAZARD'},{'HAZARD_ON_SHOULDER_CAR_STOPPED'},59,{7},7.694915254237288
2e69eca9,2e69eca84,2020-10-01,14,{'JAM'},{'JAM_STAND_STILL_TRAFFIC'},57,{7},5.0
2e69eca9,2e69eca84,2020-10-02,17,{'JAM'},{'JAM_STAND_STILL_TRAFFIC'},62,{7},5.0
2e69eca9,2e69eca84,2020-10-02,20,{'JAM'},{'JAM_STAND_STILL_TRAFFIC'},138,{7},5.0
2e69eca9,2e69eca84,2020-10-03,17,{'JAM'},{'JAM_STAND_STILL_TRAFFIC'},74,{7},5.0
2e69eca9,2e69eca84,2020-10-03,18,{'JAM'},{'JAM_STAND_STILL_TRAFFIC'},64,{7},5.625
2e69eca9,2e69eca84,2020-10-04,12,{'JAM'},{'JAM_HEAVY_TRAFFIC'},140,{7},5.8428571428571425
2e69eca9,2e69eca84,2020-10-04,13,{'JAM'},{'JAM_STAND_STILL_TRAFFIC'},60,{7},5.0
2e69eca9,2e69eca84,2020-10-04,14,{'JAM'},{'JAM_STAND_STILL_TRAFFIC'},66,{7},5.863636363636363
2e69eca9,2e69eca84,2020-10-09,14,{'JAM'},{'JAM_STAND_STILL_TRAFFIC'},65,{7},5.6923076923076925
2e69eca9,2e69eca84,2020-10-13,19,{'JAM'},{'JAM_HEAVY_TRAFFIC'},68,{7},5.0
2e69eca9,2e69eca84,2020-10-16,20,{'WEATHERHAZARD'},{'HAZARD_ON_SHOULDER_CAR_STOPPED'},12,{7},6.166666666666667
2e69eca9,2e69eca84,2020-10-17,17,{'JAM'},{'JAM_STAND_STILL_TRAFFIC'},125,{7},5.0
2e69eca9,2e69eca84,2020-10-17,18,{'JAM'},{'JAM_HEAVY_TRAFFIC'},60,{7},8.0
2e69eca9,2e69eca84,2020-10-19,7,{'JAM'},{'JAM_HEAVY_TRAFFIC'},66,{7},5.0
2e69eca9,2e69eca84,2020-10-25,10,{'JAM'},{'JAM_HEAVY_TRAFFIC'},60,{7},5.0
2e69eca9,2e69eca84,2020-10-26,14,"{'JAM', 'WEATHERHAZARD'}","{'HAZARD_WEATHER_FLOOD', 'JAM_STAND_STILL_TRAFFIC'}",110,{7},6.2
2e69eca9,2e69eca84,2020-10-26,15,{'JAM'},{'JAM_STAND_STILL_TRAFFIC'},129,{7},5.0
2e69eca9,2e69eca84,2020-10-26,16,{'JAM'},{'JAM_STAND_STILL_TRAFFIC'},66,{7},5.0
2e69eca9,2e69eca84,2020-10-26,18,{'JAM'},"{'JAM_STAND_STILL_TRAFFIC', 'JAM_HEAVY_TRAFFIC'}",196,{7},6.530612244897959
2e69eca9,2e69eca84,2020-10-27,10,{'JAM'},{'JAM_STAND_STILL_TRAFFIC'},62,{7},5.0
2e69eca9,2e69eca84,2020-10-28,13,{'JAM'},{'JAM_STAND_STILL_TRAFFIC'},64,{7},6.0
2e69eca9,2e69eca84,2020-10-28,17,{'JAM'},{'JAM_STAND_STILL_TRAFFIC'},64,{7},5.0
2e69eca9,2e69eca84,2020-10-29,14,{'JAM'},{'JAM_STAND_STILL_TRAFFIC'},91,{7},5.373626373626373
2e69eca9,2e69eca84,2020-10-29,16,{'JAM'},{'JAM_STAND_STILL_TRAFFIC'},61,{7},8.0
2e69eca9,2e69eca84,2020-10-29,19,{'JAM'},{'JAM_MODERATE_TRAFFIC'},73,{7},5.0
2e69eca9,2e69eca84,2020-10-30,14,{'JAM'},{'JAM_STAND_STILL_TRAFFIC'},62,{7},5.67741935483871
2e69eca9,2e69eca84,2020-10-30,22,{'JAM'},{'JAM'},11,{7},5.0
2e69eca9,2e69eca84,2020-10-31,11,{'JAM'},{'JAM_STAND_STILL_TRAFFIC'},64,{7},5.0
2e69eca9,2e69eca84,2020-10-31,14,{'JAM'},{'JAM_STAND_STILL_TRAFFIC'},63,{7},5.587301587301587
2e69eca9,2e69eca84,2020-11-02,7,{'WEATHERHAZARD'},{'HAZARD_ON_SHOULDER_CAR_STOPPED'},14,{7},7.0
2e69eca9,2e69eca84,2020-11-02,12,{'JAM'},{'JAM_STAND_STILL_TRAFFIC'},62,{7},5.0
2e69eca9,2e69eca84,2020-11-02,17,{'JAM'},{'JAM_STAND_STILL_TRAFFIC'},70,{7},5.928571428571429
2e69eca9,2e69eca84,2020-11-06,16,{'JAM'},{'JAM_STAND_STILL_TRAFFIC'},61,{7},5.0
2e69eca9,2e69eca84,2020-11-06,17,{'JAM'},{'JAM_STAND_STILL_TRAFFIC'},47,{7},5.0
2e69eca9,2e69eca84,2020-11-07,17,{'JAM'},{'JAM_STAND_STILL_TRAFFIC'},52,{7},5.0
2e69eca9,2e69eca84,2020-11-08,11,{'JAM'},{'JAM_HEAVY_TRAFFIC'},60,{7},5.0
2e69eca9,2e69eca84,2020-11-08,17,{'JAM'},{'JAM_HEAVY_TRAFFIC'},20,{7},5.0
2e69eca9,2e69eca84,2020-11-10,7,{'JAM'},{'JAM_HEAVY_TRAFFIC'},66,{7},5.0
2e69eca9,2e69eca84,2020-11-11,10,{'WEATHERHAZARD'},{'WEATHERHAZARD'},26,{7},5.6923076923076925
2e69eca9,2e69eca84,2020-11-14,12,{'JAM'},{'JAM_HEAVY_TRAFFIC'},54,{7},5.0
2e69eca9,2e69eca84,2020-11-19,19,{'JAM'},{'JAM_HEAVY_TRAFFIC'},72,{7},5.444444444444445
2e69eca9,2e69eca84,2020-11-21,15,{'JAM'},{'JAM_MODERATE_TRAFFIC'},62,{7},5.0
2e69eca9,2e69eca8c,2020-09-19,6,"{'JAM', 'ACCIDENT'}","{'JAM_HEAVY_TRAFFIC', 'ACCIDENT_MAJOR'}",420,{20},8.264285714285714
2e69eca9,2e69eca8c,2020-09-19,9,{'WEATHERHAZARD'},{'HAZARD_WEATHER_FLOOD'},62,{20},5.5
2e69eca9,2e69eca8c,2020-10-07,12,{'JAM'},{'JAM_STAND_STILL_TRAFFIC'},60,{20},5.0
2e69eca9,2e69eca8c,2020-10-10,16,{'JAM'},{'JAM_HEAVY_TRAFFIC'},62,{2},5.0
2e69eca9,2e69eca8c,2020-10-14,12,{'WEATHERHAZARD'},{'HAZARD_ON_ROAD_CAR_STOPPED'},61,{2},5.0
2e69eca9,2e69eca8c,2020-10-24,11,{'JAM'},{'JAM_MODERATE_TRAFFIC'},64,{20},5.0
2e69eca9,2e69eca8c,2020-10-26,17,{'WEATHERHAZARD'},{'HAZARD_WEATHER_FLOOD'},73,{2},5.109589041095891
2e69eca9,2e69eca8c,2020-11-05,20,{'WEATHERHAZARD'},{'HAZARD_WEATHER_FLOOD'},72,{2},5.444444444444445
2e69eca9,2e69eca8c,2020-11-21,14,{'WEATHERHAZARD'},{'HAZARD_ON_ROAD_CAR_STOPPED'},76,{2},5.421052631578948
2e69eca9,2e69eca94,2020-09-15,7,{'JAM'},{'JAM_STAND_STILL_TRAFFIC'},62,{2},5.0
2e69eca9,2e69eca94,2020-10-10,13,{'JAM'},{'JAM_STAND_STILL_TRAFFIC'},62,{1},5.0
2e69eca9,2e69eca94,2020-10-24,11,{'JAM'},{'JAM_MODERATE_TRAFFIC'},21,{2},5.0
2e69eca9,2e69eca94,2020-11-02,14,{'WEATHERHAZARD'},{'HAZARD_WEATHER_FLOOD'},62,{2},5.0
2e69eca9,2e69eca94,2020-11-19,7,{'JAM'},{'JAM_STAND_STILL_TRAFFIC'},42,{2},5.0
2e69eca9,2e69eca9c,2020-09-04,18,{'JAM'},{'JAM_STAND_STILL_TRAFFIC'},60,{7},6.0
2e69eca9,2e69eca9c,2020-09-05,12,{'JAM'},{'JAM_HEAVY_TRAFFIC'},62,{7},5.0
2e69eca9,2e69eca9c,2020-09-05,15,{'JAM'},{'JAM_HEAVY_TRAFFIC'},60,{7},5.0
2e69eca9,2e69eca9c,2020-09-06,14,{'JAM'},{'JAM_STAND_STILL_TRAFFIC'},64,{7},5.0
2e69eca9,2e69eca9c,2020-09-12,11,{'JAM'},{'JAM_STAND_STILL_TRAFFIC'},128,{7},5.0
2e69eca9,2e69eca9c,2020-09-12,12,{'JAM'},{'JAM_STAND_STILL_TRAFFIC'},72,{7},5.458333333333333
2e69eca9,2e69eca9c,2020-09-12,13,{'JAM'},{'JAM_HEAVY_TRAFFIC'},60,{7},6.0
2e69eca9,2e69eca9c,2020-09-12,16,{'JAM'},{'JAM_MODERATE_TRAFFIC'},60,{7},5.0
2e69eca9,2e69eca9c,2020-09-19,9,{'JAM'},{'JAM_STAND_STILL_TRAFFIC'},60,{7},5.666666666666667
2e69eca9,2e69eca9c,2020-09-19,12,{'JAM'},{'JAM_STAND_STILL_TRAFFIC'},116,{7},6.103448275862069
2e69eca9,2e69eca9c,2020-09-26,11,{'JAM'},{'JAM_STAND_STILL_TRAFFIC'},130,{7},5.861538461538461
2e69eca9,2e69eca9c,2020-09-26,12,{'JAM'},{'JAM'},78,{7},5.384615384615385
2e69eca9,2e69eca9c,2020-10-01,11,{'JAM'},{'JAM_STAND_STILL_TRAFFIC'},84,{7},5.738095238095238
2e69eca9,2e69eca9c,2020-10-03,17,{'JAM'},{'JAM_STAND_STILL_TRAFFIC'},63,{7},5.0
2e69eca9,2e69eca9c,2020-10-04,11,{'WEATHERHAZARD'},{'HAZARD_ON_ROAD_CAR_STOPPED'},52,{7},7.884615384615385
2e69eca9,2e69eca9c,2020-10-04,13,{'JAM'},{'JAM_STAND_STILL_TRAFFIC'},126,{7},5.0
2e69eca9,2e69eca9c,2020-10-07,17,{'JAM'},{'JAM_STAND_STILL_TRAFFIC'},62,{7},5.0
2e69eca9,2e69eca9c,2020-10-08,15,{'JAM'},{'JAM_HEAVY_TRAFFIC'},66,{7},8.0
2e69eca9,2e69eca9c,2020-10-10,15,{'JAM'},{'JAM_STAND_STILL_TRAFFIC'},9,{2},5.0
2e69eca9,2e69eca9c,2020-10-10,16,{'JAM'},{'JAM_STAND_STILL_TRAFFIC'},64,{7},5.0
2e69eca9,2e69eca9c,2020-10-10,17,{'JAM'},{'JAM'},66,{7},5.0
2e69eca9,2e69eca9c,2020-10-11,13,{'JAM'},{'JAM_STAND_STILL_TRAFFIC'},59,{7},5.0
2e69eca9,2e69eca9c,2020-10-11,16,{'JAM'},{'JAM_STAND_STILL_TRAFFIC'},52,{7},5.0
2e69eca9,2e69eca9c,2020-10-16,20,{'JAM'},{'JAM_STAND_STILL_TRAFFIC'},50,{7},6.0
2e69eca9,2e69eca9c,2020-10-17,14,{'JAM'},{'JAM_STAND_STILL_TRAFFIC'},64,{7},5.9375
2e69eca9,2e69eca9c,2020-10-18,13,{'JAM'},"{'JAM_STAND_STILL_TRAFFIC', 'JAM_HEAVY_TRAFFIC'}",130,{7},6.015384615384615
2e69eca9,2e69eca9c,2020-10-20,16,{'JAM'},{'JAM_HEAVY_TRAFFIC'},64,{7},5.0
2e69eca9,2e69eca9c,2020-10-20,20,{'JAM'},{'JAM'},68,{7},7.588235294117647
2e69eca9,2e69eca9c,2020-10-24,10,{'JAM'},{'JAM_HEAVY_TRAFFIC'},66,{7},5.0
2e69eca9,2e69eca9c,2020-10-24,11,{'JAM'},{'JAM_STAND_STILL_TRAFFIC'},62,{7},5.0
2e69eca9,2e69eca9c,2020-10-24,13,{'JAM'},{'JAM_HEAVY_TRAFFIC'},74,{7},5.405405405405405
2e69eca9,2e69eca9c,2020-10-24,15,{'JAM'},{'JAM_HEAVY_TRAFFIC'},60,{7},5.0
2e69eca9,2e69eca9c,2020-10-24,16,{'JAM'},{'JAM_HEAVY_TRAFFIC'},66,{7},5.0
2e69eca9,2e69eca9c,2020-10-25,13,{'JAM'},{'JAM_STAND_STILL_TRAFFIC'},60,{7},5.0
2e69eca9,2e69eca9c,2020-10-26,17,{'JAM'},{'JAM_STAND_STILL_TRAFFIC'},58,{7},5.0
2e69eca9,2e69eca9c,2020-10-26,18,{'JAM'},{'JAM_STAND_STILL_TRAFFIC'},244,{7},5.487704918032787
2e69eca9,2e69eca9c,2020-10-26,20,{'JAM'},{'JAM'},124,{7},6.483870967741935
2e69eca9,2e69eca9c,2020-10-27,11,{'JAM'},{'JAM_STAND_STILL_TRAFFIC'},60,{7},5.0
2e69eca9,2e69eca9c,2020-10-27,18,{'ACCIDENT'},{'ACCIDENT'},45,{7},5.666666666666667
2e69eca9,2e69eca9c,2020-10-28,11,{'JAM'},{'JAM_HEAVY_TRAFFIC'},118,{7},5.0
2e69eca9,2e69eca9c,2020-10-28,14,{'JAM'},{'JAM_STAND_STILL_TRAFFIC'},62,{7},5.0
2e69eca9,2e69eca9c,2020-10-29,12,{'JAM'},{'JAM_STAND_STILL_TRAFFIC'},80,{7},5.35
2e69eca9,2e69eca9c,2020-10-29,15,{'JAM'},{'JAM_STAND_STILL_TRAFFIC'},60,{2},5.0
2e69eca9,2e69eca9c,2020-10-31,14,{'JAM'},{'JAM'},66,{7},5.0
2e69eca9,2e69eca9c,2020-10-31,16,{'JAM'},{'JAM_STAND_STILL_TRAFFIC'},62,{7},5.0
2e69eca9,2e69eca9c,2020-11-02,10,{'JAM'},{'JAM_HEAVY_TRAFFIC'},60,{7},5.0
2e69eca9,2e69eca9c,2020-11-02,13,"{'JAM', 'WEATHERHAZARD'}","{'HAZARD_ON_SHOULDER_CAR_STOPPED', 'JAM_STAND_STILL_TRAFFIC'}",122,{7},5.319672131147541
2e69eca9,2e69eca9c,2020-11-04,13,{'JAM'},{'JAM_STAND_STILL_TRAFFIC'},189,{7},5.322751322751323
2e69eca9,2e69eca9c,2020-11-04,18,{'JAM'},{'JAM'},46,{7},6.6521739130434785
2e69eca9,2e69eca9c,2020-11-05,15,{'JAM'},{'JAM_HEAVY_TRAFFIC'},96,{7},5.0
2e69eca9,2e69eca9c,2020-11-05,19,{'JAM'},{'JAM'},64,{7},5.0
2e69eca9,2e69eca9c,2020-11-06,13,{'JAM'},{'JAM'},19,{7},5.947368421052632
2e69eca9,2e69eca9c,2020-11-06,14,{'JAM'},{'JAM_HEAVY_TRAFFIC'},62,{7},5.0
2e69eca9,2e69eca9c,2020-11-06,15,{'JAM'},{'JAM_STAND_STILL_TRAFFIC'},60,{7},7.8
2e69eca9,2e69eca9c,2020-11-06,16,{'JAM'},{'JAM_STAND_STILL_TRAFFIC'},61,{7},5.0
2e69eca9,2e69eca9c,2020-11-06,21,{'JAM'},{'JAM_HEAVY_TRAFFIC'},74,{7},5.918918918918919
2e69eca9,2e69eca9c,2020-11-07,10,{'JAM'},{'JAM_HEAVY_TRAFFIC'},74,{7},5.4324324324324325
2e69eca9,2e69eca9c,2020-11-07,20,{'JAM'},{'JAM_STAND_STILL_TRAFFIC'},60,{7},5.0
2e69eca9,2e69eca9c,2020-11-08,11,{'JAM'},{'JAM_STAND_STILL_TRAFFIC'},60,{7},5.0
2e69eca9,2e69eca9c,2020-11-08,14,{'JAM'},{'JAM_HEAVY_TRAFFIC'},62,{7},5.967741935483871
2e69eca9,2e69eca9c,2020-11-08,15,{'JAM'},{'JAM_STAND_STILL_TRAFFIC'},64,{7},5.0
2e69eca9,2e69eca9c,2020-11-08,16,{'JAM'},{'JAM_STAND_STILL_TRAFFIC'},68,{7},5.0
2e69eca9,2e69eca9c,2020-11-09,14,{'JAM'},{'JAM_MODERATE_TRAFFIC'},68,{7},5.0
2e69eca9,2e69eca9c,2020-11-09,21,{'JAM'},{'JAM_STAND_STILL_TRAFFIC'},105,{7},5.0
2e69eca9,2e69eca9c,2020-11-10,17,{'JAM'},{'JAM_HEAVY_TRAFFIC'},64,{7},5.0
2e69eca9,2e69eca9c,2020-11-17,22,{'WEATHERHAZARD'},{'HAZARD_ON_ROAD_CONSTRUCTION'},1134,{7},8.105820105820106
2e69ecab,2e69ecaa4,2020-09-04,16,{'JAM'},{'JAM_STAND_STILL_TRAFFIC'},57,{7},5.0
2e69ecab,2e69ecaa4,2020-09-19,7,{'JAM'},{'JAM_HEAVY_TRAFFIC'},63,{7},5.904761904761905
2e69ecab,2e69ecaa4,2020-09-21,11,{'WEATHERHAZARD'},{'HAZARD_ON_ROAD_POT_HOLE'},118,{7},6.88135593220339
2e69ecab,2e69ecaa4,2020-09-26,17,{'JAM'},{'JAM_HEAVY_TRAFFIC'},62,{7},5.0
2e69ecab,2e69ecaa4,2020-10-03,13,{'JAM'},{'JAM_HEAVY_TRAFFIC'},64,{7},5.0
2e69ecab,2e69ecaa4,2020-10-04,13,{'JAM'},{'JAM_STAND_STILL_TRAFFIC'},64,{7},5.0
2e69ecab,2e69ecaa4,2020-10-06,17,{'JAM'},{'JAM_HEAVY_TRAFFIC'},86,{7},5.348837209302325
2e69ecab,2e69ecaa4,2020-10-07,21,{'WEATHERHAZARD'},{'HAZARD_ON_ROAD_CAR_STOPPED'},62,{7},5.774193548387097
2e69ecab,2e69ecaa4,2020-10-10,17,{'JAM'},{'JAM_STAND_STILL_TRAFFIC'},66,{7},5.0
2e69ecab,2e69ecaa4,2020-10-16,14,{'JAM'},{'JAM_MODERATE_TRAFFIC'},62,{7},5.0
2e69ecab,2e69ecaa4,2020-10-26,14,{'JAM'},{'JAM_STAND_STILL_TRAFFIC'},60,{7},5.0
2e69ecab,2e69ecaa4,2020-10-27,17,{'JAM'},{'JAM_HEAVY_TRAFFIC'},14,{7},5.0
2e69ecab,2e69ecaa4,2020-11-04,12,{'JAM'},{'JAM_STAND_STILL_TRAFFIC'},62,{7},5.0
2e69ecab,2e69ecaa4,2020-11-08,11,{'JAM'},{'JAM_STAND_STILL_TRAFFIC'},61,{7},5.0
2e69ecab,2e69ecab4,2020-09-02,14,{'JAM'},{'JAM_HEAVY_TRAFFIC'},62,{7},5.0
2e69ecab,2e69ecab4,2020-09-05,10,{'JAM'},{'JAM_STAND_STILL_TRAFFIC'},59,{7},5.932203389830509
2e69ecab,2e69ecab4,2020-09-05,13,{'JAM'},{'JAM'},121,{7},5.0
2e69ecab,2e69ecab4,2020-09-05,16,{'JAM'},{'JAM_HEAVY_TRAFFIC'},60,{7},5.0
2e69ecab,2e69ecab4,2020-09-05,21,{'JAM'},{'JAM_MODERATE_TRAFFIC'},17,{7},5.0
2e69ecab,2e69ecab4,2020-09-06,11,"{'JAM', 'WEATHERHAZARD'}","{'WEATHERHAZARD', 'JAM_STAND_STILL_TRAFFIC'}",115,{7},5.695652173913044
2e69ecab,2e69ecab4,2020-09-06,15,{'JAM'},{'JAM_HEAVY_TRAFFIC'},64,{7},5.0
2e69ecab,2e69ecab4,2020-09-08,14,{'JAM'},{'JAM_HEAVY_TRAFFIC'},62,{7},5.0
2e69ecab,2e69ecab4,2020-09-08,15,{'JAM'},{'JAM_STAND_STILL_TRAFFIC'},60,{7},6.966666666666667
2e69ecab,2e69ecab4,2020-09-08,18,{'JAM'},{'JAM_HEAVY_TRAFFIC'},62,{7},6.096774193548387
2e69ecab,2e69ecab4,2020-09-10,13,{'JAM'},{'JAM_HEAVY_TRAFFIC'},58,{7},5.931034482758621
2e69ecab,2e69ecab4,2020-09-10,19,{'JAM'},{'JAM_STAND_STILL_TRAFFIC'},64,{7},5.0
2e69ecab,2e69ecab4,2020-09-10,20,{'JAM'},{'JAM_HEAVY_TRAFFIC'},60,{7},5.9
2e69ecab,2e69ecab4,2020-09-12,12,{'JAM'},{'JAM_STAND_STILL_TRAFFIC'},88,{7},5.329545454545454
2e69ecab,2e69ecab4,2020-09-16,11,{'JAM'},{'JAM_STAND_STILL_TRAFFIC'},59,{7},5.0
2e69ecab,2e69ecab4,2020-09-18,19,{'JAM'},{'JAM_HEAVY_TRAFFIC'},72,{7},5.888888888888889
2e69ecab,2e69ecab4,2020-09-19,10,{'JAM'},{'JAM_STAND_STILL_TRAFFIC'},82,{7},5.341463414634147
2e69ecab,2e69ecab4,2020-09-19,13,{'JAM'},{'JAM_STAND_STILL_TRAFFIC'},77,{7},5.4935064935064934
2e69ecab,2e69ecab4,2020-09-22,16,{'JAM'},{'JAM_HEAVY_TRAFFIC'},62,{7},5.0
2e69ecab,2e69ecab4,2020-09-25,17,{'JAM'},{'JAM_HEAVY_TRAFFIC'},64,{7},5.0
2e69ecab,2e69ecab4,2020-09-25,19,{'JAM'},{'JAM_HEAVY_TRAFFIC'},64,{7},5.71875
2e69ecab,2e69ecab4,2020-09-25,21,{'JAM'},{'JAM_HEAVY_TRAFFIC'},34,{7},5.0
2e69ecab,2e69ecab4,2020-09-26,9,{'JAM'},{'JAM_MODERATE_TRAFFIC'},16,{7},5.0
2e69ecab,2e69ecab4,2020-09-26,11,{'JAM'},{'JAM_STAND_STILL_TRAFFIC'},60,{7},5.0
2e69ecab,2e69ecab4,2020-09-26,12,{'JAM'},{'JAM_MODERATE_TRAFFIC'},61,{7},5.950819672131147
2e69ecab,2e69ecab4,2020-09-26,16,{'JAM'},{'JAM_STAND_STILL_TRAFFIC'},60,{7},5.0
2e69ecab,2e69ecab4,2020-09-26,18,{'JAM'},{'JAM_STAND_STILL_TRAFFIC'},62,{7},5.0
2e69ecab,2e69ecab4,2020-09-26,20,{'JAM'},{'JAM_STAND_STILL_TRAFFIC'},66,{7},5.0
2e69ecab,2e69ecab4,2020-09-28,17,{'JAM'},{'JAM_HEAVY_TRAFFIC'},62,{7},5.0
2e69ecab,2e69ecab4,2020-09-28,19,{'JAM'},{'JAM_HEAVY_TRAFFIC'},62,{7},5.0
2e69ecab,2e69ecab4,2020-09-29,19,{'JAM'},{'JAM_MODERATE_TRAFFIC'},60,{7},6.5
2e69ecab,2e69ecab4,2020-09-30,12,{'JAM'},{'JAM_HEAVY_TRAFFIC'},64,{7},5.765625
2e69ecab,2e69ecab4,2020-09-30,20,{'JAM'},{'JAM_HEAVY_TRAFFIC'},55,{7},5.0
2e69ecab,2e69ecab4,2020-10-01,11,{'JAM'},{'JAM_STAND_STILL_TRAFFIC'},61,{7},5.0
2e69ecab,2e69ecab4,2020-10-02,21,{'JAM'},{'JAM_STAND_STILL_TRAFFIC'},62,{7},5.0
2e69ecab,2e69ecab4,2020-10-03,12,{'JAM'},{'JAM_STAND_STILL_TRAFFIC'},66,{7},5.0
2e69ecab,2e69ecab4,2020-10-03,13,{'JAM'},{'JAM_STAND_STILL_TRAFFIC'},63,{7},5.968253968253968
2e69ecab,2e69ecab4,2020-10-03,17,{'JAM'},{'JAM_STAND_STILL_TRAFFIC'},61,{7},5.0
2e69ecab,2e69ecab4,2020-10-08,17,{'WEATHERHAZARD'},{'HAZARD_ON_ROAD_CAR_STOPPED'},62,{7},7.161290322580645
2e69ecab,2e69ecab4,2020-10-09,17,{'JAM'},{'JAM_STAND_STILL_TRAFFIC'},64,{7},6.0
2e69ecab,2e69ecab4,2020-10-09,20,{'JAM'},{'JAM_HEAVY_TRAFFIC'},51,{7},5.0
2e69ecab,2e69ecab4,2020-10-10,11,{'JAM'},{'JAM_HEAVY_TRAFFIC'},64,{7},5.0
2e69ecab,2e69ecab4,2020-10-10,14,{'JAM'},{'JAM_STAND_STILL_TRAFFIC'},58,{7},5.0
2e69ecab,2e69ecab4,2020-10-10,15,{'JAM'},{'JAM_STAND_STILL_TRAFFIC'},87,{7},7.551724137931035
2e69ecab,2e69ecab4,2020-10-11,13,{'WEATHERHAZARD'},{'HAZARD_ON_ROAD_CAR_STOPPED'},12,{7},6.333333333333333
2e69ecab,2e69ecab4,2020-10-11,14,{'JAM'},{'JAM_HEAVY_TRAFFIC'},78,{7},5.423076923076923
2e69ecab,2e69ecab4,2020-10-11,18,{'JAM'},{'JAM_MODERATE_TRAFFIC'},64,{7},5.0
2e69ecab,2e69ecab4,2020-10-12,13,{'JAM'},{'JAM_HEAVY_TRAFFIC'},60,{7},5.0
2e69ecab,2e69ecab4,2020-10-12,16,{'JAM'},{'JAM_STAND_STILL_TRAFFIC'},64,{7},5.0
2e69ecab,2e69ecab4,2020-10-14,17,{'JAM'},{'JAM_STAND_STILL_TRAFFIC'},66,{7},5.0
2e69ecab,2e69ecab4,2020-10-14,20,{'JAM'},{'JAM_HEAVY_TRAFFIC'},60,{7},5.866666666666666
2e69ecab,2e69ecab4,2020-10-15,7,{'JAM'},{'JAM_HEAVY_TRAFFIC'},22,{7},5.0
2e69ecab,2e69ecab4,2020-10-15,19,{'JAM'},{'JAM_HEAVY_TRAFFIC'},66,{7},5.0
2e69ecab,2e69ecab4,2020-10-17,10,{'JAM'},{'JAM_HEAVY_TRAFFIC'},64,{7},5.84375
2e69ecab,2e69ecab4,2020-10-17,17,{'JAM'},{'JAM_STAND_STILL_TRAFFIC'},60,{7},5.0
2e69ecab,2e69ecab4,2020-10-17,20,{'JAM'},{'JAM_STAND_STILL_TRAFFIC'},64,{7},5.96875
2e69ecab,2e69ecab4,2020-10-18,11,{'JAM'},{'JAM_STAND_STILL_TRAFFIC'},80,{7},5.425
2e69ecab,2e69ecab4,2020-10-19,20,{'JAM'},{'JAM_STAND_STILL_TRAFFIC'},62,{7},5.0
2e69ecab,2e69ecab4,2020-10-20,14,{'JAM'},{'JAM_HEAVY_TRAFFIC'},40,{7},5.5
2e69ecab,2e69ecab4,2020-10-20,16,{'JAM'},"{'JAM', 'JAM_HEAVY_TRAFFIC'}",92,{7},5.326086956521739
2e69ecab,2e69ecab4,2020-10-21,17,{'JAM'},{'JAM_STAND_STILL_TRAFFIC'},50,{7},5.0
2e69ecab,2e69ecab4,2020-10-21,21,{'JAM'},{'JAM'},37,{7},6.0
2e69ecab,2e69ecab4,2020-10-23,17,{'JAM'},{'JAM_STAND_STILL_TRAFFIC'},66,{7},5.515151515151516
2e69ecab,2e69ecab4,2020-10-24,12,{'JAM'},{'JAM_STAND_STILL_TRAFFIC'},132,{7},5.0
2e69ecab,2e69ecab4,2020-10-24,13,{'JAM'},{'JAM_HEAVY_TRAFFIC'},64,{7},5.0
2e69ecab,2e69ecab4,2020-10-24,15,{'JAM'},{'JAM_HEAVY_TRAFFIC'},62,{7},6.661290322580645
2e69ecab,2e69ecab4,2020-10-24,17,{'JAM'},{'JAM_STAND_STILL_TRAFFIC'},60,{7},5.0
2e69ecab,2e69ecab4,2020-10-25,12,{'JAM'},{'JAM_HEAVY_TRAFFIC'},62,{7},5.0
2e69ecab,2e69ecab4,2020-10-26,14,{'JAM'},{'JAM_STAND_STILL_TRAFFIC'},64,{7},5.8125
2e69ecab,2e69ecab4,2020-10-26,15,{'JAM'},{'JAM_STAND_STILL_TRAFFIC'},62,{7},5.0
2e69ecab,2e69ecab4,2020-10-26,18,{'JAM'},"{'JAM_STAND_STILL_TRAFFIC', 'JAM_HEAVY_TRAFFIC'}",126,{7},5.2063492063492065
2e69ecab,2e69ecab4,2020-10-27,14,{'JAM'},{'JAM_STAND_STILL_TRAFFIC'},96,{7},5.697916666666667
2e69ecab,2e69ecab4,2020-10-28,11,{'JAM'},"{'JAM_MODERATE_TRAFFIC', 'JAM_HEAVY_TRAFFIC'}",128,{7},5.0
2e69ecab,2e69ecab4,2020-10-28,13,{'JAM'},{'JAM'},60,{7},5.0
2e69ecab,2e69ecab4,2020-10-28,17,{'JAM'},{'JAM_STAND_STILL_TRAFFIC'},62,{7},5.0
2e69ecab,2e69ecab4,2020-10-28,19,{'JAM'},{'JAM_STAND_STILL_TRAFFIC'},64,{7},6.515625
2e69ecab,2e69ecab4,2020-10-29,12,{'JAM'},{'JAM_HEAVY_TRAFFIC'},64,{1},5.0
2e69ecab,2e69ecab4,2020-10-29,16,{'JAM'},{'JAM_STAND_STILL_TRAFFIC'},67,{7},8.0
2e69ecab,2e69ecab4,2020-10-30,14,{'JAM'},{'JAM_HEAVY_TRAFFIC'},62,{7},6.612903225806452
2e69ecab,2e69ecab4,2020-10-30,18,{'JAM'},{'JAM_HEAVY_TRAFFIC'},60,{7},5.0
2e69ecab,2e69ecab4,2020-10-31,11,{'JAM'},{'JAM_STAND_STILL_TRAFFIC'},60,{7},5.0
2e69ecab,2e69ecab4,2020-10-31,13,{'JAM'},{'JAM_HEAVY_TRAFFIC'},65,{7},6.2
2e69ecab,2e69ecab4,2020-11-01,12,{'JAM'},{'JAM_MODERATE_TRAFFIC'},16,{7},5.0
2e69ecab,2e69ecab4,2020-11-01,16,{'JAM'},{'JAM_HEAVY_TRAFFIC'},60,{7},5.0
2e69ecab,2e69ecab4,2020-11-02,20,{'JAM'},{'JAM_STAND_STILL_TRAFFIC'},74,{7},5.418918918918919
2e69ecab,2e69ecab4,2020-11-03,14,{'JAM'},{'JAM_HEAVY_TRAFFIC'},62,{7},5.983870967741935
2e69ecab,2e69ecab4,2020-11-03,17,{'JAM'},{'JAM_STAND_STILL_TRAFFIC'},61,{7},7.590163934426229
2e69ecab,2e69ecab4,2020-11-03,19,{'JAM'},{'JAM_STAND_STILL_TRAFFIC'},63,{7},5.0
2e69ecab,2e69ecab4,2020-11-03,20,{'JAM'},{'JAM_STAND_STILL_TRAFFIC'},66,{7},5.0
2e69ecab,2e69ecab4,2020-11-04,11,{'JAM'},{'JAM_STAND_STILL_TRAFFIC'},60,{7},5.0
2e69ecab,2e69ecab4,2020-11-04,16,{'JAM'},{'JAM_HEAVY_TRAFFIC'},73,{7},5.438356164383562
2e69ecab,2e69ecab4,2020-11-05,11,{'JAM'},{'JAM_STAND_STILL_TRAFFIC'},206,{7},5.334951456310679
2e69ecab,2e69ecab4,2020-11-05,13,{'JAM'},{'JAM_HEAVY_TRAFFIC'},60,{7},5.0
2e69ecab,2e69ecab4,2020-11-05,19,{'JAM'},{'JAM'},60,{7},5.0
2e69ecab,2e69ecab4,2020-11-05,21,{'JAM'},{'JAM_HEAVY_TRAFFIC'},64,{7},5.0
2e69ecab,2e69ecab4,2020-11-06,15,{'JAM'},"{'JAM', 'JAM_MODERATE_TRAFFIC'}",58,{7},5.689655172413793
2e69ecab,2e69ecab4,2020-11-06,17,{'JAM'},{'JAM_STAND_STILL_TRAFFIC'},43,{7},5.0
2e69ecab,2e69ecab4,2020-11-06,19,{'JAM'},{'JAM_STAND_STILL_TRAFFIC'},60,{7},7.0
2e69ecab,2e69ecab4,2020-11-07,11,{'JAM'},{'JAM_STAND_STILL_TRAFFIC'},122,{7},5.278688524590164
2e69ecab,2e69ecab4,2020-11-07,13,{'JAM'},{'JAM_STAND_STILL_TRAFFIC'},78,{7},5.397435897435898
2e69ecab,2e69ecab4,2020-11-07,15,{'WEATHERHAZARD'},{'WEATHERHAZARD'},66,{7},5.757575757575758
2e69ecab,2e69ecab4,2020-11-07,19,{'JAM'},{'JAM_STAND_STILL_TRAFFIC'},90,{7},5.377777777777778
2e69ecab,2e69ecab4,2020-11-08,10,{'JAM'},{'JAM_STAND_STILL_TRAFFIC'},64,{7},5.9375
2e69ecab,2e69ecab4,2020-11-08,11,{'JAM'},{'JAM_STAND_STILL_TRAFFIC'},68,{7},5.0
2e69ecab,2e69ecab4,2020-11-08,13,{'JAM'},{'JAM_HEAVY_TRAFFIC'},62,{7},5.967741935483871
2e69ecab,2e69ecab4,2020-11-08,16,{'JAM'},{'JAM_HEAVY_TRAFFIC'},62,{7},5.612903225806452
2e69ecab,2e69ecab4,2020-11-08,20,{'JAM'},{'JAM_HEAVY_TRAFFIC'},66,{7},5.0
2e69ecab,2e69ecab4,2020-11-09,21,{'JAM'},{'JAM_STAND_STILL_TRAFFIC'},174,{7},7.413793103448276
2e69ecab,2e69ecab4,2020-11-10,13,{'JAM'},{'JAM_HEAVY_TRAFFIC'},80,{7},5.45
2e69ecab,2e69ecab4,2020-11-10,15,{'JAM'},{'JAM_STAND_STILL_TRAFFIC'},60,{7},5.0
2e69ecab,2e69ecab4,2020-11-14,12,{'JAM'},{'JAM_HEAVY_TRAFFIC'},62,{7},5.951612903225806
2e69ecab,2e69ecab4,2020-11-15,14,{'JAM'},{'JAM_STAND_STILL_TRAFFIC'},53,{7},5.0
2e69ecab,2e69ecab4,2020-11-20,14,{'JAM'},{'JAM_HEAVY_TRAFFIC'},66,{7},5.484848484848484
2e69ecab,2e69ecab4,2020-11-20,15,{'JAM'},{'JAM_HEAVY_TRAFFIC'},65,{7},5.0
2e69ecab,2e69ecabc,2020-09-02,20,{'JAM'},{'JAM_STAND_STILL_TRAFFIC'},96,{7},5.395833333333333
2e69ecab,2e69ecabc,2020-09-03,16,{'JAM'},{'JAM_MODERATE_TRAFFIC'},30,{7},5.0
2e69ecab,2e69ecabc,2020-09-04,16,{'JAM'},{'JAM_STAND_STILL_TRAFFIC'},85,{7},5.341176470588235
2e69ecab,2e69ecabc,2020-09-04,20,{'JAM'},{'JAM_STAND_STILL_TRAFFIC'},64,{7},5.96875
2e69ecab,2e69ecabc,2020-09-05,11,{'JAM'},{'JAM_STAND_STILL_TRAFFIC'},62,{7},5.0
2e69ecab,2e69ecabc,2020-09-05,12,{'JAM'},{'JAM_STAND_STILL_TRAFFIC'},92,{7},5.3478260869565215
2e69ecab,2e69ecabc,2020-09-05,18,{'JAM'},{'JAM_STAND_STILL_TRAFFIC'},60,{7},5.0
2e69ecab,2e69ecabc,2020-09-08,18,{'JAM'},{'JAM_STAND_STILL_TRAFFIC'},10,{7},5.0
2e69ecab,2e69ecabc,2020-09-09,16,{'JAM'},{'JAM_STAND_STILL_TRAFFIC'},64,{7},5.0
2e69ecab,2e69ecabc,2020-09-12,12,{'JAM'},{'JAM_STAND_STILL_TRAFFIC'},64,{7},5.0
2e69ecab,2e69ecabc,2020-09-15,6,{'WEATHERHAZARD'},{'HAZARD_ON_ROAD_POT_HOLE'},90,{7},6.844444444444444
2e69ecab,2e69ecabc,2020-09-17,17,{'JAM'},{'JAM_STAND_STILL_TRAFFIC'},65,{7},5.0
2e69ecab,2e69ecabc,2020-09-18,15,{'JAM'},{'JAM_STAND_STILL_TRAFFIC'},60,{7},6.833333333333333
2e69ecab,2e69ecabc,2020-09-18,16,{'JAM'},{'JAM'},62,{7},5.0
2e69ecab,2e69ecabc,2020-09-18,19,{'JAM'},{'JAM_HEAVY_TRAFFIC'},72,{7},5.416666666666667
2e69ecab,2e69ecabc,2020-09-18,20,{'JAM'},{'JAM_STAND_STILL_TRAFFIC'},60,{7},5.933333333333334
2e69ecab,2e69ecabc,2020-09-19,10,{'JAM'},{'JAM_STAND_STILL_TRAFFIC'},90,{7},5.355555555555555
2e69ecab,2e69ecabc,2020-09-19,12,{'JAM'},{'JAM_HEAVY_TRAFFIC'},58,{7},5.0
2e69ecab,2e69ecabc,2020-09-21,22,{'WEATHERHAZARD'},{'HAZARD_ON_ROAD_POT_HOLE'},1062,{7},9.894538606403014
2e69ecab,2e69ecabc,2020-09-25,14,{'JAM'},{'JAM_HEAVY_TRAFFIC'},63,{7},5.0
2e69ecab,2e69ecabc,2020-09-25,17,{'JAM'},{'JAM_HEAVY_TRAFFIC'},64,{7},5.0
2e69ecab,2e69ecabc,2020-09-25,20,{'JAM'},{'JAM_HEAVY_TRAFFIC'},44,{7},5.0
2e69ecab,2e69ecabc,2020-09-26,11,{'JAM'},{'JAM_STAND_STILL_TRAFFIC'},129,{7},5.0
2e69ecab,2e69ecabc,2020-09-27,16,{'WEATHERHAZARD'},{'HAZARD_ON_ROAD_POT_HOLE'},26,{7},7.846153846153846
2e69ecab,2e69ecabc,2020-09-29,17,{'JAM'},"{'JAM_STAND_STILL_TRAFFIC', 'JAM_HEAVY_TRAFFIC'}",126,{7},5.0
2e69ecab,2e69ecabc,2020-09-29,19,{'JAM'},{'JAM_HEAVY_TRAFFIC'},62,{7},5.0
2e69ecab,2e69ecabc,2020-09-30,13,{'JAM'},{'JAM_HEAVY_TRAFFIC'},46,{7},5.0
2e69ecab,2e69ecabc,2020-09-30,17,{'JAM'},{'JAM_HEAVY_TRAFFIC'},94,{7},5.404255319148936
2e69ecab,2e69ecabc,2020-09-30,19,{'JAM'},{'JAM_STAND_STILL_TRAFFIC'},68,{7},5.823529411764706
2e69ecab,2e69ecabc,2020-10-01,11,{'JAM'},{'JAM_STAND_STILL_TRAFFIC'},61,{7},5.0
2e69ecab,2e69ecabc,2020-10-01,21,{'WEATHERHAZARD'},{'HAZARD_ON_ROAD_CONSTRUCTION'},98,{7},6.459183673469388
2e69ecab,2e69ecabc,2020-10-02,21,{'JAM'},"{'JAM_STAND_STILL_TRAFFIC', 'JAM_HEAVY_TRAFFIC'}",123,{7},5.471544715447155
2e69ecab,2e69ecabc,2020-10-03,12,{'JAM'},{'JAM_STAND_STILL_TRAFFIC'},61,{7},5.0
2e69ecab,2e69ecabc,2020-10-03,15,{'JAM'},"{'JAM_STAND_STILL_TRAFFIC', 'JAM_HEAVY_TRAFFIC'}",124,{7},5.0
2e69ecab,2e69ecabc,2020-10-03,17,{'JAM'},{'JAM_STAND_STILL_TRAFFIC'},129,{7},5.0
2e69ecab,2e69ecabc,2020-10-04,12,{'JAM'},{'JAM_HEAVY_TRAFFIC'},66,{7},5.454545454545454
2e69ecab,2e69ecabc,2020-10-04,14,{'JAM'},{'JAM_HEAVY_TRAFFIC'},62,{7},5.0
2e69ecab,2e69ecabc,2020-10-08,15,{'JAM'},{'JAM_STAND_STILL_TRAFFIC'},74,{7},5.0
2e69ecab,2e69ecabc,2020-10-10,11,{'JAM'},{'JAM_HEAVY_TRAFFIC'},60,{7},5.866666666666666
2e69ecab,2e69ecabc,2020-10-10,14,{'JAM'},{'JAM_HEAVY_TRAFFIC'},126,{7},5.0
2e69ecab,2e69ecabc,2020-10-11,15,{'JAM'},{'JAM_STAND_STILL_TRAFFIC'},60,{7},5.0
2e69ecab,2e69ecabc,2020-10-11,19,{'JAM'},{'JAM_HEAVY_TRAFFIC'},36,{7},5.0
2e69ecab,2e69ecabc,2020-10-14,17,{'JAM'},{'JAM'},18,{7},5.0
2e69ecab,2e69ecabc,2020-10-14,19,{'JAM'},{'JAM_STAND_STILL_TRAFFIC'},64,{7},5.0
2e69ecab,2e69ecabc,2020-10-15,7,{'JAM'},{'JAM_HEAVY_TRAFFIC'},54,{7},5.0
2e69ecab,2e69ecabc,2020-10-15,17,{'JAM'},{'JAM_MODERATE_TRAFFIC'},68,{7},6.294117647058823
2e69ecab,2e69ecabc,2020-10-16,20,{'JAM'},{'JAM_HEAVY_TRAFFIC'},106,{7},5.415094339622642
2e69ecab,2e69ecabc,2020-10-17,14,{'JAM'},{'JAM_HEAVY_TRAFFIC'},62,{7},5.0
2e69ecab,2e69ecabc,2020-10-18,13,{'JAM'},"{'JAM_STAND_STILL_TRAFFIC', 'JAM_HEAVY_TRAFFIC'}",120,{7},5.55
2e69ecab,2e69ecabc,2020-10-18,17,{'JAM'},{'JAM_STAND_STILL_TRAFFIC'},127,{7},5.0
2e69ecab,2e69ecabc,2020-10-21,20,{'JAM'},{'JAM_STAND_STILL_TRAFFIC'},64,{7},5.0
2e69ecab,2e69ecabc,2020-10-21,21,{'JAM'},{'JAM_HEAVY_TRAFFIC'},24,{7},5.0
2e69ecab,2e69ecabc,2020-10-22,8,{'JAM'},{'JAM_HEAVY_TRAFFIC'},12,{7},5.0
2e69ecab,2e69ecabc,2020-10-22,20,{'JAM'},{'JAM_HEAVY_TRAFFIC'},128,{7},5.0
2e69ecab,2e69ecabc,2020-10-24,10,{'WEATHERHAZARD'},{'HAZARD_ON_SHOULDER_CAR_STOPPED'},14,{7},5.285714285714286
2e69ecab,2e69ecabc,2020-10-24,11,{'JAM'},{'JAM'},60,{7},5.0
2e69ecab,2e69ecabc,2020-10-24,15,{'JAM'},{'JAM_HEAVY_TRAFFIC'},88,{7},5.704545454545454
2e69ecab,2e69ecabc,2020-10-24,16,{'JAM'},{'JAM_STAND_STILL_TRAFFIC'},60,{7},5.0
2e69ecab,2e69ecabc,2020-10-25,14,{'WEATHERHAZARD'},{'HAZARD_WEATHER_FLOOD'},16,{7},5.6875
2e69ecab,2e69ecabc,2020-10-25,19,{'JAM'},{'JAM_HEAVY_TRAFFIC'},38,{7},5.0
2e69ecab,2e69ecabc,2020-10-26,14,{'JAM'},{'JAM_STAND_STILL_TRAFFIC'},71,{7},5.464788732394366
2e69ecab,2e69ecabc,2020-10-26,15,{'JAM'},{'JAM_STAND_STILL_TRAFFIC'},60,{4},5.0
2e69ecab,2e69ecabc,2020-10-26,16,{'JAM'},{'JAM_STAND_STILL_TRAFFIC'},64,{7},5.0
2e69ecab,2e69ecabc,2020-10-26,17,"{'JAM', 'WEATHERHAZARD'}","{'HAZARD_ON_ROAD_ICE', 'JAM_STAND_STILL_TRAFFIC'}",145,{7},5.917241379310345
2e69ecab,2e69ecabc,2020-10-26,18,{'WEATHERHAZARD'},{'HAZARD_ON_ROAD_CAR_STOPPED'},14,{7},6.285714285714286
2e69ecab,2e69ecabc,2020-10-26,20,{'JAM'},{'JAM_STAND_STILL_TRAFFIC'},62,{7},5.0
2e69ecab,2e69ecabc,2020-10-26,21,{'JAM'},{'JAM_STAND_STILL_TRAFFIC'},47,{4},5.0
2e69ecab,2e69ecabc,2020-10-27,11,{'JAM'},{'JAM_STAND_STILL_TRAFFIC'},12,{7},5.0
2e69ecab,2e69ecabc,2020-10-27,14,{'JAM'},{'JAM_STAND_STILL_TRAFFIC'},95,{7},5.757894736842105
2e69ecab,2e69ecabc,2020-10-28,12,{'JAM'},{'JAM_STAND_STILL_TRAFFIC'},94,{7},6.148936170212766
2e69ecab,2e69ecabc,2020-10-28,14,{'JAM'},{'JAM_STAND_STILL_TRAFFIC'},128,"{4, 7}",5.28125
2e69ecab,2e69ecabc,2020-10-28,16,{'JAM'},{'JAM_STAND_STILL_TRAFFIC'},59,{7},5.0
2e69ecab,2e69ecabc,2020-10-29,11,{'JAM'},{'JAM_HEAVY_TRAFFIC'},62,{7},5.0
2e69ecab,2e69ecabc,2020-10-29,14,{'JAM'},{'JAM_HEAVY_TRAFFIC'},86,{7},7.5813953488372094
2e69ecab,2e69ecabc,2020-10-29,18,{'JAM'},{'JAM_HEAVY_TRAFFIC'},34,{7},5.0
2e69ecab,2e69ecabc,2020-10-29,20,{'WEATHERHAZARD'},{'HAZARD_ON_ROAD_CONSTRUCTION'},86,{7},6.488372093023256
2e69ecab,2e69ecabc,2020-10-31,13,{'JAM'},{'JAM_HEAVY_TRAFFIC'},64,{7},5.0
2e69ecab,2e69ecabc,2020-10-31,18,{'JAM'},{'JAM_HEAVY_TRAFFIC'},66,{7},5.0
2e69ecab,2e69ecabc,2020-11-01,14,{'JAM'},{'JAM_HEAVY_TRAFFIC'},62,{7},5.0
2e69ecab,2e69ecabc,2020-11-02,14,{'JAM'},{'JAM_STAND_STILL_TRAFFIC'},62,{7},5.967741935483871
2e69ecab,2e69ecabc,2020-11-02,17,{'JAM'},{'JAM_HEAVY_TRAFFIC'},64,{7},5.0
2e69ecab,2e69ecabc,2020-11-02,20,{'JAM'},{'JAM_HEAVY_TRAFFIC'},64,{7},5.0
2e69ecab,2e69ecabc,2020-11-02,21,{'JAM'},{'JAM_STAND_STILL_TRAFFIC'},58,{7},5.620689655172414
2e69ecab,2e69ecabc,2020-11-03,17,{'JAM'},{'JAM_HEAVY_TRAFFIC'},60,{7},5.0
2e69ecab,2e69ecabc,2020-11-03,19,{'JAM'},{'JAM_STAND_STILL_TRAFFIC'},122,{7},5.0
2e69ecab,2e69ecabc,2020-11-04,12,{'JAM'},{'JAM_HEAVY_TRAFFIC'},60,{7},5.0
2e69ecab,2e69ecabc,2020-11-04,18,{'JAM'},{'JAM'},62,{7},5.0
2e69ecab,2e69ecabc,2020-11-05,11,{'JAM'},{'JAM_HEAVY_TRAFFIC'},62,{7},5.0
2e69ecab,2e69ecabc,2020-11-05,13,{'JAM'},{'JAM_HEAVY_TRAFFIC'},62,{7},5.0
2e69ecab,2e69ecabc,2020-11-05,15,{'JAM'},{'JAM_STAND_STILL_TRAFFIC'},62,{7},5.0
2e69ecab,2e69ecabc,2020-11-05,16,{'JAM'},{'JAM_HEAVY_TRAFFIC'},62,{7},5.725806451612903
2e69ecab,2e69ecabc,2020-11-05,19,{'JAM'},{'JAM_STAND_STILL_TRAFFIC'},60,{7},6.983333333333333
2e69ecab,2e69ecabc,2020-11-05,20,{'JAM'},{'JAM_HEAVY_TRAFFIC'},62,{7},5.0
2e69ecab,2e69ecabc,2020-11-06,14,{'JAM'},{'JAM_STAND_STILL_TRAFFIC'},62,{7},5.67741935483871
2e69ecab,2e69ecabc,2020-11-06,16,{'JAM'},{'JAM_HEAVY_TRAFFIC'},57,{7},5.0
2e69ecab,2e69ecabc,2020-11-07,13,{'JAM'},{'JAM_STAND_STILL_TRAFFIC'},127,{7},5.818897637795276
2e69ecab,2e69ecabc,2020-11-07,14,{'JAM'},{'JAM_STAND_STILL_TRAFFIC'},128,{7},5.3828125
2e69ecab,2e69ecabc,2020-11-07,15,{'JAM'},{'JAM_STAND_STILL_TRAFFIC'},88,{7},7.886363636363637
2e69ecab,2e69ecabc,2020-11-07,20,{'JAM'},{'JAM_STAND_STILL_TRAFFIC'},60,{7},5.0
2e69ecab,2e69ecabc,2020-11-08,15,{'JAM'},{'JAM_HEAVY_TRAFFIC'},64,{7},5.0
2e69ecab,2e69ecabc,2020-11-09,21,{'JAM'},{'JAM_STAND_STILL_TRAFFIC'},187,{7},5.406417112299465
2e69ecab,2e69ecabc,2020-11-10,15,{'JAM'},{'JAM_STAND_STILL_TRAFFIC'},64,{7},5.0
2e69ecab,2e69ecabc,2020-11-10,16,{'JAM'},{'JAM_STAND_STILL_TRAFFIC'},22,{7},5.0
2e69ecab,2e69ecabc,2020-11-11,9,{'JAM'},{'JAM_HEAVY_TRAFFIC'},10,{7},5.0
2e69ecab,2e69ecabc,2020-11-13,16,{'JAM'},"{'JAM', 'JAM_STAND_STILL_TRAFFIC'}",126,{7},5.0
2e69ecab,2e69ecabc,2020-11-14,10,{'JAM'},{'JAM_HEAVY_TRAFFIC'},66,{7},5.454545454545454
2e69ecab,2e69ecabc,2020-11-14,11,{'JAM'},{'JAM_STAND_STILL_TRAFFIC'},64,{7},5.0
2e69ecaf,2e69ecae4,2020-11-21,14,{'JAM'},{'JAM_HEAVY_TRAFFIC'},49,{2},6.938775510204081
2e69ecaf,2e69ecaec,2020-10-06,9,{'WEATHERHAZARD'},{'HAZARD_ON_SHOULDER_CAR_STOPPED'},58,{1},5.0
2e69ecb1,2e69ecb1c,2020-10-23,14,{'JAM'},{'JAM_HEAVY_TRAFFIC'},50,{2},5.0
2e69ecb1,2e69ecb1c,2020-10-24,17,{'JAM'},{'JAM_HEAVY_TRAFFIC'},63,{2},5.0
2e69ecb1,2e69ecb1c,2020-11-04,15,{'JAM'},{'JAM_HEAVY_TRAFFIC'},56,{2},6.0
2e69ecb3,2e69ecb34,2020-11-16,17,{'JAM'},{'JAM'},13,{2},5.0
2e69ecb3,2e69ecb3c,2020-11-13,16,{'JAM'},{'JAM_STAND_STILL_TRAFFIC'},60,{2},5.0
2e69ecb5,2e69ecb44,2020-11-07,14,{'JAM'},{'JAM_STAND_STILL_TRAFFIC'},61,{2},5.0
2e69ecb5,2e69ecb44,2020-11-13,16,{'JAM'},{'JAM_STAND_STILL_TRAFFIC'},151,{2},6.4635761589403975
2e69ecbb,2e69ecbb4,2020-09-15,18,{'JAM'},{'JAM_HEAVY_TRAFFIC'},31,{7},6.806451612903226
2e69ecbb,2e69ecbb4,2020-09-19,10,{'JAM'},{'JAM_STAND_STILL_TRAFFIC'},30,{7},6.733333333333333
2e69ecbb,2e69ecbb4,2020-09-26,11,{'JAM'},{'JAM_STAND_STILL_TRAFFIC'},27,{7},5.0
2e69ecbb,2e69ecbb4,2020-09-28,18,{'JAM'},{'JAM_STAND_STILL_TRAFFIC'},17,{7},5.0
2e69ecbb,2e69ecbb4,2020-10-07,17,{'JAM'},{'JAM_HEAVY_TRAFFIC'},31,{7},5.0
2e69ecbb,2e69ecbb4,2020-10-09,15,{'JAM'},{'JAM_STAND_STILL_TRAFFIC'},14,{7},5.571428571428571
2e69ecbb,2e69ecbb4,2020-10-10,8,{'WEATHERHAZARD'},{'WEATHERHAZARD'},30,{7},5.0
2e69ecbb,2e69ecbb4,2020-10-14,17,{'JAM'},{'JAM_STAND_STILL_TRAFFIC'},31,{7},5.0
2e69ecbb,2e69ecbb4,2020-10-24,14,{'JAM'},{'JAM_STAND_STILL_TRAFFIC'},45,{7},6.822222222222222
2e69ecbb,2e69ecbb4,2020-10-26,17,{'JAM'},{'JAM_STAND_STILL_TRAFFIC'},34,{7},5.0
2e69ecbb,2e69ecbb4,2020-10-27,13,{'JAM'},{'JAM_HEAVY_TRAFFIC'},32,{7},5.0
2e69ecbb,2e69ecbb4,2020-10-27,14,{'JAM'},{'JAM_STAND_STILL_TRAFFIC'},28,{7},8.0
2e69ecbb,2e69ecbb4,2020-10-30,14,{'JAM'},{'JAM_HEAVY_TRAFFIC'},32,{7},5.0
2e69ecbb,2e69ecbb4,2020-10-30,17,{'JAM'},{'JAM_HEAVY_TRAFFIC'},32,{7},5.0
2e69ecbb,2e69ecbb4,2020-11-06,14,{'JAM'},{'JAM_STAND_STILL_TRAFFIC'},23,{7},5.043478260869565
2e69ecbb,2e69ecbb4,2020-11-06,17,{'JAM'},{'JAM_STAND_STILL_TRAFFIC'},10,{7},5.0
2e69ecbd,2e69ecbcc,2020-09-05,18,{'JAM'},{'JAM_HEAVY_TRAFFIC'},16,{7},5.0
2e69ecbd,2e69ecbcc,2020-09-08,14,{'JAM'},{'JAM_HEAVY_TRAFFIC'},22,{7},5.0
2e69ecbd,2e69ecbcc,2020-09-19,9,{'JAM'},{'JAM_STAND_STILL_TRAFFIC'},6,{7},5.0
2e69ecbd,2e69ecbcc,2020-10-01,18,{'JAM'},{'JAM_STAND_STILL_TRAFFIC'},31,{7},5.0
2e69ecbd,2e69ecbcc,2020-10-02,18,{'JAM'},{'JAM_HEAVY_TRAFFIC'},31,{7},5.0
2e69ecbd,2e69ecbcc,2020-10-03,11,{'JAM'},{'JAM_STAND_STILL_TRAFFIC'},19,{7},5.0
2e69ecbd,2e69ecbcc,2020-10-03,15,{'JAM'},{'JAM_STAND_STILL_TRAFFIC'},30,{7},5.0
2e69ecbd,2e69ecbcc,2020-10-12,17,{'JAM'},{'JAM_STAND_STILL_TRAFFIC'},33,{7},5.0
2e69ecbd,2e69ecbcc,2020-10-13,17,{'JAM'},{'JAM_HEAVY_TRAFFIC'},31,{7},5.0
2e69ecbd,2e69ecbcc,2020-10-24,14,{'JAM'},{'JAM_STAND_STILL_TRAFFIC'},2,{7},5.0
2e69ecbd,2e69ecbcc,2020-10-27,14,{'JAM'},{'JAM_STAND_STILL_TRAFFIC'},2,{7},7.0
2e69ecbd,2e69ecbcc,2020-11-04,7,{'WEATHERHAZARD'},{'HAZARD_ON_ROAD_CAR_STOPPED'},45,{7},5.822222222222222
2e69ecbd,2e69ecbd4,2020-09-08,18,{'JAM'},{'JAM_MODERATE_TRAFFIC'},31,{2},5.0
2e69ecbd,2e69ecbd4,2020-09-11,17,{'JAM'},{'JAM_HEAVY_TRAFFIC'},32,{2},5.0
2e69ecbd,2e69ecbd4,2020-09-12,8,{'JAM'},{'JAM_MODERATE_TRAFFIC'},27,{2},5.0
2e69ecbd,2e69ecbd4,2020-09-14,16,{'JAM'},{'JAM_HEAVY_TRAFFIC'},31,{2},5.0
2e69ecbd,2e69ecbd4,2020-09-19,11,{'WEATHERHAZARD'},{'WEATHERHAZARD'},30,{7},5.566666666666666
2e69ecbd,2e69ecbd4,2020-09-21,8,{'JAM'},{'JAM_MODERATE_TRAFFIC'},30,{2},5.0
2e69ecbd,2e69ecbd4,2020-09-23,18,{'JAM'},{'JAM_STAND_STILL_TRAFFIC'},43,{2},5.4186046511627906
2e69ecbd,2e69ecbd4,2020-10-05,16,{'JAM'},{'JAM_MODERATE_TRAFFIC'},30,{2},5.0
2e69ecbd,2e69ecbd4,2020-10-08,15,{'JAM'},{'JAM_STAND_STILL_TRAFFIC'},25,{7},5.0
2e69ecbd,2e69ecbd4,2020-10-10,13,{'JAM'},{'JAM_STAND_STILL_TRAFFIC'},31,{7},5.0
2e69ecbd,2e69ecbd4,2020-10-10,20,{'JAM'},{'JAM_HEAVY_TRAFFIC'},38,{7},5.394736842105263
2e69ecbd,2e69ecbd4,2020-10-17,13,{'JAM'},{'JAM'},30,{7},5.0
2e69ecbd,2e69ecbd4,2020-10-17,15,{'JAM'},{'JAM_HEAVY_TRAFFIC'},31,{2},5.903225806451613
2e69ecbd,2e69ecbd4,2020-10-18,17,{'JAM'},{'JAM_HEAVY_TRAFFIC'},32,{7},5.0
2e69ecbd,2e69ecbd4,2020-10-18,18,{'JAM'},{'JAM_HEAVY_TRAFFIC'},32,{7},5.96875
2e69ecbd,2e69ecbd4,2020-10-19,8,{'JAM'},{'JAM_HEAVY_TRAFFIC'},39,{2},6.17948717948718
2e69ecbd,2e69ecbd4,2020-10-19,16,{'JAM'},{'JAM_HEAVY_TRAFFIC'},21,{7},5.0
2e69ecbd,2e69ecbd4,2020-10-19,18,{'JAM'},{'JAM_STAND_STILL_TRAFFIC'},31,{7},5.0
2e69ecbd,2e69ecbd4,2020-10-20,8,{'JAM'},{'JAM_STAND_STILL_TRAFFIC'},30,{2},5.0
2e69ecbd,2e69ecbd4,2020-10-21,15,{'JAM'},{'JAM'},31,{7},5.0
2e69ecbd,2e69ecbd4,2020-10-23,18,{'JAM'},{'JAM_HEAVY_TRAFFIC'},31,{7},5.0
2e69ecbd,2e69ecbd4,2020-10-24,12,{'JAM'},{'JAM_MODERATE_TRAFFIC'},26,{7},5.0
2e69ecbd,2e69ecbd4,2020-10-25,11,{'JAM'},{'JAM_STAND_STILL_TRAFFIC'},30,{2},5.0
2e69ecbd,2e69ecbd4,2020-10-25,15,{'JAM'},"{'JAM_STAND_STILL_TRAFFIC', 'JAM_HEAVY_TRAFFIC'}",64,{7},5.0
2e69ecbd,2e69ecbd4,2020-10-25,19,{'JAM'},{'JAM_STAND_STILL_TRAFFIC'},32,{2},5.0
2e69ecbd,2e69ecbd4,2020-10-26,17,{'JAM'},{'JAM_STAND_STILL_TRAFFIC'},31,{7},5.0
2e69ecbd,2e69ecbd4,2020-10-26,18,{'JAM'},{'JAM_STAND_STILL_TRAFFIC'},27,{7},5.0
2e69ecbd,2e69ecbd4,2020-10-27,16,{'JAM'},{'JAM_STAND_STILL_TRAFFIC'},28,{2},5.0
2e69ecbd,2e69ecbd4,2020-11-04,19,{'JAM'},{'JAM_HEAVY_TRAFFIC'},31,{2},5.645161290322581
2e69ecbd,2e69ecbd4,2020-11-06,16,{'JAM'},{'JAM_STAND_STILL_TRAFFIC'},17,{7},5.0
2e69ecbd,2e69ecbd4,2020-11-07,17,{'JAM'},{'JAM_STAND_STILL_TRAFFIC'},30,{2},5.0
2e69ecbd,2e69ecbd4,2020-11-07,18,{'JAM'},{'JAM_STAND_STILL_TRAFFIC'},91,{7},5.0
2e69ecbd,2e69ecbd4,2020-11-07,19,{'JAM'},{'JAM_HEAVY_TRAFFIC'},31,{7},5.967741935483871
2e69ecbd,2e69ecbd4,2020-11-08,11,{'JAM'},{'JAM_STAND_STILL_TRAFFIC'},32,{2},5.0
2e69ecbd,2e69ecbd4,2020-11-08,18,{'JAM'},{'JAM_HEAVY_TRAFFIC'},30,{7},5.0
2e69ecbd,2e69ecbd4,2020-11-09,17,{'JAM'},{'JAM_MODERATE_TRAFFIC'},30,{2},5.0
2e69ecbd,2e69ecbd4,2020-11-09,19,{'JAM'},{'JAM_STAND_STILL_TRAFFIC'},30,{7},5.0
2e69ecbd,2e69ecbd4,2020-11-12,17,{'JAM'},{'JAM_STAND_STILL_TRAFFIC'},32,{7},5.0
2e69ecbd,2e69ecbd4,2020-11-14,17,{'JAM'},{'JAM_STAND_STILL_TRAFFIC'},38,{7},5.2368421052631575
2e69ecbd,2e69ecbd4,2020-11-14,19,{'JAM'},{'JAM_HEAVY_TRAFFIC'},32,{7},5.0
2e69ecbd,2e69ecbd4,2020-11-15,16,{'JAM'},{'JAM_STAND_STILL_TRAFFIC'},30,{7},5.0
2e69ecbd,2e69ecbd4,2020-11-21,14,{'JAM'},{'JAM_STAND_STILL_TRAFFIC'},30,{7},5.466666666666667
2e69ecbd,2e69ecbd4,2020-11-22,19,{'JAM'},{'JAM_HEAVY_TRAFFIC'},32,{7},5.0
2e69ecf3,2e69ecf34,2020-10-30,6,{'JAM'},{'JAM'},31,{1},5.0
2e69ecf5,2e69ecf54,2020-10-13,9,{'JAM'},{'JAM'},30,{1},5.0
2e69edb5,2e69edb54,2020-09-03,0,{'ACCIDENT'},{'ACCIDENT'},124,{2},5.0
2e69ee13,2e69ee13c,2020-10-10,9,{'JAM'},{'JAM_HEAVY_TRAFFIC'},30,{1},5.0
2e69ee35,2e69ee35c,2020-09-11,17,{'JAM'},{'JAM'},6,{1},5.0
2e69ee37,2e69ee374,2020-11-08,18,{'WEATHERHAZARD'},{'HAZARD_ON_SHOULDER'},30,{1},5.0
2e69ee37,2e69ee374,2020-11-19,0,{'ACCIDENT'},{'ACCIDENT'},120,{1},5.0
2e69ee39,2e69ee384,2020-09-01,17,{'JAM'},{'JAM'},31,{7},5.0
2e69ee39,2e69ee384,2020-09-02,15,{'JAM'},{'JAM'},32,{7},5.0
2e69ee39,2e69ee384,2020-09-28,10,{'WEATHERHAZARD'},{'HAZARD_ON_SHOULDER_CAR_STOPPED'},31,{7},5.290322580645161
2e69ee39,2e69ee384,2020-10-17,13,{'WEATHERHAZARD'},{'WEATHERHAZARD'},32,{7},5.875
2e69ee39,2e69ee384,2020-11-02,16,{'JAM'},{'JAM_MODERATE_TRAFFIC'},31,{7},5.0
2e69ee39,2e69ee39c,2020-09-01,17,{'JAM'},{'JAM'},31,{7},5.0
2e69ee39,2e69ee39c,2020-09-28,10,{'WEATHERHAZARD'},{'HAZARD_ON_SHOULDER_CAR_STOPPED'},31,{7},5.0
2e69ee39,2e69ee39c,2020-10-09,16,{'JAM'},{'JAM'},30,{7},5.0
2e69ee39,2e69ee39c,2020-10-12,12,{'WEATHERHAZARD'},{'HAZARD_ON_ROAD_CAR_STOPPED'},30,{7},5.766666666666667
2e69ee39,2e69ee39c,2020-10-12,13,{'JAM'},{'JAM'},31,{7},5.0
2e69ee39,2e69ee39c,2020-10-13,16,{'JAM'},{'JAM_MODERATE_TRAFFIC'},17,{7},5.0
2e69ee39,2e69ee39c,2020-10-17,15,{'JAM'},{'JAM_HEAVY_TRAFFIC'},17,{7},5.0
2e69ee39,2e69ee39c,2020-10-25,16,{'JAM'},{'JAM'},31,{7},5.0
2e69ee39,2e69ee39c,2020-11-08,16,{'JAM'},{'JAM'},5,{7},5.0
2e69ee3f,2e69ee3e4,2020-11-10,12,{'WEATHERHAZARD'},{'HAZARD_ON_ROAD_CAR_STOPPED'},17,{7},5.588235294117647
2e69ee41,2e69ee41c,2020-11-11,21,{'JAM'},{'JAM'},31,{1},5.0
2e69ee45,2e69ee454,2020-09-01,17,{'JAM'},{'JAM_STAND_STILL_TRAFFIC'},50,{7},5.76
2e69ee45,2e69ee454,2020-09-01,18,{'WEATHERHAZARD'},{'HAZARD_ON_ROAD_CAR_STOPPED'},30,{7},5.0
2e69ee45,2e69ee454,2020-09-03,18,{'JAM'},{'JAM_STAND_STILL_TRAFFIC'},31,{7},5.806451612903226
2e69ee45,2e69ee454,2020-09-05,10,{'JAM'},{'JAM_HEAVY_TRAFFIC'},31,{7},5.0
2e69ee45,2e69ee454,2020-09-07,17,{'JAM'},{'JAM'},34,{7},5.9411764705882355
2e69ee45,2e69ee454,2020-09-07,18,{'JAM'},"{'JAM_STAND_STILL_TRAFFIC', 'JAM_HEAVY_TRAFFIC'}",62,{7},5.0
2e69ee45,2e69ee454,2020-09-12,12,{'JAM'},{'JAM_HEAVY_TRAFFIC'},33,{7},5.0
2e69ee45,2e69ee454,2020-09-12,14,{'JAM'},{'JAM_MODERATE_TRAFFIC'},33,{7},5.0
2e69ee45,2e69ee454,2020-09-12,15,{'JAM'},{'JAM_HEAVY_TRAFFIC'},26,{7},5.0
2e69ee45,2e69ee454,2020-09-13,15,{'JAM'},{'JAM_HEAVY_TRAFFIC'},7,{7},5.0
2e69ee45,2e69ee454,2020-09-15,18,{'JAM'},{'JAM_HEAVY_TRAFFIC'},31,{7},5.0
2e69ee45,2e69ee454,2020-09-16,17,{'JAM'},{'JAM_MODERATE_TRAFFIC'},31,{7},5.935483870967742
2e69ee45,2e69ee454,2020-09-18,19,{'JAM'},{'JAM'},7,{7},5.0
2e69ee45,2e69ee454,2020-09-19,8,{'WEATHERHAZARD'},{'HAZARD_ON_ROAD_CAR_STOPPED'},30,{7},5.533333333333333
2e69ee45,2e69ee454,2020-09-21,16,{'JAM'},{'JAM_HEAVY_TRAFFIC'},31,{7},5.0
2e69ee45,2e69ee454,2020-09-22,17,{'JAM'},{'JAM_HEAVY_TRAFFIC'},33,{7},5.0
2e69ee45,2e69ee454,2020-09-25,17,{'JAM'},{'JAM_STAND_STILL_TRAFFIC'},31,{7},6.0
2e69ee45,2e69ee454,2020-09-25,18,{'JAM'},{'JAM_HEAVY_TRAFFIC'},30,{7},5.0
2e69ee45,2e69ee454,2020-09-26,14,{'JAM'},{'JAM_STAND_STILL_TRAFFIC'},31,{7},5.0
2e69ee45,2e69ee454,2020-10-01,17,{'JAM'},{'JAM_HEAVY_TRAFFIC'},41,{7},5.365853658536586
2e69ee45,2e69ee454,2020-10-02,17,{'JAM'},{'JAM'},60,{7},5.0
2e69ee45,2e69ee454,2020-10-03,14,{'JAM'},{'JAM_STAND_STILL_TRAFFIC'},30,{7},5.0
2e69ee45,2e69ee454,2020-10-05,17,{'JAM'},{'JAM_HEAVY_TRAFFIC'},32,{7},5.0
2e69ee45,2e69ee454,2020-10-06,17,{'JAM'},{'JAM_STAND_STILL_TRAFFIC'},32,{7},5.0
2e69ee45,2e69ee454,2020-10-06,18,{'JAM'},"{'JAM_STAND_STILL_TRAFFIC', 'JAM_HEAVY_TRAFFIC'}",62,{7},5.0
2e69ee45,2e69ee454,2020-10-09,17,{'JAM'},{'JAM_MODERATE_TRAFFIC'},63,{7},5.0
2e69ee45,2e69ee454,2020-10-10,10,{'JAM'},{'JAM'},30,{7},5.0
2e69ee45,2e69ee454,2020-10-10,14,{'JAM'},{'JAM_STAND_STILL_TRAFFIC'},31,{7},5.0
2e69ee45,2e69ee454,2020-10-13,16,{'JAM'},{'JAM_HEAVY_TRAFFIC'},32,{7},5.90625
2e69ee45,2e69ee454,2020-10-17,16,{'JAM'},{'JAM_MODERATE_TRAFFIC'},8,{7},5.0
2e69ee45,2e69ee454,2020-10-18,12,{'JAM'},{'JAM_HEAVY_TRAFFIC'},32,{7},5.0
2e69ee45,2e69ee454,2020-10-20,19,{'JAM'},{'JAM_STAND_STILL_TRAFFIC'},31,{7},5.0
2e69ee45,2e69ee454,2020-10-23,16,{'JAM'},{'JAM_STAND_STILL_TRAFFIC'},35,{7},5.914285714285715
2e69ee45,2e69ee454,2020-10-23,18,{'JAM'},{'JAM_HEAVY_TRAFFIC'},56,{7},5.0
2e69ee45,2e69ee454,2020-10-24,14,{'JAM'},{'JAM_STAND_STILL_TRAFFIC'},60,{7},5.0
2e69ee45,2e69ee454,2020-10-28,18,{'JAM'},{'JAM_HEAVY_TRAFFIC'},65,{7},5.0
2e69ee45,2e69ee454,2020-10-30,14,{'JAM'},{'JAM_HEAVY_TRAFFIC'},31,{7},5.0
2e69ee45,2e69ee454,2020-10-30,15,{'JAM'},{'JAM'},43,{7},5.372093023255814
2e69ee45,2e69ee454,2020-11-01,15,{'JAM'},{'JAM'},5,{7},5.0
2e69ee45,2e69ee454,2020-11-02,19,{'JAM'},{'JAM_HEAVY_TRAFFIC'},32,{7},5.0
2e69ee45,2e69ee454,2020-11-02,20,{'JAM'},{'JAM_STAND_STILL_TRAFFIC'},60,{7},5.45
2e69ee45,2e69ee454,2020-11-05,13,{'JAM'},{'JAM_STAND_STILL_TRAFFIC'},31,{7},5.0
2e69ee45,2e69ee454,2020-11-05,17,{'JAM'},{'JAM_HEAVY_TRAFFIC'},31,{7},5.0
2e69ee45,2e69ee454,2020-11-07,14,{'JAM'},{'JAM_HEAVY_TRAFFIC'},31,{7},5.0
2e69ee45,2e69ee454,2020-11-07,15,{'JAM'},{'JAM_STAND_STILL_TRAFFIC'},32,{7},5.0
2e69ee45,2e69ee454,2020-11-07,16,{'JAM'},"{'JAM_STAND_STILL_TRAFFIC', 'JAM_HEAVY_TRAFFIC'}",55,{7},5.0
2e69ee45,2e69ee454,2020-11-08,11,{'JAM'},{'JAM_HEAVY_TRAFFIC'},29,{7},8.0
2e69ee45,2e69ee454,2020-11-08,16,{'JAM'},{'JAM'},3,{7},5.0
2e69ee45,2e69ee454,2020-11-11,17,{'JAM'},{'JAM_HEAVY_TRAFFIC'},31,{7},5.0
2e69ee45,2e69ee454,2020-11-11,18,{'JAM'},{'JAM_STAND_STILL_TRAFFIC'},62,{7},6.435483870967742
2e69ee45,2e69ee454,2020-11-14,12,{'JAM'},{'JAM_HEAVY_TRAFFIC'},31,{7},5.0
2e69ee45,2e69ee454,2020-11-14,13,{'JAM'},{'JAM_STAND_STILL_TRAFFIC'},49,{7},5.0
2e69ee45,2e69ee454,2020-11-17,17,{'JAM'},{'JAM_MODERATE_TRAFFIC'},30,{7},5.0
2e69ee45,2e69ee454,2020-11-19,17,{'JAM'},{'JAM_STAND_STILL_TRAFFIC'},31,{7},5.0
2e69ee45,2e69ee454,2020-11-21,15,{'JAM'},{'JAM_STAND_STILL_TRAFFIC'},30,{7},5.0
2e69ee45,2e69ee45c,2020-09-01,17,{'JAM'},"{'JAM', 'JAM_MODERATE_TRAFFIC'}",154,{7},5.0
2e69ee45,2e69ee45c,2020-09-05,11,{'JAM'},{'JAM_STAND_STILL_TRAFFIC'},64,{7},5.0
2e69ee45,2e69ee45c,2020-09-05,12,{'JAM'},{'JAM_HEAVY_TRAFFIC'},30,{7},5.0
2e69ee45,2e69ee45c,2020-09-06,14,{'JAM'},{'JAM_STAND_STILL_TRAFFIC'},25,{7},5.08
2e69ee45,2e69ee45c,2020-09-07,17,{'JAM'},{'JAM'},64,{7},5.0
2e69ee45,2e69ee45c,2020-09-07,18,{'JAM'},"{'JAM', 'JAM_STAND_STILL_TRAFFIC'}",128,{7},5.2578125
2e69ee45,2e69ee45c,2020-09-12,13,{'JAM'},{'JAM_STAND_STILL_TRAFFIC'},60,{7},5.183333333333334
2e69ee45,2e69ee45c,2020-09-15,18,{'JAM'},{'JAM_HEAVY_TRAFFIC'},37,{7},5.405405405405405
2e69ee45,2e69ee45c,2020-09-16,14,{'JAM'},{'JAM_HEAVY_TRAFFIC'},32,{22},5.0
2e69ee45,2e69ee45c,2020-09-19,8,{'WEATHERHAZARD'},{'HAZARD_ON_ROAD_CAR_STOPPED'},30,{7},5.0
2e69ee45,2e69ee45c,2020-09-19,11,{'JAM'},{'JAM_STAND_STILL_TRAFFIC'},33,{7},5.0
2e69ee45,2e69ee45c,2020-09-23,13,{'WEATHERHAZARD'},{'HAZARD_ON_SHOULDER_CAR_STOPPED'},32,{7},5.53125
2e69ee45,2e69ee45c,2020-09-23,18,{'JAM'},"{'JAM_STAND_STILL_TRAFFIC', 'JAM_HEAVY_TRAFFIC'}",66,{7},5.0
2e69ee45,2e69ee45c,2020-09-25,17,{'JAM'},{'JAM_STAND_STILL_TRAFFIC'},85,{7},5.0
2e69ee45,2e69ee45c,2020-09-26,11,{'JAM'},{'JAM_HEAVY_TRAFFIC'},30,{7},5.0
2e69ee45,2e69ee45c,2020-09-26,12,{'JAM'},{'JAM_STAND_STILL_TRAFFIC'},31,{7},5.0
2e69ee45,2e69ee45c,2020-09-26,13,{'JAM'},{'JAM_STAND_STILL_TRAFFIC'},30,{7},5.0
2e69ee45,2e69ee45c,2020-09-26,14,{'JAM'},{'JAM_STAND_STILL_TRAFFIC'},61,{7},5.0
2e69ee45,2e69ee45c,2020-09-30,10,{'WEATHERHAZARD'},{'HAZARD_ON_SHOULDER_CAR_STOPPED'},31,{7},5.709677419354839
2e69ee45,2e69ee45c,2020-10-01,15,"{'JAM', 'WEATHERHAZARD'}","{'JAM', 'HAZARD_ON_ROAD_CAR_STOPPED'}",55,{7},5.0
2e69ee45,2e69ee45c,2020-10-02,17,{'JAM'},{'JAM'},95,{7},5.0
2e69ee45,2e69ee45c,2020-10-03,12,{'JAM'},{'JAM_HEAVY_TRAFFIC'},12,{7},5.0
2e69ee45,2e69ee45c,2020-10-06,17,{'JAM'},{'JAM_STAND_STILL_TRAFFIC'},31,{7},5.0
2e69ee45,2e69ee45c,2020-10-07,18,{'JAM'},{'JAM_STAND_STILL_TRAFFIC'},13,{7},5.0
2e69ee45,2e69ee45c,2020-10-09,14,{'JAM'},{'JAM_HEAVY_TRAFFIC'},31,{7},5.0
2e69ee45,2e69ee45c,2020-10-09,17,{'JAM'},{'JAM'},62,{7},5.0
2e69ee45,2e69ee45c,2020-10-10,12,{'JAM'},{'JAM_STAND_STILL_TRAFFIC'},18,{7},5.0
2e69ee45,2e69ee45c,2020-10-10,15,{'JAM'},{'JAM_HEAVY_TRAFFIC'},33,{7},6.0
2e69ee45,2e69ee45c,2020-10-17,14,{'JAM'},{'JAM_STAND_STILL_TRAFFIC'},52,{7},5.923076923076923
2e69ee45,2e69ee45c,2020-10-23,18,{'JAM'},"{'JAM', 'JAM_HEAVY_TRAFFIC'}",89,{7},5.224719101123595
2e69ee45,2e69ee45c,2020-10-24,10,{'JAM'},{'JAM_HEAVY_TRAFFIC'},33,{7},5.0
2e69ee45,2e69ee45c,2020-10-24,15,{'JAM'},"{'JAM_STAND_STILL_TRAFFIC', 'JAM_HEAVY_TRAFFIC'}",63,{7},5.0
2e69ee45,2e69ee45c,2020-10-28,18,{'JAM'},{'JAM_HEAVY_TRAFFIC'},30,{7},5.0
2e69ee45,2e69ee45c,2020-11-02,20,{'JAM'},{'JAM_STAND_STILL_TRAFFIC'},30,{7},5.0
2e69ee45,2e69ee45c,2020-11-06,18,{'JAM'},{'JAM_HEAVY_TRAFFIC'},30,{7},5.0
2e69ee45,2e69ee45c,2020-11-07,15,{'JAM'},{'JAM_STAND_STILL_TRAFFIC'},30,{7},5.0
2e69ee45,2e69ee45c,2020-11-08,11,{'JAM'},{'JAM_HEAVY_TRAFFIC'},30,{7},6.0
2e69ee45,2e69ee45c,2020-11-08,16,{'JAM'},{'JAM'},5,{7},5.0
2e69ee45,2e69ee45c,2020-11-10,12,{'JAM'},{'JAM'},6,{7},5.0
2e69ee45,2e69ee45c,2020-11-11,16,{'WEATHERHAZARD'},{'WEATHERHAZARD'},30,{7},5.0
2e69ee45,2e69ee45c,2020-11-11,18,{'JAM'},"{'JAM_STAND_STILL_TRAFFIC', 'JAM_HEAVY_TRAFFIC'}",62,"{1, 7}",5.0
2e69ee45,2e69ee45c,2020-11-15,12,{'JAM'},{'JAM_MODERATE_TRAFFIC'},31,{7},5.0
2e69ee47,2e69ee464,2020-09-04,13,{'JAM'},{'JAM_STAND_STILL_TRAFFIC'},32,{7},5.0
2e69ee47,2e69ee464,2020-09-06,14,{'JAM'},{'JAM_STAND_STILL_TRAFFIC'},17,{7},7.0
2e69ee47,2e69ee464,2020-09-14,16,{'JAM'},{'JAM'},30,{7},5.0
2e69ee47,2e69ee464,2020-09-15,16,{'JAM'},{'JAM_STAND_STILL_TRAFFIC'},15,{7},6.0
2e69ee47,2e69ee464,2020-09-19,8,{'WEATHERHAZARD'},{'HAZARD_ON_ROAD_CAR_STOPPED'},30,{7},6.533333333333333
2e69ee47,2e69ee464,2020-09-26,14,{'JAM'},{'JAM_STAND_STILL_TRAFFIC'},30,{7},5.0
2e69ee47,2e69ee464,2020-09-28,10,{'WEATHERHAZARD'},{'HAZARD_ON_SHOULDER_CAR_STOPPED'},30,{7},5.0
2e69ee47,2e69ee464,2020-10-02,15,{'WEATHERHAZARD'},{'HAZARD_ON_ROAD_CAR_STOPPED'},41,{7},5.780487804878049
2e69ee47,2e69ee464,2020-10-02,17,"{'JAM', 'WEATHERHAZARD'}","{'HAZARD_ON_ROAD_CAR_STOPPED', 'JAM_STAND_STILL_TRAFFIC'}",84,{7},5.440476190476191
2e69ee47,2e69ee464,2020-10-07,7,{'WEATHERHAZARD'},{'HAZARD_ON_ROAD_CAR_STOPPED'},30,{7},5.0
2e69ee47,2e69ee464,2020-10-09,17,"{'JAM', 'WEATHERHAZARD'}","{'JAM', 'HAZARD_ON_ROAD_CAR_STOPPED'}",35,{7},5.685714285714286
2e69ee47,2e69ee464,2020-10-10,12,{'JAM'},{'JAM_STAND_STILL_TRAFFIC'},17,{7},5.0
2e69ee47,2e69ee464,2020-10-23,17,{'JAM'},{'JAM'},13,{7},5.0
2e69ee47,2e69ee464,2020-10-30,14,{'WEATHERHAZARD'},{'HAZARD_ON_ROAD_CAR_STOPPED'},32,{7},5.1875
2e69ee47,2e69ee464,2020-11-01,15,{'JAM'},{'JAM'},32,{7},5.0
2e69ee47,2e69ee464,2020-11-10,12,{'JAM'},{'JAM'},30,{7},5.0
2e69ee47,2e69ee47c,2020-09-01,17,{'JAM'},{'JAM'},30,{7},5.0
2e69ee47,2e69ee47c,2020-09-15,16,{'JAM'},{'JAM_STAND_STILL_TRAFFIC'},30,{7},5.0
2e69ee47,2e69ee47c,2020-09-15,17,{'JAM'},{'JAM_STAND_STILL_TRAFFIC'},11,{7},5.0
2e69ee47,2e69ee47c,2020-09-18,19,{'WEATHERHAZARD'},{'HAZARD_ON_ROAD_CAR_STOPPED'},38,{7},5.394736842105263
2e69ee47,2e69ee47c,2020-09-19,8,{'WEATHERHAZARD'},{'HAZARD_ON_ROAD_CAR_STOPPED'},31,{7},5.0
2e69ee47,2e69ee47c,2020-09-28,10,{'WEATHERHAZARD'},{'HAZARD_ON_SHOULDER_CAR_STOPPED'},30,{7},5.0
2e69ee47,2e69ee47c,2020-10-01,15,{'JAM'},{'JAM'},6,{7},5.0
2e69ee47,2e69ee47c,2020-10-02,16,{'JAM'},{'JAM_STAND_STILL_TRAFFIC'},20,{7},5.0
2e69ee47,2e69ee47c,2020-10-02,17,{'JAM'},{'JAM'},30,{7},5.0
2e69ee47,2e69ee47c,2020-10-21,15,{'WEATHERHAZARD'},{'WEATHERHAZARD'},4,{7},5.75
2e69ee47,2e69ee47c,2020-10-23,17,{'JAM'},{'JAM'},27,{7},5.0
2e69ee47,2e69ee47c,2020-10-30,15,{'JAM'},{'JAM_HEAVY_TRAFFIC'},12,{7},5.0
2e69ee47,2e69ee47c,2020-11-10,16,{'JAM'},{'JAM_STAND_STILL_TRAFFIC'},11,{7},5.0
2e69ee47,2e69ee47c,2020-11-19,10,{'WEATHERHAZARD'},{'HAZARD_ON_SHOULDER_CAR_STOPPED'},33,{7},5.0
2e69ee4d,2e69ee4dc,2020-10-25,15,{'JAM'},{'JAM'},32,{1},5.0
2e69ee51,2e69ee50c,2020-09-05,11,{'JAM'},{'JAM'},32,{7},5.0
2e69ee51,2e69ee50c,2020-09-05,12,{'JAM'},{'JAM_STAND_STILL_TRAFFIC'},30,{7},5.0
2e69ee51,2e69ee50c,2020-09-07,18,{'JAM'},{'JAM'},31,{7},5.0
2e69ee51,2e69ee50c,2020-09-19,8,{'WEATHERHAZARD'},{'HAZARD_ON_ROAD_CAR_STOPPED'},31,{7},5.0
2e69ee51,2e69ee50c,2020-09-21,17,{'JAM'},{'JAM_MODERATE_TRAFFIC'},31,{7},5.0
2e69ee51,2e69ee50c,2020-10-01,15,{'JAM'},{'JAM'},8,{7},5.0
2e69ee51,2e69ee50c,2020-10-01,16,{'JAM'},{'JAM'},46,{7},5.326086956521739
2e69ee51,2e69ee50c,2020-10-02,15,{'JAM'},{'JAM'},30,{7},5.0
2e69ee51,2e69ee50c,2020-10-02,16,{'JAM'},{'JAM_HEAVY_TRAFFIC'},32,{7},5.0
2e69ee51,2e69ee50c,2020-10-07,7,{'WEATHERHAZARD'},{'HAZARD_ON_ROAD_CAR_STOPPED'},34,{7},5.470588235294118
2e69ee51,2e69ee50c,2020-10-09,16,{'JAM'},{'JAM'},31,{7},5.0
2e69ee51,2e69ee50c,2020-10-12,13,{'JAM'},{'JAM'},32,{7},5.0
2e69ee51,2e69ee50c,2020-10-19,14,{'JAM'},{'JAM'},33,{7},5.0
2e69ee51,2e69ee50c,2020-10-20,11,{'JAM'},{'JAM_MODERATE_TRAFFIC'},31,{7},5.0
2e69ee51,2e69ee50c,2020-10-22,9,{'JAM'},{'JAM'},30,{7},5.0
2e69ee51,2e69ee50c,2020-10-29,16,{'JAM'},{'JAM_MODERATE_TRAFFIC'},6,{7},5.0
2e69ee51,2e69ee50c,2020-10-30,14,{'JAM'},{'JAM'},19,{7},5.0
2e69ee51,2e69ee50c,2020-10-30,15,{'JAM'},{'JAM'},32,{7},5.0
2e69ee51,2e69ee50c,2020-11-02,10,{'JAM'},{'JAM_HEAVY_TRAFFIC'},30,{7},5.0
2e69ee51,2e69ee50c,2020-11-02,19,{'JAM'},{'JAM_MODERATE_TRAFFIC'},33,{7},5.0
2e69ee51,2e69ee50c,2020-11-03,10,{'JAM'},{'JAM_MODERATE_TRAFFIC'},30,{7},5.0
2e69ee51,2e69ee50c,2020-11-05,13,{'JAM'},{'JAM_HEAVY_TRAFFIC'},30,{7},5.0
2e69ee51,2e69ee50c,2020-11-08,16,{'JAM'},{'JAM'},30,{7},5.0
2e69ee51,2e69ee50c,2020-11-11,18,{'JAM'},{'JAM_MODERATE_TRAFFIC'},53,{7},5.0
2e69ee51,2e69ee50c,2020-11-14,14,{'JAM'},{'JAM'},25,{7},5.0
2e69ee51,2e69ee50c,2020-11-21,16,{'JAM'},"{'JAM_STAND_STILL_TRAFFIC', 'JAM_HEAVY_TRAFFIC'}",59,{7},5.0
2e69ee53,2e69ee52c,2020-11-06,16,{'WEATHERHAZARD'},{'HAZARD_WEATHER'},32,{1},5.0
2e69ee57,2e69ee564,2020-10-02,15,{'WEATHERHAZARD'},{'HAZARD_ON_ROAD_CAR_STOPPED'},41,{7},7.097560975609756
2e69ee57,2e69ee564,2020-10-19,14,{'WEATHERHAZARD'},{'HAZARD_ON_ROAD_CAR_STOPPED'},31,{7},5.032258064516129
2e69ee57,2e69ee564,2020-11-14,14,{'JAM'},{'JAM'},23,{1},5.0
2e69ee57,2e69ee574,2020-09-02,15,{'WEATHERHAZARD'},{'HAZARD_ON_ROAD_CAR_STOPPED'},10,{7},5.0
2e69ee57,2e69ee574,2020-09-05,11,{'JAM'},{'JAM_STAND_STILL_TRAFFIC'},63,{7},5.523809523809524
2e69ee57,2e69ee574,2020-09-06,14,{'JAM'},{'JAM_STAND_STILL_TRAFFIC'},33,{7},6.909090909090909
2e69ee57,2e69ee574,2020-09-12,10,{'JAM'},{'JAM_HEAVY_TRAFFIC'},30,{7},5.0
2e69ee57,2e69ee574,2020-09-18,14,{'JAM'},{'JAM_MODERATE_TRAFFIC'},26,{7},5.0
2e69ee57,2e69ee574,2020-09-18,19,{'JAM'},{'JAM'},31,{20},5.0
2e69ee57,2e69ee574,2020-09-19,7,{'JAM'},{'JAM'},30,{7},5.0
2e69ee57,2e69ee574,2020-09-19,8,{'WEATHERHAZARD'},{'HAZARD_ON_ROAD_CAR_STOPPED'},31,{7},5.0
2e69ee57,2e69ee574,2020-09-19,10,{'JAM'},{'JAM_HEAVY_TRAFFIC'},28,{7},5.0
2e69ee57,2e69ee574,2020-09-19,11,{'JAM'},{'JAM_MODERATE_TRAFFIC'},5,{7},5.0
2e69ee57,2e69ee574,2020-09-19,19,{'WEATHERHAZARD'},{'HAZARD_ON_ROAD_CAR_STOPPED'},30,{7},6.0
2e69ee57,2e69ee574,2020-09-25,14,{'JAM'},{'JAM_HEAVY_TRAFFIC'},30,{7},5.0
2e69ee57,2e69ee574,2020-09-28,18,{'ACCIDENT'},{'ACCIDENT'},43,{7},6.465116279069767
2e69ee57,2e69ee574,2020-10-02,15,{'WEATHERHAZARD'},{'HAZARD_ON_ROAD_CAR_STOPPED'},31,{7},5.774193548387097
2e69ee57,2e69ee574,2020-10-02,17,{'JAM'},{'JAM'},70,{7},5.0
2e69ee57,2e69ee574,2020-10-06,18,{'JAM'},{'JAM_MODERATE_TRAFFIC'},32,{1},5.0
2e69ee57,2e69ee574,2020-10-09,14,{'JAM'},{'JAM_HEAVY_TRAFFIC'},17,{7},5.0
2e69ee57,2e69ee574,2020-10-09,16,{'JAM'},{'JAM'},30,{7},5.0
2e69ee57,2e69ee574,2020-10-11,20,{'JAM'},{'JAM_MODERATE_TRAFFIC'},12,{7},5.0
2e69ee57,2e69ee574,2020-10-12,9,{'JAM'},{'JAM_HEAVY_TRAFFIC'},31,{7},5.0
2e69ee57,2e69ee574,2020-10-12,13,{'WEATHERHAZARD'},{'HAZARD_ON_ROAD_CAR_STOPPED'},33,{7},5.0
2e69ee57,2e69ee574,2020-10-17,9,{'JAM'},"{'JAM_STAND_STILL_TRAFFIC', 'JAM_HEAVY_TRAFFIC'}",36,"{20, 7}",5.0
2e69ee57,2e69ee574,2020-10-19,13,{'JAM'},{'JAM_HEAVY_TRAFFIC'},31,{7},5.0
2e69ee57,2e69ee574,2020-10-20,10,{'JAM'},{'JAM_HEAVY_TRAFFIC'},31,{7},5.0
2e69ee57,2e69ee574,2020-10-20,13,{'JAM'},{'JAM_HEAVY_TRAFFIC'},30,{7},5.0
2e69ee57,2e69ee574,2020-10-23,17,{'JAM'},{'JAM_MODERATE_TRAFFIC'},7,{7},5.0
2e69ee57,2e69ee574,2020-10-24,12,{'JAM'},{'JAM_HEAVY_TRAFFIC'},31,{7},5.0
2e69ee57,2e69ee574,2020-10-25,16,{'JAM'},{'JAM'},5,{7},5.0
2e69ee57,2e69ee574,2020-11-01,15,{'JAM'},{'JAM'},21,{7},5.0
2e69ee57,2e69ee574,2020-11-02,10,{'JAM'},{'JAM_HEAVY_TRAFFIC'},31,{7},5.0
2e69ee57,2e69ee574,2020-11-02,11,{'JAM'},{'JAM_STAND_STILL_TRAFFIC'},31,{7},5.0
2e69ee57,2e69ee574,2020-11-07,11,{'JAM'},{'JAM_HEAVY_TRAFFIC'},32,{7},5.0
2e69ee57,2e69ee574,2020-11-07,12,{'JAM'},{'JAM_STAND_STILL_TRAFFIC'},30,{7},5.0
2e69ee57,2e69ee574,2020-11-07,14,{'JAM'},{'JAM_STAND_STILL_TRAFFIC'},30,{7},5.0
2e69ee57,2e69ee574,2020-11-08,16,{'JAM'},{'JAM'},55,{7},5.0
2e69ee57,2e69ee574,2020-11-09,8,{'JAM'},{'JAM_HEAVY_TRAFFIC'},29,{7},5.0
2e69ee57,2e69ee574,2020-11-12,7,{'JAM'},{'JAM_STAND_STILL_TRAFFIC'},30,{7},5.0
2e69ee57,2e69ee574,2020-11-14,10,{'JAM'},{'JAM_STAND_STILL_TRAFFIC'},32,{7},5.0
2e69ee57,2e69ee574,2020-11-14,11,{'JAM'},{'JAM_STAND_STILL_TRAFFIC'},30,{7},5.0
2e69ee57,2e69ee574,2020-11-14,14,{'JAM'},{'JAM'},23,{7},5.0
2e69ee57,2e69ee574,2020-11-16,8,{'JAM'},{'JAM_HEAVY_TRAFFIC'},30,{7},5.0
2e69ee57,2e69ee574,2020-11-16,10,{'JAM'},{'JAM_STAND_STILL_TRAFFIC'},24,{7},5.0
2e69ee57,2e69ee574,2020-11-17,8,{'JAM'},{'JAM_HEAVY_TRAFFIC'},43,{7},5.395348837209302
2e69ee57,2e69ee574,2020-11-22,13,{'JAM'},{'JAM_HEAVY_TRAFFIC'},9,{7},5.0
2e69ee57,2e69ee57c,2020-10-02,17,{'WEATHERHAZARD'},{'HAZARD_ON_ROAD_CAR_STOPPED'},32,{7},5.0
2e69ee57,2e69ee57c,2020-10-09,14,{'JAM'},{'JAM_HEAVY_TRAFFIC'},19,{7},5.0
2e69ee57,2e69ee57c,2020-10-11,16,{'JAM'},{'JAM_MODERATE_TRAFFIC'},5,{7},6.0
2e69ee57,2e69ee57c,2020-10-12,9,{'JAM'},{'JAM_HEAVY_TRAFFIC'},61,{7},5.0
2e69ee57,2e69ee57c,2020-10-26,7,{'JAM'},{'JAM_HEAVY_TRAFFIC'},34,{7},5.0
2e69ee57,2e69ee57c,2020-10-29,18,{'JAM'},{'JAM'},9,{7},5.0
2e69ee57,2e69ee57c,2020-10-30,14,{'JAM'},{'JAM'},13,{7},5.0
2e69ee57,2e69ee57c,2020-11-04,10,{'JAM'},{'JAM_HEAVY_TRAFFIC'},30,{7},5.0
2e69ee57,2e69ee57c,2020-11-07,11,{'JAM'},{'JAM_HEAVY_TRAFFIC'},30,{7},5.0
2e69ee57,2e69ee57c,2020-11-07,20,{'JAM'},{'JAM'},6,{7},5.0
2e69ee57,2e69ee57c,2020-11-08,16,{'JAM'},{'JAM'},9,{7},5.0
2e69ee57,2e69ee57c,2020-11-14,10,{'JAM'},{'JAM_STAND_STILL_TRAFFIC'},30,{7},5.0
2e69ee57,2e69ee57c,2020-11-17,17,{'JAM'},{'JAM_MODERATE_TRAFFIC'},13,{7},5.0
2e69ee57,2e69ee57c,2020-11-17,20,{'JAM'},{'JAM'},30,{22},5.0
2e69ee59,2e69ee584,2020-10-03,13,{'JAM'},{'JAM_MODERATE_TRAFFIC'},31,{1},5.0
2e69ee59,2e69ee584,2020-10-04,21,{'JAM'},{'JAM'},30,{1},5.0
2e69ee59,2e69ee58c,2020-10-17,11,{'JAM'},{'JAM_STAND_STILL_TRAFFIC'},30,{1},5.0
2e69ee59,2e69ee58c,2020-11-10,17,{'JAM'},{'JAM_HEAVY_TRAFFIC'},31,{1},5.0
2e69ee59,2e69ee58c,2020-11-17,17,{'JAM'},{'JAM_STAND_STILL_TRAFFIC'},21,{1},5.0
2e69ee5b,2e69ee5a4,2020-09-03,8,{'JAM'},{'JAM_HEAVY_TRAFFIC'},6,{7},5.0
2e69ee5b,2e69ee5a4,2020-09-18,19,{'JAM'},{'JAM'},32,{7},5.0
2e69ee5b,2e69ee5a4,2020-10-02,17,{'JAM'},{'JAM_STAND_STILL_TRAFFIC'},31,{2},5.0
2e69ee5b,2e69ee5a4,2020-10-03,16,{'JAM'},{'JAM_STAND_STILL_TRAFFIC'},30,{2},5.0
2e69ee5b,2e69ee5a4,2020-10-09,14,{'JAM'},{'JAM_STAND_STILL_TRAFFIC'},29,{2},5.931034482758621
2e69ee5b,2e69ee5a4,2020-10-11,15,{'JAM'},{'JAM_MODERATE_TRAFFIC'},8,{7},5.0
2e69ee5b,2e69ee5a4,2020-10-22,19,{'JAM'},{'JAM_STAND_STILL_TRAFFIC'},32,{7},5.0
2e69ee5b,2e69ee5a4,2020-10-23,17,{'JAM'},{'JAM'},31,{7},5.0
2e69ee5b,2e69ee5a4,2020-10-27,10,{'JAM'},{'JAM_HEAVY_TRAFFIC'},7,{7},5.0
2e69ee5b,2e69ee5a4,2020-10-30,15,{'JAM'},{'JAM'},6,{7},5.0
2e69ee5b,2e69ee5a4,2020-11-03,12,{'JAM'},{'JAM_MODERATE_TRAFFIC'},30,{2},5.0
2e69ee5b,2e69ee5a4,2020-11-07,12,{'JAM'},{'JAM_STAND_STILL_TRAFFIC'},30,{2},5.0
2e69ee5b,2e69ee5a4,2020-11-11,18,{'JAM'},{'JAM_STAND_STILL_TRAFFIC'},30,{7},5.7
2e69ee5b,2e69ee5ac,2020-09-01,16,{'JAM'},{'JAM_HEAVY_TRAFFIC'},31,{7},5.0
2e69ee5b,2e69ee5ac,2020-09-01,17,{'JAM'},{'JAM'},31,{7},5.0
2e69ee5b,2e69ee5ac,2020-09-01,18,"{'JAM', 'WEATHERHAZARD'}","{'JAM', 'HAZARD_ON_ROAD_CAR_STOPPED'}",126,"{1, 7}",5.0
2e69ee5b,2e69ee5ac,2020-09-02,15,{'JAM'},{'JAM'},33,{7},5.0
2e69ee5b,2e69ee5ac,2020-09-07,17,{'JAM'},{'JAM'},11,{2},5.0
2e69ee5b,2e69ee5ac,2020-09-07,18,{'JAM'},"{'JAM_STAND_STILL_TRAFFIC', 'JAM_MODERATE_TRAFFIC', 'JAM_HEAVY_TRAFFIC'}",97,{7},5.0
2e69ee5b,2e69ee5ac,2020-09-10,18,{'JAM'},{'JAM'},31,{7},5.0
2e69ee5b,2e69ee5ac,2020-09-11,10,{'JAM'},{'JAM_STAND_STILL_TRAFFIC'},30,{7},5.0
2e69ee5b,2e69ee5ac,2020-09-12,13,{'JAM'},{'JAM_STAND_STILL_TRAFFIC'},32,{7},5.0
2e69ee5b,2e69ee5ac,2020-09-13,11,{'JAM'},{'JAM'},23,{7},5.0
2e69ee5b,2e69ee5ac,2020-09-16,17,{'JAM'},{'JAM_HEAVY_TRAFFIC'},32,{7},5.0
2e69ee5b,2e69ee5ac,2020-09-19,8,{'WEATHERHAZARD'},{'HAZARD_ON_ROAD_CAR_STOPPED'},31,{7},5.0
2e69ee5b,2e69ee5ac,2020-09-21,17,{'JAM'},{'JAM_MODERATE_TRAFFIC'},31,{7},5.0
2e69ee5b,2e69ee5ac,2020-09-25,15,{'JAM'},{'JAM_HEAVY_TRAFFIC'},5,{7},5.0
2e69ee5b,2e69ee5ac,2020-09-25,17,{'JAM'},{'JAM_STAND_STILL_TRAFFIC'},32,{7},5.0
2e69ee5b,2e69ee5ac,2020-09-26,10,{'JAM'},{'JAM_HEAVY_TRAFFIC'},30,{7},5.0
2e69ee5b,2e69ee5ac,2020-09-26,15,{'JAM'},{'JAM_MODERATE_TRAFFIC'},5,{7},5.0
2e69ee5b,2e69ee5ac,2020-09-27,16,{'JAM'},{'JAM_STAND_STILL_TRAFFIC'},29,{7},5.0
2e69ee5b,2e69ee5ac,2020-09-28,11,{'JAM'},{'JAM_STAND_STILL_TRAFFIC'},7,{7},5.0
2e69ee5b,2e69ee5ac,2020-10-02,16,{'JAM'},{'JAM_HEAVY_TRAFFIC'},40,{7},5.425
2e69ee5b,2e69ee5ac,2020-10-02,17,{'JAM'},"{'JAM', 'JAM_HEAVY_TRAFFIC'}",63,{7},5.0
2e69ee5b,2e69ee5ac,2020-10-05,13,{'JAM'},{'JAM_HEAVY_TRAFFIC'},29,{7},5.0
2e69ee5b,2e69ee5ac,2020-10-05,17,{'JAM'},{'JAM_HEAVY_TRAFFIC'},34,{7},5.705882352941177
2e69ee5b,2e69ee5ac,2020-10-05,19,{'JAM'},{'JAM_STAND_STILL_TRAFFIC'},31,{7},5.0
2e69ee5b,2e69ee5ac,2020-10-07,17,{'JAM'},{'JAM_HEAVY_TRAFFIC'},49,{7},5.714285714285714
2e69ee5b,2e69ee5ac,2020-10-09,16,{'JAM'},"{'JAM', 'JAM_HEAVY_TRAFFIC'}",62,{7},5.0
2e69ee5b,2e69ee5ac,2020-10-09,17,{'JAM'},"{'JAM', 'JAM_HEAVY_TRAFFIC'}",37,{7},5.0
2e69ee5b,2e69ee5ac,2020-10-10,15,{'JAM'},{'JAM_HEAVY_TRAFFIC'},31,{7},5.0
2e69ee5b,2e69ee5ac,2020-10-12,13,{'JAM'},{'JAM'},30,{7},5.0
2e69ee5b,2e69ee5ac,2020-10-13,10,{'WEATHERHAZARD'},{'HAZARD_ON_ROAD_ROAD_KILL'},31,{7},5.0
2e69ee5b,2e69ee5ac,2020-10-13,18,{'JAM'},{'JAM_STAND_STILL_TRAFFIC'},31,{7},5.0
2e69ee5b,2e69ee5ac,2020-10-16,17,{'JAM'},{'JAM'},32,{7},5.0
2e69ee5b,2e69ee5ac,2020-10-16,20,{'JAM'},{'JAM_STAND_STILL_TRAFFIC'},8,{7},5.0
2e69ee5b,2e69ee5ac,2020-10-20,19,{'JAM'},{'JAM_STAND_STILL_TRAFFIC'},34,{7},5.0
2e69ee5b,2e69ee5ac,2020-10-23,16,{'JAM'},{'JAM_STAND_STILL_TRAFFIC'},29,{7},6.0
2e69ee5b,2e69ee5ac,2020-10-23,18,{'JAM'},{'JAM_HEAVY_TRAFFIC'},28,{7},5.928571428571429
2e69ee5b,2e69ee5ac,2020-10-25,16,{'JAM'},"{'JAM', 'JAM_MODERATE_TRAFFIC'}",38,{7},5.0
2e69ee5b,2e69ee5ac,2020-10-30,14,{'JAM'},"{'JAM', 'JAM_HEAVY_TRAFFIC'}",111,{7},5.0
2e69ee5b,2e69ee5ac,2020-10-30,15,{'JAM'},{'JAM'},30,{7},5.0
2e69ee5b,2e69ee5ac,2020-11-01,15,{'JAM'},{'JAM'},32,{7},5.96875
2e69ee5b,2e69ee5ac,2020-11-02,19,{'JAM'},{'JAM_MODERATE_TRAFFIC'},31,{7},5.0
2e69ee5b,2e69ee5ac,2020-11-08,16,{'JAM'},{'JAM'},59,{7},5.4576271186440675
2e69ee5b,2e69ee5ac,2020-11-10,16,{'JAM'},{'JAM_HEAVY_TRAFFIC'},31,{7},5.0
2e69ee5b,2e69ee5ac,2020-11-10,17,{'JAM'},{'JAM_STAND_STILL_TRAFFIC'},32,{7},5.0
2e69ee5b,2e69ee5ac,2020-11-11,18,{'JAM'},{'JAM_STAND_STILL_TRAFFIC'},32,{7},6.90625
2e69ee5b,2e69ee5ac,2020-11-14,14,{'JAM'},{'JAM'},26,"{2, 7}",5.0
2e69ee5b,2e69ee5ac,2020-11-15,10,{'JAM'},{'JAM_MODERATE_TRAFFIC'},15,{7},5.0
2e69ee5b,2e69ee5ac,2020-11-15,16,{'JAM'},{'JAM_HEAVY_TRAFFIC'},31,{7},5.0
2e69ee5b,2e69ee5b4,2020-11-07,21,{'ACCIDENT'},{'ACCIDENT'},121,{1},5.0
2e69ee5b,2e69ee5b4,2020-11-17,16,{'JAM'},{'JAM'},31,{1},5.0
2e69ee5b,2e69ee5bc,2020-09-05,9,{'JAM'},{'JAM_HEAVY_TRAFFIC'},28,{2},5.0
2e69ee5b,2e69ee5bc,2020-09-05,10,{'JAM'},{'JAM_STAND_STILL_TRAFFIC'},30,{2},5.966666666666667
2e69ee5b,2e69ee5bc,2020-09-06,14,{'JAM'},{'JAM_STAND_STILL_TRAFFIC'},30,{2},6.0
2e69ee5b,2e69ee5bc,2020-09-11,22,{'JAM'},{'JAM_STAND_STILL_TRAFFIC'},10,{2},5.0
2e69ee5b,2e69ee5bc,2020-10-02,16,{'JAM'},{'JAM_STAND_STILL_TRAFFIC'},31,{2},5.0
2e69ee5b,2e69ee5bc,2020-10-20,10,{'JAM'},{'JAM_HEAVY_TRAFFIC'},5,{2},5.0
2e69ee5b,2e69ee5bc,2020-10-29,18,{'JAM'},{'JAM'},31,{2},5.0
2e69ee5b,2e69ee5bc,2020-11-03,17,{'JAM'},{'JAM_HEAVY_TRAFFIC'},31,{2},5.0
2e69ee5b,2e69ee5bc,2020-11-05,16,{'JAM'},{'JAM_STAND_STILL_TRAFFIC'},32,{2},5.0
2e69ee5d,2e69ee5c4,2020-10-11,18,{'ACCIDENT'},{'ACCIDENT'},121,{1},5.0
2e69ee5d,2e69ee5cc,2020-10-18,11,"{'JAM', 'WEATHERHAZARD', 'ACCIDENT'}","{'JAM', 'WEATHERHAZARD', 'ACCIDENT'}",216,{1},5.0
2e69ee5d,2e69ee5cc,2020-10-19,8,"{'JAM', 'ACCIDENT'}","{'JAM', 'ACCIDENT'}",150,{1},6.253333333333333
2e69ee5d,2e69ee5cc,2020-10-24,13,"{'JAM', 'WEATHERHAZARD', 'ACCIDENT'}","{'JAM', 'WEATHERHAZARD', 'ACCIDENT'}",180,{1},5.0
2e69ee5d,2e69ee5cc,2020-10-25,10,"{'JAM', 'ACCIDENT'}","{'JAM', 'ACCIDENT'}",186,{1},5.0
2e69ee5d,2e69ee5cc,2020-10-31,6,"{'JAM', 'ACCIDENT'}","{'JAM', 'ACCIDENT'}",154,{1},5.0
2e69ee5d,2e69ee5cc,2020-11-12,10,"{'JAM', 'ACCIDENT'}","{'JAM', 'ACCIDENT'}",153,{1},5.0
2e69ee5f,2e69ee5e4,2020-10-08,14,{'JAM'},{'JAM_STAND_STILL_TRAFFIC'},5,{2},5.0
2e69ee5f,2e69ee5ec,2020-09-15,18,{'JAM'},{'JAM_HEAVY_TRAFFIC'},30,{2},5.0
2e69ee5f,2e69ee5ec,2020-10-08,14,{'JAM'},{'JAM_STAND_STILL_TRAFFIC'},30,{2},5.0
2e69ee5f,2e69ee5ec,2020-10-16,18,{'JAM'},{'JAM_MODERATE_TRAFFIC'},28,{1},5.0
2e69ee5f,2e69ee5f4,2020-10-03,15,{'JAM'},{'JAM_STAND_STILL_TRAFFIC'},30,{1},5.0
2e69ee5f,2e69ee5f4,2020-10-03,16,{'JAM'},{'JAM_HEAVY_TRAFFIC'},6,{1},5.0
2e69ee5f,2e69ee5f4,2020-11-15,13,{'JAM'},{'JAM_MODERATE_TRAFFIC'},25,{8},5.0
2e69ee5f,2e69ee5fc,2020-09-07,17,"{'JAM', 'WEATHERHAZARD'}","{'JAM', 'HAZARD_ON_ROAD_CAR_STOPPED'}",48,{2},5.375
2e69ee5f,2e69ee5fc,2020-09-27,10,"{'JAM', 'ACCIDENT'}","{'JAM', 'ACCIDENT'}",38,{2},5.7105263157894735
2e69ee5f,2e69ee5fc,2020-10-06,16,{'WEATHERHAZARD'},{'WEATHERHAZARD'},31,{2},5.0
2e69ee5f,2e69ee5fc,2020-10-07,14,{'JAM'},{'JAM'},7,{2},5.0
2e69ee5f,2e69ee5fc,2020-10-16,19,{'JAM'},{'JAM_MODERATE_TRAFFIC'},30,{2},5.0
2e69ee5f,2e69ee5fc,2020-10-17,14,{'WEATHERHAZARD'},{'HAZARD_ON_ROAD_CAR_STOPPED'},31,{2},5.0
2e69ee5f,2e69ee5fc,2020-10-27,16,{'JAM'},{'JAM_HEAVY_TRAFFIC'},50,{2},5.4
2e69ee5f,2e69ee5fc,2020-10-29,18,{'JAM'},{'JAM'},6,{2},5.0
2e69ee5f,2e69ee5fc,2020-11-01,15,{'JAM'},{'JAM_STAND_STILL_TRAFFIC'},31,{2},5.935483870967742
2e69ee5f,2e69ee5fc,2020-11-04,14,{'JAM'},{'JAM_STAND_STILL_TRAFFIC'},6,{2},5.0
2e69ee5f,2e69ee5fc,2020-11-07,20,{'JAM'},{'JAM'},29,{2},5.0
2e69ee5f,2e69ee5fc,2020-11-11,17,{'JAM'},{'JAM_MODERATE_TRAFFIC'},31,{2},5.0
2e69ee5f,2e69ee5fc,2020-11-11,18,{'JAM'},{'JAM_MODERATE_TRAFFIC'},34,{2},5.0
2e69ee5f,2e69ee5fc,2020-11-14,14,{'WEATHERHAZARD'},{'HAZARD_ON_ROAD_CAR_STOPPED'},30,{2},5.0
2e69ee5f,2e69ee5fc,2020-11-17,14,{'JAM'},{'JAM_MODERATE_TRAFFIC'},32,{1},5.0
2e69ee61,2e69ee604,2020-09-03,17,{'JAM'},{'JAM_HEAVY_TRAFFIC'},31,{2},5.0
2e69ee61,2e69ee604,2020-09-07,17,{'JAM'},"{'JAM', 'JAM_MODERATE_TRAFFIC'}",62,{2},5.0
2e69ee61,2e69ee604,2020-10-10,10,{'JAM'},{'JAM_STAND_STILL_TRAFFIC'},24,{2},5.0
2e69ee61,2e69ee604,2020-10-13,18,{'JAM'},{'JAM_HEAVY_TRAFFIC'},7,{2},5.0
2e69ee61,2e69ee604,2020-10-20,9,{'JAM'},{'JAM_STAND_STILL_TRAFFIC'},48,{2},5.895833333333333
2e69ee61,2e69ee604,2020-10-20,10,{'JAM'},{'JAM'},38,{2},5.0
2e69ee61,2e69ee604,2020-10-21,8,{'JAM'},{'JAM_STAND_STILL_TRAFFIC'},10,{2},5.0
2e69ee61,2e69ee604,2020-10-21,18,{'JAM'},{'JAM_STAND_STILL_TRAFFIC'},31,{2},5.0
2e69ee61,2e69ee604,2020-10-21,19,{'JAM'},{'JAM_HEAVY_TRAFFIC'},32,{2},5.0
2e69ee61,2e69ee604,2020-10-24,14,{'JAM'},{'JAM_HEAVY_TRAFFIC'},16,{2},5.0
2e69ee61,2e69ee604,2020-10-27,10,{'JAM'},{'JAM_MODERATE_TRAFFIC'},31,{2},5.0
2e69ee61,2e69ee604,2020-10-27,11,{'WEATHERHAZARD'},{'HAZARD_ON_ROAD_CONSTRUCTION'},220,{2},6.390909090909091
2e69ee61,2e69ee604,2020-10-28,15,{'JAM'},"{'JAM_STAND_STILL_TRAFFIC', 'JAM_HEAVY_TRAFFIC'}",54,{2},5.462962962962963
2e69ee61,2e69ee604,2020-10-30,16,{'JAM'},{'JAM_STAND_STILL_TRAFFIC'},36,{2},5.0
2e69ee61,2e69ee604,2020-10-31,13,{'WEATHERHAZARD'},{'HAZARD_ON_ROAD_CONSTRUCTION'},116,{2},8.275862068965518
2e69ee61,2e69ee604,2020-10-31,16,{'JAM'},{'JAM_MODERATE_TRAFFIC'},30,{2},5.0
2e69ee61,2e69ee604,2020-11-01,16,{'JAM'},{'JAM_STAND_STILL_TRAFFIC'},53,{2},5.0
2e69ee61,2e69ee604,2020-11-01,18,{'JAM'},{'JAM_MODERATE_TRAFFIC'},32,{2},5.0
2e69ee61,2e69ee604,2020-11-01,19,{'WEATHERHAZARD'},{'HAZARD_ON_ROAD_CAR_STOPPED'},23,{2},5.565217391304348
2e69ee61,2e69ee604,2020-11-02,17,{'JAM'},{'JAM_MODERATE_TRAFFIC'},33,{2},5.0
2e69ee61,2e69ee604,2020-11-02,18,{'JAM'},"{'JAM_STAND_STILL_TRAFFIC', 'JAM_HEAVY_TRAFFIC'}",42,{2},5.0
2e69ee61,2e69ee604,2020-11-03,10,{'WEATHERHAZARD'},{'HAZARD_ON_SHOULDER_CAR_STOPPED'},30,{2},5.0
2e69ee61,2e69ee604,2020-11-04,14,{'JAM'},{'JAM_STAND_STILL_TRAFFIC'},63,{2},5.317460317460317
2e69ee61,2e69ee604,2020-11-04,18,{'JAM'},{'JAM_MODERATE_TRAFFIC'},36,{2},5.0
2e69ee61,2e69ee604,2020-11-09,9,{'JAM'},{'JAM_STAND_STILL_TRAFFIC'},30,{2},5.0
2e69ee61,2e69ee604,2020-11-11,8,"{'JAM', 'WEATHERHAZARD'}","{'HAZARD_ON_SHOULDER_CAR_STOPPED', 'JAM_HEAVY_TRAFFIC'}",35,{2},5.0
2e69ee61,2e69ee604,2020-11-11,11,"{'JAM', 'WEATHERHAZARD'}","{'JAM_STAND_STILL_TRAFFIC', 'HAZARD_ON_ROAD_CONSTRUCTION'}",250,{2},7.676
2e69ee61,2e69ee604,2020-11-11,18,{'JAM'},{'JAM_STAND_STILL_TRAFFIC'},33,{2},5.0
2e69ee61,2e69ee604,2020-11-14,15,{'WEATHERHAZARD'},{'HAZARD_ON_ROAD_CAR_STOPPED'},65,{2},5.0
2e69ee61,2e69ee604,2020-11-22,20,{'JAM'},{'JAM_MODERATE_TRAFFIC'},32,{2},5.0
2e69ee61,2e69ee61c,2020-10-10,11,{'JAM'},{'JAM_STAND_STILL_TRAFFIC'},32,{2},5.0
2e69ee61,2e69ee61c,2020-10-20,11,{'JAM'},{'JAM_STAND_STILL_TRAFFIC'},32,{1},5.0
2e69ee61,2e69ee61c,2020-11-01,15,{'JAM'},{'JAM_STAND_STILL_TRAFFIC'},28,{2},5.964285714285714
2e69ee61,2e69ee61c,2020-11-02,20,{'JAM'},{'JAM_STAND_STILL_TRAFFIC'},30,{2},5.0
2e69ee61,2e69ee61c,2020-11-06,17,{'JAM'},{'JAM_HEAVY_TRAFFIC'},13,{2},5.0
2e69ee61,2e69ee61c,2020-11-07,11,{'JAM'},{'JAM'},31,{1},5.0
2e69ee61,2e69ee61c,2020-11-11,17,{'JAM'},{'JAM_STAND_STILL_TRAFFIC'},31,{2},5.0
2e69ee65,2e69ee65c,2020-09-24,10,{'WEATHERHAZARD'},{'WEATHERHAZARD'},32,{22},5.0
2e69ee67,2e69ee664,2020-09-15,17,{'JAM'},{'JAM'},22,{2},5.0
2e69ee67,2e69ee664,2020-10-05,17,{'JAM'},{'JAM_HEAVY_TRAFFIC'},83,{2},5.409638554216867
2e69ee67,2e69ee664,2020-10-20,8,{'JAM'},{'JAM_STAND_STILL_TRAFFIC'},31,{2},5.0
2e69ee67,2e69ee664,2020-10-21,8,{'JAM'},{'JAM_STAND_STILL_TRAFFIC'},27,{2},5.0
2e69ee67,2e69ee664,2020-10-27,8,{'JAM'},{'JAM_STAND_STILL_TRAFFIC'},30,{2},5.0
2e69ee67,2e69ee664,2020-11-02,18,{'JAM'},{'JAM_HEAVY_TRAFFIC'},31,{2},5.0
2e69ee67,2e69ee664,2020-11-03,16,{'JAM'},{'JAM_STAND_STILL_TRAFFIC'},33,{2},5.0
2e69ee67,2e69ee664,2020-11-03,17,{'JAM'},{'JAM_STAND_STILL_TRAFFIC'},16,{2},5.0
2e69ee67,2e69ee664,2020-11-04,8,{'JAM'},"{'JAM_STAND_STILL_TRAFFIC', 'JAM_HEAVY_TRAFFIC'}",61,{2},5.0
2e69ee67,2e69ee664,2020-11-05,18,{'JAM'},{'JAM_STAND_STILL_TRAFFIC'},31,{2},5.0
2e69ee67,2e69ee664,2020-11-10,8,{'JAM'},{'JAM_STAND_STILL_TRAFFIC'},32,{2},5.9375
2e69ee67,2e69ee664,2020-11-17,18,{'JAM'},{'JAM_HEAVY_TRAFFIC'},29,{2},5.0
2e69ee67,2e69ee674,2020-09-21,16,{'JAM'},{'JAM_HEAVY_TRAFFIC'},32,{2},5.0
2e69ee67,2e69ee674,2020-09-27,19,{'JAM'},{'JAM'},30,{2},5.0
2e69ee67,2e69ee674,2020-11-05,9,{'JAM'},{'JAM_STAND_STILL_TRAFFIC'},30,{2},5.0
2e69ee67,2e69ee674,2020-11-05,13,{'JAM'},{'JAM_HEAVY_TRAFFIC'},31,{2},5.709677419354839
2e69ee67,2e69ee67c,2020-09-15,17,{'JAM'},{'JAM_HEAVY_TRAFFIC'},17,{2},5.0
2e69ee67,2e69ee67c,2020-10-05,17,{'JAM'},{'JAM_HEAVY_TRAFFIC'},12,{2},5.0
2e69ee67,2e69ee67c,2020-10-08,18,{'JAM'},{'JAM_HEAVY_TRAFFIC'},30,{2},5.0
2e69ee67,2e69ee67c,2020-11-02,17,{'JAM'},{'JAM_STAND_STILL_TRAFFIC'},31,{2},5.0
2e69ee69,2e69ee684,2020-11-05,17,{'JAM'},{'JAM_STAND_STILL_TRAFFIC'},62,{2},7.403225806451613
2e69ee69,2e69ee68c,2020-09-11,17,{'JAM'},{'JAM_STAND_STILL_TRAFFIC'},48,{2},5.0
2e69ee69,2e69ee68c,2020-10-13,17,{'JAM'},{'JAM_HEAVY_TRAFFIC'},31,{2},5.0
2e69ee69,2e69ee68c,2020-10-14,10,{'JAM'},{'JAM_STAND_STILL_TRAFFIC'},14,{2},5.0
2e69ee69,2e69ee68c,2020-11-02,18,{'JAM'},{'JAM_STAND_STILL_TRAFFIC'},33,{2},5.0
2e69ee69,2e69ee68c,2020-11-05,16,{'JAM'},"{'JAM_STAND_STILL_TRAFFIC', 'JAM_HEAVY_TRAFFIC'}",64,{2},5.0
2e69ee69,2e69ee68c,2020-11-05,18,{'JAM'},{'JAM_STAND_STILL_TRAFFIC'},63,{2},6.444444444444445
2e69ee69,2e69ee68c,2020-11-13,17,{'JAM'},{'JAM_STAND_STILL_TRAFFIC'},62,{2},5.0
2e69ee69,2e69ee68c,2020-11-14,17,{'JAM'},{'JAM_MODERATE_TRAFFIC'},9,{2},5.0
2e69ee69,2e69ee68c,2020-11-16,17,{'JAM'},{'JAM_HEAVY_TRAFFIC'},20,{2},5.0
2e69ee69,2e69ee68c,2020-11-21,19,{'JAM'},{'JAM_HEAVY_TRAFFIC'},33,{2},5.0
2e69ee69,2e69ee694,2020-09-05,15,{'JAM'},{'JAM_MODERATE_TRAFFIC'},6,{1},5.0
2e69ee69,2e69ee694,2020-10-01,13,{'JAM'},{'JAM'},31,{17},5.0
2e69ee69,2e69ee69c,2020-11-05,17,{'JAM'},{'JAM_STAND_STILL_TRAFFIC'},39,{2},7.358974358974359
2e69ee6b,2e69ee6ac,2020-11-22,0,{'JAM'},{'JAM_MODERATE_TRAFFIC'},30,{2},5.0
2e69ee6b,2e69ee6bc,2020-10-26,7,{'JAM'},{'JAM'},31,{1},5.0
2e69ee6f,2e69ee6f4,2020-11-18,17,{'JAM'},{'JAM_STAND_STILL_TRAFFIC'},6,{1},5.0
2e69ee8b,2e69ee8a4,2020-09-08,16,{'WEATHERHAZARD'},{'HAZARD_ON_SHOULDER_CAR_STOPPED'},32,{2},5.0
2e69ee8b,2e69ee8a4,2020-09-11,15,{'WEATHERHAZARD'},{'HAZARD_ON_ROAD_CONSTRUCTION'},132,{2},6.4772727272727275
2e69ee8b,2e69ee8a4,2020-09-28,11,{'WEATHERHAZARD'},{'HAZARD_WEATHER_FLOOD'},48,{4},6.1875
2e69ee8b,2e69ee8a4,2020-10-21,18,{'JAM'},{'JAM_STAND_STILL_TRAFFIC'},79,"{2, 4}",5.506329113924051
2e69ee8b,2e69ee8a4,2020-10-23,17,{'JAM'},{'JAM_STAND_STILL_TRAFFIC'},31,{2},5.0
2e69ee8b,2e69ee8a4,2020-10-24,14,{'JAM'},{'JAM_STAND_STILL_TRAFFIC'},30,{2},5.9
2e69ee8b,2e69ee8a4,2020-10-26,17,{'JAM'},{'JAM_STAND_STILL_TRAFFIC'},10,{2},5.0
2e69ee8b,2e69ee8a4,2020-10-30,15,{'JAM'},{'JAM'},32,{17},5.0
2e69ee8b,2e69ee8a4,2020-10-31,16,{'JAM'},{'JAM_MODERATE_TRAFFIC'},28,{2},5.0
2e69ee8b,2e69ee8a4,2020-11-01,15,{'JAM'},{'JAM_STAND_STILL_TRAFFIC'},16,{2},5.0
2e69ee8b,2e69ee8a4,2020-11-01,19,{'JAM'},{'JAM_STAND_STILL_TRAFFIC'},31,{2},5.0
2e69ee8b,2e69ee8a4,2020-11-02,20,{'JAM'},{'JAM_STAND_STILL_TRAFFIC'},35,{2},6.4
2e69ee8b,2e69ee8a4,2020-11-12,17,{'JAM'},"{'JAM_STAND_STILL_TRAFFIC', 'JAM_HEAVY_TRAFFIC'}",48,{4},5.770833333333333
2e69ee8b,2e69ee8a4,2020-11-14,15,"{'JAM', 'WEATHERHAZARD'}","{'JAM_STAND_STILL_TRAFFIC', 'HAZARD_ON_ROAD_CONSTRUCTION'}",76,{2},5.131578947368421
2e69ee8b,2e69ee8a4,2020-11-15,13,{'JAM'},{'JAM_HEAVY_TRAFFIC'},32,{2},5.78125
2e69ee8b,2e69ee8a4,2020-11-15,17,{'WEATHERHAZARD'},{'HAZARD_ON_ROAD_CONSTRUCTION'},97,{2},5.948453608247423
2e69ee8b,2e69ee8ac,2020-09-03,17,{'JAM'},{'JAM_MODERATE_TRAFFIC'},52,{2},5.0
2e69ee8b,2e69ee8ac,2020-09-07,17,{'WEATHERHAZARD'},{'HAZARD_ON_ROAD_CAR_STOPPED'},17,{2},5.176470588235294
2e69ee8b,2e69ee8ac,2020-09-08,16,{'JAM'},{'JAM_STAND_STILL_TRAFFIC'},28,{2},5.0
2e69ee8b,2e69ee8ac,2020-09-09,16,{'JAM'},{'JAM_HEAVY_TRAFFIC'},31,{2},5.0
2e69ee8b,2e69ee8ac,2020-09-10,18,{'JAM'},{'JAM_HEAVY_TRAFFIC'},24,{2},5.0
2e69ee8b,2e69ee8ac,2020-09-23,19,{'JAM'},{'JAM_STAND_STILL_TRAFFIC'},15,{2},5.0
2e69ee8b,2e69ee8ac,2020-10-04,16,{'JAM'},{'JAM_HEAVY_TRAFFIC'},31,{2},5.0
2e69ee8b,2e69ee8ac,2020-10-05,17,{'JAM'},{'JAM_MODERATE_TRAFFIC'},27,{2},5.0
2e69ee8b,2e69ee8ac,2020-10-05,19,{'JAM'},{'JAM_STAND_STILL_TRAFFIC'},13,{2},5.0
2e69ee8b,2e69ee8ac,2020-10-08,16,{'JAM'},{'JAM_STAND_STILL_TRAFFIC'},31,{17},5.0
2e69ee8b,2e69ee8ac,2020-10-08,21,{'JAM'},{'JAM_STAND_STILL_TRAFFIC'},20,{2},5.0
2e69ee8b,2e69ee8ac,2020-10-10,11,{'JAM'},{'JAM_STAND_STILL_TRAFFIC'},31,{2},5.0
2e69ee8b,2e69ee8ac,2020-10-13,17,{'JAM'},{'JAM_STAND_STILL_TRAFFIC'},22,{2},5.0
2e69ee8b,2e69ee8ac,2020-10-20,15,"{'JAM', 'WEATHERHAZARD'}","{'JAM_STAND_STILL_TRAFFIC', 'HAZARD_ON_ROAD_CONSTRUCTION'}",162,{2},6.561728395061729
2e69ee8b,2e69ee8ac,2020-10-21,17,{'JAM'},{'JAM_HEAVY_TRAFFIC'},6,{2},5.0
2e69ee8b,2e69ee8ac,2020-10-21,18,{'JAM'},{'JAM_HEAVY_TRAFFIC'},31,{2},5.0
2e69ee8b,2e69ee8ac,2020-10-26,17,{'JAM'},{'JAM_STAND_STILL_TRAFFIC'},90,"{1, 2}",5.266666666666667
2e69ee8b,2e69ee8ac,2020-10-26,19,{'JAM'},{'JAM_HEAVY_TRAFFIC'},30,{2},5.0
2e69ee8b,2e69ee8ac,2020-10-31,14,{'JAM'},"{'JAM_STAND_STILL_TRAFFIC', 'JAM_HEAVY_TRAFFIC'}",43,"{1, 2}",6.232558139534884
2e69ee8b,2e69ee8ac,2020-11-01,15,{'JAM'},{'JAM_STAND_STILL_TRAFFIC'},27,{2},5.0
2e69ee8b,2e69ee8ac,2020-11-01,18,{'JAM'},{'JAM_STAND_STILL_TRAFFIC'},31,{2},5.0
2e69ee8b,2e69ee8ac,2020-11-02,20,{'JAM'},{'JAM_STAND_STILL_TRAFFIC'},33,{2},5.0
2e69ee8b,2e69ee8ac,2020-11-04,9,{'JAM'},{'JAM_STAND_STILL_TRAFFIC'},33,{2},5.0
2e69ee8b,2e69ee8ac,2020-11-04,14,{'JAM'},{'JAM_STAND_STILL_TRAFFIC'},37,{2},5.0
2e69ee8b,2e69ee8ac,2020-11-04,15,{'WEATHERHAZARD'},{'HAZARD_ON_SHOULDER_CAR_STOPPED'},40,{2},6.3
2e69ee8b,2e69ee8ac,2020-11-09,13,{'JAM'},{'JAM_HEAVY_TRAFFIC'},14,{2},5.0
2e69ee8b,2e69ee8ac,2020-11-11,17,{'JAM'},"{'JAM_STAND_STILL_TRAFFIC', 'JAM_HEAVY_TRAFFIC'}",52,{2},5.0
2e69ee8b,2e69ee8ac,2020-11-12,17,{'JAM'},{'JAM_STAND_STILL_TRAFFIC'},32,{2},5.0
2e69ee8b,2e69ee8ac,2020-11-17,17,{'JAM'},{'JAM_HEAVY_TRAFFIC'},9,{2},5.0
2e69ee8b,2e69ee8ac,2020-11-22,20,{'JAM'},{'JAM_HEAVY_TRAFFIC'},22,{2},5.0
2e69ee8b,2e69ee8bc,2020-09-08,16,{'JAM'},{'JAM_STAND_STILL_TRAFFIC'},20,{2},5.0
2e69ee8b,2e69ee8bc,2020-10-26,17,{'JAM'},{'JAM_STAND_STILL_TRAFFIC'},11,{2},5.0
2e69ee8b,2e69ee8bc,2020-10-31,14,{'JAM'},{'JAM_HEAVY_TRAFFIC'},5,{2},5.0
2e69ee8b,2e69ee8bc,2020-11-01,18,{'JAM'},{'JAM_STAND_STILL_TRAFFIC'},8,{2},5.625
2e69ee8b,2e69ee8bc,2020-11-04,14,{'JAM'},{'JAM_STAND_STILL_TRAFFIC'},36,{2},5.0
2e69ee8b,2e69ee8bc,2020-11-12,17,{'JAM'},{'JAM_MODERATE_TRAFFIC'},33,{4},5.0
2e69ee9f,2e69ee9fc,2020-10-11,15,{'JAM'},{'JAM'},30,{8},5.966666666666667
2e69eea1,2e69eea0c,2020-10-19,16,{'WEATHERHAZARD'},{'HAZARD_ON_SHOULDER_CAR_STOPPED'},31,{2},6.258064516129032
2e69eea3,2e69eea34,2020-09-02,17,{'JAM'},{'JAM_STAND_STILL_TRAFFIC'},32,{2},5.0
2e69eea3,2e69eea34,2020-10-03,12,{'JAM'},{'JAM_MODERATE_TRAFFIC'},22,{2},5.0
2e69eea3,2e69eea34,2020-10-07,18,{'JAM'},{'JAM_STAND_STILL_TRAFFIC'},9,{2},5.0
2e69eea3,2e69eea34,2020-10-08,18,{'JAM'},{'JAM_STAND_STILL_TRAFFIC'},7,{2},5.0
2e69eea3,2e69eea34,2020-10-09,17,{'JAM'},{'JAM_STAND_STILL_TRAFFIC'},31,{2},8.67741935483871
2e69eea3,2e69eea34,2020-10-09,18,{'JAM'},{'JAM_STAND_STILL_TRAFFIC'},20,{2},5.0
2e69eea3,2e69eea34,2020-10-10,10,{'JAM'},{'JAM_STAND_STILL_TRAFFIC'},43,{2},6.627906976744186
2e69eea3,2e69eea34,2020-10-10,11,{'JAM'},{'JAM_HEAVY_TRAFFIC'},17,{2},7.176470588235294
2e69eea3,2e69eea34,2020-10-16,18,{'JAM'},{'JAM_STAND_STILL_TRAFFIC'},46,{2},5.369565217391305
2e69eea3,2e69eea34,2020-10-24,10,{'JAM'},{'JAM_HEAVY_TRAFFIC'},40,{2},5.425
2e69eea3,2e69eea34,2020-10-24,15,{'JAM'},{'JAM_HEAVY_TRAFFIC'},33,{2},5.0
2e69eea3,2e69eea34,2020-10-26,19,{'JAM'},{'JAM_STAND_STILL_TRAFFIC'},36,{2},5.972222222222222
2e69eea3,2e69eea34,2020-10-28,11,{'JAM'},{'JAM_STAND_STILL_TRAFFIC'},39,{2},6.384615384615385
2e69eea3,2e69eea34,2020-10-29,10,{'JAM'},{'JAM_HEAVY_TRAFFIC'},3,{2},5.0
2e69eea3,2e69eea34,2020-11-03,18,{'JAM'},{'JAM_HEAVY_TRAFFIC'},28,{2},5.0
2e69eea3,2e69eea34,2020-11-06,14,{'JAM'},{'JAM_HEAVY_TRAFFIC'},35,{2},5.0
2e69eea3,2e69eea34,2020-11-06,19,{'JAM'},{'JAM_STAND_STILL_TRAFFIC'},33,{2},5.787878787878788
2e69eea3,2e69eea34,2020-11-09,18,{'JAM'},{'JAM_HEAVY_TRAFFIC'},31,{2},5.0
2e69eea3,2e69eea34,2020-11-12,18,{'JAM'},{'JAM_STAND_STILL_TRAFFIC'},30,{2},6.0
2e69eea3,2e69eea34,2020-11-12,19,{'JAM'},{'JAM_STAND_STILL_TRAFFIC'},39,{2},6.358974358974359
2e69eea5,2e69eea4c,2020-09-02,17,{'JAM'},{'JAM_STAND_STILL_TRAFFIC'},30,{2},6.933333333333334
2e69eea5,2e69eea4c,2020-09-03,17,{'JAM'},{'JAM_HEAVY_TRAFFIC'},29,{2},5.0
2e69eea5,2e69eea4c,2020-09-04,7,{'JAM'},{'JAM_STAND_STILL_TRAFFIC'},30,{2},5.0
2e69eea5,2e69eea4c,2020-09-04,16,{'JAM'},{'JAM_HEAVY_TRAFFIC'},43,{2},5.4186046511627906
2e69eea5,2e69eea4c,2020-09-05,10,{'JAM'},{'JAM'},29,{2},5.0
2e69eea5,2e69eea4c,2020-09-05,16,{'JAM'},{'JAM_STAND_STILL_TRAFFIC'},30,{2},5.0
2e69eea5,2e69eea4c,2020-09-08,9,{'JAM'},{'JAM_HEAVY_TRAFFIC'},31,{2},5.0
2e69eea5,2e69eea4c,2020-09-09,13,{'JAM'},{'JAM_STAND_STILL_TRAFFIC'},30,{2},5.0
2e69eea5,2e69eea4c,2020-09-09,17,{'JAM'},{'JAM_STAND_STILL_TRAFFIC'},66,{2},5.575757575757576
2e69eea5,2e69eea4c,2020-09-10,17,{'JAM'},{'JAM_STAND_STILL_TRAFFIC'},31,{2},5.0
2e69eea5,2e69eea4c,2020-09-11,16,{'JAM'},{'JAM_MODERATE_TRAFFIC'},32,{2},5.0
2e69eea5,2e69eea4c,2020-09-11,19,{'JAM'},{'JAM_STAND_STILL_TRAFFIC'},26,{2},5.0
2e69eea5,2e69eea4c,2020-09-12,13,{'JAM'},{'JAM_STAND_STILL_TRAFFIC'},32,{2},5.9375
2e69eea5,2e69eea4c,2020-09-13,17,{'JAM'},{'JAM_HEAVY_TRAFFIC'},32,{2},5.0
2e69eea5,2e69eea4c,2020-09-17,8,{'JAM'},{'JAM_STAND_STILL_TRAFFIC'},31,{2},5.0
2e69eea5,2e69eea4c,2020-09-21,16,{'JAM'},{'JAM_STAND_STILL_TRAFFIC'},30,{2},5.0
2e69eea5,2e69eea4c,2020-09-23,17,{'JAM'},{'JAM_STAND_STILL_TRAFFIC'},29,{2},5.0
2e69eea5,2e69eea4c,2020-09-24,14,{'JAM'},{'JAM_STAND_STILL_TRAFFIC'},7,{2},5.0
2e69eea5,2e69eea4c,2020-09-26,10,{'JAM'},{'JAM_HEAVY_TRAFFIC'},30,{2},5.533333333333333
2e69eea5,2e69eea4c,2020-09-26,14,{'JAM'},{'JAM_STAND_STILL_TRAFFIC'},32,{2},5.0
2e69eea5,2e69eea4c,2020-09-26,17,{'JAM'},{'JAM_STAND_STILL_TRAFFIC'},54,{2},5.518518518518518
2e69eea5,2e69eea4c,2020-09-28,17,{'JAM'},{'JAM_STAND_STILL_TRAFFIC'},30,{2},5.0
2e69eea5,2e69eea4c,2020-09-28,18,{'JAM'},{'JAM_MODERATE_TRAFFIC'},31,{2},5.0
2e69eea5,2e69eea4c,2020-09-29,16,{'JAM'},{'JAM'},29,{2},5.0
2e69eea5,2e69eea4c,2020-09-30,17,{'JAM'},{'JAM_HEAVY_TRAFFIC'},31,{2},5.0
2e69eea5,2e69eea4c,2020-10-01,15,{'JAM'},{'JAM_HEAVY_TRAFFIC'},41,{2},6.390243902439025
2e69eea5,2e69eea4c,2020-10-02,20,{'JAM'},"{'JAM_STAND_STILL_TRAFFIC', 'JAM_HEAVY_TRAFFIC'}",38,{2},5.0
2e69eea5,2e69eea4c,2020-10-03,15,{'JAM'},{'JAM_STAND_STILL_TRAFFIC'},33,{2},5.0
2e69eea5,2e69eea4c,2020-10-03,16,{'JAM'},{'JAM_HEAVY_TRAFFIC'},33,{2},5.0
2e69eea5,2e69eea4c,2020-10-05,18,{'JAM'},{'JAM_HEAVY_TRAFFIC'},32,{2},5.0
2e69eea5,2e69eea4c,2020-10-07,17,{'JAM'},{'JAM_STAND_STILL_TRAFFIC'},31,{2},5.0
2e69eea5,2e69eea4c,2020-10-07,19,{'JAM'},{'JAM'},31,{2},5.0
2e69eea5,2e69eea4c,2020-10-09,16,{'JAM'},{'JAM_STAND_STILL_TRAFFIC'},23,{2},5.0
2e69eea5,2e69eea4c,2020-10-09,18,{'JAM'},{'JAM_STAND_STILL_TRAFFIC'},30,{2},5.0
2e69eea5,2e69eea4c,2020-10-10,10,{'JAM'},{'JAM_STAND_STILL_TRAFFIC'},39,{2},5.384615384615385
2e69eea5,2e69eea4c,2020-10-10,14,{'JAM'},"{'JAM_MODERATE_TRAFFIC', 'JAM_HEAVY_TRAFFIC'}",48,{2},5.0
2e69eea5,2e69eea4c,2020-10-10,15,{'JAM'},{'JAM'},31,{2},5.0
2e69eea5,2e69eea4c,2020-10-10,17,{'JAM'},{'JAM_HEAVY_TRAFFIC'},30,{2},5.0
2e69eea5,2e69eea4c,2020-10-11,13,{'JAM'},{'JAM_STAND_STILL_TRAFFIC'},30,{2},5.0
2e69eea5,2e69eea4c,2020-10-11,18,{'JAM'},{'JAM_HEAVY_TRAFFIC'},30,{2},5.0
2e69eea5,2e69eea4c,2020-10-11,19,{'JAM'},{'JAM_STAND_STILL_TRAFFIC'},37,{2},5.0
2e69eea5,2e69eea4c,2020-10-12,18,{'JAM'},{'JAM_MODERATE_TRAFFIC'},9,{2},5.0
2e69eea5,2e69eea4c,2020-10-14,18,{'JAM'},{'JAM_HEAVY_TRAFFIC'},33,{2},5.0
2e69eea5,2e69eea4c,2020-10-15,13,{'JAM'},{'JAM_HEAVY_TRAFFIC'},38,{2},5.0
2e69eea5,2e69eea4c,2020-10-16,7,{'JAM'},{'JAM_HEAVY_TRAFFIC'},34,{2},5.0
2e69eea5,2e69eea4c,2020-10-16,18,{'JAM'},{'JAM_STAND_STILL_TRAFFIC'},29,{2},5.0
2e69eea5,2e69eea4c,2020-10-17,14,{'JAM'},{'JAM_STAND_STILL_TRAFFIC'},31,{2},5.0
2e69eea5,2e69eea4c,2020-10-18,10,{'JAM'},{'JAM_MODERATE_TRAFFIC'},62,{2},5.435483870967742
2e69eea5,2e69eea4c,2020-10-19,9,{'JAM'},{'JAM_MODERATE_TRAFFIC'},30,{2},5.0
2e69eea5,2e69eea4c,2020-10-19,16,{'JAM'},{'JAM_HEAVY_TRAFFIC'},31,{2},5.0
2e69eea5,2e69eea4c,2020-10-19,17,{'JAM'},{'JAM_STAND_STILL_TRAFFIC'},31,{2},5.0
2e69eea5,2e69eea4c,2020-10-19,19,{'JAM'},{'JAM_HEAVY_TRAFFIC'},32,{2},5.625
2e69eea5,2e69eea4c,2020-10-20,19,{'JAM'},{'JAM_STAND_STILL_TRAFFIC'},7,{2},5.0
2e69eea5,2e69eea4c,2020-10-22,20,{'WEATHERHAZARD'},{'WEATHERHAZARD'},31,{2},5.0
2e69eea5,2e69eea4c,2020-10-23,20,{'JAM'},{'JAM_HEAVY_TRAFFIC'},31,{2},5.0
2e69eea5,2e69eea4c,2020-10-23,21,{'JAM'},{'JAM_STAND_STILL_TRAFFIC'},39,{2},5.384615384615385
2e69eea5,2e69eea4c,2020-10-24,12,{'JAM'},{'JAM_HEAVY_TRAFFIC'},28,{2},5.0
2e69eea5,2e69eea4c,2020-10-24,15,{'JAM'},{'JAM_HEAVY_TRAFFIC'},32,{2},5.0
2e69eea5,2e69eea4c,2020-10-25,10,{'JAM'},{'JAM_STAND_STILL_TRAFFIC'},32,{2},5.0
2e69eea5,2e69eea4c,2020-10-27,16,{'JAM'},{'JAM_MODERATE_TRAFFIC'},31,{2},5.0
2e69eea5,2e69eea4c,2020-10-28,13,{'JAM'},{'JAM_HEAVY_TRAFFIC'},32,{2},5.0
2e69eea5,2e69eea4c,2020-10-28,17,{'JAM'},{'JAM_HEAVY_TRAFFIC'},15,{2},5.0
2e69eea5,2e69eea4c,2020-10-29,10,{'JAM'},{'JAM_HEAVY_TRAFFIC'},59,{2},5.47457627118644
2e69eea5,2e69eea4c,2020-10-29,14,{'JAM'},{'JAM_STAND_STILL_TRAFFIC'},30,{2},5.0
2e69eea5,2e69eea4c,2020-10-29,18,{'JAM'},"{'JAM_STAND_STILL_TRAFFIC', 'JAM_HEAVY_TRAFFIC'}",61,{2},5.0
2e69eea5,2e69eea4c,2020-10-30,11,{'JAM'},{'JAM_STAND_STILL_TRAFFIC'},33,{2},5.96969696969697
2e69eea5,2e69eea4c,2020-10-30,16,{'JAM'},{'JAM_STAND_STILL_TRAFFIC'},32,{2},6.0
2e69eea5,2e69eea4c,2020-10-31,10,{'JAM'},{'JAM_HEAVY_TRAFFIC'},30,{2},5.0
2e69eea5,2e69eea4c,2020-10-31,11,{'JAM'},{'JAM_HEAVY_TRAFFIC'},31,{2},5.0
2e69eea5,2e69eea4c,2020-10-31,13,{'JAM'},{'JAM_HEAVY_TRAFFIC'},31,{2},5.0
2e69eea5,2e69eea4c,2020-10-31,17,{'JAM'},{'JAM_STAND_STILL_TRAFFIC'},45,{2},6.155555555555556
2e69eea5,2e69eea4c,2020-11-02,19,{'JAM'},{'JAM_STAND_STILL_TRAFFIC'},31,{2},5.0
2e69eea5,2e69eea4c,2020-11-03,7,{'JAM'},{'JAM_HEAVY_TRAFFIC'},31,{2},5.0
2e69eea5,2e69eea4c,2020-11-03,8,{'JAM'},{'JAM_STAND_STILL_TRAFFIC'},31,{2},5.0
2e69eea5,2e69eea4c,2020-11-03,18,{'JAM'},{'JAM_HEAVY_TRAFFIC'},30,{2},5.0
2e69eea5,2e69eea4c,2020-11-04,7,{'JAM'},{'JAM_HEAVY_TRAFFIC'},30,{2},5.0
2e69eea5,2e69eea4c,2020-11-04,17,{'JAM'},{'JAM_HEAVY_TRAFFIC'},30,{2},5.0
2e69eea5,2e69eea4c,2020-11-05,18,{'JAM'},{'JAM_HEAVY_TRAFFIC'},63,{2},5.0
2e69eea5,2e69eea4c,2020-11-06,9,{'JAM'},"{'JAM_STAND_STILL_TRAFFIC', 'JAM_HEAVY_TRAFFIC'}",60,{2},5.35
2e69eea5,2e69eea4c,2020-11-06,17,{'JAM'},{'JAM_STAND_STILL_TRAFFIC'},10,{2},5.0
2e69eea5,2e69eea4c,2020-11-06,18,{'JAM'},"{'JAM_STAND_STILL_TRAFFIC', 'JAM_HEAVY_TRAFFIC'}",75,{2},6.786666666666667
2e69eea5,2e69eea4c,2020-11-07,11,{'JAM'},{'JAM_HEAVY_TRAFFIC'},33,{2},5.0
2e69eea5,2e69eea4c,2020-11-07,12,{'JAM'},{'JAM_STAND_STILL_TRAFFIC'},74,{2},6.216216216216216
2e69eea5,2e69eea4c,2020-11-07,15,{'JAM'},{'JAM_STAND_STILL_TRAFFIC'},32,{2},5.0
2e69eea5,2e69eea4c,2020-11-08,11,{'JAM'},{'JAM_HEAVY_TRAFFIC'},29,{2},5.0
2e69eea5,2e69eea4c,2020-11-08,19,{'JAM'},{'JAM_HEAVY_TRAFFIC'},31,{2},5.0
2e69eea5,2e69eea4c,2020-11-09,8,{'JAM'},{'JAM_STAND_STILL_TRAFFIC'},31,{2},5.709677419354839
2e69eea5,2e69eea4c,2020-11-09,17,{'JAM'},{'JAM_STAND_STILL_TRAFFIC'},31,{2},5.0
2e69eea5,2e69eea4c,2020-11-09,18,{'JAM'},{'JAM_STAND_STILL_TRAFFIC'},31,{2},5.0
2e69eea5,2e69eea4c,2020-11-10,13,{'JAM'},{'JAM_STAND_STILL_TRAFFIC'},31,{2},5.548387096774194
2e69eea5,2e69eea4c,2020-11-10,18,{'JAM'},{'JAM_HEAVY_TRAFFIC'},31,{2},5.0
2e69eea5,2e69eea4c,2020-11-10,19,{'JAM'},{'JAM_STAND_STILL_TRAFFIC'},31,{2},5.0
2e69eea5,2e69eea4c,2020-11-11,9,{'JAM'},{'JAM_STAND_STILL_TRAFFIC'},31,{2},5.0
2e69eea5,2e69eea4c,2020-11-11,17,{'JAM'},{'JAM_HEAVY_TRAFFIC'},32,{2},5.0
2e69eea5,2e69eea4c,2020-11-11,19,{'JAM'},{'JAM_STAND_STILL_TRAFFIC'},48,{2},5.0
2e69eea5,2e69eea4c,2020-11-11,20,{'JAM'},{'JAM_HEAVY_TRAFFIC'},30,{2},5.0
2e69eea5,2e69eea4c,2020-11-12,11,{'JAM'},{'JAM_HEAVY_TRAFFIC'},5,{2},5.0
2e69eea5,2e69eea4c,2020-11-12,17,{'JAM'},{'JAM_STAND_STILL_TRAFFIC'},34,{2},5.0
2e69eea5,2e69eea4c,2020-11-12,19,{'JAM'},{'JAM_STAND_STILL_TRAFFIC'},24,{2},5.0
2e69eea5,2e69eea4c,2020-11-14,17,{'JAM'},{'JAM_STAND_STILL_TRAFFIC'},14,{2},6.0
2e69eea5,2e69eea4c,2020-11-16,16,{'JAM'},{'JAM_STAND_STILL_TRAFFIC'},19,{2},5.0
2e69eea5,2e69eea4c,2020-11-16,17,{'JAM'},{'JAM_STAND_STILL_TRAFFIC'},21,{2},5.0
2e69eea5,2e69eea4c,2020-11-16,19,{'JAM'},{'JAM_STAND_STILL_TRAFFIC'},10,{2},8.0
2e69eea5,2e69eea4c,2020-11-17,17,{'JAM'},{'JAM_HEAVY_TRAFFIC'},27,{2},5.0
2e69eea5,2e69eea4c,2020-11-17,19,{'JAM'},{'JAM_MODERATE_TRAFFIC'},30,{2},5.0
2e69eea5,2e69eea4c,2020-11-18,8,{'JAM'},{'JAM_STAND_STILL_TRAFFIC'},27,{2},5.2592592592592595
2e69eea5,2e69eea4c,2020-11-18,15,{'JAM'},{'JAM_STAND_STILL_TRAFFIC'},24,{2},5.0
2e69eea5,2e69eea4c,2020-11-20,8,{'JAM'},{'JAM_MODERATE_TRAFFIC'},36,{2},5.0
2e69eea5,2e69eea4c,2020-11-21,12,{'JAM'},{'JAM_MODERATE_TRAFFIC'},5,{2},5.0
2e69eea5,2e69eea4c,2020-11-22,13,{'JAM'},{'JAM_STAND_STILL_TRAFFIC'},17,{2},5.0
2e69eea5,2e69eea54,2020-09-01,10,{'JAM'},{'JAM_MODERATE_TRAFFIC'},31,{2},5.0
2e69eea5,2e69eea54,2020-09-27,15,{'JAM'},{'JAM_STAND_STILL_TRAFFIC'},30,{2},5.0
2e69eea5,2e69eea54,2020-10-08,14,{'JAM'},{'JAM_HEAVY_TRAFFIC'},32,{2},5.0
2e69eea5,2e69eea54,2020-10-12,14,{'JAM'},{'JAM_HEAVY_TRAFFIC'},31,{2},5.0
2e69eea5,2e69eea54,2020-10-17,14,{'JAM'},{'JAM_STAND_STILL_TRAFFIC'},32,{2},5.0
2e69eea5,2e69eea54,2020-10-23,12,{'JAM'},{'JAM_STAND_STILL_TRAFFIC'},5,{2},5.0
2e69eea5,2e69eea54,2020-10-24,10,{'JAM'},{'JAM_HEAVY_TRAFFIC'},30,{2},5.0
2e69eea5,2e69eea54,2020-10-24,13,{'JAM'},{'JAM_HEAVY_TRAFFIC'},32,{2},5.84375
2e69eea5,2e69eea54,2020-11-01,18,{'JAM'},{'JAM_HEAVY_TRAFFIC'},30,{2},7.0
2e69eea5,2e69eea54,2020-11-02,8,{'JAM'},{'JAM_HEAVY_TRAFFIC'},30,{2},5.7
2e69eea5,2e69eea54,2020-11-07,16,{'JAM'},{'JAM_MODERATE_TRAFFIC'},32,{2},5.0
2e69eea5,2e69eea54,2020-11-09,18,{'JAM'},{'JAM_STAND_STILL_TRAFFIC'},30,{2},5.0
2e69eea5,2e69eea54,2020-11-11,8,{'JAM'},{'JAM_STAND_STILL_TRAFFIC'},30,{2},5.0
2e69eea5,2e69eea54,2020-11-16,8,{'JAM'},{'JAM_HEAVY_TRAFFIC'},30,{2},5.0
2e69eea5,2e69eea54,2020-11-20,7,{'JAM'},{'JAM_HEAVY_TRAFFIC'},19,{2},5.0
2e69eea5,2e69eea5c,2020-09-01,17,{'JAM'},{'JAM_STAND_STILL_TRAFFIC'},30,{2},5.0
2e69eea5,2e69eea5c,2020-09-02,10,{'JAM'},{'JAM_HEAVY_TRAFFIC'},27,{2},5.0
2e69eea5,2e69eea5c,2020-09-03,15,{'JAM'},{'JAM_MODERATE_TRAFFIC'},31,{2},5.0
2e69eea5,2e69eea5c,2020-09-03,18,{'JAM'},{'JAM_STAND_STILL_TRAFFIC'},31,{2},5.0
2e69eea5,2e69eea5c,2020-09-04,10,{'JAM'},{'JAM_HEAVY_TRAFFIC'},32,{2},5.0
2e69eea5,2e69eea5c,2020-09-04,17,{'WEATHERHAZARD'},{'HAZARD_ON_ROAD_CAR_STOPPED'},21,{2},5.190476190476191
2e69eea5,2e69eea5c,2020-09-05,15,{'JAM'},{'JAM_STAND_STILL_TRAFFIC'},60,{2},5.5
2e69eea5,2e69eea5c,2020-09-05,16,{'JAM'},{'JAM_HEAVY_TRAFFIC'},32,{2},5.0
2e69eea5,2e69eea5c,2020-09-06,19,{'JAM'},{'JAM_STAND_STILL_TRAFFIC'},31,{2},5.0
2e69eea5,2e69eea5c,2020-09-08,16,{'JAM'},{'JAM_STAND_STILL_TRAFFIC'},32,{2},5.0
2e69eea5,2e69eea5c,2020-09-08,19,{'JAM'},{'JAM_STAND_STILL_TRAFFIC'},21,{2},5.0
2e69eea5,2e69eea5c,2020-09-11,18,{'JAM'},{'JAM_STAND_STILL_TRAFFIC'},33,{2},5.0
2e69eea5,2e69eea5c,2020-09-12,10,{'JAM'},{'JAM_STAND_STILL_TRAFFIC'},61,{2},5.0
2e69eea5,2e69eea5c,2020-09-12,12,{'JAM'},{'JAM_STAND_STILL_TRAFFIC'},31,{2},5.935483870967742
2e69eea5,2e69eea5c,2020-09-12,13,{'JAM'},{'JAM_STAND_STILL_TRAFFIC'},32,{2},5.9375
2e69eea5,2e69eea5c,2020-09-12,15,{'JAM'},{'JAM_STAND_STILL_TRAFFIC'},64,{2},5.515625
2e69eea5,2e69eea5c,2020-09-15,17,{'JAM'},{'JAM_HEAVY_TRAFFIC'},32,{2},5.96875
2e69eea5,2e69eea5c,2020-09-17,17,{'JAM'},{'JAM_STAND_STILL_TRAFFIC'},32,{2},5.0
2e69eea5,2e69eea5c,2020-09-19,11,{'JAM'},{'JAM_STAND_STILL_TRAFFIC'},27,{2},7.962962962962963
2e69eea5,2e69eea5c,2020-09-19,15,{'JAM'},{'JAM_HEAVY_TRAFFIC'},6,{2},5.0
2e69eea5,2e69eea5c,2020-09-19,16,{'JAM'},{'JAM_STAND_STILL_TRAFFIC'},32,{2},5.0
2e69eea5,2e69eea5c,2020-09-24,16,{'JAM'},{'JAM_MODERATE_TRAFFIC'},34,{2},5.9411764705882355
2e69eea5,2e69eea5c,2020-09-24,17,{'JAM'},{'JAM_STAND_STILL_TRAFFIC'},31,{2},5.645161290322581
2e69eea5,2e69eea5c,2020-09-26,14,{'JAM'},{'JAM_STAND_STILL_TRAFFIC'},30,{2},5.0
2e69eea5,2e69eea5c,2020-09-26,19,{'JAM'},{'JAM_HEAVY_TRAFFIC'},18,{2},5.0
2e69eea5,2e69eea5c,2020-09-28,10,{'JAM'},{'JAM'},30,{2},5.0
2e69eea5,2e69eea5c,2020-09-28,17,{'JAM'},{'JAM_STAND_STILL_TRAFFIC'},32,{2},5.0
2e69eea5,2e69eea5c,2020-09-30,15,{'JAM'},{'JAM_MODERATE_TRAFFIC'},22,{2},5.0
2e69eea5,2e69eea5c,2020-09-30,16,{'JAM'},{'JAM_HEAVY_TRAFFIC'},35,{2},5.0
2e69eea5,2e69eea5c,2020-10-03,10,{'JAM'},{'JAM_HEAVY_TRAFFIC'},31,{2},5.0
2e69eea5,2e69eea5c,2020-10-03,11,{'JAM'},{'JAM_HEAVY_TRAFFIC'},39,{2},5.384615384615385
2e69eea5,2e69eea5c,2020-10-03,14,{'JAM'},{'JAM_STAND_STILL_TRAFFIC'},31,{2},5.0
2e69eea5,2e69eea5c,2020-10-03,16,{'JAM'},{'JAM_STAND_STILL_TRAFFIC'},45,{2},5.355555555555555
2e69eea5,2e69eea5c,2020-10-03,17,{'JAM'},{'JAM_HEAVY_TRAFFIC'},39,{2},5.384615384615385
2e69eea5,2e69eea5c,2020-10-03,20,{'JAM'},"{'JAM_MODERATE_TRAFFIC', 'JAM_HEAVY_TRAFFIC'}",57,{2},5.0
2e69eea5,2e69eea5c,2020-10-04,17,{'JAM'},{'JAM'},30,{2},5.0
2e69eea5,2e69eea5c,2020-10-07,17,{'JAM'},{'JAM_HEAVY_TRAFFIC'},31,{2},5.0
2e69eea5,2e69eea5c,2020-10-08,18,{'JAM'},{'JAM_HEAVY_TRAFFIC'},31,{2},5.0
2e69eea5,2e69eea5c,2020-10-09,17,{'JAM'},{'JAM_HEAVY_TRAFFIC'},32,{2},5.0
2e69eea5,2e69eea5c,2020-10-09,20,{'JAM'},{'JAM_HEAVY_TRAFFIC'},33,{2},5.0
2e69eea5,2e69eea5c,2020-10-10,13,{'JAM'},{'JAM_HEAVY_TRAFFIC'},43,{2},5.4186046511627906
2e69eea5,2e69eea5c,2020-10-10,16,{'JAM'},{'JAM_STAND_STILL_TRAFFIC'},31,{2},5.0
2e69eea5,2e69eea5c,2020-10-10,18,{'JAM'},{'JAM_STAND_STILL_TRAFFIC'},32,{2},5.0
2e69eea5,2e69eea5c,2020-10-11,13,{'JAM'},{'JAM_STAND_STILL_TRAFFIC'},30,{2},5.0
2e69eea5,2e69eea5c,2020-10-11,14,{'JAM'},{'JAM_STAND_STILL_TRAFFIC'},31,{2},5.0
2e69eea5,2e69eea5c,2020-10-11,15,{'JAM'},{'JAM_STAND_STILL_TRAFFIC'},31,{2},5.0
2e69eea5,2e69eea5c,2020-10-11,17,{'JAM'},"{'JAM_STAND_STILL_TRAFFIC', 'JAM_HEAVY_TRAFFIC'}",62,{2},5.0
2e69eea5,2e69eea5c,2020-10-11,18,{'JAM'},{'JAM_STAND_STILL_TRAFFIC'},65,{2},5.0
2e69eea5,2e69eea5c,2020-10-12,7,{'JAM'},{'JAM_STAND_STILL_TRAFFIC'},68,{2},5.632352941176471
2e69eea5,2e69eea5c,2020-10-12,8,{'JAM'},{'JAM_STAND_STILL_TRAFFIC'},36,{2},5.0
2e69eea5,2e69eea5c,2020-10-12,13,{'JAM'},"{'JAM_STAND_STILL_TRAFFIC', 'JAM_HEAVY_TRAFFIC'}",64,{2},5.375
2e69eea5,2e69eea5c,2020-10-14,8,{'JAM'},{'JAM_STAND_STILL_TRAFFIC'},20,{2},5.0
2e69eea5,2e69eea5c,2020-10-14,16,{'JAM'},{'JAM_HEAVY_TRAFFIC'},31,{2},5.0
2e69eea5,2e69eea5c,2020-10-14,18,{'JAM'},{'JAM_STAND_STILL_TRAFFIC'},34,{2},5.0
2e69eea5,2e69eea5c,2020-10-15,10,{'JAM'},{'JAM_HEAVY_TRAFFIC'},30,{2},5.0
2e69eea5,2e69eea5c,2020-10-16,7,{'JAM'},{'JAM_HEAVY_TRAFFIC'},55,{2},5.0
2e69eea5,2e69eea5c,2020-10-16,20,{'JAM'},{'JAM_HEAVY_TRAFFIC'},32,{2},5.0
2e69eea5,2e69eea5c,2020-10-17,9,{'JAM'},{'JAM_STAND_STILL_TRAFFIC'},33,{2},5.0
2e69eea5,2e69eea5c,2020-10-17,15,{'JAM'},"{'JAM_STAND_STILL_TRAFFIC', 'JAM_HEAVY_TRAFFIC'}",62,{2},5.0
2e69eea5,2e69eea5c,2020-10-17,16,{'JAM'},{'JAM_STAND_STILL_TRAFFIC'},27,{2},5.592592592592593
2e69eea5,2e69eea5c,2020-10-17,17,{'JAM'},{'JAM_STAND_STILL_TRAFFIC'},31,{2},5.0
2e69eea5,2e69eea5c,2020-10-18,16,{'JAM'},{'JAM_STAND_STILL_TRAFFIC'},31,{2},5.0
2e69eea5,2e69eea5c,2020-10-19,15,{'JAM'},{'JAM_STAND_STILL_TRAFFIC'},30,{2},5.0
2e69eea5,2e69eea5c,2020-10-19,16,{'JAM'},{'JAM_STAND_STILL_TRAFFIC'},17,{2},6.0
2e69eea5,2e69eea5c,2020-10-19,19,{'JAM'},{'JAM_STAND_STILL_TRAFFIC'},105,{2},5.333333333333333
2e69eea5,2e69eea5c,2020-10-20,8,{'JAM'},{'JAM_HEAVY_TRAFFIC'},30,{2},5.0
2e69eea5,2e69eea5c,2020-10-20,10,{'JAM'},{'JAM_HEAVY_TRAFFIC'},61,{2},5.0
2e69eea5,2e69eea5c,2020-10-20,14,{'JAM'},{'JAM_STAND_STILL_TRAFFIC'},32,{2},5.0
2e69eea5,2e69eea5c,2020-10-20,17,{'JAM'},{'JAM_STAND_STILL_TRAFFIC'},32,{2},5.0
2e69eea5,2e69eea5c,2020-10-21,7,{'JAM'},{'JAM_STAND_STILL_TRAFFIC'},30,{2},5.0
2e69eea5,2e69eea5c,2020-10-21,8,{'JAM'},{'JAM_HEAVY_TRAFFIC'},63,{2},5.0
2e69eea5,2e69eea5c,2020-10-21,16,{'JAM'},{'JAM_MODERATE_TRAFFIC'},30,{2},5.0
2e69eea5,2e69eea5c,2020-10-22,7,{'JAM'},"{'JAM_STAND_STILL_TRAFFIC', 'JAM_MODERATE_TRAFFIC'}",62,{2},5.0
2e69eea5,2e69eea5c,2020-10-22,16,{'JAM'},{'JAM_HEAVY_TRAFFIC'},31,{2},5.0
2e69eea5,2e69eea5c,2020-10-23,8,{'JAM'},{'JAM_HEAVY_TRAFFIC'},30,{2},5.0
2e69eea5,2e69eea5c,2020-10-23,15,{'JAM'},{'JAM_STAND_STILL_TRAFFIC'},31,{2},5.0
2e69eea5,2e69eea5c,2020-10-23,16,{'JAM'},{'JAM_STAND_STILL_TRAFFIC'},31,{2},5.0
2e69eea5,2e69eea5c,2020-10-23,19,{'JAM'},{'JAM_STAND_STILL_TRAFFIC'},32,{2},5.96875
2e69eea5,2e69eea5c,2020-10-24,17,{'JAM'},{'JAM_STAND_STILL_TRAFFIC'},30,{2},5.0
2e69eea5,2e69eea5c,2020-10-24,18,{'JAM'},{'JAM_MODERATE_TRAFFIC'},24,{2},5.0
2e69eea5,2e69eea5c,2020-10-25,12,{'JAM'},{'JAM_HEAVY_TRAFFIC'},30,{2},5.966666666666667
2e69eea5,2e69eea5c,2020-10-25,13,{'JAM'},{'JAM_HEAVY_TRAFFIC'},19,{2},5.0
2e69eea5,2e69eea5c,2020-10-25,17,{'JAM'},{'JAM_HEAVY_TRAFFIC'},31,{2},5.0
2e69eea5,2e69eea5c,2020-10-25,18,{'JAM'},{'JAM_STAND_STILL_TRAFFIC'},63,{2},5.0
2e69eea5,2e69eea5c,2020-10-26,7,{'JAM'},{'JAM_STAND_STILL_TRAFFIC'},32,{2},5.0
2e69eea5,2e69eea5c,2020-10-27,8,{'JAM'},{'JAM_HEAVY_TRAFFIC'},34,{2},5.0
2e69eea5,2e69eea5c,2020-10-27,9,{'JAM'},{'JAM_STAND_STILL_TRAFFIC'},40,{2},5.375
2e69eea5,2e69eea5c,2020-10-27,18,{'JAM'},{'JAM_HEAVY_TRAFFIC'},32,{2},5.0
2e69eea5,2e69eea5c,2020-10-28,11,{'JAM'},{'JAM_STAND_STILL_TRAFFIC'},31,{2},6.0
2e69eea5,2e69eea5c,2020-10-28,13,{'JAM'},{'JAM_HEAVY_TRAFFIC'},33,{2},5.0
2e69eea5,2e69eea5c,2020-10-28,14,{'JAM'},{'JAM_HEAVY_TRAFFIC'},32,{2},5.0
2e69eea5,2e69eea5c,2020-10-28,15,{'JAM'},{'JAM_HEAVY_TRAFFIC'},32,{2},5.0
2e69eea5,2e69eea5c,2020-10-28,20,{'WEATHERHAZARD'},{'HAZARD_ON_SHOULDER_CAR_STOPPED'},59,{2},7.8474576271186445
2e69eea5,2e69eea5c,2020-10-29,10,{'JAM'},{'JAM_STAND_STILL_TRAFFIC'},30,{2},5.0
2e69eea5,2e69eea5c,2020-10-29,11,{'JAM'},{'JAM_HEAVY_TRAFFIC'},31,{2},5.967741935483871
2e69eea5,2e69eea5c,2020-10-29,14,{'JAM'},"{'JAM_STAND_STILL_TRAFFIC', 'JAM_HEAVY_TRAFFIC'}",61,{2},5.278688524590164
2e69eea5,2e69eea5c,2020-10-29,17,{'JAM'},{'JAM_STAND_STILL_TRAFFIC'},62,{2},5.258064516129032
2e69eea5,2e69eea5c,2020-10-30,14,{'JAM'},{'JAM_STAND_STILL_TRAFFIC'},24,{2},5.0
2e69eea5,2e69eea5c,2020-10-30,15,{'JAM'},{'JAM_STAND_STILL_TRAFFIC'},34,{2},5.0
2e69eea5,2e69eea5c,2020-10-30,16,{'JAM'},{'JAM_STAND_STILL_TRAFFIC'},64,{2},5.0
2e69eea5,2e69eea5c,2020-10-31,11,{'JAM'},{'JAM_STAND_STILL_TRAFFIC'},33,{2},5.0
2e69eea5,2e69eea5c,2020-10-31,15,{'JAM'},{'JAM_HEAVY_TRAFFIC'},62,{2},5.0
2e69eea5,2e69eea5c,2020-10-31,17,{'JAM'},{'JAM_STAND_STILL_TRAFFIC'},37,{2},5.4324324324324325
2e69eea5,2e69eea5c,2020-10-31,19,{'JAM'},{'JAM_STAND_STILL_TRAFFIC'},21,{2},5.0
2e69eea5,2e69eea5c,2020-11-01,13,{'WEATHERHAZARD'},{'HAZARD_WEATHER_FLOOD'},34,{2},5.4411764705882355
2e69eea5,2e69eea5c,2020-11-01,18,{'JAM'},"{'JAM_STAND_STILL_TRAFFIC', 'JAM_HEAVY_TRAFFIC'}",35,{2},5.0285714285714285
2e69eea5,2e69eea5c,2020-11-02,8,{'JAM'},{'JAM_STAND_STILL_TRAFFIC'},32,{2},5.0
2e69eea5,2e69eea5c,2020-11-02,16,{'JAM'},{'JAM_STAND_STILL_TRAFFIC'},29,{2},6.0
2e69eea5,2e69eea5c,2020-11-02,17,{'JAM'},"{'JAM', 'JAM_STAND_STILL_TRAFFIC'}",80,{2},5.4125
2e69eea5,2e69eea5c,2020-11-03,7,{'JAM'},{'JAM_MODERATE_TRAFFIC'},30,{2},5.966666666666667
2e69eea5,2e69eea5c,2020-11-03,8,{'JAM'},{'JAM'},32,{2},5.0
2e69eea5,2e69eea5c,2020-11-03,11,{'JAM'},{'JAM_STAND_STILL_TRAFFIC'},32,{2},5.0
2e69eea5,2e69eea5c,2020-11-03,15,{'JAM'},{'JAM_STAND_STILL_TRAFFIC'},30,{2},5.0
2e69eea5,2e69eea5c,2020-11-03,17,{'JAM'},{'JAM_STAND_STILL_TRAFFIC'},19,{2},5.0
2e69eea5,2e69eea5c,2020-11-03,20,{'JAM'},{'JAM_STAND_STILL_TRAFFIC'},33,{2},5.0
2e69eea5,2e69eea5c,2020-11-04,7,{'JAM'},{'JAM_STAND_STILL_TRAFFIC'},31,{2},5.0
2e69eea5,2e69eea5c,2020-11-04,9,{'JAM'},"{'JAM_STAND_STILL_TRAFFIC', 'JAM_HEAVY_TRAFFIC'}",47,{2},5.0
2e69eea5,2e69eea5c,2020-11-04,19,{'JAM'},{'JAM_HEAVY_TRAFFIC'},28,{2},5.0
2e69eea5,2e69eea5c,2020-11-06,7,{'JAM'},"{'JAM_STAND_STILL_TRAFFIC', 'JAM_HEAVY_TRAFFIC'}",66,{2},5.0
2e69eea5,2e69eea5c,2020-11-06,9,{'JAM'},{'JAM_STAND_STILL_TRAFFIC'},31,{2},5.0
2e69eea5,2e69eea5c,2020-11-06,15,{'JAM'},{'JAM_STAND_STILL_TRAFFIC'},24,{2},5.0
2e69eea5,2e69eea5c,2020-11-06,16,{'JAM'},{'JAM_HEAVY_TRAFFIC'},31,{2},5.0
2e69eea5,2e69eea5c,2020-11-06,18,{'JAM'},{'JAM_HEAVY_TRAFFIC'},32,{2},6.90625
2e69eea5,2e69eea5c,2020-11-06,19,{'JAM'},{'JAM_STAND_STILL_TRAFFIC'},26,{2},5.0
2e69eea5,2e69eea5c,2020-11-07,14,{'JAM'},{'JAM_STAND_STILL_TRAFFIC'},30,{2},6.8
2e69eea5,2e69eea5c,2020-11-08,11,{'JAM'},{'JAM_STAND_STILL_TRAFFIC'},32,{2},5.0
2e69eea5,2e69eea5c,2020-11-08,14,{'JAM'},{'JAM_HEAVY_TRAFFIC'},34,{2},5.0
2e69eea5,2e69eea5c,2020-11-09,7,{'JAM'},{'JAM_HEAVY_TRAFFIC'},71,{2},5.23943661971831
2e69eea5,2e69eea5c,2020-11-09,9,{'JAM'},{'JAM_HEAVY_TRAFFIC'},61,{2},5.0
2e69eea5,2e69eea5c,2020-11-09,16,{'JAM'},{'JAM_STAND_STILL_TRAFFIC'},67,{2},5.313432835820896
2e69eea5,2e69eea5c,2020-11-09,18,{'JAM'},"{'JAM_STAND_STILL_TRAFFIC', 'JAM_MODERATE_TRAFFIC'}",38,{2},5.0
2e69eea5,2e69eea5c,2020-11-10,13,{'JAM'},"{'JAM_STAND_STILL_TRAFFIC', 'JAM_HEAVY_TRAFFIC'}",64,{2},5.265625
2e69eea5,2e69eea5c,2020-11-11,7,{'JAM'},{'JAM_STAND_STILL_TRAFFIC'},32,{2},6.0
2e69eea5,2e69eea5c,2020-11-11,8,{'JAM'},{'JAM_HEAVY_TRAFFIC'},7,{2},5.0
2e69eea5,2e69eea5c,2020-11-11,9,{'JAM'},{'JAM_STAND_STILL_TRAFFIC'},30,{2},5.0
2e69eea5,2e69eea5c,2020-11-11,10,{'JAM'},{'JAM_STAND_STILL_TRAFFIC'},34,{2},5.470588235294118
2e69eea5,2e69eea5c,2020-11-11,17,{'JAM'},"{'JAM_STAND_STILL_TRAFFIC', 'JAM_HEAVY_TRAFFIC'}",87,{2},5.2988505747126435
2e69eea5,2e69eea5c,2020-11-11,18,{'JAM'},{'JAM_STAND_STILL_TRAFFIC'},24,{2},5.0
2e69eea5,2e69eea5c,2020-11-11,19,{'JAM'},{'JAM_STAND_STILL_TRAFFIC'},25,{2},5.0
2e69eea5,2e69eea5c,2020-11-11,20,{'JAM'},{'JAM_STAND_STILL_TRAFFIC'},13,{2},5.0
2e69eea5,2e69eea5c,2020-11-12,7,{'JAM'},{'JAM_HEAVY_TRAFFIC'},30,{2},5.0
2e69eea5,2e69eea5c,2020-11-12,15,{'JAM'},{'JAM_HEAVY_TRAFFIC'},5,{2},5.0
2e69eea5,2e69eea5c,2020-11-13,7,{'JAM'},{'JAM_HEAVY_TRAFFIC'},95,{2},7.484210526315789
2e69eea5,2e69eea5c,2020-11-13,9,{'JAM'},{'JAM_HEAVY_TRAFFIC'},35,{2},5.457142857142857
2e69eea5,2e69eea5c,2020-11-13,10,{'JAM'},{'JAM_HEAVY_TRAFFIC'},30,{2},5.633333333333334
2e69eea5,2e69eea5c,2020-11-13,19,{'JAM'},{'JAM_STAND_STILL_TRAFFIC'},78,{2},5.0
2e69eea5,2e69eea5c,2020-11-14,17,{'JAM'},"{'JAM', 'JAM_STAND_STILL_TRAFFIC'}",46,{2},5.6521739130434785
2e69eea5,2e69eea5c,2020-11-15,18,{'JAM'},{'JAM_STAND_STILL_TRAFFIC'},17,{2},5.0
2e69eea5,2e69eea5c,2020-11-16,7,{'JAM'},{'JAM_STAND_STILL_TRAFFIC'},30,{2},5.0
2e69eea5,2e69eea5c,2020-11-16,8,{'JAM'},{'JAM_HEAVY_TRAFFIC'},31,{2},5.935483870967742
2e69eea5,2e69eea5c,2020-11-16,15,{'JAM'},{'JAM_STAND_STILL_TRAFFIC'},35,{2},5.457142857142857
2e69eea5,2e69eea5c,2020-11-17,8,{'JAM'},{'JAM_STAND_STILL_TRAFFIC'},35,{2},5.942857142857143
2e69eea5,2e69eea5c,2020-11-17,13,{'JAM'},{'JAM_STAND_STILL_TRAFFIC'},7,{2},5.0
2e69eea5,2e69eea5c,2020-11-17,16,{'JAM'},{'JAM_STAND_STILL_TRAFFIC'},34,{2},5.0
2e69eea5,2e69eea5c,2020-11-18,7,{'JAM'},{'JAM_STAND_STILL_TRAFFIC'},13,{2},5.0
2e69eea5,2e69eea5c,2020-11-18,17,{'JAM'},{'JAM'},32,{2},5.0
2e69eea5,2e69eea5c,2020-11-19,14,{'JAM'},{'JAM_STAND_STILL_TRAFFIC'},31,{2},5.967741935483871
2e69eea5,2e69eea5c,2020-11-21,11,{'JAM'},{'JAM_STAND_STILL_TRAFFIC'},32,{2},5.3125
2e69eea5,2e69eea5c,2020-11-21,12,{'JAM'},{'JAM_STAND_STILL_TRAFFIC'},12,{2},5.0
2e69eea5,2e69eea5c,2020-11-22,13,{'JAM'},{'JAM_STAND_STILL_TRAFFIC'},15,{2},5.0
2e69eea5,2e69eea5c,2020-11-22,16,{'JAM'},{'JAM_HEAVY_TRAFFIC'},30,{2},5.0
2e69eea5,2e69eea5c,2020-11-22,20,{'JAM'},{'JAM_HEAVY_TRAFFIC'},30,{2},5.0
2e69eea7,2e69eea64,2020-09-01,17,{'JAM'},{'JAM_STAND_STILL_TRAFFIC'},23,{2},5.0
2e69eea7,2e69eea64,2020-09-04,17,{'JAM'},{'JAM_STAND_STILL_TRAFFIC'},30,{2},5.0
2e69eea7,2e69eea64,2020-09-05,13,{'JAM'},{'JAM_MODERATE_TRAFFIC'},6,{2},5.0
2e69eea7,2e69eea64,2020-09-05,14,{'JAM'},{'JAM_STAND_STILL_TRAFFIC'},30,{2},9.666666666666666
2e69eea7,2e69eea64,2020-09-05,16,{'JAM'},{'JAM_STAND_STILL_TRAFFIC'},31,{2},5.0
2e69eea7,2e69eea64,2020-09-08,18,{'JAM'},{'JAM'},8,{2},5.875
2e69eea7,2e69eea64,2020-09-29,16,{'JAM'},{'JAM_STAND_STILL_TRAFFIC'},31,{2},5.0
2e69eea7,2e69eea64,2020-10-01,16,{'JAM'},{'JAM_STAND_STILL_TRAFFIC'},32,{2},5.0
2e69eea7,2e69eea64,2020-10-03,16,{'JAM'},{'JAM_STAND_STILL_TRAFFIC'},33,{2},5.0
2e69eea7,2e69eea64,2020-10-04,15,{'JAM'},{'JAM_HEAVY_TRAFFIC'},16,{2},5.0
2e69eea7,2e69eea64,2020-10-10,18,{'JAM'},{'JAM_STAND_STILL_TRAFFIC'},40,{2},5.85
2e69eea7,2e69eea64,2020-10-11,19,{'JAM'},{'JAM_STAND_STILL_TRAFFIC'},32,{2},5.0
2e69eea7,2e69eea64,2020-10-12,14,{'JAM'},{'JAM_HEAVY_TRAFFIC'},31,{2},5.0
2e69eea7,2e69eea64,2020-10-17,15,{'JAM'},{'JAM_STAND_STILL_TRAFFIC'},46,{2},5.3478260869565215
2e69eea7,2e69eea64,2020-10-18,16,{'JAM'},{'JAM_STAND_STILL_TRAFFIC'},30,{2},5.0
2e69eea7,2e69eea64,2020-10-19,16,"{'JAM', 'WEATHERHAZARD'}","{'HAZARD_ON_SHOULDER_CAR_STOPPED', 'JAM_STAND_STILL_TRAFFIC'}",53,{2},5.113207547169812
2e69eea7,2e69eea64,2020-10-19,19,{'JAM'},{'JAM_STAND_STILL_TRAFFIC'},33,{2},5.9393939393939394
2e69eea7,2e69eea64,2020-10-20,18,{'JAM'},{'JAM_HEAVY_TRAFFIC'},19,{2},5.0
2e69eea7,2e69eea64,2020-10-21,17,{'JAM'},{'JAM_STAND_STILL_TRAFFIC'},31,{2},5.0
2e69eea7,2e69eea64,2020-10-22,16,{'JAM'},{'JAM_STAND_STILL_TRAFFIC'},31,{2},5.0
2e69eea7,2e69eea64,2020-10-22,17,{'JAM'},{'JAM_STAND_STILL_TRAFFIC'},39,{2},5.435897435897436
2e69eea7,2e69eea64,2020-10-22,18,{'JAM'},{'JAM_STAND_STILL_TRAFFIC'},31,{2},5.0
2e69eea7,2e69eea64,2020-10-25,17,{'JAM'},{'JAM_STAND_STILL_TRAFFIC'},32,{2},5.0
2e69eea7,2e69eea64,2020-10-28,13,{'JAM'},{'JAM_HEAVY_TRAFFIC'},30,{2},5.0
2e69eea7,2e69eea64,2020-10-29,17,{'JAM'},{'JAM_STAND_STILL_TRAFFIC'},33,{2},5.0
2e69eea7,2e69eea64,2020-10-31,13,{'JAM'},{'JAM_STAND_STILL_TRAFFIC'},31,{2},5.0
2e69eea7,2e69eea64,2020-11-01,12,{'JAM'},{'JAM_MODERATE_TRAFFIC'},10,{2},5.0
2e69eea7,2e69eea64,2020-11-01,18,{'JAM'},"{'JAM_STAND_STILL_TRAFFIC', 'JAM_HEAVY_TRAFFIC'}",17,{2},5.0
2e69eea7,2e69eea64,2020-11-02,8,{'JAM'},{'JAM_STAND_STILL_TRAFFIC'},30,{2},6.7
2e69eea7,2e69eea64,2020-11-07,12,{'JAM'},{'JAM_HEAVY_TRAFFIC'},12,{2},5.75
2e69eea7,2e69eea64,2020-11-07,14,{'JAM'},{'JAM_STAND_STILL_TRAFFIC'},30,{2},5.0
2e69eea7,2e69eea64,2020-11-08,14,{'JAM'},{'JAM_HEAVY_TRAFFIC'},19,{2},5.0
2e69eea7,2e69eea64,2020-11-09,7,{'JAM'},{'JAM_HEAVY_TRAFFIC'},31,{2},5.935483870967742
2e69eea7,2e69eea64,2020-11-12,18,{'JAM'},{'JAM_HEAVY_TRAFFIC'},37,{2},5.918918918918919
2e69eea7,2e69eea64,2020-11-13,8,{'JAM'},{'JAM_STAND_STILL_TRAFFIC'},29,{2},5.0
2e69eea7,2e69eea64,2020-11-13,19,{'JAM'},{'JAM_STAND_STILL_TRAFFIC'},16,{2},6.0
2e69eea7,2e69eea64,2020-11-14,15,{'JAM'},{'JAM_HEAVY_TRAFFIC'},32,{2},6.78125
2e69eea7,2e69eea64,2020-11-14,17,{'JAM'},{'JAM_HEAVY_TRAFFIC'},16,{2},5.0
2e69eea7,2e69eea64,2020-11-18,16,{'JAM'},{'JAM_HEAVY_TRAFFIC'},36,{2},5.0
2e69eea7,2e69eea64,2020-11-20,19,{'JAM'},{'JAM_STAND_STILL_TRAFFIC'},32,{2},7.125
2e69eea7,2e69eea64,2020-11-21,15,{'JAM'},{'JAM_STAND_STILL_TRAFFIC'},31,{2},5.0
2e69eea7,2e69eea64,2020-11-21,16,{'JAM'},{'JAM_STAND_STILL_TRAFFIC'},34,{2},5.0
2e69eea7,2e69eea7c,2020-09-06,12,{'JAM'},{'JAM'},31,{1},5.0
2e69eea9,2e69eea8c,2020-09-08,18,{'JAM'},"{'JAM_STAND_STILL_TRAFFIC', 'JAM_HEAVY_TRAFFIC'}",46,{2},5.6521739130434785
2e69eea9,2e69eea8c,2020-09-19,13,{'JAM'},{'JAM_STAND_STILL_TRAFFIC'},30,{2},5.0
2e69eea9,2e69eea8c,2020-10-31,18,{'JAM'},{'JAM_HEAVY_TRAFFIC'},31,{2},5.0
2e69eea9,2e69eea94,2020-09-08,18,"{'JAM', 'WEATHERHAZARD'}","{'WEATHERHAZARD', 'JAM_HEAVY_TRAFFIC'}",33,{2},5.909090909090909
2e69eea9,2e69eea94,2020-09-15,17,"{'JAM', 'WEATHERHAZARD'}","{'HAZARD_ON_ROAD_CAR_STOPPED', 'JAM_STAND_STILL_TRAFFIC'}",37,{2},5.4324324324324325
2e69eea9,2e69eea94,2020-11-14,14,{'JAM'},{'JAM_HEAVY_TRAFFIC'},27,{2},5.0
2e69eea9,2e69eea94,2020-11-15,18,{'JAM'},{'JAM_HEAVY_TRAFFIC'},15,{2},5.0
2e69eeab,2e69eeab4,2020-09-30,12,{'JAM'},{'JAM_STAND_STILL_TRAFFIC'},6,{2},5.0
2e69eeab,2e69eeab4,2020-11-10,11,{'JAM'},{'JAM_MODERATE_TRAFFIC'},31,{2},5.0
2e69eeab,2e69eeab4,2020-11-16,17,{'JAM'},{'JAM_HEAVY_TRAFFIC'},31,{2},5.967741935483871
2e69eeab,2e69eeab4,2020-11-21,16,{'JAM'},{'JAM_HEAVY_TRAFFIC'},30,{2},5.0
2e69eead,2e69eeacc,2020-10-11,12,{'JAM'},{'JAM'},30,{1},5.0
2e69eead,2e69eead4,2020-09-10,9,{'JAM'},{'JAM'},31,{17},5.0
2e69eead,2e69eeadc,2020-09-29,18,{'JAM'},{'JAM'},46,{1},5.3478260869565215
2e69eead,2e69eeadc,2020-11-16,9,"{'JAM', 'WEATHERHAZARD'}","{'JAM_STAND_STILL_TRAFFIC', 'HAZARD_ON_ROAD_CONSTRUCTION'}",147,{2},5.1020408163265305
2e69eeaf,2e69eeae4,2020-09-22,18,{'JAM'},{'JAM_STAND_STILL_TRAFFIC'},31,{2},5.0
2e69eeaf,2e69eeafc,2020-09-22,18,{'JAM'},{'JAM_STAND_STILL_TRAFFIC'},30,{2},5.0
2e69eeaf,2e69eeafc,2020-11-18,6,{'ACCIDENT'},{'ACCIDENT_MINOR'},160,{2},5.5625
2e69eeb1,2e69eeb0c,2020-10-04,11,"{'JAM', 'ACCIDENT'}","{'JAM_MODERATE_TRAFFIC', 'ACCIDENT'}",268,{2},5.1716417910447765
2e69eeb1,2e69eeb0c,2020-10-28,15,{'JAM'},{'JAM'},32,{1},5.0
2e69eeb1,2e69eeb14,2020-09-15,16,{'WEATHERHAZARD'},{'HAZARD_WEATHER_FOG'},25,{2},6.0
2e69eeb1,2e69eeb14,2020-10-04,11,{'ACCIDENT'},{'ACCIDENT'},120,{2},5.641666666666667
2e69eeb3,2e69eeb24,2020-09-22,5,{'WEATHERHAZARD'},{'HAZARD_WEATHER_FLOOD'},30,{1},5.0
2e69eeb3,2e69eeb34,2020-10-27,8,{'JAM'},{'JAM_STAND_STILL_TRAFFIC'},35,{2},5.0
2e69eeb7,2e69eeb74,2020-10-03,17,{'JAM'},{'JAM_MODERATE_TRAFFIC'},32,{1},5.0
2e69eeb7,2e69eeb74,2020-10-25,6,{'JAM'},{'JAM_HEAVY_TRAFFIC'},73,{1},5.0
2e69eeb7,2e69eeb7c,2020-09-06,17,{'WEATHERHAZARD'},{'HAZARD_ON_ROAD_POT_HOLE'},2106,{1},9.755460588793921
2e69eeb7,2e69eeb7c,2020-11-01,15,{'WEATHERHAZARD'},{'HAZARD_ON_ROAD_POT_HOLE'},1170,{1},6.937606837606838
2e69eeb9,2e69eeb8c,2020-09-09,17,{'JAM'},{'JAM_HEAVY_TRAFFIC'},5,{2},5.0
2e69eeb9,2e69eeb8c,2020-09-09,18,"{'JAM', 'WEATHERHAZARD', 'ACCIDENT'}","{'HAZARD_ON_SHOULDER_CAR_STOPPED', 'JAM_STAND_STILL_TRAFFIC', 'ACCIDENT'}",157,"{1, 2}",7.980891719745223
2e69eeb9,2e69eeb8c,2020-09-11,18,{'JAM'},{'JAM_HEAVY_TRAFFIC'},27,{2},5.0
2e69eeb9,2e69eeb8c,2020-10-03,12,{'JAM'},{'JAM_STAND_STILL_TRAFFIC'},30,{2},5.0
2e69eeb9,2e69eeb8c,2020-10-03,15,{'JAM'},{'JAM_HEAVY_TRAFFIC'},36,{2},5.416666666666667
2e69eeb9,2e69eeb8c,2020-10-08,17,{'JAM'},{'JAM_STAND_STILL_TRAFFIC'},44,{2},6.363636363636363
2e69eeb9,2e69eeb8c,2020-10-09,13,{'JAM'},{'JAM_STAND_STILL_TRAFFIC'},30,{2},5.0
2e69eeb9,2e69eeb8c,2020-10-09,14,{'JAM'},{'JAM_STAND_STILL_TRAFFIC'},30,{2},5.0
2e69eeb9,2e69eeb8c,2020-10-09,16,{'JAM'},{'JAM_HEAVY_TRAFFIC'},38,{2},5.0
2e69eeb9,2e69eeb8c,2020-10-19,18,{'JAM'},{'JAM_HEAVY_TRAFFIC'},6,{2},5.0
2e69eeb9,2e69eeb8c,2020-10-19,19,{'JAM'},{'JAM_STAND_STILL_TRAFFIC'},6,{2},5.0
2e69eeb9,2e69eeb8c,2020-10-21,8,{'JAM'},{'JAM_HEAVY_TRAFFIC'},5,{2},5.0
2e69eeb9,2e69eeb8c,2020-10-21,9,{'JAM'},{'JAM_STAND_STILL_TRAFFIC'},32,{2},5.0
2e69eeb9,2e69eeb8c,2020-10-26,8,{'JAM'},{'JAM_STAND_STILL_TRAFFIC'},34,{2},6.647058823529412
2e69eeb9,2e69eeb8c,2020-10-26,15,{'JAM'},{'JAM_HEAVY_TRAFFIC'},39,{2},9.307692307692308
2e69eeb9,2e69eeb8c,2020-10-26,16,{'JAM'},{'JAM_STAND_STILL_TRAFFIC'},22,{2},5.863636363636363
2e69eeb9,2e69eeb8c,2020-10-27,8,{'JAM'},{'JAM_STAND_STILL_TRAFFIC'},30,{2},5.0
2e69eeb9,2e69eeb8c,2020-11-02,8,{'JAM'},{'JAM_STAND_STILL_TRAFFIC'},30,{2},5.833333333333333
2e69eeb9,2e69eeb8c,2020-11-03,16,{'JAM'},{'JAM_STAND_STILL_TRAFFIC'},31,{2},5.0
2e69eeb9,2e69eeb8c,2020-11-03,19,{'JAM'},{'JAM_STAND_STILL_TRAFFIC'},32,{2},6.0
2e69eeb9,2e69eeb8c,2020-11-04,17,{'JAM'},{'JAM_STAND_STILL_TRAFFIC'},24,{2},5.0
2e69eeb9,2e69eeb8c,2020-11-09,18,{'JAM'},{'JAM_STAND_STILL_TRAFFIC'},62,{2},5.0
2e69eeb9,2e69eeb8c,2020-11-10,8,{'JAM'},{'JAM_STAND_STILL_TRAFFIC'},14,{2},5.142857142857143
2e69eeb9,2e69eeb8c,2020-11-10,19,{'JAM'},"{'JAM_STAND_STILL_TRAFFIC', 'JAM_HEAVY_TRAFFIC'}",38,{2},5.0
2e69eeb9,2e69eeb8c,2020-11-11,17,{'JAM'},{'JAM_HEAVY_TRAFFIC'},7,{2},5.0
2e69eeb9,2e69eeb8c,2020-11-11,18,{'JAM'},{'JAM_STAND_STILL_TRAFFIC'},25,{2},5.0
2e69eeb9,2e69eeb8c,2020-11-16,17,{'JAM'},{'JAM_STAND_STILL_TRAFFIC'},24,{2},5.0
2e69eeb9,2e69eeb8c,2020-11-16,18,{'JAM'},{'JAM_STAND_STILL_TRAFFIC'},8,{2},5.0
2e69eeb9,2e69eeb8c,2020-11-17,19,{'JAM'},{'JAM'},11,{2},5.0
2e69eeb9,2e69eeb8c,2020-11-21,16,{'JAM'},{'JAM_STAND_STILL_TRAFFIC'},39,{2},5.0256410256410255
2e69eeb9,2e69eeb94,2020-09-05,12,{'JAM'},{'JAM_STAND_STILL_TRAFFIC'},30,{2},5.0
2e69eeb9,2e69eeb94,2020-09-12,13,{'JAM'},{'JAM_MODERATE_TRAFFIC'},6,{2},5.0
2e69eeb9,2e69eeb94,2020-09-17,18,{'JAM'},{'JAM_STAND_STILL_TRAFFIC'},6,{2},5.0
2e69eeb9,2e69eeb94,2020-10-06,17,{'JAM'},{'JAM_STAND_STILL_TRAFFIC'},32,{2},5.0
2e69eeb9,2e69eeb94,2020-10-09,16,{'JAM'},{'JAM_STAND_STILL_TRAFFIC'},99,{2},5.5353535353535355
2e69eeb9,2e69eeb94,2020-10-13,18,{'JAM'},{'JAM'},13,{2},5.0
2e69eeb9,2e69eeb94,2020-10-17,10,{'JAM'},{'JAM_STAND_STILL_TRAFFIC'},31,{2},5.0
2e69eeb9,2e69eeb94,2020-10-19,18,{'JAM'},"{'JAM_STAND_STILL_TRAFFIC', 'JAM_HEAVY_TRAFFIC'}",64,{2},5.0
2e69eeb9,2e69eeb94,2020-10-19,19,{'JAM'},"{'JAM_STAND_STILL_TRAFFIC', 'JAM_HEAVY_TRAFFIC'}",47,{2},5.617021276595745
2e69eeb9,2e69eeb94,2020-10-22,18,{'JAM'},{'JAM_HEAVY_TRAFFIC'},30,{2},5.0
2e69eeb9,2e69eeb94,2020-10-26,8,{'JAM'},{'JAM_STAND_STILL_TRAFFIC'},18,{2},5.0
2e69eeb9,2e69eeb94,2020-10-26,16,{'JAM'},{'JAM_STAND_STILL_TRAFFIC'},31,{2},6.774193548387097
2e69eeb9,2e69eeb94,2020-11-03,9,{'JAM'},{'JAM_MODERATE_TRAFFIC'},19,{2},5.0
2e69eeb9,2e69eeb94,2020-11-04,19,{'JAM'},{'JAM_MODERATE_TRAFFIC'},23,{2},5.0
2e69eeb9,2e69eeb94,2020-11-07,10,{'JAM'},{'JAM_STAND_STILL_TRAFFIC'},63,{2},5.238095238095238
2e69eeb9,2e69eeb94,2020-11-07,11,{'JAM'},{'JAM_HEAVY_TRAFFIC'},30,{2},5.0
2e69eeb9,2e69eeb94,2020-11-09,17,{'JAM'},{'JAM_STAND_STILL_TRAFFIC'},9,{2},5.0
2e69eeb9,2e69eeb94,2020-11-09,18,{'JAM'},{'JAM_MODERATE_TRAFFIC'},21,{2},5.0
2e69eeb9,2e69eeb94,2020-11-10,8,{'JAM'},"{'JAM_STAND_STILL_TRAFFIC', 'JAM_HEAVY_TRAFFIC'}",154,{2},5.3896103896103895
2e69eeb9,2e69eeb94,2020-11-10,17,{'JAM'},{'JAM_HEAVY_TRAFFIC'},25,{2},5.0
2e69eeb9,2e69eeb94,2020-11-10,19,{'JAM'},{'JAM_HEAVY_TRAFFIC'},6,{2},5.0
2e69eeb9,2e69eeb94,2020-11-11,17,{'JAM'},{'JAM_STAND_STILL_TRAFFIC'},176,{2},5.846590909090909
2e69eeb9,2e69eeb94,2020-11-12,19,{'JAM'},{'JAM_STAND_STILL_TRAFFIC'},49,{2},5.0
2e69eeb9,2e69eeb94,2020-11-16,17,{'JAM'},{'JAM_HEAVY_TRAFFIC'},21,{2},5.0
2e69eeb9,2e69eeb94,2020-11-21,14,{'JAM'},{'JAM_HEAVY_TRAFFIC'},29,{2},5.0
2e69eeb9,2e69eeb94,2020-11-21,15,{'JAM'},{'JAM_MODERATE_TRAFFIC'},30,{2},5.0
2e69eeb9,2e69eeb9c,2020-11-07,11,{'JAM'},{'JAM_STAND_STILL_TRAFFIC'},31,{2},5.645161290322581
2e69eebb,2e69eeba4,2020-11-18,16,{'JAM'},{'JAM_HEAVY_TRAFFIC'},30,{2},5.0
2e69eebb,2e69eebb4,2020-09-22,16,{'JAM'},{'JAM'},30,{2},5.0
2e69eebb,2e69eebb4,2020-10-04,20,{'WEATHERHAZARD'},{'HAZARD_WEATHER_FLOOD'},31,{2},5.0
2e69eebb,2e69eebb4,2020-10-10,10,{'JAM'},{'JAM_STAND_STILL_TRAFFIC'},31,{2},5.548387096774194
2e69eebb,2e69eebb4,2020-10-20,13,{'JAM'},{'JAM_STAND_STILL_TRAFFIC'},32,{2},5.0
2e69eebb,2e69eebb4,2020-10-31,11,{'JAM'},{'JAM_STAND_STILL_TRAFFIC'},19,{2},5.0
2e69eebb,2e69eebb4,2020-11-18,16,"{'JAM', 'WEATHERHAZARD'}","{'HAZARD_ON_ROAD_CAR_STOPPED', 'JAM_HEAVY_TRAFFIC'}",45,{2},5.155555555555556
2e69eebb,2e69eebbc,2020-10-26,15,{'JAM'},{'JAM_STAND_STILL_TRAFFIC'},32,{2},5.0
2e69eebb,2e69eebbc,2020-10-26,16,{'JAM'},{'JAM_HEAVY_TRAFFIC'},32,{2},5.75
2e69eebb,2e69eebbc,2020-11-10,8,{'JAM'},{'JAM_STAND_STILL_TRAFFIC'},7,{2},5.0
2e69eebb,2e69eebbc,2020-11-21,17,{'JAM'},{'JAM_STAND_STILL_TRAFFIC'},13,{1},5.923076923076923
2e69eebd,2e69eebcc,2020-10-04,9,{'JAM'},{'JAM_HEAVY_TRAFFIC'},31,{1},5.0
2e69eebd,2e69eebcc,2020-10-30,17,{'WEATHERHAZARD'},{'WEATHERHAZARD'},31,{1},5.0
2e69eebf,2e69eebf4,2020-09-06,21,{'WEATHERHAZARD'},{'HAZARD_ON_ROAD_POT_HOLE'},64,{2},6.046875
2e69eebf,2e69eebf4,2020-09-09,17,{'JAM'},{'JAM'},8,{2},5.125
2e69eebf,2e69eebf4,2020-09-09,18,{'JAM'},{'JAM_STAND_STILL_TRAFFIC'},42,{2},5.404761904761905
2e69eebf,2e69eebf4,2020-10-02,19,{'JAM'},{'JAM_MODERATE_TRAFFIC'},20,{2},5.0
2e69eebf,2e69eebf4,2020-10-08,17,{'JAM'},{'JAM_STAND_STILL_TRAFFIC'},4,{2},5.0
2e69eebf,2e69eebf4,2020-10-12,7,{'JAM'},{'JAM_HEAVY_TRAFFIC'},23,{2},5.0
2e69eebf,2e69eebf4,2020-10-20,16,{'JAM'},{'JAM_STAND_STILL_TRAFFIC'},7,{2},5.0
2e69eebf,2e69eebf4,2020-10-26,8,{'JAM'},{'JAM_HEAVY_TRAFFIC'},31,{2},5.967741935483871
2e69eebf,2e69eebf4,2020-10-26,16,{'JAM'},{'JAM_STAND_STILL_TRAFFIC'},9,{2},5.0
2e69eebf,2e69eebf4,2020-10-27,8,{'JAM'},{'JAM_STAND_STILL_TRAFFIC'},31,{2},5.0
2e69eebf,2e69eebf4,2020-11-03,19,{'JAM'},{'JAM_STAND_STILL_TRAFFIC'},17,{2},5.0
2e69eebf,2e69eebf4,2020-11-05,8,{'JAM'},{'JAM_STAND_STILL_TRAFFIC'},29,{2},5.0
2e69eebf,2e69eebf4,2020-11-09,18,{'JAM'},{'JAM_STAND_STILL_TRAFFIC'},30,{2},5.0
2e69eec1,2e69eec04,2020-09-02,9,{'JAM'},{'JAM_STAND_STILL_TRAFFIC'},30,{2},5.0
2e69eec1,2e69eec04,2020-09-03,17,{'JAM'},{'JAM'},31,{2},6.0
2e69eec1,2e69eec04,2020-09-05,13,{'JAM'},"{'JAM_STAND_STILL_TRAFFIC', 'JAM_HEAVY_TRAFFIC'}",57,{2},5.0
2e69eec1,2e69eec04,2020-09-11,8,{'JAM'},{'JAM_HEAVY_TRAFFIC'},12,{2},5.0
2e69eec1,2e69eec04,2020-09-12,13,{'JAM'},{'JAM_MODERATE_TRAFFIC'},32,{2},5.53125
2e69eec1,2e69eec04,2020-09-12,15,{'JAM'},{'JAM_HEAVY_TRAFFIC'},7,{2},5.0
2e69eec1,2e69eec04,2020-09-16,11,{'JAM'},{'JAM_MODERATE_TRAFFIC'},31,{2},5.0
2e69eec1,2e69eec04,2020-09-20,11,{'WEATHERHAZARD'},{'HAZARD_ON_SHOULDER_CAR_STOPPED'},30,{2},5.0
2e69eec1,2e69eec04,2020-09-29,17,{'JAM'},{'JAM_HEAVY_TRAFFIC'},28,{2},5.0
2e69eec1,2e69eec04,2020-10-02,17,{'JAM'},{'JAM_STAND_STILL_TRAFFIC'},32,{2},5.65625
2e69eec1,2e69eec04,2020-10-03,11,{'JAM'},{'JAM_STAND_STILL_TRAFFIC'},31,{2},5.0
2e69eec1,2e69eec04,2020-10-03,13,{'JAM'},{'JAM_STAND_STILL_TRAFFIC'},31,{2},5.0
2e69eec1,2e69eec04,2020-10-03,16,{'JAM'},{'JAM_STAND_STILL_TRAFFIC'},59,{2},5.0
2e69eec1,2e69eec04,2020-10-05,18,{'JAM'},{'JAM_HEAVY_TRAFFIC'},31,{2},5.0
2e69eec1,2e69eec04,2020-10-10,14,{'JAM'},{'JAM_HEAVY_TRAFFIC'},7,{2},5.0
2e69eec1,2e69eec04,2020-10-10,15,{'JAM'},{'JAM_STAND_STILL_TRAFFIC'},38,{2},6.421052631578948
2e69eec1,2e69eec04,2020-10-10,17,{'JAM'},{'JAM_HEAVY_TRAFFIC'},32,{2},5.0
2e69eec1,2e69eec04,2020-10-12,7,{'JAM'},{'JAM_HEAVY_TRAFFIC'},31,{2},5.0
2e69eec1,2e69eec04,2020-10-12,8,{'JAM'},{'JAM_STAND_STILL_TRAFFIC'},66,{2},5.7272727272727275
2e69eec1,2e69eec04,2020-10-15,18,{'JAM'},{'JAM_STAND_STILL_TRAFFIC'},12,{2},5.0
2e69eec1,2e69eec04,2020-10-17,16,{'JAM'},{'JAM_HEAVY_TRAFFIC'},3,{2},6.0
2e69eec1,2e69eec04,2020-10-19,8,{'JAM'},{'JAM_HEAVY_TRAFFIC'},32,{2},5.0
2e69eec1,2e69eec04,2020-10-19,9,{'JAM'},{'JAM_MODERATE_TRAFFIC'},31,{2},5.0
2e69eec1,2e69eec04,2020-10-19,19,{'JAM'},{'JAM_STAND_STILL_TRAFFIC'},6,{2},5.0
2e69eec1,2e69eec04,2020-10-20,8,{'JAM'},"{'JAM_STAND_STILL_TRAFFIC', 'JAM_HEAVY_TRAFFIC'}",85,{2},5.0
2e69eec1,2e69eec04,2020-10-21,8,{'JAM'},{'JAM_STAND_STILL_TRAFFIC'},34,{2},5.0
2e69eec1,2e69eec04,2020-10-21,9,{'JAM'},{'JAM_HEAVY_TRAFFIC'},30,{2},6.0
2e69eec1,2e69eec04,2020-10-22,7,{'JAM'},{'JAM_STAND_STILL_TRAFFIC'},60,{2},5.0
2e69eec1,2e69eec04,2020-10-22,8,{'JAM'},{'JAM_HEAVY_TRAFFIC'},30,{2},5.0
2e69eec1,2e69eec04,2020-10-23,7,{'JAM'},{'JAM_STAND_STILL_TRAFFIC'},34,{2},5.852941176470588
2e69eec1,2e69eec04,2020-10-24,16,{'JAM'},{'JAM'},33,{2},5.0
2e69eec1,2e69eec04,2020-10-26,7,{'JAM'},{'JAM_STAND_STILL_TRAFFIC'},30,{2},5.0
2e69eec1,2e69eec04,2020-10-26,8,{'JAM'},{'JAM_HEAVY_TRAFFIC'},43,{2},7.4186046511627906
2e69eec1,2e69eec04,2020-10-27,8,{'JAM'},{'JAM'},34,{2},6.352941176470588
2e69eec1,2e69eec04,2020-10-27,18,{'JAM'},{'JAM_HEAVY_TRAFFIC'},33,{2},5.0
2e69eec1,2e69eec04,2020-10-31,14,{'JAM'},{'JAM_HEAVY_TRAFFIC'},31,{2},5.0
2e69eec1,2e69eec04,2020-11-02,9,{'JAM'},{'JAM_HEAVY_TRAFFIC'},31,{2},6.935483870967742
2e69eec1,2e69eec04,2020-11-02,16,{'JAM'},{'JAM_STAND_STILL_TRAFFIC'},45,{2},5.377777777777778
2e69eec1,2e69eec04,2020-11-02,18,{'JAM'},{'JAM_STAND_STILL_TRAFFIC'},30,{2},5.0
2e69eec1,2e69eec04,2020-11-03,7,{'JAM'},{'JAM_STAND_STILL_TRAFFIC'},32,{2},5.875
2e69eec1,2e69eec04,2020-11-03,8,{'JAM'},{'JAM_STAND_STILL_TRAFFIC'},27,{2},7.962962962962963
2e69eec1,2e69eec04,2020-11-04,7,{'JAM'},{'JAM_STAND_STILL_TRAFFIC'},73,{2},5.712328767123288
2e69eec1,2e69eec04,2020-11-04,9,{'JAM'},{'JAM_STAND_STILL_TRAFFIC'},88,{2},5.0
2e69eec1,2e69eec04,2020-11-05,8,{'JAM'},{'JAM_STAND_STILL_TRAFFIC'},30,{2},5.0
2e69eec1,2e69eec04,2020-11-05,9,{'JAM'},{'JAM_STAND_STILL_TRAFFIC'},32,{2},5.46875
2e69eec1,2e69eec04,2020-11-06,8,{'JAM'},{'JAM_STAND_STILL_TRAFFIC'},59,{2},5.4576271186440675
2e69eec1,2e69eec04,2020-11-06,16,{'JAM'},{'JAM_HEAVY_TRAFFIC'},29,{2},5.0
2e69eec1,2e69eec04,2020-11-06,18,{'JAM'},{'JAM_HEAVY_TRAFFIC'},30,{2},5.0
2e69eec1,2e69eec04,2020-11-07,16,{'JAM'},{'JAM_MODERATE_TRAFFIC'},30,{2},5.0
2e69eec1,2e69eec04,2020-11-08,15,{'JAM'},{'JAM_STAND_STILL_TRAFFIC'},32,{2},5.0
2e69eec1,2e69eec04,2020-11-10,6,{'JAM'},{'JAM_HEAVY_TRAFFIC'},33,{2},5.0
2e69eec1,2e69eec04,2020-11-10,7,{'JAM'},"{'JAM', 'JAM_STAND_STILL_TRAFFIC'}",64,{2},5.5
2e69eec1,2e69eec04,2020-11-10,8,{'JAM'},{'JAM_STAND_STILL_TRAFFIC'},35,{2},5.0
2e69eec1,2e69eec04,2020-11-11,7,{'JAM'},{'JAM_HEAVY_TRAFFIC'},31,{2},5.838709677419355
2e69eec1,2e69eec04,2020-11-11,9,{'JAM'},{'JAM_STAND_STILL_TRAFFIC'},40,{2},5.0
2e69eec1,2e69eec04,2020-11-11,16,{'JAM'},{'JAM_STAND_STILL_TRAFFIC'},7,{2},5.0
2e69eec1,2e69eec04,2020-11-11,17,{'JAM'},{'JAM_STAND_STILL_TRAFFIC'},36,{2},6.333333333333333
2e69eec1,2e69eec04,2020-11-12,7,{'JAM'},{'JAM_HEAVY_TRAFFIC'},30,{2},5.0
2e69eec1,2e69eec04,2020-11-12,8,{'JAM'},{'JAM_HEAVY_TRAFFIC'},91,{2},5.329670329670329
2e69eec1,2e69eec04,2020-11-13,8,{'JAM'},{'JAM_STAND_STILL_TRAFFIC'},31,{2},5.870967741935484
2e69eec1,2e69eec04,2020-11-14,16,{'JAM'},{'JAM_STAND_STILL_TRAFFIC'},38,{2},5.2894736842105265
2e69eec1,2e69eec04,2020-11-14,17,{'JAM'},{'JAM_HEAVY_TRAFFIC'},15,{2},5.0
2e69eec1,2e69eec04,2020-11-17,7,{'JAM'},{'JAM_STAND_STILL_TRAFFIC'},31,{2},5.0
2e69eec1,2e69eec04,2020-11-17,8,{'JAM'},{'JAM_HEAVY_TRAFFIC'},53,{2},5.509433962264151
2e69eec1,2e69eec0c,2020-09-09,18,{'JAM'},{'JAM_STAND_STILL_TRAFFIC'},23,{2},5.0
2e69eec1,2e69eec0c,2020-10-01,14,{'JAM'},{'JAM'},6,{2},5.0
2e69eec1,2e69eec0c,2020-10-12,7,{'JAM'},{'JAM_HEAVY_TRAFFIC'},32,{2},5.0
2e69eec1,2e69eec0c,2020-10-12,8,{'JAM'},{'JAM_HEAVY_TRAFFIC'},31,{2},5.0
2e69eec1,2e69eec0c,2020-10-15,18,{'JAM'},{'JAM_HEAVY_TRAFFIC'},7,{2},5.0
2e69eec1,2e69eec0c,2020-10-19,8,{'JAM'},{'JAM_HEAVY_TRAFFIC'},30,{2},5.0
2e69eec1,2e69eec0c,2020-10-20,16,{'JAM'},{'JAM_STAND_STILL_TRAFFIC'},14,{2},5.0
2e69eec1,2e69eec0c,2020-10-20,19,{'JAM'},{'JAM_STAND_STILL_TRAFFIC'},7,{2},5.0
2e69eec1,2e69eec0c,2020-10-21,8,"{'JAM', 'WEATHERHAZARD'}","{'HAZARD_ON_SHOULDER_CAR_STOPPED', 'JAM_STAND_STILL_TRAFFIC'}",61,{2},6.114754098360656
2e69eec1,2e69eec0c,2020-10-21,9,{'JAM'},{'JAM_HEAVY_TRAFFIC'},2,{2},5.0
2e69eec1,2e69eec0c,2020-10-21,19,{'JAM'},{'JAM_HEAVY_TRAFFIC'},30,{2},5.0
2e69eec1,2e69eec0c,2020-10-22,8,{'JAM'},{'JAM_HEAVY_TRAFFIC'},21,{2},5.0
2e69eec1,2e69eec0c,2020-10-23,7,{'JAM'},{'JAM_STAND_STILL_TRAFFIC'},32,{2},5.0
2e69eec1,2e69eec0c,2020-10-26,7,{'JAM'},"{'JAM_STAND_STILL_TRAFFIC', 'JAM_HEAVY_TRAFFIC'}",60,{2},7.7
2e69eec1,2e69eec0c,2020-10-26,8,{'JAM'},"{'JAM_STAND_STILL_TRAFFIC', 'JAM_HEAVY_TRAFFIC'}",67,{2},5.074626865671642
2e69eec1,2e69eec0c,2020-10-27,7,{'JAM'},{'JAM_HEAVY_TRAFFIC'},31,{2},5.0
2e69eec1,2e69eec0c,2020-10-27,8,{'JAM'},{'JAM_STAND_STILL_TRAFFIC'},36,{2},5.944444444444445
2e69eec1,2e69eec0c,2020-11-02,9,{'JAM'},{'JAM_HEAVY_TRAFFIC'},31,{2},5.0
2e69eec1,2e69eec0c,2020-11-03,7,{'JAM'},{'JAM_STAND_STILL_TRAFFIC'},31,{2},5.0
2e69eec1,2e69eec0c,2020-11-03,8,{'JAM'},{'JAM_STAND_STILL_TRAFFIC'},36,{2},5.027777777777778
2e69eec1,2e69eec0c,2020-11-04,7,{'JAM'},{'JAM_STAND_STILL_TRAFFIC'},41,{2},5.365853658536586
2e69eec1,2e69eec0c,2020-11-05,8,{'JAM'},{'JAM_HEAVY_TRAFFIC'},31,{2},5.0
2e69eec1,2e69eec0c,2020-11-11,7,{'JAM'},{'JAM_HEAVY_TRAFFIC'},38,{2},6.2894736842105265
2e69eec1,2e69eec0c,2020-11-11,18,{'JAM'},{'JAM_STAND_STILL_TRAFFIC'},6,{2},5.0
2e69eec1,2e69eec0c,2020-11-12,7,{'JAM'},{'JAM_STAND_STILL_TRAFFIC'},30,{2},5.0
2e69eec1,2e69eec0c,2020-11-12,9,{'JAM'},{'JAM_STAND_STILL_TRAFFIC'},15,{2},5.0
2e69eec1,2e69eec0c,2020-11-13,8,{'JAM'},{'JAM_STAND_STILL_TRAFFIC'},63,{2},7.253968253968254
2e69eec1,2e69eec0c,2020-11-16,7,{'JAM'},{'JAM_HEAVY_TRAFFIC'},23,{2},5.0
2e69eec1,2e69eec14,2020-09-10,7,{'JAM'},{'JAM_HEAVY_TRAFFIC'},17,{2},5.0
2e69eec1,2e69eec14,2020-10-19,8,{'JAM'},{'JAM_STAND_STILL_TRAFFIC'},59,{2},5.0
2e69eec1,2e69eec14,2020-10-20,8,{'JAM'},{'JAM_STAND_STILL_TRAFFIC'},13,{2},5.0
2e69eec1,2e69eec14,2020-11-05,7,{'JAM'},{'JAM_STAND_STILL_TRAFFIC'},62,{2},5.661290322580645
2e69eec1,2e69eec14,2020-11-05,8,{'JAM'},{'JAM'},30,{2},5.0
2e69eec1,2e69eec14,2020-11-06,9,{'JAM'},{'JAM'},11,{2},5.0
2e69eec1,2e69eec14,2020-11-09,7,{'JAM'},{'JAM_HEAVY_TRAFFIC'},31,{2},5.903225806451613
2e69eec1,2e69eec14,2020-11-11,8,{'JAM'},{'JAM_STAND_STILL_TRAFFIC'},31,{2},5.0
2e69eec1,2e69eec14,2020-11-12,8,{'JAM'},{'JAM'},30,{2},5.0
2e69eec1,2e69eec14,2020-11-16,9,{'JAM'},{'JAM_STAND_STILL_TRAFFIC'},23,{2},5.0
2e69eec1,2e69eec14,2020-11-17,8,{'JAM'},{'JAM_STAND_STILL_TRAFFIC'},23,{2},5.0
2e69eec1,2e69eec1c,2020-09-06,17,{'JAM'},{'JAM_MODERATE_TRAFFIC'},30,{2},6.0
2e69eec1,2e69eec1c,2020-10-05,17,{'JAM'},{'JAM_HEAVY_TRAFFIC'},6,{1},5.0
2e69eec1,2e69eec1c,2020-10-19,8,{'JAM'},{'JAM_STAND_STILL_TRAFFIC'},30,{2},5.0
2e69eec1,2e69eec1c,2020-10-20,8,{'JAM'},{'JAM_STAND_STILL_TRAFFIC'},31,{2},5.0
2e69eec1,2e69eec1c,2020-10-24,13,{'JAM'},{'JAM_HEAVY_TRAFFIC'},35,{1},6.085714285714285
2e69eec1,2e69eec1c,2020-10-27,9,{'JAM'},{'JAM_STAND_STILL_TRAFFIC'},5,{2},5.0
2e69eec1,2e69eec1c,2020-11-05,6,{'JAM'},{'JAM_MODERATE_TRAFFIC'},32,{2},5.0
2e69eec1,2e69eec1c,2020-11-09,8,{'JAM'},{'JAM_MODERATE_TRAFFIC'},32,{2},5.75
2e69eec1,2e69eec1c,2020-11-12,9,{'JAM'},{'JAM_MODERATE_TRAFFIC'},31,{2},5.0
2e69eec1,2e69eec1c,2020-11-13,7,{'JAM'},{'JAM_STAND_STILL_TRAFFIC'},11,{2},5.636363636363637
2e69eec1,2e69eec1c,2020-11-14,11,{'JAM'},{'JAM_HEAVY_TRAFFIC'},32,{2},5.96875
2e69eec1,2e69eec1c,2020-11-21,12,{'JAM'},{'JAM_STAND_STILL_TRAFFIC'},1,{1},5.0
2e69eec7,2e69eec64,2020-11-01,15,{'WEATHERHAZARD'},{'HAZARD_ON_ROAD_CAR_STOPPED'},32,{2},6.0
2e69eec7,2e69eec6c,2020-10-27,8,{'JAM'},{'JAM_STAND_STILL_TRAFFIC'},31,{2},5.0
2e69eec7,2e69eec6c,2020-11-02,9,{'JAM'},{'JAM_HEAVY_TRAFFIC'},30,{2},5.0
2e69eec7,2e69eec6c,2020-11-05,7,{'JAM'},{'JAM_STAND_STILL_TRAFFIC'},3,{2},5.0
2e69eec7,2e69eec6c,2020-11-05,8,{'JAM'},{'JAM_STAND_STILL_TRAFFIC'},23,{2},5.0
2e69eec7,2e69eec74,2020-10-19,8,{'JAM'},{'JAM_STAND_STILL_TRAFFIC'},5,{2},5.0
2e69eec7,2e69eec74,2020-11-02,7,{'JAM'},{'JAM_HEAVY_TRAFFIC'},31,{2},5.0
2e69eec7,2e69eec74,2020-11-02,8,{'JAM'},"{'JAM_STAND_STILL_TRAFFIC', 'JAM_HEAVY_TRAFFIC'}",62,{2},5.274193548387097
2e69eec7,2e69eec74,2020-11-05,7,{'JAM'},{'JAM_STAND_STILL_TRAFFIC'},5,{2},5.0
2e69eec7,2e69eec7c,2020-09-06,17,{'WEATHERHAZARD'},{'HAZARD_ON_ROAD'},32,{2},6.0
2e69eec7,2e69eec7c,2020-10-30,22,{'ACCIDENT'},{'ACCIDENT_MINOR'},120,{1},5.0
2e69eec7,2e69eec7c,2020-11-02,8,{'JAM'},{'JAM'},30,{2},5.0
2e69eec9,2e69eec84,2020-11-01,15,{'WEATHERHAZARD'},{'HAZARD_ON_ROAD_CONSTRUCTION'},720,{1},7.652777777777778
2e69eec9,2e69eec9c,2020-10-30,9,{'JAM'},{'JAM'},32,{1},5.0
2e69eecb,2e69eecb4,2020-09-02,17,{'JAM'},{'JAM_HEAVY_TRAFFIC'},32,{2},5.0
2e69eecb,2e69eecb4,2020-09-11,17,{'JAM'},{'JAM_MODERATE_TRAFFIC'},22,{2},5.0
2e69eecb,2e69eecb4,2020-10-06,19,{'JAM'},{'JAM_STAND_STILL_TRAFFIC'},41,{2},6.414634146341464
2e69eecb,2e69eecb4,2020-10-07,17,{'JAM'},{'JAM_HEAVY_TRAFFIC'},24,{2},5.0
2e69eecb,2e69eecb4,2020-11-02,16,{'JAM'},{'JAM_HEAVY_TRAFFIC'},22,{2},5.0
2e69eecb,2e69eecbc,2020-09-04,17,{'JAM'},{'JAM_HEAVY_TRAFFIC'},7,{2},5.0
2e69eecf,2e69eece4,2020-10-04,19,{'WEATHERHAZARD'},{'WEATHERHAZARD'},30,{1},5.0
2e69eed1,2e69eed0c,2020-09-03,19,{'JAM'},{'JAM'},31,{1},5.0
2e69eed3,2e69eed34,2020-10-23,14,{'JAM'},{'JAM'},33,{1},5.0
2e69eed7,2e69eed64,2020-09-19,7,{'WEATHERHAZARD'},{'HAZARD_ON_ROAD_CAR_STOPPED'},32,{7},5.0
2e69eed7,2e69eed64,2020-09-19,8,{'WEATHERHAZARD'},{'HAZARD_ON_ROAD_CAR_STOPPED'},31,{7},5.0
2e69eed7,2e69eed64,2020-10-07,7,{'WEATHERHAZARD'},"{'HAZARD_ON_ROAD_OBJECT', 'HAZARD_ON_ROAD_CAR_STOPPED'}",91,{7},5.351648351648351
2e69eed7,2e69eed64,2020-10-09,17,"{'JAM', 'WEATHERHAZARD'}","{'JAM', 'HAZARD_ON_ROAD_OBJECT'}",70,{7},5.271428571428571
2e69eed7,2e69eed64,2020-10-30,16,{'JAM'},{'JAM'},53,{7},5.0
2e69eed7,2e69eed64,2020-11-07,20,{'JAM'},{'JAM'},5,{7},5.0
2e69eed7,2e69eed64,2020-11-08,16,{'WEATHERHAZARD'},{'HAZARD_ON_ROAD_CAR_STOPPED'},31,{7},5.0
2e69eed7,2e69eed7c,2020-09-12,18,{'WEATHERHAZARD'},{'WEATHERHAZARD'},31,{7},5.0
2e69eed7,2e69eed7c,2020-09-26,23,{'WEATHERHAZARD'},{'HAZARD_ON_ROAD_CONSTRUCTION'},955,{7},6.44607329842932
2e69eed7,2e69eed7c,2020-10-01,15,{'WEATHERHAZARD'},{'HAZARD_ON_ROAD_OBJECT'},61,{7},5.967213114754099
2e69eed7,2e69eed7c,2020-10-07,7,{'WEATHERHAZARD'},{'HAZARD_ON_ROAD_OBJECT'},134,{7},5.343283582089552
2e69eed7,2e69eed7c,2020-10-16,16,{'WEATHERHAZARD'},{'HAZARD_ON_ROAD_CAR_STOPPED'},30,{7},5.0
2e69eed7,2e69eed7c,2020-11-08,16,{'WEATHERHAZARD'},{'HAZARD_ON_ROAD_CAR_STOPPED'},30,{7},5.0
2e69eed7,2e69eed7c,2020-11-11,15,{'JAM'},{'JAM_MODERATE_TRAFFIC'},6,{7},5.0
2e69eed7,2e69eed7c,2020-11-20,16,{'WEATHERHAZARD'},{'HAZARD_WEATHER_FLOOD'},33,{7},5.090909090909091
2e69eed9,2e69eed84,2020-09-19,7,{'JAM'},{'JAM'},31,{7},5.0
2e69eed9,2e69eed84,2020-10-01,15,{'WEATHERHAZARD'},{'HAZARD_ON_ROAD_OBJECT'},72,{7},6.722222222222222
2e69eed9,2e69eed84,2020-10-07,7,{'WEATHERHAZARD'},{'HAZARD_ON_ROAD_OBJECT'},133,{7},5.338345864661654
2e69eed9,2e69eed84,2020-10-09,16,{'WEATHERHAZARD'},{'HAZARD_ON_ROAD_OBJECT'},21,{7},5.333333333333333
2e69eed9,2e69eed84,2020-10-10,18,{'WEATHERHAZARD'},{'HAZARD_ON_ROAD_CAR_STOPPED'},41,{7},6.2439024390243905
2e69eed9,2e69eed84,2020-10-16,17,{'JAM'},{'JAM'},31,{7},5.0
2e69eed9,2e69eed84,2020-10-19,14,{'WEATHERHAZARD'},{'WEATHERHAZARD'},31,{7},5.483870967741935
2e69eed9,2e69eed84,2020-11-16,19,{'JAM'},{'JAM'},5,{7},5.0
2e69eed9,2e69eed8c,2020-09-21,22,{'WEATHERHAZARD'},{'WEATHERHAZARD'},30,{1},5.0
2e69eed9,2e69eed94,2020-09-01,18,{'WEATHERHAZARD'},{'HAZARD_ON_ROAD_CAR_STOPPED'},33,{7},5.0
2e69eed9,2e69eed94,2020-09-19,8,{'WEATHERHAZARD'},{'HAZARD_ON_ROAD_CAR_STOPPED'},34,{7},5.0
2e69eed9,2e69eed94,2020-10-07,7,{'WEATHERHAZARD'},{'HAZARD_ON_ROAD_CAR_STOPPED'},60,{7},5.0
2e69eed9,2e69eed94,2020-10-09,16,{'WEATHERHAZARD'},{'HAZARD_ON_ROAD_OBJECT'},60,{7},6.9
2e69eed9,2e69eed94,2020-10-16,17,{'JAM'},{'JAM'},32,{7},5.0
2e69eed9,2e69eed94,2020-11-20,12,{'JAM'},{'JAM'},5,{1},5.0
2e69eed9,2e69eed9c,2020-09-07,18,{'JAM'},{'JAM'},31,{7},5.0
2e69eed9,2e69eed9c,2020-10-16,17,{'JAM'},{'JAM'},32,{7},5.0
2e69eed9,2e69eed9c,2020-10-30,16,{'JAM'},{'JAM'},30,{7},5.0
2e69eed9,2e69eed9c,2020-11-01,15,{'JAM'},{'JAM'},32,{7},5.0
2e69eedf,2e69eede4,2020-09-09,7,{'JAM'},{'JAM_HEAVY_TRAFFIC'},32,{7},5.0
2e69eedf,2e69eede4,2020-10-19,14,{'WEATHERHAZARD'},{'HAZARD_ON_ROAD_CAR_STOPPED'},31,{7},5.0
2e69eedf,2e69eede4,2020-10-30,16,"{'JAM', 'WEATHERHAZARD'}","{'JAM', 'HAZARD_ON_ROAD_CAR_STOPPED'}",30,{7},5.3
2e69eedf,2e69eedec,2020-09-10,18,{'JAM'},{'JAM'},7,{7},5.0
2e69eedf,2e69eedec,2020-09-19,7,{'WEATHERHAZARD'},{'HAZARD_ON_ROAD_CAR_STOPPED'},32,{7},5.0
2e69eedf,2e69eedec,2020-10-07,7,{'WEATHERHAZARD'},{'HAZARD_ON_ROAD_CAR_STOPPED'},32,{7},5.0
2e69eee1,2e69eee0c,2020-09-01,18,{'JAM'},{'JAM'},5,{7},5.0
2e69eee1,2e69eee0c,2020-09-02,18,{'JAM'},{'JAM_STAND_STILL_TRAFFIC'},28,{7},5.0
2e69eee1,2e69eee0c,2020-09-07,17,{'JAM'},{'JAM_STAND_STILL_TRAFFIC'},36,{7},5.0
2e69eee1,2e69eee0c,2020-09-07,18,{'JAM'},{'JAM'},30,{7},5.0
2e69eee1,2e69eee0c,2020-10-01,15,{'JAM'},{'JAM'},31,{7},5.0
2e69eee1,2e69eee0c,2020-10-02,17,{'JAM'},{'JAM'},30,{7},5.0
2e69eee1,2e69eee0c,2020-10-10,18,{'WEATHERHAZARD'},{'HAZARD_WEATHER_FLOOD'},36,{7},6.777777777777778
2e69eee1,2e69eee0c,2020-10-12,13,{'JAM'},{'JAM'},34,{7},5.0
2e69eee1,2e69eee0c,2020-10-13,17,{'JAM'},{'JAM_MODERATE_TRAFFIC'},36,{7},5.972222222222222
2e69eee1,2e69eee0c,2020-10-16,16,{'JAM'},{'JAM'},5,{7},5.0
2e69eee1,2e69eee0c,2020-10-20,16,{'JAM'},{'JAM_STAND_STILL_TRAFFIC'},35,{7},5.0
2e69eee1,2e69eee0c,2020-10-23,18,"{'JAM', 'WEATHERHAZARD'}","{'JAM', 'HAZARD_ON_ROAD_CAR_STOPPED'}",72,{7},5.222222222222222
2e69eee1,2e69eee0c,2020-10-29,18,{'JAM'},{'JAM'},32,{7},5.0
2e69eee1,2e69eee0c,2020-11-01,15,{'JAM'},{'JAM'},38,{7},5.0
2e69eee1,2e69eee0c,2020-11-07,18,{'JAM'},{'JAM_MODERATE_TRAFFIC'},8,{1},5.0
2e69eee1,2e69eee0c,2020-11-07,20,{'JAM'},{'JAM'},30,{7},5.0
2e69eee1,2e69eee14,2020-09-28,10,{'WEATHERHAZARD'},{'HAZARD_ON_ROAD_CAR_STOPPED'},32,{7},5.59375
2e69eee1,2e69eee14,2020-10-09,10,{'JAM'},{'JAM_STAND_STILL_TRAFFIC'},32,{7},5.0
2e69eee1,2e69eee14,2020-10-20,16,{'JAM'},{'JAM_HEAVY_TRAFFIC'},35,{7},5.0
2e69eee1,2e69eee14,2020-11-05,17,{'JAM'},{'JAM_STAND_STILL_TRAFFIC'},31,{7},6.0
2e69eee1,2e69eee14,2020-11-05,19,{'WEATHERHAZARD'},{'WEATHERHAZARD'},32,{7},5.5
2e69eee1,2e69eee14,2020-11-10,17,{'JAM'},{'JAM_HEAVY_TRAFFIC'},30,{7},5.0
2e69eee3,2e69eee34,2020-09-07,18,{'JAM'},{'JAM'},32,{7},5.0
2e69eee3,2e69eee34,2020-10-07,7,{'WEATHERHAZARD'},{'HAZARD_ON_ROAD_CAR_STOPPED'},31,{7},5.0
2e69eee3,2e69eee34,2020-10-09,17,{'JAM'},{'JAM'},32,{7},5.0
2e69eee3,2e69eee34,2020-10-13,17,{'JAM'},{'JAM_HEAVY_TRAFFIC'},31,{7},5.0
2e69eee3,2e69eee34,2020-10-14,17,{'JAM'},{'JAM'},17,{7},5.0
2e69eee3,2e69eee34,2020-10-27,19,{'JAM'},{'JAM_STAND_STILL_TRAFFIC'},31,{7},5.0
2e69eee3,2e69eee34,2020-10-29,18,{'JAM'},{'JAM'},35,{7},5.0
2e69eee3,2e69eee34,2020-11-08,10,{'JAM'},{'JAM_MODERATE_TRAFFIC'},10,{7},5.0
2e69eee3,2e69eee3c,2020-09-21,17,{'JAM'},{'JAM_MODERATE_TRAFFIC'},7,{7},5.0
2e69eee3,2e69eee3c,2020-10-09,10,"{'JAM', 'ACCIDENT'}","{'JAM_STAND_STILL_TRAFFIC', 'ACCIDENT_MINOR'}",103,{7},5.650485436893204
2e69eee3,2e69eee3c,2020-10-12,13,{'JAM'},{'JAM'},31,{7},5.0
2e69eee3,2e69eee3c,2020-10-29,18,{'JAM'},{'JAM'},22,{7},5.0
2e69eee3,2e69eee3c,2020-11-05,17,{'JAM'},{'JAM_STAND_STILL_TRAFFIC'},16,{7},5.0
2e69eee3,2e69eee3c,2020-11-21,15,{'JAM'},{'JAM_HEAVY_TRAFFIC'},27,{7},5.0
2e69eee5,2e69eee44,2020-11-04,14,{'JAM'},{'JAM'},30,{1},5.0
2e69eee5,2e69eee4c,2020-11-14,17,{'JAM'},{'JAM_HEAVY_TRAFFIC'},11,{1},5.0
2e69eee5,2e69eee54,2020-10-20,20,{'JAM'},{'JAM'},32,{2},5.0
2e69eee7,2e69eee64,2020-09-12,15,{'JAM'},{'JAM_MODERATE_TRAFFIC'},6,{1},5.0
2e69eee7,2e69eee6c,2020-10-02,12,{'ACCIDENT'},{'ACCIDENT'},124,{1},5.0
2e69eee9,2e69eee84,2020-10-09,20,{'JAM'},{'JAM_STAND_STILL_TRAFFIC'},33,{1},5.0
2e69eee9,2e69eee8c,2020-09-12,15,{'JAM'},{'JAM_MODERATE_TRAFFIC'},6,{1},5.0
2e69eeeb,2e69eeea4,2020-09-01,19,{'JAM'},{'JAM_STAND_STILL_TRAFFIC'},32,{2},5.0
2e69eeeb,2e69eeea4,2020-09-02,19,{'JAM'},{'JAM_STAND_STILL_TRAFFIC'},17,{2},5.0
2e69eeeb,2e69eeea4,2020-09-03,18,{'JAM'},{'JAM_STAND_STILL_TRAFFIC'},29,{2},5.0
2e69eeeb,2e69eeea4,2020-09-06,21,{'WEATHERHAZARD'},{'HAZARD_ON_ROAD_POT_HOLE'},68,{2},6.705882352941177
2e69eeeb,2e69eeea4,2020-09-11,19,{'JAM'},{'JAM_STAND_STILL_TRAFFIC'},34,{2},6.9411764705882355
2e69eeeb,2e69eeea4,2020-09-12,14,{'JAM'},{'JAM_HEAVY_TRAFFIC'},31,{2},5.0
2e69eeeb,2e69eeea4,2020-09-12,15,{'JAM'},{'JAM_STAND_STILL_TRAFFIC'},31,{2},5.0
2e69eeeb,2e69eeea4,2020-09-28,17,{'JAM'},{'JAM_HEAVY_TRAFFIC'},30,{2},5.0
2e69eeeb,2e69eeea4,2020-09-29,17,{'JAM'},{'JAM_HEAVY_TRAFFIC'},27,{2},5.0
2e69eeeb,2e69eeea4,2020-10-03,16,{'JAM'},{'JAM_STAND_STILL_TRAFFIC'},33,{2},6.424242424242424
2e69eeeb,2e69eeea4,2020-10-05,18,{'JAM'},{'JAM_HEAVY_TRAFFIC'},30,{2},5.0
2e69eeeb,2e69eeea4,2020-10-06,18,{'JAM'},{'JAM_STAND_STILL_TRAFFIC'},31,{2},5.0
2e69eeeb,2e69eeea4,2020-10-10,14,{'JAM'},{'JAM_STAND_STILL_TRAFFIC'},5,{2},5.0
2e69eeeb,2e69eeea4,2020-10-19,16,{'JAM'},{'JAM_STAND_STILL_TRAFFIC'},18,{1},5.0
2e69eeeb,2e69eeea4,2020-10-22,8,{'ROAD_CLOSED'},{'ROAD_CLOSED_EVENT'},56000,{1},9.566589285714286
2e69eeeb,2e69eeea4,2020-10-27,17,{'JAM'},{'JAM_HEAVY_TRAFFIC'},31,{2},5.0
2e69eeeb,2e69eeea4,2020-10-28,17,{'JAM'},{'JAM_HEAVY_TRAFFIC'},17,{2},5.0
2e69eeeb,2e69eeea4,2020-10-30,16,{'JAM'},{'JAM_MODERATE_TRAFFIC'},16,{2},5.0
2e69eeeb,2e69eeea4,2020-10-31,13,{'JAM'},{'JAM_MODERATE_TRAFFIC'},31,{2},5.0
2e69eeeb,2e69eeea4,2020-11-04,18,{'JAM'},{'JAM_HEAVY_TRAFFIC'},30,{2},5.0
2e69eeeb,2e69eeea4,2020-11-05,11,{'JAM'},{'JAM_MODERATE_TRAFFIC'},30,{2},5.0
2e69eeeb,2e69eeea4,2020-11-05,17,{'JAM'},{'JAM_HEAVY_TRAFFIC'},31,{2},5.0
2e69eeeb,2e69eeea4,2020-11-09,19,{'JAM'},{'JAM_STAND_STILL_TRAFFIC'},32,{2},5.0
2e69eeeb,2e69eeea4,2020-11-09,20,{'JAM'},{'JAM_MODERATE_TRAFFIC'},64,{2},5.0
2e69eeeb,2e69eeea4,2020-11-11,16,{'JAM'},{'JAM_MODERATE_TRAFFIC'},32,{2},5.0
2e69eeeb,2e69eeea4,2020-11-11,19,{'JAM'},{'JAM_MODERATE_TRAFFIC'},47,{2},5.0
2e69eeeb,2e69eeea4,2020-11-12,18,{'JAM'},{'JAM_STAND_STILL_TRAFFIC'},31,{2},6.0
2e69eeeb,2e69eeea4,2020-11-13,17,{'JAM'},{'JAM_STAND_STILL_TRAFFIC'},31,{2},5.0
2e69eeeb,2e69eeea4,2020-11-14,11,{'JAM'},{'JAM_STAND_STILL_TRAFFIC'},30,{2},5.0
2e69eeeb,2e69eeea4,2020-11-14,19,{'JAM'},{'JAM_STAND_STILL_TRAFFIC'},31,{2},5.0
2e69eeeb,2e69eeea4,2020-11-18,19,{'JAM'},{'JAM_STAND_STILL_TRAFFIC'},32,{2},5.0
2e69eeeb,2e69eeeac,2020-09-03,7,{'JAM'},"{'JAM_MODERATE_TRAFFIC', 'JAM_HEAVY_TRAFFIC'}",52,{2},5.0
2e69eeeb,2e69eeeac,2020-09-04,18,{'JAM'},{'JAM_STAND_STILL_TRAFFIC'},31,{2},5.67741935483871
2e69eeeb,2e69eeeac,2020-09-11,16,{'JAM'},{'JAM_HEAVY_TRAFFIC'},16,{2},5.0
2e69eeeb,2e69eeeac,2020-09-11,20,{'JAM'},{'JAM_STAND_STILL_TRAFFIC'},12,{2},5.0
2e69eeeb,2e69eeeac,2020-09-12,14,{'JAM'},{'JAM_HEAVY_TRAFFIC'},32,{2},5.53125
2e69eeeb,2e69eeeac,2020-09-29,17,{'JAM'},{'JAM_HEAVY_TRAFFIC'},25,{2},6.76
2e69eeeb,2e69eeeac,2020-10-01,17,{'JAM'},{'JAM_STAND_STILL_TRAFFIC'},19,{2},5.0
2e69eeeb,2e69eeeac,2020-10-02,17,{'JAM'},{'JAM_HEAVY_TRAFFIC'},37,{2},5.0
2e69eeeb,2e69eeeac,2020-10-03,11,{'JAM'},{'JAM_STAND_STILL_TRAFFIC'},28,{2},5.0
2e69eeeb,2e69eeeac,2020-10-03,12,{'JAM'},{'JAM_STAND_STILL_TRAFFIC'},32,{2},5.71875
2e69eeeb,2e69eeeac,2020-10-03,15,{'JAM'},{'JAM_STAND_STILL_TRAFFIC'},36,{2},5.416666666666667
2e69eeeb,2e69eeeac,2020-10-05,8,{'JAM'},{'JAM_STAND_STILL_TRAFFIC'},20,{2},5.0
2e69eeeb,2e69eeeac,2020-10-06,17,{'JAM'},{'JAM_MODERATE_TRAFFIC'},31,{2},5.0
2e69eeeb,2e69eeeac,2020-10-06,18,{'JAM'},{'JAM_STAND_STILL_TRAFFIC'},33,{2},5.0
2e69eeeb,2e69eeeac,2020-10-07,7,{'JAM'},{'JAM_HEAVY_TRAFFIC'},32,{2},5.0
2e69eeeb,2e69eeeac,2020-10-10,12,{'JAM'},{'JAM_STAND_STILL_TRAFFIC'},47,{2},5.170212765957447
2e69eeeb,2e69eeeac,2020-10-16,16,{'JAM'},{'JAM_HEAVY_TRAFFIC'},30,{2},5.0
2e69eeeb,2e69eeeac,2020-10-17,13,{'JAM'},{'JAM_HEAVY_TRAFFIC'},9,{2},5.0
2e69eeeb,2e69eeeac,2020-10-19,7,{'JAM'},{'JAM_HEAVY_TRAFFIC'},18,{2},5.0
2e69eeeb,2e69eeeac,2020-10-19,19,{'JAM'},{'JAM_STAND_STILL_TRAFFIC'},31,{2},5.741935483870968
2e69eeeb,2e69eeeac,2020-10-20,7,{'JAM'},{'JAM_HEAVY_TRAFFIC'},37,{2},5.4324324324324325
2e69eeeb,2e69eeeac,2020-10-22,18,"{'JAM', 'WEATHERHAZARD'}","{'HAZARD_ON_SHOULDER_CAR_STOPPED', 'JAM_STAND_STILL_TRAFFIC'}",62,{2},6.193548387096774
2e69eeeb,2e69eeeac,2020-10-23,7,{'JAM'},{'JAM_MODERATE_TRAFFIC'},33,{2},5.0
2e69eeeb,2e69eeeac,2020-10-27,8,{'JAM'},{'JAM_STAND_STILL_TRAFFIC'},34,{2},5.0
2e69eeeb,2e69eeeac,2020-10-31,13,{'JAM'},{'JAM_HEAVY_TRAFFIC'},31,{2},5.0
2e69eeeb,2e69eeeac,2020-11-02,9,{'JAM'},{'JAM_HEAVY_TRAFFIC'},31,{2},5.0
2e69eeeb,2e69eeeac,2020-11-04,7,{'JAM'},{'JAM_STAND_STILL_TRAFFIC'},31,{2},5.0
2e69eeeb,2e69eeeac,2020-11-04,16,{'JAM'},{'JAM_HEAVY_TRAFFIC'},32,{2},6.0
2e69eeeb,2e69eeeac,2020-11-07,16,{'JAM'},{'JAM_MODERATE_TRAFFIC'},62,{2},5.0
2e69eeeb,2e69eeeac,2020-11-07,18,{'JAM'},{'JAM_HEAVY_TRAFFIC'},31,{2},5.0
2e69eeeb,2e69eeeac,2020-11-10,7,{'JAM'},{'JAM_HEAVY_TRAFFIC'},30,{2},5.733333333333333
2e69eeeb,2e69eeeac,2020-11-10,20,{'JAM'},{'JAM_MODERATE_TRAFFIC'},17,{2},5.0
2e69eeeb,2e69eeeac,2020-11-11,17,{'JAM'},{'JAM_STAND_STILL_TRAFFIC'},39,{2},5.384615384615385
2e69eeeb,2e69eeeac,2020-11-12,8,{'JAM'},{'JAM_STAND_STILL_TRAFFIC'},30,{2},5.0
2e69eeeb,2e69eeeac,2020-11-12,18,{'JAM'},{'JAM_STAND_STILL_TRAFFIC'},34,{2},5.0
2e69eeeb,2e69eeeac,2020-11-13,7,{'JAM'},{'JAM_STAND_STILL_TRAFFIC'},12,{2},5.0
2e69eeeb,2e69eeeac,2020-11-14,17,{'JAM'},{'JAM_STAND_STILL_TRAFFIC'},19,{2},5.0
2e69eeeb,2e69eeeac,2020-11-16,8,{'JAM'},{'JAM_HEAVY_TRAFFIC'},31,{2},5.0
2e69eeeb,2e69eeeac,2020-11-17,8,{'JAM'},{'JAM_HEAVY_TRAFFIC'},31,{2},5.0
2e69eeeb,2e69eeeac,2020-11-18,8,{'JAM'},{'JAM_STAND_STILL_TRAFFIC'},27,{2},5.185185185185185
2e69eeeb,2e69eeebc,2020-09-03,17,{'JAM'},{'JAM_HEAVY_TRAFFIC'},42,{4},6.023809523809524
2e69eeeb,2e69eeebc,2020-09-03,18,{'JAM'},{'JAM_HEAVY_TRAFFIC'},31,{1},6.806451612903226
2e69eeeb,2e69eeebc,2020-09-11,19,{'JAM'},{'JAM_STAND_STILL_TRAFFIC'},30,{1},5.866666666666666
2e69eeeb,2e69eeebc,2020-09-12,15,{'JAM'},{'JAM_STAND_STILL_TRAFFIC'},11,{1},5.0
2e69eeeb,2e69eeebc,2020-09-16,8,{'JAM'},{'JAM'},10,{4},5.0
2e69eeeb,2e69eeebc,2020-09-24,11,{'WEATHERHAZARD'},{'HAZARD_ON_ROAD_CONSTRUCTION'},335,{1},7.155223880597015
2e69eeeb,2e69eeebc,2020-09-28,17,{'JAM'},"{'JAM_STAND_STILL_TRAFFIC', 'JAM_HEAVY_TRAFFIC'}",97,"{1, 2}",5.0
2e69eeeb,2e69eeebc,2020-10-01,18,{'JAM'},{'JAM_HEAVY_TRAFFIC'},33,{1},5.0
2e69eeeb,2e69eeebc,2020-10-02,19,{'JAM'},{'JAM_HEAVY_TRAFFIC'},30,{2},5.9
2e69eeeb,2e69eeebc,2020-10-03,13,{'JAM'},{'JAM_STAND_STILL_TRAFFIC'},19,{2},5.0
2e69eeeb,2e69eeebc,2020-10-03,16,{'JAM'},{'JAM_STAND_STILL_TRAFFIC'},31,{2},5.967741935483871
2e69eeeb,2e69eeebc,2020-10-05,18,{'JAM'},{'JAM_STAND_STILL_TRAFFIC'},62,"{1, 2}",5.903225806451613
2e69eeeb,2e69eeebc,2020-10-06,18,{'JAM'},{'JAM_STAND_STILL_TRAFFIC'},19,{1},5.0
2e69eeeb,2e69eeebc,2020-10-07,17,{'JAM'},{'JAM_HEAVY_TRAFFIC'},42,"{1, 2}",5.404761904761905
2e69eeeb,2e69eeebc,2020-10-08,18,{'JAM'},{'JAM_HEAVY_TRAFFIC'},32,{2},5.0
2e69eeeb,2e69eeebc,2020-10-10,12,{'JAM'},{'JAM'},18,{1},5.944444444444445
2e69eeeb,2e69eeebc,2020-10-10,17,{'JAM'},{'JAM_HEAVY_TRAFFIC'},30,{2},5.0
2e69eeeb,2e69eeebc,2020-10-12,17,{'JAM'},"{'JAM_STAND_STILL_TRAFFIC', 'JAM_HEAVY_TRAFFIC'}",94,"{1, 2}",5.808510638297872
2e69eeeb,2e69eeebc,2020-10-17,14,{'JAM'},{'JAM_STAND_STILL_TRAFFIC'},30,{2},5.0
2e69eeeb,2e69eeebc,2020-10-19,18,{'JAM'},{'JAM_STAND_STILL_TRAFFIC'},62,"{1, 2}",6.048387096774194
2e69eeeb,2e69eeebc,2020-10-19,19,{'JAM'},{'JAM_STAND_STILL_TRAFFIC'},86,"{2, 4}",5.616279069767442
2e69eeeb,2e69eeebc,2020-10-21,18,{'JAM'},{'JAM_STAND_STILL_TRAFFIC'},13,{1},5.923076923076923
2e69eeeb,2e69eeebc,2020-10-22,17,{'JAM'},"{'JAM_STAND_STILL_TRAFFIC', 'JAM_HEAVY_TRAFFIC'}",99,"{1, 2, 4}",6.212121212121212
2e69eeeb,2e69eeebc,2020-10-22,18,{'JAM'},{'JAM_HEAVY_TRAFFIC'},54,{1},5.407407407407407
2e69eeeb,2e69eeebc,2020-10-22,19,{'JAM'},{'JAM_STAND_STILL_TRAFFIC'},20,{1},5.1
2e69eeeb,2e69eeebc,2020-10-24,13,{'JAM'},{'JAM_STAND_STILL_TRAFFIC'},30,{2},5.0
2e69eeeb,2e69eeebc,2020-10-26,20,{'JAM'},{'JAM_STAND_STILL_TRAFFIC'},22,{2},5.0
2e69eeeb,2e69eeebc,2020-10-30,10,{'JAM'},{'JAM_STAND_STILL_TRAFFIC'},30,{2},5.0
2e69eeeb,2e69eeebc,2020-11-02,16,{'JAM'},{'JAM_HEAVY_TRAFFIC'},31,{2},5.0
2e69eeeb,2e69eeebc,2020-11-02,20,{'JAM'},{'JAM_HEAVY_TRAFFIC'},33,{2},5.0
2e69eeeb,2e69eeebc,2020-11-03,18,{'JAM'},{'JAM_STAND_STILL_TRAFFIC'},57,"{1, 2}",5.0
2e69eeeb,2e69eeebc,2020-11-04,16,{'JAM'},{'JAM_STAND_STILL_TRAFFIC'},33,{2},5.0
2e69eeeb,2e69eeebc,2020-11-04,17,{'JAM'},{'JAM_HEAVY_TRAFFIC'},28,{1},5.25
2e69eeeb,2e69eeebc,2020-11-05,17,{'JAM'},"{'JAM', 'JAM_STAND_STILL_TRAFFIC'}",64,"{1, 2}",5.265625
2e69eeeb,2e69eeebc,2020-11-05,19,{'JAM'},{'JAM_HEAVY_TRAFFIC'},30,{1},5.766666666666667
2e69eeeb,2e69eeebc,2020-11-06,17,{'JAM'},{'JAM_STAND_STILL_TRAFFIC'},9,{2},6.0
2e69eeeb,2e69eeebc,2020-11-06,19,{'JAM'},{'JAM_STAND_STILL_TRAFFIC'},32,{1},5.71875
2e69eeeb,2e69eeebc,2020-11-06,20,{'WEATHERHAZARD'},{'HAZARD_ON_SHOULDER_CAR_STOPPED'},31,{1},5.870967741935484
2e69eeeb,2e69eeebc,2020-11-07,14,{'JAM'},{'JAM_STAND_STILL_TRAFFIC'},10,{1},5.0
2e69eeeb,2e69eeebc,2020-11-07,17,{'JAM'},{'JAM_STAND_STILL_TRAFFIC'},25,{1},5.0
2e69eeeb,2e69eeebc,2020-11-07,18,{'JAM'},{'JAM_STAND_STILL_TRAFFIC'},20,{1},5.0
2e69eeeb,2e69eeebc,2020-11-09,17,{'JAM'},{'JAM_STAND_STILL_TRAFFIC'},30,{1},5.0
2e69eeeb,2e69eeebc,2020-11-10,18,{'JAM'},{'JAM_HEAVY_TRAFFIC'},30,{1},5.0
2e69eeeb,2e69eeebc,2020-11-10,19,{'JAM'},{'JAM_HEAVY_TRAFFIC'},44,{4},5.75
2e69eeeb,2e69eeebc,2020-11-11,17,{'JAM'},{'JAM_STAND_STILL_TRAFFIC'},54,{1},5.833333333333333
2e69eeeb,2e69eeebc,2020-11-11,18,{'JAM'},{'JAM_STAND_STILL_TRAFFIC'},66,"{1, 4}",5.424242424242424
2e69eeeb,2e69eeebc,2020-11-11,19,{'JAM'},{'JAM_STAND_STILL_TRAFFIC'},43,"{1, 4}",5.0
2e69eeeb,2e69eeebc,2020-11-12,16,{'JAM'},{'JAM_HEAVY_TRAFFIC'},34,{1},5.0
2e69eeeb,2e69eeebc,2020-11-12,17,{'JAM'},{'JAM_STAND_STILL_TRAFFIC'},62,"{1, 4}",5.0
2e69eeeb,2e69eeebc,2020-11-12,18,{'JAM'},{'JAM_STAND_STILL_TRAFFIC'},44,{4},7.886363636363637
2e69eeeb,2e69eeebc,2020-11-13,17,{'JAM'},{'JAM'},25,{4},5.0
2e69eeeb,2e69eeebc,2020-11-13,19,{'JAM'},"{'JAM', 'JAM_STAND_STILL_TRAFFIC'}",83,"{1, 4}",5.759036144578313
2e69eeeb,2e69eeebc,2020-11-13,20,{'JAM'},{'JAM_STAND_STILL_TRAFFIC'},30,{1},5.0
2e69eeeb,2e69eeebc,2020-11-14,17,{'JAM'},"{'JAM_STAND_STILL_TRAFFIC', 'JAM_HEAVY_TRAFFIC'}",60,"{1, 2}",5.566666666666666
2e69eeeb,2e69eeebc,2020-11-16,19,{'JAM'},{'JAM_STAND_STILL_TRAFFIC'},45,"{1, 2}",5.4
2e69eeeb,2e69eeebc,2020-11-16,20,{'JAM'},{'JAM_STAND_STILL_TRAFFIC'},29,{1},5.0
2e69eeeb,2e69eeebc,2020-11-17,17,{'JAM'},{'JAM_STAND_STILL_TRAFFIC'},74,"{1, 2}",5.675675675675675
2e69eeeb,2e69eeebc,2020-11-17,19,{'JAM'},{'JAM_STAND_STILL_TRAFFIC'},21,{1},5.0
2e69eeeb,2e69eeebc,2020-11-18,10,{'JAM'},{'JAM_STAND_STILL_TRAFFIC'},9,{1},5.0
2e69eeeb,2e69eeebc,2020-11-18,17,{'JAM'},{'JAM_HEAVY_TRAFFIC'},72,"{1, 4}",5.694444444444445
2e69eeeb,2e69eeebc,2020-11-18,18,{'JAM'},{'JAM_STAND_STILL_TRAFFIC'},31,{1},5.935483870967742
2e69eeeb,2e69eeebc,2020-11-18,20,{'JAM'},{'JAM_HEAVY_TRAFFIC'},31,{2},5.0
2e69eeeb,2e69eeebc,2020-11-19,18,{'JAM'},{'JAM_STAND_STILL_TRAFFIC'},31,{1},5.0
2e69eeeb,2e69eeebc,2020-11-20,18,{'JAM'},{'JAM_STAND_STILL_TRAFFIC'},62,"{1, 2}",5.451612903225806
2e69eeed,2e69eeec4,2020-09-02,18,{'JAM'},{'JAM_STAND_STILL_TRAFFIC'},24,{4},6.0
2e69eeed,2e69eeec4,2020-09-09,18,{'JAM'},{'JAM_HEAVY_TRAFFIC'},1,{4},5.0
2e69eeed,2e69eeec4,2020-10-19,19,{'JAM'},{'JAM_STAND_STILL_TRAFFIC'},15,{4},5.0
2e69eeed,2e69eeec4,2020-11-12,18,{'JAM'},{'JAM_STAND_STILL_TRAFFIC'},3,{4},8.0
2e69eeed,2e69eeec4,2020-11-13,20,{'JAM'},{'JAM_STAND_STILL_TRAFFIC'},37,{4},5.4324324324324325
2e69eeed,2e69eeecc,2020-11-07,17,{'JAM'},{'JAM_STAND_STILL_TRAFFIC'},32,{2},6.875
2e69eef3,2e69eef34,2020-10-06,18,{'JAM'},{'JAM_STAND_STILL_TRAFFIC'},31,{1},5.0
2e69eef5,2e69eef4c,2020-10-02,16,{'JAM'},{'JAM_STAND_STILL_TRAFFIC'},19,{2},5.0
2e69eef5,2e69eef4c,2020-11-08,13,{'JAM'},{'JAM_HEAVY_TRAFFIC'},31,{2},6.0
2e69eef5,2e69eef4c,2020-11-10,8,{'JAM'},{'JAM_STAND_STILL_TRAFFIC'},17,{2},5.0
2e69eef5,2e69eef54,2020-09-23,18,{'JAM'},{'JAM_STAND_STILL_TRAFFIC'},6,{2},5.0
2e69eef5,2e69eef54,2020-10-07,14,{'ACCIDENT'},{'ACCIDENT_MINOR'},121,{2},5.0
2e69eef5,2e69eef54,2020-10-17,13,{'JAM'},{'JAM_STAND_STILL_TRAFFIC'},6,{2},5.0
2e69eef5,2e69eef5c,2020-11-17,11,{'JAM'},{'JAM'},30,{1},5.0
2e69eef9,2e69eef84,2020-09-24,9,{'WEATHERHAZARD'},{'HAZARD_ON_SHOULDER_CAR_STOPPED'},33,{1},5.0
2e69eef9,2e69eef8c,2020-09-10,18,{'JAM'},{'JAM'},7,{7},5.857142857142857
2e69eef9,2e69eef8c,2020-10-02,17,"{'JAM', 'WEATHERHAZARD'}","{'JAM', 'HAZARD_ON_ROAD_CAR_STOPPED'}",75,{7},5.6
2e69eef9,2e69eef8c,2020-10-13,17,{'JAM'},{'JAM_STAND_STILL_TRAFFIC'},30,{7},5.0
2e69eef9,2e69eef8c,2020-11-07,20,{'WEATHERHAZARD'},{'HAZARD_ON_ROAD_CAR_STOPPED'},31,{7},5.935483870967742
2e69eef9,2e69eef94,2020-09-01,14,"{'JAM', 'ACCIDENT'}","{'JAM', 'ACCIDENT'}",151,{1},5.0
2e69eef9,2e69eef94,2020-09-01,18,{'JAM'},{'JAM'},10,{7},5.0
2e69eef9,2e69eef94,2020-09-07,14,"{'JAM', 'ACCIDENT'}","{'JAM', 'ACCIDENT'}",154,{1},5.0
2e69eef9,2e69eef94,2020-09-07,18,{'JAM'},{'JAM'},15,{7},5.0
2e69eef9,2e69eef94,2020-09-10,18,"{'JAM', 'WEATHERHAZARD'}","{'HAZARD_ON_ROAD_OBJECT', 'JAM'}",114,{7},6.614035087719298
2e69eef9,2e69eef94,2020-09-15,18,{'JAM'},{'JAM_HEAVY_TRAFFIC'},31,{7},5.0
2e69eef9,2e69eef94,2020-09-18,19,"{'JAM', 'WEATHERHAZARD'}","{'JAM', 'HAZARD_ON_ROAD_CAR_STOPPED'}",101,{7},5.0
2e69eef9,2e69eef94,2020-10-02,16,{'JAM'},{'JAM_HEAVY_TRAFFIC'},33,{2},5.0
2e69eef9,2e69eef94,2020-10-02,17,"{'JAM', 'WEATHERHAZARD'}","{'JAM', 'HAZARD_ON_ROAD_CAR_STOPPED', 'HAZARD_ON_ROAD_OBJECT'}",180,{7},6.388888888888889
2e69eef9,2e69eef94,2020-10-07,7,{'WEATHERHAZARD'},{'HAZARD_ON_ROAD_CAR_STOPPED'},32,{7},5.0
2e69eef9,2e69eef94,2020-10-09,17,{'JAM'},{'JAM'},30,{7},5.0
2e69eef9,2e69eef94,2020-10-10,18,"{'JAM', 'WEATHERHAZARD'}","{'HAZARD_WEATHER_FLOOD', 'JAM_HEAVY_TRAFFIC'}",62,{7},5.290322580645161
2e69eef9,2e69eef94,2020-10-12,13,{'WEATHERHAZARD'},{'HAZARD_ON_ROAD_CAR_STOPPED'},33,{7},5.0
2e69eef9,2e69eef94,2020-10-16,17,{'WEATHERHAZARD'},{'HAZARD_ON_ROAD_OBJECT'},29,{7},6.310344827586207
2e69eef9,2e69eef94,2020-10-17,13,{'JAM'},{'JAM_MODERATE_TRAFFIC'},31,{7},5.0
2e69eef9,2e69eef94,2020-10-17,17,{'JAM'},{'JAM_HEAVY_TRAFFIC'},30,{7},5.0
2e69eef9,2e69eef94,2020-10-18,19,{'WEATHERHAZARD'},{'HAZARD_WEATHER_FLOOD'},31,{7},6.032258064516129
2e69eef9,2e69eef94,2020-10-19,20,{'JAM'},{'JAM_STAND_STILL_TRAFFIC'},31,{7},5.0
2e69eef9,2e69eef94,2020-10-23,18,{'JAM'},{'JAM'},16,{7},5.0
2e69eef9,2e69eef94,2020-10-25,16,{'WEATHERHAZARD'},{'HAZARD_ON_ROAD_CAR_STOPPED'},36,{7},5.944444444444445
2e69eef9,2e69eef94,2020-10-28,16,{'JAM'},{'JAM_HEAVY_TRAFFIC'},29,{7},5.620689655172414
2e69eef9,2e69eef94,2020-11-01,14,{'WEATHERHAZARD'},{'HAZARD_WEATHER_FLOOD'},31,{7},5.67741935483871
2e69eef9,2e69eef94,2020-11-01,15,"{'JAM', 'WEATHERHAZARD'}","{'HAZARD_ON_ROAD_OBJECT', 'JAM'}",48,{7},5.104166666666667
2e69eef9,2e69eef94,2020-11-07,20,{'JAM'},{'JAM'},13,{7},5.0
2e69eef9,2e69eef94,2020-11-08,12,{'JAM'},{'JAM_MODERATE_TRAFFIC'},31,{7},5.0
2e69eef9,2e69eef94,2020-11-08,15,{'JAM'},{'JAM_STAND_STILL_TRAFFIC'},45,{7},5.377777777777778
2e69eef9,2e69eef94,2020-11-08,16,"{'JAM', 'WEATHERHAZARD'}","{'HAZARD_ON_ROAD_OBJECT', 'HAZARD_WEATHER_FLOOD', 'JAM'}",105,{7},6.552380952380952
2e69eef9,2e69eef94,2020-11-18,18,{'JAM'},{'JAM_HEAVY_TRAFFIC'},31,{7},5.548387096774194
2e69eef9,2e69eef94,2020-11-20,18,{'WEATHERHAZARD'},{'HAZARD_WEATHER_FLOOD'},29,{7},7.241379310344827
2e69eef9,2e69eef9c,2020-09-06,8,{'JAM'},{'JAM'},6,{1},5.0
2e69eefb,2e69eefac,2020-11-08,19,{'JAM'},{'JAM_STAND_STILL_TRAFFIC'},31,{1},6.0
2e69eefb,2e69eefac,2020-11-08,20,{'ACCIDENT'},{'ACCIDENT_MAJOR'},122,{1},5.0
2e69eefd,2e69eefc4,2020-10-09,16,{'JAM'},{'JAM'},31,{7},5.0
2e69eefd,2e69eefc4,2020-10-12,13,{'JAM'},{'JAM'},34,{7},5.0
2e69eefd,2e69eefc4,2020-11-13,22,{'JAM'},{'JAM'},31,{1},5.0
2e69eefd,2e69eefc4,2020-11-21,23,{'JAM'},{'JAM_STAND_STILL_TRAFFIC'},31,{1},5.0
2e69eefd,2e69eefcc,2020-09-18,19,{'WEATHERHAZARD'},{'HAZARD_ON_ROAD_CAR_STOPPED'},31,{7},5.0
2e69eefd,2e69eefcc,2020-10-07,7,{'WEATHERHAZARD'},{'HAZARD_ON_ROAD_CAR_STOPPED'},32,{7},5.0
2e69eefd,2e69eefcc,2020-10-09,16,{'WEATHERHAZARD'},{'HAZARD_ON_ROAD_OBJECT'},61,{7},5.459016393442623
2e69eefd,2e69eefcc,2020-10-10,18,{'WEATHERHAZARD'},{'HAZARD_WEATHER_FLOOD'},41,{7},7.463414634146342
2e69eeff,2e69eefe4,2020-10-09,18,"{'JAM', 'ACCIDENT'}","{'JAM_MODERATE_TRAFFIC', 'ACCIDENT_MINOR'}",68,{1},5.029411764705882
2e69eeff,2e69eefe4,2020-10-20,18,"{'JAM', 'ACCIDENT'}","{'JAM_MODERATE_TRAFFIC', 'ACCIDENT_MINOR'}",45,{1},5.511111111111111
2e69eeff,2e69eefe4,2020-10-26,18,{'JAM'},{'JAM_MODERATE_TRAFFIC'},9,{1},5.0
2e69ef01,2e69ef004,2020-10-02,17,{'JAM'},{'JAM_MODERATE_TRAFFIC'},9,{1},5.0
2e69ef01,2e69ef014,2020-09-01,19,{'JAM'},{'JAM_STAND_STILL_TRAFFIC'},30,{2},5.9
2e69ef01,2e69ef014,2020-09-08,17,{'JAM'},{'JAM_STAND_STILL_TRAFFIC'},27,{1},5.518518518518518
2e69ef01,2e69ef014,2020-09-12,14,{'JAM'},{'JAM_HEAVY_TRAFFIC'},32,{2},5.0
2e69ef01,2e69ef014,2020-09-26,16,{'JAM'},{'JAM_STAND_STILL_TRAFFIC'},32,{2},5.0
2e69ef01,2e69ef014,2020-10-03,15,{'JAM'},{'JAM_STAND_STILL_TRAFFIC'},63,{2},5.507936507936508
2e69ef01,2e69ef014,2020-10-05,17,{'JAM'},{'JAM_HEAVY_TRAFFIC'},30,{1},5.866666666666666
2e69ef01,2e69ef014,2020-10-05,18,{'JAM'},{'JAM_HEAVY_TRAFFIC'},31,{2},5.967741935483871
2e69ef01,2e69ef014,2020-10-07,19,{'WEATHERHAZARD'},{'HAZARD_ON_SHOULDER_CAR_STOPPED'},31,{2},5.0
2e69ef01,2e69ef014,2020-10-11,11,{'JAM'},{'JAM_HEAVY_TRAFFIC'},11,{2},5.0
2e69ef01,2e69ef014,2020-10-17,13,{'JAM'},"{'JAM_MODERATE_TRAFFIC', 'JAM_HEAVY_TRAFFIC'}",60,{2},5.0
2e69ef01,2e69ef014,2020-10-17,15,{'JAM'},{'JAM_STAND_STILL_TRAFFIC'},38,{2},6.552631578947368
2e69ef01,2e69ef014,2020-10-24,15,{'JAM'},{'JAM_STAND_STILL_TRAFFIC'},33,{2},5.0
2e69ef01,2e69ef014,2020-10-25,9,{'JAM'},{'JAM_MODERATE_TRAFFIC'},30,{2},5.0
2e69ef01,2e69ef014,2020-10-28,17,{'JAM'},{'JAM_STAND_STILL_TRAFFIC'},31,{2},5.0
2e69ef01,2e69ef014,2020-10-31,17,{'JAM'},{'JAM_HEAVY_TRAFFIC'},26,{2},6.0
2e69ef01,2e69ef014,2020-11-02,20,{'JAM'},{'JAM_STAND_STILL_TRAFFIC'},31,{2},5.0
2e69ef01,2e69ef014,2020-11-06,17,{'JAM'},{'JAM_STAND_STILL_TRAFFIC'},9,{1},7.0
2e69ef01,2e69ef014,2020-11-06,18,{'JAM'},{'JAM_STAND_STILL_TRAFFIC'},28,{2},5.0
2e69ef01,2e69ef014,2020-11-07,12,{'JAM'},{'JAM_STAND_STILL_TRAFFIC'},30,{2},5.0
2e69ef01,2e69ef014,2020-11-07,13,{'WEATHERHAZARD'},{'HAZARD_ON_ROAD_CAR_STOPPED'},28,{2},7.607142857142857
2e69ef01,2e69ef014,2020-11-08,11,{'JAM'},{'JAM_HEAVY_TRAFFIC'},6,{2},5.0
2e69ef01,2e69ef014,2020-11-08,15,{'JAM'},{'JAM_HEAVY_TRAFFIC'},28,{2},5.714285714285714
2e69ef01,2e69ef014,2020-11-09,17,{'JAM'},{'JAM_MODERATE_TRAFFIC'},21,{2},5.0
2e69ef01,2e69ef014,2020-11-11,17,{'JAM'},{'JAM_STAND_STILL_TRAFFIC'},30,{2},6.7
2e69ef01,2e69ef014,2020-11-14,14,{'JAM'},{'JAM'},22,{2},5.0
2e69ef01,2e69ef014,2020-11-20,16,{'JAM'},{'JAM_STAND_STILL_TRAFFIC'},30,{2},5.0
2e69ef01,2e69ef014,2020-11-20,18,{'JAM'},{'JAM_STAND_STILL_TRAFFIC'},32,{2},5.0
2e69ef03,2e69ef03c,2020-09-02,16,{'JAM'},{'JAM_STAND_STILL_TRAFFIC'},30,{2},5.0
2e69ef03,2e69ef03c,2020-10-03,14,{'JAM'},{'JAM_HEAVY_TRAFFIC'},30,{2},5.0
2e69ef03,2e69ef03c,2020-10-06,17,{'JAM'},{'JAM_STAND_STILL_TRAFFIC'},31,{1},5.0
2e69ef03,2e69ef03c,2020-10-09,13,{'JAM'},{'JAM_MODERATE_TRAFFIC'},33,{1},5.0
2e69ef03,2e69ef03c,2020-10-10,12,{'JAM'},{'JAM_HEAVY_TRAFFIC'},18,{2},5.0
2e69ef03,2e69ef03c,2020-10-12,8,{'JAM'},{'JAM_HEAVY_TRAFFIC'},31,{2},5.0
2e69ef03,2e69ef03c,2020-10-22,18,{'ACCIDENT'},{'ACCIDENT'},20,{2},5.95
2e69ef03,2e69ef03c,2020-10-25,16,{'JAM'},{'JAM'},6,{2},5.0
2e69ef03,2e69ef03c,2020-10-26,18,{'JAM'},{'JAM_STAND_STILL_TRAFFIC'},27,{2},6.0
2e69ef03,2e69ef03c,2020-10-28,16,{'JAM'},{'JAM_HEAVY_TRAFFIC'},5,{2},5.0
2e69ef03,2e69ef03c,2020-11-06,19,{'JAM'},{'JAM_STAND_STILL_TRAFFIC'},32,{2},5.90625
2e69ef03,2e69ef03c,2020-11-14,14,{'JAM'},{'JAM'},24,{1},5.0
2e69ef05,2e69ef044,2020-09-02,18,{'JAM'},{'JAM_STAND_STILL_TRAFFIC'},31,{2},5.387096774193548
2e69ef05,2e69ef044,2020-10-03,15,{'JAM'},{'JAM_STAND_STILL_TRAFFIC'},7,{2},6.142857142857143
2e69ef05,2e69ef044,2020-10-06,17,{'JAM'},{'JAM_STAND_STILL_TRAFFIC'},5,{2},6.2
2e69ef05,2e69ef044,2020-10-10,16,{'JAM'},{'JAM_STAND_STILL_TRAFFIC'},31,{2},5.0
2e69ef05,2e69ef044,2020-10-10,20,{'JAM'},{'JAM_HEAVY_TRAFFIC'},45,{2},5.777777777777778
2e69ef05,2e69ef044,2020-10-24,14,{'JAM'},{'JAM_STAND_STILL_TRAFFIC'},30,{2},5.0
2e69ef05,2e69ef044,2020-10-25,14,{'JAM'},{'JAM_MODERATE_TRAFFIC'},6,{2},5.0
2e69ef05,2e69ef044,2020-11-11,17,{'JAM'},{'JAM_MODERATE_TRAFFIC'},7,{2},5.0
2e69ef05,2e69ef044,2020-11-14,16,{'JAM'},{'JAM_STAND_STILL_TRAFFIC'},28,{2},5.0
2e69ef07,2e69ef06c,2020-10-24,15,{'JAM'},{'JAM_STAND_STILL_TRAFFIC'},31,{2},5.0
2e69ef07,2e69ef06c,2020-10-26,16,{'WEATHERHAZARD'},{'HAZARD_ON_ROAD_CAR_STOPPED'},31,{2},5.258064516129032
2e69ef07,2e69ef06c,2020-11-06,19,{'JAM'},{'JAM_STAND_STILL_TRAFFIC'},34,{2},7.0
2e69ef07,2e69ef06c,2020-11-18,8,{'JAM'},{'JAM_STAND_STILL_TRAFFIC'},30,{2},5.7
2e69ef0d,2e69ef0d4,2020-09-15,16,{'JAM'},{'JAM_STAND_STILL_TRAFFIC'},21,{6},5.904761904761905
2e69ef0d,2e69ef0d4,2020-10-02,14,{'JAM'},{'JAM'},6,{6},5.0
2e69ef0d,2e69ef0d4,2020-10-10,18,"{'JAM', 'WEATHERHAZARD'}","{'HAZARD_WEATHER', 'JAM_HEAVY_TRAFFIC'}",81,{6},5.950617283950617
2e69ef0d,2e69ef0d4,2020-10-20,17,{'JAM'},{'JAM_HEAVY_TRAFFIC'},1,{6},6.0
2e69ef0d,2e69ef0d4,2020-10-24,11,{'JAM'},{'JAM_HEAVY_TRAFFIC'},31,{6},5.0
2e69ef0d,2e69ef0d4,2020-10-28,19,{'JAM'},{'JAM_STAND_STILL_TRAFFIC'},57,{6},5.0
2e69ef13,2e69ef124,2020-10-27,17,{'ACCIDENT'},{'ACCIDENT_MINOR'},121,{1},5.0
2e69ef13,2e69ef12c,2020-09-05,12,{'WEATHERHAZARD'},{'HAZARD_ON_ROAD_CAR_STOPPED'},32,{6},5.84375
2e69ef13,2e69ef12c,2020-09-05,18,{'JAM'},{'JAM_HEAVY_TRAFFIC'},31,{6},5.67741935483871
2e69ef13,2e69ef12c,2020-09-12,18,{'JAM'},{'JAM_STAND_STILL_TRAFFIC'},31,{1},5.0
2e69ef13,2e69ef12c,2020-09-15,16,{'JAM'},{'JAM_STAND_STILL_TRAFFIC'},27,{6},5.0
2e69ef13,2e69ef12c,2020-10-02,21,"{'JAM', 'WEATHERHAZARD'}","{'HAZARD_ON_SHOULDER_CAR_STOPPED', 'JAM_STAND_STILL_TRAFFIC'}",57,{6},6.421052631578948
2e69ef13,2e69ef12c,2020-10-03,18,{'JAM'},{'JAM_STAND_STILL_TRAFFIC'},32,{6},5.0
2e69ef13,2e69ef12c,2020-10-06,19,{'JAM'},{'JAM_HEAVY_TRAFFIC'},34,{6},6.382352941176471
2e69ef13,2e69ef12c,2020-10-10,14,{'JAM'},{'JAM_STAND_STILL_TRAFFIC'},22,{6},5.0
2e69ef13,2e69ef12c,2020-10-10,16,{'JAM'},{'JAM_HEAVY_TRAFFIC'},64,{6},5.0
2e69ef13,2e69ef12c,2020-10-10,18,{'JAM'},"{'JAM_STAND_STILL_TRAFFIC', 'JAM_MODERATE_TRAFFIC'}",86,{6},5.0
2e69ef13,2e69ef12c,2020-10-20,16,{'JAM'},"{'JAM_STAND_STILL_TRAFFIC', 'JAM_HEAVY_TRAFFIC'}",61,{6},5.0
2e69ef13,2e69ef12c,2020-10-20,17,{'JAM'},{'JAM_HEAVY_TRAFFIC'},32,{6},9.34375
2e69ef13,2e69ef12c,2020-10-23,8,{'JAM'},{'JAM_MODERATE_TRAFFIC'},30,{6},5.0
2e69ef13,2e69ef12c,2020-10-24,14,{'JAM'},{'JAM_STAND_STILL_TRAFFIC'},33,{6},5.0
2e69ef13,2e69ef12c,2020-10-28,19,{'JAM'},{'JAM_STAND_STILL_TRAFFIC'},53,{6},5.773584905660377
2e69ef13,2e69ef12c,2020-10-29,12,{'JAM'},{'JAM_STAND_STILL_TRAFFIC'},32,{6},5.0
2e69ef13,2e69ef12c,2020-10-31,14,{'JAM'},{'JAM_HEAVY_TRAFFIC'},62,{6},5.0
2e69ef13,2e69ef12c,2020-11-04,21,{'WEATHERHAZARD'},{'HAZARD_ON_SHOULDER_CAR_STOPPED'},36,{6},5.972222222222222
2e69ef13,2e69ef12c,2020-11-06,21,{'JAM'},{'JAM_STAND_STILL_TRAFFIC'},67,{6},5.0
2e69ef13,2e69ef12c,2020-11-06,22,{'ACCIDENT'},{'ACCIDENT_MAJOR'},108,{6},6.555555555555555
2e69ef13,2e69ef12c,2020-11-07,17,{'JAM'},{'JAM_HEAVY_TRAFFIC'},32,{6},5.0
2e69ef13,2e69ef12c,2020-11-07,19,{'JAM'},{'JAM_HEAVY_TRAFFIC'},30,{6},5.0
2e69ef13,2e69ef12c,2020-11-14,12,{'JAM'},{'JAM'},49,{6},5.653061224489796
2e69ef13,2e69ef12c,2020-11-14,13,{'JAM'},{'JAM_STAND_STILL_TRAFFIC'},6,{6},5.0
2e69ef13,2e69ef12c,2020-11-20,17,{'JAM'},{'JAM_HEAVY_TRAFFIC'},21,{6},5.0
2e69ef13,2e69ef12c,2020-11-21,17,{'JAM'},"{'JAM_STAND_STILL_TRAFFIC', 'JAM_HEAVY_TRAFFIC'}",54,{6},5.722222222222222
2e69ef13,2e69ef12c,2020-11-21,20,{'JAM'},{'JAM_MODERATE_TRAFFIC'},26,{6},5.0
2e69ef13,2e69ef134,2020-09-02,13,{'WEATHERHAZARD'},{'HAZARD_ON_ROAD_CAR_STOPPED'},33,{6},5.757575757575758
2e69ef13,2e69ef134,2020-09-03,17,{'JAM'},{'JAM_STAND_STILL_TRAFFIC'},31,{6},5.0
2e69ef13,2e69ef134,2020-09-03,19,{'JAM'},{'JAM_STAND_STILL_TRAFFIC'},31,{6},5.0
2e69ef13,2e69ef134,2020-09-05,12,{'JAM'},{'JAM'},22,{6},5.0
2e69ef13,2e69ef134,2020-09-05,21,{'JAM'},{'JAM_HEAVY_TRAFFIC'},8,{6},5.0
2e69ef13,2e69ef134,2020-09-06,15,{'JAM'},{'JAM'},30,{6},5.0
2e69ef13,2e69ef134,2020-09-08,18,{'ACCIDENT'},{'ACCIDENT'},84,{6},6.607142857142857
2e69ef13,2e69ef134,2020-09-10,16,{'JAM'},{'JAM'},31,{6},5.0
2e69ef13,2e69ef134,2020-09-11,16,{'JAM'},{'JAM'},30,{6},5.0
2e69ef13,2e69ef134,2020-09-15,16,{'JAM'},{'JAM_STAND_STILL_TRAFFIC'},23,{6},5.0
2e69ef13,2e69ef134,2020-09-15,17,{'JAM'},{'JAM_STAND_STILL_TRAFFIC'},33,{6},5.0
2e69ef13,2e69ef134,2020-09-22,14,{'JAM'},{'JAM_MODERATE_TRAFFIC'},8,{6},5.0
2e69ef13,2e69ef134,2020-10-01,13,{'JAM'},{'JAM'},33,{6},5.0
2e69ef13,2e69ef134,2020-10-02,21,"{'JAM', 'WEATHERHAZARD'}","{'HAZARD_ON_SHOULDER_CAR_STOPPED', 'JAM_STAND_STILL_TRAFFIC'}",53,{6},5.830188679245283
2e69ef13,2e69ef134,2020-10-03,16,{'JAM'},{'JAM_HEAVY_TRAFFIC'},34,{6},5.970588235294118
2e69ef13,2e69ef134,2020-10-04,12,{'JAM'},{'JAM_MODERATE_TRAFFIC'},30,{6},5.0
2e69ef13,2e69ef134,2020-10-10,16,{'JAM'},{'JAM_HEAVY_TRAFFIC'},29,{6},5.0
2e69ef13,2e69ef134,2020-10-20,18,{'JAM'},{'JAM_STAND_STILL_TRAFFIC'},61,{6},5.278688524590164
2e69ef13,2e69ef134,2020-10-24,11,{'JAM'},{'JAM_STAND_STILL_TRAFFIC'},31,{6},5.0
2e69ef13,2e69ef134,2020-10-24,14,{'JAM'},{'JAM'},45,{6},5.377777777777778
2e69ef13,2e69ef134,2020-10-26,14,{'JAM'},{'JAM_STAND_STILL_TRAFFIC'},6,{6},5.0
2e69ef13,2e69ef134,2020-10-28,19,{'JAM'},"{'JAM', 'JAM_STAND_STILL_TRAFFIC'}",63,{6},5.619047619047619
2e69ef13,2e69ef134,2020-10-29,12,{'JAM'},{'JAM_STAND_STILL_TRAFFIC'},32,{6},5.0
2e69ef13,2e69ef134,2020-10-31,13,{'JAM'},{'JAM_STAND_STILL_TRAFFIC'},35,{6},5.0
2e69ef13,2e69ef134,2020-11-05,22,{'JAM'},{'JAM_STAND_STILL_TRAFFIC'},30,{6},5.0
2e69ef13,2e69ef134,2020-11-06,20,{'JAM'},{'JAM_STAND_STILL_TRAFFIC'},30,{6},5.0
2e69ef13,2e69ef134,2020-11-07,17,{'JAM'},{'JAM_HEAVY_TRAFFIC'},31,{6},6.741935483870968
2e69ef13,2e69ef134,2020-11-07,20,{'JAM'},{'JAM_HEAVY_TRAFFIC'},63,{6},5.0
2e69ef13,2e69ef134,2020-11-08,10,{'JAM'},{'JAM_HEAVY_TRAFFIC'},18,{6},7.777777777777778
2e69ef13,2e69ef134,2020-11-08,12,{'JAM'},{'JAM'},31,{6},5.0
2e69ef13,2e69ef134,2020-11-08,18,{'JAM'},{'JAM_HEAVY_TRAFFIC'},30,{6},6.966666666666667
2e69ef13,2e69ef134,2020-11-10,19,{'JAM'},{'JAM'},61,{6},5.491803278688525
2e69ef13,2e69ef134,2020-11-14,12,{'JAM'},{'JAM_STAND_STILL_TRAFFIC'},18,{6},7.0
2e69ef13,2e69ef134,2020-11-14,13,{'JAM'},{'JAM_STAND_STILL_TRAFFIC'},32,{6},5.0
2e69ef13,2e69ef134,2020-11-14,19,{'JAM'},{'JAM_STAND_STILL_TRAFFIC'},30,{6},5.0
2e69ef13,2e69ef13c,2020-10-03,12,{'JAM'},{'JAM'},5,{1},5.0
2e69ef15,2e69ef144,2020-09-03,17,{'JAM'},{'JAM_HEAVY_TRAFFIC'},5,{2},5.0
2e69ef15,2e69ef144,2020-10-29,12,{'JAM'},{'JAM_STAND_STILL_TRAFFIC'},30,{2},5.0
2e69ef15,2e69ef14c,2020-09-05,12,{'JAM'},{'JAM_HEAVY_TRAFFIC'},30,{6},5.0
2e69ef15,2e69ef14c,2020-09-05,14,{'JAM'},{'JAM_STAND_STILL_TRAFFIC'},39,{6},5.384615384615385
2e69ef15,2e69ef14c,2020-09-05,21,{'JAM'},{'JAM'},31,{6},5.0
2e69ef15,2e69ef14c,2020-09-06,16,{'JAM'},{'JAM_STAND_STILL_TRAFFIC'},31,{6},5.0
2e69ef15,2e69ef14c,2020-09-11,20,{'JAM'},{'JAM'},31,{6},5.0
2e69ef15,2e69ef14c,2020-09-12,18,{'JAM'},{'JAM_STAND_STILL_TRAFFIC'},41,{6},5.902439024390244
2e69ef15,2e69ef14c,2020-09-19,13,{'JAM'},{'JAM_MODERATE_TRAFFIC'},32,{6},5.0
2e69ef15,2e69ef14c,2020-09-20,15,{'JAM'},{'JAM'},30,{6},5.0
2e69ef15,2e69ef14c,2020-09-26,18,{'JAM'},{'JAM_HEAVY_TRAFFIC'},31,{6},5.0
2e69ef15,2e69ef14c,2020-09-29,12,{'JAM'},{'JAM_STAND_STILL_TRAFFIC'},13,{6},5.0
2e69ef15,2e69ef14c,2020-09-30,18,{'JAM'},{'JAM_MODERATE_TRAFFIC'},31,{6},5.0
2e69ef15,2e69ef14c,2020-10-04,15,{'JAM'},{'JAM_HEAVY_TRAFFIC'},13,{6},5.0
2e69ef15,2e69ef14c,2020-10-06,19,{'JAM'},{'JAM_HEAVY_TRAFFIC'},32,{6},7.03125
2e69ef15,2e69ef14c,2020-10-10,13,{'JAM'},{'JAM_STAND_STILL_TRAFFIC'},32,{6},5.0
2e69ef15,2e69ef14c,2020-10-10,15,{'JAM'},{'JAM_STAND_STILL_TRAFFIC'},24,{6},5.833333333333333
2e69ef15,2e69ef14c,2020-10-10,16,{'WEATHERHAZARD'},{'HAZARD_ON_SHOULDER_CAR_STOPPED'},32,{6},7.59375
2e69ef15,2e69ef14c,2020-10-17,15,{'JAM'},{'JAM_MODERATE_TRAFFIC'},22,{6},6.0
2e69ef15,2e69ef14c,2020-10-17,18,{'JAM'},{'JAM_HEAVY_TRAFFIC'},33,{6},5.0
2e69ef15,2e69ef14c,2020-10-19,16,{'JAM'},{'JAM_HEAVY_TRAFFIC'},21,{6},5.0
2e69ef15,2e69ef14c,2020-10-20,17,{'JAM'},{'JAM_STAND_STILL_TRAFFIC'},33,{6},5.545454545454546
2e69ef15,2e69ef14c,2020-10-21,13,{'JAM'},{'JAM_STAND_STILL_TRAFFIC'},6,{6},5.0
2e69ef15,2e69ef14c,2020-10-24,14,{'JAM'},{'JAM_STAND_STILL_TRAFFIC'},30,{6},5.0
2e69ef15,2e69ef14c,2020-10-24,16,{'JAM'},{'JAM_HEAVY_TRAFFIC'},32,{6},5.0
2e69ef15,2e69ef14c,2020-10-24,19,{'JAM'},{'JAM_HEAVY_TRAFFIC'},32,{6},5.0
2e69ef15,2e69ef14c,2020-10-25,10,{'JAM'},{'JAM_HEAVY_TRAFFIC'},13,{6},5.0
2e69ef15,2e69ef14c,2020-10-27,22,{'JAM'},{'JAM_HEAVY_TRAFFIC'},34,{6},5.0
2e69ef15,2e69ef14c,2020-10-30,10,{'JAM'},{'JAM_HEAVY_TRAFFIC'},25,{6},5.0
2e69ef15,2e69ef14c,2020-10-31,14,{'JAM'},{'JAM_HEAVY_TRAFFIC'},31,{6},5.903225806451613
2e69ef15,2e69ef14c,2020-10-31,16,{'JAM'},{'JAM_HEAVY_TRAFFIC'},32,{6},7.53125
2e69ef15,2e69ef14c,2020-10-31,17,{'JAM'},{'JAM_MODERATE_TRAFFIC'},31,{6},5.0
2e69ef15,2e69ef14c,2020-11-03,23,{'JAM'},{'JAM_MODERATE_TRAFFIC'},31,{6},5.0
2e69ef15,2e69ef14c,2020-11-07,15,{'JAM'},{'JAM_STAND_STILL_TRAFFIC'},35,{6},5.457142857142857
2e69ef15,2e69ef14c,2020-11-07,18,{'JAM'},{'JAM_HEAVY_TRAFFIC'},32,{6},5.6875
2e69ef15,2e69ef14c,2020-11-08,10,{'JAM'},{'JAM_HEAVY_TRAFFIC'},14,{6},6.285714285714286
2e69ef15,2e69ef14c,2020-11-08,12,{'JAM'},{'JAM_STAND_STILL_TRAFFIC'},31,{6},5.0
2e69ef15,2e69ef14c,2020-11-08,18,{'JAM'},{'JAM_HEAVY_TRAFFIC'},30,{6},7.933333333333334
2e69ef15,2e69ef14c,2020-11-12,17,{'JAM'},{'JAM_STAND_STILL_TRAFFIC'},31,{6},5.0
2e69ef15,2e69ef14c,2020-11-13,16,{'JAM'},{'JAM'},10,{6},5.0
2e69ef15,2e69ef14c,2020-11-14,12,{'JAM'},{'JAM_STAND_STILL_TRAFFIC'},26,{6},5.038461538461538
2e69ef15,2e69ef14c,2020-11-14,18,{'JAM'},{'JAM_STAND_STILL_TRAFFIC'},31,{6},5.0
2e69ef15,2e69ef14c,2020-11-14,20,{'JAM'},{'JAM_STAND_STILL_TRAFFIC'},32,{6},6.96875
2e69ef15,2e69ef14c,2020-11-18,20,{'JAM'},{'JAM_MODERATE_TRAFFIC'},30,{6},5.0
2e69ef15,2e69ef14c,2020-11-21,10,{'JAM'},{'JAM_MODERATE_TRAFFIC'},47,{6},5.361702127659575
2e69ef15,2e69ef14c,2020-11-21,12,{'JAM'},{'JAM_STAND_STILL_TRAFFIC'},9,{6},5.0
2e69ef15,2e69ef14c,2020-11-21,16,{'JAM'},{'JAM_STAND_STILL_TRAFFIC'},29,{6},5.724137931034483
2e69ef15,2e69ef14c,2020-11-21,18,{'JAM'},{'JAM_STAND_STILL_TRAFFIC'},19,{6},5.7368421052631575
2e69ef15,2e69ef14c,2020-11-21,19,{'JAM'},{'JAM'},4,{6},5.0
2e69ef15,2e69ef14c,2020-11-21,20,{'JAM'},{'JAM_MODERATE_TRAFFIC'},24,{6},5.0
2e69ef15,2e69ef154,2020-09-06,12,{'JAM'},{'JAM'},4,{6},5.0
2e69ef15,2e69ef154,2020-09-06,15,{'JAM'},{'JAM'},34,{6},5.0
2e69ef15,2e69ef154,2020-09-11,16,{'JAM'},{'JAM'},30,{6},5.0
2e69ef15,2e69ef154,2020-09-12,10,{'JAM'},{'JAM_STAND_STILL_TRAFFIC'},30,{6},5.0
2e69ef15,2e69ef154,2020-09-14,10,{'WEATHERHAZARD'},{'WEATHERHAZARD'},32,{1},5.0
2e69ef15,2e69ef154,2020-09-19,16,{'JAM'},{'JAM_HEAVY_TRAFFIC'},31,{6},5.0
2e69ef15,2e69ef154,2020-09-20,15,{'WEATHERHAZARD'},{'HAZARD_ON_ROAD_CAR_STOPPED'},38,{6},7.315789473684211
2e69ef15,2e69ef154,2020-09-26,11,{'WEATHERHAZARD'},{'HAZARD_ON_ROAD_CAR_STOPPED'},33,{6},5.545454545454546
2e69ef15,2e69ef154,2020-10-01,13,{'JAM'},{'JAM'},34,{6},5.0
2e69ef15,2e69ef154,2020-10-03,11,{'JAM'},{'JAM_HEAVY_TRAFFIC'},25,{6},5.0
2e69ef15,2e69ef154,2020-10-03,13,"{'JAM', 'WEATHERHAZARD'}","{'JAM', 'HAZARD_ON_ROAD_CAR_STOPPED'}",40,{6},5.175
2e69ef15,2e69ef154,2020-10-10,13,"{'JAM', 'WEATHERHAZARD'}","{'JAM', 'HAZARD_ON_ROAD_CAR_STOPPED'}",66,{6},5.242424242424242
2e69ef15,2e69ef154,2020-10-10,15,{'JAM'},{'JAM_STAND_STILL_TRAFFIC'},32,{2},5.0
2e69ef15,2e69ef154,2020-10-10,16,{'JAM'},"{'JAM_STAND_STILL_TRAFFIC', 'JAM_MODERATE_TRAFFIC'}",61,{6},5.0
2e69ef15,2e69ef154,2020-10-13,16,{'JAM'},{'JAM_STAND_STILL_TRAFFIC'},31,{6},5.0
2e69ef15,2e69ef154,2020-10-15,16,{'JAM'},{'JAM_STAND_STILL_TRAFFIC'},31,{1},5.0
2e69ef15,2e69ef154,2020-10-17,13,{'JAM'},{'JAM'},31,{6},5.967741935483871
2e69ef15,2e69ef154,2020-10-18,15,{'JAM'},{'JAM_HEAVY_TRAFFIC'},32,{6},5.0
2e69ef15,2e69ef154,2020-10-20,17,"{'JAM', 'WEATHERHAZARD', 'ACCIDENT'}","{'HAZARD_ON_ROAD_OBJECT', 'JAM_STAND_STILL_TRAFFIC', 'ACCIDENT_MAJOR'}",213,{6},7.107981220657277
2e69ef15,2e69ef154,2020-10-20,18,{'JAM'},{'JAM_STAND_STILL_TRAFFIC'},30,{2},6.0
2e69ef15,2e69ef154,2020-10-24,18,{'JAM'},{'JAM_HEAVY_TRAFFIC'},32,{6},5.0
2e69ef15,2e69ef154,2020-10-28,14,{'JAM'},{'JAM'},31,{6},5.0
2e69ef15,2e69ef154,2020-10-29,18,{'JAM'},{'JAM_STAND_STILL_TRAFFIC'},30,{6},5.0
2e69ef15,2e69ef154,2020-10-31,11,{'JAM'},{'JAM'},31,{6},5.0
2e69ef15,2e69ef154,2020-10-31,13,"{'WEATHERHAZARD', 'ACCIDENT'}","{'HAZARD_ON_ROAD_CAR_STOPPED', 'ACCIDENT'}",55,{6},5.818181818181818
2e69ef15,2e69ef154,2020-11-04,11,{'JAM'},{'JAM_HEAVY_TRAFFIC'},6,{6},5.0
2e69ef15,2e69ef154,2020-11-07,17,{'JAM'},{'JAM_MODERATE_TRAFFIC'},30,{6},5.0
2e69ef15,2e69ef154,2020-11-08,12,"{'JAM', 'WEATHERHAZARD'}","{'JAM', 'HAZARD_ON_ROAD_CAR_STOPPED'}",64,{6},5.0
2e69ef15,2e69ef154,2020-11-09,11,"{'JAM', 'ACCIDENT'}","{'JAM', 'ACCIDENT'}",125,{2},5.0
2e69ef15,2e69ef154,2020-11-13,16,{'JAM'},{'JAM'},30,{6},5.0
2e69ef15,2e69ef154,2020-11-14,13,{'JAM'},"{'JAM_STAND_STILL_TRAFFIC', 'JAM_MODERATE_TRAFFIC'}",17,{6},5.588235294117647
2e69ef15,2e69ef154,2020-11-14,17,{'JAM'},{'JAM_MODERATE_TRAFFIC'},32,{6},5.0
2e69ef15,2e69ef154,2020-11-14,19,{'JAM'},{'JAM_STAND_STILL_TRAFFIC'},30,{2},5.866666666666666
2e69ef15,2e69ef154,2020-11-14,20,{'JAM'},{'JAM_STAND_STILL_TRAFFIC'},30,{6},5.0
2e69ef15,2e69ef154,2020-11-20,7,{'JAM'},{'JAM_HEAVY_TRAFFIC'},30,{6},5.0
2e69ef15,2e69ef154,2020-11-20,17,{'JAM'},{'JAM_STAND_STILL_TRAFFIC'},31,{6},5.0
2e69ef15,2e69ef154,2020-11-20,18,{'JAM'},{'JAM_STAND_STILL_TRAFFIC'},31,{2},5.0
2e69ef1b,2e69ef1ac,2020-11-15,10,{'JAM'},{'JAM_MODERATE_TRAFFIC'},32,{1},5.0
2e69ef21,2e69ef214,2020-11-16,22,{'JAM'},{'JAM_STAND_STILL_TRAFFIC'},32,{1},5.0
2e69ef25,2e69ef24c,2020-11-15,15,"{'JAM', 'WEATHERHAZARD'}","{'JAM', 'HAZARD_ON_ROAD_CAR_STOPPED'}",37,{1},5.594594594594595
2e69ef25,2e69ef24c,2020-11-21,22,{'JAM'},{'JAM_MODERATE_TRAFFIC'},31,{1},5.0
2e69ef25,2e69ef24c,2020-11-22,3,"{'JAM', 'ACCIDENT'}","{'JAM', 'ACCIDENT_MINOR'}",151,{1},5.0
2e69ef29,2e69ef284,2020-09-06,1,{'JAM'},{'JAM'},33,{1},5.0
2e69ef29,2e69ef29c,2020-10-01,15,{'WEATHERHAZARD'},{'HAZARD_ON_ROAD_OBJECT'},55,{7},5.9818181818181815
2e69ef29,2e69ef29c,2020-11-06,12,{'JAM'},{'JAM'},6,{1},5.0
2e69ef29,2e69ef29c,2020-11-08,12,{'JAM'},{'JAM_HEAVY_TRAFFIC'},28,{7},5.0
2e69ef2b,2e69ef2a4,2020-10-02,17,{'WEATHERHAZARD'},{'HAZARD_ON_ROAD_CAR_STOPPED'},40,{7},5.925
2e69ef2b,2e69ef2a4,2020-10-09,17,"{'JAM', 'WEATHERHAZARD'}","{'HAZARD_ON_ROAD_OBJECT', 'JAM'}",70,{7},5.271428571428571
2e69ef2b,2e69ef2a4,2020-10-12,13,{'WEATHERHAZARD'},{'HAZARD_ON_ROAD_CAR_STOPPED'},30,{7},5.0
2e69ef2b,2e69ef2a4,2020-10-29,18,{'JAM'},{'JAM'},32,{7},5.0
2e69ef2b,2e69ef2a4,2020-10-30,16,{'JAM'},{'JAM'},30,{7},5.0
2e69ef2b,2e69ef2ac,2020-10-16,16,{'JAM'},{'JAM'},30,{7},5.0
2e69ef2b,2e69ef2ac,2020-10-19,14,{'JAM'},{'JAM'},30,{7},5.0
2e69ef2b,2e69ef2ac,2020-11-05,17,{'JAM'},{'JAM'},31,{7},5.0
2e69ef2f,2e69ef2ec,2020-10-28,8,{'JAM'},{'JAM_HEAVY_TRAFFIC'},30,{1},5.0
2e69ef2f,2e69ef2f4,2020-10-26,18,"{'JAM', 'ACCIDENT'}","{'JAM_STAND_STILL_TRAFFIC', 'ACCIDENT_MAJOR'}",145,{1},5.0
2e69ef31,2e69ef314,2020-09-07,17,{'JAM'},{'JAM'},32,{1},5.0
2e69ef37,2e69ef37c,2020-11-20,10,{'JAM'},{'JAM'},31,{22},5.0
2e69ef3b,2e69ef3a4,2020-11-07,20,"{'JAM', 'WEATHERHAZARD', 'ACCIDENT'}","{'HAZARD_WEATHER_HEAVY_SNOW', 'JAM_STAND_STILL_TRAFFIC', 'ACCIDENT_MAJOR'}",189,{17},5.0
2e69ef3b,2e69ef3a4,2020-11-12,12,"{'JAM', 'ACCIDENT'}","{'JAM_STAND_STILL_TRAFFIC', 'ACCIDENT'}",179,{17},5.17877094972067
2e69ef3b,2e69ef3a4,2020-11-13,16,"{'JAM', 'ACCIDENT'}","{'JAM_STAND_STILL_TRAFFIC', 'ACCIDENT'}",151,{17},5.0
2e69ef3b,2e69ef3a4,2020-11-15,19,"{'JAM', 'ACCIDENT'}","{'ACCIDENT', 'JAM_HEAVY_TRAFFIC'}",152,{17},5.0
2e69ef3b,2e69ef3a4,2020-11-20,9,{'ACCIDENT'},{'ACCIDENT'},122,{17},5.0
2e69ef3b,2e69ef3a4,2020-11-20,20,{'JAM'},{'JAM_MODERATE_TRAFFIC'},30,{17},5.0
2e69ef3f,2e69ef3ec,2020-10-10,20,{'JAM'},{'JAM_HEAVY_TRAFFIC'},38,{1},5.421052631578948
2e69ef3f,2e69ef3f4,2020-10-20,17,{'JAM'},{'JAM_STAND_STILL_TRAFFIC'},30,{1},5.0
2e69ef3f,2e69ef3f4,2020-11-07,18,{'JAM'},{'JAM_HEAVY_TRAFFIC'},31,{1},5.0
2e69ef3f,2e69ef3fc,2020-10-10,19,{'JAM'},{'JAM_STAND_STILL_TRAFFIC'},30,{1},5.0
2e69ef3f,2e69ef3fc,2020-10-20,18,{'JAM'},{'JAM_STAND_STILL_TRAFFIC'},34,{1},5.0
2e69ef41,2e69ef404,2020-09-02,13,{'WEATHERHAZARD'},{'HAZARD_ON_ROAD_ROAD_KILL'},28,{6},5.821428571428571
2e69ef41,2e69ef404,2020-10-01,13,{'WEATHERHAZARD'},{'HAZARD_ON_ROAD_CAR_STOPPED'},31,{6},5.0
2e69ef41,2e69ef404,2020-10-20,16,"{'JAM', 'WEATHERHAZARD'}","{'JAM_STAND_STILL_TRAFFIC', 'HAZARD_ON_ROAD_CONSTRUCTION'}",42,{6},5.142857142857143
2e69ef41,2e69ef404,2020-10-20,17,{'JAM'},{'JAM_HEAVY_TRAFFIC'},31,{6},5.0
2e69ef41,2e69ef404,2020-10-28,18,{'JAM'},{'JAM_HEAVY_TRAFFIC'},1,{6},5.0
2e69ef41,2e69ef404,2020-11-08,12,{'JAM'},{'JAM_STAND_STILL_TRAFFIC'},29,{6},5.0
2e69ef41,2e69ef404,2020-11-20,13,{'WEATHERHAZARD'},{'HAZARD_ON_ROAD_CAR_STOPPED'},26,{6},6.115384615384615
2e69ef41,2e69ef404,2020-11-21,19,{'JAM'},{'JAM'},3,"{1, 6}",5.0
2e69ef41,2e69ef40c,2020-09-11,17,{'JAM'},{'JAM_STAND_STILL_TRAFFIC'},30,{6},5.0
2e69ef41,2e69ef40c,2020-09-17,13,{'JAM'},{'JAM_MODERATE_TRAFFIC'},14,{6},5.0
2e69ef41,2e69ef40c,2020-09-20,15,{'WEATHERHAZARD'},{'HAZARD_ON_ROAD_CAR_STOPPED'},32,{6},6.28125
2e69ef41,2e69ef40c,2020-09-21,18,{'JAM'},{'JAM_STAND_STILL_TRAFFIC'},30,{6},5.0
2e69ef41,2e69ef40c,2020-09-24,7,{'JAM'},{'JAM_MODERATE_TRAFFIC'},21,{6},5.0
2e69ef41,2e69ef40c,2020-10-01,13,{'JAM'},{'JAM'},32,{6},5.0
2e69ef41,2e69ef40c,2020-10-17,18,{'JAM'},{'JAM_HEAVY_TRAFFIC'},31,{6},5.0
2e69ef41,2e69ef40c,2020-10-18,10,{'JAM'},{'JAM_HEAVY_TRAFFIC'},11,{6},5.0
2e69ef41,2e69ef40c,2020-10-20,16,{'JAM'},{'JAM_STAND_STILL_TRAFFIC'},30,{6},5.0
2e69ef41,2e69ef40c,2020-10-28,18,{'JAM'},{'JAM_HEAVY_TRAFFIC'},65,{6},5.507692307692308
2e69ef41,2e69ef40c,2020-11-01,15,{'JAM'},{'JAM_STAND_STILL_TRAFFIC'},30,{6},6.866666666666666
2e69ef41,2e69ef40c,2020-11-08,11,{'JAM'},{'JAM_HEAVY_TRAFFIC'},12,{6},5.0
2e69ef41,2e69ef40c,2020-11-08,12,"{'JAM', 'WEATHERHAZARD'}","{'HAZARD_ON_ROAD_CAR_STOPPED', 'JAM_HEAVY_TRAFFIC'}",53,{6},5.509433962264151
2e69ef41,2e69ef40c,2020-11-10,19,{'JAM'},{'JAM'},30,{6},5.0
2e69ef41,2e69ef40c,2020-11-14,13,{'JAM'},{'JAM_MODERATE_TRAFFIC'},27,{6},5.0
2e69ef41,2e69ef40c,2020-11-15,10,{'JAM'},{'JAM_MODERATE_TRAFFIC'},32,{6},5.0
2e69ef41,2e69ef40c,2020-11-21,19,{'WEATHERHAZARD'},{'HAZARD_ON_ROAD_CAR_STOPPED'},1,{6},5.0
2e69ef47,2e69ef46c,2020-09-02,18,{'JAM'},{'JAM_HEAVY_TRAFFIC'},6,{2},5.0
2e69ef47,2e69ef46c,2020-09-16,9,{'JAM'},{'JAM_MODERATE_TRAFFIC'},62,{17},5.5
2e69ef47,2e69ef46c,2020-09-21,12,{'JAM'},{'JAM_MODERATE_TRAFFIC'},31,{1},5.0
2e69ef47,2e69ef46c,2020-09-28,8,{'JAM'},{'JAM_MODERATE_TRAFFIC'},39,{17},5.410256410256411
2e69ef47,2e69ef46c,2020-09-28,11,{'JAM'},{'JAM_MODERATE_TRAFFIC'},32,{1},5.0
2e69ef47,2e69ef46c,2020-10-11,13,{'JAM'},{'JAM_HEAVY_TRAFFIC'},30,{2},5.0
2e69ef47,2e69ef46c,2020-10-16,7,{'JAM'},{'JAM_MODERATE_TRAFFIC'},5,{2},5.0
2e69ef47,2e69ef46c,2020-11-08,17,{'JAM'},{'JAM_HEAVY_TRAFFIC'},34,{2},5.0
2e69ef47,2e69ef46c,2020-11-08,19,{'JAM'},{'JAM_HEAVY_TRAFFIC'},31,{2},5.0
2e69ef47,2e69ef46c,2020-11-14,10,{'JAM'},{'JAM_STAND_STILL_TRAFFIC'},30,{2},5.0
2e69ef47,2e69ef46c,2020-11-14,12,{'JAM'},{'JAM_MODERATE_TRAFFIC'},30,{2},5.0
2e69ef47,2e69ef46c,2020-11-14,15,{'JAM'},{'JAM'},17,{2},5.0
2e69ef47,2e69ef46c,2020-11-21,13,{'JAM'},{'JAM_HEAVY_TRAFFIC'},12,{2},5.0
2e69ef47,2e69ef474,2020-09-01,8,{'JAM'},{'JAM'},31,{6},5.774193548387097
2e69ef47,2e69ef474,2020-09-05,12,{'JAM'},{'JAM'},56,{6},5.0
2e69ef47,2e69ef474,2020-09-05,15,{'JAM'},{'JAM'},30,{6},6.0
2e69ef47,2e69ef474,2020-09-05,21,{'JAM'},{'JAM'},19,{6},5.0
2e69ef47,2e69ef474,2020-09-06,15,{'JAM'},{'JAM'},32,{6},5.0
2e69ef47,2e69ef474,2020-09-06,18,{'JAM'},{'JAM_HEAVY_TRAFFIC'},30,{6},5.0
2e69ef47,2e69ef474,2020-09-10,16,{'JAM'},{'JAM'},31,{6},5.0
2e69ef47,2e69ef474,2020-09-11,16,{'WEATHERHAZARD'},{'HAZARD_ON_ROAD_CAR_STOPPED'},63,{6},5.841269841269841
2e69ef47,2e69ef474,2020-09-11,20,{'JAM'},{'JAM'},35,{6},5.0
2e69ef47,2e69ef474,2020-09-12,14,{'JAM'},{'JAM'},32,{6},5.0
2e69ef47,2e69ef474,2020-09-18,17,{'JAM'},{'JAM'},30,{6},5.0
2e69ef47,2e69ef474,2020-09-20,15,{'JAM'},{'JAM'},11,{6},5.0
2e69ef47,2e69ef474,2020-09-26,11,"{'JAM', 'WEATHERHAZARD'}","{'JAM', 'HAZARD_ON_ROAD_CAR_STOPPED'}",54,{6},5.185185185185185
2e69ef47,2e69ef474,2020-09-26,17,{'JAM'},{'JAM_STAND_STILL_TRAFFIC'},70,{6},5.914285714285715
2e69ef47,2e69ef474,2020-09-27,20,{'JAM'},{'JAM_HEAVY_TRAFFIC'},31,{6},5.0
2e69ef47,2e69ef474,2020-10-01,13,{'JAM'},{'JAM'},32,{6},5.0
2e69ef47,2e69ef474,2020-10-02,14,"{'JAM', 'WEATHERHAZARD'}","{'JAM', 'HAZARD_ON_ROAD_CAR_STOPPED'}",62,{6},5.370967741935484
2e69ef47,2e69ef474,2020-10-03,12,{'JAM'},"{'JAM', 'JAM_MODERATE_TRAFFIC'}",48,{6},5.0
2e69ef47,2e69ef474,2020-10-03,13,{'JAM'},{'JAM'},30,{6},5.0
2e69ef47,2e69ef474,2020-10-04,15,{'JAM'},{'JAM_MODERATE_TRAFFIC'},31,{6},5.0
2e69ef47,2e69ef474,2020-10-04,17,{'JAM'},{'JAM_HEAVY_TRAFFIC'},31,{2},5.0
2e69ef47,2e69ef474,2020-10-07,17,{'JAM'},{'JAM'},38,{6},5.0
2e69ef47,2e69ef474,2020-10-10,13,{'JAM'},{'JAM'},30,{6},5.0
2e69ef47,2e69ef474,2020-10-10,19,{'JAM'},{'JAM_HEAVY_TRAFFIC'},32,{6},5.0
2e69ef47,2e69ef474,2020-10-10,20,{'JAM'},{'JAM'},30,{6},5.0
2e69ef47,2e69ef474,2020-10-11,14,{'JAM'},{'JAM_HEAVY_TRAFFIC'},30,{6},5.0
2e69ef47,2e69ef474,2020-10-17,12,{'JAM'},{'JAM_HEAVY_TRAFFIC'},14,{6},5.0
2e69ef47,2e69ef474,2020-10-17,13,{'JAM'},{'JAM'},52,{6},5.0
2e69ef47,2e69ef474,2020-10-17,18,{'JAM'},"{'JAM_STAND_STILL_TRAFFIC', 'JAM_MODERATE_TRAFFIC'}",61,{6},5.0
2e69ef47,2e69ef474,2020-10-17,19,{'JAM'},{'JAM_STAND_STILL_TRAFFIC'},24,{6},5.0
2e69ef47,2e69ef474,2020-10-18,15,{'JAM'},{'JAM_HEAVY_TRAFFIC'},30,{6},5.0
2e69ef47,2e69ef474,2020-10-18,18,{'JAM'},{'JAM_HEAVY_TRAFFIC'},31,{6},5.0
2e69ef47,2e69ef474,2020-10-18,21,{'JAM'},{'JAM_HEAVY_TRAFFIC'},30,{6},5.0
2e69ef47,2e69ef474,2020-10-19,11,{'WEATHERHAZARD'},{'HAZARD_ON_SHOULDER_CAR_STOPPED'},30,{6},5.0
2e69ef47,2e69ef474,2020-10-23,16,{'JAM'},{'JAM'},30,{6},5.0
2e69ef47,2e69ef474,2020-10-24,9,{'JAM'},{'JAM_STAND_STILL_TRAFFIC'},31,{6},5.0
2e69ef47,2e69ef474,2020-10-24,14,{'JAM'},{'JAM_STAND_STILL_TRAFFIC'},27,{6},5.0
2e69ef47,2e69ef474,2020-10-24,19,{'JAM'},{'JAM_MODERATE_TRAFFIC'},30,{6},5.0
2e69ef47,2e69ef474,2020-10-25,14,{'JAM'},{'JAM_MODERATE_TRAFFIC'},32,{6},5.0
2e69ef47,2e69ef474,2020-10-26,7,{'JAM'},{'JAM_STAND_STILL_TRAFFIC'},6,{6},5.0
2e69ef47,2e69ef474,2020-10-26,9,{'JAM'},{'JAM_MODERATE_TRAFFIC'},32,{6},5.0
2e69ef47,2e69ef474,2020-10-28,14,{'JAM'},{'JAM'},31,{6},5.0
2e69ef47,2e69ef474,2020-10-28,15,{'JAM'},{'JAM_STAND_STILL_TRAFFIC'},33,{6},5.0
2e69ef47,2e69ef474,2020-10-30,16,{'JAM'},{'JAM_HEAVY_TRAFFIC'},32,{6},5.0
2e69ef47,2e69ef474,2020-10-31,17,{'JAM'},{'JAM_STAND_STILL_TRAFFIC'},31,{6},5.0
2e69ef47,2e69ef474,2020-10-31,19,{'JAM'},{'JAM_STAND_STILL_TRAFFIC'},32,{6},5.0
2e69ef47,2e69ef474,2020-11-01,15,{'JAM'},{'JAM_HEAVY_TRAFFIC'},32,{6},5.0
2e69ef47,2e69ef474,2020-11-01,17,{'JAM'},{'JAM_STAND_STILL_TRAFFIC'},33,{6},5.0
2e69ef47,2e69ef474,2020-11-01,18,{'JAM'},{'JAM_STAND_STILL_TRAFFIC'},32,{6},6.0
2e69ef47,2e69ef474,2020-11-06,17,{'JAM'},{'JAM_HEAVY_TRAFFIC'},19,{6},5.0
2e69ef47,2e69ef474,2020-11-06,19,{'JAM'},{'JAM'},33,{6},5.0
2e69ef47,2e69ef474,2020-11-06,20,{'WEATHERHAZARD'},{'HAZARD_ON_ROAD_CAR_STOPPED'},28,{6},5.785714285714286
2e69ef47,2e69ef474,2020-11-07,11,{'JAM'},{'JAM'},30,{2},5.0
2e69ef47,2e69ef474,2020-11-08,11,{'JAM'},{'JAM_STAND_STILL_TRAFFIC'},30,{2},5.0
2e69ef47,2e69ef474,2020-11-08,12,{'JAM'},{'JAM'},63,{6},5.0
2e69ef47,2e69ef474,2020-11-08,14,{'JAM'},{'JAM_HEAVY_TRAFFIC'},31,{6},5.0
2e69ef47,2e69ef474,2020-11-08,15,{'JAM'},{'JAM_STAND_STILL_TRAFFIC'},30,{6},5.0
2e69ef47,2e69ef474,2020-11-08,17,{'JAM'},{'JAM_STAND_STILL_TRAFFIC'},32,{6},5.0
2e69ef47,2e69ef474,2020-11-10,14,{'JAM'},{'JAM_HEAVY_TRAFFIC'},32,{6},5.0
2e69ef47,2e69ef474,2020-11-12,7,{'JAM'},{'JAM_HEAVY_TRAFFIC'},34,{2},5.0
2e69ef47,2e69ef474,2020-11-12,17,{'JAM'},{'JAM_STAND_STILL_TRAFFIC'},31,{6},5.0
2e69ef47,2e69ef474,2020-11-13,7,{'JAM'},{'JAM_HEAVY_TRAFFIC'},18,{6},5.0
2e69ef47,2e69ef474,2020-11-13,17,{'JAM'},{'JAM_HEAVY_TRAFFIC'},31,{6},5.0
2e69ef47,2e69ef474,2020-11-14,7,{'WEATHERHAZARD'},{'HAZARD_ON_ROAD_CAR_STOPPED'},30,{2},5.0
2e69ef47,2e69ef474,2020-11-14,12,{'JAM'},{'JAM'},60,{6},5.0
2e69ef47,2e69ef474,2020-11-15,14,{'JAM'},"{'JAM_MODERATE_TRAFFIC', 'JAM_HEAVY_TRAFFIC'}",31,{6},5.32258064516129
2e69ef47,2e69ef474,2020-11-15,20,{'JAM'},{'JAM_HEAVY_TRAFFIC'},30,{6},5.0
2e69ef47,2e69ef474,2020-11-16,17,{'JAM'},{'JAM_STAND_STILL_TRAFFIC'},32,{6},5.0
2e69ef47,2e69ef474,2020-11-20,13,{'WEATHERHAZARD'},{'HAZARD_ON_ROAD_CAR_STOPPED'},26,{6},6.769230769230769
2e69ef47,2e69ef474,2020-11-21,12,{'JAM'},{'JAM_MODERATE_TRAFFIC'},6,{6},5.0
2e69ef47,2e69ef474,2020-11-21,19,{'JAM'},{'JAM_HEAVY_TRAFFIC'},25,{6},5.0
2e69ef47,2e69ef47c,2020-09-01,8,{'JAM'},{'JAM_STAND_STILL_TRAFFIC'},5,{6},5.0
2e69ef47,2e69ef47c,2020-09-03,17,{'JAM'},{'JAM_STAND_STILL_TRAFFIC'},30,{6},5.0
2e69ef47,2e69ef47c,2020-09-06,15,"{'JAM', 'WEATHERHAZARD'}","{'JAM', 'HAZARD_ON_ROAD_CAR_STOPPED'}",60,{6},5.766666666666667
2e69ef47,2e69ef47c,2020-09-11,16,{'JAM'},{'JAM'},31,{6},5.967741935483871
2e69ef47,2e69ef47c,2020-09-13,16,{'JAM'},{'JAM'},30,{6},5.0
2e69ef47,2e69ef47c,2020-09-27,16,{'JAM'},"{'JAM_STAND_STILL_TRAFFIC', 'JAM_MODERATE_TRAFFIC'}",61,{6},5.0
2e69ef47,2e69ef47c,2020-09-27,17,{'JAM'},{'JAM_STAND_STILL_TRAFFIC'},31,{6},5.0
2e69ef47,2e69ef47c,2020-09-27,19,{'JAM'},{'JAM_HEAVY_TRAFFIC'},37,{6},5.243243243243243
2e69ef47,2e69ef47c,2020-10-03,12,{'JAM'},{'JAM_MODERATE_TRAFFIC'},7,{6},5.0
2e69ef47,2e69ef47c,2020-10-04,18,{'JAM'},{'JAM_STAND_STILL_TRAFFIC'},30,{6},5.0
2e69ef47,2e69ef47c,2020-10-06,17,{'JAM'},{'JAM_HEAVY_TRAFFIC'},45,{6},5.355555555555555
2e69ef47,2e69ef47c,2020-10-10,13,{'JAM'},{'JAM'},30,{6},5.0
2e69ef47,2e69ef47c,2020-10-11,18,{'JAM'},{'JAM_STAND_STILL_TRAFFIC'},30,{6},5.0
2e69ef47,2e69ef47c,2020-10-17,17,{'JAM'},{'JAM_STAND_STILL_TRAFFIC'},31,{6},5.0
2e69ef47,2e69ef47c,2020-10-17,18,{'JAM'},{'JAM_HEAVY_TRAFFIC'},31,{6},5.709677419354839
2e69ef47,2e69ef47c,2020-10-17,19,{'JAM'},{'JAM_STAND_STILL_TRAFFIC'},30,{6},5.0
2e69ef47,2e69ef47c,2020-10-18,19,{'JAM'},{'JAM_HEAVY_TRAFFIC'},30,{6},5.0
2e69ef47,2e69ef47c,2020-10-25,18,{'JAM'},"{'JAM_STAND_STILL_TRAFFIC', 'JAM_HEAVY_TRAFFIC'}",64,{6},5.0
2e69ef47,2e69ef47c,2020-10-28,14,{'JAM'},{'JAM'},33,{6},5.0
2e69ef47,2e69ef47c,2020-10-28,17,{'JAM'},{'JAM_HEAVY_TRAFFIC'},31,{6},5.0
2e69ef47,2e69ef47c,2020-10-30,17,{'JAM'},{'JAM_STAND_STILL_TRAFFIC'},34,{6},5.0
2e69ef47,2e69ef47c,2020-10-31,16,{'JAM'},{'JAM_HEAVY_TRAFFIC'},30,{6},5.0
2e69ef47,2e69ef47c,2020-10-31,18,{'JAM'},"{'JAM_STAND_STILL_TRAFFIC', 'JAM_HEAVY_TRAFFIC'}",63,{6},5.444444444444445
2e69ef47,2e69ef47c,2020-11-01,15,{'JAM'},{'JAM_HEAVY_TRAFFIC'},64,{6},6.65625
2e69ef47,2e69ef47c,2020-11-01,17,{'JAM'},{'JAM_HEAVY_TRAFFIC'},31,{6},5.0
2e69ef47,2e69ef47c,2020-11-01,18,{'JAM'},{'JAM_STAND_STILL_TRAFFIC'},1,{6},5.0
2e69ef47,2e69ef47c,2020-11-01,20,{'JAM'},{'JAM_HEAVY_TRAFFIC'},31,{6},5.0
2e69ef47,2e69ef47c,2020-11-02,8,{'JAM'},{'JAM_STAND_STILL_TRAFFIC'},32,{6},5.0
2e69ef47,2e69ef47c,2020-11-02,9,{'JAM'},{'JAM_HEAVY_TRAFFIC'},32,{6},5.0
2e69ef47,2e69ef47c,2020-11-07,16,{'JAM'},{'JAM_HEAVY_TRAFFIC'},31,{6},5.0
2e69ef47,2e69ef47c,2020-11-08,14,{'JAM'},{'JAM_HEAVY_TRAFFIC'},30,{6},5.0
2e69ef47,2e69ef47c,2020-11-08,17,{'JAM'},{'JAM_STAND_STILL_TRAFFIC'},30,{6},6.233333333333333
2e69ef47,2e69ef47c,2020-11-08,18,{'JAM'},"{'JAM_STAND_STILL_TRAFFIC', 'JAM_HEAVY_TRAFFIC'}",38,{6},6.552631578947368
2e69ef47,2e69ef47c,2020-11-08,19,{'JAM'},{'JAM_HEAVY_TRAFFIC'},31,{6},5.935483870967742
2e69ef47,2e69ef47c,2020-11-08,20,{'JAM'},{'JAM_HEAVY_TRAFFIC'},19,{6},5.0
2e69ef47,2e69ef47c,2020-11-09,8,{'JAM'},{'JAM_MODERATE_TRAFFIC'},37,{6},5.405405405405405
2e69ef47,2e69ef47c,2020-11-10,12,{'JAM'},{'JAM'},32,{6},5.75
2e69ef47,2e69ef47c,2020-11-10,13,{'JAM'},{'JAM_STAND_STILL_TRAFFIC'},31,{6},5.0
2e69ef47,2e69ef47c,2020-11-14,17,{'JAM'},{'JAM_HEAVY_TRAFFIC'},32,{6},5.875
2e69ef47,2e69ef47c,2020-11-15,14,{'JAM'},{'JAM_HEAVY_TRAFFIC'},11,{6},5.0
2e69ef47,2e69ef47c,2020-11-15,18,{'JAM'},{'JAM_STAND_STILL_TRAFFIC'},30,{6},5.0
2e69ef47,2e69ef47c,2020-11-21,14,{'JAM'},{'JAM_STAND_STILL_TRAFFIC'},33,{6},5.0
2e69ef47,2e69ef47c,2020-11-21,18,{'JAM'},{'JAM_STAND_STILL_TRAFFIC'},20,{6},5.0
2e69ef47,2e69ef47c,2020-11-21,19,{'JAM'},{'JAM_HEAVY_TRAFFIC'},64,{6},5.0
2e69ef47,2e69ef47c,2020-11-22,20,{'JAM'},{'JAM_HEAVY_TRAFFIC'},33,{6},5.0
2e69ef49,2e69ef484,2020-09-01,8,{'JAM'},{'JAM_STAND_STILL_TRAFFIC'},81,{6},5.0
2e69ef49,2e69ef484,2020-09-02,13,{'WEATHERHAZARD'},{'HAZARD_ON_ROAD_CAR_STOPPED'},41,{6},6.073170731707317
2e69ef49,2e69ef484,2020-09-06,15,{'JAM'},{'JAM_STAND_STILL_TRAFFIC'},30,{6},5.0
2e69ef49,2e69ef484,2020-09-06,16,{'JAM'},{'JAM_MODERATE_TRAFFIC'},32,{6},5.0
2e69ef49,2e69ef484,2020-09-13,17,{'JAM'},{'JAM_HEAVY_TRAFFIC'},33,{6},5.0
2e69ef49,2e69ef484,2020-09-18,16,{'JAM'},{'JAM_MODERATE_TRAFFIC'},32,{6},5.0
2e69ef49,2e69ef484,2020-09-18,17,{'JAM'},{'JAM'},16,{6},5.0
2e69ef49,2e69ef484,2020-09-20,17,{'JAM'},{'JAM_STAND_STILL_TRAFFIC'},32,{6},5.0
2e69ef49,2e69ef484,2020-09-26,11,{'JAM'},{'JAM'},31,{6},5.0
2e69ef49,2e69ef484,2020-10-01,13,{'WEATHERHAZARD'},{'HAZARD_ON_ROAD_CAR_STOPPED'},31,{6},5.0
2e69ef49,2e69ef484,2020-10-04,17,{'JAM'},{'JAM_STAND_STILL_TRAFFIC'},60,{6},5.0
2e69ef49,2e69ef484,2020-10-06,17,{'JAM'},{'JAM_HEAVY_TRAFFIC'},31,{6},5.0
2e69ef49,2e69ef484,2020-10-07,17,{'JAM'},{'JAM'},15,{6},5.0
2e69ef49,2e69ef484,2020-10-17,18,{'JAM'},{'JAM_STAND_STILL_TRAFFIC'},32,{6},5.0
2e69ef49,2e69ef484,2020-10-17,19,{'JAM'},{'JAM_STAND_STILL_TRAFFIC'},31,{6},5.0
2e69ef49,2e69ef484,2020-10-18,18,{'JAM'},{'JAM_MODERATE_TRAFFIC'},31,{6},5.0
2e69ef49,2e69ef484,2020-10-19,11,{'WEATHERHAZARD'},{'HAZARD_ON_SHOULDER_CAR_STOPPED'},30,{6},5.0
2e69ef49,2e69ef484,2020-10-25,14,{'JAM'},{'JAM'},31,{17},5.0
2e69ef49,2e69ef484,2020-10-25,18,{'JAM'},{'JAM_STAND_STILL_TRAFFIC'},57,{6},5.0
2e69ef49,2e69ef484,2020-10-29,15,{'WEATHERHAZARD'},{'HAZARD_ON_ROAD_CAR_STOPPED'},33,{6},5.9393939393939394
2e69ef49,2e69ef484,2020-10-29,17,{'JAM'},{'JAM_HEAVY_TRAFFIC'},47,{6},5.361702127659575
2e69ef49,2e69ef484,2020-10-31,17,{'JAM'},{'JAM_STAND_STILL_TRAFFIC'},30,{6},5.0
2e69ef49,2e69ef484,2020-11-01,17,{'JAM'},{'JAM_STAND_STILL_TRAFFIC'},30,{6},5.0
2e69ef49,2e69ef484,2020-11-01,19,{'JAM'},{'JAM_STAND_STILL_TRAFFIC'},87,{6},5.850574712643678
2e69ef49,2e69ef484,2020-11-02,8,{'JAM'},{'JAM_HEAVY_TRAFFIC'},30,{6},5.0
2e69ef49,2e69ef484,2020-11-04,17,{'JAM'},{'JAM'},32,{6},5.0
2e69ef49,2e69ef484,2020-11-06,19,{'JAM'},{'JAM'},16,{6},5.0
2e69ef49,2e69ef484,2020-11-06,20,{'JAM'},{'JAM'},32,{6},5.0
2e69ef49,2e69ef484,2020-11-07,17,{'JAM'},{'JAM_STAND_STILL_TRAFFIC'},26,{6},5.0
2e69ef49,2e69ef484,2020-11-08,17,{'JAM'},{'JAM_STAND_STILL_TRAFFIC'},30,{6},5.0
2e69ef49,2e69ef484,2020-11-08,18,{'JAM'},{'JAM_HEAVY_TRAFFIC'},31,{6},5.0
2e69ef49,2e69ef484,2020-11-08,19,{'JAM'},{'JAM_HEAVY_TRAFFIC'},5,{6},5.0
2e69ef49,2e69ef484,2020-11-08,20,{'JAM'},{'JAM_STAND_STILL_TRAFFIC'},31,{6},5.0
2e69ef49,2e69ef484,2020-11-10,8,{'WEATHERHAZARD'},{'HAZARD_ON_ROAD_CAR_STOPPED'},31,{6},5.548387096774194
2e69ef49,2e69ef484,2020-11-10,13,{'WEATHERHAZARD'},{'HAZARD_ON_ROAD_CAR_STOPPED'},43,{6},6.046511627906977
2e69ef49,2e69ef484,2020-11-13,16,{'JAM'},{'JAM'},19,{6},5.0
2e69ef49,2e69ef484,2020-11-14,12,{'JAM'},{'JAM'},37,{6},5.0
2e69ef49,2e69ef484,2020-11-14,17,"{'JAM', 'WEATHERHAZARD'}","{'HAZARD_ON_ROAD_CAR_STOPPED', 'JAM_HEAVY_TRAFFIC'}",56,{6},5.75
2e69ef49,2e69ef484,2020-11-20,13,{'WEATHERHAZARD'},{'HAZARD_ON_ROAD_CAR_STOPPED'},31,{6},5.516129032258065
2e69ef49,2e69ef484,2020-11-21,15,{'JAM'},{'JAM_MODERATE_TRAFFIC'},31,{6},5.0
2e69ef49,2e69ef49c,2020-09-02,13,{'WEATHERHAZARD'},{'HAZARD_ON_ROAD_CAR_STOPPED'},41,{6},6.341463414634147
2e69ef49,2e69ef49c,2020-09-05,12,{'JAM'},{'JAM'},30,{6},5.0
2e69ef49,2e69ef49c,2020-09-06,12,{'WEATHERHAZARD'},{'HAZARD_ON_ROAD_CAR_STOPPED'},18,{6},6.388888888888889
2e69ef49,2e69ef49c,2020-09-06,15,{'JAM'},{'JAM'},63,{6},5.0
2e69ef49,2e69ef49c,2020-09-10,15,{'WEATHERHAZARD'},{'HAZARD_ON_ROAD_CAR_STOPPED'},33,{6},5.484848484848484
2e69ef49,2e69ef49c,2020-09-11,16,{'WEATHERHAZARD'},{'HAZARD_ON_ROAD_CAR_STOPPED'},30,{6},5.5
2e69ef49,2e69ef49c,2020-09-12,14,{'JAM'},{'JAM_STAND_STILL_TRAFFIC'},31,{6},5.0
2e69ef49,2e69ef49c,2020-09-18,17,{'WEATHERHAZARD'},{'HAZARD_ON_ROAD_CAR_STOPPED'},31,{6},5.387096774193548
2e69ef49,2e69ef49c,2020-09-20,15,{'JAM'},{'JAM'},30,{6},5.0
2e69ef49,2e69ef49c,2020-09-26,11,{'WEATHERHAZARD'},{'HAZARD_ON_ROAD_CAR_STOPPED'},30,{6},5.0
2e69ef49,2e69ef49c,2020-10-01,13,{'WEATHERHAZARD'},{'HAZARD_ON_ROAD_CAR_STOPPED'},32,{6},5.0
2e69ef49,2e69ef49c,2020-10-02,13,{'WEATHERHAZARD'},{'HAZARD_ON_ROAD_CAR_STOPPED'},46,{6},6.173913043478261
2e69ef49,2e69ef49c,2020-10-03,12,{'WEATHERHAZARD'},{'HAZARD_ON_ROAD_CAR_STOPPED'},33,{6},6.696969696969697
2e69ef49,2e69ef49c,2020-10-04,15,{'WEATHERHAZARD'},{'HAZARD_ON_SHOULDER_CAR_STOPPED'},33,{6},5.515151515151516
2e69ef49,2e69ef49c,2020-10-04,17,{'JAM'},{'JAM_HEAVY_TRAFFIC'},30,{6},5.966666666666667
2e69ef49,2e69ef49c,2020-10-04,18,{'JAM'},{'JAM_HEAVY_TRAFFIC'},30,{6},5.0
2e69ef49,2e69ef49c,2020-10-07,16,{'WEATHERHAZARD'},{'HAZARD_ON_ROAD_CAR_STOPPED'},31,{6},5.0
2e69ef49,2e69ef49c,2020-10-11,17,{'JAM'},{'JAM_STAND_STILL_TRAFFIC'},30,{6},5.0
2e69ef49,2e69ef49c,2020-10-14,16,{'WEATHERHAZARD'},{'HAZARD_ON_ROAD_CAR_STOPPED'},31,{6},5.0
2e69ef49,2e69ef49c,2020-10-17,13,{'WEATHERHAZARD'},{'HAZARD_ON_ROAD_CAR_STOPPED'},32,{6},6.0
2e69ef49,2e69ef49c,2020-10-25,14,"{'JAM', 'WEATHERHAZARD'}","{'JAM', 'HAZARD_ON_SHOULDER_CAR_STOPPED', 'JAM_MODERATE_TRAFFIC'}",93,{6},5.354838709677419
2e69ef49,2e69ef49c,2020-10-31,10,{'WEATHERHAZARD'},{'HAZARD_ON_ROAD_CAR_STOPPED'},31,{6},5.0
2e69ef49,2e69ef49c,2020-11-01,18,{'JAM'},{'JAM_STAND_STILL_TRAFFIC'},30,{6},5.0
2e69ef49,2e69ef49c,2020-11-01,19,{'JAM'},{'JAM_STAND_STILL_TRAFFIC'},30,{6},5.0
2e69ef49,2e69ef49c,2020-11-08,12,{'WEATHERHAZARD'},{'HAZARD_ON_ROAD_CAR_STOPPED'},35,{6},7.171428571428572
2e69ef4b,2e69ef4a4,2020-09-06,15,{'JAM'},{'JAM_STAND_STILL_TRAFFIC'},32,{6},5.0
2e69ef4b,2e69ef4a4,2020-09-06,19,{'JAM'},{'JAM_HEAVY_TRAFFIC'},32,{6},5.0
2e69ef4b,2e69ef4a4,2020-09-27,14,{'JAM'},{'JAM_HEAVY_TRAFFIC'},32,{6},5.0
2e69ef4b,2e69ef4a4,2020-10-04,16,{'JAM'},{'JAM_MODERATE_TRAFFIC'},32,{6},5.0
2e69ef4b,2e69ef4a4,2020-10-04,17,{'JAM'},{'JAM_STAND_STILL_TRAFFIC'},60,{6},5.433333333333334
2e69ef4b,2e69ef4a4,2020-10-04,18,{'JAM'},{'JAM_STAND_STILL_TRAFFIC'},31,{6},5.0
2e69ef4b,2e69ef4a4,2020-10-10,13,{'WEATHERHAZARD'},{'HAZARD_ON_ROAD_CAR_STOPPED'},34,{6},6.147058823529412
2e69ef4b,2e69ef4a4,2020-10-18,15,{'JAM'},{'JAM_STAND_STILL_TRAFFIC'},30,{6},5.0
2e69ef4b,2e69ef4a4,2020-10-25,13,{'JAM'},{'JAM'},30,{6},5.0
2e69ef4b,2e69ef4a4,2020-10-25,14,{'JAM'},{'JAM_MODERATE_TRAFFIC'},30,{6},5.0
2e69ef4b,2e69ef4a4,2020-10-28,14,{'JAM'},{'JAM'},30,{6},5.0
2e69ef4b,2e69ef4a4,2020-10-30,16,{'JAM'},{'JAM_STAND_STILL_TRAFFIC'},30,{6},5.0
2e69ef4b,2e69ef4a4,2020-10-31,10,{'JAM'},{'JAM'},32,{6},5.0
2e69ef4b,2e69ef4a4,2020-11-01,17,{'JAM'},{'JAM_STAND_STILL_TRAFFIC'},31,{6},5.0
2e69ef4b,2e69ef4a4,2020-11-01,18,{'JAM'},{'JAM_STAND_STILL_TRAFFIC'},30,{6},5.0
2e69ef4b,2e69ef4a4,2020-11-06,20,{'WEATHERHAZARD'},{'HAZARD_ON_ROAD_CAR_STOPPED'},31,{6},5.129032258064516
2e69ef4b,2e69ef4a4,2020-11-14,13,{'JAM'},{'JAM'},31,{6},5.0
2e69ef4b,2e69ef4a4,2020-11-15,18,{'JAM'},{'JAM_HEAVY_TRAFFIC'},9,{6},5.0
2e69ef4b,2e69ef4a4,2020-11-20,12,{'WEATHERHAZARD'},{'HAZARD_ON_ROAD_CAR_STOPPED'},31,{6},5.0
2e69ef4b,2e69ef4ac,2020-09-01,7,{'WEATHERHAZARD'},{'HAZARD_ON_ROAD_CAR_STOPPED'},31,{6},5.290322580645161
2e69ef4b,2e69ef4ac,2020-09-06,12,{'WEATHERHAZARD'},{'HAZARD_ON_ROAD_CAR_STOPPED'},18,{6},5.0
2e69ef4b,2e69ef4ac,2020-09-11,16,{'JAM'},{'JAM'},7,{6},5.0
2e69ef4b,2e69ef4ac,2020-09-20,15,{'WEATHERHAZARD'},{'HAZARD_ON_ROAD_CAR_STOPPED'},31,{6},7.903225806451613
2e69ef4b,2e69ef4ac,2020-10-03,12,{'WEATHERHAZARD'},{'HAZARD_ON_ROAD_CAR_STOPPED'},35,{6},5.9714285714285715
2e69ef4b,2e69ef4ac,2020-10-04,17,{'JAM'},{'JAM_STAND_STILL_TRAFFIC'},32,{6},5.0
2e69ef4b,2e69ef4ac,2020-10-18,17,{'JAM'},{'JAM_HEAVY_TRAFFIC'},31,{6},5.0
2e69ef4b,2e69ef4ac,2020-10-25,13,{'WEATHERHAZARD'},{'HAZARD_ON_ROAD_CAR_STOPPED'},13,{6},6.230769230769231
2e69ef4d,2e69ef4cc,2020-09-26,6,{'WEATHERHAZARD'},{'WEATHERHAZARD'},31,{1},5.0
2e69ef4f,2e69ef4e4,2020-10-08,7,"{'WEATHERHAZARD', 'ACCIDENT'}","{'ACCIDENT', 'HAZARD_ON_ROAD_TRAFFIC_LIGHT_FAULT'}",140,{1},5.0
2e69ef51,2e69ef504,2020-11-05,7,{'JAM'},{'JAM_MODERATE_TRAFFIC'},30,{1},5.0
2e69ef59,2e69ef58c,2020-11-09,17,{'JAM'},{'JAM_STAND_STILL_TRAFFIC'},31,{2},5.967741935483871
2e69ef5d,2e69ef5c4,2020-09-09,19,{'JAM'},{'JAM_MODERATE_TRAFFIC'},31,{2},5.0
2e69ef5d,2e69ef5c4,2020-10-27,9,{'JAM'},{'JAM_STAND_STILL_TRAFFIC'},23,{2},5.0
2e69ef5f,2e69ef5f4,2020-09-30,12,{'WEATHERHAZARD'},{'WEATHERHAZARD'},30,{2},5.0
2e69ef61,2e69ef61c,2020-09-06,11,{'WEATHERHAZARD'},{'HAZARD_ON_ROAD_ICE'},30,{1},5.0
2e69ef63,2e69ef63c,2020-09-25,8,{'JAM'},{'JAM_HEAVY_TRAFFIC'},32,{1},5.0
2e69ef65,2e69ef65c,2020-09-12,10,{'JAM'},{'JAM_MODERATE_TRAFFIC'},31,{2},5.0
2e69ef65,2e69ef65c,2020-10-27,20,{'WEATHERHAZARD'},{'HAZARD_WEATHER_FLOOD'},31,{1},6.0
2e69ef67,2e69ef664,2020-09-09,19,{'WEATHERHAZARD'},{'HAZARD_ON_ROAD_POT_HOLE'},616,{2},7.22564935064935
2e69ef67,2e69ef674,2020-09-26,21,{'ACCIDENT'},{'ACCIDENT'},121,{1},5.0
2e69ef69,2e69ef684,2020-11-11,20,{'WEATHERHAZARD'},{'HAZARD_ON_ROAD_POT_HOLE'},2951,{1},7.055574381565571
2e69ef69,2e69ef684,2020-11-17,21,{'JAM'},{'JAM_MODERATE_TRAFFIC'},31,{1},5.0
2e69ef69,2e69ef694,2020-10-27,22,{'JAM'},{'JAM'},30,{1},5.0
2e69ef6f,2e69ef6e4,2020-10-31,3,"{'WEATHERHAZARD', 'ACCIDENT'}","{'HAZARD_WEATHER_FOG', 'ACCIDENT'}",151,{8},5.0
2e69f2b3,2e69f2b24,2020-10-10,16,{'JAM'},{'JAM_STAND_STILL_TRAFFIC'},24,{7},5.0
2e69f2b3,2e69f2b24,2020-10-24,13,{'JAM'},{'JAM_STAND_STILL_TRAFFIC'},30,{7},5.0
2e69f2b3,2e69f2b24,2020-10-31,9,{'JAM'},{'JAM_STAND_STILL_TRAFFIC'},22,{7},5.0
2e69f2b3,2e69f2b24,2020-11-02,9,{'JAM'},{'JAM_HEAVY_TRAFFIC'},23,{7},5.0
2e69f2b3,2e69f2b24,2020-11-07,14,{'JAM'},{'JAM_STAND_STILL_TRAFFIC'},15,{7},5.0
2e69f2b3,2e69f2b24,2020-11-07,15,{'JAM'},{'JAM_STAND_STILL_TRAFFIC'},24,{7},5.0
2e69f2b3,2e69f2b24,2020-11-13,16,{'JAM'},{'JAM_HEAVY_TRAFFIC'},18,{7},5.0
2e69f2b3,2e69f2b24,2020-11-14,11,{'JAM'},{'JAM_HEAVY_TRAFFIC'},30,{7},5.0
2e69f2b3,2e69f2b2c,2020-09-05,14,{'JAM'},{'JAM_HEAVY_TRAFFIC'},30,{7},5.0
2e69f2b3,2e69f2b2c,2020-09-09,10,{'JAM'},{'JAM_HEAVY_TRAFFIC'},30,{7},5.0
2e69f2b3,2e69f2b2c,2020-09-12,11,{'JAM'},{'JAM_STAND_STILL_TRAFFIC'},45,{7},5.333333333333333
2e69f2b3,2e69f2b2c,2020-09-22,15,{'WEATHERHAZARD'},{'HAZARD_ON_ROAD_OBJECT'},66,{7},6.833333333333333
2e69f2b3,2e69f2b2c,2020-10-01,7,{'JAM'},{'JAM_STAND_STILL_TRAFFIC'},30,{7},5.0
2e69f2b3,2e69f2b2c,2020-10-02,18,{'JAM'},{'JAM_STAND_STILL_TRAFFIC'},7,{7},5.0
2e69f2b3,2e69f2b2c,2020-10-03,16,{'JAM'},{'JAM_HEAVY_TRAFFIC'},32,{7},5.0
2e69f2b3,2e69f2b2c,2020-10-06,14,{'WEATHERHAZARD'},{'HAZARD_ON_SHOULDER_CAR_STOPPED'},31,{7},5.193548387096774
2e69f2b3,2e69f2b2c,2020-10-07,10,{'ACCIDENT'},{'ACCIDENT'},120,{1},7.308333333333334
2e69f2b3,2e69f2b2c,2020-10-10,11,{'JAM'},{'JAM_HEAVY_TRAFFIC'},31,{7},5.0
2e69f2b3,2e69f2b2c,2020-10-10,14,{'JAM'},{'JAM_MODERATE_TRAFFIC'},31,{7},5.0
2e69f2b3,2e69f2b2c,2020-10-10,15,{'JAM'},{'JAM_HEAVY_TRAFFIC'},9,{7},5.0
2e69f2b3,2e69f2b2c,2020-10-10,17,{'JAM'},{'JAM_STAND_STILL_TRAFFIC'},33,{7},5.0
2e69f2b3,2e69f2b2c,2020-10-17,11,{'JAM'},{'JAM_STAND_STILL_TRAFFIC'},62,{7},5.0
2e69f2b3,2e69f2b2c,2020-10-24,14,{'JAM'},{'JAM_STAND_STILL_TRAFFIC'},12,{7},5.0
2e69f2b3,2e69f2b2c,2020-10-24,16,{'JAM'},{'JAM_STAND_STILL_TRAFFIC'},31,{7},5.0
2e69f2b3,2e69f2b2c,2020-10-28,12,{'JAM'},{'JAM_HEAVY_TRAFFIC'},31,{7},5.0
2e69f2b3,2e69f2b2c,2020-10-30,16,{'JAM'},{'JAM_STAND_STILL_TRAFFIC'},30,{7},5.0
2e69f2b3,2e69f2b2c,2020-10-31,17,{'JAM'},{'JAM_MODERATE_TRAFFIC'},5,{7},5.0
2e69f2b3,2e69f2b2c,2020-11-02,9,{'JAM'},{'JAM_HEAVY_TRAFFIC'},30,{7},5.5
2e69f2b3,2e69f2b2c,2020-11-07,15,{'JAM'},{'JAM_STAND_STILL_TRAFFIC'},123,{7},5.0
2e69f2b3,2e69f2b2c,2020-11-09,15,{'JAM'},{'JAM_MODERATE_TRAFFIC'},7,{7},5.0
2e69f2b3,2e69f2b2c,2020-11-10,16,{'WEATHERHAZARD'},{'HAZARD_ON_SHOULDER_CAR_STOPPED'},31,{7},5.0
2e69f2b3,2e69f2b2c,2020-11-11,15,{'JAM'},{'JAM_MODERATE_TRAFFIC'},30,{7},5.0
2e69f2b3,2e69f2b2c,2020-11-14,14,{'WEATHERHAZARD'},{'HAZARD_ON_SHOULDER_CAR_STOPPED'},17,{7},5.588235294117647
2e69f2b3,2e69f2b2c,2020-11-21,11,{'JAM'},{'JAM_STAND_STILL_TRAFFIC'},31,{7},6.225806451612903
2e69f2b3,2e69f2b34,2020-09-04,7,{'JAM'},{'JAM_HEAVY_TRAFFIC'},7,{7},5.0
2e69f2b3,2e69f2b34,2020-09-12,17,{'JAM'},{'JAM_MODERATE_TRAFFIC'},31,{7},5.0
2e69f2b3,2e69f2b34,2020-09-16,8,{'JAM'},{'JAM_MODERATE_TRAFFIC'},33,{7},5.0
2e69f2b3,2e69f2b34,2020-10-02,18,{'JAM'},{'JAM_STAND_STILL_TRAFFIC'},33,{20},5.0
2e69f2b3,2e69f2b34,2020-10-05,17,{'JAM'},{'JAM_HEAVY_TRAFFIC'},30,{7},5.0
2e69f2b3,2e69f2b34,2020-10-07,18,{'JAM'},{'JAM_HEAVY_TRAFFIC'},33,{7},5.0
2e69f2b3,2e69f2b34,2020-10-09,17,{'JAM'},{'JAM_MODERATE_TRAFFIC'},31,{7},5.0
2e69f2b3,2e69f2b34,2020-10-18,16,{'JAM'},{'JAM_HEAVY_TRAFFIC'},31,{7},5.0
2e69f2b3,2e69f2b34,2020-10-24,16,{'JAM'},{'JAM_HEAVY_TRAFFIC'},32,{7},5.0
2e69f2b3,2e69f2b34,2020-10-26,19,{'JAM'},{'JAM_HEAVY_TRAFFIC'},32,{7},5.0
2e69f2b3,2e69f2b34,2020-10-28,16,{'JAM'},{'JAM_HEAVY_TRAFFIC'},31,{7},5.0
2e69f2b3,2e69f2b34,2020-10-30,17,{'JAM'},{'JAM_HEAVY_TRAFFIC'},31,{7},5.0
2e69f2b3,2e69f2b34,2020-11-08,14,{'JAM'},{'JAM_STAND_STILL_TRAFFIC'},14,{7},5.0
2e69f2b3,2e69f2b34,2020-11-09,12,{'JAM'},{'JAM_STAND_STILL_TRAFFIC'},13,{7},5.0
2e69f2b3,2e69f2b34,2020-11-15,12,{'JAM'},{'JAM_MODERATE_TRAFFIC'},59,{7},5.0
2e69f2b3,2e69f2b34,2020-11-21,18,{'JAM'},{'JAM_HEAVY_TRAFFIC'},33,{7},5.0
2e69f2b5,2e69f2b54,2020-10-28,18,{'JAM'},{'JAM'},30,{1},7.0
2e69f2cb,2e69f2cb4,2020-09-05,19,{'JAM'},{'JAM_STAND_STILL_TRAFFIC'},67,{7},5.925373134328358
2e69f2cb,2e69f2cb4,2020-09-09,17,{'JAM'},{'JAM_STAND_STILL_TRAFFIC'},35,{7},5.0
2e69f2cb,2e69f2cb4,2020-09-11,11,{'JAM'},{'JAM_MODERATE_TRAFFIC'},26,{7},5.0
2e69f2cb,2e69f2cb4,2020-09-12,20,{'JAM'},{'JAM_STAND_STILL_TRAFFIC'},31,{7},5.0
2e69f2cb,2e69f2cb4,2020-09-14,16,{'JAM'},{'JAM_STAND_STILL_TRAFFIC'},12,{7},5.0
2e69f2cb,2e69f2cb4,2020-09-19,19,{'JAM'},{'JAM_MODERATE_TRAFFIC'},31,{7},5.0
2e69f2cb,2e69f2cb4,2020-09-26,20,{'JAM'},{'JAM_HEAVY_TRAFFIC'},61,{7},5.0
2e69f2cb,2e69f2cb4,2020-10-02,14,{'JAM'},{'JAM_STAND_STILL_TRAFFIC'},32,{7},5.9375
2e69f2cb,2e69f2cb4,2020-10-02,16,{'JAM'},{'JAM_STAND_STILL_TRAFFIC'},31,{7},5.0
2e69f2cb,2e69f2cb4,2020-10-02,17,{'JAM'},"{'JAM_STAND_STILL_TRAFFIC', 'JAM_HEAVY_TRAFFIC'}",153,{7},5.0
2e69f2cb,2e69f2cb4,2020-10-02,18,{'JAM'},{'JAM_STAND_STILL_TRAFFIC'},32,{7},5.0
2e69f2cb,2e69f2cb4,2020-10-02,19,{'JAM'},{'JAM_STAND_STILL_TRAFFIC'},30,{7},5.0
2e69f2cb,2e69f2cb4,2020-10-03,16,{'JAM'},{'JAM_STAND_STILL_TRAFFIC'},62,{7},5.0
2e69f2cb,2e69f2cb4,2020-10-03,17,{'JAM'},{'JAM_STAND_STILL_TRAFFIC'},31,{7},5.0
2e69f2cb,2e69f2cb4,2020-10-03,18,{'JAM'},{'JAM_STAND_STILL_TRAFFIC'},32,{7},5.5
2e69f2cb,2e69f2cb4,2020-10-17,15,{'JAM'},{'JAM_STAND_STILL_TRAFFIC'},31,{7},5.0
2e69f2cb,2e69f2cb4,2020-10-17,20,{'JAM'},{'JAM_STAND_STILL_TRAFFIC'},31,{7},5.0
2e69f2cb,2e69f2cb4,2020-10-24,14,{'JAM'},"{'JAM_STAND_STILL_TRAFFIC', 'JAM_HEAVY_TRAFFIC'}",50,{7},5.42
2e69f2cb,2e69f2cb4,2020-10-24,15,{'JAM'},{'JAM_STAND_STILL_TRAFFIC'},30,{7},5.0
2e69f2cb,2e69f2cb4,2020-11-07,16,{'JAM'},"{'JAM_STAND_STILL_TRAFFIC', 'JAM_HEAVY_TRAFFIC'}",64,{7},5.0
2e69f2cb,2e69f2cb4,2020-11-07,17,{'JAM'},{'JAM_STAND_STILL_TRAFFIC'},30,{7},5.0
2e69f2cb,2e69f2cb4,2020-11-09,18,{'JAM'},{'JAM_STAND_STILL_TRAFFIC'},68,{7},5.632352941176471
2e69f2cb,2e69f2cb4,2020-11-13,16,{'JAM'},{'JAM_MODERATE_TRAFFIC'},43,{7},5.372093023255814
2e69f2cb,2e69f2cb4,2020-11-14,15,{'JAM'},{'JAM_STAND_STILL_TRAFFIC'},64,{7},5.328125
2e69f2cb,2e69f2cb4,2020-11-14,21,{'JAM'},{'JAM_STAND_STILL_TRAFFIC'},30,{7},5.0
2e69f2cb,2e69f2cb4,2020-11-20,14,{'JAM'},{'JAM_STAND_STILL_TRAFFIC'},33,{7},5.0
2e69f2cb,2e69f2cb4,2020-11-21,15,{'JAM'},{'JAM_STAND_STILL_TRAFFIC'},32,{7},5.0
2e69f2cd,2e69f2ccc,2020-09-05,12,{'JAM'},{'JAM_HEAVY_TRAFFIC'},32,{7},5.0
2e69f2cd,2e69f2ccc,2020-09-05,17,{'JAM'},{'JAM_HEAVY_TRAFFIC'},29,{7},5.0
2e69f2cd,2e69f2ccc,2020-09-05,19,{'JAM'},{'JAM_STAND_STILL_TRAFFIC'},62,{7},5.451612903225806
2e69f2cd,2e69f2ccc,2020-09-09,17,{'JAM'},{'JAM_STAND_STILL_TRAFFIC'},123,{7},5.739837398373984
2e69f2cd,2e69f2ccc,2020-09-09,19,{'JAM'},{'JAM_STAND_STILL_TRAFFIC'},31,{7},6.838709677419355
2e69f2cd,2e69f2ccc,2020-09-11,10,{'JAM'},{'JAM_HEAVY_TRAFFIC'},5,{7},5.0
2e69f2cd,2e69f2ccc,2020-09-12,10,{'JAM'},{'JAM_STAND_STILL_TRAFFIC'},32,{7},5.0
2e69f2cd,2e69f2ccc,2020-09-13,18,{'JAM'},{'JAM_MODERATE_TRAFFIC'},31,{7},5.0
2e69f2cd,2e69f2ccc,2020-09-14,16,{'JAM'},{'JAM_STAND_STILL_TRAFFIC'},34,{7},5.0
2e69f2cd,2e69f2ccc,2020-09-15,18,{'JAM'},{'JAM_HEAVY_TRAFFIC'},31,{7},5.0
2e69f2cd,2e69f2ccc,2020-09-19,16,{'JAM'},{'JAM_HEAVY_TRAFFIC'},31,{7},5.0
2e69f2cd,2e69f2ccc,2020-09-21,14,{'JAM'},{'JAM_MODERATE_TRAFFIC'},31,{7},5.0
2e69f2cd,2e69f2ccc,2020-09-22,13,{'JAM'},{'JAM_HEAVY_TRAFFIC'},7,{7},5.714285714285714
2e69f2cd,2e69f2ccc,2020-09-22,15,{'JAM'},{'JAM_HEAVY_TRAFFIC'},17,{7},5.0
2e69f2cd,2e69f2ccc,2020-09-24,12,{'JAM'},{'JAM_MODERATE_TRAFFIC'},30,{7},5.0
2e69f2cd,2e69f2ccc,2020-09-25,9,{'JAM'},{'JAM_HEAVY_TRAFFIC'},7,{7},5.0
2e69f2cd,2e69f2ccc,2020-09-26,19,{'JAM'},{'JAM_STAND_STILL_TRAFFIC'},32,{7},6.78125
2e69f2cd,2e69f2ccc,2020-09-26,20,{'JAM'},{'JAM_HEAVY_TRAFFIC'},32,{7},5.96875
2e69f2cd,2e69f2ccc,2020-09-27,13,{'JAM'},"{'JAM_STAND_STILL_TRAFFIC', 'JAM_MODERATE_TRAFFIC'}",64,{7},5.0
2e69f2cd,2e69f2ccc,2020-09-30,17,{'JAM'},{'JAM_HEAVY_TRAFFIC'},31,{7},5.0
2e69f2cd,2e69f2ccc,2020-10-01,19,{'JAM'},{'JAM_HEAVY_TRAFFIC'},30,{7},5.0
2e69f2cd,2e69f2ccc,2020-10-01,20,{'JAM'},{'JAM_HEAVY_TRAFFIC'},31,{7},5.0
2e69f2cd,2e69f2ccc,2020-10-02,14,{'JAM'},{'JAM_HEAVY_TRAFFIC'},33,{7},5.0
2e69f2cd,2e69f2ccc,2020-10-02,15,{'JAM'},{'JAM_STAND_STILL_TRAFFIC'},31,{7},5.0
2e69f2cd,2e69f2ccc,2020-10-02,17,{'JAM'},{'JAM_STAND_STILL_TRAFFIC'},62,{7},5.0
2e69f2cd,2e69f2ccc,2020-10-02,18,"{'JAM', 'WEATHERHAZARD'}","{'WEATHERHAZARD', 'JAM_STAND_STILL_TRAFFIC'}",47,{7},6.74468085106383
2e69f2cd,2e69f2ccc,2020-10-02,19,{'JAM'},{'JAM_STAND_STILL_TRAFFIC'},30,{7},5.0
2e69f2cd,2e69f2ccc,2020-10-03,17,{'JAM'},{'JAM_MODERATE_TRAFFIC'},31,{7},5.0
2e69f2cd,2e69f2ccc,2020-10-09,20,{'JAM'},{'JAM_MODERATE_TRAFFIC'},20,{7},5.0
2e69f2cd,2e69f2ccc,2020-10-10,14,{'ACCIDENT'},{'ACCIDENT'},46,{7},5.3478260869565215
2e69f2cd,2e69f2ccc,2020-10-10,16,{'JAM'},"{'JAM_STAND_STILL_TRAFFIC', 'JAM_HEAVY_TRAFFIC'}",64,{7},5.0
2e69f2cd,2e69f2ccc,2020-10-17,20,{'JAM'},{'JAM_HEAVY_TRAFFIC'},44,{7},5.340909090909091
2e69f2cd,2e69f2ccc,2020-10-21,11,{'JAM'},{'JAM_HEAVY_TRAFFIC'},6,{7},5.0
2e69f2cd,2e69f2ccc,2020-10-21,18,{'JAM'},{'JAM_STAND_STILL_TRAFFIC'},30,{7},5.0
2e69f2cd,2e69f2ccc,2020-10-24,14,{'JAM'},"{'JAM_STAND_STILL_TRAFFIC', 'JAM_HEAVY_TRAFFIC'}",64,{7},5.0
2e69f2cd,2e69f2ccc,2020-10-24,18,{'JAM'},{'JAM_STAND_STILL_TRAFFIC'},33,{7},5.0
2e69f2cd,2e69f2ccc,2020-10-24,20,{'JAM'},{'JAM_HEAVY_TRAFFIC'},30,{7},5.0
2e69f2cd,2e69f2ccc,2020-10-25,12,{'JAM'},{'JAM_HEAVY_TRAFFIC'},19,{7},5.0
2e69f2cd,2e69f2ccc,2020-10-28,20,{'JAM'},"{'JAM_MODERATE_TRAFFIC', 'JAM_HEAVY_TRAFFIC'}",127,{7},5.118110236220472
2e69f2cd,2e69f2ccc,2020-10-29,17,{'JAM'},{'JAM_STAND_STILL_TRAFFIC'},31,{7},5.0
2e69f2cd,2e69f2ccc,2020-10-31,17,{'JAM'},{'JAM_STAND_STILL_TRAFFIC'},6,{7},5.0
2e69f2cd,2e69f2ccc,2020-11-02,13,{'JAM'},{'JAM_MODERATE_TRAFFIC'},30,{7},5.0
2e69f2cd,2e69f2ccc,2020-11-03,17,{'JAM'},"{'JAM_STAND_STILL_TRAFFIC', 'JAM_HEAVY_TRAFFIC'}",66,{7},5.0
2e69f2cd,2e69f2ccc,2020-11-07,20,{'JAM'},{'JAM_STAND_STILL_TRAFFIC'},31,{7},5.0
2e69f2cd,2e69f2ccc,2020-11-09,16,"{'JAM', 'WEATHERHAZARD'}","{'HAZARD_ON_SHOULDER_CAR_STOPPED', 'JAM_HEAVY_TRAFFIC'}",67,{7},6.134328358208955
2e69f2cd,2e69f2ccc,2020-11-13,19,{'JAM'},{'JAM_STAND_STILL_TRAFFIC'},33,{7},5.0
2e69f2cd,2e69f2ccc,2020-11-14,13,{'JAM'},{'JAM_STAND_STILL_TRAFFIC'},30,{7},5.9
2e69f2cd,2e69f2ccc,2020-11-14,14,{'JAM'},{'JAM_HEAVY_TRAFFIC'},31,{7},5.0
2e69f2cd,2e69f2ccc,2020-11-14,15,{'JAM'},{'JAM_STAND_STILL_TRAFFIC'},32,{7},5.0
2e69f2cd,2e69f2ccc,2020-11-14,17,{'JAM'},{'JAM_STAND_STILL_TRAFFIC'},33,{7},5.0
2e69f2cd,2e69f2ccc,2020-11-14,18,{'JAM'},{'JAM_STAND_STILL_TRAFFIC'},37,{7},5.486486486486487
2e69f2cd,2e69f2ccc,2020-11-14,19,{'JAM'},{'JAM_STAND_STILL_TRAFFIC'},35,{7},5.0
2e69f2cd,2e69f2ccc,2020-11-17,17,{'JAM'},{'JAM_HEAVY_TRAFFIC'},31,{7},5.0
2e69f2cd,2e69f2ccc,2020-11-20,20,{'JAM'},{'JAM_STAND_STILL_TRAFFIC'},31,{7},5.612903225806452
2e69f2cd,2e69f2ccc,2020-11-21,12,{'JAM'},{'JAM_HEAVY_TRAFFIC'},30,{7},5.966666666666667
2e69f2cd,2e69f2ccc,2020-11-21,15,{'JAM'},{'JAM_STAND_STILL_TRAFFIC'},31,{1},5.0
2e69f2cd,2e69f2ccc,2020-11-21,17,{'JAM'},{'JAM_STAND_STILL_TRAFFIC'},29,{7},5.0
2e69f2cd,2e69f2cd4,2020-09-05,19,{'JAM'},{'JAM_STAND_STILL_TRAFFIC'},30,{7},5.0
2e69f2cd,2e69f2cd4,2020-09-06,20,{'JAM'},{'JAM_HEAVY_TRAFFIC'},31,{7},5.0
2e69f2cd,2e69f2cd4,2020-09-09,16,{'JAM'},{'JAM_HEAVY_TRAFFIC'},30,{7},5.0
2e69f2cd,2e69f2cd4,2020-09-09,19,{'JAM'},{'JAM_STAND_STILL_TRAFFIC'},32,{7},5.0
2e69f2cd,2e69f2cd4,2020-09-22,13,{'JAM'},{'JAM_HEAVY_TRAFFIC'},14,{7},5.0
2e69f2cd,2e69f2cd4,2020-09-26,13,{'JAM'},{'JAM_STAND_STILL_TRAFFIC'},65,{7},5.615384615384615
2e69f2cd,2e69f2cd4,2020-09-26,18,{'JAM'},{'JAM_STAND_STILL_TRAFFIC'},58,{7},6.413793103448276
2e69f2cd,2e69f2cd4,2020-09-26,19,{'JAM'},{'JAM_STAND_STILL_TRAFFIC'},32,{7},5.0
2e69f2cd,2e69f2cd4,2020-09-28,18,{'JAM'},{'JAM_STAND_STILL_TRAFFIC'},30,{7},5.0
2e69f2cd,2e69f2cd4,2020-09-30,19,{'JAM'},{'JAM_STAND_STILL_TRAFFIC'},30,{7},5.0
2e69f2cd,2e69f2cd4,2020-09-30,20,{'JAM'},{'JAM_STAND_STILL_TRAFFIC'},30,{7},6.533333333333333
2e69f2cd,2e69f2cd4,2020-09-30,22,{'WEATHERHAZARD'},{'WEATHERHAZARD'},29,{7},6.241379310344827
2e69f2cd,2e69f2cd4,2020-10-01,20,{'JAM'},{'JAM_HEAVY_TRAFFIC'},31,{7},5.0
2e69f2cd,2e69f2cd4,2020-10-02,14,{'JAM'},{'JAM_STAND_STILL_TRAFFIC'},63,{7},5.984126984126984
2e69f2cd,2e69f2cd4,2020-10-02,16,{'JAM'},{'JAM_STAND_STILL_TRAFFIC'},38,{7},5.473684210526316
2e69f2cd,2e69f2cd4,2020-10-02,17,{'JAM'},{'JAM_STAND_STILL_TRAFFIC'},31,{7},5.0
2e69f2cd,2e69f2cd4,2020-10-02,18,{'JAM'},"{'JAM_STAND_STILL_TRAFFIC', 'JAM_HEAVY_TRAFFIC'}",69,{7},5.217391304347826
2e69f2cd,2e69f2cd4,2020-10-03,17,{'JAM'},{'JAM_STAND_STILL_TRAFFIC'},32,{7},5.0
2e69f2cd,2e69f2cd4,2020-10-05,10,{'JAM'},{'JAM'},28,{7},5.0
2e69f2cd,2e69f2cd4,2020-10-08,16,{'JAM'},{'JAM_STAND_STILL_TRAFFIC'},32,{7},5.96875
2e69f2cd,2e69f2cd4,2020-10-10,14,{'JAM'},{'JAM_MODERATE_TRAFFIC'},21,{7},5.0
2e69f2cd,2e69f2cd4,2020-10-16,16,{'JAM'},{'JAM_HEAVY_TRAFFIC'},26,{7},5.0
2e69f2cd,2e69f2cd4,2020-10-17,10,{'JAM'},{'JAM'},69,{7},5.72463768115942
2e69f2cd,2e69f2cd4,2020-10-17,21,{'JAM'},{'JAM_STAND_STILL_TRAFFIC'},31,{7},5.0
2e69f2cd,2e69f2cd4,2020-10-23,20,{'JAM'},{'JAM_HEAVY_TRAFFIC'},32,{7},5.0
2e69f2cd,2e69f2cd4,2020-10-24,19,{'JAM'},{'JAM_STAND_STILL_TRAFFIC'},43,{7},5.4186046511627906
2e69f2cd,2e69f2cd4,2020-10-24,20,{'JAM'},{'JAM_STAND_STILL_TRAFFIC'},64,{7},5.0
2e69f2cd,2e69f2cd4,2020-10-28,20,{'JAM'},{'JAM_HEAVY_TRAFFIC'},30,{7},5.0
2e69f2cd,2e69f2cd4,2020-10-29,17,{'JAM'},{'JAM_HEAVY_TRAFFIC'},7,{7},5.0
2e69f2cd,2e69f2cd4,2020-11-03,17,{'JAM'},{'JAM_STAND_STILL_TRAFFIC'},62,{7},5.0
2e69f2cd,2e69f2cd4,2020-11-09,17,{'JAM'},"{'JAM_STAND_STILL_TRAFFIC', 'JAM_HEAVY_TRAFFIC'}",105,{7},6.085714285714285
2e69f2cd,2e69f2cd4,2020-11-09,18,{'JAM'},{'JAM_HEAVY_TRAFFIC'},31,{7},5.0
2e69f2cd,2e69f2cd4,2020-11-09,19,{'JAM'},{'JAM_STAND_STILL_TRAFFIC'},32,{7},5.0
2e69f2cd,2e69f2cd4,2020-11-13,17,{'JAM'},{'JAM_STAND_STILL_TRAFFIC'},30,{7},5.0
2e69f2cd,2e69f2cd4,2020-11-13,18,{'JAM'},{'JAM_STAND_STILL_TRAFFIC'},32,{7},5.0
2e69f2cd,2e69f2cd4,2020-11-13,19,{'JAM'},{'JAM_STAND_STILL_TRAFFIC'},31,{7},5.0
2e69f2cd,2e69f2cd4,2020-11-14,14,{'JAM'},{'JAM_STAND_STILL_TRAFFIC'},61,{7},5.0
2e69f2cd,2e69f2cd4,2020-11-14,15,{'JAM'},{'JAM_HEAVY_TRAFFIC'},31,{7},5.645161290322581
2e69f2cd,2e69f2cd4,2020-11-14,16,{'JAM'},{'JAM_STAND_STILL_TRAFFIC'},34,{7},5.0
2e69f2cd,2e69f2cd4,2020-11-14,19,{'JAM'},{'JAM_STAND_STILL_TRAFFIC'},67,{7},5.0
2e69f2cd,2e69f2cd4,2020-11-14,21,{'JAM'},"{'JAM', 'JAM_STAND_STILL_TRAFFIC'}",62,{7},5.0
2e69f2cd,2e69f2cd4,2020-11-17,16,{'JAM'},"{'JAM_STAND_STILL_TRAFFIC', 'JAM_HEAVY_TRAFFIC'}",81,{7},5.382716049382716
2e69f2cd,2e69f2cd4,2020-11-20,16,{'ACCIDENT'},{'ACCIDENT_MAJOR'},15,{7},6.666666666666667
2e69f2cd,2e69f2cd4,2020-11-20,20,{'JAM'},{'JAM_STAND_STILL_TRAFFIC'},72,{7},5.458333333333333
2e69f2cd,2e69f2cd4,2020-11-21,14,{'JAM'},{'JAM_HEAVY_TRAFFIC'},37,{7},5.405405405405405
2e69f2cd,2e69f2cd4,2020-11-21,17,{'JAM'},{'JAM_HEAVY_TRAFFIC'},19,{7},5.0
2e69f2cd,2e69f2cdc,2020-11-04,5,{'JAM'},{'JAM_MODERATE_TRAFFIC'},31,{1},5.0
2e69f2d3,2e69f2d2c,2020-09-09,17,{'JAM'},{'JAM_HEAVY_TRAFFIC'},30,{7},6.566666666666666
2e69f2d3,2e69f2d2c,2020-09-09,20,{'JAM'},{'JAM_STAND_STILL_TRAFFIC'},31,{7},5.0
2e69f2d3,2e69f2d2c,2020-09-22,12,{'JAM'},{'JAM_STAND_STILL_TRAFFIC'},11,{7},5.0
2e69f2d3,2e69f2d2c,2020-09-22,13,{'JAM'},{'JAM_STAND_STILL_TRAFFIC'},11,{7},5.0
2e69f2d3,2e69f2d2c,2020-09-22,14,{'JAM'},{'JAM_STAND_STILL_TRAFFIC'},35,{7},6.0
2e69f2d3,2e69f2d2c,2020-09-25,18,{'JAM'},{'JAM_MODERATE_TRAFFIC'},31,{7},5.0
2e69f2d3,2e69f2d2c,2020-09-26,17,{'JAM'},{'JAM_STAND_STILL_TRAFFIC'},31,{7},5.0
2e69f2d3,2e69f2d2c,2020-09-26,18,{'JAM'},{'JAM_STAND_STILL_TRAFFIC'},30,{7},6.0
2e69f2d3,2e69f2d2c,2020-09-26,20,{'JAM'},{'JAM_STAND_STILL_TRAFFIC'},38,{7},5.394736842105263
2e69f2d3,2e69f2d2c,2020-09-26,21,{'ACCIDENT'},{'ACCIDENT'},122,{7},6.450819672131147
2e69f2d3,2e69f2d2c,2020-09-30,19,{'JAM'},{'JAM_MODERATE_TRAFFIC'},33,{7},5.0
2e69f2d3,2e69f2d2c,2020-09-30,20,{'JAM'},{'JAM_HEAVY_TRAFFIC'},31,{7},5.0
2e69f2d3,2e69f2d2c,2020-10-02,12,{'JAM'},"{'JAM_STAND_STILL_TRAFFIC', 'JAM_HEAVY_TRAFFIC'}",94,{7},5.0
2e69f2d3,2e69f2d2c,2020-10-02,14,{'JAM'},{'JAM_STAND_STILL_TRAFFIC'},42,"{1, 7}",8.404761904761905
2e69f2d3,2e69f2d2c,2020-10-02,18,{'JAM'},{'JAM_STAND_STILL_TRAFFIC'},32,{7},6.8125
2e69f2d3,2e69f2d2c,2020-10-02,19,{'JAM'},{'JAM_STAND_STILL_TRAFFIC'},31,{7},5.0
2e69f2d3,2e69f2d2c,2020-10-02,20,{'JAM'},{'JAM_STAND_STILL_TRAFFIC'},32,{7},5.0
2e69f2d3,2e69f2d2c,2020-10-03,10,{'JAM'},{'JAM'},30,{7},5.0
2e69f2d3,2e69f2d2c,2020-10-03,17,{'JAM'},{'JAM_STAND_STILL_TRAFFIC'},32,{7},5.0
2e69f2d3,2e69f2d2c,2020-10-07,16,{'JAM'},{'JAM_STAND_STILL_TRAFFIC'},89,{7},6.662921348314606
2e69f2d3,2e69f2d2c,2020-10-08,15,{'JAM'},{'JAM_HEAVY_TRAFFIC'},36,{7},5.972222222222222
2e69f2d3,2e69f2d2c,2020-10-10,14,{'JAM'},"{'JAM_STAND_STILL_TRAFFIC', 'JAM_HEAVY_TRAFFIC'}",66,{7},5.0
2e69f2d3,2e69f2d2c,2020-10-16,17,{'JAM'},{'JAM_HEAVY_TRAFFIC'},51,{7},5.0
2e69f2d3,2e69f2d2c,2020-10-24,14,{'JAM'},{'JAM_STAND_STILL_TRAFFIC'},33,{7},5.0
2e69f2d3,2e69f2d2c,2020-10-24,15,{'JAM'},{'JAM_STAND_STILL_TRAFFIC'},32,{7},5.0
2e69f2d3,2e69f2d2c,2020-10-24,16,{'JAM'},{'JAM_STAND_STILL_TRAFFIC'},31,{7},5.0
2e69f2d3,2e69f2d2c,2020-10-24,17,{'JAM'},{'JAM_STAND_STILL_TRAFFIC'},31,{7},5.0
2e69f2d3,2e69f2d2c,2020-10-24,18,{'JAM'},{'JAM_STAND_STILL_TRAFFIC'},31,{7},5.0
2e69f2d3,2e69f2d2c,2020-10-24,20,{'JAM'},{'JAM_HEAVY_TRAFFIC'},31,{7},5.0
2e69f2d3,2e69f2d2c,2020-10-31,16,{'JAM'},{'JAM_HEAVY_TRAFFIC'},32,{7},5.0
2e69f2d3,2e69f2d2c,2020-11-07,14,{'JAM'},{'JAM_STAND_STILL_TRAFFIC'},31,{7},5.0
2e69f2d3,2e69f2d2c,2020-11-14,15,{'JAM'},{'JAM_STAND_STILL_TRAFFIC'},33,{7},5.0
2e69f2d3,2e69f2d2c,2020-11-14,16,{'JAM'},{'JAM_STAND_STILL_TRAFFIC'},40,{7},6.4
2e69f2d3,2e69f2d2c,2020-11-20,16,{'JAM'},{'JAM'},33,{7},5.0
2e69f2d3,2e69f2d2c,2020-11-20,20,{'JAM'},{'JAM_STAND_STILL_TRAFFIC'},47,{7},5.382978723404255
2e69f2d3,2e69f2d2c,2020-11-21,19,{'JAM'},{'JAM_STAND_STILL_TRAFFIC'},63,{7},5.0
2e69f2d3,2e69f2d2c,2020-11-21,20,{'JAM'},{'JAM'},34,{7},5.0
2e69f2d3,2e69f2d34,2020-09-01,8,{'JAM'},{'JAM_STAND_STILL_TRAFFIC'},12,{7},5.0
2e69f2d3,2e69f2d34,2020-09-01,16,{'JAM'},{'JAM_HEAVY_TRAFFIC'},32,{7},5.0
2e69f2d3,2e69f2d34,2020-09-01,17,{'JAM'},{'JAM_HEAVY_TRAFFIC'},29,{7},5.0
2e69f2d3,2e69f2d34,2020-09-11,10,{'JAM'},{'JAM_HEAVY_TRAFFIC'},31,{7},5.0
2e69f2d3,2e69f2d34,2020-09-22,13,{'JAM'},{'JAM_STAND_STILL_TRAFFIC'},16,{7},5.0
2e69f2d3,2e69f2d34,2020-09-22,15,{'JAM'},{'JAM_HEAVY_TRAFFIC'},32,{7},5.0
2e69f2d3,2e69f2d34,2020-09-26,13,{'JAM'},{'JAM_STAND_STILL_TRAFFIC'},32,{7},5.0
2e69f2d3,2e69f2d34,2020-09-26,14,{'JAM'},{'JAM_HEAVY_TRAFFIC'},30,{7},5.0
2e69f2d3,2e69f2d34,2020-09-26,18,{'JAM'},{'JAM_HEAVY_TRAFFIC'},31,{7},5.0
2e69f2d3,2e69f2d34,2020-09-26,19,{'JAM'},{'JAM_STAND_STILL_TRAFFIC'},63,{7},5.0
2e69f2d3,2e69f2d34,2020-10-02,15,{'JAM'},{'JAM_STAND_STILL_TRAFFIC'},30,{7},5.0
2e69f2d3,2e69f2d34,2020-10-04,14,{'JAM'},{'JAM_HEAVY_TRAFFIC'},32,{7},5.0
2e69f2d3,2e69f2d34,2020-10-07,10,{'JAM'},{'JAM_STAND_STILL_TRAFFIC'},44,{7},5.409090909090909
2e69f2d3,2e69f2d34,2020-10-08,15,{'JAM'},{'JAM_STAND_STILL_TRAFFIC'},41,{7},5.365853658536586
2e69f2d3,2e69f2d34,2020-10-16,17,{'JAM'},"{'JAM_STAND_STILL_TRAFFIC', 'JAM_HEAVY_TRAFFIC'}",92,{7},5.260869565217392
2e69f2d3,2e69f2d34,2020-10-24,14,{'JAM'},{'JAM_STAND_STILL_TRAFFIC'},32,{7},5.0
2e69f2d3,2e69f2d34,2020-10-24,17,{'JAM'},{'JAM_STAND_STILL_TRAFFIC'},49,{7},5.3061224489795915
2e69f2d3,2e69f2d34,2020-10-24,18,{'JAM'},"{'JAM_STAND_STILL_TRAFFIC', 'JAM_HEAVY_TRAFFIC'}",63,{7},5.0
2e69f2d3,2e69f2d34,2020-11-13,17,{'JAM'},{'JAM_STAND_STILL_TRAFFIC'},32,{7},5.0
2e69f2d3,2e69f2d34,2020-11-15,11,{'JAM'},{'JAM_MODERATE_TRAFFIC'},30,{7},5.7
2e69f2d3,2e69f2d34,2020-11-17,18,{'JAM'},{'JAM_HEAVY_TRAFFIC'},30,{7},5.0
2e69f2d3,2e69f2d34,2020-11-20,20,{'JAM'},{'JAM_STAND_STILL_TRAFFIC'},50,{7},5.36
2e69f2d3,2e69f2d34,2020-11-21,13,{'JAM'},{'JAM_MODERATE_TRAFFIC'},30,{7},5.0
2e69f2d5,2e69f2d44,2020-09-14,12,{'WEATHERHAZARD'},{'HAZARD_ON_SHOULDER_CAR_STOPPED'},64,{1},5.0
2e69f2d5,2e69f2d44,2020-09-14,19,{'WEATHERHAZARD'},{'HAZARD_ON_SHOULDER_CAR_STOPPED'},32,{1},5.0
2e69f2d5,2e69f2d44,2020-10-05,5,{'WEATHERHAZARD'},{'HAZARD_ON_SHOULDER_CAR_STOPPED'},30,{1},5.0
2e69f2d5,2e69f2d44,2020-10-05,14,{'WEATHERHAZARD'},{'HAZARD_ON_SHOULDER_CAR_STOPPED'},33,{1},6.0
2e69f2d5,2e69f2d44,2020-10-19,5,{'WEATHERHAZARD'},{'HAZARD_ON_SHOULDER_CAR_STOPPED'},31,{1},5.967741935483871
2e69f2d5,2e69f2d4c,2020-09-01,12,{'WEATHERHAZARD'},{'HAZARD_ON_ROAD_POT_HOLE'},495,{2},6.814141414141414
2e69f2d5,2e69f2d4c,2020-09-02,20,{'ACCIDENT'},{'ACCIDENT_MAJOR'},86,{7},6.6976744186046515
2e69f2d5,2e69f2d4c,2020-09-04,14,{'JAM'},{'JAM_HEAVY_TRAFFIC'},32,{7},5.0
2e69f2d5,2e69f2d4c,2020-09-04,17,{'WEATHERHAZARD'},{'HAZARD_ON_SHOULDER_CAR_STOPPED'},36,{4},5.75
2e69f2d5,2e69f2d4c,2020-09-05,11,{'JAM'},{'JAM_STAND_STILL_TRAFFIC'},32,{7},5.0
2e69f2d5,2e69f2d4c,2020-09-05,12,{'JAM'},"{'JAM_STAND_STILL_TRAFFIC', 'JAM_HEAVY_TRAFFIC'}",77,"{2, 7}",5.584415584415584
2e69f2d5,2e69f2d4c,2020-09-05,17,{'JAM'},{'JAM_HEAVY_TRAFFIC'},31,{7},6.0
2e69f2d5,2e69f2d4c,2020-09-09,13,{'JAM'},{'JAM_HEAVY_TRAFFIC'},33,{7},5.484848484848484
2e69f2d5,2e69f2d4c,2020-09-09,19,{'JAM'},{'JAM_STAND_STILL_TRAFFIC'},33,{7},5.0
2e69f2d5,2e69f2d4c,2020-09-14,13,"{'JAM', 'WEATHERHAZARD'}","{'HAZARD_WEATHER_FLOOD', 'JAM_STAND_STILL_TRAFFIC'}",77,{7},7.1688311688311686
2e69f2d5,2e69f2d4c,2020-09-14,14,{'JAM'},{'JAM_STAND_STILL_TRAFFIC'},64,"{4, 7}",5.4375
2e69f2d5,2e69f2d4c,2020-09-14,17,{'JAM'},{'JAM_HEAVY_TRAFFIC'},17,{7},5.0
2e69f2d5,2e69f2d4c,2020-09-21,10,{'WEATHERHAZARD'},{'HAZARD_ON_ROAD_POT_HOLE'},290,{2},6.931034482758621
2e69f2d5,2e69f2d4c,2020-09-22,12,{'JAM'},{'JAM_STAND_STILL_TRAFFIC'},65,{7},5.230769230769231
2e69f2d5,2e69f2d4c,2020-09-22,14,{'JAM'},{'JAM_STAND_STILL_TRAFFIC'},31,{4},9.03225806451613
2e69f2d5,2e69f2d4c,2020-09-24,7,{'JAM'},{'JAM_HEAVY_TRAFFIC'},33,{7},5.0
2e69f2d5,2e69f2d4c,2020-09-26,17,{'JAM'},{'JAM_STAND_STILL_TRAFFIC'},31,{7},5.0
2e69f2d5,2e69f2d4c,2020-09-28,17,{'JAM'},{'JAM_STAND_STILL_TRAFFIC'},32,{7},5.0
2e69f2d5,2e69f2d4c,2020-10-01,18,{'JAM'},{'JAM_STAND_STILL_TRAFFIC'},31,{4},5.0
2e69f2d5,2e69f2d4c,2020-10-03,14,{'JAM'},{'JAM_HEAVY_TRAFFIC'},31,{2},5.0
2e69f2d5,2e69f2d4c,2020-10-04,14,{'JAM'},{'JAM_STAND_STILL_TRAFFIC'},16,{7},5.0
2e69f2d5,2e69f2d4c,2020-10-05,5,{'WEATHERHAZARD'},{'HAZARD_ON_SHOULDER_CAR_STOPPED'},24,{7},5.0
2e69f2d5,2e69f2d4c,2020-10-05,15,{'WEATHERHAZARD'},{'HAZARD_ON_SHOULDER_CAR_STOPPED'},32,{1},5.0
2e69f2d5,2e69f2d4c,2020-10-05,18,{'JAM'},{'JAM_MODERATE_TRAFFIC'},33,{4},8.0
2e69f2d5,2e69f2d4c,2020-10-07,14,{'JAM'},{'JAM_HEAVY_TRAFFIC'},31,{7},5.0
2e69f2d5,2e69f2d4c,2020-10-07,15,{'JAM'},{'JAM_HEAVY_TRAFFIC'},30,{7},5.0
2e69f2d5,2e69f2d4c,2020-10-07,16,{'JAM'},{'JAM_STAND_STILL_TRAFFIC'},74,{7},5.22972972972973
2e69f2d5,2e69f2d4c,2020-10-08,15,"{'JAM', 'WEATHERHAZARD'}","{'HAZARD_ON_ROAD_OBJECT', 'JAM_STAND_STILL_TRAFFIC'}",110,{7},6.109090909090909
2e69f2d5,2e69f2d4c,2020-10-08,16,{'JAM'},{'JAM_STAND_STILL_TRAFFIC'},36,{7},5.138888888888889
2e69f2d5,2e69f2d4c,2020-10-10,16,{'JAM'},{'JAM_MODERATE_TRAFFIC'},33,{7},5.0
2e69f2d5,2e69f2d4c,2020-10-12,16,{'JAM'},{'JAM_HEAVY_TRAFFIC'},15,{7},5.0
2e69f2d5,2e69f2d4c,2020-10-13,16,{'JAM'},{'JAM_STAND_STILL_TRAFFIC'},127,{7},5.409448818897638
2e69f2d5,2e69f2d4c,2020-10-15,8,{'JAM'},{'JAM_STAND_STILL_TRAFFIC'},31,{7},5.0
2e69f2d5,2e69f2d4c,2020-10-16,16,{'JAM'},{'JAM_HEAVY_TRAFFIC'},63,"{2, 4}",5.0
2e69f2d5,2e69f2d4c,2020-10-18,15,{'JAM'},{'JAM'},32,{7},5.0
2e69f2d5,2e69f2d4c,2020-10-19,5,{'WEATHERHAZARD'},{'HAZARD_ON_SHOULDER_CAR_STOPPED'},31,{1},5.0
2e69f2d5,2e69f2d4c,2020-10-19,17,{'JAM'},{'JAM_STAND_STILL_TRAFFIC'},31,{4},5.0
2e69f2d5,2e69f2d4c,2020-10-22,19,{'JAM'},{'JAM_STAND_STILL_TRAFFIC'},32,{7},5.53125
2e69f2d5,2e69f2d4c,2020-10-23,8,{'JAM'},{'JAM_HEAVY_TRAFFIC'},30,{7},5.933333333333334
2e69f2d5,2e69f2d4c,2020-10-23,16,{'JAM'},{'JAM_STAND_STILL_TRAFFIC'},30,{2},5.0
2e69f2d5,2e69f2d4c,2020-10-24,13,{'JAM'},{'JAM_MODERATE_TRAFFIC'},32,{7},5.0
2e69f2d5,2e69f2d4c,2020-10-26,8,{'JAM'},{'JAM_HEAVY_TRAFFIC'},32,{4},5.0
2e69f2d5,2e69f2d4c,2020-10-28,17,{'JAM'},{'JAM_HEAVY_TRAFFIC'},27,{4},5.0
2e69f2d5,2e69f2d4c,2020-10-29,17,"{'JAM', 'WEATHERHAZARD'}","{'HAZARD_ON_SHOULDER_ANIMALS', 'HAZARD_ON_ROAD_POT_HOLE', 'JAM_HEAVY_TRAFFIC'}",66,"{2, 7}",5.590909090909091
2e69f2d5,2e69f2d4c,2020-10-31,13,{'JAM'},{'JAM_HEAVY_TRAFFIC'},32,{2},6.0
2e69f2d5,2e69f2d4c,2020-10-31,14,{'JAM'},{'JAM_HEAVY_TRAFFIC'},46,{7},5.391304347826087
2e69f2d5,2e69f2d4c,2020-11-01,11,{'JAM'},{'JAM_HEAVY_TRAFFIC'},17,{7},5.0
2e69f2d5,2e69f2d4c,2020-11-01,13,{'WEATHERHAZARD'},{'HAZARD_WEATHER_FLOOD'},60,{7},6.666666666666667
2e69f2d5,2e69f2d4c,2020-11-01,16,{'JAM'},{'JAM_HEAVY_TRAFFIC'},60,{7},5.483333333333333
2e69f2d5,2e69f2d4c,2020-11-02,8,{'JAM'},{'JAM_HEAVY_TRAFFIC'},25,{4},5.8
2e69f2d5,2e69f2d4c,2020-11-02,19,{'JAM'},{'JAM_STAND_STILL_TRAFFIC'},30,{7},5.0
2e69f2d5,2e69f2d4c,2020-11-04,14,{'JAM'},{'JAM_STAND_STILL_TRAFFIC'},5,{4},5.0
2e69f2d5,2e69f2d4c,2020-11-06,19,{'JAM'},{'JAM_STAND_STILL_TRAFFIC'},47,{7},5.74468085106383
2e69f2d5,2e69f2d4c,2020-11-06,20,{'JAM'},{'JAM_STAND_STILL_TRAFFIC'},65,{4},8.123076923076923
2e69f2d5,2e69f2d4c,2020-11-07,13,{'JAM'},{'JAM_STAND_STILL_TRAFFIC'},31,{2},5.838709677419355
2e69f2d5,2e69f2d4c,2020-11-07,14,{'JAM'},{'JAM_HEAVY_TRAFFIC'},17,{4},5.0
2e69f2d5,2e69f2d4c,2020-11-09,7,{'JAM'},{'JAM_STAND_STILL_TRAFFIC'},27,{2},5.0
2e69f2d5,2e69f2d4c,2020-11-09,19,{'JAM'},{'JAM_STAND_STILL_TRAFFIC'},33,{7},5.0
2e69f2d5,2e69f2d4c,2020-11-11,17,{'WEATHERHAZARD'},{'HAZARD_ON_SHOULDER_CAR_STOPPED'},48,{7},5.104166666666667
2e69f2d5,2e69f2d4c,2020-11-13,17,{'JAM'},"{'JAM_STAND_STILL_TRAFFIC', 'JAM_HEAVY_TRAFFIC'}",138,"{4, 7}",5.550724637681159
2e69f2d5,2e69f2d4c,2020-11-13,18,{'JAM'},{'JAM_STAND_STILL_TRAFFIC'},46,{4},5.369565217391305
2e69f2d5,2e69f2d4c,2020-11-15,11,{'JAM'},{'JAM_MODERATE_TRAFFIC'},32,{7},5.0
2e69f2d5,2e69f2d4c,2020-11-16,15,{'JAM'},{'JAM_STAND_STILL_TRAFFIC'},21,{7},5.0
2e69f2d5,2e69f2d4c,2020-11-16,17,{'JAM'},{'JAM_STAND_STILL_TRAFFIC'},22,{7},5.0
2e69f2d5,2e69f2d4c,2020-11-18,17,{'JAM'},{'JAM_STAND_STILL_TRAFFIC'},32,{7},5.84375
2e69f2d5,2e69f2d4c,2020-11-21,16,{'JAM'},{'JAM_HEAVY_TRAFFIC'},49,{7},6.755102040816326
2e69f2d5,2e69f2d4c,2020-11-21,17,{'JAM'},{'JAM_HEAVY_TRAFFIC'},16,{4},5.0
2e69f2d5,2e69f2d54,2020-09-11,18,{'JAM'},{'JAM_STAND_STILL_TRAFFIC'},6,{7},5.0
2e69f2d5,2e69f2d54,2020-09-21,16,{'JAM'},{'JAM_STAND_STILL_TRAFFIC'},5,{7},5.0
2e69f2d5,2e69f2d54,2020-10-07,16,{'JAM'},{'JAM'},8,{4},5.0
2e69f2d5,2e69f2d54,2020-10-08,16,{'JAM'},{'JAM_STAND_STILL_TRAFFIC'},64,{7},5.0
2e69f2d5,2e69f2d54,2020-11-01,11,{'JAM'},{'JAM_HEAVY_TRAFFIC'},8,{7},5.0
2e69f2d5,2e69f2d54,2020-11-04,18,{'JAM'},{'JAM_STAND_STILL_TRAFFIC'},33,{7},5.909090909090909
2e69f2d7,2e69f2d6c,2020-10-05,14,{'WEATHERHAZARD'},{'HAZARD_ON_SHOULDER_CAR_STOPPED'},30,{1},5.0
2e6a20a5,2e6a20a5c,2020-11-07,19,{'JAM'},{'JAM'},31,{1},5.0
2e6a20a7,2e6a20a64,2020-09-11,8,{'JAM'},{'JAM_MODERATE_TRAFFIC'},31,{1},5.0
2e6a20a7,2e6a20a74,2020-10-28,23,{'ACCIDENT'},{'ACCIDENT_MAJOR'},122,{1},5.0
2e6a20b1,2e6a20b0c,2020-10-07,18,{'JAM'},{'JAM_STAND_STILL_TRAFFIC'},7,{2},5.0
2e6a20b1,2e6a20b0c,2020-11-15,6,{'WEATHERHAZARD'},{'WEATHERHAZARD'},32,{2},6.0
2e6a20b1,2e6a20b14,2020-10-24,10,{'JAM'},{'JAM_MODERATE_TRAFFIC'},30,{2},5.0
2e6a20b1,2e6a20b14,2020-11-15,19,{'JAM'},{'JAM_MODERATE_TRAFFIC'},31,{2},5.0
2e6a20b9,2e6a20b9c,2020-09-29,17,{'JAM'},{'JAM_STAND_STILL_TRAFFIC'},31,{2},5.0
2e6a20b9,2e6a20b9c,2020-10-10,11,{'JAM'},{'JAM_STAND_STILL_TRAFFIC'},29,{2},5.0
2e6a20b9,2e6a20b9c,2020-11-15,19,{'JAM'},{'JAM_HEAVY_TRAFFIC'},30,{2},5.0
2e6a20bb,2e6a20ba4,2020-09-01,19,{'JAM'},{'JAM_STAND_STILL_TRAFFIC'},34,{2},5.0
2e6a20bb,2e6a20ba4,2020-09-04,20,{'JAM'},{'JAM_STAND_STILL_TRAFFIC'},30,{2},5.0
2e6a20bb,2e6a20ba4,2020-09-05,19,{'JAM'},{'JAM_STAND_STILL_TRAFFIC'},31,{2},5.0
2e6a20bb,2e6a20ba4,2020-09-10,18,{'JAM'},{'JAM_STAND_STILL_TRAFFIC'},6,{2},5.0
2e6a20bb,2e6a20ba4,2020-09-19,16,{'JAM'},{'JAM'},31,{2},5.0
2e6a20bb,2e6a20ba4,2020-09-29,17,{'JAM'},{'JAM_STAND_STILL_TRAFFIC'},29,{2},5.0
2e6a20bb,2e6a20ba4,2020-10-10,11,{'JAM'},{'JAM_STAND_STILL_TRAFFIC'},30,{2},5.0
2e6a20bb,2e6a20ba4,2020-10-13,18,{'JAM'},{'JAM_STAND_STILL_TRAFFIC'},33,{2},5.0
2e6a20bb,2e6a20ba4,2020-10-19,19,{'JAM'},{'JAM_STAND_STILL_TRAFFIC'},31,{2},5.0
2e6a20bb,2e6a20ba4,2020-10-23,19,{'JAM'},{'JAM_STAND_STILL_TRAFFIC'},32,{2},5.0
2e6a20bb,2e6a20ba4,2020-11-02,19,{'JAM'},{'JAM_STAND_STILL_TRAFFIC'},33,{2},5.0
2e6a20bb,2e6a20ba4,2020-11-05,11,{'JAM'},{'JAM_MODERATE_TRAFFIC'},30,{2},5.0
2e6a20bb,2e6a20ba4,2020-11-15,19,"{'JAM', 'WEATHERHAZARD'}","{'HAZARD_ON_SHOULDER_CAR_STOPPED', 'JAM_MODERATE_TRAFFIC'}",66,{2},5.0
2e6a20bb,2e6a20ba4,2020-11-21,11,{'JAM'},{'JAM_STAND_STILL_TRAFFIC'},7,{2},5.0
2e6a20c3,2e6a20c24,2020-10-03,12,{'JAM'},{'JAM_STAND_STILL_TRAFFIC'},28,{2},5.0
2e6a20c3,2e6a20c24,2020-11-05,11,{'JAM'},{'JAM_STAND_STILL_TRAFFIC'},31,{2},5.0
2e6a20c3,2e6a20c2c,2020-11-15,19,{'JAM'},{'JAM_MODERATE_TRAFFIC'},31,{2},5.0
2e6a20c3,2e6a20c3c,2020-09-08,19,{'JAM'},{'JAM_STAND_STILL_TRAFFIC'},21,{2},5.0
2e6a20c3,2e6a20c3c,2020-09-28,18,{'JAM'},{'JAM_STAND_STILL_TRAFFIC'},31,{2},5.0
2e6a20c5,2e6a20c44,2020-11-15,19,{'JAM'},{'JAM_MODERATE_TRAFFIC'},6,{2},5.0
2e6a20c7,2e6a20c64,2020-09-03,19,{'JAM'},{'JAM_STAND_STILL_TRAFFIC'},31,{2},5.0
2e6a20c7,2e6a20c64,2020-09-29,17,{'JAM'},{'JAM_STAND_STILL_TRAFFIC'},32,{2},5.0
2e6a20c7,2e6a20c64,2020-10-01,18,{'JAM'},{'JAM_STAND_STILL_TRAFFIC'},30,{2},5.0
2e6a20c7,2e6a20c64,2020-10-13,18,{'JAM'},{'JAM_STAND_STILL_TRAFFIC'},17,{2},5.0
2e6a20c7,2e6a20c64,2020-10-21,22,{'JAM'},{'JAM_STAND_STILL_TRAFFIC'},30,{2},5.0
2e6a20c7,2e6a20c64,2020-10-25,18,{'JAM'},{'JAM_STAND_STILL_TRAFFIC'},30,{2},5.0
2e6a20c7,2e6a20c64,2020-11-04,19,{'JAM'},{'JAM_STAND_STILL_TRAFFIC'},31,{2},5.0
2e6a20c7,2e6a20c64,2020-11-12,18,{'JAM'},{'JAM_STAND_STILL_TRAFFIC'},6,{2},5.0
2e6a20c7,2e6a20c64,2020-11-15,19,{'WEATHERHAZARD'},"{'HAZARD_ON_ROAD_CAR_STOPPED', 'HAZARD_ON_ROAD_CONSTRUCTION', 'HAZARD_ON_ROAD_POT_HOLE'}",2099,{2},5.4011434016198185
2e6a20c7,2e6a20c64,2020-11-17,18,{'JAM'},{'JAM_STAND_STILL_TRAFFIC'},8,{2},5.0
2e6a20c7,2e6a20c7c,2020-10-01,18,{'JAM'},{'JAM_STAND_STILL_TRAFFIC'},28,{2},5.0
2e6a20c7,2e6a20c7c,2020-10-06,18,{'JAM'},{'JAM_STAND_STILL_TRAFFIC'},30,{2},5.0
2e6a20c7,2e6a20c7c,2020-10-17,4,{'WEATHERHAZARD'},{'HAZARD_ON_ROAD_POT_HOLE'},626,{2},6.2300319488817895
2e6a20e5,2e6a20e4c,2020-09-15,20,{'JAM'},{'JAM_STAND_STILL_TRAFFIC'},63,{1},5.0
2e6a20e5,2e6a20e54,2020-09-15,20,{'JAM'},{'JAM_STAND_STILL_TRAFFIC'},38,{1},5.447368421052632
2e6a20e5,2e6a20e54,2020-10-27,10,{'JAM'},{'JAM_STAND_STILL_TRAFFIC'},31,{1},5.0
2e6a20e5,2e6a20e54,2020-10-27,12,{'JAM'},{'JAM_STAND_STILL_TRAFFIC'},30,{1},5.0
2e6a20e5,2e6a20e54,2020-10-28,14,{'JAM'},{'JAM_STAND_STILL_TRAFFIC'},31,{1},5.0
2e6a20e5,2e6a20e54,2020-11-02,16,{'JAM'},{'JAM_HEAVY_TRAFFIC'},10,{1},5.0
2e6a20e5,2e6a20e54,2020-11-02,17,{'JAM'},{'JAM_STAND_STILL_TRAFFIC'},30,{1},5.633333333333334
2e6a20e5,2e6a20e54,2020-11-09,12,{'JAM'},{'JAM_STAND_STILL_TRAFFIC'},32,{1},5.0
2e6a20e5,2e6a20e54,2020-11-12,12,{'JAM'},{'JAM_HEAVY_TRAFFIC'},30,{1},5.8
2e6a20e9,2e6a20e84,2020-09-07,17,{'JAM'},{'JAM_MODERATE_TRAFFIC'},6,{2},5.0
2e6a20e9,2e6a20e84,2020-09-19,20,{'JAM'},{'JAM_STAND_STILL_TRAFFIC'},31,{2},5.0
2e6a20e9,2e6a20e84,2020-10-05,7,{'JAM'},{'JAM_HEAVY_TRAFFIC'},33,{2},5.0
2e6a20e9,2e6a20e84,2020-10-05,8,{'JAM'},{'JAM_STAND_STILL_TRAFFIC'},15,{2},5.0
2e6a20e9,2e6a20e84,2020-10-05,18,{'JAM'},{'JAM_STAND_STILL_TRAFFIC'},14,{2},5.0
2e6a20e9,2e6a20e84,2020-10-13,18,{'JAM'},{'JAM_STAND_STILL_TRAFFIC'},21,{2},5.0
2e6a20e9,2e6a20e84,2020-10-19,7,{'JAM'},{'JAM_STAND_STILL_TRAFFIC'},34,{2},5.0
2e6a20e9,2e6a20e84,2020-10-28,10,{'JAM'},{'JAM_STAND_STILL_TRAFFIC'},32,{2},5.0
2e6a20e9,2e6a20e84,2020-10-28,12,{'JAM'},{'JAM_HEAVY_TRAFFIC'},32,{2},5.0
2e6a20e9,2e6a20e84,2020-11-06,7,{'JAM'},{'JAM'},29,{2},5.0
2e6a20e9,2e6a20e84,2020-11-06,8,{'JAM'},{'JAM_STAND_STILL_TRAFFIC'},31,{2},5.0
2e6a20e9,2e6a20e84,2020-11-09,12,{'JAM'},{'JAM_HEAVY_TRAFFIC'},33,{2},5.0
2e6a20e9,2e6a20e84,2020-11-18,9,{'JAM'},{'JAM_HEAVY_TRAFFIC'},25,{2},5.0
2e6a20e9,2e6a20e84,2020-11-19,8,{'JAM'},{'JAM_HEAVY_TRAFFIC'},31,{2},5.0
2e6a20e9,2e6a20e8c,2020-09-03,7,{'JAM'},{'JAM_STAND_STILL_TRAFFIC'},31,{2},5.0
2e6a20e9,2e6a20e8c,2020-09-07,12,{'JAM'},{'JAM'},6,{2},5.0
2e6a20e9,2e6a20e8c,2020-09-22,17,{'JAM'},{'JAM_STAND_STILL_TRAFFIC'},31,{2},5.0
2e6a20e9,2e6a20e8c,2020-09-28,7,{'JAM'},{'JAM_STAND_STILL_TRAFFIC'},30,{2},5.0
2e6a20e9,2e6a20e8c,2020-09-30,18,{'JAM'},{'JAM_STAND_STILL_TRAFFIC'},34,{2},5.0
2e6a20e9,2e6a20e8c,2020-10-03,12,{'JAM'},{'JAM_STAND_STILL_TRAFFIC'},27,{2},5.0
2e6a20e9,2e6a20e8c,2020-10-05,6,{'JAM'},{'JAM_STAND_STILL_TRAFFIC'},31,{2},5.0
2e6a20e9,2e6a20e8c,2020-10-05,18,{'JAM'},{'JAM_STAND_STILL_TRAFFIC'},20,{2},5.0
2e6a20e9,2e6a20e8c,2020-10-06,18,{'JAM'},{'JAM_STAND_STILL_TRAFFIC'},32,{2},5.0
2e6a20e9,2e6a20e8c,2020-10-13,18,{'JAM'},{'JAM_STAND_STILL_TRAFFIC'},30,{2},5.0
2e6a20e9,2e6a20e8c,2020-10-19,7,{'JAM'},{'JAM_STAND_STILL_TRAFFIC'},62,{2},5.0
2e6a20e9,2e6a20e8c,2020-10-19,16,{'JAM'},{'JAM_STAND_STILL_TRAFFIC'},31,{2},5.0
2e6a20e9,2e6a20e8c,2020-10-20,7,{'JAM'},{'JAM_HEAVY_TRAFFIC'},63,{2},5.0
2e6a20e9,2e6a20e8c,2020-10-22,18,{'JAM'},{'JAM_STAND_STILL_TRAFFIC'},48,{2},5.354166666666667
2e6a20e9,2e6a20e8c,2020-10-23,18,{'JAM'},{'JAM_STAND_STILL_TRAFFIC'},7,{2},5.0
2e6a20e9,2e6a20e8c,2020-10-24,11,{'JAM'},{'JAM_STAND_STILL_TRAFFIC'},65,{2},5.0
2e6a20e9,2e6a20e8c,2020-10-24,14,{'JAM'},{'JAM_STAND_STILL_TRAFFIC'},5,{2},5.0
2e6a20e9,2e6a20e8c,2020-10-27,17,{'JAM'},{'JAM_STAND_STILL_TRAFFIC'},96,{2},6.020833333333333
2e6a20e9,2e6a20e8c,2020-10-28,11,{'JAM'},{'JAM_STAND_STILL_TRAFFIC'},51,{2},5.568627450980392
2e6a20e9,2e6a20e8c,2020-11-01,17,{'JAM'},{'JAM_MODERATE_TRAFFIC'},31,{2},5.0
2e6a20e9,2e6a20e8c,2020-11-17,18,{'JAM'},{'JAM_STAND_STILL_TRAFFIC'},6,{2},5.0
2e6a20ef,2e6a20ee4,2020-09-01,19,{'JAM'},{'JAM_STAND_STILL_TRAFFIC'},32,{2},5.0
2e6a20ef,2e6a20ee4,2020-09-03,9,{'JAM'},"{'JAM', 'JAM_HEAVY_TRAFFIC'}",75,{2},5.213333333333333
2e6a20ef,2e6a20ee4,2020-09-03,19,{'JAM'},{'JAM_STAND_STILL_TRAFFIC'},31,{2},5.0
2e6a20ef,2e6a20ee4,2020-09-04,19,{'JAM'},{'JAM_STAND_STILL_TRAFFIC'},32,{2},5.0
2e6a20ef,2e6a20ee4,2020-09-05,19,{'JAM'},{'JAM_STAND_STILL_TRAFFIC'},16,{2},5.0
2e6a20ef,2e6a20ee4,2020-09-07,17,{'JAM'},"{'JAM_STAND_STILL_TRAFFIC', 'JAM_HEAVY_TRAFFIC'}",63,{2},5.0
2e6a20ef,2e6a20ee4,2020-09-07,20,{'JAM'},{'JAM_STAND_STILL_TRAFFIC'},30,{2},5.0
2e6a20ef,2e6a20ee4,2020-09-09,17,{'JAM'},"{'JAM_MODERATE_TRAFFIC', 'JAM_HEAVY_TRAFFIC'}",61,{2},5.0
2e6a20ef,2e6a20ee4,2020-09-11,19,{'JAM'},{'JAM_STAND_STILL_TRAFFIC'},30,{2},5.0
2e6a20ef,2e6a20ee4,2020-09-19,20,{'JAM'},{'JAM_STAND_STILL_TRAFFIC'},31,{2},5.0
2e6a20ef,2e6a20ee4,2020-09-21,17,{'JAM'},{'JAM_STAND_STILL_TRAFFIC'},31,{2},5.0
2e6a20ef,2e6a20ee4,2020-09-22,17,{'JAM'},{'JAM_STAND_STILL_TRAFFIC'},31,{2},5.0
2e6a20ef,2e6a20ee4,2020-09-23,10,{'JAM'},{'JAM_STAND_STILL_TRAFFIC'},30,{2},5.0
2e6a20ef,2e6a20ee4,2020-09-24,18,{'JAM'},{'JAM_STAND_STILL_TRAFFIC'},10,{2},5.0
2e6a20ef,2e6a20ee4,2020-09-29,17,{'JAM'},{'JAM_STAND_STILL_TRAFFIC'},30,{2},5.0
2e6a20ef,2e6a20ee4,2020-09-30,5,{'JAM'},{'JAM_STAND_STILL_TRAFFIC'},30,{2},5.0
2e6a20ef,2e6a20ee4,2020-09-30,8,{'JAM'},{'JAM_MODERATE_TRAFFIC'},32,{2},5.0
2e6a20ef,2e6a20ee4,2020-09-30,11,{'JAM'},{'JAM'},33,{2},5.0
2e6a20ef,2e6a20ee4,2020-10-01,5,{'JAM'},{'JAM_STAND_STILL_TRAFFIC'},30,{2},5.0
2e6a20ef,2e6a20ee4,2020-10-02,17,{'JAM'},{'JAM_STAND_STILL_TRAFFIC'},31,{2},5.0
2e6a20ef,2e6a20ee4,2020-10-03,12,{'JAM'},{'JAM_STAND_STILL_TRAFFIC'},29,{2},5.0
2e6a20ef,2e6a20ee4,2020-10-05,11,{'JAM'},{'JAM_MODERATE_TRAFFIC'},18,{2},5.0
2e6a20ef,2e6a20ee4,2020-10-05,17,{'JAM'},{'JAM_STAND_STILL_TRAFFIC'},32,{2},5.0
2e6a20ef,2e6a20ee4,2020-10-05,18,{'JAM'},{'JAM_STAND_STILL_TRAFFIC'},22,{2},5.0
2e6a20ef,2e6a20ee4,2020-10-06,18,{'JAM'},{'JAM_STAND_STILL_TRAFFIC'},31,{2},5.0
2e6a20ef,2e6a20ee4,2020-10-07,15,{'JAM'},{'JAM_HEAVY_TRAFFIC'},31,{2},5.0
2e6a20ef,2e6a20ee4,2020-10-07,19,{'JAM'},{'JAM_HEAVY_TRAFFIC'},31,{2},5.0
2e6a20ef,2e6a20ee4,2020-10-09,16,{'JAM'},"{'JAM_STAND_STILL_TRAFFIC', 'JAM_HEAVY_TRAFFIC'}",61,{2},5.0
2e6a20ef,2e6a20ee4,2020-10-12,17,{'JAM'},{'JAM_STAND_STILL_TRAFFIC'},32,{2},5.0
2e6a20ef,2e6a20ee4,2020-10-14,16,{'JAM'},{'JAM_HEAVY_TRAFFIC'},63,{2},5.0
2e6a20ef,2e6a20ee4,2020-10-15,16,{'JAM'},{'JAM_HEAVY_TRAFFIC'},35,{2},5.0
2e6a20ef,2e6a20ee4,2020-10-20,16,{'JAM'},{'JAM_HEAVY_TRAFFIC'},31,{2},5.0
2e6a20ef,2e6a20ee4,2020-10-21,21,{'JAM'},{'JAM_STAND_STILL_TRAFFIC'},26,{2},5.0
2e6a20ef,2e6a20ee4,2020-10-24,7,{'JAM'},{'JAM_STAND_STILL_TRAFFIC'},30,{2},5.0
2e6a20ef,2e6a20ee4,2020-10-26,15,{'JAM'},{'JAM_STAND_STILL_TRAFFIC'},32,{2},5.0
2e6a20ef,2e6a20ee4,2020-10-27,10,{'JAM'},{'JAM_MODERATE_TRAFFIC'},32,{2},5.0
2e6a20ef,2e6a20ee4,2020-10-27,14,{'JAM'},{'JAM_HEAVY_TRAFFIC'},32,{2},5.0
2e6a20ef,2e6a20ee4,2020-10-27,16,{'JAM'},{'JAM_STAND_STILL_TRAFFIC'},31,{2},5.0
2e6a20ef,2e6a20ee4,2020-10-27,17,{'JAM'},{'JAM_STAND_STILL_TRAFFIC'},32,{2},5.0
2e6a20ef,2e6a20ee4,2020-10-27,18,{'JAM'},{'JAM_STAND_STILL_TRAFFIC'},31,{2},5.935483870967742
2e6a20ef,2e6a20ee4,2020-10-28,10,{'JAM'},{'JAM_HEAVY_TRAFFIC'},32,{1},5.0
2e6a20ef,2e6a20ee4,2020-10-28,11,{'JAM'},"{'JAM_MODERATE_TRAFFIC', 'JAM_HEAVY_TRAFFIC'}",58,{2},5.293103448275862
2e6a20ef,2e6a20ee4,2020-10-28,13,{'JAM'},{'JAM_HEAVY_TRAFFIC'},33,{2},5.0
2e6a20ef,2e6a20ee4,2020-10-28,18,{'JAM'},{'JAM_STAND_STILL_TRAFFIC'},30,{2},5.0
2e6a20ef,2e6a20ee4,2020-10-30,13,{'JAM'},{'JAM'},34,{2},5.0
2e6a20ef,2e6a20ee4,2020-11-02,16,{'JAM'},{'JAM_HEAVY_TRAFFIC'},61,{2},5.426229508196721
2e6a20ef,2e6a20ee4,2020-11-04,19,{'JAM'},{'JAM_STAND_STILL_TRAFFIC'},32,{2},5.0
2e6a20ef,2e6a20ee4,2020-11-05,12,{'JAM'},{'JAM_STAND_STILL_TRAFFIC'},61,{2},5.0
2e6a20ef,2e6a20ee4,2020-11-05,16,{'JAM'},{'JAM_HEAVY_TRAFFIC'},60,{2},5.0
2e6a20ef,2e6a20ee4,2020-11-05,19,{'JAM'},{'JAM_STAND_STILL_TRAFFIC'},32,{2},5.0
2e6a20ef,2e6a20ee4,2020-11-11,5,{'JAM'},{'JAM_STAND_STILL_TRAFFIC'},31,{2},5.0
2e6a20ef,2e6a20ee4,2020-11-11,8,{'JAM'},{'JAM_HEAVY_TRAFFIC'},65,{2},5.0
2e6a20ef,2e6a20ee4,2020-11-12,12,{'JAM'},{'JAM_HEAVY_TRAFFIC'},32,{2},5.0
2e6a20ef,2e6a20ee4,2020-11-12,18,{'JAM'},{'JAM_STAND_STILL_TRAFFIC'},22,{2},5.0
2e6a20ef,2e6a20ee4,2020-11-14,7,{'JAM'},{'JAM_MODERATE_TRAFFIC'},32,{2},5.0
2e6a20ef,2e6a20ee4,2020-11-16,8,{'JAM'},{'JAM_STAND_STILL_TRAFFIC'},33,{2},5.0
2e6a20ef,2e6a20ee4,2020-11-16,13,{'JAM'},{'JAM_HEAVY_TRAFFIC'},30,{2},5.0
2e6a20ef,2e6a20ee4,2020-11-16,20,{'JAM'},{'JAM_HEAVY_TRAFFIC'},30,{2},5.0
2e6a20ef,2e6a20ee4,2020-11-17,17,{'JAM'},{'JAM_STAND_STILL_TRAFFIC'},32,{2},5.0
2e6a20ef,2e6a20ef4,2020-09-01,19,{'JAM'},{'JAM_STAND_STILL_TRAFFIC'},5,{2},5.0
2e6a20ef,2e6a20ef4,2020-09-02,7,{'JAM'},{'JAM_STAND_STILL_TRAFFIC'},30,{2},5.0
2e6a20ef,2e6a20ef4,2020-09-03,6,{'JAM'},{'JAM_STAND_STILL_TRAFFIC'},30,{2},5.0
2e6a20ef,2e6a20ef4,2020-09-03,7,{'JAM'},{'JAM_STAND_STILL_TRAFFIC'},32,{2},5.0
2e6a20ef,2e6a20ef4,2020-09-03,8,{'JAM'},{'JAM_STAND_STILL_TRAFFIC'},64,"{1, 2}",5.0
2e6a20ef,2e6a20ef4,2020-09-03,19,{'JAM'},{'JAM_STAND_STILL_TRAFFIC'},40,{2},5.0
2e6a20ef,2e6a20ef4,2020-09-04,17,{'JAM'},{'JAM_STAND_STILL_TRAFFIC'},30,{2},5.033333333333333
2e6a20ef,2e6a20ef4,2020-09-04,19,{'JAM'},{'JAM_STAND_STILL_TRAFFIC'},7,{2},5.0
2e6a20ef,2e6a20ef4,2020-09-06,19,{'JAM'},{'JAM_HEAVY_TRAFFIC'},14,{2},5.0
2e6a20ef,2e6a20ef4,2020-09-13,19,{'JAM'},{'JAM_STAND_STILL_TRAFFIC'},30,{2},5.0
2e6a20ef,2e6a20ef4,2020-09-14,11,{'JAM'},{'JAM_STAND_STILL_TRAFFIC'},30,{2},5.0
2e6a20ef,2e6a20ef4,2020-09-16,18,{'JAM'},{'JAM_STAND_STILL_TRAFFIC'},30,{2},5.0
2e6a20ef,2e6a20ef4,2020-09-19,12,{'JAM'},{'JAM_MODERATE_TRAFFIC'},31,{2},5.0
2e6a20ef,2e6a20ef4,2020-09-19,20,{'JAM'},{'JAM_STAND_STILL_TRAFFIC'},25,{2},5.0
2e6a20ef,2e6a20ef4,2020-09-21,17,{'JAM'},{'JAM_STAND_STILL_TRAFFIC'},33,{2},5.0
2e6a20ef,2e6a20ef4,2020-09-22,17,{'JAM'},{'JAM_STAND_STILL_TRAFFIC'},62,{2},5.0
2e6a20ef,2e6a20ef4,2020-09-23,5,{'JAM'},{'JAM_STAND_STILL_TRAFFIC'},30,{2},5.0
2e6a20ef,2e6a20ef4,2020-09-24,18,{'JAM'},{'JAM_STAND_STILL_TRAFFIC'},8,{2},5.0
2e6a20ef,2e6a20ef4,2020-09-26,6,{'JAM'},{'JAM_STAND_STILL_TRAFFIC'},62,{2},5.0
2e6a20ef,2e6a20ef4,2020-09-26,11,{'JAM'},{'JAM_MODERATE_TRAFFIC'},31,{2},5.0
2e6a20ef,2e6a20ef4,2020-09-28,7,{'JAM'},{'JAM_STAND_STILL_TRAFFIC'},32,{2},5.0
2e6a20ef,2e6a20ef4,2020-09-29,17,{'JAM'},{'JAM_STAND_STILL_TRAFFIC'},62,{2},5.0
2e6a20ef,2e6a20ef4,2020-09-30,12,{'JAM'},{'JAM_MODERATE_TRAFFIC'},32,{2},5.0
2e6a20ef,2e6a20ef4,2020-09-30,18,{'JAM'},{'JAM_STAND_STILL_TRAFFIC'},65,{2},5.0
2e6a20ef,2e6a20ef4,2020-10-01,7,{'JAM'},{'JAM_MODERATE_TRAFFIC'},30,{2},5.0
2e6a20ef,2e6a20ef4,2020-10-01,17,{'JAM'},{'JAM_STAND_STILL_TRAFFIC'},69,{2},5.0
2e6a20ef,2e6a20ef4,2020-10-03,12,{'JAM'},{'JAM_STAND_STILL_TRAFFIC'},61,{2},5.0
2e6a20ef,2e6a20ef4,2020-10-04,12,{'JAM'},{'JAM_STAND_STILL_TRAFFIC'},66,{2},5.0
2e6a20ef,2e6a20ef4,2020-10-05,18,{'JAM'},{'JAM_STAND_STILL_TRAFFIC'},64,{2},5.0
2e6a20ef,2e6a20ef4,2020-10-07,9,{'JAM'},{'JAM'},31,{2},5.0
2e6a20ef,2e6a20ef4,2020-10-07,18,{'JAM'},{'JAM_STAND_STILL_TRAFFIC'},31,{2},5.0
2e6a20ef,2e6a20ef4,2020-10-07,19,{'JAM'},{'JAM_HEAVY_TRAFFIC'},33,{2},5.0
2e6a20ef,2e6a20ef4,2020-10-10,12,{'JAM'},{'JAM_STAND_STILL_TRAFFIC'},28,{2},5.0
2e6a20ef,2e6a20ef4,2020-10-12,7,{'JAM'},{'JAM_STAND_STILL_TRAFFIC'},31,{2},5.0
2e6a20ef,2e6a20ef4,2020-10-12,17,{'JAM'},{'JAM_STAND_STILL_TRAFFIC'},31,{2},5.0
2e6a20ef,2e6a20ef4,2020-10-12,19,{'JAM'},{'JAM_HEAVY_TRAFFIC'},89,{2},5.0
2e6a20ef,2e6a20ef4,2020-10-13,18,{'JAM'},{'JAM_STAND_STILL_TRAFFIC'},62,{2},5.0
2e6a20ef,2e6a20ef4,2020-10-18,11,{'JAM'},{'JAM_STAND_STILL_TRAFFIC'},30,{2},5.0
2e6a20ef,2e6a20ef4,2020-10-19,19,{'JAM'},{'JAM_STAND_STILL_TRAFFIC'},30,{2},5.0
2e6a20ef,2e6a20ef4,2020-10-20,10,{'JAM'},{'JAM'},30,{2},5.0
2e6a20ef,2e6a20ef4,2020-10-21,7,{'JAM'},"{'JAM_STAND_STILL_TRAFFIC', 'JAM_HEAVY_TRAFFIC'}",61,{2},5.0
2e6a20ef,2e6a20ef4,2020-10-21,10,{'JAM'},{'JAM_HEAVY_TRAFFIC'},6,{2},6.666666666666667
2e6a20ef,2e6a20ef4,2020-10-22,12,{'JAM'},{'JAM_HEAVY_TRAFFIC'},31,{2},5.0
2e6a20ef,2e6a20ef4,2020-10-22,18,{'JAM'},{'JAM_STAND_STILL_TRAFFIC'},32,{2},5.0
2e6a20ef,2e6a20ef4,2020-10-23,11,{'JAM'},{'JAM_HEAVY_TRAFFIC'},32,{2},5.0
2e6a20ef,2e6a20ef4,2020-10-23,18,{'JAM'},{'JAM_STAND_STILL_TRAFFIC'},30,{2},5.0
2e6a20ef,2e6a20ef4,2020-10-24,7,{'JAM'},{'JAM_STAND_STILL_TRAFFIC'},30,{2},5.0
2e6a20ef,2e6a20ef4,2020-10-24,14,{'JAM'},{'JAM_STAND_STILL_TRAFFIC'},51,{2},5.0
2e6a20ef,2e6a20ef4,2020-10-26,7,{'JAM'},{'JAM_STAND_STILL_TRAFFIC'},30,{2},5.0
2e6a20ef,2e6a20ef4,2020-10-26,18,{'JAM'},{'JAM_STAND_STILL_TRAFFIC'},31,{2},5.0
2e6a20ef,2e6a20ef4,2020-10-27,14,{'JAM'},{'JAM_STAND_STILL_TRAFFIC'},31,{2},5.0
2e6a20ef,2e6a20ef4,2020-10-27,17,{'JAM'},{'JAM_STAND_STILL_TRAFFIC'},61,{2},6.983606557377049
2e6a20ef,2e6a20ef4,2020-10-28,10,{'JAM'},{'JAM_HEAVY_TRAFFIC'},45,{2},5.8
2e6a20ef,2e6a20ef4,2020-10-28,12,{'JAM'},{'JAM_STAND_STILL_TRAFFIC'},5,{2},5.0
2e6a20ef,2e6a20ef4,2020-10-31,6,{'JAM'},{'JAM_STAND_STILL_TRAFFIC'},34,{2},5.0
2e6a20ef,2e6a20ef4,2020-11-02,7,{'JAM'},{'JAM_STAND_STILL_TRAFFIC'},18,{2},5.0
2e6a20ef,2e6a20ef4,2020-11-02,17,{'JAM'},{'JAM_STAND_STILL_TRAFFIC'},32,{2},5.0
2e6a20ef,2e6a20ef4,2020-11-02,18,{'JAM'},{'JAM_STAND_STILL_TRAFFIC'},60,{2},5.466666666666667
2e6a20ef,2e6a20ef4,2020-11-03,6,{'JAM'},{'JAM_HEAVY_TRAFFIC'},63,{2},5.0
2e6a20ef,2e6a20ef4,2020-11-07,6,{'JAM'},{'JAM_STAND_STILL_TRAFFIC'},32,{2},5.0
2e6a20ef,2e6a20ef4,2020-11-09,10,{'JAM'},{'JAM_HEAVY_TRAFFIC'},30,{2},5.0
2e6a20ef,2e6a20ef4,2020-11-12,18,{'JAM'},{'JAM_STAND_STILL_TRAFFIC'},51,{2},5.0
2e6a20ef,2e6a20ef4,2020-11-13,18,{'JAM'},{'JAM_STAND_STILL_TRAFFIC'},62,{2},5.0
2e6a20ef,2e6a20ef4,2020-11-14,7,{'JAM'},{'JAM_STAND_STILL_TRAFFIC'},31,{2},6.967741935483871
2e6a20ef,2e6a20ef4,2020-11-18,9,{'JAM'},{'JAM_HEAVY_TRAFFIC'},58,{2},5.0
2e6a20ef,2e6a20ef4,2020-11-19,7,{'JAM'},"{'JAM_MODERATE_TRAFFIC', 'JAM_HEAVY_TRAFFIC'}",89,{2},5.0
2e6a20ef,2e6a20efc,2020-09-05,19,{'JAM'},{'JAM_STAND_STILL_TRAFFIC'},16,{2},5.0
2e6a20ef,2e6a20efc,2020-09-08,23,{'WEATHERHAZARD'},{'WEATHERHAZARD'},30,{22},6.0
2e6a20ef,2e6a20efc,2020-09-15,21,{'WEATHERHAZARD'},{'HAZARD_ON_ROAD_CAR_STOPPED'},31,{1},5.0
2e6a20ef,2e6a20efc,2020-09-15,22,{'JAM'},{'JAM_STAND_STILL_TRAFFIC'},30,{2},5.0
2e6a20ef,2e6a20efc,2020-09-30,10,{'JAM'},{'JAM_STAND_STILL_TRAFFIC'},30,{2},5.966666666666667
2e6a20ef,2e6a20efc,2020-09-30,12,{'JAM'},{'JAM_MODERATE_TRAFFIC'},31,{2},5.0
2e6a20ef,2e6a20efc,2020-10-07,15,{'JAM'},{'JAM_STAND_STILL_TRAFFIC'},31,{2},5.0
2e6a20ef,2e6a20efc,2020-10-19,9,"{'JAM', 'WEATHERHAZARD'}","{'WEATHERHAZARD', 'JAM_STAND_STILL_TRAFFIC'}",61,{1},5.426229508196721
2e6a20ef,2e6a20efc,2020-10-25,18,{'JAM'},{'JAM_STAND_STILL_TRAFFIC'},5,{2},5.0
2e6a20ef,2e6a20efc,2020-10-26,9,{'JAM'},{'JAM_HEAVY_TRAFFIC'},63,{1},5.507936507936508
2e6a20ef,2e6a20efc,2020-10-27,13,{'JAM'},{'JAM_STAND_STILL_TRAFFIC'},32,{1},5.9375
2e6a20ef,2e6a20efc,2020-10-27,14,{'JAM'},{'JAM_HEAVY_TRAFFIC'},32,{2},5.0
2e6a20ef,2e6a20efc,2020-10-27,15,{'JAM'},{'JAM_HEAVY_TRAFFIC'},31,{1},5.0
2e6a20ef,2e6a20efc,2020-10-27,16,{'JAM'},{'JAM_STAND_STILL_TRAFFIC'},32,{2},5.0
2e6a20ef,2e6a20efc,2020-10-27,17,{'JAM'},"{'JAM_STAND_STILL_TRAFFIC', 'JAM_HEAVY_TRAFFIC'}",62,"{1, 2}",5.483870967741935
2e6a20ef,2e6a20efc,2020-10-28,12,{'JAM'},{'JAM_STAND_STILL_TRAFFIC'},31,{2},5.0
2e6a20ef,2e6a20efc,2020-10-28,15,{'JAM'},{'JAM_STAND_STILL_TRAFFIC'},33,{1},5.0
2e6a20ef,2e6a20efc,2020-10-28,17,{'JAM'},{'JAM_STAND_STILL_TRAFFIC'},32,{2},5.0
2e6a20ef,2e6a20efc,2020-10-30,11,{'JAM'},{'JAM_STAND_STILL_TRAFFIC'},31,{2},5.0
2e6a20ef,2e6a20efc,2020-11-05,13,{'JAM'},{'JAM_STAND_STILL_TRAFFIC'},31,{1},5.0
2e6a20f1,2e6a20f1c,2020-09-01,19,{'JAM'},{'JAM_STAND_STILL_TRAFFIC'},30,{2},5.0
2e6a20f1,2e6a20f1c,2020-09-08,19,{'JAM'},{'JAM_STAND_STILL_TRAFFIC'},7,{2},5.0
2e6a20f1,2e6a20f1c,2020-09-08,22,{'JAM'},{'JAM_HEAVY_TRAFFIC'},30,{2},5.0
2e6a20f1,2e6a20f1c,2020-09-18,18,{'JAM'},{'JAM_STAND_STILL_TRAFFIC'},9,{2},5.0
2e6a20f1,2e6a20f1c,2020-09-22,17,{'JAM'},{'JAM_STAND_STILL_TRAFFIC'},31,{2},5.0
2e6a20f1,2e6a20f1c,2020-09-23,10,{'JAM'},{'JAM_STAND_STILL_TRAFFIC'},24,{2},6.0
2e6a20f1,2e6a20f1c,2020-09-23,11,{'JAM'},{'JAM_HEAVY_TRAFFIC'},30,{2},5.0
2e6a20f1,2e6a20f1c,2020-09-28,7,{'JAM'},{'JAM_STAND_STILL_TRAFFIC'},31,{2},5.0
2e6a20f1,2e6a20f1c,2020-09-29,17,{'JAM'},{'JAM_STAND_STILL_TRAFFIC'},31,{2},5.0
2e6a20f1,2e6a20f1c,2020-10-01,17,{'JAM'},{'JAM_STAND_STILL_TRAFFIC'},25,{2},5.0
2e6a20f1,2e6a20f1c,2020-10-02,5,{'JAM'},{'JAM_STAND_STILL_TRAFFIC'},9,{2},5.0
2e6a20f1,2e6a20f1c,2020-10-15,16,{'JAM'},{'JAM_MODERATE_TRAFFIC'},31,{2},5.0
2e6a20f1,2e6a20f1c,2020-10-21,10,{'JAM'},{'JAM_STAND_STILL_TRAFFIC'},30,{2},6.0
2e6a20f1,2e6a20f1c,2020-10-21,21,{'JAM'},{'JAM_STAND_STILL_TRAFFIC'},31,{2},5.0
2e6a20f1,2e6a20f1c,2020-10-23,15,{'JAM'},{'JAM_STAND_STILL_TRAFFIC'},31,{2},5.0
2e6a20f1,2e6a20f1c,2020-10-24,11,{'JAM'},{'JAM_STAND_STILL_TRAFFIC'},31,{2},5.0
2e6a20f1,2e6a20f1c,2020-10-27,14,{'JAM'},{'JAM_HEAVY_TRAFFIC'},31,{2},5.0
2e6a20f1,2e6a20f1c,2020-10-27,18,{'JAM'},{'JAM_STAND_STILL_TRAFFIC'},33,{2},6.0
2e6a20f1,2e6a20f1c,2020-11-11,8,{'JAM'},{'JAM_HEAVY_TRAFFIC'},30,{2},5.0
2e6a20f1,2e6a20f1c,2020-11-12,18,{'JAM'},{'JAM_STAND_STILL_TRAFFIC'},33,{2},5.0
2e6a20f1,2e6a20f1c,2020-11-20,18,{'JAM'},{'JAM_STAND_STILL_TRAFFIC'},31,{2},5.0
2e6a211d,2e6a211d4,2020-09-01,14,{'JAM'},{'JAM_MODERATE_TRAFFIC'},34,{1},5.0
2e6a212d,2e6a212c4,2020-11-21,8,{'JAM'},{'JAM'},31,{1},5.0
2e6a26c7,2e6a26c6c,2020-10-11,19,{'JAM'},{'JAM_MODERATE_TRAFFIC'},30,{1},5.0
2e6a2737,2e6a2737c,2020-11-14,17,{'JAM'},{'JAM_HEAVY_TRAFFIC'},19,{1},5.0
2e6a2739,2e6a27384,2020-11-15,6,{'ACCIDENT'},{'ACCIDENT_MAJOR'},118,{1},5.966101694915254
2e6a2741,2e6a27404,2020-11-15,18,{'JAM'},{'JAM'},29,{1},5.0
2e6a276d,2e6a276cc,2020-09-19,15,{'JAM'},{'JAM_HEAVY_TRAFFIC'},30,{2},5.0
2e6a2773,2e6a27734,2020-09-19,15,{'JAM'},{'JAM_HEAVY_TRAFFIC'},30,{2},5.0
2e6a2773,2e6a2773c,2020-09-19,15,{'JAM'},{'JAM_HEAVY_TRAFFIC'},31,{2},5.0
2e6a2799,2e6a27984,2020-10-27,20,{'JAM'},{'JAM_MODERATE_TRAFFIC'},30,{1},5.0
